execute if entity @s[tag=aj.dino.bone.head_lower] run data modify entity @s {} merge value {transformation:[-1f,-7.451881060297466e-17f,9.718304735362318e-17f,-9.969238976004213e-17f,0f,0.7935598037024703f,0.6084922661363061f,0.4232828974158249f,-1.2246467991473532e-16f,0.6084922661363061f,-0.7935598037024703f,0.8146310761070729f,0f,0f,0f,1f],start_interpolation:0}
execute if entity @s[tag=aj.dino.bone.head_upper] run data modify entity @s {} merge value {transformation:[-1.0408995833333334f,-8.878582434774493e-17f,9.146886818029398e-17f,-0.0003231250000000954f,0f,0.7468999898091288f,0.7249912742968918f,0.49003332770000163f,-1.2747343429629804e-16f,0.7249912742968918f,-0.7468999898091288f,0.7794212459610964f,0f,0f,0f,1f],start_interpolation:0}
execute if entity @s[tag=aj.dino.bone.neck_0] run data modify entity @s {} merge value {transformation:[-1f,-1.4052218232116747e-17f,1.2165579718770306e-16f,-8.735698760477679e-17f,0f,0.9933949712880856f,0.11474506969601711f,0.481328296053975f,-1.2246467991473532e-16f,0.11474506969601711f,-0.9933949712880856f,0.7133239368738655f,0f,0f,0f,1f],start_interpolation:0}
execute if entity @s[tag=aj.dino.bone.neck_1] run data modify entity @s {} merge value {transformation:[-1f,-3.496404094627038e-17f,1.1736743018114568e-16f,-7.757550078704699e-17f,0f,0.9583777972788683f,0.2855030607242325f,0.5099292792398286f,-1.2246467991473532e-16f,0.2855030607242325f,-0.9583777972788683f,0.6334520356486301f,0f,0f,0f,1f],start_interpolation:0}
execute if entity @s[tag=aj.dino.bone.neck_2] run data modify entity @s {} merge value {transformation:[-1f,-3.321337842547017e-17f,1.1787480358492687e-16f,-6.757396366512737e-17f,0f,0.9625208155281663f,0.2712078163973042f,0.5431127983743859f,-1.2246467991473532e-16f,0.2712078163973042f,-0.9625208155281663f,0.5517832873296611f,0f,0f,0f,1f],start_interpolation:0}
execute if entity @s[tag=aj.dino.bone.body_0] run data modify entity @s {} merge value {transformation:[-1f,-7.162160642536783e-18f,1.222550664862159e-16f,-1.0023837819494115e-17f,0f,0.9982883764636028f,0.05848347986965183f,0.5801857877701896f,-1.2246467991473532e-16f,0.05848347986965183f,-0.9982883764636028f,0.0818508473338852f,0f,0f,0f,1f],start_interpolation:0}
execute if entity @s[tag=aj.dino.bone.leg_left_3] run data modify entity @s {} merge value {transformation:[-0.9989201378912456f,-0.040078473562848244f,-0.02350051216903274f,0.21473665030513636f,-0.046173193316613056f,0.9125277553579539f,0.4064002115160881f,0.1474844923788605f,0.005156969486186267f,0.4070464490181024f,-0.9133929023194083f,-0.32343084556022206f,0f,0f,0f,1f],start_interpolation:0}
execute if entity @s[tag=aj.dino.bone.leg_left_2] run data modify entity @s {} merge value {transformation:[-1.0246662369283595f,-0.045261922755588005f,-0.008524127417896878f,0.20233308316062412f,-0.04599042258762304f,1.01574478742765f,0.1349429781221109f,0.38835212144229636f,0.0024866503536289993f,0.13518907005642092f,-1.016749689652273f,-0.3233367314472234f,0f,0f,0f,1f],start_interpolation:0}
execute if entity @s[tag=aj.dino.bone.leg_left_1] run data modify entity @s {} merge value {transformation:[-0.9377269808933328f,-0.045700996478817923f,0.34435378352142165f,0.19032973612603507f,0.3472841711640282f,-0.10090084425332019f,0.9323157856047923f,0.3045776008044314f,-0.00786217295593442f,0.993846285171812f,0.11048867673477089f,-0.05904307845565272f,0f,0f,0f,1f],start_interpolation:0}
execute if entity @s[tag=aj.dino.bone.leg_left_0] run data modify entity @s {} merge value {transformation:[-0.9561733076250296f,0.2872211731682047f,-0.05689115457864039f,0.19655375000000003f,0.2927929293011159f,0.9393938202096391f,-0.1783579297458121f,0.7219782759863306f,0.0022150252103217694f,-0.18719841942660853f,-0.9823196248815849f,-0.052318751467433144f,0f,0f,0f,1f],start_interpolation:0}
execute if entity @s[tag=aj.dino.bone.leg_right_3] run data modify entity @s {} merge value {transformation:[-0.9462899333561654f,0.025058917846132178f,0.32234672739949566f,-0.2140814954056297f,-0.1244415102502077f,0.8919586778702122f,-0.43465391692549066f,0.14913389088089407f,-0.29841191758277935f,-0.4514219396622241f,-0.8409331482562478f,0.2557961879694328f,0f,0f,0f,1f],start_interpolation:0}
execute if entity @s[tag=aj.dino.bone.leg_right_2] run data modify entity @s {} merge value {transformation:[-0.9715926591862484f,0.1674364981899786f,0.2829044417996403f,-0.1648019686126251f,-0.12592807381290722f,0.6257977792895427f,-0.8028583057817507f,0.27038988893794313f,-0.3036643283987433f,-0.7952385541526829f,-0.5722288153771933f,0.05321390039161389f,0f,0f,0f,1f],start_interpolation:0}
execute if entity @s[tag=aj.dino.bone.leg_right_1] run data modify entity @s {} merge value {transformation:[-0.9465073224559698f,-0.22961485611889132f,-0.22671767991652436f,-0.23400717889818862f,-0.318922322892637f,0.7726149564783515f,0.5489578134854448f,0.44481902717339517f,0.04911660104277668f,0.5918979193031991f,-0.8045150170298556f,0.25766071563590714f,0f,0f,0f,1f],start_interpolation:0}
execute if entity @s[tag=aj.dino.bone.leg_right_0] run data modify entity @s {} merge value {transformation:[-0.9561733076250295f,-0.13377253435726072f,0.26045635879556894f,-0.19655374999999997f,-0.2927929293011159f,0.4435649727808774f,-0.8470669486369844f,0.7219782759863306f,-0.0022150252103219914f,-0.8862025863049234f,-0.4632926393649942f,-0.0523187514674332f,0f,0f,0f,1f],start_interpolation:0}
execute if entity @s[tag=aj.dino.bone.tail_4] run data modify entity @s {} merge value {transformation:[-2.375796774719346f,1.0890734842175929f,-0.8917230303223689f,-0.23644252754057388f,0.9678048253085859f,2.5342028811293242f,0.5165567819564949f,0.7288668482078932f,1.0220591161682246f,0.13189402886402915f,-2.5619641800398854f,-1.784308997340881f,0f,0f,0f,1f],start_interpolation:0}
execute if entity @s[tag=aj.dino.bone.tail_3] run data modify entity @s {} merge value {transformation:[-1.9012519423935372f,0.580942475224655f,-0.6194291065724132f,-0.13709521972511512f,0.6382987805128374f,1.9793833515708492f,-0.10277032822960115f,0.7269230780502788f,0.5601439496996029f,-0.2837127315586077f,-1.9853693277601845f,-1.4448873751331015f,0f,0f,0f,1f],start_interpolation:0}
execute if entity @s[tag=aj.dino.bone.tail_2] run data modify entity @s {} merge value {transformation:[-1.9130910870670177f,0.2538901428001407f,-0.30723958562730525f,-0.0813342635524088f,0.32549138390962007f,1.8645953998954234f,-0.48591483687185577f,0.8179379537589206f,0.23002549117024898f,-0.526875379079841f,-1.8676896110794579f,-1.0976432360384487f,0f,0f,0f,1f],start_interpolation:0}
execute if entity @s[tag=aj.dino.bone.tail_1] run data modify entity @s {} merge value {transformation:[-1.491118381255626f,-0.01675305305383622f,-0.25286668087151726f,-0.025290813699718605f,0.007081485402216915f,1.5058475574971117f,-0.1415246838699216f,0.8299782905183914f,0.2533220788760833f,-0.14070792015149122f,-1.484481544365083f,-0.7767213779200655f,0f,0f,0f,1f],start_interpolation:0}
execute if entity @s[tag=aj.dino.bone.tail_0] run data modify entity @s {} merge value {transformation:[-1.2752726008951145f,-0.0015894861239418865f,-0.08667746837615557f,4.934171246390504e-17f,-0.010971982777434178f,1.270683338502066f,0.13812742461656008f,0.8202780991471553f,0.08599491603675964f,0.13855339537930342f,-1.2677710943339593f,-0.4029056581722882f,0f,0f,0f,1f],start_interpolation:0}
execute if entity @s[tag=aj.dino.bone.body_1] run data modify entity @s {} merge value {transformation:[-1.2363675f,-4.3523665128035295e-17f,1.4502098995110133e-16f,1.8557991432579204e-17f,0f,1.1841862490643882f,0.3553976963671335f,0.657889765625f,-1.5141135014448153e-16f,0.3553976963671335f,-1.1841862490643882f,-0.1515375f,0f,0f,0f,1f],start_interpolation:0}