execute if entity @s[tag=aj.dino.bone.head_lower] run data modify entity @s {} merge value {transformation:[-1f,-6.935997950498629e-17f,1.0092963424924543e-16f,-9.990923019453923e-17f,0f,0.824153007377446f,0.5663672134143283f,0.3998672156689014f,-1.2246467991473532e-16f,0.5663672134143283f,-0.824153007377446f,0.8158214881781896f,0f,0f,0f,1f],start_interpolation:0}
execute if entity @s[tag=aj.dino.bone.head_upper] run data modify entity @s {} merge value {transformation:[-1.0408995833333334f,-8.722562836774823e-17f,9.295787329292816e-17f,-0.00032312500000009547f,0f,0.7590586392554086f,0.7122513073032822f,0.4660124054516764f,-1.2747343429629804e-16f,0.7122513073032822f,-0.7590586392554086f,0.7794874001803889f,0f,0f,0f,1f],start_interpolation:0}
execute if entity @s[tag=aj.dino.bone.neck_0] run data modify entity @s {} merge value {transformation:[-1f,-5.793152248960736e-18f,1.223275815735721e-16f,-8.745571044873677e-17f,0f,0.9988805070877688f,0.04730467799363988f,0.4528575110960311f,-1.2246467991473532e-16f,0.04730467799363988f,-0.9988805070877688f,0.7141300700710348f,0f,0f,0f,1f],start_interpolation:0}
execute if entity @s[tag=aj.dino.bone.neck_1] run data modify entity @s {} merge value {transformation:[-1f,-2.6947102867810203e-17f,1.1946318040990802e-16f,-7.745975304829883e-17f,0f,0.975490896584084f,0.22003979340469287f,0.47599173424389785f,-1.2246467991473532e-16f,0.22003979340469287f,-0.975490896584084f,0.6325068836355865f,0f,0f,0f,1f],start_interpolation:0}
execute if entity @s[tag=aj.dino.bone.neck_2] run data modify entity @s {} merge value {transformation:[-1f,-2.3134871830452153e-17f,1.2025961721212622e-16f,-6.71506134879025e-17f,0f,0.9819942966074435f,0.1889105646343056f,0.5021560544453201f,-1.2246467991473532e-16f,0.1889105646343056f,-0.9819942966074435f,0.5483263707924225f,0f,0f,0f,1f],start_interpolation:0}
execute if entity @s[tag=aj.dino.bone.body_0] run data modify entity @s {} merge value {transformation:[-1f,-9.229471346126067e-18f,1.2211639810152284e-16f,-9.685535250558703e-18f,0f,0.9971560631730311f,0.07536435282852155f,0.5471741492638812f,-1.2246467991473532e-16f,0.07536435282852155f,-0.9971560631730311f,0.07908839722034261f,0f,0f,0f,1f],start_interpolation:0}
execute if entity @s[tag=aj.dino.bone.leg_left_3] run data modify entity @s {} merge value {transformation:[-0.9942931762679343f,-0.0940171045603245f,0.05041689872568328f,0.24292031036292847f,-0.030402574715442207f,0.7027098722899622f,0.710826644715079f,0.21235788121463386f,-0.10225831544522306f,0.7052372788192058f,-0.7015579929599453f,-0.41404492180186303f,0f,0f,0f,1f],start_interpolation:0}
execute if entity @s[tag=aj.dino.bone.leg_left_2] run data modify entity @s {} merge value {transformation:[-1.0196866632271226f,-0.0744296251811657f,0.08222857917307293f,0.2265301844621693f,-0.02895560745277573f,0.9127189870466155f,0.46708438529064006f,0.43950143042511436f,-0.1070648454651287f,0.4620243295332895f,-0.9094684366626126f,-0.33462046781545585f,0f,0f,0f,1f],start_interpolation:0}
execute if entity @s[tag=aj.dino.bone.leg_left_1] run data modify entity @s {} merge value {transformation:[-0.9375072327740157f,-0.13709534441591528f,0.3198203480641737f,0.19099463416157464f,0.3478338031540929f,-0.3945416594763487f,0.8504989854908757f,0.2802821865670678f,0.009582999518284487f,0.9085932783578856f,0.41757205443264794f,-0.1101213749222519f,0f,0f,0f,1f],start_interpolation:0}
execute if entity @s[tag=aj.dino.bone.leg_left_0] run data modify entity @s {} merge value {transformation:[-0.9561733076250296f,0.2914080890250905f,-0.028529483629317984f,0.19655375000000003f,0.2925503819275422f,0.9548410877547737f,-0.05189191815041827f,0.6934246349194901f,0.01211939847764025f,-0.0579639783488452f,-0.9982451088758285f,-0.050207335124270266f,0f,0f,0f,1f],start_interpolation:0}
execute if entity @s[tag=aj.dino.bone.leg_right_3] run data modify entity @s {} merge value {transformation:[-0.9627166112733456f,-0.01987941703832667f,0.2697805314632289f,-0.21107419142789904f,-0.0619961392816848f,0.9869660751453615f,-0.14850739115049777f,0.09922913983627119f,-0.26331199192693827f,-0.15969588376153376f,-0.9514010824132435f,0.16655545212558306f,0f,0f,0f,1f],start_interpolation:0}
execute if entity @s[tag=aj.dino.bone.leg_right_2] run data modify entity @s {} merge value {transformation:[-0.9882825025554554f,0.13677324138674046f,0.23801885447162568f,-0.17030349871104566f,-0.06232074747204647f,0.7543251238232723f,-0.6922224581044919f,0.25376513951188706f,-0.2673499936000486f,-0.6814314987658437f,-0.718496550383149f,-0.014075241516615017f,0f,0f,0f,1f],start_interpolation:0}
execute if entity @s[tag=aj.dino.bone.leg_right_1] run data modify entity @s {} merge value {transformation:[-0.945210187396738f,-0.18865408535066155f,-0.26643449048861667f,-0.2262486836528495f,-0.32452545888501244f,0.6317421181246459f,0.7039780697740933f,0.38159024681999887f,0.03550955050258369f,0.7518720185429777f,-0.6583521394779646f,0.2258086134700488f,0f,0f,0f,1f],start_interpolation:0}
execute if entity @s[tag=aj.dino.bone.leg_right_0] run data modify entity @s {} merge value {transformation:[-0.9561733076250296f,-0.15618436002090816f,0.2476672192080937f,-0.19655374999999997f,-0.2925503819275421f,0.5446102012126743f,-0.78601145205979f,0.6934246349194901f,-0.01211939847764043f,-0.8240183095174219f,-0.5664335316350811f,-0.05020733512427031f,0f,0f,0f,1f],start_interpolation:0}
execute if entity @s[tag=aj.dino.bone.tail_4] run data modify entity @s {} merge value {transformation:[-2.688286567512623f,0.4811307961645481f,-0.40901078165895505f,-0.10161233834529353f,0.4015197658861645f,2.6827913806642383f,0.5167916572821113f,0.7853289178653285f,0.48739977445001037f,0.44362697890878944f,-2.6816595412263537f,-1.8052888794918585f,0f,0f,0f,1f],start_interpolation:0}
execute if entity @s[tag=aj.dino.bone.tail_3] run data modify entity @s {} merge value {transformation:[-2.048035433904293f,0.26043663635077596f,-0.2714206071085836f,-0.05813801043749387f,0.26445758300758493f,2.0653862217639647f,-0.013691887444966088f,0.7674391303641097f,0.2675043444631969f,-0.047937870606786274f,-2.064482722693374f,-1.4547597911826398f,0f,0f,0f,1f],start_interpolation:0}
execute if entity @s[tag=aj.dino.bone.tail_2] run data modify entity @s {} merge value {transformation:[-1.9462310789543869f,0.12056087340694249f,-0.12815435270865824f,-0.03572483920416269f,0.1391371953044567f,1.9257720266552887f,-0.3013582871559493f,0.8240221050592869f,0.10770006127031438f,-0.309258875633527f,-1.926534069163334f,-1.0966152663060882f,0f,0f,0f,1f],start_interpolation:0}
execute if entity @s[tag=aj.dino.bone.tail_1] run data modify entity @s {} merge value {transformation:[-1.5085753573492184f,-0.0035324252142978295f,-0.10883089253876084f,-0.010821214603051849f,0.0007209907994090249f,1.51134672068705f,-0.05904930178052551f,0.8182535148217781f,0.10888581804323776f,-0.058947958748423165f,-1.507423386706087f,-0.7716180203989469f,0f,0f,0f,1f],start_interpolation:0}
execute if entity @s[tag=aj.dino.bone.tail_0] run data modify entity @s {} merge value {transformation:[-1.277675052380246f,-0.001441533528813547f,-0.037149684927987696f,4.8651287649506936e-17f,-0.005942921660184183f,1.2687495815219798f,0.15516087668600503f,0.8035290878609754f,0.036699574810947926f,0.15526795533178778f,-1.2682195077508502f,-0.3972679117226277f,0f,0f,0f,1f],start_interpolation:0}
execute if entity @s[tag=aj.dino.bone.body_1] run data modify entity @s {} merge value {transformation:[-1.2363675f,-4.840503613754109e-17f,1.4346549908984435e-16f,1.8557991432579204e-17f,0f,1.17148470228094f,0.39525711553112747f,0.6327295370370372f,-1.5141135014448153e-16f,0.39525711553112747f,-1.17148470228094f,-0.1515375f,0f,0f,0f,1f],start_interpolation:0}