execute if entity @s[tag=aj.dino.bone.head_lower] run data modify entity @s {} merge value {transformation:[-1f,-8.247865325787757e-17f,9.052551896225382e-17f,-9.996344030316351e-17f,0f,0.7391969588723964f,0.6734893139418028f,0.41973605442395145f,-1.2246467991473532e-16f,0.6734893139418028f,-0.7391969588723964f,0.8156266956415694f,0f,0f,0f,1f],start_interpolation:0}
execute if entity @s[tag=aj.dino.bone.head_upper] run data modify entity @s {} merge value {transformation:[-1.0408995833333334f,-8.772104051276442e-17f,9.249051574432134e-17f,-0.0003231250000000955f,0f,0.7552423752604983f,0.7162966544626517f,0.4860744265830864f,-1.2747343429629804e-16f,0.7162966544626517f,-0.7552423752604983f,0.7796465280306848f,0f,0f,0f,1f],start_interpolation:0}
execute if entity @s[tag=aj.dino.bone.neck_0] run data modify entity @s {} merge value {transformation:[-1f,-8.405939384201713e-18f,1.221758487168708e-16f,-8.744259888682136e-17f,0f,0.997641514287502f,0.06863970403592495f,0.47431920619076895f,-1.2246467991473532e-16f,0.06863970403592495f,-0.997641514287502f,0.7140230060430673f,0f,0f,0f,1f],start_interpolation:0}
execute if entity @s[tag=aj.dino.bone.neck_1] run data modify entity @s {} merge value {transformation:[-1f,-2.9493847761507695e-17f,1.1886004699157568e-16f,-7.750946733842444e-17f,0f,0.9705659384757358f,0.24083554361994383f,0.4991924136597036f,-1.2246467991473532e-16f,0.24083554361994383f,-0.9705659384757358f,0.6329128316212442f,0f,0f,0f,1f],start_interpolation:0}
execute if entity @s[tag=aj.dino.bone.neck_2] run data modify entity @s {} merge value {transformation:[-1f,-2.6338877382232384e-17f,1.1959875151882774e-16f,-6.728959378610915e-17f,0f,0.976597918698657f,0.21507325541185046f,0.5275959478809564f,-1.2246467991473532e-16f,0.21507325541185046f,-0.976597918698657f,0.5494612310501182f,0f,0f,0f,1f],start_interpolation:0}
execute if entity @s[tag=aj.dino.bone.body_0] run data modify entity @s {} merge value {transformation:[-1f,-8.57689377422765e-18f,1.221639665359806e-16f,-9.79588010689275e-18f,0f,0.9975444889174243f,0.07003565256692146f,0.570106346489599f,-1.2246467991473532e-16f,0.07003565256692146f,-0.9975444889174243f,0.07998943135043529f,0f,0f,0f,1f],start_interpolation:0}
execute if entity @s[tag=aj.dino.bone.leg_left_3] run data modify entity @s {} merge value {transformation:[-0.9680313511687921f,0.03046541372458754f,-0.24897221074030057f,0.2218274097504817f,0.04621862920378237f,0.9972650885208719f,-0.05767305724496624f,0.15071708180382234f,0.24653426023343322f,-0.06733648182113183f,-0.9667919407748008f,0.18233095133447347f,0f,0f,0f,1f],start_interpolation:0}
execute if entity @s[tag=aj.dino.bone.leg_left_2] run data modify entity @s {} merge value {transformation:[-0.9936718423626871f,-0.129203406219438f,-0.2190546712981315f,0.18339895191862737f,0.04622945034325633f,0.7769895465128334f,-0.667991229007864f,0.31126001532615294f,0.2500826005886813f,-0.6570052693333371f,-0.7469035871193318f,0.00648928337512561f,0f,0f,0f,1f],start_interpolation:0}
execute if entity @s[tag=aj.dino.bone.leg_left_1] run data modify entity @s {} merge value {transformation:[-0.9464785479189974f,0.16984273144639989f,0.27446640031882297f,0.23383295767424667f,0.32006622352426584f,0.6036482563025338f,0.730182439683279f,0.43015192525601414f,-0.04166498395608645f,0.7789494394617256f,-0.6257010467261521f,0.2521201252424236f,0f,0f,0f,1f],start_interpolation:0}
execute if entity @s[tag=aj.dino.bone.leg_left_0] run data modify entity @s {} merge value {transformation:[-0.9561733076250296f,0.13426928261204102f,-0.2602006255416356f,0.19655375000000003f,0.29266318146860865f,0.4655565086919874f,-0.8352277530274003f,0.7149668947646586f,0.008992663569979034f,-0.8747736261235677f,-0.4844483822251261f,-0.05086167682400983f,0f,0f,0f,1f],start_interpolation:0}
execute if entity @s[tag=aj.dino.bone.leg_right_3] run data modify entity @s {} merge value {transformation:[-0.995415224712053f,0.08556282442748839f,-0.04274966067050955f,-0.2398092550783609f,0.03422899724787007f,0.7360116649261516f,0.6761029543198576f,0.2236532966701321f,0.08931352730050597f,0.6715398961853459f,-0.735565946515006f,-0.4196687165592892f,0f,0f,0f,1f],start_interpolation:0}
execute if entity @s[tag=aj.dino.bone.leg_right_2] run data modify entity @s {} merge value {transformation:[-1.0208649663067872f,0.069578104415238f,-0.07110420138162363f,-0.22420439052892133f,0.032957579238734866f,0.928241421159247f,0.43513660098373486f,0.4534215645291446f,0.09386542515143032f,0.4308003608760535f,-0.9261007129523753f,-0.34801605887321074f,0f,0f,0f,1f],start_interpolation:0}
execute if entity @s[tag=aj.dino.bone.leg_right_1] run data modify entity @s {} merge value {transformation:[-0.9374748692357538f,0.12621690987532042f,-0.3243611586070865f,-0.19138269883867862f,-0.3479728322556537f,-0.3598820091985857f,0.8656788362130426f,0.3028104133281808f,-0.007468437814225569f,0.924421024813215f,0.38130039512161645f,-0.11725123627609842f,0f,0f,0f,1f],start_interpolation:0}
execute if entity @s[tag=aj.dino.bone.leg_right_0] run data modify entity @s {} merge value {transformation:[-0.9561733076250296f,-0.2920819074715915f,0.020512559888206647f,-0.19655374999999997f,-0.29266318146860865f,0.9555256767649034f,-0.036317258371820815f,0.7149668947646586f,-0.008992663569979228f,-0.04072886409820464f,-0.9991297671629983f,-0.05086167682400987f,0f,0f,0f,1f],start_interpolation:0}
execute if entity @s[tag=aj.dino.bone.tail_4] run data modify entity @s {} merge value {transformation:[-2.584179779392626f,-0.8096201387441455f,0.5405473432717853f,0.15856713664900762f,-0.6887925625448204f,2.6042231750598646f,0.607657627175088f,0.7146408687514706f,-0.6879251450275783f,0.43381818429041064f,-2.6389812635594354f,-1.7809469330667658f,0f,0f,0f,1f],start_interpolation:0}
execute if entity @s[tag=aj.dino.bone.tail_3] run data modify entity @s {} merge value {transformation:[-1.9991345361623085f,-0.4298448527846154f,0.3932429718407268f,0.09609402991591606f,-0.45424264246417456f,2.0301440140094984f,-0.09013562111069107f,0.710057986238741f,-0.36478795777097484f,-0.17232008287027442f,-2.0428365233051093f,-1.4328710626624013f,0f,0f,0f,1f],start_interpolation:0}
execute if entity @s[tag=aj.dino.bone.tail_2] run data modify entity @s {} merge value {transformation:[-1.936403709563531f,-0.14218551420226405f,0.2211285330806717f,0.05352102109905149f,-0.21159383277791052f,1.8184022963038704f,-0.683677565618429f,0.8374283845213507f,-0.15602114767468417f,-0.701405904844424f,-1.817267463289437f,-1.095327281012155f,0f,0f,0f,1f],start_interpolation:0}
execute if entity @s[tag=aj.dino.bone.tail_1] run data modify entity @s {} merge value {transformation:[-1.5023760723917845f,0.023492522638646634f,0.17311986738877921f,0.017415713203553496f,0.003717654453612747f,1.5027228323184145f,-0.17165814362938392f,0.8559945158681553f,-0.17466701506008328f,-0.17008362828031204f,-1.492722091764239f,-0.7718641725941894f,0f,0f,0f,1f],start_interpolation:0}
execute if entity @s[tag=aj.dino.bone.tail_0] run data modify entity @s {} merge value {transformation:[-1.2768305934589257f,-0.0014978697029870765f,0.05947359563460137f,4.887307695264021e-17f,0.008886056566029213f,1.258674756098392f,0.2224738477740397f,0.8213565507722247f,-0.058825081300925786f,0.22264620214823816f,-1.2573002803876776f,-0.39907895882035166f,0f,0f,0f,1f],start_interpolation:0}
execute if entity @s[tag=aj.dino.bone.body_1] run data modify entity @s {} merge value {transformation:[-1.2363675f,-4.686927405070072e-17f,1.4397453977191625e-16f,1.8557991432579204e-17f,0f,1.1756413348906554f,0.3827166664162511f,0.6531925000000001f,-1.5141135014448153e-16f,0.3827166664162511f,-1.1756413348906554f,-0.1515375f,0f,0f,0f,1f],start_interpolation:0}