execute if entity @s[tag=aj.dino.bone.head_lower] run data modify entity @s {} merge value {transformation:[-1f,-7.185234517806313e-17f,9.917075334508172e-17f,-9.990923019453923e-17f,0f,0.8097906548576153f,0.5867189235956812f,0.41941382833341456f,-1.2246467991473532e-16f,0.5867189235956812f,-0.8097906548576153f,0.8154401744000057f,0f,0f,0f,1f],start_interpolation:0}
execute if entity @s[tag=aj.dino.bone.head_upper] run data modify entity @s {} merge value {transformation:[-1.0408995833333334f,-8.800300979131199e-17f,9.222226802113931e-17f,-0.0003231250000000955f,0f,0.7530519663738808f,0.718599108351756f,0.4858617405452418f,-1.2747343429629804e-16f,0.718599108351756f,-0.7530519663738808f,0.7796627088005457f,0f,0f,0f,1f],start_interpolation:0}
execute if entity @s[tag=aj.dino.bone.neck_0] run data modify entity @s {} merge value {transformation:[-1f,-9.897313378281341e-18f,1.2206408568662065e-16f,-8.742759947046467e-17f,0f,0.9967288998885755f,0.08081769686714763f,0.4749087854459743f,-1.2246467991473532e-16f,0.08081769686714763f,-0.9967288998885755f,0.7139005265137276f,0f,0f,0f,1f],start_interpolation:0}
execute if entity @s[tag=aj.dino.bone.neck_1] run data modify entity @s {} merge value {transformation:[-1f,-3.0943156986984625e-17f,1.1849100751659344e-16f,-7.753240719567997e-17f,0f,0.9675525024773796f,0.2526700515489728f,0.5007706485414494f,-1.2246467991473532e-16f,0.2526700515489728f,-0.9675525024773796f,0.6331001497710282f,0f,0f,0f,1f],start_interpolation:0}
execute if entity @s[tag=aj.dino.bone.neck_2] run data modify entity @s {} merge value {transformation:[-1f,-2.8161444965890157e-17f,1.1918276236122287e-16f,-6.73668214892383e-17f,0f,0.9732011094480673f,0.22995564913489552f,0.5304447351852247f,-1.2246467991473532e-16f,0.22995564913489552f,-0.9732011094480673f,0.550091843102368f,0f,0f,0f,1f],start_interpolation:0}
execute if entity @s[tag=aj.dino.bone.body_0] run data modify entity @s {} merge value {transformation:[-1f,-8.203881183383057e-18f,1.2218958286264633e-16f,-9.857481520132024e-18f,0f,0.997753662098488f,0.06698977361550221f,0.5715216151021255f,-1.2246467991473532e-16f,0.06698977361550221f,-0.997753662098488f,0.0804924450624881f,0f,0f,0f,1f],start_interpolation:0}
execute if entity @s[tag=aj.dino.bone.leg_left_3] run data modify entity @s {} merge value {transformation:[-0.9977908279818742f,-0.06413420339843766f,0.01732822984882783f,0.22863365780580278f,-0.0426882272213552f,0.8188119908278599f,0.5724723914157042f,0.1866153313070416f,-0.05090362317108626f,0.5704679900143084f,-0.8197408697369502f,-0.37465463421882406f,0f,0f,0f,1f],start_interpolation:0}
execute if entity @s[tag=aj.dino.bone.leg_left_2] run data modify entity @s {} merge value {transformation:[-1.0233803269974235f,-0.056543624955174274f,0.03946801606705984f,0.21508550938845625f,-0.04194511726726911f,0.9764300801198025f,0.311266935724574f,0.4237742350465088f,-0.054731279473224134f,0.3089487281327755f,-0.9765333429704586f,-0.33290329750284176f,0f,0f,0f,1f],start_interpolation:0}
execute if entity @s[tag=aj.dino.bone.leg_left_1] run data modify entity @s {} merge value {transformation:[-0.9375897356025216f,-0.09369273121158758f,0.3348838004605581f,0.190543826832051f,0.34774175467380625f,-0.2555965349283066f,0.9020787567552102f,0.29956827505232037f,0.0010769165129921004f,0.9622328634227563f,0.27222556235605044f,-0.08595396873479591f,0f,0f,0f,1f],start_interpolation:0}
execute if entity @s[tag=aj.dino.bone.leg_left_0] run data modify entity @s {} merge value {transformation:[-0.9561733076250295f,0.28979648949038206f,-0.041840177634201434f,0.19655375000000003f,0.2927126354123074f,0.9495906577947424f,-0.11223589309543597f,0.715580476799178f,0.007205473988035074f,-0.11956411379673842f,-0.9928003343253912f,-0.051240752437537396f,0f,0f,0f,1f],start_interpolation:0}
execute if entity @s[tag=aj.dino.bone.leg_right_3] run data modify entity @s {} merge value {transformation:[-0.9545302113557087f,0.0001817916686146226f,0.29811414351052745f,-0.21246645973399358f,-0.09283369757197021f,0.9500964610496851f,-0.29782313425249674f,0.13092768635637841f,-0.28329133450273786f,-0.3119562175252386f,-0.9068788993812815f,0.21278019875722612f,0f,0f,0f,1f],start_interpolation:0}
execute if entity @s[tag=aj.dino.bone.leg_right_2] run data modify entity @s {} merge value {transformation:[-0.9799689688602485f,0.1526208656682566f,0.2615910757926339f,-0.1672861190205499f,-0.09371199934961368f,0.6896546911613756f,-0.7534299354536563f,0.2685462165757274f,-0.28799493181230396f,-0.7437375059942014f,-0.6449617360190035f,0.019930648539189744f,0f,0f,0f,1f],start_interpolation:0}
execute if entity @s[tag=aj.dino.bone.leg_right_1] run data modify entity @s {} merge value {transformation:[-0.9458868502169411f,-0.21068447724099748f,-0.2467997520994735f,-0.23027110204608126f,-0.3217096231293656f,0.7083241892598977f,0.6283150175630619f,0.42124524310336253f,0.042438013297461434f,0.6737127681430692f,-0.7377737600839218f,0.24293128726148538f,0f,0f,0f,1f],start_interpolation:0}
execute if entity @s[tag=aj.dino.bone.leg_right_0] run data modify entity @s {} merge value {transformation:[-0.9561733076250295f,-0.14448811554555535f,0.25466800005400153f,-0.19655374999999997f,-0.2927126354123074f,0.4931019681891866f,-0.8192495114663985f,0.715580476799178f,-0.007205473988035296f,-0.8578890566000041f,-0.5137844370069642f,-0.05124075243753745f,0f,0f,0f,1f],start_interpolation:0}
execute if entity @s[tag=aj.dino.bone.tail_4] run data modify entity @s {} merge value {transformation:[-2.555952905302629f,0.8015802018639161f,-0.6709957208916129f,-0.17153690941181968f,0.6917251212532408f,2.6258695830098855f,0.501982690190293f,0.7640498985601925f,0.7837617202327767f,0.29654585581878823f,-2.631242948284035f,-1.7971806391227527f,0f,0f,0f,1f],start_interpolation:0}
execute if entity @s[tag=aj.dino.bone.tail_3] run data modify entity @s {} merge value {transformation:[-1.9860160431559055f,0.43022570786472314f,-0.4545235336746628f,-0.09867661092734231f,0.45501969995495734f,2.0309028891938854f,-0.06584871571469406f,0.7553414282042555f,0.42970091345574907f,-0.16212594178808015f,-2.0310139906015094f,-1.4512091910470795f,0f,0f,0f,1f],start_interpolation:0}
execute if entity @s[tag=aj.dino.bone.tail_2] run data modify entity @s {} merge value {transformation:[-1.9321014958498168f,0.19398499647211237f,-0.21937982104421314f,-0.05927690484739122f,0.23531233515880975f,1.8998247706449076f,-0.39251473955624844f,0.8289351303042943f,0.1743152020329392f,-0.4144991399152914f,-1.901730408957189f,-1.0976513964205645f,0f,0f,0f,1f],start_interpolation:0}
execute if entity @s[tag=aj.dino.bone.tail_1] run data modify entity @s {} merge value {transformation:[-1.5013184615572497f,-0.008986810234059187f,-0.18335311349740108f,-0.01827718855440346f,0.0031808073648739244f,1.5091862074354392f,-0.10001561753618216f,0.8320060941581402f,0.18354566040057008f,-0.09966182081646578f,-1.4980102676616294f,-0.7742533917208894f,0f,0f,0f,1f],start_interpolation:0}
execute if entity @s[tag=aj.dino.bone.tail_0] run data modify entity @s {} merge value {transformation:[-1.2766760967529547f,-0.0018064987730201727f,-0.06269447444433279f,4.8998261178893526e-17f,-0.008990156401120742f,1.269762788675875f,0.14648328971584398f,0.8198419102893979f,0.06207284149731999f,0.14674778921767637f,-1.2682459403807296f,-0.4001011656014454f,0f,0f,0f,1f],start_interpolation:0}
execute if entity @s[tag=aj.dino.bone.body_1] run data modify entity @s {} merge value {transformation:[-1.2363675f,-4.598928165269632e-17f,1.4425804284560276e-16f,1.8557991432579204e-17f,0f,1.1779563131675257f,0.37553098317584993f,0.6531925000000001f,-1.5141135014448153e-16f,0.37553098317584993f,-1.1779563131675257f,-0.1515375f,0f,0f,0f,1f],start_interpolation:0}