execute if entity @s[tag=aj.dino.bone.head_lower] run data modify entity @s {} merge value {transformation:[-1f,-8.313696345931736e-17f,8.992131634591829e-17f,-9.990923019453923e-17f,0f,0.7342632700997953f,0.6788648246759845f,0.3666336072336304f,-1.2246467991473532e-16f,0.6788648246759845f,-0.7342632700997953f,0.8157116549300341f,0f,0f,0f,1f],start_interpolation:0}
execute if entity @s[tag=aj.dino.bone.head_upper] run data modify entity @s {} merge value {transformation:[-1.0408995833333334f,-8.755306920995228e-17f,9.264953601184372e-17f,-0.00032312500000009547f,0f,0.7565408742859567f,0.7149250646873051f,0.43290658305952023f,-1.2747343429629804e-16f,0.7149250646873051f,-0.7565408742859567f,0.7796111735314118f,0f,0f,0f,1f],start_interpolation:0}
execute if entity @s[tag=aj.dino.bone.neck_0] run data modify entity @s {} merge value {transformation:[-1f,-7.518957900608145e-18f,1.2223364143601165e-16f,-8.744892959637236e-17f,0f,0.9981134276520828f,0.061396950580715426f,0.42067537260988147f,-1.2246467991473532e-16f,0.061396950580715426f,-0.9981134276520828f,0.7140747002095439f,0f,0f,0f,1f],start_interpolation:0}
execute if entity @s[tag=aj.dino.bone.neck_1] run data modify entity @s {} merge value {transformation:[-1f,-2.8630377120047705e-17f,1.190709844277036e-16f,-7.749395097727018e-17f,0f,0.972288373354713f,0.23378477075987364f,0.4449592221183575f,-1.2246467991473532e-16f,0.23378477075987364f,-0.972288373354713f,0.6327861309172939f,0f,0f,0f,1f],start_interpolation:0}
execute if entity @s[tag=aj.dino.bone.neck_2] run data modify entity @s {} merge value {transformation:[-1f,-2.5252729561676987e-17f,1.1983278965418183e-16f,-6.724293986300624e-17f,0f,0.9785089851017786f,0.2062041853966296f,0.4726044698227549f,-1.2246467991473532e-16f,0.2062041853966296f,-0.9785089851017786f,0.5490802728576386f,0f,0f,0f,1f],start_interpolation:0}
execute if entity @s[tag=aj.dino.bone.body_0] run data modify entity @s {} merge value {transformation:[-1f,-8.798549936236279e-18f,1.2214820238398164e-16f,-9.75876732152471e-18f,0f,0.9974157648476767f,0.07184561248485824f,0.5159666694957019f,-1.2246467991473532e-16f,0.07184561248485824f,-0.9974157648476767f,0.07968638245998066f,0f,0f,0f,1f],start_interpolation:0}
execute if entity @s[tag=aj.dino.bone.leg_left_3] run data modify entity @s {} merge value {transformation:[-0.9764851009147196f,0.01986130509386448f,-0.2146680606227637f,0.19578037790856836f,0.02085112654567863f,0.9997798362067671f,-0.0023472614141314962f,0.026834115517276436f,0.21457417881317006f,-0.006768136696212013f,-0.9766842448367414f,0.0308251674440842f,0f,0f,0f,1f],start_interpolation:0}
execute if entity @s[tag=aj.dino.bone.leg_left_2] run data modify entity @s {} merge value {transformation:[-1.002242143208184f,-0.09965009542515435f,-0.19401738159226373f,0.16500122253202337f,0.02063274324343692f,0.8649848376737141f,-0.5508518131054158f,0.2114690461046348f,0.21713400421032839f,-0.5421561477812745f,-0.8431973287073752f,-0.12127236069928679f,0f,0f,0f,1f],start_interpolation:0}
execute if entity @s[tag=aj.dino.bone.leg_left_1] run data modify entity @s {} merge value {transformation:[-0.9417492216930563f,0.14402402777442402f,0.3039169012479475f,0.20676496171693579f,0.3352122681291201f,0.4751207189155274f,0.8135680904220148f,0.29071993544841385f,-0.02722386336017869f,0.8680537897393369f,-0.4957231882642994f,0.14138420648927671f,0f,0f,0f,1f],start_interpolation:0}
execute if entity @s[tag=aj.dino.bone.leg_left_0] run data modify entity @s {} merge value {transformation:[-0.9561733076250296f,0.21622264170696393f,-0.19743448280042805f,0.19655375000000003f,0.2926286193920374f,0.7288362781873443f,-0.6190041766504735f,0.6613011298119551f,0.010054695327097796f,-0.6496502511438615f,-0.7601667279555173f,-0.05063815706199379f,0f,0f,0f,1f],start_interpolation:0}
execute if entity @s[tag=aj.dino.bone.leg_right_3] run data modify entity @s {} merge value {transformation:[-0.9987099708121825f,0.037318688217666506f,0.03443413582540347f,-0.21530800339338296f,0.04871207722620926f,0.8955890830917417f,0.4422073357365318f,0.08441554702460363f,-0.014336238441013f,0.44331423364990974f,-0.8962516178567025f,-0.2564180089515702f,0f,0f,0f,1f],start_interpolation:0}
execute if entity @s[tag=aj.dino.bone.leg_right_2] run data modify entity @s {} merge value {transformation:[-1.0244820618584252f,0.04619692653736819f,0.019093150853264983f,-0.20236014378589592f,0.04854287728031072f,1.0129422218032031f,0.1537980619332829f,0.32520864883152223f,-0.011928683764491278f,0.15451892689112967f,-1.0139249514814968f,-0.251716188048623f,0f,0f,0f,1f],start_interpolation:0}
execute if entity @s[tag=aj.dino.bone.leg_right_1] run data modify entity @s {} merge value {transformation:[-0.938730221614082f,0.03760969074236041f,-0.3425946324603475f,-0.1926682306080402f,-0.3444972812598166f,-0.0725303309029644f,0.9359812895051384f,0.24900260816542058f,0.010353464780995431f,0.9966568427805886f,0.08104284981204823f,0.01495231748721082f,0f,0f,0f,1f],start_interpolation:0}
execute if entity @s[tag=aj.dino.bone.leg_right_0] run data modify entity @s {} merge value {transformation:[-0.9561733076250296f,-0.2691654161178559f,0.11525009566812569f,-0.19655374999999997f,-0.2926286193920373f,0.891985919315019f,-0.344571633853471f,0.6613011298119551f,-0.010054695327098004f,-0.3631956752355978f,-0.9316586309330459f,-0.050638157061993844f,0f,0f,0f,1f],start_interpolation:0}
execute if entity @s[tag=aj.dino.bone.tail_4] run data modify entity @s {} merge value {transformation:[-2.657990147911173f,0.6277766064512327f,-0.4082232693021256f,-0.12062097203913366f,0.5287907431041593f,2.6394350652278598f,0.6159742024248711f,0.6646952865189002f,0.5302169888022192f,0.5147236155823621f,-2.660750058902063f,-1.7837456460253267f,0f,0f,0f,1f],start_interpolation:0}
execute if entity @s[tag=aj.dino.bone.tail_3] run data modify entity @s {} merge value {transformation:[-2.0337551331137322f,0.3339897577953381f,-0.29704616857620203f,-0.07352127091392736f,0.3485573403033501f,2.0513560280696232f,-0.07994843755520747f,0.6581774579232756f,0.2798095157399844f,-0.12780772212458738f,-2.059445883511175f,-1.4332890303093726f,0f,0f,0f,1f],start_interpolation:0}
execute if entity @s[tag=aj.dino.bone.tail_2] run data modify entity @s {} merge value {transformation:[-1.9438558904337868f,0.10713922708455964f,-0.16946780888525761f,-0.043429455809757725f,0.1608220054445892f,1.8195604702177817f,-0.6943413085712258f,0.7878058793494656f,0.11972649996315586f,-0.7046238402462301f,-1.8187756002228546f,-1.0952617547953525f,0f,0f,0f,1f],start_interpolation:0}
execute if entity @s[tag=aj.dino.bone.tail_1] run data modify entity @s {} merge value {transformation:[-1.5065919441600528f,-0.01860124032364644f,-0.13225338426843694f,-0.013303266513216165f,-0.0035770494562109346f,1.5028409868281605f,-0.17062362974262663f,0.8061549196882561f,0.13350718523443117f,-0.16964436969078306f,-1.4970146523407835f,-0.7711747256875177f,0f,0f,0f,1f],start_interpolation:0}
execute if entity @s[tag=aj.dino.bone.tail_0] run data modify entity @s {} merge value {transformation:[-1.2774080311400897f,0.001290409587652558f,-0.04541776531185937f,4.879813998577486e-17f,-0.006947370309010457f,1.2571285465414475f,0.23111743357091277f,0.7689537851359146f,0.044901810749863116f,0.23121822786647223f,-1.256327057369099f,-0.39846705204921146f,0f,0f,0f,1f],start_interpolation:0}
execute if entity @s[tag=aj.dino.bone.body_1] run data modify entity @s {} merge value {transformation:[-1.2363675f,-4.739145703243597e-17f,1.4380350048909645e-16f,1.8557991432579204e-17f,0f,1.1742446931573907f,0.3869806140466928f,0.5998925f,-1.5141135014448153e-16f,0.3869806140466928f,-1.1742446931573907f,-0.1515375f,0f,0f,0f,1f],start_interpolation:0}