execute if entity @s[tag=aj.dino.bone.head_lower] run data modify entity @s {} merge value {transformation:[-1f,-8.208158325262769e-17f,9.08857057922781e-17f,-9.980080997729068e-17f,0f,0.742138107538894f,0.6702469912939476f,0.4234946919657036f,-1.2246467991473532e-16f,0.6702469912939476f,-0.742138107538894f,0.8148900699485869f,0f,0f,0f,1f],start_interpolation:0}
execute if entity @s[tag=aj.dino.bone.head_upper] run data modify entity @s {} merge value {transformation:[-1.0408995833333334f,-8.857614722133646e-17f,9.16719291534587e-17f,-0.00032312500000009547f,0f,0.7485581084871511f,0.7232791306277582f,0.490164324192634f,-1.2747343429629804e-16f,0.7232791306277582f,-0.7485581084871511f,0.7795274877357863f,0f,0f,0f,1f],start_interpolation:0}
execute if entity @s[tag=aj.dino.bone.neck_0] run data modify entity @s {} merge value {transformation:[-1f,-1.2937379207682658e-17f,1.2177939910286635e-16f,-8.73801020658095e-17f,0f,0.9944042575186075f,0.10564171822185939f,0.48085427016357124f,-1.2246467991473532e-16f,0.10564171822185939f,-0.9944042575186075f,0.7135126807716877f,0f,0f,0f,1f],start_interpolation:0}
execute if entity @s[tag=aj.dino.bone.neck_1] run data modify entity @s {} merge value {transformation:[-1f,-3.388760207897137e-17f,1.1768274407047057e-16f,-7.756694500385228e-17f,0f,0.9609525305778438f,0.2767132703287613f,0.5087225042113962f,-1.2246467991473532e-16f,0.2767132703287613f,-0.9609525305778438f,0.6333821723770264f,0f,0f,0f,1f],start_interpolation:0}
execute if entity @s[tag=aj.dino.bone.neck_2] run data modify entity @s {} merge value {transformation:[-1f,-3.1861688086667147e-17f,1.1824732833720394e-16f,-6.75195380264742e-17f,0f,0.9655627109753794f,0.2601704271701073f,0.5409688473268448f,-1.2246467991473532e-16f,0.2601704271701073f,-0.9655627109753794f,0.5513388682637632f,0f,0f,0f,1f],start_interpolation:0}
execute if entity @s[tag=aj.dino.bone.body_0] run data modify entity @s {} merge value {transformation:[-1f,-7.442080119432332e-18f,1.2223834615256593e-16f,-9.979958994305692e-18f,0f,0.9981518445781512f,0.0607691958580531f,0.5791177854596733f,-1.2246467991473532e-16f,0.0607691958580531f,-0.9981518445781512f,0.08149254953554058f,0f,0f,0f,1f],start_interpolation:0}
execute if entity @s[tag=aj.dino.bone.leg_left_3] run data modify entity @s {} merge value {transformation:[-0.9679161861967901f,0.02561499269322677f,-0.2499642547397256f,0.2244542385603202f,0.050612142342264854f,0.9942760581693589f,-0.09409320484885159f,0.1683392468348939f,0.2461232771311702f,-0.10372556242569908f,-0.9636723199063493f,0.1988949843998879f,0f,0f,0f,1f],start_interpolation:0}
execute if entity @s[tag=aj.dino.bone.leg_left_2] run data modify entity @s {} merge value {transformation:[-0.9935562563968583f,-0.12777448702889493f,-0.22041289739907968f,0.1863170637644484f,0.050708756726476845f,0.7704430215652434f,-0.6752098725680536f,0.32714005557644865f,0.24967336034629206f,-0.6649461861584102f,-0.7399810687764043f,0.02141560219555158f,0f,0f,0f,1f],start_interpolation:0}
execute if entity @s[tag=aj.dino.bone.leg_left_1] run data modify entity @s {} merge value {transformation:[-0.9469599270701649f,0.16954861667377358f,0.27298381473500904f,0.2367593854737588f,0.3176756343541651f,0.6220334244742798f,0.7156511791190447f,0.4518449348076085f,-0.04846738966508108f,0.7644132949006119f,-0.6429021906310812f,0.26414518616973853f,0f,0f,0f,1f],start_interpolation:0}
execute if entity @s[tag=aj.dino.bone.leg_left_0] run data modify entity @s {} merge value {transformation:[-0.9561733076250295f,0.12596133970049145f,-0.2643224294044454f,0.19655375000000003f,0.2927797151451661f,0.42227270159539076f,-0.8578844933246232f,0.7215232252172945f,0.0035558662694252507f,-0.8976744991299395f,-0.4406448109610352f,-0.05202629439470678f,0f,0f,0f,1f],start_interpolation:0}
execute if entity @s[tag=aj.dino.bone.leg_right_3] run data modify entity @s {} merge value {transformation:[-0.9986715333756735f,0.05149305292354953f,0.0019062858372907547f,-0.2220330827501192f,0.04543634307629172f,0.8625504052571018f,0.5039269164458897f,0.1710614705597683f,0.024304467756658295f,0.5033440810135962f,-0.8637441918505984f,-0.36432219701898877f,0f,0f,0f,1f],start_interpolation:0}
execute if entity @s[tag=aj.dino.bone.leg_right_2] run data modify entity @s {} merge value {transformation:[-1.0243448131781427f,0.05019046966516624f,-0.01614992168772579f,-0.20924371576243644f,0.04494213043952083f,0.9954584368374119f,0.24311500353015614f,0.41054500715468845f,0.02757005852889581f,0.24208596982208772f,-0.9963415451484026f,-0.3387264970273979f,0f,0f,0f,1f],start_interpolation:0}
execute if entity @s[tag=aj.dino.bone.leg_right_1] run data modify entity @s {} merge value {transformation:[-0.9375836718270637f,0.07103100551793087f,-0.34042833985788046f,-0.19056433355658045f,-0.34774598996232065f,-0.18278194965007594f,0.9195996331813332f,0.3051911685940325f,0.0030959309434284137f,0.9805841907440831f,0.1960741188284797f,-0.08266979424321301f,0f,0f,0f,1f],start_interpolation:0}
execute if entity @s[tag=aj.dino.bone.leg_right_0] run data modify entity @s {} merge value {transformation:[-0.9561733076250296f,-0.28991244974319924f,0.0410289808465624f,-0.19655374999999997f,-0.29277971514516604f,0.9483713506232296f,-0.12195007058869128f,0.7215232252172945f,-0.003555866269425459f,-0.12861785568484785f,-0.9916878556350812f,-0.05202629439470684f,0f,0f,0f,1f],start_interpolation:0}
execute if entity @s[tag=aj.dino.bone.tail_4] run data modify entity @s {} merge value {transformation:[-2.4471830806151518f,-1.049851072168635f,0.7312790355379439f,0.21249371830076458f,-0.9189164578666876f,2.5404666749716807f,0.5720864868357552f,0.6945070190990016f,-0.890252124407843f,0.26363446516854355f,-2.600694014174412f,-1.7756523726902436f,0f,0f,0f,1f],start_interpolation:0}
execute if entity @s[tag=aj.dino.bone.tail_3] run data modify entity @s {} merge value {transformation:[-1.9347822448688823f,-0.556067259968017f,0.532308550914068f,0.12767541375091965f,-0.6058869389699983f,1.9882572881684482f,-0.12521780734008997f,0.6962826734353063f,-0.4748307152766536f,-0.2712336344946114f,-2.009207215145603f,-1.4323108434518868f,0f,0f,0f,1f],start_interpolation:0}
execute if entity @s[tag=aj.dino.bone.tail_2] run data modify entity @s {} merge value {transformation:[-1.9223415668955826f,-0.19390413462002845f,0.29287874925550944f,0.07176228804521403f,-0.2868939394176047f,1.806868097667957f,-0.6867994031433078f,0.8241749896121637f,-0.2026539975269706f,-0.7186116748354524f,-1.8059076646050598f,-1.096917400155991f,0f,0f,0f,1f],start_interpolation:0}
execute if entity @s[tag=aj.dino.bone.tail_1] run data modify entity @s {} merge value {transformation:[-1.4945287148038393f,0.029257405622424584f,0.23061694396342483f,0.023206283883206887f,-0.0001428715759807597f,1.500357304611797f,-0.19126993513288099f,0.8469939640518543f,-0.23246537422699592f,-0.18901908029156375f,-1.4825275333265264f,-0.7753613617051975f,0f,0f,0f,1f],start_interpolation:0}
execute if entity @s[tag=aj.dino.bone.tail_0] run data modify entity @s {} merge value {transformation:[-1.2757535669790159f,-0.0015439028324439545f,0.07928536616796995f,4.9250316600471996e-17f,0.010393456941738093f,1.2636942435210705f,0.19184512380703742f,0.8214275531498001f,-0.0786163403952724f,0.19212025359076867f,-1.261247396733528f,-0.4021593543114797f,0f,0f,0f,1f],start_interpolation:0}
execute if entity @s[tag=aj.dino.bone.body_1] run data modify entity @s {} merge value {transformation:[-1.2363675f,-4.4187341794685197e-17f,1.4482014976409347e-16f,1.8557991432579204e-17f,0f,1.182546264481505f,0.36081702761522866f,0.657889765625f,-1.5141135014448153e-16f,0.36081702761522866f,-1.182546264481505f,-0.1515375f,0f,0f,0f,1f],start_interpolation:0}