execute if entity @s[tag=aj.dino.bone.head_lower] run data modify entity @s {} merge value {transformation:[-1f,-6.940230344615035e-17f,1.0090053569226992e-16f,-9.990923019453923e-17f,0f,0.8239153996280465f,0.5667128146210889f,0.36696815649703823f,-1.2246467991473532e-16f,0.5667128146210889f,-0.8239153996280465f,0.8157435046991486f,0f,0f,0f,1f],start_interpolation:0}
execute if entity @s[tag=aj.dino.bone.head_upper] run data modify entity @s {} merge value {transformation:[-1.0408995833333334f,-8.747757833624393e-17f,9.272081610792103e-17f,-0.00032312500000009547f,0f,0.7571229204410358f,0.7143086349235491f,0.43321170697157224f,-1.2747343429629804e-16f,0.7143086349235491f,-0.7571229204410358f,0.7795890568046072f,0f,0f,0f,1f],start_interpolation:0}
execute if entity @s[tag=aj.dino.bone.neck_0] run data modify entity @s {} merge value {transformation:[-1f,-7.120687861218473e-18f,1.2225748905895974e-16f,-8.745114371598497e-17f,0f,0.9983081582712682f,0.05814482891047584f,0.4207670473939384f,-1.2246467991473532e-16f,0.05814482891047584f,-0.9983081582712682f,0.714092779868219f,0f,0f,0f,1f],start_interpolation:0}
execute if entity @s[tag=aj.dino.bone.neck_1] run data modify entity @s {} merge value {transformation:[-1f,-2.824229879373091e-17f,1.1916362861823315e-16f,-7.748652908965039e-17f,0f,0.9730448705798238f,0.23061587074244017f,0.444785934567279f,-1.2246467991473532e-16f,0.23061587074244017f,-0.9730448705798238f,0.6327255266057081f,0f,0f,0f,1f],start_interpolation:0}
execute if entity @s[tag=aj.dino.bone.neck_2] run data modify entity @s {} merge value {transformation:[-1f,-2.476451026877786e-17f,1.199346357720161e-16f,-6.722181551960373e-17f,0f,0.9793406217655515f,0.20221757233203794f,0.47209006731033143f,-1.2246467991473532e-16f,0.20221757233203794f,-0.9793406217655515f,0.5489077795034959f,0f,0f,0f,1f],start_interpolation:0}
execute if entity @s[tag=aj.dino.bone.body_0] run data modify entity @s {} merge value {transformation:[-1f,-8.898035127798717e-18f,1.221409955644829e-16f,-9.741987245932504e-18f,0f,0.9973569167005722f,0.07265797072261063f,0.5158345677722264f,-1.2246467991473532e-16f,0.07265797072261063f,-0.9973569167005722f,0.07954936274455018f,0f,0f,0f,1f],start_interpolation:0}
execute if entity @s[tag=aj.dino.bone.leg_left_3] run data modify entity @s {} merge value {transformation:[-0.9971913940515721f,-0.07313824436320163f,0.0161282621801368f,0.23264452207101335f,-0.04492319013794778f,0.7563998730086311f,0.6525650458769277f,0.1345968455347965f,-0.05992687725313592f,0.6500077148188284f,-0.7575610470837929f,-0.3024157814538819f,0f,0f,0f,1f],start_interpolation:0}
execute if entity @s[tag=aj.dino.bone.leg_left_2] run data modify entity @s {} merge value {transformation:[-1.0227515535402107f,-0.06245196943736012f,0.04627321844409779f,0.21793043383373795f,-0.04418468716158692f,0.969512101875314f,0.33189787169916907f,0.3707772925001316f,-0.06394663910021271f,0.3289502019020514f,-0.9694146643810798f,-0.2557964276980022f,0f,0f,0f,1f],start_interpolation:0}
execute if entity @s[tag=aj.dino.bone.leg_left_1] run data modify entity @s {} merge value {transformation:[-0.9383705819725237f,-0.10166444476800944f,0.3303407204063098f,0.19147958479311622f,0.34556992393586355f,-0.25802760106397205f,0.9022212504481002f,0.24594658384312035f,-0.00648679886452084f,0.9607736974746888f,0.27725768462083644f,-0.009359757494510956f,0f,0f,0f,1f],start_interpolation:0}
execute if entity @s[tag=aj.dino.bone.leg_left_0] run data modify entity @s {} merge value {transformation:[-0.9561733076250296f,0.2755689516301372f,-0.09896645231025342f,0.19655375000000003f,0.2926118523091753f,0.9114739789286516f,-0.28912538737399934f,0.6613811304503958f,0.010531366179369062f,-0.3054127348907357f,-0.9521618306217474f,-0.0505382579178361f,0f,0f,0f,1f],start_interpolation:0}
execute if entity @s[tag=aj.dino.bone.leg_right_3] run data modify entity @s {} merge value {transformation:[-0.9765672083402075f,-0.021575116816696105f,0.21412847061742957f,-0.19903786180729832f,-0.020027994318142953f,0.9997553023046991f,0.009392281790522705f,0.03430505499446737f,-0.2142787134509771f,0.004883630615236723f,-0.9767603509120385f,0.04733690002865215f,0f,0f,0f,1f],start_interpolation:0}
execute if entity @s[tag=aj.dino.bone.leg_right_2] run data modify entity @s {} merge value {transformation:[-1.0023253627789306f,0.09917829528137494f,0.19382913190709852f,-0.16837437101267752f,-0.019803886186387308f,0.867796330735433f,-0.5464426172570458f,0.21973031856265723f,-0.21682682657525484f,-0.5377317115513034f,-0.8461045639695517f,-0.1038196215937085f,0f,0f,0f,1f],start_interpolation:0}
execute if entity @s[tag=aj.dino.bone.leg_right_1] run data modify entity @s {} merge value {transformation:[-0.9423414958308958f,-0.14298202352721198f,-0.3025700682209881f,-0.20993825668900765f,-0.3334013037758658f,0.4792338188520914f,0.8118980955199944f,0.3002232453788978f,0.028914976668543528f,0.8659625210229973f,-0.49927230677031653f,0.15849072475161963f,0f,0f,0f,1f],start_interpolation:0}
execute if entity @s[tag=aj.dino.bone.leg_right_0] run data modify entity @s {} merge value {transformation:[-0.9561733076250295f,-0.20591658294521956f,0.20816091528808944f,-0.19655374999999997f,-0.29261185230917536f,0.6975774689771498f,-0.6540366799068896f,0.6613811304503958f,-0.010531366179369284f,-0.6862827665354845f,-0.7272585885933545f,-0.05053825791783616f,0f,0f,0f,1f],start_interpolation:0}
execute if entity @s[tag=aj.dino.bone.tail_4] run data modify entity @s {} merge value {transformation:[-2.688286567512623f,-0.4811307961645482f,0.4090107816589555f,0.10160809900581047f,-0.40415927486329367f,2.6851597049519498f,0.5022290025917783f,0.7439622583356034f,-0.48521329647195205f,0.4290592587095907f,-2.6844249926273593f,-1.806142657508405f,0f,0f,0f,1f],start_interpolation:0}
execute if entity @s[tag=aj.dino.bone.tail_3] run data modify entity @s {} merge value {transformation:[-2.048035433904293f,-0.26043663635077596f,0.271420607108584f,0.05813377109801074f,-0.26590560091893384f,2.065095610528351f,-0.024896923924907558f,0.7279752748081249f,-0.2660650276094912f,-0.0591473065090512f,-2.0643779991223337f,-1.4555216333164394f,0f,0f,0f,1f],start_interpolation:0}
execute if entity @s[tag=aj.dino.bone.tail_2] run data modify entity @s {} merge value {transformation:[-1.9462310789543869f,-0.12056087340694245f,0.1281543527086587f,0.032842338190781625f,-0.13971970141139578f,1.9240651194550649f,-0.3118103528375119f,0.7862946601837576f,-0.1069432903567611f,-0.3197066888610537f,-1.9248700321704706f,-1.0978476523225065f,0f,0f,0f,1f],start_interpolation:0}
execute if entity @s[tag=aj.dino.bone.tail_1] run data modify entity @s {} merge value {transformation:[-1.5085753573492184f,0.003532425214297844f,0.10883089253876117f,0.010821214603052035f,-0.0013119715738945407f,1.511004511637601f,-0.0672301609503065f,0.7822926249527717f,-0.10888030092384611f,-0.06715011379677796f,-1.5070806853940546f,-0.7726158414110091f,0f,0f,0f,1f],start_interpolation:0}
execute if entity @s[tag=aj.dino.bone.tail_0] run data modify entity @s {} merge value {transformation:[-1.277675052380246f,0.0014415335288135074f,0.037149684927987994f,4.87643735427682e-17f,0.005743642591086308f,1.2695736295102273f,0.14827517123929188f,0.7696002469080521f,-0.036731290189010946f,0.14837937126615938f,-1.2690429823641662f,-0.39819132811778757f,0f,0f,0f,1f],start_interpolation:0}
execute if entity @s[tag=aj.dino.bone.body_1] run data modify entity @s {} merge value {transformation:[-1.2363675f,-4.762564620978253e-17f,1.437261102781099e-16f,1.8557991432579204e-17f,0f,1.173612754127783f,0.3888929138012802f,0.6001369444444444f,-1.5141135014448153e-16f,0.3888929138012802f,-1.173612754127783f,-0.1515375f,0f,0f,0f,1f],start_interpolation:0}