execute if entity @s[tag=aj.dino.bone.head_lower] run data modify entity @s {} merge value {transformation:[-1f,-7.7148802772171e-17f,9.510867498519378e-17f,-9.963817965141786e-17f,0f,0.7766212678742325f,0.6299677819423937f,0.4219343275080301f,-1.2246467991473532e-16f,0.6299677819423937f,-0.7766212678742325f,0.8135686877637126f,0f,0f,0f,1f],start_interpolation:0}
execute if entity @s[tag=aj.dino.bone.head_upper] run data modify entity @s {} merge value {transformation:[-1.0408995833333334f,-8.946982989503744e-17f,9.079992285154028e-17f,-0.0003231250000000954f,0f,0.7414376366700892f,0.7305766034527656f,0.48894713997366984f,-1.2747343429629804e-16f,0.7305766034527656f,-0.7414376366700892f,0.778860834942251f,0f,0f,0f,1f],start_interpolation:0}
execute if entity @s[tag=aj.dino.bone.neck_0] run data modify entity @s {} merge value {transformation:[-1f,-1.7697651108148515e-17f,1.2117916888588078e-16f,-8.726000451764244e-17f,0f,0.9895030058483022f,0.14451228811825828f,0.4822300863808827f,-1.2246467991473532e-16f,0.14451228811825828f,-0.9895030058483022f,0.7125320098692641f,0f,0f,0f,1f],start_interpolation:0}
execute if entity @s[tag=aj.dino.bone.neck_1] run data modify entity @s {} merge value {transformation:[-1f,-3.847132586963614e-17f,1.1626502015847602e-16f,-7.758806392119563e-17f,0f,0.9493759363060784f,0.3141422155059024f,0.5132157114173812f,-1.2246467991473532e-16f,0.3141422155059024f,-0.9493759363060784f,0.6335546214240341f,0f,0f,0f,1f],start_interpolation:0}
execute if entity @s[tag=aj.dino.bone.neck_2] run data modify entity @s {} merge value {transformation:[-1f,-3.7612458301629264e-17f,1.1654570265405228e-16f,-6.774603575049013e-17f,0f,0.9516678828148325f,0.3071290295929939f,0.5494399412426334f,-1.2246467991473532e-16f,0.3071290295929939f,-0.9516678828148325f,0.5531883625356925f,0f,0f,0f,1f],start_interpolation:0}
execute if entity @s[tag=aj.dino.bone.body_0] run data modify entity @s {} merge value {transformation:[-1f,-6.24439134427121e-18f,1.2230537765510625e-16f,-1.016345553984813e-17f,0f,0.9986991983342465f,0.05098932482915727f,0.5829848770627787f,-1.2246467991473532e-16f,0.05098932482915727f,-0.9986991983342465f,0.08299091253840965f,0f,0f,0f,1f],start_interpolation:0}
execute if entity @s[tag=aj.dino.bone.leg_left_3] run data modify entity @s {} merge value {transformation:[-0.9974199458767098f,-0.02486386420773392f,-0.0673441892367919f,0.20289421112746006f,-0.04005808666079108f,0.9712412506718184f,0.23470360603646145f,0.11091377642265096f,0.05957181599026532f,0.23679573739850412f,-0.9697313945054684f,-0.2641635629728301f,0f,0f,0f,1f],start_interpolation:0}
execute if entity @s[tag=aj.dino.bone.leg_left_2] run data modify entity @s {} merge value {transformation:[-1.0232631063378617f,-0.042522929401532995f,-0.05645011234352534f,0.1896501485422282f,-0.04022147791392773f,1.0240385515706405f,-0.04230221167053303f,0.34824594941202114f,0.05811236893212859f,-0.03998805912908734f,-1.0232722546834145f,-0.3050182632703202f,0f,0f,0f,1f],start_interpolation:0}
execute if entity @s[tag=aj.dino.bone.leg_left_1] run data modify entity @s {} merge value {transformation:[-0.9379307537983177f,0.001940886941487252f,0.34681714784191403f,0.1904630230828973f,0.346437218329302f,0.05236974716870363f,0.9366101981815818f,0.30589936681356145f,-0.016344871843337515f,0.9986258771628976f,-0.04979159191127f,-0.030756541849013247f,0f,0f,0f,1f],start_interpolation:0}
execute if entity @s[tag=aj.dino.bone.leg_left_0] run data modify entity @s {} merge value {transformation:[-0.9561733076250296f,0.2834864347254231f,-0.07326695784648793f,0.19655375000000003f,0.2927931912108465f,0.9238658175838065f,-0.24646317834673273f,0.7227474668521097f,-0.002180129807887496f,-0.2571135788457568f,-0.9663787324890525f,-0.053291916359476166f,0f,0f,0f,1f],start_interpolation:0}
execute if entity @s[tag=aj.dino.bone.leg_right_3] run data modify entity @s {} merge value {transformation:[-0.9400838600292705f,0.04866403486541444f,0.33745243786804197f,-0.21473993043388337f,-0.1491123509114534f,0.8313979652938763f,-0.5352970484794985f,0.15875588335961272f,-0.3066069844575081f,-0.5535424419281871f,-0.7743273997903296f,0.2859632015731609f,0f,0f,0f,1f],start_interpolation:0}
execute if entity @s[tag=aj.dino.bone.leg_right_2] run data modify entity @s {} merge value {transformation:[-0.9652810999410467f,0.17635195852310181f,0.298654623808779f,-0.16290526322661214f,-0.15110720476220252f,0.5811542353818264f,-0.831557915522072f,0.26875765201792f,-0.312187780456332f,-0.826572405130685f,-0.5209405420111956f,0.07767529929947797f,0f,0f,0f,1f],start_interpolation:0}
execute if entity @s[tag=aj.dino.bone.leg_right_1] run data modify entity @s {} merge value {transformation:[-0.9468898481921263f,-0.24216528669348625f,-0.21155516848177794f,-0.23633181428453287f,-0.31689497113167475f,0.8143982039417559f,0.48614107282546887f,0.4579099332019379f,0.05456365697189678f,0.5273628156564552f,-0.8478863532341755f,0.2669986781579446f,0f,0f,0f,1f],start_interpolation:0}
execute if entity @s[tag=aj.dino.bone.leg_right_0] run data modify entity @s {} merge value {transformation:[-0.9561733076250295f,-0.12717050061487672f,0.2637428094920737f,-0.19655374999999997f,-0.2927931912108466f,0.40857023971707795f,-0.86448973758981f,0.7227474668521097f,0.0021801298078872877f,-0.9038241106492411f,-0.42789861421034026f,-0.05329191635947622f,0f,0f,0f,1f],start_interpolation:0}
execute if entity @s[tag=aj.dino.bone.tail_4] run data modify entity @s {} merge value {transformation:[-2.211342573131563f,1.2932695274924564f,-1.0310573626696617f,-0.28358780342646334f,1.1746386333356769f,2.4398949812643145f,0.5411080234819157f,0.693941697852592f,1.164409479921549f,-0.005266997308795214f,-2.5039537043260554f,-1.771114412286207f,0f,0f,0f,1f],start_interpolation:0}
execute if entity @s[tag=aj.dino.bone.tail_3] run data modify entity @s {} merge value {transformation:[-1.8234674483337512f,0.6872096834215484f,-0.7339310879934831f,-0.16586509894156753f,0.7777411958976271f,1.9273747732550452f,-0.1276347980303017f,0.6967229676972668f,0.6372053225730082f,-0.3858948826768272f,-1.9444793756820642f,-1.437626282330164f,0f,0f,0f,1f],start_interpolation:0}
execute if entity @s[tag=aj.dino.bone.tail_2] run data modify entity @s {} merge value {transformation:[-1.895995500431345f,0.28971768465463477f,-0.37421731727063157f,-0.09763196223163566f,0.39185988734170263f,1.827481557107621f,-0.5705531194611326f,0.8035121597896606f,0.2653691128210271f,-0.6286085400570366f,-1.8311756912788895f,-1.0971680742104035f,0f,0f,0f,1f],start_interpolation:0}
execute if entity @s[tag=aj.dino.bone.tail_1] run data modify entity @s {} merge value {transformation:[-1.481431632600387f,-0.02507632012856411f,-0.30395352621702376f,-0.03050270434369602f,0.011232688646508398f,1.501870042049075f,-0.17865176601780813f,0.823586485473995f,0.30477925558791524f,-0.17723940014658376f,-1.4708337942809704f,-0.7787856607787538f,0f,0f,0f,1f],start_interpolation:0}
execute if entity @s[tag=aj.dino.bone.tail_0] run data modify entity @s {} merge value {transformation:[-1.2739404740948046f,-0.000876532445007101f,-0.10445389766784773f,4.963675142496997e-17f,-0.01167516105633589f,1.271356842736513f,0.13172389921871355f,0.8157738059127067f,0.10380306190783088f,0.13223738768572993f,-1.2671124315626616f,-0.4053148341181229f,0f,0f,0f,1f],start_interpolation:0}
execute if entity @s[tag=aj.dino.bone.body_1] run data modify entity @s {} merge value {transformation:[-1.2363675f,-4.134195525424017e-17f,1.4565795442862428e-16f,1.8557991432579204e-17f,0f,1.1893874587353435f,0.3375826832930446f,0.657176875f,-1.5141135014448153e-16f,0.3375826832930446f,-1.1893874587353435f,-0.1515375f,0f,0f,0f,1f],start_interpolation:0}