execute if entity @s[tag=aj.dino.bone.head_lower] run data modify entity @s {} merge value {transformation:[-1f,-8.276394992988749e-17f,9.026475734538729e-17f,-9.958396954279358e-17f,0f,0.7370676786828099f,0.675818938060435f,0.3977838438585447f,-1.2246467991473532e-16f,0.675818938060435f,-0.7370676786828099f,0.813081633729243f,0f,0f,0f,1f],start_interpolation:0}
execute if entity @s[tag=aj.dino.bone.head_upper] run data modify entity @s {} merge value {transformation:[-1.0408995833333334f,-8.972737292940836e-17f,9.05454305775807e-17f,-0.00032312500000009536f,0f,0.7393595495503027f,0.7326796019217955f,0.4648949686012708f,-1.2747343429629804e-16f,0.7326796019217955f,-0.7393595495503027f,0.7785642610337798f,0f,0f,0f,1f],start_interpolation:0}
execute if entity @s[tag=aj.dino.bone.neck_0] run data modify entity @s {} merge value {transformation:[-1f,-1.9073248155237277e-17f,1.2097028160431517e-16f,-8.721486321284144e-17f,0f,0.9877973117517589f,0.155744890433036f,0.45893192274864986f,-1.2246467991473532e-16f,0.155744890433036f,-0.9877973117517589f,0.7121634031425538f,0f,0f,0f,1f],start_interpolation:0}
execute if entity @s[tag=aj.dino.bone.neck_1] run data modify entity @s {} merge value {transformation:[-1f,-3.978975161084818e-17f,1.1582043642365358e-16f,-7.758665851648215e-17f,0f,0.9457456346131169f,0.32490797868047633f,0.49081282488056466f,-1.2246467991473532e-16f,0.32490797868047633f,-0.9457456346131169f,0.6335431454236522f,0f,0f,0f,1f],start_interpolation:0}
execute if entity @s[tag=aj.dino.bone.neck_2] run data modify entity @s {} merge value {transformation:[-1f,-3.9263767268580876e-17f,1.1599980347611496e-16f,-6.780862255486236e-17f,0f,0.947210277746029f,0.32061299058567616f,0.5281747080788566f,-1.2246467991473532e-16f,0.32061299058567616f,-0.947210277746029f,0.5536994225769698f,0f,0f,0f,1f],start_interpolation:0}
execute if entity @s[tag=aj.dino.bone.body_0] run data modify entity @s {} merge value {transformation:[-1f,-5.896975566770146e-18f,1.223226205809191e-16f,-1.0214606248395321e-17f,0f,0.998839997508546f,0.04815245972043408f,0.560383981299639f,-1.2246467991473532e-16f,0.04815245972043408f,-0.998839997508546f,0.08340858977059451f,0f,0f,0f,1f],start_interpolation:0}
execute if entity @s[tag=aj.dino.bone.leg_left_3] run data modify entity @s {} merge value {transformation:[-0.9847367344099883f,-0.009572999785126504f,-0.17378700060322705f,0.18737008343946357f,0.0033317251750578647f,0.9972665494121427f,-0.07381279720317707f,0.04430353642317014f,0.1740185723160318f,-0.0732651834005309f,-0.9820131106000456f,-0.08145590277932316f,0f,0f,0f,1f],start_interpolation:0}
execute if entity @s[tag=aj.dino.bone.leg_left_2] run data modify entity @s {} merge value {transformation:[-1.0105814585288022f,-0.07085432790584606f,-0.1605209624799953f,0.1643254316148813f,0.0030744855237078276f,0.9310590733234617f,-0.4303274904320159f,0.24803777732032262f,0.17543620697352572f,-0.42446538810574774f,-0.9171223860988643f,-0.20846919017225896f,0f,0f,0f,1f],start_interpolation:0}
execute if entity @s[tag=aj.dino.bone.leg_left_1] run data modify entity @s {} merge value {transformation:[-0.9393046323913622f,0.10737876942723087f,0.325847521771183f,0.1949219958746477f,0.3416860482251752f,0.37844484001793915f,0.8602500494112514f,0.29842008606467413f,-0.03094272154144251f,0.9193744084648489f,-0.392164818722331f,0.06271130116303704f,0f,0f,0f,1f],start_interpolation:0}
execute if entity @s[tag=aj.dino.bone.leg_left_0] run data modify entity @s {} merge value {transformation:[-0.9561733076250296f,0.2590078166202314f,-0.13655605704263424f,0.19655375000000003f,0.2927760822956477f,0.839622500824269f,-0.4575108979524014f,0.6993701361099744f,-0.0038433606417748456f,-0.4774400559643284f,-0.8786559176035613f,-0.053665987478684965f,0f,0f,0f,1f],start_interpolation:0}
execute if entity @s[tag=aj.dino.bone.leg_right_3] run data modify entity @s {} merge value {transformation:[-0.9626902547781512f,0.031139971151624826f,0.2688080645216106f,-0.19693345513233185f,-0.07630308768684417f,0.9218119143131643f,-0.3800534612916362f,0.07448653133359556f,-0.2596253303601792f,-0.38638464879828693f,-0.8850432706983272f,0.14979758772387625f,0f,0f,0f,1f],start_interpolation:0}
execute if entity @s[tag=aj.dino.bone.leg_right_2] run data modify entity @s {} merge value {transformation:[-0.9882698755402526f,0.10562386631082775f,0.2534333274569475f,-0.16294727984939725f,-0.07720573480275775f,0.8016578213520361f,-0.6351741583844289f,0.24184185431357733f,-0.2634845861030855f,-0.6310709435803188f,-0.7644524423111136f,-0.020520373237142953f,0f,0f,0f,1f],start_interpolation:0}
execute if entity @s[tag=aj.dino.bone.leg_right_1] run data modify entity @s {} merge value {transformation:[-0.9439918413161495f,-0.19033197446327263f,-0.26954246979920926f,-0.2191591951376901f,-0.3261251317426401f,0.6624876582195485f,0.6743533948551195f,0.37955888724776243f,0.050217546479205726f,0.7244886763805842f,-0.6874549845785672f,0.21376070811427988f,0f,0f,0f,1f],start_interpolation:0}
execute if entity @s[tag=aj.dino.bone.leg_right_0] run data modify entity @s {} merge value {transformation:[-0.9561733076250296f,-0.17727385135415683f,0.23303773817018333f,-0.19655374999999997f,-0.2927760822956477f,0.5684094421993662f,-0.7688906760094166f,0.6993701361099744f,0.0038433606417746374f,-0.8034206168904742f,-0.595399480125997f,-0.05366598747868502f,0f,0f,0f,1f],start_interpolation:0}
execute if entity @s[tag=aj.dino.bone.tail_4] run data modify entity @s {} merge value {transformation:[-2.3500969670052423f,1.178797315837215f,-0.8444776287432003f,-0.244054684037814f,1.063771990775072f,2.4944031495953354f,0.5215394621035976f,0.6331482011015148f,0.9854413878639363f,0.11853753440935036f,-2.5769197611918293f,-1.771450263330216f,0f,0f,0f,1f],start_interpolation:0}
execute if entity @s[tag=aj.dino.bone.tail_3] run data modify entity @s {} merge value {transformation:[-1.889061157215553f,0.6238091466803479f,-0.6150248928798054f,-0.1458736521440176f,0.7002917049318288f,1.953675316913696f,-0.16938066634148558f,0.642750656062319f,0.5262936427010613f,-0.3605002505471383f,-1.9821705519587216f,-1.4318196091339837f,0f,0f,0f,1f],start_interpolation:0}
execute if entity @s[tag=aj.dino.bone.tail_2] run data modify entity @s {} merge value {transformation:[-1.9121691351723464f,0.22576039211104043f,-0.3337893330393981f,-0.08518316773834388f,0.33518585694073266f,1.7895972969561837f,-0.7097646307310643f,0.7753680420456582f,0.22368172657578364f,-0.7517630179010981f,-1.7898582974959463f,-1.0991023447687402f,0f,0f,0f,1f],start_interpolation:0}
execute if entity @s[tag=aj.dino.bone.tail_1] run data modify entity @s {} merge value {transformation:[-1.488947670003373f,-0.031758117254510866f,-0.26397444569498685f,-0.026568103253031897f,0.007534115271055337f,1.4960288294703727f,-0.22247972604394692f,0.8049485920405213f,0.26577118560635815f,-0.22033023710320826f,-1.4725747904671722f,-0.7797812802017243f,0f,0f,0f,1f],start_interpolation:0}
execute if entity @s[tag=aj.dino.bone.tail_0] run data modify entity @s {} merge value {transformation:[-1.274985752661493f,0.0013862042605985092f,-0.09080267359490113f,4.9746583201824064e-17f,-0.009629451013971982f,1.2687979305826442f,0.15457943461663068f,0.7903952427153209f,0.09030127777281874f,0.15487287164308536f,-1.2655812061838025f,-0.4062116786363184f,0f,0f,0f,1f],start_interpolation:0}
execute if entity @s[tag=aj.dino.bone.body_1] run data modify entity @s {} merge value {transformation:[-1.2363675f,-4.051385117532465e-17f,1.4589045484718468e-16f,1.8557991432579204e-17f,0f,1.1912859687279573f,0.3308207003319812f,0.6332425f,-1.5141135014448153e-16f,0.3308207003319812f,-1.1912859687279573f,-0.1515375f,0f,0f,0f,1f],start_interpolation:0}