execute if entity @s[tag=aj.dino.bone.head_lower] run data modify entity @s {} merge value {transformation:[-0.9839178242848698f,-0.011413435148730944f,0.178256692869114f,-0.506943931774822f,-0.0005114570354282644f,0.9981324100023218f,0.0610854361911084f,0.7175922494822345f,-0.1786209771169917f,0.06001187883296735f,-0.9820861066794031f,0.6252924146259888f,0f,0f,0f,1f],start_interpolation:0}
execute if entity @s[tag=aj.dino.bone.head_upper] run data modify entity @s {} merge value {transformation:[-1.024159653332361f,-0.04472365744572733f,0.1804681177779678f,-0.4958251215358006f,-0.0005323754150701823f,1.0110382369651225f,0.24753452800444192f,0.7573590588032664f,-0.18592650065566957f,0.24346133254100444f,-0.9948014166127844f,0.562122568757171f,0f,0f,0f,1f],start_interpolation:0}
execute if entity @s[tag=aj.dino.bone.neck_0] run data modify entity @s {} merge value {transformation:[-0.9446257871644114f,0.2222709951221874f,0.24140780217592084f,-0.4835178832089479f,0.08983633244468142f,0.8827253116275184f,-0.46122170112104344f,0.713178283535495f,-0.3156129838851766f,-0.4139947209077587f,-0.8538131033567018f,0.5137353056004104f,0f,0f,0f,1f],start_interpolation:0}
execute if entity @s[tag=aj.dino.bone.neck_1] run data modify entity @s {} merge value {transformation:[-0.8938315367211095f,0.1585402143538796f,0.4194403228057664f,-0.44725540776306116f,0.05484229988906256f,0.9670389705919744f,-0.2486522702476141f,0.696569200342121f,-0.44503652221548945f,-0.1992501688557386f,-0.873064639133496f,0.43885735107076745f,0f,0f,0f,1f],start_interpolation:0}
execute if entity @s[tag=aj.dino.bone.neck_2] run data modify entity @s {} merge value {transformation:[-0.8181299783911536f,0.029271339546599107f,0.5742878434538188f,-0.3966569008089323f,-0.004134433392790959f,0.9983783210982076f,-0.056777058937962505f,0.7013698519012156f,-0.5750184735451643f,-0.04882536883907801f,-0.8166822138625995f,0.3668318331430096f,0f,0f,0f,1f],start_interpolation:0}
execute if entity @s[tag=aj.dino.bone.body_0] run data modify entity @s {} merge value {transformation:[-0.7733808568698447f,0.18278564908758782f,0.6070184978358517f,-0.10883009730864163f,-0.0025624697277671794f,0.9566213334073582f,-0.2913229448890394f,0.5731834544134264f,-0.6339364983783147f,-0.22685905526903097f,-0.7393642438380987f,0.01621112156277152f,0f,0f,0f,1f],start_interpolation:0}
execute if entity @s[tag=aj.dino.bone.leg_left_3] run data modify entity @s {} merge value {transformation:[-0.9313000717656689f,0.07683584160005248f,0.3560567788638093f,0.2735065825257119f,0.035007792220002894f,0.9918542821271406f,-0.122472599016822f,0.008915007331287778f,-0.3625667260148691f,-0.10159397852070648f,-0.9264038173038756f,0.01971143107580353f,0f,0f,0f,1f],start_interpolation:0}
execute if entity @s[tag=aj.dino.bone.leg_left_2] run data modify entity @s {} merge value {transformation:[-0.9276512789300886f,-0.02745063011728733f,0.436774274776147f,0.2791670239119164f,-0.20967164518046694f,0.9264236591749011f,-0.3870906927697915f,0.2125749009043913f,-0.38413943485065644f,-0.4393721271631196f,-0.8434756830907856f,-0.10936869605119107f,0f,0f,0f,1f],start_interpolation:0}
execute if entity @s[tag=aj.dino.bone.leg_left_1] run data modify entity @s {} merge value {transformation:[-0.80575314641372f,-0.47328902615386725f,0.3560328141712702f,0.14775361795393274f,0.12075912581783908f,0.45723109104875076f,0.8811112091615223f,0.2876544720387329f,-0.5798095381900006f,0.7529523405240816f,-0.31126142119319133f,0.12324033299233317f,0f,0f,0f,1f],start_interpolation:0}
execute if entity @s[tag=aj.dino.bone.leg_left_0] run data modify entity @s {} merge value {transformation:[-0.826043440621873f,0.33026145665426454f,0.4567051614052349f,0.14419762745263465f,0.07000076164675462f,0.8641709935343096f,-0.4983055160268631f,0.6756606553826069f,-0.559242458665696f,-0.3796522937933172f,-0.7369613342930686f,-0.030856504038566795f,0f,0f,0f,1f],start_interpolation:0}
execute if entity @s[tag=aj.dino.bone.leg_right_3] run data modify entity @s {} merge value {transformation:[-0.7452760353898524f,0.009774096742308197f,0.6666844066771445f,-0.2578192581586977f,0.03729907089831497f,0.9989379511288489f,0.0270508614395385f,0.06588306625941343f,-0.6657119575189452f,0.04502706771899129f,-0.7448490805451286f,-0.18701546707224714f,0f,0f,0f,1f],start_interpolation:0}
execute if entity @s[tag=aj.dino.bone.leg_right_2] run data modify entity @s {} merge value {transformation:[-0.7676777339813149f,0.22036422545429196f,0.6435625100873564f,-0.18537275442956766f,0.033746930023593524f,0.9815321981767805f,-0.2958342241136668f,0.28548183967411717f,-0.6794072717921047f,-0.20024073407496876f,-0.7418703437621841f,-0.2555643903183377f,0f,0f,0f,1f],start_interpolation:0}
execute if entity @s[tag=aj.dino.bone.leg_right_1] run data modify entity @s {} merge value {transformation:[-0.8237388490795324f,-0.5647617736045392f,-0.04998447351111068f,-0.3525551644954418f,-0.30907341786133535f,0.37338870124415013f,0.8746739393366649f,0.3343750654025f,-0.4753187676587574f,0.7359517761771233f,-0.48212763066754194f,-0.03952532000418141f,0f,0f,0f,1f],start_interpolation:0}
execute if entity @s[tag=aj.dino.bone.leg_right_0] run data modify entity @s {} merge value {transformation:[-0.8174504713587947f,0.26124719616324077f,0.513346500301823f,-0.196721073824285f,-0.2526896785669695f,0.6382372294271189f,-0.7271871597593819f,0.6735469744161289f,-0.5176124546617924f,-0.7241568486661161f,-0.45571285400891814f,-0.2265692476928326f,0f,0f,0f,1f],start_interpolation:0}
execute if entity @s[tag=aj.dino.bone.tail_4] run data modify entity @s {} merge value {transformation:[-2.391841015192509f,-0.5769040890459106f,-1.2537701390944742f,0.3618579554937546f,-1.053883266877401f,2.3832261384643423f,0.9139062120021705f,0.77391773633793f,0.8911161256753722f,1.270069358965268f,-2.284403030460883f,-1.7840932002228926f,0f,0f,0f,1f],start_interpolation:0}
execute if entity @s[tag=aj.dino.bone.tail_3] run data modify entity @s {} merge value {transformation:[-1.9702812150531117f,-0.5318410227063392f,-0.41362130774411654f,0.43719732620898455f,-0.5915298430171256f,1.9774636382055284f,0.2750918581847415f,0.7079212888342349f,0.32253667151722876f,0.377793875262787f,-2.022173931536295f,-1.444904238769412f,0f,0f,0f,1f],start_interpolation:0}
execute if entity @s[tag=aj.dino.bone.tail_2] run data modify entity @s {} merge value {transformation:[-1.8860502934555545f,-0.5034120163685166f,0.09035766339817318f,0.4188856151369263f,-0.5011453144843834f,1.8879318953369328f,0.05779625716792618f,0.6972557603135237f,-0.10218385062886386f,0.03260943648787417f,-1.9512224271787615f,-1.0822440511169376f,0f,0f,0f,1f],start_interpolation:0}
execute if entity @s[tag=aj.dino.bone.tail_1] run data modify entity @s {} merge value {transformation:[-1.4576951761116477f,-0.2245842000299802f,0.3351760144129155f,0.35089742725049256f,-0.22878094583652792f,1.4950817044564662f,0.006798957397472044f,0.6777354420937334f,-0.3323255969120899f,-0.04414616740378242f,-1.4748786606160456f,-0.7640094827819668f,0f,0f,0f,1f],start_interpolation:0}
execute if entity @s[tag=aj.dino.bone.tail_0] run data modify entity @s {} merge value {transformation:[-1.0867543993553295f,-0.13502551674287983f,0.6592182505772903f,0.15500012652830786f,-0.09274989901289214f,1.270323313471807f,0.10729329926484231f,0.6770370107567101f,-0.6664818439379749f,0.043387851552652124f,-1.089841806237359f,-0.4444853505725034f,0f,0f,0f,1f],start_interpolation:0}
execute if entity @s[tag=aj.dino.bone.body_1] run data modify entity @s {} merge value {transformation:[-1.0722278318296954f,-0.021078238025451917f,0.6152136048461404f,0.013391350084085443f,-0.006647765439026056f,1.2359669142622403f,0.03076018725550825f,0.586634555393586f,-0.6155386900274492f,0.023368564078022295f,-1.0719937622712519f,-0.1968358557106728f,0f,0f,0f,1f],start_interpolation:0}