execute if entity @s[tag=aj.dino.bone.head_lower] run data modify entity @s {} merge value {transformation:[-0.8457379140537056f,-0.508810089758597f,0.16074723416573908f,-0.21096497978198148f,-0.41836212233703757f,0.8192776616703266f,0.3921189203311304f,0.3066177574466436f,-0.33121068117700597f,0.26437928369645397f,-0.9057610496297652f,0.7048771707697176f,0f,0f,0f,1f],start_interpolation:0}
execute if entity @s[tag=aj.dino.bone.head_upper] run data modify entity @s {} merge value {transformation:[-0.8803282423477047f,-0.5165667103203464f,-0.20409057326913185f,-0.2369070942199012f,-0.43547295882307147f,0.4045170776846667f,0.8545180972798901f,0.37447412461618523f,-0.3447570600326951f,0.8080821184964927f,-0.558227374738413f,0.684432694135695f,0f,0f,0f,1f],start_interpolation:0}
execute if entity @s[tag=aj.dino.bone.neck_0] run data modify entity @s {} merge value {transformation:[-0.6336374660491663f,-0.4517286866162805f,0.6280483701966924f,-0.18875916133100212f,-0.07284654083709238f,0.8430515535559836f,0.5328765894040683f,0.39527015513328895f,-0.7701927960626882f,0.2918994205797132f,-0.5670959223609057f,0.6432740021307898f,0f,0f,0f,1f],start_interpolation:0}
execute if entity @s[tag=aj.dino.bone.neck_1] run data modify entity @s {} merge value {transformation:[-0.6349589688016076f,-0.3310559136878911f,0.6980179725126527f,-0.13115301078566213f,0.009573439057708133f,0.9000882824781421f,0.4356023794817431f,0.43631798816296474f,-0.7724865417617368f,0.283272070204289f,-0.5683497840583464f,0.5964323148485545f,0f,0f,0f,1f],start_interpolation:0}
execute if entity @s[tag=aj.dino.bone.neck_2] run data modify entity @s {} merge value {transformation:[-0.8402326210512164f,-0.08829445058393191f,0.5349890022397511f,-0.08514841962719141f,0.08507538382584767f,0.9529655322604149f,0.2908932336622985f,0.4711325452953217f,-0.5355103375176689f,0.28993237887429113f,-0.7932010426695156f,0.529780573699801f,0f,0f,0f,1f],start_interpolation:0}
execute if entity @s[tag=aj.dino.bone.body_0] run data modify entity @s {} merge value {transformation:[-0.9670007385148264f,0.029591293549961574f,0.25304925816492774f,0.03439464087140123f,0.0566583119103343f,0.9933372632598394f,0.10035395911932747f,0.5278917690050431f,-0.24839365411228115f,0.11137969637906352f,-0.9622344599063453f,0.0773441119577962f,0f,0f,0f,1f],start_interpolation:0}
execute if entity @s[tag=aj.dino.bone.leg_left_3] run data modify entity @s {} merge value {transformation:[-0.958199900476465f,-0.12641311399316205f,0.25665672665535977f,0.5681213128463394f,-0.12534421747274122f,0.9918996521549954f,0.02058900679841552f,0.052399761024667035f,-0.25718043835610527f,-0.012442052296580186f,-0.9662833008293222f,0.058304783325074244f,0f,0f,0f,1f],start_interpolation:0}
execute if entity @s[tag=aj.dino.bone.leg_left_2] run data modify entity @s {} merge value {transformation:[-0.9095458183310142f,-0.24218856923884471f,0.4075945298790221f,0.5228529560097931f,-0.406783337269714f,0.8515879196349635f,-0.4017306699173008f,0.2378573167004388f,-0.24354859962022768f,-0.5178850370135542f,-0.851199957449006f,-0.08909719419932241f,0f,0f,0f,1f],start_interpolation:0}
execute if entity @s[tag=aj.dino.bone.leg_left_1] run data modify entity @s {} merge value {transformation:[-0.8734194858241212f,-0.4633130905086807f,0.14993125740159124f,0.4064281711496639f,-0.08251397730936813f,0.4442414330232034f,0.8920992056571282f,0.3128735524413802f,-0.4799269166563972f,0.7668054051379561f,-0.42623892985026357f,0.15138403065055586f,0f,0f,0f,1f],start_interpolation:0}
execute if entity @s[tag=aj.dino.bone.leg_left_0] run data modify entity @s {} merge value {transformation:[-0.8153085229463894f,-0.017051584140927334f,0.5787756524675699f,0.25781670150734487f,-0.2333501050535956f,0.924477326302978f,-0.30147869182277687f,0.6732627167083096f,-0.5299242784421679f,-0.3808555062356087f,-0.757713232356124f,0.001913097241456857f,0f,0f,0f,1f],start_interpolation:0}
execute if entity @s[tag=aj.dino.bone.leg_right_3] run data modify entity @s {} merge value {transformation:[-0.816473848431969f,0.004681060594980593f,0.5773634405626981f,-0.26778633691655096f,0.019670978805998232f,0.9996121488998733f,0.019713050616065153f,0.046071556662304974f,-0.577047231532657f,0.02745249430349994f,-0.8162492591953836f,-0.2708483571042476f,0f,0f,0f,1f],start_interpolation:0}
execute if entity @s[tag=aj.dino.bone.leg_right_2] run data modify entity @s {} merge value {transformation:[-0.8639753977501912f,0.38767562079815615f,0.39410192161655044f,-0.16389984530418428f,0.28638971030682386f,0.9393238438456578f,-0.2961652405568323f,0.2554294495521544f,-0.47285266776604623f,-0.13942929721718123f,-0.8994620754455135f,-0.3304129574236625f,0f,0f,0f,1f],start_interpolation:0}
execute if entity @s[tag=aj.dino.bone.leg_right_1] run data modify entity @s {} merge value {transformation:[-0.9754247380790314f,-0.21875858746243362f,-0.02629183818019653f,-0.24136149010849012f,-0.06771439214189791f,0.18408031154957938f,0.9805759532013129f,0.2520836718514651f,-0.20966960065852688f,0.9582583781586522f,-0.19436959445459395f,-0.06395116838899664f,0f,0f,0f,1f],start_interpolation:0}
execute if entity @s[tag=aj.dino.bone.leg_right_0] run data modify entity @s {} merge value {transformation:[-0.9722930483816149f,0.08529922525870538f,0.21764712320417f,-0.1125340962867134f,-0.014404805342702116f,0.907418324040167f,-0.419981531473913f,0.6442296462559401f,-0.23332108702778107f,-0.4114802879439051f,-0.8810478097026151f,-0.1266593490666938f,0f,0f,0f,1f],start_interpolation:0}
execute if entity @s[tag=aj.dino.bone.tail_4] run data modify entity @s {} merge value {transformation:[0.1269832813659056f,-0.0643791245640532f,2.757787501997554f,1.2518154059133384f,-2.386431924553673f,1.382171238838059f,0.14215015863486f,0.8872207757826465f,-1.3836470819268174f,-2.389794829362812f,0.007921983726999595f,-1.2383670974597458f,0f,0f,0f,1f],start_interpolation:0}
execute if entity @s[tag=aj.dino.bone.tail_3] run data modify entity @s {} merge value {transformation:[-0.42421737420124395f,-0.31688510565464006f,2.0138443274703466f,0.9134427973682997f,-0.761471485945579f,1.9327317483763513f,0.14371739962289934f,0.8439383182819182f,-1.8910701524697802f,-0.7071614700171271f,-0.5096291394784868f,-1.1450326981533308f,0f,0f,0f,1f],start_interpolation:0}
execute if entity @s[tag=aj.dino.bone.tail_2] run data modify entity @s {} merge value {transformation:[-1.316474349650076f,-0.2575327065373594f,1.4210369688293574f,0.6482403875741718f,-0.34952815318947583f,1.9224980246733216f,0.024602647375980235f,0.8395637469841285f,-1.4012491683651909f,-0.2375965597257143f,-1.3412018930664922f,-0.8967988790744458f,0f,0f,0f,1f],start_interpolation:0}
execute if entity @s[tag=aj.dino.bone.tail_1] run data modify entity @s {} merge value {transformation:[-0.8795766082075547f,0.2899883010718218f,1.19578761723626f,0.3882157491472157f,0.4362119026874656f,1.4479154463294932f,-0.03027022025432259f,0.827961545511669f,-1.150530493402011f,0.327267315083469f,-0.9256521691381613f,-0.7005101801365005f,0f,0f,0f,1f],start_interpolation:0}
execute if entity @s[tag=aj.dino.bone.tail_0] run data modify entity @s {} merge value {transformation:[-1.0731243120698086f,-0.08407580169438615f,0.6893266185185174f,0.18474959091209855f,0.1852978201237132f,1.1881417049267786f,0.43338172948927495f,0.7299893072549308f,-0.6692567857602395f,0.46377393756782115f,-0.985314572170096f,-0.4013866700528086f,0f,0f,0f,1f],start_interpolation:0}
execute if entity @s[tag=aj.dino.bone.body_1] run data modify entity @s {} merge value {transformation:[-1.1647951005555615f,-0.17104192404518107f,0.37762630866629493f,0.10847765123167508f,-0.09131228667099935f,1.2044234044351916f,0.2638767216105022f,0.5875152023319616f,-0.40437486949725576f,0.22071139101531603f,-1.147332576828276f,-0.14951439597164684f,0f,0f,0f,1f],start_interpolation:0}