execute if entity @s[tag=aj.dino.bone.head_lower] run data modify entity @s {} merge value {transformation:[-0.9035301505235687f,0.09904374134124208f,-0.41692158063116186f,-0.6802181971946974f,-0.07669231596406298f,0.9198414429497439f,0.3847206889474501f,0.15204918953955285f,0.4216059247293917f,0.37958142358822233f,-0.8235085835009938f,0.10044353552385694f,0f,0f,0f,1f],start_interpolation:0}
execute if entity @s[tag=aj.dino.bone.head_upper] run data modify entity @s {} merge value {transformation:[-0.9404841572090866f,0.26132144914423333f,-0.3614866426845934f,-0.6995621831112611f,-0.07982899973186151f,0.7313323505457641f,0.7363778014243263f,0.2192102285765958f,0.4388494313816885f,0.6930627935806917f,-0.6407394816254136f,0.07197141694933837f,0f,0f,0f,1f],start_interpolation:0}
execute if entity @s[tag=aj.dino.bone.neck_0] run data modify entity @s {} merge value {transformation:[-0.9786045038984529f,-0.19620830697564773f,0.061931617316299925f,-0.6920565283206941f,-0.1718464162623348f,0.9449695133794946f,0.27839078289539854f,0.22192839943459822f,-0.11314607446772049f,0.2617917474961169f,-0.9584691162345683f,0.005782196167942004f,0f,0f,0f,1f],start_interpolation:0}
execute if entity @s[tag=aj.dino.bone.neck_1] run data modify entity @s {} merge value {transformation:[-0.9387306752180462f,-0.15548550028748936f,0.30758572561973685f,-0.6667162825621905f,0.0361817275757908f,0.8430636464112539f,0.5365953509763116f,0.2712689573123342f,-0.34274714002351986f,0.5148474990714329f,-0.7857839720340373f,-0.05841218160568915f,0f,0f,0f,1f],start_interpolation:0}
execute if entity @s[tag=aj.dino.bone.neck_2] run data modify entity @s {} merge value {transformation:[-0.7306460651461846f,-0.2551502913775425f,0.6332887621743752f,-0.6137335181515171f,0.1371949038184511f,0.8537611747526452f,0.5022642878517531f,0.32362993141186935f,-0.6688302369455523f,0.45386141639815336f,-0.5887919232228127f,-0.10555118308950856f,0f,0f,0f,1f],start_interpolation:0}
execute if entity @s[tag=aj.dino.bone.body_0] run data modify entity @s {} merge value {transformation:[-0.5123518038361631f,0.003960666279218261f,0.8587665237003912f,-0.20896234560884427f,0.27885840962995184f,0.946568714481757f,0.16200511147185412f,0.40899958314571794f,-0.8122398761969792f,0.3224778781358166f,-0.4860806534193039f,-0.3315671673569848f,0f,0f,0f,1f],start_interpolation:0}
execute if entity @s[tag=aj.dino.bone.leg_left_3] run data modify entity @s {} merge value {transformation:[0.053503041909488264f,-0.030897471098500134f,0.9980895605035396f,0.007253980440582713f,-0.023817930109352327f,0.9991973361050747f,0.03220853498419987f,0.007477546648506611f,-0.9982835923282211f,-0.02549568199205037f,0.052724183142298986f,0.03500272537532738f,0f,0f,0f,1f],start_interpolation:0}
execute if entity @s[tag=aj.dino.bone.leg_left_2] run data modify entity @s {} merge value {transformation:[0.31354341507318145f,-0.14613168801547005f,0.9656077133715794f,0.0035189240115156006f,-0.20005672839164018f,0.9830356474694986f,0.21372978437773069f,0.24291657276774686f,-0.9558922699709286f,-0.25367034722778903f,0.27199912251301994f,-0.01720442355574342f,0f,0f,0f,1f],start_interpolation:0}
execute if entity @s[tag=aj.dino.bone.leg_left_1] run data modify entity @s {} merge value {transformation:[0.32486206399771494f,-0.9347089044926293f,-0.14416623473384227f,-0.24923607026226813f,0.20142702270348042f,-0.08055659263672788f,0.9761853255952846f,0.16524710991823588f,-0.9240626569123742f,-0.3461645551539745f,0.16210585077379164f,-0.10144071662526069f,0f,0f,0f,1f],start_interpolation:0}
execute if entity @s[tag=aj.dino.bone.leg_left_0] run data modify entity @s {} merge value {transformation:[0.3012478424368185f,0.4260443644039379f,0.8530744029607302f,-0.11637501331221835f,0.15094324833289596f,0.862047551900786f,-0.48382864119910846f,0.5606526912019738f,-0.941523166581617f,0.2745181557229075f,0.19538144479099867f,-0.11903743223466012f,0f,0f,0f,1f],start_interpolation:0}
execute if entity @s[tag=aj.dino.bone.leg_right_3] run data modify entity @s {} merge value {transformation:[0.4921181580498308f,-0.006835283899312761f,0.8705015780638525f,-0.1162293146539888f,0.006257379646821656f,0.9999711150386511f,0.004314427924119957f,0.017368677904733787f,-0.8705059239991405f,0.0033238505340463242f,0.49214671420220835f,-0.6899694602399776f,0f,0f,0f,1f],start_interpolation:0}
execute if entity @s[tag=aj.dino.bone.leg_right_2] run data modify entity @s {} merge value {transformation:[0.5139956942630358f,0.16016233861445495f,0.8730513450360768f,-0.05271191075258999f,0.23333373185124526f,0.9490024556830852f,-0.31146734690580263f,0.228592047427714f,-0.8564029398362232f,0.35468939073183064f,0.4391259958632054f,-0.5923923131459948f,0f,0f,0f,1f],start_interpolation:0}
execute if entity @s[tag=aj.dino.bone.leg_right_1] run data modify entity @s {} merge value {transformation:[0.3303111858113569f,-0.8519020939449127f,0.40639554975438463f,-0.29912243000272365f,-0.11524550165389533f,0.390939844919982f,0.9131727722629942f,0.2840717407855103f,-0.9368100100214758f,-0.3484664402581885f,0.030953919579741973f,-0.7073585920610317f,0f,0f,0f,1f],start_interpolation:0}
execute if entity @s[tag=aj.dino.bone.leg_right_0] run data modify entity @s {} merge value {transformation:[0.37827498178559316f,0.8170993673682793f,0.4350363915828957f,-0.05770150382577634f,-0.08552515139304594f,0.4987963873020807f,-0.8624891955807844f,0.5600719148320887f,-0.9217339565375173f,0.2890515314969807f,0.2585647414187484f,-0.5077411607215407f,0f,0f,0f,1f],start_interpolation:0}
execute if entity @s[tag=aj.dino.bone.tail_4] run data modify entity @s {} merge value {transformation:[0.5201393122150204f,-0.7685354575925434f,-2.600859411408373f,-0.16012499142807574f,-2.5660575885968018f,-0.9965851899833182f,-0.2186955479900733f,0.15349571371200216f,-0.8777612884453552f,2.4580139424195573f,-0.9018669031391583f,0.45732482038054356f,0f,0f,0f,1f],start_interpolation:0}
execute if entity @s[tag=aj.dino.bone.tail_3] run data modify entity @s {} merge value {transformation:[0.7935963034977793f,0.17291384725560036f,-1.9173552708213397f,0.1632955105682659f,-1.7985051032150525f,-0.6731434016899283f,-0.8051104772111517f,0.29659993513790944f,-0.6866802944810028f,1.9628867232301062f,-0.10719799896875028f,0.4562932520188015f,0f,0f,0f,1f],start_interpolation:0}
execute if entity @s[tag=aj.dino.bone.tail_2] run data modify entity @s {} merge value {transformation:[1.1005552761910324f,0.7873946462845314f,-1.4098090757451223f,0.4263771014615445f,-1.5216959882299137f,-0.06521329827957835f,-1.2243212079087988f,0.5230578454256439f,-0.5403640240206986f,1.7873250324808674f,0.5764111595156717f,0.3491654061041438f,0f,0f,0f,1f],start_interpolation:0}
execute if entity @s[tag=aj.dino.bone.tail_1] run data modify entity @s {} merge value {transformation:[1.3898073794662311f,0.5683543030310293f,-0.18183807139133784f,0.45723129852350697f,-0.5901193590208218f,1.2406018615980843f,-0.6327103706343223f,0.644608765330057f,-0.08860496650900831f,0.6523317079718572f,1.361715371391708f,0.048250020334521415f,0f,0f,0f,1f],start_interpolation:0}
execute if entity @s[tag=aj.dino.bone.tail_0] run data modify entity @s {} merge value {transformation:[1.0683693417518607f,-0.05373815585839071f,0.6996676902599285f,0.25147534021247614f,0.0843998144719911f,1.2750508963769343f,-0.030945105420678125f,0.684420893798547f,-0.6966342925135233f,0.07206343620271459f,1.0692722947130293f,-0.2624771772956491f,0f,0f,0f,1f],start_interpolation:0}
execute if entity @s[tag=aj.dino.bone.body_1] run data modify entity @s {} merge value {transformation:[0.18453481615074396f,-0.43713029277663884f,1.141695495226933f,0.015490957489833852f,-0.0018266072982423128f,1.1545290296595867f,0.44233921173158636f,0.5038175f,-1.2225171410619318f,-0.06770835891197818f,0.1716741477318516f,-0.2978283734068376f,0f,0f,0f,1f],start_interpolation:0}