execute if entity @s[tag=aj.dino.bone.head_lower] run data modify entity @s {} merge value {transformation:[0.15312719590078042f,-0.03946422692421553f,-0.9874181670745366f,0.9396680095779602f,-0.38960121314640006f,0.9158588569739267f,-0.09702292933768808f,0.39737584248081953f,0.9081646087524098f,0.39955616488259404f,0.12486758792375213f,-0.02195561287228759f,0f,0f,0f,1f],start_interpolation:0}
execute if entity @s[tag=aj.dino.bone.head_upper] run data modify entity @s {} merge value {transformation:[0.15939003441012406f,0.6026888299867311f,-0.8335663943102979f,0.8957868359971218f,-0.40553574043024904f,0.8120110189342717f,0.5095594282775294f,0.45061112991683977f,0.9453081628484631f,0.24673107206441972f,0.35914926968255556f,0.008636923285564816f,0f,0f,0f,1f],start_interpolation:0}
execute if entity @s[tag=aj.dino.bone.neck_0] run data modify entity @s {} merge value {transformation:[0.06760954046735192f,0.22134669244868152f,-0.9728486993257593f,0.8292658968311529f,-0.3740694024887738f,0.9095755736926079f,0.1809540214072491f,0.4476687103902701f,0.9249329879291177f,0.3516787134357042f,0.14429501154482993f,0.011960035396826408f,0f,0f,0f,1f],start_interpolation:0}
execute if entity @s[tag=aj.dino.bone.neck_1] run data modify entity @s {} merge value {transformation:[-0.01745769455331428f,0.36846699189057364f,-0.9294768984692383f,0.7522244855197819f,-0.10778813179815726f,0.9235072837435682f,0.3681249998520064f,0.4831082121361543f,0.9940205971429095f,0.10661319224039993f,0.023594060607815492f,0.01444991565235635f,0f,0f,0f,1f],start_interpolation:0}
execute if entity @s[tag=aj.dino.bone.neck_2] run data modify entity @s {} merge value {transformation:[-0.1480740237329435f,0.18019561873942666f,-0.9724215251024889f,0.6687972944890863f,-0.1992326546577163f,0.9576668439254015f,0.2077993391808543f,0.5106891496872482f,0.9687003834073643f,0.22450780617402982f,-0.10590473149651738f,0.00736993862759782f,0f,0f,0f,1f],start_interpolation:0}
execute if entity @s[tag=aj.dino.bone.body_0] run data modify entity @s {} merge value {transformation:[-0.055937335590053705f,-0.027764068385401186f,-0.9980481806975934f,0.19815644215053174f,-0.20444736082261833f,0.9787505437224455f,-0.015768633919379382f,0.5125812740205579f,0.9772780009494492f,0.20316626115009367f,-0.060424988130243995f,-0.01917271908919961f,0f,0f,0f,1f],start_interpolation:0}
execute if entity @s[tag=aj.dino.bone.leg_left_3] run data modify entity @s {} merge value {transformation:[-0.2647301996145172f,0.1724696786890349f,-0.9487740148976249f,-0.24341695821897344f,-0.09015533994367624f,0.9751404717326735f,0.20241807001505494f,0.03840257619578985f,0.9600989199513236f,0.1391232199234927f,-0.24260006922179841f,-0.5914238165920894f,0f,0f,0f,1f],start_interpolation:0}
execute if entity @s[tag=aj.dino.bone.leg_left_2] run data modify entity @s {} merge value {transformation:[-0.29835841352043696f,-0.009206112261852f,-0.9813051024422955f,-0.2763524794456045f,-0.2754936535808179f,0.9851966012474213f,0.07451914672026586f,0.26992605404894104f,0.9418851859005716f,0.2852456903938188f,-0.28904911726814414f,-0.5324051525075205f,0f,0f,0f,1f],start_interpolation:0}
execute if entity @s[tag=aj.dino.bone.leg_left_1] run data modify entity @s {} merge value {transformation:[-0.4130299389989502f,0.9041635036413129f,-0.10906249664109374f,-0.016709495399391372f,0.10890122223324485f,0.16792884870150498f,0.9797654951925447f,0.26141515081617345f,0.904182942377608f,0.3927954435286287f,-0.1678241527805785f,-0.43480151004728246f,0f,0f,0f,1f],start_interpolation:0}
execute if entity @s[tag=aj.dino.bone.leg_left_0] run data modify entity @s {} merge value {transformation:[-0.4315817439422092f,0.29249429113527814f,-0.8533371478783003f,0.11741780954377823f,0.053645352792693335f,0.9526204127108383f,0.2993935961412326f,0.6173100219983053f,0.9004773036670878f,0.08343523799872049f,-0.4268245384704915f,-0.26259237759668097f,0f,0f,0f,1f],start_interpolation:0}
execute if entity @s[tag=aj.dino.bone.leg_right_3] run data modify entity @s {} merge value {transformation:[-0.6984633103066944f,0.14083036191018905f,-0.701652202533178f,-0.06668771945185928f,0.1087740173305867f,0.9899461395593894f,0.09041489880118249f,0.05300735200252968f,0.7073310521313055f,-0.01317003932066943f,-0.7067597418890755f,0.2599307738397686f,0f,0f,0f,1f],start_interpolation:0}
execute if entity @s[tag=aj.dino.bone.leg_right_2] run data modify entity @s {} merge value {transformation:[-0.7086369614081185f,0.07822086034333427f,-0.73741260731975f,-0.07014453901830481f,0.2377727283639596f,0.9900915900065399f,-0.12347053310557676f,0.27961159612387143f,0.7023958898465466f,-0.2562466388192539f,-0.7021679809854674f,0.1774102369371523f,0f,0f,0f,1f],start_interpolation:0}
execute if entity @s[tag=aj.dino.bone.leg_right_1] run data modify entity @s {} merge value {transformation:[-0.5935922745905666f,0.7479707943169374f,-0.29696448002292625f,0.13698387297025783f,-0.1356658544192044f,0.2707215872293246f,0.9530501551087134f,0.299910114753676f,0.7932483769230825f,0.6060111492843385f,-0.05922414585260494f,0.36098359216142595f,0f,0f,0f,1f],start_interpolation:0}
execute if entity @s[tag=aj.dino.bone.leg_right_0] run data modify entity @s {} merge value {transformation:[-0.6374921197313252f,-0.736781862928617f,-0.2252915527486506f,-0.05983569670578282f,-0.11295789766168801f,0.3786317837295524f,-0.9186285896408999f,0.5364896173536228f,0.7621314260915326f,-0.5601700266965501f,-0.3246001086790837f,0.07884980385071513f,0f,0f,0f,1f],start_interpolation:0}
execute if entity @s[tag=aj.dino.bone.tail_4] run data modify entity @s {} merge value {transformation:[-0.2507448265406897f,-2.6516169403957033f,0.7291885661264923f,-1.179257762111664f,2.7168473999808094f,-0.1254096840892068f,0.47819864905096315f,0.3165369186573648f,-0.4260616959791159f,0.760829379127262f,2.620166295996539f,0.5512401782287879f,0f,0f,0f,1f],start_interpolation:0}
execute if entity @s[tag=aj.dino.bone.tail_3] run data modify entity @s {} merge value {transformation:[-0.47421509501231784f,-2.004363892295525f,-0.30592639142256933f,-1.1077696771294168f,2.0138728723586885f,-0.5020837494302003f,0.16784960107287467f,0.2929891127069671f,-0.2353330059398165f,-0.2576486403311471f,2.052847067001165f,0.20567447105393089f,0f,0f,0f,1f],start_interpolation:0}
execute if entity @s[tag=aj.dino.bone.tail_2] run data modify entity @s {} merge value {transformation:[0.1561465289052178f,-1.69604599888443f,-0.9580292825283286f,-0.9299622432473644f,1.8398103379924093f,0.4441437590628479f,-0.4864238033901678f,0.3848803591849506f,0.639914101055669f,-0.8630980048386251f,1.6322823445459655f,-0.09749544705494517f,0f,0f,0f,1f],start_interpolation:0}
execute if entity @s[tag=aj.dino.bone.tail_1] run data modify entity @s {} merge value {transformation:[0.022734238243952487f,-0.8787887224646288f,-1.2308004654209606f,-0.6543871505199463f,1.2221240954792525f,0.7357424531963335f,-0.5027444557761537f,0.4829040824896699f,0.8908154127879054f,-0.9869496815104746f,0.7211341598523023f,-0.24146209227731222f,0f,0f,0f,1f],start_interpolation:0}
execute if entity @s[tag=aj.dino.bone.tail_0] run data modify entity @s {} merge value {transformation:[0.09621548702008666f,0.022573458023669047f,-1.2743895541137995f,-0.2814361654856997f,-0.01295662536384056f,1.277966645623275f,0.021658603777791795f,0.5074145467296798f,1.274523606097861f,0.011287526357707432f,0.09642554553672694f,-0.2693674897033592f,0f,0f,0f,1f],start_interpolation:0}
execute if entity @s[tag=aj.dino.bone.body_1] run data modify entity @s {} merge value {transformation:[-0.5574823029018886f,-0.30962334211763953f,-1.059222102782679f,-0.014326534595045454f,-0.2541893035353804f,1.1908248898734075f,-0.21430929677089394f,0.47702794921874997f,1.0738742361075877f,0.12113654580736555f,-0.6006035775371763f,-0.13789497704691683f,0f,0f,0f,1f],start_interpolation:0}