execute if entity @s[tag=aj.dino.bone.head_lower] run data modify entity @s {} merge value {transformation:[-0.9979827633471349f,-0.04717693999367988f,-0.042482236227028035f,-0.2586333366341169f,-0.05724023867823369f,0.9580832451811151f,0.28071346668673086f,0.27611265658836603f,0.027458316373644154f,0.2825788945339977f,-0.958850983847787f,0.6861415842471391f,0f,0f,0f,1f],start_interpolation:0}
execute if entity @s[tag=aj.dino.bone.head_upper] run data modify entity @s {} merge value {transformation:[-1.0387998425418814f,-0.005710437751548982f,-0.06583479793509604f,-0.2636225137110655f,-0.05958134059007401f,0.5294556400271934f,0.8942028470545103f,0.34962693575765863f,0.028581350072361046f,0.8961674278434739f,-0.5287144695239204f,0.6698254768035411f,0f,0f,0f,1f],start_interpolation:0}
execute if entity @s[tag=aj.dino.bone.neck_0] run data modify entity @s {} merge value {transformation:[-0.650643366409324f,-0.47408007051616313f,0.5932211193871404f,-0.21735827625951354f,-0.05433537632963443f,0.8082495530826121f,0.5863278322072686f,0.37443814415689974f,-0.7574370446622342f,0.34925742179823116f,-0.5516415291583779f,0.6287309452318984f,0f,0f,0f,1f],start_interpolation:0}
execute if entity @s[tag=aj.dino.bone.neck_1] run data modify entity @s {} merge value {transformation:[-0.6403344183524704f,-0.3306632639705045f,0.6932774614348686f,-0.160151900333503f,0.05170091679120327f,0.881989966566425f,0.46842364807843084f,0.4181829927367495f,-0.7663542574267808f,0.33579086458170515f,-0.54767293833758f,0.5838828056866596f,0f,0f,0f,1f],start_interpolation:0}
execute if entity @s[tag=aj.dino.bone.neck_2] run data modify entity @s {} merge value {transformation:[-0.8344175336723625f,-0.05898406529885588f,0.5479673891217907f,-0.1127233381553323f,0.1347832264215149f,0.9422264663946831f,0.30666393315940454f,0.4542740392585576f,-0.5343976622100235f,0.3297425754527453f,-0.7782602216214397f,0.5189297592237513f,0f,0f,0f,1f],start_interpolation:0}
execute if entity @s[tag=aj.dino.bone.body_0] run data modify entity @s {} merge value {transformation:[-0.9419150768731953f,0.06101594271721615f,0.33026208182788996f,0.043509195651655244f,0.10777238831095058f,0.9862661602456149f,0.12515659579952126f,0.5226552915306775f,-0.31808976763913077f,0.15348001788083182f,-0.9355548000168582f,0.07946837932664338f,0f,0f,0f,1f],start_interpolation:0}
execute if entity @s[tag=aj.dino.bone.leg_left_3] run data modify entity @s {} merge value {transformation:[-0.9732555638542167f,-0.10748940938120774f,0.2030261911618551f,0.5800003803398266f,-0.10440746847950652f,0.9941982921117646f,0.025861873245209166f,0.05180045666130961f,-0.204628169987692f,0.0039727613733469f,-0.9788317164939841f,0.03628185463870476f,0f,0f,0f,1f],start_interpolation:0}
execute if entity @s[tag=aj.dino.bone.leg_left_2] run data modify entity @s {} merge value {transformation:[-0.9209014396399693f,-0.27175333576905675f,0.36076704737006804f,0.5263757235308375f,-0.40918649595842516f,0.8488366872134515f,-0.40509861696437993f,0.23650889119679336f,-0.1912306186126902f,-0.5076303797445323f,-0.8705196422632432f,-0.10924567698189513f,0f,0f,0f,1f],start_interpolation:0}
execute if entity @s[tag=aj.dino.bone.leg_left_1] run data modify entity @s {} merge value {transformation:[-0.8983852294138962f,-0.42111906853789605f,0.1247505899173078f,0.42324643244002724f,-0.0859658895023869f,0.4471393168162578f,0.8903237036040058f,0.3124753043649731f,-0.43071318230697886f,0.7891293692867257f,-0.4379052330312233f,0.1369388859972527f,0f,0f,0f,1f],start_interpolation:0}
execute if entity @s[tag=aj.dino.bone.leg_left_0] run data modify entity @s {} merge value {transformation:[-0.8368587898997298f,-0.049335994010521717f,0.5451910907769438f,0.26218727670579567f,-0.2431981402812796f,0.9257574592153032f,-0.2895302942197123f,0.6712493297241056f,-0.4904304541229949f,-0.37488543103489613f,-0.7867266890518544f,-0.0032339560451137006f,0f,0f,0f,1f],start_interpolation:0}
execute if entity @s[tag=aj.dino.bone.leg_right_3] run data modify entity @s {} merge value {transformation:[-0.845056593877643f,0.006268187833453717f,0.5346401247242873f,-0.2726976213547943f,0.02063842240582079f,0.9995684837874532f,0.020902194608482805f,0.04335016565988431f,-0.5342783999606534f,0.02869766610957264f,-0.8448213037650908f,-0.258852242302119f,0f,0f,0f,1f],start_interpolation:0}
execute if entity @s[tag=aj.dino.bone.leg_right_2] run data modify entity @s {} merge value {transformation:[-0.8828920819872622f,0.3869609250541185f,0.3504639975035284f,-0.17029698466465648f,0.2951488919471745f,0.9379045023339463f,-0.292035058828152f,0.25249126441499836f,-0.43064010803366604f,-0.15052769341110597f,-0.9186689884663459f,-0.3216629299513851f,0f,0f,0f,1f],start_interpolation:0}
execute if entity @s[tag=aj.dino.bone.leg_right_1] run data modify entity @s {} merge value {transformation:[-0.981669776850756f,-0.18746506055427772f,-0.03437004930413104f,-0.23895309195629857f,-0.06576009173487968f,0.16389629587606053f,0.9842832999361146f,0.24350441775208365f,-0.17888560465506334f,0.9685013450013832f,-0.17321975977845205f,-0.05292707231719919f,0f,0f,0f,1f],start_interpolation:0}
execute if entity @s[tag=aj.dino.bone.leg_right_0] run data modify entity @s {} merge value {transformation:[-0.9791373162028193f,0.0748060491360168f,0.18892901056164024f,-0.11111200473262953f,-0.012541555003394707f,0.9057498004637926f,-0.4236272044591763f,0.6350754055421801f,-0.20281229109015397f,-0.41715866762235654f,-0.885915244597531f,-0.12101595909772672f,0f,0f,0f,1f],start_interpolation:0}
execute if entity @s[tag=aj.dino.bone.tail_4] run data modify entity @s {} merge value {transformation:[0.1588336333561515f,-0.695330136107326f,2.667761085692617f,1.1795227342852417f,-2.317975972772223f,1.412917510516177f,0.5062734732606889f,0.8772252575714541f,-1.4924545548074668f,-2.2684447187220007f,-0.5023935623957644f,-1.3294403588605013f,0f,0f,0f,1f],start_interpolation:0}
execute if entity @s[tag=aj.dino.bone.tail_3] run data modify entity @s {} merge value {transformation:[-0.5251405219044823f,-0.5785210329686673f,1.93015190405087f,0.8579015809213507f,-0.9071679169177542f,1.8489245131734797f,0.30735979103610706f,0.807015217339338f,-1.7992274255394822f,-0.7633721798988508f,-0.7183238212585508f,-1.2001689877288746f,0f,0f,0f,1f],start_interpolation:0}
execute if entity @s[tag=aj.dino.bone.tail_2] run data modify entity @s {} merge value {transformation:[-1.3361772159654168f,-0.36045463315069115f,1.3796654594422106f,0.6003509846056463f,-0.48911788708472254f,1.8918547631985407f,0.020569941651536004f,0.8032798066446134f,-1.3394655706928273f,-0.331258037496408f,-1.3837897139830688f,-0.9439947872060519f,0f,0f,0f,1f],start_interpolation:0}
execute if entity @s[tag=aj.dino.bone.tail_1] run data modify entity @s {} merge value {transformation:[-1.0068759879156752f,0.18937835861386068f,1.1126512626369298f,0.35956783299511996f,0.23881284298581296f,1.4930437651259576f,-0.03801304307127038f,0.7929807166932606f,-1.1030981012511385f,0.15037420891637238f,-1.0238253885838682f,-0.7244632868570031f,0f,0f,0f,1f],start_interpolation:0}
execute if entity @s[tag=aj.dino.bone.tail_0] run data modify entity @s {} merge value {transformation:[-1.115688316452074f,-0.06981553454627032f,0.6198395665431369f,0.17675153202527727f,0.11077656824949847f,1.2278154274332453f,0.337688532034787f,0.7239296524461761f,-0.6138435053360339f,0.3484692007580637f,-1.0656458528347186f,-0.40464761818701733f,0f,0f,0f,1f],start_interpolation:0}
execute if entity @s[tag=aj.dino.bone.body_1] run data modify entity @s {} merge value {transformation:[-1.174068414730887f,-0.18524924700692713f,0.3403684313665393f,0.11009849094097954f,-0.11377107840984117f,1.2028694470709742f,0.26223239707725f,0.5819425f,-0.3704377063758681f,0.21769796701573782f,-1.1593050055565408f,-0.14978894664242873f,0f,0f,0f,1f],start_interpolation:0}