execute if entity @s[tag=aj.dino.bone.head_lower] run data modify entity @s {} merge value {transformation:[-0.9337232644925096f,0.12880355548179875f,-0.3340217200133806f,-0.7479124264965291f,-0.061458268715233605f,0.8615083322667705f,0.5040101929936077f,0.2962950898925744f,0.3526807998062498f,0.49113443936479817f,-0.796494328867349f,0.060632321277189524f,0f,0f,0f,1f],start_interpolation:0}
execute if entity @s[tag=aj.dino.bone.head_upper] run data modify entity @s {} merge value {transformation:[-0.9719121569588932f,0.20830804651385298f,-0.30897647078151513f,-0.7648366575942489f,-0.0639718862980747f,0.7569885560603741f,0.7115812436683551f,0.36232774537962376f,0.36710529756799215f,0.6834091207576316f,-0.6940155738499701f,0.028248447159405346f,0f,0f,0f,1f],start_interpolation:0}
execute if entity @s[tag=aj.dino.bone.neck_0] run data modify entity @s {} merge value {transformation:[-0.9875438469007477f,-0.03095063562105413f,0.15426992125208538f,-0.7540397882758854f,-0.02168599927627013f,0.9978788482373893f,0.061380140728177934f,0.3501062629256545f,-0.1558424457067507f,0.05727008289739105f,-0.9861203119909172f,-0.03639518542607352f,0f,0f,0f,1f],start_interpolation:0}
execute if entity @s[tag=aj.dino.bone.neck_1] run data modify entity @s {} merge value {transformation:[-0.8716123431688585f,-0.08724306355234929f,0.48236974521386833f,-0.7135786576417675f,0.09096208778927675f,0.938158911549856f,0.3340415472132251f,0.38272594710556807f,-0.4816822830670727f,0.335032094793305f,-0.8097750759548616f,-0.10345031167562124f,0f,0f,0f,1f],start_interpolation:0}
execute if entity @s[tag=aj.dino.bone.neck_2] run data modify entity @s {} merge value {transformation:[-0.6154302680143735f,-0.2013583189335566f,0.7620370152479523f,-0.6487899236197414f,0.11640686276117398f,0.9329950111002949f,0.34054331819030276f,0.4216947001344789f,-0.7795479635749536f,0.2982870038372651f,-0.5507538795396085f,-0.1487800659804433f,0f,0f,0f,1f],start_interpolation:0}
execute if entity @s[tag=aj.dino.bone.body_0] run data modify entity @s {} merge value {transformation:[-0.3304492125395577f,0.08256537146190485f,0.940205444234048f,-0.2048880851527616f,0.22350614882279193f,0.974677109755537f,-0.00703797961043684f,0.4276627445533122f,-0.9169778183633396f,0.207816003122836f,-0.3405351516006228f,-0.3072932987232494f,0f,0f,0f,1f],start_interpolation:0}
execute if entity @s[tag=aj.dino.bone.leg_left_3] run data modify entity @s {} merge value {transformation:[-0.05832143885395605f,-0.06911288291520903f,0.9959026153119351f,0.04846224766876563f,-0.06753380502256273f,0.995588498940648f,0.06513621079155112f,0.0069463678189141675f,-0.9960109411794523f,-0.06345825550907869f,-0.06273160972401173f,0.09907780682227318f,0f,0f,0f,1f],start_interpolation:0}
execute if entity @s[tag=aj.dino.bone.leg_left_2] run data modify entity @s {} merge value {transformation:[0.1980244722570299f,-0.05673105165769259f,1.0048035109740763f,0.06659846190053537f,-0.31555087686405836f,0.9689301837223341f,0.11689372388123324f,0.23592558769398655f,-0.9556548288991913f,-0.3316897441138486f,0.16961120585633785f,0.025520572883263405f,0f,0f,0f,1f],start_interpolation:0}
execute if entity @s[tag=aj.dino.bone.leg_left_1] run data modify entity @s {} merge value {transformation:[0.26223884281291343f,-0.9649855431863953f,-0.005804374333322815f,-0.2004727625906439f,0.08215855993443444f,0.016333085375059064f,0.9964854245555381f,0.18587668741319424f,-0.9614992253505167f,-0.26179406365192537f,0.0835649919940622f,-0.030883808943249255f,0f,0f,0f,1f],start_interpolation:0}
execute if entity @s[tag=aj.dino.bone.leg_left_0] run data modify entity @s {} merge value {transformation:[0.23936923831821558f,0.41186998032718647f,0.8792414270564372f,-0.08250216216991851f,0.029175012620960082f,0.9021074552078073f,-0.4305240503120128f,0.5785130841176709f,-0.9704901784075528f,0.12870609373210215f,0.2039204625600365f,-0.10979436580195737f,0f,0f,0f,1f],start_interpolation:0}
execute if entity @s[tag=aj.dino.bone.leg_right_3] run data modify entity @s {} merge value {transformation:[0.4334452283943827f,-0.11216941532044167f,0.8941718270270045f,-0.14861955504909888f,0.1508533659175084f,0.9872541060683012f,0.05072072596718158f,0.060998228595922216f,-0.8884641219393723f,0.11290417316445786f,0.44484171534215455f,-0.6828733197206579f,0f,0f,0f,1f],start_interpolation:0}
execute if entity @s[tag=aj.dino.bone.leg_right_2] run data modify entity @s {} merge value {transformation:[0.4598354806832114f,0.16331129936309266f,0.902187868298988f,-0.08338366091482963f,0.2138155471585629f,0.9623677687173365f,-0.28318437285272985f,0.27624138385096264f,-0.8915696506716783f,0.3150236447237697f,0.39739886860285345f,-0.5957771986912308f,0f,0f,0f,1f],start_interpolation:0}
execute if entity @s[tag=aj.dino.bone.leg_right_1] run data modify entity @s {} merge value {transformation:[0.2781483190814579f,-0.882078922489359f,0.3802239959447195f,-0.33764309647657714f,-0.1408221051503673f,0.3541198336292887f,0.9245367911183328f,0.3206061517774045f,-0.9501592746972363f,-0.31070229791614934f,-0.025718374296327007f,-0.6977443132646073f,0f,0f,0f,1f],start_interpolation:0}
execute if entity @s[tag=aj.dino.bone.leg_right_0] run data modify entity @s {} merge value {transformation:[0.33142124992103006f,0.8870545253657642f,0.32139418807579617f,-0.054056369141798025f,-0.11112466007278804f,0.3749760880695965f,-0.9203500656270577f,0.555677287509219f,-0.9369158260081261f,0.26930874921572906f,0.22284867639582276f,-0.501205747609524f,0f,0f,0f,1f],start_interpolation:0}
execute if entity @s[tag=aj.dino.bone.tail_4] run data modify entity @s {} merge value {transformation:[0.2728392481871686f,1.0743365861510297f,-2.529233278269525f,0.13546766712646763f,-2.746853238554335f,0.03487796829134257f,-0.281499813093071f,0.3653165220862848f,-0.0775716577896003f,2.543667776771412f,1.072099907155371f,0.7961397584975359f,0f,0f,0f,1f],start_interpolation:0}
execute if entity @s[tag=aj.dino.bone.tail_3] run data modify entity @s {} merge value {transformation:[0.541684159143514f,1.1695886782948413f,-1.6354161920997214f,0.40132847450913256f,-1.9956509459034826f,0.10658552924898552f,-0.5847754723940589f,0.4634298092567982f,-0.24474701201846324f,1.7194904403932243f,1.1486500997034716f,0.5845445850809394f,0f,0f,0f,1f],start_interpolation:0}
execute if entity @s[tag=aj.dino.bone.tail_2] run data modify entity @s {} merge value {transformation:[0.9160685344590412f,1.419714319989063f,-0.9818368320626557f,0.5848650045453557f,-1.6786657101782347f,0.4737978924769244f,-0.8811190983964687f,0.6260993857799098f,-0.40208674269197864f,1.2564635616304964f,1.441665510667762f,0.31654377354262575f,0f,0f,0f,1f],start_interpolation:0}
execute if entity @s[tag=aj.dino.bone.tail_1] run data modify entity @s {} merge value {transformation:[1.2849371863572159f,0.767056488377343f,0.21958374428590996f,0.5270089666374491f,-0.7250172638138415f,1.2962981828058995f,-0.28568730882910265f,0.6724228622072199f,-0.33308053724030756f,0.13744677112374437f,1.4689526850172423f,-0.0009203841320878925f,0f,0f,0f,1f],start_interpolation:0}
execute if entity @s[tag=aj.dino.bone.tail_0] run data modify entity @s {} merge value {transformation:[0.9701806897079024f,-0.028376724782169307f,0.8317330746054067f,0.28327245004485074f,-0.0898783516868416f,1.26642796065439f,0.14804667829724233f,0.6597213445178286f,-0.8273493988636135f,-0.17085285642162312f,0.9592382343488071f,-0.2853550747527527f,0f,0f,0f,1f],start_interpolation:0}
execute if entity @s[tag=aj.dino.bone.body_1] run data modify entity @s {} merge value {transformation:[0.08946523282230627f,-0.33086510782030737f,1.1879094441914992f,0.02938625722516038f,-0.07182116027626083f,1.1876117797300252f,0.3361912798382848f,0.5015675f,-1.2310330166607522f,-0.0933334673618668f,0.06671709539232926f,-0.29457919350657974f,0f,0f,0f,1f],start_interpolation:0}