execute if entity @s[tag=aj.dino.bone.head_lower] run data modify entity @s {} merge value {transformation:[-0.8918502025051944f,-0.2036405465694288f,-0.40389818529469523f,-0.6175515938865892f,-0.3109403362366019f,0.9245060471222175f,0.22046468228612148f,0.15458998928072945f,0.32851076632663445f,0.32220970908300683f,-0.8878409653649306f,0.15736027912439823f,0f,0f,0f,1f],start_interpolation:0}
execute if entity @s[tag=aj.dino.bone.head_upper] run data modify entity @s {} merge value {transformation:[-0.9283265041834059f,-0.03494735943484971f,-0.4695322420054403f,-0.6509928224715198f,-0.3236576664302055f,0.8012470615130082f,0.5802764892370103f,0.21248404007071992f,0.34194671978990787f,0.6635162176381284f,-0.7254588977603222f,0.12235428527115522f,0f,0f,0f,1f],start_interpolation:0}
execute if entity @s[tag=aj.dino.bone.neck_0] run data modify entity @s {} merge value {transformation:[-0.9147490144772925f,-0.4033838893472471f,0.022708551867302418f,-0.642681189785044f,-0.39288781832674f,0.9012371609863554f,0.18278605490493044f,0.2098015120385371f,-0.09419874056098951f,0.15828145018397338f,-0.9828904210563771f,0.05625998097994909f,0f,0f,0f,1f],start_interpolation:0}
execute if entity @s[tag=aj.dino.bone.neck_1] run data modify entity @s {} merge value {transformation:[-0.9720853583283741f,-0.20760186435457478f,0.1093230169731026f,-0.634376491221673f,-0.13538990417705085f,0.8768650763182733f,0.4612778032598984f,0.25291740404428203f,-0.19162366756360133f,0.43360016587848926f,-0.880494898440429f,-0.016331951649315758f,0f,0f,0f,1f],start_interpolation:0}
execute if entity @s[tag=aj.dino.bone.neck_2] run data modify entity @s {} merge value {transformation:[-0.8161204257773775f,-0.3142691594756728f,0.48495602484287814f,-0.594967597764742f,-0.039363407108672f,0.8674788899234824f,0.49591420398887476f,0.30485636817689454f,-0.576539654152036f,0.3856361898727564f,-0.7203379458633805f,-0.07566333892006893f,0f,0f,0f,1f],start_interpolation:0}
execute if entity @s[tag=aj.dino.bone.body_0] run data modify entity @s {} merge value {transformation:[-0.6313332086719108f,-0.08642858572377032f,0.7706805299200301f,-0.23257209438017f,0.11242294059498403f,0.973072919627802f,0.20122170736528852f,0.4089611401773567f,-0.7673196609340898f,0.2136801175982783f,-0.6046166928618327f,-0.35858134873298186f,0f,0f,0f,1f],start_interpolation:0}
execute if entity @s[tag=aj.dino.bone.leg_left_3] run data modify entity @s {} merge value {transformation:[0.23051353372586797f,0.04188907093021234f,0.972167072321325f,-0.05725413595715322f,-0.0457858887960815f,0.998433324420597f,-0.03216440693667341f,0.007864931647299206f,-0.9719913390336182f,-0.03709720236134685f,0.23207032214523934f,0.07285747168714285f,0f,0f,0f,1f],start_interpolation:0}
execute if entity @s[tag=aj.dino.bone.leg_left_2] run data modify entity @s {} merge value {transformation:[0.44802661229189367f,0.05635848033825091f,0.920954980372497f,-0.01496036328863043f,-0.259500778439639f,0.9901574599186381f,0.06564868663869973f,0.24029545250459705f,-0.8854341873725936f,-0.2616756117067996f,0.44675986118988076f,0.02429450397012463f,0f,0f,0f,1f],start_interpolation:0}
execute if entity @s[tag=aj.dino.bone.leg_left_1] run data modify entity @s {} merge value {transformation:[0.4711046992518018f,-0.8729741729215907f,-0.12639800534317627f,-0.2547988339436775f,0.14246279632682335f,-0.06611247169734796f,0.9875897390864332f,0.1671194680314489f,-0.870496820215681f,-0.4832651803078011f,0.09322044569973342f,-0.09460111811075485f,0f,0f,0f,1f],start_interpolation:0}
execute if entity @s[tag=aj.dino.bone.leg_left_0] run data modify entity @s {} merge value {transformation:[0.45812875742895875f,0.24838860204494473f,0.8534759188112786f,-0.17348246256647085f,0.08728913762688768f,0.9429513710716729f,-0.32128385929953973f,0.573656935438128f,-0.8845895364907685f,0.22168855218123068f,0.410311513076147f,-0.14381711048173734f,0f,0f,0f,1f],start_interpolation:0}
execute if entity @s[tag=aj.dino.bone.leg_right_3] run data modify entity @s {} merge value {transformation:[0.6904988648644597f,-0.1866545604693802f,0.6988357408410618f,-0.012618969339535123f,0.16249252096153663f,0.9814661459290677f,0.10158929582739762f,0.018415953462595946f,-0.7048457265618181f,0.04340828781608938f,0.7080312297465545f,-0.6894227834080285f,0f,0f,0f,1f],start_interpolation:0}
execute if entity @s[tag=aj.dino.bone.leg_right_2] run data modify entity @s {} merge value {transformation:[0.700324727028432f,-0.07419899626004295f,0.7457224585375241f,-0.007954952051282965f,0.2731225445276915f,0.9757328174152221f,-0.15941061504920653f,0.24050763809125927f,-0.6978621295671272f,0.30741206461954174f,0.6859653563723747f,-0.5954834272916869f,0f,0f,0f,1f],start_interpolation:0}
execute if entity @s[tag=aj.dino.bone.leg_right_1] run data modify entity @s {} merge value {transformation:[0.5921581787635497f,-0.7530624886234287f,0.28678490119203426f,-0.21595529249440726f,-0.09907238340114306f,0.28515450815162496f,0.9533475595647277f,0.26544013893603785f,-0.7997082931736127f,-0.59294501828508f,0.09424887861536274f,-0.7774933567926215f,0f,0f,0f,1f],start_interpolation:0}
execute if entity @s[tag=aj.dino.bone.leg_right_0] run data modify entity @s {} merge value {transformation:[0.6327711431004966f,0.6826986420391881f,0.3654083258727689f,-0.05122799959801054f,-0.06814279522759106f,0.5191609663189841f,-0.8519556622907727f,0.5465574687819698f,-0.7713347132846164f,0.5141930135742679f,0.3750310718774529f,-0.5164469157140821f,0f,0f,0f,1f],start_interpolation:0}
execute if entity @s[tag=aj.dino.bone.tail_4] run data modify entity @s {} merge value {transformation:[0.8696761094096355f,-1.0025512233411684f,-2.4216143047354275f,-0.15676042613221694f,-2.5616674984145766f,-0.8646887994741548f,-0.5619913159741464f,0.22451798527913266f,-0.554242206881187f,2.423399607213196f,-1.2023357482294204f,0.6422536139555046f,0f,0f,0f,1f],start_interpolation:0}
execute if entity @s[tag=aj.dino.bone.tail_3] run data modify entity @s {} merge value {transformation:[0.7466115354470937f,0.48717188304830655f,-1.881802406616844f,0.15755636232724704f,-1.8506856893365897f,-0.43841068477448103f,-0.8477641634350724f,0.37255765174365707f,-0.5945411848362829f,1.9764627883891928f,0.2757918629886147f,0.5761482656063233f,0f,0f,0f,1f],start_interpolation:0}
execute if entity @s[tag=aj.dino.bone.tail_2] run data modify entity @s {} merge value {transformation:[1.0133519572719831f,1.0501019482492389f,-1.2996836476539098f,0.40016390657050877f,-1.587820564817032f,0.13186922771007253f,-1.1314637580276485f,0.5817515657806092f,-0.5203052369906931f,1.642763001795779f,0.9216214273191335f,0.4048270183096299f,0f,0f,0f,1f],start_interpolation:0}
execute if entity @s[tag=aj.dino.bone.tail_1] run data modify entity @s {} merge value {transformation:[1.3681688588723238f,0.642474462502242f,-0.054742932369941495f,0.40278327817411186f,-0.6218802695502964f,1.2808337466520814f,-0.5102804070128926f,0.6764954737163742f,-0.17039704796755045f,0.48409475154110837f,1.4227696115584905f,0.09290810608998001f,0f,0f,0f,1f],start_interpolation:0}
execute if entity @s[tag=aj.dino.bone.tail_0] run data modify entity @s {} merge value {transformation:[1.106946663211921f,-0.03526568567956132f,0.6381701440850805f,0.21544410580256068f,-0.004757766404444184f,1.2757786047368007f,0.0787529805067128f,0.684268832755173f,-0.639126094794183f,-0.07057619778225742f,1.1047047351413701f,-0.23161542261815138f,0f,0f,0f,1f],start_interpolation:0}
execute if entity @s[tag=aj.dino.bone.body_1] run data modify entity @s {} merge value {transformation:[0.3845040981007939f,-0.3967760324956626f,1.1060424827451008f,-0.014969596740913433f,-0.08523088427722121f,1.1512684943421019f,0.4426298062228108f,0.5038175f,-1.1719628364266796f,-0.21390238200759007f,0.33068637114713545f,-0.2940875283463923f,0f,0f,0f,1f],start_interpolation:0}