execute if entity @s[tag=aj.dino.bone.head_lower] run data modify entity @s {} merge value {transformation:[-0.4995532909315201f,-0.4546708709810389f,0.737374334107739f,-0.32981987069159174f,-0.14513202024825597f,0.88308874821496f,0.4461960997978298f,0.5144342135825813f,-0.8540393469964647f,0.11588210326654619f,-0.507137192408892f,0.682264677137166f,0f,0f,0f,1f],start_interpolation:0}
execute if entity @s[tag=aj.dino.bone.head_upper] run data modify entity @s {} merge value {transformation:[-0.5199848123834148f,-0.6091646528795417f,0.6648354406589947f,-0.29782791635295996f,-0.15106785940473455f,0.815462225450128f,0.6290244854552985f,0.5760615973648713f,-0.8889692004388923f,0.21774234115022106f,-0.495776135090188f,0.6527005617683254f,0f,0f,0f,1f],start_interpolation:0}
execute if entity @s[tag=aj.dino.bone.neck_0] run data modify entity @s {} merge value {transformation:[-0.3168033997816877f,-0.17725912338683653f,0.9317804511057819f,-0.23459763026413502f,-0.1743679376218688f,0.9765229623663129f,0.126486071568441f,0.5684459678939553f,-0.9323258165557038f,-0.12240141807777775f,-0.34027410221215604f,0.6329858626028815f,0f,0f,0f,1f],start_interpolation:0}
execute if entity @s[tag=aj.dino.bone.neck_1] run data modify entity @s {} merge value {transformation:[-0.4424773658168971f,-0.2624595393226095f,0.8575131316535645f,-0.16316413144344205f,-0.2262804201735774f,0.9579490547530083f,0.17643916782814176f,0.5878058327246919f,-0.8677620366124625f,-0.11596809352740717f,-0.48326022917038136f,0.5915131278907733f,0f,0f,0f,1f],start_interpolation:0}
execute if entity @s[tag=aj.dino.bone.neck_2] run data modify entity @s {} merge value {transformation:[-0.764035428629164f,-0.24978514832868212f,0.5948590114252854f,-0.11349557331785683f,-0.19440505486076015f,0.9682920349226349f,0.1568987245007676f,0.6110315219358073f,-0.6151882138370617f,0.004232585474762907f,-0.7883689154045612f,0.5224875377916319f,0f,0f,0f,1f],start_interpolation:0}
execute if entity @s[tag=aj.dino.bone.body_0] run data modify entity @s {} merge value {transformation:[-0.9324846298019193f,-0.11511318817066235f,0.34237606384261643f,0.04676838465211812f,-0.16430266374914243f,0.9792987467793304f,-0.11823112636429223f,0.5646386801335468f,-0.32167848835151214f,-0.16650200739215928f,-0.9320944328051034f,0.08160878721679024f,0f,0f,0f,1f],start_interpolation:0}
execute if entity @s[tag=aj.dino.bone.leg_left_3] run data modify entity @s {} merge value {transformation:[-0.92278844278674f,-0.25640537170773925f,0.28760698047620437f,0.5404207893468309f,-0.2712476737978863f,0.962431250963352f,-0.012279520689055412f,0.05866998541861693f,-0.2736534109388355f,-0.08934412419702537f,-0.9576697959907726f,0.04551820927475875f,0f,0f,0f,1f],start_interpolation:0}
execute if entity @s[tag=aj.dino.bone.leg_left_2] run data modify entity @s {} merge value {transformation:[-0.907683155333904f,-0.2154039950040962f,0.42635033477183715f,0.5019784059508191f,-0.38772284559857817f,0.8669659782728921f,-0.38743152558737776f,0.24818362187540483f,-0.2790062437020422f,-0.5040171732731903f,-0.8486367918736933f,-0.09862698426902236f,0f,0f,0f,1f],start_interpolation:0}
execute if entity @s[tag=aj.dino.bone.leg_left_1] run data modify entity @s {} merge value {transformation:[-0.8602952238960615f,-0.47902410022379055f,0.17443634697623456f,0.37972439478423387f,-0.05853342723492842f,0.43272039325182365f,0.8996259773706627f,0.319193171754087f,-0.5064246890088977f,0.7637335744019476f,-0.4003062099111957f,0.14017206564423226f,0f,0f,0f,1f],start_interpolation:0}
execute if entity @s[tag=aj.dino.bone.leg_left_0] run data modify entity @s {} merge value {transformation:[-0.8430764647704758f,0.0841535570683466f,0.5311687616783024f,0.2714961164105196f,-0.16068932086171023f,0.9031437122257906f,-0.3981336173045685f,0.6875230589142588f,-0.5132260873251856f,-0.42101023016045913f,-0.7478966301495938f,-0.023922457571169342f,0f,0f,0f,1f],start_interpolation:0}
execute if entity @s[tag=aj.dino.bone.leg_right_3] run data modify entity @s {} merge value {transformation:[-0.8196205709849808f,-0.015759556133383132f,0.5726899300744974f,-0.27421066566548624f,0.0005874361453706012f,0.999597938099355f,0.028348140437993885f,0.06684560556928631f,-0.5729064273832414f,0.02357113781716652f,-0.8192817750474952f,-0.2274237398629008f,0f,0f,0f,1f],start_interpolation:0}
execute if entity @s[tag=aj.dino.bone.leg_right_2] run data modify entity @s {} merge value {transformation:[-0.900994056347289f,0.32311004899250545f,0.36860793014748483f,-0.18610476368032705f,0.21276380698422098f,0.9526606268695842f,-0.315010304515147f,0.2788441079596785f,-0.4415919749781844f,-0.20024940887105094f,-0.9038577882512022f,-0.30134976427668886f,0f,0f,0f,1f],start_interpolation:0}
execute if entity @s[tag=aj.dino.bone.leg_right_1] run data modify entity @s {} merge value {transformation:[-0.9946268094465575f,-0.08554666028878875f,-0.05830333475536449f,-0.22606154226162187f,-0.08256646015341762f,0.3157594719834001f,0.9452400412120183f,0.31284973922034504f,-0.062452298499699924f,0.9449749863177325f,-0.3211261210893711f,-0.028842042280165292f,0f,0f,0f,1f],start_interpolation:0}
execute if entity @s[tag=aj.dino.bone.leg_right_0] run data modify entity @s {} merge value {transformation:[-0.9961283103817968f,0.004689957607279693f,0.08778606696708047f,-0.11554100512558309f,-0.028037719541295355f,0.9294791255850734f,-0.36780761463641715f,0.710995393988861f,-0.08332031888339408f,-0.3688448988385896f,-0.9257489751881556f,-0.08861266235863106f,0f,0f,0f,1f],start_interpolation:0}
execute if entity @s[tag=aj.dino.bone.tail_4] run data modify entity @s {} merge value {transformation:[-1.3054453794812562f,-0.15775198225957285f,2.4282891106464684f,0.9591147059496932f,-1.9040899296931393f,1.7821017181456906f,-0.9078636116858921f,0.8567669429819978f,-1.5152277823588811f,-2.103542039008337f,-0.9512397117932121f,-1.5101855998080738f,0f,0f,0f,1f],start_interpolation:0}
execute if entity @s[tag=aj.dino.bone.tail_3] run data modify entity @s {} merge value {transformation:[-1.244524355117332f,0.11229999715108308f,1.6656810517635423f,0.6755778097257609f,-0.2322696897843909f,2.0457239175945996f,-0.31146423588160377f,0.8895607529407651f,-1.653225770054319f,-0.37195146143780006f,-1.210141392402984f,-1.301350502320001f,0f,0f,0f,1f],start_interpolation:0}
execute if entity @s[tag=aj.dino.bone.tail_2] run data modify entity @s {} merge value {transformation:[-1.7285618596463745f,0.14470121362554292f,0.8999496270091671f,0.5070353953262208f,0.15115649381651908f,1.9481787872051797f,-0.02291293223549469f,0.8943955636819314f,-0.8988879166813515f,0.04934416745499652f,-1.7344565550584452f,-0.979571753608077f,0f,0f,0f,1f],start_interpolation:0}
execute if entity @s[tag=aj.dino.bone.tail_1] run data modify entity @s {} merge value {transformation:[-1.0330278737022585f,0.6019345851573183f,0.9263824357929494f,0.30131712814838896f,0.727543002962629f,1.3250912493703964f,-0.04970522791541009f,0.8881986283975598f,-0.8313788793289802f,0.41166027988317017f,-1.1945715646089186f,-0.7267511264012376f,0f,0f,0f,1f],start_interpolation:0}
execute if entity @s[tag=aj.dino.bone.tail_0] run data modify entity @s {} merge value {transformation:[-1.1413983345678904f,0.13631869591903015f,0.5589836952654426f,0.1412587133649643f,0.36319120322568726f,1.1338490626145983f,0.4650958715055447f,0.7796486025655811f,-0.44624848271915923f,0.5741421713608569f,-1.0512177582784248f,-0.40570579151895775f,0f,0f,0f,1f],start_interpolation:0}
execute if entity @s[tag=aj.dino.bone.body_1] run data modify entity @s {} merge value {transformation:[-1.2172754739118115f,0.02201375493921734f,0.21531467730394374f,0.08971828435435607f,0.07382314566714777f,1.1984281704838384f,0.29482988045789604f,0.6303821433470509f,-0.20345800262666597f,0.3031334851851347f,-1.1812364396609731f,-0.15150305719692775f,0f,0f,0f,1f],start_interpolation:0}