execute if entity @s[tag=aj.dino.bone.head_lower] run data modify entity @s {} merge value {transformation:[0.11488808699276268f,0.3837424016872026f,-0.9162655164385928f,0.899535549672163f,-0.39487276423852885f,0.8640113687165187f,0.31234572958699325f,0.2679187400719709f,0.911524123394311f,0.32592349389994185f,0.25079403620159696f,-0.2236161734796499f,0f,0f,0f,1f],start_interpolation:0}
execute if entity @s[tag=aj.dino.bone.head_upper] run data modify entity @s {} merge value {transformation:[0.11958696188073044f,0.9492886287235709f,-0.4099048676312183f,0.8926309364450185f,-0.4110228957655663f,0.4222775267725665f,0.8580290275525881f,0.3364235377133198f,0.9488050802394203f,0.06328295459659006f,0.42336288211521417f,-0.19271511349624076f,0f,0f,0f,1f],start_interpolation:0}
execute if entity @s[tag=aj.dino.bone.neck_0] run data modify entity @s {} merge value {transformation:[0.07501549914979476f,0.5617176420747527f,-0.823921091773531f,0.8302126838642799f,-0.4176207951735582f,0.7679958776030543f,0.48556688872216097f,0.3554901338096835f,0.9055194897548658f,0.3076615389786225f,0.2921965624496522f,-0.17910765552782731f,0f,0f,0f,1f],start_interpolation:0}
execute if entity @s[tag=aj.dino.bone.neck_1] run data modify entity @s {} merge value {transformation:[0.05956698628981524f,0.5890730318867154f,-0.8058813419158815f,0.7646577428351653f,-0.12923453559243547f,0.8050714725441762f,0.578928630234988f,0.4082418508689357f,0.989823322090643f,0.06966266718511857f,0.12408426107326788f,-0.1682751628091065f,0f,0f,0f,1f],start_interpolation:0}
execute if entity @s[tag=aj.dino.bone.neck_2] run data modify entity @s {} merge value {transformation:[-0.09926315009723582f,0.3246474604373246f,-0.9406119569005965f,0.6854315823633405f,-0.20128595842915825f,0.9191873253929759f,0.33849464364471543f,0.4468959387697158f,0.9744900153270065f,0.22293202387387834f,-0.025894454222240598f,-0.16836106736114126f,0f,0f,0f,1f],start_interpolation:0}
execute if entity @s[tag=aj.dino.bone.body_0] run data modify entity @s {} merge value {transformation:[0.18924791052446369f,0.1163013229030927f,-0.9750175540230623f,0.22701738094540444f,-0.2334010283816377f,0.969830188802975f,0.07038014518868144f,0.4893046821076812f,0.953786762495957f,0.21425080437976535f,0.21068318516223594f,-0.06702586553090109f,0f,0f,0f,1f],start_interpolation:0}
execute if entity @s[tag=aj.dino.bone.leg_left_3] run data modify entity @s {} merge value {transformation:[0.031993961140433035f,0.0640419073401707f,-0.9974342186604477f,-0.36781003501337084f,0.007792645794473747f,0.9978987895803596f,0.06432169482822218f,0.05948245154167647f,0.9994576835074442f,-0.009830557374129655f,0.03142767919601462f,-0.4632688308980323f,0f,0f,0f,1f],start_interpolation:0}
execute if entity @s[tag=aj.dino.bone.leg_left_2] run data modify entity @s {} merge value {transformation:[-0.0034895930081416063f,0.012045956846306263f,-1.0256241597997724f,-0.3967039340856314f,-0.29260554390104343f,0.9829989426862403f,0.012540887400911874f,0.2885517055382019f,0.9830727429441357f,0.29262633699324586f,0.00009208096000702156f,-0.39353009319872384f,0f,0f,0f,1f],start_interpolation:0}
execute if entity @s[tag=aj.dino.bone.leg_left_1] run data modify entity @s {} merge value {transformation:[-0.08454631514219094f,0.9947591703206178f,-0.057498814413114274f,-0.12172563953017083f,0.10197574720511023f,0.06604066498141253f,0.9925923521520666f,0.2518186035656142f,0.9911876046328653f,0.07805654124959192f,-0.10702480455629898f,-0.3863884965559912f,0f,0f,0f,1f],start_interpolation:0}
execute if entity @s[tag=aj.dino.bone.leg_left_0] run data modify entity @s {} merge value {transformation:[-0.10455543290431285f,0.3257290877438801f,-0.9396641542847803f,0.07050347326507901f,0.047150118378681674f,0.9454038468748338f,0.3224723750201588f,0.6022460221780177f,0.9934007387691376f,-0.010589037340816648f,-0.11420527352590495f,-0.265740781935898f,0f,0f,0f,1f],start_interpolation:0}
execute if entity @s[tag=aj.dino.bone.leg_right_3] run data modify entity @s {} merge value {transformation:[-0.4546064496661717f,0.04469339496641758f,-0.8895703886530252f,0.09829233485541167f,0.026799355253849026f,0.998974448231743f,0.03649446996548833f,0.05697270494085488f,0.8902891499282113f,-0.007249291445357631f,-0.45533798138706133f,0.2859496531076853f,0f,0f,0f,1f],start_interpolation:0}
execute if entity @s[tag=aj.dino.bone.leg_right_2] run data modify entity @s {} merge value {transformation:[-0.4667141061138236f,-0.028814315206445392f,-0.9129128533952475f,0.06408671371932245f,0.20033439862470495f,0.9969968624052609f,-0.13388646153527595f,0.28492274020132985f,0.8911264059507761f,-0.23922623412565527f,-0.44802537542421056f,0.21495790025245473f,0f,0f,0f,1f],start_interpolation:0}
execute if entity @s[tag=aj.dino.bone.leg_right_1] run data modify entity @s {} merge value {transformation:[-0.30622173355278187f,0.8932723217785489f,-0.32907872772983954f,0.3181153932477732f,-0.16615528413685962f,0.29022618214410867f,0.9424230391663044f,0.3104764540800701f,0.9373476790675533f,0.34326858630293483f,0.05954835181813262f,0.3237228916044555f,0f,0f,0f,1f],start_interpolation:0}
execute if entity @s[tag=aj.dino.bone.leg_right_0] run data modify entity @s {} merge value {transformation:[-0.3602341311866485f,-0.9172942904466037f,-0.16971315636173448f,0.013658003139129102f,-0.15173828781299617f,0.23712201399406743f,-0.959556482178604f,0.4993356223688338f,0.9204384079012464f,-0.3199130119164574f,-0.22460810774938597f,0.10937459857191816f,0f,0f,0f,1f],start_interpolation:0}
execute if entity @s[tag=aj.dino.bone.tail_4] run data modify entity @s {} merge value {transformation:[2.202499402538437f,-0.6965806029306513f,1.513087299873541f,-1.0054763224732057f,1.2096540973321885f,2.393353196403049f,-0.6589831361080194f,0.7513235633143994f,-1.1451614201610527f,1.1884011412347613f,2.2140391552288863f,0.692916345937752f,0f,0f,0f,1f],start_interpolation:0}
execute if entity @s[tag=aj.dino.bone.tail_3] run data modify entity @s {} merge value {transformation:[1.6599145349159714f,-1.248307889902346f,0.14952148617069197f,-1.0186139683875313f,1.2327943956787235f,1.6646882026470653f,0.21207708974630257f,0.6990728450677203f,-0.24667233489443247f,-0.08053648874691868f,2.066061993073415f,0.34337669419949546f,0f,0f,0f,1f],start_interpolation:0}
execute if entity @s[tag=aj.dino.bone.tail_2] run data modify entity @s {} merge value {transformation:[1.8021414757125542f,-0.7096909730742501f,-0.2596125945640536f,-0.96918884260356f,0.754905023837541f,1.66021214879107f,0.7018460664520093f,0.5695544572613923f,-0.03432756187376317f,-0.7475347608949304f,1.8052111440915546f,0.007588623937270583f,0f,0f,0f,1f],start_interpolation:0}
execute if entity @s[tag=aj.dino.bone.tail_1] run data modify entity @s {} merge value {transformation:[0.6886854645975256f,-0.19228364811787585f,-1.3328149081993992f,-0.6806894263913005f,0.8220609052897433f,1.2457212408576022f,0.24505245983340943f,0.5008088728045551f,1.0665760398800919f,-0.8359795683763316f,0.6717216405707231f,-0.12775836886900307f,0f,0f,0f,1f],start_interpolation:0}
execute if entity @s[tag=aj.dino.bone.tail_0] run data modify entity @s {} merge value {transformation:[0.07133542787125001f,0.18795619233664268f,-1.2623071904559386f,-0.30727820885568263f,-0.12661121749444987f,1.2590828552086761f,0.18032104676983535f,0.4784987840427961f,1.2699277825604993f,0.11497195338823721f,0.08888528336622543f,-0.15095823651498844f,0f,0f,0f,1f],start_interpolation:0}
execute if entity @s[tag=aj.dino.bone.body_1] run data modify entity @s {} merge value {transformation:[-0.1787854258337615f,-0.2772941970493828f,-1.19153191096522f,-0.011585998271723668f,-0.3236648340112597f,1.172001331276287f,-0.22418418714825836f,0.45167586047221653f,1.1797802514833662f,0.279509217782884f,-0.24206972227128287f,-0.11350734629686716f,0f,0f,0f,1f],start_interpolation:0}