execute if entity @s[tag=aj.dino.bone.head_lower] run data modify entity @s {} merge value {transformation:[-0.6548790868237904f,0.012601189935519938f,-0.7556286069578411f,0.41934351364726297f,0.025062197978075997f,0.9996731403606602f,-0.00504962117027162f,0.8456539744502238f,0.755317991228427f,-0.022244605046268656f,-0.6549808467985831f,0.5762111723781556f,0f,0f,0f,1f],start_interpolation:0}
execute if entity @s[tag=aj.dino.bone.head_upper] run data modify entity @s {} merge value {transformation:[-0.6816633686085973f,0.11304984736517784f,-0.77847718431011f,0.3680042441126879f,0.026087231432796818f,1.0327767493816793f,0.12713608801709567f,0.8776172285485067f,0.7862101823538401f,0.06374841590838957f,-0.6791771721839739f,0.5310660033907465f,0f,0f,0f,1f],start_interpolation:0}
execute if entity @s[tag=aj.dino.bone.neck_0] run data modify entity @s {} merge value {transformation:[-0.7091847218366564f,-0.22820942404628172f,-0.6670663303524836f,0.3288039066009115f,-0.0016768247757025442f,0.9467061905384253f,-0.32209405001473423f,0.8414237486256698f,0.7050207220870433f,-0.22730562591516928f,-0.6717722336143234f,0.4910897378781337f,0f,0f,0f,1f],start_interpolation:0}
execute if entity @s[tag=aj.dino.bone.neck_1] run data modify entity @s {} merge value {transformation:[-0.8132814094034062f,0.1380741937609007f,-0.565251153148834f,0.2815558055592025f,0.21164843911770714f,0.9750922542815248f,-0.06633275103003045f,0.8402966221250122f,0.542013180040714f,-0.17358171752074306f,-0.8222475904523536f,0.42063490569229134f,0f,0f,0f,1f],start_interpolation:0}
execute if entity @s[tag=aj.dino.bone.neck_2] run data modify entity @s {} merge value {transformation:[-0.8689006109497134f,-0.03034751221394273f,-0.49405541874737036f,0.23797572434952258f,0.07892554297421495f,0.9768546555081477f,-0.19881081630103337f,0.832443321147504f,0.4886537495583557f,-0.2117404319313684f,-0.8463944131006993f,0.3444113359801937f,0f,0f,0f,1f],start_interpolation:0}
execute if entity @s[tag=aj.dino.bone.body_0] run data modify entity @s {} merge value {transformation:[-0.8463534987432391f,-0.1380132559544021f,-0.5144298750519285f,-0.005787895429955468f,0.0915228464545227f,0.9137941340143798f,-0.39573204219240493f,0.6546413250265363f,0.5246992698126612f,-0.3820112849403459f,-0.7607614964207152f,-0.01777183943044075f,0f,0f,0f,1f],start_interpolation:0}
execute if entity @s[tag=aj.dino.bone.leg_left_3] run data modify entity @s {} merge value {transformation:[-0.9419081110899014f,-0.026250483754168594f,-0.3348432803054683f,0.22090223190164315f,-0.047136704402252504f,0.9974059264350331f,0.05440173719991115f,-0.018275531082908247f,0.33254660028505606f,0.06702484625081698f,-0.9407020934514313f,-0.3631111693013084f,0f,0f,0f,1f],start_interpolation:0}
execute if entity @s[tag=aj.dino.bone.leg_left_2] run data modify entity @s {} merge value {transformation:[-0.9581768212771977f,-0.20115289751989587f,-0.3057726123889609f,0.16307754551765732f,-0.11674691179937825f,0.980117436540962f,-0.27893040112970163f,0.20138710292389184f,0.34688548146777143f,-0.22576430609912243f,-0.9384898189853464f,-0.4442018896816571f,0f,0f,0f,1f],start_interpolation:0}
execute if entity @s[tag=aj.dino.bone.leg_left_1] run data modify entity @s {} merge value {transformation:[-0.9733674702737638f,0.19305930337481686f,0.12362796282914326f,0.22835418312293843f,0.20432391873100111f,0.48603252117821916f,0.8497200271804538f,0.2842917480762007f,0.10395914604911322f,0.8523499831275732f,-0.5125348790230424f,-0.18753251859331668f,0f,0f,0f,1f],start_interpolation:0}
execute if entity @s[tag=aj.dino.bone.leg_left_0] run data modify entity @s {} merge value {transformation:[-0.981032996054663f,0.1001836597215871f,-0.1659442526175609f,0.1671282184513443f,0.1496963846222609f,0.9354346320993611f,-0.32023903806400156f,0.6950492861385444f,0.12314728207733922f,-0.33900631763128264f,-0.9326893714002761f,-0.2303916452695336f,0f,0f,0f,1f],start_interpolation:0}
execute if entity @s[tag=aj.dino.bone.leg_right_3] run data modify entity @s {} merge value {transformation:[-0.9292354185470221f,0.28801312219859393f,0.23145189210537612f,-0.46755529419221026f,0.33893577368760314f,0.9138564664991554f,0.22358197591144324f,0.2567757194919027f,-0.14711926533437697f,0.28620761708783565f,-0.9468057465438078f,-0.1905865084939224f,0f,0f,0f,1f],start_interpolation:0}
execute if entity @s[tag=aj.dino.bone.leg_right_2] run data modify entity @s {} merge value {transformation:[-0.908289028615137f,0.4477693982019329f,0.16302087606176097f,-0.35673372246484053f,0.4558983412561718f,0.9186601638235649f,0.016804920238656988f,0.47072614636510396f,-0.13867206798031254f,0.08733996186302824f,-1.012523574108042f,-0.2013040710277298f,0f,0f,0f,1f],start_interpolation:0}
execute if entity @s[tag=aj.dino.bone.leg_right_1] run data modify entity @s {} merge value {transformation:[-0.9955404763490242f,-0.05198173656939909f,0.0787214012450719f,-0.394857434577551f,0.07238746471472671f,0.11415971842181899f,0.990821686097971f,0.4506319493217572f,-0.06049144487390093f,0.9921015360098389f,-0.10988779433580032f,0.07284222473366847f,0f,0f,0f,1f],start_interpolation:0}
execute if entity @s[tag=aj.dino.bone.leg_right_0] run data modify entity @s {} merge value {transformation:[-0.9884479060544832f,0.15006807274040077f,-0.02122052215402208f,-0.21927595081927842f,0.10841591978111728f,0.6022607392261389f,-0.7909032749488393f,0.7388774299097688f,-0.1059090428363976f,-0.7840673284423771f,-0.6115731347228324f,-0.17290757495349862f,0f,0f,0f,1f],start_interpolation:0}
execute if entity @s[tag=aj.dino.bone.tail_4] run data modify entity @s {} merge value {transformation:[0.4620759760854218f,-1.8992778880237418f,-1.950612885220637f,-1.2994906587641175f,2.6624794406135965f,-0.09799808137205537f,0.7261273551914332f,0.6273763395259333f,-0.5686390350957404f,-2.0021990939243453f,1.8148029555998406f,-0.8408600672242249f,0f,0f,0f,1f],start_interpolation:0}
execute if entity @s[tag=aj.dino.bone.tail_3] run data modify entity @s {} merge value {transformation:[0.17673499879554727f,-0.933336017873224f,-1.852995991357168f,-0.9761575888167568f,1.9421838378123932f,-0.5797403277187849f,0.4772511064432272f,0.5521254025113324f,-0.7298165566671578f,-1.768821798882384f,0.8213298749329803f,-0.9628179525437294f,0f,0f,0f,1f],start_interpolation:0}
execute if entity @s[tag=aj.dino.bone.tail_2] run data modify entity @s {} merge value {transformation:[-0.12804937795423169f,-0.11775402103431043f,-1.9464098289770737f,-0.6144469582125024f,1.9392893835867193f,0.1961746723540997f,-0.13944912920983074f,0.5795293692207857f,0.203798720594985f,-1.940727534575575f,0.10400285105147096f,-0.9824629591764689f,0f,0f,0f,1f],start_interpolation:0}
execute if entity @s[tag=aj.dino.bone.tail_1] run data modify entity @s {} merge value {transformation:[-0.42644606655328465f,0.48853122347556227f,-1.3664323056817347f,-0.32597034628567584f,1.4198859012404477f,0.43445498869221316f,-0.28780052164485564f,0.6347935479691531f,0.2995396965008705f,-1.3639070190045655f,-0.5811108876369874f,-0.8410281971223128f,0f,0f,0f,1f],start_interpolation:0}
execute if entity @s[tag=aj.dino.bone.tail_0] run data modify entity @s {} merge value {transformation:[-0.9521103532449082f,0.3165430862354029f,-0.7919103903753567f,-0.08691697596520621f,0.34082959452873f,1.229234237262745f,0.08157263032713076f,0.640619741297004f,0.7817651689102457f,-0.15039741048858365f,-1.0000297776471914f,-0.5524256106638541f,0f,0f,0f,1f],start_interpolation:0}
execute if entity @s[tag=aj.dino.bone.body_1] run data modify entity @s {} merge value {transformation:[-1.2152847675271945f,0.09863395183332317f,-0.20483864971817337f,-0.04593855584942021f,0.13784446377662382f,1.205519007550858f,-0.23733398681179188f,0.6145963085937503f,0.18079389557935263f,-0.25612469821472983f,-1.1959591553819493f,-0.25713004374456455f,0f,0f,0f,1f],start_interpolation:0}