execute if entity @s[tag=aj.dino.bone.head_lower] run data modify entity @s {} merge value {transformation:[-0.8822654378237643f,-0.2205645178653785f,-0.41588338591539614f,-0.6208804038239585f,-0.3355527184862785f,0.9142709766862754f,0.22696465430897478f,0.15857312873951204f,0.3301697598783233f,0.3397938708216162f,-0.8806407071070204f,0.1502420828804121f,0f,0f,0f,1f],start_interpolation:0}
execute if entity @s[tag=aj.dino.bone.head_upper] run data modify entity @s {} merge value {transformation:[-0.9183497266201572f,-0.04644843898385118f,-0.4877994103278034f,-0.6558360794918126f,-0.3492766848587346f,0.7888151775847989f,0.5824503031241907f,0.21632992898845024f,0.3436735654866135f,0.6775581899079464f,-0.7115302679843581f,0.11651213690647207f,0f,0f,0f,1f],start_interpolation:0}
execute if entity @s[tag=aj.dino.bone.neck_0] run data modify entity @s {} merge value {transformation:[-0.9175526175012731f,-0.39725322798852486f,0.01694305076599384f,-0.6479958611314769f,-0.3875442979730658f,0.9030314873917095f,0.18532012812341914f,0.213780406975027f,-0.08891912744244365f,0.16347478592068546f,-0.982532128300678f,0.050354996945148084f,0f,0f,0f,1f],start_interpolation:0}
execute if entity @s[tag=aj.dino.bone.neck_1] run data modify entity @s {} merge value {transformation:[-0.975019956516372f,-0.1964357476929322f,0.10367777690098517f,-0.6401179475922945f,-0.12769290439922237f,0.877645671218744f,0.4619876599619207f,0.25696002926343453f,-0.1817432435082601f,0.43720827167303095f,-0.8808054953392253f,-0.022246625225646882f,0f,0f,0f,1f],start_interpolation:0}
execute if entity @s[tag=aj.dino.bone.neck_2] run data modify entity @s {} merge value {transformation:[-0.8220219062899324f,-0.3036387606702503f,0.4817504422396514f,-0.6008858089649713f,-0.03186904618507954f,0.869187514046586f,0.49345458688796184f,0.30870024098893406f,-0.5685634084908369f,0.3902775530877356f,-0.7241678549073627f,-0.08186809940624407f,0f,0f,0f,1f],start_interpolation:0}
execute if entity @s[tag=aj.dino.bone.body_0] run data modify entity @s {} merge value {transformation:[-0.6193357493540717f,-0.07166362134586074f,0.7818488056828042f,-0.23308608435253297f,0.13127460564359728f,0.9723549591653905f,0.19311346742159083f,0.4089767904389762f,-0.7740737739292994f,0.2222389676948417f,-0.592806573641675f,-0.35913851057291135f,0f,0f,0f,1f],start_interpolation:0}
execute if entity @s[tag=aj.dino.bone.leg_left_3] run data modify entity @s {} merge value {transformation:[0.23596688989852307f,0.044022519557628724f,0.9707634339237422f,-0.0600618254824573f,-0.052056327155857694f,0.998111606453407f,-0.03260919910150849f,0.010014887555258117f,-0.970365789625057f,-0.04283968761321346f,0.23781294222674615f,0.07635340470362842f,0f,0f,0f,1f],start_interpolation:0}
execute if entity @s[tag=aj.dino.bone.leg_left_2] run data modify entity @s {} merge value {transformation:[0.4521367655852676f,0.061747298037918334f,0.9185977443319806f,-0.01657839998180638f,-0.26613115429279394f,0.98846858172082f,0.0645466588315023f,0.2420073895402917f,-0.8813675472931665f,-0.2667945532362715f,0.4517456280281864f,0.026757610572783377f,0f,0f,0f,1f],start_interpolation:0}
execute if entity @s[tag=aj.dino.bone.leg_left_1] run data modify entity @s {} merge value {transformation:[0.4761801625216407f,-0.8705140692957218f,-0.12432903111931126f,-0.25595934901730705f,0.13585659401287248f,-0.06686081713834702f,0.9884698361582989f,0.16871299259625017f,-0.8687896400648923f,-0.4875806459343883f,0.08642728172353473f,-0.09298410427729689f,0f,0f,0f,1f],start_interpolation:0}
execute if entity @s[tag=aj.dino.bone.leg_left_0] run data modify entity @s {} merge value {transformation:[0.46336551347484584f,0.24574773155451035f,0.8514108604886389f,-0.1749028534866504f,0.08054878695017526f,0.9451218005542382f,-0.3166333447980013f,0.5749403217229478f,-0.8824988916950817f,0.2152970844041486f,0.4181421667376123f,-0.14510396773962173f,0f,0f,0f,1f],start_interpolation:0}
execute if entity @s[tag=aj.dino.bone.leg_right_3] run data modify entity @s {} merge value {transformation:[0.6958081516239037f,-0.18957138777219842f,0.6927580422282008f,-0.010251590288312979f,0.1614446109584229f,0.9811368695177607f,0.1063300562652538f,0.0165558855522486f,-0.6998475932131293f,0.037856732703858365f,0.7132883106169473f,-0.6864686552036775f,0f,0f,0f,1f],start_interpolation:0}
execute if entity @s[tag=aj.dino.bone.leg_right_2] run data modify entity @s {} merge value {transformation:[0.7060513041582185f,-0.07836350753782625f,0.7398735811498761f,-0.006747955128899696f,0.2694835099782482f,0.9776724449891385f,-0.15361454247387443f,0.23928446467531492f,-0.6934928934365341f,0.3001298893746227f,0.6935790191158429f,-0.5939982456203663f,0f,0f,0f,1f],start_interpolation:0}
execute if entity @s[tag=aj.dino.bone.leg_right_1] run data modify entity @s {} merge value {transformation:[0.5991233433563647f,-0.7481587799741521f,0.2851484865698566f,-0.21319060627181158f,-0.10344168933036188f,0.28082935687044536f,0.9541670132781856f,0.26291147886756755f,-0.7939464946417814f,-0.6011599722763656f,0.09086061511297f,-0.7779454707943567f,0f,0f,0f,1f],start_interpolation:0}
execute if entity @s[tag=aj.dino.bone.leg_right_0] run data modify entity @s {} merge value {transformation:[0.6395079578245453f,0.6785305515907751f,0.3614220004883458f,-0.050558656690123674f,-0.07240238487093043f,0.5211886774786196f,-0.8503647788643937f,0.5451907326094791f,-0.7653675369024225f,0.5176472283573106f,0.38243153691858767f,-0.516839074000594f,0f,0f,0f,1f],start_interpolation:0}
execute if entity @s[tag=aj.dino.bone.tail_4] run data modify entity @s {} merge value {transformation:[0.8592232431250499f,-1.052009370747438f,-2.4043030245651758f,-0.16221357008302167f,-2.57503267393939f,-0.826270203689446f,-0.5586999286196123f,0.2274263304791619f,-0.5065604388601901f,2.4158259800644957f,-1.2380802427254827f,0.6396872836237444f,0f,0f,0f,1f],start_interpolation:0}
execute if entity @s[tag=aj.dino.bone.tail_3] run data modify entity @s {} merge value {transformation:[0.7427807521633062f,0.4789074582423369f,-1.8854362695938631f,0.15280026113593698f,-1.850055844649507f,-0.44988491026509064f,-0.8431147402568736f,0.37478991089246655f,-0.6012617166744915f,1.9759040310703553f,0.2650153469254327f,0.5754147020411551f,0f,0f,0f,1f],start_interpolation:0}
execute if entity @s[tag=aj.dino.bone.tail_2] run data modify entity @s {} merge value {transformation:[1.009662352128252f,1.0475020455575283f,-1.3046437346074276f,0.39632652779593486f,-1.588536519703586f,0.1217792474378952f,-1.1315897734887217f,0.5840043205791845f,-0.5252690122838402f,1.6452000347827098f,0.9144305251292218f,0.40542713721589385f,0f,0f,0f,1f],start_interpolation:0}
execute if entity @s[tag=aj.dino.bone.tail_1] run data modify entity @s {} merge value {transformation:[1.368442351436095f,0.6407155564256202f,-0.067121952819174f,0.4016309660097992f,-0.624344412091894f,1.2801568071543241f,-0.5089684216000784f,0.678476532950552f,-0.15879494918188863f,0.488199113938827f,1.42270940084884f,0.0934599257597496f,0f,0f,0f,1f],start_interpolation:0}
execute if entity @s[tag=aj.dino.bone.tail_0] run data modify entity @s {} merge value {transformation:[1.1079710563556913f,-0.05495628909595582f,0.634992646532921f,0.21474516293873408f,0.014149005031931842f,1.2752624182031982f,0.08568131044262489f,0.6842128164521463f,-0.6372092752924171f,-0.06724052045724223f,1.1060193345841558f,-0.23136726362385734f,0f,0f,0f,1f],start_interpolation:0}
execute if entity @s[tag=aj.dino.bone.body_1] run data modify entity @s {} merge value {transformation:[0.3910765470840159f,-0.39321633742863626f,1.1050088874557988f,-0.01566801390246131f,-0.0935658188110037f,1.1506441936483842f,0.442569737137252f,0.5038175f,-1.169148907080411f,-0.22361450458035745f,0.33420350307890456f,-0.29400287288176485f,0f,0f,0f,1f],start_interpolation:0}