execute if entity @s[tag=aj.dino.bone.head_lower] run data modify entity @s {} merge value {transformation:[0.17358572382500206f,0.3927858385371498f,-0.9030987108444004f,0.888260673361f,-0.40701341887735615f,0.8636522597856213f,0.2973967905357357f,0.25757620337405074f,0.8967764901790836f,0.31594945673613417f,0.3097868096776004f,-0.2609035941958793f,0f,0f,0f,1f],start_interpolation:0}
execute if entity @s[tag=aj.dino.bone.head_upper] run data modify entity @s {} merge value {transformation:[0.18068530760205972f,0.9553228204575273f,-0.37172983592029724f,0.8841422091012202f,-0.4236600981205155f,0.4133075618492581f,0.8562481668081074f,0.3257528920270672f,0.9334542749705372f,0.002666573607422368f,0.4605734995719272f,-0.22880322241847695f,0f,0f,0f,1f],start_interpolation:0}
execute if entity @s[tag=aj.dino.bone.neck_0] run data modify entity @s {} merge value {transformation:[0.1310863362873404f,0.5919659187993296f,-0.7952312389606105f,0.8230699920608303f,-0.4223441984665536f,0.7590651093643962f,0.49542460351426043f,0.3456033958084962f,0.8969067679867327f,0.2709179040330908f,0.34951643568494783f,-0.21089015289670413f,0f,0f,0f,1f],start_interpolation:0}
execute if entity @s[tag=aj.dino.bone.neck_1] run data modify entity @s {} merge value {transformation:[0.12190767980701382f,0.6031086161201434f,-0.7882883449383962f,0.7590700689659093f,-0.1245043405000856f,0.7972308082846411f,0.5906959518385554f,0.399315838493506f,0.9847015724577216f,0.02613494755042519f,0.1722781986086086f,-0.1961755278867019f,0f,0f,0f,1f],start_interpolation:0}
execute if entity @s[tag=aj.dino.bone.neck_2] run data modify entity @s {} merge value {transformation:[-0.04918736329988613f,0.34253948023307845f,-0.938214958190956f,0.6802290776148521f,-0.19518636901993777f,0.9179437988251277f,0.34537148629744546f,0.4385602144846818f,0.9795319722400172f,0.20011468381941955f,0.021707802270982207f,-0.1923145137729773f,0f,0f,0f,1f],start_interpolation:0}
execute if entity @s[tag=aj.dino.bone.body_0] run data modify entity @s {} merge value {transformation:[0.22859201473227314f,0.13482980614592077f,-0.9641403498325819f,0.22711776870586567f,-0.229242597417251f,0.9699687172726293f,0.0812927982165845f,0.4861133699290831f,0.9461466706224952f,0.20243915354284495f,0.2526358382787843f,-0.07131970459014234f,0f,0f,0f,1f],start_interpolation:0}
execute if entity @s[tag=aj.dino.bone.leg_left_3] run data modify entity @s {} merge value {transformation:[0.06954062143946702f,0.07717080144891593f,-0.9945897492803476f,-0.3935723307572004f,0.013998673956078116f,0.9968297177769756f,0.07832337380467227f,0.06379515192127386f,0.9974808966076916f,-0.019369593707845526f,0.06823986915512681f,-0.44511388720051553f,0f,0f,0f,1f],start_interpolation:0}
execute if entity @s[tag=aj.dino.bone.leg_left_2] run data modify entity @s {} merge value {transformation:[0.02740579020587263f,0.04100825301551339f,-1.0245142484848622f,-0.4156329289860603f,-0.28865308144845697f,0.9837375585549089f,0.03165460407953238f,0.2936334074270267f,0.9838650927511335f,0.28747337019928854f,0.037825126473823134f,-0.3754089492271358f,0f,0f,0f,1f],start_interpolation:0}
execute if entity @s[tag=aj.dino.bone.leg_left_1] run data modify entity @s {} merge value {transformation:[-0.04911948522227308f,0.9975101624650552f,-0.05060387287983198f,-0.14097850513597907f,0.10680825862107635f,0.05562046593485487f,0.9927227002841845f,0.25396630734341885f,0.9930655930309096f,0.043357116464646836f,-0.10927437206426242f,-0.37761219462939377f,0f,0f,0f,1f],start_interpolation:0}
execute if entity @s[tag=aj.dino.bone.leg_left_0] run data modify entity @s {} merge value {transformation:[-0.07047690038947645f,0.34990503704496656f,-0.9341303290023575f,0.06425488577607777f,0.05253498353846144f,0.936461277604171f,0.34681457733575377f,0.5995271037813991f,0.9961290488767534f,-0.024632105036406032f,-0.084381143541493f,-0.26458887940487574f,0f,0f,0f,1f],start_interpolation:0}
execute if entity @s[tag=aj.dino.bone.leg_right_3] run data modify entity @s {} merge value {transformation:[-0.43272035821006793f,0.04815891572006678f,-0.9002409735327633f,0.1098321507705694f,0.02568034768755926f,0.9988254198938615f,0.041088931800395245f,0.05582221086399233f,0.9011623667981239f,-0.005338483915772255f,-0.4334488311857403f,0.2854186793402971f,0f,0f,0f,1f],start_interpolation:0}
execute if entity @s[tag=aj.dino.bone.leg_right_2] run data modify entity @s {} merge value {transformation:[-0.44489294181777583f,-0.03447424448964145f,-0.9235496718034646f,0.07394463012343f,0.19656897891070854f,0.9980047076023087f,-0.13194483557277292f,0.284073019905995f,0.9030465693149057f,-0.23422282034676536f,-0.42627310914257804f,0.2162469647490856f,0f,0f,0f,1f],start_interpolation:0}
execute if entity @s[tag=aj.dino.bone.leg_right_1] run data modify entity @s {} merge value {transformation:[-0.28438387667088966f,0.9010902170928674f,-0.3273564286052202f,0.33044075778106785f,-0.17044520042280734f,0.2884945564552299f,0.9421885822639378f,0.3090833035492255f,0.9434374618078641f,0.3237395736625791f,0.07154330228823765f,0.31919164828586416f,0f,0f,0f,1f],start_interpolation:0}
execute if entity @s[tag=aj.dino.bone.leg_right_0] run data modify entity @s {} merge value {transformation:[-0.33895643399163183f,-0.9273458885154185f,-0.15855011481933798f,0.018653964703197825f,-0.15692351163866083f,0.2218941457347123f,-0.9623606390452872f,0.49279470688967036f,0.9276225241716953f,-0.30131808963653506f,-0.2207348216913711f,0.11099367877281899f,0f,0f,0f,1f],start_interpolation:0}
execute if entity @s[tag=aj.dino.bone.tail_4] run data modify entity @s {} merge value {transformation:[1.89612273878412f,-0.6657418434489957f,1.8939819663732134f,-0.915395586595685f,1.300508576570498f,2.3919969554895437f,-0.46118254389702884f,0.7688467062461344f,-1.5293977028008077f,1.2086354679595874f,1.9559663350522474f,0.7435860563200959f,0f,0f,0f,1f],start_interpolation:0}
execute if entity @s[tag=aj.dino.bone.tail_3] run data modify entity @s {} merge value {transformation:[1.5413737573726973f,-1.332763582094921f,0.42878164649240014f,-0.9750589706337822f,1.2919459570773573f,1.5997347189975224f,0.3281310696502778f,0.6975531425114576f,-0.5394331377647191f,0.02314279844526815f,2.011074793936286f,0.40235561833148714f,0f,0f,0f,1f],start_interpolation:0}
execute if entity @s[tag=aj.dino.bone.tail_2] run data modify entity @s {} merge value {transformation:[1.7616868936605061f,-0.8404601705169235f,-0.09412685845304235f,-0.9564583125963744f,0.8085710156248517f,1.6101001864460713f,0.7566797058865131f,0.5578690596613122f,-0.24788319103757567f,-0.721094977366898f,1.7992636916861404f,0.06752154526240751f,0f,0f,0f,1f],start_interpolation:0}
execute if entity @s[tag=aj.dino.bone.tail_1] run data modify entity @s {} merge value {transformation:[0.7680848315807218f,-0.29226892076328753f,-1.2697562047304505f,-0.6803820650797545f,0.8609440726322265f,1.2201903472074156f,0.23993138681982284f,0.49050041389554944f,0.9779965466682645f,-0.8446127186691604f,0.7860078626624795f,-0.09222840974120854f,0f,0f,0f,1f],start_interpolation:0}
execute if entity @s[tag=aj.dino.bone.tail_0] run data modify entity @s {} merge value {transformation:[0.15740602975148496f,0.1846946888132431f,-1.2549688961508494f,-0.30919397358779005f,-0.13393508234546597f,1.2599451118463625f,0.16862806835043287f,0.4716280929866861f,1.261396231205332f,0.11073348022465607f,0.17450891336074453f,-0.14055177405752178f,0f,0f,0f,1f],start_interpolation:0}
execute if entity @s[tag=aj.dino.bone.body_1] run data modify entity @s {} merge value {transformation:[-0.14342004867516875f,-0.27886135919241617f,-1.1959396418898491f,-0.012371467814639592f,-0.3356854466374577f,1.1671118347938851f,-0.23188324876133645f,0.4469244356808467f,1.1812495780359342f,0.2978101786199719f,-0.21109980330762432f,-0.11153365576403221f,0f,0f,0f,1f],start_interpolation:0}