execute if entity @s[tag=aj.dino.bone.head_lower] run data modify entity @s {} merge value {transformation:[-0.9162077960613201f,-0.39537304952525f,-0.06514158537802459f,0.07627001329446556f,-0.37827070140813573f,0.9070405234954361f,-0.18490204215562933f,0.40958211224958996f,0.1321913419731235f,-0.14476753933886294f,-0.9805956397318495f,0.8256417588147277f,0f,0f,0f,1f],start_interpolation:0}
execute if entity @s[tag=aj.dino.bone.head_upper] run data modify entity @s {} merge value {transformation:[-0.9536803131669798f,-0.27129489278892627f,-0.3168041729647562f,0.048042463488913924f,-0.3937418154829363f,0.8464119760620018f,0.4604629106698233f,0.46020894067830426f,0.13759791278009842f,0.5417174452691822f,-0.8781121605313856f,0.7773138562425956f,0f,0f,0f,1f],start_interpolation:0}
execute if entity @s[tag=aj.dino.bone.neck_0] run data modify entity @s {} merge value {transformation:[-0.9633343994720929f,-0.25312104063678365f,0.08897512900071416f,0.0582156686777826f,-0.24951223656316437f,0.9670921868713024f,0.049762896798010464f,0.44780960704136297f,-0.09864318830507024f,0.025737926867438976f,-0.9947899680442986f,0.7126029709462107f,0f,0f,0f,1f],start_interpolation:0}
execute if entity @s[tag=aj.dino.bone.neck_1] run data modify entity @s {} merge value {transformation:[-0.9983355166948911f,-0.04768774776441062f,0.03243570283965615f,0.060743706933919075f,-0.03752374034297527f,0.9641723040561003f,0.26260947622243885f,0.47449789771002737f,-0.04379686080322995f,0.2609552582423062f,-0.9643568780174038f,0.6321114744494277f,0f,0f,0f,1f],start_interpolation:0}
execute if entity @s[tag=aj.dino.bone.neck_2] run data modify entity @s {} merge value {transformation:[-0.9982433470455968f,0.03814116673258651f,-0.04533730781024519f,0.05714524460047425f,0.021908237662800402f,0.9486164086370095f,0.31566903298729254f,0.5114404200432734f,0.055047699331708125f,0.31412125153338355f,-0.9477856245656961f,0.5521537887235825f,0f,0f,0f,1f],start_interpolation:0}
execute if entity @s[tag=aj.dino.bone.body_0] run data modify entity @s {} merge value {transformation:[-0.9948791465348822f,0.027424279388477434f,-0.09727997065196367f,0.011558809773618197f,0.017267992916703237f,0.9944536956727472f,0.10374807749275888f,0.5698099144287225f,0.09958564259296052f,0.10153696894647558f,-0.9898348062815884f,0.08661562295401973f,0f,0f,0f,1f],start_interpolation:0}
execute if entity @s[tag=aj.dino.bone.leg_left_3] run data modify entity @s {} merge value {transformation:[-0.9952503449913476f,-0.013298713473293016f,-0.09643596328423926f,0.27729594498753213f,-0.01435334568464614f,0.9998444411260765f,0.010250610564337959f,0.02364562768092554f,0.09628464188156369f,0.011586102417980026f,-0.995286406000052f,-0.10975193634262459f,0f,0f,0f,1f],start_interpolation:0}
execute if entity @s[tag=aj.dino.bone.leg_left_2] run data modify entity @s {} merge value {transformation:[-1.0180459453734463f,-0.11209755334085497f,-0.05548685559999379f,0.24787200131797285f,-0.08605398547390276f,0.957934935285473f,-0.3563952452606085f,0.23579115853306237f,0.09077094355264669f,-0.34908021684894436f,-0.9601905214653766f,-0.22065539591179822f,0f,0f,0f,1f],start_interpolation:0}
execute if entity @s[tag=aj.dino.bone.leg_left_1] run data modify entity @s {} merge value {transformation:[-0.9603679688652811f,-0.008351535937638085f,0.2786101509727474f,0.2499530406996189f,0.24863086642401697f,0.4261726365836025f,0.8698043320705088f,0.30048614689203357f,-0.1260002247570113f,0.9046033029316575f,-0.4072060997656095f,0.04920311037638671f,0f,0f,0f,1f],start_interpolation:0}
execute if entity @s[tag=aj.dino.bone.leg_left_0] run data modify entity @s {} merge value {transformation:[-0.9774668370881331f,0.20644146075929046f,0.04405117106833171f,0.21376705949721375f,0.17075731474332295f,0.895983696814638f,-0.40994530672276874f,0.7055054893521089f,-0.12409883905408156f,-0.3931858826585022f,-0.9110457396988825f,-0.045439298521953234f,0f,0f,0f,1f],start_interpolation:0}
execute if entity @s[tag=aj.dino.bone.leg_right_3] run data modify entity @s {} merge value {transformation:[-0.9593043880113654f,0.1303390951105205f,0.25049313648862803f,-0.271217802711103f,0.17295844845978744f,0.9724345025761791f,0.15638578357959002f,0.13840383002592563f,-0.22320498706015235f,0.19334647264739552f,-0.9554039330389464f,-0.2944315291771756f,0f,0f,0f,1f],start_interpolation:0}
execute if entity @s[tag=aj.dino.bone.leg_right_2] run data modify entity @s {} merge value {transformation:[-0.985359237595561f,0.2014944972407678f,0.20131900051281648f,-0.2164994041862921f,0.23054492086575193f,0.9899373251829878f,0.1376057090866886f,0.37305175358332066f,-0.16726748592835786f,0.17744367921100043f,-0.9962918891368959f,-0.28360005194188953f,0f,0f,0f,1f],start_interpolation:0}
execute if entity @s[tag=aj.dino.bone.leg_right_1] run data modify entity @s {} merge value {transformation:[-0.9774586597689492f,-0.0985169755028541f,-0.18673235922158665f,-0.25282650380912824f,-0.17643643425828207f,-0.104582699812234f,0.9787403351074315f,0.28921734329483917f,-0.11595151188713544f,0.9896246078376156f,0.08484328172185074f,-0.021558988090552053f,0f,0f,0f,1f],start_interpolation:0}
execute if entity @s[tag=aj.dino.bone.leg_right_0] run data modify entity @s {} merge value {transformation:[-0.9831730466035264f,-0.06663421968418848f,0.17009009729969385f,-0.17851660057560437f,-0.121899603524179f,0.9327863755061093f,-0.33919030695293095f,0.6972457533881548f,-0.136056043941414f,-0.35421668288952f,-0.9252131075972483f,-0.06949783875051763f,0f,0f,0f,1f],start_interpolation:0}
execute if entity @s[tag=aj.dino.bone.tail_4] run data modify entity @s {} merge value {transformation:[-2.591497843083677f,-0.7105859022884611f,0.6362923356143354f,0.26559687259496645f,-0.6933076503296653f,2.6684373719285643f,0.15629403600053074f,0.6880638156516269f,-0.6550761504489463f,-0.01307666486037521f,-2.6826042513850457f,-1.8060589887463867f,0f,0f,0f,1f],start_interpolation:0}
execute if entity @s[tag=aj.dino.bone.tail_3] run data modify entity @s {} merge value {transformation:[-2.0096987371318957f,-0.236317777623893f,0.49113177457156343f,0.1846316279524532f,-0.27377221021613807f,2.060184693863019f,-0.12897026839684164f,0.689771882581901f,-0.47128047798341843f,-0.1890461879961798f,-2.0194310525294688f,-1.4617881431871014f,0f,0f,0f,1f],start_interpolation:0}
execute if entity @s[tag=aj.dino.bone.tail_2] run data modify entity @s {} merge value {transformation:[-1.9281678410899992f,-0.07769040108485632f,0.30806955897716315f,0.12591790908255912f,-0.12804555958503033f,1.9241650117070985f,-0.31617592791918003f,0.7489114749856457f,-0.2907696446668153f,-0.3321552111653109f,-1.9036543290310977f,-1.1081970067089275f,0f,0f,0f,1f],start_interpolation:0}
execute if entity @s[tag=aj.dino.bone.tail_1] run data modify entity @s {} merge value {transformation:[-1.4921976826148728f,0.04575099452502526f,0.24271211856595762f,0.07455531420409378f,0.021292080449739192f,1.5046198604708598f,-0.15271533252025726f,0.7633613454049858f,-0.24606700979393029f,-0.14724867393841629f,-1.4850673737963718f,-0.7865920283720818f,0f,0f,0f,1f],start_interpolation:0}
execute if entity @s[tag=aj.dino.bone.tail_0] run data modify entity @s {} merge value {transformation:[-1.2719389049278698f,0.010222126916743847f,0.126105697080733f,0.03795097667963254f,0.0171828500252681f,1.2761894767548587f,0.0698633356575315f,0.7737423803569848f,-0.12534707168469775f,0.07121547672722373f,-1.270059913578337f,-0.41373244637303763f,0f,0f,0f,1f],start_interpolation:0}
execute if entity @s[tag=aj.dino.bone.body_1] run data modify entity @s {} merge value {transformation:[-1.233776430353224f,-0.04170642733164079f,0.0682707029430423f,0.024888218415805435f,-0.025977802775103687f,1.2067508618320102f,0.2677351420470022f,0.6302144759579265f,-0.07566682710464588f,0.26573958388463925f,-1.2050981702288759f,-0.15146344932537512f,0f,0f,0f,1f],start_interpolation:0}