execute if entity @s[tag=aj.dino.bone.head_lower] run data modify entity @s {} merge value {transformation:[-0.93836380443229f,0.060606930248653226f,-0.3402942411167035f,-0.6719517483877501f,-0.07456506014084235f,0.9258323095857669f,0.3705058519555084f,0.15174193492180726f,0.3375106255179987f,0.37304334135984696f,-0.8642483688902918f,0.11889340432450243f,0f,0f,0f,1f],start_interpolation:0}
execute if entity @s[tag=aj.dino.bone.head_upper] run data modify entity @s {} merge value {transformation:[-0.9767424930486522f,0.19383472844577213f,-0.3031074774811134f,-0.6887978805552605f,-0.07761474003182775f,0.7427558296772323f,0.7250942505590464f,0.21838231426282054f,0.3513146694722576f,0.7030034268140853f,-0.6825218879162472f,0.08773695773511278f,0f,0f,0f,1f],start_interpolation:0}
execute if entity @s[tag=aj.dino.bone.neck_0] run data modify entity @s {} merge value {transformation:[-0.9760950686414458f,-0.21108425098362443f,0.05178663882250514f,-0.6817075654935599f,-0.19017024039036629f,0.9448230446926131f,0.26672962694018554f,0.2203547512591797f,-0.10523163328448681f,0.25050519596300264f,-0.9623790574154327f,0.02147555736568124f,0f,0f,0f,1f],start_interpolation:0}
execute if entity @s[tag=aj.dino.bone.neck_1] run data modify entity @s {} merge value {transformation:[-0.9472282030046408f,-0.1511959277378396f,0.2826632676314561f,-0.6584588175093852f,0.022631425332321486f,0.8480373413328997f,0.5294530066894082f,0.26911317202333834f,-0.31976014451464385f,0.5079098927374035f,-0.799863107562446f,-0.04394346866104003f,0f,0f,0f,1f],start_interpolation:0}
execute if entity @s[tag=aj.dino.bone.neck_2] run data modify entity @s {} merge value {transformation:[-0.7463136414858491f,-0.2522657495415837f,0.6159366364654353f,-0.6069679879843451f,0.12301517271818463f,0.8571729902239408f,0.5001217172965626f,0.3213198446788083f,-0.6541278283433952f,0.4490172117400072f,-0.6086873809666034f,-0.09287288925037973f,0f,0f,0f,1f],start_interpolation:0}
execute if entity @s[tag=aj.dino.bone.body_0] run data modify entity @s {} merge value {transformation:[-0.5452099524847038f,0.000576965314430633f,0.8382993348575749f,-0.21187515877264923f,0.2576311391666245f,0.9517194293253053f,0.16690213892105277f,0.40904651408288967f,-0.7977294678293727f,0.30696871983272317f,-0.5190355490724355f,-0.3345681363776031f,0f,0f,0f,1f],start_interpolation:0}
execute if entity @s[tag=aj.dino.bone.leg_left_3] run data modify entity @s {} merge value {transformation:[0.08071322826530708f,-0.023527047524817518f,0.996459659403108f,-0.0012204302920507532f,-0.03043406562871529f,0.9991970820565156f,0.026056839007298743f,0.009258560865356175f,-0.9962726245522857f,-0.032429450265309814f,0.07993239845763622f,0.041280801108324196f,0f,0f,0f,1f],start_interpolation:0}
execute if entity @s[tag=aj.dino.bone.leg_left_2] run data modify entity @s {} merge value {transformation:[0.3364730791411285f,-0.12246418114278723f,0.9611714679759327f,0.00045984749691108107f,-0.21074503252293714f,0.9838677556601102f,0.19913053542824244f,0.24442378640821574f,-0.9457455248537465f,-0.2628097471747554f,0.2975880348900928f,-0.012250175231955207f,0f,0f,0f,1f],start_interpolation:0}
execute if entity @s[tag=aj.dino.bone.leg_left_1] run data modify entity @s {} merge value {transformation:[0.3487676049621731f,-0.9261026807601176f,-0.1438575073392891f,-0.25044957226579057f,0.19098120229952842f,-0.08004648148391819f,0.9783244559808731f,0.1669874884060194f,-0.9175441886346271f,-0.3686819570998407f,0.14895058379158857f,-0.10203585608266266f,0f,0f,0f,1f],start_interpolation:0}
execute if entity @s[tag=aj.dino.bone.leg_left_0] run data modify entity @s {} merge value {transformation:[0.32651912032125835f,0.4034115207729211f,0.8547774031713231f,-0.12367510652302766f,0.13980911575870172f,0.8737824741436487f,-0.46578707477792214f,0.5642372570569061f,-0.9347933863776537f,0.2715940588214013f,0.22890607680338163f,-0.1227272723441723f,0f,0f,0f,1f],start_interpolation:0}
execute if entity @s[tag=aj.dino.bone.leg_right_3] run data modify entity @s {} merge value {transformation:[0.5168816273728865f,-0.020912362584032895f,0.8558014117629803f,-0.1062273661169936f,0.010521466002144224f,0.9997812552118468f,0.018075964156573976f,0.012933133147996045f,-0.8559922207809614f,-0.0003388483111326501f,0.516988590922759f,-0.685666246075888f,0f,0f,0f,1f],start_interpolation:0}
execute if entity @s[tag=aj.dino.bone.leg_right_2] run data modify entity @s {} merge value {transformation:[0.5360284818181679f,0.13789826702362115f,0.8635506552208078f,-0.04822748003577132f,0.2244602775439158f,0.9572388750464113f,-0.2921874730468163f,0.2266860006095106f,-0.8451942084428363f,0.34167236287481284f,0.47007334104682397f,-0.5901843266745632f,0f,0f,0f,1f],start_interpolation:0}
execute if entity @s[tag=aj.dino.bone.leg_right_1] run data modify entity @s {} merge value {transformation:[0.3592031706220385f,-0.844301913041735f,0.39765231276724805f,-0.2915341572025106f,-0.12765065690644645f,0.37763680421975515f,0.9171127269262178f,0.2780956566884931f,-0.9244881784027458f,-0.38019037827482804f,0.0278726435921631f,-0.71336019187423f,0f,0f,0f,1f],start_interpolation:0}
execute if entity @s[tag=aj.dino.bone.leg_right_0] run data modify entity @s {} merge value {transformation:[0.40670760446400567f,0.8082616208101635f,0.42579581585130355f,-0.056136997905214356f,-0.09777167823445676f,0.5019181229103599f,-0.8593712217833215f,0.5564916755994038f,-0.9083114132313694f,0.3078820394558087f,0.28315901252505465f,-0.5099121331128542f,0f,0f,0f,1f],start_interpolation:0}
execute if entity @s[tag=aj.dino.bone.tail_4] run data modify entity @s {} merge value {transformation:[0.5911268136161333f,-0.7896525935549568f,-2.5792788145751064f,-0.15677858892875413f,-2.5714627896328954f,-0.9625042840650677f,-0.2946624446545567f,0.16846480226252522f,-0.8147450787561998f,2.4648926175897237f,-0.9413586840276306f,0.49127555561769143f,0f,0f,0f,1f],start_interpolation:0}
execute if entity @s[tag=aj.dino.bone.tail_3] run data modify entity @s {} merge value {transformation:[0.7802298663890356f,0.21756492617431825f,-1.9182941339997253f,0.16636416370660212f,-1.81369504412216f,-0.626424296123247f,-0.8087325974620136f,0.3117260183052317f,-0.6615868564033818f,1.973880348493723f,-0.0452186610707692f,0.479627000686904f,0f,0f,0f,1f],start_interpolation:0}
execute if entity @s[tag=aj.dino.bone.tail_2] run data modify entity @s {} merge value {transformation:[1.082189541535745f,0.8469521705403328f,-1.3893565748253578f,0.4256442707842224f,-1.537168263987696f,-0.015067947961233228f,-1.2065075880971767f,0.5348729069113721f,-0.533622899979455f,1.7610277830755632f,0.6578766015418545f,0.357353634215063f,0f,0f,0f,1f],start_interpolation:0}
execute if entity @s[tag=aj.dino.bone.tail_1] run data modify entity @s {} merge value {transformation:[1.3873615772334849f,0.5825607826119091f,-0.15332005276159116f,0.4501903855272714f,-0.5927192106716237f,1.2513840321585619f,-0.6085870450144228f,0.6511034392156424f,-0.1075548293524021f,0.6183180319392115f,1.3761435317806772f,0.05376735552296669f,0f,0f,0f,1f],start_interpolation:0}
execute if entity @s[tag=aj.dino.bone.tail_0] run data modify entity @s {} merge value {transformation:[1.0757281924577031f,-0.05269654455956303f,0.6883804520228567f,0.24775795650504573f,0.06789349003419386f,1.2763838910290568f,-0.008387688390104706f,0.6843559336801258f,-0.6870480671297223f,0.04362285521414951f,1.0769854764760316f,-0.259900134971079f,0f,0f,0f,1f],start_interpolation:0}
execute if entity @s[tag=aj.dino.bone.body_1] run data modify entity @s {} merge value {transformation:[0.21241498192360686f,-0.43170720415894076f,1.1389088463911035f,0.012056147098681523f,-0.024360728764163803f,1.1543619375819072f,0.4421082073570606f,0.5038175f,-1.2177401304895565f,-0.09839716457126914f,0.1898198294590477f,-0.2974028390592378f,0f,0f,0f,1f],start_interpolation:0}