execute if entity @s[tag=aj.dino.bone.head_lower] run data modify entity @s {} merge value {transformation:[-0.9981911375473964f,-0.03664763611907462f,0.047659245574375744f,-0.12939600121088227f,-0.03287938211257098f,0.9964438240462836f,0.0775799700432655f,0.4822755385048511f,-0.0503328834235662f,0.07587263200194311f,-0.9958463458583195f,0.8091594712025171f,0f,0f,0f,1f],start_interpolation:0}
execute if entity @s[tag=aj.dino.bone.head_upper] run data modify entity @s {} merge value {transformation:[-1.039016739160111f,-0.060272567311924714f,0.016833774330982394f,-0.12991147023578944f,-0.03422413514123259f,0.7817040548336949f,0.6864688061477384f,0.5471412232531251f,-0.0523914773835553f,0.6846735944007891f,-0.7822717844914131f,0.7705896160612443f,0f,0f,0f,1f],start_interpolation:0}
execute if entity @s[tag=aj.dino.bone.neck_0] run data modify entity @s {} merge value {transformation:[-0.9973621020592457f,0.001713287955148489f,0.07256653512704983f,-0.12492471925892012f,0.0005838328345731778f,0.9998784109743278f,-0.015582759918389491f,0.5299035227460086f,-0.0725844095876235f,-0.015499287462191286f,-0.9972418340467777f,0.7063811255773641f,0f,0f,0f,1f],start_interpolation:0}
execute if entity @s[tag=aj.dino.bone.neck_1] run data modify entity @s {} merge value {transformation:[-0.9942665150079987f,-0.007231327525736648f,0.1066855427696953f,-0.11592036736057322f,0.004305911811528411f,0.9941938649890057f,0.10751752388189505f,0.5435917950480773f,-0.10684360653459947f,0.10736045231107229f,-0.9884625319263457f,0.6231399717362117f,0f,0f,0f,1f],start_interpolation:0}
execute if entity @s[tag=aj.dino.bone.neck_2] run data modify entity @s {} merge value {transformation:[-0.9893789373468121f,-0.03146349668034351f,0.14191323656071844f,-0.10379575078576606f,0.00045762284762041226f,0.9756139264008701f,0.2194931825684048f,0.5723729141381074f,-0.14535855295035707f,0.21722687446382805f,-0.9652374713482972f,0.5407047168328631f,0f,0f,0f,1f],start_interpolation:0}
execute if entity @s[tag=aj.dino.bone.body_0] run data modify entity @s {} merge value {transformation:[-0.9866632703778082f,0.006462531728075264f,0.16264632357059794f,-0.027079584717782053f,0.006162292886182343f,0.9999782506581385f,-0.002350395088954488f,0.5807912245569968f,-0.16265797562293996f,-0.0013167742224450552f,-0.9866816351143333f,0.07567281833917305f,0f,0f,0f,1f],start_interpolation:0}
execute if entity @s[tag=aj.dino.bone.leg_left_3] run data modify entity @s {} merge value {transformation:[-0.9992852716557188f,0.016067847565180905f,-0.03421651832928509f,0.21353635090494025f,0.01673562439925059f,0.9996732736979523f,-0.0193200602997467f,0.025531121283874608f,0.03389490710893593f,-0.019878886504046345f,-0.9992276843359754f,-0.10294925167962751f,0f,0f,0f,1f],start_interpolation:0}
execute if entity @s[tag=aj.dino.bone.leg_left_2] run data modify entity @s {} merge value {transformation:[-1.0245986176671735f,-0.046723284706889065f,-0.008763951244191754f,0.20078483568399919f,-0.041121132080331274f,0.9659783186463651f,-0.3424282989214933f,0.24005290217370498f,0.023852141867000857f,-0.34170897277074047f,-0.9668134529251319f,-0.21244297957963704f,0f,0f,0f,1f],start_interpolation:0}
execute if entity @s[tag=aj.dino.bone.leg_left_1] run data modify entity @s {} merge value {transformation:[-0.9382244673487365f,-0.04831625466988481f,0.3426374007647946f,0.1881719429843803f,0.2925078927433277f,0.4182645004655041f,0.8599383351922393f,0.30224891415328714f,-0.18486206087523066f,0.9070393305612592f,-0.37829310232139507f,0.057716152583888444f,0f,0f,0f,1f],start_interpolation:0}
execute if entity @s[tag=aj.dino.bone.leg_left_0] run data modify entity @s {} merge value {transformation:[-0.9566457102558581f,0.28824667030973317f,0.04174736044849671f,0.18671387983968735f,0.24196956265523553f,0.866340264501386f,-0.4369270841365897f,0.706106015626836f,-0.16211019646369806f,-0.4078828301841358f,-0.8985276184088504f,-0.04813560321497802f,0f,0f,0f,1f],start_interpolation:0}
execute if entity @s[tag=aj.dino.bone.leg_right_3] run data modify entity @s {} merge value {transformation:[-0.953147205777109f,-0.0015006439376781533f,0.3025031440945066f,-0.1932747870900358f,0.004355469325979944f,0.9998159642829606f,0.018683346913362542f,0.03688014654425095f,-0.3024755097627575f,0.019125523070152195f,-0.9529652566390098f,-0.13120495757132744f,0f,0f,0f,1f],start_interpolation:0}
execute if entity @s[tag=aj.dino.bone.leg_right_2] run data modify entity @s {} merge value {transformation:[-0.978670671324671f,0.0990128964574147f,0.290624092127142f,-0.1596951500675411f,0.0037185164861983444f,0.9746523112833393f,-0.3195328531557933f,0.25418941995523564f,-0.30700503126944706f,-0.30382810591821985f,-0.9303217681695338f,-0.23030167665446893f,0f,0f,0f,1f],start_interpolation:0}
execute if entity @s[tag=aj.dino.bone.leg_right_1] run data modify entity @s {} merge value {transformation:[-0.9393394929829105f,-0.22276419580207074f,-0.2608015145494086f,-0.22508881944976164f,-0.33169755549833724f,0.3965017137164474f,0.8560158425498612f,0.30990071053528406f,-0.0872814333007663f,0.8905967123724283f,-0.4463400579293625f,0.033579557552133765f,0f,0f,0f,1f],start_interpolation:0}
execute if entity @s[tag=aj.dino.bone.leg_right_0] run data modify entity @s {} merge value {transformation:[-0.9529702591125179f,-0.175255733046469f,0.24725111381218373f,-0.20322048955418248f,-0.2798821967856015f,0.821867196301988f,-0.4961857188242879f,0.7055285785179828f,-0.11624818781162352f,-0.5420514179273532f,-0.8322659545803007f,-0.09797896473926121f,0f,0f,0f,1f],start_interpolation:0}
execute if entity @s[tag=aj.dino.bone.tail_4] run data modify entity @s {} merge value {transformation:[-2.7470757787059292f,-0.17148016877343844f,-0.2232275730384762f,0.11354396036014884f,-0.2110291683957646f,2.7038554469130873f,0.5198978206192242f,0.6895476620098749f,0.1862865742167351f,0.53424863641928f,-2.702875697909679f,-1.8376474003379828f,0f,0f,0f,1f],start_interpolation:0}
execute if entity @s[tag=aj.dino.bone.tail_3] run data modify entity @s {} merge value {transformation:[-2.0782890876849245f,-0.1197779258281682f,-0.04809618008232985f,0.1228714161872956f,-0.11929170107108733f,2.07875526480189f,-0.022171268760155356f,0.6729648376498948f,0.04928979721784623f,-0.019373269914254025f,-2.081619734328895f,-1.484492035181506f,0f,0f,0f,1f],start_interpolation:0}
execute if entity @s[tag=aj.dino.bone.tail_2] run data modify entity @s {} merge value {transformation:[-1.9503978382220037f,-0.10352040476057976f,0.06329038994916689f,0.10963902602487095f,-0.11169997537378482f,1.9299748495536417f,-0.28547166338302454f,0.7264100434668033f,-0.04738420795167669f,-0.28853852583559936f,-1.9321682460252236f,-1.1254098749522372f,0f,0f,0f,1f],start_interpolation:0}
execute if entity @s[tag=aj.dino.bone.tail_1] run data modify entity @s {} merge value {transformation:[-1.5084651857188467f,-0.04132339842412465f,0.1023787586215372f,0.08955454051994888f,-0.050807796534888094f,1.5050443290281386f,-0.14112542461055752f,0.7384295885197778f,-0.0980183721833583f,-0.1441880522197377f,-1.5024175366094485f,-0.8002501896012544f,0f,0f,0f,1f],start_interpolation:0}
execute if entity @s[tag=aj.dino.bone.tail_0] run data modify entity @s {} merge value {transformation:[-1.2656823748850305f,-0.024303513057573764f,0.17689878954497334f,0.03727411564152193f,-0.021155326763010077f,1.277811784009108f,0.024191183952808133f,0.7621962368833965f,-0.1773028331385788f,0.02102618568710626f,-1.2656845268314347f,-0.4298803543002777f,0f,0f,0f,1f],start_interpolation:0}
execute if entity @s[tag=aj.dino.bone.body_1] run data modify entity @s {} merge value {transformation:[-1.226387645749764f,-0.028862283881368727f,0.15409382199735536f,0.0033935401782025972f,-0.0018161049450343537f,1.217768453745967f,0.2136382219553316f,0.6305029956268222f,-0.15676300319727862f,0.21168740323070284f,-1.207981125348514f,-0.16330031262302971f,0f,0f,0f,1f],start_interpolation:0}