execute if entity @s[tag=aj.dino.bone.head_lower] run data modify entity @s {} merge value {transformation:[-0.9285406996410956f,-0.01694228390880126f,-0.37084380556506386f,-0.6255081208668557f,-0.14433540766599634f,0.9368373670296549f,0.3185954140141292f,0.15347779298863898f,0.34202260042856236f,0.34935470048776723f,-0.8723369956864073f,0.16880895033944074f,0f,0f,0f,1f],start_interpolation:0}
execute if entity @s[tag=aj.dino.bone.head_upper] run data modify entity @s {} merge value {transformation:[-0.9665176273644583f,0.13142726131583576f,-0.3633765176236694f,-0.6479072109688929f,-0.15023866569978242f,0.7740167628835893f,0.6795574565019988f,0.21765839716345833f,0.3560111822766738f,0.6834448539141519f,-0.6997364592014171f,0.13602805190524825f,0f,0f,0f,1f],start_interpolation:0}
execute if entity @s[tag=aj.dino.bone.neck_0] run data modify entity @s {} merge value {transformation:[-0.9617648550963285f,-0.27346642585622566f,0.014982570906233561f,-0.6421887667317774f,-0.26360870947082204f,0.9391601677178993f,0.2202013343810962f,0.21673787643891376f,-0.07428870568711349f,0.2078323682719061f,-0.9753393742210066f,0.06961127472207282f,0f,0f,0f,1f],start_interpolation:0}
execute if entity @s[tag=aj.dino.bone.neck_1] run data modify entity @s {} merge value {transformation:[-0.9685614593973662f,-0.15349104891624255f,0.19577843924353933f,-0.6263108774118106f,-0.03693819387331046f,0.8669793127081826f,0.49697328013629205f,0.262832101361992f,-0.24601680674990933f,0.4741174635453113f,-0.8453924305066486f,0.00017963997237964435f,0f,0f,0f,1f],start_interpolation:0}
execute if entity @s[tag=aj.dino.bone.neck_2] run data modify entity @s {} merge value {transformation:[-0.7931539516589656f,-0.2585861278622348f,0.5513982439625498f,-0.5805359755619627f,0.058362873643345164f,0.8689447979366989f,0.49145570819641593f,0.31439481998010854f,-0.6062182642809918f,0.42198122306089164f,-0.6741151707506485f,-0.05474644493712727f,0f,0f,0f,1f],start_interpolation:0}
execute if entity @s[tag=aj.dino.bone.body_0] run data modify entity @s {} merge value {transformation:[-0.6432817133357493f,-0.029487453302762423f,0.7650615186934582f,-0.22024625563445638f,0.17110263255344632f,0.9684486332996957f,0.18119363618304046f,0.40901638503001103f,-0.7462657210545742f,0.24746259264314918f,-0.6179399152192936f,-0.34362181918213147f,0f,0f,0f,1f],start_interpolation:0}
execute if entity @s[tag=aj.dino.bone.leg_left_3] run data modify entity @s {} merge value {transformation:[0.15237125926342032f,0.013792288358284319f,0.9882270853059641f,-0.0315150366696477f,-0.07054359340128699f,0.9975040501405328f,-0.003044894623225436f,0.01969656313768725f,-0.9858025161159377f,-0.06924913526589774f,0.1529639058222949f,0.06965324733308523f,0f,0f,0f,1f],start_interpolation:0}
execute if entity @s[tag=aj.dino.bone.leg_left_2] run data modify entity @s {} merge value {transformation:[0.3913762325967738f,-0.038231794299867894f,0.9473252735801271f,-0.010543045673182316f,-0.2646349517178529f,0.9797286209087132f,0.14887031672665393f,0.2522600928492527f,-0.9104148430184672f,-0.30121812491551253f,0.363970677850204f,0.009275666164595547f,0f,0f,0f,1f],start_interpolation:0}
execute if entity @s[tag=aj.dino.bone.leg_left_1] run data modify entity @s {} merge value {transformation:[0.41015812305367827f,-0.902299185741616f,-0.1327648052124511f,-0.25679674555861703f,0.13773200810307593f,-0.08262147205261616f,0.9870175207663501f,0.17472369380393638f,-0.9015543289436185f,-0.4231192169659457f,0.09038761086093008f,-0.09251140460367692f,0f,0f,0f,1f],start_interpolation:0}
execute if entity @s[tag=aj.dino.bone.leg_left_0] run data modify entity @s {} merge value {transformation:[0.39139046463544425f,0.34564772347866973f,0.8528429840518501f,-0.1450017940458225f,0.08443851604543699f,0.9093775470402029f,-0.4073114458828625f,0.5747507121608563f,-0.9163425348637353f,0.2314306120485286f,0.3267357198200831f,-0.1347908554655018f,0f,0f,0f,1f],start_interpolation:0}
execute if entity @s[tag=aj.dino.bone.leg_right_3] run data modify entity @s {} merge value {transformation:[0.6031287210697928f,-0.07379147592293922f,0.79422324563175f,-0.06864676716894556f,0.03706643234442728f,0.9972287701007427f,0.06450472600217841f,0.0013465833535765137f,-0.7967821693624754f,-0.00946563069607051f,0.6041924994747566f,-0.6751508703875378f,0f,0f,0f,1f],start_interpolation:0}
execute if entity @s[tag=aj.dino.bone.leg_right_2] run data modify entity @s {} merge value {transformation:[0.615546734254744f,0.05798276220949912f,0.8184145750996686f,-0.03079333916419061f,0.21128375159369703f,0.9774275760655161f,-0.22815939463427126f,0.22180460389941403f,-0.792794799277535f,0.30550864526874016f,0.574632990181774f,-0.5849485908635947f,0f,0f,0f,1f],start_interpolation:0}
execute if entity @s[tag=aj.dino.bone.leg_right_1] run data modify entity @s {} merge value {transformation:[0.4638601213048149f,-0.8078850648693012f,0.363531992848233f,-0.26031277430823846f,-0.1515117054477115f,0.33195921555029684f,0.9310463373664908f,0.2595908924199831f,-0.8728562258329883f,-0.4869546192124652f,0.03157859800932905f,-0.7362972312630486f,0f,0f,0f,1f],start_interpolation:0}
execute if entity @s[tag=aj.dino.bone.leg_right_0] run data modify entity @s {} merge value {transformation:[0.5090645525393761f,0.7653919057066514f,0.3937366023455596f,-0.05103945618742624f,-0.12083302159303831f,0.5164649859547823f,-0.8477401129918429f,0.5454331096974854f,-0.852204589427082f,0.38397805791668216f,0.355398633646715f,-0.5153760151948774f,0f,0f,0f,1f],start_interpolation:0}
execute if entity @s[tag=aj.dino.bone.tail_4] run data modify entity @s {} merge value {transformation:[0.8037581482897889f,-0.8374396251830908f,-2.5056594031972863f,-0.1433459771337101f,-2.5618425978038677f,-0.8869194395373682f,-0.5253548738217403f,0.2192246432949745f,-0.645443006574017f,2.4774442705223314f,-1.0350529181258155f,0.5897707979543367f,0f,0f,0f,1f],start_interpolation:0}
execute if entity @s[tag=aj.dino.bone.tail_3] run data modify entity @s {} merge value {transformation:[0.7392386009902026f,0.3536286725614981f,-1.914267112707338f,0.17778245092838113f,-1.8569849512384429f,-0.48621401808633136f,-0.8069376342287855f,0.3608094322600063f,-0.5840194412213116f,1.9936118520422128f,0.14275363994241866f,0.5460559988713777f,0f,0f,0f,1f],start_interpolation:0}
execute if entity @s[tag=aj.dino.bone.tail_2] run data modify entity @s {} merge value {transformation:[1.023646496012289f,1.021128838206837f,-1.314616910733654f,0.4231667741718622f,-1.5853425088512079f,0.12747450767825616f,-1.1354352709530926f,0.5707424285252425f,-0.5075537959998913f,1.661270604289776f,0.8951776351605082f,0.3796644277069109f,0f,0f,0f,1f],start_interpolation:0}
execute if entity @s[tag=aj.dino.bone.tail_1] run data modify entity @s {} merge value {transformation:[1.3758665658486127f,0.6246191544183848f,-0.06706977645414103f,0.428649653614293f,-0.6064761274961826f,1.2785679814154713f,-0.5339539995883562f,0.6705936094112641f,-0.16381132365370976f,0.5126120158880693f,1.413524326430214f,0.06938011178437686f,0f,0f,0f,1f],start_interpolation:0}
execute if entity @s[tag=aj.dino.bone.tail_0] run data modify entity @s {} merge value {transformation:[1.0972426734672232f,-0.045457973560532675f,0.6540854720495626f,0.23641369444234753f,0.01775509151665893f,1.2767324651396676f,0.05894646526849806f,0.6841779108995877f,-0.6554227558086189f,-0.041515077769228644f,1.096600759652335f,-0.25207395033818786f,0f,0f,0f,1f],start_interpolation:0}
execute if entity @s[tag=aj.dino.bone.body_1] run data modify entity @s {} merge value {transformation:[0.29552216824186955f,-0.410039235024733f,1.1283346440104578f,0.0017107474806922415f,-0.09220717199145707f,1.1508325788218396f,0.4423650167134176f,0.5038175f,-1.1969833250998998f,-0.18988627206529757f,0.24449686740361679f,-0.29612585920349804f,0f,0f,0f,1f],start_interpolation:0}