execute if entity @s[tag=aj.dino.bone.head_lower] run data modify entity @s {} merge value {transformation:[-0.7925564868214438f,-0.3757694722135617f,0.48026192744125784f,0.23495076055463487f,-0.13841211136557738f,0.8778730580580132f,0.4584549938251251f,0.5417100120333139f,-0.5938823979750315f,0.2968774118861417f,-0.7477750328054639f,0.7768505611827599f,0f,0f,0f,1f],start_interpolation:0}
execute if entity @s[tag=aj.dino.bone.head_upper] run data modify entity @s {} merge value {transformation:[-0.8249717169005714f,-0.4056712668169452f,0.4881848340298637f,0.2592396009989451f,-0.14407310904871642f,0.8993478292565416f,0.5038733609192796f,0.5965956074340663f,-0.6181719406012112f,0.33177740711837017f,-0.768933772546538f,0.7311003684053232f,0f,0f,0f,1f],start_interpolation:0}
execute if entity @s[tag=aj.dino.bone.neck_0] run data modify entity @s {} merge value {transformation:[-0.8339489598732507f,-0.31367740635378244f,0.4540216041880467f,0.29395853142416994f,-0.32186727274616855f,0.9447832693210517f,0.061530746346592044f,0.5853427002957817f,-0.44825282047218273f,-0.09482119359188179f,-0.888863516061124f,0.6753087542920675f,0f,0f,0f,1f],start_interpolation:0}
execute if entity @s[tag=aj.dino.bone.neck_1] run data modify entity @s {} merge value {transformation:[-0.8829178428144714f,-0.4041214453154084f,0.2390438040946175f,0.31234694209752534f,-0.3651549073128417f,0.9110433895629169f,0.19147280746639012f,0.6057600231840756f,-0.2951575452282907f,0.08176673999797661f,-0.9519433931305543f,0.5950433437872029f,0f,0f,0f,1f],start_interpolation:0}
execute if entity @s[tag=aj.dino.bone.neck_2] run data modify entity @s {} merge value {transformation:[-0.9007479320083452f,-0.42552457261092164f,-0.08707468683252384f,0.30055239495212616f,-0.43433406579596473f,0.8812168220952099f,0.1865766109285025f,0.6307331970748203f,-0.0026612538090530213f,0.20587799921485467f,-0.978574047871418f,0.5113285921743705f,0f,0f,0f,1f],start_interpolation:0}
execute if entity @s[tag=aj.dino.bone.body_0] run data modify entity @s {} merge value {transformation:[-0.8504885092455112f,-0.43445571744737305f,-0.2965088956821304f,0.1566701305471639f,-0.4063749532874956f,0.900632033512769f,-0.15401732873686758f,0.5667250535153684f,0.33395911872852624f,-0.01049617968324168f,-0.9425291174441899f,0.06701816437540689f,0f,0f,0f,1f],start_interpolation:0}
execute if entity @s[tag=aj.dino.bone.leg_left_3] run data modify entity @s {} merge value {transformation:[-0.8652918981506016f,-0.3342416602546405f,-0.3735671874578256f,0.45664579104478054f,-0.3431291039674002f,0.9382254630471104f,-0.0446698835969426f,0.04467640172285289f,0.3654207834886487f,0.08952928593626036f,-0.9265269332050124f,-0.38585510687693336f,0f,0f,0f,1f],start_interpolation:0}
execute if entity @s[tag=aj.dino.bone.leg_left_2] run data modify entity @s {} merge value {transformation:[-0.8619949197774857f,-0.47900902662573164f,-0.2820945057769991f,0.3349342184601177f,-0.4040228681362955f,0.8973398350950668f,-0.289152108543539f,0.24428212679622907f,0.3818278143370674f,-0.13188545129513723f,-0.942802178315234f,-0.4451418649508553f,0f,0f,0f,1f],start_interpolation:0}
execute if entity @s[tag=aj.dino.bone.leg_left_1] run data modify entity @s {} merge value {transformation:[-0.9742533278499108f,0.18946682650418753f,-0.12219973333770554f,0.41229031392267007f,-0.05293030828551328f,0.3346482979190517f,0.9408554082135483f,0.2863503091086083f,0.21915482116114787f,0.9230995820356079f,-0.31600368037020005f,-0.18196951041587267f,0f,0f,0f,1f],start_interpolation:0}
execute if entity @s[tag=aj.dino.bone.leg_left_0] run data modify entity @s {} merge value {transformation:[-0.9654266116675359f,-0.15969232825852953f,-0.20603353557008902f,0.2541067506894305f,-0.1019590118955196f,0.9587465539894384f,-0.2653477060512605f,0.6725309793310679f,0.23990793521146886f,-0.23516676106275508f,-0.9418815090624844f,-0.16973313702255394f,0f,0f,0f,1f],start_interpolation:0}
execute if entity @s[tag=aj.dino.bone.leg_right_3] run data modify entity @s {} merge value {transformation:[-0.9990294482061647f,0.015739147312819703f,-0.04113928607488651f,-0.2232551932157305f,0.014848816945723098f,0.9996507969167057f,0.02185856489129473f,0.04847129276455717f,0.04146895528221578f,0.021226480293725092f,-0.9989142917598794f,0.08897563979233473f,0f,0f,0f,1f],start_interpolation:0}
execute if entity @s[tag=aj.dino.bone.leg_right_2] run data modify entity @s {} merge value {transformation:[-0.9978341528194872f,0.1149206380428896f,-0.20780387368748912f,-0.20134141158619578f,0.16952739523372878f,0.973272984533423f,-0.2757940524075239f,0.2665535396738448f,0.16628188486115345f,-0.3026468966137142f,-0.9658247202457618f,-0.01167718840292839f,0f,0f,0f,1f],start_interpolation:0}
execute if entity @s[tag=aj.dino.bone.leg_right_1] run data modify entity @s {} merge value {transformation:[-0.8461958710566377f,0.4451184892812064f,-0.29295405494158056f,-0.08173196314939901f,-0.09780393048268064f,0.4106900617419382f,0.9065142383705518f,0.32809925320690064f,0.5238195672069126f,0.7957406635873394f,-0.30398989674780885f,0.2310553612275608f,0f,0f,0f,1f],start_interpolation:0}
execute if entity @s[tag=aj.dino.bone.leg_right_0] run data modify entity @s {} merge value {transformation:[-0.8675241425103503f,-0.3453604152107006f,-0.3579497810687611f,-0.08732042513650551f,-0.051900828552573226f,0.7785732735168852f,-0.6254038389398948f,0.6907390065626882f,0.4946798622920059f,-0.5239750388813326f,-0.6933556031879082f,0.024250001183084735f,0f,0f,0f,1f],start_interpolation:0}
execute if entity @s[tag=aj.dino.bone.tail_4] run data modify entity @s {} merge value {transformation:[-1.1916156862920457f,-1.2236972771742376f,-2.169856760622483f,-0.9837728708459584f,0.11482002718988948f,2.375790131789087f,-1.402889497661775f,0.9665929496814608f,2.4884794050059673f,-0.6955915145614919f,-0.9743120790235538f,-1.3604691042846897f,0f,0f,0f,1f],start_interpolation:0}
execute if entity @s[tag=aj.dino.bone.tail_3] run data modify entity @s {} merge value {transformation:[-1.1312055365034144f,0.314646151738625f,-1.719685250103792f,-0.6952568615084469f,0.8399999659417614f,1.8941802836585144f,-0.2059772712258204f,0.9829830420428501f,1.5332056670408927f,-0.8056204926886291f,-1.1559418369270436f,-1.1565804565793607f,0f,0f,0f,1f],start_interpolation:0}
execute if entity @s[tag=aj.dino.bone.tail_2] run data modify entity @s {} merge value {transformation:[-0.6358364033332826f,0.7067764397215484f,-1.707323345899512f,-0.3781711670824002f,0.6964560421735106f,1.7640795070020845f,0.4708995108280204f,0.8963786102394418f,1.7115592085928497f,-0.4552630363126271f,-0.8258780286768762f,-1.0018942621355735f,0f,0f,0f,1f],start_interpolation:0}
execute if entity @s[tag=aj.dino.bone.tail_1] run data modify entity @s {} merge value {transformation:[-0.9778020470917638f,0.8886953444973065f,-0.7360570571443295f,-0.2297091185041909f,0.8828623118996417f,1.197392528111248f,0.27287638565946815f,0.8221783080086291f,0.7430434340806578f,-0.25323500605597343f,-1.2928320605467112f,-0.7213055733406657f,0f,0f,0f,1f],start_interpolation:0}
execute if entity @s[tag=aj.dino.bone.tail_0] run data modify entity @s {} merge value {transformation:[-1.1205439562808013f,0.4431697581530113f,-0.42640066145023603f,-0.09441045905313486f,0.28116369769194166f,1.1573608731472018f,0.4640026950268379f,0.7145151156222801f,0.5469588044147309f,0.31297298821236286f,-1.1120789951737513f,-0.3887776481122597f,0f,0f,0f,1f],start_interpolation:0}
execute if entity @s[tag=aj.dino.bone.body_1] run data modify entity @s {} merge value {transformation:[-1.0738270417327906f,0.11576986865064877f,-0.6017453090903702f,0.037688973987412666f,0.05726630274998669f,1.227748135678306f,0.1340137342366103f,0.6006612499999999f,0.6100988854841488f,0.08852371381333637f,-1.071703082518635f,-0.14558439392896433f,0f,0f,0f,1f],start_interpolation:0}