execute if entity @s[tag=aj.dino.bone.head_lower] run data modify entity @s {} merge value {transformation:[-0.7906413914497321f,-0.378782662024314f,-0.48105081340353795f,-0.5928736552481598f,-0.5251921488545505f,0.823422450007277f,0.2148224280785252f,0.1565820991662012f,0.31473702818062405f,0.42249161385024847f,-0.8499655518420975f,0.15754513059447636f,0f,0f,0f,1f],start_interpolation:0}
execute if entity @s[tag=aj.dino.bone.head_upper] run data modify entity @s {} merge value {transformation:[-0.8229782949261132f,-0.17264295151808198f,-0.6134925264052853f,-0.6392983415984976f,-0.5466722889126396f,0.706285928632839f,0.5345853890013932f,0.20912476862580326f,0.3276096414927832f,0.7448667940577566f,-0.6490896120680077f,0.12962608915089113f,0f,0f,0f,1f],start_interpolation:0}
execute if entity @s[tag=aj.dino.bone.neck_0] run data modify entity @s {} merge value {transformation:[-0.9006003098152194f,-0.43462202675565575f,0.0047724018624168835f,-0.6316440122601668f,-0.4273074941561202f,0.8873462146189006f,0.1732772369341256f,0.20606398055741512f,-0.07954487663418564f,0.15401425018586326f,-0.9848615249571577f,0.06346885921282867f,0f,0f,0f,1f],start_interpolation:0}
execute if entity @s[tag=aj.dino.bone.neck_1] run data modify entity @s {} merge value {transformation:[-0.9748852014886878f,-0.21222077976819193f,0.06753654235257256f,-0.62690045531058f,-0.16048920407831793f,0.8796976808769688f,0.44763289159085556f,0.2480370189104528f,-0.15440874098530932f,0.42555179578314917f,-0.8916633949047523f,-0.010106269488463424f,0f,0f,0f,1f],start_interpolation:0}
execute if entity @s[tag=aj.dino.bone.neck_2] run data modify entity @s {} merge value {transformation:[-0.8328231438211755f,-0.3201200184643776f,0.4515847482966847f,-0.590472419529956f,-0.06585320850579003f,0.8673185883468014f,0.4933779699556968f,0.2997522204673795f,-0.5496080112637611f,0.38115828744299657f,-0.7434039237643391f,-0.07150225088165119f,0f,0f,0f,1f],start_interpolation:0}
execute if entity @s[tag=aj.dino.bone.body_0] run data modify entity @s {} merge value {transformation:[-0.646365245662452f,-0.09637328492465475f,0.7569175378814719f,-0.23465809837269885f,0.09438659737506755f,0.974274123126385f,0.2046487313478162f,0.4054835789842954f,-0.7571678409941054f,0.2037206984062862f,-0.6206405864952595f,-0.36206713759147474f,0f,0f,0f,1f],start_interpolation:0}
execute if entity @s[tag=aj.dino.bone.leg_left_3] run data modify entity @s {} merge value {transformation:[0.26106293743990067f,0.03303266353612537f,0.9647564386076726f,-0.06316434730724649f,-0.07067731092509184f,0.9973860730546844f,-0.015024613038389395f,0.01678368456932844f,-0.9627309387443869f,-0.06426402116475899f,0.26271519782473f,0.09061295976784559f,0f,0f,0f,1f],start_interpolation:0}
execute if entity @s[tag=aj.dino.bone.leg_left_2] run data modify entity @s {} merge value {transformation:[0.4749058013296316f,0.06839778556893326f,0.9065585597706423f,-0.018467444159604468f,-0.2828241273116133f,0.9831578606591539f,0.07398198115240118f,0.24780396179162206f,-0.8640238378508889f,-0.2842262539845257f,0.47406797368314085f,0.037670628621960786f,0f,0f,0f,1f],start_interpolation:0}
execute if entity @s[tag=aj.dino.bone.leg_left_1] run data modify entity @s {} merge value {transformation:[0.49660996192901374f,-0.8579727801086556f,-0.13138209278850882f,-0.2544741211201358f,0.11947026656253226f,-0.08235857264811602f,0.9894159493958254f,0.17057547463487038f,-0.8597123944205649f,-0.5070500706084063f,0.06160214911566922f,-0.08622446757354053f,0f,0f,0f,1f],start_interpolation:0}
execute if entity @s[tag=aj.dino.bone.leg_left_0] run data modify entity @s {} merge value {transformation:[0.4857741274265176f,0.21245049401975574f,0.847872799843094f,-0.1835976073638029f,0.06336361235158258f,0.9589014196047709f,-0.2765738962912324f,0.5769538236412367f,-0.8717846923138555f,0.18807672655253443f,0.4523478696495866f,-0.15057068596329048f,0f,0f,0f,1f],start_interpolation:0}
execute if entity @s[tag=aj.dino.bone.leg_right_3] run data modify entity @s {} merge value {transformation:[0.7173542983051736f,-0.226822025694484f,0.6587522898350657f,0.010649386932197559f,0.1806559998227047f,0.9737386384023307f,0.13855133998064917f,0.011846144205797826f,-0.6728790533455109f,0.01961715428458985f,0.7394923575173878f,-0.6754380002489253f,0f,0f,0f,1f],start_interpolation:0}
execute if entity @s[tag=aj.dino.bone.leg_right_2] run data modify entity @s {} merge value {transformation:[0.7285639099040826f,-0.12042191152825008f,0.7118675381767678f,0.0034488314491266936f,0.27333742045768655f,0.9820587301674409f,-0.11362000079275252f,0.2368271916410989f,-0.6682390913913283f,0.27040971363190647f,0.7296556057556861f,-0.5888195705606332f,0f,0f,0f,1f],start_interpolation:0}
execute if entity @s[tag=aj.dino.bone.leg_right_1] run data modify entity @s {} merge value {transformation:[0.6357252083435889f,-0.7281590455250401f,0.25619887567388466f,-0.1952961890173953f,-0.10436016450513269f,0.24777719593315972f,0.9631798467783477f,0.2509786676888448f,-0.76482835691478f,-0.639054665576868f,0.08152741173050476f,-0.7819866956756418f,0f,0f,0f,1f],start_interpolation:0}
execute if entity @s[tag=aj.dino.bone.leg_right_0] run data modify entity @s {} merge value {transformation:[0.6742740919889074f,0.6460127349712597f,0.3578016142046977f,-0.04917952297746109f,-0.07223935727946049f,0.5398859791909778f,-0.8386325802953576f,0.5396250593204829f,-0.7349394016736241f,0.5396208629472661f,0.4106986731652091f,-0.518091907800128f,0f,0f,0f,1f],start_interpolation:0}
execute if entity @s[tag=aj.dino.bone.tail_4] run data modify entity @s {} merge value {transformation:[1.1695395422899832f,-1.154397334172901f,-2.219280375589042f,-0.17564725876390602f,-2.4735485662008396f,-0.8993004837078791f,-0.8357496408904653f,0.23561568660391338f,-0.3733578461287565f,2.3418554110912297f,-1.4149128891478868f,0.6259817377990018f,0f,0f,0f,1f],start_interpolation:0}
execute if entity @s[tag=aj.dino.bone.tail_3] run data modify entity @s {} merge value {transformation:[0.8397279859103369f,0.3512562167856612f,-1.87281112392383f,0.13847498191269342f,-1.8339624511479244f,-0.4064061897982346f,-0.8985328389756382f,0.39195065521909245f,-0.5170920261451614f,2.011814754172846f,0.1454742500719139f,0.5816274940880642f,0f,0f,0f,1f],start_interpolation:0}
execute if entity @s[tag=aj.dino.bone.tail_2] run data modify entity @s {} merge value {transformation:[1.0902002763088479f,0.9928069990286617f,-1.2824084744022057f,0.3779143007862325f,-1.5604472358629007f,0.22113578717738325f,-1.155368885992715f,0.6056299626396096f,-0.44186158084486216f,1.6685943489392256f,0.9161468861837261f,0.41138810344416993f,0f,0f,0f,1f],start_interpolation:0}
execute if entity @s[tag=aj.dino.bone.tail_1] run data modify entity @s {} merge value {transformation:[1.3848387217550975f,0.5998946407286027f,-0.10002192136131498f,0.39078177405715114f,-0.5993033858162625f,1.3037192425271011f,-0.47833862316744297f,0.6931990342017496f,-0.10350563500057441f,0.4775969081659365f,1.4313783660630985f,0.09763220654947391f,0f,0f,0f,1f],start_interpolation:0}
execute if entity @s[tag=aj.dino.bone.tail_0] run data modify entity @s {} merge value {transformation:[1.1140995215669123f,-0.08073202583648137f,0.6213697068837061f,0.2072548961351685f,0.02316865111452769f,1.27200274045765f,0.12372533474510766f,0.6877393077461602f,-0.626163865321162f,-0.09657683395407705f,1.1101474881715023f,-0.22910926276230636f,0f,0f,0f,1f],start_interpolation:0}
execute if entity @s[tag=aj.dino.bone.body_1] run data modify entity @s {} merge value {transformation:[0.42276006168167857f,-0.3969612945706822f,1.0919250230285602f,-0.0198642160628568f,-0.11740318111798828f,1.1414216524050016f,0.4604103599406323f,0.5038175f,-1.1558957644902634f,-0.2611186264709086f,0.35259982926777766f,-0.29349559141052584f,0f,0f,0f,1f],start_interpolation:0}