execute if entity @s[tag=aj.dino.bone.head_lower] run data modify entity @s {} merge value {transformation:[-0.9362283105089023f,-0.010277440941204627f,-0.35124197472589497f,-0.6461482188021735f,-0.13365490021845602f,0.9348588376452573f,0.32890016923703885f,0.15545097369277142f,0.3249814121595897f,0.35487086085540775f,-0.8766149404764333f,0.1501989938195013f,0f,0f,0f,1f],start_interpolation:0}
execute if entity @s[tag=aj.dino.bone.head_upper] run data modify entity @s {} merge value {transformation:[-0.9745196583135871f,0.13002851721318578f,-0.34187126649546984f,-0.6670986860358873f,-0.13912132994784912f,0.7680093338674745f,0.6886790698354981f,0.22012895376806418f,0.33827301650799524f,0.6904536120459399f,-0.701653132608131f,0.11743783834741843f,0f,0f,0f,1f],start_interpolation:0}
execute if entity @s[tag=aj.dino.bone.neck_0] run data modify entity @s {} merge value {transformation:[-0.9657652818670818f,-0.25628066642513475f,0.04021990001087139f,-0.660026013239839f,-0.24068785564489764f,0.94304489347886f,0.22964251572499894f,0.2197484548475777f,-0.09678210829102943f,0.21210032743995055f,-0.9724436614090347f,0.051146294585122196f,0f,0f,0f,1f],start_interpolation:0}
execute if entity @s[tag=aj.dino.bone.neck_1] run data modify entity @s {} merge value {transformation:[-0.9596598565007914f,-0.15661215196379522f,0.23350715980061315f,-0.6409663846308329f,-0.018543463808362387f,0.8639492348848333f,0.5032373788699515f,0.2663593719599203f,-0.28055142090331275f,0.47860667922541594f,-0.8320015305454385f,-0.017130273926808215f,0f,0f,0f,1f],start_interpolation:0}
execute if entity @s[tag=aj.dino.bone.neck_2] run data modify entity @s {} merge value {transformation:[-0.7715738357224827f,-0.25987122649911454f,0.5806382364832176f,-0.5926424220550722f,0.07676467090140199f,0.8680467804924541f,0.49051194906758866f,0.3178306180481181f,-0.6314910936267386f,0.42303868914619513f,-0.6498132548321669f,-0.06991697548359532f,0f,0f,0f,1f],start_interpolation:0}
execute if entity @s[tag=aj.dino.bone.body_0] run data modify entity @s {} merge value {transformation:[-0.6059799474476716f,-0.021171373518037717f,0.7951981364632822f,-0.2180702061299153f,0.19464491975540582f,0.965311920762991f,0.17402945396189923f,0.40904584977507724f,-0.7712986830694895f,0.2602396368277224f,-0.5808387667150382f,-0.34118500025068754f,0f,0f,0f,1f],start_interpolation:0}
execute if entity @s[tag=aj.dino.bone.leg_left_3] run data modify entity @s {} merge value {transformation:[0.13407604371823517f,0.0035154466120382866f,0.9909648107455602f,-0.023620402432071058f,-0.06253517361912371f,0.9980306316462739f,0.004920402032929427f,0.017484656845249746f,-0.9889959385969652f,-0.062629864528494f,0.13403183766497634f,0.06344507196713561f,0f,0f,0f,1f],start_interpolation:0}
execute if entity @s[tag=aj.dino.bone.leg_left_2] run data modify entity @s {} merge value {transformation:[0.3777973062038588f,-0.06087107771851457f,0.9516438970661184f,-0.007813196771883801f,-0.25290361994514365f,0.9805576084128326f,0.16312184128142734f,0.2507000580169697f,-0.9194406745105661f,-0.29472646298184246f,0.3461608839462695f,0.004016282886876638f,0f,0f,0f,1f],start_interpolation:0}
execute if entity @s[tag=aj.dino.bone.leg_left_1] run data modify entity @s {} merge value {transformation:[0.39485726907676055f,-0.9086430477407053f,-0.13585120113464344f,-0.2553219087810712f,0.14942978241299187f,-0.08238156410282255f,0.9853344701287875f,0.1730851286723744f,-0.9065089504165135f,-0.4093666934283433f,0.10324937349105884f,-0.09461812227761085f,0f,0f,0f,1f],start_interpolation:0}
execute if entity @s[tag=aj.dino.bone.leg_left_0] run data modify entity @s {} merge value {transformation:[0.3751776969945288f,0.36081108080398344f,0.8538483821188297f,-0.1395403257500627f,0.09663876334221674f,0.9008901810214279f,-0.42315225529218914f,0.5724878635614933f,-0.9219016461085038f,0.2412721403482807f,0.3031255667115379f,-0.13175784438722077f,0f,0f,0f,1f],start_interpolation:0}
execute if entity @s[tag=aj.dino.bone.leg_right_3] run data modify entity @s {} merge value {transformation:[0.5820003494710764f,-0.058732782849356124f,0.8110647652526369f,-0.078495993104094f,0.027443008807466036f,0.9982388018450552f,0.05259444608075964f,0.0034426944588703823f,-0.8127253376652769f,-0.0083519285029863f,0.5825871358064328f,-0.6774462212893883f,0f,0f,0f,1f],start_interpolation:0}
execute if entity @s[tag=aj.dino.bone.leg_right_2] run data modify entity @s {} merge value {transformation:[0.5958011965710249f,0.07921957915350314f,0.8311482370455772f,-0.03526813391586847f,0.21229418124263694f,0.9731395066465464f,-0.24493444166741693f,0.22238118059954043f,-0.8074740331897663f,0.31430233594924606f,0.5488733249501146f,-0.5859674612275564f,0f,0f,0f,1f],start_interpolation:0}
execute if entity @s[tag=aj.dino.bone.leg_right_1] run data modify entity @s {} merge value {transformation:[0.4373083341322594f,-0.8182157709546689f,0.3732082167631425f,-0.2686360851357611f,-0.14785252738103796f,0.3439332870248445f,0.9272807148988516f,0.26369303946279393f,-0.8870744337683889f,-0.4606873627931882f,0.02942962312279468f,-0.7303492998377433f,0f,0f,0f,1f],start_interpolation:0}
execute if entity @s[tag=aj.dino.bone.leg_right_0] run data modify entity @s {} merge value {transformation:[0.48317969564883034f,0.7776987174366895f,0.4021468470721008f,-0.05220558133014094f,-0.11738421751736272f,0.51271926733561f,-0.8504939143701566f,0.5478877306686056f,-0.8676164631855139f,0.3637356977259217f,0.33902509495507377f,-0.5142509586193718f,0f,0f,0f,1f],start_interpolation:0}
execute if entity @s[tag=aj.dino.bone.tail_4] run data modify entity @s {} merge value {transformation:[0.7467083186052887f,-0.8301384558617038f,-2.5256599459597107f,-0.14847157508819303f,-2.570186781092062f,-0.8962775399583593f,-0.4652825090907865f,0.20717860581016628f,-0.6798734653046032f,2.4765334738431735f,-1.014995249106602f,0.5646716502169195f,0f,0f,0f,1f],start_interpolation:0}
execute if entity @s[tag=aj.dino.bone.tail_3] run data modify entity @s {} merge value {transformation:[0.7500179091297319f,0.3147294156641417f,-1.9168630772553417f,0.1734776923967778f,-1.847740629389808f,-0.5184423225935761f,-0.8080950752791276f,0.34927503326599385f,-0.5993940511310287f,1.9920111644024312f,0.09254090127747837f,0.5294867400287848f,0f,0f,0f,1f],start_interpolation:0}
execute if entity @s[tag=aj.dino.bone.tail_2] run data modify entity @s {} merge value {transformation:[1.039499164144907f,0.9737087982771918f,-1.3379486308907393f,0.42319976989851943f,-1.5741473197611997f,0.09474042947719252f,-1.1540616715383478f,0.562671125775573f,-0.5101721066791562f,1.6916528314588786f,0.8347508576734062f,0.3743336682609403f,0f,0f,0f,1f],start_interpolation:0}
execute if entity @s[tag=aj.dino.bone.tail_1] run data modify entity @s {} merge value {transformation:[1.3793983154488074f,0.6135718759694121f,-0.09190261343601512f,0.4341580662311038f,-0.6030124826090637f,1.273217458613828f,-0.5504084836724444f,0.6661252235982544f,-0.14591944063299778f,0.5386122038167371f,1.4057953836689858f,0.06537761574859596f,0f,0f,0f,1f],start_interpolation:0}
execute if entity @s[tag=aj.dino.bone.tail_0] run data modify entity @s {} merge value {transformation:[1.0923050920953914f,-0.047326511545452817f,0.6621672777111872f,0.2395153244561074f,0.028924321153915526f,1.277145650923049f,0.0435670352233757f,0.6842137229059526f,-0.6632259690424459f,-0.02224644280121718f,1.0924614987972934f,-0.2544018716609137f,0f,0f,0f,1f],start_interpolation:0}
execute if entity @s[tag=aj.dino.bone.body_1] run data modify entity @s {} merge value {transformation:[0.2746776381056012f,-0.4158552767635442f,1.1314685938941897f,0.00447552973074598f,-0.07737019722199985f,1.1519953930566185f,0.44218215931265953f,0.5038175f,-1.202984057568016f,-0.1690431844840052f,0.22990944755044182f,-0.29646633960901797f,0f,0f,0f,1f],start_interpolation:0}