execute if entity @s[tag=aj.dino.bone.head_lower] run data modify entity @s {} merge value {transformation:[-0.975990665389757f,-0.21375643404610925f,-0.04183787728782522f,0.03597317838098564f,-0.2124247776508186f,0.9765826325821414f,-0.034089229661794895f,0.4120432953701568f,0.04814493651527711f,-0.024383368159991092f,-0.9985426963556011f,0.8201853128281308f,0f,0f,0f,1f],start_interpolation:0}
execute if entity @s[tag=aj.dino.bone.head_upper] run data modify entity @s {} merge value {transformation:[-1.015908276941421f,-0.1328865144675808f,-0.18369401105664346f,0.020010498665154645f,-0.22111286254641307f,0.7671348251996712f,0.6678961031222657f,0.4752434630958456f,0.05011404435836173f,0.69088152155202f,-0.7769448167788501f,0.7821539028157283f,0f,0f,0f,1f],start_interpolation:0}
execute if entity @s[tag=aj.dino.bone.neck_0] run data modify entity @s {} merge value {transformation:[-0.9899646978925125f,-0.1371064610088436f,0.0342303268494041f,0.024769273060894402f,-0.1339427958855332f,0.9875915140790356f,0.08198980881453766f,0.464557896123014f,-0.04504691284597618f,0.07658211063106368f,-0.9960451575979568f,0.7165192398774876f,0f,0f,0f,1f],start_interpolation:0}
execute if entity @s[tag=aj.dino.bone.neck_1] run data modify entity @s {} merge value {transformation:[-0.9995188922226174f,-0.027697555991777912f,0.013958133190154688f,0.025824110964339002f,-0.023671569664335233f,0.9720159286745267f,0.23371925721391415f,0.48883494065569594f,-0.020040980008430062f,0.23327640213934955f,-0.9722039288776929f,0.6352354821500862f,0f,0f,0f,1f],start_interpolation:0}
execute if entity @s[tag=aj.dino.bone.neck_2] run data modify entity @s {} merge value {transformation:[-0.9996791990000082f,0.015690966324387743f,-0.01988196827552475f,0.024235925795810676f,0.008857452517529028f,0.9520012099150454f,0.30596607958267064f,0.5249605508185593f,0.023728561304928737f,0.3056918217684214f,-0.9518347889640837f,0.5548405298684166f,0f,0f,0f,1f],start_interpolation:0}
execute if entity @s[tag=aj.dino.bone.body_0] run data modify entity @s {} merge value {transformation:[-0.9990823603871172f,0.011015782232468904f,-0.04138948785758709f,0.004834154474601406f,0.007133084709840419f,0.9956581601564325f,0.09281135284236468f,0.5781870819187828f,0.04223217098171449f,0.09243095074548621f,-0.9948230812955923f,0.08686466258489803f,0f,0f,0f,1f],start_interpolation:0}
execute if entity @s[tag=aj.dino.bone.leg_left_3] run data modify entity @s {} merge value {transformation:[-0.9900113499607262f,0.0016598323175476479f,-0.14097791282898853f,0.21979148573737295f,-0.00017274266834762728f,0.9999156661557655f,0.012985789781231882f,0.029293527368753708f,0.14098757785319527f,0.012880432172463818f,-0.9899275717738848f,-0.12051279546832622f,0f,0f,0f,1f],start_interpolation:0}
execute if entity @s[tag=aj.dino.bone.leg_left_2] run data modify entity @s {} merge value {transformation:[-1.0158010406363347f,-0.07368326289226022f,-0.12157804946775427f,0.19728282617109288f,-0.029492309551220515f,0.9673173602533093f,-0.33983750194850326f,0.24422554484670583f,0.1390706619678235f,-0.33306170722977746f,-0.9600997081854113f,-0.2276046260316433f,0f,0f,0f,1f],start_interpolation:0}
execute if entity @s[tag=aj.dino.bone.leg_left_1] run data modify entity @s {} merge value {transformation:[-0.9494997814925724f,0.059251913818463176f,0.30812233877861944f,0.215947947729003f,0.3042539354305081f,0.41385222017023504f,0.8579952695879012f,0.30509200128558883f,-0.07667925221730552f,0.9084137551628204f,-0.41098022058291084f,0.042506968272576856f,0f,0f,0f,1f],start_interpolation:0}
execute if entity @s[tag=aj.dino.bone.leg_left_0] run data modify entity @s {} merge value {transformation:[-0.9681479010111672f,0.2461172852216289f,-0.045999170457806896f,0.20375421040635341f,0.24269230936133124f,0.8772796082269041f,-0.41410256213420576f,0.7114702237151586f,-0.06156366415780415f,-0.41207617124068835f,-0.909067183628955f,-0.052442132142026865f,0f,0f,0f,1f],start_interpolation:0}
execute if entity @s[tag=aj.dino.bone.leg_right_3] run data modify entity @s {} merge value {transformation:[-0.9794026271691397f,0.057692746131542086f,0.19349945978733077f,-0.22834553191082368f,0.07433386395102162f,0.9940299485082867f,0.07986825488717816f,0.07155302451239393f,-0.18773643909560656f,0.0926067411823445f,-0.9778440677957234f,-0.20755441695867974f,0f,0f,0f,1f],start_interpolation:0}
execute if entity @s[tag=aj.dino.bone.leg_right_2] run data modify entity @s {} merge value {transformation:[-1.0058424661028857f,0.12230336610096752f,0.15932676964381298f,-0.19335244186110034f,0.10380320337993522f,1.0130740389329427f,-0.12234412985040244f,0.3037570924273196f,-0.17195356307103293f,-0.10385122907872145f,-1.0058375086795626f,-0.2625801069457044f,0f,0f,0f,1f],start_interpolation:0}
execute if entity @s[tag=aj.dino.bone.leg_right_1] run data modify entity @s {} merge value {transformation:[-0.9619604458219496f,-0.07899208059607626f,-0.26151931453936483f,-0.22010016141462008f,-0.27194269240517355f,0.1855533693505417f,0.9442547956828636f,0.2986705022461025f,-0.026062860960789063f,0.9794540307363916f,-0.19997632098019524f,0.013593881255176368f,0f,0f,0f,1f],start_interpolation:0}
execute if entity @s[tag=aj.dino.bone.leg_right_0] run data modify entity @s {} merge value {transformation:[-0.9744053908556887f,-0.18277640308465545f,0.13086986187357377f,-0.18921814636678716f,-0.21949409891228175f,0.8992815455273266f,-0.3783054882190691f,0.7080759083555315f,-0.04854353524474925f,-0.3973480695176689f,-0.9163831277563569f,-0.06217414075551107f,0f,0f,0f,1f],start_interpolation:0}
execute if entity @s[tag=aj.dino.bone.tail_4] run data modify entity @s {} merge value {transformation:[-2.7349401343284776f,-0.29780219357931614f,0.23890928558487542f,0.10490110806320876f,-0.2816353238187879f,2.740355301087358f,0.1918220523816407f,0.6617874863980358f,-0.25776993156071276f,0.16561403594431842f,-2.7444103164580578f,-1.8204360193738918f,0f,0f,0f,1f],start_interpolation:0}
execute if entity @s[tag=aj.dino.bone.tail_3] run data modify entity @s {} merge value {transformation:[-2.071271885366169f,-0.09326825100548511f,0.19255995505425202f,0.07316275862876409f,-0.10879678002509859f,2.0727888927146467f,-0.16629790419426058f,0.6697015989684748f,-0.18423236304267507f,-0.17547867573471979f,-2.0666908808079025f,-1.4682844221431464f,0f,0f,0f,1f],start_interpolation:0}
execute if entity @s[tag=aj.dino.bone.tail_2] run data modify entity @s {} merge value {transformation:[-1.9503422504479677f,-0.02660461920897011f,0.1192944900533077f,0.049537672014935474f,-0.049275426822553925f,1.9165940242857675f,-0.37817079922479324f,0.7404223471851521f,-0.111852194577434f,-0.38043845141048677f,-1.9135123585332232f,-1.1127398890347f,0f,0f,0f,1f],start_interpolation:0}
execute if entity @s[tag=aj.dino.bone.tail_1] run data modify entity @s {} merge value {transformation:[-1.5092726914584607f,0.021136566318431103f,0.09646470018613644f,0.029963088826087655f,0.009715064748524708f,1.502062130557762f,-0.17711923515307262f,0.7601659911375284f,-0.09827415903820595f,-0.1761216951671315f,-1.498992857940554f,-0.7879265561567332f,0f,0f,0f,1f],start_interpolation:0}
execute if entity @s[tag=aj.dino.bone.tail_0] run data modify entity @s {} merge value {transformation:[-1.277222402618152f,0.005810029148864877f,0.05004892002463796f,0.015477837502781205f,0.007000767871248961f,1.2778371045452321f,0.03031567384536478f,0.7821435322377945f,-0.049896293284733634f,0.03056622961333292f,-1.2768757896160834f,-0.41405615550689845f,0f,0f,0f,1f],start_interpolation:0}
execute if entity @s[tag=aj.dino.bone.body_1] run data modify entity @s {} merge value {transformation:[-1.2359424592833155f,-0.01704806973768637f,0.027571646943546146f,0.010216124284024547f,-0.010675505288995203f,1.2069795158784065f,0.26775189428462004f,0.6385963317054846f,-0.030608266592298407f,0.267421776645801f,-1.2067117810181802f,-0.15152532417394518f,0f,0f,0f,1f],start_interpolation:0}