execute if entity @s[tag=aj.dino.bone.head_lower] run data modify entity @s {} merge value {transformation:[0.2679257048098754f,0.3927218269314232f,-0.8797643908193699f,0.8677234666433393f,-0.4304406562379375f,0.8657396205782929f,0.2553737473163742f,0.2411628548003054f,0.8619377345026641f,0.31026517047938024f,0.4009973389285967f,-0.322963792046294f,0f,0f,0f,1f],start_interpolation:0}
execute if entity @s[tag=aj.dino.bone.head_upper] run data modify entity @s {} merge value {transformation:[0.278883754500889f,0.9511885302471847f,-0.3177045388174299f,0.8672670132473964f,-0.4480454997277957f,0.4131996056271577f,0.8437969297566438f,0.3084711939195745f,0.8971906287031004f,-0.0893219369431119f,0.5201370107304162f,-0.2888341036929019f,0f,0f,0f,1f],start_interpolation:0}
execute if entity @s[tag=aj.dino.bone.neck_0] run data modify entity @s {} merge value {transformation:[0.22228459969602854f,0.6310325445107676f,-0.7432277474006489f,0.8088938464537365f,-0.43291768246758255f,0.7469116684699111f,0.5046833063520044f,0.32912107247699685f,0.8735970678435646f,0.20957310722456726f,0.43921210796535004f,-0.26411787080153765f,0f,0f,0f,1f],start_interpolation:0}
execute if entity @s[tag=aj.dino.bone.neck_1] run data modify entity @s {} merge value {transformation:[0.22466626399806403f,0.6155959115804484f,-0.75535868530559f,0.7477410251407707f,-0.12453511667684444f,0.7869579865371691f,0.6043079778884686f,0.3839393068205883f,0.9664450706250391f,-0.04169893368902739f,0.2534662194332041f,-0.24283805704655387f,0f,0f,0f,1f],start_interpolation:0}
execute if entity @s[tag=aj.dino.bone.neck_2] run data modify entity @s {} merge value {transformation:[0.04022607102166581f,0.37097128534439217f,-0.9277726923444609f,0.6700932197367783f,-0.19262028316839253f,0.9139867316499678f,0.3571073800412676f,0.4241730929621142f,0.980448514569882f,0.16434281188339095f,0.10822268921059117f,-0.23174791895894117f,0f,0f,0f,1f],start_interpolation:0}
execute if entity @s[tag=aj.dino.bone.body_0] run data modify entity @s {} merge value {transformation:[0.2942667063309982f,0.16596441089095676f,-0.9412029110997925f,0.22808883571561267f,-0.22911083451846515f,0.9683407421048252f,0.09911827624676009f,0.48011182085815235f,0.9278552317314154f,0.18647257572494214f,0.32297468546489394f,-0.07775477647990744f,0f,0f,0f,1f],start_interpolation:0}
execute if entity @s[tag=aj.dino.bone.leg_left_3] run data modify entity @s {} merge value {transformation:[0.1337909182436841f,0.10472851409053913f,-0.9854602622794587f,-0.4354479792945556f,0.015211703309340359f,0.9940661567895734f,0.10770830983743127f,0.07187798078010005f,0.990892826837464f,-0.02940092280856492f,0.13140392482747384f,-0.41312518482710126f,0f,0f,0f,1f],start_interpolation:0}
execute if entity @s[tag=aj.dino.bone.leg_left_2] run data modify entity @s {} merge value {transformation:[0.0799543453859067f,0.0933293894915377f,-1.0183119007513082f,-0.44503939356416333f,-0.28609294655830275f,0.9826715027594898f,0.06759987496060156f,0.3025825818393176f,0.9817435144090303f,0.2787625194000041f,0.10263200862432288f,-0.3434512019609575f,0f,0f,0f,1f],start_interpolation:0}
execute if entity @s[tag=aj.dino.bone.leg_left_1] run data modify entity @s {} merge value {transformation:[0.009834763589849242f,0.9990516899989851f,-0.042414598139124404f,-0.17157462398981455f,0.11047684385821063f,0.04107139092055506f,0.9930297114482424f,0.2588736078442056f,0.9938300379824815f,-0.014452043385714528f,-0.10996815014228936f,-0.36133781856971126f,0f,0f,0f,1f],start_interpolation:0}
execute if entity @s[tag=aj.dino.bone.leg_left_0] run data modify entity @s {} merge value {transformation:[-0.013761779195285956f,0.3901214798980994f,-0.9206605478435019f,0.054947111212117164f,0.057235515322588505f,0.9195454188696486f,0.3887934135522365f,0.5949219060128872f,0.9982658509731455f,-0.04734399178311209f,-0.034983384954899346f,-0.26100475650394983f,0f,0f,0f,1f],start_interpolation:0}
execute if entity @s[tag=aj.dino.bone.leg_right_3] run data modify entity @s {} merge value {transformation:[-0.3911901681683928f,0.04847074656593853f,-0.9190325560369041f,0.1327385103937973f,0.023550669138986784f,0.9988122970744091f,0.042653970460546115f,0.05099519415386855f,0.9200084881736096f,-0.004958017777671714f,-0.39186706897649076f,0.2841193307067106f,0f,0f,0f,1f],start_interpolation:0}
execute if entity @s[tag=aj.dino.bone.leg_right_2] run data modify entity @s {} merge value {transformation:[-0.4045423819083091f,-0.05139444540341606f,-0.941151566817121f,0.09230033910108904f,0.18905948489689364f,0.9989359561189718f,-0.13581482335846828f,0.2793551259821739f,0.9233981654254938f,-0.2270413311603109f,-0.3845130186800975f,0.21788061163780809f,0f,0f,0f,1f],start_interpolation:0}
execute if entity @s[tag=aj.dino.bone.leg_right_1] run data modify entity @s {} merge value {transformation:[-0.24201214611530764f,0.9126019695035509f,-0.3295265791873293f,0.3528828062916031f,-0.17773633926836066f,0.29217854994926307f,0.9397028725363292f,0.3053528606684064f,0.953855290301493f,0.28598835676961787f,0.09149177534657751f,0.30971895463165f,0f,0f,0f,1f],start_interpolation:0}
execute if entity @s[tag=aj.dino.bone.leg_right_0] run data modify entity @s {} merge value {transformation:[-0.29748435807427154f,-0.9437575883313746f,-0.14430755755706817f,0.028670621761274585f,-0.16551361543244883f,0.1998419839670631f,-0.9657475987806481f,0.48168040798200906f,0.940270333365686f,-0.2634099388995337f,-0.21565459485326513f,0.11452076297789891f,0f,0f,0f,1f],start_interpolation:0}
execute if entity @s[tag=aj.dino.bone.tail_4] run data modify entity @s {} merge value {transformation:[1.2854606031310105f,-0.8837239484662892f,2.278658454508971f,-0.8280041056172139f,1.6560048578069202f,2.208454449455671f,-0.07770577326895388f,0.7368378212450561f,-1.7974705227952805f,1.4026483020296288f,1.5579919101508406f,0.8356611986994285f,0f,0f,0f,1f],start_interpolation:0}
execute if entity @s[tag=aj.dino.bone.tail_3] run data modify entity @s {} merge value {transformation:[1.15927556600196f,-1.5811859082433157f,0.7013392985481717f,-0.9314521878249815f,1.5387966369266357f,1.3283309573234503f,0.4512064982287865f,0.6473311118458216f,-0.7900193657743804f,0.26708335296938973f,1.9080045624454154f,0.5095205132662528f,0f,0f,0f,1f],start_interpolation:0}
execute if entity @s[tag=aj.dino.bone.tail_2] run data modify entity @s {} merge value {transformation:[1.5820604888858212f,-1.1470774291823558f,-0.008476790048782594f,-0.9289794747416653f,1.0734343356207707f,1.4753185530196282f,0.6999626913123588f,0.5183543783056098f,-0.40447152139492715f,-0.5713338897520827f,1.8244873937092596f,0.169917256708773f,0f,0f,0f,1f],start_interpolation:0}
execute if entity @s[tag=aj.dino.bone.tail_1] run data modify entity @s {} merge value {transformation:[0.8196924931570768f,-0.516336366433272f,-1.1615322739211433f,-0.673502121139185f,0.9355330981647022f,1.1807278844684914f,0.13533563860607498f,0.47390469815896213f,0.8605453438955378f,-0.7917920620573606f,0.9592618472360217f,-0.027648491157505783f,0f,0f,0f,1f],start_interpolation:0}
execute if entity @s[tag=aj.dino.bone.tail_0] run data modify entity @s {} merge value {transformation:[0.3123835262297415f,0.1793452445393977f,-1.226412464216425f,-0.3107879743912148f,-0.1439521357785934f,1.2614546095050292f,0.14780313713626933f,0.4611543330347487f,1.2310686543524214f,0.10199641171945772f,0.32848503291824577f,-0.12117809737325169f,0f,0f,0f,1f],start_interpolation:0}
execute if entity @s[tag=aj.dino.bone.body_1] run data modify entity @s {} merge value {transformation:[-0.0826425279881829f,-0.27529584879944696f,-1.2024919971699457f,-0.012682300226910153f,-0.35615730510532545f,1.1591899364822709f,-0.2409050855307774f,0.43908172247099536f,1.181070184893381f,0.3302960518205919f,-0.156787536379313f,-0.10697497444279834f,0f,0f,0f,1f],start_interpolation:0}