execute if entity @s[tag=aj.dino.bone.head_lower] run data modify entity @s {} merge value {transformation:[-0.9255580644217859f,0.07704835307911445f,-0.37068291122142827f,-0.6757351240258185f,-0.07426919763739848f,0.9231023707635061f,0.37731432436775025f,0.15182371492751776f,0.3712497214357125f,0.3767566381347393f,-0.8486625241845638f,0.1111956231879587f,0f,0f,0f,1f],start_interpolation:0}
execute if entity @s[tag=aj.dino.bone.head_upper] run data modify entity @s {} merge value {transformation:[-0.9634130036074435f,0.2217507544961678f,-0.3257820282703934f,-0.6935133951475069f,-0.07730677687526906f,0.7374184877894016f,0.7305542955174906f,0.2187207423826603f,0.38643368035504927f,0.7003659895585165f,-0.666054377615281f,0.08112608236362093f,0f,0f,0f,1f],start_interpolation:0}
execute if entity @s[tag=aj.dino.bone.neck_0] run data modify entity @s {} merge value {transformation:[-0.9773187458921312f,-0.20412154892235784f,0.056413315745213966f,-0.6862365327897738f,-0.18162499275033714f,0.9448885314587607f,0.27239314441840634f,0.22105556888211053f,-0.10890560562373147f,0.2559688582293641f,-0.9605308494163446f,0.014896692258162744f,0f,0f,0f,1f],start_interpolation:0}
execute if entity @s[tag=aj.dino.bone.neck_1] run data modify entity @s {} merge value {transformation:[-0.9437905606576563f,-0.15209813002538045f,0.2934715258015489f,-0.6620763398133672f,0.029440518745386085f,0.8456353051506943f,0.5329485777621465f,0.27009904451506356f,-0.3292303653515415f,0.5116317909644345f,-0.7936247709119318f,-0.04997671845619678f,0f,0f,0f,1f],start_interpolation:0}
execute if entity @s[tag=aj.dino.bone.neck_2] run data modify entity @s {} merge value {transformation:[-0.7397747265007879f,-0.2525857188082571f,0.6236455793836757f,-0.6099132817707189f,0.1302531734838736f,0.855573231822805f,0.5010275000293505f,0.3223694078967001f,-0.6601268551029149f,0.4518792976474991f,-0.60003136212163f,-0.09811978526473744f,0f,0f,0f,1f],start_interpolation:0}
execute if entity @s[tag=aj.dino.bone.body_0] run data modify entity @s {} merge value {transformation:[-0.5316495866463593f,0.002964305416025992f,0.8469592256491194f,-0.21071633610491572f,0.2676550851877044f,0.9493357651941672f,0.16468867689178796f,0.40903017356644233f,-0.8035604970329977f,0.31424961068648216f,-0.505507378572733f,-0.3333698967795947f,0f,0f,0f,1f],start_interpolation:0}
execute if entity @s[tag=aj.dino.bone.leg_left_3] run data modify entity @s {} merge value {transformation:[0.07123692670841744f,-0.02745937158246492f,0.9970813824284535f,0.0024641432809187486f,-0.024558057005237874f,0.9992696948946104f,0.029274198560502174f,0.008015852286979569f,-0.9971570599004288f,-0.0265717853658416f,0.07051055320449973f,0.03720969771333281f,0f,0f,0f,1f],start_interpolation:0}
execute if entity @s[tag=aj.dino.bone.leg_left_2] run data modify entity @s {} merge value {transformation:[0.32885814238994204f,-0.13259332339290847f,0.962462223817722f,0.001811409207682635f,-0.2031440219617028f,0.9842594704019625f,0.20500731881073345f,0.24346579693956238f,-0.9500773800200457f,-0.25634840552725546f,0.2893106746364087f,-0.015077677123629035f,0f,0f,0f,1f],start_interpolation:0}
execute if entity @s[tag=aj.dino.bone.leg_left_1] run data modify entity @s {} merge value {transformation:[0.3404065642371704f,-0.9290342495769504f,-0.14497839196665863f,-0.2496684633220197f,0.1984005046207399f,-0.07974775530174044f,0.9768712992460008f,0.16603996344695954f,-0.9191085957548657f,-0.3612971888035203f,0.15717420453812522f,-0.1032621410625f,0f,0f,0f,1f],start_interpolation:0}
execute if entity @s[tag=aj.dino.bone.leg_left_0] run data modify entity @s {} merge value {transformation:[0.31767582500095304f,0.41140755886110164f,0.8542984787074791f,-0.12074376540039249f,0.14754075411659895f,0.8685483021436085f,-0.47313377888094243f,0.5627316947732655f,-0.9366503061893854f,0.27634700533098655f,0.21521741695301186f,-0.12118896809932475f,0f,0f,0f,1f],start_interpolation:0}
execute if entity @s[tag=aj.dino.bone.leg_right_3] run data modify entity @s {} merge value {transformation:[0.5044710647882276f,-0.014364226694540183f,0.8633091067415538f,-0.1112594723611622f,0.007456936715958939f,0.999896799639013f,0.012279420445376277f,0.014636886436264901f,-0.8633963973090496f,0.00024302906822151749f,0.5045261163216689f,-0.6866889694880389f,0f,0f,0f,1f],start_interpolation:0}
execute if entity @s[tag=aj.dino.bone.leg_right_2] run data modify entity @s {} merge value {transformation:[0.5248748628951864f,0.14864530581626043f,0.8686041393294438f,-0.05058098836498645f,0.22665539957151082f,0.9542191884409992f,-0.30025867140979423f,0.22743302768841328f,-0.8515843514570548f,0.34559009385467976f,0.45544898603869544f,-0.5907358772286584f,0f,0f,0f,1f],start_interpolation:0}
execute if entity @s[tag=aj.dino.bone.leg_right_1] run data modify entity @s {} merge value {transformation:[0.3447607268203828f,-0.8482516159182703f,0.402006514044641f,-0.29547923717740093f,-0.12397814148160934f,0.38336390333172454f,0.9152385142994313f,0.2805710992737058f,-0.9304673350940631f,-0.36537831587863434f,0.02700415909902515f,-0.7099607854340105f,0f,0f,0f,1f],start_interpolation:0}
execute if entity @s[tag=aj.dino.bone.leg_right_0] run data modify entity @s {} merge value {transformation:[0.3925263798939774f,0.8132086146126051f,0.429668232718194f,-0.056806035521392476f,-0.09418933983849583f,0.5002481779306864f,-0.8607439391234866f,0.5580066526474059f,-0.9149051368027821f,0.2973945352505244f,0.27295618889302975f,-0.5090331987268782f,0f,0f,0f,1f],start_interpolation:0}
execute if entity @s[tag=aj.dino.bone.tail_4] run data modify entity @s {} merge value {transformation:[0.5627552429751708f,-0.7810718759098662f,-2.5882222842651283f,-0.15804865457843176f,-2.5694818592193696f,-0.9766001937862416f,-0.26396281601628696f,0.16204931282779736f,-0.8406728514984474f,2.462080445021916f,-0.9257917533625751f,0.477648904484037f,0f,0f,0f,1f],start_interpolation:0}
execute if entity @s[tag=aj.dino.bone.tail_3] run data modify entity @s {} merge value {transformation:[0.7856095874475065f,0.199990052014198f,-1.9180112307414579f,0.16521811205982156f,-1.807354181356996f,-0.6458720615827327f,-0.8076296609478242f,0.3053138232485137f,-0.6724834312355855f,1.9694666245475376f,-0.07009119453529615f,0.47026100383992925f,0f,0f,0f,1f],start_interpolation:0}
execute if entity @s[tag=aj.dino.bone.tail_2] run data modify entity @s {} merge value {transformation:[1.0896257666345006f,0.8234705132297022f,-1.397635817203525f,0.42603722336382976f,-1.5306615261287189f,-0.03562124918132148f,-1.2143229776459143f,0.5299134963592685f,-0.5371823304226002f,1.7718355779955286f,0.6251461456601739f,0.35407209737175555f,0f,0f,0f,1f],start_interpolation:0}
execute if entity @s[tag=aj.dino.bone.tail_1] run data modify entity @s {} merge value {transformation:[1.388445690032503f,0.5769006181983868f,-0.16450073723994826f,0.45305745059521985f,-0.5914322109018838f,1.246963813776313f,-0.618825853564751f,0.6484001090688939f,-0.10041292614936098f,0.6323947927163476f,1.3702738122022808f,0.05157001981229248f,0f,0f,0f,1f],start_interpolation:0}
execute if entity @s[tag=aj.dino.bone.tail_0] run data modify entity @s {} merge value {transformation:[1.0726877194008497f,-0.05327007940810102f,0.6930649838727149f,0.2492422520702576f,0.07484361154601621f,1.2758990303594717f,-0.017771176734724697f,0.6843829763685748f,-0.6910681638169862f,0.055494860587647264f,1.0738625750025022f,-0.26089839365042067f,0f,0f,0f,1f],start_interpolation:0}
execute if entity @s[tag=aj.dino.bone.body_1] run data modify entity @s {} merge value {transformation:[0.20109138402644197f,-0.4340717836254853f,1.1400651459398143f,0.013430890423291392f,-0.014860791311648315f,1.1544933485847442f,0.44218645389860883f,0.5038175f,-1.2198139231899972f,-0.08562353525768931f,0.1825573829185047f,-0.2975730752308329f,0f,0f,0f,1f],start_interpolation:0}