execute if entity @s[tag=aj.dino.bone.head_lower] run data modify entity @s {} merge value {transformation:[0.38364823270721726f,0.18739886230576908f,-0.9042652818432941f,0.8846368389797961f,-0.47721234286751774f,0.8785513297709913f,-0.020394626069571264f,0.26468420286170136f,0.7906215361065774f,0.43935091597051024f,0.4264837151408598f,-0.3546403343806287f,0f,0f,0f,1f],start_interpolation:0}
execute if entity @s[tag=aj.dino.bone.head_upper] run data modify entity @s {} merge value {transformation:[0.3993392855715122f,0.8345918752510721f,-0.476923976486442f,0.8706234627925837f,-0.49673012885232304f,0.6213134657589173f,0.6713424602544548f,0.3247620138056667f,0.8229576275076964f,-0.029965340229148887f,0.636643357222364f,-0.31116921279613663f,0f,0f,0f,1f],start_interpolation:0}
execute if entity @s[tag=aj.dino.bone.neck_0] run data modify entity @s {} merge value {transformation:[0.3225098604903144f,0.5490773497002603f,-0.7710392038882692f,0.811749856266324f,-0.45393863337218876f,0.8045026001958323f,0.38303431100925445f,0.33661782382221295f,0.830618508714264f,0.22647214028282306f,0.5087074430918126f,-0.2822196967770457f,0f,0f,0f,1f],start_interpolation:0}
execute if entity @s[tag=aj.dino.bone.neck_1] run data modify entity @s {} merge value {transformation:[0.31526446863568514f,0.5465024659463135f,-0.7758500947544297f,0.7485428387559366f,-0.17370159107581468f,0.8369605902077787f,0.5189650544080757f,0.3844367481659295f,0.9329716351924048f,-0.028844846223285363f,0.35879228360259563f,-0.2519581658081285f,0f,0f,0f,1f],start_interpolation:0}
execute if entity @s[tag=aj.dino.bone.neck_2] run data modify entity @s {} merge value {transformation:[0.16047016316373458f,0.3742851660111247f,-0.913323568752186f,0.6721933299099572f,-0.24654440625233198f,0.9111838523749987f,0.3300906586329603f,0.4222762249467756f,0.955753724805658f,0.1722051151246129f,0.23849573548604452f,-0.22937815495626795f,0f,0f,0f,1f],start_interpolation:0}
execute if entity @s[tag=aj.dino.bone.body_0] run data modify entity @s {} merge value {transformation:[0.30845739297909525f,0.17598694821135796f,-0.9348168969246291f,0.2332941276181414f,-0.2693079934186452f,0.9586862434521204f,0.09161818212824663f,0.47458821544232094f,0.9123197035016635f,0.2234933571158535f,0.3431085512308351f,-0.06554332782501762f,0f,0f,0f,1f],start_interpolation:0}
execute if entity @s[tag=aj.dino.bone.leg_left_3] run data modify entity @s {} merge value {transformation:[0.13152387983394567f,0.21865164463981415f,-0.9668986127457887f,-0.4614082940433461f,-0.06924701998546717f,0.9750155164883137f,0.21106774464649725f,0.07899633772021009f,0.9888914597955424f,0.039194398877020156f,0.14337879843306997f,-0.427859700612388f,0f,0f,0f,1f],start_interpolation:0}
execute if entity @s[tag=aj.dino.bone.leg_left_2] run data modify entity @s {} merge value {transformation:[0.06550521798201618f,0.17479013141177258f,-1.0085730890118367f,-0.4517327708052916f,-0.30764302435949686f,0.9672729406235318f,0.14765170978062445f,0.3085520842392053f,0.9762822519542007f,0.2930762150009019f,0.11419937049158611f,-0.35450020527475434f,0f,0f,0f,1f],start_interpolation:0}
execute if entity @s[tag=aj.dino.bone.leg_left_1] run data modify entity @s {} merge value {transformation:[-0.016601427991066203f,0.9974606170358791f,-0.06925828507161375f,-0.17675006426496165f,0.08630492475495123f,0.07043884602105271f,0.9937755425317452f,0.27326317285451507f,0.9961304395267218f,0.010520762026860898f,-0.08725514892930114f,-0.36685291739816733f,0f,0f,0f,1f],start_interpolation:0}
execute if entity @s[tag=aj.dino.bone.leg_left_0] run data modify entity @s {} merge value {transformation:[-0.04332087148564921f,0.4431326367711639f,-0.8954087157951723f,0.06509291510475453f,0.034423141080655f,0.8963800025271021f,0.44194789107727794f,0.5932363459323441f,0.9984680012157952f,-0.01167721275595296f,-0.05408598016479893f,-0.250937342928911f,0f,0f,0f,1f],start_interpolation:0}
execute if entity @s[tag=aj.dino.bone.leg_right_3] run data modify entity @s {} merge value {transformation:[-0.39249480538597f,0.03508337795584293f,-0.9190848624236159f,0.1405974749929994f,0.03824748537924631f,0.9990304423360856f,0.021801494167362462f,0.02172919324555339f,0.918958626711341f,-0.02659571162749151f,-0.3934561100247823f,0.2875275329567644f,0f,0f,0f,1f],start_interpolation:0}
execute if entity @s[tag=aj.dino.bone.leg_right_2] run data modify entity @s {} merge value {transformation:[-0.4131854017265625f,-0.09568600793722994f,-0.9339080314387438f,0.09007227106330046f,0.17923220585494323f,0.9935507139314541f,-0.1810938837491854f,0.24744975298928695f,0.9215290769612887f,-0.2361426819362153f,-0.3835140070239172f,0.21920107583469822f,0f,0f,0f,1f],start_interpolation:0}
execute if entity @s[tag=aj.dino.bone.leg_right_1] run data modify entity @s {} merge value {transformation:[-0.24201461854592118f,0.8973089698162496f,-0.3691416220062062f,0.34860109221971675f,-0.18257363948806227f,0.3315406984797568f,0.9256066288740796f,0.28479222740985705f,0.9529406018079801f,0.29140586462673607f,0.08358726868960986f,0.3129121952143556f,0f,0f,0f,1f],start_interpolation:0}
execute if entity @s[tag=aj.dino.bone.leg_right_0] run data modify entity @s {} merge value {transformation:[-0.2970503316974402f,-0.9368894866940115f,-0.184388693147579f,0.030297935861452626f,-0.16794036214423771f,0.2413565678064742f,-0.9557944559054217f,0.4768916730162308f,0.9399771992986334f,-0.2529527562587728f,-0.22903660820879013f,0.12294329719538162f,0f,0f,0f,1f],start_interpolation:0}
execute if entity @s[tag=aj.dino.bone.tail_4] run data modify entity @s {} merge value {transformation:[-0.18776041868146423f,-2.0260913424433493f,1.8669122177683306f,-0.8564586754148918f,2.6637042226386596f,0.3444006802081312f,0.6416613728199231f,0.3495545716488379f,-0.7036243110307755f,1.8444520528190163f,1.930950746492044f,0.9738609175095976f,0f,0f,0f,1f],start_interpolation:0}
execute if entity @s[tag=aj.dino.bone.tail_3] run data modify entity @s {} merge value {transformation:[-0.2525458167915216f,-2.0157598671215577f,0.4570320498254219f,-0.9142286290445474f,2.0572724096479593f,-0.20070599255428576f,0.2515807287900244f,0.30885984269655187f,-0.19949027286267412f,0.4820526824936492f,2.0158805441737604f,0.6273248083840217f,0f,0f,0f,1f],start_interpolation:0}
execute if entity @s[tag=aj.dino.bone.tail_2] run data modify entity @s {} merge value {transformation:[0.6563975894811821f,-1.8137228832165115f,-0.31356878419710954f,-0.8558830876237044f,1.7896175957234746f,0.7067099210996329f,-0.34147302016272996f,0.3738304187690934f,0.43033119873302117f,-0.1724652582954329f,1.8983794850031608f,0.2746973760843616f,0f,0f,0f,1f],start_interpolation:0}
execute if entity @s[tag=aj.dino.bone.tail_1] run data modify entity @s {} merge value {transformation:[0.5210091300804847f,-1.0751203939613738f,-0.9275353766089558f,-0.6436433444409898f,1.1226030667397622f,0.9168669312263394f,-0.43217315392105937f,0.45454900524290714f,0.8694642551130306f,-0.5395622474858074f,1.1138046238765609f,0.040783977130319296f,0f,0f,0f,1f],start_interpolation:0}
execute if entity @s[tag=aj.dino.bone.tail_0] run data modify entity @s {} merge value {transformation:[0.5460305699783272f,0.12148806655947515f,-1.14931587603966f,-0.304854809417867f,-0.12115350119788666f,1.2701474038799327f,0.07670148726451238f,0.4627859673804359f,1.1493511919255421f,0.07617045808405638f,0.5540989221417313f,-0.11929847753730648f,0f,0f,0f,1f],start_interpolation:0}
execute if entity @s[tag=aj.dino.bone.body_1] run data modify entity @s {} merge value {transformation:[-0.10943414078742603f,-0.2671669385466519f,-1.2021857555444488f,-0.007367871934020092f,-0.3659171407098891f,1.1594695766284444f,-0.22436475227629907f,0.43684912527986974f,1.175896853478683f,0.33594154681568544f,-0.18169882266615708f,-0.09968409364784182f,0f,0f,0f,1f],start_interpolation:0}