execute if entity @s[tag=aj.dino.bone.head_lower] run data modify entity @s {} merge value {transformation:[-0.9184010354367158f,-0.3848712220502635f,-0.09172611703492528f,0.08330076334145181f,-0.3617133238407032f,0.9106905909509939f,-0.19951470850400932f,0.40404536689215037f,0.16032158140711633f,-0.1500559561992325f,-0.9755922306703018f,0.8253386347444567f,0f,0f,0f,1f],start_interpolation:0}
execute if entity @s[tag=aj.dino.bone.head_upper] run data modify entity @s {} merge value {transformation:[-0.9559632551189795f,-0.25144796863853874f,-0.32615964881233284f,0.05487322042332811f,-0.37650724807190306f,0.8676460736023068f,0.434631482632505f,0.45337360087551937f,0.16687866728600848f,0.517142294357713f,-0.8877991328981985f,0.7758001988838333f,0f,0f,0f,1f],start_interpolation:0}
execute if entity @s[tag=aj.dino.bone.neck_0] run data modify entity @s {} merge value {transformation:[-0.9644574879135548f,-0.24435190007326854f,0.10056790212616756f,0.06565405936340646f,-0.2396119379159643f,0.9691958413010658f,0.056969644661655355f,0.4414029237783461f,-0.11139063342862864f,0.03084753045711397f,-0.9932978187074942f,0.7111069793327847f,0f,0f,0f,1f],start_interpolation:0}
execute if entity @s[tag=aj.dino.bone.neck_1] run data modify entity @s {} merge value {transformation:[-0.9981464862204295f,-0.04203344969612584f,0.04400887583718681f,0.0691885459147427f,-0.028492077011324078f,0.9617677423820861f,0.27238026958802664f,0.4689078513716768f,-0.053775399518650166f,0.2706215047255272f,-0.9611827129046282f,0.6309289074712382f,0f,0f,0f,1f],start_interpolation:0}
execute if entity @s[tag=aj.dino.bone.neck_2] run data modify entity @s {} merge value {transformation:[-0.9979382676447676f,0.04418089549294078f,-0.04655386604356138f,0.06554263667526697f,0.027032136393007604f,0.9472126498413282f,0.3194643322541643f,0.5061691267094863f,0.05821063109252341f,0.3175472318475019f,-0.9464540548667955f,0.5511214197263024f,0f,0f,0f,1f],start_interpolation:0}
execute if entity @s[tag=aj.dino.bone.body_0] run data modify entity @s {} merge value {transformation:[-0.9933946271329882f,0.03305753106694656f,-0.10988318535184932f,0.01407001778621195f,0.02110566376864805f,0.9939046646736656f,0.10820382847576732f,0.5666333696176061f,0.11279036191180433f,0.10516994427918257f,-0.9880372549049544f,0.08646504181099282f,0f,0f,0f,1f],start_interpolation:0}
execute if entity @s[tag=aj.dino.bone.leg_left_3] run data modify entity @s {} merge value {transformation:[-0.996696265686367f,-0.019029207171903928f,-0.0789584906217153f,0.2990867353928175f,-0.019850315880678204f,0.9997566100443677f,0.009627337743749631f,0.02230965888800346f,0.07875607231374637f,0.011162882557999132f,-0.9968314155998037f,-0.10463396176613281f,0f,0f,0f,1f],start_interpolation:0}
execute if entity @s[tag=aj.dino.bone.leg_left_2] run data modify entity @s {} merge value {transformation:[-1.0174737326894354f,-0.12617966632653954f,-0.029800915983314063f,0.26717496993581136f,-0.1076539919671336f,0.9536060234842078f,-0.3620888972184483f,0.2332366575554059f,0.0722497114268409f,-0.35605679783014227f,-0.9592005710060739f,-0.2171617917665123f,0f,0f,0f,1f],start_interpolation:0}
execute if entity @s[tag=aj.dino.bone.leg_left_1] run data modify entity @s {} merge value {transformation:[-0.9629803759998643f,-0.034475904853402226f,0.2673578265615186f,0.26280764348096763f,0.22716417686026982f,0.43020107366604304f,0.8736838518411452f,0.299247813739925f,-0.14513866538781428f,0.9020745247489937f,-0.4064435011269354f,0.052350433148398545f,0f,0f,0f,1f],start_interpolation:0}
execute if entity @s[tag=aj.dino.bone.leg_left_0] run data modify entity @s {} merge value {transformation:[-0.9785318042401071f,0.19060944392192375f,0.07838078832453585f,0.21748702280170198f,0.1431305696836233f,0.9021486945909745f,-0.40699062995337165f,0.7032348884851267f,-0.1482873835248371f,-0.3870345885519483f,-0.910063228106587f,-0.042769298477137535f,0f,0f,0f,1f],start_interpolation:0}
execute if entity @s[tag=aj.dino.bone.leg_right_3] run data modify entity @s {} merge value {transformation:[-0.9504506779605827f,0.14363682692133484f,0.27570268536276404f,-0.2776138513154762f,0.1951600549222432f,0.9660113229727885f,0.16951305805485867f,0.15438803003233204f,-0.24198359805370234f,0.21491995216901882f,-0.9461782878679105f,-0.3113609442037175f,0f,0f,0f,1f],start_interpolation:0}
execute if entity @s[tag=aj.dino.bone.leg_right_2] run data modify entity @s {} merge value {transformation:[-0.9772395776543823f,0.21774065740817966f,0.22283180535559224f,-0.21845625107976524f,0.26009306782300146f,0.9740335934328568f,0.18887126418645578f,0.3868673117341826f,-0.17151269176652295f,0.2364524571164871f,-0.9832272532773242f,-0.28636426482906807f,0f,0f,0f,1f],start_interpolation:0}
execute if entity @s[tag=aj.dino.bone.leg_right_1] run data modify entity @s {} merge value {transformation:[-0.9787015326470806f,-0.11317431044153616f,-0.1712742988610328f,-0.2596098807076854f,-0.1510326489710326f,-0.16812204041963053f,0.9741273625506741f,0.28652183523419017f,-0.13904117713486333f,0.9792479537794412f,0.1474482827289914f,-0.030922393214011537f,0f,0f,0f,1f],start_interpolation:0}
execute if entity @s[tag=aj.dino.bone.leg_right_0] run data modify entity @s {} merge value {transformation:[-0.9826487751211754f,-0.036200381317333274f,0.18190909033177313f,-0.17437376332738505f,-0.09614582058337513f,0.9381267441655552f,-0.3326773107166827f,0.6931223118177723f,-0.15861073714349533f,-0.3443947506478787f,-0.9253296114298853f,-0.07237278887423002f,0f,0f,0f,1f],start_interpolation:0}
execute if entity @s[tag=aj.dino.bone.tail_4] run data modify entity @s {} merge value {transformation:[-2.502900675795642f,-0.8525736155656684f,0.7964092972479694f,0.3279757907986898f,-0.8456740877664843f,2.6243987308697023f,0.15174969617702536f,0.6985366757488272f,-0.8037318433296303f,-0.10635254134612239f,-2.639766200360777f,-1.7959946858730647f,0f,0f,0f,1f],start_interpolation:0}
execute if entity @s[tag=aj.dino.bone.tail_3] run data modify entity @s {} merge value {transformation:[-1.97087340911295f,-0.28930369079470575f,0.60655330003925f,0.2279578294963296f,-0.3352073578599595f,2.05216906483013f,-0.11037972021715833f,0.6971709119281826f,-0.5824427512919088f,-0.2021163770980333f,-1.9889331154216126f,-1.45676726136132f,0f,0f,0f,1f],start_interpolation:0}
execute if entity @s[tag=aj.dino.bone.tail_2] run data modify entity @s {} merge value {transformation:[-1.9139596081617378f,-0.09919938537828313f,0.38169618188909693f,0.15556247031938902f,-0.1581820659271454f,1.9256333317373662f,-0.29272611896420625f,0.7519293011668473f,-0.3612629614936521f,-0.3175997932074221f,-1.8940415304343816f,-1.1050117855734238f,0f,0f,0f,1f],start_interpolation:0}
execute if entity @s[tag=aj.dino.bone.tail_1] run data modify entity @s {} merge value {transformation:[-1.4815420610612233f,0.054566444568879484f,0.2995194057712684f,0.09185764118331817f,0.026334596855671934f,1.505399925856135f,-0.14399236868943f,0.764487734120151f,-0.30330819361651207f,-0.135830101080191f,-1.475537384590995f,-0.7855424482258007f,0f,0f,0f,1f],start_interpolation:0}
execute if entity @s[tag=aj.dino.bone.tail_0] run data modify entity @s {} merge value {transformation:[-1.2686362583222337f,0.01077396505680077f,0.1558258076543953f,0.046581713426928795f,0.0212283675722869f,1.275232623468098f,0.0846571263209194f,0.7705225890263288f,-0.1547485607829864f,0.08661059002024558f,-1.265854338072105f,-0.41354032162859844f,0f,0f,0f,1f],start_interpolation:0}
execute if entity @s[tag=aj.dino.bone.body_1] run data modify entity @s {} merge value {transformation:[-1.2324464440247365f,-0.05113174189771006f,0.08405892360444636f,0.030483276839785356f,-0.031805196117538743f,1.2066289854082735f,0.26765559237343756f,0.6270213880540947f,-0.09310632184205907f,0.2646443492677613f,-1.204117592384538f,-0.15142552337026385f,0f,0f,0f,1f],start_interpolation:0}