execute if entity @s[tag=aj.dino.bone.head_lower] run data modify entity @s {} merge value {transformation:[0.408443135016954f,-0.3247713251915891f,0.8530520451829544f,-0.4493164387808508f,0.3520771439306631f,0.9182961435241305f,0.18103556973792986f,1.0762419285326739f,-0.8421495652074811f,0.22639739203888506f,0.4894163163390055f,-0.8253566626210491f,0f,0f,0f,1f],start_interpolation:0}
execute if entity @s[tag=aj.dino.bone.head_upper] run data modify entity @s {} merge value {transformation:[0.42514828905450786f,0.11668528424156832f,0.9429238672019051f,-0.3815616361296539f,0.3664769524186173f,0.9329419565639435f,-0.28068824630203293f,1.077954750267303f,-0.876593131528815f,0.44662712939051574f,0.33997151591331876f,-0.7921631474230528f,0f,0f,0f,1f],start_interpolation:0}
execute if entity @s[tag=aj.dino.bone.neck_0] run data modify entity @s {} merge value {transformation:[0.449649696353809f,0.5705055623870752f,0.6872689094192566f,-0.34652720785100555f,0.3016364648347809f,0.6272518035998113f,-0.71803246302849f,1.0212464857447563f,-0.8407321771235494f,0.5301684432010176f,0.10995830201901818f,-0.7933870037569373f,0f,0f,0f,1f],start_interpolation:0}
execute if entity @s[tag=aj.dino.bone.neck_1] run data modify entity @s {} merge value {transformation:[0.6337955510536026f,0.0929547362581801f,0.7678949254109133f,-0.28104819819720583f,0.4167395709586193f,0.7953110570435882f,-0.4402368141596481f,0.987616548103166f,-0.6516374217783123f,0.5990323359814415f,0.46532669275115834f,-0.7512080583752473f,0f,0f,0f,1f],start_interpolation:0}
execute if entity @s[tag=aj.dino.bone.neck_2] run data modify entity @s {} merge value {transformation:[0.6815476289232621f,0.19498053633586504f,0.7053193744391667f,-0.21734794978746313f,0.27957906413169004f,0.8213496401725944f,-0.4972125455854852f,0.9520985263366004f,-0.6762605832135475f,0.536066562134338f,0.5052764239039299f,-0.7016936273831872f,0f,0f,0f,1f],start_interpolation:0}
execute if entity @s[tag=aj.dino.bone.body_0] run data modify entity @s {} merge value {transformation:[0.6866180504985184f,0.34271013859620697f,0.6411750257402281f,0.08810017789536197f,0.2710242602780948f,0.6976927712520766f,-0.6631520544213892f,0.6462038456701438f,-0.674612113047435f,0.6291061578509353f,0.3861656886411691f,-0.5137021639117092f,0f,0f,0f,1f],start_interpolation:0}
execute if entity @s[tag=aj.dino.bone.leg_left_3] run data modify entity @s {} merge value {transformation:[0.8680807329618133f,0.09188510765979958f,0.48784522960753424f,-0.04786231179292418f,-0.06526295293974894f,0.9953149594936305f,-0.07133637488530692f,-0.040395439323412996f,-0.4921144054323801f,0.03008751233551843f,0.8700104330221532f,-0.2172154469496203f,0f,0f,0f,1f],start_interpolation:0}
execute if entity @s[tag=aj.dino.bone.leg_left_2] run data modify entity @s {} merge value {transformation:[0.8919697967832448f,0.18506775000700842f,0.47138308098031495f,0.011228343190965398f,-0.040808826988498345f,0.9779172611153176f,-0.3067159427764278f,0.17801344798997032f,-0.5047640248343512f,0.24797168753862509f,0.8577794127355626f,-0.13368746060899087f,0f,0f,0f,1f],start_interpolation:0}
execute if entity @s[tag=aj.dino.bone.leg_left_1] run data modify entity @s {} merge value {transformation:[0.9219395526456441f,-0.3732058809507524f,-0.1036572799726191f,-0.10302344096778496f,0.2819924979116675f,0.46325963069975035f,0.8401611426895849f,0.25369155954244055f,-0.2655328461586013f,-0.8038083633476969f,0.5323386352907412f,-0.3750020662758667f,0f,0f,0f,1f],start_interpolation:0}
execute if entity @s[tag=aj.dino.bone.leg_left_0] run data modify entity @s {} merge value {transformation:[0.9266393042252015f,-0.047883927862796105f,0.37288970127567816f,-0.04443421527049696f,0.23219129705469163f,0.852971883273632f,-0.46746782554170874f,0.6536490333594744f,-0.29568023511403996f,0.5197558040051731f,0.801515503758874f,-0.27055782117570837f,0f,0f,0f,1f],start_interpolation:0}
execute if entity @s[tag=aj.dino.bone.leg_right_3] run data modify entity @s {} merge value {transformation:[0.8777359072986847f,-0.43194268652197826f,-0.2073769336226441f,0.6149715777764315f,0.4719707271342993f,0.7048053945895901f,0.5296158876825097f,0.36049645672240566f,-0.0826033278196188f,-0.5627387238475666f,0.8224973063272223f,-0.18988891206170455f,0f,0f,0f,1f],start_interpolation:0}
execute if entity @s[tag=aj.dino.bone.leg_right_2] run data modify entity @s {} merge value {transformation:[0.8468689602812223f,-0.5696333702068705f,-0.10194600119503443f,0.4777264640693f,0.5656639516453597f,0.7767531261342192f,0.35880506455506994f,0.5517676074888191f,-0.12206333365041228f,-0.35246929524169057f,0.9554727301135644f,-0.242331239565583f,0f,0f,0f,1f],start_interpolation:0}
execute if entity @s[tag=aj.dino.bone.leg_right_1] run data modify entity @s {} merge value {transformation:[0.9791723809641634f,-0.020512811352830645f,-0.20199176450383813f,0.5023674899198969f,0.19104977415869157f,-0.24361225326635366f,0.9508696303134316f,0.43896008738703385f,-0.06871267823978199f,-0.9696557608908907f,-0.23461942208654224f,-0.494681529665042f,0f,0f,0f,1f],start_interpolation:0}
execute if entity @s[tag=aj.dino.bone.leg_right_0] run data modify entity @s {} merge value {transformation:[0.9687045207850085f,-0.20555761970416955f,0.13913165129560823f,0.297695978218514f,0.24389022470103444f,0.8924364383081719f,-0.37957181385754046f,0.7919006669144043f,-0.046142276774837065f,0.401625781743877f,0.9146407063610571f,-0.4060824428457769f,0f,0f,0f,1f],start_interpolation:0}
execute if entity @s[tag=aj.dino.bone.tail_4] run data modify entity @s {} merge value {transformation:[0.39375029719522087f,-2.086249389028981f,1.7658384755789176f,0.9574027554120101f,2.730003559656188f,0.21334183149720543f,-0.3566891627144851f,0.19501592099271742f,0.1330511154527362f,1.7965828901861494f,2.0929043578164674f,1.1259408610952948f,0f,0f,0f,1f],start_interpolation:0}
execute if entity @s[tag=aj.dino.bone.tail_3] run data modify entity @s {} merge value {transformation:[0.1703026355383329f,-1.6964303210640879f,1.1954357800181223f,0.7713019259049926f,1.9291828709613768f,-0.3127215876226635f,-0.7186126808430428f,0.31992630220038437f,0.7649810381717713f,1.1663082356108097f,1.546115984274298f,0.8523634838176388f,0f,0f,0f,1f],start_interpolation:0}
execute if entity @s[tag=aj.dino.bone.tail_2] run data modify entity @s {} merge value {transformation:[0.828107126367487f,-1.3713632013506067f,1.1190958101268957f,0.5635504788956904f,1.7609048037090085f,0.5129752713114072f,-0.674421617610455f,0.4467239640838975f,0.179518061867593f,1.2942152896667456f,1.4531186890474224f,0.5826725993303132f,0f,0f,0f,1f],start_interpolation:0}
execute if entity @s[tag=aj.dino.bone.tail_1] run data modify entity @s {} merge value {transformation:[0.9708502308711642f,-0.9929788881124546f,0.5992487021098671f,0.445809462106327f,1.158802504113849f,0.7983159111523213f,-0.5545491073480441f,0.5551910702087017f,0.04777902967704488f,0.8150710912331466f,1.2731977578362f,0.2986855981257768f,0f,0f,0f,1f],start_interpolation:0}
execute if entity @s[tag=aj.dino.bone.tail_0] run data modify entity @s {} merge value {transformation:[1.1261185829018132f,-0.17909709966762585f,0.5775957779605764f,0.27270061916290267f,0.36693065675710923f,1.1728085485458335f,-0.3517352956040089f,0.6862782581245402f,-0.4806813361875365f,0.47568903070439555f,1.0846663614644385f,-0.00679989900933714f,0f,0f,0f,1f],start_interpolation:0}
execute if entity @s[tag=aj.dino.bone.body_1] run data modify entity @s {} merge value {transformation:[1.0760381117086923f,-0.3621450735057996f,0.48948699976824706f,0.18329478899856222f,0.43481700692361447f,1.1527951879824847f,-0.10296611146715923f,0.6325675f,-0.4262402464533709f,0.26176095078555356f,1.1306657560939317f,-0.28729530681727866f,0f,0f,0f,1f],start_interpolation:0}