execute if entity @s[tag=aj.dino.bone.head_lower] run data modify entity @s {} merge value {transformation:[-0.9176495262847697f,0.3784057683255313f,-0.12136070783948873f,-0.08979883042245931f,0.32791509743339275f,0.8935542087064303f,0.30664729736013313f,0.3379254505208189f,0.22447947742407562f,0.24159873882325972f,-0.9440545607190423f,0.7939395938281552f,0f,0f,0f,1f],start_interpolation:0}
execute if entity @s[tag=aj.dino.bone.head_upper] run data modify entity @s {} merge value {transformation:[-0.9551810095558476f,0.4016590547648899f,0.09884930598013207f,-0.07426178728910363f,0.341326688287128f,0.6248382035509711f,0.7593057709708549f,0.4044065242236786f,0.23366059451760474f,0.7291907608383952f,-0.7050925495714082f,0.7617786917608305f,0f,0f,0f,1f],start_interpolation:0}
execute if entity @s[tag=aj.dino.bone.neck_0] run data modify entity @s {} merge value {transformation:[-0.8934069144775989f,0.23067059842459264f,0.385506368541502f,-0.052789756885331676f,0.3321504660774212f,0.9169483348194896f,0.22109233174471962f,0.40371165207081483f,-0.30248992222579557f,0.3255715379055817f,-0.8958253293235385f,0.6986660518435559f,0f,0f,0f,1f],start_interpolation:0}
execute if entity @s[tag=aj.dino.bone.neck_1] run data modify entity @s {} merge value {transformation:[-0.9229356099787894f,0.06634267935645077f,0.37919455260972157f,-0.020361368919825037f,0.18398672490427945f,0.9412682154774024f,0.28313076765159867f,0.43203284919240814f,-0.33814012611944866f,0.3310782315824974f,-0.880936126901451f,0.625564435636459f,0f,0f,0f,1f],start_interpolation:0}
execute if entity @s[tag=aj.dino.bone.neck_2] run data modify entity @s {} merge value {transformation:[-0.9732290597755316f,0.006528147722685961f,0.229744598403848f,-0.00017010436886248648f,0.08364177804949241f,0.9411152242862821f,0.3275762317099644f,0.4699450901547168f,-0.21407767322435572f,0.33802295469966487f,-0.9164667107554721f,0.5485845342648054f,0f,0f,0f,1f],start_interpolation:0}
execute if entity @s[tag=aj.dino.bone.body_0] run data modify entity @s {} merge value {transformation:[-0.9958101192360193f,0.056099236738440736f,0.07221552509335741f,0.03439921715339733f,0.06500100095874223f,0.989707508837081f,0.12749084996916743f,0.5394592508105572f,-0.06432010806510308f,0.1316507599251275f,-0.9892072589248574f,0.08362900071247784f,0f,0f,0f,1f],start_interpolation:0}
execute if entity @s[tag=aj.dino.bone.leg_left_3] run data modify entity @s {} merge value {transformation:[-0.99402234007635f,-0.07099625327172515f,0.08294045726009769f,0.48037360438093274f,-0.07006536173851709f,0.997442966125325f,0.014084545131628212f,0.02972859364156294f,-0.08372832563468466f,0.008189099369965258f,-0.996454969448154f,-0.035612046508529505f,0f,0f,0f,1f],start_interpolation:0}
execute if entity @s[tag=aj.dino.bone.leg_left_2] run data modify entity @s {} merge value {transformation:[-0.9787224284672823f,-0.23135845253573425f,0.20158837753221293f,0.43115590009607196f,-0.2942243630173355f,0.8989008114974314f,-0.39682685745422674f,0.22654088703367634f,-0.08715865833549102f,-0.43647771653341527f,-0.9240956502157271f,-0.1660482792840905f,0f,0f,0f,1f],start_interpolation:0}
execute if entity @s[tag=aj.dino.bone.leg_left_1] run data modify entity @s {} merge value {transformation:[-0.9483082551164232f,-0.2661675859640944f,0.1728186027604984f,0.3685669856993355f,0.0365058862567896f,0.44945845984599975f,0.8925549916624007f,0.3005798977794264f,-0.31524399050045493f,0.8527261629942571f,-0.4165084841854256f,0.09397910070154553f,0f,0f,0f,1f],start_interpolation:0}
execute if entity @s[tag=aj.dino.bone.leg_left_0] run data modify entity @s {} merge value {transformation:[-0.9285101221313244f,0.04252554527535121f,0.36886383815536444f,0.24727298026017858f,-0.09673249398661282f,0.9314118539365924f,-0.35087716220000675f,0.6835984253094276f,-0.35848539399367835f,-0.36147411573366356f,-0.8607117322006035f,-0.01956318383478292f,0f,0f,0f,1f],start_interpolation:0}
execute if entity @s[tag=aj.dino.bone.leg_right_3] run data modify entity @s {} merge value {transformation:[-0.9033029029231594f,0.015174197934643752f,0.4287348939468696f,-0.26293196732616003f,0.03258345660894288f,0.9989142695305602f,0.033295652623742705f,0.04500337328807766f,-0.4277641685859235f,0.04404572448340549f,-0.9028165872583013f,-0.22634241021050436f,0f,0f,0f,1f],start_interpolation:0}
execute if entity @s[tag=aj.dino.bone.leg_right_2] run data modify entity @s {} merge value {transformation:[-0.9376487144521342f,0.3007168723693681f,0.2871348994102597f,-0.18250689863608557f,0.23128839241477425f,0.9658639212791182f,-0.256270881307669f,0.2618661170742129f,-0.3455181143169546f,-0.16952418041213224f,-0.9507581103704272f,-0.2947049054089792f,0f,0f,0f,1f],start_interpolation:0}
execute if entity @s[tag=aj.dino.bone.leg_right_1] run data modify entity @s {} merge value {transformation:[-0.9848634619672249f,-0.13661950699544856f,-0.10667273124024512f,-0.23357879906965595f,-0.13155237506205272f,0.18843157587062911f,0.9732355900964804f,0.25882037391666723f,-0.1128624556593821f,0.9725372237211447f,-0.2035519947809455f,-0.021949025372475936f,0f,0f,0f,1f],start_interpolation:0}
execute if entity @s[tag=aj.dino.bone.leg_right_0] run data modify entity @s {} merge value {transformation:[-0.9874525469986097f,-0.013158790866292194f,0.15736681241257844f,-0.13673934803732163f,-0.07845414162889831f,0.9057200708416409f,-0.41655263885358595f,0.6574678022398112f,-0.13704895142696724f,-0.42367204238367f,-0.8953879524626285f,-0.09947081056575613f,0f,0f,0f,1f],start_interpolation:0}
execute if entity @s[tag=aj.dino.bone.tail_4] run data modify entity @s {} merge value {transformation:[-1.067793620810022f,-1.3867264759814601f,2.1359933978759065f,0.8604748931544486f,-1.9226749992402845f,1.9577936145576988f,0.3098811735060278f,0.8017402681292982f,-1.6699697489037921f,-1.36736797359348f,-1.7225467175484868f,-1.593343604379598f,0f,0f,0f,1f],start_interpolation:0}
execute if entity @s[tag=aj.dino.bone.tail_3] run data modify entity @s {} merge value {transformation:[-1.2784181121115064f,-0.6177126142044752f,1.5231624282795215f,0.6082476353306874f,-0.7738051617809889f,1.9286182848057871f,0.13267482488522758f,0.7603704767057341f,-1.4501097297345444f,-0.48457008142259583f,-1.41361916157208f,-1.3489041349745072f,0f,0f,0f,1f],start_interpolation:0}
execute if entity @s[tag=aj.dino.bone.tail_2] run data modify entity @s {} merge value {transformation:[-1.6480101302870909f,-0.2910981699642551f,1.0090085930840047f,0.41938726118844233f,-0.3952676003545199f,1.9114591420549263f,-0.0941347298684265f,0.7780324759598253f,-0.972933712841672f,-0.28347782752956835f,-1.6708722831856455f,-1.0390795122758905f,0f,0f,0f,1f],start_interpolation:0}
execute if entity @s[tag=aj.dino.bone.tail_1] run data modify entity @s {} merge value {transformation:[-1.2800170224526355f,0.1291496835004132f,0.7953194524738044f,0.24788755924906228f,0.10501034547721831f,1.506950005828856f,-0.07570176533718577f,0.7758014202658271f,-0.7988651322809404f,-0.008848117548619059f,-1.2842867519528505f,-0.7618439596784247f,0f,0f,0f,1f],start_interpolation:0}
execute if entity @s[tag=aj.dino.bone.tail_0] run data modify entity @s {} merge value {transformation:[-1.2053475347568494f,-0.013288589070914668f,0.4252016585575805f,0.12331307468670483f,0.06335114653060188f,1.2577392969926622f,0.21889314657542316f,0.7421872449887756f,-0.4206657453048336f,0.2274884409919235f,-1.1853797098509071f,-0.4099587563560231f,0f,0f,0f,1f],start_interpolation:0}
execute if entity @s[tag=aj.dino.bone.body_1] run data modify entity @s {} merge value {transformation:[-1.2077621574413095f,-0.13274095366036595f,0.22868101217700612f,0.07908898789073708f,-0.08218376173953454f,1.2047728061833807f,0.26527892838220607f,0.5993636119459054f,-0.25131851387293946f,0.2439404020628989f,-1.1857220078426218f,-0.15072611605289793f,0f,0f,0f,1f],start_interpolation:0}