execute if entity @s[tag=aj.dino.bone.head_lower] run data modify entity @s {} merge value {transformation:[-0.8567754414692691f,0.12646025452038281f,-0.4999436437457515f,-0.6819333701913046f,-0.08838897707966878f,0.919107933580045f,0.3839635336344188f,0.15185307298148495f,0.5080582954995905f,0.37316003330589886f,-0.7762914130126596f,0.08754109554783226f,0f,0f,0f,1f],start_interpolation:0}
execute if entity @s[tag=aj.dino.bone.head_upper] run data modify entity @s {} merge value {transformation:[-0.8918172000355951f,0.32075756839528025f,-0.4304051656536265f,-0.7046786875516079f,-0.09200404941348679f,0.7309285611367216f,0.7353574885656838f,0.21893092787002358f,0.5288376680945673f,0.668079309225526f,-0.5978902072893917f,0.061489830443655316f,0f,0f,0f,1f],start_interpolation:0}
execute if entity @s[tag=aj.dino.bone.neck_0] run data modify entity @s {} merge value {transformation:[-0.9793262235249294f,-0.1924635107873522f,0.0622731477589393f,-0.6972115006202249f,-0.16809998656643943f,0.9455421099350338f,0.2787337669819846f,0.22166077184134936f,-0.11252796289261988f,0.2625031720856171f,-0.9583472972843542f,-0.004703260778321075f,0f,0f,0f,1f],start_interpolation:0}
execute if entity @s[tag=aj.dino.bone.neck_1] run data modify entity @s {} merge value {transformation:[-0.9323693030852025f,-0.16778372136177636f,0.3202125942407753f,-0.6708582497290804f,0.03293765633809534f,0.8426594268469066f,0.5374385556889236f,0.2710708980362999f,-0.3600036020088786f,0.5116382640030323f,-0.7801433799940859f,-0.06843459091820356f,0f,0f,0f,1f],start_interpolation:0}
execute if entity @s[tag=aj.dino.bone.neck_2] run data modify entity @s {} merge value {transformation:[-0.7207115654457803f,-0.2665279916680176f,0.6399513021239239f,-0.6174031916466833f,0.13302448586036192f,0.852811453118938f,0.5049921896334157f,0.3236615584228021f,-0.6803523540006892f,0.44908290446929555f,-0.5791763283484077f,-0.114777978792417f,0f,0f,0f,1f],start_interpolation:0}
execute if entity @s[tag=aj.dino.bone.body_0] run data modify entity @s {} merge value {transformation:[-0.4877410401811156f,-0.0036211148211050537f,0.8729808504489064f,-0.20600508615336752f,0.2826595599379694f,0.9454678728341872f,0.16184583594912372f,0.4089456573073259f,-0.8259614100541968f,0.3256952393969699f,-0.4601199410321547f,-0.32852812727678726f,0f,0f,0f,1f],start_interpolation:0}
execute if entity @s[tag=aj.dino.bone.leg_left_3] run data modify entity @s {} merge value {transformation:[0.022575589617409353f,-0.032807726459511605f,0.9992066832432542f,0.013663618936000183f,-0.032243013555409455f,0.9989175878430567f,0.03352671732625925f,0.008829720459702123f,-0.9992250651531378f,-0.032974320044044464f,0.021493333555801075f,0.036147028180998554f,0f,0f,0f,1f],start_interpolation:0}
execute if entity @s[tag=aj.dino.bone.leg_left_2] run data modify entity @s {} merge value {transformation:[0.28579748214290485f,-0.16513538364068026f,0.9711396932322953f,0.005626747167125079f,-0.20519956962664385f,0.979023944673624f,0.22686439095069916f,0.2437315641644842f,-0.9634703603777912f,-0.2574968355654821f,0.2397549662633642f,-0.017960314964645063f,0f,0f,0f,1f],start_interpolation:0}
execute if entity @s[tag=aj.dino.bone.leg_left_1] run data modify entity @s {} merge value {transformation:[0.2975156387101673f,-0.944299531043727f,-0.14065148557153168f,-0.2493755085976545f,0.19647337778583834f,-0.08361101937099724f,0.9769377714374473f,0.16529105705087416f,-0.9342818935119661f,-0.3182885375101344f,0.16065413267437373f,-0.09434304899792836f,0f,0f,0f,1f],start_interpolation:0}
execute if entity @s[tag=aj.dino.bone.leg_left_0] run data modify entity @s {} merge value {transformation:[0.2723178504614141f,0.45227097814693934f,0.8492902628937212f,-0.10927283097301088f,0.1465027946424526f,0.8528682927602049f,-0.5011512809184914f,0.557986417481614f,-0.9509889165926312f,0.2608958365522613f,0.16599229797695284f,-0.11599650560489005f,0f,0f,0f,1f],start_interpolation:0}
execute if entity @s[tag=aj.dino.bone.leg_right_3] run data modify entity @s {} merge value {transformation:[0.47763796285501203f,0.004329270156965603f,0.8785460909136313f,-0.1222487173979925f,0.003938328216378916f,0.9999672606297342f,-0.007068750916931599f,0.020922959863520163f,-0.8785479304002567f,0.006836306647127283f,0.47760527520207763f,-0.6953841059892032f,0f,0f,0f,1f],start_interpolation:0}
execute if entity @s[tag=aj.dino.bone.leg_right_2] run data modify entity @s {} merge value {transformation:[0.501956238218894f,0.17578845048170044f,0.877040794428101f,-0.05494691990226386f,0.24411160360713222f,0.9406008946360382f,-0.3282402801225549f,0.2296528583841543f,-0.8605298712991815f,0.36936510012157603f,0.41847337181078426f,-0.5950179285018378f,0f,0f,0f,1f],start_interpolation:0}
execute if entity @s[tag=aj.dino.bone.leg_right_1] run data modify entity @s {} merge value {transformation:[0.3133176296275809f,-0.8552876639335157f,0.41269247011267823f,-0.3029495950539639f,-0.10127427827113417f,0.4020023626128628f,0.9100206706522315f,0.2885833133901645f,-0.9442328015511933f,-0.3269206514994518f,0.039335786479478385f,-0.7047232622379447f,0f,0f,0f,1f],start_interpolation:0}
execute if entity @s[tag=aj.dino.bone.leg_right_0] run data modify entity @s {} merge value {transformation:[0.36145484534440653f,0.8206735046405903f,0.4425442277987386f,-0.0587807593391077f,-0.0715946932671198f,0.4976623913943261f,-0.8644109810082626f,0.5626749164083188f,-0.9296368079379378f,0.28076171920796333f,0.2386383505523589f,-0.5058196388796883f,0f,0f,0f,1f],start_interpolation:0}
execute if entity @s[tag=aj.dino.bone.tail_4] run data modify entity @s {} merge value {transformation:[0.4492262945983577f,-0.7501689259807963f,-2.6193708500963075f,-0.1644535112880482f,-2.560839315709493f,-1.0229273701851138f,-0.14622901915387782f,0.14307519723506637f,-0.9305692166399917f,2.452861086449655f,-0.8620758407605711f,0.4242997411165046f,0f,0f,0f,1f],start_interpolation:0}
execute if entity @s[tag=aj.dino.bone.tail_3] run data modify entity @s {} merge value {transformation:[0.8068148197570117f,0.12467516434172637f,-1.9155812371343772f,0.15913823353561268f,-1.7868836528352203f,-0.7105115132005528f,-0.7988527566981067f,0.2854840168180499f,-0.7014571860742215f,1.9533496919523308f,-0.16831019903443487f,0.43372387087610165f,0f,0f,0f,1f],start_interpolation:0}
execute if entity @s[tag=aj.dino.bone.tail_2] run data modify entity @s {} merge value {transformation:[1.118209361258521f,0.7239287522392625f,-1.429793293129428f,0.425932799124492f,-1.509961935987748f,-0.10830179010254834f,-1.2357425092354357f,0.5140635457318868f,-0.5370257454393774f,1.8118972815655594f,0.4973986980214088f,0.3412925844904292f,0f,0f,0f,1f],start_interpolation:0}
execute if entity @s[tag=aj.dino.bone.tail_1] run data modify entity @s {} merge value {transformation:[1.3912649861448854f,0.5537414560748486f,-0.2130924403900356f,0.4636898220908642f,-0.5898273317221506f,1.231859970565403f,-0.6498315025236414f,0.6394053237903083f,-0.06435609591019435f,0.6808433466978377f,1.3490614812440855f,0.04272848268195928f,0f,0f,0f,1f],start_interpolation:0}
execute if entity @s[tag=aj.dino.bone.tail_0] run data modify entity @s {} merge value {transformation:[1.0622617011788849f,-0.05334646583579639f,0.7089357864964925f,0.25523496282689107f,0.09669219086269716f,1.2736094030907132f,-0.04904513400039254f,0.6844719154928034f,-0.7043340223351001f,0.09438728476746705f,1.0624689840364805f,-0.2654719152125585f,0f,0f,0f,1f],start_interpolation:0}
execute if entity @s[tag=aj.dino.bone.body_1] run data modify entity @s {} merge value {transformation:[0.15880326978200562f,-0.4407493339074336f,1.144170503562711f,0.018918943438188698f,0.01474585882172836f,1.15433008965161f,0.44261631107401134f,0.5038175f,-1.2260377955880493f,-0.04320490529222159f,0.1535228159087013f,-0.29825366242443396f,0f,0f,0f,1f],start_interpolation:0}