execute if entity @s[tag=aj.dino.bone.head_lower] run data modify entity @s {} merge value {transformation:[-0.9038794739087807f,-0.09949007382325814f,-0.4160572338717694f,-0.6220745834863393f,-0.23544937507432442f,0.9277147602002906f,0.28967035658421647f,0.15736572758855488f,0.3571631117899717f,0.35978750522657044f,-0.8619672050950341f,0.15542675256703883f,0f,0f,0f,1f],start_interpolation:0}
execute if entity @s[tag=aj.dino.bone.head_upper] run data modify entity @s {} merge value {transformation:[-0.9408477677752024f,0.0700539653104757f,-0.4397384022350155f,-0.6511080132165296f,-0.24507915641095804f,0.776765727185539f,0.6481073635952f,0.21941053128044652f,0.3717709342442183f,0.6893470748452525f,-0.6856084344850069f,0.12375722802476638f,0f,0f,0f,1f],start_interpolation:0}
execute if entity @s[tag=aj.dino.bone.neck_0] run data modify entity @s {} merge value {transformation:[-0.9338722682841455f,-0.3576030478525569f,0.001626867046352093f,-0.6448964914938857f,-0.3506039191957354f,0.9164711509210299f,0.19276286305736606f,0.21711218316463787f,-0.07042356405646488f,0.17944550620186703f,-0.9812440226210504f,0.057418168277702075f,0f,0f,0f,1f],start_interpolation:0}
execute if entity @s[tag=aj.dino.bone.neck_1] run data modify entity @s {} merge value {transformation:[-0.9776532747261741f,-0.1747769664944829f,0.1168207447338615f,-0.6358054167801723f,-0.10025251173532175f,0.8760533579243184f,0.47167780100433504f,0.2611053519941308f,-0.18477962092164502f,0.4494257736851683f,-0.8739982640941232f,-0.014550507557140477f,0f,0f,0f,1f],start_interpolation:0}
execute if entity @s[tag=aj.dino.bone.neck_2] run data modify entity @s {} merge value {transformation:[-0.8238677588049619f,-0.2822595883835348f,0.49149917677168764f,-0.5955099004336643f,-0.0049687595253847805f,0.8707384079699922f,0.49172140111516627f,0.31270890786785904f,-0.5667602909788828f,0.40267126747688453f,-0.7187757806980499f,-0.07357825338650403f,0f,0f,0f,1f],start_interpolation:0}
execute if entity @s[tag=aj.dino.bone.body_0] run data modify entity @s {} merge value {transformation:[-0.6270126484223301f,-0.05079125760156622f,0.7773515207868746f,-0.22963089397274009f,0.15025443908192704f,0.9712496379946972f,0.184655745189109f,0.40898883498038857f,-0.7643812806803885f,0.23258200456273684f,-0.6013541958770954f,-0.35477859650417876f,0f,0f,0f,1f],start_interpolation:0}
execute if entity @s[tag=aj.dino.bone.leg_left_3] run data modify entity @s {} merge value {transformation:[0.21627668224002103f,0.04303295136948203f,0.9753832896947132f,-0.055161650760963854f,-0.06276430155663656f,0.9975745264525355f,-0.030094960094786807f,0.01483535270923414f,-0.9743125982811452f,-0.0547104128062567f,0.21845304200494065f,0.07695236853506793f,0f,0f,0f,1f],start_interpolation:0}
execute if entity @s[tag=aj.dino.bone.leg_left_2] run data modify entity @s {} merge value {transformation:[0.43725637105245024f,0.04222304230323938f,0.9268690739114103f,-0.015996764912702438f,-0.27253840744846625f,0.985282388918619f,0.08368769355745803f,0.24666676141306665f,-0.8869001533093734f,-0.2819539471016003f,0.4312450455069972f,0.02318079871508956f,0f,0f,0f,1f],start_interpolation:0}
execute if entity @s[tag=aj.dino.bone.leg_left_1] run data modify entity @s {} merge value {transformation:[0.46058799263466815f,-0.8787569867463624f,-0.1250794119158712f,-0.257266731836445f,0.12959177289969184f,-0.07283156338403074f,0.988889041182959f,0.1718528340653861f,-0.8781028831734249f,-0.47167968116030934f,0.0803343322809569f,-0.09173249466386535f,0f,0f,0f,1f],start_interpolation:0}
execute if entity @s[tag=aj.dino.bone.leg_left_0] run data modify entity @s {} merge value {transformation:[0.4460549891782339f,0.2746852311185633f,0.8518115815334675f,-0.16689384673742713f,0.07472755180612338f,0.9369854946119437f,-0.3412828385487237f,0.5762153401451939f,-0.8918804514228735f,0.215884706943666f,0.3974204998205032f,-0.14302561194279603f,0f,0f,0f,1f],start_interpolation:0}
execute if entity @s[tag=aj.dino.bone.leg_right_3] run data modify entity @s {} merge value {transformation:[0.6747250708805589f,-0.15456788915589134f,0.7217027410001415f,-0.026484027896927463f,0.12105433525571868f,0.9877591916077841f,0.09837493232593575f,0.009347379497623015f,-0.7280741216668951f,0.020989212377515054f,0.685177003644132f,-0.6814489046441209f,0f,0f,0f,1f],start_interpolation:0}
execute if entity @s[tag=aj.dino.bone.leg_right_2] run data modify entity @s {} merge value {transformation:[0.6842131753397783f,-0.039731263461046044f,0.7631094003456788f,-0.013223302646384494f,0.24749118345248317f,0.9806229872568916f,-0.1708475065002515f,0.2322652683799786f,-0.7229541094049065f,0.2980976066120846f,0.6637298939534062f,-0.5903289833970139f,0f,0f,0f,1f],start_interpolation:0}
execute if entity @s[tag=aj.dino.bone.leg_right_1] run data modify entity @s {} merge value {transformation:[0.5646272656905084f,-0.7651036605854561f,0.30953584509325494f,-0.22624977331411922f,-0.12357004328705813f,0.29244526608966326f,0.9482648420898986f,0.2589601223873456f,-0.8160431944700566f,-0.5736655427167309f,0.07057867849870841f,-0.7661712229873346f,0f,0f,0f,1f],start_interpolation:0}
execute if entity @s[tag=aj.dino.bone.leg_right_0] run data modify entity @s {} merge value {transformation:[0.6064805278603789f,0.7047546571916756f,0.36810629238419706f,-0.050025245666005226f,-0.09249869728504843f,0.5223645872468916f,-0.8476905266610884f,0.5438200869640698f,-0.789699538005921f,0.4800584455636921f,0.38199283830486463f,-0.516958472508954f,0f,0f,0f,1f],start_interpolation:0}
execute if entity @s[tag=aj.dino.bone.tail_4] run data modify entity @s {} merge value {transformation:[0.8707930896435578f,-1.0249193028790875f,-2.4118294195931176f,-0.13379456045081112f,-2.554038366486641f,-0.900966039376079f,-0.5392676051880334f,0.21161679110114695f,-0.5867441939578782f,2.4007211312596946f,-1.2320432753681547f,0.6243277566762537f,0f,0f,0f,1f],start_interpolation:0}
execute if entity @s[tag=aj.dino.bone.tail_3] run data modify entity @s {} merge value {transformation:[0.7903834983399942f,0.4489450478067661f,-1.8734160764886316f,0.17947429592176783f,-1.8188995000592354f,-0.49324484196973106f,-0.8855843610853602f,0.36660596075122714f,-0.6346999765877905f,1.9725879944794553f,0.20493430605787344f,0.5702751494037005f,0f,0f,0f,1f],start_interpolation:0}
execute if entity @s[tag=aj.dino.bone.tail_2] run data modify entity @s {} merge value {transformation:[1.013754335469104f,1.0789619058697024f,-1.2755066554128174f,0.4175945549600457f,-1.5748887507057667f,0.1193190146303547f,-1.1507659495531002f,0.5793946860399839f,-0.5574956907643339f,1.6249240146642048f,0.9314474630109514f,0.39709551839973367f,0f,0f,0f,1f],start_interpolation:0}
execute if entity @s[tag=aj.dino.bone.tail_1] run data modify entity @s {} merge value {transformation:[1.375064826989311f,0.6299579999651326f,-0.002426902714738421f,0.4091025132832074f,-0.5909728295796312f,1.2879312273664236f,-0.528810474814052f,0.6780097703568335f,-0.2181836067982678f,0.4817077141320747f,1.4170426393973297f,0.08648381969511693f,0f,0f,0f,1f],start_interpolation:0}
execute if entity @s[tag=aj.dino.bone.tail_0] run data modify entity @s {} merge value {transformation:[1.1057600493089796f,-0.07014395322398807f,0.6373462604913763f,0.22116242412054518f,0.032317435829405036f,1.275026382203621f,0.08425570965926364f,0.6841569515722399f,-0.6403795853067481f,-0.05677382402907893f,1.1047743824924163f,-0.23772698572231016f,0f,0f,0f,1f],start_interpolation:0}
execute if entity @s[tag=aj.dino.bone.body_1] run data modify entity @s {} merge value {transformation:[0.3675649539506909f,-0.3954568553535162f,1.1122564790718843f,-0.010784801466739373f,-0.10188673120562053f,1.1499526337152248f,0.4425298060830501f,0.5038175f,-1.1760610926681105f,-0.22322054300976965f,0.3092854515604694f,-0.2945960331560094f,0f,0f,0f,1f],start_interpolation:0}