execute if entity @s[tag=aj.dino.bone.head_lower] run data modify entity @s {} merge value {transformation:[-0.9066802249563412f,-0.04865561604927085f,-0.4190031034491086f,-0.6080221395443969f,-0.18294962661387631f,0.9403945600933874f,0.28668363306719674f,0.15648377478850758f,0.3800794703676611f,0.33658684224673685f,-0.8615386780820743f,0.1740693368985738f,0f,0f,0f,1f],start_interpolation:0}
execute if entity @s[tag=aj.dino.bone.head_upper] run data modify entity @s {} merge value {transformation:[-0.9437630683736286f,0.12011316888499263f,-0.42232219929563974f,-0.634731780936051f,-0.19043219011337278f,0.7901491739404725f,0.6502859420849568f,0.21899624968238693f,0.3956245623392525f,0.6668650929274232f,-0.6944379713784959f,0.1412937052316141f,0f,0f,0f,1f],start_interpolation:0}
execute if entity @s[tag=aj.dino.bone.neck_0] run data modify entity @s {} merge value {transformation:[-0.9469630492337668f,-0.3200052344307793f,-0.029285377286089362f,-0.6311251559415422f,-0.3194282499734316f,0.9274722410744801f,0.1943214737366723f,0.21661004229714526f,-0.035022514255797416f,0.19336983211758563f,-0.9805006535041264f,0.07476525624352715f,0f,0f,0f,1f],start_interpolation:0}
execute if entity @s[tag=aj.dino.bone.neck_1] run data modify entity @s {} merge value {transformation:[-0.9793779103459335f,-0.16139990751783376f,0.12152768647377277f,-0.6215737150452749f,-0.08483550193925696f,0.8744405510712714f,0.47765747168120964f,0.261102337716576f,-0.18336260888509215f,0.45749731419474565f,-0.8701002017971532f,0.003163982025490647f,0f,0f,0f,1f],start_interpolation:0}
execute if entity @s[tag=aj.dino.bone.neck_2] run data modify entity @s {} merge value {transformation:[-0.8282960795563221f,-0.2693005599498505f,0.4913276025243484f,-0.5811663529018821f,0.008619433503665029f,0.8706872626658664f,0.4917615235024967f,0.31270890786785904f,-0.5602243389551216f,0.4115591075922358f,-0.7188656279167751f,-0.05578461758445802f,0f,0f,0f,1f],start_interpolation:0}
execute if entity @s[tag=aj.dino.bone.body_0] run data modify entity @s {} merge value {transformation:[-0.6512096080054788f,-0.04330441077443847f,0.7576613850849399f,-0.22449591198468402f,0.15025443908192704f,0.9712496379946972f,0.184655745189109f,0.40898883498038857f,-0.7438747542278377f,0.23409158187053264f,-0.6259804160833032f,-0.34857682532616435f,0f,0f,0f,1f],start_interpolation:0}
execute if entity @s[tag=aj.dino.bone.leg_left_3] run data modify entity @s {} merge value {transformation:[0.18283735216078775f,0.030122054446083554f,0.9826816190866604f,-0.04355050253004614f,-0.07075814270279138f,0.9973416213326421f,-0.017406194266084918f,0.01877490294573464f,-0.9805935895650569f,-0.06635022376393662f,0.18448268187120465f,0.07461782102610784f,0f,0f,0f,1f],start_interpolation:0}
execute if entity @s[tag=aj.dino.bone.leg_left_2] run data modify entity @s {} merge value {transformation:[0.41323673426194585f,0.0013943746817453335f,0.9387734852862348f,-0.013572083733838641f,-0.2723483289149353f,0.981765664654302f,0.11842620885527873f,0.25086043893443377f,-0.8984007951323609f,-0.2969788459231376f,0.39590627158507746f,0.016234000858760922f,0f,0f,0f,1f],start_interpolation:0}
execute if entity @s[tag=aj.dino.bone.leg_left_1] run data modify entity @s {} merge value {transformation:[0.4343948148706022f,-0.8914862314658129f,-0.128660187783242f,-0.2575886242289551f,0.1299356134229469f,-0.07932505524298195f,0.9883442072350608f,0.17430448092084505f,-0.8913012292025282f,-0.44604913935303336f,0.08137741765674619f,-0.09150874329221444f,0f,0f,0f,1f],start_interpolation:0}
execute if entity @s[tag=aj.dino.bone.leg_left_0] run data modify entity @s {} merge value {transformation:[0.41749473301262147f,0.31441243690889625f,0.8525508591419807f,-0.15499859045609912f,0.07586437788767512f,0.9228945327620508f,-0.37750533448632473f,0.5762153401451939f,-0.9055068989656765f,0.22228472937861782f,0.361450902628059f,-0.13894527744557564f,0f,0f,0f,1f],start_interpolation:0}
execute if entity @s[tag=aj.dino.bone.leg_right_3] run data modify entity @s {} merge value {transformation:[0.6380580929812699f,-0.10808442166913602f,0.7623644979755771f,-0.04975424123144667f,0.0708253577398811f,0.9941399298555613f,0.08166742660202378f,0.00312759408256863f,-0.7667239651152967f,0.0018861758209300916f,0.6419741456309975f,-0.6768472236283991f,0f,0f,0f,1f],start_interpolation:0}
execute if entity @s[tag=aj.dino.bone.leg_right_2] run data modify entity @s {} merge value {transformation:[0.6483226339788648f,0.014696461990229566f,0.7946848279515415f,-0.022774990253620675f,0.22375801151265257f,0.9806736685571122f,-0.20068310238615678f,0.22517206227954395f,-0.7626744482774448f,0.30020887612527186f,0.6166559138944427f,-0.5866283440864014f,0f,0f,0f,1f],start_interpolation:0}
execute if entity @s[tag=aj.dino.bone.leg_right_1] run data modify entity @s {} merge value {transformation:[0.5108276145185805f,-0.7892100038971064f,0.3408851976750913f,-0.24508450685464164f,-0.14325926902345898f,0.31283271730733936f,0.9389422095214222f,0.25750786391015634f,-0.8476626275141076f,-0.528472573300484f,0.04674194246117297f,-0.7495585758461694f,0f,0f,0f,1f],start_interpolation:0}
execute if entity @s[tag=aj.dino.bone.leg_right_0] run data modify entity @s {} merge value {transformation:[0.5546190642132038f,0.7396677760164356f,0.38116830237333577f,-0.05018505923125327f,-0.11233511702459086f,0.520440654356591f,-0.8464764301360995f,0.5438200869640698f,-0.8244868192362698f,0.42665337970744355f,0.3717369748758851f,-0.5164345856382172f,0f,0f,0f,1f],start_interpolation:0}
execute if entity @s[tag=aj.dino.bone.tail_4] run data modify entity @s {} merge value {transformation:[0.9175622533851104f,-0.9855611668799128f,-2.410894031080823f,-0.13523448326288934f,-2.521068403358263f,-0.9780908713844862f,-0.5596549691577436f,0.22120883866788746f,-0.6541826567186387f,2.38697900394047f,-1.2247602287778214f,0.5994659233785572f,0f,0f,0f,1f],start_interpolation:0}
execute if entity @s[tag=aj.dino.bone.tail_3] run data modify entity @s {} merge value {transformation:[0.7970037717136019f,0.3178375552632f,-1.8972901207730588f,0.18336551851815075f,-1.838728231840768f,-0.4778548794344001f,-0.852454532322341f,0.3704298107781635f,-0.5655165809686384f,2.0016442063237636f,0.09775987921685617f,0.5633018005169266f,0f,0f,0f,1f],start_interpolation:0}
execute if entity @s[tag=aj.dino.bone.tail_2] run data modify entity @s {} merge value {transformation:[1.0579014288001087f,1.036483417868049f,-1.274880608696372f,0.42139193330763736f,-1.5669406614928887f,0.1802936910839649f,-1.1536745742705454f,0.5837796293242824f,-0.4942827179921353f,1.6468060555033983f,0.9287024740219121f,0.3906844063819726f,0f,0f,0f,1f],start_interpolation:0}
execute if entity @s[tag=aj.dino.bone.tail_1] run data modify entity @s {} merge value {transformation:[1.397420148678319f,0.5781443763594817f,-0.024945102761279977f,0.41835756742063135f,-0.5537139052644997f,1.316937843582328f,-0.49672112624435866f,0.675099271803519f,-0.1681490088718973f,0.4680598746150257f,1.4283914430543068f,0.07774960083941834f,0f,0f,0f,1f],start_interpolation:0}
execute if entity @s[tag=aj.dino.bone.tail_0] run data modify entity @s {} merge value {transformation:[1.103699056226624f,-0.00572115061487362f,0.6447103057219802f,0.22982017007136016f,-0.036810950511987114f,1.2755213521867104f,0.0743367380385878f,0.6841569515722399f,-0.6436839781996218f,-0.08275424542254921f,1.1012076950592382f,-0.2460458894607888f,0f,0f,0f,1f],start_interpolation:0}
execute if entity @s[tag=aj.dino.bone.body_1] run data modify entity @s {} merge value {transformation:[0.32965039732550155f,-0.40241375771077165f,1.1216052684454036f,-0.003831921346208713f,-0.10188673120562053f,1.1499526337152248f,0.4425298060830501f,0.5038175f,-1.1872465222537494f,-0.2104203005243661f,0.2734475956739478f,-0.2954453245775093f,0f,0f,0f,1f],start_interpolation:0}