execute if entity @s[tag=aj.dino.bone.head_lower] run data modify entity @s {} merge value {transformation:[-0.9332699036356711f,-0.24788839973666615f,-0.2599204267537665f,-0.562809132904808f,-0.3230688913015374f,0.895576183777673f,0.30589179544965794f,0.16322352530733236f,0.15695151621141112f,0.3694518105602064f,-0.9158993292020278f,0.3505366998333273f,0f,0f,0f,1f],start_interpolation:0}
execute if entity @s[tag=aj.dino.bone.head_upper] run data modify entity @s {} merge value {transformation:[-0.9714402538319102f,-0.12960148119796897f,-0.3506839487199171f,-0.5901960902842667f,-0.33628227434373226f,0.7295446914589064f,0.6619295413485058f,0.2251325455873163f,0.16337076782799276f,0.7310539937781125f,-0.7227323107374338f,0.3171797775342733f,0f,0f,0f,1f],start_interpolation:0}
execute if entity @s[tag=aj.dino.bone.neck_0] run data modify entity @s {} merge value {transformation:[-0.9679966611932351f,-0.24446349413704185f,0.056745607345922634f,-0.5822459281152218f,-0.23440184228639535f,0.9614805384743762f,0.14356514363788897f,0.21888484613942655f,-0.08965623375701773f,0.12566930480165905f,-0.988012644442962f,0.2512821491445382f,0f,0f,0f,1f],start_interpolation:0}
execute if entity @s[tag=aj.dino.bone.neck_1] run data modify entity @s {} merge value {transformation:[-0.9923210735063466f,-0.010462453884874469f,0.12324538179550051f,-0.5718536258987478f,0.05689783640616858f,0.8461203799463183f,0.5299461659940519f,0.2676762127679166f,-0.1098249665946166f,0.5328891439110062f,-0.8390277927543797f,0.18266043653331743f,0f,0f,0f,1f],start_interpolation:0}
execute if entity @s[tag=aj.dino.bone.neck_2] run data modify entity @s {} merge value {transformation:[-0.9160299459775426f,-0.12688283833395655f,0.38051265867077205f,-0.5397601254433115f,0.1012204815264136f,0.8448240696156113f,0.5253824373898295f,0.3219750103081265f,-0.38812826770533126f,0.5197817202773065f,-0.7610410048569148f,0.12107652460540524f,0f,0f,0f,1f],start_interpolation:0}
execute if entity @s[tag=aj.dino.bone.body_0] run data modify entity @s {} merge value {transformation:[-0.8387097370616556f,0.009213833781122754f,0.5445007642097689f,-0.2830511838650558f,0.18208392986514746f,0.9470560775119915f,0.2644432425539835f,0.45562801182005785f,-0.5132362218733517f,0.32093596139207387f,-0.7959828448167164f,-0.2510098890188339f,0f,0f,0f,1f],start_interpolation:0}
execute if entity @s[tag=aj.dino.bone.leg_left_3] run data modify entity @s {} merge value {transformation:[-0.26471374686654653f,-0.055370511842364134f,0.9627360690439455f,0.24847999237151833f,-0.0938905142186302f,0.9950867646144064f,0.031415000063574866f,0.020466272308217542f,-0.9597453847555792f,-0.08207580220471686f,-0.2686119117478172f,-0.03639141808322437f,0f,0f,0f,1f],start_interpolation:0}
execute if entity @s[tag=aj.dino.bone.leg_left_2] run data modify entity @s {} merge value {transformation:[-0.13760356333178278f,-0.22484391442605806f,0.9912480380836362f,0.22648973150536802f,-0.18564585558996585f,0.9890239758211077f,0.1985683536064425f,0.25685496966580484f,-0.9993313140102034f,-0.15277103422203797f,-0.17337858991831517f,-0.07891064026140268f,0f,0f,0f,1f],start_interpolation:0}
execute if entity @s[tag=aj.dino.bone.leg_left_1] run data modify entity @s {} merge value {transformation:[-0.14154569984250376f,-0.9821101011107738f,-0.12419566881450182f,-0.030913048407180545f,0.21586527693840904f,-0.15306137122633304f,0.9643518024303263f,0.15982828308378905f,-0.9661092055603235f,0.10969031832618716f,0.2336686478693707f,-0.042263448773199874f,0f,0f,0f,1f],start_interpolation:0}
execute if entity @s[tag=aj.dino.bone.leg_left_0] run data modify entity @s {} merge value {transformation:[-0.14615988761842283f,0.0894482463785353f,0.9852087588278815f,-0.0929897426170544f,0.15857224268854925f,0.9851445174964286f,-0.0659175507391827f,0.5704322250908298f,-0.9764692166679365f,0.14659226059561856f,-0.15817262099798568f,-0.08536989154809815f,0f,0f,0f,1f],start_interpolation:0}
execute if entity @s[tag=aj.dino.bone.leg_right_3] run data modify entity @s {} merge value {transformation:[0.089953980457818f,-0.5984386533885185f,0.796102668963201f,0.03986223835876755f,0.33165250373524047f,0.7717206405666782f,0.5426360379568453f,0.13457700259191968f,-0.9391032414840985f,0.21521717183787492f,0.26789302114867747f,-0.6604875214606494f,0f,0f,0f,1f],start_interpolation:0}
execute if entity @s[tag=aj.dino.bone.leg_right_2] run data modify entity @s {} merge value {transformation:[0.058285074862476006f,-0.3992391312129883f,0.9430128130928387f,-0.024146925853608864f,0.4194923084036322f,0.8709602962364263f,0.3428068918073898f,0.3475400602439617f,-0.9341794542480379f,0.3661945903324486f,0.2127732802134293f,-0.5671031810263897f,0f,0f,0f,1f],start_interpolation:0}
execute if entity @s[tag=aj.dino.bone.leg_right_1] run data modify entity @s {} merge value {transformation:[0.1140453299539283f,-0.9702594926511805f,-0.2135185697684729f,-0.2741406011275424f,0.02701713535405661f,-0.2118123863336141f,0.9769368389987763f,0.23872225072312847f,-0.9931081195484005f,-0.11718374424780244f,0.002057418553769258f,-0.6188258290046633f,0f,0f,0f,1f],start_interpolation:0}
execute if entity @s[tag=aj.dino.bone.leg_right_0] run data modify entity @s {} merge value {transformation:[0.13755261372155034f,0.412100717419151f,0.9006954408461226f,-0.20165272055770417f,0.08015986410267166f,0.9017249009614158f,-0.4248136052119401f,0.6180305971506928f,-0.987245498670625f,0.13063384587749818f,0.09100067948011611f,-0.46015017219073107f,0f,0f,0f,1f],start_interpolation:0}
execute if entity @s[tag=aj.dino.bone.tail_4] run data modify entity @s {} merge value {transformation:[0.898950614098876f,2.03673720214042f,-1.6337841639667308f,1.0309643058026958f,-2.593334689305849f,0.8973709934584256f,-0.3082236540928922f,0.25930831460418485f,0.3035857609542825f,1.634652318114361f,2.2048602713616923f,0.5058832941818724f,0f,0f,0f,1f],start_interpolation:0}
execute if entity @s[tag=aj.dino.bone.tail_3] run data modify entity @s {} merge value {transformation:[0.6828111360039472f,1.9610165005734308f,0.1553343589557067f,0.9854352527881334f,-1.914119700429543f,0.700250550023151f,-0.4263102927026701f,0.3247422849482394f,-0.4537182507029683f,-0.0029962836072855957f,2.032258914928909f,0.1613166035523569f,0f,0f,0f,1f],start_interpolation:0}
execute if entity @s[tag=aj.dino.bone.tail_2] run data modify entity @s {} merge value {transformation:[0.4675162936919157f,1.6356894625526726f,0.9616248604468902f,0.8074062111668929f,-1.2507574861650528f,1.0104184636110267f,-1.1106007897524597f,0.530516111686582f,-1.4268174728876255f,-0.34978334078520384f,1.288649443632553f,-0.07937879843534584f,0f,0f,0f,1f],start_interpolation:0}
execute if entity @s[tag=aj.dino.bone.tail_1] run data modify entity @s {} merge value {transformation:[0.7585388607977702f,0.5626237068628247f,1.1814100097491793f,0.545577777782788f,-0.3790315598432767f,1.401484129997269f,-0.4240678719362876f,0.6050012068182778f,-1.2524416646304906f,-0.08338493773897893f,0.8438560770983833f,-0.25875136900753704f,0f,0f,0f,1f],start_interpolation:0}
execute if entity @s[tag=aj.dino.bone.tail_0] run data modify entity @s {} merge value {transformation:[0.3766974362115259f,0.13326160766631903f,1.2141565393547404f,0.1939888573375555f,0.11414767924960348f,1.2611845043915757f,-0.17383805621478018f,0.6862353559105587f,-1.216102407471353f,0.15965809214941631f,0.3597776323475591f,-0.3600339210201631f,0f,0f,0f,1f],start_interpolation:0}
execute if entity @s[tag=aj.dino.bone.body_1] run data modify entity @s {} merge value {transformation:[-0.34175734214950443f,-0.2830104045850218f,1.153998104435089f,-0.055236777874502554f,0.14970225769725212f,1.1809599961235546f,0.33395705809647075f,0.5290489814814813f,-1.1787263245484518f,0.23204136163349465f,-0.29217401212979527f,-0.307737188292207f,0f,0f,0f,1f],start_interpolation:0}