execute if entity @s[tag=aj.dino.bone.head_lower] run data modify entity @s {} merge value {transformation:[-0.8865726953825815f,0.11154710405943946f,-0.44893885928711524f,-0.6819576443605894f,-0.08028737885671469f,0.918657556473552f,0.3868103291412485f,0.15212126596571565f,0.4555686475147098f,0.3789796003876661f,-0.8055008813723439f,0.09430455133396277f,0f,0f,0f,1f],start_interpolation:0}
execute if entity @s[tag=aj.dino.bone.head_upper] run data modify entity @s {} merge value {transformation:[-0.9228331492184395f,0.2860991092142753f,-0.38729603792690953f,-0.7025190068046648f,-0.08357109919887981f,0.7293614705068685f,0.7379157535262792f,0.2193429101238928f,0.4742012153777917f,0.6853109422958046f,-0.623661817243423f,0.06684663038368616f,0f,0f,0f,1f],start_interpolation:0}
execute if entity @s[tag=aj.dino.bone.neck_0] run data modify entity @s {} merge value {transformation:[-0.979103061244334f,-0.19310320773557668f,0.06378359212371532f,-0.6949438403369826f,-0.1681431915506929f,0.9451001011129019f,0.2802029015044804f,0.22217493968063065f,-0.11438995846279865f,0.2636227418843322f,-0.9578193918293083f,0.0006701034585478577f,0f,0f,0f,1f],start_interpolation:0}
execute if entity @s[tag=aj.dino.bone.neck_1] run data modify entity @s {} merge value {transformation:[-0.9357338787909979f,-0.15932587005816298f,0.3146702642655696f,-0.6690211332740946f,0.03744136122258199f,0.842246463614854f,0.5377908877975458f,0.2716130105595508f,-0.35071391839012367f,0.5150108364476244f,-0.7821531728433785f,-0.06321594549452017f,0f,0f,0f,1f],start_interpolation:0}
execute if entity @s[tag=aj.dino.bone.neck_2] run data modify entity @s {} merge value {transformation:[-0.7256147634940795f,-0.2585305859637485f,0.6376873458997536f,-0.6156861151363833f,0.13827844854339108f,0.8530438281927887f,0.5031851526532005f,0.32404763605101616f,-0.674064007100115f,0.45329699238295496f,-0.5832319873161135f,-0.10987338095726723f,0f,0f,0f,1f],start_interpolation:0}
execute if entity @s[tag=aj.dino.bone.body_0] run data modify entity @s {} merge value {transformation:[-0.501006498419394f,0.0024777453009297012f,0.8654399744174991f,-0.20778389697214703f,0.28294861255798354f,0.9455099753656602f,0.1610930449632784f,0.4089773484461177f,-0.8178829813567768f,0.3255837023904182f,-0.474407716573727f,-0.3303583670046309f,0f,0f,0f,1f],start_interpolation:0}
execute if entity @s[tag=aj.dino.bone.leg_left_3] run data modify entity @s {} merge value {transformation:[0.04078809251702292f,-0.03207920678697143f,0.9986527204192363f,0.010040929564478149f,-0.02654002286989334f,0.9990970341069252f,0.033177456575372494f,0.007758499715323636f,-0.9988152775638186f,-0.027857511207283553f,0.039899879378862f,0.03511349241982409f,0f,0f,0f,1f],start_interpolation:0}
execute if entity @s[tag=aj.dino.bone.leg_left_2] run data modify entity @s {} merge value {transformation:[0.3022201828219039f,-0.1542393750243592f,0.9679542219484785f,0.004470934074181726f,-0.20137292434401727f,0.9815437021718233f,0.21927860262383927f,0.24301919697175958f,-0.9592570593625716f,-0.2546455878659987f,0.25892801730238874f,-0.017730159447446353f,0f,0f,0f,1f],start_interpolation:0}
execute if entity @s[tag=aj.dino.bone.leg_left_1] run data modify entity @s {} merge value {transformation:[0.31367884173541394f,-0.938729637687809f,-0.14280144107831644f,-0.2492260304374652f,0.2001666744761142f,-0.08163884178843178f,0.9763546496742957f,0.1650718411564968f,-0.9281911907989121f,-0.33484588520386216f,0.16229401247532027f,-0.09881928065831266f,0f,0f,0f,1f],start_interpolation:0}
execute if entity @s[tag=aj.dino.bone.leg_left_0] run data modify entity @s {} merge value {transformation:[0.28942800009199077f,0.4365865657927399f,0.8518354320712729f,-0.11349926218270304f,0.14989541003847565f,0.8582723500284266f,-0.4908155857611688f,0.5594420983942582f,-0.9453902891463122f,0.26974199477645955f,0.18296572750618786f,-0.11773020738846321f,0f,0f,0f,1f],start_interpolation:0}
execute if entity @s[tag=aj.dino.bone.leg_right_3] run data modify entity @s {} merge value {transformation:[0.48615038448178327f,-0.002456370144989062f,0.8738717125035713f,-0.11867323967132748f,0.006020240559952922f,0.9999817332942221f,-0.0005383135544549944f,0.019050838550332932f,-0.8738544274487683f,0.005522619269279688f,0.48615629205492333f,-0.6924834311939415f,0f,0f,0f,1f],start_interpolation:0}
execute if entity @s[tag=aj.dino.bone.leg_right_2] run data modify entity @s {} merge value {transformation:[0.5089309260479389f,0.16637367161191063f,0.8748550242223299f,-0.05364438392946572f,0.2383375202451911f,0.9454365636834746f,-0.3184448617805758f,0.22921960459414115f,-0.858048214528796f,0.361291717238922f,0.43044599672803363f,-0.5936329897860109f,0f,0f,0f,1f],start_interpolation:0}
execute if entity @s[tag=aj.dino.bone.leg_right_1] run data modify entity @s {} merge value {transformation:[0.32328377279451f,-0.8534584481057694f,0.408774118070896f,-0.30074382163527685f,-0.10893614994452262f,0.3955338275666643f,0.9119681499294413f,0.28613688280895816f,-0.9400109134914403f,-0.3393547827972302f,0.034897190569334796f,-0.7063968004073917f,0f,0f,0f,1f],start_interpolation:0}
execute if entity @s[tag=aj.dino.bone.leg_right_0] run data modify entity @s {} merge value {transformation:[0.3713181122695616f,0.818559328759614f,0.438273299210868f,-0.05820425732791592f,-0.0792371234732574f,0.49823358120008776f,-0.8634146030895117f,0.5612602704673123f,-0.925118553356408f,0.28587396500056683f,0.24986343944363207f,-0.5069250984709026f,0f,0f,0f,1f],start_interpolation:0}
execute if entity @s[tag=aj.dino.bone.tail_4] run data modify entity @s {} merge value {transformation:[0.4917292415100232f,-0.7606898058580914f,-2.6086806442927344f,-0.16169811073878648f,-2.563763060028449f,-1.008456640050046f,-0.18919701047463616f,0.14868355217112053f,-0.9005457549050713f,2.4556114423911914f,-0.8858053504692236f,0.44394620681663294f,0f,0f,0f,1f],start_interpolation:0}
execute if entity @s[tag=aj.dino.bone.tail_3] run data modify entity @s {} merge value {transformation:[0.7988841862170599f,0.15417354057502639f,-1.9167577057216463f,0.1618044549123518f,-1.7932849892402307f,-0.6895299746119933f,-0.8028841059092504f,0.29157061877838364f,-0.6941603059974097f,1.9587558448011297f,-0.13176697643733737f,0.44712105299686844f,0f,0f,0f,1f],start_interpolation:0}
execute if entity @s[tag=aj.dino.bone.tail_2] run data modify entity @s {} merge value {transformation:[1.1076961036947603f,0.7625899679922855f,-1.4178292413332951f,0.42637635497567833f,-1.5164426381911202f,-0.0836100675321094f,-1.229709297633392f,0.5190296701766305f,-0.5405413415624928f,1.7972867807691617f,0.5443796108755538f,0.3459500413234078f,0f,0f,0f,1f],start_interpolation:0}
execute if entity @s[tag=aj.dino.bone.tail_1] run data modify entity @s {} merge value {transformation:[1.3905207564823379f,0.5625846656246811f,-0.19392464978891347f,0.4599012951751117f,-0.5897065907930084f,1.2367342810337918f,-0.6406174403582207f,0.642328986096051f,-0.07971456935262626f,0.6645623086812829f,1.3563402137049276f,0.046033329422827896f,0f,0f,0f,1f],start_interpolation:0}
execute if entity @s[tag=aj.dino.bone.tail_0] run data modify entity @s {} merge value {transformation:[1.0657295248108911f,-0.05376313596084136f,0.7036801984865256f,0.25297218588653103f,0.08995994068042212f,1.2744535279710825f,-0.03887326457688116f,0.6844434913737947f,-0.6999739320882993f,0.08193562618144423f,1.0663764645485794f,-0.26360940579798553f,0f,0f,0f,1f],start_interpolation:0}
execute if entity @s[tag=aj.dino.bone.body_1] run data modify entity @s {} merge value {transformation:[0.17390903738748556f,-0.43880941145743074f,1.1427189252775993f,0.016862970572087833f,0.005718356583203728f,1.1544728270190847f,0.44245269479210986f,0.5038175f,-1.2240619029155329f,-0.056950743166317506f,0.16441917692245833f,-0.2979985245837731f,0f,0f,0f,1f],start_interpolation:0}