execute if entity @s[tag=aj.dino.bone.head_lower] run data modify entity @s {} merge value {transformation:[-0.9501821642007231f,-0.2656983659805625f,-0.16296696950636885f,0.08133685675720369f,-0.24211558079642753f,0.9584328964977785f,-0.1509517421114675f,0.3871674091734423f,0.1963005358383905f,-0.10397481053667534f,-0.9750155580314722f,0.8229674346707566f,0f,0f,0f,1f],start_interpolation:0}
execute if entity @s[tag=aj.dino.bone.head_upper] run data modify entity @s {} merge value {transformation:[-0.9890442188072976f,-0.12018891844787953f,-0.30136041496802307f,0.0575560256848746f,-0.25201800716950945f,0.8935017689105499f,0.47075838346176513f,0.43960536434715414f,0.20432914596229076f,0.5202702715123693f,-0.8780890542959033f,0.7741802496473716f,0f,0f,0f,1f],start_interpolation:0}
execute if entity @s[tag=aj.dino.bone.neck_0] run data modify entity @s {} merge value {transformation:[-0.9803402434977238f,-0.15840135746436654f,0.11765210126585152f,0.06805155462578656f,-0.14898357828677988f,0.985180437030741f,0.0849905870834243f,0.4291578296777247f,-0.12937117290838443f,0.06579146179683354f,-0.989411230568435f,0.7091769486090518f,0f,0f,0f,1f],start_interpolation:0}
execute if entity @s[tag=aj.dino.bone.neck_1] run data modify entity @s {} merge value {transformation:[-0.9967550707652576f,-0.013771583134956732f,0.0793074548936209f,0.07470649300356687f,0.009287813060152618f,0.9589982923129594f,0.2832596192001025f,0.45757162246437466f,-0.07995664720525986f,0.2830770545960665f,-0.9557585028284653f,0.6295157596950235f,0f,0f,0f,1f],start_interpolation:0}
execute if entity @s[tag=aj.dino.bone.neck_2] run data modify entity @s {} merge value {transformation:[-0.9983741205692714f,0.050030932740329076f,-0.027313387681998244f,0.07280346949307699f,0.038401275675397736f,0.944467998639155f,0.32635186773335784f,0.49540942571600133f,0.04212430894432065f,0.32477239001442487f,-0.9448536591876447f,0.5499192174287268f,0f,0f,0f,1f],start_interpolation:0}
execute if entity @s[tag=aj.dino.bone.body_0] run data modify entity @s {} merge value {transformation:[-0.9925086181149942f,0.042933300781635785f,-0.1143825801923462f,0.019304381739671004f,0.02947954521099256f,0.9927158081841485f,0.11681729578896212f,0.5599218381241942f,0.11856474763443797f,0.11257022637130305f,-0.9865446491432083f,0.08603679594893668f,0f,0f,0f,1f],start_interpolation:0}
execute if entity @s[tag=aj.dino.bone.leg_left_3] run data modify entity @s {} merge value {transformation:[-0.998667038328622f,-0.03130372946105434f,-0.04103928700364367f,0.3449323593156858f,-0.03170163422003565f,0.999456124058234f,0.009080884883658547f,0.020974472626065527f,0.04073270115911009f,0.010369792877406747f,-0.9991162667337383f,-0.09188042159363473f,0f,0f,0f,1f],start_interpolation:0}
execute if entity @s[tag=aj.dino.bone.leg_left_2] run data modify entity @s {} merge value {transformation:[-1.0136143343872281f,-0.154916693108636f,0.02547545527983924f,0.3080363094889876f,-0.15350773381638527f,0.9430526976670544f,-0.37302705609934356f,0.22903233176593712f,0.032917416119558396f,-0.3724441261717923f,-0.9551251311199157f,-0.20816318395906339f,0f,0f,0f,1f],start_interpolation:0}
execute if entity @s[tag=aj.dino.bone.leg_left_1] run data modify entity @s {} merge value {transformation:[-0.9656611730044765f,-0.09042184982914321f,0.24356187719980815f,0.2897856557621955f,0.18118170831960045f,0.4375181420688625f,0.8807673154306991f,0.29757139603134347f,-0.1862033499215569f,0.8946517559554029f,-0.4061114970594947f,0.06013272724334914f,0f,0f,0f,1f],start_interpolation:0}
execute if entity @s[tag=aj.dino.bone.leg_left_0] run data modify entity @s {} merge value {transformation:[-0.9761742018977347f,0.15589073296609063f,0.15093709591951118f,0.22520093557427104f,0.08428741387465125f,0.9133959710724526f,-0.39825046376738116f,0.6984209881874203f,-0.19994889199904042f,-0.3760397311507204f,-0.9047732098069937f,-0.0371076807720814f,0f,0f,0f,1f],start_interpolation:0}
execute if entity @s[tag=aj.dino.bone.leg_right_3] run data modify entity @s {} merge value {transformation:[-0.9339862438202896f,0.14606611824561547f,0.3260895359485259f,-0.2800845962491368f,0.20749412243204163f,0.9646979170044742f,0.16218544350028968f,0.15620223609162598f,-0.29088809791846765f,0.21914063527307434f,-0.9313224449466949f,-0.3201799228254627f,0f,0f,0f,1f],start_interpolation:0}
execute if entity @s[tag=aj.dino.bone.leg_right_2] run data modify entity @s {} merge value {transformation:[-0.9630985996683183f,0.2408209520139892f,0.2578925277876331f,-0.2144854174932843f,0.2916705571232671f,0.9652378289715186f,0.18790002429602498f,0.38655223357427904f,-0.19857384753542487f,0.24976669532609763f,-0.9748062497140407f,-0.29177748503721884f,0f,0f,0f,1f],start_interpolation:0}
execute if entity @s[tag=aj.dino.bone.leg_right_1] run data modify entity @s {} merge value {transformation:[-0.9791794860947138f,-0.135512618438484f,-0.15114186797587986f,-0.26278493471101355f,-0.12365676388334658f,-0.19228486670970607f,0.9735170952686598f,0.2802200464091798f,-0.1609861446124812f,0.9719376833307661f,0.17152434510713888f,-0.04003553726334019f,0f,0f,0f,1f],start_interpolation:0}
execute if entity @s[tag=aj.dino.bone.leg_right_0] run data modify entity @s {} merge value {transformation:[-0.9811750871067375f,-0.002642964727048981f,0.19310220914981233f,-0.16545562878504314f,-0.06864728999715815f,0.9393756354217176f,-0.33594786076427086f,0.6843797126732145f,-0.18050761207531488f,-0.34287961489930474f,-0.9218734032769207f,-0.07862632551346482f,0f,0f,0f,1f],start_interpolation:0}
execute if entity @s[tag=aj.dino.bone.tail_4] run data modify entity @s {} merge value {transformation:[-2.254858219730394f,-1.1117856432059068f,1.1424571869770483f,0.46080476250698893f,-1.1542322235077853f,2.5036642399183053f,0.15834986444758276f,0.7217792016620214f,-1.0995561444194453f,-0.3482231883656264f,-2.509059231655148f,-1.7658662287205065f,0f,0f,0f,1f],start_interpolation:0}
execute if entity @s[tag=aj.dino.bone.tail_3] run data modify entity @s {} merge value {transformation:[-1.859756444402697f,-0.39490593082211933f,0.8492942948993589f,0.3206602995812029f,-0.4600249458821059f,2.029849662496129f,-0.06350529800702492f,0.7126836809119084f,-0.815860614757968f,-0.2443464333897901f,-1.9001609941846729f,-1.4412780212201524f,0f,0f,0f,1f],start_interpolation:0}
execute if entity @s[tag=aj.dino.bone.tail_2] run data modify entity @s {} merge value {transformation:[-1.8727607809324316f,-0.14686028664777395f,0.538491400683298f,0.2191361749098777f,-0.22098517692601938f,1.9263447985900277f,-0.2431771854572259f,0.7581847614824498f,-0.5125490064209495f,-0.293941572686913f,-1.8627038795433961f,-1.0954543844545679f,0f,0f,0f,1f],start_interpolation:0}
execute if entity @s[tag=aj.dino.bone.tail_1] run data modify entity @s {} merge value {transformation:[-1.4509023241657866f,0.07285283735996055f,0.4209883131619252f,0.12903978753030093f,0.039053896228203704f,1.5067243842628868f,-0.12614544405971306f,0.76687439357702f,-0.42545680029788785f,-0.11013784070985154f,-1.44724304010213f,-0.7822710383551329f,0f,0f,0f,1f],start_interpolation:0}
execute if entity @s[tag=aj.dino.bone.tail_0] run data modify entity @s {} merge value {transformation:[-1.2591206564348218f,0.009836836097513f,0.2198957156898741f,0.06501852893159982f,0.030217733118626678f,1.2725736231016422f,0.11609900505671363f,0.7636570343239104f,-0.21803159800437813f,0.11956306714691635f,-1.2537952830626327f,-0.41299764593746097f,0f,0f,0f,1f],start_interpolation:0}
execute if entity @s[tag=aj.dino.bone.body_1] run data modify entity @s {} merge value {transformation:[-1.228659030508231f,-0.07114672294269905f,0.11806661518540798f,0.042361931433341625f,-0.04416139784743324f,1.2063070160670175f,0.2673532288637993f,0.6202478155522164f,-0.1305808284051878f,0.2614691604343678f,-1.2013272328766265f,-0.15131769567736642f,0f,0f,0f,1f],start_interpolation:0}