execute if entity @s[tag=aj.dino.bone.head_lower] run data modify entity @s {} merge value {transformation:[-0.9714083843966326f,0.23308164034503612f,-0.04515196183989555f,-0.24296251344501538f,0.2280281884796678f,0.9689217280865414f,0.09588446224739143f,1.0347520147020322f,0.06609762463663302f,0.0828470504958239f,-0.9943678747030884f,0.5764805389486729f,0f,0f,0f,1f],start_interpolation:0}
execute if entity @s[tag=aj.dino.bone.head_upper] run data modify entity @s {} merge value {transformation:[-1.0111385825649615f,0.23089644387349895f,-0.08807690752177888f,-0.24416347112933318f,0.23735444637674102f,1.0106704378461884f,-0.07536627516662975f,1.0523244813833492f,0.06880098994359438f,-0.09329544926669031f,-1.034424635008474f,0.5030964629704926f,0f,0f,0f,1f],start_interpolation:0}
execute if entity @s[tag=aj.dino.bone.neck_0] run data modify entity @s {} merge value {transformation:[-0.9823018315063948f,0.15189079708488806f,-0.10960062764464266f,-0.2533985193666394f,0.18706845674537262f,0.8249607007388111f,-0.5333340742231218f,1.0043869946733024f,0.009407672936857236f,-0.5443978581859477f,-0.8387743842610276f,0.4576932967122283f,0f,0f,0f,1f],start_interpolation:0}
execute if entity @s[tag=aj.dino.bone.neck_1] run data modify entity @s {} merge value {transformation:[-0.9105895764162596f,0.3948445853852405f,0.12216536626235001f,-0.2412305097744895f,0.3532759515796979f,0.89696405534158f,-0.26580365960732405f,0.9860021373139815f,-0.21452907811650024f,-0.19887995579531093f,-0.9562552158421619f,0.3757697139843348f,0f,0f,0f,1f],start_interpolation:0}
execute if entity @s[tag=aj.dino.bone.neck_2] run data modify entity @s {} merge value {transformation:[-0.9393575263714968f,0.2953430649878567f,0.17429834082056248f,-0.22306907468540532f,0.21622485084708867f,0.9045634399080437f,-0.3674395148291504f,0.9626679214474364f,-0.26618461925020476f,-0.30746944099423257f,-0.9135689855338334f,0.29272390108844526f,0f,0f,0f,1f],start_interpolation:0}
execute if entity @s[tag=aj.dino.bone.body_0] run data modify entity @s {} merge value {transformation:[-0.9429817898119776f,0.3210076530840762f,0.08797403449002739f,-0.1785492429776926f,0.22413518888710512f,0.8078159783201396f,-0.5451575572925844f,0.7134326659997534f,-0.2460665787658714f,-0.49435557226770405f,-0.8337048680332446f,-0.10490743159268295f,0f,0f,0f,1f],start_interpolation:0}
execute if entity @s[tag=aj.dino.bone.leg_left_3] run data modify entity @s {} merge value {transformation:[-0.8928225614597982f,-0.01331393101998013f,0.4502117423936869f,0.11590874621081884f,-0.028792794663283137f,0.9992056604731049f,-0.027550373028030983f,0.01768209549563382f,-0.4494873176451618f,-0.03756044886979998f,-0.8924967024907465f,-0.07808216289257863f,0f,0f,0f,1f],start_interpolation:0}
execute if entity @s[tag=aj.dino.bone.leg_left_2] run data modify entity @s {} merge value {transformation:[-0.9161248089625219f,0.14756309240388785f,0.4370385196573389f,0.16239068047395036f,-0.046302949198037326f,0.937474928594152f,-0.41359278844492353f,0.22335243710932612f,-0.4589483312962809f,-0.38913762542098773f,-0.8306627096377736f,-0.19517277922745244f,0f,0f,0f,1f],start_interpolation:0}
execute if entity @s[tag=aj.dino.bone.leg_left_1] run data modify entity @s {} merge value {transformation:[-0.7140972036256349f,-0.4309799750554806f,0.5516533738455928f,0.03027095524793527f,0.2401756617352737f,0.5893635090253604f,0.7713405899726378f,0.3377718241236766f,-0.6575567164010049f,0.6833058724542697f,-0.31735193301039966f,0.020386882447055027f,0f,0f,0f,1f],start_interpolation:0}
execute if entity @s[tag=aj.dino.bone.leg_left_0] run data modify entity @s {} merge value {transformation:[-0.743387075387509f,0.48687764541647915f,0.45861292452405966f,0.09766318716727951f,0.1926009189891998f,0.8124396019418971f,-0.5503151635208751f,0.7239559021445433f,-0.6405314528977647f,-0.3207679092275238f,-0.6977301815590906f,-0.12323562109802164f,0f,0f,0f,1f],start_interpolation:0}
execute if entity @s[tag=aj.dino.bone.leg_right_3] run data modify entity @s {} merge value {transformation:[-0.5118198978985322f,-0.061569368380268163f,0.8568836589598328f,-0.3177233447020855f,0.4256135597113059f,0.8482460614416795f,0.3151693466036153f,0.35343756794946335f,-0.7462529664296194f,0.5260112471477525f,-0.4079444545144099f,-0.6329594156897166f,0f,0f,0f,1f],start_interpolation:0}
execute if entity @s[tag=aj.dino.bone.leg_right_2] run data modify entity @s {} merge value {transformation:[-0.508642056521103f,0.19481190481213828f,0.869133924997836f,-0.24466374505447092f,0.5344294554519654f,0.8674357966137858f,0.11833214017762632f,0.5584634835851805f,-0.7125521840426798f,0.5115326578012082f,-0.5316633563821503f,-0.5290472369853813f,0f,0f,0f,1f],start_interpolation:0}
execute if entity @s[tag=aj.dino.bone.leg_right_1] run data modify entity @s {} merge value {transformation:[-0.6099145318054031f,-0.786455728762818f,0.09742510245691727f,-0.4756330810054724f,0.15201083577027477f,0.004549868936376322f,0.9883683546639304f,0.5103075804428822f,-0.7777512261006203f,0.6176298935356084f,0.11677476144345061f,-0.38293919304984486f,0f,0f,0f,1f],start_interpolation:0}
execute if entity @s[tag=aj.dino.bone.leg_right_0] run data modify entity @s {} merge value {transformation:[-0.5742582505706579f,0.6353002525775611f,0.5163536101611126f,-0.20145572866598144f,0.19487445197986944f,0.7186664450056585f,-0.6674896918967921f,0.8241580674420478f,-0.7951423832352749f,-0.2826873359346254f,-0.5365039240165084f,-0.35780097833705665f,0f,0f,0f,1f],start_interpolation:0}
execute if entity @s[tag=aj.dino.bone.tail_4] run data modify entity @s {} merge value {transformation:[0.8579763491620583f,0.4678277019751787f,-2.582765021666347f,-0.43262930236492764f,2.6247760904307325f,-0.14318689893719866f,0.8459960512176808f,0.7569871670019045f,0.009401647818680135f,-2.717774104821328f,-0.4891593357801951f,-1.6522571279669191f,0f,0f,0f,1f],start_interpolation:0}
execute if entity @s[tag=aj.dino.bone.tail_3] run data modify entity @s {} merge value {transformation:[0.794787565221297f,0.739029097487663f,-1.7771027672255242f,-0.1385303242297053f,1.8949691355063936f,-0.6368076171379464f,0.5826779215636088f,0.6644181863272903f,-0.336675255538923f,-1.8396351752089612f,-0.9156078420842299f,-1.4790015990177785f,0f,0f,0f,1f],start_interpolation:0}
execute if entity @s[tag=aj.dino.bone.tail_2] run data modify entity @s {} merge value {transformation:[-0.05439084277941061f,1.4172673996656124f,-1.3443097221509608f,0.11167094080000207f,1.952529623287117f,0.079844417587587f,0.0051782399659241925f,0.6649183503014654f,0.058682036525593353f,-1.3430382949968138f,-1.41830124859426f,-1.2156186823685136f,0f,0f,0f,1f],start_interpolation:0}
execute if entity @s[tag=aj.dino.bone.tail_1] run data modify entity @s {} merge value {transformation:[-0.34916764888743f,1.3867149738349964f,-0.4927065904899477f,0.2010783288958759f,1.4694718295158986f,0.30102346387525125f,-0.19414856799817837f,0.701613363048089f,-0.07994213675917142f,-0.5235099860922908f,-1.4167578477749923f,-0.9042724570947405f,0f,0f,0f,1f],start_interpolation:0}
execute if entity @s[tag=aj.dino.bone.tail_0] run data modify entity @s {} merge value {transformation:[-1.1718779423310572f,0.4672432506576729f,0.20547882999668202f,0.1523080509576761f,0.4874768008471914f,1.1770581405222125f,0.1036157278129459f,0.6997389488034248f,-0.1513412485006714f,0.17335972752998263f,-1.2573296894438688f,-0.532668019739841f,0f,0f,0f,1f],start_interpolation:0}
execute if entity @s[tag=aj.dino.bone.body_1] run data modify entity @s {} merge value {transformation:[-0.9407627841531369f,0.3907590279385461f,0.700626406220327f,-0.03689816782679034f,0.3151471305011031f,1.1729894437450301f,-0.2310468481842923f,0.6744449414062501f,-0.7377345492422114f,0.0027824455964543166f,-0.9921414152766449f,-0.3021964558320402f,0f,0f,0f,1f],start_interpolation:0}