execute if entity @s[tag=aj.dino.bone.head_lower] run data modify entity @s {} merge value {transformation:[0.3046098149813593f,0.384949199656472f,-0.8712215414582352f,0.8594208797172153f,-0.4412145930485748f,0.8676619637119005f,0.22911219873369665f,0.2354899302220927f,0.8441223510238326f,0.3146058334034036f,0.4341435547034498f,-0.34762503327760075f,0f,0f,0f,1f],start_interpolation:0}
execute if entity @s[tag=aj.dino.bone.head_upper] run data modify entity @s {} merge value {transformation:[0.3170682294933407f,0.9440545977995137f,-0.30282106400160397f,0.8598421168499207f,-0.4592600860648478f,0.4216180942145255f,0.8335408199735195f,0.3022767937604972f,0.8786466034630612f,-0.12029564243154013f,0.5449596748552284f,-0.31248539882051757f,0f,0f,0f,1f],start_interpolation:0}
execute if entity @s[tag=aj.dino.bone.neck_0] run data modify entity @s {} merge value {transformation:[0.2580063236844824f,0.6412901672196258f,-0.7226199958250827f,0.8026234428810001f,-0.43827711534143293f,0.7442445735818106f,0.5039972071966482f,0.32292733157768244f,0.8610144639358914f,0.186673340682202f,0.4730826109378109f,-0.28520326379782834f,0f,0f,0f,1f],start_interpolation:0}
execute if entity @s[tag=aj.dino.bone.neck_1] run data modify entity @s {} merge value {transformation:[0.2649092675168902f,0.6160696778807655f,-0.7418094310397749f,0.7426206038204357f,-0.12819895389330338f,0.7849661184178327f,0.6061297065453102f,0.37789071396125473f,0.9557134027543652f,-0.06547018353366002f,0.28692428768534306f,-0.26119862370137054f,0f,0f,0f,1f],start_interpolation:0}
execute if entity @s[tag=aj.dino.bone.neck_2] run data modify entity @s {} merge value {transformation:[0.07839131170865027f,0.38172191590876897f,-0.9209468937802744f,0.6656760449565245f,-0.19533186429891702f,0.9117650039804429f,0.36128941349844795f,0.4184691254964161f,0.9775992353915314f,0.15156832265180545f,0.14603690811028394f,-0.24692074666513597f,0f,0f,0f,1f],start_interpolation:0}
execute if entity @s[tag=aj.dino.bone.body_0] run data modify entity @s {} merge value {transformation:[0.31994187415247427f,0.1784915367512234f,-0.9304719063313998f,0.22884847977416092f,-0.23220682703022316f,0.9669129359894818f,0.10563788949404612f,0.4774669210293442f,0.918540792041572f,0.18226394466374027f,0.35080289028349626f,-0.0798523680825098f,0f,0f,0f,1f],start_interpolation:0}
execute if entity @s[tag=aj.dino.bone.leg_left_3] run data modify entity @s {} merge value {transformation:[0.15932829214072422f,0.1191256315696819f,-0.9800120301438371f,-0.45166279253203095f,0.011144220930976721f,0.9924127543983595f,0.12244480898471391f,0.07539167767227703f,0.9871627533813062f,-0.030430392875969638f,0.15679186690020788f,-0.4002269022075833f,0f,0f,0f,1f],start_interpolation:0}
execute if entity @s[tag=aj.dino.bone.leg_left_2] run data modify entity @s {} merge value {transformation:[0.10065091204085966f,0.1161189253944511f,-1.0141242471074616f,-0.4557804736128351f,-0.28696928494096596f,0.9811614518370213f,0.08386318876738282f,0.30624553776379215f,0.9795816570896517f,0.27550099835572434f,0.12876791719673536f,-0.33050881237876206f,0f,0f,0f,1f],start_interpolation:0}
execute if entity @s[tag=aj.dino.bone.leg_left_1] run data modify entity @s {} merge value {transformation:[0.03246032755462211f,0.9986420836212704f,-0.04074697480322531f,-0.1829660280265965f,0.1098797158897738f,0.036955694901275316f,0.993257632565865f,0.2614182618710644f,0.9934147045272831f,-0.03671873411396258f,-0.10853091446237277f,-0.35451254698978085f,0f,0f,0f,1f],start_interpolation:0}
execute if entity @s[tag=aj.dino.bone.leg_left_0] run data modify entity @s {} merge value {transformation:[0.007960497633872632f,0.4063342849129869f,-0.9136898157370874f,0.05187969149453863f,0.057091086972308094f,0.9120436935062386f,0.40609962930765986f,0.5930955112329603f,0.9983372367420448f,-0.05539629987417833f,-0.015937744335653134f,-0.25888321653735064f,0f,0f,0f,1f],start_interpolation:0}
execute if entity @s[tag=aj.dino.bone.leg_right_3] run data modify entity @s {} merge value {transformation:[-0.37305141396960395f,0.04612606301069436f,-0.9266633848633565f,0.14321220849497943f,0.02279999326046956f,0.9989175896311834f,0.04054391980000718f,0.04767399017939042f,0.9275304862065731f,-0.006002952320345256f,-0.37369929317679734f,0.28342950600126665f,0f,0f,0f,1f],start_interpolation:0}
execute if entity @s[tag=aj.dino.bone.leg_right_2] run data modify entity @s {} merge value {transformation:[-0.38736125191631543f,-0.061512988975069544f,-0.9477497624383099f,0.10018485115630371f,0.18558293327586675f,0.9989139158202168f,-0.14068462303372337f,0.27588367927030577f,0.931435684785184f,-0.22460930628263936f,-0.36611531535935693f,0.2183137906055705f,0f,0f,0f,1f],start_interpolation:0}
execute if entity @s[tag=aj.dino.bone.leg_right_1] run data modify entity @s {} merge value {transformation:[-0.22313415443456558f,0.9161960239211734f,-0.33286032337273974f,0.3622964869110056f,-0.18063413530521047f,0.2966927699398229f,0.9377338158709938f,0.3031545064209692f,0.957905244941957f,0.2693663787789204f,0.0992939862037017f,0.30530331898846746f,0f,0f,0f,1f],start_interpolation:0}
execute if entity @s[tag=aj.dino.bone.leg_right_0] run data modify entity @s {} merge value {transformation:[-0.2789368001464956f,-0.9499101061829648f,-0.14094343438239046f,0.03323813437284806f,-0.16881645004219412f,0.19298748531336984f,-0.9665696233110027f,0.4772417118848696f,0.94535457248547f,-0.24581826759598452f,-0.21419176360664202f,0.11630193253033444f,0f,0f,0f,1f],start_interpolation:0}
execute if entity @s[tag=aj.dino.bone.tail_4] run data modify entity @s {} merge value {transformation:[1.0126654280176042f,-1.064203325150101f,2.3382988143600025f,-0.814505328455419f,1.8811728143103017f,2.0189113358202158f,0.10414985547992964f,0.6927862928242801f,-1.7496739425383754f,1.554712073805339f,1.4653234434643156f,0.8827658447748021f,0f,0f,0f,1f],start_interpolation:0}
execute if entity @s[tag=aj.dino.bone.tail_3] run data modify entity @s {} merge value {transformation:[0.9369815719351796f,-1.7084808627342776f,0.7342371562166163f,-0.9222859905477601f,1.6885903216407976f,1.1260714778160916f,0.4653721935768781f,0.6028568727685173f,-0.7788926662636853f,0.386007376308103f,1.892160153348766f,0.5581480206767769f,0f,0f,0f,1f],start_interpolation:0}
execute if entity @s[tag=aj.dino.bone.tail_2] run data modify entity @s {} merge value {transformation:[1.4611699917085668f,-1.297041562202728f,-0.037938321679696574f,-0.9144615193543517f,1.2443464925492411f,1.3844090139210585f,0.5948002720723143f,0.4935343512283054f,-0.3679102292863919f,-0.46890163477600044f,1.86106077146707f,0.2117972621908541f,0f,0f,0f,1f],start_interpolation:0}
execute if entity @s[tag=aj.dino.bone.tail_1] run data modify entity @s {} merge value {transformation:[0.8088612063292949f,-0.627715433824779f,-1.1132713654063364f,-0.6679975328711787f,0.969583722483079f,1.1597452330231808f,0.05054354138625339f,0.4675549446037791f,0.8326507094762933f,-0.7406892591486511f,1.0226086579872322f,0.0000019581893537096162f,0f,0f,0f,1f],start_interpolation:0}
execute if entity @s[tag=aj.dino.bone.tail_0] run data modify entity @s {} merge value {transformation:[0.3786348458789405f,0.17679036078322322f,-1.207980355140098f,-0.3107313306935465f,-0.14687833636205208f,1.2621530060227746f,0.1386804250037381f,0.45748730154830575f,1.211981074265508f,0.09772755141637045f,0.3941914736526066f,-0.11283161237216044f,0f,0f,0f,1f],start_interpolation:0}
execute if entity @s[tag=aj.dino.bone.body_1] run data modify entity @s {} merge value {transformation:[-0.05862980323359837f,-0.271440838763338f,-1.2047767478999982f,-0.012354146271753496f,-0.364373287880543f,1.1562428455613682f,-0.2427739364584324f,0.43604768013433753f,1.1799996814864666f,0.3435505031226932f,-0.13482729157048268f,-0.10462672010106522f,0f,0f,0f,1f],start_interpolation:0}