execute if entity @s[tag=aj.dino.bone.head_lower] run data modify entity @s {} merge value {transformation:[-0.8637226547146781f,-0.01822501848587396f,-0.5036377909111052f,-0.6820334797372412f,-0.2309451922379433f,0.9025533180440041f,0.3634031181345837f,0.1684197297956627f,0.44793693073334345f,0.43019223236705273f,-0.7837647282802687f,0.07325565902234284f,0f,0f,0f,1f],start_interpolation:0}
execute if entity @s[tag=aj.dino.bone.head_upper] run data modify entity @s {} merge value {transformation:[-0.899048551408069f,0.18309019482852368f,-0.49159091260133414f,-0.7120903105985359f,-0.24039075437331178f,0.723198486833418f,0.7089909565270857f,0.23346030517653085f,0.4662573645599494f,0.7259021089534144f,-0.582359116691842f,0.049554035354374526f,0f,0f,0f,1f],start_interpolation:0}
execute if entity @s[tag=aj.dino.bone.neck_0] run data modify entity @s {} merge value {transformation:[-0.9692180165673079f,-0.23620935437221394f,0.06943757821522159f,-0.7034530473100767f,-0.2212981806368476f,0.9594151104841774f,0.17478489929469002f,0.22926062531473962f,-0.10790528999152155f,0.15403826369345877f,-0.9821551108201545f,-0.016419418596750293f,0f,0f,0f,1f],start_interpolation:0}
execute if entity @s[tag=aj.dino.bone.neck_1] run data modify entity @s {} merge value {transformation:[-0.9087367623938595f,-0.2461324834870833f,0.33707016665140566f,-0.67603268173363f,-0.06528056501623825f,0.8814861726148548f,0.46767571598274693f,0.2729397933137156f,-0.4122328765456321f,0.40298998506327033f,-0.8171065581878649f,-0.08378254411140026f,0f,0f,0f,1f],start_interpolation:0}
execute if entity @s[tag=aj.dino.bone.neck_2] run data modify entity @s {} merge value {transformation:[-0.6882185046884886f,-0.34165291883855087f,0.6400223221524691f,-0.6233069217541611f,0.008939891879631644f,0.8781162066898895f,0.47836388438273597f,0.3234453638008994f,-0.7254483910916896f,0.3349406075674575f,-0.6012814825560664f,-0.13318003370846573f,0f,0f,0f,1f],start_interpolation:0}
execute if entity @s[tag=aj.dino.bone.body_0] run data modify entity @s {} merge value {transformation:[-0.427813351441409f,-0.07420689317692286f,0.9008157821294529f,-0.1994627351118596f,0.17201092279570818f,0.9717266162153952f,0.16173937608865338f,0.4089294359065433f,-0.8873488484059909f,0.22414441849755412f,-0.402953224194763f,-0.3209551214301545f,0f,0f,0f,1f],start_interpolation:0}
execute if entity @s[tag=aj.dino.bone.leg_left_3] run data modify entity @s {} merge value {transformation:[0.012960037371284927f,-0.11522011884745237f,0.9932554362519813f,0.05100020821005623f,-0.07459747243537684f,0.990459270759135f,0.1158691075029742f,0.010797500047483283f,-0.9971295074049248f,-0.07559601299051139f,0.004241259524050439f,0.06607654595672577f,0f,0f,0f,1f],start_interpolation:0}
execute if entity @s[tag=aj.dino.bone.leg_left_2] run data modify entity @s {} merge value {transformation:[0.27040724312791414f,-0.1337393695582851f,0.9803345874724649f,0.05054198907340318f,-0.2548995126860511f,0.9725656603939138f,0.20298885229405655f,0.24337896256503444f,-0.9560169249532504f,-0.2971397259765128f,0.22316321818397433f,0.002227306380710656f,0f,0f,0f,1f],start_interpolation:0}
execute if entity @s[tag=aj.dino.bone.leg_left_1] run data modify entity @s {} merge value {transformation:[0.29820720156996233f,-0.9491695738426514f,-0.10074514888157943f,-0.20791356048685883f,0.14683642631887023f,-0.05867235226521694f,0.9874191708618835f,0.17214616876205296f,-0.9431391884752296f,-0.3092485653499884f,0.12187615021512253f,-0.06946651237858376f,0f,0f,0f,1f],start_interpolation:0}
execute if entity @s[tag=aj.dino.bone.leg_left_0] run data modify entity @s {} merge value {transformation:[0.27749855759695186f,0.37603640879610695f,0.8840764501961006f,-0.09997247551281362f,0.09379554481660532f,0.9052168406860275f,-0.4144693801850302f,0.5722102535391635f,-0.9561364684521594f,0.19793708747512226f,0.21592582776893182f,-0.12050305625189006f,0f,0f,0f,1f],start_interpolation:0}
execute if entity @s[tag=aj.dino.bone.leg_right_3] run data modify entity @s {} merge value {transformation:[0.47816702127022387f,-0.11665670142243584f,0.8704869406158818f,-0.12129687495986416f,0.15917498135098457f,0.9862364566770504f,0.04473227954184167f,0.03612026367328197f,-0.8637242760751112f,0.11717024167565926f,0.49015457703074927f,-0.7038406643669893f,0f,0f,0f,1f],start_interpolation:0}
execute if entity @s[tag=aj.dino.bone.leg_right_2] run data modify entity @s {} merge value {transformation:[0.5060588994832371f,0.14205804672305872f,0.8807872053542435f,-0.06174816950726028f,0.24556168405288006f,0.9513243164784188f,-0.29452284071473434f,0.24838954653494028f,-0.8577097697237818f,0.3561793870211928f,0.43535318384304833f,-0.6060307707041706f,0f,0f,0f,1f],start_interpolation:0}
execute if entity @s[tag=aj.dino.bone.leg_right_1] run data modify entity @s {} merge value {transformation:[0.32926061327723005f,-0.8654476724832788f,0.3776079643460629f,-0.3103327363789516f,-0.10723380299345768f,0.3630472158127074f,0.9255796187180232f,0.2957932295847834f,-0.9381302468420165f,-0.3452492509534475f,0.02673190371486453f,-0.7199254132747905f,0f,0f,0f,1f],start_interpolation:0}
execute if entity @s[tag=aj.dino.bone.leg_right_0] run data modify entity @s {} merge value {transformation:[0.3790127370216134f,0.846793169234492f,0.3732166578720596f,-0.05230632879453605f,-0.0813606663103271f,0.43223760669767497f,-0.8980818967854798f,0.548073503432351f,-0.9218078905894248f,0.31001932180764274f,0.23271921483410932f,-0.5099627618795235f,0f,0f,0f,1f],start_interpolation:0}
execute if entity @s[tag=aj.dino.bone.tail_4] run data modify entity @s {} merge value {transformation:[0.9448596600148272f,-0.821374122417697f,-2.46135046376968f,-0.18165586734279543f,-2.5228476231226318f,-0.9033175884368009f,-0.6670221409557642f,0.23602376949404058f,-0.6067465904157637f,2.476897902022464f,-1.0594794427338197f,0.4459874969278943f,0f,0f,0f,1f],start_interpolation:0}
execute if entity @s[tag=aj.dino.bone.tail_3] run data modify entity @s {} merge value {transformation:[0.8759690383794908f,0.039956388213977886f,-1.8886575276862256f,0.13819965103471382f,-1.8435380246676247f,-0.436286834941446f,-0.8642724543254934f,0.3868418485061199f,-0.4123000381391526f,2.0356823943685605f,-0.14816002785091445f,0.45118921215718577f,0f,0f,0f,1f],start_interpolation:0}
execute if entity @s[tag=aj.dino.bone.tail_2] run data modify entity @s {} merge value {transformation:[1.1118239771885086f,0.6121180688475488f,-1.4859114336130028f,0.41539512905449943f,-1.5839606916784326f,0.11219290412941618f,-1.1389710946654292f,0.5974295321528525f,-0.2714587371389708f,1.8524303217816676f,0.559987439124808f,0.34732883265264725f,0f,0f,0f,1f],start_interpolation:0}
execute if entity @s[tag=aj.dino.bone.tail_1] run data modify entity @s {} merge value {transformation:[1.3779600993942664f,0.5613682853388644f,-0.27156557715042984f,0.46565439967162037f,-0.619210591235479f,1.3097484888024444f,-0.4345036130822408f,0.675511116090477f,0.07389491308034396f,0.507031354351401f,1.4230653525138728f,0.03483251432928702f,0f,0f,0f,1f],start_interpolation:0}
execute if entity @s[tag=aj.dino.bone.tail_0] run data modify entity @s {} merge value {transformation:[1.0782399268497969f,-0.07425762008619682f,0.6824369440395986f,0.2644384946619377f,0.0403015210713284f,1.2753710943374001f,0.07510043749531399f,0.6843419991383509f,-0.6852810840307135f,-0.041834126879670384f,1.0781815516330884f,-0.2812467263312005f,0f,0f,0f,1f],start_interpolation:0}
execute if entity @s[tag=aj.dino.bone.body_1] run data modify entity @s {} merge value {transformation:[0.14991541665501182f,-0.4317146247517724f,1.148804790066981f,0.02643651680060972f,-0.07591280600773226f,1.1518660197136086f,0.44277140102925694f,0.5038175f,-1.2248947745783867f,-0.12422459684303633f,0.11316198922782542f,-0.299187895523166f,0f,0f,0f,1f],start_interpolation:0}