execute if entity @s[tag=aj.dino.bone.head_lower] run data modify entity @s {} merge value {transformation:[-0.8923722538222633f,-0.16984356709540477f,-0.4181207042523521f,-0.6197267990962797f,-0.29601950292264445f,0.9196155830574209f,0.25822399827938247f,0.15648998540692702f,0.3406526302519984f,0.35420381437001613f,-0.8709164388092159f,0.1526305424017631f,0f,0f,0f,1f],start_interpolation:0}
execute if entity @s[tag=aj.dino.bone.head_upper] run data modify entity @s {} merge value {transformation:[-0.9288699071818215f,0.003219368008262665f,-0.469747031693835f,-0.6523259796282688f,-0.30812657725072107f,0.7815032112844096f,0.6146402897040012f,0.21631446442517832f,0.35458518089070923f,0.6875422234345251f,-0.6964387863056739f,0.12016853952710267f,0f,0f,0f,1f],start_interpolation:0}
execute if entity @s[tag=aj.dino.bone.neck_0] run data modify entity @s {} merge value {transformation:[-0.9206653360764596f,-0.3902396519319016f,0.009399628039872973f,-0.6450863708179861f,-0.3819391228799901f,0.9055325592347487f,0.18475197043450015f,0.21368579601256973f,-0.08060921387089309f,0.16650464926192018f,-0.9827402283478996f,0.05394607792269293f,0f,0f,0f,1f],start_interpolation:0}
execute if entity @s[tag=aj.dino.bone.neck_1] run data modify entity @s {} merge value {transformation:[-0.9756297826015106f,-0.1937333111167728f,0.10302393636752954f,-0.6372513963661427f,-0.12534177803681523f,0.8774401683689267f,0.46302072265858635f,0.25695198554439147f,-0.18009987778868347f,0.4388236036227332f,-0.8803396383919446f,-0.01860863841791914f,0f,0f,0f,1f],start_interpolation:0}
execute if entity @s[tag=aj.dino.bone.neck_2] run data modify entity @s {} merge value {transformation:[-0.8237705033876578f,-0.3010901414003641f,0.48036120211769157f,-0.5981160130172649f,-0.029899123366029005f,0.869206589642915f,0.4935442704998978f,0.308700240988934f,-0.5661344364816434f,0.3922048333114244f,-0.7250290811800382f,-0.0782866932012597f,0f,0f,0f,1f],start_interpolation:0}
execute if entity @s[tag=aj.dino.bone.body_0] run data modify entity @s {} merge value {transformation:[-0.6242899269962037f,-0.07023612577715638f,0.7780289028608708f,-0.23210299560050685f,0.13127460564359744f,0.9723549591653905f,0.19311346742159088f,0.4089767904389762f,-0.7700838038578613f,0.22269422988099036f,-0.5978111867584281f,-0.35791142282115274f,0f,0f,0f,1f],start_interpolation:0}
execute if entity @s[tag=aj.dino.bone.leg_left_3] run data modify entity @s {} merge value {transformation:[0.22980480916596044f,0.043794596947997304f,0.9722508847835313f,-0.058268316774591614f,-0.053027769482877976f,0.9980665133797237f,-0.03242361074453273f,0.010654254968695431f,-0.9717910296704058f,-0.04410519411820668f,0.23168281443371705f,0.07555441810122723f,0f,0f,0f,1f],start_interpolation:0}
execute if entity @s[tag=aj.dino.bone.leg_left_2] run data modify entity @s {} merge value {transformation:[0.4473931433525015f,0.05611149460015295f,0.9212779574892693f,-0.016023117433403816f,-0.26607965160583674f,0.9881796159942835f,0.06902800182101383f,0.24271797293348796f,-0.8838004264443297f,-0.26909988147121583f,0.4455830556806365f,0.02522702990159778f,0f,0f,0f,1f],start_interpolation:0}
execute if entity @s[tag=aj.dino.bone.leg_left_1] run data modify entity @s {} merge value {transformation:[0.47103219575752747f,-0.8732142613078595f,-0.12500209761604794f,-0.2559994023590278f,0.13594304087305797f,-0.06815590845185399f,0.9883694965858107f,0.16907534014257164f,-0.8715779713818086f,-0.482547019462013f,0.0866037748039856f,-0.09310103510701997f,0f,0f,0f,1f],start_interpolation:0}
execute if entity @s[tag=aj.dino.bone.leg_left_0] run data modify entity @s {} merge value {transformation:[0.4577466463315326f,0.25366129971329654f,0.8521290705051648f,-0.17254758685130506f,0.08077601633535897f,0.9426071766291446f,-0.32398602709410584f,0.5749403217229478f,-0.8854056939941288f,0.21713510907956338f,0.410985524620736f,-0.1442546252027212f,0f,0f,0f,1f],start_interpolation:0}
execute if entity @s[tag=aj.dino.bone.leg_right_3] run data modify entity @s {} merge value {transformation:[0.68938839515669f,-0.18004573534094745f,0.7016602980138053f,-0.014906582828595177f,0.15167508835308585f,0.9830259129964001f,0.10322171259322854f,0.015182728390565892f,-0.7083348842153459f,0.035264536905125404f,0.704995109373463f,-0.6860521862886113f,0f,0f,0f,1f],start_interpolation:0}
execute if entity @s[tag=aj.dino.bone.leg_right_2] run data modify entity @s {} merge value {transformation:[0.6992275355271702f,-0.06769445215737187f,0.7473690615809625f,-0.0086737761857143f,0.2649466383037791f,0.9780032699409776f,-0.15929558166181904f,0.23781989117673355f,-0.7021013686874717f,0.301644268356891f,0.6841977805834439f,-0.5935053444522005f,0f,0f,0f,1f],start_interpolation:0}
execute if entity @s[tag=aj.dino.bone.leg_right_1] run data modify entity @s {} merge value {transformation:[0.5888498921511708f,-0.7537572437571952f,0.2917290215201622f,-0.21719096408490238f,-0.10738054678627532f,0.2847838829272171f,0.9525584277076018f,0.26252809505811925f,-0.8010775384976384f,-0.5922399492675705f,0.0867560937693202f,-0.7749536089005999f,0f,0f,0f,1f],start_interpolation:0}
execute if entity @s[tag=aj.dino.bone.leg_right_0] run data modify entity @s {} merge value {transformation:[0.6296673003913422f,0.6862718128645787f,0.3640742914371241f,-0.05059122820272014f,-0.07635642379295593f,0.5210479989189138f,-0.8501050990131432f,0.5451907326094791f,-0.773103348436307f,0.5074839718554276f,0.3804881482338315f,-0.5167799466092098f,0f,0f,0f,1f],start_interpolation:0}
execute if entity @s[tag=aj.dino.bone.tail_4] run data modify entity @s {} merge value {transformation:[0.8745016364444198f,-1.0444359825821112f,-2.4020952724119358f,-0.1495919756504991f,-2.5593718690770793f,-0.879476738166011f,-0.5493611147521915f,0.22021071219254f,-0.5572466735952126f,2.400278208231832f,-1.246515944324202f,0.6425039021179825f,0f,0f,0f,1f],start_interpolation:0}
execute if entity @s[tag=aj.dino.bone.tail_3] run data modify entity @s {} merge value {transformation:[0.7442648004817455f,0.5121472173594144f,-1.876091858241307f,0.16351211157933898f,-1.8416496099078041f,-0.4597381968566881f,-0.8561033995504497f,0.369873111382222f,-0.624773676730017f,1.9652713665411232f,0.28863789557728947f,0.5743298582044527f,0f,0f,0f,1f],start_interpolation:0}
execute if entity @s[tag=aj.dino.bone.tail_2] run data modify entity @s {} merge value {transformation:[1.0116274961242016f,1.066837175633239f,-1.2873391646241286f,0.40382755044090607f,-1.5788005961257114f,0.11435363946910611f,-1.1458995583453393f,0.5817531110544161f,-0.5502475458930766f,1.6332653063203908f,0.9211112595184056f,0.4030790492930082f,0f,0f,0f,1f],start_interpolation:0}
execute if entity @s[tag=aj.dino.bone.tail_1] run data modify entity @s {} merge value {transformation:[1.3736895789322685f,0.6315661680520368f,-0.04192095066853392f,0.40381584292747097f,-0.6067388589787732f,1.2853683161520946f,-0.517061407221101f,0.6778863184733362f,-0.18028074699763041f,0.4864244208552808f,1.4207555683711333f,0.09157450150419472f,0f,0f,0f,1f],start_interpolation:0}
execute if entity @s[tag=aj.dino.bone.tail_0] run data modify entity @s {} merge value {transformation:[1.1072048164187676f,-0.053748289608053765f,0.6364309329749143f,0.21653889030867368f,0.013817249001739454f,1.2753994074720365f,0.08367288470006341f,0.6842128164521463f,-0.638547018404389f,-0.06559869943996581f,1.1053462048166982f,-0.23301636365057538f,0f,0f,0f,1f],start_interpolation:0}
execute if entity @s[tag=aj.dino.bone.body_1] run data modify entity @s {} merge value {transformation:[0.38356652633555544f,-0.394643088962093f,1.1071305917847196f,-0.014271451227939755f,-0.09356581881100377f,1.1506441936483842f,0.442569737137252f,0.5038175f,-1.171634222989988f,-0.22108678615866567f,0.32710621449451305f,-0.2941722125034294f,0f,0f,0f,1f],start_interpolation:0}