execute if entity @s[tag=aj.dino.bone.head_lower] run data modify entity @s {} merge value {transformation:[-0.8515746213535851f,-0.5186830508015982f,0.07608256750166228f,-0.1943102270505053f,-0.4570944123607002f,0.8057121971050276f,0.37668628011226435f,0.27456402711139843f,-0.25668144158689077f,0.28599955987262643f,-0.9232111834772906f,0.6970220088155363f,0f,0f,0f,1f],start_interpolation:0}
execute if entity @s[tag=aj.dino.bone.head_upper] run data modify entity @s {} merge value {transformation:[-0.886403668544188f,-0.44864930752409027f,-0.3106030872883702f,-0.22607185225417376f,-0.47578938337024773f,0.3453550172692962f,0.8589681701335566f,0.3413861867802713f,-0.26717960559719395f,0.8734504298977622f,-0.4991706596424207f,0.6821406569479732f,0f,0f,0f,1f],start_interpolation:0}
execute if entity @s[tag=aj.dino.bone.neck_0] run data modify entity @s {} merge value {transformation:[-0.6688399019453103f,-0.47342762632201907f,0.5731661785214535f,-0.18110911551907f,-0.05823971432316063f,0.8019990316670158f,0.5944793426862919f,0.3668272064026851f,-0.7411216642639349f,0.36423047077402493f,-0.5639812434100869f,0.6399999037492157f,0f,0f,0f,1f],start_interpolation:0}
execute if entity @s[tag=aj.dino.bone.neck_1] run data modify entity @s {} merge value {transformation:[-0.6598444235088116f,-0.3311563942250746f,0.6744929794506176f,-0.12549630355289307f,0.0479299568747653f,0.8772679404373858f,0.47760200995675306f,0.41132782891550523f,-0.7498720264140457f,0.34747144234396354f,-0.5629880467266586f,0.5939081844743028f,0f,0f,0f,1f],start_interpolation:0}
execute if entity @s[tag=aj.dino.bone.neck_2] run data modify entity @s {} merge value {transformation:[-0.8488913048876882f,-0.06034550515972179f,0.5251113905573713f,-0.08008342761609252f,0.12813713080754335f,0.9403322707355962f,0.3152080207127477f,0.44814885622826806f,-0.5128005735122463f,0.3348636149542908f,-0.7905073884444445f,0.527932332521318f,0f,0f,0f,1f],start_interpolation:0}
execute if entity @s[tag=aj.dino.bone.body_0] run data modify entity @s {} merge value {transformation:[-0.9683211876053707f,0.05473983091166608f,0.24363421054171905f,0.03526192749815238f,0.09051423629820729f,0.9862661435984434f,0.1381530564946248f,0.5226552915306775f,-0.2327256983271869f,0.15582889623948737f,-0.9599771374542762f,0.0769831725761845f,0f,0f,0f,1f],start_interpolation:0}
execute if entity @s[tag=aj.dino.bone.leg_left_3] run data modify entity @s {} merge value {transformation:[-0.9641537126005509f,-0.10756209005073591f,0.24256548654433827f,0.5730633906936199f,-0.10440746847950652f,0.9941982921117646f,0.025861873245209166f,0.05180045666130961f,-0.24393994958652213f,-0.00039082728642064746f,-0.9697902599272472f,0.05559501352605559f,0f,0f,0f,1f],start_interpolation:0}
execute if entity @s[tag=aj.dino.bone.leg_left_2] run data modify entity @s {} merge value {transformation:[-0.9123861542081033f,-0.25093757768045455f,0.3957828157183018f,0.5253862113831156f,-0.40918649595842516f,0.8488366872134515f,-0.40509861696437993f,0.23650889119679336f,-0.22842967546995083f,-0.5182362492619109f,-0.8551685639780817f,-0.09198802361053601f,0f,0f,0f,1f],start_interpolation:0}
execute if entity @s[tag=aj.dino.bone.leg_left_1] run data modify entity @s {} merge value {transformation:[-0.8801738429185815f,-0.45278355640606965f,0.14241157709332367f,0.41235530477848376f,-0.0859658895023869f,0.4471393168162578f,0.8903237036040058f,0.3124753043649731f,-0.4668017481586798f,0.7713970977423769f,-0.43248427198065653f,0.14981045422227016f,0f,0f,0f,1f],start_interpolation:0}
execute if entity @s[tag=aj.dino.bone.leg_left_0] run data modify entity @s {} merge value {transformation:[-0.816275608846762f,-0.03408812033181105f,0.576655989697577f,0.2571148426200728f,-0.2431981402812796f,0.9257574592153032f,-0.2895302942197123f,0.6712493297241056f,-0.5239740403546489f,-0.37657818147028915f,-0.763963401135784f,0.0032196079838347214f,0f,0f,0f,1f],start_interpolation:0}
execute if entity @s[tag=aj.dino.bone.leg_right_3] run data modify entity @s {} merge value {transformation:[-0.8226879688724764f,0.005098904769380491f,0.5684703220420854f,-0.2669606089670984f,0.02063842240582079f,0.9995684837874532f,0.020902194608482805f,0.04335016565988431f,-0.5681184395819929f,0.028928314658907467f,-0.822438199026478f,-0.2738859377671637f,0f,0f,0f,1f],start_interpolation:0}
execute if entity @s[tag=aj.dino.bone.leg_right_2] run data modify entity @s {} merge value {transformation:[-0.8646964122044523f,0.39274858755440617f,0.3874414293741199f,-0.16209633664681428f,0.2951488919471745f,0.9379045023339463f,-0.292035058828152f,0.25249126441499836f,-0.4661002529540158f,-0.13470668497304022f,-0.9036962225883601f,-0.33249103369112376f,0f,0f,0f,1f],start_interpolation:0}
execute if entity @s[tag=aj.dino.bone.leg_right_1] run data modify entity @s {} merge value {transformation:[-0.9736052495820317f,-0.22659811178566971f,-0.027315082307745188f,-0.24159722994265048f,-0.06576009173487968f,0.16389629587606053f,0.9842832999361146f,0.24350441775208365f,-0.2185598964159024f,0.9600996302120296f,-0.17447140666995875f,-0.06676141507101777f,0f,0f,0f,1f],start_interpolation:0}
execute if entity @s[tag=aj.dino.bone.leg_right_0] run data modify entity @s {} merge value {transformation:[-0.9701042849740774f,0.0916665592786591f,0.22471074336788188f,-0.111099336508425f,-0.012541555003394707f,0.9057498004637926f,-0.4236272044591763f,0.6350754055421801f,-0.24236415921713927f,-0.41378078842523847f,-0.8775221213491755f,-0.12960837120073648f,0f,0f,0f,1f],start_interpolation:0}
execute if entity @s[tag=aj.dino.bone.tail_4] run data modify entity @s {} merge value {transformation:[0.26390926615843924f,-0.09949017043976273f,2.747019282207823f,1.2652421951828285f,-2.3987951573768873f,1.3392627061809006f,0.2789597253694607f,0.8950002136580724f,-1.3423095856697547f,-2.4129107819019904f,0.04156761239491549f,-1.221424695456028f,0f,0f,0f,1f],start_interpolation:0}
execute if entity @s[tag=aj.dino.bone.tail_3] run data modify entity @s {} merge value {transformation:[-0.3497326304847692f,-0.37724863863510233f,2.0177502516086108f,0.9267979908034035f,-0.8152117826620721f,1.9040182057579318f,0.2146856949023794f,0.8399651404058637f,-1.883895528586332f,-0.7538857093981505f,-0.46748208584085477f,-1.1347796455751042f,0f,0f,0f,1f],start_interpolation:0}
execute if entity @s[tag=aj.dino.bone.tail_2] run data modify entity @s {} merge value {transformation:[-1.2720724510964412f,-0.3018666776204613f,1.452405612460464f,0.6557865020369066f,-0.4084799450676658f,1.9105943730865156f,0.03933384052491352f,0.8328056483606666f,-1.4260959605306323f,-0.2779919521772295f,-1.3068070480700975f,-0.8929677380945953f,0f,0f,0f,1f],start_interpolation:0}
execute if entity @s[tag=aj.dino.bone.tail_1] run data modify entity @s {} merge value {transformation:[-0.8732330537387031f,0.25090126511785543f,1.2092017362791208f,0.3933470330352625f,0.38975254886889116f,1.4612585730325742f,-0.021738983164089887f,0.8192488998710582f,-1.1718418129203203f,0.2990454612614371f,-0.9083032685125336f,-0.7000469857651666f,0f,0f,0f,1f],start_interpolation:0}
execute if entity @s[tag=aj.dino.bone.tail_0] run data modify entity @s {} merge value {transformation:[-1.0682755617403477f,-0.10571886783967768f,0.6938635036915182f,0.1880328057657481f,0.15769236045553822f,1.1951746877130742f,0.4248838687076081f,0.7239296524461761f,-0.6839270138153144f,0.4407002421336754f,-0.9858310468538786f,-0.4013293591478919f,0f,0f,0f,1f],start_interpolation:0}
execute if entity @s[tag=aj.dino.bone.body_1] run data modify entity @s {} merge value {transformation:[-1.1580751934614655f,-0.1939277077637647f,0.3871155970855884f,0.11109625939387831f,-0.11377107840984117f,1.2028694470709742f,0.26223239707725f,0.5819425f,-0.417759001175201f,0.21000412500927368f,-1.1445436992410722f,-0.14938424969024297f,0f,0f,0f,1f],start_interpolation:0}