execute if entity @s[tag=aj.dino.bone.head_lower] run data modify entity @s {} merge value {transformation:[-0.8458434634230971f,0.06765114714435169f,-0.5291239530341381f,-0.6889388873646065f,-0.10848501090217509f,0.9493795338041241f,0.29480417772382145f,0.15102563404995492f,0.5222832926621094f,0.30676020453102604f,-0.7956873375403863f,0.07072783831625186f,0f,0f,0f,1f],start_interpolation:0}
execute if entity @s[tag=aj.dino.bone.head_upper] run data modify entity @s {} merge value {transformation:[-0.8804381086423254f,0.27582639913967016f,-0.4818925990005189f,-0.7162389978684157f,-0.11292200264598619f,0.7955550186944254f,0.661674222054962f,0.21446863515622935f,0.5436444617139511f,0.6119509394970016f,-0.642991982438345f,0.04031162440153309f,0f,0f,0f,1f],start_interpolation:0}
execute if entity @s[tag=aj.dino.bone.neck_0] run data modify entity @s {} merge value {transformation:[-0.9567176908603207f,-0.2725689301002496f,0.10196782992150474f,-0.7049121225898799f,-0.24896553862987436f,0.9480155897788354f,0.19819839078817814f,0.21197689116490415f,-0.15068981574622825f,0.1642334310677705f,-0.9748435564489699f,-0.025340712667325904f,0f,0f,0f,1f],start_interpolation:0}
execute if entity @s[tag=aj.dino.bone.neck_1] run data modify entity @s {} merge value {transformation:[-0.9017781600661594f,-0.26855256595250204f,0.33863796205980695f,-0.6774622306824347f,-0.07362635327321593f,0.8675242828076084f,0.49191541838290886f,0.2576451594221621f,-0.425881803005693f,0.4186659026711774f,-0.8020869976562073f,-0.09135926728028257f,0f,0f,0f,1f],start_interpolation:0}
execute if entity @s[tag=aj.dino.bone.neck_2] run data modify entity @s {} merge value {transformation:[-0.6757461918719004f,-0.36282146262794296f,0.6416600894766207f,-0.6248002432761534f,0.013843196734146745f,0.8640793648070337f,0.5031651987358156f,0.310186081601474f,-0.7370043758857913f,0.3488945937832705f,-0.5788757313569143f,-0.13865722678287412f,0f,0f,0f,1f],start_interpolation:0}
execute if entity @s[tag=aj.dino.bone.body_0] run data modify entity @s {} merge value {transformation:[-0.4340013698483206f,-0.0976313203086962f,0.8956064628309478f,-0.203634336233254f,0.17472765251847422f,0.9661131462333669f,0.1899885157593701f,0.4089303919812366f,-0.883806007229621f,0.23894249092584152f,-0.40223553748393437f,-0.32595310131160454f,0f,0f,0f,1f],start_interpolation:0}
execute if entity @s[tag=aj.dino.bone.leg_left_3] run data modify entity @s {} merge value {transformation:[0.010532164508991443f,-0.031838686709798586f,0.9994375275820653f,0.015475722292867668f,-0.04286280824583118f,0.9985599210050167f,0.03226242135575083f,0.013762353647611997f,-0.9990254517178414f,-0.043178492227614745f,0.009152301836869409f,0.039351245193747275f,0f,0f,0f,1f],start_interpolation:0}
execute if entity @s[tag=aj.dino.bone.leg_left_2] run data modify entity @s {} merge value {transformation:[0.2753451100262987f,-0.1749482321607037f,0.9724404279693153f,0.00517547272799046f,-0.21366157360652985f,0.9750658337219661f,0.23591852698074153f,0.24800825302525853f,-0.9646740391703726f,-0.2658983555282468f,0.2253092589726113f,-0.017162784477426987f,0f,0f,0f,1f],start_interpolation:0}
execute if entity @s[tag=aj.dino.bone.leg_left_1] run data modify entity @s {} merge value {transformation:[0.28694125539773546f,-0.9476708031041169f,-0.1399455783323309f,-0.25056949552350355f,0.1882716818474513f,-0.08745027074876854f,0.9782158371036013f,0.16862029937939998f,-0.9392648666723907f,-0.30703826974819637f,0.15332648546461342f,-0.09000130237648254f,0f,0f,0f,1f],start_interpolation:0}
execute if entity @s[tag=aj.dino.bone.leg_left_0] run data modify entity @s {} merge value {transformation:[0.2607019182778949f,0.4696876663288724f,0.8434619172818437f,-0.10450464609089655f,0.13865392590149994f,0.8464006080726314f,-0.514180026339395f,0.5589242257905693f,-0.9554106963177288f,0.2509970253863927f,0.15553422327209987f,-0.11520414651573324f,0f,0f,0f,1f],start_interpolation:0}
execute if entity @s[tag=aj.dino.bone.leg_right_3] run data modify entity @s {} merge value {transformation:[0.47814061326568225f,0.008956677670790447f,0.8782376283620619f,-0.12090668508625875f,0.0032574527053388647f,0.9999230373996095f,-0.011971143613385082f,0.02040519223937376f,-0.8782772585851178f,0.008584707487233889f,0.4780746383668234f,-0.7013749374704371f,0f,0f,0f,1f],start_interpolation:0}
execute if entity @s[tag=aj.dino.bone.leg_right_2] run data modify entity @s {} merge value {transformation:[0.5034091744316552f,0.17931093954480537f,0.8754935691130422f,-0.0528338707504952f,0.2539607291158565f,0.9347098096713224f,-0.3374666194927102f,0.22746147247622184f,-0.8568228233804679f,0.3823968595117566f,0.4143543057222456f,-0.5981041244160986f,0f,0f,0f,1f],start_interpolation:0}
execute if entity @s[tag=aj.dino.bone.leg_right_1] run data modify entity @s {} merge value {transformation:[0.31342662495915713f,-0.854767145607116f,0.41368693181846516f,-0.30074570914860327f,-0.08965712237994114f,0.407055244079982f,0.9089926450051917f,0.2880505230198208f,-0.9453704835530145f,-0.32199247670970504f,0.050945988743864495f,-0.7071090463052556f,0f,0f,0f,1f],start_interpolation:0}
execute if entity @s[tag=aj.dino.bone.leg_right_0] run data modify entity @s {} merge value {transformation:[0.36137480780938847f,0.8175246949338368f,0.44839895344889535f,-0.05828050330648426f,-0.05980802233271204f,0.5002307269941939f,-0.8638241836366414f,0.561732266562289f,-0.9305005366711927f,0.28534644372095697f,0.22966531804002402f,-0.5055744195734043f,0f,0f,0f,1f],start_interpolation:0}
execute if entity @s[tag=aj.dino.bone.tail_4] run data modify entity @s {} merge value {transformation:[0.5812462334906172f,-0.8574323184159311f,-2.5598093614542567f,-0.17025809634130862f,-2.5665200749580395f,-0.9874872749134159f,-0.2520018220597887f,0.15297380675460712f,-0.837131323324094f,2.4321472062397773f,-1.004754918519782f,0.4113299226026566f,0f,0f,0f,1f],start_interpolation:0}
execute if entity @s[tag=aj.dino.bone.tail_3] run data modify entity @s {} merge value {transformation:[0.811478045516019f,0.08472656602018275f,-1.915794956852213f,0.15376081584545037f,-1.7970685658391385f,-0.6924746670320414f,-0.7918136973026979f,0.2940125572865919f,-0.6693231486829119f,1.9619494821665855f,-0.19673911178995848f,0.42549038970129244f,0f,0f,0f,1f],start_interpolation:0}
execute if entity @s[tag=aj.dino.bone.tail_2] run data modify entity @s {} merge value {transformation:[1.1265845945392263f,0.6746019467187453f,-1.4472364146306373f,0.4237924751917728f,-1.5172671976049361f,-0.09955094466873837f,-1.2275030490758063f,0.5210570690026293f,-0.4974749012982743f,1.8313316733736726f,0.4663870706606602f,0.3388579672519668f,0f,0f,0f,1f],start_interpolation:0}
execute if entity @s[tag=aj.dino.bone.tail_1] run data modify entity @s {} merge value {transformation:[1.3899997530840844f,0.5466036693639991f,-0.23828840732187626f,0.4670598499667572f,-0.5954316417331288f,1.2400167909257702f,-0.6288686414865551f,0.6417935187468999f,-0.03190762368424372f,0.6717432819611721f,1.354769027063602f,0.03914590379429017f,0f,0f,0f,1f],start_interpolation:0}
execute if entity @s[tag=aj.dino.bone.tail_0] run data modify entity @s {} merge value {transformation:[1.0618234962860407f,-0.05510550117666654f,0.7094575132162491f,0.25841008137299243f,0.09344901228478873f,1.2741391134226838f,-0.040896434239208954f,0.6844916538396805f,-0.7054316844471287f,0.08584066618190332f,1.0624656395345504f,-0.26925976188996464f,0f,0f,0f,1f],start_interpolation:0}
execute if entity @s[tag=aj.dino.bone.body_1] run data modify entity @s {} merge value {transformation:[0.14538015136828183f,-0.44060172934327485f,1.1460101756721452f,0.021656421773677f,0.008831605473895035f,1.1543614118774503f,0.44269213746045116f,0.5038175f,-1.227758612019944f,-0.0438684616127026f,0.13888464185375543f,-0.29859364345511386f,0f,0f,0f,1f],start_interpolation:0}