execute if entity @s[tag=aj.dino.bone.head_lower] run data modify entity @s {} merge value {transformation:[-0.854418368418959f,0.11675942086269525f,-0.5062968391646268f,-0.6868495904288794f,-0.09249623558858719f,0.9246797230206434f,0.3693397571835541f,0.15239185500586258f,0.5112863171552948f,0.36240122443815526f,-0.7792635333540902f,0.07987980497196226f,0f,0f,0f,1f],start_interpolation:0}
execute if entity @s[tag=aj.dino.bone.head_upper] run data modify entity @s {} merge value {transformation:[-0.889363723679641f,0.31395930849479353f,-0.44037899835898314f,-0.7104343690394216f,-0.09627929308406226f,0.7421119229629388f,0.7235137414748869f,0.21890302544837267f,0.532197714490981f,0.658916830100148f,-0.605034004238486f,0.05313136733429927f,0f,0f,0f,1f],start_interpolation:0}
execute if entity @s[tag=aj.dino.bone.neck_0] run data modify entity @s {} merge value {transformation:[-0.9757731471475015f,-0.20508764061710413f,0.07619596427613287f,-0.70186314147718f,-0.17814245869010098f,0.9469511658025944f,0.2674859884123897f,0.22088594032289832f,-0.12701192746236772f,0.24743190831260437f,-0.9605443357966759f,-0.012954473516623877f,0f,0f,0f,1f],start_interpolation:0}
execute if entity @s[tag=aj.dino.bone.neck_1] run data modify entity @s {} merge value {transformation:[-0.9249281937447428f,-0.1869046064584965f,0.33102039891928436f,-0.6746824152048593f,0.018830377507647572f,0.8471856413922615f,0.5309631869552748f,0.2697683695015278f,-0.37967519447418074f,0.49733606052987683f,-0.780066400761894f,-0.07674517096881267f,0f,0f,0f,1f],start_interpolation:0}
execute if entity @s[tag=aj.dino.bone.neck_2] run data modify entity @s {} merge value {transformation:[-0.7080569863954205f,-0.28445502490132424f,0.6463285873493624f,-0.6208441759668245f,0.11679199715079885f,0.8554999476378918f,0.5044595811292438f,0.32233869143015037f,-0.6964301353460828f,0.4326721373048552f,-0.5725206443281199f,-0.1226661426724881f,0f,0f,0f,1f],start_interpolation:0}
execute if entity @s[tag=aj.dino.bone.body_0] run data modify entity @s {} merge value {transformation:[-0.47108407647926587f,-0.01965297219160661f,0.8818693517589287f,-0.20540967661925086f,0.26845825918959776f,0.9491314195762348f,0.16455914269979688f,0.4089364614735176f,-0.8402439859710796f,0.31426630277081463f,-0.4418446955460649f,-0.32791211139896975f,0f,0f,0f,1f],start_interpolation:0}
execute if entity @s[tag=aj.dino.bone.leg_left_3] run data modify entity @s {} merge value {transformation:[0.016769872302577316f,-0.03273723563961442f,0.9993232934269227f,0.014702154900960634f,-0.03465970805740859f,0.99884413370174f,0.03330317112521228f,0.009390650512070609f,-0.9992584630716572f,-0.035194743532186025f,0.015615825542480921f,0.03676857709216408f,0f,0f,0f,1f],start_interpolation:0}
execute if entity @s[tag=aj.dino.bone.leg_left_2] run data modify entity @s {} merge value {transformation:[0.28050488428265696f,-0.1683881428139322f,0.9721237795435014f,0.005929271545068754f,-0.20706217603179058f,0.9780943920298861f,0.2291698388474384f,0.24414417590453164f,-0.9646265933775864f,-0.2589188929762679f,0.23349248747955667f,-0.01786557797086094f,0f,0f,0f,1f],start_interpolation:0}
execute if entity @s[tag=aj.dino.bone.leg_left_1] run data modify entity @s {} merge value {transformation:[0.29232532298987546f,-0.9460298285158316f,-0.13990521468898492f,-0.24947926299866316f,0.19466917896002867f,-0.08436667769350559f,0.9772339404963317f,0.16551860409000968f,-0.9362957953029019f,-0.3129054605679902f,0.15950033368253685f,-0.09268459693548217f,0f,0f,0f,1f],start_interpolation:0}
execute if entity @s[tag=aj.dino.bone.leg_left_0] run data modify entity @s {} merge value {transformation:[0.266814193558626f,0.457462648666891f,0.8482559231684341f,-0.10789390622649023f,0.14479326455063424f,0.8511457228627513f,-0.5045650294988888f,0.5576167513859781f,-0.9528090557170572f,0.25744685573359993f,0.1608602493360398f,-0.11548609248333216f,0f,0f,0f,1f],start_interpolation:0}
execute if entity @s[tag=aj.dino.bone.leg_right_3] run data modify entity @s {} merge value {transformation:[0.4749465248234835f,0.006652601546777437f,0.8799895121254317f,-0.12340519117954606f,0.0026969995712359494f,0.9999557256504464f,-0.009015150148572626f,0.02133544306809626f,-0.8800105253639918f,0.00665504557072083f,0.474907554811505f,-0.6960825361218821f,0f,0f,0f,1f],start_interpolation:0}
execute if entity @s[tag=aj.dino.bone.leg_right_2] run data modify entity @s {} merge value {transformation:[0.4998272788585572f,0.17894159753613847f,0.877618821289037f,-0.055347233243205896f,0.24549074529840165f,0.9391666055467357f,-0.33130436233069926f,0.22963417744937303f,-0.8613763316822559f,0.3714945372380739f,0.41483107829643595f,-0.5953312399381145f,0f,0f,0f,1f],start_interpolation:0}
execute if entity @s[tag=aj.dino.bone.leg_right_1] run data modify entity @s {} merge value {transformation:[0.31018213830385927f,-0.8557526044499297f,0.41409482133251474f,-0.30361303892310154f,-0.09929349513926525f,0.40403432143834306f,0.9093388086532357f,0.2891922641070578f,-0.9454775739806176f,-0.32317757823991955f,0.04035356270153134f,-0.7040984670957176f,0f,0f,0f,1f],start_interpolation:0}
execute if entity @s[tag=aj.dino.bone.leg_right_0] run data modify entity @s {} merge value {transformation:[0.3583527106603407f,0.8213543145324324f,0.44380223609322217f,-0.05891860220688551f,-0.0696163458289333f,0.49755957414155416f,-0.8646317334990091f,0.5630314347778206f,-0.9309870563846806f,0.27894723547479955f,0.235481508117207f,-0.5054932813352857f,0f,0f,0f,1f],start_interpolation:0}
execute if entity @s[tag=aj.dino.bone.tail_4] run data modify entity @s {} merge value {transformation:[0.48465998558382f,-0.7776415272420774f,-2.6050028186323524f,-0.16549711012296126f,-2.557674327316474f,-1.0272969345607366f,-0.16918739677747524f,0.14168474568697778f,-0.9214488946003002f,2.442456958669021f,-0.9005538691767195f,0.41789634404311005f,0f,0f,0f,1f],start_interpolation:0}
execute if entity @s[tag=aj.dino.bone.tail_3] run data modify entity @s {} merge value {transformation:[0.809472605725007f,0.1144039398997754f,-1.9151008759751065f,0.15811369519414686f,-1.785210816643908f,-0.716363861030418f,-0.7973648379453596f,0.28389853905221696f,-0.702653518288213f,1.9518401787004604f,-0.18039810445843077f,0.42938490763685244f,0f,0f,0f,1f],start_interpolation:0}
execute if entity @s[tag=aj.dino.bone.tail_2] run data modify entity @s {} merge value {transformation:[1.1216671615226228f,0.7105884913968186f,-1.4337714774882893f,0.425647179065955f,-1.5082316853284565f,-0.11557008518482464f,-1.2371962713265972f,0.5127478690769736f,-0.534671709683469f,1.8167227158560944f,0.48209813478107344f,0.3398008514450633f,0f,0f,0f,1f],start_interpolation:0}
execute if entity @s[tag=aj.dino.bone.tail_1] run data modify entity @s {} merge value {transformation:[1.391418594820553f,0.5507233998999777f,-0.21980509727985534f,0.46488543676723576f,-0.5900651471720458f,1.230560593352256f,-0.6520736140815517f,0.6385882352736604f,-0.058597492100171025f,0.6856242505127378f,1.3469008764673134f,0.04163774446017865f,0f,0f,0f,1f],start_interpolation:0}
execute if entity @s[tag=aj.dino.bone.tail_0] run data modify entity @s {} merge value {transformation:[1.0612634492455317f,-0.053085449916368564f,0.7104488319975484f,0.2559947292204997f,0.09843067964766246f,1.2733635569017459f,-0.05188805105861728f,0.6844796607096324f,-0.7055969169317587f,0.09779009942596002f,1.0613226671727527f,-0.2661455570245833f,0f,0f,0f,1f],start_interpolation:0}
execute if entity @s[tag=aj.dino.bone.body_1] run data modify entity @s {} merge value {transformation:[0.15403286427366217f,-0.44123739391599f,1.144634454308504f,0.019603722087406548f,0.01702979100745679f,1.1542803526835066f,0.4426640359045807f,0.5038175f,-1.2266166711724344f,-0.03938305060955874f,0.14988366282817822f,-0.29833868115629947f,0f,0f,0f,1f],start_interpolation:0}