execute if entity @s[tag=aj.dino.bone.head_lower] run data modify entity @s {} merge value {transformation:[-0.38339068924634995f,0.0013096185650426362f,0.9235853313573266f,-0.724068521244485f,0.3446174530547413f,0.927981109994233f,0.14173874044852558f,1.125927654411205f,-0.8568841172814864f,0.3726249379645509f,-0.35623063478263994f,-0.16502661626242723f,0f,0f,0f,1f],start_interpolation:0}
execute if entity @s[tag=aj.dino.bone.head_upper] run data modify entity @s {} merge value {transformation:[-0.3990712086904052f,0.3853516700368917f,0.8807486607299865f,-0.6548229421541145f,0.3587121632940748f,0.9444343127273354f,-0.25068178121203377f,1.1299646902036138f,-0.8919303206432504f,0.2074122993617581f,-0.49488623316294045f,-0.19476226171106234f,0f,0f,0f,1f],start_interpolation:0}
execute if entity @s[tag=aj.dino.bone.neck_0] run data modify entity @s {} merge value {transformation:[-0.35221288058133343f,0.7434155330101029f,0.5685766720785369f,-0.6300109276740966f,0.29589411335236154f,0.6647951776449135f,-0.6859256850880331f,1.07472496628565f,-0.8879148385042449f,-0.07335337115206553f,-0.4541217045072918f,-0.2226490523691392f,0f,0f,0f,1f],start_interpolation:0}
execute if entity @s[tag=aj.dino.bone.neck_1] run data modify entity @s {} merge value {transformation:[-0.091357867877639f,0.4979790925375994f,0.862363359247296f,-0.5546633051948264f,0.4167119664410167f,0.8056347167965882f,-0.42107462535391765f,1.0427658773496578f,-0.9044362205273033f,0.3208886512289122f,-0.2811149169125977f,-0.2449848815597905f,0f,0f,0f,1f],start_interpolation:0}
execute if entity @s[tag=aj.dino.bone.neck_2] run data modify entity @s {} merge value {transformation:[-0.07866929896911257f,0.5297552917547368f,0.8444942109082585f,-0.4754926432093448f,0.2798191210455399f,0.8247985893939855f,-0.49133343711881966f,1.0077966769465563f,-0.9568241222382564f,0.19765277076617366f,-0.2131219869263716f,-0.26172082187066004f,0f,0f,0f,1f],start_interpolation:0}
execute if entity @s[tag=aj.dino.bone.body_0] run data modify entity @s {} merge value {transformation:[-0.08152536255733384f,0.6964210262673604f,0.7129876362410585f,-0.13282996315109039f,0.2773692578351801f,0.7029618710637627f,-0.6549128969859237f,0.7058352750446752f,-0.9572982346520109f,0.14436884013959062f,-0.2504750045990471f,-0.3783934585935439f,0f,0f,0f,1f],start_interpolation:0}
execute if entity @s[tag=aj.dino.bone.leg_left_3] run data modify entity @s {} merge value {transformation:[0.14591282660742655f,0.07399292918361633f,0.9865264788449725f,-0.06151413142038635f,-0.04272844263033554f,0.9967398644035436f,-0.06843919125173653f,0.012690582615912743f,-0.9883742849861163f,-0.03216658420836715f,0.14859873363709689f,-0.10689990359217014f,0f,0f,0f,1f],start_interpolation:0}
execute if entity @s[tag=aj.dino.bone.leg_left_2] run data modify entity @s {} merge value {transformation:[0.15493446835948954f,0.3977539053507532f,0.9326571400000545f,0.06026537149523753f,-0.028789697660329468f,0.9448282372847164f,-0.3981619706084155f,0.22057902087482256f,-1.0135228972862345f,0.033965163158360026f,0.1538827601417289f,-0.09579936423993096f,0f,0f,0f,1f],start_interpolation:0}
execute if entity @s[tag=aj.dino.bone.leg_left_1] run data modify entity @s {} merge value {transformation:[0.3934531575347644f,-0.8082732084309316f,0.43805140492719785f,-0.19038567006278156f,0.26706577594370867f,0.5564222054311735f,0.7868101426790923f,0.3246933046228597f,-0.8796990872710443f,-0.19258439665735363f,0.4347881852334703f,-0.15365830430349461f,0f,0f,0f,1f],start_interpolation:0}
execute if entity @s[tag=aj.dino.bone.leg_left_0] run data modify entity @s {} merge value {transformation:[0.3671365191735908f,0.47348398584232787f,0.8006395515086435f,-0.026968504254310577f,0.22072623666511235f,0.7918155396883304f,-0.5694805348348043f,0.7076101754205677f,-0.903598752066843f,0.3857992564261112f,0.1861940627525575f,-0.12240484782151215f,0f,0f,0f,1f],start_interpolation:0}
execute if entity @s[tag=aj.dino.bone.leg_right_3] run data modify entity @s {} merge value {transformation:[0.5113164391995222f,-0.6440349460212587f,0.5690118516408211f,0.4085847114775608f,0.46457654243128305f,0.7641691625334577f,0.4474529330058168f,0.38774186643256103f,-0.7229966356954333f,0.03555951822379824f,0.689935783560163f,-0.6209844155828976f,0f,0f,0f,1f],start_interpolation:0}
execute if entity @s[tag=aj.dino.bone.leg_right_2] run data modify entity @s {} merge value {transformation:[0.46777052785140566f,-0.5588656057517354f,0.7217493799665211f,0.29989354982557626f,0.5641510078724004f,0.8145646090704759f,0.26510438975451117f,0.5849333955706706f,-0.7176256496885169f,0.2760723308452031f,0.6788664777049496f,-0.5345390323578122f,0f,0f,0f,1f],start_interpolation:0}
execute if entity @s[tag=aj.dino.bone.leg_right_1] run data modify entity @s {} merge value {transformation:[0.5581404641897594f,-0.798187095468385f,-0.22666403080723496f,0.10618818571957889f,0.1844256540893686f,-0.14700143204969196f,0.9717910048405716f,0.49713050176426865f,-0.8089909766788183f,-0.5841985446773064f,0.06515872964667568f,-0.7128148563372578f,0f,0f,0f,1f],start_interpolation:0}
execute if entity @s[tag=aj.dino.bone.leg_right_0] run data modify entity @s {} merge value {transformation:[0.5753374091326104f,0.2891868042398833f,0.7650868303049653f,0.09055175702300627f,0.23417115959368798f,0.8380135993352198f,-0.49284589411273083f,0.839054214434138f,-0.7836776975690468f,0.46271395006283633f,0.4144213637713725f,-0.4737521964003226f,0f,0f,0f,1f],start_interpolation:0}
execute if entity @s[tag=aj.dino.bone.tail_4] run data modify entity @s {} merge value {transformation:[0.3073470908197103f,2.118457649294201f,1.7445160605484693f,1.6163018936940428f,2.7123278391198435f,-0.5016803262987318f,0.13136161897707965f,0.4419871163083081f,0.41770419018743726f,1.6988570775529315f,-2.1366022491676278f,-0.6996702570320381f,0f,0f,0f,1f],start_interpolation:0}
execute if entity @s[tag=aj.dino.bone.tail_3] run data modify entity @s {} merge value {transformation:[0.6637099556585738f,1.2854185361771509f,1.4977095204532587f,1.34976687606156f,1.905249861920523f,-0.8297595175090113f,-0.13216517241499318f,0.47251729379433016f,0.5152257606680463f,1.4124956127364952f,-1.4406054579893235f,-0.4692191861447678f,0f,0f,0f,1f],start_interpolation:0}
execute if entity @s[tag=aj.dino.bone.tail_2] run data modify entity @s {} merge value {transformation:[0.31167417649071655f,1.0854524654484916f,1.5948122234179802f,1.0537835194733727f,1.903576646972282f,0.08914874869237084f,-0.4326919512899736f,0.5543825859145168f,-0.31309588277933936f,1.6225348442671892f,-1.0431325526165165f,-0.2751485532865041f,0f,0f,0f,1f],start_interpolation:0}
execute if entity @s[tag=aj.dino.bone.tail_1] run data modify entity @s {} merge value {transformation:[0.3033665821288066f,0.48431378145251097f,1.4003803511698727f,0.7462272284175961f,1.3747023848878555f,0.44148516818156935f,-0.4504891222430724f,0.6446127667710986f,-0.5530084265462218f,1.3631534240029113f,-0.3516399761091031f,-0.21561436736420286f,0f,0f,0f,1f],start_interpolation:0}
execute if entity @s[tag=aj.dino.bone.tail_0] run data modify entity @s {} merge value {transformation:[0.0505163579193386f,0.14255354768388676f,1.269236896804269f,0.37876677840375994f,0.46227671623961164f,1.1820685067027235f,-0.15116216348128375f,0.7173112830128573f,-1.1906233878894341f,0.4650034925550116f,-0.0048390811477517556f,-0.20297891277574556f,0f,0f,0f,1f],start_interpolation:0}
execute if entity @s[tag=aj.dino.bone.body_1] run data modify entity @s {} merge value {transformation:[0.36961449892149867f,0.0405899610018526f,1.1791277167080452f,0.10190207929758885f,0.41340635298260775f,1.1528427200031661f,-0.16927328585920193f,0.6790128124999996f,-1.1050271058018797f,0.44487156917229453f,0.33107246554425424f,-0.30991388064059483f,0f,0f,0f,1f],start_interpolation:0}