execute if entity @s[tag=aj.dino.bone.head_lower] run data modify entity @s {} merge value {transformation:[-0.8844992803145323f,-0.08147049271274337f,-0.4593730313592834f,-0.6161935410606483f,-0.2319469345359766f,0.9311159195672987f,0.28146716307183445f,0.15801936830799074f,0.4047982740605966f,0.3555076696014954f,-0.8424681917865362f,0.16128802080298696f,0f,0f,0f,1f],start_interpolation:0}
execute if entity @s[tag=aj.dino.bone.head_upper] run data modify entity @s {} merge value {transformation:[-0.92067493233803f,0.1046369798510911f,-0.4742158938664049f,-0.6468209435569805f,-0.241433467513942f,0.7833041251939381f,0.641573433678375f,0.21976168981027752f,0.4213543548037275f,0.6774641632479966f,-0.6685617082858795f,0.13054221712780584f,0f,0f,0f,1f],start_interpolation:0}
execute if entity @s[tag=aj.dino.bone.neck_0] run data modify entity @s {} merge value {transformation:[-0.9428970614991996f,-0.3330758649321678f,-0.002366350748079865f,-0.6412628368151663f,-0.32691892134945005f,0.9240602208728373f,0.1980826268610018f,0.21767648954681604f,-0.06378989167483048f,0.18754513163537775f,-0.9801824694004593f,0.06413818378942535f,0f,0f,0f,1f],start_interpolation:0}
execute if entity @s[tag=aj.dino.bone.neck_1] run data modify entity @s {} merge value {transformation:[-0.9773864425042549f,-0.16538148057211802f,0.13177521729312752f,-0.6308616381690221f,-0.08353834621200776f,0.8744565671928792f,0.47785673251028715f,0.26218573875803824f,-0.19426035807914965f,0.45604240809054103f,-0.8684976887142193f,-0.007334039108061234f,0f,0f,0f,1f],start_interpolation:0}
execute if entity @s[tag=aj.dino.bone.neck_2] run data modify entity @s {} merge value {transformation:[-0.8203973328383103f,-0.2726419090797756f,0.5026078050380057f,-0.5894987595802391f,0.011384479343410268f,0.8710390640610948f,0.49108180836766036f,0.3137362051211813f,-0.571680513837813f,0.4086041339645347f,-0.7114942387716336f,-0.06566578078215063f,0f,0f,0f,1f],start_interpolation:0}
execute if entity @s[tag=aj.dino.bone.body_0] run data modify entity @s {} merge value {transformation:[-0.6368030814622722f,-0.04301967752198005f,0.7698253975974418f,-0.22709275274079951f,0.1550175775516204f,0.9709107380090514f,0.18248805294798498f,0.40899127856332673f,-0.75528232210888f,0.23554542272059556f,-0.6116101435924636f,-0.35167148333604814f,0f,0f,0f,1f],start_interpolation:0}
execute if entity @s[tag=aj.dino.bone.leg_left_3] run data modify entity @s {} merge value {transformation:[0.20036681290249495f,0.038057024940068254f,0.9789815131758146f,-0.05002082178193362f,-0.06816091458862722f,0.9973655265326291f,-0.0248212853561926f,0.017324862076762648f,-0.9773470366301514f,-0.06175491346445797f,0.20243295347659898f,0.07642034888584186f,0f,0f,0f,1f],start_interpolation:0}
execute if entity @s[tag=aj.dino.bone.leg_left_2] run data modify entity @s {} merge value {transformation:[0.42574596549323884f,0.02350259113729402f,0.9328720172546487f,-0.01505198507554692f,-0.27407434960236937f,0.9833023242871881f,0.10030946835741122f,0.24920602505507827f,-0.8920122326834776f,-0.2909061133113936f,0.41442732714167213f,0.02003436852510397f,0f,0f,0f,1f],start_interpolation:0}
execute if entity @s[tag=aj.dino.bone.leg_left_1] run data modify entity @s {} merge value {transformation:[0.4481676784160401f,-0.8849547881229546f,-0.1264940907767378f,-0.25768331336992156f,0.12813766391312137f,-0.07644562802468768f,0.9888057468698286f,0.17344364639135168f,-0.8847183004267883f,-0.45935943327003514f,0.07913557958192627f,-0.09133657099273954f,0f,0f,0f,1f],start_interpolation:0}
execute if entity @s[tag=aj.dino.bone.leg_left_0] run data modify entity @s {} merge value {transformation:[0.4324389632717621f,0.29477581286739035f,0.8521172238564438f,-0.16103030605005336f,0.07364356574146697f,0.930346204842688f,-0.3592110303981344f,0.5765327772414142f,-0.8986507487724726f,0.218089796375659f,0.3806096063520964f,-0.1411826072546112f,0f,0f,0f,1f],start_interpolation:0}
execute if entity @s[tag=aj.dino.bone.leg_right_3] run data modify entity @s {} merge value {transformation:[0.6574416242109596f,-0.13072983346525607f,0.7420783121726449f,-0.03809436345594945f,0.09456385680281211f,0.9913631237549336f,0.09086712191677351f,0.0055564220940735876f,-0.7475481173419088f,0.010433959028427753f,0.6641256995159581f,-0.6786459874675539f,0f,0f,0f,1f],start_interpolation:0}
execute if entity @s[tag=aj.dino.bone.leg_right_2] run data modify entity @s {} merge value {transformation:[0.6670608115820025f,-0.012383057863229466f,0.7790627272756733f,-0.01793917212446977f,0.23422542872642432f,0.981321879950705f,-0.18495409151633227f,0.22822184539016932f,-0.7431221445295363f,0.2981882413990616f,0.6410268719030835f,-0.58817527620265f,0f,0f,0f,1f],start_interpolation:0}
execute if entity @s[tag=aj.dino.bone.leg_right_1] run data modify entity @s {} merge value {transformation:[0.5384737818635863f,-0.7771284922174141f,0.3257564931500447f,-0.23561355909246143f,-0.13501362215301874f,0.30202483997084434f,0.9436907956919511f,0.25753385450229016f,-0.8317555578886435f,-0.5521343157461543f,0.057709525183257865f,-0.7577985441810897f,0f,0f,0f,1f],start_interpolation:0}
execute if entity @s[tag=aj.dino.bone.leg_right_0] run data modify entity @s {} merge value {transformation:[0.5813199520161361f,0.7225883261033863f,0.37407649534161247f,-0.049947403588223f,-0.1039874154347816f,0.5219429513298485f,-0.8466180797669524f,0.5434768251181492f,-0.8070029311093927f,0.45325673358064256f,0.3785559438770642f,-0.5168172693481538f,0f,0f,0f,1f],start_interpolation:0}
execute if entity @s[tag=aj.dino.bone.tail_4] run data modify entity @s {} merge value {transformation:[0.9308962312624774f,-1.0032088042738072f,-2.3984715202079907f,-0.12366430385079472f,-2.500548291719569f,-1.042779260058943f,-0.5343509962274547f,0.2134904511959783f,-0.7115839929338375f,2.351987423737304f,-1.2599463128172954f,0.6191635879977162f,0f,0f,0f,1f],start_interpolation:0}
execute if entity @s[tag=aj.dino.bone.tail_3] run data modify entity @s {} merge value {transformation:[0.7948757646187234f,0.41589573548271547f,-1.8791351154383586f,0.1908977036524764f,-1.8315281034023472f,-0.46115835571083175f,-0.8768028874552879f,0.3666766159721089f,-0.5912891435783735f,1.9875384862210388f,0.18977207518752714f,0.5675356324749782f,0f,0f,0f,1f],start_interpolation:0}
execute if entity @s[tag=aj.dino.bone.tail_2] run data modify entity @s {} merge value {transformation:[1.0462713129095105f,1.0600965690653774f,-1.2650239045335074f,0.4270887976529693f,-1.5663826244244827f,0.1657626561830166f,-1.156608010831241f,0.5805687089038288f,-0.5201304535272435f,1.6332458115892248f,0.9384808496941089f,0.3930781199818802f,0f,0f,0f,1f],start_interpolation:0}
execute if entity @s[tag=aj.dino.bone.tail_1] run data modify entity @s {} merge value {transformation:[1.385784475760465f,0.60566439117598f,0.02069497530133798f,0.413907908817959f,-0.5623399078691631f,1.3044093124524905f,-0.5195636858027358f,0.6769652047358947f,-0.22590144921844715f,0.46834094509091584f,1.420310369036414f,0.08193401066973877f,0f,0f,0f,1f],start_interpolation:0}
execute if entity @s[tag=aj.dino.bone.tail_0] run data modify entity @s {} merge value {transformation:[1.1050940298180916f,-0.047516904939910995f,0.6405818024182155f,0.2255683500849272f,0.008025193801414627f,1.2756355437036395f,0.0807791587502481f,0.6841430150815977f,-0.6422915989711279f,-0.065816563028462f,1.1031615468761866f,-0.24202370409511947f,0f,0f,0f,1f],start_interpolation:0}
execute if entity @s[tag=aj.dino.bone.body_1] run data modify entity @s {} merge value {transformation:[0.34936827816685523f,-0.3983501743862487f,1.1170781261099967f,-0.007304955328925219f,-0.10396470402310005f,1.1497692544664766f,0.44252299020191277f,0.5038175f,-1.181413450737872f,-0.2189803532427013f,0.291400855121576f,-0.29502044025136154f,0f,0f,0f,1f],start_interpolation:0}