execute if entity @s[tag=aj.dino.bone.head_lower] run data modify entity @s {} merge value {transformation:[0.22441326122179528f,0.39554144474936814f,-0.8906097089485278f,0.8774912751188972f,-0.41895745725068184f,0.8643077975657836f,0.2782924362626979f,0.24858304543701704f,0.8798371083341743f,0.31067506586877436f,0.359677169480621f,-0.2940264389311979f,0f,0f,0f,1f],start_interpolation:0}
execute if entity @s[tag=aj.dino.bone.head_upper] run data modify entity @s {} merge value {transformation:[0.23359167010024123f,0.9553916414417204f,-0.34078392818116104f,0.8755241092159447f,-0.43609264268662756f,0.41032436824277674f,0.8514276612867749f,0.3163565748978532f,0.9158220794662469f,-0.048297690141133f,0.49235068241311264f,-0.2608852944951905f,0f,0f,0f,1f],start_interpolation:0}
execute if entity @s[tag=aj.dino.bone.neck_0] run data modify entity @s {} merge value {transformation:[0.1800676886088095f,0.6148270275596286f,-0.7678302896482223f,0.8158367831756463f,-0.4275257779225819f,0.7519237897107585f,0.5018289785162896f,0.3367387888809311f,0.8858878804514554f,0.23790405765602943f,0.3982515820684516f,-0.23928148192416435f,0f,0f,0f,1f],start_interpolation:0}
execute if entity @s[tag=aj.dino.bone.neck_1] run data modify entity @s {} merge value {transformation:[0.17698068992285507f,0.6115923470297695f,-0.7711242678382314f,0.7533299661774556f,-0.12311828843302405f,0.7910951444748155f,0.5991747319786556f,0.39114122929158285f,0.9764833446852809f,-0.011102857424512277f,0.21530676744881488f,-0.22109332229622453f,0f,0f,0f,1f],start_interpolation:0}
execute if entity @s[tag=aj.dino.bone.neck_2] run data modify entity @s {} merge value {transformation:[-0.002491602013558747f,0.3579397763034715f,-0.9337413498711659f,0.6750316749909886f,-0.1924266820738691f,0.9161221069384665f,0.3516991003751181f,0.4309221162309405f,0.981308190093942f,0.1805530440575457f,0.06659455185002641f,-0.2134914129480474f,0f,0f,0f,1f],start_interpolation:0}
execute if entity @s[tag=aj.dino.bone.body_0] run data modify entity @s {} merge value {transformation:[0.2637086246478234f,0.15138963587348653f,-0.952648381847388f,0.22749424057648637f,-0.22796544669730018f,0.9694122021465653f,0.09094909258177006f,0.48302094549633023f,0.9372777157270165f,0.19318685379559392f,0.2901539645121294f,-0.0749025912848775f,0f,0f,0f,1f],start_interpolation:0}
execute if entity @s[tag=aj.dino.bone.leg_left_3] run data modify entity @s {} merge value {transformation:[0.10366888442177936f,0.09072706063409386f,-0.9904652254730809f,-0.4161008906034018f,0.016320816988749636f,0.9955416430615143f,0.09290031142681833f,0.06797225647674404f,0.9944779501505117f,-0.02579607332672079f,0.1017259517790762f,-0.42824607296204514f,0f,0f,0f,1f],start_interpolation:0}
execute if entity @s[tag=aj.dino.bone.leg_left_2] run data modify entity @s {} merge value {transformation:[0.055377735417687195f,0.06819721727358408f,-1.021931820366135f,-0.43170057707598486f,-0.2865649971723056f,0.9835810954041706f,0.050109187379783364f,0.2983476093423405f,0.9832985346863583f,0.28280659083614973f,0.07215693566102671f,-0.3585688267476271f,0f,0f,0f,1f],start_interpolation:0}
execute if entity @s[tag=aj.dino.bone.leg_left_1] run data modify entity @s {} merge value {transformation:[-0.01751158621217439f,0.9988044675917098f,-0.0456396742667452f,-0.157587304512443f,0.10954955098526858f,0.04728853785205084f,0.9928558254181423f,0.2563553297627609f,0.9938270675662138f,0.012386674560033555f,-0.11024667825419587f,-0.3691493711561853f,0f,0f,0f,1f],start_interpolation:0}
execute if entity @s[tag=aj.dino.bone.leg_left_0] run data modify entity @s {} merge value {transformation:[-0.040062828340461584f,0.37134204118531466f,-0.9276314236989209f,0.059070314654185475f,0.05580910589061887f,0.9277591240894055f,0.3689828605349424f,0.5970754417294946f,0.9976373657221608f,-0.03698778335049467f,-0.05789292182784064f,-0.2629582231123029f,0f,0f,0f,1f],start_interpolation:0}
execute if entity @s[tag=aj.dino.bone.leg_right_3] run data modify entity @s {} merge value {transformation:[-0.41133461036229974f,0.049288458921447065f,-0.910150804062296f,0.12146224977120834f,0.024550421992742454f,0.998773712731501f,0.042992412545838826f,0.05377032688047517f,0.9111537274785597f,-0.004660319053685288f,-0.4120402484324129f,0.28480115922738597f,0f,0f,0f,1f],start_interpolation:0}
execute if entity @s[tag=aj.dino.bone.leg_right_2] run data modify entity @s {} merge value {transformation:[-0.423948410921527f,-0.04218752410712015f,-0.9330327739085683f,0.08345121162286184f,0.19276217152770145f,0.9986415021452847f,-0.13274070559413517f,0.2821508816557045f,0.9138778307879734f,-0.23021199469926623f,-0.40483570419560067f,0.21721007072114099f,0f,0f,0f,1f],start_interpolation:0}
execute if entity @s[tag=aj.dino.bone.leg_right_1] run data modify entity @s {} merge value {transformation:[-0.26270872761092073f,0.9075590465687798f,-0.3275983843492186f,0.34214922466400904f,-0.17432618255996915f,0.28929199597556243f,0.94123351148296f,0.30735116588445655f,0.9489965787668149f,0.30437923394286015f,0.08221177186533714f,0.3144400526357653f,0f,0f,0f,1f],start_interpolation:0}
execute if entity @s[tag=aj.dino.bone.leg_right_0] run data modify entity @s {} merge value {transformation:[-0.3177697342197851f,-0.9362071749338374f,-0.1501283504748188f,0.02373412153512925f,-0.16153556953139536f,0.20947470749347555f,-0.9643788709302431f,0.48688686074304766f,0.9343065106216776f,-0.2821993489059209f,-0.21779548132828513f,0.11273225671423732f,0f,0f,0f,1f],start_interpolation:0}
execute if entity @s[tag=aj.dino.bone.tail_4] run data modify entity @s {} merge value {transformation:[1.582391958292348f,-0.739939518558677f,2.138734796744763f,-0.858969573475271f,1.454402209556268f,2.331920860044792f,-0.26929657800611967f,0.7629868150564972f,-1.73390058387716f,1.2807403885890039f,1.7259647023816371f,0.7892103976939735f,0f,0f,0f,1f],start_interpolation:0}
execute if entity @s[tag=aj.dino.bone.tail_3] run data modify entity @s {} merge value {transformation:[1.3661496110137727f,-1.449873440761974f,0.6061747043092416f,-0.9475662528076484f,1.3990992693946873f,1.4879158237525565f,0.4056763018102607f,0.679638681238834f,-0.7156130244417128f,0.14113480521908867f,1.950365220170212f,0.4571194155292142f,0f,0f,0f,1f],start_interpolation:0}
execute if entity @s[tag=aj.dino.bone.tail_2] run data modify entity @s {} merge value {transformation:[1.684276864379952f,-0.9907683662991106f,-0.019062094801087f,-0.9430129771099522f,0.9202218458504943f,1.5498240685003686f,0.7549907192272309f,0.5403367940912587f,-0.36766434901513584f,-0.6596948355419595f,1.8023316912891811f,0.12164104679780763f,0f,0f,0f,1f],start_interpolation:0}
execute if entity @s[tag=aj.dino.bone.tail_1] run data modify entity @s {} merge value {transformation:[0.8086841658485096f,-0.40260347819414244f,-1.2130938171682681f,-0.6778199046935913f,0.8988847569710617f,1.1996802711890358f,0.20107135699765205f,0.4815448602084251f,0.9086761599112065f,-0.8284527362896331f,0.8806985580453981f,-0.05861660172650732f,0f,0f,0f,1f],start_interpolation:0}
execute if entity @s[tag=aj.dino.bone.tail_0] run data modify entity @s {} merge value {transformation:[0.23822737582813025f,0.18191369111654984f,-1.2425742806667226f,-0.31032091835208864f,-0.1396756606356108f,1.26072519923012f,0.15779226354992082f,0.46585783820798027f,1.248028102174016f,0.10637244753485038f,0.25484598323967556f,-0.13052156455597322f,0f,0f,0f,1f],start_interpolation:0}
execute if entity @s[tag=aj.dino.bone.body_1] run data modify entity @s {} merge value {transformation:[-0.11113631957193577f,-0.27798602841974707f,-1.1995737082529236f,-0.012712502794003636f,-0.34655553608812056f,1.162825314950544f,-0.23736289173561612f,0.4427168486668024f,1.1815890038143255f,0.3149057795116408f,-0.18244552927239957f,-0.10931667363211904f,0f,0f,0f,1f],start_interpolation:0}