execute if entity @s[tag=aj.dino.bone.head_lower] run data modify entity @s {} merge value {transformation:[-0.9286448010846946f,-0.017852161285645207f,-0.37054032676052795f,-0.6220368099401038f,-0.1445135573492497f,0.9373447119215086f,0.3170184896422444f,0.153207177424804f,0.3416645506350238f,0.34794567301550966f,-0.873040172883901f,0.17218791356357138f,0f,0f,0f,1f],start_interpolation:0}
execute if entity @s[tag=aj.dino.bone.head_upper] run data modify entity @s {} merge value {transformation:[-0.9666259865137249f,0.1304313771044502f,-0.36344710845804157f,-0.6444631623427903f,-0.1504241016308518f,0.7751328033348271f,0.6782430754724675f,0.21732217446292615f,0.3556384883957669f,0.6823699404607714f,-0.7009739456717669f,0.1392974534800004f,0f,0f,0f,1f],start_interpolation:0}
execute if entity @s[tag=aj.dino.bone.neck_0] run data modify entity @s {} merge value {transformation:[-0.9606234457681183f,-0.2776123433426596f,0.011575070815511762f,-0.6388981262540926f,-0.2685177804007247f,0.9382490298481789f,0.2181443549524482f,0.21628502131124208f,-0.07141986452840002f,0.20644646960592183f,-0.9758478662875667f,0.07286936498598807f,0f,0f,0f,1f],start_interpolation:0}
execute if entity @s[tag=aj.dino.bone.neck_1] run data modify entity @s {} merge value {transformation:[-0.969914551621325f,-0.1533719463812183f,0.18905768594913175f,-0.623589024257558f,-0.04064322881076138f,0.867706845736272f,0.49541190721887773f,0.26225032910891455f,-0.2400289368077107f,0.4728233030695996f,-0.8478350273309743f,0.0032248481906496373f,0f,0f,0f,1f],start_interpolation:0}
execute if entity @s[tag=aj.dino.bone.neck_2] run data modify entity @s {} merge value {transformation:[-0.7966501120399285f,-0.25875816330514667f,0.5462534319431926f,-0.5782665308612042f,0.054586250236108275f,0.8692417752225251f,0.4913645057319001f,0.3138079653003601f,-0.6019708799202252f,0.4212635150721462f,-0.6783569197680005f,-0.05207987255567226f,0f,0f,0f,1f],start_interpolation:0}
execute if entity @s[tag=aj.dino.bone.body_0] run data modify entity @s {} merge value {transformation:[-0.6501532346757091f,-0.03157924052218164f,0.7591465754442646f,-0.22078442839400464f,0.1659162840250932f,0.9691226671374951f,0.18240899850504272f,0.40900874706986085f,-0.7414664915800424f,0.24454857924009746f,-0.624838726597218f,-0.34423439035273035f,0f,0f,0f,1f],start_interpolation:0}
execute if entity @s[tag=aj.dino.bone.leg_left_3] run data modify entity @s {} merge value {transformation:[0.15672510306990575f,0.016243399419651805f,0.9875086804899594f,-0.033369766851451085f,-0.07196163854245044f,0.9973949422138029f,-0.004985160439736014f,0.020068192500379917f,-0.985017139265106f,-0.07028144293921304f,0.15748572675759853f,0.07092338104662642f,0f,0f,0f,1f],start_interpolation:0}
execute if entity @s[tag=aj.dino.bone.leg_left_2] run data modify entity @s {} merge value {transformation:[0.39456333943497107f,-0.03273960663356544f,0.9462082692685037f,-0.011147130912363051f,-0.26698328009057026f,0.9796383553738788f,0.145226789309466f,0.25249443698415763f,-0.9083511979552283f,-0.3021572609396229f,0.36832226424078784f,0.010464573639421118f,0f,0f,0f,1f],start_interpolation:0}
execute if entity @s[tag=aj.dino.bone.leg_left_1] run data modify entity @s {} merge value {transformation:[0.413745917484752f,-0.9007658195407431f,-0.13204262233004144f,-0.25709401815907795f,0.13538118529735174f,-0.08255052513944011f,0.9873486443332398f,0.17500656855122598f,-0.9002700985994065f,-0.426387557447794f,0.08779180156210051f,-0.09209830736115339f,0f,0f,0f,1f],start_interpolation:0}
execute if entity @s[tag=aj.dino.bone.leg_left_0] run data modify entity @s {} merge value {transformation:[0.39520635620760314f,0.34184825923646567f,0.8526146278771595f,-0.1463285749930297f,0.08197187797819148f,0.9113478820649495f,-0.403392673553275f,0.5752013820318765f,-0.9149276185763756f,0.22931377087460064f,0.3321485319152164f,-0.13548501532418455f,0f,0f,0f,1f],start_interpolation:0}
execute if entity @s[tag=aj.dino.bone.leg_right_3] run data modify entity @s {} merge value {transformation:[0.6081055831282437f,-0.07771871581807674f,0.7900426576963097f,-0.0662185359757614f,0.0400176931311938f,0.996932033943567f,0.0672688927633005f,0.00104322106388402f,-0.7928468855994306f,-0.009290904623974361f,0.609350059560637f,-0.6747823486433151f,0f,0f,0f,1f],start_interpolation:0}
execute if entity @s[tag=aj.dino.bone.leg_right_2] run data modify entity @s {} merge value {transformation:[0.6202166819365481f,0.05266062140146788f,0.8152424951521634f,-0.029710967599932192f,0.2115745791292002f,0.9782911533567188f,-0.2241535550264089f,0.22182588742548978f,-0.7890688591083894f,0.303702943216372f,0.5806867118918708f,-0.5848196688724252f,0f,0f,0f,1f],start_interpolation:0}
execute if entity @s[tag=aj.dino.bone.leg_right_1] run data modify entity @s {} merge value {transformation:[0.4702505122463029f,-0.8053252350327342f,0.3609926890555567f,-0.2582730331916988f,-0.1518421171201031f,0.32911218582468243f,0.9320027578340018f,0.25878142162930534f,-0.8693724329656277f,-0.4930886684574811f,0.032482885312942356f,-0.7378133168578932f,0f,0f,0f,1f],start_interpolation:0}
execute if entity @s[tag=aj.dino.bone.leg_right_0] run data modify entity @s {} merge value {transformation:[0.5152831942079592f,0.76223851254572f,0.3917597219711737f,-0.050799985739834214f,-0.1211157642207315f,0.5172980386449237f,-0.8471916612380833f,0.5449389511423393f,-0.8484186474990227f,0.38909534719166683f,0.35887408567591716f,-0.5156060229891126f,0f,0f,0f,1f],start_interpolation:0}
execute if entity @s[tag=aj.dino.bone.tail_4] run data modify entity @s {} merge value {transformation:[0.8181513871865526f,-0.8382721626071822f,-2.5007177810865824f,-0.14175244204403445f,-2.5589118145359553f,-0.8865870976817358f,-0.5399953474360494f,0.2217659592854591f,-0.6389522397433349f,2.4772816616650912f,-1.0394599250114556f,0.5958542865112602f,0f,0f,0f,1f],start_interpolation:0}
execute if entity @s[tag=aj.dino.bone.tail_3] run data modify entity @s {} merge value {transformation:[0.7366257187235652f,0.3639162879381755f,-1.9133460251435794f,0.17911913121233433f,-1.8588372946100702f,-0.4793083823695303f,-0.8068041353398376f,0.36326053470540604f,-0.5814223840945157f,1.9934327016501077f,0.15530486570048754f,0.5500130164865609f,0f,0f,0f,1f],start_interpolation:0}
execute if entity @s[tag=aj.dino.bone.tail_2] run data modify entity @s {} merge value {transformation:[1.0197084815844657f,1.0332552574931895f,-1.3081865541466793f,0.4233080387824883f,-1.58774017480549f,0.13467224336563632f,-1.1312463918962459f,0.5724147672829517f,-0.5079858510786613f,1.653185057618271f,0.909782070264269f,0.3809042692742024f,0f,0f,0f,1f],start_interpolation:0}
execute if entity @s[tag=aj.dino.bone.tail_1] run data modify entity @s {} merge value {transformation:[1.3749439615361607f,0.6273210088485437f,-0.06044588069086605f,0.4273333838106305f,-0.6071564698435867f,1.2796157996502815f,-0.5306606037878113f,0.6715450876216926f,-0.1689567215659763f,0.506663603530603f,1.4150624965333023f,0.07036658527148565f,0f,0f,0f,1f],start_interpolation:0}
execute if entity @s[tag=aj.dino.bone.tail_0] run data modify entity @s {} merge value {transformation:[1.0983108920106943f,-0.04510064178823179f,0.6523149800403102f,0.23562342660604768f,0.015470901939296598f,1.2766070776341558f,0.06221524822415174f,0.6841711489329236f,-0.653689186286484f,-0.04556334084214818f,1.0974744399244316f,-0.25144047833210176f,0f,0f,0f,1f],start_interpolation:0}
execute if entity @s[tag=aj.dino.bone.body_1] run data modify entity @s {} merge value {transformation:[0.3004482058304668f,-0.4086936780508275f,1.127521595443205f,0.001018869236352346f,-0.09517876413657814f,1.1505728800491435f,0.4424111725636042f,0.5038175f,-1.195523514418239f,-0.19430934170275024f,0.248137061432501f,-0.2960407561897602f,0f,0f,0f,1f],start_interpolation:0}