execute if entity @s[tag=aj.dino.bone.head_lower] run data modify entity @s {} merge value {transformation:[-0.9917420943718369f,-0.12483647595553052f,-0.02938490295997343f,0.020720141434892026f,-0.12544077197387005f,0.9919054831043941f,0.019700896274999435f,0.4116149277799919f,0.026687655902351844f,0.02322427304444652f,-0.9993740051472197f,0.8171519536292222f,0f,0f,0f,1f],start_interpolation:0}
execute if entity @s[tag=aj.dino.bone.head_upper] run data modify entity @s {} merge value {transformation:[-1.0323039328057726f,-0.07253661331511999f,-0.11206682214650049f,0.011045302816412588f,-0.13057124728061303f,0.7304833009106035f,0.7299433122221484f,0.47829757305327925f,0.027779169908901412f,0.7379732579186246f,-0.7335500875193535f,0.7831625610359413f,0f,0f,0f,1f],start_interpolation:0}
execute if entity @s[tag=aj.dino.bone.neck_0] run data modify entity @s {} merge value {transformation:[-0.9965726949867162f,-0.08037973097953097f,0.01954385976648574f,0.013935776731511577f,-0.07799642050556713f,0.9917524134623386f,0.1017040253871272f,0.4688011474169654f,-0.027557612291934378f,0.09983110356639799f,-0.9946227067413466f,0.7172368504597406f,0f,0f,0f,1f],start_interpolation:0}
execute if entity @s[tag=aj.dino.bone.neck_1] run data modify entity @s {} merge value {transformation:[-0.999818916259507f,-0.01621226218151248f,0.00996480028013186f,0.014705238237904967f,-0.013536471479328748f,0.9739449994038838f,0.22637999486716587f,0.4924653470887757f,-0.013375299232328774f,0.22620411289613324f,-0.9739880906249928f,0.6357693696627127f,0f,0f,0f,1f],start_interpolation:0}
execute if entity @s[tag=aj.dino.bone.neck_2] run data modify entity @s {} merge value {transformation:[-0.9999084991025262f,0.008898607542262184f,-0.010188631230068038f,0.013899760656885243f,0.005384208542083523f,0.952748400857127f,0.303712849518361f,0.5284008728650974f,0.012409823564776344f,0.30363020180475464f,-0.9527091354821235f,0.5552776335205072f,0f,0f,0f,1f],start_interpolation:0}
execute if entity @s[tag=aj.dino.bone.body_0] run data modify entity @s {} merge value {transformation:[-0.9997069718194805f,0.006482451602444271f,-0.02332269960245628f,0.0029696132489488917f,0.004349781430099103f,0.9958999514445099f,0.09035688194229052f,0.5804729243986398f,0.023812809515779784f,0.09022895618394702f,-0.9956363219413605f,0.0868975122195986f,0f,0f,0f,1f],start_interpolation:0}
execute if entity @s[tag=aj.dino.bone.leg_left_3] run data modify entity @s {} merge value {transformation:[-0.9882554812334207f,0.0057191110262752795f,-0.15270362006569932f,0.20413520640521846f,0.0036232261802731872f,0.9998954316412049f,0.013999929110379006f,0.031360550715010926f,0.15276771924770918f,0.013282226926166707f,-0.9881728626124757f,-0.1227759536614426f,0f,0f,0f,1f],start_interpolation:0}
execute if entity @s[tag=aj.dino.bone.leg_left_2] run data modify entity @s {} merge value {transformation:[-1.0142696791389345f,-0.06291032098170918f,-0.13914563950794723f,0.1835971624578537f,-0.014175405394456166f,0.9693686780029133f,-0.33494122393262044f,0.24694580661629276f,0.15204695117627354f,-0.32928537337931874f,-0.9594347643363444f,-0.22894684541059662f,0f,0f,0f,1f],start_interpolation:0}
execute if entity @s[tag=aj.dino.bone.leg_left_1] run data modify entity @s {} merge value {transformation:[-0.9455632411264747f,0.07731929808200692f,0.3161200455119888f,0.2066680606789442f,0.31916889749015703f,0.4100725212385914f,0.8543838377450398f,0.30667993298184654f,-0.06357178545010173f,0.9087696371848756f,-0.4124274174028147f,0.041077141417206794f,0f,0f,0f,1f],start_interpolation:0}
execute if entity @s[tag=aj.dino.bone.leg_left_0] run data modify entity @s {} merge value {transformation:[-0.964009738797371f,0.2563911234387511f,-0.07034781677948362f,0.20097146552746337f,0.26204552513608176f,0.8715883928357144f,-0.4143257368667937f,0.7130920743623786f,-0.04491510057853415f,-0.4178483759641427f,-0.9074058454981148f,-0.054337735340160453f,0f,0f,0f,1f],start_interpolation:0}
execute if entity @s[tag=aj.dino.bone.leg_right_3] run data modify entity @s {} merge value {transformation:[-0.9826615412149425f,0.02954456450195775f,0.18303937861963804f,-0.20949576064395958f,0.039843824341234756f,0.9978073917082106f,0.052847693557259684f,0.053929058429097676f,-0.18107668286927056f,0.05922438484988124f,-0.9816841178099065f,-0.17460136676532484f,0f,0f,0f,1f],start_interpolation:0}
execute if entity @s[tag=aj.dino.bone.leg_right_2] run data modify entity @s {} merge value {transformation:[-1.0092018575473538f,0.09177626202385804f,0.1585904409243913f,-0.18163603839987302f,0.058180663250878596f,1.0023259944373255f,-0.20980898646056215f,0.2809954947596804f,-0.17374930401976454f,-0.1974383906560442f,-0.9914088262409675f,-0.250993391444786f,0f,0f,0f,1f],start_interpolation:0}
execute if entity @s[tag=aj.dino.bone.leg_right_1] run data modify entity @s {} merge value {transformation:[-0.9534904599245297f,-0.08566558681646907f,-0.28899368517027935f,-0.20857091839414194f,-0.301411860274218f,0.279290105807795f,0.911673147177159f,0.30251535816010344f,0.002614061771243442f,0.9563777726574685f,-0.2921210753228797f,0.02436962963590865f,0f,0f,0f,1f],start_interpolation:0}
execute if entity @s[tag=aj.dino.bone.leg_right_0] run data modify entity @s {} merge value {transformation:[-0.9680685020441209f,-0.21965365112415627f,0.12081245340559613f,-0.19208619923620257f,-0.2498382257919157f,0.8849607304661802f,-0.3929699307401429f,0.7110200064420268f,-0.020596996946148506f,-0.4106053812124147f,-0.9115804871958416f,-0.06024410997415175f,0f,0f,0f,1f],start_interpolation:0}
execute if entity @s[tag=aj.dino.bone.tail_4] run data modify entity @s {} merge value {transformation:[-2.751990800335115f,-0.18047307055314799f,0.1401336407719875f,0.06278065943152399f,-0.16965536886901525f,2.748397987892404f,0.20781455089309878f,0.6547871634096537f,-0.15305235145143095f,0.19849257556417715f,-2.7500612732739405f,-1.8214781694938789f,0f,0f,0f,1f],start_interpolation:0}
execute if entity @s[tag=aj.dino.bone.tail_3] run data modify entity @s {} merge value {transformation:[-2.0784017081001966f,-0.055148465534145964f,0.11467568425720859f,0.04387557215167991f,-0.06460055623830495f,2.0740550025660833f,-0.17340167389258163f,0.6638934229284434f,-0.10962953043925475f,-0.17663527146149685f,-2.071889686488119f,-1.4684337287399087f,0f,0f,0f,1f],start_interpolation:0}
execute if entity @s[tag=aj.dino.bone.tail_2] run data modify entity @s {} merge value {transformation:[-1.9528392209818506f,-0.014825677064333907f,0.0705198645585777f,0.02931853834791189f,-0.028801989697055937f,1.9135539543451747f,-0.3952917709770983f,0.7378113379866245f,-0.06605526010293762f,-0.39606229069718835f,-1.9124709774276851f,-1.1130526395280205f,0f,0f,0f,1f],start_interpolation:0}
execute if entity @s[tag=aj.dino.bone.tail_1] run data modify entity @s {} merge value {transformation:[-1.5113270639439034f,0.013663647341090115f,0.057966029120855904f,0.01812175104597165f,0.006498502041421636f,1.5011997515154285f,-0.1844270194988622f,0.7591411503036162f,-0.059199030920440175f,-0.18403494448434074f,-1.5000942850190206f,-0.7879428918127833f,0f,0f,0f,1f],start_interpolation:0}
execute if entity @s[tag=aj.dino.bone.tail_0] run data modify entity @s {} merge value {transformation:[-1.2778559175480344f,0.003849367233523424f,0.030085759810922787f,0.009422884859494924f,0.004298741881251745f,1.2780664948882714f,0.019059696909296018f,0.7844134850754463f,-0.030024846206724066f,0.019155510954744416f,-1.2777195668824803f,-0.41410128080214215f,0f,0f,0f,1f],start_interpolation:0}
execute if entity @s[tag=aj.dino.bone.body_1] run data modify entity @s {} merge value {transformation:[-1.236210762551444f,-0.010383946556475204f,0.016724809778882316f,0.006234033353369006f,-0.006516887707600605f,1.2070187842365292f,0.2677083856195542f,0.6408737546957175f,-0.018576215514309016f,0.26758629114798405f,-1.2069205011362938f,-0.15153300618462875f,0f,0f,0f,1f],start_interpolation:0}