execute if entity @s[tag=aj.dino.bone.head_lower] run data modify entity @s {} merge value {transformation:[-0.8432020581295508f,0.05642931002409077f,-0.5346269934602015f,-0.6872162661059965f,-0.10611112627729721f,0.9574418124888655f,0.26841312296197345f,0.1534453851781305f,0.527020604954164f,0.2830563701248231f,-0.8013291291881919f,0.07237084616288658f,0f,0f,0f,1f],start_interpolation:0}
execute if entity @s[tag=aj.dino.bone.head_upper] run data modify entity @s {} merge value {transformation:[-0.8776886709728586f,0.2672267956858856f,-0.49165473565995266f,-0.7153816009108364f,-0.1104510271290694f,0.8138207180065984f,0.6395063347089419f,0.21577110904390645f,0.5485755281048706f,0.5914030953539094f,-0.6578595681099302f,0.040469834396248364f,0f,0f,0f,1f],start_interpolation:0}
execute if entity @s[tag=aj.dino.bone.neck_0] run data modify entity @s {} merge value {transformation:[-0.9446992988906522f,-0.30918454555576613f,0.1093076002160151f,-0.7029896656727713f,-0.292743618228984f,0.9453122787553468f,0.1438258308530712f,0.2098215589772172f,-0.14779854079696697f,0.10387305918209827f,-0.9835476495393802f,-0.024766497883827343f,0f,0f,0f,1f],start_interpolation:0}
execute if entity @s[tag=aj.dino.bone.neck_1] run data modify entity @s {} merge value {transformation:[-0.8883816972150067f,-0.31207361710366516f,0.3367313729981494f,-0.675901782925352f,-0.1354770831522557f,0.8789857593425865f,0.4571979820750452f,0.2526016063025596f,-0.4386615095879062f,0.3605469350594613f,-0.823153684086567f,-0.0928374241566111f,0f,0f,0f,1f],start_interpolation:0}
execute if entity @s[tag=aj.dino.bone.neck_2] run data modify entity @s {} merge value {transformation:[-0.6599060147913982f,-0.4046197727456098f,0.6330931141194207f,-0.6243995583926722f,-0.05793638622868236f,0.8675037418463708f,0.49404517306953444f,0.30437707262476354f,-0.7491110910892294f,0.289344254108901f,-0.5959131445280158f,-0.1422110238779643f,0f,0f,0f,1f],start_interpolation:0}
execute if entity @s[tag=aj.dino.bone.body_0] run data modify entity @s {} merge value {transformation:[-0.4165814598988711f,-0.1407683187984664f,0.8981337137036882f,-0.20245350132250428f,0.1068889905097537f,0.9735020791769031f,0.20215945574237315f,0.4089278901999439f,-0.9027926843834808f,0.18021648720608235f,-0.3904963338659774f,-0.3245336943565005f,0f,0f,0f,1f],start_interpolation:0}
execute if entity @s[tag=aj.dino.bone.leg_left_3] run data modify entity @s {} merge value {transformation:[0.020521745391542084f,-0.03104470403618767f,0.9993073022436045f,0.013390998774367318f,-0.047676678633800484f,0.9983502964474311f,0.03199406035151148f,0.019549004649644958f,-0.9986519875715134f,-0.04830022706605383f,0.01900778221765012f,0.04093972974385911f,0f,0f,0f,1f],start_interpolation:0}
execute if entity @s[tag=aj.dino.bone.leg_left_2] run data modify entity @s {} merge value {transformation:[0.285618328797829f,-0.17595473209151757f,0.9692906179315017f,0.002774729946925625f,-0.21730602415761627f,0.9730951724520023f,0.24067836777764645f,0.2534769922256688f,-0.9608654752983057f,-0.27237458968469297f,0.23369172166456909f,-0.016818936539485435f,0f,0f,0f,1f],start_interpolation:0}
execute if entity @s[tag=aj.dino.bone.leg_left_1] run data modify entity @s {} merge value {transformation:[0.2962340928147051f,-0.9443100033883925f,-0.1432619270946156f,-0.25206640000993585f,0.18475343346701723f,-0.09050743068802058f,0.9786084885245998f,0.17330774711703822f,-0.9370760540513224f,-0.3163653307346863f,0.1476531287604005f,-0.09193402344476712f,0f,0f,0f,1f],start_interpolation:0}
execute if entity @s[tag=aj.dino.bone.leg_left_0] run data modify entity @s {} merge value {transformation:[0.26979759533984055f,0.47325846453757864f,0.8385914877294983f,-0.10314545020872742f,0.13528763425028198f,0.8436180344866893f,-0.5196208886368768f,0.5625706472354519f,-0.953365886513568f,0.25364352471992857f,0.16358009903362142f,-0.11651498897016974f,0f,0f,0f,1f],start_interpolation:0}
execute if entity @s[tag=aj.dino.bone.leg_right_3] run data modify entity @s {} merge value {transformation:[0.49465522296294545f,0.004047230828792103f,0.8690798756835285f,-0.1113269380066743f,0.011286598655215925f,0.9998749115669291f,-0.011080338885703422f,0.01773191310007921f,-0.8690160085327974f,0.01528990325817775f,0.494547667846165f,-0.7099417187167192f,0f,0f,0f,1f],start_interpolation:0}
execute if entity @s[tag=aj.dino.bone.leg_right_2] run data modify entity @s {} merge value {transformation:[0.518209123828938f,0.16720085968603007f,0.8692326362955958f,-0.04629341689067851f,0.26726896554282503f,0.9306690444393062f,-0.33835577323402f,0.22379817188601728f,-0.8438535438918338f,0.3974433314868624f,0.4266288717591807f,-0.6028043760800933f,0f,0f,0f,1f],start_interpolation:0}
execute if entity @s[tag=aj.dino.bone.leg_right_1] run data modify entity @s {} merge value {transformation:[0.3317261868717826f,-0.8511952600857258f,0.40672394341998225f,-0.2925011476078822f,-0.07622602890504492f,0.4055422141588546f,0.910892477218086f,0.28414290812701587f,-0.9402910876217399f,-0.33316983918525317f,0.06964573781932504f,-0.715736443283589f,0f,0f,0f,1f],start_interpolation:0}
execute if entity @s[tag=aj.dino.bone.leg_right_0] run data modify entity @s {} merge value {transformation:[0.37908011102533323f,0.8068957348348867f,0.4530094287432537f,-0.05664323364349409f,-0.04605409068271177f,0.5053916669006506f,-0.8616601904224022f,0.5580755948358982f,-0.9242171228431172f,0.3057753033399688f,0.22874477854355604f,-0.5068364525289848f,0f,0f,0f,1f],start_interpolation:0}
execute if entity @s[tag=aj.dino.bone.tail_4] run data modify entity @s {} merge value {transformation:[0.6334661475346891f,-0.9059500644886066f,-2.5305407430390536f,-0.17515961046196443f,-2.591736134902753f,-0.894815888408372f,-0.32843517547801465f,0.179829454013622f,-0.7122399725983504f,2.4503510642569206f,-1.055535510974442f,0.4224686269944694f,0f,0f,0f,1f],start_interpolation:0}
execute if entity @s[tag=aj.dino.bone.tail_3] run data modify entity @s {} merge value {transformation:[0.8047952246076335f,0.06799370719801774f,-1.9192777360962276f,0.14961359654144957f,-1.8238841221167683f,-0.6246158281127575f,-0.7869226787974803f,0.3193748165380932f,-0.6014124055783499f,1.9852398971149372f,-0.1818548744575702f,0.4338773624808026f,0f,0f,0f,1f],start_interpolation:0}
execute if entity @s[tag=aj.dino.bone.tail_2] run data modify entity @s {} merge value {transformation:[1.1227011764447374f,0.6574749106797487f,-1.4580955679375185f,0.42165700176788135f,-1.5389323152222312f,-0.04145702248089561f,-1.2036372042499088f,0.5419805232809558f,-0.4358936482413127f,1.839777685514326f,0.4939520931317165f,0.34216820826237865f,0f,0f,0f,1f],start_interpolation:0}
execute if entity @s[tag=aj.dino.bone.tail_1] run data modify entity @s {} merge value {transformation:[1.386815977638873f,0.5506912877408068f,-0.2472585686521468f,0.4668077299585162f,-0.6036441875711392f,1.2616586223923796f,-0.5757494814192562f,0.6510296194336421f,-0.0033747558601606342f,0.6265882828056517f,1.3766016071738216f,0.038282730868401005f,0f,0f,0f,1f],start_interpolation:0}
execute if entity @s[tag=aj.dino.bone.tail_0] run data modify entity @s {} merge value {transformation:[1.0663431985792742f,-0.06069386259795059f,0.7021852707588585f,0.26014822251755354f,0.07864144139930732f,1.2757615148557342f,-0.009154096988203592f,0.684491057257755f,-0.700402329466707f,0.05083826157503044f,1.068029851933768f,-0.2725935973777087f,0f,0f,0f,1f],start_interpolation:0}
execute if entity @s[tag=aj.dino.bone.body_1] run data modify entity @s {} merge value {transformation:[0.14625472482518426f,-0.43806481005220493f,1.1468711229761108f,0.02302352521252987f,-0.014137447638636369f,1.1543031322137276f,0.4427064564608163f,0.5038175f,-1.2276051006316422f,-0.06548355680438699f,0.13153788711877726f,-0.2987635313260555f,0f,0f,0f,1f],start_interpolation:0}