execute if entity @s[tag=aj.dino.bone.head_lower] run data modify entity @s {} merge value {transformation:[-0.8251378118840749f,-0.4859742857097527f,0.28805656567427296f,-0.23710878155681012f,-0.35291716810746554f,0.8415828302965618f,0.4088860626201823f,0.3533269642905605f,-0.44113157204417835f,0.23572724360778546f,-0.8659304837958459f,0.7110637171157368f,0f,0f,0f,1f],start_interpolation:0}
execute if entity @s[tag=aj.dino.bone.head_upper] run data modify entity @s {} merge value {transformation:[-0.858885604582712f,-0.5874231041302475f,-0.02686182343179482f,-0.2524176180796791f,-0.36735133323424085f,0.49886362009349083f,0.8364568303874088f,0.4220779088751303f,-0.4591736695359636f,0.699672157417107f,-0.618942934303055f,0.6839638345543242f,0f,0f,0f,1f],start_interpolation:0}
execute if entity @s[tag=aj.dino.bone.neck_0] run data modify entity @s {} merge value {transformation:[-0.5765782107487314f,-0.41033738603478054f,0.7065272793827108f,-0.19988538746385262f,-0.09362693378117748f,0.8922243360485047f,0.441780184518885f,0.43619202325224815f,-0.8116597588648377f,0.1885708455327826f,-0.5528557425355415f,0.6454165548037095f,0f,0f,0f,1f],start_interpolation:0}
execute if entity @s[tag=aj.dino.bone.neck_1] run data modify entity @s {} merge value {transformation:[-0.5962660568300497f,-0.3251992342586667f,0.7339701952463198f,-0.13920663079000217f,-0.044684783090013364f,0.9263049443721196f,0.3741155171761297f,0.4721518889138336f,-0.8015423005883983f,0.19027508525642906f,-0.5668556538468292f,0.598273014475817f,0f,0f,0f,1f],start_interpolation:0}
execute if entity @s[tag=aj.dino.bone.neck_2] run data modify entity @s {} merge value {transformation:[-0.8265435950296902f,-0.12491591004783176f,0.5488366796528066f,-0.09234742620913093f,0.0242828096323384f,0.9662424180364995f,0.25648768926273696f,0.5040822513250075f,-0.5623486735751716f,0.2253255533753345f,-0.7956081726103272f,0.5307778494898732f,0f,0f,0f,1f],start_interpolation:0}
execute if entity @s[tag=aj.dino.bone.body_0] run data modify entity @s {} merge value {transformation:[-0.9627563757000979f,-0.0031649051463272307f,0.2703518899956624f,0.03503825604858708f,0.009874870931970182f,0.9988527110828467f,0.046858814395202175f,0.5356819554678652f,-0.27019002197136904f,0.047783312336649786f,-0.9616205629505066f,0.07802488002755742f,0f,0f,0f,1f],start_interpolation:0}
execute if entity @s[tag=aj.dino.bone.leg_left_3] run data modify entity @s {} merge value {transformation:[-0.9498608672507226f,-0.15339279920002233f,0.2724609733875415f,0.5615218518905972f,-0.1556083224594205f,0.9877252995245305f,0.013593478603429077f,0.05365238526363886f,-0.27120173828180005f,-0.02948528162928893f,-0.9620708057727207f,0.061035618220417226f,0f,0f,0f,1f],start_interpolation:0}
execute if entity @s[tag=aj.dino.bone.leg_left_2] run data modify entity @s {} merge value {transformation:[-0.9064926317002848f,-0.2311312133842748f,0.42060869032070525f,0.5192378811464369f,-0.40286865766719293f,0.8549944630122029f,-0.3984262948006864f,0.24001219439533536f,-0.26082590523799626f,-0.5173248785035205f,-0.8464083037983456f,-0.08611450724510963f,0f,0f,0f,1f],start_interpolation:0}
execute if entity @s[tag=aj.dino.bone.leg_left_1] run data modify entity @s {} merge value {transformation:[-0.865520768428023f,-0.47479259214366126f,0.15951737794130003f,0.39902875464739374f,-0.07746692511808542f,0.44154086043727736f,0.893890677922674f,0.3140992407878334f,-0.49484611237486104f,0.7613236256742673f,-0.41894350700025745f,0.15278769266719447f,0f,0f,0f,1f],start_interpolation:0}
execute if entity @s[tag=aj.dino.bone.leg_left_0] run data modify entity @s {} merge value {transformation:[-0.8159484710641788f,0.007640796510380077f,0.5780741395329115f,0.2600950133211226f,-0.21926633385471134f,0.9211144515172882f,-0.32166821733568807f,0.6764491839802632f,-0.5349302453647049f,-0.38921688739659294f,-0.74990655895209f,-0.0011837746700391338f,0f,0f,0f,1f],start_interpolation:0}
execute if entity @s[tag=aj.dino.bone.leg_right_3] run data modify entity @s {} merge value {transformation:[-0.8113813101986986f,0.0025878528111121513f,0.5845114819043944f,-0.2689791336735904f,0.017029504752859463f,0.9996703672976597f,0.01921334730948926f,0.0505621235251526f,-0.5842690864902194f,0.025543291972467908f,-0.8111579222365362f,-0.26539778263144576f,0f,0f,0f,1f],start_interpolation:0}
execute if entity @s[tag=aj.dino.bone.leg_right_2] run data modify entity @s {} merge value {transformation:[-0.866768982832751f,0.37851859805590454f,0.3968594219941933f,-0.16713757774693516f,0.2728541263654726f,0.9414807872180259f,-0.3020376673949062f,0.26026231130169153f,-0.47573559423813067f,-0.14966561971880446f,-0.8962912730523342f,-0.32724599035760327f,0f,0f,0f,1f],start_interpolation:0}
execute if entity @s[tag=aj.dino.bone.leg_right_1] run data modify entity @s {} merge value {transformation:[-0.9795185057405819f,-0.1994620482252218f,-0.027538849459209015f,-0.23937234899697973f,-0.07063846644712192f,0.21232690429323692f,0.9746422383476154f,0.26484671736050514f,-0.18855689849415863f,0.9566254110314291f,-0.22206782522286642f,-0.0593383445105552f,0f,0f,0f,1f],start_interpolation:0}
execute if entity @s[tag=aj.dino.bone.leg_right_0] run data modify entity @s {} merge value {transformation:[-0.9771846388261203f,0.07151160569432509f,0.19999067951603183f,-0.11395230510864816f,-0.01706753599327519f,0.9121286054229943f,-0.40954866180250393f,0.6583024111939371f,-0.21170470202001423f,-0.4036180092861601f,-0.8900975349491168f,-0.12073629354433596f,0f,0f,0f,1f],start_interpolation:0}
execute if entity @s[tag=aj.dino.bone.tail_4] run data modify entity @s {} merge value {transformation:[-0.09105930595737204f,-0.03960065948957507f,2.759674133329251f,1.2213178531034043f,-2.349755935542856f,1.4495136103016835f,-0.05673331059700443f,0.8794762565802696f,-1.4477626109896877f,-2.3501071066907073f,-0.08149442252173729f,-1.27373828206811f,0f,0f,0f,1f],start_interpolation:0}
execute if entity @s[tag=aj.dino.bone.tail_3] run data modify entity @s {} merge value {transformation:[-0.5463576189628618f,-0.24210589890800402f,1.994698877515006f,0.8854598321229209f,-0.6818950496904415f,1.9667909047020389f,0.05194424350637935f,0.8514218393767299f,-1.8900947117679965f,-0.6395809541721259f,-0.5953349558453376f,-1.1665326718921096f,0f,0f,0f,1f],start_interpolation:0}
execute if entity @s[tag=aj.dino.bone.tail_2] run data modify entity @s {} merge value {transformation:[-1.3855304943130815f,-0.19644793044961786f,1.3639968236595672f,0.6308245328106548f,-0.2662765930938784f,1.9359238409311716f,0.008338650214098743f,0.850135464290054f,-1.3521005511061825f,-0.17994712484265538f,-1.399363071887348f,-0.9074367561534981f,0f,0f,0f,1f],start_interpolation:0}
execute if entity @s[tag=aj.dino.bone.tail_1] run data modify entity @s {} merge value {transformation:[-0.8997142247222703f,0.3454559350499911f,1.1656889639913137f,0.37661799313945f,0.495664872957542f,1.4283951792472327f,-0.040740589333613214f,0.8409681848275892f,-1.1101742644956192f,0.35777598975057373f,-0.9628944353404524f,-0.703545429279407f,0f,0f,0f,1f],start_interpolation:0}
execute if entity @s[tag=aj.dino.bone.tail_0] run data modify entity @s {} merge value {transformation:[-1.0849218692543026f,-0.046242504706618434f,0.6742713733773935f,0.17846431230144055f,0.22440413083197794f,1.1782287452287779f,0.4418772754580075f,0.7402741332080275f,-0.6375131686979668f,0.493431222420213f,-0.9919366436731731f,-0.4017711128779501f,0f,0f,0f,1f],start_interpolation:0}
execute if entity @s[tag=aj.dino.bone.body_1] run data modify entity @s {} merge value {transformation:[-1.1764210755803939f,-0.1351941441465489f,0.3554723496630949f,0.10492825539198601f,-0.05707365059913131f,1.2052840000392944f,0.26951377091498774f,0.5964315260631001f,-0.376006178664404f,0.24003670072305688f,-1.1530855696644686f,-0.14986304529973452f,0f,0f,0f,1f],start_interpolation:0}