execute if entity @s[tag=aj.dino.bone.head_lower] run data modify entity @s {} merge value {transformation:[0.9374225487614427f,-0.34518627048799116f,0.045666220997491264f,0.21926117910879359f,0.31960630631949755f,0.9050688050652105f,0.28053924334866165f,0.9970024200820415f,-0.13816936720709078f,-0.24838860031093102f,0.9587556149515726f,-1.1404458936944413f,0f,0f,0f,1f],start_interpolation:0}
execute if entity @s[tag=aj.dino.bone.head_upper] run data modify entity @s {} merge value {transformation:[0.9757627404130571f,-0.2873996287600528f,0.22081773115782963f,0.2283331937115563f,0.3326780710786707f,0.961876775939855f,-0.21815203761237725f,1.0036655548718543f,-0.14382043675529113f,0.27507537854130243f,0.9935397126815732f,-1.0658217844694937f,0f,0f,0f,1f],start_interpolation:0}
execute if entity @s[tag=aj.dino.bone.neck_0] run data modify entity @s {} merge value {transformation:[0.9578367866986736f,-0.11244019490484326f,0.26439722505450064f,0.24694522820534637f,0.26965831072445984f,0.6694250558477681f,-0.6922098598405279f,0.9479528102710367f,-0.09916191559258086f,0.7343209769392216f,0.6715203774443753f,-1.0342873823768122f,0f,0f,0f,1f],start_interpolation:0}
execute if entity @s[tag=aj.dino.bone.neck_1] run data modify entity @s {} merge value {transformation:[0.9019493973488383f,-0.43161338803705723f,0.01404164838042965f,0.24614635119279052f,0.4055051083904087f,0.8353130447528709f,-0.3712380965566049f,0.9203522537757209f,0.14850216056121845f,0.34053193761064565f,0.9284315310111936f,-0.9540682579662396f,0f,0f,0f,1f],start_interpolation:0}
execute if entity @s[tag=aj.dino.bone.neck_2] run data modify entity @s {} merge value {transformation:[0.9442422656200777f,-0.32309758249919984f,-0.06336005050372723f,0.237432208299629f,0.2691240071750933f,0.8682426270478277f,-0.41680572133682015f,0.8923375845141456f,0.18968081763500086f,0.3765138679521103f,0.9067847013823391f,-0.8709408111514676f,0f,0f,0f,1f],start_interpolation:0}
execute if entity @s[tag=aj.dino.bone.body_0] run data modify entity @s {} merge value {transformation:[0.9450355380865336f,-0.32678883175185436f,-0.010811623178478946f,0.2292236587307227f,0.25593883644310605f,0.7599140337067576f,-0.597516504688928f,0.6179694276047454f,0.20347762470022157f,0.5619072172679247f,0.8017837211047456f,-0.48771028145525663f,0f,0f,0f,1f],start_interpolation:0}
execute if entity @s[tag=aj.dino.bone.leg_left_3] run data modify entity @s {} merge value {transformation:[0.864795111770317f,0.0456308817265911f,-0.5000472350598678f,-0.1576922615842984f,-0.08788689745678296f,0.9942446222495345f,-0.06126601328062395f,-0.044303511872978735f,0.4943736521231543f,0.09693014887399329f,0.86382824584849f,-0.36021901539419554f,0f,0f,0f,1f],start_interpolation:0}
execute if entity @s[tag=aj.dino.bone.leg_left_2] run data modify entity @s {} merge value {transformation:[0.8926072267337672f,-0.03505668817765838f,-0.5040690100545377f,-0.18005714343229567f,-0.0598845317759619f,1.0086780836443543f,-0.17619468190107593f,0.18527977645813096f,0.5017254041179506f,0.1827614611734704f,0.8757465767407322f,-0.2897747264488503f,0f,0f,0f,1f],start_interpolation:0}
execute if entity @s[tag=aj.dino.bone.leg_left_1] run data modify entity @s {} merge value {transformation:[0.7336045487997997f,0.5238480432460029f,-0.4329059869851372f,-0.02939448327365867f,0.29316945098752734f,0.3307424724451204f,0.8970290351647269f,0.22171846150562752f,0.6130873012776513f,-0.7849793911359855f,0.08905793902771157f,-0.5199624123177907f,0f,0f,0f,1f],start_interpolation:0}
execute if entity @s[tag=aj.dino.bone.leg_left_0] run data modify entity @s {} merge value {transformation:[0.756532362109212f,-0.3786153820947421f,-0.5332065055142406f,-0.04667857195747886f,0.23965282749023553f,0.9191451497218064f,-0.3126319177864179f,0.6359206938605195f,0.6084614263512446f,0.10873171655101602f,0.7860992980905643f,-0.4705149699668765f,0f,0f,0f,1f],start_interpolation:0}
execute if entity @s[tag=aj.dino.bone.leg_right_3] run data modify entity @s {} merge value {transformation:[0.5623262779350442f,0.3160735330521858f,-0.7641247796319833f,0.19114447230188025f,0.4700963294905168f,0.6380263534915201f,0.6098621264268319f,0.3699323780567142f,0.6802930237355537f,-0.7021537537848972f,0.2101939768464232f,0.15258831307794113f,0f,0f,0f,1f],start_interpolation:0}
execute if entity @s[tag=aj.dino.bone.leg_right_2] run data modify entity @s {} merge value {transformation:[0.5871143941329433f,0.07113126235220413f,-0.8380329535398844f,0.18091525783118553f,0.5572711760920934f,0.732575759424682f,0.45259672170816667f,0.5538174514668015f,0.629926760821872f,-0.7143775610419368f,0.38068251310105033f,-0.003144519087581732f,0f,0f,0f,1f],start_interpolation:0}
execute if entity @s[tag=aj.dino.bone.leg_right_1] run data modify entity @s {} merge value {transformation:[0.5784998100769403f,0.7967012778425668f,0.17494297249379342f,0.39959696416121804f,0.1911904014195302f,-0.3409405110617617f,0.9204378296886669f,0.4161856744957368f,0.7929591415362978f,-0.4990256925259108f,-0.3495556580189373f,-0.10438280702321451f,0f,0f,0f,1f],start_interpolation:0}
execute if entity @s[tag=aj.dino.bone.leg_right_0] run data modify entity @s {} merge value {transformation:[0.5592899504917016f,-0.35657284017458707f,-0.7483652590338609f,0.2554846993099531f,0.24632702789729333f,0.9334719437501966f,-0.26067820307520173f,0.7752761032961762f,0.7915287402275899f,-0.03854789074720366f,0.6099150051545426f,-0.2612043541008036f,0f,0f,0f,1f],start_interpolation:0}
execute if entity @s[tag=aj.dino.bone.tail_4] run data modify entity @s {} merge value {transformation:[0.4088575959338108f,-1.6594066502440896f,-2.1690703923508123f,-1.0030276796898032f,2.550103040707064f,1.0169701959300594f,-0.29733387625120233f,0.16847547697803433f,0.9774821121758761f,-1.959031015914669f,1.6829698543528697f,0.8519883614944052f,0f,0f,0f,1f],start_interpolation:0}
execute if entity @s[tag=aj.dino.bone.tail_3] run data modify entity @s {} merge value {transformation:[-0.4676069057158583f,-1.24916050114314f,-1.599027001071308f,-0.7196677747812783f,1.8853217492627887f,0.33924387630174485f,-0.8163461399387576f,0.3035778472945734f,0.7502341031491322f,-1.6310907886503518f,1.0548161715182558f,0.6890920224936465f,0f,0f,0f,1f],start_interpolation:0}
execute if entity @s[tag=aj.dino.bone.tail_2] run data modify entity @s {} merge value {transformation:[0.3036673298152574f,-1.4801296536785684f,-1.2392643931409497f,-0.4894188866552228f,1.587778747157335f,0.90502258293847f,-0.691857390977101f,0.4335820529585947f,1.0979611458886562f,-0.899402139020981f,1.343253881232482f,0.43998192636038547f,0f,0f,0f,1f],start_interpolation:0}
execute if entity @s[tag=aj.dino.bone.tail_1] run data modify entity @s {} merge value {transformation:[0.4666359416344081f,-0.9965053703710318f,-1.037730309279179f,-0.254375464242597f,0.9287485974435781f,1.0418308352497228f,-0.5828128374267781f,0.5453742671132269f,1.0987871453204916f,-0.45740770385352864f,0.9333280515091606f,0.2436817291271863f,0f,0f,0f,1f],start_interpolation:0}
execute if entity @s[tag=aj.dino.bone.tail_0] run data modify entity @s {} merge value {transformation:[1.0073230989329929f,-0.5348963512646395f,-0.5770803967765965f,-0.09864716149840506f,0.37752244615349984f,1.1510479831355767f,-0.4079228600530095f,0.6923556460751673f,0.6903714171301826f,0.15103029665376608f,1.065088199393067f,-0.0639171675932684f,0f,0f,0f,1f],start_interpolation:0}
execute if entity @s[tag=aj.dino.bone.body_1] run data modify entity @s {} merge value {transformation:[0.9503376259387998f,-0.37478985163503187f,-0.6964162253226485f,0.08850461185338009f,0.43828850677089415f,1.155826461869644f,-0.02393679031721499f,0.6200675f,0.6583055343940192f,-0.22847834078866458f,1.021291371858645f,-0.2859634678896897f,0f,0f,0f,1f],start_interpolation:0}