execute if entity @s[tag=aj.dino.bone.head_lower] run data modify entity @s {} merge value {transformation:[-0.9313390103686525f,-0.015822238823451004f,-0.36380943435286645f,-0.6369085698664245f,-0.1420384118008653f,0.935707487224027f,0.3229188565661435f,0.15487590939781581f,0.33530991237753f,0.3524218425573413f,-0.8737082508193807f,0.158580236445108f,0f,0f,0f,1f],start_interpolation:0}
execute if entity @s[tag=aj.dino.bone.head_upper] run data modify entity @s {} merge value {transformation:[-0.9694303878348095f,0.12970233395700836f,-0.35616565007319656f,-0.6588501987487779f,-0.1478477236608491f,0.7712080174949817f,0.6832650927299542f,0.21924978082786442f,0.3490239480813075f,0.6869406385569807f,-0.6998333982800278f,0.1258689831690026f,0f,0f,0f,1f],start_interpolation:0}
execute if entity @s[tag=aj.dino.bone.neck_0] run data modify entity @s {} merge value {transformation:[-0.9638604123809393f,-0.26470991774186103f,0.03002940049256364f,-0.652300255716006f,-0.25154891597373175f,0.9414196417172469f,0.2246156741222913f,0.21857412726757564f,-0.08772826407313747f,0.208944293145489f,-0.9739846169445625f,0.059526101163238025f,0f,0f,0f,1f],start_interpolation:0}
execute if entity @s[tag=aj.dino.bone.neck_1] run data modify entity @s {} merge value {transformation:[-0.9637010378133302f,-0.155555352045992f,0.21698581098163539f,-0.6346353336495493f,-0.02720245510258351f,0.8657101142843416f,0.4998059868210705f,0.264902472587641f,-0.26559430745763823f,0.47576100142365574f,-0.8385172230613143f,-0.009315541705174325f,0f,0f,0f,1f],start_interpolation:0}
execute if entity @s[tag=aj.dino.bone.neck_2] run data modify entity @s {} merge value {transformation:[-0.7810093688756289f,-0.2596224944808182f,0.5679969419706845f,-0.5874164080408788f,0.06791247853037581f,0.8687945086627732f,0.49049362582736156f,0.3163794341486881f,-0.6208158027856194f,0.42165419727184983f,-0.6609050438108934f,-0.06308752220567249f,0f,0f,0f,1f],start_interpolation:0}
execute if entity @s[tag=aj.dino.bone.body_0] run data modify entity @s {} merge value {transformation:[-0.6229300977857488f,-0.025187048400651668f,0.7818719242084989f,-0.21916304030095574f,0.18311783408752866f,0.9670176787640627f,0.17704425378095756f,0.4090317792020278f,-0.7605431954279323f,0.25346088761508556f,-0.5977722194428604f,-0.34240079580262645f,0f,0f,0f,1f],start_interpolation:0}
execute if entity @s[tag=aj.dino.bone.leg_left_3] run data modify entity @s {} merge value {transformation:[0.14338062482664848f,0.008723904559903461f,0.9896291678773167f,-0.0276473188310278f,-0.06696495551916384f,0.9977549162398386f,0.0009065602848994381f,0.01871744585893989f,-0.9873994587585291f,-0.06640045638746339f,0.1436429191951359f,0.06675647969006601f,0f,0f,0f,1f],start_interpolation:0}
execute if entity @s[tag=aj.dino.bone.leg_left_2] run data modify entity @s {} merge value {transformation:[0.38474079041301673f,-0.049446770879863565f,0.9495218483756003f,-0.009231932672939785f,-0.2591949685088451f,0.9800637509943677f,0.15606156409329036f,0.25158977513288655f,-0.9147976235172237f,-0.2984832664272815f,0.35512708594365844f,0.006736284112321203f,0f,0f,0f,1f],start_interpolation:0}
execute if entity @s[tag=aj.dino.bone.leg_left_1] run data modify entity @s {} merge value {transformation:[0.40268054882713034f,-0.905437618370986f,-0.13427991225406144f,-0.25610897046771347f,0.14316511283592961f,-0.08259352062054443f,0.9862464503450342f,0.17399366062536914f,-0.9040752878289267f,-0.41636646069319894f,0.09636827458693187f,-0.09348325930501744f,0f,0f,0f,1f],start_interpolation:0}
execute if entity @s[tag=aj.dino.bone.leg_left_0] run data modify entity @s {} merge value {transformation:[0.3834572471864017f,0.3532290102865091f,0.8533403810158289f,-0.14230029040108716f,0.09011532387552465f,0.9052508627645076f,-0.4152109149178571f,0.5737035491479905f,-0.9191516566829634f,0.23611467924745377f,0.31529365718459335f,-0.13331877013617188f,0f,0f,0f,1f],start_interpolation:0}
execute if entity @s[tag=aj.dino.bone.leg_right_3] run data modify entity @s {} merge value {transformation:[0.5927952464147987f,-0.06614138348459789f,0.8026326141010977f,-0.07354560329854404f,0.03185551339253554f,0.997767612835301f,0.058694267551803986f,0.0022341605923877628f,-0.8047229474139009f,-0.009225408808724384f,0.5935788656428022f,-0.6761570688548901f,0f,0f,0f,1f],start_interpolation:0}
execute if entity @s[tag=aj.dino.bone.leg_right_2] run data modify entity @s {} merge value {transformation:[0.6058724498789653f,0.06860654009993043f,0.8247871947562424f,-0.033003837126652474f,0.21139185408003758f,0.9754384918061382f,-0.23642214835388184f,0.22197300467762837f,-0.8001838901196144f,0.3096370308267044f,0.5620434597382641f,-0.5853700782573293f,0f,0f,0f,1f],start_interpolation:0}
execute if entity @s[tag=aj.dino.bone.leg_right_1] run data modify entity @s {} merge value {transformation:[0.4507692158320357f,-0.8130476913823337f,0.3684570064417682f,-0.26444771437871917f,-0.1501092319025515f,0.3378500111360727f,0.9291526185040763f,0.26148800515570525f,-0.8799285951461049f,-0.4741421954574524f,0.030246420135107255f,-0.7333081804471084f,0f,0f,0f,1f],start_interpolation:0}
execute if entity @s[tag=aj.dino.bone.leg_right_0] run data modify entity @s {} merge value {transformation:[0.49631131640003984f,0.7716105817461375f,0.39785950705072626f,-0.051585481646114414f,-0.11953261080863695f,0.5146594581347677f,-0.8490215527922117f,0.5465744246634514f,-0.8598761725775f,0.3738218189054979f,0.3476639405282847f,-0.5148529634052694f,0f,0f,0f,1f],start_interpolation:0}
execute if entity @s[tag=aj.dino.bone.tail_4] run data modify entity @s {} merge value {transformation:[0.7751459873927077f,-0.8345255752324048f,-2.5156265808167966f,-0.1461364223633245f,-2.566662737420743f,-0.890109108502579f,-0.4955900512486076f,0.21352985215599465f,-0.6610994041479968f,2.47728362745241f,-1.025511939760526f,0.5773665366963987f,0f,0f,0f,1f],start_interpolation:0}
execute if entity @s[tag=aj.dino.bone.tail_3] run data modify entity @s {} merge value {transformation:[0.7445754083430581f,0.3337685633514046f,-1.9157639555680002f,0.17544016169348872f,-1.852701213904052f,-0.5014885514485913f,-0.8074360475040043f,0.3553486268945103f,-0.5908055512041693f,1.9932519421610453f,0.11764787198247194f,0.5379122700984359f,0f,0f,0f,1f],start_interpolation:0}
execute if entity @s[tag=aj.dino.bone.tail_2] run data modify entity @s {} merge value {transformation:[1.0315626979881318f,0.9972229750039194f,-1.3267247692142308f,0.42307547451006633f,-1.5800330014493742f,0.11184700339898898f,-1.1444473937950679f,0.5669571645912853f,-0.5080826600594658f,1.6768453896998898f,0.8653412185906195f,0.37707053860685785f,0f,0f,0f,1f],start_interpolation:0}
execute if entity @s[tag=aj.dino.bone.tail_1] run data modify entity @s {} merge value {transformation:[1.377665774527405f,0.6191343373833413f,-0.07978681575734213f,0.43136024623492786f,-0.604863868040715f,1.276118240348814f,-0.5415885779702809f,0.668479626812352f,-0.15437928887849325f,0.5252153452841394f,1.409954653967082f,0.06739130258857523f,0f,0f,0f,1f],start_interpolation:0}
execute if entity @s[tag=aj.dino.bone.tail_0] run data modify entity @s {} merge value {transformation:[1.0948960924536595f,-0.046322321396737726f,0.6579456708985572f,0.23797538898694937f,0.022972104360645545f,1.2769642160335974f,0.05167581615196216f,0.6841941735200335f,-0.6591741391582188f,-0.0324399459639671f,1.0946564852751313f,-0.2532755982754403f,0f,0f,0f,1f],start_interpolation:0}
execute if entity @s[tag=aj.dino.bone.body_1] run data modify entity @s {} merge value {transformation:[0.2853083223122524f,-0.4128798546232724f,1.1299265382855133f,0.003093684793633117f,-0.08532416149816109f,1.1513995916167339f,0.4422706896751179f,0.5038175f,-1.1999681428022386f,-0.18003833238322903f,0.23720718831574714f,-0.2962960874883953f,0f,0f,0f,1f],start_interpolation:0}