execute if entity @s[tag=aj.dino.bone.head_lower] run data modify entity @s {} merge value {transformation:[-0.995468856748503f,0.06793686595829466f,-0.06653072589107148f,-0.2519577610259521f,0.04206611464124438f,0.9421227510005625f,0.3326186465700952f,0.28245353527140327f,0.0852771789098224f,0.328312814691868f,-0.940711697847053f,0.6962942093748763f,0f,0f,0f,1f],start_interpolation:0}
execute if entity @s[tag=aj.dino.bone.head_upper] run data modify entity @s {} merge value {transformation:[-1.0361831182108265f,0.09880266573665089f,-0.005875488211780575f,-0.2504658748361484f,0.04378660120252351f,0.5130040196759371f,0.9046444339821968f,0.3563503015140079f,0.08876497999507627f,0.900298201499464f,-0.5148357692379301f,0.6810463011157284f,0f,0f,0f,1f],start_interpolation:0}
execute if entity @s[tag=aj.dino.bone.neck_0] run data modify entity @s {} merge value {transformation:[-0.7030534189421906f,-0.37366622691957063f,0.6050532546589504f,-0.20504951929197232f,0.02579088616961551f,0.8368676361237204f,0.5467973937385606f,0.3781149816970573f,-0.710669205963142f,0.4000326367540386f,-0.5787254696549381f,0.6373611823690493f,0f,0f,0f,1f],start_interpolation:0}
execute if entity @s[tag=aj.dino.bone.neck_1] run data modify entity @s {} merge value {transformation:[-0.6809266686700374f,-0.2730643120273032f,0.6795401043286415f,-0.1487415266439379f,0.07999706046009127f,0.894602242882455f,0.43964451247277675f,0.4194799629454068f,-0.727969327795938f,0.3537268840881856f,-0.5873141827519521f,0.5892375381304441f,0f,0f,0f,1f],start_interpolation:0}
execute if entity @s[tag=aj.dino.bone.neck_2] run data modify entity @s {} merge value {transformation:[-0.85228484960132f,-0.052574664883383644f,0.5204290919543753f,-0.10366277379891882f,0.13063530909323354f,0.9420146728247618f,0.3090999388563066f,0.45578234824488567f,-0.5065026664867334f,0.33142761018849515f,-0.7959967261531745f,0.5227471383899815f,0f,0f,0f,1f],start_interpolation:0}
execute if entity @s[tag=aj.dino.bone.body_0] run data modify entity @s {} merge value {transformation:[-0.9486604283888254f,0.061313036343446405f,0.31029679853887915f,0.043163027051927164f,0.10472237351992686f,0.9865866351615555f,0.1252199497083143f,0.5241965119008105f,-0.29845705904448544f,0.15128622837174266f,-0.9423565466486501f,0.08005922222454903f,0f,0f,0f,1f],start_interpolation:0}
execute if entity @s[tag=aj.dino.bone.leg_left_3] run data modify entity @s {} merge value {transformation:[-0.9763328647536079f,-0.10395895799198099f,0.18964881295498515f,0.5718108844086105f,-0.10114292911328504f,0.9945703260785316f,0.024494374342468372f,0.04920821082837082f,-0.19116549137435437f,0.004733026227004555f,-0.9815464091780564f,0.027807584898342008f,0f,0f,0f,1f],start_interpolation:0}
execute if entity @s[tag=aj.dino.bone.leg_left_2] run data modify entity @s {} merge value {transformation:[-0.9277241066428509f,-0.26999878876197086f,0.3442249780615687f,0.5180734013862969f,-0.3987188984718256f,0.8539568284072715f,-0.40477546210053655f,0.2351363689782122f,-0.18003727796162888f,-0.49992058247721466f,-0.8773415465259264f,-0.1161162664656685f,0f,0f,0f,1f],start_interpolation:0}
execute if entity @s[tag=aj.dino.bone.leg_left_1] run data modify entity @s {} merge value {transformation:[-0.9052095178740305f,-0.4052749418308147f,0.12785910321246285f,0.4192195104744548f,-0.07464141997315332f,0.447817257526552f,0.8910041314639283f,0.31102533622117773f,-0.4183591605004685f,0.7970018352459594f,-0.4356187409190699f,0.1318396944672184f,0f,0f,0f,1f],start_interpolation:0}
execute if entity @s[tag=aj.dino.bone.leg_left_0] run data modify entity @s {} merge value {transformation:[-0.8482124341287606f,-0.041851997846484745f,0.5280000727894089f,0.2611781190933891f,-0.2299731476381456f,0.9271042293913551f,-0.2959562454317618f,0.6723890041975156f,-0.47712474045554043f,-0.37245960602583394f,-0.7960061707828109f,-0.005078151854862378f,0f,0f,0f,1f],start_interpolation:0}
execute if entity @s[tag=aj.dino.bone.leg_right_3] run data modify entity @s {} merge value {transformation:[-0.852936950469474f,0.0036433604746159837f,0.5220012303130004f,-0.2723866743145761f,0.016030278645916246f,0.9996868452821024f,0.019215658626541787f,0.04143459003474223f,-0.521767753593846f,0.024757570445613553f,-0.8527282533229809f,-0.25121870925293277f,0f,0f,0f,1f],start_interpolation:0}
execute if entity @s[tag=aj.dino.bone.leg_right_2] run data modify entity @s {} merge value {transformation:[-0.8900298497567866f,0.37909043018017347f,0.3408804948782158f,-0.17210573833109305f,0.28522462449243163f,0.9387105086392985f,-0.29921847211359637f,0.2505569643364116f,-0.4225588475298533f,-0.1648491013522811f,-0.9199624957889759f,-0.3174202085616696f,0f,0f,0f,1f],start_interpolation:0}
execute if entity @s[tag=aj.dino.bone.leg_right_1] run data modify entity @s {} merge value {transformation:[-0.9831643220055586f,-0.1779834571788583f,-0.041349787254735655f,-0.237845575959705f,-0.07316331852156716f,0.1760863742351649f,0.9816520349042349f,0.24487389356529027f,-0.16743668880583515f,0.9681505449977162f,-0.1861437011084794f,-0.04786620262790536f,0f,0f,0f,1f],start_interpolation:0}
execute if entity @s[tag=aj.dino.bone.leg_right_0] run data modify entity @s {} merge value {transformation:[-0.9812817666481726f,0.06362837586627934f,0.18176227394170905f,-0.1135604420673349f,-0.01999599379877182f,0.90507303167631f,-0.42478579020990426f,0.6371402455856624f,-0.1915365622429328f,-0.42046906796680394f,-0.8868593508596989f,-0.11848909644031072f,0f,0f,0f,1f],start_interpolation:0}
execute if entity @s[tag=aj.dino.bone.tail_4] run data modify entity @s {} merge value {transformation:[0.045153920258720386f,-0.8233899342227591f,2.6354603907677903f,1.1478963335344219f,-2.2878285306849344f,1.4644948698134124f,0.49674613443308446f,0.8695386177632173f,-1.5457888178109211f,-2.191562256498966f,-0.6582196732245845f,-1.3632113035363522f,0f,0f,0f,1f],start_interpolation:0}
execute if entity @s[tag=aj.dino.bone.tail_3] run data modify entity @s {} merge value {transformation:[-0.6099077904800961f,-0.601302960623358f,1.8979970396978278f,0.83195039595722f,-0.9042952370875557f,1.8521520242293639f,0.29619002239825204f,0.8011909737935428f,-1.773755376971947f,-0.7375046811601269f,-0.8036319020387704f,-1.219727968172892f,0f,0f,0f,1f],start_interpolation:0}
execute if entity @s[tag=aj.dino.bone.tail_2] run data modify entity @s {} merge value {transformation:[-1.3721372751608325f,-0.3598904800235833f,1.344058040229431f,0.5809926848577291f,-0.48631482637969453f,1.892660938176279f,0.010312019576798268f,0.7993647529487126f,-1.3036529686846385f,-0.327241944886134f,-1.4185117277448387f,-0.9570715840390372f,0f,0f,0f,1f],start_interpolation:0}
execute if entity @s[tag=aj.dino.bone.tail_1] run data modify entity @s {} merge value {transformation:[-1.0433427980533705f,0.18099073960763687f,1.0799696328723531f,0.3473796246859598f,0.2164143541004754f,1.4963563667181374f,-0.041697735206719246f,0.7898394733892536f,-1.0734322908732712f,0.12576257773430147f,-1.0581035587087808f,-0.7298912940371896f,0f,0f,0f,1f],start_interpolation:0}
execute if entity @s[tag=aj.dino.bone.tail_0] run data modify entity @s {} merge value {transformation:[-1.1280180450751722f,-0.061244460985710715f,0.5980469233825924f,0.17113847582882386f,0.10353796569926144f,1.2327735419241692f,0.3215353799733792f,0.7256283837434679f,-0.5921916043204877f,0.3321960669760204f,-1.082954566656431f,-0.4054103166027658f,0f,0f,0f,1f],start_interpolation:0}
execute if entity @s[tag=aj.dino.bone.body_1] run data modify entity @s {} merge value {transformation:[-1.1785951120644644f,-0.18003150505116064f,0.3272717740090286f,0.10717877217680272f,-0.11086132816860618f,1.2030688593700367f,0.26256366958705823f,0.58355078324568f,-0.356690233663182f,0.22094925177366692f,-1.1629953140087073f,-0.14991269713720629f,0f,0f,0f,1f],start_interpolation:0}