execute if entity @s[tag=aj.dino.bone.head_lower] run data modify entity @s {} merge value {transformation:[-0.9451997485505789f,0.01136609913712093f,-0.3262947243372587f,-0.6540665435661953f,-0.10728228807443412f,0.9330878378868814f,0.3432748133101211f,0.15314505451550403f,0.3083633344051083f,0.3594689118379911f,-0.8807350086243724f,0.14216865061922784f,0f,0f,0f,1f],start_interpolation:0}
execute if entity @s[tag=aj.dino.bone.head_upper] run data modify entity @s {} merge value {transformation:[-0.983858024433069f,0.14090500632520278f,-0.3092589683981052f,-0.6725274750948789f,-0.11167008895572511f,0.7605802997213426f,0.7017972224880346f,0.21856907012685778f,0.32097526629755463f,0.6965165679664728f,-0.7037836965694265f,0.10939139203685919f,0f,0f,0f,1f],start_interpolation:0}
execute if entity @s[tag=aj.dino.bone.neck_0] run data modify entity @s {} merge value {transformation:[-0.9698857130862455f,-0.2404542723275128f,0.03877430167818982f,-0.6658038380338743f,-0.2243332828788437f,0.943923800288438f,0.24224458186269796f,0.21898389355491418f,-0.09484873085068485f,0.22625119263437926f,-0.9694401044353049f,0.043063744102590416f,0f,0f,0f,1f],start_interpolation:0}
execute if entity @s[tag=aj.dino.bone.neck_1] run data modify entity @s {} merge value {transformation:[-0.9569983850174971f,-0.15369158317220133f,0.2460345267151024f,-0.6456695223301685f,-0.005968610400387292f,0.8583744850354464f,0.5129889074142056f,0.26639521094805485f,-0.2900318375002827f,0.489461071692279f,-0.8223803211009215f,-0.024347776861719676f,0f,0f,0f,1f],start_interpolation:0}
execute if entity @s[tag=aj.dino.bone.neck_2] run data modify entity @s {} merge value {transformation:[-0.7661815947872462f,-0.2564940626729751f,0.5892169037143993f,-0.5965609396203668f,0.09145763011929287f,0.8640361803698913f,0.49505250317998717f,0.3182249773488296f,-0.6360827506718243f,0.43318849802980747f,-0.6385502795179444f,-0.07604838433606492f,0f,0f,0f,1f],start_interpolation:0}
execute if entity @s[tag=aj.dino.bone.body_0] run data modify entity @s {} merge value {transformation:[-0.5889473094766149f,-0.013466685167603132f,0.8080592274399525f,-0.21585394295959803f,0.21582943959833345f,0.9609255465385342f,0.1733197825185815f,0.40906395788836525f,-0.7788187977077373f,0.27647918981401787f,-0.5630280081282445f,-0.3387675633299103f,0f,0f,0f,1f],start_interpolation:0}
execute if entity @s[tag=aj.dino.bone.leg_left_3] run data modify entity @s {} merge value {transformation:[0.1148307815611049f,-0.0069435050885268135f,0.9933608001844804f,-0.015328515336791446f,-0.051789911167725765f,0.9985738170243742f,0.012966767315316263f,0.014542870436442451f,-0.9920341207374394f,-0.05293505162419406f,0.11430740834363706f,0.05587871389707222f,0f,0f,0f,1f],start_interpolation:0}
execute if entity @s[tag=aj.dino.bone.leg_left_2] run data modify entity @s {} merge value {transformation:[0.3631903710871502f,-0.08389003038318966f,0.9555717747257815f,-0.0047882659895238655f,-0.23844427614252964f,0.9818050569590339f,0.17682012556614307f,0.24849482030589215f,-0.9291389998407865f,-0.2847516328885036f,0.3281454342862134f,-0.0017967606306287798f,0f,0f,0f,1f],start_interpolation:0}
execute if entity @s[tag=aj.dino.bone.leg_left_1] run data modify entity @s {} merge value {transformation:[0.3784503795650108f,-0.9151253600531792f,-0.13899958846931226f,-0.2535642875650399f,0.1637612372284322f,-0.08160372971251195f,0.983119061191685f,0.17092328136025114f,-0.9110200696957845f,-0.3948245264475677f,0.11897909869780227f,-0.09722491734775761f,0f,0f,0f,1f],start_interpolation:0}
execute if entity @s[tag=aj.dino.bone.leg_left_0] run data modify entity @s {} merge value {transformation:[0.35785114083047126f,0.3760724224531921f,0.8547000023847655f,-0.13387458916829573f,0.11152718916596915f,0.891547932575216f,-0.43898060321339505f,0.5696776333521963f,-0.9270945189585947f,0.25241199850848184f,0.27709914457804774f,-0.1284758602076678f,0f,0f,0f,1f],start_interpolation:0}
execute if entity @s[tag=aj.dino.bone.leg_right_3] run data modify entity @s {} merge value {transformation:[0.5592462000802534f,-0.04450536389725798f,0.8278061127342384f,-0.08851967828041091f,0.02040605041436188f,0.9989943632061834f,0.03992311847488497f,0.00656575146231142f,-0.8287504333647637f,-0.0054345990326614135f,0.5595919802240475f,-0.68051495445219f,0f,0f,0f,1f],start_interpolation:0}
execute if entity @s[tag=aj.dino.bone.leg_right_2] run data modify entity @s {} merge value {transformation:[0.5747070577796958f,0.10047268633459348f,0.8436108323982161f,-0.03991987565950375f,0.2158665844084965f,0.9678071309949707f,-0.26232265329511395f,0.22371835280875876f,-0.8216907051772641f,0.3245254936005636f,0.5211235827798393f,-0.5874887270768123f,0f,0f,0f,1f],start_interpolation:0}
execute if entity @s[tag=aj.dino.bone.leg_right_1] run data modify entity @s {} merge value {transformation:[0.40949633725333223f,-0.828335838685054f,0.38232510789383667f,-0.2770745520471976f,-0.14143454917995946f,0.3563660673141721f,0.9235797173851822f,0.26873191462873375f,-0.9012818749283527f,-0.43227649070584406f,0.028775293372503702f,-0.7244004664547531f,0f,0f,0f,1f],start_interpolation:0}
execute if entity @s[tag=aj.dino.bone.leg_right_0] run data modify entity @s {} merge value {transformation:[0.4559982247669142f,0.7894254946502695f,0.4109416107010829f,-0.05359514059872424f,-0.1111899190696281f,0.5086577769152246f,-0.8537587878791943f,0.5508774678827117f,-0.8830075995747217f,0.3436199272158691f,0.31972320014889216f,-0.5128393216239886f,0f,0f,0f,1f],start_interpolation:0}
execute if entity @s[tag=aj.dino.bone.tail_4] run data modify entity @s {} merge value {transformation:[0.6901164690713171f,-0.8178498965533642f,-2.545686967681649f,-0.15211218069505816f,-2.5737788179016143f,-0.91567964389222f,-0.4035526209583868f,0.1932444182260744f,-0.7246124393339545f,2.473522522248195f,-0.991102656788603f,0.5385419994786278f,0f,0f,0f,1f],start_interpolation:0}
execute if entity @s[tag=aj.dino.bone.tail_3] run data modify entity @s {} merge value {transformation:[0.7610496734495177f,0.2784753559216819f,-1.9181241869939285f,0.17040569883470058f,-1.8362491778415075f,-0.5560417731945131f,-0.8092910659234618f,0.33591158164049195f,-0.6204336205132774f,1.9872630798793198f,0.04234501068357412f,0.5119149211244868f,0f,0f,0f,1f],start_interpolation:0}
execute if entity @s[tag=aj.dino.bone.tail_2] run data modify entity @s {} merge value {transformation:[1.0552962580361283f,0.9274810042926863f,-1.3582719423789742f,0.42390651659820483f,-1.5611564472444686f,0.05697919390356971f,-1.1740177995634922f,0.5530180954036952f,-0.5176043179927595f,1.7191004139203465f,0.7717210712795922f,0.3684799845017683f,0f,0f,0f,1f],start_interpolation:0}
execute if entity @s[tag=aj.dino.bone.tail_1] run data modify entity @s {} merge value {transformation:[1.382632562703457f,0.6023261903884366f,-0.11483295225772298f,0.4399335429906982f,-0.5989987507988832f,1.26621459624455f,-0.5705763251298014f,0.6608938558464063f,-0.1310875398100394f,0.5670626126182228f,1.3960344910771896f,0.06126242033469581f,0f,0f,0f,1f],start_interpolation:0}
execute if entity @s[tag=aj.dino.bone.tail_0] run data modify entity @s {} merge value {transformation:[1.0865674457285257f,-0.049495351577187076f,0.6713844745295098f,0.24254498410438732f,0.04241699538602478f,1.277257052028829f,0.025513489159160057f,0.6842607092246442f,-0.6718688123208556f,0.0005914379961202374f,1.087394898744558f,-0.2564853700349094f,0f,0f,0f,1f],start_interpolation:0}
execute if entity @s[tag=aj.dino.bone.body_1] run data modify entity @s {} merge value {transformation:[0.2524879355630195f,-0.42192752555182816f,1.1343860016031078f,0.007235942000645139f,-0.05912864440666473f,1.1531234160593804f,0.44205744626962834f,0.5038175f,-1.2088665107703185f,-0.14452731774134084f,0.2153095646290215f,-0.2968068873173955f,0f,0f,0f,1f],start_interpolation:0}