execute if entity @s[tag=aj.dino.bone.head_lower] run data modify entity @s {} merge value {transformation:[-0.9515349193651865f,-0.26893484028325165f,0.14918226741308693f,0.45537607910420574f,-0.18143293503809205f,0.8825630712917876f,0.43377933938290614f,0.5122435731805098f,-0.24832113746548318f,0.3856896120896036f,-0.8885832182829132f,0.7197833379614028f,0f,0f,0f,1f],start_interpolation:0}
execute if entity @s[tag=aj.dino.bone.head_upper] run data modify entity @s {} merge value {transformation:[-0.9904523010943397f,-0.29813689166849144f,0.11657862439866366f,0.45641065252513846f,-0.18885346648409376f,0.850265584580318f,0.569960302528815f,0.5705689982943718f,-0.2584773685206809f,0.5211859285207604f,-0.8631492457611742f,0.671902956437016f,0f,0f,0f,1f],start_interpolation:0}
execute if entity @s[tag=aj.dino.bone.neck_0] run data modify entity @s {} merge value {transformation:[-0.9278752639832362f,-0.36239847956691273f,0.08783414197013455f,0.46827239934913834f,-0.3522621562451763f,0.9291397970433465f,0.11229697604008657f,0.5628624749880576f,-0.12230645022049681f,0.07325694204536984f,-0.9897851042911398f,0.6067520184920451f,0f,0f,0f,1f],start_interpolation:0}
execute if entity @s[tag=aj.dino.bone.neck_1] run data modify entity @s {} merge value {transformation:[-0.9346522802922927f,-0.34570446504139046f,-0.08314768664769467f,0.4596360817193038f,-0.35553497922329913f,0.9057247241191713f,0.23077608772994485f,0.5865847991433619f,-0.004471408402895144f,0.2452573076784806f,-0.9694477085109838f,0.5257569433393019f,0f,0f,0f,1f],start_interpolation:0}
execute if entity @s[tag=aj.dino.bone.neck_2] run data modify entity @s {} merge value {transformation:[-0.8783728688860125f,-0.35138582886088937f,-0.3240202192467339f,0.42780919348095436f,-0.42667896931547367f,0.8819630020380032f,0.20021568415086294f,0.612760163709437f,0.21542089116156032f,0.3141166380691395f,-0.9246213156418688f,0.4478285796388025f,0f,0f,0f,1f],start_interpolation:0}
execute if entity @s[tag=aj.dino.bone.body_0] run data modify entity @s {} merge value {transformation:[-0.7480594740038421f,-0.4133452232000573f,-0.5191846972039813f,0.17918176269882297f,-0.4042985818223985f,0.9042500190279628f,-0.13738471466770272f,0.5566253746229938f,0.526260087874325f,0.10713369939297138f,-0.8435476811448681f,0.051288303222872755f,0f,0f,0f,1f],start_interpolation:0}
execute if entity @s[tag=aj.dino.bone.leg_left_3] run data modify entity @s {} merge value {transformation:[-0.7871575094950579f,-0.2776327612183306f,-0.5507296116460632f,0.36341075640174814f,-0.30460933072714996f,0.9514482764074957f,-0.044264353097762416f,0.03898663080074599f,0.536279974341291f,0.13291436047128607f,-0.8335091852529367f,-0.48392086025767916f,0f,0f,0f,1f],start_interpolation:0}
execute if entity @s[tag=aj.dino.bone.leg_left_2] run data modify entity @s {} merge value {transformation:[-0.7685776702836127f,-0.47683862168417f,-0.48371013335720997f,0.23611920159466057f,-0.4001621139180687f,0.9081053146137049f,-0.2593785258182741f,0.24202790007544348f,0.5488359015468388f,-0.005644992593384471f,-0.8664926351288768f,-0.5111637512960703f,0f,0f,0f,1f],start_interpolation:0}
execute if entity @s[tag=aj.dino.bone.leg_left_1] run data modify entity @s {} merge value {transformation:[-0.9051457746186186f,0.3914534153310953f,-0.16575690126110024f,0.36928252989303806f,-0.04262241123694139f,0.30438815030692334f,0.9515940226867123f,0.27510052185721f,0.4229591667648427f,0.8683962675981236f,-0.25883095964594144f,-0.26994369544510155f,0f,0f,0f,1f],start_interpolation:0}
execute if entity @s[tag=aj.dino.bone.leg_left_0] run data modify entity @s {} merge value {transformation:[-0.8941582233528601f,-0.16664570653315763f,-0.41558426354293243f,0.23371435970745646f,-0.0933792229348312f,0.9771542431825306f,-0.19091858409925055f,0.6634472737216427f,0.4379056888583932f,-0.13190448636964636f,-0.8892917486072927f,-0.19842201961650408f,0f,0f,0f,1f],start_interpolation:0}
execute if entity @s[tag=aj.dino.bone.leg_right_3] run data modify entity @s {} merge value {transformation:[-0.9756254260020796f,0.02650341058472888f,-0.21783617093044594f,-0.18093155594084487f,0.02394413478598057f,0.9996098656307634f,0.01438036658078487f,0.04477066079925257f,0.21813231431315247f,0.008813952633423716f,-0.9758794022272241f,0.15185492169792153f,0f,0f,0f,1f],start_interpolation:0}
execute if entity @s[tag=aj.dino.bone.leg_right_2] run data modify entity @s {} merge value {transformation:[-0.958025633778331f,0.08212380444673113f,-0.35707809407399527f,-0.17133766870470674f,0.18071516308762223f,0.9754699523724814f,-0.2605045131074262f,0.2638201765101096f,0.3187336103308467f,-0.3062290846120242f,-0.9255781073922614f,0.05137438099199729f,0f,0f,0f,1f],start_interpolation:0}
execute if entity @s[tag=aj.dino.bone.leg_right_1] run data modify entity @s {} merge value {transformation:[-0.7732635638999575f,0.5439388419418509f,-0.3258742042133662f,-0.021683364839500514f,-0.10149849130258264f,0.40112166643699887f,0.9103842402953296f,0.3224876261737548f,0.6259085532312496f,0.7370427022512085f,-0.25496379752859205f,0.2775935343463272f,0f,0f,0f,1f],start_interpolation:0}
execute if entity @s[tag=aj.dino.bone.leg_right_0] run data modify entity @s {} merge value {transformation:[-0.8009226054468144f,-0.4562042602937798f,-0.387815230456582f,-0.07610562393998509f,-0.05980971728661126f,0.705403810349926f,-0.7062777513570005f,0.663901923195952f,0.5957732603955822f,-0.5424786974929161f,-0.592259305510692f,0.04353846803138556f,0f,0f,0f,1f],start_interpolation:0}
execute if entity @s[tag=aj.dino.bone.tail_4] run data modify entity @s {} merge value {transformation:[-0.20280623621091398f,-1.3537368420503533f,-2.3983176446479098f,-1.2428947109766553f,0.29116439491327156f,2.380794424762089f,-1.368467220563409f,0.9360305652460215f,2.738567920882875f,-0.3533777031694129f,-0.0321134428854785f,-1.0481540394211115f,0f,0f,0f,1f],start_interpolation:0}
execute if entity @s[tag=aj.dino.bone.tail_3] run data modify entity @s {} merge value {transformation:[-0.5250078928012722f,0.06353717452211594f,-2.014019678651268f,-0.9020131609508346f,0.8839217419494885f,1.8775845275500846f,-0.17118476000494637f,0.9466835359334964f,1.8107994346834202f,-0.898100715623095f,-0.5003659041061204f,-0.9545218521013048f,0f,0f,0f,1f],start_interpolation:0}
execute if entity @s[tag=aj.dino.bone.tail_2] run data modify entity @s {} merge value {transformation:[-0.08219826950921037f,0.5643000384745567f,-1.8691128339589562f,-0.5544756717868624f,0.6838242286357353f,1.7605940596361218f,0.5014647111288271f,0.8543869302490699f,1.8287705552701818f,-0.6329675337285398f,-0.271522066184642f,-0.9028448342512396f,0f,0f,0f,1f],start_interpolation:0}
execute if entity @s[tag=aj.dino.bone.tail_1] run data modify entity @s {} merge value {transformation:[-0.7870444035523869f,0.7936176010227733f,-1.0190134739951802f,-0.3441445765534468f,0.8513405890842402f,1.2161435533041671f,0.28960371049835276f,0.7763879973962611f,0.97130662419988f,-0.42287375315047954f,-1.0795357709135263f,-0.6662995450346435f,0f,0f,0f,1f],start_interpolation:0}
execute if entity @s[tag=aj.dino.bone.tail_0] run data modify entity @s {} merge value {transformation:[-1.0198482530751865f,0.4192760027974195f,-0.6464927615694831f,-0.14510648891092948f,0.212424812674408f,1.1838521151683434f,0.43267260712426603f,0.6785194657340111f,0.7406895140635924f,0.23777619618810683f,-1.0142372704976792f,-0.36417787835271537f,0f,0f,0f,1f],start_interpolation:0}
execute if entity @s[tag=aj.dino.bone.body_1] run data modify entity @s {} merge value {transformation:[-0.9744188514139981f,0.045983575465920946f,-0.7596038492876698f,0.028393445563595673f,0.0014299239620920818f,1.2342167452820274f,0.07288056009082017f,0.5784425f,0.7609930698651188f,0.056560865526077024f,-0.9727769585904333f,-0.14183063759214218f,0f,0f,0f,1f],start_interpolation:0}