execute if entity @s[tag=aj.dino.bone.head_lower] run data modify entity @s {} merge value {transformation:[-0.9596727497847896f,0.19426153746581215f,-0.20320105408663572f,-0.013573722979814417f,0.16906628715695188f,0.9763272925265232f,0.1349133366824502f,0.3516031448261394f,0.22459920718351611f,0.09511820503588175f,-0.9697977743856127f,0.8117800202917944f,0f,0f,0f,1f],start_interpolation:0}
execute if entity @s[tag=aj.dino.bone.head_upper] run data modify entity @s {} merge value {transformation:[-0.9989229653873418f,0.28461809464326754f,-0.0679513944441393f,-0.012177183269125699f,0.1759810278573849f,0.7774518898580137f,0.6693811913804932f,0.4152606268839316f,0.23378522117431896f,0.6308985986205282f,-0.7942187174844442f,0.7712679091804836f,0f,0f,0f,1f],start_interpolation:0}
execute if entity @s[tag=aj.dino.bone.neck_0] run data modify entity @s {} merge value {transformation:[-0.9557368192643029f,0.13552204579051622f,0.2611530344593122f,0.002818507153661904f,0.18456305979191334f,0.9673991581910214f,0.17342244863785583f,0.4107121084303894f,-0.22913666066956637f,0.21394542256392493f,-0.9495913578488082f,0.7064668559257826f,0f,0f,0f,1f],start_interpolation:0}
execute if entity @s[tag=aj.dino.bone.neck_1] run data modify entity @s {} merge value {transformation:[-0.9647547006274866f,0.053414560770609916f,0.25767276207401474f,0.024892846260983266f,0.12859876585067515f,0.9499943985019045f,0.2845575517126329f,0.4391943733229141f,-0.2295881639781375f,0.30766463480986467f,-0.9233806081180502f,0.6296617715621919f,0f,0f,0f,1f],start_interpolation:0}
execute if entity @s[tag=aj.dino.bone.neck_2] run data modify entity @s {} merge value {transformation:[-0.992307511987777f,0.026551652072390176f,0.12091654735748439f,0.03574599995217533f,0.0654231637528295f,0.9416688675843263f,0.3301205135507678f,0.4773349329705059f,-0.10509810320457012f,0.3354918085358851f,-0.9361621841903903f,0.5509316174986789f,0f,0f,0f,1f],start_interpolation:0}
execute if entity @s[tag=aj.dino.bone.body_0] run data modify entity @s {} merge value {transformation:[-0.9985464760457902f,0.05209340272949449f,-0.013827963284485545f,0.029725187488811457f,0.04994725304441511f,0.9907987119577035f,0.12579023927265826f,0.5460579972560995f,0.020253569805136734f,0.12491673136541061f,-0.9919604846641473f,0.08461434894045355f,0f,0f,0f,1f],start_interpolation:0}
execute if entity @s[tag=aj.dino.bone.leg_left_3] run data modify entity @s {} merge value {transformation:[-0.9974703048549667f,-0.05772699673319047f,0.0414799322649662f,0.43774543592318127f,-0.05730231731233234f,0.998292282156153f,0.011356223760452755f,0.024760131153484133f,-0.0420646569363967f,0.008950599735598697f,-0.9990747977009515f,-0.05678013227824452f,0f,0f,0f,1f],start_interpolation:0}
execute if entity @s[tag=aj.dino.bone.leg_left_2] run data modify entity @s {} merge value {transformation:[-0.9938853058437571f,-0.20891080745490676f,0.14356348023468568f,0.3919434925277562f,-0.2488013589132987f,0.9151307388440587f,-0.39076311766378163f,0.2256134620273487f,-0.048498269365536084f,-0.4134660867011483f,-0.9374198165802138f,-0.18220418708469638f,0f,0f,0f,1f],start_interpolation:0}
execute if entity @s[tag=aj.dino.bone.leg_left_1] run data modify entity @s {} merge value {transformation:[-0.9583333471445258f,-0.20869475501117996f,0.19504792995977588f,0.3439888460937087f,0.08380792078759601f,0.44734921264739896f,0.8904240081876794f,0.2982504260140725f,-0.27308135814081136f,0.8696695816081969f,-0.4112193948020865f,0.08130598161462073f,0f,0f,0f,1f],start_interpolation:0}
execute if entity @s[tag=aj.dino.bone.leg_left_0] run data modify entity @s {} merge value {transformation:[-0.9507634177624076f,0.07989736559947294f,0.29944170453530666f,0.24043211160515643f,-0.03836004530298327f,0.9284297004014591f,-0.3695223921994574f,0.6884031943543027f,-0.30753443769616895f,-0.3628149698988739f,-0.8796521285418346f,-0.025296544917235736f,0f,0f,0f,1f],start_interpolation:0}
execute if entity @s[tag=aj.dino.bone.leg_right_3] run data modify entity @s {} merge value {transformation:[-0.9122941680986656f,0.06774130311383234f,0.4038941280900277f,-0.2705334765612497f,0.10511113993639525f,0.991918815952899f,0.07105428079905254f,0.07946264453433297f,-0.39581687573224494f,0.10727617820857988f,-0.9120421166122352f,-0.26214547394660936f,0f,0f,0f,1f],start_interpolation:0}
execute if entity @s[tag=aj.dino.bone.leg_right_2] run data modify entity @s {} merge value {transformation:[-0.9445951027604622f,0.28491422051002024f,0.2804035989298531f,-0.1939892339344296f,0.265104108930694f,0.9849719099314026f,-0.10776060307385964f,0.30531660455812015f,-0.29920244445811117f,-0.026766081109248142f,-0.9807260951116978f,-0.2982292615564996f,0f,0f,0f,1f],start_interpolation:0}
execute if entity @s[tag=aj.dino.bone.leg_right_1] run data modify entity @s {} merge value {transformation:[-0.9835188616619192f,-0.13725493989080018f,-0.117693373776163f,-0.2446224895202381f,-0.12635592724842326f,0.056178314637922444f,0.9903929405108023f,0.2655353122181383f,-0.12932450813528718f,0.9889413928236676f,-0.07259540726210323f,-0.02829017978376197f,0f,0f,0f,1f],start_interpolation:0}
execute if entity @s[tag=aj.dino.bone.leg_right_0] run data modify entity @s {} merge value {transformation:[-0.9857280093248811f,-0.00653881488693453f,0.1682187133831476f,-0.14626775502842287f,-0.07254203690279432f,0.9182118541503819f,-0.3893900920410165f,0.6661887859026976f,-0.15191426698766905f,-0.39603564839240435f,-0.9055814820809925f,-0.09240272763512876f,0f,0f,0f,1f],start_interpolation:0}
execute if entity @s[tag=aj.dino.bone.tail_4] run data modify entity @s {} merge value {transformation:[-1.508649835936467f,-1.4010352465521703f,1.8403090072179102f,0.7337027541761132f,-1.7083958867270377f,2.156148374823178f,0.2409751264373721f,0.7745671841442586f,-1.559173017449638f,-1.0068692841009053f,-2.0447139354910067f,-1.6630551948907089f,0f,0f,0f,1f],start_interpolation:0}
execute if entity @s[tag=aj.dino.bone.tail_3] run data modify entity @s {} merge value {transformation:[-1.5048880326844678f,-0.5673244221766542f,1.3226490597015679f,0.514982065849642f,-0.6860754763110599f,1.9650368448372448f,0.06225885704927324f,0.7447809545042142f,-1.2651316041946266f,-0.3907924314498107f,-1.6070683948214275f,-1.3867315722005906f,0f,0f,0f,1f],start_interpolation:0}
execute if entity @s[tag=aj.dino.bone.tail_2] run data modify entity @s {} merge value {transformation:[-1.737281587499864f,-0.24708865443516742f,0.859984742647303f,0.3537693608742538f,-0.34293691281825067f,1.9186296682366517f,-0.14152153543393864f,0.7712924593263498f,-0.826450745394677f,-0.27673320728512213f,-1.7490488193372555f,-1.0622641811799753f,0f,0f,0f,1f],start_interpolation:0}
execute if entity @s[tag=aj.dino.bone.tail_1] run data modify entity @s {} merge value {transformation:[-1.349196536538342f,0.11057799523295771f,0.6746091184998928f,0.20853828790518214f,0.07791385819016484f,1.5077292922737107f,-0.09131298878986752f,0.7724371259953864f,-0.6791571147347758f,-0.046702657205726195f,-1.350637155314135f,-0.7704023950871449f,0f,0f,0f,1f],start_interpolation:0}
execute if entity @s[tag=aj.dino.bone.tail_0] run data modify entity @s {} merge value {transformation:[-1.2272807773561651f,-0.002069948483623824f,0.3572300735231425f,0.10409740607813202f,0.051393096332513294f,1.2638750294568248f,0.18388685692265988f,0.7492006683309503f,-0.3535199566720834f,0.1909223449803949f,-1.213428207602651f,-0.4112031738474849f,0f,0f,0f,1f],start_interpolation:0}
execute if entity @s[tag=aj.dino.bone.body_1] run data modify entity @s {} merge value {transformation:[-1.2162147691409904f,-0.11279656209494998f,0.19158070351457052f,0.06715522504644399f,-0.06986682431978518f,1.2053598830518975f,0.2661405159776206f,0.6061371844477836f,-0.21105652617023232f,0.2509762597635999f,-1.1920866809306603f,-0.1509647511523261f,0f,0f,0f,1f],start_interpolation:0}