execute if entity @s[tag=aj.dino.bone.head_lower] run data modify entity @s {} merge value {transformation:[-0.9502029611079262f,0.02270303718386217f,-0.31080364348629647f,-0.6596783847407285f,-0.09264167549901414f,0.9316744740446892f,0.351283638067996f,0.15239060241972152f,0.29754302657340836f,0.3625841233647439f,-0.8831765966223041f,0.13661957527705998f,0f,0f,0f,1f],start_interpolation:0}
execute if entity @s[tag=aj.dino.bone.head_upper] run data modify entity @s {} merge value {transformation:[-0.98906586629934f,0.1456367120705612f,-0.2898458259184001f,-0.6766963928325421f,-0.09643068142622571f,0.7560309206099282f,0.708936043197752f,0.21820932516594932f,0.3097124123839997f,0.7004849304321171f,-0.7048907904323211f,0.10385160877867892f,0f,0f,0f,1f],start_interpolation:0}
execute if entity @s[tag=aj.dino.bone.neck_0] run data modify entity @s {} merge value {transformation:[-0.9718901415406989f,-0.23180879581328778f,0.04116108550067149f,-0.6699581064675062f,-0.21466546870254613f,0.9443028182741787f,0.24942117782209108f,0.2190789246598345f,-0.09668655192277958f,0.23357412010545275f,-0.9675199435124049f,0.037529851052576f,0f,0f,0f,1f],start_interpolation:0}
execute if entity @s[tag=aj.dino.bone.neck_1] run data modify entity @s {} merge value {transformation:[-0.954758059147006f,-0.1523724596563982f,0.255381444181251f,-0.6490259071389789f,0.0020725791498119317f,0.8553305669044393f,0.5180784937966426f,0.2669073738700491f,-0.2973764498233006f,0.49516891547954567f,-0.8163179480039015f,-0.029341812018922123f,0f,0f,0f,1f],start_interpolation:0}
execute if entity @s[tag=aj.dino.bone.neck_2] run data modify entity @s {} merge value {transformation:[-0.7614801036900032f,-0.25477046325388547f,0.5960201865185965f,-0.599304430715346f,0.10051589883460998f,0.8619807678013207f,0.4968759503358112f,0.3188767641438486f,-0.6403472540471556f,0.438270654954271f,-0.6307727223336639f,-0.08031128965960693f,0f,0f,0f,1f],start_interpolation:0}
execute if entity @s[tag=aj.dino.bone.body_0] run data modify entity @s {} merge value {transformation:[-0.577732189384472f,-0.009063191241277357f,0.8161760691870036f,-0.2147300481933329f,0.2279436620344796f,0.9583633143510533f,0.1719925714802094f,0.4090658266336649f,-0.7837520043274756f,0.28540780695451906f,-0.5516114388245372f,-0.33756482611371524f,0f,0f,0f,1f],start_interpolation:0}
execute if entity @s[tag=aj.dino.bone.leg_left_3] run data modify entity @s {} merge value {transformation:[0.10504370603323224f,-0.01201223948039501f,0.994395055259966f,-0.011178137748973273f,-0.04580930794527964f,0.998807158793729f,0.016904639835681967f,0.012970795615546815f,-0.9934119624447746f,-0.047328275323164165f,0.1043681331947468f,0.05178033150445485f,0f,0f,0f,1f],start_interpolation:0}
execute if entity @s[tag=aj.dino.bone.leg_left_2] run data modify entity @s {} merge value {transformation:[0.35563493926600287f,-0.09526386379862543f,0.9573456981300532f,-0.003246011610820332f,-0.2306205478649027f,0.9824603563346714f,0.18343394079051445f,0.247292028894754f,-0.9340236358767655f,-0.2788523695176406f,0.3192231243795453f,-0.004803350555441982f,0f,0f,0f,1f],start_interpolation:0}
execute if entity @s[tag=aj.dino.bone.leg_left_1] run data modify entity @s {} merge value {transformation:[0.3700069772118004f,-0.9183423718989772f,-0.14050667169052045f,-0.25264790909573803f,0.1714797638237066f,-0.0811315562009241f,0.9818413116116997f,0.16976281250172665f,-0.9130660038647544f,-0.38738218668825986f,0.12745789117614573f,-0.09861859343297999f,0f,0f,0f,1f],start_interpolation:0}
execute if entity @s[tag=aj.dino.bone.leg_left_0] run data modify entity @s {} merge value {transformation:[0.34894239950532513f,0.383787679260828f,0.854953928042356f,-0.13098549073157767f,0.1195404690845142f,0.886616305094339f,-0.44679033538329427f,0.568148357407071f,-0.9294887186397263f,0.25810568530826683f,0.26349986173246764f,-0.12680533025562396f,0f,0f,0f,1f],start_interpolation:0}
execute if entity @s[tag=aj.dino.bone.leg_right_3] run data modify entity @s {} merge value {transformation:[0.5473997070498648f,-0.037626714903622016f,0.8360249942718714f,-0.0935729484027619f,0.017469307936604624f,0.9992848171620397f,0.03353621131917417f,0.00835060134995505f,-0.8366889410061173f,-0.0037529341840447372f,0.5476655288431725f,-0.6821198430326803f,0f,0f,0f,1f],start_interpolation:0}
execute if entity @s[tag=aj.dino.bone.leg_right_2] run data modify entity @s {} merge value {transformation:[0.5638065550098592f,0.1111316640591667f,0.8496082163397717f,-0.04228629672022255f,0.21822141021532698f,0.9648773637745467f,-0.2710226715605329f,0.22454775545259162f,-0.8285914458599261f,0.32973265779964095f,0.5067295035113273f,-0.5883139691060957f,0f,0f,0f,1f],start_interpolation:0}
execute if entity @s[tag=aj.dino.bone.leg_right_1] run data modify entity @s {} merge value {transformation:[0.3952609301739112f,-0.8331815742197304f,0.3867521964498526f,-0.2812757112279976f,-0.13761022965616718f,0.3625768554907903f,0.9217382755188084f,0.27142242121772475f,-0.9082027426582852f,-0.41754818673195226f,0.028658157387157518f,-0.7213561095068103f,0f,0f,0f,1f],start_interpolation:0}
execute if entity @s[tag=aj.dino.bone.leg_right_0] run data modify entity @s {} merge value {transformation:[0.44206289943752697f,0.7950386549450501f,0.41532388576152474f,-0.054328796536969995f,-0.10747591135432857f,0.5066345220963819f,-0.8554357892318551f,0.5524782486970573f,-0.8905219376407542f,0.3335191121410222f,0.3094118297952113f,-0.5120477286029771f,0f,0f,0f,1f],start_interpolation:0}
execute if entity @s[tag=aj.dino.bone.tail_4] run data modify entity @s {} merge value {transformation:[0.6618660798861803f,-0.8103921276084556f,-2.555554582357094f,-0.1535760870430341f,-2.574072458975806f,-0.9279744084990112f,-0.3723920040940092f,0.1860124672264611f,-0.7494968978176909f,2.4713942276134637f,-0.9778171114684511f,0.5251815813564307f,0f,0f,0f,1f],start_interpolation:0}
execute if entity @s[tag=aj.dino.bone.tail_3] run data modify entity @s {} merge value {transformation:[0.7665723843945622f,0.2609411247724552f,-1.9183904803064902f,0.1691585322091852f,-1.8299584468022527f,-0.5759969483708265f,-0.8095833029954512f,0.32892446030411f,-0.6321110570976942f,1.9839563429960914f,0.017273292241320286f,0.5028380989630181f,0f,0f,0f,1f],start_interpolation:0}
execute if entity @s[tag=aj.dino.bone.tail_2] run data modify entity @s {} merge value {transformation:[1.0631016338236805f,0.9045634423786226f,-1.367608778078122f,0.4243953656822811f,-1.5543040665173509f,0.036821215918806154f,-1.1838737018232404f,0.5478634350803461f,-0.5222333386253918f,1.7318149588720997f,0.7395019697457067f,0.36539222550114087f,0f,0f,0f,1f],start_interpolation:0}
execute if entity @s[tag=aj.dino.bone.tail_1] run data modify entity @s {} merge value {transformation:[1.3841167456515338f,0.5966807310162914f,-0.12589356473176613f,0.442870104437715f,-0.5970139995738325f,1.2622188724934789f,-0.5814069592240416f,0.658116774561977f,-0.12430353462336906f,0.5817489777860847f,1.3906016712649896f,0.059157736653305815f,0f,0f,0f,1f],start_interpolation:0}
execute if entity @s[tag=aj.dino.bone.tail_0] run data modify entity @s {} merge value {transformation:[1.083513321372986f,-0.05054586987337856f,0.6762246032421857f,0.24404179656868136f,0.049648696110431115f,1.277152124072955f,0.01591149064358403f,0.6842870229791873f,-0.6762910660106654f,0.012778247090672427f,1.0845749522368082f,-0.2574719103927336f,0f,0f,0f,1f],start_interpolation:0}
execute if entity @s[tag=aj.dino.bone.body_1] run data modify entity @s {} merge value {transformation:[0.24109396376220663f,-0.4248980195242507f,1.135755241545487f,0.008614509207468854f,-0.049284262270569555f,1.153595085206861f,0.442033975996496f,0.5038175f,-1.211630866718954f,-0.1314710897771619f,0.20801584175954468f,-0.29697716888368514f,0f,0f,0f,1f],start_interpolation:0}