execute if entity @s[tag=aj.dino.bone.head_lower] run data modify entity @s {} merge value {transformation:[-0.9635627124868168f,-0.13835762423738135f,-0.2289193458850419f,0.6586764007660184f,-0.22295582367955935f,0.8882607979894416f,0.4016011148422389f,0.4782317313816563f,0.14777550471041262f,0.43800676087310275f,-0.8867426219806036f,0.5967311426740532f,0f,0f,0f,1f],start_interpolation:0}
execute if entity @s[tag=aj.dino.bone.head_upper] run data modify entity @s {} merge value {transformation:[-1.0029720259430641f,-0.0805068530534865f,-0.2665289934896328f,0.6381834828256919f,-0.23207462396979348f,0.7922341696704399f,0.6340176116634096f,0.5396566014611393f,0.15381946127994156f,0.6703399209367734f,-0.7813167771867799f,0.5579692781445115f,0f,0f,0f,1f],start_interpolation:0}
execute if entity @s[tag=aj.dino.bone.neck_0] run data modify entity @s {} merge value {transformation:[-0.8993651634893457f,-0.3146833392936429f,-0.3035073288617336f,0.6239566378617001f,-0.3752431115398364f,0.911848019474853f,0.16651065017496477f,0.5357437396682245f,0.2243544292936614f,0.26364291257454575f,-0.9381670984987301f,0.49295372116576236f,0f,0f,0f,1f],start_interpolation:0}
execute if entity @s[tag=aj.dino.bone.neck_1] run data modify entity @s {} merge value {transformation:[-0.8938419864489734f,-0.20724057849695282f,-0.39761519825731223f,0.5893186804297654f,-0.33195504296565f,0.901978072810089f,0.2761184630180876f,0.5632898977748606f,0.30141724023457417f,0.3787966457006264f,-0.8750204274731689f,0.4205730751128365f,0f,0f,0f,1f],start_interpolation:0}
execute if entity @s[tag=aj.dino.bone.neck_2] run data modify entity @s {} merge value {transformation:[-0.8062952931462987f,-0.23585745937273642f,-0.5424565965202768f,0.5394862222119441f,-0.40502742978536f,0.888494014416852f,0.21571084225622927f,0.5908866970977232f,0.4310924278754962f,0.39363643785054314f,-0.8119172823784119f,0.35329697854620024f,0f,0f,0f,1f],start_interpolation:0}
execute if entity @s[tag=aj.dino.bone.body_0] run data modify entity @s {} merge value {transformation:[-0.6040111016872344f,-0.34768866786465624f,-0.7171353981481282f,0.1981908291502286f,-0.38921693918403927f,0.9139055248676644f,-0.11526866819984857f,0.5452670985389109f,0.6954716121386851f,0.20949768937833102f,-0.6873354020086255f,0.03135410845073286f,0f,0f,0f,1f],start_interpolation:0}
execute if entity @s[tag=aj.dino.bone.leg_left_3] run data modify entity @s {} merge value {transformation:[-0.6732758156830567f,-0.20685904749428471f,-0.709865487600343f,0.23850154123455466f,-0.25457504216813576f,0.9662208755339949f,-0.04010944511474246f,0.03431682131143299f,0.6941838545525291f,0.1537093170633385f,-0.7031942988438653f,-0.5563849157666755f,0f,0f,0f,1f],start_interpolation:0}
execute if entity @s[tag=aj.dino.bone.leg_left_2] run data modify entity @s {} merge value {transformation:[-0.6447286967616948f,-0.43521977154088326f,-0.6685587913808052f,0.11539076508164106f,-0.3896941726942368f,0.9218879244284272f,-0.22432856719975663f,0.24167023737393029f,0.6960787016141319f,0.11299825110877953f,-0.7448275209108723f,-0.5519838126940663f,0f,0f,0f,1f],start_interpolation:0}
execute if entity @s[tag=aj.dino.bone.leg_left_1] run data modify entity @s {} merge value {transformation:[-0.7924014739585455f,0.5817121264426816f,-0.1836052995364198f,0.29894267850451045f,-0.024967745493200803f,0.2698105786746733f,0.9625896650807263f,0.2644144421509558f,0.609488733081516f,0.7673416798172582f,-0.1992742599080896f,-0.3450906472979377f,0f,0f,0f,1f],start_interpolation:0}
execute if entity @s[tag=aj.dino.bone.leg_left_0] run data modify entity @s {} merge value {transformation:[-0.7824253249950119f,-0.12740903276604784f,-0.609571611195986f,0.20756369674129524f,-0.07791584321203922f,0.9911839321787517f,-0.10716125217271713f,0.6532493497199328f,0.6178508980190991f,-0.03635039147365402f,-0.7854545924855904f,-0.22358108013470504f,0f,0f,0f,1f],start_interpolation:0}
execute if entity @s[tag=aj.dino.bone.leg_right_3] run data modify entity @s {} merge value {transformation:[-0.9202228117658603f,0.032371358221244206f,-0.3900539345688566f,-0.12922179915589901f,0.0310694078341138f,0.9994706588361633f,0.009648524366148853f,0.04385838184738397f,0.3901597988037358f,-0.003239952548811431f,-0.9207414588824109f,0.20415164431690958f,0f,0f,0f,1f],start_interpolation:0}
execute if entity @s[tag=aj.dino.bone.leg_right_2] run data modify entity @s {} merge value {transformation:[-0.8944064378252635f,0.05142015114614852f,-0.4994549945025324f,-0.13128367031182522f,0.19126742706772104f,0.9782698545709491f,-0.24179963292222642f,0.26412224472159196f,0.46423711055915334f,-0.30398397851619835f,-0.8626354070439299f,0.10591391498095568f,0f,0f,0f,1f],start_interpolation:0}
execute if entity @s[tag=aj.dino.bone.leg_right_1] run data modify entity @s {} merge value {transformation:[-0.6894989290432731f,0.6343898663016327f,-0.3494863722407158f,0.045863876180030676f,-0.10771805307098367f,0.38734195537891963f,0.9156216634865257f,0.31864453776115975f,0.7162318394840993f,0.6689661479753904f,-0.19873662212131857f,0.31245556209695236f,0f,0f,0f,1f],start_interpolation:0}
execute if entity @s[tag=aj.dino.bone.leg_right_0] run data modify entity @s {} merge value {transformation:[-0.7236996972656878f,-0.5705342700524734f,-0.38826459389602275f,-0.062390621397620284f,-0.07090462191897996f,0.6211023512957435f,-0.7805154731364559f,0.6342928236703185f,0.6864628779242755f,-0.5373290573853142f,-0.4899451003136282f,0.06154840412557541f,0f,0f,0f,1f],start_interpolation:0}
execute if entity @s[tag=aj.dino.bone.tail_4] run data modify entity @s {} merge value {transformation:[0.803011221596013f,-1.40679571387838f,-2.2364615196788655f,-1.4079523023041636f,0.4634015872029796f,2.3762295554013013f,-1.3283272942370388f,0.8945997195023426f,2.6011715204054955f,0.010965904009848721f,0.9270640765236295f,-0.6871517342713022f,0f,0f,0f,1f],start_interpolation:0}
execute if entity @s[tag=aj.dino.bone.tail_3] run data modify entity @s {} merge value {transformation:[0.1292862068284073f,-0.22521429479483304f,-2.0660370577965037f,-1.05542486721655f,0.9282232161895744f,1.8583514054217762f,-0.14448958764574113f,0.9009143866537548f,1.8594709633912139f,-0.9120055380486569f,0.21577571901855763f,-0.7148146322409833f,0f,0f,0f,1f],start_interpolation:0}
execute if entity @s[tag=aj.dino.bone.tail_2] run data modify entity @s {} merge value {transformation:[0.4751679426781491f,0.36774372626739593f,-1.8595036577121227f,-0.7093083324135732f,0.6762375641169343f,1.7580057400951588f,0.5204732939089621f,0.8050779011285601f,1.7707885413371598f,-0.7700352229516652f,0.3002125451835243f,-0.7694973200617148f,0f,0f,0f,1f],start_interpolation:0}
execute if entity @s[tag=aj.dino.bone.tail_1] run data modify entity @s {} merge value {transformation:[-0.5461180279921367f,0.6593881572138929f,-1.2468434575471161f,-0.44854012463015164f,0.8219527454612718f,1.2353280024110287f,0.29328256117242135f,0.7260808869040577f,1.146213345643235f,-0.5716889316623545f,-0.8043773876011796f,-0.5905110341293445f,0f,0f,0f,1f],start_interpolation:0}
execute if entity @s[tag=aj.dino.bone.tail_0] run data modify entity @s {} merge value {transformation:[-0.8785126660980901f,0.37874670873368027f,-0.8477040419348364f,-0.19168146834197897f,0.1406392243114601f,1.2078473311692777f,0.39390500092833547f,0.6401201981210867f,0.9177536819181524f,0.1774583663699344f,-0.8718213257973316f,-0.3314621932236711f,0f,0f,0f,1f],start_interpolation:0}
execute if entity @s[tag=aj.dino.bone.body_1] run data modify entity @s {} merge value {transformation:[-0.8490368294464381f,-0.0336620066334639f,-0.8981135377051161f,0.019384723636739175f,-0.05962041609647875f,1.2348880258894126f,0.010077924175249381f,0.55459875f,0.8967644413580823f,0.050229750951084465f,-0.8496441042526977f,-0.13731517078473068f,0f,0f,0f,1f],start_interpolation:0}