execute if entity @s[tag=aj.dino.bone.head_lower] run data modify entity @s {} merge value {transformation:[-0.992451036649108f,-0.052910715723378736f,0.11064084243962896f,-0.31503455667807023f,-0.0461409258867279f,0.9969540097393668f,0.0628785927237086f,0.5911367716410029f,-0.1136307828558199f,0.057298853620629586f,-0.9918693898701255f,0.7569675990262118f,0f,0f,0f,1f],start_interpolation:0}
execute if entity @s[tag=aj.dino.bone.head_upper] run data modify entity @s {} merge value {transformation:[-1.0330418705267914f,-0.09807848938658327f,0.08171319502786076f,-0.31192447658327366f,-0.04802807053010929f,0.9159270924226957f,0.4921816822990965f,0.6456184716184517f,-0.11827823452846342f,0.4846958983416919f,-0.9135382246797761f,0.7048376818848229f,0f,0f,0f,1f],start_interpolation:0}
execute if entity @s[tag=aj.dino.bone.neck_0] run data modify entity @s {} merge value {transformation:[-0.9829891685184056f,0.06624616640790465f,0.171300145977025f,-0.3016055590739103f,0.025169885860466232f,0.9724744928267591f,-0.2316459316437672f,0.6148465939146228f,-0.18193067751554437f,-0.22339383661505516f,-0.9575993015563142f,0.6466024027293793f,0f,0f,0f,1f],start_interpolation:0}
execute if entity @s[tag=aj.dino.bone.neck_1] run data modify entity @s {} merge value {transformation:[-0.9642745996345036f,0.03508106431983026f,0.2625715434427465f,-0.2792006890146136f,0.02027347506903842f,0.9980583868513493f,-0.058893485584636376f,0.6144554729395316f,-0.2641277772373502f,-0.051466254593380154f,-0.9631135664758264f,0.564776944181687f,0f,0f,0f,1f],start_interpolation:0}
execute if entity @s[tag=aj.dino.bone.neck_2] run data modify entity @s {} merge value {transformation:[-0.9358320057296431f,-0.03385238660030989f,0.35081686529227274f,-0.24879793651107945f,-0.0010355961016786782f,0.9956363519503408f,0.09331228330574337f,0.6323782309575534f,-0.35244486745127623f,0.08696131666712675f,-0.931783421622628f,0.4839971337128766f,0f,0f,0f,1f],start_interpolation:0}
execute if entity @s[tag=aj.dino.bone.body_0] run data modify entity @s {} merge value {transformation:[-0.9198482577695162f,0.05988002198895049f,0.38767714098846295f,-0.06551672169302333f,0.006761412649601058f,0.9905539808593474f,-0.13695654165713103f,0.5772673913217401f,-0.3922160960202521f,-0.12335799110840953f,-0.9115642270582638f,0.05320519280337188f,0f,0f,0f,1f],start_interpolation:0}
execute if entity @s[tag=aj.dino.bone.leg_left_3] run data modify entity @s {} merge value {transformation:[-0.9875496868748546f,0.0363084672928364f,0.1530598286821914f,0.2519050172854714f,0.02597734265659544f,0.9972807840585615f,-0.06896532038671443f,0.015316770564088672f,-0.15514765103564618f,-0.06413059293648687f,-0.9858075235195434f,-0.054271800036631665f,0f,0f,0f,1f],start_interpolation:0}
execute if entity @s[tag=aj.dino.bone.leg_left_2] run data modify entity @s {} merge value {transformation:[-1.0036093358188296f,-0.04490950659014923f,0.20691456395288227f,0.24627428559838832f,-0.117879513093062f,0.9511638542022228f,-0.36531348504101097f,0.22555898525922558f,-0.17588325943910843f,-0.3812252066399804f,-0.9358389927610802f,-0.17232932028319467f,0f,0f,0f,1f],start_interpolation:0}
execute if entity @s[tag=aj.dino.bone.leg_left_1] run data modify entity @s {} merge value {transformation:[-0.9005801680622075f,-0.25622564097821887f,0.35114638229426026f,0.1759779155874968f,0.21531552631698078f,0.4388042039490503f,0.8724047768802516f,0.29421115371418727f,-0.37761698190082443f,0.8612777086990819f,-0.34000900499570796f,0.0872061990383213f,0f,0f,0f,1f],start_interpolation:0}
execute if entity @s[tag=aj.dino.bone.leg_left_0] run data modify entity @s {} merge value {transformation:[-0.9198133222820292f,0.30626249937742644f,0.24524831014216558f,0.16930991219512415f,0.16449292048212602f,0.8684894021165691f,-0.4676197574124358f,0.6924020069047117f,-0.3562099539088668f,-0.389781271851658f,-0.8492261352843227f,-0.03812081612846008f,0f,0f,0f,1f],start_interpolation:0}
execute if entity @s[tag=aj.dino.bone.leg_right_3] run data modify entity @s {} merge value {transformation:[-0.877499543660168f,0.008120336553783275f,0.47950871838836306f,-0.2204779026766968f,0.021546145087297065f,0.9995145736948037f,0.022502902114464596f,0.046273788226206175f,-0.47909322110427977f,0.030077850753491425f,-0.8772485442484229f,-0.14765742205982282f,0f,0f,0f,1f],start_interpolation:0}
execute if entity @s[tag=aj.dino.bone.leg_right_2] run data modify entity @s {} merge value {transformation:[-0.9020233491884747f,0.1633429223027256f,0.4601468969286953f,-0.1667829250403195f,0.01960352231013408f,0.977941361351078f,-0.30872090174222383f,0.2646592285062434f,-0.4878850058492653f,-0.2627013189786102f,-0.8631445056159808f,-0.23481085524715584f,0f,0f,0f,1f],start_interpolation:0}
execute if entity @s[tag=aj.dino.bone.leg_right_1] run data modify entity @s {} merge value {transformation:[-0.9082172099180019f,-0.3852524654648745f,-0.16346876601356033f,-0.2808619237973667f,-0.31946026623102197f,0.38588144773652266f,0.8654713435997581f,0.31722755364936495f,-0.27034540482198866f,0.838257744459305f,-0.4735370270059503f,0.012648108813559406f,0f,0f,0f,1f],start_interpolation:0}
execute if entity @s[tag=aj.dino.bone.leg_right_0] run data modify entity @s {} merge value {transformation:[-0.9143355027240175f,0.0054623989641734705f,0.4049206720531497f,-0.2053653498564682f,-0.2652580092307262f,0.7474582888747761f,-0.609051964064926f,0.6911276475152093f,-0.3059881974805077f,-0.6642862851135406f,-0.6819787052486915f,-0.15707597814746205f,0f,0f,0f,1f],start_interpolation:0}
execute if entity @s[tag=aj.dino.bone.tail_4] run data modify entity @s {} merge value {transformation:[-2.64841587500095f,-0.38131661646570114f,-0.6827534860036276f,0.23746877739933303f,-0.5813479181675525f,2.572567199381751f,0.8182871954927475f,0.7458809646137816f,0.5230576284552287f,0.9285240838407385f,-2.5475311724574654f,-1.8314272785157222f,0f,0f,0f,1f],start_interpolation:0}
execute if entity @s[tag=aj.dino.bone.tail_3] run data modify entity @s {} merge value {transformation:[-2.0499907263806993f,-0.30459516177425394f,-0.20175563244007416f,0.2746597797424324f,-0.3212999491525658f,2.050392108980621f,0.16912737255986945f,0.6971385157069082f,0.17392495643850708f,0.19763479677972295f,-2.065583724440659f,-1.4831146223373368f,0f,0f,0f,1f],start_interpolation:0}
execute if entity @s[tag=aj.dino.bone.tail_2] run data modify entity @s {} merge value {transformation:[-1.9321076939773298f,-0.27849566787313457f,0.09040960597348184f,0.2563578752394706f,-0.28297301208682535f,1.931036655858234f,-0.09898274175397805f,0.7157894439794121f,-0.07523302670299073f,-0.1109570714759636f,-1.949564668069608f,-1.1207768418958282f,0f,0f,0f,1f],start_interpolation:0}
execute if entity @s[tag=aj.dino.bone.tail_1] run data modify entity @s {} merge value {transformation:[-1.4925591802481342f,-0.11810472036716053f,0.21441692676655424f,0.21308740215288574f,-0.12806168902863266f,1.5057920723139226f,-0.062021679755363344f,0.7108514115109029f,-0.20862297874431987f,-0.07935842730005353f,-1.4959394849913914f,-0.7976979676359484f,0f,0f,0f,1f],start_interpolation:0}
execute if entity @s[tag=aj.dino.bone.tail_0] run data modify entity @s {} merge value {transformation:[-1.208702655675389f,-0.07018824091877628f,0.40981363762571155f,0.09163656500077935f,-0.05297564402527954f,1.2756008119918893f,0.06222432136846995f,0.7234505384560318f,-0.412392031794259f,0.041855655130311614f,-1.2091387980005617f,-0.4433494563422584f,0f,0f,0f,1f],start_interpolation:0}
execute if entity @s[tag=aj.dino.bone.body_1] run data modify entity @s {} merge value {transformation:[-1.1783960292148385f,-0.04313438659922787f,0.3716541646203634f,0.008137584812518382f,-0.004008004254562789f,1.229508560863861f,0.12998934464264056f,0.6104137099125364f,-0.3741274238663176f,0.1226895207890068f,-1.1719985269854083f,-0.1791402257930968f,0f,0f,0f,1f],start_interpolation:0}