execute if entity @s[tag=aj.dino.bone.head_lower] run data modify entity @s {} merge value {transformation:[0.3773743040845784f,0.33646682269006656f,-0.8627738474510753f,0.8474596138187458f,-0.4670903747238847f,0.8736262849806558f,0.13639536660458412f,0.23017588734821495f,0.7996344267582414f,0.3515212531551247f,0.4868445256170286f,-0.3939442015926775f,0f,0f,0f,1f],start_interpolation:0}
execute if entity @s[tag=aj.dino.bone.head_upper] run data modify entity @s {} merge value {transformation:[0.3928087558823443f,0.9133318070978258f,-0.30821783535203123f,0.8468424516338487f,-0.4861941764291022f,0.4751143612978821f,0.7882597979590483f,0.2950340799474766f,0.8323391416316424f,-0.15350340848148133f,0.6059044474799435f,-0.35536324184059925f,0f,0f,0f,1f],start_interpolation:0}
execute if entity @s[tag=aj.dino.bone.neck_0] run data modify entity @s {} merge value {transformation:[0.32800672270406883f,0.6419106381246281f,-0.6930817574596585f,0.791501085256729f,-0.4519080154483555f,0.7508994114318006f,0.4815903025237367f,0.3141321292840359f,0.82957262215822f,0.1552443447401809f,0.5363846175942475f,-0.32346756919761155f,0f,0f,0f,1f],start_interpolation:0}
execute if entity @s[tag=aj.dino.bone.neck_1] run data modify entity @s {} merge value {transformation:[0.34087762554581413f,0.6032946309892285f,-0.7209979421758554f,0.7332023994095815f,-0.14717675373421038f,0.7917207929141745f,0.5928888506521355f,0.368004955328293f,0.9285157228407644f,-0.09598840704439841f,0.3586708493181062f,-0.2935256472981733f,0f,0f,0f,1f],start_interpolation:0}
execute if entity @s[tag=aj.dino.bone.neck_2] run data modify entity @s {} merge value {transformation:[0.16031483408617328f,0.4003422150608811f,-0.902233486860286f,0.6580795797087994f,-0.2137151575201295f,0.9064520066820583f,0.3642397438888514f,0.40878982036895717f,0.9636519005419275f,0.13442793765515032f,0.23087690261200683f,-0.27198296552548695f,0f,0f,0f,1f],start_interpolation:0}
execute if entity @s[tag=aj.dino.bone.body_0] run data modify entity @s {} merge value {transformation:[0.36448241537807613f,0.20224877178952572f,-0.9089818497581742f,0.23160651496196843f,-0.24839107388105347f,0.961878487537797f,0.11441874683904305f,0.47187804162580443f,0.8974711378625947f,0.1840793565873923f,0.4008245840539114f,-0.08132225618237808f,0f,0f,0f,1f],start_interpolation:0}
execute if entity @s[tag=aj.dino.bone.leg_left_3] run data modify entity @s {} merge value {transformation:[0.2028081779560591f,0.16311702966846198f,-0.9655369892377409f,-0.48167182128603137f,-0.013923047507297375f,0.9864088234429693f,0.1637186054850418f,0.08257763929215367f,0.9791194981728497f,-0.019760254704718004f,0.20232286235557193f,-0.37961275849791304f,0f,0f,0f,1f],start_interpolation:0}
execute if entity @s[tag=aj.dino.bone.leg_left_2] run data modify entity @s {} merge value {transformation:[0.13450559223123698f,0.16743092706468132f,-1.0029642714581013f,-0.4734313346288719f,-0.2948349353554221f,0.9746612743188506f,0.12316639451495134f,0.31311875994462857f,0.9731612436041535f,0.2721479092444217f,0.17594007201715542f,-0.30922839848825023f,0f,0f,0f,1f],start_interpolation:0}
execute if entity @s[tag=aj.dino.bone.leg_left_1] run data modify entity @s {} merge value {transformation:[0.06718974813929116f,0.9967858072419692f,-0.0436301756351532f,-0.20165992528296184f,0.10193233411531569f,0.03664243486059282f,0.994116256395242f,0.2683191199753048f,0.9925196909919634f,-0.07124174652872364f,-0.09914270797569937f,-0.3430910472405611f,0f,0f,0f,1f],start_interpolation:0}
execute if entity @s[tag=aj.dino.bone.leg_left_0] run data modify entity @s {} merge value {transformation:[0.040781706193612405f,0.4402322350806757f,-0.8969573187369678f,0.04894940786201145f,0.05011854353013139f,0.8956727914250053f,0.44188050680626006f,0.5898450972203417f,0.9979103086121298f,-0.06297483542504602f,0.014463266188249418f,-0.25296176974590434f,0f,0f,0f,1f],start_interpolation:0}
execute if entity @s[tag=aj.dino.bone.leg_right_3] run data modify entity @s {} merge value {transformation:[-0.3384958100567452f,0.03470522124731851f,-0.9403276738415184f,0.16522325099740803f,0.023076511990424757f,0.9993252249624217f,0.028575677562577756f,0.03616027170884775f,0.9406848894121684f,-0.01202673571586712f,-0.3390682769880381f,0.28226391277595597f,0f,0f,0f,1f],start_interpolation:0}
execute if entity @s[tag=aj.dino.bone.leg_right_2] run data modify entity @s {} merge value {transformation:[-0.35622158088914324f,-0.0911008725877188f,-0.9575327753258833f,0.1149483526212014f,0.17758761770351383f,0.9973061537839574f,-0.16095115148309314f,0.26338127105688525f,0.9453205926287253f,-0.22168280524005302f,-0.33058722073557306f,0.21890679703859922f,0f,0f,0f,1f],start_interpolation:0}
execute if entity @s[tag=aj.dino.bone.leg_right_1] run data modify entity @s {} merge value {transformation:[-0.18606573528567658f,0.9187356919659088f,-0.3482876260514034f,0.3793063838358348f,-0.1860006145101218f,0.3151319367105896f,0.930642591904588f,0.2959306587348774f,0.9647711197763217f,0.23794241062272742f,0.11225014776198591f,0.296809007237516f,0f,0f,0f,1f],start_interpolation:0}
execute if entity @s[tag=aj.dino.bone.leg_right_0] run data modify entity @s {} merge value {transformation:[-0.24235838105664648f,-0.9594206111504222f,-0.1441336394855534f,0.042520422049037276f,-0.17441213657598226f,0.18922813240495645f,-0.9663193677669579f,0.46917208965160306f,0.9543808578060451f,-0.2090569415405343f,-0.2131956224858178f,0.12111068305165423f,0f,0f,0f,1f],start_interpolation:0}
execute if entity @s[tag=aj.dino.bone.tail_4] run data modify entity @s {} merge value {transformation:[0.3546879373925589f,-1.5931422815255396f,2.2274998247999505f,-0.8198426311430748f,2.4553791515768064f,1.1797283501104876f,0.45278645468647605f,0.49827087299830747f,-1.2128359413664216f,1.9224463639751268f,1.5680849111475579f,0.9905421372144514f,0f,0f,0f,1f],start_interpolation:0}
execute if entity @s[tag=aj.dino.bone.tail_3] run data modify entity @s {} merge value {transformation:[0.3030607174406851f,-1.9594676808914142f,0.6360708570047872f,-0.908521813482668f,2.0105677872531005f,0.42148304916689716f,0.3404625356329092f,0.4364164659236909f,-0.44912904654336533f,0.5646095755931186f,1.9533163217318519f,0.653806724197355f,0f,0f,0f,1f],start_interpolation:0}
execute if entity @s[tag=aj.dino.bone.tail_2] run data modify entity @s {} merge value {transformation:[1.0566159850805117f,-1.6329703547096477f,-0.1890617775082106f,-0.8729829025880551f,1.6437061957064347f,1.052748667848782f,0.09340267416766765f,0.4205190477117224f,0.02380078299966622f,-0.20952789309502076f,1.942757179821128f,0.2926201493142909f,0f,0f,0f,1f],start_interpolation:0}
execute if entity @s[tag=aj.dino.bone.tail_1] run data modify entity @s {} merge value {transformation:[0.7060357678500851f,-0.904235166786488f,-0.9856614569226867f,-0.6505007400544618f,1.0456751189366071f,1.0681372430776257f,-0.23087361388309766f,0.4561445905816466f,0.8341062822885665f,-0.5736705004592284f,1.123754918454022f,0.057016276153370474f,0f,0f,0f,1f],start_interpolation:0}
execute if entity @s[tag=aj.dino.bone.tail_0] run data modify entity @s {} merge value {transformation:[0.5199745106198305f,0.16806953245510417f,-1.15551497487052f,-0.3087765905228395f,-0.14853893037576416f,1.2641503581671176f,0.1170289480974678f,0.45245221197054175f,1.1581875543505549f,0.08667306842554164f,0.5337837434216312f,-0.0968761644272604f,0f,0f,0f,1f],start_interpolation:0}
execute if entity @s[tag=aj.dino.bone.body_1] run data modify entity @s {} merge value {transformation:[-0.02021988671577709f,-0.25929179971076516f,-1.2087032364646848f,-0.010304876506878533f,-0.3795302421989979f,1.1517852034999778f,-0.24073270511323355f,0.4308382866883778f,1.1765001260067172f,0.36710107961911187f,-0.09843193539147425f,-0.09871898110361985f,0f,0f,0f,1f],start_interpolation:0}