execute if entity @s[tag=aj.dino.bone.head_lower] run data modify entity @s {} merge value {transformation:[-0.8829858333789784f,-0.10887789820314199f,-0.4565978770591222f,-0.6107147251518591f,-0.25205138933900834f,0.9305727155841212f,0.2655268689655904f,0.15406741365241966f,0.39598751897541734f,0.3495425929600861f,-0.8491253503001974f,0.16482867269391335f,0f,0f,0f,1f],start_interpolation:0}
execute if entity @s[tag=aj.dino.bone.head_upper] run data modify entity @s {} merge value {transformation:[-0.9190995860534148f,0.07717477360564354f,-0.4824644523888432f,-0.642526929091245f,-0.2623601861415616f,0.7891313219458475f,0.6260278204962393f,0.21486241344800955f,0.41218324350671237f,0.6743795323305891f,-0.6773397690445833f,0.1334056210889209f,0f,0f,0f,1f],start_interpolation:0}
execute if entity @s[tag=aj.dino.bone.neck_0] run data modify entity @s {} merge value {transformation:[-0.9335894581034848f,-0.35833978458228416f,0.0018227735909177312f,-0.6362908724486395f,-0.3515104613876051f,0.9167618694950193f,0.18970521915611693f,0.2123619263633564f,-0.06964997669141407f,0.17646606876541346f,-0.9818393999638464f,0.0670761750171604f,0f,0f,0f,1f],start_interpolation:0}
execute if entity @s[tag=aj.dino.bone.neck_1] run data modify entity @s {} merge value {transformation:[-0.9748875098298428f,-0.1854244276196611f,0.12333744289423654f,-0.62669679939155f,-0.1067596691074761f,0.8751758785379057f,0.4718787499744689f,0.25636807577022663f,-0.19543980206147948f,0.44686123491227814f,-0.8729938834280819f,-0.004819231102331574f,0f,0f,0f,1f],start_interpolation:0}
execute if entity @s[tag=aj.dino.bone.neck_2] run data modify entity @s {} merge value {transformation:[-0.8184973406629827f,-0.29242547509010447f,0.4945194079568078f,-0.586236218526028f,-0.011623076723594063f,0.8690192748824276f,0.4946416925111522f,0.30821063968504325f,-0.5743927292498597f,0.39911507288142667f,-0.7146888492090462f,-0.0635237484489834f,0f,0f,0f,1f],start_interpolation:0}
execute if entity @s[tag=aj.dino.bone.body_0] run data modify entity @s {} merge value {transformation:[-0.6450267488629786f,-0.06647589009422034f,0.7612630618172911f,-0.22808905817603062f,0.12891081589166026f,0.9724655268251814f,0.1941463383192401f,0.4089750306110508f,-0.7532081351110079f,0.2233646238167618f,-0.6186968159202002f,-0.3529854104314796f,0f,0f,0f,1f],start_interpolation:0}
execute if entity @s[tag=aj.dino.bone.leg_left_3] run data modify entity @s {} merge value {transformation:[0.20373237765418245f,0.03788594954274298f,0.9782932960634139f,-0.04982075493453069f,-0.05734769830119457f,0.9979970046099802f,-0.02670618447217875f,0.013140984667773276f,-0.9773455682587038f,-0.05066195433213774f,0.2054969746451749f,0.07267157321602917f,0f,0f,0f,1f],start_interpolation:0}
execute if entity @s[tag=aj.dino.bone.leg_left_2] run data modify entity @s {} merge value {transformation:[0.4280491604006439f,0.028129857922540222f,0.9316892329925551f,-0.013806289263969596f,-0.26507690335893624f,0.9865762886718017f,0.09199815996477799f,0.24554240577650224f,-0.89362763558802f,-0.2791740267727739f,0.4189913020452019f,0.01915886635940682f,0f,0f,0f,1f],start_interpolation:0}
execute if entity @s[tag=aj.dino.bone.leg_left_1] run data modify entity @s {} merge value {transformation:[0.4499577835959843f,-0.8838451191444923f,-0.12788978984206484f,-0.25609778359297247f,0.13707468183578128f,-0.07315628480061348f,0.9878556015905314f,0.17054604471978402f,-0.8824672937741141f,-0.46202376925719923f,0.08823554873383885f,-0.09346334842894985f,0f,0f,0f,1f],start_interpolation:0}
execute if entity @s[tag=aj.dino.bone.leg_left_0] run data modify entity @s {} merge value {transformation:[0.4347853953056775f,0.28534387438332454f,0.8541314497082982f,-0.16303919958193822f,0.08251251357419881f,0.931859295944485f,-0.3533128042762053f,0.5747803542939778f,-0.8967459758106269f,0.22409178011199352f,0.38161437204812476f,-0.14081312635228577f,0f,0f,0f,1f],start_interpolation:0}
execute if entity @s[tag=aj.dino.bone.leg_right_3] run data modify entity @s {} merge value {transformation:[0.6618089997628969f,-0.14240872971750562f,0.7360221474473985f,-0.03359604026651415f,0.11285080016460401f,0.9895287641564892f,0.08998623121977856f,0.01021275932165791f,-0.7411299108355042f,0.02350699060231451f,0.670949980742067f,-0.6838681091291756f,0f,0f,0f,1f],start_interpolation:0}
execute if entity @s[tag=aj.dino.bone.leg_right_2] run data modify entity @s {} merge value {transformation:[0.671011795687415f,-0.024578123273247647f,0.7753717078959032f,-0.016403699478025086f,0.24719257575344908f,0.9785213341663744f,-0.18290442469860566f,0.23226860639671182f,-0.7353238742495856f,0.3065193532851026f,0.6460703410008513f,-0.5913116600615481f,0f,0f,0f,1f],start_interpolation:0}
execute if entity @s[tag=aj.dino.bone.leg_right_1] run data modify entity @s {} merge value {transformation:[0.5465783298704386f,-0.7749317200719443f,0.3173845593950333f,-0.23287586899270898f,-0.12232464639756062f,0.30105794788893536f,0.9457276526022778f,0.26146262277602506f,-0.8284255006937882f,-0.5557381948716864f,0.06975850171130174f,-0.7624867017382364f,0f,0f,0f,1f],start_interpolation:0}
execute if entity @s[tag=aj.dino.bone.leg_right_0] run data modify entity @s {} merge value {transformation:[0.5890465773975588f,0.7158998369571183f,0.374848706948541f,-0.050797112749684986f,-0.09139345327581562f,0.5199070577520494f,-0.8493196618458381f,0.5453617902515481f,-0.8029142957716864f,0.46603012214274153f,0.3716780312327842f,-0.5164056829737826f,0f,0f,0f,1f],start_interpolation:0}
execute if entity @s[tag=aj.dino.bone.tail_4] run data modify entity @s {} merge value {transformation:[0.8848097088303076f,-1.0020144576142933f,-2.4163485132512568f,-0.12360622956042591f,-2.528220077911852f,-0.9823511358889429f,-0.5184118199473172f,0.20380098309163808f,-0.6714732670799436f,2.3783638502444573f,-1.2321405678928645f,0.622797948743179f,0f,0f,0f,1f],start_interpolation:0}
execute if entity @s[tag=aj.dino.bone.tail_3] run data modify entity @s {} merge value {transformation:[0.8045518098599452f,0.46184384688901464f,-1.8642269637536861f,0.1879782679925485f,-1.8111870066484004f,-0.48995863994935124f,-0.9030435671280937f,0.36171843083019173f,-0.638939385422074f,1.9704279530787678f,0.21240449507184173f,0.5674998111690502f,0f,0f,0f,1f],start_interpolation:0}
execute if entity @s[tag=aj.dino.bone.tail_2] run data modify entity @s {} merge value {transformation:[1.0248679785522057f,1.0799375697252749f,-1.2657623580423614f,0.4242955335223397f,-1.5662514559144445f,0.12449466942682534f,-1.1619515175483717f,0.576594147144926f,-0.5614943262286591f,1.6238872490979626f,0.9308534787134073f,0.3944273970762995f,0f,0f,0f,1f],start_interpolation:0}
execute if entity @s[tag=aj.dino.bone.tail_1] run data modify entity @s {} merge value {transformation:[1.3832082146383287f,0.6117324511086829f,0.013217156184711499f,0.4126520734544791f,-0.5688045344900758f,1.297583436589732f,-0.5295232540989192f,0.6752234463587006f,-0.22550540237558947f,0.4792878919277466f,1.4167168666148082f,0.08392237590421611f,0f,0f,0f,1f],start_interpolation:0}
execute if entity @s[tag=aj.dino.bone.tail_0] run data modify entity @s {} merge value {transformation:[1.1036600961439227f,-0.05143080196180976f,0.6427479921191357f,0.22358505443677149f,0.016024633653127177f,1.275937542645636f,0.07458092898138369f,0.684219811275563f,-0.6446032267060865f,-0.05633805517594878f,1.1023377069859857f,-0.23956586041794395f,0f,0f,0f,1f],start_interpolation:0}
execute if entity @s[tag=aj.dino.bone.body_1] run data modify entity @s {} merge value {transformation:[0.3530140439741695f,-0.4005119748380087f,1.115157315280948f,-0.00869607676397019f,-0.09252470756403466f,1.15072591294256f,0.44257614805697754f,0.5038175f,-1.1812810242712963f,-0.20982046218164757f,0.2985885302597655f,-0.29485061402660134f,0f,0f,0f,1f],start_interpolation:0}