execute if entity @s[tag=aj.dino.bone.head_lower] run data modify entity @s {} merge value {transformation:[-0.9616524331286556f,0.08759872284792117f,0.25990587067850107f,-0.6492866351120602f,0.11611214687902853f,0.9885433656860174f,0.09643642208887646f,0.8360772363577832f,-0.24848051675107158f,0.12291654857493403f,-0.9608064086388819f,0.42653392854519373f,0f,0f,0f,1f],start_interpolation:0}
execute if entity @s[tag=aj.dino.bone.head_upper] run data modify entity @s {} merge value {transformation:[-1.0009836169551038f,0.11207963491105156f,0.2625678895241961f,-0.6289799119165198f,0.12086108530631962f,1.0336747058965303f,0.019522884822879033f,0.8606715036283505f,-0.2586432663526418f,0.04926155104576218f,-1.0070496030198857f,0.35813644684973606f,0f,0f,0f,1f],start_interpolation:0}
execute if entity @s[tag=aj.dino.bone.neck_0] run data modify entity @s {} merge value {transformation:[-0.8685852496013576f,0.4347588237257436f,0.2377907259914802f,-0.6203802069893853f,0.19370513550872787f,0.7395639705685391f,-0.644611087334404f,0.8069226411788357f,-0.45611181156871267f,-0.5138383973872571f,-0.7265893728358558f,0.31964175741279893f,0f,0f,0f,1f],start_interpolation:0}
execute if entity @s[tag=aj.dino.bone.neck_1] run data modify entity @s {} merge value {transformation:[-0.7773437795037088f,0.3432682251237046f,0.5271656040442236f,-0.5741409674736698f,0.10945988070272328f,0.8990231750944071f,-0.42399984099020216f,0.7751459770388157f,-0.6194797680178387f,-0.2718901547750354f,-0.736424171760387f,0.2560044005406606f,0f,0f,0f,1f],start_interpolation:0}
execute if entity @s[tag=aj.dino.bone.neck_2] run data modify entity @s {} merge value {transformation:[-0.6415776056950739f,0.15525312978549569f,0.7511821627024862f,-0.5068117509809056f,-0.005448174883238524f,0.9783557562943728f,-0.206858240145535f,0.7666023580917354f,-0.7670387821101474f,-0.1368081862224414f,-0.626845297439095f,0.19974861349703096f,0f,0f,0f,1f],start_interpolation:0}
execute if entity @s[tag=aj.dino.bone.body_0] run data modify entity @s {} merge value {transformation:[-0.5556486213702987f,0.3551608609547533f,0.7517415595902389f,-0.14913542182520417f,-0.020508683548219272f,0.8980387529847291f,-0.43943804118072416f,0.5680517988465352f,-0.83116424578323f,-0.25959037151541486f,-0.4917101133270326f,-0.03446544177772323f,0f,0f,0f,1f],start_interpolation:0}
execute if entity @s[tag=aj.dino.bone.leg_left_3] run data modify entity @s {} merge value {transformation:[-0.8307109350822096f,0.13085675377368253f,0.5411061377647222f,0.2626841779109525f,0.043185291277216764f,0.984200090332698f,-0.1717125877925407f,0.008336308636176765f,-0.5550264614882274f,-0.11927569819926812f,-0.8232368643755783f,0.10574430499601156f,0f,0f,0f,1f],start_interpolation:0}
execute if entity @s[tag=aj.dino.bone.leg_left_2] run data modify entity @s {} merge value {transformation:[-0.8025221193000515f,0.014561703417504561f,0.6385987819659765f,0.28456903717696747f,-0.3035387690120025f,0.893565185393027f,-0.4018304053464566f,0.20373579312170653f,-0.562036176096812f,-0.5033799914058961f,-0.6948281229997587f,-0.033938072073222f,0f,0f,0f,1f],start_interpolation:0}
execute if entity @s[tag=aj.dino.bone.leg_left_1] run data modify entity @s {} merge value {transformation:[-0.6591273400862923f,-0.6576224525511759f,0.36480660554785127f,0.0996925261193741f,0.02171383322643038f,0.4682505012629209f,0.883328918078446f,0.28366392359538956f,-0.7517178054279308f,0.5901475899871147f,-0.2943572031308497f,0.15696911814736417f,0f,0f,0f,1f],start_interpolation:0}
execute if entity @s[tag=aj.dino.bone.leg_left_0] run data modify entity @s {} merge value {transformation:[-0.6811702134750096f,0.36714963970599834f,0.6334100428144198f,0.11308037843018794f,-0.028479084883478993f,0.8512237805278158f,-0.524029595717773f,0.6572299054856225f,-0.7315709685318367f,-0.37499228995765826f,-0.569372198543011f,-0.028978458199688722f,0f,0f,0f,1f],start_interpolation:0}
execute if entity @s[tag=aj.dino.bone.leg_right_3] run data modify entity @s {} merge value {transformation:[-0.5607887346016495f,0.0008523074303425637f,0.8279584945611249f,-0.29197606643446244f,0.048803267696723295f,0.9982947851915017f,0.03202753380413864f,0.09441229192679726f,-0.8265193501703407f,0.05836776020627692f,-0.5598740647346505f,-0.255333233722799f,0f,0f,0f,1f],start_interpolation:0}
execute if entity @s[tag=aj.dino.bone.leg_right_2] run data modify entity @s {} merge value {transformation:[-0.579618670503705f,0.2569941033082944f,0.8062620090076035f,-0.20625479883989806f,0.04400661005645686f,0.9850884890339918f,-0.2823584362911087f,0.3152405771355575f,-0.8450845014408621f,-0.12496759235172487f,-0.567694887934493f,-0.3006962671283723f,0f,0f,0f,1f],start_interpolation:0}
execute if entity @s[tag=aj.dino.bone.leg_right_1] run data modify entity @s {} merge value {transformation:[-0.6818024172348908f,-0.7287108586845361f,0.06423354488042521f,-0.42120799454056074f,-0.30221486592247593f,0.36054372938939777f,0.8824252908963142f,0.36036971514567645f,-0.6661918932770945f,0.5822273642085454f,-0.4660468406701733f,-0.13107353804909522f,0f,0f,0f,1f],start_interpolation:0}
execute if entity @s[tag=aj.dino.bone.leg_right_0] run data modify entity @s {} merge value {transformation:[-0.658161245815144f,0.5409150769118376f,0.5236741869488301f,-0.17492939717834238f,-0.244980312776609f,0.5038442138037657f,-0.8283270215128443f,0.6541115639978091f,-0.7119047835623331f,-0.6734626105330019f,-0.19909719072639256f,-0.2965119171474237f,0f,0f,0f,1f],start_interpolation:0}
execute if entity @s[tag=aj.dino.bone.tail_4] run data modify entity @s {} merge value {transformation:[-2.001310402961081f,-0.7372272629731206f,-1.7541134414081991f,0.4857621578196725f,-1.4575782203012304f,2.2303928112402818f,0.7255859500232694f,0.7493993853037481f,1.2230632585043384f,1.4517249057231307f,-2.0055603694229487f,-1.6983080797374106f,0f,0f,0f,1f],start_interpolation:0}
execute if entity @s[tag=aj.dino.bone.tail_3] run data modify entity @s {} merge value {transformation:[-1.840262608445714f,-0.7657669287927397f,-0.6024782724450367f,0.5954138393416661f,-0.8583079081783593f,1.883446443038611f,0.2277774286625821f,0.6923457486477645f,0.46117956671941734f,0.44963989259960413f,-1.9801724420534568f,-1.3669440884551773f,0f,0f,0f,1f],start_interpolation:0}
execute if entity @s[tag=aj.dino.bone.tail_2] run data modify entity @s {} merge value {transformation:[-1.807832801455246f,-0.735750291086567f,0.09584334171598101f,0.5760849046213957f,-0.7294654363938896f,1.8086245226289863f,0.12462499048955028f,0.6690692029749111f,-0.13562674548895798f,0.07951553504743797f,-1.9478338072322723f,-1.0049274055892359f,0f,0f,0f,1f],start_interpolation:0}
execute if entity @s[tag=aj.dino.bone.tail_1] run data modify entity @s {} merge value {transformation:[-1.397232617600054f,-0.3371009629184125f,0.470914220547629f,0.4802050061698346f,-0.342045309717243f,1.4727890558879795f,0.03941640466900176f,0.6429106882057264f,-0.4673352847955497f,-0.07008272009614248f,-1.436781957684947f,-0.6944447906543304f,0f,0f,0f,1f],start_interpolation:0}
execute if entity @s[tag=aj.dino.bone.tail_0] run data modify entity @s {} merge value {transformation:[-0.8981683397610813f,-0.2055888589037982f,0.885924698340375f,0.2163559931192922f,-0.1380202178040785f,1.2615195236210828f,0.15282220906720065f,0.6286952001024646f,-0.8989325722834641f,0.011723020152614325f,-0.9086355253182454f,-0.42863747414287323f,0f,0f,0f,1f],start_interpolation:0}
execute if entity @s[tag=aj.dino.bone.body_1] run data modify entity @s {} merge value {transformation:[-0.9058232830578903f,0.039886334960821446f,0.8405342677189719f,0.018256922171496784f,-0.009807536283164626f,1.2343934867125357f,-0.06914569581668731f,0.561625444606414f,-0.8414229537863404f,-0.05732709046613643f,-0.9040606244032574f,-0.2145946564769877f,0f,0f,0f,1f],start_interpolation:0}