execute if entity @s[tag=aj.dino.bone.head_lower] run data modify entity @s {} merge value {transformation:[-0.9728241579013817f,0.07420136634125266f,-0.21933379820848176f,0.019843392467958663f,0.06556982329838593f,0.996769309387092f,0.04638471878321254f,0.3598420707864938f,0.2220670080765852f,0.030742496597876978f,-0.9745466345059342f,0.8168478486089915f,0f,0f,0f,1f],start_interpolation:0}
execute if entity @s[tag=aj.dino.bone.head_upper] run data modify entity @s {} merge value {transformation:[-1.0126122606161492f,0.19091638287011878f,-0.1471029808846496f,0.013675133618006232f,0.06825160175053022f,0.8364527920624424f,0.6157600085203149f,0.4210944571324529f,0.23114945617899751f,0.5893806952948504f,-0.8262398365519658f,0.7731951941480976f,0f,0f,0f,1f],start_interpolation:0}
execute if entity @s[tag=aj.dino.bone.neck_0] run data modify entity @s {} merge value {transformation:[-0.9757236517839561f,0.06388189998264929f,0.20948140300272017f,0.02649895160349459f,0.09641846599198914f,0.9841273126362599f,0.14898628104320352f,0.41472280267436207f,-0.1966388434799516f,0.16556731373655717f,-0.9663956901067633f,0.7080823078195171f,0f,0f,0f,1f],start_interpolation:0}
execute if entity @s[tag=aj.dino.bone.neck_1] run data modify entity @s {} merge value {transformation:[-0.9785860091214535f,0.03895811698667965f,0.2021180048204484f,0.04380047458579284f,0.0969487130753824f,0.953426526464242f,0.2856200372301583f,0.4433108854198501f,-0.18157744844769075f,0.2990988528148879f,-0.9367867988288713f,0.6301020816595387f,0f,0f,0f,1f],start_interpolation:0}
execute if entity @s[tag=aj.dino.bone.neck_2] run data modify entity @s {} merge value {transformation:[-0.9967517183092606f,0.035195815806744565f,0.07243801900407199f,0.05049117736982499f,0.0572716032903474f,0.9421367738171517f,0.330300261698295f,0.4814717734477371f,-0.056621334354549184f,0.3333759948933138f,-0.9410921689849531f,0.5509193088151918f,0f,0f,0f,1f],start_interpolation:0}
execute if entity @s[tag=aj.dino.bone.body_0] run data modify entity @s {} merge value {transformation:[-0.9974738093617491f,0.050039991307135656f,-0.050418239827892175f,0.027205943474528364f,0.043447711479821946f,0.9912944315641743f,0.12428856068450812f,0.5494918245949314f,0.05619871888688578f,0.12178402694870248f,-0.9909643559561718f,0.08504166905610297f,0f,0f,0f,1f],start_interpolation:0}
execute if entity @s[tag=aj.dino.bone.leg_left_3] run data modify entity @s {} merge value {transformation:[-0.9984873662323819f,-0.051016675760579736f,0.02050068946794234f,0.41509774198117516f,-0.050812533167598734f,0.9986544870761539f,0.010358663801679213f,0.022988633228992805f,-0.021001570117798463f,0.009301302973476755f,-0.9997361751060044f,-0.06661784876628349f,0f,0f,0f,1f],start_interpolation:0}
execute if entity @s[tag=aj.dino.bone.leg_left_2] run data modify entity @s {} merge value {transformation:[-1.0002804192151884f,-0.1963173128337771f,0.11384548790841956f,0.37130298358328645f,-0.22516033943413474f,0.9228221310118615f,-0.3869939735465231f,0.22578797604975842f,-0.02835672726684937f,-0.40239411861649615f,-0.9430466949320494f,-0.18960369248153308f,0f,0f,0f,1f],start_interpolation:0}
execute if entity @s[tag=aj.dino.bone.leg_left_1] run data modify entity @s {} merge value {transformation:[-0.9618303988756055f,-0.17909186410992392f,0.2069018801471513f,0.3308314744220262f,0.10819683370113392f,0.44558982603791575f,0.8886749417579801f,0.2975540131562056f,-0.2513478246889015f,0.8771407020205668f,-0.4092046674746328f,0.07539645567693819f,0f,0f,0f,1f],start_interpolation:0}
execute if entity @s[tag=aj.dino.bone.leg_left_0] run data modify entity @s {} merge value {transformation:[-0.9597034389169953f,0.09913142682384804f,0.26294917673718077f,0.23675787077095664f,-0.007931359704910781f,0.9257850416031344f,-0.3779671285669086f,0.6908939712565598f,-0.2809028352724913f,-0.36482189758805705f,-0.8876928411202406f,-0.028242885415940985f,0f,0f,0f,1f],start_interpolation:0}
execute if entity @s[tag=aj.dino.bone.leg_right_3] run data modify entity @s {} merge value {transformation:[-0.9165557890098288f,0.094784468204715f,0.38851176329645354f,-0.2741054690709292f,0.142354641058438f,0.9852000387230048f,0.09547795488652484f,0.10126410569325134f,-0.3737119770648157f,0.1428173248851112f,-0.9164838077734747f,-0.28217431867282433f,0f,0f,0f,1f],start_interpolation:0}
execute if entity @s[tag=aj.dino.bone.leg_right_2] run data modify entity @s {} merge value {transformation:[-0.948085740324178f,0.2755023013532894f,0.27801818365655656f,-0.19982343585127488f,0.28092113922575174f,0.9862909875662574f,-0.019380425237257966f,0.3301323459628557f,-0.2725416335732126f,0.058230312512577466f,-0.9871132094013466f,-0.29868432178198373f,0f,0f,0f,1f],start_interpolation:0}
execute if entity @s[tag=aj.dino.bone.leg_right_1] run data modify entity @s {} merge value {transformation:[-0.9824000367436596f,-0.1393825918886163f,-0.1243489480633731f,-0.25065943919646233f,-0.12250130252713423f,-0.02179152372269688f,0.9922290866392692f,0.26914847005310133f,-0.1410092148946712f,0.9899987992781882f,0.00433344464991442f,-0.032770701779778075f,0f,0f,0f,1f],start_interpolation:0}
execute if entity @s[tag=aj.dino.bone.leg_right_0] run data modify entity @s {} merge value {transformation:[-0.9843143476031454f,-0.001407128720287365f,0.17641792735251904f,-0.15112167959824854f,-0.06829501901029679f,0.9250440092605995f,-0.3736701370319273f,0.6707109426316781f,-0.162668544841888f,-0.3798573428536568f,-0.910630190362247f,-0.08886966429425874f,0f,0f,0f,1f],start_interpolation:0}
execute if entity @s[tag=aj.dino.bone.tail_4] run data modify entity @s {} merge value {transformation:[-1.7191699535277578f,-1.366337491717801f,1.674287269620621f,0.6667478817046336f,-1.5834897195739956f,2.252378445908321f,0.21216261690289026f,0.7609223227502177f,-1.4706040631287656f,-0.8279942794089349f,-2.1857288245286153f,-1.693843975475193f,0f,0f,0f,1f],start_interpolation:0}
execute if entity @s[tag=aj.dino.bone.tail_3] run data modify entity @s {} merge value {transformation:[-1.6082982500892296f,-0.5319901765254273f,1.2109123489686655f,0.4666278370524697f,-0.6348925582895719f,1.9829466223685797f,0.027922362185309926f,0.7367830325304283f,-1.1602731162243174f,-0.34764158405163503f,-1.693770099762546f,-1.403241212530884f,0f,0f,0f,1f],start_interpolation:0}
execute if entity @s[tag=aj.dino.bone.tail_2] run data modify entity @s {} merge value {transformation:[-1.7773240466892937f,-0.22276167181655662f,0.781198019475385f,0.3200375913135526f,-0.3140290422734792f,1.9215705238508891f,-0.1665123343148998f,0.7679623478466419f,-0.7491854701417885f,-0.2769798448257352f,-1.7834733448783344f,-1.0723173026667634f,0f,0f,0f,1f],start_interpolation:0}
execute if entity @s[tag=aj.dino.bone.tail_1] run data modify entity @s {} merge value {transformation:[-1.3795806946509332f,0.10114127666198296f,0.6117056474331704f,0.18848702580919835f,0.06633451339800676f,1.5077524584756434f,-0.09969205732104772f,0.7709208759758709f,-0.6164520170124351f,-0.06410316775197322f,-1.37968617613045f,-0.7740516948176162f,0f,0f,0f,1f],start_interpolation:0}
execute if entity @s[tag=aj.dino.bone.tail_0] run data modify entity @s {} merge value {transformation:[-1.2368390657651007f,0.002245580096670384f,0.3225830115665893f,0.09427496215057625f,0.045735673625115214f,1.2664942527478045f,0.16654210428256613f,0.7528161646861763f,-0.3193322566534702f,0.17269331692580822f,-1.225577269997201f,-0.4117421340949079f,0f,0f,0f,1f],start_interpolation:0}
execute if entity @s[tag=aj.dino.bone.body_1] run data modify entity @s {} merge value {transformation:[-1.2199250077678454f,-0.1024498779057681f,0.1728918534690564f,0.060980754360053596f,-0.06347790526350555f,1.2056303414993699f,0.26651572234245446f,0.6096472332832457f,-0.19067806906466686f,0.25409466194600794f,-1.19485663232229f,-0.1510697830187424f,0f,0f,0f,1f],start_interpolation:0}