execute if entity @s[tag=aj.dino.bone.head_lower] run data modify entity @s {} merge value {transformation:[0.39704394204860927f,0.2860251995384368f,-0.8720927091264425f,0.8534751337582996f,-0.4770340431626136f,0.8760807254044325f,0.07015044004689702f,0.23720040176361679f,0.7840884068435336f,0.3881651037945594f,0.4842863021495948f,-0.39837241272831875f,0f,0f,0f,1f],start_interpolation:0}
execute if entity @s[tag=aj.dino.bone.head_upper] run data modify entity @s {} merge value {transformation:[0.41328287384342155f,0.887736530966776f,-0.35297742188177433f,0.8492039841901616f,-0.4965445367637799f,0.5281684144283691f,0.7469629117926625f,0.30039979751947027f,0.8161572959799314f,-0.1281948523568879f,0.633186615960437f,-0.3573474185265097f,0f,0f,0f,1f],start_interpolation:0}
execute if entity @s[tag=aj.dino.bone.neck_0] run data modify entity @s {} merge value {transformation:[0.3444713799314329f,0.6198197587191371f,-0.7050978195324992f,0.793438892960079f,-0.4568722585173394f,0.7668057409328771f,0.45086216859440176f,0.317254322619779f,0.8201263364905435f,0.16683051991087242f,0.5473210847581776f,-0.32492958642686876f,0f,0f,0f,1f],start_interpolation:0}
execute if entity @s[tag=aj.dino.bone.neck_1] run data modify entity @s {} merge value {transformation:[0.3540306627922484f,0.586440314913055f,-0.7285259410944527f,0.7344248410721671f,-0.16116272993592579f,0.805579216776084f,0.5701479632323798f,0.3692645410518643f,0.9212431081329626f,-0.08443863181688845f,0.3797120661427693f,-0.2931519889256595f,0f,0f,0f,1f],start_interpolation:0}
execute if entity @s[tag=aj.dino.bone.neck_2] run data modify entity @s {} merge value {transformation:[0.1830709589034418f,0.400126725041002f,-0.8979886568961417f,0.6596717905304929f,-0.22927341037469579f,0.9056153610595856f,0.35678357740803135f,0.4093879987040125f,0.9559909661191003f,0.14056821020728236f,0.25753029137907374f,-0.2692141532906066f,0f,0f,0f,1f],start_interpolation:0}
execute if entity @s[tag=aj.dino.bone.body_0] run data modify entity @s {} merge value {transformation:[0.36374242298409387f,0.20377773119930384f,-0.9089367887751737f,0.23323452810554882f,-0.26009146174173414f,0.9591874302284835f,0.11095902496293866f,0.47082003032991593f,0.8944517210284234f,0.19604619343140095f,0.4018980079452363f,-0.07793354421337068f,0f,0f,0f,1f],start_interpolation:0}
execute if entity @s[tag=aj.dino.bone.leg_left_3] run data modify entity @s {} merge value {transformation:[0.19866503373442265f,0.19024635222642625f,-0.9614252596202365f,-0.48543626708409776f,-0.03643052383798763f,0.9817341943858586f,0.18673721778595492f,0.08377194370022245f,0.9793901272241775f,-0.0020729298318804927f,0.2019670311157779f,-0.3852153745005159f,0f,0f,0f,1f],start_interpolation:0}
execute if entity @s[tag=aj.dino.bone.leg_left_2] run data modify entity @s {} merge value {transformation:[0.12844887272665592f,0.1840892070084155f,-1.0008367751331673f,-0.473256406656119f,-0.30148963161802944f,0.9703732902144881f,0.1397922714810372f,0.31381703160032287f,0.9719398585420657f,0.2766749735737149f,0.1756304924433907f,-0.3137872245944344f,0f,0f,0f,1f],start_interpolation:0}
execute if entity @s[tag=aj.dino.bone.leg_left_1] run data modify entity @s {} merge value {transformation:[0.057620303861801905f,0.9970275832948846f,-0.05114585742790345f,-0.20083012926996383f,0.09453255578216019f,0.04555188935268839f,0.9944790703044952f,0.27156594091722014f,0.9938528545414389f,-0.06213713483547696f,-0.09162685192819504f,-0.34560159847442007f,0f,0f,0f,1f],start_interpolation:0}
execute if entity @s[tag=aj.dino.bone.leg_left_0] run data modify entity @s {} merge value {transformation:[0.030606188529858733f,0.45038686405611994f,-0.8923087660162085f,0.052204655315234806f,0.04296955026462564f,0.8913088035855371f,0.45135599519777525f,0.5897758570699378f,0.998607469916849f,-0.05215639305600474f,0.007926644287275159f,-0.25061146416324254f,0f,0f,0f,1f],start_interpolation:0}
execute if entity @s[tag=aj.dino.bone.leg_right_3] run data modify entity @s {} merge value {transformation:[-0.339789164399193f,0.028874325797343003f,-0.9400582945044669f,0.16723665902167448f,0.02638319946282209f,0.999427894350074f,0.021161540139649687f,0.02885503384268351f,0.940131507047287f,-0.017611283449140272f,-0.34035656619532245f,0.2832688000241619f,0f,0f,0f,1f],start_interpolation:0}
execute if entity @s[tag=aj.dino.bone.leg_right_2] run data modify entity @s {} merge value {transformation:[-0.35948352158659647f,-0.10341582655832943f,-0.9550596651652977f,0.11417265344073607f,0.17538216162397027f,0.9955363118813705f,-0.17381239486997543f,0.25526943708172395f,0.9444971649467757f,-0.22422046749480803f,-0.33122875307649124f,0.21930161012472255f,0f,0f,0f,1f],start_interpolation:0}
execute if entity @s[tag=aj.dino.bone.leg_right_1] run data modify entity @s {} merge value {transformation:[-0.18645671551239537f,0.9142728967296798f,-0.35963726662548384f,0.3779124384113566f,-0.18660978718720975f,0.32643526813616275f,0.9266157796210982f,0.2910910216473104f,0.9645779805522589f,0.23988556859967888f,0.10974622276568231f,0.2978606679260163f,0f,0f,0f,1f],start_interpolation:0}
execute if entity @s[tag=aj.dino.bone.leg_right_0] run data modify entity @s {} merge value {transformation:[-0.24262848848318974f,-0.9575167131102773f,-0.15586263404309994f,0.04286022924484499f,-0.17433128498307238f,0.20108212909262627f,-0.9639370209903378f,0.4687833779317255f,0.9543269982833523f,-0.20670684912229448f,-0.21571337203200802f,0.12329628950021691f,0f,0f,0f,1f],start_interpolation:0}
execute if entity @s[tag=aj.dino.bone.tail_4] run data modify entity @s {} merge value {transformation:[0.06755253541774686f,-1.8355444879250304f,2.0620073761765916f,-0.8331434837435191f,2.6229865823773735f,0.6858554503359708f,0.524599868006761f,0.3965104094916075f,-0.8608364393001163f,1.9457749267817395f,1.7602789241141918f,1.0087731924833065f,0f,0f,0f,1f],start_interpolation:0}
execute if entity @s[tag=aj.dino.bone.tail_3] run data modify entity @s {} merge value {transformation:[0.007120070147709066f,-2.0115449240210683f,0.5381280974736505f,-0.9047055767478676f,2.0677779033170385f,0.07023313555622687f,0.23517520121853114f,0.3559460996903981f,-0.245335226168864f,0.5335727235901963f,1.9977628241324492f,0.6648050151035463f,0f,0f,0f,1f],start_interpolation:0}
execute if entity @s[tag=aj.dino.bone.tail_2] run data modify entity @s {} merge value {transformation:[0.8409443586878952f,-1.7451116395688928f,-0.2572388501664402f,-0.8566788586020923f,1.7417344066825469f,0.8665721241004747f,-0.18489966282544779f,0.3918126632995891f,0.2791911839080471f,-0.14970635983798275f,1.9283189994538927f,0.3065055482770454f,0f,0f,0f,1f],start_interpolation:0}
execute if entity @s[tag=aj.dino.bone.tail_1] run data modify entity @s {} merge value {transformation:[0.6273452891827521f,-1.0100057064341712f,-0.9348703712871749f,-0.6437582567675715f,1.0791989390618753f,0.9986000257000354f,-0.3546602438949309f,0.45489370078827635f,0.8540631054365551f,-0.5199449121227172f,1.1348523032931506f,0.06783783570870393f,0f,0f,0f,1f],start_interpolation:0}
execute if entity @s[tag=aj.dino.bone.tail_0] run data modify entity @s {} merge value {transformation:[0.5579632440932167f,0.16085315935771966f,-1.1387005734387075f,-0.30712181007505407f,-0.144344426815564f,1.2654368915800736f,0.10802720240511082f,0.4538628878315264f,1.1409107858515004f,0.08143372235645714f,0.5705495983478666f,-0.09692487695306733f,0f,0f,0f,1f],start_interpolation:0}
execute if entity @s[tag=aj.dino.bone.body_1] run data modify entity @s {} merge value {transformation:[-0.02938927570596512f,-0.2563847398042906f,-1.2091351168191316f,-0.008745501040999581f,-0.38053501637825216f,1.1526068492151198f,-0.23514920265365044f,0.43089553277020154f,1.1759821286225962f,0.36656365258182705f,-0.10630953307388503f,-0.09690006299102365f,0f,0f,0f,1f],start_interpolation:0}