execute if entity @s[tag=aj.dino.bone.head_lower] run data modify entity @s {} merge value {transformation:[-0.9476877402910299f,0.017022153297379522f,-0.3187447147784609f,-0.6567732931719977f,-0.10005267809677419f,0.9324125962056344f,0.3472696532130787f,0.15273197510580036f,0.3031128643059301f,0.3609944552679294f,-0.8819328742926337f,0.1394931326687611f,0f,0f,0f,1f],start_interpolation:0}
execute if entity @s[tag=aj.dino.bone.head_upper] run data modify entity @s {} merge value {transformation:[-0.9864477739990413f,0.14333680704108842f,-0.299745377784395f,-0.6745245813176158f,-0.10414479094231639f,0.7583396582221463f,0.7053699510686621f,0.21835430826819746f,0.3155100541590159f,0.6984607827919127f,-0.7043279656593164f,0.10672031388106043f,0f,0f,0f,1f],start_interpolation:0}
execute if entity @s[tag=aj.dino.bone.neck_0] run data modify entity @s {} merge value {transformation:[-0.970901866666797f,-0.23615312764667293f,0.03976513052441513f,-0.6678063627038009f,-0.21957255916970575f,0.9441236173330505f,0.24580172182802534f,0.21899436132190983f,-0.09559004426505732f,0.2299180190777793f,-0.9685041290261776f,0.0403939079401208f,0f,0f,0f,1f],start_interpolation:0}
execute if entity @s[tag=aj.dino.bone.neck_1] run data modify entity @s {} merge value {transformation:[-0.9559461867739844f,-0.15299760024087525f,0.2505167106458417f,-0.6472891500998805f,-0.0020350131193815624f,0.85686090246045f,0.5155436475762916f,0.26661512585201863f,-0.29353491566401935f,0.49232217922331806f,-0.819424264426506f,-0.026754015460865387f,0f,0f,0f,1f],start_interpolation:0}
execute if entity @s[tag=aj.dino.bone.neck_2] run data modify entity @s {} merge value {transformation:[-0.7639677058975678f,-0.2556101282694232f,0.5924667135558729f,-0.5978872054041222f,0.0959103306541545f,0.8630071781248013f,0.49600384976215506f,0.31851816277338485f,-0.6380866342585608f,0.4357546016178795f,-0.6347939621242669f,-0.07810041760120207f,0f,0f,0f,1f],start_interpolation:0}
execute if entity @s[tag=aj.dino.bone.body_0] run data modify entity @s {} merge value {transformation:[-0.5835228694463559f,-0.011271515702519108f,0.8120184811732176f,-0.21529331557295026f,0.22182554044189254f,0.9596660677677213f,0.17272656999692237f,0.4090655663663691f,-0.7812134730281817f,0.28091634218928474f,-0.5574867875118112f,-0.33816577067528486f,0f,0f,0f,1f],start_interpolation:0}
execute if entity @s[tag=aj.dino.bone.leg_left_3] run data modify entity @s {} merge value {transformation:[0.1099429319468663f,-0.009500457806253804f,0.9938924957038354f,-0.01324792143269549f,-0.04883278702896663f,0.9986951040880178f,0.014948176531185825f,0.013758370478192089f,-0.9927375839696565f,-0.050177986927491536f,0.109335534031687f,0.05384737547858151f,0f,0f,0f,1f],start_interpolation:0}
execute if entity @s[tag=aj.dino.bone.leg_left_2] run data modify entity @s {} merge value {transformation:[0.35942781809722696f,-0.08959943879833787f,0.9564757099088216f,-0.004016428394318511f,-0.2345637460402879f,0.9821347385603073f,0.18014828297077612f,0.24789604379141994f,-0.9315866530399138f,-0.2818607730437041f,0.32367114792299845f,-0.003296316542202707f,0f,0f,0f,1f],start_interpolation:0}
execute if entity @s[tag=aj.dino.bone.leg_left_1] run data modify entity @s {} merge value {transformation:[0.37424131518604176f,-0.9167388037977677f,-0.13976195340385017f,-0.2531065130900904f,0.16759264936558835f,-0.081369945238293f,0.9824925627660193f,0.1703449389414436f,-0.912061479225192f,-0.3911123849015209f,0.1231866895821132f,-0.09791841492607287f,0f,0f,0f,1f],start_interpolation:0}
execute if entity @s[tag=aj.dino.bone.leg_left_0] run data modify entity @s {} merge value {transformation:[0.35340994329056097f,0.37992152583895866f,0.8548456271091056f,-0.1324337893906516f,0.1155048245063823f,0.8891008502358353f,-0.44289763334845733f,0.5689198596464329f,-0.9283103185353014f,0.2552632216244876f,0.2703343118932102f,-0.12764054312079418f,0f,0f,0f,1f],start_interpolation:0}
execute if entity @s[tag=aj.dino.bone.leg_right_3] run data modify entity @s {} merge value {transformation:[0.5533560915355897f,-0.04104930431324086f,0.8319326839209138f,-0.09104404544550701f,0.018905810653435773f,0.9991465626744556f,0.036724877390632266f,0.0074463902610378f,-0.8327302121839899f,-0.004593572816390529f,0.5536599071675574f,-0.6813204276616012f,0f,0f,0f,1f],start_interpolation:0}
execute if entity @s[tag=aj.dino.bone.leg_right_2] run data modify entity @s {} merge value {transformation:[0.5692797864422483f,0.10579885949544461f,0.8466341155295043f,-0.041100866852713996f,0.2170133274454147f,0.9663585504563997f,-0.2666806464135892f,0.22412486904755172f,-0.8251593421637012f,0.32713904198362465f,0.5139594407642485f,-0.5879010088621552f,0f,0f,0f,1f],start_interpolation:0}
execute if entity @s[tag=aj.dino.bone.leg_right_1] run data modify entity @s {} merge value {transformation:[0.40239985438085607f,-0.8307817114030853f,0.38454662291122355f,-0.27917916214192257f,-0.13955580642869161f,0.35947845083881697f,0.9226588861949805f,0.2700702219785046f,-0.9047643527937559f,-0.4249435155178688f,0.028713664569529507f,-0.7228866951996342f,0f,0f,0f,1f],start_interpolation:0}
execute if entity @s[tag=aj.dino.bone.leg_right_0] run data modify entity @s {} merge value {transformation:[0.449053101018554f,0.7922541087613962f,0.41314009683920305f,-0.053960566771100574f,-0.10936669333633223f,0.5076409232015174f,-0.8545990986888459f,0.5516729352569286f,-0.8867864674510417f,0.33857660911793175f,0.3146039429249199f,-0.5124495912044575f,0f,0f,0f,1f],start_interpolation:0}
execute if entity @s[tag=aj.dino.bone.tail_4] run data modify entity @s {} merge value {transformation:[0.6759915532597803f,-0.8142076638720642f,-2.550639651462634f,-0.15286594361384837f,-2.5740383391818416f,-0.9216598611240564f,-0.38798332491844134f,0.18963292811249047f,-0.7369012009376938f,2.4725028436959944f,-0.9845646954729812f,0.5318821652377748f,0f,0f,0f,1f],start_interpolation:0}
execute if entity @s[tag=aj.dino.bone.tail_3] run data modify entity @s {} merge value {transformation:[0.7638132431661628f,0.2696754267507001f,-1.9182830916773628f,0.1697649944934817f,-1.8331361659893515f,-0.5659595405395762f,-0.8094733605613813f,0.33242805510051243f,-0.6262161388452823f,1.9856763303024747f,0.029805784181041878f,0.5073968039125976f,0f,0f,0f,1f],start_interpolation:0}
execute if entity @s[tag=aj.dino.bone.tail_2] run data modify entity @s {} merge value {transformation:[1.059209110630068f,0.916017029395296f,-1.36299770242611f,0.42414448618138906f,-1.5577467338371533f,0.046979026950360624f,-1.1789792022123438f,0.5504570245066764f,-0.5198798401368518f,1.7255374953582987f,0.7556581098186315f,0.3669477858404569f,0f,0f,0f,1f],start_interpolation:0}
execute if entity @s[tag=aj.dino.bone.tail_1] run data modify entity @s {} merge value {transformation:[1.3833867045652037f,0.5995040290285941f,-0.12038436281639615f,0.44139989171010785f,-0.5979960930926946f,1.264251220529896f,-0.5759563994214684f,0.6595135592401643f,-0.12766420123942473f,0.5743866472744222f,1.3933549731331025f,0.06021402472050591f,0f,0f,0f,1f],start_interpolation:0}
execute if entity @s[tag=aj.dino.bone.tail_0] run data modify entity @s {} merge value {transformation:[1.0850508659888087f,-0.05002881639425682f,0.6737933305778224f,0.24329453564313638f,0.0460085435320718f,1.2772191196701745f,0.02074248912328892f,0.6842736943418566f,-0.6740797791975535f,0.006644882479175397f,1.08600553101623f,-0.2569816797083304f,0f,0f,0f,1f],start_interpolation:0}
execute if entity @s[tag=aj.dino.bone.body_1] run data modify entity @s {} merge value {transformation:[0.24680715088640567f,-0.4234242599966155f,1.1350782886540929f,0.007925362183861067f,-0.05424352572805229f,1.153369450830595f,0.44204201707934077f,0.5038175f,-1.2102679311806026f,-0.13804130176617696f,0.2116618265506895f,-0.29689202818817884f,0f,0f,0f,1f],start_interpolation:0}