execute if entity @s[tag=aj.dino.bone.head_lower] run data modify entity @s {} merge value {transformation:[-0.8458305069538717f,-0.315759744936015f,-0.4299610877557398f,-0.6157952877711346f,-0.4361124685766177f,0.8734699616111679f,0.21646279337335067f,0.1577649975517733f,0.30720785839259546f,0.37060222562867584f,-0.8765143022797217f,0.147741978458652f,0f,0f,0f,1f],start_interpolation:0}
execute if entity @s[tag=aj.dino.bone.head_upper] run data modify entity @s {} merge value {transformation:[-0.8804246222589073f,-0.1323867934081181f,-0.539257048201397f,-0.6562162674228552f,-0.45394928682787283f,0.7537614949892236f,0.5560985490392722f,0.21288556275232887f,0.3197725317975783f,0.7055418401386515f,-0.6952899987092005f,0.11575253976768152f,0f,0f,0f,1f],start_interpolation:0}
execute if entity @s[tag=aj.dino.bone.neck_0] run data modify entity @s {} merge value {transformation:[-0.9074955447968084f,-0.4190123822150859f,0.029672541589531864f,-0.6472029941381806f,-0.40734231134023313f,0.8950696911214959f,0.18144555499561493f,0.21022113569054005f,-0.10258692687638307f,0.1525741511072857f,-0.9829532292270835f,0.049749524780295755f,0f,0f,0f,1f],start_interpolation:0}
execute if entity @s[tag=aj.dino.bone.neck_1] run data modify entity @s {} merge value {transformation:[-0.9717569353024553f,-0.2125652788515296f,0.10249127240087808f,-0.6394998998368852f,-0.14380950831346412f,0.87777442907903f,0.4569801713133981f,0.2529771511384968f,-0.18710233566211637f,0.42933443127910725f,-0.8835522973248537f,-0.02312106136892276f,0f,0f,0f,1f],start_interpolation:0}
execute if entity @s[tag=aj.dino.bone.neck_2] run data modify entity @s {} merge value {transformation:[-0.816745112091438f,-0.31924337044686824f,0.48063613295347235f,-0.6005181619429452f,-0.04762868747121471f,0.8674523753841661f,0.49523518107070824f,0.30485636817689454f,-0.5750295035948275f,0.38158884531140513f,-0.7236926302853961f,-0.08278597018802364f,0f,0f,0f,1f],start_interpolation:0}
execute if entity @s[tag=aj.dino.bone.body_0] run data modify entity @s {} merge value {transformation:[-0.6214342454319816f,-0.08916361519364013f,0.7783760841199991f,-0.23452182729674345f,0.11242294059498403f,0.973072919627802f,0.20122170736528852f,0.4089611401773567f,-0.7753583436272292f,0.2125533881466621f,-0.5946767997450499f,-0.36103007915603447f,0f,0f,0f,1f],start_interpolation:0}
execute if entity @s[tag=aj.dino.bone.leg_left_3] run data modify entity @s {} merge value {transformation:[0.24257309491204296f,0.04115992677896817f,0.9692595906424359f,-0.060549195149538965f,-0.04413665458796891f,0.998533267657419f,-0.03135712204872899f,0.006618612687922937f,-0.9691286031000093f,-0.03517348161536651f,0.24403396657940493f,0.07463341718445925f,0f,0f,0f,1f],start_interpolation:0}
execute if entity @s[tag=aj.dino.bone.leg_left_2] run data modify entity @s {} merge value {transformation:[0.4575193423866563f,0.06636352459742025f,0.915605883252059f,-0.0160738454358684f,-0.259607011811636f,0.9906115841374453f,0.05792312398022193f,0.23891606994315362f,-0.880535320280231f,-0.25757867046089566f,0.4586643410635742f,0.027400942269242584f,0f,0f,0f,1f],start_interpolation:0}
execute if entity @s[tag=aj.dino.bone.leg_left_1] run data modify entity @s {} merge value {transformation:[0.4813694162923347f,-0.8675393694959619f,-0.12513563614305062f,-0.2547072294215797f,0.1422846478141576f,-0.06353095755291877f,0.9877848431864149f,0.1664346025398798f,-0.8648922268437716f,-0.49329429330467445f,0.09285567369990755f,-0.0943115492440029f,0f,0f,0f,1f],start_interpolation:0}
execute if entity @s[tag=aj.dino.bone.leg_left_0] run data modify entity @s {} merge value {transformation:[0.46933849847810416f,0.23250274263744686f,0.851859054370137f,-0.17819312022069816f,0.08683507681942797f,0.9478841589594116f,-0.3065538951433709f,0.573656935438128f,-0.878738324690623f,0.21784879127475992f,0.4246891343795405f,-0.14552523146425533f,0f,0f,0f,1f],start_interpolation:0}
execute if entity @s[tag=aj.dino.bone.leg_right_3] run data modify entity @s {} merge value {transformation:[0.7030082072778884f,-0.20578522100061952f,0.6807583295984386f,-0.003296405935006165f,0.1818778243130937f,0.977412168030839f,0.10763786883987639f,0.021225325187977734f,-0.6875317574651119f,0.048144538662046044f,0.7245565442903362f,-0.6900761249046998f,0f,0f,0f,1f],start_interpolation:0}
execute if entity @s[tag=aj.dino.bone.leg_right_2] run data modify entity @s {} merge value {transformation:[0.7138542274624984f,-0.09548644204762348f,0.7303127280964645f,-0.004091680417908777f,0.2820780659519734f,0.9749441935844769f,-0.14824973391342783f,0.24346421056341508f,-0.6803721820764048f,0.30402032544172763f,0.7047890003934457f,-0.5963727768770244f,0f,0f,0f,1f],start_interpolation:0}
execute if entity @s[tag=aj.dino.bone.leg_right_1] run data modify entity @s {} merge value {transformation:[0.6125382648137906f,-0.7416261268907764f,0.2734731468570487f,-0.20787323108248237f,-0.09121633305161027f,0.277342893082936f,0.9564311267629282f,0.2662674570189286f,-0.7851601459088002f,-0.6107958804456471f,0.10223471869721362f,-0.7833660313532129f,0f,0f,0f,1f],start_interpolation:0}
execute if entity @s[tag=aj.dino.bone.leg_right_0] run data modify entity @s {} merge value {transformation:[0.6522701029721717f,0.6669560523225392f,0.3601573781543381f,-0.05116678432623329f,-0.060266007248914635f,0.5192783072776763f,-0.852477593817635f,0.5465574687819698f,-0.7555870043475776f,0.5343404007382986f,0.3789044932432026f,-0.51655546669102f,0f,0f,0f,1f],start_interpolation:0}
execute if entity @s[tag=aj.dino.bone.tail_4] run data modify entity @s {} merge value {transformation:[0.9513868124542358f,-1.113609062024242f,-2.3410252714709543f,-0.1730660075561549f,-2.5307439189086813f,-0.9395809794622749f,-0.5815360105268126f,0.2251994342587439f,-0.5620139514237157f,2.3457885180915596f,-1.3442759680939411f,0.6309783603992039f,0f,0f,0f,1f],start_interpolation:0}
execute if entity @s[tag=aj.dino.bone.tail_3] run data modify entity @s {} merge value {transformation:[0.770343277965169f,0.42505260328300387f,-1.8872856287750046f,0.1427884186737501f,-1.8410773470348352f,-0.4627620080064222f,-0.8557050030387112f,0.3748238704884157f,-0.5940967617934773f,1.9852272248870275f,0.2046153201456302f,0.5768561565573793f,0f,0f,0f,1f],start_interpolation:0}
execute if entity @s[tag=aj.dino.bone.tail_2] run data modify entity @s {} merge value {transformation:[1.0321263919809303f,1.0285638117338467f,-1.3021311267190967f,0.3858597015296467f,-1.577496080924159f,0.1324827731087415f,-1.1457435596594525f,0.5866801488425865f,-0.5147767483561427f,1.6562845996457654f,0.9002777900908797f,0.4095099503205799f,0f,0f,0f,1f],start_interpolation:0}
execute if entity @s[tag=aj.dino.bone.tail_1] run data modify entity @s {} merge value {transformation:[1.3791242202422846f,0.6131372327061267f,-0.09866797358101582f,0.39827940281188484f,-0.6101118233490336f,1.292825382912285f,-0.4939861762310979f,0.6777598915012021f,-0.11591461577742827f,0.49022598173411464f,1.4261481475225477f,0.09673701591587724f,0f,0f,0f,1f],start_interpolation:0}
execute if entity @s[tag=aj.dino.bone.tail_0] run data modify entity @s {} merge value {transformation:[1.1086856801519533f,-0.034811156149788504f,0.6351692393508549f,0.2118281331584163f,-0.007534506212001562f,1.2754923013806219f,0.08305622745426307f,0.684268832755173f,-0.6360778336227176f,-0.07578449122550095f,1.1061181749919626f,-0.22832523816654188f,0f,0f,0f,1f],start_interpolation:0}
execute if entity @s[tag=aj.dino.bone.body_1] run data modify entity @s {} merge value {transformation:[0.3995121775697483f,-0.3939983608916225f,1.1017077228759191f,-0.017764894330049803f,-0.08523088427722121f,1.1512684943421019f,0.4426298062228108f,0.5038175f,-1.1669320080429069f,-0.21897657547380467f,0.3448529296018294f,-0.29374908735468974f,0f,0f,0f,1f],start_interpolation:0}