execute if entity @s[tag=aj.dino.bone.head_lower] run data modify entity @s {} merge value {transformation:[-0.12747045178566957f,-0.4680143132970326f,0.874479208712628f,-0.3011763558916678f,-0.05474970630494846f,0.8836474978568194f,0.4649403931590634f,0.5990467211247517f,-0.9903301235351164f,0.011388682122592513f,-0.1382625919706098f,0.663582896172251f,0f,0f,0f,1f],start_interpolation:0}
execute if entity @s[tag=aj.dino.bone.head_upper] run data modify entity @s {} merge value {transformation:[-0.13268394015101523f,-0.38900003477180634f,0.9563189256503513f,-0.24402633044767702f,-0.056988946480443226f,0.965473971719911f,0.3848171156457794f,0.6472367710972434f,-1.0308342129501513f,-0.0033053687269948245f,-0.14436704101881284f,0.6532363911006425f,0f,0f,0f,1f],start_interpolation:0}
execute if entity @s[tag=aj.dino.bone.neck_0] run data modify entity @s {} merge value {transformation:[-0.21534599047379138f,-0.005684480760057675f,0.9765212701551104f,-0.18072078068775693f,-0.22652703400089974f,0.9729973517187953f,-0.044290590591755885f,0.6286524836241542f,-0.9499008407479261f,-0.2307462680666793f,-0.21081876700067087f,0.6436568356303325f,0f,0f,0f,1f],start_interpolation:0}
execute if entity @s[tag=aj.dino.bone.neck_1] run data modify entity @s {} merge value {transformation:[-0.42947230680876475f,-0.23919498106845072f,0.8708267903067874f,-0.108052263325559f,-0.3292873553109885f,0.9393750252025088f,0.09562635441174808f,0.6410808742579607f,-0.8409062821246212f,-0.24568337969315285f,-0.48219944175195495f,0.6016763814264451f,0f,0f,0f,1f],start_interpolation:0}
execute if entity @s[tag=aj.dino.bone.neck_2] run data modify entity @s {} merge value {transformation:[-0.7586371881872175f,-0.37296635681654905f,0.5341963247555929f,-0.06490423254174041f,-0.3580775852844966f,0.9236789107534137f,0.13637343123281598f,0.6620716034702848f,-0.5442885811921984f,-0.08782577362242908f,-0.8342880640830274f,0.5277266206374192f,0f,0f,0f,1f],start_interpolation:0}
execute if entity @s[tag=aj.dino.bone.body_0] run data modify entity @s {} merge value {transformation:[-0.9188491613180155f,-0.24850431865281125f,0.30653192713986827f,0.0771958009589864f,-0.313655567205818f,0.9313006452368922f,-0.18520068396781159f,0.583659018390508f,-0.23945021174761166f,-0.26631693861309436f,-0.9336695798309878f,0.08515464718753599f,0f,0f,0f,1f],start_interpolation:0}
execute if entity @s[tag=aj.dino.bone.leg_left_3] run data modify entity @s {} merge value {transformation:[-0.9197311640676117f,-0.3553735670180516f,0.16674595559623723f,0.5386687690514902f,-0.3655764054968359f,0.9301581628093375f,-0.03405413195445628f,0.06000167808563783f,-0.14299817336892473f,-0.09227903350179167f,-0.9854116410866713f,-0.04734147390811044f,0f,0f,0f,1f],start_interpolation:0}
execute if entity @s[tag=aj.dino.bone.leg_left_2] run data modify entity @s {} merge value {transformation:[-0.9383832213895854f,-0.2867499456647795f,0.2987868771824572f,0.4796058385171077f,-0.38460244884032f,0.8778450739699638f,-0.3654191866246116f,0.25273633673958906f,-0.1535580856263448f,-0.44634593564701563f,-0.9106357227623225f,-0.1797650128135908f,0f,0f,0f,1f],start_interpolation:0}
execute if entity @s[tag=aj.dino.bone.leg_left_1] run data modify entity @s {} merge value {transformation:[-0.9246888834888572f,-0.36325466722573185f,0.11400226090237671f,0.3932904017756763f,-0.04990774601275447f,0.41250443772929635f,0.909587437106276f,0.3175537389499174f,-0.37743832031215f,0.835395795771298f,-0.39956748962795147f,0.07589440009860011f,0f,0f,0f,1f],start_interpolation:0}
execute if entity @s[tag=aj.dino.bone.leg_left_0] run data modify entity @s {} merge value {transformation:[-0.9267873443933967f,0.06139070131442192f,0.3705352885547597f,0.27946772026416766f,-0.11128801229092015f,0.8973625483257875f,-0.42703095342443853f,0.6917103450735159f,-0.35872022049582264f,-0.43700301904491745f,-0.8248322039985201f,-0.0702511090080885f,0f,0f,0f,1f],start_interpolation:0}
execute if entity @s[tag=aj.dino.bone.leg_right_3] run data modify entity @s {} merge value {transformation:[-0.8916150201927984f,-0.029561730966645675f,0.4518282415131345f,-0.27816223257509065f,-0.011142880128782048f,0.9989968284612852f,0.04337249066779558f,0.0713751584116264f,-0.4526571461813359f,0.033636896208599054f,-0.8910499802056112f,-0.13933144160588384f,0f,0f,0f,1f],start_interpolation:0}
execute if entity @s[tag=aj.dino.bone.leg_right_2] run data modify entity @s {} merge value {transformation:[-0.9690384067290553f,0.2358173687957871f,0.23961830973224926f,-0.21428492210539196f,0.1585717946660334f,0.9652258502853567f,-0.3086361018707908f,0.28658365986011286f,-0.29644856505151407f,-0.25454159977464524f,-0.9483612295764502f,-0.22751342489878845f,0f,0f,0f,1f],start_interpolation:0}
execute if entity @s[tag=aj.dino.bone.leg_right_1] run data modify entity @s {} merge value {transformation:[-0.9852820039733768f,0.09563654276237972f,-0.14167930100994375f,-0.20041183016100841f,-0.09274355265343524f,0.39715299779755886f,0.9130542863278346f,0.3442056971214602f,0.14358971442072793f,0.912755798682688f,-0.3824380288147378f,0.04359655979657494f,0f,0f,0f,1f],start_interpolation:0}
execute if entity @s[tag=aj.dino.bone.leg_right_0] run data modify entity @s {} merge value {transformation:[-0.9917115435676587f,-0.08263448299366716f,-0.0983857539231234f,-0.10953571897667089f,-0.03864699417586996f,0.9221301289111814f,-0.38494471706391575f,0.7420945642368346f,0.12253417562387371f,-0.3779518058888161f,-0.9176806678957341f,-0.04434239861270421f,0f,0f,0f,1f],start_interpolation:0}
execute if entity @s[tag=aj.dino.bone.tail_4] run data modify entity @s {} merge value {transformation:[-2.582813492303628f,-0.5165894229997726f,0.8293799874720273f,0.3042452205172746f,-0.9018446232378271f,2.1624332596455385f,-1.4615813370167916f,0.9240722468830277f,-0.37604796384418815f,-1.6378886095286005f,-2.1912485398204162f,-1.769733545560243f,0f,0f,0f,1f],start_interpolation:0}
execute if entity @s[tag=aj.dino.bone.tail_3] run data modify entity @s {} merge value {transformation:[-1.9512073947067867f,0.5197142909754773f,0.5085590276869099f,0.21292659043060008f,0.42034924024861936f,1.994538839276617f,-0.4255195188048818f,0.9767065041870145f,-0.5933310586075927f,-0.2960699248782064f,-1.9738911774762686f,-1.432137268637768f,0f,0f,0f,1f],start_interpolation:0}
execute if entity @s[tag=aj.dino.bone.tail_2] run data modify entity @s {} merge value {transformation:[-1.8525650930849442f,0.6043329723961597f,-0.14682680055348116f,0.2389953047483564f,0.5918231774286788f,1.8548656831458605f,0.16730959072581125f,0.9464830080337322f,0.19110671768457405f,0.11414390463550222f,-1.9414487545369736f,-1.071057711776358f,0f,0f,0f,1f],start_interpolation:0}
execute if entity @s[tag=aj.dino.bone.tail_1] run data modify entity @s {} merge value {transformation:[-1.1790132429037448f,0.8654150317105008f,0.3855396814169835f,0.1465790581673107f,0.9103929778033562f,1.2052631207244109f,0.07862369736912765f,0.9139612051524075f,-0.2622377719245147f,0.2933494208468249f,-1.4604224451387f,-0.7601264545762372f,0f,0f,0f,1f],start_interpolation:0}
execute if entity @s[tag=aj.dino.bone.tail_0] run data modify entity @s {} merge value {transformation:[-1.1973736750794537f,0.3444782428831173f,0.28542378841104155f,0.0714844669624594f,0.43337195251831184f,1.0955202032986984f,0.49584266811043287f,0.795501307078277f,-0.1109988719817326f,0.5612539005909596f,-1.1430262578236092f,-0.4125635592309139f,0f,0f,0f,1f],start_interpolation:0}
execute if entity @s[tag=aj.dino.bone.body_1] run data modify entity @s {} merge value {transformation:[-1.223459765243852f,0.17301132886642648f,-0.04263658018160419f,0.06974333383825329f,0.15846406157706097f,1.1917165419482534f,0.2886267830462869f,0.6481290569272977f,0.08148582130782364f,0.28014881543033554f,-1.2014496648611708f,-0.15211335257345657f,0f,0f,0f,1f],start_interpolation:0}