execute if entity @s[tag=aj.dino.bone.head_lower] run data modify entity @s {} merge value {transformation:[-0.9303430795294778f,-0.3626681628565589f,-0.05416233028458309f,0.06528888402423344f,-0.3519662729238007f,0.9246268730688162f,-0.145550294823169f,0.41203588677259106f,0.10286640411590382f,-0.11634839598907798f,-0.9878671740952993f,0.8247767207907708f,0f,0f,0f,1f],start_interpolation:0}
execute if entity @s[tag=aj.dino.bone.head_upper] run data modify entity @s {} merge value {transformation:[-0.9683937238392838f,-0.24724289040646477f,-0.2907859889259611f,0.03939047317308227f,-0.3663615468337705f,0.8245589408129552f,0.5189929794423918f,0.4662154194320191f,0.10707359718324258f,0.585188387489346f,-0.8541438628927607f,0.7790677824090078f,0f,0f,0f,1f],start_interpolation:0}
execute if entity @s[tag=aj.dino.bone.neck_0] run data modify entity @s {} merge value {transformation:[-0.9699162800697669f,-0.2326224825560118f,0.07175785855990607f,0.048119774110587016f,-0.22918623011833372f,0.9719385175871663f,0.053001791994302994f,0.4539402859561775f,-0.08207363510757677f,0.03496138784343636f,-0.9960128612524485f,0.7141227544423525f,0f,0f,0f,1f],start_interpolation:0}
execute if entity @s[tag=aj.dino.bone.neck_1] run data modify entity @s {} merge value {transformation:[-0.9986603258309458f,-0.04571124548848609f,0.02424944632606086f,0.04996343449432763f,-0.0381288514686937f,0.9668818005857976f,0.25236040573284035f,0.47977282814714806f,-0.03498205678497819f,0.2510977214788236f,-0.9673294113027039f,0.633334032922128f,0f,0f,0f,1f],start_interpolation:0}
execute if entity @s[tag=aj.dino.bone.neck_2] run data modify entity @s {} merge value {transformation:[-0.9987489925854546f,0.03094203760590244f,-0.039281549337246334f,0.04682501804770011f,0.017156792620898732f,0.9499171492499444f,0.31203053380690515f,0.5164093257270118f,0.046969077875801166f,0.31096623589974143f,-0.9492596619755015f,0.5532163208889651f,0f,0f,0f,1f],start_interpolation:0}
execute if entity @s[tag=aj.dino.bone.body_0] run data modify entity @s {} merge value {transformation:[-0.9965299651917913f,0.021706504393353237f,-0.08035456515885417f,0.009160994405428667f,0.013642259339660238f,0.9949360881815372f,0.09957946170837474f,0.5728187625172267f,0.08210917874973941f,0.09813769969304126f,-0.991779751085896f,0.0867291276379498f,0f,0f,0f,1f],start_interpolation:0}
execute if entity @s[tag=aj.dino.bone.leg_left_3] run data modify entity @s {} merge value {transformation:[-0.9935974997369768f,-0.007905289051167236f,-0.11270099787244978f,0.2566348595868875f,-0.009209099251538f,0.9998965081584964f,0.011052848656422087f,0.025322262615871616f,0.11260195827517276f,0.012019957465147002f,-0.9935674710934999f,-0.1140685362581411f,0f,0f,0f,1f],start_interpolation:0}
execute if entity @s[tag=aj.dino.bone.leg_left_2] run data modify entity @s {} merge value {transformation:[-1.017859101754428f,-0.09850299898345097f,-0.0795123114217518f,0.22963758246668176f,-0.06566681595836636f,0.9616432445092933f,-0.3507026362493224f,0.2385397502923437f,0.1082262341498282f,-0.3429309390848261f,-0.9605975498411604f,-0.22352410734999525f,0f,0f,0f,1f],start_interpolation:0}
execute if entity @s[tag=aj.dino.bone.leg_left_1] run data modify entity @s {} merge value {transformation:[-0.95711929752393f,0.01615856293852866f,0.28924306586513066f,0.23774862051974868f,0.2687782656420292f,0.4220279300571245f,0.8658236946227342f,0.30191862144543813f,-0.10807818570720676f,0.906438815969098f,-0.4082741464736385f,0.046532767053947294f,0f,0f,0f,1f],start_interpolation:0}
execute if entity @s[tag=aj.dino.bone.leg_left_0] run data modify entity @s {} merge value {transformation:[-0.9751936822842693f,0.2210491643225809f,0.011599525211670726f,0.210204177777717f,0.19676121372954772f,0.8896654712568361f,-0.4120441408696731f,0.7076517010335214f,-0.10140171006705365f,-0.39954050633901983f,-0.9110900487821371f,-0.047961943731652495f,0f,0f,0f,1f],start_interpolation:0}
execute if entity @s[tag=aj.dino.bone.leg_right_3] run data modify entity @s {} merge value {transformation:[-0.9674744188627442f,0.11053516853951001f,0.2275417002708242f,-0.26064116161756634f,0.1437563204471562f,0.9803630367487428f,0.13499050525232148f,0.11676712057334551f,-0.20815227401517855f,0.16331041820020126f,-0.9643662883622514f,-0.27035302059417154f,0f,0f,0f,1f],start_interpolation:0}
execute if entity @s[tag=aj.dino.bone.leg_right_2] run data modify entity @s {} merge value {transformation:[-0.9933516878935474f,0.17979885672698265f,0.1816232220268227f,-0.21157627385726044f,0.1933258814529971f,1.005403808102675f,0.06205228209949184f,0.35274306034482955f,-0.16715180890482825f,0.0943279029397093f,-1.007583603979111f,-0.27924485415362943f,0f,0f,0f,1f],start_interpolation:0}
execute if entity @s[tag=aj.dino.bone.leg_right_1] run data modify entity @s {} merge value {transformation:[-0.9744244711921466f,-0.08605211946790291f,-0.2075860849791895f,-0.2433506304475649f,-0.2068512048363948f,-0.017469018922236845f,0.9782164445743211f,0.2919967708756244f,-0.08780392360047129f,0.9961374735010101f,-0.0007777450651149653f,-0.010332853233697842f,0f,0f,0f,1f],start_interpolation:0}
execute if entity @s[tag=aj.dino.bone.leg_right_0] run data modify entity @s {} merge value {transformation:[-0.9822587219715965f,-0.1031775197967154f,0.15659566571053093f,-0.182396597091948f,-0.15285555059795927f,0.9242615525944636f,-0.34982247361635654f,0.7011430053479984f,-0.10864153792229134f,-0.3675526925547822f,-0.92363522801678f,-0.06682394278959672f,0f,0f,0f,1f],start_interpolation:0}
execute if entity @s[tag=aj.dino.bone.tail_4] run data modify entity @s {} merge value {transformation:[-2.65800476531422f,-0.5674222721903839f,0.48857339693151497f,0.20707667384076206f,-0.5464279093096384f,2.701817859133665f,0.16510035612885512f,0.6784314718951822f,-0.5119458360944011f,0.06223787181997074f,-2.7128765618466555f,-1.8132042618683548f,0f,0f,0f,1f],start_interpolation:0}
execute if entity @s[tag=aj.dino.bone.tail_3] run data modify entity @s {} merge value {transformation:[-2.0384891283402324f,-0.18508979226760428f,0.3824256378453971f,0.14404266679261649f,-0.21468486694078104f,2.066159616195036f,-0.14436195605436322f,0.6826909309600692f,-0.36663061463787083f,-0.1807532440858471f,-2.0417776037578497f,-1.4652254199846928f,0f,0f,0f,1f],start_interpolation:0}
execute if entity @s[tag=aj.dino.bone.tail_2] run data modify entity @s {} merge value {transformation:[-1.9386129929900344f,-0.05823627623533331f,0.2390859145646988f,0.09814976229931154f,-0.09947281743519402f,1.9220743083614056f,-0.3383923561951498f,0.745981139339018f,-0.22507486977559502f,-0.34786888948286615f,-1.9097388339058916f,-1.1104583487821102f,0f,0f,0f,1f],start_interpolation:0}
execute if entity @s[tag=aj.dino.bone.tail_1] run data modify entity @s {} merge value {transformation:[-1.500122777280112f,0.03721472256445016f,0.18948078401213936f,0.05835387523251831f,0.01694521285476398f,1.503790369238408f,-0.16119440172387836f,0.7622699033983531f,-0.1923558235320957f,-0.15775246372169072f,-1.4919013530870688f,-0.7873056905278194f,0f,0f,0f,1f],start_interpolation:0}
execute if entity @s[tag=aj.dino.bone.tail_0] run data modify entity @s {} merge value {transformation:[-1.2743929835940278f,0.009128809499098051f,0.09836109387084423f,0.029830771913698678f,0.013454683657293702f,1.2769258769034577f,0.05581212203496226f,0.7767748001988234f,-0.09786322822195274f,0.05668056382475868f,-1.273202976288743f,-0.413878385893232f,0f,0f,0f,1f],start_interpolation:0}
execute if entity @s[tag=aj.dino.bone.body_1] run data modify entity @s {} merge value {transformation:[-1.2347737922163036f,-0.03281330913970378f,0.053493587048554225f,0.01960447148072805f,-0.020470583270405268f,1.2068483977672946f,0.2677732157691159f,0.6332314744552968f,-0.05932311802820567f,0.26654235424424827f,-1.2058360320199406f,-0.15149191859551922f,0f,0f,0f,1f],start_interpolation:0}