execute if entity @s[tag=aj.dino.bone.head_lower] run data modify entity @s {} merge value {transformation:[-0.9773158911839471f,0.20313149225110702f,-0.059927003055095504f,-0.2414721860361443f,0.16144447969171005f,0.897697075420677f,0.4099702925313455f,0.2923171704392769f,0.1370741726818002f,0.3909955979765022f,-0.9101280753534621f,0.7097621239699389f,0f,0f,0f,1f],start_interpolation:0}
execute if entity @s[tag=aj.dino.bone.head_upper] run data modify entity @s {} merge value {transformation:[-1.017287703918416f,0.2052027175645538f,0.08055752444077481f,-0.23162678494813974f,0.1680474916425678f,0.47565788197179065f,0.9104842461318366f,0.36581649443021613f,0.14268044923024722f,0.9028362900358731f,-0.49799685278646316f,0.6957487752592225f,0f,0f,0f,1f],start_interpolation:0}
execute if entity @s[tag=aj.dino.bone.neck_0] run data modify entity @s {} merge value {transformation:[-0.7570111894373932f,-0.2145014657509229f,0.6171897441284072f,-0.1879917686420539f,0.15001055226338952f,0.8622932808317956f,0.4836808162848424f,0.3830470940052229f,-0.6359488134089222f,0.45873676441184036f,-0.6205881788277469f,0.6483797131558804f,0f,0f,0f,1f],start_interpolation:0}
execute if entity @s[tag=aj.dino.bone.neck_1] run data modify entity @s {} merge value {transformation:[-0.7302364260637659f,-0.18759627569845935f,0.6569340906009412f,-0.13320506150082342f,0.1236502895360995f,0.909391709523498f,0.3971364054674022f,0.4208792138954447f,-0.6719117263058123f,0.3712335598972671f,-0.6408746180484488f,0.5957994481340666f,0f,0f,0f,1f],start_interpolation:0}
execute if entity @s[tag=aj.dino.bone.neck_2] run data modify entity @s {} merge value {transformation:[-0.8734121443397886f,-0.04470194029120731f,0.4849257290080341f,-0.09115959063091564f,0.12512156987240514f,0.9417497465334965f,0.312173041207533f,0.4574482322151882f,-0.470633423029471f,0.3333303938111504f,-0.8169424886056952f,0.5274926719504505f,0f,0f,0f,1f],start_interpolation:0}
execute if entity @s[tag=aj.dino.bone.body_0] run data modify entity @s {} merge value {transformation:[-0.9573828304176123f,0.06131481175833263f,0.2822385690875744f,0.04244248881093691f,0.10025873641871323f,0.9869931297677038f,0.12566919894339912f,0.5260779977201657f,-0.27086214536786846f,0.14861041568609143f,-0.9510776217303837f,0.08066905534243177f,0f,0f,0f,1f],start_interpolation:0}
execute if entity @s[tag=aj.dino.bone.leg_left_3] run data modify entity @s {} merge value {transformation:[-0.9795533220541537f,-0.09970297909293693f,0.17474153831492034f,0.5613773513012078f,-0.09718978404846176f,0.9950023090553958f,0.02290307514384443f,0.04619960872600279f,-0.1761517389334683f,0.005451690969285383f,-0.9843479282937975f,0.018383775144648146f,0f,0f,0f,1f],start_interpolation:0}
execute if entity @s[tag=aj.dino.bone.leg_left_2] run data modify entity @s {} merge value {transformation:[-0.935450390177033f,-0.266870130205853f,0.3252308420525983f,0.5077701637772883f,-0.3859134348070335f,0.860061757776597f,-0.4042607984288888f,0.2335865885788418f,-0.16752787187142518f,-0.4910563164392006f,-0.884793934050234f,-0.12368473400999422f,0f,0f,0f,1f],start_interpolation:0}
execute if entity @s[tag=aj.dino.bone.leg_left_1] run data modify entity @s {} merge value {transformation:[-0.9125358670796088f,-0.3869777785843245f,0.1323876511431792f,0.4137927719563731f,-0.06083681534282435f,0.44851681762533135f,0.8917014894044915f,0.3093536918602265f,-0.40444674951371506f,0.8056555487236382f,-0.4328301787290295f,0.12619720120472228f,0f,0f,0f,1f],start_interpolation:0}
execute if entity @s[tag=aj.dino.bone.leg_left_0] run data modify entity @s {} merge value {transformation:[-0.8608315834648012f,-0.032121109931216224f,0.5078752004245429f,0.25974303433963497f,-0.21375811441070425f,0.9285159373274021f,-0.3035879158540342f,0.673778321045994f,-0.4618186369486005f,-0.369900511524116f,-0.8061619924935274f,-0.00710938733269062f,0f,0f,0f,1f],start_interpolation:0}
execute if entity @s[tag=aj.dino.bone.leg_right_3] run data modify entity @s {} merge value {transformation:[-0.8619086388806079f,-0.0019314546526071896f,0.5070599251626013f,-0.27084282801944815f,0.00666211369266511f,0.9998632953464971f,0.015132972609145423f,0.037707672090660754f,-0.5070198363615805f,0.016421330694193603f,-0.8617779443882908f,-0.2402167079709799f,0f,0f,0f,1f],start_interpolation:0}
execute if entity @s[tag=aj.dino.bone.leg_right_2] run data modify entity @s {} merge value {transformation:[-0.8983843563000693f,0.36855182050339697f,0.33035935503574954f,-0.1733306159969321f,0.2693641592977264f,0.9384307980228731f,-0.31440862982538603f,0.24632000792303552f,-0.41522367170217267f,-0.1886250047752934f,-0.9187339710342604f,-0.31193374856142797f,0f,0f,0f,1f],start_interpolation:0}
execute if entity @s[tag=aj.dino.bone.leg_right_1] run data modify entity @s {} merge value {transformation:[-0.9845612737857428f,-0.16745118629828856f,-0.05098233388823681f,-0.23572611177716452f,-0.08415265702017426f,0.19742488730766214f,0.9766994134266702f,0.2464777532514813f,-0.15348429391257187f,0.9659107174469349f,-0.2084683607728197f,-0.04152634688293107f,0f,0f,0f,1f],start_interpolation:0}
execute if entity @s[tag=aj.dino.bone.leg_right_0] run data modify entity @s {} merge value {transformation:[-0.98356448510067f,0.04840453238426978f,0.17394799479532416f,-0.11651679793422094f,-0.03108756216991043f,0.9036094268822367f,-0.42722776961228515f,0.6396579178928539f,-0.1778608082939744f,-0.42561368034194574f,-0.8872533617737371f,-0.11572726460050968f,0f,0f,0f,1f],start_interpolation:0}
execute if entity @s[tag=aj.dino.bone.tail_4] run data modify entity @s {} merge value {transformation:[-0.09355665009424519f,-0.9494233200280648f,2.5914289193821283f,1.1114259643601052f,-2.250990042019259f,1.5265059271106616f,0.47800085441990064f,0.8606112079089204f,-1.5968570116179088f,-2.0961956839672444f,-0.8256347077029988f,-1.3995633385122317f,0f,0f,0f,1f],start_interpolation:0}
execute if entity @s[tag=aj.dino.bone.tail_3] run data modify entity @s {} merge value {transformation:[-0.7060039214086378f,-0.6194521082500206f,1.8584356525273271f,0.8023657797482422f,-0.8962791512615682f,1.858698423174236f,0.27905085692019727f,0.7951056713884006f,-1.7418919805814344f,-0.7053118340979808f,-0.8968238794277693f,-1.2405931198937572f,0f,0f,0f,1f],start_interpolation:0}
execute if entity @s[tag=aj.dino.bone.tail_2] run data modify entity @s {} merge value {transformation:[-1.412795299878353f,-0.3561782315941701f,1.3022750796136964f,0.5591462487348243f,-0.4795700110691822f,1.8944080601393265f,-0.00214036563136073f,0.795599724908746f,-1.26206018878955f,-0.32113711093609376f,-1.4569999694079891f,-0.9707496474622886f,0f,0f,0f,1f],start_interpolation:0}
execute if entity @s[tag=aj.dino.bone.tail_1] run data modify entity @s {} merge value {transformation:[-1.081924308457215f,0.17265443064567024f,1.0427303047038559f,0.33368543896090985f,0.19499213964045467f,1.4991752797961992f,-0.0459107386830774f,0.7869670445742847f,-1.0387849181846136f,0.1015882770126941f,-1.0946515270741544f,-0.7354422377082355f,0f,0f,0f,1f],start_interpolation:0}
execute if entity @s[tag=aj.dino.bone.tail_0] run data modify entity @s {} merge value {transformation:[-1.140918279177172f,-0.052543385052816034f,0.573916709558643f,0.1647056718833479f,0.09644413534026734f,1.237535353473855f,0.3050253993437876f,0.7276954659912337f,-0.5681898675459609f,0.3155648240434291f,-1.100642917947765f,-0.40619365442887284f,0f,0f,0f,1f],start_interpolation:0}
execute if entity @s[tag=aj.dino.bone.body_1] run data modify entity @s {} merge value {transformation:[-1.1833796815854354f,-0.1739326587463931f,0.3129928984632308f,0.10365480620148389f,-0.10731252277160834f,1.2033054261116256f,0.26295373928309573f,0.5855112453042826f,-0.34161549543806796f,0.2245174308778274f,-1.166831338096845f,-0.15004455528118776f,0f,0f,0f,1f],start_interpolation:0}