execute if entity @s[tag=aj.dino.bone.head_lower] run data modify entity @s {} merge value {transformation:[-0.9643581136475448f,0.263088043864286f,-0.02825083747098194f,-0.8080388849740157f,0.19278221743495177f,0.7717263510673145f,0.6060309032625244f,0.5061777587258625f,0.18124140057672045f,0.5789845595903156f,-0.7949392646441596f,0.009735425731836528f,0f,0f,0f,1f],start_interpolation:0}
execute if entity @s[tag=aj.dino.bone.head_upper] run data modify entity @s {} merge value {transformation:[-1.0037999586798487f,0.27272270722086567f,-0.03846960493639333f,-0.8048785701035757f,0.2006669298021174f,0.8237628620358171f,0.6038372901683521f,0.5663643807597961f,0.1886540983430581f,0.5748991343533129f,-0.8469784879686654f,-0.035685268118664674f,0f,0f,0f,1f],start_interpolation:0}
execute if entity @s[tag=aj.dino.bone.neck_0] run data modify entity @s {} merge value {transformation:[-0.9299086309129194f,0.2761821844185579f,0.24288544452777072f,-0.7933556198185467f,0.243520674406142f,0.9572461831145662f,-0.1561327193427825f,0.5406519583717828f,-0.2756222401955928f,-0.08604153602991974f,-0.9574075593952531f,-0.09610736015432685f,0f,0f,0f,1f],start_interpolation:0}
execute if entity @s[tag=aj.dino.bone.neck_1] run data modify entity @s {} merge value {transformation:[-0.7481609204268265f,0.16520326292483728f,0.6426220654981203f,-0.7381560256743595f,0.27628362452733646f,0.9581179528645212f,0.07534817328069027f,0.5514488672375344f,-0.6032599737792335f,0.23391851213122533f,-0.7624693657572036f,-0.15962088949881298f,0f,0f,0f,1f],start_interpolation:0}
execute if entity @s[tag=aj.dino.bone.neck_2] run data modify entity @s {} merge value {transformation:[-0.4474635375777152f,0.009577932695518487f,0.8942508852350757f,-0.6597191672988304f,0.21409328171164485f,0.9720133398085172f,0.09671677186626118f,0.5694385999338707f,-0.8682974428526061f,0.2347303355758949f,-0.4369910986462457f,-0.19560643048171622f,0f,0f,0f,1f],start_interpolation:0}
execute if entity @s[tag=aj.dino.bone.body_0] run data modify entity @s {} merge value {transformation:[-0.1488401394611097f,0.29936963802322714f,0.9424565946053107f,-0.21269103845935847f,0.23683861670015566f,0.9361254166576453f,-0.2599551382971817f,0.4558404828366124f,-0.9600802479609474f,0.18451835712847658f,-0.21023532851986085f,-0.29293178443104956f,0f,0f,0f,1f],start_interpolation:0}
execute if entity @s[tag=aj.dino.bone.leg_left_3] run data modify entity @s {} merge value {transformation:[-0.13642607200282916f,0.013070719070493397f,0.9905640227571657f,0.03094439522827338f,-0.04871056874642151f,0.9986149615882592f,-0.0198856477007734f,0.007132944522494189f,-0.9894519732509909f,-0.05096385773329333f,-0.13560043449289405f,0.1503170340768823f,0f,0f,0f,1f],start_interpolation:0}
execute if entity @s[tag=aj.dino.bone.leg_left_2] run data modify entity @s {} merge value {transformation:[0.1027774761221382f,0.05388916249106505f,1.0191147865028103f,0.07516053915925797f,-0.3994890179341391f,0.9446572600287265f,-0.009663597970220286f,0.2264127732056802f,-0.9390993102184002f,-0.3959555767276484f,0.11564543357303417f,0.0601374276541292f,0f,0f,0f,1f],start_interpolation:0}
execute if entity @s[tag=aj.dino.bone.leg_left_1] run data modify entity @s {} merge value {transformation:[0.21659899777359867f,-0.9681511457435318f,0.12557162561247315f,-0.19882942495987949f,-0.014778171988595708f,0.12535882568285212f,0.992001396398257f,0.20815113115219186f,-0.9761488000280226f,-0.21672222733006155f,0.01284509186222707f,0.020020129000435635f,0f,0f,0f,1f],start_interpolation:0}
execute if entity @s[tag=aj.dino.bone.leg_left_0] run data modify entity @s {} merge value {transformation:[0.19046658181769552f,0.4661094478026284f,0.8639817497376965f,-0.0640066006676322f,-0.06690846819438437f,0.884210122639296f,-0.4622723395424845f,0.585172795813151f,-0.9794109138122591f,0.030239736958672894f,0.19959914883111632f,-0.09823700182301287f,0f,0f,0f,1f],start_interpolation:0}
execute if entity @s[tag=aj.dino.bone.leg_right_3] run data modify entity @s {} merge value {transformation:[0.3882475611816934f,-0.1000448276327465f,0.9161085436237355f,-0.17657636597107101f,0.12745193979480357f,0.9903660263531655f,0.054139974953659104f,0.0987175192389469f,-0.9126992025191043f,0.09574009770924144f,0.39725810175705134f,-0.6578368874895444f,0f,0f,0f,1f],start_interpolation:0}
execute if entity @s[tag=aj.dino.bone.leg_right_2] run data modify entity @s {} merge value {transformation:[0.4099448837875535f,0.18371220588715914f,0.9220939307712518f,-0.10589246446586559f,0.1702451557842815f,0.9747987183869391f,-0.26990043546437853f,0.3173364381379267f,-0.9246750665445075f,0.26092045442998435f,0.35910825285929504f,-0.5844841340752429f,0f,0f,0f,1f],start_interpolation:0}
execute if entity @s[tag=aj.dino.bone.leg_right_1] run data modify entity @s {} merge value {transformation:[0.22418872933298917f,-0.8971566902418373f,0.38059070770891423f,-0.3653421463171073f,-0.18570461424397264f,0.34404763541136785f,0.9204048135556137f,0.3582901859395972f,-0.9566886692590004f,-0.2770218361829243f,-0.08947453486486552f,-0.6740499690127473f,0f,0f,0f,1f],start_interpolation:0}
execute if entity @s[tag=aj.dino.bone.leg_right_0] run data modify entity @s {} merge value {transformation:[0.28348318244418386f,0.9291789888558042f,0.23719968790077045f,-0.05278799828403944f,-0.15061737931508287f,0.28741721595345715f,-0.9458888671624274f,0.5656539214906077f,-0.9470753350814147f,0.23241719093575916f,0.22142845128383307f,-0.4906993096463115f,0f,0f,0f,1f],start_interpolation:0}
execute if entity @s[tag=aj.dino.bone.tail_4] run data modify entity @s {} merge value {transformation:[0.5311663285317237f,2.6910022430170155f,-0.31942227710589977f,0.8885281180270631f,-2.5308045384555777f,0.608971550733837f,0.9218694973419373f,0.5521533322349413f,0.968788961109064f,0.11542057907589559f,2.5833674478012236f,0.8861895346117854f,0f,0f,0f,1f],start_interpolation:0}
execute if entity @s[tag=aj.dino.bone.tail_3] run data modify entity @s {} merge value {transformation:[0.4859652806319747f,2.02249090242885f,-0.09650814295831912f,0.8851006714337046f,-2.0237573032483405f,0.4883376079153191f,0.04333917729945727f,0.5400258424567568f,0.06472750276146741f,0.08368068076038417f,2.0796041498559736f,0.5327466395971941f,0f,0f,0f,1f],start_interpolation:0}
execute if entity @s[tag=aj.dino.bone.tail_2] run data modify entity @s {} merge value {transformation:[0.6093869414043757f,1.8107359953651685f,0.41067820216990786f,0.8096379686135062f,-1.763266026667158f,0.6997835283915838f,-0.46900938966721717f,0.626076340884167f,-0.5816479604107712f,-0.2243034629325045f,1.8520657336253628f,0.18796819454500516f,0f,0f,0f,1f],start_interpolation:0}
execute if entity @s[tag=aj.dino.bone.tail_1] run data modify entity @s {} merge value {transformation:[0.9079315275254857f,0.7805982424879033f,0.9241119927530616f,0.6003699587329185f,-0.8641226113647537f,1.2271009779630742f,-0.18754080198779755f,0.6522585457470311f,-0.8465274383346341f,-0.415386354743224f,1.1825826493060598f,-0.06062397988525603f,0f,0f,0f,1f],start_interpolation:0}
execute if entity @s[tag=aj.dino.bone.tail_0] run data modify entity @s {} merge value {transformation:[0.7757244227336902f,-0.025072420425960674f,1.0156075572249814f,0.3029807834285082f,-0.2420272754028078f,1.2364737349056447f,0.21538620530016897f,0.6191560043250738f,-0.9866661717721978f,-0.32301670731789855f,0.7456445459184466f,-0.2863136151456099f,0f,0f,0f,1f],start_interpolation:0}
execute if entity @s[tag=aj.dino.bone.body_1] run data modify entity @s {} merge value {transformation:[0.03528377195168395f,-0.1692217120514235f,1.2242236979667958f,0.02976420548124769f,-0.061389064947824874f,1.222970665604229f,0.1708178235215265f,0.49706750000000005f,-1.234338297711751f,-0.0656609343383472f,0.026499123761399228f,-0.2880515603363997f,0f,0f,0f,1f],start_interpolation:0}