execute if entity @s[tag=aj.dino.bone.head_lower] run data modify entity @s {} merge value {transformation:[-0.9016546943629126f,0.4270155037608407f,-0.06838546396127021f,-0.12873829426036454f,0.3731683115555942f,0.8481666772674209f,0.37597699241295296f,0.3323780367100336f,0.21855027655912446f,0.3134821320602151f,-0.9241021207068579f,0.7811507450481088f,0f,0f,0f,1f],start_interpolation:0}
execute if entity @s[tag=aj.dino.bone.head_upper] run data modify entity @s {} merge value {transformation:[-0.9385319956728998f,0.4169565488565899f,0.16963747241501f,-0.10797263190984961f,0.3884307400114216f,0.5519157063903087f,0.7924535038962053f,0.3995213948391347f,0.22748889180777743f,0.7778227510100201f,-0.6532323588883061f,0.7536550505108082f,0f,0f,0f,1f],start_interpolation:0}
execute if entity @s[tag=aj.dino.bone.neck_0] run data modify entity @s {} merge value {transformation:[-0.8587480905444849f,0.2428380585663483f,0.45119994935497043f,-0.08246143121978661f,0.3802807486474015f,0.892221265991052f,0.24357291458923802f,0.4006659739168745f,-0.3434214163303927f,0.38075042984224094f,-0.8585399472246914f,0.6920709224226147f,0f,0f,0f,1f],start_interpolation:0}
execute if entity @s[tag=aj.dino.bone.neck_1] run data modify entity @s {} merge value {transformation:[-0.8953947631492477f,0.06074988710707004f,0.4411095888114208f,-0.04481379234793975f,0.20358190405951718f,0.9368972689376949f,0.28421455943809465f,0.42905884602321104f,-0.39600836665959976f,0.34428615812078034f,-0.8512604859043025f,0.6215440697673356f,0f,0f,0f,1f],start_interpolation:0}
execute if entity @s[tag=aj.dino.bone.neck_2] run data modify entity @s {} merge value {transformation:[-0.9581427235455917f,-0.0042421264653185915f,0.2862595425128879f,-0.019776842546666423f,0.09300903111241603f,0.941040467155423f,0.3252570664988431f,0.4667671788002521f,-0.27076159522385224f,0.3382674142434584f,-0.9012565200945175f,0.5458990885857324f,0f,0f,0f,1f],start_interpolation:0}
execute if entity @s[tag=aj.dino.bone.body_0] run data modify entity @s {} merge value {transformation:[-0.991303122382238f,0.05781633373779904f,0.11821755837583987f,0.036489422249292705f,0.07291522541867976f,0.9891325645257658f,0.12767200044185484f,0.5363612379313102f,-0.10955130970175019f,0.1351815125962175f,-0.9847458906717154f,0.08307981599361275f,0f,0f,0f,1f],start_interpolation:0}
execute if entity @s[tag=aj.dino.bone.leg_left_3] run data modify entity @s {} merge value {transformation:[-0.9916613804991833f,-0.07741449146211438f,0.10302768044615879f,0.4998878419942047f,-0.07619406602180034f,0.9969688456956656f,0.015734834454744717f,0.032776501929509066f,-0.10393349185666326f,0.007753529771330481f,-0.9945540267107498f,-0.024573930927062337f,0f,0f,0f,1f],start_interpolation:0}
execute if entity @s[tag=aj.dino.bone.leg_left_2] run data modify entity @s {} merge value {transformation:[-0.970263494217456f,-0.24097252791191087f,0.22931025289195028f,0.4492989638236429f,-0.31552219587283487f,0.8906187313790505f,-0.3991318312651224f,0.22755397946060735f,-0.10534085247999145f,-0.4480990020176447f,-0.916609398102744f,-0.157515917214624f,0f,0f,0f,1f],start_interpolation:0}
execute if entity @s[tag=aj.dino.bone.leg_left_1] run data modify entity @s {} merge value {transformation:[-0.942016258885675f,-0.2934648376633034f,0.16273830849031137f,0.37970355114890114f,0.01412176241146823f,0.44986597352568297f,0.8929844241027856f,0.3021267172685155f,-0.33526995663409925f,0.8435039981642295f,-0.4196368206670249f,0.10057083364684703f,0f,0f,0f,1f],start_interpolation:0}
execute if entity @s[tag=aj.dino.bone.leg_left_0] run data modify entity @s {} merge value {transformation:[-0.9156803541087296f,0.02492856280850088f,0.4011334638940186f,0.2503652385664735f,-0.12403283171942034f,0.9318292838183018f,-0.341042581614573f,0.6813341811781707f,-0.38228960979207005f,-0.36203971132318263f,-0.8501658083397928f,-0.016819876283670265f,0f,0f,0f,1f],start_interpolation:0}
execute if entity @s[tag=aj.dino.bone.leg_right_3] run data modify entity @s {} merge value {transformation:[-0.8975410046362307f,-0.002199020689427303f,0.4409255144631499f,-0.26029259162943585f,0.009048531185546105f,0.9996851210618523f,0.02340476043317591f,0.03522822093356223f,-0.440838143857777f,0.02499646046058568f,-0.897238489970461f,-0.21753467031795304f,0f,0f,0f,1f],start_interpolation:0}
execute if entity @s[tag=aj.dino.bone.leg_right_2] run data modify entity @s {} merge value {transformation:[-0.9329486836238872f,0.30921914415989954f,0.2933470199442461f,-0.17770096490608217f,0.22267919861018634f,0.9555374563936387f,-0.29903903329798787f,0.24837550940383754f,-0.36343215010710844f,-0.2083120011292897f,-0.9362613854873703f,-0.2944627450304733f,0f,0f,0f,1f],start_interpolation:0}
execute if entity @s[tag=aj.dino.bone.leg_right_1] run data modify entity @s {} merge value {transformation:[-0.9850513339742945f,-0.1402699769102755f,-0.09999101466158695f,-0.23012269871766186f,-0.1300435732505422f,0.22485782694302575f,0.9656747002581622f,0.2556566903170809f,-0.11297140563741694f,0.9642423405140698f,-0.23973771140197206f,-0.022043340639996495f,0f,0f,0f,1f],start_interpolation:0}
execute if entity @s[tag=aj.dino.bone.leg_right_0] run data modify entity @s {} merge value {transformation:[-0.9874745180359519f,-0.010314976510460538f,0.15744102860834347f,-0.13217016071134913f,-0.07715393124195555f,0.9019856033190249f,-0.4248167161248795f,0.6533594100856442f,-0.1376275667283854f,-0.4316428763049421f,-0.8914836399012718f,-0.10294529087151151f,0f,0f,0f,1f],start_interpolation:0}
execute if entity @s[tag=aj.dino.bone.tail_4] run data modify entity @s {} merge value {transformation:[-0.8483098280710648f,-1.3393006338694131f,2.2610408177021113f,0.9190478206223487f,-2.0111314156206417f,1.8602088581360463f,0.3473251571883406f,0.8149026843752345f,-1.6915620580699235f,-1.5399864115729007f,-1.546842263279959f,-1.555475937483741f,0f,0f,0f,1f],start_interpolation:0}
execute if entity @s[tag=aj.dino.bone.tail_3] run data modify entity @s {} merge value {transformation:[-1.159739433043253f,-0.632032593588179f,1.6098089247271428f,0.6522686511871165f,-0.8095819260273575f,1.9111764740259631f,0.1671140814652311f,0.7678639495197971f,-1.5282431346283853f,-0.5328084194307872f,-1.3101654993508716f,-1.328106336143955f,0f,0f,0f,1f],start_interpolation:0}
execute if entity @s[tag=aj.dino.bone.tail_2] run data modify entity @s {} merge value {transformation:[-1.600360348821716f,-0.30986429115725495f,1.0777776904295364f,0.45065502098913024f,-0.4180202716029048f,1.9075663164948322f,-0.07227500056138787f,0.78144452218226f,-1.040615049598576f,-0.2897390968487458f,-1.62847948998721f,-1.0262139776224286f,0f,0f,0f,1f],start_interpolation:0}
execute if entity @s[tag=aj.dino.bone.tail_1] run data modify entity @s {} merge value {transformation:[-1.2420813945967781f,0.13820474907161975f,0.8519328063471758f,0.26682582547769834f,0.120529306655602f,1.5061282440566244f,-0.06860501943757061f,0.7776815447585329f,-0.8546126288755882f,0.01155031553509386f,-1.2478622098522725f,-0.7570126702753868f,0f,0f,0f,1f],start_interpolation:0}
execute if entity @s[tag=aj.dino.bone.tail_0] run data modify entity @s {} merge value {transformation:[-1.1932090406508247f,-0.0200730147836043f,0.457913721098925f,0.1325283956638486f,0.06962589509193197f,1.2542325144359059f,0.2364080181560264f,0.7388644920122598f,-0.45303436583311657f,0.24562896896194883f,-1.1697273141911766f,-0.4092636975058495f,0f,0f,0f,1f],start_interpolation:0}
execute if entity @s[tag=aj.dino.bone.body_1] run data modify entity @s {} merge value {transformation:[-1.2031170488139338f,-0.14214520381906026f,0.24679688600292085f,0.08472606495172286f,-0.0879838156197456f,1.2044663178585555f,0.2648099929940216f,0.5961705240420736f,-0.27087415915603963f,0.24012543645299422f,-1.1821893079054715f,-0.15059539544615902f,0f,0f,0f,1f],start_interpolation:0}