execute if entity @s[tag=aj.dino.bone.head_lower] run data modify entity @s {} merge value {transformation:[0.39001613017642145f,0.31292468547826024f,-0.866005519278336f,0.8489254202891087f,-0.47291522053314333f,0.875042572209202f,0.1032070298458001f,0.2325907222445046f,0.7900877244903232f,0.36929478474497224f,0.48926756439587066f,-0.39910080926390706f,0f,0f,0f,1f],start_interpolation:0}
execute if entity @s[tag=aj.dino.bone.head_upper] run data modify entity @s {} merge value {transformation:[0.40596762739391623f,0.9011178854287621f,-0.3265712550915308f,0.8467728462074119f,-0.4922572560049404f,0.5003332121638734f,0.768649083327219f,0.2966614043186755f,0.8224019832187589f,-0.1453450238215389f,0.6212903867207952f,-0.35927907380235047f,0f,0f,0f,1f],start_interpolation:0}
execute if entity @s[tag=aj.dino.bone.neck_0] run data modify entity @s {} merge value {transformation:[0.3392589464846477f,0.6331066107028365f,-0.6957581380871471f,0.791397690038503f,-0.4549373669469189f,0.7578001061480975f,0.4677296134278189f,0.31475216315465554f,0.823368301178477f,0.1578449194820643f,0.5451143201275941f,-0.3268591296582862f,0f,0f,0f,1f],start_interpolation:0}
execute if entity @s[tag=aj.dino.bone.neck_1] run data modify entity @s {} merge value {transformation:[0.35124006411192565f,0.5956436920394018f,-0.7223842533557334f,0.7329463185197111f,-0.1543839945245454f,0.7978266844770865f,0.5827848348841489f,0.36779717552735114f,0.923469544488228f,-0.093172816153477f,0.37218654829632797f,-0.2957592795865579f,0f,0f,0f,1f],start_interpolation:0}
execute if entity @s[tag=aj.dino.bone.neck_2] run data modify entity @s {} merge value {transformation:[0.1751745228098077f,0.40165545949857273f,-0.8988808477286333f,0.6581300726354781f,-0.22152551774612397f,0.9056667101108593f,0.3615166042995597f,0.408335784572204f,0.9592915779603549f,0.13579654653916295f,0.24762666738937686f,-0.27273579325978303f,0f,0f,0f,1f],start_interpolation:0}
execute if entity @s[tag=aj.dino.bone.body_0] run data modify entity @s {} merge value {transformation:[0.36740175694879673f,0.20469215509825456f,-0.9072579956286797f,0.2324927301556697f,-0.2544727791573656f,0.9603814654967365f,0.11362678116653349f,0.47103649437125006f,0.8945722741393586f,0.18912578452335038f,0.40493441934412455f,-0.08009006042215414f,0f,0f,0f,1f],start_interpolation:0}
execute if entity @s[tag=aj.dino.bone.leg_left_3] run data modify entity @s {} merge value {transformation:[0.20441781155929692f,0.17715413762111618f,-0.9627199851675597f,-0.48528607543309993f,-0.024923380923573015f,0.9841106638915482f,0.17579825453705433f,0.08357932984574343f,0.9785663919227178f,-0.01194205755534122f,0.20558502829899508f,-0.38023681899159f,0f,0f,0f,1f],start_interpolation:0}
execute if entity @s[tag=aj.dino.bone.leg_left_2] run data modify entity @s {} merge value {transformation:[0.13469009269108836f,0.177759602053232f,-1.001160477800356f,-0.47458195809920223f,-0.2982199026027212f,0.9724002510900063f,0.13253241442157074f,0.3138776098685069f,0.9721037332112163f,0.27368133852834037f,0.17937406813373657f,-0.3093905335796179f,0f,0f,0f,1f],start_interpolation:0}
execute if entity @s[tag=aj.dino.bone.leg_left_1] run data modify entity @s {} merge value {transformation:[0.06603071417884282f,0.9967159192131682f,-0.046875592498456686f,-0.2026343275208816f,0.09824061462512165f,0.04025596447061025f,0.9943481477644636f,0.2701208772237655f,0.9929696503031249f,-0.07026260535726209f,-0.09525985442619224f,-0.3432020734862756f,0f,0f,0f,1f],start_interpolation:0}
execute if entity @s[tag=aj.dino.bone.leg_left_0] run data modify entity @s {} merge value {transformation:[0.03924978592873078f,0.44662153356613166f,-0.8938616559958177f,0.05005352058041149f,0.046596283599419544f,0.8927597277405384f,0.44811701025442263f,0.589585847658028f,0.9981423949814331f,-0.05923912794493684f,0.014229724559952875f,-0.2515600380886117f,0f,0f,0f,1f],start_interpolation:0}
execute if entity @s[tag=aj.dino.bone.leg_right_3] run data modify entity @s {} merge value {transformation:[-0.3362037670881217f,0.031219570956619258f,-0.9412716745897758f,0.16783296849435603f,0.02434708077032496f,0.999404497318864f,0.024451388443043592f,0.03236221901508743f,0.9414745066403652f,-0.014696568582970096f,-0.3367636622591085f,0.28253583324076875f,0f,0f,0f,1f],start_interpolation:0}
execute if entity @s[tag=aj.dino.bone.leg_right_2] run data modify entity @s {} merge value {transformation:[-0.35499483743336463f,-0.09847786925648613f,-0.9572580499337972f,0.11584509000756066f,0.17609445036765195f,0.9964396154974356f,-0.16781250465246195f,0.25917149946823037f,0.9460611023850773f,-0.22242392280220305f,-0.3279606510237258f,0.21908598803382268f,0f,0f,0f,1f],start_interpolation:0}
execute if entity @s[tag=aj.dino.bone.leg_right_1] run data modify entity @s {} merge value {transformation:[-0.18316318403579718f,0.9170888497627117f,-0.35411762121472434f,0.3801227328626208f,-0.18661581358172918f,0.3212266374200134f,0.9284330808049984f,0.2934815589786209f,0.9652076388710865f,0.23613870723102043f,0.11230638811823837f,0.29650389915994607f,0f,0f,0f,1f],start_interpolation:0}
execute if entity @s[tag=aj.dino.bone.leg_right_0] run data modify entity @s {} merge value {transformation:[-0.23944456465184108f,-0.959387300352893f,-0.1491385543053103f,0.04341847550097601f,-0.17476845597242233f,0.19368756289727163f,-0.9653709726192986f,0.468438133206152f,0.9550509343776935f,-0.20508811740445404f,-0.21404807133863887f,0.12235534540895254f,0f,0f,0f,1f],start_interpolation:0}
execute if entity @s[tag=aj.dino.bone.tail_4] run data modify entity @s {} merge value {transformation:[0.19435216500284136f,-1.7265845665334445f,2.1463444043692577f,-0.8260972769171921f,2.562177819095713f,0.903411648466412f,0.49472573042963147f,0.43816504341628265f,-1.0115005639606143f,1.9566334505020908f,1.6655670148882151f,1.0051126169726685f,0f,0f,0f,1f],start_interpolation:0}
execute if entity @s[tag=aj.dino.bone.tail_3] run data modify entity @s {} merge value {transformation:[0.13730523333285832f,-1.9939625977731747f,0.5841283742684535f,-0.9056313738314309f,2.051695609460429f,0.2225505565698567f,0.2774200820699348f,0.3889470174018609f,-0.3280821925442644f,0.5572521283014938f,1.979337683793053f,0.6640369409445385f,0f,0f,0f,1f],start_interpolation:0}
execute if entity @s[tag=aj.dino.bone.tail_2] run data modify entity @s {} merge value {transformation:[0.9375392274481847f,-1.6993329812035023f,-0.22816987310478867f,-0.8629261952742872f,1.706166190174532f,0.9503747666608441f,-0.06751747479316411f,0.40298612897543284f,0.1696791192338074f,-0.16682055296377649f,1.9396272256822122f,0.303550249040707f,0f,0f,0f,1f],start_interpolation:0}
execute if entity @s[tag=aj.dino.bone.tail_1] run data modify entity @s {} merge value {transformation:[0.6647939783727748f,-0.9665884022528741f,-0.9546790439459406f,-0.6463094972058563f,1.0630649936395722f,1.0319033258740322f,-0.30450713513513494f,0.45488309249620446f,0.8459302782247452f,-0.5371579252699777f,1.1329252304111945f,0.0655154022344419f,0f,0f,0f,1f],start_interpolation:0}
execute if entity @s[tag=aj.dino.bone.tail_0] run data modify entity @s {} merge value {transformation:[0.5451416194457028f,0.16462237560850354f,-1.144358250191415f,-0.307928787967155f,-0.1469551945213848f,1.264795938045528f,0.11194249635747115f,0.4526926722961298f,1.1467608739991637f,0.08382377429210197f,0.55834468683075f,-0.09562307540278121f,0f,0f,0f,1f],start_interpolation:0}
execute if entity @s[tag=aj.dino.bone.body_1] run data modify entity @s {} merge value {transformation:[-0.020867966388962152f,-0.256997844079576f,-1.2091820504677901f,-0.009500270593391653f,-0.3810232489779f,1.1518128407295543f,-0.23822900479389544f,0.4304948101974354f,1.1760061253128593f,0.3686243116307097f,-0.09864230916635641f,-0.09751958360893626f,0f,0f,0f,1f],start_interpolation:0}