execute if entity @s[tag=aj.dino.bone.head_lower] run data modify entity @s {} merge value {transformation:[-0.9095606045488082f,0.19806038673077125f,0.365337638166209f,-0.715752157624821f,0.2761373035742701f,0.945022541010294f,0.1751587467332965f,0.9251059513375691f,-0.31056029402925633f,0.26020084586815795f,-0.9142471348502861f,0.21211118547528102f,0f,0f,0f,1f],start_interpolation:0}
execute if entity @s[tag=aj.dino.bone.head_upper] run data modify entity @s {} merge value {transformation:[-0.9467612542912692f,0.3123072318972769f,0.2992979499779278f,-0.6884004708920852f,0.2874312042332479f,0.992419001820995f,-0.12633198423658526f,0.9387706903923101f,-0.32326208065493045f,-0.0322592670838673f,-0.988904904164887f,0.1431139635657216f,0f,0f,0f,1f],start_interpolation:0}
execute if entity @s[tag=aj.dino.bone.neck_0] run data modify entity @s {} merge value {transformation:[-0.7560841786678212f,0.6311779020199059f,0.17306406550741882f,-0.68721071502937f,0.3180737175484702f,0.5854790868526257f,-0.7456831425365014f,0.8809472193171187f,-0.5719841125180858f,-0.5087520956811538f,-0.6434325762400688f,0.10995122953940017f,0f,0f,0f,1f],start_interpolation:0}
execute if entity @s[tag=aj.dino.bone.neck_1] run data modify entity @s {} merge value {transformation:[-0.6286291901417833f,0.5279835137774554f,0.5710155431167325f,-0.6364058498983459f,0.17940491877533904f,0.8128788495542963f,-0.554113572353627f,0.8377513582481698f,-0.7567292887293974f,-0.24588896910291755f,-0.6057222122826641f,0.05750582831048635f,0f,0f,0f,1f],start_interpolation:0}
execute if entity @s[tag=aj.dino.bone.neck_2] run data modify entity @s {} merge value {transformation:[-0.4384151130313879f,0.30098930907351107f,0.8468752118754721f,-0.5592663563198176f,0.0011519478223001312f,0.9424448906564414f,-0.3343595386582885f,0.8176860794727471f,-0.8987718629785258f,-0.1456127188779163f,-0.4135288072421205f,0.019851963804258146f,0f,0f,0f,1f],start_interpolation:0}
execute if entity @s[tag=aj.dino.bone.body_0] run data modify entity @s {} merge value {transformation:[-0.3090870575341388f,0.523538776314995f,0.7939599111790756f,-0.18008866626291548f,-0.03919490861354773f,0.8271171356475938f,-0.5606612195050554f,0.5613278738130505f,-0.9502257363404044f,-0.20441231277180377f,-0.23513114720006503f,-0.09291174692387288f,0f,0f,0f,1f],start_interpolation:0}
execute if entity @s[tag=aj.dino.bone.leg_left_3] run data modify entity @s {} merge value {transformation:[-0.7025707015229361f,0.18423845370867226f,0.6873504212093033f,0.21829066949066803f,0.049974743876073244f,0.9762928736641209f,-0.21060567372977798f,0.012508979244632568f,-0.7098569816069221f,-0.11361521468399483f,-0.6951220386782592f,0.18353980416452323f,0f,0f,0f,1f],start_interpolation:0}
execute if entity @s[tag=aj.dino.bone.leg_left_2] run data modify entity @s {} merge value {transformation:[-0.6525003169089657f,0.07781263698283218f,0.7875599846742922f,0.259755538481779f,-0.3872589265797526f,0.8587798887258155f,-0.4056967167787632f,0.19955069360752486f,-0.6901710365689735f,-0.5554318101680423f,-0.5169348547307046f,0.037023136874566626f,0f,0f,0f,1f],start_interpolation:0}
execute if entity @s[tag=aj.dino.bone.leg_left_1] run data modify entity @s {} merge value {transformation:[-0.48609707701625504f,-0.7863285022812776f,0.38130974052118793f,0.035592345551387204f,-0.06811600246830268f,0.46909288665274274f,0.8805180713077586f,0.28164576796062885f,-0.8712461431329215f,0.4020439654961629f,-0.28158623525330395f,0.178531607864737f,0f,0f,0f,1f],start_interpolation:0}
execute if entity @s[tag=aj.dino.bone.leg_left_0] run data modify entity @s {} merge value {transformation:[-0.5107078134674338f,0.4178773133518886f,0.7513694698676014f,0.07911551867630387f,-0.11734709378882396f,0.8318762955807857f,-0.5424126551161085f,0.6387786111185683f,-0.8517083942539428f,-0.3651854047420253f,-0.3758090357093259f,-0.033291772109047546f,0f,0f,0f,1f],start_interpolation:0}
execute if entity @s[tag=aj.dino.bone.leg_right_3] run data modify entity @s {} merge value {transformation:[-0.34700630436948116f,-0.015553304119141798f,0.9377338212194398f,-0.3072124663618769f,0.0556038729030399f,0.9977624674055494f,0.03712503138008422f,0.12647803931484117f,-0.93621302813303f,0.065024252150772f,-0.34536504250751127f,-0.34505115861047236f,0f,0f,0f,1f],start_interpolation:0}
execute if entity @s[tag=aj.dino.bone.leg_right_2] run data modify entity @s {} merge value {transformation:[-0.3608778613705074f,0.2700198038438012f,0.921367827854597f,-0.2152369912497393f,0.05067191231215738f,0.9882868716188224f,-0.26978438833484053f,0.34843011685777686f,-0.9587813754845117f,-0.04940206897216099f,-0.3610538867066685f,-0.36623745886055903f,0f,0f,0f,1f],start_interpolation:0}
execute if entity @s[tag=aj.dino.bone.leg_right_1] run data modify entity @s {} merge value {transformation:[-0.49968872421304533f,-0.8501691824462901f,0.16590220044636428f,-0.46495183416002384f,-0.29838247273701973f,0.3487472379665683f,0.8884499220406465f,0.39011131745067557f,-0.8131906780440126f,0.39444609926997126f,-0.42794064531547216f,-0.25257761367681764f,0f,0f,0f,1f],start_interpolation:0}
execute if entity @s[tag=aj.dino.bone.leg_right_0] run data modify entity @s {} merge value {transformation:[-0.45647916054655147f,0.7750969721453214f,0.4368654938970011f,-0.14310975416470315f,-0.2423178911452913f,0.36414269200335203f,-0.8992675572328019f,0.6344672367912652f,-0.8561009377506921f,-0.5163572248276447f,0.021596313358503205f,-0.3575306450382506f,0f,0f,0f,1f],start_interpolation:0}
execute if entity @s[tag=aj.dino.bone.tail_4] run data modify entity @s {} merge value {transformation:[-1.6351013018898746f,-0.9018516794986208f,-2.0343963754252896f,0.6209971750657287f,-1.6524577036102919f,2.1829181356970078f,0.3604348515669705f,0.6736612049166223f,1.4904659009642047f,1.4308016258834135f,-1.8322061666287297f,-1.587419625636989f,0f,0f,0f,1f],start_interpolation:0}
execute if entity @s[tag=aj.dino.bone.tail_3] run data modify entity @s {} merge value {transformation:[-1.710962624965355f,-0.9781450835633476f,-0.6721492524112183f,0.7445407671345636f,-1.0458601562590208f,1.8000835546315093f,0.042676175314730364f,0.6488096718813758f,0.561007090477441f,0.37266193512416734f,-1.970365360177648f,-1.256965263282226f,0f,0f,0f,1f],start_interpolation:0}
execute if entity @s[tag=aj.dino.bone.tail_2] run data modify entity @s {} merge value {transformation:[-1.7103925263108897f,-0.9307751742545575f,0.16428285343890325f,0.7125147216558739f,-0.9271208727426435f,1.7182547810715108f,0.08259097803387455f,0.6331794982512303f,-0.18378837903292203f,-0.005653080493960753f,-1.945498329327516f,-0.8954386196549144f,0f,0f,0f,1f],start_interpolation:0}
execute if entity @s[tag=aj.dino.bone.tail_1] run data modify entity @s {} merge value {transformation:[-1.3060343079009895f,-0.42231846604049905f,0.6352776950490108f,0.5822202049375431f,-0.454545941770014f,1.4423764192524857f,0.02438241179189956f,0.610735374022111f,-0.6126325353798926f,-0.1698635582624436f,-1.3724008154210732f,-0.5974515776555137f,0f,0f,0f,1f],start_interpolation:0}
execute if entity @s[tag=aj.dino.bone.tail_0] run data modify entity @s {} merge value {transformation:[-0.6611750779756017f,-0.26284237475260924f,1.0618837595906598f,0.26557023519496836f,-0.18689176343595904f,1.2496698528740906f,0.1929571044597076f,0.5845055829999406f,-1.0778472533748846f,-0.055451433129233584f,-0.684840239428262f,-0.3986634843859693f,0f,0f,0f,1f],start_interpolation:0}
execute if entity @s[tag=aj.dino.bone.body_1] run data modify entity @s {} merge value {transformation:[-0.6989235896523311f,0.11998629778415804f,1.0127752461567183f,0.022032248547101195f,-0.013559759349826554f,1.226579267423049f,-0.15467394321786046f,0.5378462900874637f,-1.019767887222443f,-0.09854534046944317f,-0.6920743219610787f,-0.23112817093999102f,0f,0f,0f,1f],start_interpolation:0}