execute if entity @s[tag=aj.dino.bone.head_lower] run data modify entity @s {} merge value {transformation:[-0.3244981534118001f,0.23048705706443928f,-0.9173748770040009f,0.9358978721966238f,-0.32621170496435287f,0.8830859461188303f,0.33726122710987777f,0.3486598695430393f,0.8878552089032208f,0.4086990681334916f,-0.21137218296226587f,0.055178169165527535f,0f,0f,0f,1f],start_interpolation:0}
execute if entity @s[tag=aj.dino.bone.head_upper] run data modify entity @s {} merge value {transformation:[-0.33776999267877883f,0.7339156513417744f,-0.6563163805245636f,0.9070281784917442f,-0.3395536277758512f,0.5644625797925739f,0.8059511600969863f,0.4167894700885837f,0.9241681170076922f,0.4756277486785208f,0.05624481111147274f,0.07002252185225179f,0f,0f,0f,1f],start_interpolation:0}
execute if entity @s[tag=aj.dino.bone.neck_0] run data modify entity @s {} merge value {transformation:[-0.31995749844585863f,0.24888480185727663f,-0.9141572920415462f,0.8439805732169534f,-0.401798186192592f,0.8381677257763226f,0.3688266273458178f,0.4271632886477685f,0.8580124805389555f,0.4853155868828155f,-0.16817658686029005f,0.0509930811901574f,0f,0f,0f,1f],start_interpolation:0}
execute if entity @s[tag=aj.dino.bone.neck_1] run data modify entity @s {} merge value {transformation:[-0.3539719526618866f,0.37492149347820125f,-0.8568183765867807f,0.7731240274341278f,-0.20317638356640128f,0.8634269525458772f,0.4617502082059286f,0.4702572917963031f,0.9129201574560668f,0.33753188196882217f,-0.22945373120735102f,0.033110305765417805f,0f,0f,0f,1f],start_interpolation:0}
execute if entity @s[tag=aj.dino.bone.neck_2] run data modify entity @s {} merge value {transformation:[-0.39487539856942333f,0.16201094288163165f,-0.9043372567749511f,0.6954834895988666f,-0.28119725333689727f,0.9157775556014786f,0.286844162172365f,0.5043530263641294f,0.8746436556223477f,0.3675648555604656f,-0.3160609951202301f,0.009019681799393928f,0f,0f,0f,1f],start_interpolation:0}
execute if entity @s[tag=aj.dino.bone.body_0] run data modify entity @s {} merge value {transformation:[-0.08953082318079733f,-0.036304810607922094f,-0.9953221550971786f,0.22604604165759432f,-0.2943223388672439f,0.9556694378883267f,-0.008383694288627994f,0.5095057686674362f,0.9515033329128617f,0.29219494556363024f,-0.09624718823312761f,-0.03355773498774772f,0f,0f,0f,1f],start_interpolation:0}
execute if entity @s[tag=aj.dino.bone.leg_left_3] run data modify entity @s {} merge value {transformation:[-0.2280015334969706f,-0.01324179002640885f,-0.9735707245598167f,-0.171404081727283f,-0.08010515421971305f,0.9967728416432612f,0.005202540711491746f,0.038999402029058855f,0.9703599667084716f,0.07917422029496242f,-0.2283264720750069f,-0.5633025049543122f,0f,0f,0f,1f],start_interpolation:0}
execute if entity @s[tag=aj.dino.bone.leg_left_2] run data modify entity @s {} merge value {transformation:[-0.2238792602542042f,-0.16988189814288257f,-0.9864483853765975f,-0.24183630049116692f,-0.33280281058951555f,0.9659483273324059f,-0.09082024932877569f,0.26083749908312764f,0.9440246636568581f,0.30024351634597074f,-0.26595763722904703f,-0.5000709201138103f,0f,0f,0f,1f],start_interpolation:0}
execute if entity @s[tag=aj.dino.bone.leg_left_1] run data modify entity @s {} merge value {transformation:[-0.3403943948114683f,0.9325975178727994f,-0.11997302046055197f,0.02466338766800727f,0.052849010248372894f,0.14636644390700898f,0.9878177191232115f,0.2471580193657137f,0.9387963773346709f,0.3299071592971425f,-0.09910917287409976f,-0.42388579226401657f,0f,0f,0f,1f],start_interpolation:0}
execute if entity @s[tag=aj.dino.bone.leg_left_0] run data modify entity @s {} merge value {transformation:[-0.34855174921181253f,0.15084435542298444f,-0.9250717045496584f,0.11866833001267105f,-0.003850628284755424f,0.9867259370708882f,0.16234869193618537f,0.6209147584393164f,0.9372816283184039f,0.06014902782757285f,-0.34334420581713543f,-0.2633359577069657f,0f,0f,0f,1f],start_interpolation:0}
execute if entity @s[tag=aj.dino.bone.leg_right_3] run data modify entity @s {} merge value {transformation:[-0.6374670133001753f,0.03397608039434376f,-0.7697281552049342f,0.025946124052828576f,0.03339502073939632f,0.9993067961390334f,0.016452956577925393f,0.0520375662842921f,0.7697535836512681f,-0.015216870617078479f,-0.6381597506147292f,0.2802301605750941f,0f,0f,0f,1f],start_interpolation:0}
execute if entity @s[tag=aj.dino.bone.leg_right_2] run data modify entity @s {} merge value {transformation:[-0.6292228354463434f,-0.010141362414360913f,-0.8099617124419763f,-0.0004730949982080235f,0.20690009268382353f,0.9895874868128655f,-0.17312179842964848f,0.27703775332660263f,0.783155906892736f,-0.26958478854058365f,-0.6050231952472893f,0.19747744000547046f,0f,0f,0f,1f],start_interpolation:0}
execute if entity @s[tag=aj.dino.bone.leg_right_1] run data modify entity @s {} merge value {transformation:[-0.43697198960553457f,0.8259690300144531f,-0.35613289900985556f,0.23410226210915466f,-0.14003103622206245f,0.3286378413495358f,0.9340173864161698f,0.3139927996726547f,0.8885081818389498f,0.4580090945495523f,-0.027944232233918953f,0.3410814512561317f,0f,0f,0f,1f],start_interpolation:0}
execute if entity @s[tag=aj.dino.bone.leg_right_0] run data modify entity @s {} merge value {transformation:[-0.4861613100384655f,-0.8324232417183951f,-0.2659299292458856f,-0.014557087866628814f,-0.11817320437825661f,0.36414333955424694f,-0.9238153073126983f,0.5459123124984464f,0.8658419453853331f,-0.4176974681576596f,-0.2754025248722732f,0.09882302352920744f,0f,0f,0f,1f],start_interpolation:0}
execute if entity @s[tag=aj.dino.bone.tail_4] run data modify entity @s {} merge value {transformation:[2.518419128835129f,-1.1123422518717065f,-0.21429217862136976f,-1.3467003649895224f,0.9485786392058919f,2.356341942019613f,-1.0832878422291738f,0.7687888755168922f,0.6192132010540555f,0.9143351128444221f,2.531052675204562f,0.2911855663224397f,0f,0f,0f,1f],start_interpolation:0}
execute if entity @s[tag=aj.dino.bone.tail_3] run data modify entity @s {} merge value {transformation:[1.5230150789601231f,-0.959328587278033f,-1.046928487020803f,-1.159792198558826f,1.0941261148696604f,1.7713952810530715f,-0.031501255015915365f,0.7567958307825983f,0.905129073704274f,-0.5270606662790234f,1.7996927348970437f,-0.008818113045467424f,0f,0f,0f,1f],start_interpolation:0}
execute if entity @s[tag=aj.dino.bone.tail_2] run data modify entity @s {} merge value {transformation:[1.6092978198914143f,-0.2985120805347341f,-1.0676258425451974f,-0.9602039308563407f,0.703749193324314f,1.7292278346367966f,0.5773058494554602f,0.6504077928621383f,0.8565462478996072f,-0.8599043602023062f,1.5315570154313372f,-0.2931024649751798f,0f,0f,0f,1f],start_interpolation:0}
execute if entity @s[tag=aj.dino.bone.tail_1] run data modify entity @s {} merge value {transformation:[0.23634664769144145f,0.15840132553498912f,-1.4854984120468717f,-0.6427033378394589f,0.7802535193018288f,1.2694557962480426f,0.25950467623794277f,0.5783020638601228f,1.2739705482239883f,-0.806874991210539f,0.11665350752062455f,-0.309558900732792f,0f,0f,0f,1f],start_interpolation:0}
execute if entity @s[tag=aj.dino.bone.tail_0] run data modify entity @s {} merge value {transformation:[-0.3271154434017152f,0.24015057332004117f,-1.2120886541033964f,-0.2827076004241731f,-0.04880436429875499f,1.2503533125930797f,0.2609031320182545f,0.532233357473233f,1.2346859265811374f,0.11304871695687595f,-0.31081564774140713f,-0.21600327751620257f,0f,0f,0f,1f],start_interpolation:0}
execute if entity @s[tag=aj.dino.bone.body_1] run data modify entity @s {} merge value {transformation:[-0.4190089907719524f,-0.226027902865379f,-1.1410291178733343f,-0.002209730526892488f,-0.23589116611053848f,1.2041122496475563f,-0.15190010880826235f,0.4864424999999999f,1.1390309119859436f,0.16622175679263654f,-0.4512022874116324f,-0.12230128094203355f,0f,0f,0f,1f],start_interpolation:0}