execute if entity @s[tag=aj.dino.bone.head_lower] run data modify entity @s {} merge value {transformation:[-0.8444462529746735f,0.0793511797056416f,-0.5297300407909264f,-0.6883480161469175f,-0.10837882793873527f,0.9431987535028801f,0.31405436001628667f,0.14963334666124328f,0.5245612981260244f,0.32261354849097157f,-0.7878806653538364f,0.07160103578618614f,0f,0f,0f,1f],start_interpolation:0}
execute if entity @s[tag=aj.dino.bone.head_upper] run data modify entity @s {} merge value {transformation:[-0.8789837528687323f,0.28731934653384444f,-0.4778149201141285f,-0.7151084996416411f,-0.11281147684358457f,0.7819431516846141f,0.6777244431252344f,0.21387719115813436f,0.5460156366521712f,0.6240868875600611f,-0.6291696304578178f,0.042410943988030164f,0f,0f,0f,1f],start_interpolation:0}
execute if entity @s[tag=aj.dino.bone.neck_0] run data modify entity @s {} merge value {transformation:[-0.9639748827118252f,-0.24882949433961382f,0.09400163959960905f,-0.704679723739646f,-0.222194826533463f,0.9475615770074916f,0.22968786829268972f,0.2134203350172279f,-0.14622545798350933f,0.20052665789307866f,-0.9687141863892287f,-0.023435606186974225f,0f,0f,0f,1f],start_interpolation:0}
execute if entity @s[tag=aj.dino.bone.neck_1] run data modify entity @s {} merge value {transformation:[-0.9101982953665702f,-0.24032492725500446f,0.33731734679922176f,-0.6772116640748231f,-0.037153155245503194f,0.85852990198637f,0.5114157315243416f,0.26069909975102934f,-0.41250297716149065f,0.4529573233044707f,-0.7903612826408921f,-0.08830286254969412f,0f,0f,0f,1f],start_interpolation:0}
execute if entity @s[tag=aj.dino.bone.neck_2] run data modify entity @s {} merge value {transformation:[-0.6868318858099598f,-0.3357480763660381f,0.6446201903844148f,-0.6240252842558918f,0.05602418973974979f,0.8598143360980478f,0.5075239872205823f,0.3135801271958165f,-0.7246538834497052f,0.3846979810926728f,-0.5717378879735739f,-0.13462495589920356f,0f,0f,0f,1f],start_interpolation:0}
execute if entity @s[tag=aj.dino.bone.body_0] run data modify entity @s {} merge value {transformation:[-0.4461886556574356f,-0.07027578685311298f,0.892175429691261f,-0.2042158146147713f,0.21461281347819466f,0.9594205133904834f,0.18290330444394653f,0.4089214483585429f,-0.8688250824265976f,0.27308165860730604f,-0.41300046474392604f,-0.3266690820309653f,0f,0f,0f,1f],start_interpolation:0}
execute if entity @s[tag=aj.dino.bone.leg_left_3] run data modify entity @s {} merge value {transformation:[0.005609093305953966f,-0.03207594943246747f,0.9994696951585333f,0.016496549898989f,-0.040391554413590006f,0.9986624732374211f,0.03227672349187921f,0.010866369001151982f,-0.9991681842434432f,-0.040551177730406514f,0.004305993536674518f,0.03849458707298026f,0f,0f,0f,1f],start_interpolation:0}
execute if entity @s[tag=aj.dino.bone.leg_left_2] run data modify entity @s {} merge value {transformation:[0.2702399336553161f,-0.17426487562575657f,0.9739940096744973f,0.006395682323843521f,-0.21180647616568263f,0.9760751744763393f,0.23340409149360367f,0.24527271488199098f,-0.9665250097193249f,-0.26262369732150603f,0.22117956210494583f,-0.017386622210977448f,0f,0f,0f,1f],start_interpolation:0}
execute if entity @s[tag=aj.dino.bone.leg_left_1] run data modify entity @s {} merge value {transformation:[0.2822917040300437f,-0.9492976082994536f,-0.138367065130225f,-0.24978235776091917f,0.19006179367206866f,-0.08603149480462302f,0.977995448091574f,0.1662462357343405f,-0.9403126652459651f,-0.3023782941591871f,0.15613922889335013f,-0.08908748016694183f,0f,0f,0f,1f],start_interpolation:0}
execute if entity @s[tag=aj.dino.bone.leg_left_0] run data modify entity @s {} merge value {transformation:[0.2561576778231683f,0.4677872118712755f,0.8459068320459058f,-0.10519110425467013f,0.14036607097825363f,0.8478283556797437f,-0.5113554980867123f,0.5570798887436796f,-0.9563893611967722f,0.24972425535994705f,0.15151628979931547f,-0.11457676515730841f,0f,0f,0f,1f],start_interpolation:0}
execute if entity @s[tag=aj.dino.bone.leg_right_3] run data modify entity @s {} merge value {transformation:[0.46982610339959435f,0.011394032593325498f,0.8826854528004955f,-0.12564674178265778f,-0.0007367891292138981f,0.9999214105175409f,-0.01251518798859369f,0.021786203340934063f,-0.8827586814674399f,0.005229608959855692f,0.46979757500863517f,-0.6970221960116889f,0f,0f,0f,1f],start_interpolation:0}
execute if entity @s[tag=aj.dino.bone.leg_right_2] run data modify entity @s {} merge value {transformation:[0.4959073539398873f,0.18525005895565594f,0.8785331590019579f,-0.056083952231730516f,0.24730570935310095f,0.9366257766912445f,-0.3370967814435143f,0.22931084681368982f,-0.8631210702621003f,0.37480230735034564f,0.4081757562315015f,-0.5957028359297449f,0f,0f,0f,1f],start_interpolation:0}
execute if entity @s[tag=aj.dino.bone.leg_right_1] run data modify entity @s {} merge value {transformation:[0.3042411717636323f,-0.856452493586749f,0.41704488443443527f,-0.30481467426450637f,-0.09633013986193041f,0.4078935552576928f,0.9079335612991846f,0.2900509128214615f,-0.9477118831997798f,-0.3164047626194634f,0.04159582471412371f,-0.7027404833169664f,0f,0f,0f,1f],start_interpolation:0}
execute if entity @s[tag=aj.dino.bone.leg_right_0] run data modify entity @s {} merge value {transformation:[0.3524767672213007f,0.8226735218429759f,0.4460587461620899f,-0.05910273891088813f,-0.0666507047445974f,0.4975081618707899f,-0.864894971906414f,0.5635464948448194f,-0.9334440594520218f,0.27512525389433573f,0.23019183856798195f,-0.5049196300104024f,0f,0f,0f,1f],start_interpolation:0}
execute if entity @s[tag=aj.dino.bone.tail_4] run data modify entity @s {} merge value {transformation:[0.5548826428079867f,-0.8327594397202407f,-2.573767336001304f,-0.167797584064713f,-2.551485744141113f,-1.033987743514378f,-0.2155253472487976f,0.1396900598794403f,-0.8987141268251516f,2.4213720064085305f,-0.9772061483771123f,0.40535581377721047f,0f,0f,0f,1f],start_interpolation:0}
execute if entity @s[tag=aj.dino.bone.tail_3] run data modify entity @s {} merge value {transformation:[0.8148363519975833f,0.09310467440256673f,-1.9139798235906522f,0.15583156222967914f,-1.7826696085342522f,-0.7260823414487181f,-0.7942537543437408f,0.28147143139374625f,-0.7029056212010618f,1.949379767794152f,-0.20442048489134018f,0.42094176241856296f,0f,0f,0f,1f],start_interpolation:0}
execute if entity @s[tag=aj.dino.bone.tail_2] run data modify entity @s {} merge value {transformation:[1.1285246702786156f,0.6831291916700385f,-1.4417144138363729f,0.4248401573510118f,-1.5054893365215167f,-0.12837263354366962f,-1.2392724476804293f,0.5107056994807755f,-0.5279278371096958f,1.8263704031351575f,0.4521473480618638f,0.3369327744792272f,0f,0f,0f,1f],start_interpolation:0}
execute if entity @s[tag=aj.dino.bone.tail_1] run data modify entity @s {} merge value {transformation:[1.3915715043438297f,0.5445465402834747f,-0.23378208606210135f,0.46716146673891806f,-0.5908228995132767f,1.2285720707167416f,-0.6551299248740684f,0.6372287812309314f,-0.04597063964069511f,0.6940720297779445f,1.3430588102428536f,0.039481108565310064f,0f,0f,0f,1f],start_interpolation:0}
execute if entity @s[tag=aj.dino.bone.tail_0] run data modify entity @s {} merge value {transformation:[1.059542842165572f,-0.05238364466388291f,0.7130642579539777f,0.2575234067504573f,0.10103730122828868f,1.2729578769372454f,-0.05661646304700139f,0.6844921687682298f,-0.7078108122657021f,0.10329527529938873f,1.0593250949187498f,-0.2675856061784975f,0f,0f,0f,1f],start_interpolation:0}
execute if entity @s[tag=aj.dino.bone.body_1] run data modify entity @s {} merge value {transformation:[0.14495311597763558f,-0.44197391335119673f,1.1455357912966548f,0.020972461204006396f,0.020338206772323127f,1.1541968883256555f,0.4427420189917723f,0.5038175f,-1.227672410120025f,-0.03306354416352643f,0.14258979814028136f,-0.2985086725465295f,0f,0f,0f,1f],start_interpolation:0}