execute if entity @s[tag=aj.dino.bone.head_lower] run data modify entity @s {} merge value {transformation:[-0.9318539852552632f,-0.3405525321408285f,-0.1251883501622804f,0.08567996797908654f,-0.3155590042570487f,0.9309681279506647f,-0.18363240338332076f,0.39616169116323663f,0.17908284394710633f,-0.1316142757929576f,-0.9749907781160351f,0.8241923972708215f,0f,0f,0f,1f],start_interpolation:0}
execute if entity @s[tag=aj.dino.bone.head_upper] run data modify entity @s {} merge value {transformation:[-0.9699664249797098f,-0.19997582167301342f,-0.320385311370218f,0.05880193914152281f,-0.32846523604824357f,0.8824991916601138f,0.4435963345323361f,0.4464563748728013f,0.18640725764669136f,0.5144674820131547f,-0.8854645598956467f,0.7747609007513067f,0f,0f,0f,1f],start_interpolation:0}
execute if entity @s[tag=aj.dino.bone.neck_0] run data modify entity @s {} merge value {transformation:[-0.9714103816769792f,-0.21195188240699522f,0.10694984765915788f,0.06947178026295275f,-0.2053912930788817f,0.9762340482064621f,0.06914839007386764f,0.4351478974485538f,-0.11906421417693351f,0.04520489648870046f,-0.9918569605723776f,0.709930282343909f,0f,0f,0f,1f],start_interpolation:0}
execute if entity @s[tag=aj.dino.bone.neck_1] run data modify entity @s {} merge value {transformation:[-0.9978881487140632f,-0.030179117685747773f,0.05751924470757492f,0.0742053838069826f,-0.012969168286718513f,0.960254148690081f,0.2788256993130985f,0.46319186459892336f,-0.0636478069533497f,0.27749088413711426f,-0.9586176327873547f,0.6300011528072489f,0f,0f,0f,1f],start_interpolation:0}
execute if entity @s[tag=aj.dino.bone.neck_2] run data modify entity @s {} merge value {transformation:[-0.9979814645582992f,0.048378088943744596f,-0.04114069649658034f,0.07107480196572329f,0.03252721216541864f,0.9457928938104868f,0.3231374049631688f,0.5007610283551975f,0.054543348511238654f,0.3211469484951339f,-0.9454573816970521f,0.5503162245828346f,0f,0f,0f,1f],start_interpolation:0}
execute if entity @s[tag=aj.dino.bone.body_0] run data modify entity @s {} merge value {transformation:[-0.9924829108437935f,0.03832685860100633f,-0.11622703468990973f,0.016662547604496758f,0.025164243139962607f,0.9933135609687742f,0.11267178201628957f,0.563325370010471f,0.11976824516633718f,0.10890005282511063f,-0.9868112007595293f,0.08627321533509646f,0f,0f,0f,1f],start_interpolation:0}
execute if entity @s[tag=aj.dino.bone.leg_left_3] run data modify entity @s {} merge value {transformation:[-0.9978578652340808f,-0.02504702816901851f,-0.06043448659816587f,0.3217269533682864f,-0.025650242783523704f,0.9996284028479682f,0.009226118618761547f,0.021397463745231105f,0.06018094246212668f,0.010756514283054408f,-0.9981295264467682f,-0.09868112936860718f,0f,0f,0f,1f],start_interpolation:0}
execute if entity @s[tag=aj.dino.bone.leg_left_2] run data modify entity @s {} merge value {transformation:[-1.0160252822167746f,-0.140525522618144f,-0.0027208252270060312f,0.2873103328332417f,-0.13022149286760448f,0.9486439538052553f,-0.36766725609545403f,0.23096040416871003f,0.05288845046275136f,-0.36385357755878295f,-0.9575362057938172f,-0.21300497770318624f,0f,0f,0f,1f],start_interpolation:0}
execute if entity @s[tag=aj.dino.bone.leg_left_1] run data modify entity @s {} merge value {transformation:[-0.9647900343225474f,-0.06193044579335195f,0.2556263084186268f,0.2761427017650566f,0.20460336149485114f,0.4340119133810257f,0.8773660145619664f,0.29826087105095855f,-0.16528053163305548f,0.8987759892916467f,-0.4060591914190798f,0.05599189371639354f,0f,0f,0f,1f],start_interpolation:0}
execute if entity @s[tag=aj.dino.bone.leg_left_0] run data modify entity @s {} merge value {transformation:[-0.9781596312029829f,0.17370139813526386f,0.11415585911682088f,0.22131439309427553f,0.11419805911431466f,0.9080000558025577f,-0.40310631594788443f,0.7008650271907926f,-0.1736736571255652f,-0.3812659477955077f,-0.9080053622486075f,-0.03998221003918623f,0f,0f,0f,1f],start_interpolation:0}
execute if entity @s[tag=aj.dino.bone.leg_right_3] run data modify entity @s {} merge value {transformation:[-0.9417895078254991f,0.14910810354947565f,0.30132921598425044f,-0.28012336894635287f,0.20741703651060286f,0.9630640548959448f,0.17171429507335356f,0.16094587545405267f,-0.2645953437136854f,0.22421953443725293f,-0.9379311832228298f,-0.3201151561258393f,0f,0f,0f,1f],start_interpolation:0}
execute if entity @s[tag=aj.dino.bone.leg_right_2] run data modify entity @s {} merge value {transformation:[-0.969723208739361f,0.22983658757861677f,0.24264014701435785f,-0.21754571920048105f,0.28046618179453014f,0.9646112993566828f,0.20718581400207664f,0.39176322930327767f,-0.18176308426776266f,0.2622258257005258f,-0.9748138268581552f,-0.2888348271579364f,0f,0f,0f,1f],start_interpolation:0}
execute if entity @s[tag=aj.dino.bone.leg_right_1] run data modify entity @s {} merge value {transformation:[-0.9789271794766387f,-0.12646815622341115f,-0.16033521990930144f,-0.26289553291834966f,-0.13331821944192618f,-0.1989478642102117f,0.9708995827020572f,0.2835673230609646f,-0.1546862296610387f,0.9718155960817081f,0.1778949621703954f,-0.03733845356991658f,0f,0f,0f,1f],start_interpolation:0}
execute if entity @s[tag=aj.dino.bone.leg_right_0] run data modify entity @s {} merge value {transformation:[-0.9816233653643246f,-0.01467393558234617f,0.19026361760815746f,-0.17000677422945903f,-0.07827761810971492f,0.9402588952918249f,-0.33133943974067814f,0.68881840400224f,-0.17403500531182697f,-0.34014391871547844f,-0.9241287418357846f,-0.0754241263303913f,0f,0f,0f,1f],start_interpolation:0}
execute if entity @s[tag=aj.dino.bone.tail_4] run data modify entity @s {} merge value {transformation:[-2.3907899715376444f,-0.9880619675698197f,0.9661874517075284f,0.39334360779839683f,-1.0003497553410436f,2.5693937319572893f,0.1522417444977381f,0.7097997304353575f,-0.9534594960375328f,-0.21819883139159157f,-2.5824340438809275f,-1.7826765121890191f,0f,0f,0f,1f],start_interpolation:0}
execute if entity @s[tag=aj.dino.bone.tail_3] run data modify entity @s {} merge value {transformation:[-1.921072275276002f,-0.3426391207588461f,0.7266534745915242f,0.2734830241430541f,-0.3977037204035885f,2.042042834208395f,-0.08853440054428958f,0.7048289007892946f,-0.6980391034802238f,-0.22046546720109525f,-1.949379879302332f,-1.4499762946159072f,0f,0f,0f,1f],start_interpolation:0}
execute if entity @s[tag=aj.dino.bone.tail_2] run data modify entity @s {} merge value {transformation:[-1.8955814949840732f,-0.12239925879016565f,0.45887154229080385f,0.18674900315578236f,-0.18933690142765092f,1.926379912071606f,-0.2683017836831255f,0.7550239998089043f,-0.43554128235392214f,-0.3047174606375368f,-1.8804852925643663f,-1.1007927531839954f,0f,0f,0f,1f],start_interpolation:0}
execute if entity @s[tag=aj.dino.bone.tail_1] run data modify entity @s {} merge value {transformation:[-1.4678529104915532f,0.06361661455587f,0.3591893783422991f,0.11008015445324686f,0.03221338367384664f,1.5061090950683114f,-0.13510714882934804f,0.7656561472921937f,-0.3633543464357608f,-0.1234689033925707f,-1.463005570331596f,-0.7841138589119749f,0f,0f,0f,1f],start_interpolation:0}
execute if entity @s[tag=aj.dino.bone.tail_0] run data modify entity @s {} merge value {transformation:[-1.2643885167166424f,0.010676227096144485f,0.1871988609850726f,0.05563393274493707f,0.025577930096066608f,1.274033561225795f,0.10009980492662074f,0.7671493570806924f,-0.18575027556135065f,0.10276292925631464f,-1.2604651252944572f,-0.41329680082672676f,0f,0f,0f,1f],start_interpolation:0}
execute if entity @s[tag=aj.dino.bone.body_1] run data modify entity @s {} merge value {transformation:[-1.2307492819168484f,-0.06098141034932152f,0.10070783340545297f,0.036328302911470337f,-0.03788799093141882f,1.2064812813678565f,0.26752946175777725f,0.623687428625094f,-0.11146883089273671f,0.2632276208095057f,-1.202867621327727f,-0.15137717661432615f,0f,0f,0f,1f],start_interpolation:0}