execute if entity @s[tag=aj.dino.bone.head_lower] run data modify entity @s {} merge value {transformation:[-0.7941178927654446f,0.2881362966526752f,0.5351207779007013f,-0.7215685022304602f,0.5264425718393545f,0.7660873057498413f,0.36873901139439524f,0.976774776059927f,-0.30370214181815763f,0.5745326052716513f,-0.760050849966522f,-0.06333792479489342f,0f,0f,0f,1f],start_interpolation:0}
execute if entity @s[tag=aj.dino.bone.head_upper] run data modify entity @s {} merge value {transformation:[-0.8265969836970961f,0.5522304047277811f,0.3086275250533584f,-0.6881489453183894f,0.5479738536765125f,0.8787636586540818f,-0.10474268709228468f,0.9894566035840869f,-0.31612343287596123f,0.07929662607318931f,-0.9885595393620121f,-0.129804164031405f,0f,0f,0f,1f],start_interpolation:0}
execute if entity @s[tag=aj.dino.bone.neck_0] run data modify entity @s {} merge value {transformation:[-0.5782340333451705f,0.8112973509784511f,0.08626709092535972f,-0.6955527887852488f,0.5193351076071789f,0.44755451767120136f,-0.7280013734319042f,0.9349502106322349f,-0.6292348120439747f,-0.3761536414916735f,-0.680126450966684f,-0.16747341519987702f,0f,0f,0f,1f],start_interpolation:0}
execute if entity @s[tag=aj.dino.bone.neck_1] run data modify entity @s {} merge value {transformation:[-0.3993534373280574f,0.6988270587816738f,0.5934286595782347f,-0.6420621836613906f,0.3270440662190376f,0.7132888194734749f,-0.6198880856776123f,0.8857235861744286f,-0.8564805957201733f,-0.05347711593468494f,-0.5134015847522533f,-0.21121163021266431f,0f,0f,0f,1f],start_interpolation:0}
execute if entity @s[tag=aj.dino.bone.neck_2] run data modify entity @s {} merge value {transformation:[-0.14185913976967976f,0.455663631854045f,0.8787756477448541f,-0.5606136143559621f,0.06492842654604389f,0.890125060235537f,-0.45106726390521534f,0.854921591519721f,-0.9877551740639283f,-0.006930493940803169f,-0.15585789798298655f,-0.224933804877448f,0f,0f,0f,1f],start_interpolation:0}
execute if entity @s[tag=aj.dino.bone.body_0] run data modify entity @s {} merge value {transformation:[0.056896699336447754f,0.6803755839929465f,0.7306516477165264f,-0.2097788048238294f,-0.02771191890835903f,0.7326314414873513f,-0.6800611887871433f,0.5413905337432673f,-0.9979953983636569f,0.01844547777702993f,0.060538823861574054f,-0.19622636797940418f,0f,0f,0f,1f],start_interpolation:0}
execute if entity @s[tag=aj.dino.bone.leg_left_3] run data modify entity @s {} merge value {transformation:[-0.45853841050235755f,0.23107882151872733f,0.8581055321692589f,0.09447689155436968f,0.048637929937151436f,0.9706798934541141f,-0.23540368776919826f,0.0218845319224463f,-0.8873425932893112f,-0.06620515606375116f,-0.4563332109820348f,0.2589464510560823f,0f,0f,0f,1f],start_interpolation:0}
execute if entity @s[tag=aj.dino.bone.leg_left_2] run data modify entity @s {} merge value {transformation:[-0.3704103767747127f,0.19466318482389372f,0.9364638790431417f,0.1682188790918309f,-0.4916362593916075f,0.8226704110141715f,-0.3654714527755842f,0.2015903915637268f,-0.8204584942151171f,-0.5808457960738691f,-0.20378473925755564f,0.11598143662727561f,0f,0f,0f,1f],start_interpolation:0}
execute if entity @s[tag=aj.dino.bone.leg_left_1] run data modify entity @s {} merge value {transformation:[-0.1717363014760484f,-0.8985955425044547f,0.4037730720918031f,-0.09389582251157116f,-0.17442605142799547f,0.43112257039403995f,0.8852733373823445f,0.27523514715018893f,-0.9695783595659331f,0.08160502611947741f,-0.2307778680321693f,0.16970032378752287f,0f,0f,0f,1f],start_interpolation:0}
execute if entity @s[tag=aj.dino.bone.leg_left_0] run data modify entity @s {} merge value {transformation:[-0.20150124617471676f,0.51641422226655f,0.8322941780589784f,0.017681553342642233f,-0.22218664521023762f,0.8034742226251361f,-0.5523244230225143f,0.6098330088882555f,-0.9539551050653569f,-0.2962187107827047f,-0.04716071354396814f,-0.0536873184003438f,0f,0f,0f,1f],start_interpolation:0}
execute if entity @s[tag=aj.dino.bone.leg_right_3] run data modify entity @s {} merge value {transformation:[0.033280843449987746f,-0.04845317126826296f,0.9982708428344012f,-0.2734033141059019f,0.06237967317895551f,0.9969774775416159f,0.0463107508991559f,0.16992524831979078f,-0.9974974495372629f,0.060730548069364204f,0.036202744341424384f,-0.510094806144212f,0f,0f,0f,1f],start_interpolation:0}
execute if entity @s[tag=aj.dino.bone.leg_right_2] run data modify entity @s {} merge value {transformation:[0.031026096346133653f,0.25173994232517843f,0.9938443450985323f,-0.18405699044774204f,0.06375642991196274f,0.9919010986826429f,-0.25323808476953374f,0.39321085280046125f,-1.0232471346117202f,0.06943638362541871f,0.01435582246415261f,-0.49187818333732003f,0f,0f,0f,1f],start_interpolation:0}
execute if entity @s[tag=aj.dino.bone.leg_right_1] run data modify entity @s {} merge value {transformation:[-0.14704840517030662f,-0.9417644321684349f,0.30241779186968243f,-0.45887262303766885f,-0.28921268586579696f,0.3333169417381059f,0.8973604842451266f,0.43041016333678367f,-0.945903160408697f,0.044492366230865554f,-0.32138394557914274f,-0.4815842511641313f,0f,0f,0f,1f],start_interpolation:0}
execute if entity @s[tag=aj.dino.bone.leg_right_0] run data modify entity @s {} merge value {transformation:[-0.07690772789486078f,0.9783186289285497f,0.19229628618725988f,-0.08146455938400687f,-0.23950188284520316f,0.1690929758496689f,-0.9560577459713958f,0.6024788681765655f,-0.9678450544914989f,-0.11958355158493092f,0.2213045970753467f,-0.4340154287233085f,0f,0f,0f,1f],start_interpolation:0}
execute if entity @s[tag=aj.dino.bone.tail_4] run data modify entity @s {} merge value {transformation:[-1.6833484775155012f,-1.4414382737669482f,-1.6474996017498773f,1.0068927321386119f,-1.5677157710883827f,2.244333596263776f,-0.3617945568447236f,0.45932640949972814f,1.5278306502773813f,0.7147613190439658f,-2.186437991910936f,-1.3063801628928242f,0f,0f,0f,1f],start_interpolation:0}
execute if entity @s[tag=aj.dino.bone.tail_3] run data modify entity @s {} merge value {transformation:[-1.6739874834120592f,-1.2306839371128164f,-0.1383057423128304f,1.0423874835570175f,-1.1750080808389751f,1.6517880870533712f,-0.47633774937130513f,0.5239316459561567f,0.39123834345232f,-0.30489127315406733f,-2.0223549135133574f,-0.9604799034553382f,0f,0f,0f,1f],start_interpolation:0}
execute if entity @s[tag=aj.dino.bone.tail_2] run data modify entity @s {} merge value {transformation:[-1.4894738687495375f,-1.0443125712861978f,0.713899658753717f,0.9083252150521544f,-1.185898359421336f,1.5365969292668498f,-0.22647038016537618f,0.5655207260548397f,-0.4403255050946373f,-0.6058506461365505f,-1.8049466250119013f,-0.6254140285157737f,0f,0f,0f,1f],start_interpolation:0}
execute if entity @s[tag=aj.dino.bone.tail_1] run data modify entity @s {} merge value {transformation:[-0.9862583421491103f,-0.38554439014785014f,1.0799565990199846f,0.6815857294325478f,-0.655091764922664f,1.3585601174065105f,-0.1132494455744447f,0.5739096055161591f,-0.9411724135735166f,-0.5415959569807848f,-1.0528649283313933f,-0.39132962202707167f,0f,0f,0f,1f],start_interpolation:0}
execute if entity @s[tag=aj.dino.bone.tail_0] run data modify entity @s {} merge value {transformation:[-0.1659237672155804f,-0.2811044365535796f,1.2358338544508773f,0.3136628029131953f,-0.28517105028739503f,1.2226998370548772f,0.23982972528022595f,0.5333317107445832f,-1.2349018147751671f,-0.24458356608713339f,-0.22143193908993128f,-0.332524300004968f,0f,0f,0f,1f],start_interpolation:0}
execute if entity @s[tag=aj.dino.bone.body_1] run data modify entity @s {} merge value {transformation:[-0.3118257258550533f,0.21221888428737803f,1.1774262001938973f,0.025633256615146174f,-0.02312960339439065f,1.2154646660760715f,-0.22520049294717917f,0.5038175f,-1.196174875675809f,-0.0788250323733188f,-0.3025836679821929f,-0.25686841040940817f,0f,0f,0f,1f],start_interpolation:0}