execute if entity @s[tag=aj.dino.bone.head_lower] run data modify entity @s {} merge value {transformation:[-0.8968839147685712f,0.44188333621018416f,-0.01839458097265559f,-0.16569103379945108f,0.392591250945761f,0.8146093319836554f,0.42694700599252944f,0.3272842496129067f,0.20364516471118246f,0.37570035057862244f,-0.9040895384113543f,0.7664662863486775f,0f,0f,0f,1f],start_interpolation:0}
execute if entity @s[tag=aj.dino.bone.head_upper] run data modify entity @s {} merge value {transformation:[-0.9335660931809747f,0.4038511141068452f,0.22097640118568918f,-0.1416789384680835f,0.40864806952975474f,0.49692802989541424f,0.8182549914038862f,0.3949778366127837f,0.2119741670957179f,0.8206331417402233f,-0.6042351708938786f,0.7433048086608386f,0f,0f,0f,1f],start_interpolation:0}
execute if entity @s[tag=aj.dino.bone.neck_0] run data modify entity @s {} merge value {transformation:[-0.8273983335906184f,0.22679136677438694f,0.5137875762687079f,-0.11187036646486281f,0.4048072033017572f,0.8749533378056242f,0.2656836178950578f,0.39782450096500116f,-0.3892854039473836f,0.4278110945492212f,-0.8157417125868455f,0.6837390316450763f,0f,0f,0f,1f],start_interpolation:0}
execute if entity @s[tag=aj.dino.bone.neck_1] run data modify entity @s {} merge value {transformation:[-0.8642605597201954f,0.044752146197124566f,0.5010498281836706f,-0.06921870219519916f,0.2151100722484352f,0.9332541281421892f,0.28768800656759275f,0.42649483613794753f,-0.45473216482827294f,0.3564182623215503f,-0.8162013725510874f,0.6162380371292171f,0f,0f,0f,1f],start_interpolation:0}
execute if entity @s[tag=aj.dino.bone.neck_2] run data modify entity @s {} merge value {transformation:[-0.939694549283938f,-0.015081426510016198f,0.34168216901161197f,-0.039432438164938965f,0.1021120828927879f,0.9410910880556308f,0.3223673161310952f,0.4639505007198972f,-0.32641580319180813f,0.33781668780078355f,-0.8827981699516344f,0.5422057329641787f,0f,0f,0f,1f],start_interpolation:0}
execute if entity @s[tag=aj.dino.bone.body_0] run data modify entity @s {} merge value {transformation:[-0.9846991781092945f,0.05922962026700539f,0.16388831780790983f,0.0383717476068057f,0.08067626710066245f,0.9885565290545425f,0.127465010062911f,0.5334415186036652f,-0.15446316246141892f,0.1387365883487906f,-0.9782092263395166f,0.08250103229972103f,0f,0f,0f,1f],start_interpolation:0}
execute if entity @s[tag=aj.dino.bone.leg_left_3] run data modify entity @s {} merge value {transformation:[-0.9889511561823721f,-0.08358364260860479f,0.12243114544031185f,0.5179219918954865f,-0.08205221133611448f,0.9964742661658568f,0.01750632697259824f,0.0360699821134442f,-0.12346272838554696f,0.007267156080266679f,-0.992322600338268f,-0.013460242113474324f,0f,0f,0f,1f],start_interpolation:0}
execute if entity @s[tag=aj.dino.bone.leg_left_2] run data modify entity @s {} merge value {transformation:[-0.9614756989645546f,-0.24938882611726515f,0.25579658560889346f,0.46620346634464627f,-0.3355641783218464f,0.882423277264369f,-0.40098384190624153f,0.2288487830690928f,-0.12256982511409374f,-0.45956128280193276f,-0.9087586394756515f,-0.1488581744572334f,0f,0f,0f,1f],start_interpolation:0}
execute if entity @s[tag=aj.dino.bone.leg_left_1] run data modify entity @s {} merge value {transformation:[-0.9350857086097807f,-0.31944098376481334f,0.15353232703607633f,0.38990137102225375f,-0.00706549365807959f,0.4499064014991625f,0.8930477639462753f,0.30385110203290694f,-0.3543512330345586f,0.8339914194890993f,-0.4229580544988417f,0.10720046737941394f,0f,0f,0f,1f],start_interpolation:0}
execute if entity @s[tag=aj.dino.bone.leg_left_0] run data modify entity @s {} merge value {transformation:[-0.9021242850582027f,0.008413649263903297f,0.43139423363588264f,0.2531915912621215f,-0.14966761474770546f,0.9316317558045341f,-0.33115234662054477f,0.6791951826638607f,-0.40468676702353257f,-0.36330631990460194f,-0.8391883808260312f,-0.014185428908801201f,0f,0f,0f,1f],start_interpolation:0}
execute if entity @s[tag=aj.dino.bone.leg_right_3] run data modify entity @s {} merge value {transformation:[-0.889150336909054f,-0.010868679983349824f,0.45748612019375523f,-0.26224398170886387f,-0.005842181887797275f,0.999906043186194f,0.012400552831169642f,0.031151905543484237f,-0.45757791389588f,0.008353238602378577f,-0.8891302919817463f,-0.21429141080725425f,0f,0f,0f,1f],start_interpolation:0}
execute if entity @s[tag=aj.dino.bone.leg_right_2] run data modify entity @s {} merge value {transformation:[-0.9249661924081393f,0.32476898959506173f,0.30170324128203513f,-0.175781847787498f,0.2241858906385512f,0.9449696465856925f,-0.3299018838548895f,0.2408797151209881f,-0.3824139495903396f,-0.23155921473741442f,-0.9231479300359193f,-0.29620366479651816f,0f,0f,0f,1f],start_interpolation:0}
execute if entity @s[tag=aj.dino.bone.leg_right_1] run data modify entity @s {} merge value {transformation:[-0.985688510371799f,-0.14344610713551723f,-0.08855153792390832f,-0.22968583364152656f,-0.121637775152878f,0.24151637449624508f,0.9627430043921623f,0.253009395702442f,-0.1167150897565589f,0.9597359299296107f,-0.255508380733907f,-0.02424665198418753f,0f,0f,0f,1f],start_interpolation:0}
execute if entity @s[tag=aj.dino.bone.leg_right_0] run data modify entity @s {} merge value {transformation:[-0.9875286736830948f,-0.00032563531563981063f,0.15743891709278496f,-0.12780468675625611f,-0.06883012489345199f,0.9002625022830928f,-0.4298718889275457f,0.6494792368789306f,-0.14159637199045544f,-0.43534735665285196f,-0.8890574483656919f,-0.10633913343824608f,0f,0f,0f,1f],start_interpolation:0}
execute if entity @s[tag=aj.dino.bone.tail_4] run data modify entity @s {} merge value {transformation:[-0.6365955988790717f,-1.268047956306279f,2.369063476480793f,0.9737487778316997f,-2.087349793441268f,1.7665433325967588f,0.38465156372830567f,0.8275389920582347f,-1.6921519479374456f,-1.7020694363525257f,-1.3657389027651312f,-1.5164412536800476f,0f,0f,0f,1f],start_interpolation:0}
execute if entity @s[tag=aj.dino.bone.tail_3] run data modify entity @s {} merge value {transformation:[-1.0406623064349598f,-0.6390337810342147f,1.6865951845973675f,0.694018008407254f,-0.8397041553173357f,1.8949656259662777f,0.19986929227241532f,0.775104819764951f,-1.5962031266579804f,-0.5802470414812917f,-1.2047383431035716f,-1.3064839779121153f,0f,0f,0f,1f],start_interpolation:0}
execute if entity @s[tag=aj.dino.bone.tail_2] run data modify entity @s {} merge value {transformation:[-1.5519488140513384f,-0.32597703744278356f,1.1419140618397894f,0.48051353043929323f,-0.4380946229724445f,1.9037193428528374f,-0.051958059753700686f,0.7848927582289921f,-1.1037671198627235f,-0.29726336758969063f,-1.584962621137155f,-1.0127297981675654f,0f,0f,0f,1f],start_interpolation:0}
execute if entity @s[tag=aj.dino.bone.tail_1] run data modify entity @s {} merge value {transformation:[-1.2026386186282472f,0.1470738757993969f,0.9053650523635671f,0.2850402132982506f,0.13733388435307342f,1.5049735101643964f,-0.06205149403481642f,0.7797175960640258f,-0.906893603016604f,0.032867290134718535f,-1.2100082578423845f,-0.7518848691747406f,0f,0f,0f,1f],start_interpolation:0}
execute if entity @s[tag=aj.dino.bone.tail_0] run data modify entity @s {} merge value {transformation:[-1.1804963039953984f,-0.02752061111822039f,0.4893943285336591f,0.14136369454829786f,0.07608213049915542f,1.2504449844758185f,0.25383964781335366f,0.7357152161382846f,-0.48422691194928535f,0.2635634142800886f,-1.1532104495629187f,-0.4085297180242935f,0f,0f,0f,1f],start_interpolation:0}
execute if entity @s[tag=aj.dino.bone.body_1] run data modify entity @s {} merge value {transformation:[-1.198276338566134f,-0.15104924972118955f,0.26442869671700897f,0.09006196550649333f,-0.09346000674179344f,1.2041592409930748f,0.26432999172824884f,0.5931535255447032f,-0.2898338120865372f,0.23619746303865732f,-1.178478559364462f,-0.1504595361367836f,0f,0f,0f,1f],start_interpolation:0}