execute if entity @s[tag=aj.dino.bone.head_lower] run data modify entity @s {} merge value {transformation:[-0.5523444078217465f,-0.4429165862696922f,0.7062156559828214f,0.03231965669226868f,-0.10032377464783655f,0.8763326203480699f,0.4711435861330343f,0.5673126057857385f,-0.8275571251511611f,0.18938330475807022f,-0.5284724860297437f,0.7742790906119011f,0f,0f,0f,1f],start_interpolation:0}
execute if entity @s[tag=aj.dino.bone.head_upper] run data modify entity @s {} merge value {transformation:[-0.5749350639581527f,-0.42014586800146947f,0.7592094996878226f,0.07504481875057314f,-0.10442697522936031f,0.9376258615319185f,0.439800742626114f,0.6186530340726263f,-0.8614038667543749f,0.16675471798820743f,-0.5600430206268016f,0.7391482289343474f,0f,0f,0f,1f],start_interpolation:0}
execute if entity @s[tag=aj.dino.bone.neck_0] run data modify entity @s {} merge value {transformation:[-0.6553736782007599f,-0.20870111606227348f,0.7258988814400862f,0.12558217953294382f,-0.2896705935785566f,0.9570294128882318f,0.01362534706541843f,0.6040932925706269f,-0.6975502054601186f,-0.20134186604173487f,-0.6876664626411401f,0.6981759779973492f,0f,0f,0f,1f],start_interpolation:0}
execute if entity @s[tag=aj.dino.bone.neck_1] run data modify entity @s {} merge value {transformation:[-0.7649598880385093f,-0.39009668482950244f,0.512504581615758f,0.16720091755350827f,-0.3640053447251815f,0.91829772554736f,0.15565794636332417f,0.6215100464725275f,-0.531353440474053f,-0.06748232168188611f,-0.8444582035582398f,0.6263284020213464f,0f,0f,0f,1f],start_interpolation:0}
execute if entity @s[tag=aj.dino.bone.neck_2] run data modify entity @s {} merge value {transformation:[-0.8807551645665401f,-0.4532449227850207f,0.13725662118443466f,0.17478807592178153f,-0.4292755336412104f,0.8864958433113745f,0.1727646839163289f,0.6453248768846478f,-0.1999821399686002f,0.09324247830927491f,-0.9753527484619724f,0.5417930882496609f,0f,0f,0f,1f],start_interpolation:0}
execute if entity @s[tag=aj.dino.bone.body_0] run data modify entity @s {} merge value {transformation:[-0.9072152503324715f,-0.4129015581246751f,-0.08045366904253987f,0.13293715993520622f,-0.3960706541213127f,0.9028419893346467f,-0.16734509027208785f,0.5750564618844004f,0.14173399912549753f,-0.11995268063896386f,-0.9826102115790474f,0.07754988109681235f,0f,0f,0f,1f],start_interpolation:0}
execute if entity @s[tag=aj.dino.bone.leg_left_3] run data modify entity @s {} merge value {transformation:[-0.9080534177871111f,-0.36932544405154843f,-0.1975796214726436f,0.5128042071990135f,-0.3683639141366285f,0.9286872389173896f,-0.04298882452380759f,0.05018739749280898f,0.19936653983828165f,0.03374505368380254f,-0.9793437875152877f,-0.2793037751219906f,0f,0f,0f,1f],start_interpolation:0}
execute if entity @s[tag=aj.dino.bone.leg_left_2] run data modify entity @s {} merge value {transformation:[-0.919560294242282f,-0.44602386696652274f,-0.08679732052299707f,0.4047276795530376f,-0.401907311813024f,0.8897811259677544f,-0.3143600802956363f,0.24725544123451038f,0.21199428639699455f,-0.24781940494739274f,-0.972474248793892f,-0.3667950453940763f,0f,0f,0f,1f],start_interpolation:0}
execute if entity @s[tag=aj.dino.bone.leg_left_1] run data modify entity @s {} merge value {transformation:[-0.9982042351084779f,-0.0013626655950220116f,-0.05988696146887825f,0.4274135269742061f,-0.05634309539033495f,0.3608405587379487f,0.9309240284639347f,0.29703393323066324f,0.020341106492380988f,0.9326265245596232f,-0.36026935072873534f,-0.0947273337465196f,0f,0f,0f,1f],start_interpolation:0}
execute if entity @s[tag=aj.dino.bone.leg_left_0] run data modify entity @s {} merge value {transformation:[-0.9934876188400825f,-0.11366603968879302f,-0.00789826771694796f,0.2679091201920365f,-0.10479630427709571f,0.9387695244168301f,-0.3282217461352323f,0.680159404270066f,0.04472231905128837f,-0.3252565317524988f,-0.9445676803337125f,-0.1403397906235283f,0f,0f,0f,1f],start_interpolation:0}
execute if entity @s[tag=aj.dino.bone.leg_right_3] run data modify entity @s {} merge value {transformation:[-0.9921798903936021f,0.0014666405344543783f,0.12480750804371703f,-0.2527340191187921f,0.005307201151190384f,0.9995223552666612f,0.030444949304064328f,0.05449003860311355f,-0.12470324259809978f,0.03086924501391236f,-0.9917137646507639f,0.021749894961130695f,0f,0f,0f,1f],start_interpolation:0}
execute if entity @s[tag=aj.dino.bone.leg_right_2] run data modify entity @s {} merge value {transformation:[-1.013028736554479f,0.1476650435676007f,-0.06348238593270876f,-0.21870381115020807f,0.15964219559762677f,0.971463567971657f,-0.2878108840701501f,0.2717944748997108f,0.01869084803586643f,-0.29413563285098737f,-0.9824444417816937f,-0.07720362431660208f,0f,0f,0f,1f],start_interpolation:0}
execute if entity @s[tag=aj.dino.bone.leg_right_1] run data modify entity @s {} merge value {transformation:[-0.9038244540673631f,0.3442414844574639f,-0.2541636413973385f,-0.1297044998364802f,-0.09598288534448926f,0.4157402444961391f,0.9044044088941832f,0.3348603299645183f,0.41699957068416743f,0.8418181807758798f,-0.34271490858205717f,0.17797318922724722f,0f,0f,0f,1f],start_interpolation:0}
execute if entity @s[tag=aj.dino.bone.leg_right_0] run data modify entity @s {} merge value {transformation:[-0.9196713318056855f,-0.24912424678329004f,-0.3035485976238654f,-0.09587266373601405f,-0.046733460912171836f,0.8369415770294318f,-0.5452932974745409f,0.7132950385810394f,0.38989822400971186f,-0.48730473659112533f,-0.7813536130395293f,0.004912920116012159f,0f,0f,0f,1f],start_interpolation:0}
execute if entity @s[tag=aj.dino.bone.tail_4] run data modify entity @s {} merge value {transformation:[-1.9935527653597118f,-1.0430163699667039f,-1.6011013569752943f,-0.660767399472761f,-0.07729928076389693f,2.3559326414352078f,-1.4384948876563683f,0.9812315705786775f,1.9093018421716441f,-0.9936596865132461f,-1.7299908191890394f,-1.591919749067266f,0f,0f,0f,1f],start_interpolation:0}
execute if entity @s[tag=aj.dino.bone.tail_3] run data modify entity @s {} merge value {transformation:[-1.6026276874227543f,0.49451121004753384f,-1.234094277066288f,-0.4563497953727969f,0.7855539194860924f,1.911612349903508f,-0.25414324567233754f,1.005618245821142f,1.0725833585929245f,-0.6611674620534166f,-1.6578202713309456f,-1.3043446516763157f,0f,0f,0f,1f],start_interpolation:0}
execute if entity @s[tag=aj.dino.bone.tail_2] run data modify entity @s {} merge value {transformation:[-1.1194751084489827f,0.7794446853798191f,-1.3992910129773115f,-0.19686697145543963f,0.7061660576236644f,1.7724859450747872f,0.42237062939480874f,0.9280444074411406f,1.4376643751676423f,-0.26369192620986764f,-1.2970588218844734f,-1.0622239221631082f,0f,0f,0f,1f],start_interpolation:0}
execute if entity @s[tag=aj.dino.bone.tail_1] run data modify entity @s {} merge value {transformation:[-1.1060126045610752f,0.9390888758602822f,-0.4272053976572619f,-0.11535987423070856f,0.9110652857988659f,1.1829027651233586f,0.2415726459592303f,0.8607304987921996f,0.4840995905433696f,-0.08068073809147279f,-1.4306622434861267f,-0.7538376257697238f,0f,0f,0f,1f],start_interpolation:0}
execute if entity @s[tag=aj.dino.bone.tail_0] run data modify entity @s {} merge value {transformation:[-1.179741297619285f,0.4459552978665263f,-0.20777405896880308f,-0.04388176934443975f,0.3421194399401957f,1.1315609893062706f,0.4861684202817464f,0.7459673691514388f,0.35355406388641697f,0.39310217039469514f,-1.1637465033779508f,-0.40427759387576323f,0f,0f,0f,1f],start_interpolation:0}
execute if entity @s[tag=aj.dino.bone.body_1] run data modify entity @s {} merge value {transformation:[-1.144134809792904f,0.1661133458523982f,-0.438139804635606f,0.04679068520670352f,0.10421531350577735f,1.2173236569218102f,0.18938552686426033f,0.6199424999999998f,0.45683618563692824f,0.13832594002746731f,-1.1405135811837006f,-0.14844139599113085f,0f,0f,0f,1f],start_interpolation:0}