execute if entity @s[tag=aj.dino.bone.head_lower] run data modify entity @s {} merge value {transformation:[0.39404849193747327f,0.22294964713339488f,-0.8916385146711071f,0.8716590409796292f,-0.47939443249388775f,0.877566916110273f,0.007568741148175684f,0.2531969032166168f,0.7841599097732977f,0.4244640886951446f,0.45268473942969867f,-0.3768474498224734f,0f,0f,0f,1f],start_interpolation:0}
execute if entity @s[tag=aj.dino.bone.head_upper] run data modify entity @s {} merge value {transformation:[0.4101649110708443f,0.8552524370376723f,-0.4286956464099866f,0.8614376868466124f,-0.4990014650352076f,0.5892173681048316f,0.6980633020004983f,0.3143953641173675f,0.8162317233497299f,-0.06955648530687357f,0.6421834720177654f,-0.3338855039300489f,0f,0f,0f,1f],start_interpolation:0}
execute if entity @s[tag=aj.dino.bone.neck_0] run data modify entity @s {} merge value {transformation:[0.33630759597113724f,0.578380576419799f,-0.7432180768202665f,0.8038829418546976f,-0.45660946471501146f,0.7903632599667048f,0.40845282962353646f,0.3281251542227949f,0.8236534450998096f,0.20199461902512203f,0.5298992133039178f,-0.30316612166292883f,0f,0f,0f,1f],start_interpolation:0}
execute if entity @s[tag=aj.dino.bone.neck_1] run data modify entity @s {} merge value {transformation:[0.3362881547056429f,0.5623253269461674f,-0.7554472209754695f,0.7424772094838752f,-0.17135445157566515f,0.8253114048540994f,0.5380508683600054f,0.37750723116877183f,0.9260388377005992f,-0.05149088941394311f,0.37389939740187395f,-0.2717291473645681f,0f,0f,0f,1f],start_interpolation:0}
execute if entity @s[tag=aj.dino.bone.neck_2] run data modify entity @s {} merge value {transformation:[0.17619896185754363f,0.3869392534145447f,-0.9051143242747399f,0.6669707834479377f,-0.24234935254769385f,0.908249279587488f,0.34110121290977924f,0.4162825837817266f,0.9540548816289541f,0.15925219086657452f,0.25380705771148027f,-0.24793456707490652f,0f,0f,0f,1f],start_interpolation:0}
execute if entity @s[tag=aj.dino.bone.body_0] run data modify entity @s {} merge value {transformation:[0.33483454032708493f,0.18994248640618974f,-0.9229342785170483f,0.2338047585975242f,-0.2679986759018766f,0.9582179044355127f,0.099975783738141f,0.4725290190604522f,0.9033617992359378f,0.21386981899522223f,0.3717487864192166f,-0.07069338073027559f,0f,0f,0f,1f],start_interpolation:0}
execute if entity @s[tag=aj.dino.bone.leg_left_3] run data modify entity @s {} merge value {transformation:[0.16279938237633718f,0.21157853371970572f,-0.9637068460724468f,-0.47398719146830737f,-0.059057265937978276f,0.9770756560022292f,0.2045370425809085f,0.08152186485041063f,0.9848901463807088f,0.023615387289496324f,0.17156256306476966f,-0.4090247841704049f,0f,0f,0f,1f],start_interpolation:0}
execute if entity @s[tag=aj.dino.bone.leg_left_2] run data modify entity @s {} merge value {transformation:[0.09444599656001318f,0.18305840540004265f,-1.004804345853895f,-0.46222297642885113f,-0.30649570261963827f,0.9676628333803523f,0.1474829640015998f,0.311165059734549f,0.9742702589683084f,0.2866713459824624f,0.14380264734393164f,-0.33624650201201156f,0f,0f,0f,1f],start_interpolation:0}
execute if entity @s[tag=aj.dino.bone.leg_left_1] run data modify entity @s {} merge value {transformation:[0.016845333556699562f,0.9979049026750044f,-0.06246631055660051f,-0.1881459053831187f,0.08826799547097107f,0.06074704076494403f,0.9942427057886012f,0.27317931536317813f,0.9959543140691246f,-0.022262126032622842f,-0.08705976126550924f,-0.3575121553363518f,0f,0f,0f,1f],start_interpolation:0}
execute if entity @s[tag=aj.dino.bone.leg_left_0] run data modify entity @s {} merge value {transformation:[-0.010159291181111432f,0.4490159570164324f,-0.8934659809681146f,0.05970478944168049f,0.03658811119133626f,0.8930806831444082f,0.4484062929016136f,0.5915830474026951f,0.9992787893887011f,-0.028134742560307527f,-0.025501712470291413f,-0.25029100507846247f,0f,0f,0f,1f],start_interpolation:0}
execute if entity @s[tag=aj.dino.bone.leg_right_3] run data modify entity @s {} merge value {transformation:[-0.36734588482015146f,0.03015353882409308f,-0.929595484607195f,0.15421104234533933f,0.033213540045549474f,0.9992621364966249f,0.019288424555796935f,0.023366880392702738f,0.9294911842848986f,-0.023789633468926888f,-0.3680763394678766f,0.2859660638683208f,0f,0f,0f,1f],start_interpolation:0}
execute if entity @s[tag=aj.dino.bone.leg_right_2] run data modify entity @s {} merge value {transformation:[-0.38806369254517814f,-0.10284712171099143f,-0.94387035104651f,0.10166973961989917f,0.17681756757024972f,0.9939992366639498f,-0.18100625627508324f,0.24919844423300205f,0.9328474247310954f,-0.23119296392395983f,-0.3583401946549019f,0.2195538033483372f,0f,0f,0f,1f],start_interpolation:0}
execute if entity @s[tag=aj.dino.bone.leg_right_1] run data modify entity @s {} merge value {transformation:[-0.21507181689289848f,0.9047098867649054f,-0.36775553614897627f,0.36267222857073605f,-0.18462319548543396f,0.3321118119133616f,0.9249951459744923f,0.2866876848974608f,0.9589882112242754f,0.266836588903129f,0.09560253948200273f,0.3060734153194753f,0f,0f,0f,1f],start_interpolation:0}
execute if entity @s[tag=aj.dino.bone.leg_right_0] run data modify entity @s {} merge value {transformation:[-0.27065434130307736f,-0.9468695613350107f,-0.17373618319464162f,0.03651417938703498f,-0.17095395947293462f,0.22487771885148497f,-0.9592730348053565f,0.4729505848179802f,0.947375834225427f,-0.22993052294420863f,-0.2227352314841081f,0.1237705419731285f,0f,0f,0f,1f],start_interpolation:0}
execute if entity @s[tag=aj.dino.bone.tail_4] run data modify entity @s {} merge value {transformation:[-0.12702106511641945f,-1.9479800649636856f,1.9531770649689628f,-0.8372906464802592f,2.648612171540998f,0.46033239515394525f,0.6313548782869395f,0.3666065365333849f,-0.7709607936734367f,1.902400873653056f,1.8472010454042411f,0.9957930033198296f,0f,0f,0f,1f],start_interpolation:0}
execute if entity @s[tag=aj.dino.bone.tail_3] run data modify entity @s {} merge value {transformation:[-0.17867096108919428f,-2.0127819012879997f,0.5027238124013779f,-0.9028373762771518f,2.0627002371675296f,-0.11835260886284903f,0.25924104152086047f,0.32380700911003274f,-0.22201338990458874f,0.520237641724692f,2.0039980980231125f,0.6508980481522646f,0f,0f,0f,1f],start_interpolation:0}
execute if entity @s[tag=aj.dino.bone.tail_2] run data modify entity @s {} merge value {transformation:[0.7228358409183477f,-1.794409894436939f,-0.2763609104657499f,-0.8513549743017701f,1.776520885944769f,0.7604069026261444f,-0.29073830026899533f,0.37934920462111626f,0.374507361594744f,-0.14369533112842114f,1.9125558195582206f,0.2956008334519597f,0f,0f,0f,1f],start_interpolation:0}
execute if entity @s[tag=aj.dino.bone.tail_1] run data modify entity @s {} merge value {transformation:[0.5690430077375419f,-1.0600492113336901f,-0.9165925893742736f,-0.6417001166982319f,1.1075859932557912f,0.9462816116419929f,-0.4067685201829366f,0.4542557801636389f,0.8585450325338767f,-0.5181727810480367f,1.132278078076384f,0.057461121050687486f,0f,0f,0f,1f],start_interpolation:0}
execute if entity @s[tag=aj.dino.bone.tail_0] run data modify entity @s {} merge value {transformation:[0.5643783935608039f,0.1377803670898819f,-1.1385645857439675f,-0.3056601963487607f,-0.13059258684174602f,1.2684252934963782f,0.08876129598330355f,0.45892702830627835f,1.1394113926619025f,0.0771334029278627f,0.5741322434849487f,-0.10845229815671809f,0f,0f,0f,1f],start_interpolation:0}
execute if entity @s[tag=aj.dino.bone.body_1] run data modify entity @s {} merge value {transformation:[-0.07293708865065392f,-0.2613695075654258f,-1.2062216863704716f,-0.007625459600270983f,-0.37311249768754723f,1.1564584123429607f,-0.22802543640306705f,0.4340440672705068f,1.1764658262035397f,0.3505631413774927f,-0.1470994178745019f,-0.09786665937665406f,0f,0f,0f,1f],start_interpolation:0}