execute if entity @s[tag=aj.dino.bone.head_lower] run data modify entity @s {} merge value {transformation:[-0.9527141265429738f,0.028371454898456105f,-0.30254066442778194f,-0.6627360236998221f,-0.08508979168338994f,0.9308912604805962f,0.35524806616239846f,0.15212142388067396f,0.29171136494270516f,0.36419297317190424f,-0.8844591329481948f,0.1335833483708298f,0f,0f,0f,1f],start_interpolation:0}
execute if entity @s[tag=aj.dino.bone.head_upper] run data modify entity @s {} merge value {transformation:[-0.9916797373543622f,0.14779640167036434f,-0.27964167206906637f,-0.6790029004695957f,-0.08856992870916072f,0.7536985603299607f,0.7124365167988694f,0.21813152772377112f,0.3036422382224598f,0.7025429854417051f,-0.7054833005517693f,0.1008188645113609f,0f,0f,0f,1f],start_interpolation:0}
execute if entity @s[tag=aj.dino.bone.neck_0] run data modify entity @s {} merge value {transformation:[-0.9728402945867565f,-0.22746850889727316f,0.04289334083986049f,-0.6722227472028309f,-0.20967482404458185f,0.9444578209699938f,0.2530531417913731f,0.21923184823140426f,-0.0980725720587918f,0.23718663931314166f,-0.9665010443559338f,0.03450480061269347f,0f,0f,0f,1f],start_interpolation:0}
execute if entity @s[tag=aj.dino.bone.neck_1] run data modify entity @s {} merge value {transformation:[-0.9534452007907059f,-0.15184284355800137f,0.26054941939945114f,-0.650850312668484f,0.006281315250301872f,0.8538002500031041f,0.5205628474770008f,0.2672637048268124f,-0.30150090243297295f,0.49796474167842164f,-0.8130979780304742f,-0.03208120871812953f,0f,0f,0f,1f],start_interpolation:0}
execute if entity @s[tag=aj.dino.bone.neck_2] run data modify entity @s {} merge value {transformation:[-0.7587566933594663f,-0.2540048062025455f,0.5998081682573324f,-0.6007894843736066f,0.105194071366537f,0.8609645359472027f,0.49766884088774316f,0.3192926087146435f,-0.6428238387237525f,0.44070582735791597f,-0.6265428046839527f,-0.08265627198850284f,0f,0f,0f,1f],start_interpolation:0}
execute if entity @s[tag=aj.dino.bone.body_0] run data modify entity @s {} merge value {transformation:[-0.5716282541125299f,-0.0068881458306949694f,0.8204838161397678f,-0.21416415684046425f,0.23410519528329016f,0.957030640788123f,0.1711347718438519f,0.40906469807106427f,-0.7864069535816895f,0.2899049948512266f,-0.5454532036010757f,-0.3369646139389748f,0f,0f,0f,1f],start_interpolation:0}
execute if entity @s[tag=aj.dino.bone.leg_left_3] run data modify entity @s {} merge value {transformation:[0.10014272404720637f,-0.014468167638316598f,0.9948678841663325f,-0.009125853084917868f,-0.04274051516803902f,0.9989087600620565f,0.0188291644651557f,0.01218810260193759f,-0.9940546681061239f,-0.04440676971447947f,0.09941506736883246f,0.04968800578456655f,0f,0f,0f,1f],start_interpolation:0}
execute if entity @s[tag=aj.dino.bone.leg_left_2] run data modify entity @s {} merge value {transformation:[0.3518189697132049f,-0.10087028216827243f,0.9581809840661247f,-0.002480680864100082f,-0.22663679990926017f,0.9827769483155044f,0.18667466428856688f,0.2466894661839985f,-0.9364408005728518f,-0.2757478114793519f,0.3148078318395507f,-0.006312210557206627f,0f,0f,0f,1f],start_interpolation:0}
execute if entity @s[tag=aj.dino.bone.leg_left_1] run data modify entity @s {} merge value {transformation:[0.36575624908938276f,-0.919932796158323f,-0.141230367854776f,-0.2521916088815694f,0.17540063286367574f,-0.08089379182933715f,0.9811680857195133f,0.16918246175984508f,-0.9140333605744857f,-0.3836402546602765f,0.13176938476410494f,-0.0993202873764496f,0f,0f,0f,1f],start_interpolation:0}
execute if entity @s[tag=aj.dino.bone.leg_left_0] run data modify entity @s {} merge value {transformation:[0.3444573270695046f,0.3876721973117548f,0.8550201268155088f,-0.12953089607830076f,0.12361190417740528f,0.8840983406297473f,-0.45065532421282184f,0.5673674148895222f,-0.9306284150904531f,0.2609221943936611f,0.25661325277356234f,-0.12597307710218017f,0f,0f,0f,1f],start_interpolation:0}
execute if entity @s[tag=aj.dino.bone.leg_right_3] run data modify entity @s {} merge value {transformation:[0.5413843503555421f,-0.0342344746279947f,0.8400779642015693f,-0.09610480819151523f,0.01607617900379337f,0.9994095185835228f,0.030367262525451744f,0.00927009589360503f,-0.8406215210537651f,-0.002935116964771084f,0.541615032499706f,-0.6829027678677088f,0f,0f,0f,1f],start_interpolation:0}
execute if entity @s[tag=aj.dino.bone.leg_right_2] run data modify entity @s {} merge value {transformation:[0.5582952400753481f,0.11647141431660055f,0.8525274388880367f,-0.04347470129029471f,0.21947041474611642f,0.9633707091923344f,-0.2753394509003771f,0.2249807055051557f,-0.8319863949975814f,0.33228524766839157f,0.4994470464639656f,-0.5887216826403929f,0f,0f,0f,1f],start_interpolation:0}
execute if entity @s[tag=aj.dino.bone.leg_right_1] run data modify entity @s {} merge value {transformation:[0.38808726634228924f,-0.8355297398917367f,0.38894514710871025f,-0.28336121290910415f,-0.13561963282113804f,0.3656543730081894f,0.9208171342310305f,0.2727799344670603f,-0.9115895945525206f,-0.4101060024633082f,0.028591569511593723f,-0.7198059338446161f,0f,0f,0f,1f],start_interpolation:0}
execute if entity @s[tag=aj.dino.bone.leg_right_0] run data modify entity @s {} merge value {transformation:[0.4350352691598727f,0.7977779080684374f,0.41748619616095706f,-0.0546976618942588f,-0.10553914295662493f,0.5056434746229477f,-0.8562629069831376f,0.5532887780977968f,-0.8942068015235504f,0.32844342887197553f,0.30416954176879923f,-0.5116352162912546f,0f,0f,0f,1f],start_interpolation:0}
execute if entity @s[tag=aj.dino.bone.tail_4] run data modify entity @s {} merge value {transformation:[0.6477363603255345f,-0.8064302947645415f,-2.5604236209655244f,-0.1542516270081381f,-2.573897441095459f,-0.9345644756571194f,-0.3567948082049191f,0.18240325819805916f,-0.7623325401912747f,2.4702066213427796f,-0.9708705771830819f,0.5184458812482144f,0f,0f,0f,1f],start_interpolation:0}
execute if entity @s[tag=aj.dino.bone.tail_3] run data modify entity @s {} merge value {transformation:[0.7693245783927433f,0.2522526572151608f,-1.918450889664149f,0.16857825891481543f,-1.826732521765039f,-0.5861097730163238f,-0.8096104952044156f,0.3254188239978538f,-0.6380701474377359f,1.9821174175479843f,0.004749320597930393f,0.49824399696225957f,0f,0f,0f,1f],start_interpolation:0}
execute if entity @s[tag=aj.dino.bone.tail_2] run data modify entity @s {} merge value {transformation:[1.066971515905929f,0.893106262710017f,-1.3721176563095194f,0.4246534182990821f,-1.5508446140831722f,0.026540864950044703f,-1.1886759190206964f,0.5452506322979974f,-0.5246204744550083f,1.73793862405973f,0.7232679806176633f,0.3638156786102397f,0f,0f,0f,1f],start_interpolation:0}
execute if entity @s[tag=aj.dino.bone.tail_1] run data modify entity @s {} merge value {transformation:[1.3848214618884624f,0.5938571122733464f,-0.13137541206582606f,0.44434163199577925f,-0.5960617218390826f,1.2601270420739f,-0.5868956564776335f,0.656709738877578f,-0.12098013246534087f,0.5891263175554514f,1.3877860928515688f,0.058093715380996f,0f,0f,0f,1f],start_interpolation:0}
execute if entity @s[tag=aj.dino.bone.tail_0] run data modify entity @s {} merge value {transformation:[1.0819609283008145f,-0.051040736069950375f,0.6786686300956498f,0.24478718067284427f,0.05331795847337088f,1.2770555917732858f,0.011042074480952204f,0.6843006143769224f,-0.6784935235643006f,0.01896247257212678f,1.0831078799913145f,-0.2579579826798804f,0f,0f,0f,1f],start_interpolation:0}
execute if entity @s[tag=aj.dino.bone.body_1] run data modify entity @s {} merge value {transformation:[0.23535897601810823f,-0.42634226560959937f,1.1364167457490373f,0.009303383073436713f,-0.04427890328623539f,1.1537981966347421f,0.442033590604193f,0.5038175f,-1.212950999087649f,-0.1248462616722702f,0.2043719154262231f,-0.2970623085275318f,0f,0f,0f,1f],start_interpolation:0}