execute if entity @s[tag=aj.dino.bone.head_lower] run data modify entity @s {} merge value {transformation:[-0.10459989317870329f,0.3152194362391592f,-0.9432367514914113f,0.9301585046686309f,-0.3575434912225374f,0.873106655204168f,0.3314323769980675f,0.30803468059563077f,0.9280202121890468f,0.3719159524076057f,0.02137779486617819f,-0.08602663111398968f,0f,0f,0f,1f],start_interpolation:0}
execute if entity @s[tag=aj.dino.bone.head_upper] run data modify entity @s {} merge value {transformation:[-0.10887798522642343f,0.8735709690432145f,-0.555419921286085f,0.911451324918365f,-0.37216687103708457f,0.48811070939676265f,0.8406614645968744f,0.37683253293738495f,0.9659758521924905f,0.286519877147459f,0.2612832860400837f,-0.061280855095640734f,0f,0f,0f,1f],start_interpolation:0}
execute if entity @s[tag=aj.dino.bone.neck_0] run data modify entity @s {} merge value {transformation:[-0.12731148183485191f,0.41787733844413305f,-0.8995389466876137f,0.8465436547896288f,-0.40746680054290696f,0.8048223715464815f,0.4315457759191068f,0.39180497853442364f,0.9043022686294343f,0.421472988782371f,0.06780801337979409f,-0.06402976135082089f,0f,0f,0f,1f],start_interpolation:0}
execute if entity @s[tag=aj.dino.bone.neck_1] run data modify entity @s {} merge value {transformation:[-0.15812737628957746f,0.5001221739908209f,-0.8513950575088332f,0.7767233191988048f,-0.16402931297107085f,0.836958276938706f,0.5221065285456894f,0.4398900163125027f,0.9736991924377947f,0.22221308185272845f,-0.050311319794850456f,-0.06726808258205674f,0f,0f,0f,1f],start_interpolation:0}
execute if entity @s[tag=aj.dino.bone.neck_2] run data modify entity @s {} merge value {transformation:[-0.25802206982521714f,0.2501673273556049f,-0.933188576766167f,0.6974182954491537f,-0.23997022250826464f,0.9190314483023634f,0.3127227035899285f,0.47628476284079274f,0.9358626522051433f,0.3046268296703591f,-0.17709768731562048f,-0.0798006811693186f,0f,0f,0f,1f],start_interpolation:0}
execute if entity @s[tag=aj.dino.bone.body_0] run data modify entity @s {} merge value {transformation:[0.04757808720007575f,0.04409721675398623f,-0.997893662217039f,0.22753483565859917f,-0.2629538348011476f,0.9643394852590237f,0.03007719956598276f,0.4996465732281908f,0.9636345813542356f,0.26096894958004707f,0.05747696036964811f,-0.05022594982976793f,0f,0f,0f,1f],start_interpolation:0}
execute if entity @s[tag=aj.dino.bone.leg_left_3] run data modify entity @s {} merge value {transformation:[-0.10046578322049304f,0.025053557364193263f,-0.9946250276688655f,-0.27057631332165094f,-0.03371911965703793f,0.9990229032550536f,0.028570259736268838f,0.047019310073363296f,0.9943689694331009f,0.03640821384306822f,-0.09952283453213205f,-0.5214073543939519f,0f,0f,0f,1f],start_interpolation:0}
execute if entity @s[tag=aj.dino.bone.leg_left_2] run data modify entity @s {} merge value {transformation:[-0.11408017725862156f,-0.08384033191285317f,-1.0158832174034955f,-0.3216916961630433f,-0.3136307829663405f,0.9755238397773947f,-0.04528983884473728f,0.27252628186338584f,0.9698884702032787f,0.30559161682121555f,-0.1341354486928553f,-0.4528151144750845f,0f,0f,0f,1f],start_interpolation:0}
execute if entity @s[tag=aj.dino.bone.leg_left_1] run data modify entity @s {} merge value {transformation:[-0.21362114365479068f,0.9728324192044433f,-0.0892361537071687f,-0.04841637933214435f,0.07676129301157018f,0.10777740559442442f,0.9912072107982906f,0.24770737235963175f,0.9738961499455737f,0.20489293542766443f,-0.09769940702493413f,-0.4113662471590539f,0f,0f,0f,1f],start_interpolation:0}
execute if entity @s[tag=aj.dino.bone.leg_left_0] run data modify entity @s {} merge value {transformation:[-0.22804440874795048f,0.2368290875180708f,-0.9444086673385393f,0.09493517929339912f,0.020494345284425293f,0.9709192445295355f,0.238528410076366f,0.6118871120615077f,0.9734350155250019f,0.03504003292741355f,-0.22626636215373533f,-0.26600213055954935f,0f,0f,0f,1f],start_interpolation:0}
execute if entity @s[tag=aj.dino.bone.leg_right_3] run data modify entity @s {} merge value {transformation:[-0.5456228193180301f,0.03559102847698564f,-0.8372747564159538f,0.06235457125063836f,0.029944232349449346f,0.9992877384657671f,0.022964291867489384f,0.05512384178954402f,0.837495720579184f,-0.012541708174066274f,-0.5462999391979008f,0.28547725527647255f,0f,0f,0f,1f],start_interpolation:0}
execute if entity @s[tag=aj.dino.bone.leg_right_2] run data modify entity @s {} merge value {transformation:[-0.5486511853216913f,-0.01941580581010718f,-0.866410470175968f,0.031903976346074225f,0.2061950138231786f,0.9930709444902429f,-0.15282642109403308f,0.2815643296680901f,0.8417408702327913f,-0.25592054469052644f,-0.5272942079008093f,0.2082209365361921f,0f,0f,0f,1f],start_interpolation:0}
execute if entity @s[tag=aj.dino.bone.leg_right_1] run data modify entity @s {} merge value {transformation:[-0.3730191029722856f,0.8616179539498859f,-0.3441965285254394f,0.2768046334365722f,-0.1518672365692579f,0.309269262747147f,0.9387698682726526f,0.31276975933255396f,0.9153103797480768f,0.40245126978436574f,0.015488194677986344f,0.3349619124511035f,0f,0f,0f,1f],start_interpolation:0}
execute if entity @s[tag=aj.dino.bone.leg_right_0] run data modify entity @s {} merge value {transformation:[-0.4248339993823584f,-0.8784888219347947f,-0.2185714132827229f,-0.0009277110297610178f,-0.13377880793690186f,0.2997156783519217f,-0.9446024257310738f,0.5228996311373533f,0.8953319515776101f,-0.3720590032315627f,-0.24485259769617346f,0.10470670539383475f,0f,0f,0f,1f],start_interpolation:0}
execute if entity @s[tag=aj.dino.bone.tail_4] run data modify entity @s {} merge value {transformation:[2.5421728092689984f,-0.9459064087665223f,0.5179573392353763f,-1.2232906085074906f,1.072110239249106f,2.360108470711047f,-0.951908069602937f,0.7450662613137845f,-0.11661206760278348f,1.077409116321364f,2.539931604070673f,0.49460426644322186f,0f,0f,0f,1f],start_interpolation:0}
execute if entity @s[tag=aj.dino.bone.tail_3] run data modify entity @s {} merge value {transformation:[1.673875582212697f,-1.098732934596711f,-0.5717272074591597f,-1.1155948374619413f,1.1509077913144121f,1.734965981836654f,0.035352847209275506f,0.7220937206692762f,0.45770876898780444f,-0.3444190853401131f,2.0019549701453307f,0.15851709514683524f,0f,0f,0f,1f],start_interpolation:0}
execute if entity @s[tag=aj.dino.bone.tail_2] run data modify entity @s {} merge value {transformation:[1.7472102365606184f,-0.47736538829785313f,-0.7335888155607367f,-0.9780439035085674f,0.723424610666293f,1.709586000011207f,0.6105296194704892f,0.6095393315258625f,0.4926328216256879f,-0.8174422729610321f,1.7052492217960962f,-0.15831524856549503f,0f,0f,0f,1f],start_interpolation:0}
execute if entity @s[tag=aj.dino.bone.tail_1] run data modify entity @s {} merge value {transformation:[0.4396020214938399f,0.008949018998883342f,-1.4471787131372158f,-0.6671565665815102f,0.7860788323592681f,1.2684287709660995f,0.24662678747881508f,0.5402117694885736f,1.2151075598543613f,-0.8238110329707833f,0.3640127057403247f,-0.22773736232758424f,0f,0f,0f,1f],start_interpolation:0}
execute if entity @s[tag=aj.dino.bone.tail_0] run data modify entity @s {} merge value {transformation:[-0.1566917910381425f,0.2102562366860066f,-1.2510298614101603f,-0.2965027069083893f,-0.09085298694136443f,1.2554401625195997f,0.22237681911705917f,0.5055241019163895f,1.2653177995938882f,0.11618102190731065f,-0.13895521855433018f,-0.18432776282930108f,0f,0f,0f,1f],start_interpolation:0}
execute if entity @s[tag=aj.dino.bone.body_1] run data modify entity @s {} merge value {transformation:[-0.30149962046417256f,-0.2565357432784342f,-1.1712779287328827f,-0.006917492654073605f,-0.2798756811342815f,1.189434115073986f,-0.18846931862782287f,0.46922374999999994f,1.1659211710170772f,0.21918141658223478f,-0.3481263056067768f,-0.11815669707500351f,0f,0f,0f,1f],start_interpolation:0}