execute if entity @s[tag=aj.dino.bone.head_lower] run data modify entity @s {} merge value {transformation:[-0.9046874148185717f,-0.11464152931917546f,-0.41036325520720096f,-0.6161476537501919f,-0.24544875625173734f,0.9274834959428346f,0.2820093487956263f,0.154617508289044f,0.3482751635178212f,0.3558534593186059f,-0.8672212670176027f,0.15947988484222883f,0f,0f,0f,1f],start_interpolation:0}
execute if entity @s[tag=aj.dino.bone.head_upper] run data modify entity @s {} merge value {transformation:[-0.9416887531315619f,0.053215217294722464f,-0.4402980529792372f,-0.6455980350298447f,-0.25548750811211834f,0.7795949759849253f,0.640647913600935f,0.21620837613431595f,0.3625194725910486f,0.687656714248357f,-0.6922281545306929f,0.1273131857211473f,0f,0f,0f,1f],start_interpolation:0}
execute if entity @s[tag=aj.dino.bone.neck_0] run data modify entity @s {} merge value {transformation:[-0.926712029516741f,-0.37574928965595983f,-0.004157604118303612f,-0.63946831418207f,-0.37002400006027036f,0.9105521592596879f,0.18432852369320635f,0.21346699926723675f,-0.06547559643378562f,0.17235787359607785f,-0.9828558946666996f,0.060983346059816236f,0f,0f,0f,1f],start_interpolation:0}
execute if entity @s[tag=aj.dino.bone.neck_1] run data modify entity @s {} merge value {transformation:[-0.9766436584754188f,-0.18835163941028923f,0.10339644235275275f,-0.6315769908952942f,-0.11984769709858448f,0.876934374505285f,0.4654273652367151f,0.25693473288350427f,-0.17833590176942965f,0.44216485923519644f,-0.8790259059877605f,-0.011444687156473975f,0f,0f,0f,1f],start_interpolation:0}
execute if entity @s[tag=aj.dino.bone.neck_2] run data modify entity @s {} merge value {transformation:[-0.8264032098906334f,-0.29594786741605567f,0.47903297846217907f,-0.5925076238240892f,-0.02509249913043289f,0.8692495210544391f,0.49373640399915575f,0.308700240988934f,-0.5625194229267527f,0.3960052145092501f,-0.725776666001075f,-0.07115102786985855f,0f,0f,0f,1f],start_interpolation:0}
execute if entity @s[tag=aj.dino.bone.body_0] run data modify entity @s {} merge value {transformation:[-0.6341209671722613f,-0.06737251797904076f,0.770293153814624f,-0.23011315647998154f,0.13127460564359728f,0.9723549591653905f,0.19311346742159086f,0.4089767904389762f,-0.7620089086786545f,0.2235772287323457f,-0.6077463664117873f,-0.3554497587356483f,0f,0f,0f,1f],start_interpolation:0}
execute if entity @s[tag=aj.dino.bone.leg_left_3] run data modify entity @s {} merge value {transformation:[0.21712076521875784f,0.04183726827597493f,0.9752477717452243f,-0.05435042150385311f,-0.055371736987109094f,0.998000292594338f,-0.030485844660207095f,0.011999295862182235f,-0.9745730060153788f,-0.047382053193376565f,0.2190031894318632f,0.07418086219932513f,0f,0f,0f,1f],start_interpolation:0}
execute if entity @s[tag=aj.dino.bone.leg_left_2] run data modify entity @s {} merge value {transformation:[0.4378628505401354f,0.04322061913034341f,0.9265367244203282f,-0.014962332154413754f,-0.26598470260746093f,0.9874066848957251f,0.07963903629972599f,0.24421092050558232f,-0.8885890285145219f,-0.2742666881083417f,0.4327233778043359f,0.022244248294596314f,0f,0f,0f,1f],start_interpolation:0}
execute if entity @s[tag=aj.dino.bone.leg_left_1] run data modify entity @s {} merge value {transformation:[0.4606852030010055f,-0.8785243650623098f,-0.12634905511236555f,-0.25610370192724885f,0.1361058257474292f,-0.07074566011686007f,0.9881650954027064f,0.16987233182675715f,-0.8770657603244657f,-0.47242988005257974f,0.0869808053536657f,-0.09324600963691433f,0f,0f,0f,1f],start_interpolation:0}
execute if entity @s[tag=aj.dino.bone.leg_left_0] run data modify entity @s {} merge value {transformation:[0.44645441150602183f,0.2695410159303151f,0.8532444545252348f,-0.1678208046343144f,0.08123043704780662f,0.937406301399619f,-0.33863112998262407f,0.5749403217229478f,-0.891111707107383f,0.22049278180371376f,0.39661424410707413f,-0.1425748264834371f,0f,0f,0f,1f],start_interpolation:0}
execute if entity @s[tag=aj.dino.bone.leg_right_3] run data modify entity @s {} merge value {transformation:[0.6760605406097545f,-0.1610546389962219f,0.7190295881869145f,-0.02423713750358316f,0.13198276244148907f,0.9865072372073629f,0.09687115853447159f,0.012499623710346991f,-0.7249294419795351f,0.029408743517766872f,0.688195052260583f,-0.6849466463214776f,0f,0f,0f,1f],start_interpolation:0}
execute if entity @s[tag=aj.dino.bone.leg_right_2] run data modify entity @s {} merge value {transformation:[0.685393289980824f,-0.04617544117809379f,0.7616863305731342f,-0.012524350756680763f,0.2557648968923063f,0.97850117525356f,-0.17082730181609068f,0.23491071005132824f,-0.7189454465170669f,0.30408136766350224f,0.6653676925377157f,-0.5923875227016968f,0f,0f,0f,1f],start_interpolation:0}
execute if entity @s[tag=aj.dino.bone.leg_right_1] run data modify entity @s {} merge value {transformation:[0.5680171062256304f,-0.7645149453297585f,0.304751481378677f,-0.2250696303838296f,-0.11525459277352879f,0.29274662364242754f,0.9492185170921222f,0.2618024615366546f,-0.8149067099243134f,-0.5742963631378804f,0.0781712313254374f,-0.768781183217131f,0f,0f,0f,1f],start_interpolation:0}
execute if entity @s[tag=aj.dino.bone.leg_right_0] run data modify entity @s {} merge value {transformation:[0.6096757759836438f,0.7013460311474666f,0.3693361514561485f,-0.050655087788657224f,-0.08426711243866425f,0.5206589874087706f,-0.8495959466662512f,0.5451907326094791f,-0.7881589319039602f,0.48685517705388603f,0.37653357703641493f,-0.5166345320116763f,0f,0f,0f,1f],start_interpolation:0}
execute if entity @s[tag=aj.dino.bone.tail_4] run data modify entity @s {} merge value {transformation:[0.8938687880172818f,-1.0340962600564934f,-2.3994384439584384f,-0.13649972550367834f,-2.5301221940052936f,-0.9754436227187537f,-0.5221616166467566f,0.2099148433947515f,-0.6520288374070251f,2.367449259315707f,-1.2632116732183714f,0.6289674953111352f,0f,0f,0f,1f],start_interpolation:0}
execute if entity @s[tag=aj.dino.bone.tail_3] run data modify entity @s {} merge value {transformation:[0.7930445861284169f,0.47602648086769483f,-1.8655896118840207f,0.17517703860897277f,-1.8133625204495256f,-0.4934524339627651f,-0.896753361236863f,0.36679989418049574f,-0.647102912901647f,1.9661762410764168f,0.2266149491654551f,0.5713013961974707f,0f,0f,0f,1f],start_interpolation:0}
execute if entity @s[tag=aj.dino.bone.tail_2] run data modify entity @s {} merge value {transformation:[1.0260367402766888f,1.0624400896755366f,-1.2795481774655466f,0.4140537585185368f,-1.5745794963790822f,0.13649577304472477f,-1.1492789863763697f,0.579316512198275f,-0.5354641838515061f,1.6344307372274725f,0.927732799905813f,0.3988308661911139f,0f,0f,0f,1f],start_interpolation:0}
execute if entity @s[tag=aj.dino.bone.tail_1] run data modify entity @s {} merge value {transformation:[1.3764316567438994f,0.6268012895387755f,-0.014570097658336079f,0.40821207860479064f,-0.592751003022001f,1.2895022562025895f,-0.5229593001992061f,0.6766549836320931f,-0.20429976194224203f,0.48162259569185495f,1.4191397156691037f,0.08775567631969189f,0f,0f,0f,1f],start_interpolation:0}
execute if entity @s[tag=aj.dino.bone.tail_0] run data modify entity @s {} merge value {transformation:[1.1055467720902865f,-0.05243279747576478f,0.6394160250209885f,0.220094557878632f,0.014531427580573995f,1.2756595838596796f,0.0794806913875791f,0.6842128164521463f,-0.6413976059491071f,-0.06147474635850461f,1.1039319196521764f,-0.23632238350492613f,0f,0f,0f,1f],start_interpolation:0}
execute if entity @s[tag=aj.dino.bone.body_1] run data modify entity @s {} merge value {transformation:[0.3684994166282075f,-0.3974477877060016f,1.1112371623773776f,-0.01148158743295222f,-0.09356581881100369f,1.1506441936483842f,0.442569737137252f,0.5038175f,-1.1764600344045468f,-0.21600414516188116f,0.31287152599427737f,-0.2945112186177664f,0f,0f,0f,1f],start_interpolation:0}