execute if entity @s[tag=aj.dino.bone.head_lower] run data modify entity @s {} merge value {transformation:[0.04772146399115684f,0.3676513675865207f,-0.9287384636087288f,0.9107740995224926f,-0.3828012773708737f,0.8655389523749433f,0.32296362638060805f,0.2793225672084951f,0.9225973357417463f,0.34010997314610847f,0.1820421990879733f,-0.1821197850138535f,0f,0f,0f,1f],start_interpolation:0}
execute if entity @s[tag=aj.dino.bone.head_upper] run data modify entity @s {} merge value {transformation:[0.049673251984451834f,0.9352562204147917f,-0.45420294230248603f,0.9004788964974473f,-0.39845769011481025f,0.4371270190178068f,0.8565181731968582f,0.3480605525532974f,0.9603311823580273f,0.13299516533901556f,0.37887761714145773f,-0.15271647470348687f,0f,0f,0f,1f],start_interpolation:0}
execute if entity @s[tag=aj.dino.bone.neck_0] run data modify entity @s {} merge value {transformation:[0.01148732436048347f,0.5234015205714292f,-0.8520087380083335f,0.8368869140830353f,-0.41359309097781893f,0.7782491123598713f,0.4725135703940008f,0.3661153659347538f,0.9103893653126948f,0.34695701084513136f,0.22541525270256407f,-0.14406663420421872f,0f,0f,0f,1f],start_interpolation:0}
execute if entity @s[tag=aj.dino.bone.neck_1] run data modify entity @s {} merge value {transformation:[-0.009827437435058303f,0.5683410142182738f,-0.8227344122077332f,0.7698087869897569f,-0.1378076917532962f,0.8141535216752809f,0.5640594678199868f,0.41764930964478963f,0.9904102491225992f,0.1189223894020059f,0.07032072050135137f,-0.13756168563562132f,0f,0f,0f,1f],start_interpolation:0}
execute if entity @s[tag=aj.dino.bone.neck_2] run data modify entity @s {} merge value {transformation:[-0.15210781234727905f,0.30412037570684897f,-0.940411617592451f,0.690399204754931f,-0.21104867125049076f,0.9195437878721708f,0.33150819077226834f,0.4556948218660072f,0.9655680565275178f,0.24889760799498561f,-0.07568559273763589f,-0.14175544805810786f,0f,0f,0f,1f],start_interpolation:0}
execute if entity @s[tag=aj.dino.bone.body_0] run data modify entity @s {} merge value {transformation:[0.14601085466727515f,0.09578734257192015f,-0.9846347623978862f,0.2272570277893421f,-0.24087749232206596f,0.9687892993614412f,0.05852629439321291f,0.49250697400296634f,0.959509699800875f,0.22863087815467448f,0.1645267684671934f,-0.06203660415188039f,0f,0f,0f,1f],start_interpolation:0}
execute if entity @s[tag=aj.dino.bone.leg_left_3] run data modify entity @s {} merge value {transformation:[-0.008378189571399686f,0.05126145366204812f,-0.9986501235707931f,-0.33876891997535197f,-0.002720085870895158f,0.9986803119345198f,0.05128582345273936f,0.0551857974860645f,0.9999612027835684f,0.003146096442304979f,-0.008227697418784319f,-0.48227537893679207f,0f,0f,0f,1f],start_interpolation:0}
execute if entity @s[tag=aj.dino.bone.leg_left_2] run data modify entity @s {} merge value {transformation:[-0.03685743724709289f,-0.018404115070081564f,-1.024873171357685f,-0.37478924384216605f,-0.2986442809066031f,0.981237205291575f,-0.006880402172272331f,0.28323481985001736f,0.9805688768781361f,0.29815605813191426f,-0.040618249566961695f,-0.4125096872725449f,0f,0f,0f,1f],start_interpolation:0}
execute if entity @s[tag=aj.dino.bone.leg_left_1] run data modify entity @s {} merge value {transformation:[-0.12336845962378044f,0.9901295893127251f,-0.0665102964770895f,-0.09981755928533675f,0.09479397198239609f,0.07847391355635408f,0.9923990869438315f,0.2500327225802934f,0.9878230236463699f,0.11612597150751662f,-0.10353952238434896f,-0.39514365466181256f,0f,0f,0f,1f],start_interpolation:0}
execute if entity @s[tag=aj.dino.bone.leg_left_0] run data modify entity @s {} merge value {transformation:[-0.14187049841184418f,0.2987604212694307f,-0.9437239916221732f,0.07781444213982683f,0.0394120670188228f,0.9543159420273675f,0.29618874348246566f,0.6051992245143898f,0.9891003238568264f,0.004826331456751196f,-0.1471640440834338f,-0.26626034876829774f,0f,0f,0f,1f],start_interpolation:0}
execute if entity @s[tag=aj.dino.bone.leg_right_3] run data modify entity @s {} merge value {transformation:[-0.4762820317125473f,0.03852322609960612f,-0.8784482838042589f,0.08728357156471207f,0.027733265599944434f,0.9992009090728177f,0.02878210011827259f,0.05704501377742471f,0.878855103101149f,-0.010653842449274198f,-0.47696981392341287f,0.286405461529651f,0f,0f,0f,1f],start_interpolation:0}
execute if entity @s[tag=aj.dino.bone.leg_right_2] run data modify entity @s {} merge value {transformation:[-0.4887827288193782f,-0.02575404366908331f,-0.9013824786089801f,0.05418187228969307f,0.2038764594968769f,0.9955781273505729f,-0.13899921260510675f,0.284500841971492f,0.8784008383258721f,-0.24540399564088677f,-0.46930911524557795f,0.21333566071103105f,0f,0f,0f,1f],start_interpolation:0}
execute if entity @s[tag=aj.dino.bone.leg_right_1] run data modify entity @s {} merge value {transformation:[-0.32743492214071945f,0.8842304250037207f,-0.33305093793658813f,0.30554234824830323f,-0.16154758527750138f,0.2949025339211033f,0.9417721981338806f,0.31145125786235045f,0.930961196534909f,0.36217268116832413f,0.04628390175469238f,0.3278126097834815f,0f,0f,0f,1f],start_interpolation:0}
execute if entity @s[tag=aj.dino.bone.leg_right_0] run data modify entity @s {} merge value {transformation:[-0.38082297589978853f,-0.9062060857473399f,-0.18375089436874742f,0.008975288067924594f,-0.1460695114523775f,0.2551898514158811f,-0.9557938258633001f,0.5064390020726505f,0.9130375451485514f,-0.3371478457425259f,-0.22955123885590584f,0.10796030256747921f,0f,0f,0f,1f],start_interpolation:0}
execute if entity @s[tag=aj.dino.bone.tail_4] run data modify entity @s {} merge value {transformation:[2.399571308549818f,-0.799928077203864f,1.108076684208021f,-1.1009187367280322f,1.1626509530684597f,2.371683352332316f,-0.8056191216690081f,0.7370191290415793f,-0.7183046903045504f,1.1665738207120335f,2.3976666207619055f,0.6272526752511025f,0f,0f,0f,1f],start_interpolation:0}
execute if entity @s[tag=aj.dino.bone.tail_3] run data modify entity @s {} merge value {transformation:[1.7006032362621875f,-1.1915047004492514f,-0.15559790379809116f,-1.062875273327424f,1.2001449504651083f,1.6975760794020902f,0.11761410867482101f,0.700464007894444f,0.05955045534773262f,-0.18573510571136073f,2.0731381381419602f,0.2775426218566217f,0f,0f,0f,1f],start_interpolation:0}
execute if entity @s[tag=aj.dino.bone.tail_2] run data modify entity @s {} merge value {transformation:[1.797993547249168f,-0.6178853079932549f,-0.45189691879809524f,-0.9776861333849367f,0.7431614451992532f,1.685583771682776f,0.6521443781953509f,0.5801824089003242f,0.1835868879372626f,-0.7718801524903491f,1.7858529502094407f,-0.05449145975009784f,0f,0f,0f,1f],start_interpolation:0}
execute if entity @s[tag=aj.dino.bone.tail_1] run data modify entity @s {} merge value {transformation:[0.5918234905531862f,-0.1127744674952383f,-1.387329494212031f,-0.6783351648706145f,0.801066043705f,1.2604363872014446f,0.23926879746717677f,0.5125215844945996f,1.1382857284760546f,-0.8283950043908618f,0.5529227496205982f,-0.16443547954700696f,0f,0f,0f,1f],start_interpolation:0}
execute if entity @s[tag=aj.dino.bone.tail_0] run data modify entity @s {} merge value {transformation:[-0.01841050495336163f,0.19203685599434733f,-1.2635737476820246f,-0.3044553561928808f,-0.11758152363332662f,1.2580911765552936f,0.1929168042390555f,0.48650679167526706f,1.272663095713652f,0.11901325135274216f,-0.00045540643528467495f,-0.16143039744334442f,0f,0f,0f,1f],start_interpolation:0}
execute if entity @s[tag=aj.dino.bone.body_1] run data modify entity @s {} merge value {transformation:[-0.21650691686623272f,-0.27269745507388105f,-1.1863243435087882f,-0.010283455288945212f,-0.31061205731189856f,1.1774308544006065f,-0.2139657169131957f,0.45694250000000003f,1.1769662271525885f,0.26057105779026296f,-0.27469586644235366f,-0.1151187662548824f,0f,0f,0f,1f],start_interpolation:0}