execute if entity @s[tag=aj.dino.bone.head_lower] run data modify entity @s {} merge value {transformation:[-0.8592574287203333f,0.18617516255686428f,0.4764614150546149f,-0.6122933965371121f,0.2896464284873971f,0.9447971503458321f,0.15317731934881937f,1.0842672164232716f,-0.4216415748635518f,0.2696240967445605f,-0.8657489409761143f,0.346979811362525f,0f,0f,0f,1f],start_interpolation:0}
execute if entity @s[tag=aj.dino.bone.head_upper] run data modify entity @s {} merge value {transformation:[-0.8944006995310664f,0.3332754901637931f,0.4152671175495711f,-0.576460010005081f,0.30149284672651977f,0.9861015351375687f,-0.1420484718523104f,1.0967110103187732f,-0.4388865395914816f,-0.0017755672109794965f,-0.9438471249678101f,0.2817373643289473f,0f,0f,0f,1f],start_interpolation:0}
execute if entity @s[tag=aj.dino.bone.neck_0] run data modify entity @s {} merge value {transformation:[-0.8471038378936349f,0.4686399709931952f,0.25058265186036166f,-0.5675900508948635f,0.24541206402224883f,0.7632100401215755f,-0.597731840786454f,1.045592920003134f,-0.4713682283079904f,-0.44484493056021235f,-0.7615280566707086f,0.23986851048552202f,0f,0f,0f,1f],start_interpolation:0}
execute if entity @s[tag=aj.dino.bone.neck_1] run data modify entity @s {} merge value {transformation:[-0.6635552600447083f,0.5108589456451684f,0.5465505964879243f,-0.5189365785905383f,0.39456394051675103f,0.8596644863278168f,-0.32449386402615477f,1.0220643975686048f,-0.6356207310266815f,0.000329546715268747f,-0.7720014104184456f,0.17447137668509188f,0f,0f,0f,1f],start_interpolation:0}
execute if entity @s[tag=aj.dino.bone.neck_2] run data modify entity @s {} merge value {transformation:[-0.6738006454310723f,0.46778440622524f,0.5719881463012756f,-0.46424622536125026f,0.2583917589773382f,0.8743870274194573f,-0.4107079560626533f,0.9946440957981746f,-0.6922617923222883f,-0.1289382626417187f,-0.7100341789784966f,0.11100467117255663f,0f,0f,0f,1f],start_interpolation:0}
execute if entity @s[tag=aj.dino.bone.body_0] run data modify entity @s {} merge value {transformation:[-0.6811349640226578f,0.5752011345620078f,0.45298875878373746f,-0.2452748122461989f,0.2613256169031014f,0.7689479794122605f,-0.5834620183936701f,0.7269858252006829f,-0.6839328057171009f,-0.2790388140678295f,-0.674072145625046f,-0.20934119679249513f,0f,0f,0f,1f],start_interpolation:0}
execute if entity @s[tag=aj.dino.bone.leg_left_3] run data modify entity @s {} merge value {transformation:[-0.5376914036654109f,0.03158006059009344f,0.8425500900228104f,-0.035527917562046374f,-0.028444427340922486f,0.9980500517054932f,-0.05556085712000486f,0.03201518144091056f,-0.8426617761460211f,-0.05384045007045024f,-0.5357446564909856f,-0.03347290722565051f,0f,0f,0f,1f],start_interpolation:0}
execute if entity @s[tag=aj.dino.bone.leg_left_2] run data modify entity @s {} merge value {transformation:[-0.5488897939009241f,0.35419591653862004f,0.7907764831856484f,0.07062163592985748f,-0.029538244392625344f,0.9278967155184619f,-0.4361162424732043f,0.23478278827757715f,-0.8659732592697632f,-0.25615451887115326f,-0.4863510832642253f,-0.10955603266891863f,0f,0f,0f,1f],start_interpolation:0}
execute if entity @s[tag=aj.dino.bone.leg_left_1] run data modify entity @s {} merge value {transformation:[-0.2681366833715533f,-0.7106895246089737f,0.6504022744744777f,-0.1516052868535821f,0.2523132541458892f,0.5997527948212905f,0.7593646073437733f,0.3524180530473482f,-0.9297530536722184f,0.3677186216594445f,0.01850066139528468f,0.00787703308564075f,0f,0f,0f,1f],start_interpolation:0}
execute if entity @s[tag=aj.dino.bone.leg_left_0] run data modify entity @s {} merge value {transformation:[-0.30471548218139877f,0.628391415157414f,0.7157322853381841f,0.001425540967081168f,0.20678191266360232f,0.7771929077907845f,-0.5943167713222364f,0.7299940432146199f,-0.9297256130246921f,-0.03309703062462649f,-0.3667626903730702f,-0.08336558826085441f,0f,0f,0f,1f],start_interpolation:0}
execute if entity @s[tag=aj.dino.bone.leg_right_3] run data modify entity @s {} merge value {transformation:[-0.0639052467808465f,-0.38831836633711025f,0.9193067854634582f,-0.04528969748456943f,0.4467470775516018f,0.8125986744787631f,0.3742999371285822f,0.38331898382957175f,-0.8923750154127926f,0.43461734963141463f,0.12155077649436213f,-0.7411052379326394f,0f,0f,0f,1f],start_interpolation:0}
execute if entity @s[tag=aj.dino.bone.leg_right_2] run data modify entity @s {} merge value {transformation:[-0.08525724906621705f,-0.1630319949905498f,1.00906588961859f,-0.05197529683119806f,0.551371670193645f,0.8452841212449975f,0.18315631351290534f,0.585158449627668f,-0.8606873313173754f,0.5576535864505566f,0.017377995548966747f,-0.6092446870702564f,0f,0f,0f,1f],start_interpolation:0}
execute if entity @s[tag=aj.dino.bone.leg_right_1] run data modify entity @s {} merge value {transformation:[-0.11100735342017684f,-0.9928504593783503f,-0.04387861436789736f,-0.3215853637291296f,0.16927751337005706f,-0.06239577423601367f,0.9835913230731241f,0.5194127398045616f,-0.9792969370695987f,0.10175820689107637f,0.17499364667442885f,-0.6103844795576797f,0f,0f,0f,1f],start_interpolation:0}
execute if entity @s[tag=aj.dino.bone.leg_right_0] run data modify entity @s {} merge value {transformation:[-0.07586757745022427f,0.6158786409334975f,0.7841795778606719f,-0.1347869620177678f,0.21557140540687852f,0.7779779224177912f,-0.5901519477231272f,0.8478485135267876f,-0.9735363782944821f,0.12427329508951276f,-0.1917891244697088f,-0.432779360763157f,0f,0f,0f,1f],start_interpolation:0}
execute if entity @s[tag=aj.dino.bone.tail_4] run data modify entity @s {} merge value {transformation:[0.7312009250202757f,1.9403131458687253f,-1.8237849201094134f,0.3664048408558529f,2.621250927707933f,-0.1912867151310031f,0.8474162484898963f,0.786728784579113f,0.4690949934072979f,-1.955570407881904f,-1.8924469869924514f,-1.6781452114819468f,0f,0f,0f,1f],start_interpolation:0}
execute if entity @s[tag=aj.dino.bone.tail_3] run data modify entity @s {} merge value {transformation:[0.8728350452000712f,1.6278010303181207f,-0.9614407499218537f,0.5135003518290482f,1.8852030971850458f,-0.6699775662000841f,0.5771350528229642f,0.6954242636031367f,0.1418231020636049f,-1.112357583031787f,-1.754563290747068f,-1.3697508235050453f,0f,0f,0f,1f],start_interpolation:0}
execute if entity @s[tag=aj.dino.bone.tail_2] run data modify entity @s {} merge value {transformation:[-0.04385263556176904f,1.9203720594018323f,-0.35919629010587834f,0.5806986890936454f,1.9533415610827678f,0.04974768321523468f,0.027491612615985997f,0.6917698591155309f,0.03616029734110947f,-0.35842739360469666f,-1.9206759516932372f,-1.0127599093827737f,0f,0f,0f,1f],start_interpolation:0}
execute if entity @s[tag=aj.dino.bone.tail_1] run data modify entity @s {} merge value {transformation:[-0.2301470707577107f,1.4575592650336202f,0.3319782594332003f,0.4916633913257579f,1.4777014743485584f,0.27260621478823793f,-0.17245420947870807f,0.7241359970952599f,-0.22602417686995835f,0.2980991287700809f,-1.4655054523599618f,-0.7008275034636565f,0f,0f,0f,1f],start_interpolation:0}
execute if entity @s[tag=aj.dino.bone.tail_0] run data modify entity @s {} merge value {transformation:[-0.9150532955955946f,0.3338816294876571f,0.827669161135254f,0.2578563840984275f,0.5238971402504703f,1.1606219164082496f,0.11101472953733918f,0.7197027872114947f,-0.7225267948256643f,0.4187069873163528f,-0.9677164905670685f,-0.40793410763113397f,0f,0f,0f,1f],start_interpolation:0}
execute if entity @s[tag=aj.dino.bone.body_1] run data modify entity @s {} merge value {transformation:[-0.42840371090381196f,0.34136098215134536f,1.1083986356021742f,-0.02282385710151487f,0.3706656240943735f,1.1599268464821912f,-0.21396565374110366f,0.6913175f,-1.0989457905897002f,0.2581607749655205f,-0.5042576312467965f,-0.3080902321209438f,0f,0f,0f,1f],start_interpolation:0}