execute if entity @s[tag=aj.dino.bone.head_lower] run data modify entity @s {} merge value {transformation:[-0.41019323548273295f,-0.08039873933225619f,-0.9084478808814469f,0.6496009817135505f,-0.0946539901040284f,0.9944802364832652f,-0.04527340722295525f,0.7239523677677334f,0.9070733882777033f,0.06741737133686658f,-0.4155391273038357f,0.4569163391387633f,0f,0f,0f,1f],start_interpolation:0}
execute if entity @s[tag=aj.dino.bone.head_upper] run data modify entity @s {} merge value {transformation:[-0.42696996790012864f,0.18252216526141196f,-0.9315869515419141f,0.5893457748476533f,-0.09852529886012064f,1.0074416625233147f,0.24254072787944422f,0.763263737730038f,0.9441723119110164f,0.18766698799749654f,-0.3959693038861226f,0.43412636921707143f,0f,0f,0f,1f],start_interpolation:0}
execute if entity @s[tag=aj.dino.bone.neck_0] run data modify entity @s {} merge value {transformation:[-0.4818868047632038f,-0.21647087222154182f,-0.849073300059986f,0.538112541066167f,-0.11051291163065446f,0.9762804034313184f,-0.18618128326686706f,0.7354137548752201f,0.8692364487054284f,0.004115258877293776f,-0.49437947053487946f,0.401811195295602f,0f,0f,0f,1f],start_interpolation:0}
execute if entity @s[tag=aj.dino.bone.neck_1] run data modify entity @s {} merge value {transformation:[-0.6191234842423379f,0.12200267323121139f,-0.7757586344888892f,0.47295765395812256f,0.12457559198345446f,0.9906075939428163f,0.056369466068044216f,0.7447525938597709f,0.7753496199403203f,-0.06174093089080192f,-0.6285069803201376f,0.3482839721573721f,0f,0f,0f,1f],start_interpolation:0}
execute if entity @s[tag=aj.dino.bone.neck_2] run data modify entity @s {} merge value {transformation:[-0.6936626637055447f,-0.06427289908041489f,-0.7174267233834597f,0.40947642043674687f,-0.000762700220598992f,0.9960759630525994f,-0.08849911930189067f,0.7467516134912924f,0.7202996093774463f,-0.060841353310356144f,-0.690989726738439f,0.2871524147973801f,0f,0f,0f,1f],start_interpolation:0}
execute if entity @s[tag=aj.dino.bone.body_0] run data modify entity @s {} merge value {transformation:[-0.6530094025003933f,-0.21702827634782945f,-0.7255876566697985f,0.06544221318442482f,0.010363812108744846f,0.9554110328131321f,-0.29509718700373777f,0.616774900222218f,0.7572788863058666f,-0.20022109190700793f,-0.6216431474012334f,-0.007733025587797621f,0f,0f,0f,1f],start_interpolation:0}
execute if entity @s[tag=aj.dino.bone.leg_left_3] run data modify entity @s {} merge value {transformation:[-0.8000732055342172f,0.011910122261259176f,-0.5997841401487068f,0.14856777445236952f,-0.05977578949432831f,0.9932444397406968f,0.09946023282960298f,-0.022044195393909838f,0.596916845780492f,0.11542803780672603f,-0.7939563258212364f,-0.4989475289172272f,0f,0f,0f,1f],start_interpolation:0}
execute if entity @s[tag=aj.dino.bone.leg_left_2] run data modify entity @s {} merge value {transformation:[-0.8096505654239881f,-0.23901674787564445f,-0.5825797418759607f,0.0735929197774193f,-0.16090014029694266f,0.9959653184731613f,-0.18500386145097789f,0.20414680930678575f,0.6088015327360261f,-0.0546468492623238f,-0.8236726383124916f,-0.5361963225215255f,0f,0f,0f,1f],start_interpolation:0}
execute if entity @s[tag=aj.dino.bone.leg_left_1] run data modify entity @s {} merge value {transformation:[-0.8925979211226456f,0.4502198482888315f,-0.02389643099529097f,0.21494760574846802f,0.1812188068597285f,0.4068044623356809f,0.8953601920255968f,0.26356723629925893f,0.4128301045804045f,0.7948661633448483f,-0.4447011211157145f,-0.3048925152250956f,0f,0f,0f,1f],start_interpolation:0}
execute if entity @s[tag=aj.dino.bone.leg_left_0] run data modify entity @s {} merge value {transformation:[-0.8970446367857223f,0.04341732251517008f,-0.43980206425116414f,0.163492868628694f,0.12409621865270888f,0.9798700083391495f,-0.15638061028635908f,0.6754557717885843f,0.42415922497344144f,-0.1948581608838818f,-0.8843750612759729f,-0.2600871257630366f,0f,0f,0f,1f],start_interpolation:0}
execute if entity @s[tag=aj.dino.bone.leg_right_3] run data modify entity @s {} merge value {transformation:[-0.9492798418775005f,0.3011340427759829f,-0.09047690360760566f,-0.3980845674236217f,0.2810127010459071f,0.9415974199677632f,0.18554288065278685f,0.19955552073185437f,0.14106609676286902f,0.15070695734252992f,-0.9784619406766133f,-0.004347904428685115f,0f,0f,0f,1f],start_interpolation:0}
execute if entity @s[tag=aj.dino.bone.leg_right_2] run data modify entity @s {} merge value {transformation:[-0.9334661326252293f,0.3931436611609924f,-0.1616825297653484f,-0.30999190610473415f,0.40167643473077136f,0.9434477278042651f,-0.024992522554537426f,0.4180762832688198f,0.13913741597560433f,-0.08606187361772634f,-1.0125691743706853f,-0.05591757989823329f,0f,0f,0f,1f],start_interpolation:0}
execute if entity @s[tag=aj.dino.bone.leg_right_1] run data modify entity @s {} merge value {transformation:[-0.9672323440676311f,0.2528584937750285f,-0.02289486220223337f,-0.25934693419083815f,0.018681481933830388f,0.1608100207274621f,0.9868085627244976f,0.4097987683411648f,0.2532046500801109f,0.954045449315417f,-0.16026442468106122f,0.21680930771321708f,0f,0f,0f,1f],start_interpolation:0}
execute if entity @s[tag=aj.dino.bone.leg_right_0] run data modify entity @s {} merge value {transformation:[-0.977261283790723f,-0.14554953999225614f,-0.15419375672105f,-0.19031041188270598f,0.05122808839903205f,0.5435854738545141f,-0.8377890638897982f,0.6854727798904734f,0.20575729917232266f,-0.8266378675226571f,-0.523768813327889f,-0.0890420884064729f,0f,0f,0f,1f],start_interpolation:0}
execute if entity @s[tag=aj.dino.bone.tail_4] run data modify entity @s {} merge value {transformation:[0.19795792580587546f,-2.4685397540231864f,-1.2217960034382906f,-1.4048001285699643f,2.6836446628417265f,-0.10291679950870383f,0.6427447297177942f,0.5425869678192355f,-0.6201010520969551f,-1.233442721323544f,2.3916009428837035f,-0.39256202984833927f,0f,0f,0f,1f],start_interpolation:0}
execute if entity @s[tag=aj.dino.bone.tail_3] run data modify entity @s {} merge value {transformation:[-0.10915691525563234f,-1.436755420214889f,-1.503251195369375f,-1.1358444974400352f,1.9669610231192836f,-0.5596962659552491f,0.3921096140746051f,0.48157673470056284f,-0.6746070170298109f,-1.3994354141593435f,1.3865177316627624f,-0.6139696254115277f,0f,0f,0f,1f],start_interpolation:0}
execute if entity @s[tag=aj.dino.bone.tail_2] run data modify entity @s {} merge value {transformation:[-0.12327722426667935f,-0.7355939408422855f,-1.8062331397624158f,-0.8003358952445503f,1.921533101841582f,0.26376342581540435f,-0.23856501992531667f,0.5274090821569857f,0.33359727143210866f,-1.7911181659513744f,0.7066699732511731f,-0.7455175548844242f,0f,0f,0f,1f],start_interpolation:0}
execute if entity @s[tag=aj.dino.bone.tail_1] run data modify entity @s {} merge value {transformation:[-0.3766505125681409f,0.016163294863898812f,-1.4647625709586176f,-0.48497307063252937f,1.377749741090031f,0.5176535534745227f,-0.3485637667652107f,0.5947720725161044f,0.4975904865534604f,-1.421066429296795f,-0.14363203409110567f,-0.6977138585688341f,0f,0f,0f,1f],start_interpolation:0}
execute if entity @s[tag=aj.dino.bone.tail_0] run data modify entity @s {} merge value {transformation:[-0.6861638133581517f,0.19144855009523576f,-1.0613022144932418f,-0.17021590204970488f,0.24672270199222482f,1.2524189678587005f,0.06641049505485308f,0.6055884830205787f,1.0498299129589912f,-0.16920371803895695f,-0.7092693227839042f,-0.4945320646248309f,0f,0f,0f,1f],start_interpolation:0}
execute if entity @s[tag=aj.dino.bone.body_1] run data modify entity @s {} merge value {transformation:[-1.112751289196157f,-0.07323732191677326f,-0.5338777557896556f,-0.04116374890540374f,0.03150462218200463f,1.2139593751271505f,-0.23219536898551082f,0.5778018750000004f,0.5379559668129998f,-0.2225837489027609f,-1.090717400407151f,-0.225962952494337f,0f,0f,0f,1f],start_interpolation:0}