execute if entity @s[tag=aj.dino.bone.head_lower] run data modify entity @s {} merge value {transformation:[0.627722154480269f,0.37549367144243573f,-0.6818866470912371f,0.666766035697762f,0.08815560364951908f,0.8360428190412664f,0.5415357737718914f,0.736550116202159f,0.7734296906117829f,-0.40004613163510594f,0.49170072833375944f,-0.2824864288559563f,0f,0f,0f,1f],start_interpolation:0}
execute if entity @s[tag=aj.dino.bone.head_upper] run data modify entity @s {} merge value {transformation:[0.6533957290476143f,0.20018057483580307f,-0.7851583924943113f,0.6173371192527246f,0.0917611311072829f,0.9838645409338914f,0.32720391576868746f,0.7812275956072365f,0.8050626426954338f,-0.27460925901152305f,0.5999465299382053f,-0.24704405950971686f,0f,0f,0f,1f],start_interpolation:0}
execute if entity @s[tag=aj.dino.bone.neck_0] run data modify entity @s {} merge value {transformation:[0.5654643601083773f,-0.3578768406764948f,-0.7430842646393705f,0.5749141938900424f,0.2358149133230088f,0.9334981824904874f,-0.27013417025881487f,0.748531590151952f,0.790342573889124f,-0.022479105728816652f,0.6122526485887566f,-0.2073451566881377f,0f,0f,0f,1f],start_interpolation:0}
execute if entity @s[tag=aj.dino.bone.neck_1] run data modify entity @s {} merge value {transformation:[0.5730611229061023f,-0.3814361760262708f,-0.7253326085542087f,0.5117117731715827f,0.17344397257414462f,0.9214792919969841f,-0.34755302156424434f,0.7233344275053711f,0.8009482741046994f,0.07336455574180575f,0.5942217634599991f,-0.15666879282469734f,0f,0f,0f,1f],start_interpolation:0}
execute if entity @s[tag=aj.dino.bone.neck_2] run data modify entity @s {} merge value {transformation:[0.5703708524050962f,-0.2951535933493986f,-0.7665255684317529f,0.4416686462853114f,0.0524977848509801f,0.9443998212549316f,-0.324581207403314f,0.7041449438777594f,0.819707919513057f,0.1448907655669982f,0.5541530409020464f,-0.10670225914224188f,0f,0f,0f,1f],start_interpolation:0}
execute if entity @s[tag=aj.dino.bone.body_0] run data modify entity @s {} merge value {transformation:[0.4754897732073695f,-0.15930443361480331f,-0.8651771916814908f,0.03239630639957064f,0.045838322292440434f,0.9866179681364666f,-0.15647310682569085f,0.6397985248239219f,0.8785262225936222f,0.03474309112523556f,0.4764290018821745f,0.11816791420790168f,0f,0f,0f,1f],start_interpolation:0}
execute if entity @s[tag=aj.dino.bone.leg_left_3] run data modify entity @s {} merge value {transformation:[0.9789248681490188f,-0.07753633486514157f,-0.18892913829027697f,-0.03771321594061014f,0.08239030542274979f,0.9964382395355255f,0.017963083356944645f,0.03126283258533252f,0.18686342630855268f,-0.03315043841373957f,0.9818264145668545f,-0.0672618917352545f,0f,0f,0f,1f],start_interpolation:0}
execute if entity @s[tag=aj.dino.bone.leg_left_2] run data modify entity @s {} merge value {transformation:[0.9638551507451336f,-0.19700252881559188f,-0.2902334431505644f,-0.09110842880926018f,0.1920871112243502f,1.006535242228524f,-0.04529401013538852f,0.26478294810814795f,0.29350977766380126f,-0.011790220223660297f,0.9827386227392907f,-0.03918380499598209f,0f,0f,0f,1f],start_interpolation:0}
execute if entity @s[tag=aj.dino.bone.leg_left_1] run data modify entity @s {} merge value {transformation:[0.7325758634460411f,0.09042686093540145f,-0.6746521971487656f,-0.045350960121927214f,0.3712375017338974f,0.7776773494189072f,0.5073466837451067f,0.4417523891018501f,0.5705395004753497f,-0.6221261311198496f,0.5361378137896878f,-0.24799342324540546f,0f,0f,0f,1f],start_interpolation:0}
execute if entity @s[tag=aj.dino.bone.leg_left_0] run data modify entity @s {} merge value {transformation:[0.7196357198501374f,-0.6938169357340025f,-0.027248677113820674f,-0.23187173242231132f,0.27974484211303513f,0.32562550513228505f,-0.9031671239136736f,0.675654500284019f,0.6355055106188516f,0.6423286464856002f,0.42842345392969494f,0.0432231326875388f,0f,0f,0f,1f],start_interpolation:0}
execute if entity @s[tag=aj.dino.bone.leg_right_3] run data modify entity @s {} merge value {transformation:[0.16056313048064438f,0.1762379001057991f,-0.9711640869063034f,-0.026081771175017518f,0.2613554911959691f,0.9412180791295024f,0.2140136321393658f,0.348294756722494f,0.9517945095197645f,-0.2881817657071114f,0.10506417830051507f,0.6843804227872268f,0f,0f,0f,1f],start_interpolation:0}
execute if entity @s[tag=aj.dino.bone.leg_right_2] run data modify entity @s {} merge value {transformation:[0.572204983542526f,0.22525623699610373f,-0.8209161248289297f,0.00016743897602608526f,0.5223432923010447f,0.6881222303104096f,0.5529082027257577f,0.5249720374719662f,0.6721615440486735f,-0.7265050745505343f,0.26916804203902106f,0.5223088660617046f,0f,0f,0f,1f],start_interpolation:0}
execute if entity @s[tag=aj.dino.bone.leg_right_1] run data modify entity @s {} merge value {transformation:[0.5976496626127469f,0.7916409557781479f,0.12696250593592834f,0.22040049923760846f,0.1378439444944007f,-0.2574530644780133f,0.9564083680923672f,0.4070510202563874f,0.7898189208578723f,-0.5540961258893092f,-0.26298964909167977f,0.401455986383862f,0f,0f,0f,1f],start_interpolation:0}
execute if entity @s[tag=aj.dino.bone.leg_right_0] run data modify entity @s {} merge value {transformation:[0.5741821572926871f,-0.5699534005767591f,-0.5877652349515955f,-0.022297354859623086f,0.14684966864015164f,0.7779526572309499f,-0.6109213025648899f,0.7451582922313648f,0.8054502002402093f,0.2644669814519244f,0.53038400301547f,0.3684635202940011f,0f,0f,0f,1f],start_interpolation:0}
execute if entity @s[tag=aj.dino.bone.tail_4] run data modify entity @s {} merge value {transformation:[2.2872674056292417f,0.9246812296653233f,-1.2405779984550347f,-0.9794768383034078f,0.3839946337974231f,1.8055867003173662f,2.0537931055614704f,1.3710075014046146f,1.4988719985245098f,-1.8736281975732727f,1.3669533426190783f,1.3804795799542973f,0f,0f,0f,1f],start_interpolation:0}
execute if entity @s[tag=aj.dino.bone.tail_3] run data modify entity @s {} merge value {transformation:[1.776418106154845f,0.9576815134924052f,-0.5129623347620883f,-0.9018690478539901f,-0.2641945545826147f,1.3344738169507657f,1.5764917999298926f,1.0906338760693952f,1.0537957465745298f,-1.2798325189774615f,1.259955861891074f,1.1793617922956445f,0f,0f,0f,1f],start_interpolation:0}
execute if entity @s[tag=aj.dino.bone.tail_2] run data modify entity @s {} merge value {transformation:[1.6441758457592455f,0.9147874956928942f,-0.5278479903803441f,-0.8023098054006194f,-0.4167446786426645f,1.4593465194285744f,1.2310180681279637f,0.8618294018653221f,0.9704553240864142f,-0.9231714082218994f,1.4229353077342288f,0.9153391535022085f,0f,0f,0f,1f],start_interpolation:0}
execute if entity @s[tag=aj.dino.bone.tail_1] run data modify entity @s {} merge value {transformation:[1.16358027882956f,0.7352120396063949f,-0.6270569683343995f,-0.677473001475567f,-0.3251671778532561f,1.222173328724686f,0.8295871931273828f,0.6686823428460769f,0.9099469716230021f,-0.5034002993362492f,1.0982899878731038f,0.684283612610365f,0f,0f,0f,1f],start_interpolation:0}
execute if entity @s[tag=aj.dino.bone.tail_0] run data modify entity @s {} merge value {transformation:[0.9334750832068796f,0.17908879184715137f,-0.854626930450161f,-0.42340941745415295f,-0.09513683108389315f,1.264454834887871f,0.16105486793024582f,0.6521319147679046f,0.8679913415393333f,-0.054008256289588184f,0.9367549604081817f,0.4092387255366287f,0f,0f,0f,1f],start_interpolation:0}
execute if entity @s[tag=aj.dino.bone.body_1] run data modify entity @s {} merge value {transformation:[0.659135094729144f,-0.2674681769903891f,-1.0112399795548483f,-0.17029440761669626f,0.218597278073962f,1.2040954964633919f,-0.17599392168902478f,0.6119436597347325f,1.0229177640315505f,-0.08496708039155827f,0.6892201668078767f,0.254727827023274f,0f,0f,0f,1f],start_interpolation:0}