execute if entity @s[tag=aj.dino.bone.head_lower] run data modify entity @s {} merge value {transformation:[-0.9522122447049066f,-0.3054370961436135f,0.0001460595771548001f,0.5556999165751464f,-0.29582809861827264f,0.9223746068067179f,0.2484166274347382f,0.3029001438311457f,-0.07601037496250489f,0.23650214590466f,-0.9686532702058823f,0.3617283812235329f,0f,0f,0f,1f],start_interpolation:0}
execute if entity @s[tag=aj.dino.bone.head_upper] run data modify entity @s {} merge value {transformation:[-0.9911573287582355f,-0.27087925541531294f,-0.16644374790899186f,0.5378355174346711f,-0.3079273445900523f,0.682297972457143f,0.7232718505638785f,0.36798583089544956f,-0.07911916762748178f,0.737947049828119f,-0.7298261789956683f,0.32796193227618037f,0f,0f,0f,1f],start_interpolation:0}
execute if entity @s[tag=aj.dino.bone.neck_0] run data modify entity @s {} merge value {transformation:[-0.9567833995112539f,-0.28393919528841993f,-0.06280174996489124f,0.5386926646901493f,-0.27171987576170764f,0.9498457480761384f,-0.1547945863966916f,0.34264654473199213f,0.10360422547237313f,-0.13104040690048707f,-0.9859485667232466f,0.26630220368769464f,0f,0f,0f,1f],start_interpolation:0}
execute if entity @s[tag=aj.dino.bone.neck_1] run data modify entity @s {} merge value {transformation:[-0.9287575188275876f,-0.043185527759779296f,-0.36816366117982424f,0.5073054201119669f,-0.06381448808821452f,0.9969897156487241f,0.04403655300673878f,0.35097002574770036f,0.36515364208954865f,0.06439345527913151f,-0.9287175569493408f,0.18792428979543963f,0f,0f,0f,1f],start_interpolation:0}
execute if entity @s[tag=aj.dino.bone.neck_2] run data modify entity @s {} merge value {transformation:[-0.8914741883376084f,0.0393202101753177f,-0.4513620416024936f,0.46814768948502417f,-0.08731780873175247f,0.9626401385708911f,0.25631926164551194f,0.38285036406900524f,0.44457774551374857f,0.26791395014814756f,-0.8547354816023074f,0.11566609610913464f,0f,0f,0f,1f],start_interpolation:0}
execute if entity @s[tag=aj.dino.bone.body_0] run data modify entity @s {} merge value {transformation:[-0.8238095507472804f,-0.06136239550194382f,-0.5635356958665769f,0.20197087576181555f,-0.09150859174996881f,0.9954808944685324f,0.02537649274561138f,0.4042934098090949f,0.5594318562018985f,0.07247375501789277f,-0.8257018548484101f,-0.2727936885902261f,0f,0f,0f,1f],start_interpolation:0}
execute if entity @s[tag=aj.dino.bone.leg_left_3] run data modify entity @s {} merge value {transformation:[-0.825514584786133f,-0.03594447696436706f,-0.5632349996947423f,0.4917425901883372f,-0.05817126909209289f,0.9980736781900317f,0.021564701631080763f,0.048226225542197715f,0.5613748959096706f,0.050566070442346206f,-0.8260153138788813f,-0.7331393814389502f,0f,0f,0f,1f],start_interpolation:0}
execute if entity @s[tag=aj.dino.bone.leg_left_2] run data modify entity @s {} merge value {transformation:[-0.7907259076032548f,-0.2572027629738868f,-0.6005509780728876f,0.4120025694080466f,-0.4826283145662459f,0.8654534826489881f,0.2648063044007406f,0.25739713758772365f,0.44032334542316537f,0.4867229269204722f,-0.7882121182689438f,-0.6433611507478894f,0f,0f,0f,1f],start_interpolation:0}
execute if entity @s[tag=aj.dino.bone.leg_left_1] run data modify entity @s {} merge value {transformation:[-0.9027226995339768f,0.41837065650124866f,-0.100288192349867f,0.5489579991008422f,-0.096174351684168f,0.03096825904383671f,0.9948826368019119f,0.2149607738885136f,0.4193354526202376f,0.9077482914941282f,0.012280776248767555f,-0.4057569610259575f,0f,0f,0f,1f],start_interpolation:0}
execute if entity @s[tag=aj.dino.bone.leg_left_0] run data modify entity @s {} merge value {transformation:[-0.8847277284385014f,-0.33888976359682466f,-0.32001652248178913f,0.3390779394496781f,-0.14671783784418002f,0.854148909699568f,-0.4989023111966594f,0.5738814536530016f,0.4424146500630127f,-0.3944405762447974f,-0.8054103980091729f,-0.44361967042022554f,0f,0f,0f,1f],start_interpolation:0}
execute if entity @s[tag=aj.dino.bone.leg_right_3] run data modify entity @s {} merge value {transformation:[-0.8172196616310389f,0.00858525175063829f,0.5762623691479676f,-0.1628360362769023f,-0.004815428385972445f,0.9997524217074607f,-0.021723419149112855f,0.02496402343930526f,-0.5763062001168393f,-0.020527755416670068f,-0.8169759941176018f,-0.05081999728462222f,0f,0f,0f,1f],start_interpolation:0}
execute if entity @s[tag=aj.dino.bone.leg_right_2] run data modify entity @s {} merge value {transformation:[-0.8490410757786138f,0.03780876460822853f,0.5742490300036981f,-0.13495881708966434f,-0.3693078337680417f,0.7491504946677416f,-0.5953549023543265f,0.18176371902682345f,-0.44136512669098066f,-0.6995757522660235f,-0.6065086901959255f,-0.23194920028641314f,0f,0f,0f,1f],start_interpolation:0}
execute if entity @s[tag=aj.dino.bone.leg_right_1] run data modify entity @s {} merge value {transformation:[-0.9823374843480828f,0.16022347939664655f,-0.09665145366062715f,-0.10586893902383802f,0.012967655549781548f,0.5735787024051999f,0.8190478081630582f,0.29440616278523674f,0.18666790499232092f,0.8033280206722531f,-0.5655255824881651f,0.02000088309919268f,0f,0f,0f,1f],start_interpolation:0}
execute if entity @s[tag=aj.dino.bone.leg_right_0] run data modify entity @s {} merge value {transformation:[-0.9892198231284002f,-0.09071106550723046f,-0.11495931508302965f,-0.017104491511483605f,0.04602897516608165f,0.5526389886339518f,-0.8321487136845215f,0.5737802488578917f,0.13901609610033128f,-0.8284694628265948f,-0.5425061052088148f,-0.27728394909604126f,0f,0f,0f,1f],start_interpolation:0}
execute if entity @s[tag=aj.dino.bone.tail_4] run data modify entity @s {} merge value {transformation:[-2.3818472018101797f,1.3960765568358173f,-0.05861302144117479f,-0.29335879297672907f,0.22395171170729306f,0.4957497959689183f,2.7073490913105664f,1.8819220279734448f,1.3792428610119352f,2.3304213607951296f,-0.5408204351699257f,-1.3706283314739027f,0f,0f,0f,1f],start_interpolation:0}
execute if entity @s[tag=aj.dino.bone.tail_3] run data modify entity @s {} merge value {transformation:[-1.794791097717246f,1.0202469589010168f,-0.27160004501581353f,-0.25728937953664666f,0.1710399108030818f,0.8095719641586088f,1.9108333547971397f,1.5499930069442565f,1.0418328995150032f,1.6246953264369426f,-0.7815976150082363f,-1.253997178485266f,0f,0f,0f,1f],start_interpolation:0}
execute if entity @s[tag=aj.dino.bone.tail_2] run data modify entity @s {} merge value {transformation:[-1.771173568374876f,0.7112742327590561f,-0.4192934908939088f,-0.1804840710508469f,-0.004265788777557374f,0.9844830184962791f,1.6880606814748507f,1.2364173194718098f,0.825651178609399f,1.5309003975139102f,-0.890740129979244f,-1.0874357280121019f,0f,0f,0f,1f],start_interpolation:0}
execute if entity @s[tag=aj.dino.bone.tail_1] run data modify entity @s {} merge value {transformation:[-1.3704253602952492f,0.5193071276517388f,-0.3740463728332851f,-0.10503219214161057f,-0.0017106000092454183f,0.8810115839215491f,1.2294193397062094f,0.9610921720107632f,0.6399903559486225f,1.1143585357353099f,-0.7976676301108203f,-0.9300198643151822f,0f,0f,0f,1f],start_interpolation:0}
execute if entity @s[tag=aj.dino.bone.tail_0] run data modify entity @s {} merge value {transformation:[-1.1582532201308988f,0.33682037456440883f,-0.42289151081420623f,0.026674611862555722f,-0.0002603037060372972f,0.9994907073366366f,0.7967772428814206f,0.7523748340191889f,0.5406340045561425f,0.7220845364706467f,-0.9056183036420963f,-0.6479519613175169f,0f,0f,0f,1f],start_interpolation:0}
execute if entity @s[tag=aj.dino.bone.body_1] run data modify entity @s {} merge value {transformation:[-1.1202339861523225f,0.2645358747476628f,-0.4513326736422002f,0.11378476787905625f,-0.0003183005145362619f,1.0663065225001218f,0.6257754340134565f,0.5350675f,0.5231446358420493f,0.5671117756681093f,-0.9660789403276028f,-0.4615511428984851f,0f,0f,0f,1f],start_interpolation:0}