execute if entity @s[tag=aj.dino.bone.head_lower] run data modify entity @s {} merge value {transformation:[-0.7372983315792042f,-0.2913141860599038f,-0.6095303234875014f,-0.10140366828065189f,0.47459572115165705f,0.4187507559021115f,-0.7742136048248889f,2.441229495522782f,0.480780689831716f,-0.8601068825626648f,-0.17048776745934935f,0.24988840591705686f,0f,0f,0f,1f],start_interpolation:0}
execute if entity @s[tag=aj.dino.bone.head_upper] run data modify entity @s {} merge value {transformation:[-0.7674535261331555f,0.22948641238533343f,-0.6646976864257934f,-0.14231135841482764f,0.4940064883985427f,0.8761680989378822f,-0.2678786934551268f,2.4425901209330574f,0.5004444197205458f,-0.5129691915871689f,-0.754910546910347f,0.18648362630087933f,0f,0f,0f,1f],start_interpolation:0}
execute if entity @s[tag=aj.dino.bone.neck_0] run data modify entity @s {} merge value {transformation:[-0.862627531876399f,-0.22467619642473727f,-0.45320453220256474f,-0.16769076076846406f,0.3425069758366355f,0.39988079300424595f,-0.8501672323075845f,2.3810152260149753f,0.37224012781009375f,-0.8886033750478378f,-0.26799501693411515f,0.18345798483231868f,0f,0f,0f,1f],start_interpolation:0}
execute if entity @s[tag=aj.dino.bone.neck_1] run data modify entity @s {} merge value {transformation:[-0.9726880229591984f,-0.1317446446268378f,-0.1911056215915022f,-0.18448684628826295f,0.10683993500256392f,0.4768036786293354f,-0.8724926821092437f,2.309300219320855f,0.20606610172557277f,-0.8690808941966689f,-0.4497056382367739f,0.1413582678427098f,0f,0f,0f,1f],start_interpolation:0}
execute if entity @s[tag=aj.dino.bone.neck_2] run data modify entity @s {} merge value {transformation:[-0.9822219362391609f,-0.17901667171902838f,-0.05650751469703553f,-0.19119001348363263f,-0.060790734279335665f,0.588116440833049f,-0.806488399574133f,2.2444038143836953f,0.17760786749570878f,-0.7887154640733934f,-0.5885434241711637f,0.08207543246919094f,0f,0f,0f,1f],start_interpolation:0}
execute if entity @s[tag=aj.dino.bone.body_0] run data modify entity @s {} merge value {transformation:[-0.9851044322253464f,-0.17192373236926295f,0.0033893743080761207f,-0.19123040253787268f,-0.10421705197817405f,0.5812423591044718f,-0.8070291977739388f,1.8695910398557487f,0.13677742389355327f,-0.7953612702608107f,-0.5905018087035406f,-0.20380266589182713f,0f,0f,0f,1f],start_interpolation:0}
execute if entity @s[tag=aj.dino.bone.leg_left_3] run data modify entity @s {} merge value {transformation:[-0.9793635529087769f,0.16762040267680317f,-0.11291781011144186f,0.036101084459611396f,0.1936808439783264f,0.618752238538763f,-0.7613365865234072f,1.4269748049361426f,-0.05774739742828685f,-0.7674953210995727f,-0.6384482517640121f,0.17687910729378892f,0f,0f,0f,1f],start_interpolation:0}
execute if entity @s[tag=aj.dino.bone.leg_left_2] run data modify entity @s {} merge value {transformation:[-1.024698324306953f,-0.015084969278210743f,-0.04275496889359709f,0.029673785249990328f,0.011601268896801154f,0.8478184733086925f,-0.5771754034755785f,1.60678075283197f,0.043828691780626025f,-0.5770948618027093f,-0.8468192048828399f,0.016256621345623293f,0f,0f,0f,1f],start_interpolation:0}
execute if entity @s[tag=aj.dino.bone.leg_left_1] run data modify entity @s {} merge value {transformation:[-0.9374747153636016f,-0.045210681856288445f,0.34510455270834023f,0.01775879936803033f,-0.07326280056798118f,0.9949454171704238f,-0.06867444142115914f,1.8821776399392722f,-0.34025537483906176f,-0.08966387844422902f,-0.9360484329325424f,0.04831864471917541f,0f,0f,0f,1f],start_interpolation:0}
execute if entity @s[tag=aj.dino.bone.leg_left_0] run data modify entity @s {} merge value {transformation:[-0.9457217072971147f,0.32270591155252265f,0.038358141196959905f,0.031376653161822046f,-0.11102546675132458f,-0.20990692261073352f,-0.9713971533686634f,1.8659296041263043f,-0.30542396448163833f,-0.9229301048774751f,0.23434210767843672f,-0.3686439842474078f,0f,0f,0f,1f],start_interpolation:0}
execute if entity @s[tag=aj.dino.bone.leg_right_3] run data modify entity @s {} merge value {transformation:[-0.9654004360535896f,-0.25192772821764f,0.06733808597397284f,-0.3645586327654726f,-0.1702134181826818f,0.8044030628453291f,0.5691775687389837f,1.2268615875640436f,-0.19755857444845776f,0.5380224272650277f,-0.8194525473886458f,-0.2886862660909851f,0f,0f,0f,1f],start_interpolation:0}
execute if entity @s[tag=aj.dino.bone.leg_right_2] run data modify entity @s {} merge value {transformation:[-1.0199766248057553f,0.046024770161166614f,0.09793673918487222f,-0.3492212721661972f,0.02905221982011832f,1.0106911441045627f,-0.1723994757904664f,1.4570792388128984f,-0.10423940173503216f,-0.16866336668321266f,-1.006354318997887f,-0.35894059328386396f,0f,0f,0f,1f],start_interpolation:0}
execute if entity @s[tag=aj.dino.bone.leg_right_1] run data modify entity @s {} merge value {transformation:[-0.9306327614601316f,-0.08139255092946457f,-0.3567883349414387f,-0.37094450249743277f,-0.3652690076946621f,0.2662401929615099f,0.8920172148953038f,1.4748245706396506f,0.02238783854789921f,0.9604641650290823f,-0.2775020222991911f,-0.08284895972337347f,0f,0f,0f,1f],start_interpolation:0}
execute if entity @s[tag=aj.dino.bone.leg_right_0] run data modify entity @s {} merge value {transformation:[-0.935615581909658f,-0.133382139072873f,0.32685270056127236f,-0.34113323132574447f,-0.3524048801019956f,0.407544332977664f,-0.8424478720598024f,1.744396340729281f,-0.02083946659946548f,-0.9033918427980938f,-0.428309344980604f,-0.40025977782244926f,0f,0f,0f,1f],start_interpolation:0}
execute if entity @s[tag=aj.dino.bone.tail_4] run data modify entity @s {} merge value {transformation:[-0.6236137375835599f,0.6722835960777634f,2.6047652493731204f,0.6867211464000811f,2.0904960183655557f,1.8039595800385366f,0.034893586587555f,1.5209526738859145f,-1.6931017793076755f,1.979754007858536f,-0.916319684866173f,-1.6903928445500545f,0f,0f,0f,1f],start_interpolation:0}
execute if entity @s[tag=aj.dino.bone.tail_3] run data modify entity @s {} merge value {transformation:[-1.2511494477515455f,0.348725105110221f,1.6275630207464509f,0.40733405432787073f,0.8971102792195681f,1.856323742302845f,0.29189182367067784f,1.4532930220478384f,-1.4020569647321877f,0.8765834192323458f,-1.2656157800917847f,-1.4843692349045816f,0f,0f,0f,1f],start_interpolation:0}
execute if entity @s[tag=aj.dino.bone.tail_2] run data modify entity @s {} merge value {transformation:[-1.3958233952849632f,0.02621965281956589f,1.3673929405931404f,0.15211279765575536f,0.21444701057244767f,1.9338371661619076f,0.18182455673038528f,1.4201109679903818f,-1.3507269908588022f,0.2799289545218252f,-1.3841785475828683f,-1.2279856445553263f,0f,0f,0f,1f],start_interpolation:0}
execute if entity @s[tag=aj.dino.bone.tail_1] run data modify entity @s {} merge value {transformation:[-1.2554259850562937f,-0.44627835831086665f,0.7158194415834154f,0.004731130850940304f,-0.44577937472859797f,1.4406257138716783f,0.11633809177693281f,1.3778920326131672f,-0.7161302919944215f,-0.11440904437620071f,-1.3272995989801657f,-0.9402828764346891f,0f,0f,0f,1f],start_interpolation:0}
execute if entity @s[tag=aj.dino.bone.tail_0] run data modify entity @s {} merge value {transformation:[-1.2182648449199085f,-0.3559423860558646f,0.15156352471870255f,-0.04814877756716189f,-0.3867202677177489f,1.134269063411752f,-0.44465362126869906f,1.5352020884826918f,-0.010673272816319055f,-0.4696535171590997f,-1.1887587525025853f,-0.6042335156127981f,0f,0f,0f,1f],start_interpolation:0}
execute if entity @s[tag=aj.dino.bone.body_1] run data modify entity @s {} merge value {transformation:[-1.171585672135946f,-0.16356931129346208f,0.3594950462871446f,-0.1207087862211456f,-0.3822358439689377f,0.7528977139133269f,-0.9031308803411001f,1.694454363347048f,-0.09943524268270158f,-0.9669512437777402f,-0.764017355644205f,-0.36147915437145484f,0f,0f,0f,1f],start_interpolation:0}