execute if entity @s[tag=aj.dino.bone.head_lower] run data modify entity @s {} merge value {transformation:[-0.932690696531376f,-0.3538146801286809f,-0.07002311567800601f,0.49030817508674224f,-0.35434286852311564f,0.9351014139373766f,-0.005145598034172361f,0.6295740655054267f,0.06729930260133524f,0.020012940257708056f,-0.9975320977751119f,0.41897673530414514f,0f,0f,0f,1f],start_interpolation:0}
execute if entity @s[tag=aj.dino.bone.head_upper] run data modify entity @s {} merge value {transformation:[-0.9708373573983858f,-0.26298756728868516f,-0.2679259366220538f,0.4656313748847628f,-0.36883534420284925f,0.8067349926398478f,0.5446201273370805f,0.6851192662431482f,0.07005181603635377f,0.6028997708454296f,-0.8456219911804828f,0.3742414841190374f,0f,0f,0f,1f],start_interpolation:0}
execute if entity @s[tag=aj.dino.bone.neck_0] run data modify entity @s {} merge value {transformation:[-0.9135087756430639f,-0.3978291051136164f,-0.08505127834200468f,0.4668844895847176f,-0.35031336370389254f,0.8755372286863047f,-0.3327387990523045f,0.6495053357629422f,0.20683873919934392f,-0.2741652135279104f,-0.9391757937988079f,0.3178959970451226f,0f,0f,0f,1f],start_interpolation:0}
execute if entity @s[tag=aj.dino.bone.neck_1] run data modify entity @s {} merge value {transformation:[-0.9260926649366017f,-0.1751740001424368f,-0.33416529685878593f,0.437769298299351f,-0.1380595385202233f,0.9815946753553355f,-0.13195248060433173f,0.642849312749475f,0.35112951994129726f,-0.07606551773406334f,-0.9332320704078074f,0.23848856767864618f,0f,0f,0f,1f],start_interpolation:0}
execute if entity @s[tag=aj.dino.bone.neck_2] run data modify entity @s {} merge value {transformation:[-0.9008831182359575f,-0.10157426270286977f,-0.42200980608728295f,0.39980359869678406f,-0.14761235115618315f,0.9859808225921715f,0.07779724459522214f,0.6593183033465424f,0.40819137798782734f,0.13238008398861803f,-0.9032470937122161f,0.16065343167605423f,0f,0f,0f,1f],start_interpolation:0}
execute if entity @s[tag=aj.dino.bone.body_0] run data modify entity @s {} merge value {transformation:[-0.847317188832581f,-0.19369010786466478f,-0.49450755669072105f,0.1648989012417391f,-0.12929728610906063f,0.9783405488448684f,-0.16165389661481533f,0.5924513447275256f,0.5151075550928018f,-0.07303364020296527f,-0.8540083688612307f,-0.24253324675184407f,0f,0f,0f,1f],start_interpolation:0}
execute if entity @s[tag=aj.dino.bone.leg_left_3] run data modify entity @s {} merge value {transformation:[-0.8424687860168621f,-0.015394065923958755f,-0.5385251779829827f,0.46609609947700925f,0.0016963034738900814f,0.9995109314431532f,-0.03122531793536501f,0.20640856599689467f,0.5387424868541545f,-0.027219857824187232f,-0.8420306480159924f,-0.635485759237659f,0f,0f,0f,1f],start_interpolation:0}
execute if entity @s[tag=aj.dino.bone.leg_left_2] run data modify entity @s {} merge value {transformation:[-0.8195451403751103f,-0.23789271754032063f,-0.5690474649179239f,0.39178611238334976f,-0.430830095140062f,0.8979898289763582f,0.24507528573340617f,0.42263423490886415f,0.4413540432689383f,0.43483735062318046f,-0.8174260128561285f,-0.5587032222404541f,0f,0f,0f,1f],start_interpolation:0}
execute if entity @s[tag=aj.dino.bone.leg_left_1] run data modify entity @s {} merge value {transformation:[-0.9295177652942339f,0.35493582755944597f,-0.10008637428293907f,0.5120312181991415f,-0.050768147326609045f,0.14565626291746753f,0.9880318053028159f,0.4108140673354339f,0.36526609371722013f,0.9234743154996834f,-0.11737064962312388f,-0.30887371272316205f,0f,0f,0f,1f],start_interpolation:0}
execute if entity @s[tag=aj.dino.bone.leg_left_0] run data modify entity @s {} merge value {transformation:[-0.9109916540888457f,-0.3346730302971693f,-0.24101487292733345f,0.29432170268126456f,-0.09436523435957253f,0.7380268967348567f,-0.6681403312479951f,0.7440058351049088f,0.4014840080560266f,-0.5859268405591498f,-0.7039178423563655f,-0.43494151713046f,0f,0f,0f,1f],start_interpolation:0}
execute if entity @s[tag=aj.dino.bone.leg_right_3] run data modify entity @s {} merge value {transformation:[-0.858325751856378f,-0.11403869864769772f,0.5002720049242438f,-0.156858043471425f,0.0069386293874579286f,0.9723204053762542f,0.23354846330296997f,0.13647566535468025f,-0.5130582414525723f,0.20393186239451333f,-0.8337763707241274f,-0.13978666920158803f,0f,0f,0f,1f],start_interpolation:0}
execute if entity @s[tag=aj.dino.bone.leg_right_2] run data modify entity @s {} merge value {transformation:[-0.8649184166618163f,-0.02240444248512777f,0.550886896719137f,-0.14371379823075175f,-0.3145304353707135f,0.8617738652885322f,-0.45877947843366446f,0.3236635169843747f,-0.4528232958289798f,-0.5557931679710413f,-0.7335579163856025f,-0.2913089747718508f,0f,0f,0f,1f],start_interpolation:0}
execute if entity @s[tag=aj.dino.bone.leg_right_1] run data modify entity @s {} merge value {transformation:[-0.9832610166092228f,0.05841589290302805f,-0.17258434654666452f,-0.13827305676002483f,-0.12104389451851454f,0.49854974475004676f,0.8583685266885388f,0.4111685903680836f,0.136184245845061f,0.8648905916160747f,-0.4831336416744406f,-0.028009437886337196f,0f,0f,0f,1f],start_interpolation:0}
execute if entity @s[tag=aj.dino.bone.leg_right_0] run data modify entity @s {} merge value {transformation:[-0.9922782980303173f,-0.12366690666030258f,0.009501339649157559f,-0.07222439264272887f,-0.08410237304685968f,0.6145567328139541f,-0.7843767035047158f,0.726095758774346f,0.09116232832669163f,-0.7791190655799085f,-0.6202119891971987f,-0.29402772885969747f,0f,0f,0f,1f],start_interpolation:0}
execute if entity @s[tag=aj.dino.bone.tail_4] run data modify entity @s {} merge value {transformation:[-2.0591274421989114f,1.8344702502228607f,0.14273895554696597f,-0.3532744904084756f,1.1187617463847799f,1.0781388796935947f,2.2829038618652167f,1.7166244917350304f,1.4608311549283997f,1.7601127204643212f,-1.5471382871774078f,-1.708842388635088f,0f,0f,0f,1f],start_interpolation:0}
execute if entity @s[tag=aj.dino.bone.tail_3] run data modify entity @s {} merge value {transformation:[-1.6381961233972697f,1.2646925668730327f,-0.22980796032056527f,-0.3266835623221104f,0.7278864357917134f,1.219556417636239f,1.5227636083243992f,1.4464857391874544f,1.0594528417636317f,1.117667384127678f,-1.401543727673383f,-1.4821296180413013f,0f,0f,0f,1f],start_interpolation:0}
execute if entity @s[tag=aj.dino.bone.tail_2] run data modify entity @s {} merge value {transformation:[-1.8057361766999787f,0.5775366529074109f,-0.47385878667407116f,-0.23979206492004318f,0.101224325301895f,1.417256037477363f,1.3416083017050529f,1.1974957761428495f,0.7401650972093282f,1.2151586784388468f,-1.3395218886194573f,-1.232278962746156f,0f,0f,0f,1f],start_interpolation:0}
execute if entity @s[tag=aj.dino.bone.tail_1] run data modify entity @s {} merge value {transformation:[-1.4121632053290627f,0.3437535859161369f,-0.41867028039322857f,-0.15255178311885054f,-0.004426785978432495f,1.1615975694453675f,0.9686731854575704f,0.9748530130810814f,0.541693395825211f,0.9056383432852279f,-1.0835329741595037f,-1.0107027675303835f,0f,0f,0f,1f],start_interpolation:0}
execute if entity @s[tag=aj.dino.bone.tail_0] run data modify entity @s {} merge value {transformation:[-1.187217683842496f,0.1645094997068822f,-0.4441694634504697f,-0.018785235163933087f,-0.05506853973410993f,1.1425745776370788f,0.5703740062915136f,0.8357488315937684f,0.47044377314110514f,0.5489040677820397f,-1.0541454820228173f,-0.6894109241204539f,0f,0f,0f,1f],start_interpolation:0}
execute if entity @s[tag=aj.dino.bone.body_1] run data modify entity @s {} merge value {transformation:[-1.1528288814395236f,0.08031268437547119f,-0.43947700497699843f,0.07797738316977276f,-0.05632921350426336f,1.1803892366214925f,0.36347333441446783f,0.6717387810807844f,0.44318978426982936f,0.35893692740199695f,-1.096973879507769f,-0.458556812545708f,0f,0f,0f,1f],start_interpolation:0}