execute if entity @s[tag=aj.dino.bone.head_lower] run data modify entity @s {} merge value {transformation:[-0.9417586047057419f,-0.33628785616893975f,0.00109920698351669f,0.5561979978102659f,-0.30290419533172125f,0.8496800082096085f,0.4316166494695989f,0.28151161070826597f,-0.14608141193573082f,0.4061457391654113f,-0.9020564614505264f,0.35028464718612534f,0f,0f,0f,1f],start_interpolation:0}
execute if entity @s[tag=aj.dino.bone.head_upper] run data modify entity @s {} merge value {transformation:[-0.9802761392387882f,-0.3245196871784964f,-0.13121587577794788f,0.5395610114819281f,-0.3152928507107073f,0.649081843518427f,0.7501700615786688f,0.34770344371698336f,-0.15205608081664726f,0.7462249497516137f,-0.7095767860058488f,0.3180773743948187f,0f,0f,0f,1f],start_interpolation:0}
execute if entity @s[tag=aj.dino.bone.neck_0] run data modify entity @s {} merge value {transformation:[-0.9618444183651295f,-0.27295038121502924f,-0.018799049295539105f,0.5430867221530301f,-0.2683597878480082f,0.9545827344190386f,-0.12944043964404514f,0.3239256283229754f,0.05327606522649686f,-0.11945665550165827f,-0.991408981364573f,0.2558928014393899f,0f,0f,0f,1f],start_interpolation:0}
execute if entity @s[tag=aj.dino.bone.neck_1] run data modify entity @s {} merge value {transformation:[-0.9322783607460704f,-0.03172439402247566f,-0.36034791647590597f,0.5124143737434048f,-0.057518726810842385f,0.9964740498075974f,0.061082437132993994f,0.33369074384333475f,0.35713954436701534f,0.07767258772535626f,-0.9308159404336431f,0.17739830222801944f,0f,0f,0f,1f],start_interpolation:0}
execute if entity @s[tag=aj.dino.bone.neck_2] run data modify entity @s {} merge value {transformation:[-0.8900101316564252f,0.05177979370204078f,-0.452990969571234f,0.473235923919407f,-0.0838232233579331f,0.958013099490606f,0.27419804600012887f,0.3670920961604913f,0.4481692010555818f,0.28201020224200535f,-0.8483010155933004f,0.10584182714075496f,0f,0f,0f,1f],start_interpolation:0}
execute if entity @s[tag=aj.dino.bone.body_0] run data modify entity @s {} merge value {transformation:[-0.817840918186871f,-0.05049739695781369f,-0.5732244285092364f,0.2025963495268414f,-0.09052048052076943f,0.99502982564654f,0.041493236558570956f,0.39612660582747405f,0.5682801027183202f,0.08582341740050609f,-0.8183471548677579f,-0.27902454281657696f,0f,0f,0f,1f],start_interpolation:0}
execute if entity @s[tag=aj.dino.bone.leg_left_3] run data modify entity @s {} merge value {transformation:[-0.8314487538092561f,-0.08358183679390588f,-0.5492786600143792f,0.5128858279200751f,-0.09318973389302512f,0.995593696940119f,-0.010433796531196637f,0.05181536776794554f,0.5477304476528413f,0.04251196503649474f,-0.8355741077503264f,-0.7456410447606617f,0f,0f,0f,1f],start_interpolation:0}
execute if entity @s[tag=aj.dino.bone.leg_left_2] run data modify entity @s {} merge value {transformation:[-0.7712490033727007f,-0.31313721284363316f,-0.5993181627731895f,0.42017588364927194f,-0.5198839631941803f,0.8559068727485603f,0.22182490729399001f,0.25737486361247175f,0.4323862152183186f,0.4705642470640924f,-0.8022927456825696f,-0.6600768468303098f,0f,0f,0f,1f],start_interpolation:0}
execute if entity @s[tag=aj.dino.bone.leg_left_1] run data modify entity @s {} merge value {transformation:[-0.8977520586050983f,0.41844051648211933f,-0.13765455109252697f,0.559033070238862f,-0.13761005489934f,0.030448351832498444f,0.9900183688504399f,0.21588045782902732f,0.418455151791573f,0.9077336790253305f,0.03024655190645492f,-0.4234119324875447f,0f,0f,0f,1f],start_interpolation:0}
execute if entity @s[tag=aj.dino.bone.leg_left_0] run data modify entity @s {} merge value {transformation:[-0.8783352914258734f,-0.3629277896298133f,-0.3111439142105207f,0.33973589917313396f,-0.1886108818464849f,0.8611595548881297f,-0.4720488918258044f,0.570496568695334f,0.4392642155752242f,-0.3559320729286652f,-0.8248389590555155f,-0.4449396643949518f,0f,0f,0f,1f],start_interpolation:0}
execute if entity @s[tag=aj.dino.bone.leg_right_3] run data modify entity @s {} merge value {transformation:[-0.7900546225864135f,0.01545747343820203f,0.612841545462403f,-0.1624380249980116f,-0.08009041406639482f,0.9885113648627295f,-0.12818270987889607f,0.045096341492504355f,-0.6077822133828146f,-0.15035407560864822f,-0.7797399778409184f,0.002693860325792913f,0f,0f,0f,1f],start_interpolation:0}
execute if entity @s[tag=aj.dino.bone.leg_right_2] run data modify entity @s {} merge value {transformation:[-0.8183904760176307f,0.03582205922824349f,0.6172649417689114f,-0.133742070277666f,-0.4547737353743437f,0.6588755942631841f,-0.6411910794752974f,0.17956913563345528f,-0.41890342309176287f,-0.785278250595086f,-0.5098236859591944f,-0.19545931750547213f,0f,0f,0f,1f],start_interpolation:0}
execute if entity @s[tag=aj.dino.bone.leg_right_1] run data modify entity @s {} merge value {transformation:[-0.9807119653885941f,0.16875966044086044f,-0.09861144939369973f,-0.10219685452805866f,0.033604452216226786f,0.6425797231245902f,0.7654815740567326f,0.3142089473266612f,0.19254812835986743f,0.7474031552228095f,-0.6358566991296872f,0.045144934598048414f,0f,0f,0f,1f],start_interpolation:0}
execute if entity @s[tag=aj.dino.bone.leg_right_0] run data modify entity @s {} merge value {transformation:[-0.9878109572970736f,-0.0945927098768285f,-0.12361930222257717f,-0.014415306425650282f,0.0627637901869945f,0.4847049681460201f,-0.8724229481713152f,0.5682426524254629f,0.14244374077228383f,-0.8695477635488027f,-0.4728598815950391f,-0.2743367629230659f,0f,0f,0f,1f],start_interpolation:0}
execute if entity @s[tag=aj.dino.bone.tail_4] run data modify entity @s {} merge value {transformation:[-2.2721162352408797f,1.5694397289236863f,-0.002842961616501892f,-0.2943135765138348f,0.2520775964656443f,0.36987499120001327f,2.724942331104439f,1.9194258293465725f,1.5490661801598122f,2.241810152479628f,-0.44759640450338023f,-1.3069055364615905f,0f,0f,0f,1f],start_interpolation:0}
execute if entity @s[tag=aj.dino.bone.tail_3] run data modify entity @s {} merge value {transformation:[-1.6801849238974103f,1.2062446633640282f,-0.24061994858718125f,-0.2653173761438695f,0.2359838810837544f,0.7159043602178377f,1.9410662227070412f,1.5832870421887355f,1.2071602028815167f,1.5389607809074715f,-0.7143594931490486f,-1.200836504379041f,0f,0f,0f,1f],start_interpolation:0}
execute if entity @s[tag=aj.dino.bone.tail_2] run data modify entity @s {} merge value {transformation:[-1.7725311772397925f,0.6901838328773395f,-0.44783186303615524f,-0.18321286900713354f,-0.09351237306508904f,0.8877859690241788f,1.7383513408659115f,1.2602734286944348f,0.8174120972920725f,1.598204062390445f,-0.7722403208600488f,-1.0562939868475933f,0f,0f,0f,1f],start_interpolation:0}
execute if entity @s[tag=aj.dino.bone.tail_1] run data modify entity @s {} merge value {transformation:[-1.3624881270058515f,0.5304541155338959f,-0.387170227524325f,-0.10508072641258859f,-0.038013639763981234f,0.8264974688542158f,1.2661410455274995f,0.977747241490189f,0.6556197960403419f,1.1502941429437636f,-0.7311923944826654f,-0.9136370597944521f,0f,0f,0f,1f],start_interpolation:0}
execute if entity @s[tag=aj.dino.bone.tail_0] run data modify entity @s {} merge value {transformation:[-1.153841543884652f,0.35091321794757485f,-0.42349182006219116f,0.027141587321356908f,-0.005585516120446156f,0.9767035514933665f,0.824533013950285f,0.7603691274258997f,0.5499583713333016f,0.7461540072625427f,-0.8801339124420214f,-0.6384354490116003f,0f,0f,0f,1f],start_interpolation:0}
execute if entity @s[tag=aj.dino.bone.body_1] run data modify entity @s {} merge value {transformation:[-1.113845552903862f,0.28436665693064606f,-0.4550695372782361f,0.11378476787905625f,-0.007088821311701837f,1.04060217089034f,0.6676087668739628f,0.5350675f,0.5365653995040589f,0.6040590380257963f,-0.9358497986806693f,-0.4615511428984851f,0f,0f,0f,1f],start_interpolation:0}