execute if entity @s[tag=aj.dino.bone.head_lower] run data modify entity @s {} merge value {transformation:[-0.9482505374040815f,-0.14162235807594722f,-0.28419012299142093f,-0.20331687219643504f,0.2530025659615195f,0.2038107755351688f,-0.9457541273463416f,2.4945056774770253f,0.1918609390411651f,-0.9687126898460456f,-0.15743285743923063f,0.1460932318889439f,0f,0f,0f,1f],start_interpolation:0}
execute if entity @s[tag=aj.dino.bone.head_upper] run data modify entity @s {} merge value {transformation:[-0.9870335892795179f,0.08321461341359224f,-0.3198624146909505f,-0.22380518568703678f,0.26335026549160984f,0.8067086420285012f,-0.6027766975634821f,2.471148020748153f,0.19970797150589084f,-0.6525093390706873f,-0.7860154140511776f,0.0773174703573995f,0f,0f,0f,1f],start_interpolation:0}
execute if entity @s[tag=aj.dino.bone.neck_0] run data modify entity @s {} merge value {transformation:[-0.9390623904794715f,-0.31499591349088674f,-0.13762049727792203f,-0.22728757625124105f,0.10283456754543555f,0.12458827384707577f,-0.986865144656325f,2.405279940415339f,0.3280043879351677f,-0.9408800861448007f,-0.08460369372213128f,0.08701309841984084f,0f,0f,0f,1f],start_interpolation:0}
execute if entity @s[tag=aj.dino.bone.neck_1] run data modify entity @s {} merge value {transformation:[-0.9754599449196671f,-0.20748187663974282f,0.07368287944543565f,-0.22200151234486465f,-0.1463367819215765f,0.36089831192711486f,-0.9210526340578999f,2.328917306905572f,0.16450970218852462f,-0.9092324671469939f,-0.3824040776085338f,0.05042973367079163f,0f,0f,0f,1f],start_interpolation:0}
execute if entity @s[tag=aj.dino.bone.neck_2] run data modify entity @s {} merge value {transformation:[-0.9552525309087561f,-0.26410501657836116f,0.13319587985579623f,-0.2129183074783355f,-0.25800322995031444f,0.5237305404676318f,-0.8118747774852273f,2.262918636659801f,0.14466145142235137f,-0.8099104031926161f,-0.5684348716192145f,-0.0072989533858464906f,0f,0f,0f,1f],start_interpolation:0}
execute if entity @s[tag=aj.dino.bone.body_0] run data modify entity @s {} merge value {transformation:[-0.9584320634126468f,-0.23623817692694538f,0.1599984486950098f,-0.1397621025355103f,-0.24271742287463435f,0.38028083619250364f,-0.8924543339901634f,1.8459309060697682f,0.14998744099314573f,-0.8941912599589439f,-0.42181246799657796f,-0.21461587724606254f,0f,0f,0f,1f],start_interpolation:0}
execute if entity @s[tag=aj.dino.bone.leg_left_3] run data modify entity @s {} merge value {transformation:[-0.990470978889416f,0.07943507974399314f,0.112504702496864f,0.21088279081548467f,0.009920189681829802f,0.8559274948071127f,-0.5170006900091108f,1.47066210318929f,-0.13736385920073357f,-0.5109581115309605f,-0.8485593546984179f,-0.05953952483365764f,0f,0f,0f,1f],start_interpolation:0}
execute if entity @s[tag=aj.dino.bone.leg_left_2] run data modify entity @s {} merge value {transformation:[-0.955874905908675f,-0.3533279533963175f,0.11629583442043871f,0.1306336965033059f,-0.3645561449840363f,0.9535750321788848f,-0.09927575061469869f,1.6893054288117717f,-0.07392009814086349f,-0.13385146564196854f,-1.0142395199049563f,-0.12219932924471588f,0f,0f,0f,1f],start_interpolation:0}
execute if entity @s[tag=aj.dino.bone.leg_left_1] run data modify entity @s {} merge value {transformation:[-0.8703126072832141f,-0.40328382471385127f,0.2826979347785581f,0.023413665124100307f,-0.22055568151634453f,0.832378223332902f,0.508430609495556f,1.8928638316036823f,-0.4403534454898191f,0.3801429337043227f,-0.8133758005989087f,0.03298194276841743f,0f,0f,0f,1f],start_interpolation:0}
execute if entity @s[tag=aj.dino.bone.leg_left_0] run data modify entity @s {} merge value {transformation:[-0.892537975904728f,0.4379494888231399f,0.10759278232038513f,0.08282773187412568f,-0.220719100882167f,-0.21616823472438634f,-0.9510806342271461f,1.8597488136588014f,-0.39326713576608346f,-0.8726233663704479f,0.28960217608065003f,-0.37894116027775404f,0f,0f,0f,1f],start_interpolation:0}
execute if entity @s[tag=aj.dino.bone.leg_right_3] run data modify entity @s {} merge value {transformation:[-0.970052193693746f,-0.1862846743868688f,-0.15587418515754956f,-0.16811645105517697f,-0.22170566711439813f,0.41690893201514545f,0.8814950593028592f,1.1391229462233914f,-0.0992236800331017f,0.8896544062132049f,-0.4457237920799378f,-0.4367696225453026f,0f,0f,0f,1f],start_interpolation:0}
execute if entity @s[tag=aj.dino.bone.leg_right_2] run data modify entity @s {} merge value {transformation:[-1.009197448398446f,-0.17375623464323905f,0.05823641961319808f,-0.2052533638462466f,-0.17229485447644807f,1.0106880355745413f,0.029772090422230127f,1.375900245306492f,-0.06242750009170895f,0.019510642474649835f,-1.0236133750411927f,-0.46375910963335404f,0f,0f,0f,1f],start_interpolation:0}
execute if entity @s[tag=aj.dino.bone.leg_right_1] run data modify entity @s {} merge value {transformation:[-0.8384325018885217f,-0.0642500819747632f,-0.5412050135976114f,-0.21070252619673535f,-0.5446072336946712f,0.13672345492615384f,0.8274718471830292f,1.35831153820825f,0.0208302852691031f,0.9885234563930655f,-0.1496244477895094f,-0.18685781012023156f,0f,0f,0f,1f],start_interpolation:0}
execute if entity @s[tag=aj.dino.bone.leg_right_0] run data modify entity @s {} merge value {transformation:[-0.8584697335047315f,-0.34519498502257007f,0.37930217369741354f,-0.2772957589243185f,-0.5125006844445924f,0.6052449360330506f,-0.6091154372121699f,1.7051275115125226f,-0.019307125631216913f,-0.7172997906883958f,-0.6964971250322891f,-0.40954885300331f,0f,0f,0f,1f],start_interpolation:0}
execute if entity @s[tag=aj.dino.bone.tail_4] run data modify entity @s {} merge value {transformation:[-0.6475420918091009f,1.2341938466623916f,2.383928715334455f,0.723368203093212f,1.8470735708970833f,1.984365662716572f,-0.5256172294787482f,1.1540017885820002f,-1.9479912203675331f,1.4712986770510292f,-1.2908414851866594f,-1.7387314508130784f,0f,0f,0f,1f],start_interpolation:0}
execute if entity @s[tag=aj.dino.bone.tail_3] run data modify entity @s {} merge value {transformation:[-1.2688819121933177f,0.796463208056695f,1.4462124937799121f,0.47034998990367655f,0.7657428778101613f,1.8998372286770626f,-0.3744354091964519f,1.1989007982716298f,-1.462710519561573f,0.3036616353593911f,-1.4505905946266222f,-1.4957364587699686f,0f,0f,0f,1f],start_interpolation:0}
execute if entity @s[tag=aj.dino.bone.tail_2] run data modify entity @s {} merge value {transformation:[-1.5441798711715597f,0.34046716175449204f,1.148200554014064f,0.25584119379940073f,0.0694403109172325f,1.895839143903445f,-0.4687705821251447f,1.2865466933221157f,-1.1956004531995965f,-0.32962088406693824f,-1.510186579234045f,-1.2159585871578018f,0f,0f,0f,1f],start_interpolation:0}
execute if entity @s[tag=aj.dino.bone.tail_1] run data modify entity @s {} merge value {transformation:[-1.3260526203286636f,-0.2848724116250157f,0.6693940597394287f,0.1165442049445104f,-0.4560574945607665f,1.409813989542305f,-0.30346717540084406f,1.3350516285902982f,-0.566791195921781f,-0.4678979311620838f,-1.3219211459991855f,-0.9252348400207333f,0f,0f,0f,1f],start_interpolation:0}
execute if entity @s[tag=aj.dino.bone.tail_0] run data modify entity @s {} merge value {transformation:[-1.196145428257099f,-0.37335757002701175f,0.2523409517838797f,0.03379453064098452f,-0.44769665384122204f,1.0661650926408435f,-0.5446975472292329f,1.5199533747313883f,-0.051376426335843585f,-0.5981068773402415f,-1.12847877369461f,-0.60990049844434f,0f,0f,0f,1f],start_interpolation:0}
execute if entity @s[tag=aj.dino.bone.body_1] run data modify entity @s {} merge value {transformation:[-1.132629064593643f,-0.22669302930890306f,0.4408698986738974f,-0.05343216094735759f,-0.48630146405586094f,0.7215856506868487f,-0.8783106681785288f,1.675544387607922f,-0.09626465161784972f,-0.9780230131453147f,-0.7502057702146151f,-0.36961137510822684f,0f,0f,0f,1f],start_interpolation:0}