execute if entity @s[tag=aj.dino.bone.head_lower] run data modify entity @s {} merge value {transformation:[-0.5239794175482478f,-0.45426457442036994f,-0.7204784982305019f,-0.012799022678285088f,0.33385801906298396f,0.668664654686105f,-0.6643992795607564f,2.0993258124453553f,0.7835715622029295f,-0.5886690717204297f,-0.19870664535105093f,0.3481849702431669f,0f,0f,0f,1f],start_interpolation:0}
execute if entity @s[tag=aj.dino.bone.head_upper] run data modify entity @s {} merge value {transformation:[-0.5454099574012139f,0.20823944529402832f,-0.8617634561611144f,-0.06770007415917317f,0.3475126729351521f,0.9810269415842012f,0.017117961879889693f,2.1226424581678995f,0.8156193126088784f,-0.2787371806793829f,-0.5835603341470673f,0.3019500800590311f,0f,0f,0f,1f],start_interpolation:0}
execute if entity @s[tag=aj.dino.bone.neck_0] run data modify entity @s {} merge value {transformation:[-0.7471887452017253f,-0.2698051681363997f,-0.6073830342467268f,-0.10235372086991845f,0.32336502427082253f,0.6508417208378083f,-0.686906191190042f,2.067556947115551f,0.5806410596247924f,-0.7096550046774627f,-0.39905605397491295f,0.28747777906556976f,0f,0f,0f,1f],start_interpolation:0}
execute if entity @s[tag=aj.dino.bone.neck_1] run data modify entity @s {} merge value {transformation:[-0.9031701293329595f,-0.2201415764093227f,-0.3685395552945485f,-0.13458802300985062f,0.13969106497357486f,0.6610624194292058f,-0.7372129163172286f,2.008150769117463f,0.40591886362576673f,-0.7173103679401429f,-0.5663000195994548f,0.2362001755164345f,0f,0f,0f,1f],start_interpolation:0}
execute if entity @s[tag=aj.dino.bone.neck_2] run data modify entity @s {} merge value {transformation:[-0.9366236018392875f,-0.2667179216601761f,-0.22715144450977137f,-0.1570995283364946f,-0.04318104548602935f,0.7313249786185607f,-0.6806608354821768f,1.9556799035917456f,0.3476659686945691f,-0.6277143665026617f,-0.6964933942959035f,0.16903641450611592f,0f,0f,0f,1f],start_interpolation:0}
execute if entity @s[tag=aj.dino.bone.body_0] run data modify entity @s {} merge value {transformation:[-0.9591188530375379f,-0.23731500120618892f,-0.154183708446983f,-0.23202645396889143f,-0.09543425134976766f,0.784117839762019f,-0.6132303947426725f,1.6741364207345373f,0.26642696826197443f,-0.5734464260673802f,-0.7747101825930014f,-0.2015443834031053f,0f,0f,0f,1f],start_interpolation:0}
execute if entity @s[tag=aj.dino.bone.leg_left_3] run data modify entity @s {} merge value {transformation:[-0.9493433463618403f,0.08642949864193586f,-0.3021210891066791f,-0.014549163473541788f,0.2975060339367989f,0.5567684032995026f,-0.7755637335890058f,1.2088100184634738f,0.1011798917260669f,-0.8261591171510642f,-0.5542776764929969f,0.2409315352741475f,0f,0f,0f,1f],start_interpolation:0}
execute if entity @s[tag=aj.dino.bone.leg_left_2] run data modify entity @s {} merge value {transformation:[-0.9955909537144699f,0.03178683638025814f,-0.2446435149672696f,-0.01624481665550477f,0.19347758443576343f,0.7316749461150167f,-0.6923007995439434f,1.3582673473693077f,0.15305971613559202f,-0.7181250376927517f,-0.7161922598269057f,0.05164153642942381f,0f,0f,0f,1f],start_interpolation:0}
execute if entity @s[tag=aj.dino.bone.leg_left_1] run data modify entity @s {} merge value {transformation:[-0.975469490629709f,0.09292767569068364f,0.1995588132389614f,0.017843962305466116f,0.03587307831955581f,0.9615170792718201f,-0.2723931506489604f,1.633213766859432f,-0.2171920696123469f,-0.2585524189778843f,-0.9412641773371542f,0.03564756199289676f,0f,0f,0f,1f],start_interpolation:0}
execute if entity @s[tag=aj.dino.bone.leg_left_0] run data modify entity @s {} merge value {transformation:[-0.9793534604434616f,0.2017136136808516f,0.01335730411530972f,-0.01791902101810014f,-0.026593456467644605f,-0.06305177099289955f,-0.9976558836832279f,1.6865808458944644f,-0.20039857182754625f,-0.9774129589024645f,0.06711423231333796f,-0.3768815187559881f,0f,0f,0f,1f],start_interpolation:0}
execute if entity @s[tag=aj.dino.bone.leg_right_3] run data modify entity @s {} merge value {transformation:[-0.962215733625022f,-0.22180987828790463f,0.15792802113103782f,-0.47642639393190406f,-0.14757131581766994f,0.912247114392558f,0.382135982381f,1.1049140695536244f,-0.22883091729987487f,0.3443916087484642f,-0.9105113020228481f,-0.2746471198357179f,0f,0f,0f,1f],start_interpolation:0}
execute if entity @s[tag=aj.dino.bone.leg_right_2] run data modify entity @s {} merge value {transformation:[-1.0128813444750162f,0.14207745872525113f,0.0771205370660274f,-0.4393536124383468f,0.12572396454437987f,0.999909369959285f,-0.190884614643409f,1.3318972568701342f,-0.10162217402920223f,-0.17904593569945648f,-1.0048271921856906f,-0.34727847404300743f,0f,0f,0f,1f],start_interpolation:0}
execute if entity @s[tag=aj.dino.bone.leg_right_1] run data modify entity @s {} merge value {transformation:[-0.962576816427767f,-0.04619334104924716f,-0.2670431570336387f,-0.45691025093196347f,-0.2700192020550957f,0.2476100403314539f,0.9304724060651046f,1.344438798697331f,0.023140937693059114f,0.9677579465805299f,-0.2508167734281787f,-0.07060563505593448f,0f,0f,0f,1f],start_interpolation:0}
execute if entity @s[tag=aj.dino.bone.leg_right_0] run data modify entity @s {} merge value {transformation:[-0.96419768156592f,-0.07990364279114058f,0.2528601169255648f,-0.3967547238059994f,-0.2646608266312976f,0.34984794546151116f,-0.8986440128900863f,1.585729314347652f,-0.016657662193199717f,-0.9333926413493226f,-0.3584699420665447f,-0.40596734750661456f,0f,0f,0f,1f],start_interpolation:0}
execute if entity @s[tag=aj.dino.bone.tail_4] run data modify entity @s {} merge value {transformation:[-0.7745198713758675f,0.39584922803706835f,2.620893681381671f,0.5532105048935967f,2.359801678927315f,1.346463182062701f,0.4939982460306986f,1.7284663123745665f,-1.207110739151853f,2.3782349798983358f,-0.715921347224838f,-1.673506457551503f,0f,0f,0f,1f],start_interpolation:0}
execute if entity @s[tag=aj.dino.bone.tail_3] run data modify entity @s {} merge value {transformation:[-1.338639688892736f,0.08970069001692213f,1.5924644723120485f,0.28230958685203356f,1.0904884805124164f,1.5686539015067296f,0.8283147573247015f,1.5726642292616506f,-1.1639691504654768f,1.366464141330699f,-1.0554132334145117f,-1.5079192994241892f,0f,0f,0f,1f],start_interpolation:0}
execute if entity @s[tag=aj.dino.bone.tail_2] run data modify entity @s {} merge value {transformation:[-1.3961869888190184f,-0.17938707470745538f,1.3554541839114886f,0.029258525399006155f,0.48136003138667494f,1.7487576617517486f,0.7272640755947947f,1.4382394872561368f,-1.2797375853817365f,0.8534874298402013f,-1.2052405546897536f,-1.2846109184722245f,0f,0f,0f,1f],start_interpolation:0}
execute if entity @s[tag=aj.dino.bone.tail_1] run data modify entity @s {} merge value {transformation:[-1.250329570132283f,-0.5510731108277971f,0.648575857225194f,-0.10237693367139329f,-0.3292893525043316f,1.3760916707517756f,0.5344122809356695f,1.306733221551837f,-0.784793436759061f,0.3005767625917896f,-1.2575409024798119f,-1.0169266174856642f,0f,0f,0f,1f],start_interpolation:0}
execute if entity @s[tag=aj.dino.bone.tail_0] run data modify entity @s {} merge value {transformation:[-1.224759997961597f,-0.3631964714186641f,0.04343946507690511f,-0.12383553282703039f,-0.365254323284909f,1.2061547961356318f,-0.2135780973431566f,1.398252369419282f,0.019696276267848173f,-0.21705908755928946f,-1.259497171808312f,-0.654110292885081f,0f,0f,0f,1f],start_interpolation:0}
execute if entity @s[tag=aj.dino.bone.body_1] run data modify entity @s {} merge value {transformation:[-1.1914810853688063f,-0.17419835717807372f,0.2804146048640859f,-0.17729450492139429f,-0.31718946071927784f,0.8951307960796862f,-0.7916667853172893f,1.522010396113696f,-0.09147821747954492f,-0.8348654893588893f,-0.90732350650722f,-0.3869361718734269f,0f,0f,0f,1f],start_interpolation:0}