execute if entity @s[tag=aj.dino.bone.head_lower] run data modify entity @s {} merge value {transformation:[0.5182615331331145f,0.20475553700961346f,-0.8303494164136075f,0.5325220297725433f,-0.4821314603546039f,0.8718749347455128f,-0.08592644004521788f,1.1940194185754098f,0.7063669288768056f,0.4448699452945909f,0.5505783264556796f,0.06170023347756806f,0f,0f,0f,1f],start_interpolation:0}
execute if entity @s[tag=aj.dino.bone.head_upper] run data modify entity @s {} merge value {transformation:[0.5394582138959535f,-0.3570714505595526f,-0.8154488072460416f,0.46845665554172977f,-0.5018504361949988f,0.6655472270949457f,-0.6234300047163475f,1.165830694822039f,0.7352570419483133f,0.7162533143274329f,0.17277214637750593f,0.08992221373443207f,0f,0f,0f,1f],start_interpolation:0}
execute if entity @s[tag=aj.dino.bone.neck_0] run data modify entity @s {} merge value {transformation:[0.5578106918648449f,-0.7102427011630001f,-0.42942116562408544f,0.4520378059729222f,-0.40632920599187977f,0.2174543485028243f,-0.8874740461980961f,1.105046562302615f,0.7237014635879018f,0.6695288729859955f,-0.16729399223771035f,0.06800311550948486f,0f,0f,0f,1f],start_interpolation:0}
execute if entity @s[tag=aj.dino.bone.neck_1] run data modify entity @s {} merge value {transformation:[0.7349370557167979f,-0.5915285388157717f,-0.33160445096651275f,0.42122145863038274f,-0.23272741190066698f,0.23928730293084394f,-0.9426449694376455f,1.0262945278697122f,0.6369501361051283f,0.7699581640729322f,0.03819619998243007f,0.07478593599023495f,0f,0f,0f,1f],start_interpolation:0}
execute if entity @s[tag=aj.dino.bone.neck_2] run data modify entity @s {} merge value {transformation:[0.8260842287797897f,-0.49432381173878054f,-0.2706082336318365f,0.3926744087331766f,-0.13044451372055288f,0.2994202177771276f,-0.9451622940143697f,0.9464227332665224f,0.5482418041352816f,0.8160830241674801f,0.18286449044073966f,0.09879619969501184f,0f,0f,0f,1f],start_interpolation:0}
execute if entity @s[tag=aj.dino.bone.tail_4] run data modify entity @s {} merge value {transformation:[2.6939481643467134f,-0.5772937139780204f,-0.18718062724126833f,0.024755195794562278f,0.5744172742022843f,2.7003634269650263f,-0.061184058444291034f,0.07335958763735212f,0.1958300653908617f,0.020752390492666098f,2.754429388344862f,2.022402343989759f,0f,0f,0f,1f],start_interpolation:0}