execute if entity @s[tag=aj.dino.bone.head_lower] run data modify entity @s {} merge value {transformation:[-0.9549050753373992f,-0.29691037240587387f,-0.0007265347073142636f,0.5564721478010062f,-0.283219724092521f,0.9101340905421487f,0.3023946512720957f,0.28810502016369405f,-0.08912286451765371f,0.28896395621395626f,-0.9531825360492849f,0.3571741107664714f,0f,0f,0f,1f],start_interpolation:0}
execute if entity @s[tag=aj.dino.bone.head_upper] run data modify entity @s {} merge value {transformation:[-0.9939602950415842f,-0.2693901559659519f,-0.15147217016004563f,0.5396724170011811f,-0.29480329279968676f,0.673308478452242f,0.7370336857853216f,0.3539416292616335f,-0.09276795254189887f,0.7466971134914571f,-0.7192422889876657f,0.3243295307062028f,0f,0f,0f,1f],start_interpolation:0}
execute if entity @s[tag=aj.dino.bone.neck_0] run data modify entity @s {} merge value {transformation:[-0.962247969134235f,-0.2655093255407005f,-0.05986354439859176f,0.5404221685347599f,-0.2556500296850005f,0.9571650252870394f,-0.13593445732896353f,0.3296978762446461f,0.0933911570712039f,-0.11549853859761008f,-0.988907568664897f,0.26222949393820966f,0f,0f,0f,1f],start_interpolation:0}
execute if entity @s[tag=aj.dino.bone.neck_1] run data modify entity @s {} merge value {transformation:[-0.9293326541797334f,-0.0289293726800475f,-0.3681085563683496f,0.5091052683817929f,-0.05461021783616024f,0.9967311643667135f,0.05953746793459272f,0.3393332970908146f,0.3651828884040688f,0.07543260154942599f,-0.9278746578284951f,0.1839738406315152f,0f,0f,0f,1f],start_interpolation:0}
execute if entity @s[tag=aj.dino.bone.neck_2] run data modify entity @s {} merge value {transformation:[-0.8910636661705971f,0.0527599032477134f,-0.4508014368210313f,0.470128233933229f,-0.07871249431836248f,0.9602082569809333f,0.2679635170388309f,0.37220994987579803f,0.44700099112730846f,0.2742562594270731f,-0.8514538261680863f,0.11206523974544774f,0f,0f,0f,1f],start_interpolation:0}
execute if entity @s[tag=aj.dino.bone.body_0] run data modify entity @s {} merge value {transformation:[-0.8226609031550391f,-0.04625012813631027f,-0.5666480072033342f,0.20262856278516608f,-0.08514396985279163f,0.9954677297173953f,0.04236158034117643f,0.4016578782948885f,0.5621205767607532f,0.08309587678501212f,-0.8228703011067346f,-0.27495885530630393f,0f,0f,0f,1f],start_interpolation:0}
execute if entity @s[tag=aj.dino.bone.leg_left_3] run data modify entity @s {} merge value {transformation:[-0.8295160374725356f,-0.044370110461121465f,-0.556717555743961f,0.49397637127192273f,-0.07539600747487543f,0.996610388474769f,0.03291163382479795f,0.049755623335400345f,0.553370206672451f,0.0692750090713593f,-0.830049629531543f,-0.7434106103793147f,0f,0f,0f,1f],start_interpolation:0}
execute if entity @s[tag=aj.dino.bone.leg_left_2] run data modify entity @s {} merge value {transformation:[-0.78635484932621f,-0.27593887709589343f,-0.5979682153333109f,0.40995558959547923f,-0.4931502356555352f,0.8639751553503547f,0.24982388899165378f,0.2581025922097861f,0.436475767385473f,0.47902699980802893f,-0.7950372553791898f,-0.6556431854806044f,0f,0f,0f,1f],start_interpolation:0}
execute if entity @s[tag=aj.dino.bone.leg_left_1] run data modify entity @s {} merge value {transformation:[-0.9001152770056465f,0.4229356518950545f,-0.10448886283787931f,0.5483220452415449f,-0.10690035066964222f,0.01808852389414034f,0.9941051857474832f,0.21242205502415745f,0.4223325740784808f,0.9059791607202872f,0.02893021280267749f,-0.4194623265310626f,0f,0f,0f,1f],start_interpolation:0}
execute if entity @s[tag=aj.dino.bone.leg_left_0] run data modify entity @s {} merge value {transformation:[-0.8821183343427356f,-0.33895242849439267f,-0.32707567233616014f,0.33929544916217536f,-0.15820492044866225f,0.8672511487236049f,-0.4720663599362067f,0.5729668177856916f,0.44366479166396566f,-0.36467341040353013f,-0.8186420807547266f,-0.44441497651366474f,0f,0f,0f,1f],start_interpolation:0}
execute if entity @s[tag=aj.dino.bone.leg_right_3] run data modify entity @s {} merge value {transformation:[-0.820498938165698f,0.01677353602197801f,0.5714019084307312f,-0.15713596615087708f,-0.0377959138534294f,0.9957904021638739f,-0.083504154712779f,0.028177843074679576f,-0.5703971961405025f,-0.09011172758099234f,-0.8164109964885476f,-0.028194143971791402f,0f,0f,0f,1f],start_interpolation:0}
execute if entity @s[tag=aj.dino.bone.leg_right_2] run data modify entity @s {} merge value {transformation:[-0.8490663427212606f,0.02867153807244443f,0.5747403657854543f,-0.13137339752747923f,-0.3955844221616054f,0.7149108491005064f,-0.6200626115822153f,0.17627351303858133f,-0.41792524463318365f,-0.7349439572128263f,-0.5807392436845823f,-0.21680759699644575f,0f,0f,0f,1f],start_interpolation:0}
execute if entity @s[tag=aj.dino.bone.leg_right_1] run data modify entity @s {} merge value {transformation:[-0.981113610491491f,0.16112999234472952f,-0.107019665834547f,-0.10146298291650416f,0.013991762617649185f,0.61093390915488f,0.7915579506413848f,0.3005425538089791f,0.19292566933200472f,0.7751108851072375f,-0.6016500659860959f,0.02951730686747639f,0f,0f,0f,1f],start_interpolation:0}
execute if entity @s[tag=aj.dino.bone.leg_right_0] run data modify entity @s {} merge value {transformation:[-0.9884624742610559f,-0.0987239783730613f,-0.11487172442296838f,-0.015939857055007167f,0.04567507556665065f,0.5288138067676815f,-0.8475079617583862f,0.5718535878481499f,0.14441511156971007f,-0.8429765915291294f,-0.5182033786885604f,-0.27606966326693166f,0f,0f,0f,1f],start_interpolation:0}
execute if entity @s[tag=aj.dino.bone.tail_4] run data modify entity @s {} merge value {transformation:[-2.1456591894384442f,1.7370409568482021f,0.06705735314072737f,-0.29842557261289815f,0.5245760956134399f,0.5454531923799774f,2.6557413402727024f,1.869045325243002f,1.657295355176414f,2.0762540453312486f,-0.7537921308665335f,-1.3941867593887425f,0f,0f,0f,1f],start_interpolation:0}
execute if entity @s[tag=aj.dino.bone.tail_3] run data modify entity @s {} merge value {transformation:[-1.5996206484968567f,1.313979222013382f,-0.22498424625748267f,-0.27313487678920945f,0.4194759582491853f,0.8296919842647581f,1.8632221171245742f,1.544992520499093f,1.2653850115272691f,1.3860069774024808f,-0.9020703726640268f,-1.254792125786421f,0f,0f,0f,1f],start_interpolation:0}
execute if entity @s[tag=aj.dino.bone.tail_2] run data modify entity @s {} merge value {transformation:[-1.7714621326765978f,0.683058592616052f,-0.4627383132495454f,-0.1882601980873458f,-0.04705345023455277f,1.010599452868555f,1.6718996960600174f,1.234395700276244f,0.8237000426834276f,1.5267264260233173f,-0.8996657905956874f,-1.0865738504657796f,0f,0f,0f,1f],start_interpolation:0}
execute if entity @s[tag=aj.dino.bone.tail_1] run data modify entity @s {} merge value {transformation:[-1.3666061372094696f,0.5110056238985881f,-0.39864416223673355f,-0.10741732080760408f,-0.01875525277103301f,0.8987511817749925f,1.2163678735282142f,0.9616785184457509f,0.6478365196829421f,1.103981800394404f,-0.805722209054103f,-0.9273053823799888f,0f,0f,0f,1f],start_interpolation:0}
execute if entity @s[tag=aj.dino.bone.tail_0] run data modify entity @s {} merge value {transformation:[-1.1561999725881542f,0.3349673555169862f,-0.42992349401857016f,0.026299675476895046f,-0.002829712687601742f,1.0045971037195125f,0.790324217336468f,0.7549701309416451f,0.5450039749371414f,0.7158332532932176f,-0.907958775146973f,-0.6447043938097348f,0f,0f,0f,1f],start_interpolation:0}
execute if entity @s[tag=aj.dino.bone.body_1] run data modify entity @s {} merge value {transformation:[-1.1172551718282466f,0.2710556864707834f,-0.4548343554648631f,0.11378476787905625f,-0.003501233924062772f,1.058266890935603f,0.639267959440133f,0.5350675f,0.5294650294781461f,0.578968563427752f,-0.955545278978637f,-0.4615511428984851f,0f,0f,0f,1f],start_interpolation:0}