execute if entity @s[tag=aj.dino.bone.head_lower] run data modify entity @s {} merge value {transformation:[-0.1839444385604854f,-0.07189731393855259f,-0.980303636518344f,0.297892573687632f,-0.6283425464582886f,0.7755397214402044f,0.06102282178631108f,0.7098956867172337f,0.7558770322168693f,0.6271912919651161f,-0.18783235996533457f,0.3733996944510763f,0f,0f,0f,1f],start_interpolation:0}
execute if entity @s[tag=aj.dino.bone.head_upper] run data modify entity @s {} merge value {transformation:[-0.1914676894540932f,0.6568119123147347f,-0.78448083362188f,0.2585016325788544f,-0.6540414947990383f,0.5351642261189937f,0.6077013384443098f,0.763602954036582f,0.7867920878857759f,0.6047059661582869f,0.3142623864168636f,0.4088868708314217f,0f,0f,0f,1f],start_interpolation:0}
execute if entity @s[tag=aj.dino.bone.neck_0] run data modify entity @s {} merge value {transformation:[-0.38811800190766865f,0.16849195163640462f,-0.9060766407037291f,0.19730348842914813f,-0.2213464822702254f,0.9373269394691265f,0.2691169696099403f,0.7658615107523669f,0.8946340879833478f,0.30500601761144996f,-0.3264983580954244f,0.38253497662075364f,0f,0f,0f,1f],start_interpolation:0}
execute if entity @s[tag=aj.dino.bone.neck_1] run data modify entity @s {} merge value {transformation:[-0.6021436690477441f,0.08759491402888303f,-0.7935679762074536f,0.13048140408425593f,-0.1527691271698247f,0.9629559494152522f,0.22221033564967313f,0.7891218603820119f,0.7836354992019512f,0.2550352338835616f,-0.5664560299515454f,0.335723631591562f,0f,0f,0f,1f],start_interpolation:0}
execute if entity @s[tag=aj.dino.bone.neck_2] run data modify entity @s {} merge value {transformation:[-0.7503596620890607f,0.03673935283120268f,-0.6600080283323342f,0.07301945196844392f,-0.2065949896530513f,0.9354039171058437f,0.2869460264811131f,0.8234186733728706f,0.6279163063337714f,0.3516670752524159f,-0.6942992009383024f,0.27834085480400284f,0f,0f,0f,1f],start_interpolation:0}
execute if entity @s[tag=aj.dino.bone.body_0] run data modify entity @s {} merge value {transformation:[-0.8382323967587988f,0.19519752155126546f,-0.5091801023255358f,-0.1650957204425196f,-0.11367681873928562f,0.8506764039794883f,0.5132516308730468f,1.0734159984031313f,0.5333329447027584f,0.488106118884787f,-0.6908750876981415f,-0.04261616233152618f,0f,0f,0f,1f],start_interpolation:0}
execute if entity @s[tag=aj.dino.bone.leg_left_3] run data modify entity @s {} merge value {transformation:[-0.5386355818660986f,0.01746924816207059f,-0.8423577240795158f,-0.06115540526165068f,0.3527098869216898f,0.9126381026202596f,-0.2066093640505718f,0.33820782738484056f,0.765158444778242f,-0.40839505263206227f,-0.4977409319818863f,0.062149600582528636f,0f,0f,0f,1f],start_interpolation:0}
execute if entity @s[tag=aj.dino.bone.leg_left_2] run data modify entity @s {} merge value {transformation:[-0.6242558281455922f,0.054707514577913424f,-0.812018440908618f,-0.07446662694378708f,0.39417883388828523f,0.9156630998830173f,-0.24134277268604823f,0.5448005142862383f,0.7120322376419671f,-0.4589448494776091f,-0.5783095340708486f,-0.06159750104900734f,0f,0f,0f,1f],start_interpolation:0}
execute if entity @s[tag=aj.dino.bone.leg_left_1] run data modify entity @s {} merge value {transformation:[-0.8333162206052808f,0.4240440085652985f,-0.3546417280524167f,0.07613775951354895f,0.4124181731522216f,0.9040907613250843f,0.11194260020391628f,0.7762631398922226f,0.3680968988322442f,-0.052977109080269424f,-0.9282769516602151f,-0.03408827737477463f,0f,0f,0f,1f],start_interpolation:0}
execute if entity @s[tag=aj.dino.bone.leg_left_0] run data modify entity @s {} merge value {transformation:[-0.8822013302141928f,0.0449435139470961f,-0.4687226189575197f,0.02936248340640607f,0.36225978220469746f,0.7007070434637863f,-0.6146360625909001f,1.1435406976935232f,0.3008133360828842f,-0.7120321058732721f,-0.634445913408195f,-0.2270301018843038f,0f,0f,0f,1f],start_interpolation:0}
execute if entity @s[tag=aj.dino.bone.leg_right_3] run data modify entity @s {} merge value {transformation:[-0.9346238464243107f,0.29650023411512627f,0.19638196675026393f,-0.6480107399840485f,0.3544419420159721f,0.8218352060701314f,0.4460468627886648f,0.8757845454128428f,-0.029140614869503895f,0.4864920402569183f,-0.8731989002121383f,-0.19977702482071202f,0f,0f,0f,1f],start_interpolation:0}
execute if entity @s[tag=aj.dino.bone.leg_right_2] run data modify entity @s {} merge value {transformation:[-0.7873755710505185f,0.6481671199587983f,-0.10945909837871501f,-0.49908518447603306f,0.5708277956780814f,0.7588952761646316f,0.3876800059288631f,1.0637774112274059f,0.3259716817376424f,0.23668448178961352f,-0.9432842192498554f,-0.17426362862435568f,0f,0f,0f,1f],start_interpolation:0}
execute if entity @s[tag=aj.dino.bone.leg_right_1] run data modify entity @s {} merge value {transformation:[-0.9454558993849765f,0.16083797758596377f,0.2832742262970677f,-0.4892436799833631f,0.20490070133302513f,-0.3823953440170889f,0.900993620103542f,0.9161879487582324f,0.2532367368913521f,0.9098928210729593f,0.32858211948995497f,0.060542421163861576f,0f,0f,0f,1f],start_interpolation:0}
execute if entity @s[tag=aj.dino.bone.leg_right_0] run data modify entity @s {} merge value {transformation:[-0.9501606071807037f,0.008448962716614702f,-0.3116463309442451f,-0.3500758650507861f,0.2171334800753472f,0.7352522475355756f,-0.6420725693597676f,1.2318932658340018f,0.22371381806309043f,-0.6777409147475885f,-0.7004422746270649f,-0.17455277364333355f,0f,0f,0f,1f],start_interpolation:0}
execute if entity @s[tag=aj.dino.bone.tail_4] run data modify entity @s {} merge value {transformation:[0.06473365295185163f,0.19498336541098168f,2.7538068873812698f,0.5949139760306489f,2.463090590943184f,-1.248165553646363f,0.030476599184030305f,2.046457784013642f,1.2468583025278637f,2.455549952557202f,-0.20317513507725088f,-0.8795289780515271f,0f,0f,0f,1f],start_interpolation:0}
execute if entity @s[tag=aj.dino.bone.tail_3] run data modify entity @s {} merge value {transformation:[-0.8485189632438341f,0.10539742332467783f,1.8986449057726864f,0.27194256624658264f,1.8570483317071333f,-0.40132245351442386f,0.8522073151841405f,1.9058821712076046f,0.40906306208677284f,2.0405335570644576f,0.06953948356517523f,-0.9112885274983549f,0f,0f,0f,1f],start_interpolation:0}
execute if entity @s[tag=aj.dino.bone.tail_2] run data modify entity @s {} merge value {transformation:[-0.9791279508657001f,0.06908964458531225f,1.6897659458775312f,-0.04288880360127853f,1.6911703035012133f,0.045811419581768424f,0.9780686036236387f,1.72532278240934f,-0.005033427453197636f,1.9524092321666981f,-0.08274496819199939f,-0.895445559163569f,0f,0f,0f,1f],start_interpolation:0}
execute if entity @s[tag=aj.dino.bone.tail_1] run data modify entity @s {} merge value {transformation:[-1.2137593534312605f,-0.15247940104001978f,0.8894911546590026f,-0.2312738812707245f,0.8096538412474595f,0.4744982230018145f,1.1861569642005036f,1.4635012665746436f,-0.39862907484447574f,1.4280258116107698f,-0.29915446187887634f,-0.8481461579376894f,0f,0f,0f,1f],start_interpolation:0}
execute if entity @s[tag=aj.dino.bone.tail_0] run data modify entity @s {} merge value {transformation:[-1.2569697489178564f,0.21629808375344856f,-0.08413029094205636f,-0.20146939682537937f,0.09701867124818256f,0.9106406487322716f,0.8917155952935513f,1.2248966252490268f,0.21083202868313441f,0.8705081644792778f,-0.9119216566352069f,-0.5606545421545467f,0f,0f,0f,1f],start_interpolation:0}
execute if entity @s[tag=aj.dino.bone.body_1] run data modify entity @s {} merge value {transformation:[-1.1933764740844364f,0.29398539334852714f,-0.1342749963908427f,-0.19005434356531486f,0.2778788086984429f,1.1956064961186466f,0.14803063592201868f,1.1099489938477134f,0.165047126101557f,0.11270443643821146f,-1.2201072703779008f,-0.2845881363726608f,0f,0f,0f,1f],start_interpolation:0}