execute if entity @s[tag=aj.dino.bone.head_lower] run data modify entity @s {} merge value {transformation:[-0.9369025173208018f,-0.3431247865356345f,-0.06692573423444972f,-0.05606169503205511f,-0.08933459508690697f,0.42007248715200696f,-0.9030827402063362f,2.0119159214313553f,0.33798373209165467f,-0.8401217092795554f,-0.42421988453936804f,0.26643197345185576f,0f,0f,0f,1f],start_interpolation:0}
execute if entity @s[tag=aj.dino.bone.head_upper] run data modify entity @s {} merge value {transformation:[-0.9752214399031738f,-0.23355564385595626f,-0.2790463168718009f,-0.08084557983527187f,-0.09298834280321353f,0.9316568922323007f,-0.45479725795377207f,2.0014546396490416f,0.35180712590764834f,-0.4011722061192518f,-0.8937362864858514f,0.19592114357921295f,0f,0f,0f,1f],start_interpolation:0}
execute if entity @s[tag=aj.dino.bone.neck_0] run data modify entity @s {} merge value {transformation:[-0.8361346210983918f,-0.5467436204121477f,0.044162302241463336f,-0.06884511246500229f,-0.19243614858498845f,0.21699094056986487f,-0.9570178997429366f,1.93611207895015f,0.5136606118035772f,-0.8086942223419322f,-0.2866468744506944f,0.19034666615942886f,0f,0f,0f,1f],start_interpolation:0}
execute if entity @s[tag=aj.dino.bone.neck_1] run data modify entity @s {} merge value {transformation:[-0.8970011225539943f,-0.43985853319742896f,0.043743078427112295f,-0.06716587287444543f,-0.29729188737408807f,0.5270942606020241f,-0.796108770295842f,1.8710994745502931f,0.3271185103879429f,-0.7271149229755991f,-0.603570516963645f,0.13586659394878978f,0f,0f,0f,1f],start_interpolation:0}
execute if entity @s[tag=aj.dino.bone.neck_2] run data modify entity @s {} merge value {transformation:[-0.8867209284239229f,-0.46214393954020205f,-0.012205500451777117f,-0.07275984426333532f,-0.3486781260310493f,0.6858822730132501f,-0.6387402226207873f,1.8218562566262628f,0.3035614592178855f,-0.5621285321992109f,-0.769325648711304f,0.06296430751875123f,0f,0f,0f,1f],start_interpolation:0}
execute if entity @s[tag=aj.dino.bone.body_0] run data modify entity @s {} merge value {transformation:[-0.8912132866682599f,-0.4518974153042661f,0.03908457121782921f,-0.05864432016805672f,-0.29280450496047644f,0.5073599245593945f,-0.8104637122203163f,1.4447209857770826f,0.3464165116457474f,-0.7337401672202559f,-0.5844835048714231f,-0.2194903687819891f,0f,0f,0f,1f],start_interpolation:0}
execute if entity @s[tag=aj.dino.bone.leg_left_3] run data modify entity @s {} merge value {transformation:[-0.9965875668238302f,0.017345028240652358f,-0.08069926670973615f,0.3316381962542815f,0.041066669756026075f,0.9522729368642244f,-0.30247277952095797f,1.1023822089702164f,0.07160132880965034f,-0.3047546615087544f,-0.9497356716483681f,-0.2702233980489067f,0f,0f,0f,1f],start_interpolation:0}
execute if entity @s[tag=aj.dino.bone.leg_left_2] run data modify entity @s {} merge value {transformation:[-0.9341106481702677f,-0.4088291835214178f,-0.1111674195833835f,0.23145597699413417f,-0.42272452895697854f,0.9173678750125406f,0.17833214520599f,1.3210747850832696f,0.028345530401065574f,0.20822363001561733f,-1.0039430513281598f,-0.2526691346589539f,0f,0f,0f,1f],start_interpolation:0}
execute if entity @s[tag=aj.dino.bone.leg_left_1] run data modify entity @s {} merge value {transformation:[-0.9545842732924932f,-0.29509757412942195f,0.0410644240867105f,0.16812042725818382f,-0.14331468688366072f,0.5756237882730612f,0.8050578581056197f,1.43761073184769f,-0.26120828031684057f,0.7626104353581193f,-0.591773232054998f,-0.008904151711995878f,0f,0f,0f,1f],start_interpolation:0}
execute if entity @s[tag=aj.dino.bone.leg_left_0] run data modify entity @s {} merge value {transformation:[-0.9703506626104835f,0.20642410536522646f,0.12573257452053385f,0.12610569264923574f,-0.13555865104683912f,-0.03411084431187267f,-0.9901819542016973f,1.4890625386030125f,-0.20010857977047614f,-0.9778678535592102f,0.06108205364708924f,-0.4210870628349653f,0f,0f,0f,1f],start_interpolation:0}
execute if entity @s[tag=aj.dino.bone.leg_right_3] run data modify entity @s {} merge value {transformation:[-0.9775289604002136f,-0.16994052691205366f,-0.12472910202407042f,-0.10660180185545068f,-0.17652621000914023f,0.33651075921129353f,0.9249859491445523f,0.7760032999547257f,-0.1152199147660084f,0.9262185089102319f,-0.35894796975804344f,-0.4920717751260138f,0f,0f,0f,1f],start_interpolation:0}
execute if entity @s[tag=aj.dino.bone.leg_right_2] run data modify entity @s {} merge value {transformation:[-0.980303676603714f,-0.26719556722772486f,0.14026200480454198f,-0.16302915458847164f,-0.25920320802178043f,0.9896687674995335f,0.07369957318646254f,1.0093734218750643f,-0.15453348533296118f,0.03499227043939255f,-1.0133889393619013f,-0.514993645129249f,0f,0f,0f,1f],start_interpolation:0}
execute if entity @s[tag=aj.dino.bone.leg_right_1] run data modify entity @s {} merge value {transformation:[-0.834606884277484f,-0.03343045357475177f,-0.5498306589218327f,-0.15957192556850325f,-0.5492576143836533f,0.12625297700244642f,0.8260606871408408f,0.9889224405262648f,0.041802174084708654f,0.9914346123531328f,-0.12373353494500006f,-0.23825696416855618f,0f,0f,0f,1f],start_interpolation:0}
execute if entity @s[tag=aj.dino.bone.leg_right_0] run data modify entity @s {} merge value {transformation:[-0.8616971496807858f,-0.4124477710474552f,0.2955754698719014f,-0.24537964098870071f,-0.5073669073814628f,0.6916795781083243f,-0.5139632112535495f,1.3613325444040874f,0.0075394645817523365f,-0.5928458462246965f,-0.8052806710010766f,-0.4063492872191015f,0f,0f,0f,1f],start_interpolation:0}
execute if entity @s[tag=aj.dino.bone.tail_4] run data modify entity @s {} merge value {transformation:[-1.3823898960754886f,1.7025422086755957f,1.678096997943332f,0.312049282106168f,1.9724049084949586f,1.9075774392786786f,-0.3105294216334253f,0.9267629320651024f,-1.3506585000559512f,1.0431489215030714f,-2.170995917866634f,-2.035497997019899f,0f,0f,0f,1f],start_interpolation:0}
execute if entity @s[tag=aj.dino.bone.tail_3] run data modify entity @s {} merge value {transformation:[-1.6401681581645382f,0.9917714864907041f,0.8137464332159066f,0.1643626957228898f,0.9372930121122235f,1.8282466363367105f,-0.33903034114005454f,0.9663591207250064f,-0.8759427769170686f,0.09924253801654793f,-1.8864836856594585f,-1.7165912434369281f,0f,0f,0f,1f],start_interpolation:0}
execute if entity @s[tag=aj.dino.bone.tail_2] run data modify entity @s {} merge value {transformation:[-1.8511877240680026f,0.35808864614013386f,0.5134689929959079f,0.06762628813456423f,0.24789691361155175f,1.891179626762717f,-0.4251595165843907f,1.0460286640406227f,-0.5748260654185511f,-0.3376181509130276f,-1.8369438896417805f,-1.375612775958515f,0f,0f,0f,1f],start_interpolation:0}
execute if entity @s[tag=aj.dino.bone.tail_1] run data modify entity @s {} merge value {transformation:[-1.475983313905792f,-0.20748573495986403f,0.25705870313965584f,0.01625653497854567f,-0.2494707884007444f,1.4715924480503437f,-0.24461447744544293f,1.0809166103611243f,-0.21654983908187894f,-0.2811077847185328f,-1.4702859689748293f,-1.0555805015531736f,0f,0f,0f,1f],start_interpolation:0}
execute if entity @s[tag=aj.dino.bone.tail_0] run data modify entity @s {} merge value {transformation:[-1.2254307322480238f,-0.3626134820657729f,0.025820528078172394f,-0.00003933271227676838f,-0.35415552794507477f,1.17032340151626f,-0.3724952542964595f,1.218010369688504f,0.08203108601040016f,-0.36426681851573295f,-1.222463211078521f,-0.7071387458027024f,0f,0f,0f,1f],start_interpolation:0}
execute if entity @s[tag=aj.dino.bone.body_1] run data modify entity @s {} merge value {transformation:[-1.1683633439621515f,-0.3537360564216034f,0.1959655427087165f,-0.021771942666125893f,-0.4017252624351856f,0.9466026192496494f,-0.6864145174800244f,1.3138317259001793f,0.04635196935633743f,-0.712333404153733f,-1.0094737298809682f,-0.42446953424017586f,0f,0f,0f,1f],start_interpolation:0}