execute if entity @s[tag=aj.dino.bone.head_lower] run data modify entity @s {} merge value {transformation:[-0.9016864523383762f,-0.4278286356662082f,-0.06264343679447812f,0.13766715234276056f,-0.26659679017981736f,0.664145010033522f,-0.6984536900277584f,1.6008441422526094f,0.3404228152390076f,-0.6130856907085375f,-0.7129082989509834f,0.3814898169623878f,0f,0f,0f,1f],start_interpolation:0}
execute if entity @s[tag=aj.dino.bone.head_upper] run data modify entity @s {} merge value {transformation:[-0.9385650525363274f,-0.31245717563628733f,-0.32394150418614476f,0.10802797775466572f,-0.277500487816176f,0.9915816422524356f,-0.1524180717410327f,1.6125164015174043f,0.35434596653944334f,-0.05107154515838f,-0.9773958132997456f,0.3130739256418129f,0f,0f,0f,1f],start_interpolation:0}
execute if entity @s[tag=aj.dino.bone.neck_0] run data modify entity @s {} merge value {transformation:[-0.810353267289128f,-0.5855112777284232f,0.022452746973674817f,0.11924560574355496f,-0.34215801586454153f,0.44174750464617585f,-0.8293292677329779f,1.5518305856053105f,0.47566319425984066f,-0.6797320691211401f,-0.5583089107607179f,0.28785225195263764f,0f,0f,0f,1f],start_interpolation:0}
execute if entity @s[tag=aj.dino.bone.neck_1] run data modify entity @s {} merge value {transformation:[-0.8917835133510993f,-0.44398335937075545f,-0.08718338096809487f,0.10981465325498097f,-0.2964976607670785f,0.7189824947070979f,-0.6286122091277011f,1.5018911434372533f,0.34177668509542874f,-0.5347363358764923f,-0.7728167626407724f,0.21992106547961357f,0f,0f,0f,1f],start_interpolation:0}
execute if entity @s[tag=aj.dino.bone.neck_2] run data modify entity @s {} merge value {transformation:[-0.8865095371247919f,-0.4277993731383131f,-0.17631941733471485f,0.0901793266631976f,-0.3166634895083271f,0.8387667284325255f,-0.4429386071308391f,1.471298449913598f,0.3373797193062984f,-0.3368353776209745f,-0.8790431464858476f,0.13961246415483425f,0f,0f,0f,1f],start_interpolation:0}
execute if entity @s[tag=aj.dino.bone.body_0] run data modify entity @s {} merge value {transformation:[-0.8763620984431858f,-0.45932817735068154f,-0.14493825548817918f,0.017494795320589923f,-0.257642231103552f,0.7012975787543649f,-0.6646820193034031f,1.164717042833085f,0.40695202808714426f,-0.5451599137179534f,-0.7329329541716583f,-0.21100941827574576f,0f,0f,0f,1f],start_interpolation:0}
execute if entity @s[tag=aj.dino.bone.leg_left_3] run data modify entity @s {} merge value {transformation:[-0.9584957893778362f,0.022110823906304727f,-0.28424801355707413f,0.38600529133602035f,0.08720263082110896f,0.9719449741896704f,-0.21844603069252236f,0.7910516877990716f,0.27144340648252185f,-0.23416677521293516f,-0.9335332872820011f,-0.37440170119989546f,0f,0f,0f,1f],start_interpolation:0}
execute if entity @s[tag=aj.dino.bone.leg_left_2] run data modify entity @s {} merge value {transformation:[-0.9290446670090955f,-0.3134105493298032f,-0.30118438500600214f,0.3022005010748023f,-0.38187061240310505f,0.9279986330385029f,0.21226297831285135f,1.0133342727755272f,0.20763680209811125f,0.3043921223490444f,-0.9572327793003167f,-0.33270899666452564f,0f,0f,0f,1f],start_interpolation:0}
execute if entity @s[tag=aj.dino.bone.leg_left_1] run data modify entity @s {} merge value {transformation:[-0.9980742658755684f,-0.04594606950214204f,-0.04167395462695234f,0.3118058928831541f,-0.058030827185549506f,0.4542771431092787f,0.8889683348379923f,1.0907553497417117f,-0.02191307584767233f,0.889674792239151f,-0.4560686145319779f,-0.06638757629175535f,0f,0f,0f,1f],start_interpolation:0}
execute if entity @s[tag=aj.dino.bone.leg_left_0] run data modify entity @s {} merge value {transformation:[-0.9970418894262614f,-0.05418417653413233f,0.05451188625087591f,0.17016214710578653f,-0.06434528741119296f,0.20053208209681006f,-0.9775717712975807f,1.24158942596324f,0.042037539381859876f,-0.9781875888924559f,-0.20342538243661323f,-0.4290077760835041f,0f,0f,0f,1f],start_interpolation:0}
execute if entity @s[tag=aj.dino.bone.leg_right_3] run data modify entity @s {} merge value {transformation:[-0.9626764456422832f,-0.2640308835178773f,0.0595126335689239f,-0.11067029328706768f,-0.0987770569133119f,0.5474531076555696f,0.8309862742222662f,0.5446857632937567f,-0.2519864163662086f,0.7940924300527163f,-0.5531004054418037f,-0.40239884566143197f,0f,0f,0f,1f],start_interpolation:0}
execute if entity @s[tag=aj.dino.bone.leg_right_2] run data modify entity @s {} merge value {transformation:[-0.9429312215933416f,-0.24229502482570997f,0.3228560542871871f,-0.15570837056332876f,-0.2684508910174965f,0.9890661176210302f,-0.041767614088778514f,0.7743613017773694f,-0.3014581728152262f,-0.12289644185030564f,-0.9726672782221752f,-0.46063792775872936f,0f,0f,0f,1f],start_interpolation:0}
execute if entity @s[tag=aj.dino.bone.leg_right_1] run data modify entity @s {} merge value {transformation:[-0.8885983532367578f,-0.05518497153160551f,-0.45535435162297266f,-0.16424710714552257f,-0.45530966536635376f,0.22635356139505258f,0.861079075269952f,0.7811183091995137f,0.055552454931361496f,0.9724806857520782f,-0.22626365282622635f,-0.1833387779438721f,0f,0f,0f,1f],start_interpolation:0}
execute if entity @s[tag=aj.dino.bone.leg_right_0] run data modify entity @s {} merge value {transformation:[-0.910829207505296f,-0.32989590418476467f,0.24811055430471102f,-0.20806547518578206f,-0.41235822910180764f,0.6999089163565503f,-0.5831708151962175f,1.1513462567881498f,0.018730874173289197f,-0.6334794402399468f,-0.7735327744484963f,-0.37127093594523064f,0f,0f,0f,1f],start_interpolation:0}
execute if entity @s[tag=aj.dino.bone.tail_4] run data modify entity @s {} merge value {transformation:[-1.8687946258085446f,1.7865449607459172f,0.970322153401883f,-0.05285717848432549f,2.0029929904931136f,1.8437073143389502f,0.46305912223873796f,1.098068239645591f,-0.3482629153162197f,1.0171832548201065f,-2.5435629537184687f,-2.137440564198084f,0f,0f,0f,1f],start_interpolation:0}
execute if entity @s[tag=aj.dino.bone.tail_3] run data modify entity @s {} merge value {transformation:[-1.7946933662145754f,1.0155467561501923f,0.2892853839768959f,-0.11184721159587414f,1.0430125438341442f,1.793900812543141f,0.17317688704365397f,1.0511491114262415f,-0.16476067708790829f,0.29416013814642633f,-2.0548161130513973f,-1.791898273247468f,0f,0f,0f,1f],start_interpolation:0}
execute if entity @s[tag=aj.dino.bone.tail_2] run data modify entity @s {} merge value {transformation:[-1.9300550484172623f,0.3057146527019483f,0.01413987995500388f,-0.11583020826344316f,0.3060061827707325f,1.9291427449619865f,0.05951773407476055f,1.0407702144867514f,-0.004647707811365732f,0.06099750557716261f,-1.9532105821258088f,-1.428789614296726f,0f,0f,0f,1f],start_interpolation:0}
execute if entity @s[tag=aj.dino.bone.tail_1] run data modify entity @s {} merge value {transformation:[-1.5054653765425212f,-0.11359984802893783f,-0.0912432165121696f,-0.09336876596749843f,-0.11871051344303547f,1.5054752458449487f,0.08431102031278553f,1.0043379566270283f,0.08448706427480683f,0.09108023208081016f,-1.5073893250565136f,-1.1056103278378677f,0f,0f,0f,1f],start_interpolation:0}
execute if entity @s[tag=aj.dino.bone.tail_0] run data modify entity @s {} merge value {transformation:[-1.233544307179037f,-0.26559183060740515f,-0.20412040153993413f,-0.04012924442088425f,-0.24993761131647108f,1.2483584638716834f,-0.11387735821213961f,1.0677406809413252f,0.22301423555377184f,-0.06998458243475272f,-1.2566632506546167f,-0.7400729710659584f,0f,0f,0f,1f],start_interpolation:0}
execute if entity @s[tag=aj.dino.bone.body_1] run data modify entity @s {} merge value {transformation:[-1.1895686035081268f,-0.3278175400415294f,-0.07788962090737872f,0.00005983905740898632f,-0.28382496254862444f,1.1289224123704504f,-0.41663193893196065f,1.088560834794471f,0.18158888522772226f,-0.38298099475698955f,-1.1614454913912018f,-0.44425667575797945f,0f,0f,0f,1f],start_interpolation:0}