execute if entity @s[tag=aj.dino.bone.head_lower] run data modify entity @s {} merge value {transformation:[0.2738720551522165f,0.7346653741303761f,-0.6206938741928874f,0.5446608363373489f,-0.3713861841896602f,0.6760951413050524f,0.6363706955043931f,0.31828648871801474f,0.8871676276779632f,0.056232979269959876f,0.4580081357821922f,0.07059391243250707f,0f,0f,0f,1f],start_interpolation:0}
execute if entity @s[tag=aj.dino.bone.head_upper] run data modify entity @s {} merge value {transformation:[0.28507330809458586f,0.9204487457425133f,-0.3936740505247338f,0.5382789126267419f,-0.3865757243787739f,0.47878773648625883f,0.8395197765954642f,0.386791818284252f,0.9234524139968138f,-0.08371590311826102f,0.4729685287966401f,0.1016059643247968f,0f,0f,0f,1f],start_interpolation:0}
execute if entity @s[tag=aj.dino.bone.neck_0] run data modify entity @s {} merge value {transformation:[0.3083399165541443f,0.4044564999229979f,-0.8610118672407607f,0.475939551208479f,0.02168924477682476f,0.901888001095806f,0.4314250921543883f,0.4000422320299971f,0.9510289546172579f,-0.15170027405858394f,0.2693157149706569f,0.12117550207678904f,0f,0f,0f,1f],start_interpolation:0}
execute if entity @s[tag=aj.dino.bone.neck_1] run data modify entity @s {} merge value {transformation:[0.17503188089250304f,0.29690955979541367f,-0.9387270923827257f,0.3977848709188571f,0.041836722074044964f,0.9503415707472879f,0.3083838316054798f,0.4305444949285075f,0.9836734871680398f,-0.09325026655013655f,0.1539183498839456f,0.13378481416858828f,0f,0f,0f,1f],start_interpolation:0}
execute if entity @s[tag=aj.dino.bone.neck_2] run data modify entity @s {} merge value {transformation:[0.010955219874850583f,0.32058864414372196f,-0.9471551638478163f,0.31794573809612914f,-0.027204501965590475f,0.9469569475420168f,0.32020689339036756f,0.46786832070573275f,0.9995698566034781f,0.022258947594082684f,0.019095575972093853f,0.13567565884935182f,0f,0f,0f,1f],start_interpolation:0}
execute if entity @s[tag=aj.dino.bone.body_0] run data modify entity @s {} merge value {transformation:[-0.11079197391342449f,0.5414984946465943f,-0.8333693771742753f,-0.06965967419631522f,0.06876480002160204f,0.8406988351886432f,0.5371190471305664f,0.7290192207006577f,0.9914618201395129f,0.002202000892576994f,-0.13037871911363824f,0.07424963426229371f,0f,0f,0f,1f],start_interpolation:0}
execute if entity @s[tag=aj.dino.bone.leg_left_3] run data modify entity @s {} merge value {transformation:[0.5830375551818575f,-0.1956866293114419f,-0.7885264436632984f,0.0308266143145777f,0.2498206779654275f,0.9667179881251833f,-0.055190219206778024f,-0.007492442935922522f,0.7730826851692234f,-0.164812240273362f,0.6125194587501843f,0.01299043906448058f,0f,0f,0f,1f],start_interpolation:0}
execute if entity @s[tag=aj.dino.bone.leg_left_2] run data modify entity @s {} merge value {transformation:[0.4840343694141418f,-0.29918021755506263f,-0.8533839265830204f,-0.0645343253486742f,0.3507069282046129f,0.9542900175174943f,-0.13563706158878214f,0.21130346095463523f,0.8335331902424958f,-0.2277805070475963f,0.5526306731208476f,-0.02173297800917559f,0f,0f,0f,1f],start_interpolation:0}
execute if entity @s[tag=aj.dino.bone.leg_left_1] run data modify entity @s {} merge value {transformation:[0.09635051363078118f,0.2771110638046611f,-0.955994789128128f,0.059531588903176974f,0.44434636957780715f,0.8474685070603118f,0.2904366254176439f,0.4172810657906468f,0.8906586789371714f,-0.45277653192056555f,-0.04147926923027301f,-0.1602763318253648f,0f,0f,0f,1f],start_interpolation:0}
execute if entity @s[tag=aj.dino.bone.leg_left_0] run data modify entity @s {} merge value {transformation:[-0.0023241122150990112f,-0.6986485875333356f,-0.715461214630176f,-0.15680777573839838f,0.38872163785275676f,0.6585642210240197f,-0.6443513444170783f,0.7735078603256659f,0.9213523141380183f,-0.27961280000154f,0.2700492460789641f,-0.18491428478899066f,0f,0f,0f,1f],start_interpolation:0}
execute if entity @s[tag=aj.dino.bone.leg_right_3] run data modify entity @s {} merge value {transformation:[-0.5040476286983745f,0.43064025930960037f,-0.7486554314671784f,-0.4593623790606371f,0.43614235684498437f,0.8750962098709159f,0.20972951159829886f,0.5943784963436043f,0.745463501835769f,-0.22080668135570308f,-0.6289106271159942f,0.4573379074948675f,0f,0f,0f,1f],start_interpolation:0}
execute if entity @s[tag=aj.dino.bone.leg_right_2] run data modify entity @s {} merge value {transformation:[-0.010873218941559671f,0.641089174238741f,-0.8005926825074244f,-0.33465045473928423f,0.6661481384351557f,0.6131931087635016f,0.4819782863625955f,0.7511747598169114f,0.77986577708598f,-0.5148408312668458f,-0.42285989132481916f,0.3230511257220881f,0f,0f,0f,1f],start_interpolation:0}
execute if entity @s[tag=aj.dino.bone.leg_right_1] run data modify entity @s {} merge value {transformation:[-0.14809077762973596f,0.8823441733066035f,0.4466966324172454f,-0.12158555077156721f,0.3207811162031503f,-0.3844014363666964f,0.8656413871844865f,0.6072230854972867f,0.9355044612766317f,0.2714853505276264f,-0.22611304115510664f,0.4274285553588152f,0f,0f,0f,1f],start_interpolation:0}
execute if entity @s[tag=aj.dino.bone.leg_right_0] run data modify entity @s {} merge value {transformation:[-0.17526318233486235f,-0.5703061262598363f,-0.8025171270872398f,-0.2597975249478617f,0.32782748205156986f,0.7348111374534053f,-0.5937859330484011f,0.9059533601679596f,0.9283382782852295f,-0.36715598132800786f,0.058176683005163016f,0.170592125400118f,0f,0f,0f,1f],start_interpolation:0}
execute if entity @s[tag=aj.dino.bone.tail_4] run data modify entity @s {} merge value {transformation:[0.5069761850522242f,2.7023001710884667f,0.2573135533257746f,-0.8493174119758206f,1.355144251222551f,-0.4787639615268602f,2.3579716832739055f,2.1251628815581705f,2.352067290229674f,-0.3066271124319397f,-1.4140087014418565f,-0.27169823939910664f,0f,0f,0f,1f],start_interpolation:0}
execute if entity @s[tag=aj.dino.bone.tail_3] run data modify entity @s {} merge value {transformation:[-0.11047113955810717f,2.0660332691428436f,0.23504932283270494f,-0.909390848592309f,0.40189315766326794f,-0.20972780145311343f,2.032348804995229f,1.78260397909479f,2.0401528234896094f,0.1531871604835835f,-0.3876282713048623f,-0.2074698656774047f,0f,0f,0f,1f],start_interpolation:0}
execute if entity @s[tag=aj.dino.bone.tail_2] run data modify entity @s {} merge value {transformation:[-0.3305406003321946f,1.9256776778030567f,-0.035808766326649207f,-0.9025202731708003f,0.2318035561731482f,0.07584327070543709f,1.9388885436344607f,1.4223582867322588f,1.9120104335176338f,0.32370844057964593f,-0.24125261163348977f,-0.1611306781925288f,0f,0f,0f,1f],start_interpolation:0}
execute if entity @s[tag=aj.dino.bone.tail_1] run data modify entity @s {} merge value {transformation:[-0.505473049009107f,1.3907752665058655f,-0.31288560976973073f,-0.8517086569549374f,0.03399070845164102f,0.34363728636245283f,1.4725536652904725f,1.1012480826831743f,1.4251308285432578f,0.48509156197257153f,-0.1460977345430736f,-0.13698334890096567f,0f,0f,0f,1f],start_interpolation:0}
execute if entity @s[tag=aj.dino.bone.tail_0] run data modify entity @s {} merge value {transformation:[-0.09726914439301441f,0.8445628662282255f,-0.954509295460994f,-0.5523980495423715f,-0.035842462194423434f,0.9550937708106956f,0.8487325394059518f,0.8762768223291195f,1.2740053956074595f,0.09135190491171388f,-0.048997938896538897f,-0.12046052814268715f,0f,0f,0f,1f],start_interpolation:0}
execute if entity @s[tag=aj.dino.bone.body_1] run data modify entity @s {} merge value {transformation:[-0.3239143968398749f,0.263070361051039f,-1.163820451664511f,-0.29954575275222084f,0.41655606043198656f,1.1549978149110576f,0.14514024639746106f,0.7647364488629663f,1.1181078244487395f,-0.3540884462156434f,-0.3912299326730361f,-0.005654679415333975f,0f,0f,0f,1f],start_interpolation:0}