execute if entity @s[tag=aj.dino.bone.head_lower] run data modify entity @s {} merge value {transformation:[-0.8747131704418573f,-0.13166101955338746f,-0.4664142422629444f,-0.16518585864225302f,0.4224935269343094f,0.2643386330664831f,-0.8669626905277708f,2.55777826352671f,0.2374364949921605f,-0.9554006819124139f,-0.17559455528897266f,0.17960897657210093f,0f,0f,0f,1f],start_interpolation:0}
execute if entity @s[tag=aj.dino.bone.head_upper] run data modify entity @s {} merge value {transformation:[-0.9104885746491083f,0.22935556722112913f,-0.44930893803886895f,-0.1912925561728579f,0.43977333614695313f,0.8150786960095517f,-0.47509796327605397f,2.5434651564833457f,0.24714754870546696f,-0.6054045636428169f,-0.809861312863404f,0.11026179348145504f,0f,0f,0f,1f],start_interpolation:0}
execute if entity @s[tag=aj.dino.bone.neck_0] run data modify entity @s {} merge value {transformation:[-0.9303095981623943f,-0.20188406748359566f,-0.30621377314419285f,-0.20751534965839455f,0.2573834842198515f,0.23544727560329562f,-0.9371863861910474f,2.4789600097427367f,0.2613001982735065f,-0.9506878581886193f,-0.16707723565752913f,0.11480528000559061f,0f,0f,0f,1f],start_interpolation:0}
execute if entity @s[tag=aj.dino.bone.neck_1] run data modify entity @s {} merge value {transformation:[-0.9952223288150165f,-0.08879022860947425f,-0.04060556035190577f,-0.21136421905260586f,0.002487111352804189f,0.3927027396407323f,-0.9196620969441884f,2.402861692000224f,0.09760292262598345f,-0.9153692443938348f,-0.39060570389169424f,0.07749885849833368f,0f,0f,0f,1f],start_interpolation:0}
execute if entity @s[tag=aj.dino.bone.neck_2] run data modify entity @s {} merge value {transformation:[-0.9872537137558702f,-0.14111819048751f,0.07359185409250751f,-0.2062986559789383f,-0.13862042444003306f,0.5352522592303491f,-0.8332402996236272f,2.335104046601474f,0.07819515716019208f,-0.8328209143041124f,-0.5479916441829702f,0.021336843266465344f,0f,0f,0f,1f],start_interpolation:0}
execute if entity @s[tag=aj.dino.bone.body_0] run data modify entity @s {} merge value {transformation:[-0.9859835063302729f,-0.12896880287258256f,0.10584693255013872f,-0.1576419826524199f,-0.15358833521605336f,0.4538067492554112f,-0.8777642380592852f,1.9257401293651202f,0.06517015060763535f,-0.8817179153311161f,-0.46725407355520066f,-0.20727771468824788f,0f,0f,0f,1f],start_interpolation:0}
execute if entity @s[tag=aj.dino.bone.leg_left_3] run data modify entity @s {} merge value {transformation:[-0.9867845038151977f,0.1557390124608133f,0.044740395929463314f,0.12666146102254033f,0.08706440331992116f,0.7424637342798557f,-0.6642043307249348f,1.506891940743325f,-0.1366606479742453f,-0.6515312450504145f,-0.7462110318256602f,0.06690108270149785f,0f,0f,0f,1f],start_interpolation:0}
execute if entity @s[tag=aj.dino.bone.leg_left_2] run data modify entity @s {} merge value {transformation:[-1.0061843485664297f,-0.17321713274207512f,0.09823991615050721f,0.08775987976955127f,-0.19683356736920538f,0.9418297891317627f,-0.3553524933941321f,1.7151437500761386f,-0.03019607519789354f,-0.3674434279305166f,-0.9571497917327303f,-0.04837650814616934f,0f,0f,0f,1f],start_interpolation:0}
execute if entity @s[tag=aj.dino.bone.leg_left_1] run data modify entity @s {} merge value {transformation:[-0.8937351907427807f,-0.24546131776854874f,0.3754812249730914f,0.01896088918817445f,-0.16786709006374745f,0.9592021886298127f,0.22749022264991392f,1.9670069593529984f,-0.41600246261470064f,0.140285076922334f,-0.8984776281529773f,0.04567139649561425f,0f,0f,0f,1f],start_interpolation:0}
execute if entity @s[tag=aj.dino.bone.leg_left_0] run data modify entity @s {} merge value {transformation:[-0.9093342962291748f,0.41051474828414103f,0.06774052806555146f,0.06889440510302865f,-0.18341185206095625f,-0.24936858147220248f,-0.9508813822439219f,1.9251781095806129f,-0.37345847188805514f,-0.8770934682322916f,0.30205267381582457f,-0.366717097378249f,0f,0f,0f,1f],start_interpolation:0}
execute if entity @s[tag=aj.dino.bone.leg_right_3] run data modify entity @s {} merge value {transformation:[-0.969039627521253f,-0.24180074089471257f,-0.04994599079244917f,-0.25113291554148176f,-0.19425235108617406f,0.62176183769525f,0.7587346316620318f,1.233622910137652f,-0.1524080850577329f,0.7449460509920117f,-0.6494822220203117f,-0.349178773230251f,0f,0f,0f,1f],start_interpolation:0}
execute if entity @s[tag=aj.dino.bone.leg_right_2] run data modify entity @s {} merge value {transformation:[-1.0195371818077354f,-0.06683969315263148f,0.09021413321368726f,-0.2623434423263017f,-0.07404239992045782f,1.0197966606544433f,-0.08120771781523911f,1.4689412166094729f,-0.08440294678655388f,-0.08723202300762366f,-1.0184934541942021f,-0.4008574999411188f,0f,0f,0f,1f],start_interpolation:0}
execute if entity @s[tag=aj.dino.bone.leg_right_1] run data modify entity @s {} merge value {transformation:[-0.8860510614678536f,-0.08870561943377056f,-0.4550217901953279f,-0.2799555983266486f,-0.4631028167145748f,0.2142431743045612f,0.8600207226659903f,1.4723091358821998f,0.021196641779225495f,0.9727441469085157f,-0.23091021422298913f,-0.12392455726264756f,0f,0f,0f,1f],start_interpolation:0}
execute if entity @s[tag=aj.dino.bone.leg_right_0] run data modify entity @s {} merge value {transformation:[-0.8976100759760923f,-0.23008697137728856f,0.37597358565279615f,-0.29653164823257216f,-0.4402196694642979f,0.5113242778882756f,-0.7380746069732909f,1.7843423685983424f,-0.022423071220014613f,-0.8280141716447009f,-0.560258634411467f,-0.4008140204328504f,0f,0f,0f,1f],start_interpolation:0}
execute if entity @s[tag=aj.dino.bone.tail_4] run data modify entity @s {} merge value {transformation:[-0.5564986075630303f,0.960546859580194f,2.528501604098965f,0.7553194520653008f,1.9080805034871557f,1.9690747314997057f,-0.3280774688721608f,1.331408258050705f,-1.9170809642768372f,1.6809984425691749f,-1.0605216377271147f,-1.6833331464259245f,0f,0f,0f,1f],start_interpolation:0}
execute if entity @s[tag=aj.dino.bone.tail_3] run data modify entity @s {} merge value {transformation:[-1.2124170068651223f,0.6019790717550125f,1.5822805455031157f,0.4811323055358294f,0.7884499708924293f,1.9230297792899842f,-0.1274701432025802f,1.3342041276983199f,-1.4981112011157214f,0.5249030302611455f,-1.3476220404693307f,-1.4599628367925592f,0f,0f,0f,1f],start_interpolation:0}
execute if entity @s[tag=aj.dino.bone.tail_2] run data modify entity @s {} merge value {transformation:[-1.441731752419018f,0.21917497695575291f,1.3008250299506119f,0.2382978456305944f,0.08620775087938042f,1.938542046512253f,-0.23107754671361316f,1.3776859664980325f,-1.316340249615533f,-0.11309703083330075f,-1.4398719678713054f,-1.193294055818353f,0f,0f,0f,1f],start_interpolation:0}
execute if entity @s[tag=aj.dino.bone.tail_1] run data modify entity @s {} merge value {transformation:[-1.2794133997802608f,-0.3455921697147561f,0.7289195118081031f,0.08688932213230574f,-0.477899579122207f,1.4257447004064172f,-0.16285051899774158f,1.3957578970026667f,-0.6498996805181038f,-0.36806840599929747f,-1.3152232904596861f,-0.9051525257697812f,0f,0f,0f,1f],start_interpolation:0}
execute if entity @s[tag=aj.dino.bone.tail_0] run data modify entity @s {} merge value {transformation:[-1.2063101445196442f,-0.3543414317848306f,0.2304207055229615f,0.011004146550204999f,-0.4203742052863827f,1.0783558639999622f,-0.5424664733333893f,1.5803018565252582f,-0.04401226355080086f,-0.5877299523434202f,-1.13422755228374f,-0.5878878437905556f,0f,0f,0f,1f],start_interpolation:0}
execute if entity @s[tag=aj.dino.bone.body_1] run data modify entity @s {} merge value {transformation:[-1.1493062228459223f,-0.17517009774240366f,0.42073178872151545f,-0.07501115163739248f,-0.44294431672989576f,0.6979240054083449f,-0.9194057918067019f,1.7470406897185944f,-0.10723867520896944f,-1.0053964962083066f,-0.711535204334779f,-0.35474528699310004f,0f,0f,0f,1f],start_interpolation:0}