execute if entity @s[tag=aj.dino.bone.head_lower] run data modify entity @s {} merge value {transformation:[-0.9403883117742126f,-0.34007319326443014f,0.004477309614076205f,0.5559097305466942f,-0.307895950794235f,0.8568544239843565f,0.41352216335155545f,0.2857650957095849f,-0.14446420512694783f,0.38749286357476337f,-0.9104830443866976f,0.3514968272886527f,0f,0f,0f,1f],start_interpolation:0}
execute if entity @s[tag=aj.dino.bone.head_upper] run data modify entity @s {} merge value {transformation:[-0.9788498018973147f,-0.3272566866620757f,-0.13501136598099917f,0.5389500772990464f,-0.3204887668917397f,0.650560043974908f,0.7466796649588665f,0.3517478896103968f,-0.1503727309232212f,0.7437382824635513f,-0.7125400701549117f,0.3190299585982571f,0f,0f,0f,1f],start_interpolation:0}
execute if entity @s[tag=aj.dino.bone.neck_0] run data modify entity @s {} merge value {transformation:[-0.960147349850151f,-0.2789184320064827f,-0.017932508546685322f,0.5426281444089098f,-0.2740973974438006f,0.9522148943083313f,-0.1347494407109303f,0.3276670727028247f,0.05465970444730822f,-0.12446406447010439f,-0.9907174235700685f,0.25697093561451834f,0f,0f,0f,1f],start_interpolation:0}
execute if entity @s[tag=aj.dino.bone.neck_1] run data modify entity @s {} merge value {transformation:[-0.9322628341707949f,-0.03630522818125016f,-0.35995546728803063f,0.511967938266028f,-0.060590909857495046f,0.9965672841158726f,0.056412674750933395f,0.3370370275775962f,0.3566717674087451f,0.07440146931762218f,-0.931262407539841f,0.17842354514575748f,0f,0f,0f,1f],start_interpolation:0}
execute if entity @s[tag=aj.dino.bone.neck_2] run data modify entity @s {} merge value {transformation:[-0.8901405317089932f,0.047502459656454235f,-0.45320343129263463f,0.4727289974281325f,-0.08675832503176738f,0.958693207191709f,0.27088803502952447f,0.3701550567881066f,0.4473508990116293f,0.2804475901323841f,-0.8492504473607447f,0.10676859376574088f,0f,0f,0f,1f],start_interpolation:0}
execute if entity @s[tag=aj.dino.bone.body_0] run data modify entity @s {} merge value {transformation:[-0.8180611470549877f,-0.05541692976713472f,-0.5724551716722124f,0.20240510619871843f,-0.09273931234096978f,0.9950320274805171f,0.03620337324801742f,0.3966964946890338f,0.5676049503180902f,0.08270567201344586f,-0.8191363697158138f,-0.2784994306119176f,0f,0f,0f,1f],start_interpolation:0}
execute if entity @s[tag=aj.dino.bone.leg_left_3] run data modify entity @s {} merge value {transformation:[-0.8303422428930246f,-0.08263378305322205f,-0.5510929300632461f,0.5129931742592444f,-0.08854325504290987f,0.9959449828229613f,-0.015927434701714455f,0.05131821694056421f,0.5501743829494311f,0.03557034000518078f,-0.8342918549633145f,-0.742551883878695f,0f,0f,0f,1f],start_interpolation:0}
execute if entity @s[tag=aj.dino.bone.leg_left_2] run data modify entity @s {} merge value {transformation:[-0.7719649976175668f,-0.3088573337496885f,-0.6006158417349957f,0.42123964872081765f,-0.5178064866315726f,0.8562847842237129f,0.22519993385858456f,0.25707332979131065f,0.43359968214503025f,0.47270044975298814f,-0.8003797848195225f,-0.6564287385978735f,0f,0f,0f,1f],start_interpolation:0}
execute if entity @s[tag=aj.dino.bone.leg_left_1] run data modify entity @s {} merge value {transformation:[-0.8984685758431127f,0.41686120028698925f,-0.13777139731358987f,0.5596882514278321f,-0.13561509749416076f,0.034946330051274566f,0.9901450900487245f,0.2167544324873633f,0.41756767541812634f,0.9082981304127173f,0.025134492926341068f,-0.4193216813675274f,0f,0f,0f,1f],start_interpolation:0}
execute if entity @s[tag=aj.dino.bone.leg_left_0] run data modify entity @s {} merge value {transformation:[-0.8789937374670818f,-0.36389708268092064f,-0.30813783070237544f,0.33968922919766f,-0.18637680928522352f,0.8570037780773346f,-0.4804250298660907f,0.5706804884857036f,0.43890055189565436f,-0.36486084686835024f,-0.8211229310938772f,-0.4446999332316918f,0f,0f,0f,1f],start_interpolation:0}
execute if entity @s[tag=aj.dino.bone.leg_right_3] run data modify entity @s {} merge value {transformation:[-0.7875964564994643f,0.01270744748281466f,0.6160603399732519f,-0.16451823902387241f,-0.07121900025411079f,0.9912097377448955f,-0.11149488688949238f,0.04440633120295648f,-0.6120618234396688f,-0.1316881793410754f,-0.779768265390135f,-0.0028772045083990117f,0f,0f,0f,1f],start_interpolation:0}
execute if entity @s[tag=aj.dino.bone.leg_right_2] run data modify entity @s {} merge value {transformation:[-0.8171042230792259f,0.03918876910675847f,0.6187625784601763f,-0.13499322090209043f,-0.4492661151147335f,0.6680223533046004f,-0.6355850004490298f,0.1811759301457789f,-0.4272737365395908f,-0.7773497123958913f,-0.515001726407024f,-0.19932929071759037f,0f,0f,0f,1f],start_interpolation:0}
execute if entity @s[tag=aj.dino.bone.leg_right_1] run data modify entity @s {} merge value {transformation:[-0.9810843477039793f,0.16875123540630088f,-0.09485000389617548f,-0.10365720316140851f,0.03405687245598278f,0.632798444209316f,0.7735672294279186f,0.31273865141482826f,0.19056136053453807f,0.7557044062033225f,-0.6265757881662115f,0.04299835942618441f,0f,0f,0f,1f],start_interpolation:0}
execute if entity @s[tag=aj.dino.bone.leg_right_0] run data modify entity @s {} merge value {transformation:[-0.9880199833616081f,-0.09179465474582238f,-0.12405746184015987f,-0.0147170741101115f,0.06355402568457653f,0.49051836374289315f,-0.8691102465454422f,0.5686933248172095f,0.14063213820962697f,-0.8665826424473838f,-0.47880802573839376f,-0.2746242738546826f,0f,0f,0f,1f],start_interpolation:0}
execute if entity @s[tag=aj.dino.bone.tail_4] run data modify entity @s {} merge value {transformation:[-2.291310882639592f,1.5412801761658972f,0.0033450344386099793f,-0.2882017098478216f,0.23445920003413387f,0.34262863963492385f,2.7300724954515907f,1.9236965103220673f,1.5233465312320533f,2.2655512277280208f,-0.4151557682645493f,-1.3004330824757164f,0f,0f,0f,1f],start_interpolation:0}
execute if entity @s[tag=aj.dino.bone.tail_3] run data modify entity @s {} merge value {transformation:[-1.6991101955569723f,1.1807223874988693f,-0.23423217767369467f,-0.26003888386432483f,0.21687450136331304f,0.6988338918814349f,1.9494979272265733f,1.5862950655980819f,1.1840335806290319f,1.566356077417029f,-0.6932089473787656f,-1.1982184858392462f,0f,0f,0f,1f],start_interpolation:0}
execute if entity @s[tag=aj.dino.bone.tail_2] run data modify entity @s {} merge value {transformation:[-1.772745655176668f,0.6987026619607589f,-0.4335450463607802f,-0.18058839625785908f,-0.0822965055323808f,0.8743977138047783f,1.745688917955577f,1.2619225202922129f,0.8181527988292778f,1.6018792411616751f,-0.7637949787121489f,-1.055244516739877f,0f,0f,0f,1f],start_interpolation:0}
execute if entity @s[tag=aj.dino.bone.tail_1] run data modify entity @s {} merge value {transformation:[-1.3635691879951708f,0.533580461848911f,-0.37898180732496073f,-0.10425549387052233f,-0.03354758429473431f,0.8176984299760033f,1.2719670149822155f,0.9782459418782649f,0.6536129429090114f,1.155126581093121f,-0.725347470192003f,-0.913902506455218f,0f,0f,0f,1f],start_interpolation:0}
execute if entity @s[tag=aj.dino.bone.tail_0] run data modify entity @s {} merge value {transformation:[-1.1543951238258687f,0.3520650977372793f,-0.4210199302008451f,0.02727227310509156f,-0.004937607809234146f,0.9738572810600187f,0.8278969336454494f,0.7598161267185382f,0.5488016351107263f,0.7493249493148187f,-0.8781597817129666f,-0.6392012620742041f,0f,0f,0f,1f],start_interpolation:0}
execute if entity @s[tag=aj.dino.bone.body_1] run data modify entity @s {} merge value {transformation:[-1.1146478640190562f,0.2828293230292829f,-0.45406200934322055f,0.11378476787905625f,-0.006249854243195268f,1.0424761235777484f,0.6646871942113071f,0.5350675f,0.5349071635489135f,0.6015444296653064f,-0.9384152708577088f,-0.4615511428984851f,0f,0f,0f,1f],start_interpolation:0}