execute if entity @s[tag=aj.dino.bone.head_lower] run data modify entity @s {} merge value {transformation:[-0.9436662890670903f,-0.3308390068317395f,0.006283823432852942f,0.5553064226220354f,-0.3111358415576518f,0.893610603290381f,0.32350359779330595f,0.30009340135319407f,-0.11264290024923357f,0.30332431693748146f,-0.9462060746887285f,0.3578418002653171f,0f,0f,0f,1f],start_interpolation:0}
execute if entity @s[tag=aj.dino.bone.head_upper] run data modify entity @s {} merge value {transformation:[-0.9822618470956472f,-0.3078947336314248f,-0.1543840643518258f,0.5374449749274369f,-0.3238611678374258f,0.6667968684221356f,0.7307310194681207f,0.365340284362301f,-0.11724994793488547f,0.7376006452328894f,-0.7250308134450558f,0.3243863158771647f,0f,0f,0f,1f],start_interpolation:0}
execute if entity @s[tag=aj.dino.bone.neck_0] run data modify entity @s {} merge value {transformation:[-0.9560809921027834f,-0.2909443625160919f,-0.03550372459140749f,0.540180743720762f,-0.2825539530403903f,0.9470896966666221f,-0.15226414577691771f,0.34021285787708777f,0.07792560658093428f,-0.13554513782511862f,-0.9877019365430864f,0.2626946287415663f,0f,0f,0f,1f],start_interpolation:0}
execute if entity @s[tag=aj.dino.bone.neck_1] run data modify entity @s {} merge value {transformation:[-0.9307036838601096f,-0.046758813636300425f,-0.36277302297241887f,0.5092336952695009f,-0.06699221649664491f,0.9968096406382646f,0.043388745769847f,0.3484806315342975f,0.35958684038502886f,0.06468503442017712f,-0.930866881215554f,0.1841359821427374f,0f,0f,0f,1f],start_interpolation:0}
execute if entity @s[tag=aj.dino.bone.neck_2] run data modify entity @s {} merge value {transformation:[-0.8908664179799275f,0.0370078274254725f,-0.45275539314828683f,0.4699312569246498f,-0.09178562050878267f,0.961454872242163f,0.2591909113175538f,0.38060094340609607f,0.4448959711926274f,0.2724609134372356f,-0.8531310716797953f,0.11206286441117114f,0f,0f,0f,1f],start_interpolation:0}
execute if entity @s[tag=aj.dino.bone.body_0] run data modify entity @s {} merge value {transformation:[-0.8208274591251515f,-0.0660029836998356f,-0.5673498818972883f,0.2019126242250444f,-0.09582639769228099f,0.9951353098921769f,0.02286955423968179f,0.40085918630429f,0.5630804417234438f,0.07313905351124111f,-0.8231592160694133f,-0.27519224636677164f,0f,0f,0f,1f],start_interpolation:0}
execute if entity @s[tag=aj.dino.bone.leg_left_3] run data modify entity @s {} merge value {transformation:[-0.8262358325373217f,-0.06138384105887204f,-0.5599699751667211f,0.504031312182322f,-0.06800377459207249f,0.9976442698168395f,-0.009022058681745937f,0.049217321946745246f,0.5592046456107007f,0.03062572380345327f,-0.8284637767391679f,-0.7335073037408586f,0f,0f,0f,1f],start_interpolation:0}
execute if entity @s[tag=aj.dino.bone.leg_left_2] run data modify entity @s {} merge value {transformation:[-0.781125528138536f,-0.2797341858822149f,-0.6030372244230053f,0.41897730710802716f,-0.49950443088437096f,0.860946715352135f,0.2476454650340811f,0.25678118503640424f,0.4386347367889009f,0.4822672890357378f,-0.7918838482435078f,-0.6448837683445836f,0f,0f,0f,1f],start_interpolation:0}
execute if entity @s[tag=aj.dino.bone.leg_left_1] run data modify entity @s {} merge value {transformation:[-0.9014860632172312f,0.4152468474504091f,-0.12203660724387178f,0.556212921485019f,-0.11560429014491337f,0.04070092784466178f,0.9924611239603672f,0.21750427063307798f,0.4170833560874719f,0.9087978268873013f,0.011312997822444992f,-0.40689827340573426f,0f,0f,0f,1f],start_interpolation:0}
execute if entity @s[tag=aj.dino.bone.leg_left_0] run data modify entity @s {} merge value {transformation:[-0.8825416933486396f,-0.35491816997610554f,-0.30846920773738185f,0.3393537475715756f,-0.16587034377687965f,0.8487898757665197f,-0.5020386198805789f,0.5723491650380078f,0.44000816873855364f,-0.3919041201838388f,-0.8079628531227632f,-0.4438371170366096f,0f,0f,0f,1f],start_interpolation:0}
execute if entity @s[tag=aj.dino.bone.leg_right_3] run data modify entity @s {} merge value {transformation:[-0.7963573879015691f,0.005893766702328329f,0.6047976308226152f,-0.1670768464482637f,-0.027757096096765688f,0.9985428129054412f,-0.04627952475083946f,0.034901882807992f,-0.6041890882421367f,-0.05364246740174383f,-0.7950333523445341f,-0.03233087063646706f,0f,0f,0f,1f],start_interpolation:0}
execute if entity @s[tag=aj.dino.bone.leg_right_2] run data modify entity @s {} merge value {transformation:[-0.8286188806760795f,0.04372072635945602f,0.602943984275834f,-0.13696643749509968f,-0.4058766923402427f,0.7179205230686169f,-0.6098495164157478f,0.18403070099492413f,-0.4480145764400524f,-0.7312597487515492f,-0.5626760334808615f,-0.21948062597923462f,0f,0f,0f,1f],start_interpolation:0}
execute if entity @s[tag=aj.dino.bone.leg_right_1] run data modify entity @s {} merge value {transformation:[-0.9823031404646543f,0.1645984444797185f,-0.08937500941613921f,-0.10707324947001987f,0.025742515005252178f,0.5912990855690299f,0.8060413849961016f,0.3024314503180075f,0.18552051949712284f,0.7894762463051604f,-0.5850721266351965f,0.029720187681546273f,0f,0f,0f,1f],start_interpolation:0}
execute if entity @s[tag=aj.dino.bone.leg_right_0] run data modify entity @s {} merge value {transformation:[-0.9889333739904067f,-0.08648379488478769f,-0.12054598720105333f,-0.01622755515044222f,0.057322181144094514f,0.5266887522811384f,-0.8481232963251397f,0.5716039365006071f,0.1368391367878144f,-0.8456473919092182f,-0.5159026450797692f,-0.2762218183756885f,0f,0f,0f,1f],start_interpolation:0}
execute if entity @s[tag=aj.dino.bone.tail_4] run data modify entity @s {} merge value {transformation:[-2.342378410124173f,1.4625023146128762f,0.0034198152193064225f,-0.27902943865510443f,0.23125617894939512f,0.36400740256661385f,2.727577775641684f,1.9130843715146293f,1.4441070926637951f,2.3139245714216115f,-0.4312413643070826f,-1.3215788366221017f,0f,0f,0f,1f],start_interpolation:0}
execute if entity @s[tag=aj.dino.bone.tail_3] run data modify entity @s {} merge value {transformation:[-1.7562356786276538f,1.0942982378726769f,-0.23257930636336496f,-0.25030115041284984f,0.18956287565987354f,0.717716241602853f,1.9454806189616694f,1.5761793352003746f,1.102564140234603f,1.6196728957331705f,-0.7049521640086667f,-1.217894771329858f,0f,0f,0f,1f],start_interpolation:0}
execute if entity @s[tag=aj.dino.bone.tail_2] run data modify entity @s {} merge value {transformation:[-1.7719726741787498f,0.7179915525964577f,-0.40419654546608347f,-0.17630132359745193f,-0.03101342751751106f,0.8998410489911773f,1.7343869605329862f,1.2539517744250133f,0.823361940024072f,1.5790972395496619f,-0.8045501219745175f,-1.0673460792824256f,0f,0f,0f,1f],start_interpolation:0}
execute if entity @s[tag=aj.dino.bone.tail_1] run data modify entity @s {} merge value {transformation:[-1.3681506242934962f,0.5325608567651878f,-0.3635918770913982f,-0.10326332189620233f,-0.012609471044626647f,0.8305607898616124f,1.2639881429762028f,0.9718149274991912f,0.6447178611495822f,1.1463873508487363f,-0.7468541834446163f,-0.9212607380839617f,0f,0f,0f,1f],start_interpolation:0}
execute if entity @s[tag=aj.dino.bone.tail_0] run data modify entity @s {} merge value {transformation:[-1.1569480590621923f,0.3474393662561967f,-0.41784302314594923f,0.02722445185912528f,-0.0018874786954930721f,0.9802596993863423f,0.8203188866332406f,0.7557540955657528f,0.5434182023455121f,0.7431100356733974f,-0.886746778299804f,-0.6442001506569691f,0f,0f,0f,1f],start_interpolation:0}
execute if entity @s[tag=aj.dino.bone.body_1] run data modify entity @s {} merge value {transformation:[-1.1183433699259475f,0.2725090424057949f,-0.4512776571092374f,0.11378476787905625f,-0.002343827944556477f,1.0557885528563262f,0.6433580909449734f,0.5350675f,0.5271690511301779f,0.5827983772462576f,-0.9544859548814151f,-0.4615511428984851f,0f,0f,0f,1f],start_interpolation:0}