execute if entity @s[tag=aj.dino.bone.head_lower] run data modify entity @s {} merge value {transformation:[-0.9473363275455005f,-0.3202145842780525f,0.004062330395039476f,0.5553970293879742f,-0.30570447392000805f,0.9080419051904002f,0.28636458063713083f,0.30272001401123017f,-0.09538688137210218f,0.270041697583582f,-0.9581121147487293f,0.35998103469075715f,0f,0f,0f,1f],start_interpolation:0}
execute if entity @s[tag=aj.dino.bone.head_upper] run data modify entity @s {} merge value {transformation:[-0.9860819886186417f,-0.2918823888927405f,-0.1609935568887132f,0.5374383077780881f,-0.3182076595264723f,0.6745128579778397f,0.7261186076838679f,0.36782394501999377f,-0.09928816507568726f,0.7370949857788622f,-0.7282202859019168f,0.32629989787589253f,0f,0f,0f,1f],start_interpolation:0}
execute if entity @s[tag=aj.dino.bone.neck_0] run data modify entity @s {} merge value {transformation:[-0.9559445355920647f,-0.28964627998036374f,-0.04769777107170475f,0.5393644722561903f,-0.279360589914871f,0.9475579287512891f,-0.1552147946008442f,0.3424970919092297f,0.09015378901680846f,-0.13505185727750593f,-0.9867285797886921f,0.26465919171343877f,0f,0f,0f,1f],start_interpolation:0}
execute if entity @s[tag=aj.dino.bone.neck_1] run data modify entity @s {} merge value {transformation:[-0.9297934755112061f,-0.04653985129574293f,-0.3651275600912134f,0.5082189723398003f,-0.06646868135637582f,0.9968959071962064f,0.042195552066506936f,0.35066418381834824f,0.3620303955409505f,0.06350269645316525f,-0.9300007528210072f,0.18616847067434145f,0f,0f,0f,1f],start_interpolation:0}
execute if entity @s[tag=aj.dino.bone.neck_2] run data modify entity @s {} merge value {transformation:[-0.8911623506710435f,0.03675649687393054f,-0.45219312763908404f,0.4689633319873655f,-0.09063325118374747f,0.9621979355851871f,0.25682824325892967f,0.3825847833027437f,0.4445394004206195f,0.2698593943022198f,-0.854143213273111f,0.1139812112498575f,0f,0f,0f,1f],start_interpolation:0}
execute if entity @s[tag=aj.dino.bone.body_0] run data modify entity @s {} merge value {transformation:[-0.8222359280805321f,-0.06539000136936819f,-0.5653779499542408f,0.20187990284069918f,-0.09452739318764869f,0.9952710726830327f,0.02236210673243788f,0.4026051614039881f,0.5612420605324352f,0.07183063135793322f,-0.8245287805092234f,-0.2739318344692391f,0f,0f,0f,1f],start_interpolation:0}
execute if entity @s[tag=aj.dino.bone.leg_left_3] run data modify entity @s {} merge value {transformation:[-0.8254789662067422f,-0.049509962952204806f,-0.5622572720016339f,0.49842067870406886f,-0.062088953720702764f,0.9980652607029592f,0.0032706580074831626f,0.04862847549173302f,0.5610075206056658f,0.037609825131271035f,-0.8269559014103949f,-0.7323943297307715f,0f,0f,0f,1f],start_interpolation:0}
execute if entity @s[tag=aj.dino.bone.leg_left_2] run data modify entity @s {} merge value {transformation:[-0.7857348301007407f,-0.26808178487040196f,-0.6023413757064625f,0.4160971854582749f,-0.4911695503924525f,0.8631271831919629f,0.2565660497865562f,0.2569892190468988f,0.43981297051648033f,0.48498022821193565f,-0.7895700910683375f,-0.6430650788049759f,0f,0f,0f,1f],start_interpolation:0}
execute if entity @s[tag=aj.dino.bone.leg_left_1] run data modify entity @s {} merge value {transformation:[-0.9022838461982629f,0.4163025557060157f,-0.11214295788104184f,0.5531107690630943f,-0.10611672412194577f,0.03767045653761164f,0.9936398631123221f,0.21663755358025133f,0.4178792908858925f,0.9084454407485831f,0.010187219042315399f,-0.4051314606220916f,0f,0f,0f,1f],start_interpolation:0}
execute if entity @s[tag=aj.dino.bone.leg_left_0] run data modify entity @s {} merge value {transformation:[-0.8837528080211194f,-0.34793902405775345f,-0.3129207724848644f,0.3392133967366737f,-0.1564319661834777f,0.8498909407851447f,-0.5032041620727246f,0.5731070975688446f,0.441032894771759f,-0.395757279540225f,-0.8055222910758975f,-0.44366270618812614f,0f,0f,0f,1f],start_interpolation:0}
execute if entity @s[tag=aj.dino.bone.leg_right_3] run data modify entity @s {} merge value {transformation:[-0.8052589274600982f,0.006143561723647495f,0.5928914878754459f,-0.16571920412374755f,-0.014399244944843112f,0.9994487784691143f,-0.029913223858587135f,0.030170969806839365f,-0.592748447058979f,-0.032625080320870525f,-0.8047265887512519f,-0.04249739685632939f,0f,0f,0f,1f],start_interpolation:0}
execute if entity @s[tag=aj.dino.bone.leg_right_2] run data modify entity @s {} merge value {transformation:[-0.8375923856142811f,0.04185763251238207f,0.5905498570503003f,-0.13641219238675106f,-0.3873459708634554f,0.7350149119928305f,-0.6014801555369166f,0.1835143678118033f,-0.44773239096308315f,-0.7141871024103732f,-0.5844096921970506f,-0.22633964830401598f,0f,0f,0f,1f],start_interpolation:0}
execute if entity @s[tag=aj.dino.bone.leg_right_1] run data modify entity @s {} merge value {transformation:[-0.9824602021637322f,0.16245267248429415f,-0.09154824065545455f,-0.10698981150403773f,0.020026555704979247f,0.5800303501484846f,0.8143486538167921f,0.2982993305811755f,0.1853938732293861f,0.7982317471194298f,-0.5731101025629103f,0.024602818179821795f,0f,0f,0f,1f],start_interpolation:0}
execute if entity @s[tag=aj.dino.bone.leg_right_0] run data modify entity @s {} merge value {transformation:[-0.9891517219050386f,-0.08748942842984853f,-0.11800199559886858f,-0.016720669873465266f,0.052389179769726235f,0.5403698514111642f,-0.8397950925844541f,0.5727390809001104f,0.13723791347638692f,-0.8368667896379298f,-0.5299242695949611f,-0.2767965581941406f,0f,0f,0f,1f],start_interpolation:0}
execute if entity @s[tag=aj.dino.bone.tail_4] run data modify entity @s {} merge value {transformation:[-2.3609583106427867f,1.4322020418737664f,-0.018289293572272117f,-0.2833238510536985f,0.231431590784867f,0.41624622600878725f,2.7200808498499134f,1.900356425940081f,1.413498003462878f,2.3240477022182784f,-0.4759065072263658f,-1.3426065146414192f,0f,0f,0f,1f],start_interpolation:0}
execute if entity @s[tag=aj.dino.bone.tail_3] run data modify entity @s {} merge value {transformation:[-1.7755068498395878f,1.0596200746411086f,-0.24642696612732834f,-0.2519081583918651f,0.1821650950402776f,0.7545901723606193f,1.9321891925922217f,1.565344284004163f,1.0725375659463465f,1.625959561378692f,-0.7361142577341796f,-1.2337000297800889f,0f,0f,0f,1f],start_interpolation:0}
execute if entity @s[tag=aj.dino.bone.tail_2] run data modify entity @s {} merge value {transformation:[-1.7714989876945884f,0.7176982184258894f,-0.40678554407467543f,-0.1774267619244631f,-0.015398903328904333f,0.9346552909969769f,1.7160874790611345f,1.2465383870971556f,0.8248200321137283f,1.5588786448221166f,-0.8416312496243507f,-1.076261769986845f,0f,0f,0f,1f],start_interpolation:0}
execute if entity @s[tag=aj.dino.bone.tail_1] run data modify entity @s {} merge value {transformation:[-1.3694813781753123f,0.5275267868092554f,-0.36591323292517025f,-0.10382642267761893f,-0.006226256668551363f,0.8510948054614393f,1.2503020098538002f,0.9670895378512143f,0.6419799362588715f,1.133582538377889f,-0.7684455999781622f,-0.9253710555054803f,0f,0f,0f,1f],start_interpolation:0}
execute if entity @s[tag=aj.dino.bone.tail_0] run data modify entity @s {} merge value {transformation:[-1.157714191158303f,0.3429570882781195f,-0.4194210340153412f,0.027014317178041453f,-0.000939458836978729f,0.9882498921389384f,0.8106768682332669f,0.7540391453800053f,0.5417865683013906f,0.734559938242754f,-0.8948322346233577f,-0.6461540388989195f,0f,0f,0f,1f],start_interpolation:0}
execute if entity @s[tag=aj.dino.bone.body_1] run data modify entity @s {} merge value {transformation:[-1.1194528522086478f,0.26839805065750205f,-0.45099045792724507f,0.11378476787905625f,-0.0011574540009567833f,1.06118694656282f,0.6344174649244487f,0.5350675f,0.5248128876451196f,0.5748472370153496f,-0.9605866343613468f,-0.4615511428984851f,0f,0f,0f,1f],start_interpolation:0}