execute if entity @s[tag=aj.dino.bone.head_lower] run data modify entity @s {} merge value {transformation:[0.6640149506505021f,0.2000182745467057f,-0.720469871098001f,0.6158958083497016f,0.03841586564105888f,0.9531580409729523f,0.3000232827559414f,0.9805253434492908f,0.746731790256488f,-0.22689741905971977f,0.6252273143780416f,-0.30649243142155935f,0f,0f,0f,1f],start_interpolation:0}
execute if entity @s[tag=aj.dino.bone.head_upper] run data modify entity @s {} merge value {transformation:[0.6911728854592116f,-0.17051634541327232f,-0.7593919679166989f,0.5599309870856497f,0.03998705853916751f,1.0220496867175863f,-0.19309949666784632f,0.9901758415550019f,0.7772728093397324f,0.09904825294214974f,0.6852068053031399f,-0.256790689409923f,0f,0f,0f,1f],start_interpolation:0}
execute if entity @s[tag=aj.dino.bone.neck_0] run data modify entity @s {} merge value {transformation:[0.6519972432121146f,-0.5782806018960847f,-0.49039896035218594f,0.5373967726469158f,0.11499938345698409f,0.7147132875509434f,-0.6898985855925751f,0.9339274095305925f,0.7494496224886075f,0.39341639781384896f,0.5324930058534658f,-0.2289867449285832f,0f,0f,0f,1f],start_interpolation:0}
execute if entity @s[tag=aj.dino.bone.neck_1] run data modify entity @s {} merge value {transformation:[0.7140763389968859f,-0.5464865231545959f,-0.43754709700237515f,0.4978131956238086f,0.0892282883335299f,0.6909563522300898f,-0.7173685467554013f,0.8763400277034139f,0.6943581890104508f,0.47321432704778665f,0.5421576394655319f,-0.18087883779391642f,0f,0f,0f,1f],start_interpolation:0}
execute if entity @s[tag=aj.dino.bone.neck_2] run data modify entity @s {} merge value {transformation:[0.7629656607769598f,-0.44897625144353975f,-0.465084644032551f,0.45267253455993745f,0.008640461376163984f,0.726474948021405f,-0.6871386267155295f,0.8232541742514052f,0.6463812674439012f,0.5202446304739766f,0.5581548007144715f,-0.12688677100508902f,0f,0f,0f,1f],start_interpolation:0}
execute if entity @s[tag=aj.dino.bone.body_0] run data modify entity @s {} merge value {transformation:[0.7128380601723011f,-0.38725683898120106f,-0.5847170603224086f,0.1734084712566179f,-0.03413592390997093f,0.8135810549744731f,-0.580448624501287f,0.5574412907312412f,0.7004974223140322f,0.43372572859920555f,0.5667321710318595f,0.14434375567865312f,0f,0f,0f,1f],start_interpolation:0}
execute if entity @s[tag=aj.dino.bone.leg_left_3] run data modify entity @s {} merge value {transformation:[0.985293050030207f,-0.011714491442488227f,0.1704710422694003f,-0.02175446317213758f,0.005714596654441791f,0.9993482048396761f,0.035644198248702366f,0.03401341787435125f,-0.1707774837244322f,-0.03414580756051315f,0.9847177843823024f,-0.007076189489528081f,0f,0f,0f,1f],start_interpolation:0}
execute if entity @s[tag=aj.dino.bone.leg_left_2] run data modify entity @s {} merge value {transformation:[1.0167163786712288f,-0.11495495525276692f,0.07166144783069327f,-0.04475832490331474f,0.11656925123214816f,1.0188697397499522f,-0.019448974002097958f,0.271090257472255f,-0.06900445282395315f,0.02742282234548868f,1.023009566820256f,0.030824556383584417f,0f,0f,0f,1f],start_interpolation:0}
execute if entity @s[tag=aj.dino.bone.leg_left_1] run data modify entity @s {} merge value {transformation:[0.9093912060453132f,-0.07718960616235152f,-0.40871677120954003f,-0.062162618103267335f,0.32647554177736593f,0.7413141594703825f,0.5864017714757475f,0.434879633118734f,0.257723407917531f,-0.6667046435035684f,0.6993450960306741f,-0.19252162483139004f,0f,0f,0f,1f],start_interpolation:0}
execute if entity @s[tag=aj.dino.bone.leg_left_0] run data modify entity @s {} merge value {transformation:[0.9279316959110722f,-0.327955068775093f,0.1771672672598568f,-0.09745512159510686f,0.22541654089646285f,0.11518112605831027f,-0.9674299412826817f,0.5850687794314411f,0.29686722758478223f,0.9376453386353838f,0.18080671481297778f,0.1954280343920611f,0f,0f,0f,1f],start_interpolation:0}
execute if entity @s[tag=aj.dino.bone.leg_right_3] run data modify entity @s {} merge value {transformation:[0.5239127995245542f,0.11713430697211696f,-0.843679401564662f,0.3078197457534881f,0.1530292299139864f,0.9614385203099667f,0.22851263959815027f,0.17865881379089407f,0.8379125451300251f,-0.24882830585434546f,0.48578497395388825f,0.6849498125624803f,0f,0f,0f,1f],start_interpolation:0}
execute if entity @s[tag=aj.dino.bone.leg_right_2] run data modify entity @s {} merge value {transformation:[0.8213719696654268f,0.009099819542352476f,-0.6142698757329129f,0.28968295128226884f,0.42675608269274123f,0.7292923883123206f,0.5814413622500142f,0.36596289294869383f,0.44191575309483805f,-0.7211879124990257f,0.5802246647055036f,0.5340879198155939f,0f,0f,0f,1f],start_interpolation:0}
execute if entity @s[tag=aj.dino.bone.leg_right_1] run data modify entity @s {} merge value {transformation:[0.871367250835223f,0.4867670909049958f,0.06145659756082489f,0.4360167543420954f,0.029836256210162074f,-0.17760061410605116f,0.9836502527242676f,0.2661394430893086f,0.4897233014542262f,-0.8552869817090878f,-0.16927866649915374f,0.3204642259050532f,0f,0f,0f,1f],start_interpolation:0}
execute if entity @s[tag=aj.dino.bone.leg_right_0] run data modify entity @s {} merge value {transformation:[0.8568022656416707f,-0.3465579884836312f,-0.38182121236185845f,0.23140423905872734f,0.039653519374323196f,0.7825630834698272f,-0.6213071855301744f,0.6193666932831422f,0.514118153727847f,0.5171968493797847f,0.6842440668351419f,0.40805136465481173f,0f,0f,0f,1f],start_interpolation:0}
execute if entity @s[tag=aj.dino.bone.tail_4] run data modify entity @s {} merge value {transformation:[2.5099577883703583f,-0.14803715235374787f,-1.1418661190008095f,-0.5401892435803427f,0.6219564259955971f,2.4789592184218874f,1.0457498406234316f,0.6967815943236102f,0.9689909371927897f,-1.2076868495285282f,2.286528016166453f,1.8521310477465323f,0f,0f,0f,1f],start_interpolation:0}
execute if entity @s[tag=aj.dino.bone.tail_3] run data modify entity @s {} merge value {transformation:[2.0074115294898154f,0.12128896287277414f,-0.5399383898196625f,-0.4498225533403245f,0.1281499161678873f,1.8745553443032843f,0.8975329443394287f,0.5262491788207597f,0.5383512573608111f,-0.8984858233014514f,1.799679603448567f,1.5557642817409738f,0f,0f,0f,1f],start_interpolation:0}
execute if entity @s[tag=aj.dino.bone.tail_2] run data modify entity @s {} merge value {transformation:[1.9057773540675063f,0.0982340709977901f,-0.4208760138347534f,-0.3701500290049234f,0.013416236362431909f,1.888656014957951f,0.5015698722688557f,0.43346776678555987f,0.4319798100931312f,-0.4920390222951123f,1.8412128935062204f,1.21368916949818f,0f,0f,0f,1f],start_interpolation:0}
execute if entity @s[tag=aj.dino.bone.tail_1] run data modify entity @s {} merge value {transformation:[1.4434564971906314f,0.09745007308142925f,-0.44112704969722377f,-0.27779467382485f,-0.026047341768215708f,1.4923874371300798f,0.2444535200874034f,0.3626460868387955f,0.4510112268058995f,-0.22569774201957993f,1.4259402696264318f,0.9091707710098313f,0f,0f,0f,1f],start_interpolation:0}
execute if entity @s[tag=aj.dino.bone.tail_0] run data modify entity @s {} merge value {transformation:[1.1365210980319236f,-0.11991606257229027f,-0.5725169414519509f,-0.11338570520243801f,-0.0427987243420498f,1.2306667204081443f,-0.3427293524905379f,0.4924977496116102f,0.5833727620544442f,0.32390627934797556f,1.09022780155156f,0.598397303653895f,0f,0f,0f,1f],start_interpolation:0}
execute if entity @s[tag=aj.dino.bone.body_1] run data modify entity @s {} merge value {transformation:[1.03429984312988f,-0.2782080263489369f,-0.6175991609715681f,0.04893673341353235f,0.10787081397338658f,1.1805374464777096f,-0.3511407410325071f,0.49461547850576415f,0.668724395435425f,0.2398671019443235f,1.0118676056730975f,0.3469955078108131f,0f,0f,0f,1f],start_interpolation:0}