execute if entity @s[tag=aj.dino.bone.head_lower] run data modify entity @s {} merge value {transformation:[-0.9401999286796177f,-0.3405628077123895f,0.006408440831891821f,0.555622488013387f,-0.3114640606387665f,0.8671782505159987f,0.3885769174338875f,0.2908068817770424f,-0.1378921065226453f,0.3633439910540223f,-0.921394004280298f,0.3533434768512597f,0f,0f,0f,1f],start_interpolation:0}
execute if entity @s[tag=aj.dino.bone.head_upper] run data modify entity @s {} merge value {transformation:[-0.9786537140126438f,-0.32546260217504597f,-0.14065185821102114f,0.5383143406556226f,-0.32420281094220016f,0.6542881955480411f,0.7418028290099541f,0.35653604116828697f,-0.14353183622437712f,0.7412509658242901f,-0.7165316184496834f,0.32054771290895845f,0f,0f,0f,1f],start_interpolation:0}
execute if entity @s[tag=aj.dino.bone.neck_0] run data modify entity @s {} merge value {transformation:[-0.9584371558423321f,-0.2845659963553508f,-0.020503951305725132f,0.5419172514073577f,-0.2790109140981587f,0.9498845607205364f,-0.14096890124727274f,0.33209247564452077f,0.05959134261762322f,-0.1293890065772203f,-0.9898016755198936f,0.25862625142025275f,0f,0f,0f,1f],start_interpolation:0}
execute if entity @s[tag=aj.dino.bone.neck_1] run data modify entity @s {} merge value {transformation:[-0.9319775209396554f,-0.04086299045563517f,-0.3602056585815896f,0.5112148537370729f,-0.06354689299393426f,0.9966567048421702f,0.05135372512257219f,0.34103428303716465f,0.3569029179678858f,0.07075046787244516f,-0.931458361088588f,0.18004544140674f,0f,0f,0f,1f],start_interpolation:0}
execute if entity @s[tag=aj.dino.bone.neck_2] run data modify entity @s {} merge value {transformation:[-0.8903446724199706f,0.04311435569784734f,-0.4532411241559338f,0.47192964844133617f,-0.08938379595937927f,0.9595799941983343f,0.2668647068351615f,0.3738085207219242f,0.44642681518169036f,0.278113982149557f,-0.8505032108226568f,0.10825789107107708f,0f,0f,0f,1f],start_interpolation:0}
execute if entity @s[tag=aj.dino.bone.body_0] run data modify entity @s {} merge value {transformation:[-0.8186828919595174f,-0.06019729950894315f,-0.5710819621951229f,0.20220740669168596f,-0.09459432781278448f,0.995041789776709f,0.030720510145686164f,0.3977659988015334f,0.5664011260215225f,0.07917147042839567f,-0.8203180131581634f,-0.27760070511764745f,0f,0f,0f,1f],start_interpolation:0}
execute if entity @s[tag=aj.dino.bone.leg_left_3] run data modify entity @s {} merge value {transformation:[-0.8289463739869021f,-0.078343882202206f,-0.5538141792834973f,0.51146456591625f,-0.08216533607621529f,0.9964565742634262f,-0.017976461127799326f,0.050646637931784144f,0.5532601256203538f,0.030602805895596413f,-0.8324462154817369f,-0.7391327592221262f,0f,0f,0f,1f],start_interpolation:0}
execute if entity @s[tag=aj.dino.bone.leg_left_2] run data modify entity @s {} merge value {transformation:[-0.7740050673058603f,-0.30117187187359884f,-0.6018918996611412f,0.4214599095569904f,-0.5133614917791792f,0.8573750542955008f,0.23114972318983368f,0.25684666216198687f,0.4352451424700804f,0.4756739633032628f,-0.7977205940003427f,-0.652231758611483f,0f,0f,0f,1f],start_interpolation:0}
execute if entity @s[tag=aj.dino.bone.leg_left_1] run data modify entity @s {} merge value {transformation:[-0.899427893017332f,0.41567601299474927f,-0.13506634474654222f,0.5594621734706948f,-0.13091310924721228f,0.03862473783269704f,0.9906411496877072f,0.21740712112430022f,0.4170026655665768f,0.9086922371453076f,0.01967727273341796f,-0.41471695187894575f,0f,0f,0f,1f],start_interpolation:0}
execute if entity @s[tag=aj.dino.bone.leg_left_0] run data modify entity @s {} merge value {transformation:[-0.8800124555342226f,-0.3628836685792726f,-0.3064204973285507f,0.3396027968028694f,-0.18144573187445617f,0.8530927161500201f,-0.48919348323165945f,0.5710847381151154f,0.43892542019023084f,-0.3748976670109183f,-0.8165759087681925f,-0.44440324998744274f,0f,0f,0f,1f],start_interpolation:0}
execute if entity @s[tag=aj.dino.bone.leg_right_3] run data modify entity @s {} merge value {transformation:[-0.7876783725659449f,0.009804885285237708f,0.6160086408618046f,-0.16619793768239993f,-0.058188899173560196f,0.9942196096579924f,-0.0902298164936508f,0.04226679901275421f,-0.6133325634636022f,-0.10691693970579214f,-0.7825547486272855f,-0.01134253846881425f,0f,0f,0f,1f],start_interpolation:0}
execute if entity @s[tag=aj.dino.bone.leg_right_2] run data modify entity @s {} merge value {transformation:[-0.8183745865525821f,0.041977081890246064f,0.6168980144088357f,-0.13607862046574237f,-0.4383375274119604f,0.6823690914800338f,-0.6279290043912414f,0.18260025199050833f,-0.4361025655140697f,-0.7646388344109829f,-0.5265018563721819f,-0.20517344614805516f,0f,0f,0f,1f],start_interpolation:0}
execute if entity @s[tag=aj.dino.bone.leg_right_1] run data modify entity @s {} merge value {transformation:[-0.9815273818476891f,0.16795327970015056f,-0.09162802257597695f,-0.10513908746296738f,0.03284181525098968f,0.6197196793191714f,0.7841357881359342f,0.310025166204882f,0.18848186611512696f,0.766641516552884f,-0.6137877249043459f,0.039405829741778364f,0f,0f,0f,1f],start_interpolation:0}
execute if entity @s[tag=aj.dino.bone.leg_right_0] run data modify entity @s {} merge value {transformation:[-0.9883100622752127f,-0.08916008227687916f,-0.12366770206462638f,-0.015162539411506332f,0.06290920073149667f,0.5003892874305625f,-0.8635120112008039f,0.5694747311304725f,0.13887279528003077f,-0.8611974458584474f,-0.4889307783091558f,-0.27507377631419133f,0f,0f,0f,1f],start_interpolation:0}
execute if entity @s[tag=aj.dino.bone.tail_4] run data modify entity @s {} merge value {transformation:[-2.308641600729356f,1.5151711358339781f,0.009577062042608898f,-0.28274511208522735f,0.2281123345664328f,0.33030187028334984f,2.73212861500076f,1.9242776439453264f,1.4979319256229393f,2.2849110344218855f,-0.4013014360510804f,-1.300597434271605f,0f,0f,0f,1f],start_interpolation:0}
execute if entity @s[tag=aj.dino.bone.tail_3] run data modify entity @s {} merge value {transformation:[-1.7180513798912365f,1.154032743460992f,-0.22902709254181722f,-0.2552036970707306f,0.20434549244674996f,0.6918710352697273f,1.9533312356883903f,1.5862943487810193f,1.1586578018616873f,1.5891722447925947f,-0.6840973619378685f,-1.2001510999251401f,0f,0f,0f,1f],start_interpolation:0}
execute if entity @s[tag=aj.dino.bone.tail_2] run data modify entity @s {} merge value {transformation:[-1.7727154636016629f,0.7070568985847998f,-0.4199098739895993f,-0.1782859479872686f,-0.06666335069299031f,0.8710032232753496f,1.748051274339832f,1.2614933987123487f,0.819640017193341f,1.6000618119967647f,-0.7660067330041587f,-1.0567653032799944f,0f,0f,0f,1f],start_interpolation:0}
execute if entity @s[tag=aj.dino.bone.tail_1] run data modify entity @s {} merge value {transformation:[-1.3650127647233194f,0.5351986009046807f,-0.37142813535335806f,-0.10359691245739804f,-0.02720700022719507f,0.8147652144515396f,1.2739990873067273f,0.9774093389197992f,0.6508887626015966f,1.1564498920875943f,-0.7256884426594885f,-0.915363493029103f,0f,0f,0f,1f],start_interpolation:0}
execute if entity @s[tag=aj.dino.bone.tail_0] run data modify entity @s {} merge value {transformation:[-1.1551750819912119f,0.35191287898702966f,-0.4190030693606969f,0.027337807594919897f,-0.004020392854199417f,0.9733081190804382f,0.8285474388092844f,0.7587761787752397f,0.547165498703932f,0.7501095570109656f,-0.8785108343628539f,-0.6405407289232056f,0f,0f,0f,1f],start_interpolation:0}
execute if entity @s[tag=aj.dino.bone.body_1] run data modify entity @s {} merge value {transformation:[-1.1157770630731472f,0.2800887705040823f,-0.4529861159170595f,0.11378476787905625f,-0.005063653862074295f,1.0459575702921278f,0.659205366797331f,0.5350675f,0.5325603252080249f,0.5967643059385759f,-0.94279184247013f,-0.4615511428984851f,0f,0f,0f,1f],start_interpolation:0}