execute if entity @s[tag=aj.dino.bone.head_lower] run data modify entity @s {} merge value {transformation:[0.011048947478810495f,0.6540804528695616f,-0.7563442879625388f,0.45243836133596066f,-0.6207465675263091f,0.597482584415631f,0.5076300426731303f,0.21881960100677242f,0.7839334280816935f,0.4638893429407145f,0.41261974969954646f,0.07857727392760058f,0f,0f,0f,1f],start_interpolation:0}
execute if entity @s[tag=aj.dino.bone.head_upper] run data modify entity @s {} merge value {transformation:[0.011500844826965728f,0.9871893226055289f,-0.3298437728461921f,0.451870446101188f,-0.6461348434937321f,0.26537868976624496f,0.771722655897045f,0.2777785573782229f,0.8159959786513065f,0.1962226667209867f,0.6157265387112272f,0.12568327596208004f,0f,0f,0f,1f],start_interpolation:0}
execute if entity @s[tag=aj.dino.bone.neck_0] run data modify entity @s {} merge value {transformation:[0.08917020761420946f,0.575761433177567f,-0.812740700432403f,0.38994260778592094f,-0.18589598820841946f,0.8112736062217487f,0.5543264538302086f,0.30051392111918435f,0.9785148724685047f,0.10165583068999641f,0.1793731764915616f,0.13531563452378279f,0f,0f,0f,1f],start_interpolation:0}
execute if entity @s[tag=aj.dino.bone.neck_1] run data modify entity @s {} merge value {transformation:[-0.07679557826612565f,0.45953985960223653f,-0.8848308067622467f,0.317102867739525f,-0.10957795330377755f,0.8781857079548855f,0.4655991135016603f,0.3440019688044743f,0.9910071197062746f,0.13271390198669286f,-0.01708534199072384f,0.13447967816926978f,0f,0f,0f,1f],start_interpolation:0}
execute if entity @s[tag=aj.dino.bone.neck_2] run data modify entity @s {} merge value {transformation:[-0.2746134643697038f,0.4482598191725604f,-0.8506765423486492f,0.24696596634780205f,-0.1329071802934099f,0.8585018202135144f,0.4952881041540749f,0.39579819077268047f,0.9523251160256798f,0.2490738027281597f,-0.17617921041147078f,0.12148364619298224f,0f,0f,0f,1f],start_interpolation:0}
execute if entity @s[tag=aj.dino.bone.body_0] run data modify entity @s {} merge value {transformation:[-0.37777018871185514f,0.657272671123915f,-0.6521367343695982f,-0.05412228726454149f,-0.0035742181046177213f,0.7032874029407417f,0.710896654816864f,0.7375408099476771f,0.9258924934815869f,0.2708864423674633f,-0.2633317790467927f,-0.00004310180599670366f,0f,0f,0f,1f],start_interpolation:0}
execute if entity @s[tag=aj.dino.bone.leg_left_3] run data modify entity @s {} merge value {transformation:[0.2599434039423866f,-0.12587916922149767f,-0.9573838631933125f,0.01644462234131501f,0.2900868209158131f,0.9558496973793729f,-0.04691473489979242f,-0.02468776750572496f,0.9210206637626555f,-0.2655292653849408f,0.2849827120130824f,0.00785728762796363f,0f,0f,0f,1f],start_interpolation:0}
execute if entity @s[tag=aj.dino.bone.leg_left_2] run data modify entity @s {} merge value {transformation:[0.1453186211118473f,-0.1992293968493283f,-0.9956165653954835f,-0.060539028012372f,0.39128955264649673f,0.9390663964172773f,-0.1308013326012671f,0.19077193709796966f,0.936929657897833f,-0.3612812616945635f,0.2090475199578518f,-0.0684428128721374f,0f,0f,0f,1f],start_interpolation:0}
execute if entity @s[tag=aj.dino.bone.leg_left_1] run data modify entity @s {} merge value {transformation:[-0.24103171995992456f,0.3850616151767265f,-0.8908598444708639f,0.09611834242981508f,0.466628522781812f,0.8508405014674518f,0.24151244851783282f,0.399816599309275f,0.8509768103183687f,-0.35748845237308785f,-0.3847602821501589f,-0.16210274639157915f,0f,0f,0f,1f],start_interpolation:0}
execute if entity @s[tag=aj.dino.bone.leg_left_0] run data modify entity @s {} merge value {transformation:[-0.34905292214131434f,-0.3673828883960694f,-0.8620857676927345f,-0.018535296652175626f,0.4304377585216647f,0.7543030120859116f,-0.49573208691486403f,0.7863855862982154f,0.8323973772084191f,-0.5441109990359342f,-0.10515620354816346f,-0.27039051074219317f,0f,0f,0f,1f],start_interpolation:0}
execute if entity @s[tag=aj.dino.bone.leg_right_3] run data modify entity @s {} merge value {transformation:[-0.6929272658467296f,0.5705734900170487f,-0.4407921241763978f,-0.5369581308978977f,0.49858194191395955f,0.8208142160805708f,0.2787114455442088f,0.6569418753808921f,0.5208338040521958f,-0.02664423333110927f,-0.8532421891741618f,0.21994827533027042f,0f,0f,0f,1f],start_interpolation:0}
execute if entity @s[tag=aj.dino.bone.leg_right_2] run data modify entity @s {} merge value {transformation:[-0.2463548510080155f,0.7985884727329863f,-0.5946662409314233f,-0.368803978269044f,0.693036022012019f,0.5773761114948864f,0.4882623245443934f,0.8055417404429441f,0.7148933900094959f,-0.2845267590117586f,-0.6782581837528315f,0.1315552149509187f,0f,0f,0f,1f],start_interpolation:0}
execute if entity @s[tag=aj.dino.bone.leg_right_1] run data modify entity @s {} merge value {transformation:[-0.4671436379076828f,0.6640681875632262f,0.5837724418203275f,-0.22866196252017532f,0.3679981586666438f,-0.45431375730784307f,0.8112806944201183f,0.6464205174865755f,0.8039615518047712f,0.593811798625896f,-0.03214608891206874f,0.31059162880709223f,0f,0f,0f,1f],start_interpolation:0}
execute if entity @s[tag=aj.dino.bone.leg_right_0] run data modify entity @s {} merge value {transformation:[-0.4891942086873373f,-0.34831238610027826f,-0.7996045947065968f,-0.2434465515563583f,0.37648212621703725f,0.7426508477508555f,-0.5538329413948166f,0.9393191448243201f,0.7867339034424976f,-0.5719687054586695f,-0.2321671060896976f,0.01344000320973962f,0f,0f,0f,1f],start_interpolation:0}
execute if entity @s[tag=aj.dino.bone.tail_4] run data modify entity @s {} merge value {transformation:[0.413272791846393f,1.806067750074421f,2.0476782494475576f,0.018558670293280344f,2.172730211688851f,-1.4717440193737676f,0.8595779779938936f,1.9691589682446056f,1.653514547360867f,1.4824810808838909f,-1.6412802375241475f,-0.8848161362533224f,0f,0f,0f,1f],start_interpolation:0}
execute if entity @s[tag=aj.dino.bone.tail_3] run data modify entity @s {} merge value {transformation:[-0.6028383807243127f,1.3477173836718905f,1.4683968355041936f,-0.24361564232785043f,1.4641118494709056f,-0.7414739768565315f,1.281615527343473f,1.7591002407587526f,1.3523712156834087f,1.4035026617137565f,-0.732951498803179f,-0.7742690230235895f,0f,0f,0f,1f],start_interpolation:0}
execute if entity @s[tag=aj.dino.bone.tail_2] run data modify entity @s {} merge value {transformation:[-0.8566860542032785f,1.2993276841647736f,1.1817827417505309f,-0.4636307662887639f,1.339036753570006f,-0.3677140118348554f,1.3749694007838105f,1.5043990776899576f,1.1365929139868396f,1.412553662579266f,-0.7291245251749415f,-0.6375497971297615f,0f,0f,0f,1f],start_interpolation:0}
execute if entity @s[tag=aj.dino.bone.tail_1] run data modify entity @s {} merge value {transformation:[-1.1047796081323886f,0.9080682743938144f,0.4924736302527146f,-0.5796503181518335f,0.7023056366445476f,0.13146504401488804f,1.333094139563842f,1.2152541047970575f,0.7575520181427443f,1.2024080843214606f,-0.5176736313221414f,-0.5415741479520421f,0f,0f,0f,1f],start_interpolation:0}
execute if entity @s[tag=aj.dino.bone.tail_0] run data modify entity @s {} merge value {transformation:[-0.7131273740496479f,0.8878758468414287f,-0.580483889148267f,-0.38859340824558747f,0.14452158185223762f,0.7742570847069432f,1.0067150519109467f,0.9397527710658617f,1.0509036955611153f,0.4960223421991682f,-0.5323523037230798f,-0.3740385290819341f,0f,0f,0f,1f],start_interpolation:0}
execute if entity @s[tag=aj.dino.bone.body_1] run data modify entity @s {} merge value {transformation:[-0.707371306697906f,0.5287642302908806f,-0.865239168254443f,-0.22305344497906365f,0.48099331969251113f,1.1036959894140972f,0.2812564388928105f,0.8000228315390201f,0.8926790329832586f,-0.17569333161045125f,-0.8371741708604876f,-0.16757306860833723f,0f,0f,0f,1f],start_interpolation:0}