execute if entity @s[tag=aj.dino.bone.head_lower] run data modify entity @s {} merge value {transformation:[-0.9412810550600383f,-0.337551046149244f,0.007019019063371712f,0.5553997481155154f,-0.31280669032816627f,0.8797262147482523f,0.35809741910638077f,0.2958500310991451f,-0.12705097351456873f,0.3348747203481672f,-0.9336578451449637f,0.3555465760841267f,0f,0f,0f,1f],start_interpolation:0}
execute if entity @s[tag=aj.dino.bone.head_upper] run data modify entity @s {} merge value {transformation:[-0.9797790580115544f,-0.31904595165328675f,-0.14735881649615287f,0.5377729755755911f,-0.32560035362646733f,0.6598605998695095f,0.7362338901746359f,0.36131997554743794f,-0.13224730539340898f,0.7390978365933748f,-0.7209139898369864f,0.32240385809721306f,0f,0f,0f,1f],start_interpolation:0}
execute if entity @s[tag=aj.dino.bone.neck_0] run data modify entity @s {} merge value {transformation:[-0.9569928747289915f,-0.28890798455852407f,-0.026397238042502047f,0.5410648272834443f,-0.2821407237249074f,0.9480213270340186f,-0.14714678217563526f,0.3365081917553481f,0.06753702491172076f,-0.13337068623573173f,-0.988762362915925f,0.2606116631881068f,0f,0f,0f,1f],start_interpolation:0}
execute if entity @s[tag=aj.dino.bone.neck_1] run data modify entity @s {} merge value {transformation:[-0.9314460444948427f,-0.044608411218656205f,-0.3611348167145601f,0.5102664630388187f,-0.06585329497375561f,0.996734464961454f,0.04673060987300964f,0.3450587188391159f,0.3578709400552261f,0.06730895933344352f,-0.9313419856623223f,0.1820248571009756f,0f,0f,0f,1f],start_interpolation:0}
execute if entity @s[tag=aj.dino.bone.neck_2] run data modify entity @s {} merge value {transformation:[-0.8905919537690841f,0.03936884907536334f,-0.4530960887099413f,0.470957293085141f,-0.09121675530323188f,0.9605417195678712f,0.26275294198457105f,0.37748215097717347f,0.4455619770960221f,0.27533561101332005f,-0.8518596280339886f,0.11009127245456518f,0f,0f,0f,1f],start_interpolation:0}
execute if entity @s[tag=aj.dino.bone.body_0] run data modify entity @s {} merge value {transformation:[-0.8196264453712941f,-0.06400124623696558f,-0.5693121556124832f,0.20203291719359634f,-0.09573708952842759f,0.9950679116296591f,0.02596653487885131f,0.3991993471842323f,0.5648423671579911f,0.07578714749285703f,-0.8217112683529739f,-0.27645619958913126f,0f,0f,0f,1f],start_interpolation:0}
execute if entity @s[tag=aj.dino.bone.leg_left_3] run data modify entity @s {} merge value {transformation:[-0.8274889951188402f,-0.0711285878796705f,-0.5569584247890105f,0.5084294137013907f,-0.0750051907894492f,0.997056441691949f,-0.015895704930171617f,0.0499154055689173f,0.5564496242355187f,0.02862125201371757f,-0.8303882463169365f,-0.7359352353742742f,0f,0f,0f,1f],start_interpolation:0}
execute if entity @s[tag=aj.dino.bone.leg_left_2] run data modify entity @s {} merge value {transformation:[-0.7771366734917574f,-0.29111509718378087f,-0.6028041061626386f,0.42073592734792886f,-0.5070825049563922f,0.8589862630446787f,0.23889774500480862f,0.2567401898814943f,0.43702187975204443f,0.4790164919842634f,-0.7947435287725053f,-0.6481603351393733f,0f,0f,0f,1f],start_interpolation:0}
execute if entity @s[tag=aj.dino.bone.leg_left_1] run data modify entity @s {} merge value {transformation:[-0.9004834847815317f,0.41508356894408854f,-0.1297502386446629f,0.5583163191644285f,-0.12405783465692721f,0.04078000872040283f,0.9914366568515601f,0.21770745079695103f,0.4168202817713449f,0.9088688693543212f,0.014772644402903434f,-0.41033378757383754f,0f,0f,0f,1f],start_interpolation:0}
execute if entity @s[tag=aj.dino.bone.leg_left_0] run data modify entity @s {} merge value {transformation:[-0.8812447863720375f,-0.35989174556098413f,-0.30640750312152887f,0.33948732086304223f,-0.17441105082239056f,0.8501102973071397f,-0.4968835555373067f,0.5716580551060751f,0.4393044637186508f,-0.3844351881519614f,-0.8119243648686956f,-0.4440994176741443f,0f,0f,0f,1f],start_interpolation:0}
execute if entity @s[tag=aj.dino.bone.leg_right_3] run data modify entity @s {} merge value {transformation:[-0.7905341625546867f,0.0073227726974375296f,0.6123741624480753f,-0.167149118440461f,-0.04301970120410968f,0.9967944104621587f,-0.06745523389409336f,0.03900521995424855f,-0.6109051015847462f,-0.07966982033003067f,-0.7876850110204658f,-0.02154867885944267f,0f,0f,0f,1f],start_interpolation:0}
execute if entity @s[tag=aj.dino.bone.leg_right_2] run data modify entity @s {} merge value {transformation:[-0.8222085734371796f,0.043641729287728914f,0.6116622112995609f,-0.13679763613634255f,-0.42338316826891215f,0.6997095480957849f,-0.619043973099541f,0.18363209558803634f,-0.44360112048288397f,-0.7487083192198839f,-0.542877608801432f,-0.2121606575815767f,0f,0f,0f,1f],start_interpolation:0}
execute if entity @s[tag=aj.dino.bone.leg_right_1] run data modify entity @s {} merge value {transformation:[-0.9819620817096324f,0.16650279948036004f,-0.08959513295758892f,-0.106368627443239f,0.03004180467121036f,0.6052252335483306f,0.7954872133783579f,0.3064615208501865f,0.1866760832473777f,0.7784466805386039f,-0.5993102748175156f,0.034821919495209186f,0f,0f,0f,1f],start_interpolation:0}
execute if entity @s[tag=aj.dino.bone.leg_right_0] run data modify entity @s {} merge value {transformation:[-0.988632669941778f,-0.08721258663237941f,-0.12247207296637352f,-0.015687249581358892f,0.060830226624613556f,0.5129098214607504f,-0.8562845313199924f,0.5704804263329741f,0.13749591794882193f,-0.854000866382459f,-0.501774244820736f,-0.2756264398517116f,0f,0f,0f,1f],start_interpolation:0}
execute if entity @s[tag=aj.dino.bone.tail_4] run data modify entity @s {} merge value {transformation:[-2.325287326070721f,1.4894883953888216f,0.011158083030121129f,-0.2792572023826114f,0.22856226677298302f,0.33635460758711927f,2.731352448836016f,1.9208736858343562f,1.4718897625238345f,2.3008588026119607f,-0.40651030616773093f,-1.307597547471567f,0f,0f,0f,1f],start_interpolation:0}
execute if entity @s[tag=aj.dino.bone.tail_3] run data modify entity @s {} merge value {transformation:[-1.7370808946494918f,1.1254711421374342f,-0.22761853989520398f,-0.2516751281535129f,0.19607041051262195f,0.6974384796262235f,1.9521991413025757f,1.5830278702284952f,1.1313937800825924f,1.6071215888653114f,-0.6877890948814922f,-1.2067008800657673f,0f,0f,0f,1f],start_interpolation:0}
execute if entity @s[tag=aj.dino.bone.tail_2] run data modify entity @s {} merge value {transformation:[-1.7724295747874088f,0.7139398119677837f,-0.4093375408011193f,-0.17672090351021444f,-0.04883753604629124f,0.8790326026901292f,1.7446175665410224f,1.2588803307634517f,0.8215121255919656f,1.592597093836981f,-0.779439670025941f,-1.0608183216976728f,0f,0f,0f,1f],start_interpolation:0}
execute if entity @s[tag=aj.dino.bone.tail_1] run data modify entity @s {} merge value {transformation:[-1.3666034743625712f,0.5349760103808674f,-0.3658577075546169f,-0.10322632123473548f,-0.019916589582317776f,0.8187325447632077f,1.2715882193560033f,0.9752596012877307f,0.6478074739608667f,1.1537477793965765f,-0.7327126232145239f,-0.9178690118474997f,0f,0f,0f,1f],start_interpolation:0}
execute if entity @s[tag=aj.dino.bone.tail_0] run data modify entity @s {} merge value {transformation:[-1.1560643447722503f,0.35039423997940367f,-0.4178215216089177f,0.027326475638315847f,-0.002960163639590945f,0.9753534999492631f,0.8261431499153019f,0.7573783889227569f,0.5452909175491208f,0.7481611746876513f,-0.8813333016018735f,-0.6422684751503187f,0f,0f,0f,1f],start_interpolation:0}
execute if entity @s[tag=aj.dino.bone.body_1] run data modify entity @s {} merge value {transformation:[-1.1170641509610426f,0.27652510236679656f,-0.45200237328466253f,0.11378476787905625f,-0.0037037755375488855f,1.0505563280495265f,0.6518606282773282f,0.5350675f,0.52986654899201f,0.5903133612009627f,-0.9483544542538773f,-0.4615511428984851f,0f,0f,0f,1f],start_interpolation:0}