execute if entity @s[tag=aj.dino.bone.head_lower] run data modify entity @s {} merge value {transformation:[-0.9998812351288999f,-0.009232864970819482f,-0.012339766672679267f,0.25548452143158445f,-0.007688973604922017f,0.9927706841688269f,-0.11977999974896752f,1.2785308521609062f,0.013356471166006495f,-0.11967089395249991f,-0.992723769141548f,0.2906392552118752f,0f,0f,0f,1f],start_interpolation:0}
execute if entity @s[tag=aj.dino.bone.head_upper] run data modify entity @s {} merge value {transformation:[-1.0407759610284908f,-0.015770186258495987f,-0.0029398561361154017f,0.254604653506722f,-0.008003449421624327f,0.6757797109212714f,-0.7916625983890017f,1.2391276885606304f,0.013902745271499843f,-0.7915459722063165f,-0.6758207085768981f,0.226280316263804f,0f,0f,0f,1f],start_interpolation:0}
execute if entity @s[tag=aj.dino.bone.neck_0] run data modify entity @s {} merge value {transformation:[-0.9939058058234329f,-0.0006726344329026079f,-0.11023065233133664f,0.24780900677604695f,0.10457041438843667f,0.31061859111080503f,-0.9447651132905837f,1.1729616934419378f,0.034875171470589134f,-0.9505343962315401f,-0.30865528344034354f,0.2217397733709443f,0f,0f,0f,1f],start_interpolation:0}
execute if entity @s[tag=aj.dino.bone.neck_1] run data modify entity @s {} merge value {transformation:[-0.9326173631312252f,-0.18624575894318082f,-0.30909120217476094f,0.2207669141990848f,0.1514908787328813f,0.5753358405341337f,-0.8037656276910711f,1.1075226956530013f,0.32752918594668756f,-0.7964302780988181f,-0.508353660831256f,0.17500649141932204f,0f,0f,0f,1f],start_interpolation:0}
execute if entity @s[tag=aj.dino.bone.neck_2] run data modify entity @s {} merge value {transformation:[-0.8551373820873459f,-0.4698458048865768f,-0.21905473605308187f,0.19697599232684676f,-0.1516493462582324f,0.6307985197039797f,-0.7609833791343401f,1.0470307560224663f,0.4957242515111111f,-0.6175258271277022f,-0.6106712039174567f,0.11546115012090122f,0f,0f,0f,1f],start_interpolation:0}
execute if entity @s[tag=aj.dino.bone.body_0] run data modify entity @s {} merge value {transformation:[-0.9725050857934289f,-0.11872341291092772f,-0.20034622365469518f,0.10142257950448491f,0.12436717197208609f,0.4625772394287507f,-0.8778126816685562f,0.6377275573767403f,0.1968925205323487f,-0.8785937905478605f,-0.4350934228061382f,-0.0979664525445027f,0f,0f,0f,1f],start_interpolation:0}
execute if entity @s[tag=aj.dino.bone.leg_left_3] run data modify entity @s {} merge value {transformation:[-0.9578976396712381f,-0.04058421493954554f,-0.2842270807119042f,0.45031704942190476f,-0.041560561428694125f,0.9991326104640211f,-0.0025973912069688146f,0.060352235239567203f,0.2840859581992787f,0.009324602141167305f,-0.9587534720400785f,-0.27582593082019735f,0f,0f,0f,1f],start_interpolation:0}
execute if entity @s[tag=aj.dino.bone.leg_left_2] run data modify entity @s {} merge value {transformation:[-0.9819227392760492f,-0.2767550805652184f,-0.10628527167323448f,0.380997817396253f,-0.27440507349639365f,0.9876362541698003f,-0.03658803888675014f,0.2890123717471449f,0.11221314197879226f,-0.0065919899483408186f,-1.0195229060381439f,-0.30869625344905804f,0f,0f,0f,1f],start_interpolation:0}
execute if entity @s[tag=aj.dino.bone.leg_left_1] run data modify entity @s {} merge value {transformation:[-0.9929150982575449f,0.06128640176047566f,0.1018016925766134f,0.41202276229033824f,0.1186207905006447f,0.561550798180749f,0.8188954811962059f,0.3957746225050046f,-0.006979664262119718f,0.8251694844223318f,-0.5648421073760089f,-0.05442737948450754f,0f,0f,0f,1f],start_interpolation:0}
execute if entity @s[tag=aj.dino.bone.leg_left_0] run data modify entity @s {} merge value {transformation:[-0.9928486245596979f,-0.11151577935481596f,-0.04261267023789869f,0.25626288638829314f,-0.024368122875100946f,0.5387458423070611f,-0.8421158542530827f,0.6730238244775426f,0.11686660471434894f,-0.835055176830695f,-0.5376104987356524f,-0.3249435890339972f,0f,0f,0f,1f],start_interpolation:0}
execute if entity @s[tag=aj.dino.bone.leg_right_3] run data modify entity @s {} merge value {transformation:[-0.8998937575786305f,0.01282643224255596f,0.435920529118485f,-0.23717583625908029f,0.03128791395187168f,0.998890462685471f,0.0351981533115768f,0.018790793073085454f,-0.434985392296745f,0.04531364244829697f,-0.8992966041838002f,-0.2433287766432615f,0f,0f,0f,1f],start_interpolation:0}
execute if entity @s[tag=aj.dino.bone.leg_right_2] run data modify entity @s {} merge value {transformation:[-1.0107319443728f,0.17428237780472744f,0.010430192318636265f,-0.19466049978775074f,0.16755917976986212f,0.985492056857067f,-0.22976406735425847f,0.24114687415900898f,-0.049061771267704f,-0.22470704964253238f,-0.9995808541292286f,-0.3265230759362745f,0f,0f,0f,1f],start_interpolation:0}
execute if entity @s[tag=aj.dino.bone.leg_right_1] run data modify entity @s {} merge value {transformation:[-0.9692528791299663f,0.09472261799102485f,-0.22710456168733706f,-0.17618582712253425f,-0.15065569656177713f,0.5012917699323522f,0.8520618654132897f,0.32914161421545496f,0.19455517827021937f,0.8600780121820436f,-0.4716079892974961f,-0.06397975026967678f,0f,0f,0f,1f],start_interpolation:0}
execute if entity @s[tag=aj.dino.bone.leg_right_0] run data modify entity @s {} merge value {transformation:[-0.9813007937659696f,-0.17878438429444818f,-0.07130845732964025f,-0.1264760696763989f,-0.10348209760108215f,0.8024063571371038f,-0.5877376059961134f,0.7040703882970868f,0.16229666549365132f,-0.5693682305489283f,-0.8059029782866075f,-0.24079782894022494f,0f,0f,0f,1f],start_interpolation:0}
execute if entity @s[tag=aj.dino.bone.tail_4] run data modify entity @s {} merge value {transformation:[-2.587460814451463f,-0.2322059705190315f,0.9363697200003268f,0.6491810464060062f,0.7191189076409417f,1.322463230275688f,2.3150853834884986f,0.4414986404244472f,-0.6430986409186965f,2.4130546457600386f,-1.1786656634620438f,-1.6172314576025841f,0f,0f,0f,1f],start_interpolation:0}
execute if entity @s[tag=aj.dino.bone.tail_3] run data modify entity @s {} merge value {transformation:[-1.693891200598297f,0.15241585117764245f,1.201435614125826f,0.44397045549517766f,0.8714042115106075f,1.5879538073672694f,1.0271333564215566f,0.2517954053420604f,-0.8410308120049359f,1.338326432535064f,-1.355542348759614f,-1.4004781429518713f,0f,0f,0f,1f],start_interpolation:0}
execute if entity @s[tag=aj.dino.bone.tail_2] run data modify entity @s {} merge value {transformation:[-1.517332304810028f,0.5684262138087967f,1.0924139285260246f,0.23990636703724386f,0.6298743928013593f,1.84784404624325f,-0.08662854644554305f,0.26880492021596525f,-1.0581752222934462f,0.28484714360713664f,-1.6179929476687613f,-1.1004114700694474f,0f,0f,0f,1f],start_interpolation:0}
execute if entity @s[tag=aj.dino.bone.tail_1] run data modify entity @s {} merge value {transformation:[-0.9199583693532832f,-0.05363141403837986f,1.1993567109434509f,-0.016647324896950606f,-0.7535087251264684f,1.2021128183952317f,-0.5242190601343649f,0.3676363069420463f,-0.9346429531190681f,-0.9163540218049553f,-0.7578879250303117f,-0.9252280314927303f,0f,0f,0f,1f],start_interpolation:0}
execute if entity @s[tag=aj.dino.bone.tail_0] run data modify entity @s {} merge value {transformation:[-1.2723577076292623f,-0.12211094699986787f,-0.005522412808931487f,-0.017980302194033064f,-0.10105344299953749f,1.0832865319134701f,-0.6709055134792479f,0.5898321249962561f,0.06877341112941839f,-0.6673941286688919f,-1.0879756484057639f,-0.62340166930492f,0f,0f,0f,1f],start_interpolation:0}
execute if entity @s[tag=aj.dino.bone.body_1] run data modify entity @s {} merge value {transformation:[-1.2037572579060771f,0.024690280016860647f,-0.28100435791528466f,0.04568620920364538f,0.0976449507912221f,1.1919527784864965f,-0.31355802094596635f,0.5824434943007093f,0.26464792211478294f,-0.3274806238348465f,-1.1624639836955455f,-0.33108693264266187f,0f,0f,0f,1f],start_interpolation:0}