execute if entity @s[tag=aj.dino.bone.head_lower] run data modify entity @s {} merge value {transformation:[-0.9985359415751099f,0.0540903424372154f,0.00045633072878739286f,-0.0020629132480545573f,0.0538852933138701f,0.9939425500541335f,0.09578404019650344f,0.40290018549578477f,0.004727425006009881f,0.09566839628065271f,-0.9954020340575467f,0.8068696725772844f,0f,0f,0f,1f],start_interpolation:0}
execute if entity @s[tag=aj.dino.bone.head_upper] run data modify entity @s {} merge value {transformation:[-1.0393756455288896f,0.039638886862697134f,0.03998710683705356f,0.001261121350824938f,0.05608917935820184f,0.6643224603093989f,0.7993757660017587f,0.47294164175878484f,0.004920774718995267f,0.8003601501575784f,-0.6654858064597705f,0.7789662374779893f,0f,0f,0f,1f],start_interpolation:0}
execute if entity @s[tag=aj.dino.bone.neck_0] run data modify entity @s {} merge value {transformation:[-0.9999905812469732f,0.00310097763988099f,-0.0030366684076869738f,0.0013375519529677184f,0.002568404663614893f,0.9868019985303964f,0.1619111453665255f,0.46739264339592945f,0.0034986732950087404f,0.161901820972135f,-0.9868006686515174f,0.7125287553626278f,0f,0f,0f,1f],start_interpolation:0}
execute if entity @s[tag=aj.dino.bone.neck_1] run data modify entity @s {} merge value {transformation:[-0.9999829144860883f,0.0008522618315798015f,0.005783112110221594f,0.001831383715775293f,0.002266980230160534f,0.9684300774630695f,0.249275040598753f,0.4929709473826644f,-0.0053880921062116885f,0.2492838918074018f,-0.9684154633982313f,0.6316396748889108f,0f,0f,0f,1f],start_interpolation:0}
execute if entity @s[tag=aj.dino.bone.neck_2] run data modify entity @s {} merge value {transformation:[-0.999942220283818f,0.010723092905105244f,0.0007558918027865917f,0.002002591288361966f,0.010393668733500045f,0.9464833209872602f,0.3225853293985728f,0.5304985048924908f,0.002743673473156374f,0.3225745469987922f,-0.9465400857250563f,0.5518738707529629f,0f,0f,0f,1f],start_interpolation:0}
execute if entity @s[tag=aj.dino.bone.body_0] run data modify entity @s {} merge value {transformation:[-0.9999421741862455f,0.010752474873825116f,-0.0001804654323538041f,0.0020199693706057656f,0.01068454407256015f,0.9952490621364873f,0.09677367841724376f,0.5855885680074214f,0.0012201645979272252f,0.09676615420967366f,-0.9953063963412593f,0.08371151713285363f,0f,0f,0f,1f],start_interpolation:0}
execute if entity @s[tag=aj.dino.bone.leg_left_3] run data modify entity @s {} merge value {transformation:[-0.9855656981484929f,0.014611786578903198f,-0.16866164450178403f,0.18403379086210087f,0.012505935921489728f,0.9998301041763475f,0.013541209304998914f,0.03379004088997989f,0.1688308508531577f,0.011236479683903677f,-0.9855809887190967f,-0.1265427124113199f,0f,0f,0f,1f],start_interpolation:0}
execute if entity @s[tag=aj.dino.bone.leg_left_2] run data modify entity @s {} merge value {transformation:[-1.0118906704706674f,-0.04673228692932861f,-0.16110730546276467f,0.16659180005807842f,0.006599562871004068f,0.9732415711083316f,-0.32375838141613045f,0.2506558923087867f,0.1676183649992724f,-0.32043585493142906f,-0.9598370414242354f,-0.23063906926978084f,0f,0f,0f,1f],start_interpolation:0}
execute if entity @s[tag=aj.dino.bone.leg_left_1] run data modify entity @s {} merge value {transformation:[-0.9395073662949915f,0.10327627127199007f,0.3265883042449667f,0.1960385930200575f,0.33937367605428836f,0.4097755733637594f,0.8467050770343835f,0.310314209096019f,-0.04638336640270489f,0.9063211303211222f,-0.42003641753376103f,0.03878096948408437f,0f,0f,0f,1f],start_interpolation:0}
execute if entity @s[tag=aj.dino.bone.leg_left_0] run data modify entity @s {} merge value {transformation:[-0.9577944966918808f,0.2666574022014174f,-0.1073477151966377f,0.1981075767057229f,0.2866519946411427f,0.858148855613233f,-0.4259239082018677f,0.7152548476340355f,-0.021455443947895107f,-0.4387190119665323f,-0.8983681274756515f,-0.0628363377592443f,0f,0f,0f,1f],start_interpolation:0}
execute if entity @s[tag=aj.dino.bone.leg_right_3] run data modify entity @s {} merge value {transformation:[-0.9843829347478618f,-0.011047632225928729f,0.1756934477986807f,-0.1818124293132283f,-0.008367865945278982f,0.9998371988072005f,0.015986078346260035f,0.03461010318658875f,-0.17584145301011628f,0.014266243498957554f,-0.9843151211373926f,-0.12841100720495724f,0f,0f,0f,1f],start_interpolation:0}
execute if entity @s[tag=aj.dino.bone.leg_right_2] run data modify entity @s {} merge value {transformation:[-1.011768823429119f,0.049027117444848015f,0.16119053692013027f,-0.163833133653998f,-0.004795115588887793f,0.9725366345960013f,-0.3259013665756368f,0.251242607707419f,-0.16841334360447802f,-0.32222823529980643f,-0.9590975495601203f,-0.2329010784014402f,0f,0f,0f,1f],start_interpolation:0}
execute if entity @s[tag=aj.dino.bone.leg_right_1] run data modify entity @s {} merge value {transformation:[-0.9402393343408363f,-0.09975027149301206f,-0.3255762237869519f,-0.19239027721682625f,-0.33713806507061067f,0.40701090520626665f,0.8489287650466439f,0.310076438068797f,0.04783219876553514f,0.907960355070774f,-0.41631727610202346f,0.036795891578398965f,0f,0f,0f,1f],start_interpolation:0}
execute if entity @s[tag=aj.dino.bone.leg_right_0] run data modify entity @s {} merge value {transformation:[-0.9576602119453977f,-0.26892713244797783f,0.10278674958380403f,-0.19499475369942984f,-0.2869315137683859f,0.862261900034254f,-0.4173424518976002f,0.7159659086044003f,0.023605610843153817f,-0.4291650185914806f,-0.9029175831459346f,-0.060949865235041256f,0f,0f,0f,1f],start_interpolation:0}
execute if entity @s[tag=aj.dino.bone.tail_4] run data modify entity @s {} merge value {transformation:[-2.7612718920047072f,0.03220996291054814f,-0.0011782673910789667f,0.0017469794754210555f,0.031996818864975095f,2.751493876055948f,0.23220461926744476f,0.6259237251006557f,0.0038824743741254783f,0.23217514922126814f,-2.7516796612390797f,-1.8246492969831496f,0f,0f,0f,1f],start_interpolation:0}
execute if entity @s[tag=aj.dino.bone.tail_3] run data modify entity @s {} merge value {transformation:[-2.08215260152195f,0.024185718048674143f,0.0010588022901810129f,0.0013307694956806789f,0.023984510426675612f,2.0732513618208213f,-0.19235139721912276f,0.6382510216807367f,-0.0032883551226021712f,-0.19232620153017646f,-2.073389819828873f,-1.4711969409816013f,0f,0f,0f,1f],start_interpolation:0}
execute if entity @s[tag=aj.dino.bone.tail_2] run data modify entity @s {} merge value {transformation:[-1.9540622551637203f,0.02033285807118094f,0.0010736991705445108f,-0.0003089121337337185f,0.01956533479672935f,1.9036007680107205f,-0.44124277751150226f,0.7207445250772198f,-0.005636986920643675f,-0.4412080755317499f,-1.9037010094725493f,-1.117412236237785f,0f,0f,0f,1f],start_interpolation:0}
execute if entity @s[tag=aj.dino.bone.tail_1] run data modify entity @s {} merge value {transformation:[-1.5124636731858112f,0.0023532084507804107f,0.010215170251690737f,-0.0010909030489176456f,0.0008718108042002671f,1.4970284328421695f,-0.21578081751638986f,0.7488776905567514f,-0.010446398384396963f,-0.21576974688798942f,-1.4969938340182596f,-0.7926283227058214f,0f,0f,0f,1f],start_interpolation:0}
execute if entity @s[tag=aj.dino.bone.tail_0] run data modify entity @s {} merge value {transformation:[-1.2782103581209878f,0.0013165164874399627f,-0.0035019652457105766f,-0.00003577752286578178f,0.0013576304257517159f,1.2781266497245132f,-0.015037974851929705f,0.7841156091641917f,0.003486232331750024f,-0.015041629976784283f,-1.2781225732048545f,-0.4194941818085819f,0f,0f,0f,1f],start_interpolation:0}
execute if entity @s[tag=aj.dino.bone.body_1] run data modify entity @s {} merge value {transformation:[-1.236351241040155f,0.0034105486003565707f,-0.005345277632049913f,0.0009772000000000305f,0.00223636708604525f,1.2098508792098335f,0.25467713637800277f,0.6434147f,0.005933169218515578f,0.2546641185752087f,-1.2098411380299428f,-0.15537650000000003f,0f,0f,0f,1f],start_interpolation:0}