execute if entity @s[tag=aj.dino.bone.head_lower] run data modify entity @s {} merge value {transformation:[-0.8967852288220799f,-0.39367925506510787f,0.20197251668955274f,0.055573485501873f,-0.40738098034986125f,0.9127762787171079f,-0.029668196111908574f,1.288102422977535f,-0.17267596884255726f,-0.10888576189167487f,-0.9789417248445147f,0.31895919151251906f,0f,0f,0f,1f],start_interpolation:0}
execute if entity @s[tag=aj.dino.bone.head_upper] run data modify entity @s {} merge value {transformation:[-0.933463371020391f,-0.18220601922509497f,0.42298823163877664f,0.0803520180926135f,-0.42404269270409545f,0.7130886238380613f,-0.6286209922524916f,1.2606475294651784f,-0.17973834401989752f,-0.7360553808609726f,-0.7137146114366028f,0.25317386156220534f,0f,0f,0f,1f],start_interpolation:0}
execute if entity @s[tag=aj.dino.bone.neck_0] run data modify entity @s {} merge value {transformation:[-0.9744650149118697f,-0.04117732991559556f,0.22073142552394304f,0.09560818521838163f,-0.2190916816836798f,0.3895943920164221f,-0.8945473965790587f,1.1965513640537404f,-0.04916065225184579f,-0.920065561365263f,-0.38866771548431506f,0.24299215254666762f,0f,0f,0f,1f],start_interpolation:0}
execute if entity @s[tag=aj.dino.bone.neck_1] run data modify entity @s {} merge value {transformation:[-0.9858222681422616f,-0.16199358339350492f,0.04373253450440111f,0.09856662069092381f,-0.12857201946357233f,0.5618153384487246f,-0.8172103531495449f,1.129911134293405f,0.1078132248191557f,-0.811246944168714f,-0.5746779133836775f,0.19057207736953977f,0f,0f,0f,1f],start_interpolation:0}
execute if entity @s[tag=aj.dino.bone.neck_2] run data modify entity @s {} merge value {transformation:[-0.98233344544116f,-0.1712641516991336f,-0.07542938625281209f,0.09028165764955123f,-0.04321263276930676f,0.5997636514033423f,-0.7990095311224236f,1.065783967795118f,0.18208149366930393f,-0.781634283279659f,-0.5965686690273375f,0.1306554995429923f,0f,0f,0f,1f],start_interpolation:0}
execute if entity @s[tag=aj.dino.bone.body_0] run data modify entity @s {} merge value {transformation:[-0.9932702392981299f,-0.11295627502644007f,0.025595149087026925f,0.10126850571748733f,-0.07427757782234987f,0.451694140113451f,-0.8890755002923064f,0.6510689698427358f,0.08886547787234728f,-0.88499338060763f,-0.45704446514884967f,-0.09317851115692963f,0f,0f,0f,1f],start_interpolation:0}
execute if entity @s[tag=aj.dino.bone.leg_left_3] run data modify entity @s {} merge value {transformation:[-0.9655700982228158f,-0.030378112230201766f,-0.25836322438634896f,0.44934397093975886f,-0.029512938153455102f,0.9995382695258009f,-0.007227325571570811f,0.057807429855024545f,0.2584634827195749f,0.0006465684004113431f,-0.9660208124309596f,-0.2555917288128677f,0f,0f,0f,1f],start_interpolation:0}
execute if entity @s[tag=aj.dino.bone.leg_left_2] run data modify entity @s {} merge value {transformation:[-0.9841789393914389f,-0.2819984148395552f,-0.06269695995034398f,0.38014609915793235f,-0.27673370663025726f,0.9841946970656701f,-0.08271307867070841f,0.2842362614781735f,0.08290036413500029f,-0.06244911365653037f,-1.020436101542126f,-0.3015559629156697f,0f,0f,0f,1f],start_interpolation:0}
execute if entity @s[tag=aj.dino.bone.leg_left_1] run data modify entity @s {} merge value {transformation:[-0.9923967505055107f,0.02337790333825002f,0.12083941087911047f,0.3998524772645047f,0.11076698108021611f,0.5976767822298823f,0.7940485752683577f,0.4022870134029357f,-0.05365971942228254f,0.8013962425784394f,-0.5957219963142881f,-0.05117811986304521f,0f,0f,0f,1f],start_interpolation:0}
execute if entity @s[tag=aj.dino.bone.leg_left_0] run data modify entity @s {} merge value {transformation:[-0.9971950420377567f,-0.07448150468726931f,-0.00738604053853506f,0.25526041097812907f,-0.03595325623178381f,0.5632236813268289f,-0.8255219246991483f,0.686449092304896f,0.06564610804646615f,-0.8229408181954367f,-0.5643217151999174f,-0.3207190737932513f,0f,0f,0f,1f],start_interpolation:0}
execute if entity @s[tag=aj.dino.bone.leg_right_3] run data modify entity @s {} merge value {transformation:[-0.8890129306651278f,0.0024138863052450025f,0.4578757279689616f,-0.23807700326999864f,0.005200857534725836f,0.9999748290760153f,0.004826209205768789f,0.020531345262718048f,-0.4578525528935104f,0.006671908819799011f,-0.8890031076670071f,-0.24108169617438407f,0f,0f,0f,1f],start_interpolation:0}
execute if entity @s[tag=aj.dino.bone.leg_right_2] run data modify entity @s {} merge value {transformation:[-1.0110570080380243f,0.17158837543486283f,0.01957946407637046f,-0.1959063770647441f,0.16080682225644363f,0.9777593158972053f,-0.26493411556971747f,0.24000849909798277f,-0.0629848546372693f,-0.2580820588350697f,-0.990701144894094f,-0.33175963889390037f,0f,0f,0f,1f],start_interpolation:0}
execute if entity @s[tag=aj.dino.bone.leg_right_1] run data modify entity @s {} merge value {transformation:[-0.9700982551677626f,0.08545726954447962f,-0.22717048752526167f,-0.1799621497632461f,-0.14838388400211552f,0.5318634631476246f,0.8337286606187068f,0.3373261818354005f,0.19207185709757063f,0.8425071582192154f,-0.5032793360157686f,-0.07235949259065877f,0f,0f,0f,1f],start_interpolation:0}
execute if entity @s[tag=aj.dino.bone.leg_right_0] run data modify entity @s {} merge value {transformation:[-0.9817746161025341f,-0.17253036857769427f,-0.07969865177759825f,-0.12705875423610027f,-0.09989866919852523f,0.8252457100302327f,-0.5558684862168934f,0.7182114172326666f,0.16167516528238193f,-0.5377757804095886f,-0.8274408443724376f,-0.23494776634532005f,0f,0f,0f,1f],start_interpolation:0}
execute if entity @s[tag=aj.dino.bone.tail_4] run data modify entity @s {} merge value {transformation:[-2.65211734029898f,0.49501123333833424f,0.588981174363259f,0.28920960095736437f,0.6789492188086095f,2.500165638788838f,0.9559608090809903f,0.11604919113140853f,-0.3618879704613591f,1.0629190886838298f,-2.5228756289890506f,-1.8328062948434325f,0f,0f,0f,1f],start_interpolation:0}
execute if entity @s[tag=aj.dino.bone.tail_3] run data modify entity @s {} merge value {transformation:[-1.9249693707047526f,0.5205866441157161f,0.5995231387205414f,0.18245828247841284f,0.5432105179715054f,2.0101905413137535f,-0.0013589784000811506f,0.09660833107341224f,-0.5791034286361302f,0.15514206272155795f,-1.9941202785591505f,-1.4961953734549895f,0f,0f,0f,1f],start_interpolation:0}
execute if entity @s[tag=aj.dino.bone.tail_2] run data modify entity @s {} merge value {transformation:[-1.810338014121379f,0.5655436789768666f,0.4707552408621162f,0.09374183875722608f,0.35048862166396577f,1.7620019621980774f,-0.7689477786540483f,0.24023248415488724f,-0.6469991311539235f,-0.6279198256005402f,-1.7337481627695044f,-1.174523212343346f,0f,0f,0f,1f],start_interpolation:0}
execute if entity @s[tag=aj.dino.bone.tail_1] run data modify entity @s {} merge value {transformation:[-1.3439159795514677f,-0.09588012145457146f,0.6872794862470989f,-0.051697063689876525f,-0.4801173654878552f,1.2100475768089425f,-0.7700184590097878f,0.39159897448150127f,-0.5010323395382984f,-0.9023569771263832f,-1.1056105691282605f,-0.9250990991144656f,0f,0f,0f,1f],start_interpolation:0}
execute if entity @s[tag=aj.dino.bone.tail_0] run data modify entity @s {} merge value {transformation:[-1.2696159061388617f,-0.09339573459276117f,-0.1148407777015768f,-0.020391724743091262f,-0.023890239962565406f,1.1079569619705454f,-0.6369429671796044f,0.6044654885677295f,0.14608361953947985f,-0.6305111606981323f,-1.1022481430791191f,-0.6182119305410863f,0f,0f,0f,1f],start_interpolation:0}
execute if entity @s[tag=aj.dino.bone.body_1] run data modify entity @s {} merge value {transformation:[-1.2024369682542402f,0.026097485259172624f,-0.2864766198050881f,0.04445222563049373f,0.09989610034185395f,1.1925249054472282f,-0.3106601263130174f,0.5963646011521588f,0.26976045219470546f,-0.32528121096595314f,-1.1619062041664472f,-0.32617501587093783f,0f,0f,0f,1f],start_interpolation:0}