execute if entity @s[tag=aj.dino.bone.head_lower] run data modify entity @s {} merge value {transformation:[-0.912171303625717f,-0.3497502478564859f,0.2135843556211145f,0.10219073954683487f,-0.39561457676413825f,0.8875063635436531f,-0.2362658699881411f,1.3312750901558885f,-0.10692342817872919f,-0.30001203108183516f,-0.9479241328886294f,0.24673302386649093f,0f,0f,0f,1f],start_interpolation:0}
execute if entity @s[tag=aj.dino.bone.head_upper] run data modify entity @s {} merge value {transformation:[-0.9494787298726324f,-0.15679595009445219f,0.39670784481396126f,0.12572317626638072f,-0.41179504811438455f,0.5894841868261896f,-0.7525989465936324f,1.2925017801529037f,-0.11129655183981081f,-0.8434425683467435f,-0.5997413225989386f,0.1864146075639231f,0f,0f,0f,1f],start_interpolation:0}
execute if entity @s[tag=aj.dino.bone.neck_0] run data modify entity @s {} merge value {transformation:[-0.9802467164575346f,-0.03242701538676549f,0.1951021874488551f,0.13918194300406156f,-0.19697014245411362f,0.2491635782348647f,-0.9482195285179509f,1.2272073814481363f,-0.017864429904923027f,-0.9679183849655428f,-0.2506289332656291f,0.18592537348859325f,0f,0f,0f,1f],start_interpolation:0}
execute if entity @s[tag=aj.dino.bone.neck_1] run data modify entity @s {} merge value {transformation:[-0.9826106871507196f,-0.18248883771646046f,-0.03426458238598418f,0.13543857988906988f,-0.05232517746590507f,0.4492089790504888f,-0.8918931376255674f,1.1537217762091827f,0.1781525001237761f,-0.8745908284731282f,-0.45094630439813455f,0.1436951722129039f,0f,0f,0f,1f],start_interpolation:0}
execute if entity @s[tag=aj.dino.bone.neck_2] run data modify entity @s {} merge value {transformation:[-0.9525400639459047f,-0.2875067911610054f,-0.10003635146402443f,0.12385977405097462f,-0.06633611855182854f,0.5167671098296793f,-0.8535521504710525f,1.0840036791714662f,0.2970975360944777f,-0.8064065967206507f,-0.5113134604252153f,0.09100505364268366f,0f,0f,0f,1f],start_interpolation:0}
execute if entity @s[tag=aj.dino.bone.body_0] run data modify entity @s {} merge value {transformation:[-0.9903350943816275f,-0.13445685726923898f,-0.034025789769123266f,0.10654267729293737f,-0.022535969859575997f,0.3980648422779906f,-0.9170804279912896f,0.6555791777145271f,0.1368522228486675f,-0.9074501280376117f,-0.3972476988302144f,-0.10486089391934403f,0f,0f,0f,1f],start_interpolation:0}
execute if entity @s[tag=aj.dino.bone.leg_left_3] run data modify entity @s {} merge value {transformation:[-0.9623012978598228f,-0.04360485756079443f,-0.2684675558319919f,0.46464199700646597f,-0.04295272146466667f,0.9990425861908949f,-0.008305100588604515f,0.0665593995180096f,0.26857266401493574f,0.0035394030726810244f,-0.9632529246100473f,-0.2693290960059434f,0f,0f,0f,1f],start_interpolation:0}
execute if entity @s[tag=aj.dino.bone.leg_left_2] run data modify entity @s {} merge value {transformation:[-0.9782614775080201f,-0.29786163616014805f,-0.07965630438653017f,0.3912314918828007f,-0.29453526647922296f,0.9811448406950812f,-0.05163310835240228f,0.29321020739011405f,0.09119022932602508f,-0.02637132499737907f,-1.0212987294587434f,-0.3068974483044715f,0f,0f,0f,1f],start_interpolation:0}
execute if entity @s[tag=aj.dino.bone.leg_left_1] run data modify entity @s {} merge value {transformation:[-0.9943228731282538f,0.03079484730516133f,0.10185136893250966f,0.4139982363612329f,0.09965769582880164f,0.6049552013736207f,0.7899984480953719f,0.41367433026199524f,-0.03728763382233394f,0.7956637994218749f,-0.6045897374695318f,-0.05793267949906866f,0f,0f,0f,1f],start_interpolation:0}
execute if entity @s[tag=aj.dino.bone.leg_left_0] run data modify entity @s {} merge value {transformation:[-0.994219152052543f,-0.10713709752356922f,-0.007065410543458467f,0.25690444520298406f,-0.05037921717294805f,0.523599479038916f,-0.8504737033131694f,0.6826325026622848f,0.09481672937284497f,-0.8452012942988203f,-0.5259701131686435f,-0.3359440476894318f,0f,0f,0f,1f],start_interpolation:0}
execute if entity @s[tag=aj.dino.bone.leg_right_3] run data modify entity @s {} merge value {transformation:[-0.8877152534392004f,0.0032753528193746897f,0.4603812559990737f,-0.23740301516320095f,0.009403703400697391f,0.9998950738290322f,0.011018697508576841f,0.018935541785968124f,-0.46029685983474594f,0.014110754634052147f,-0.8876529093231935f,-0.24485420550019182f,0f,0f,0f,1f],start_interpolation:0}
execute if entity @s[tag=aj.dino.bone.leg_right_2] run data modify entity @s {} merge value {transformation:[-1.0109316735697609f,0.172943288179334f,0.01303725231237292f,-0.19511893885256787f,0.16435198344481977f,0.9799064258829611f,-0.2546252570970302f,0.23922627385691467f,-0.05538751133505015f,-0.24886987581403824f,-0.9935080311709157f,-0.3334833334447824f,0f,0f,0f,1f],start_interpolation:0}
execute if entity @s[tag=aj.dino.bone.leg_right_1] run data modify entity @s {} merge value {transformation:[-0.9689583074796722f,0.09488274157860045f,-0.22829161990020036f,-0.17653194191780436f,-0.14309938275610382f,0.5377519707287259f,0.8308702574001511f,0.33840052322108344f,0.20159951642042973f,0.8377470282417597f,-0.5074815776470597f,-0.0749637452744343f,0f,0f,0f,1f],start_interpolation:0}
execute if entity @s[tag=aj.dino.bone.leg_right_0] run data modify entity @s {} merge value {transformation:[-0.9807812591666828f,-0.1751636185874786f,-0.08594084239031205f,-0.12426979579412317f,-0.09523506624205755f,0.8142222720207223f,-0.5726887233945539f,0.7157846076783092f,0.1702891770644483f,-0.553497785423531f,-0.8152556640134183f,-0.24571853860505088f,0f,0f,0f,1f],start_interpolation:0}
execute if entity @s[tag=aj.dino.bone.tail_4] run data modify entity @s {} merge value {transformation:[-2.6365167172100312f,0.29547246826522144f,0.7662486228172297f,0.4134241220222246f,0.6669673982038644f,2.2736874652474772f,1.4181541283336132f,0.1710565300287777f,-0.4791611641245686f,1.5390590185154553f,-2.242178237322142f,-1.7838479846413997f,0f,0f,0f,1f],start_interpolation:0}
execute if entity @s[tag=aj.dino.bone.tail_3] run data modify entity @s {} merge value {transformation:[-1.860098097027903f,0.440892844171785f,0.8255871216508489f,0.2691205724327185f,0.5989263451021605f,1.9721806498587244f,0.2962030443966309f,0.10153210367746997f,-0.719213340129469f,0.5020582738342014f,-1.888548433876896f,-1.4685329942727905f,0f,0f,0f,1f],start_interpolation:0}
execute if entity @s[tag=aj.dino.bone.tail_2] run data modify entity @s {} merge value {transformation:[-1.7337024920227107f,0.5915619939305667f,0.6805174145412541f,0.1414726576601153f,0.376067023595376f,1.8148153241124754f,-0.6195101356179917f,0.21740760622387373f,-0.8195261667092366f,-0.41865692602201104f,-1.7239133143448484f,-1.1487668895447172f,0f,0f,0f,1f],start_interpolation:0}
execute if entity @s[tag=aj.dino.bone.tail_1] run data modify entity @s {} merge value {transformation:[-1.2254346407352414f,-0.11167204239339878f,0.8794859556773934f,-0.045247086378409865f,-0.6265351950578977f,1.1706576114063185f,-0.7243415328491221f,0.35956631677439543f,-0.6272318874545941f,-0.9511815609041948f,-0.9947311433528192f,-0.922485394058169f,0f,0f,0f,1f],start_interpolation:0}
execute if entity @s[tag=aj.dino.bone.tail_0] run data modify entity @s {} merge value {transformation:[-1.269596297322739f,-0.11987075072366282f,-0.08713186288244103f,-0.022677825657215357f,-0.054007233509350265f,1.0741249943159652f,-0.6907781350755263f,0.5873482925196619f,0.13800064179954208f,-0.6824384340661808f,-1.071946511331718f,-0.6257061641635168f,0f,0f,0f,1f],start_interpolation:0}
execute if entity @s[tag=aj.dino.bone.body_1] run data modify entity @s {} merge value {transformation:[-1.1988360522401404f,0.014215037619760795f,-0.3019845155152731f,0.04657186041020824f,0.10426711573398992f,1.1786649927532207f,-0.35844357783452513f,0.5912899517200377f,0.2837694195681419f,-0.3730299754976392f,-1.1440839781040728f,-0.33459644926320187f,0f,0f,0f,1f],start_interpolation:0}