execute if entity @s[tag=aj.dino.bone.head_lower] run data modify entity @s {} merge value {transformation:[-0.9015843431816255f,0.4255246307554995f,-0.07793882697444882f,-0.02591218834321085f,0.4104357662359331f,0.8983204233359898f,0.1567255525170368f,0.3253575537501885f,0.1367046229067609f,0.10931242215706205f,-0.984562156716414f,0.7529285442023546f,0f,0f,0f,1f],start_interpolation:0}
execute if entity @s[tag=aj.dino.bone.head_upper] run data modify entity @s {} merge value {transformation:[-0.9384587671576111f,0.37290620279015557f,0.25240453412954295f,-0.0004298989546631942f,0.4272224180600802f,0.5529717094839305f,0.7714760116820385f,0.3910905331483777f,0.14229578502338788f,0.7991465416396132f,-0.6516046785694f,0.7259974313632532f,0f,0f,0f,1f],start_interpolation:0}
execute if entity @s[tag=aj.dino.bone.neck_0] run data modify entity @s {} merge value {transformation:[-0.9999613151618454f,-0.002082766908247293f,-0.008545774499636796f,-0.0006255650450664191f,-0.005536191871137769f,0.9040083307317027f,0.4274789919367339f,0.40406016494871955f,0.006835112241849475f,0.4275097660284335f,-0.9039848899129649f,0.6606025797307163f,0f,0f,0f,1f],start_interpolation:0}
execute if entity @s[tag=aj.dino.bone.neck_1] run data modify entity @s {} merge value {transformation:[-0.9966536888752406f,-0.024163499789149324f,0.07808680893284728f,0.005878094337821847f,0.019883022171147662f,0.8549473975205579f,0.5183334958327185f,0.4519084509648361f,-0.07928486539508575f,0.5181515924425637f,-0.8516060341311107f,0.5908474309280471f,0f,0f,0f,1f],start_interpolation:0}
execute if entity @s[tag=aj.dino.bone.neck_2] run data modify entity @s {} merge value {transformation:[-0.9964648907953012f,0.0779195994230387f,0.0314047359177188f,0.009392266317834592f,0.08310794348094575f,0.8596548366788623f,0.504070066067215f,0.5044853274131788f,0.012279704502812683f,0.5048981063545313f,-0.8630916006177629f,0.5201774015494538f,0f,0f,0f,1f],start_interpolation:0}
execute if entity @s[tag=aj.dino.bone.body_0] run data modify entity @s {} merge value {transformation:[-0.9963207783746355f,0.08413617936325309f,0.01630980996563256f,0.017880520871509032f,0.08569632789730337f,0.9803139338648548f,0.17787841481003552f,0.597657472881573f,-0.0010227237546891824f,0.17862165152233844f,-0.9839173032544726f,0.058162460723322706f,0f,0f,0f,1f],start_interpolation:0}
execute if entity @s[tag=aj.dino.bone.leg_left_3] run data modify entity @s {} merge value {transformation:[-0.9869041520994026f,0.02855614546946128f,-0.15876001110130444f,0.22040691149960498f,0.029094769073875627f,0.9995760860157706f,-0.0010689611454602899f,0.026878704433131034f,0.15866218510249117f,-0.005674048054046088f,-0.9873166240863076f,-0.13482478524207386f,0f,0f,0f,1f],start_interpolation:0}
execute if entity @s[tag=aj.dino.bone.leg_left_2] run data modify entity @s {} merge value {transformation:[-1.0162744575376854f,-0.06173778416722947f,-0.1242452110276221f,0.20059956399261114f,-0.023198114433330978f,0.9812353471379022f,-0.29782753484960606f,0.2463630452750787f,0.13678550341288298f,-0.2922804116494566f,-0.9736139309412138f,-0.23283175017788119f,0f,0f,0f,1f],start_interpolation:0}
execute if entity @s[tag=aj.dino.bone.leg_left_1] run data modify entity @s {} merge value {transformation:[-0.9475633630085536f,0.0883876682692126f,0.3071014379351747f,0.22719553931045064f,0.31275594266111f,0.45385672130609805f,0.8343846815800486f,0.3191803687923947f,-0.06563073528523661f,0.8866801546348098f,-0.45770176967399706f,0.033633401675851854f,0f,0f,0f,1f],start_interpolation:0}
execute if entity @s[tag=aj.dino.bone.leg_left_0] run data modify entity @s {} merge value {transformation:[-0.9700082379829267f,0.22203593991875847f,-0.098914405571947f,0.20963800219258033f,0.24089413880725255f,0.8237699899215929f,-0.5131988090330013f,0.7124069464567773f,-0.032465861047726766f,-0.5216349730309234f,-0.8525508329580456f,-0.10554946391170886f,0f,0f,0f,1f],start_interpolation:0}
execute if entity @s[tag=aj.dino.bone.leg_right_3] run data modify entity @s {} merge value {transformation:[-0.9762144812699022f,-0.0038359949981668154f,0.21677308804671708f,-0.19738264730315158f,-0.0004622127875251632f,0.9998780150971321f,0.015612215882397307f,0.031866939251075505f,-0.21680653338466246f,0.015140675935821746f,-0.9760971708871672f,-0.14839639761689313f,0f,0f,0f,1f],start_interpolation:0}
execute if entity @s[tag=aj.dino.bone.leg_right_2] run data modify entity @s {} merge value {transformation:[-1.0152493001835337f,0.07398648780070353f,0.1259248093127634f,-0.1746698280602092f,0.031581773400073516f,0.9746416720189658f,-0.3180226442467201f,0.24917717843296588f,-0.14259610642105866f,-0.3109048251277f,-0.9669884899245507f,-0.2505309160460837f,0f,0f,0f,1f],start_interpolation:0}
execute if entity @s[tag=aj.dino.bone.leg_right_1] run data modify entity @s {} merge value {transformation:[-0.9511439569252749f,-0.05988326974005559f,-0.3028847424512671f,-0.1938169965417119f,-0.2982892916623218f,0.43139982407354616f,0.8514209829860339f,0.3152782356060906f,0.07967855222154203f,0.9001711980476566f,-0.42818587379936507f,0.01831368932940436f,0f,0f,0f,1f],start_interpolation:0}
execute if entity @s[tag=aj.dino.bone.leg_right_0] run data modify entity @s {} merge value {transformation:[-0.9672122668797826f,-0.24607196476800167f,0.0628412201702638f,-0.1830853044888563f,-0.24801557586115772f,0.8619040950029956f,-0.44227774661102454f,0.718532134090399f,0.05466904908200398f,-0.44336206329847694f,-0.8946738936060373f,-0.08928929718743409f,0f,0f,0f,1f],start_interpolation:0}
execute if entity @s[tag=aj.dino.bone.tail_4] run data modify entity @s {} merge value {transformation:[-2.7525387228638323f,0.22161764336724665f,0.008805162320448204f,0.01570230381388371f,0.22168863779775494f,2.745726272673354f,0.1936561773418766f,0.5002578202925274f,0.006786649137633102f,0.19373741842927636f,-2.754647179893251f,-1.8485165078116297f,0f,0f,0f,1f],start_interpolation:0}
execute if entity @s[tag=aj.dino.bone.tail_3] run data modify entity @s {} merge value {transformation:[-2.0753239871442513f,0.16888138628632388f,0.02132959901500998f,0.010432955090167461f,0.16490622449748818f,2.0593590151564434f,-0.26036879586523565f,0.5242543016778581f,-0.04221150968771031f,-0.25780816531742773f,-2.065840909748374f,-1.4957033755731641f,0f,0f,0f,1f],start_interpolation:0}
execute if entity @s[tag=aj.dino.bone.tail_2] run data modify entity @s {} merge value {transformation:[-1.9488871205113039f,0.14260273217371347f,0.016653146385231795f,0.005930009448335357f,0.13170664596565002f,1.8659865552864268f,-0.5652622487850668f,0.6298767258299548f,-0.05715090477336928f,-0.562612221045423f,-1.8705547673930045f,-1.1481474650121122f,0f,0f,0f,1f],start_interpolation:0}
execute if entity @s[tag=aj.dino.bone.tail_1] run data modify entity @s {} merge value {transformation:[-1.5102748868538591f,0.010865268964191491f,0.08128937242284465f,-0.010252499048729066f,-0.008207043491076926f,1.4716194667358389f,-0.34917766188755794f,0.6870346759502651f,-0.08160061627034276f,-0.3491050573315458f,-1.4693955384340318f,-0.8276045316075296f,0f,0f,0f,1f],start_interpolation:0}
execute if entity @s[tag=aj.dino.bone.tail_0] run data modify entity @s {} merge value {transformation:[-1.2778244636014724f,0.007332415615863883f,-0.03076674319575501f,-0.0010847973509242673f,0.010355926627549212f,1.2718489870814618f,-0.12699852529684144f,0.7548385784207547f,0.029884972633785662f,-0.1272089081987731f,-1.2715189729884417f,-0.4591069124074408f,0f,0f,0f,1f],start_interpolation:0}
execute if entity @s[tag=aj.dino.bone.body_1] run data modify entity @s {} merge value {transformation:[-1.2351591686077246f,0.025549268762134095f,-0.04830795096301345f,0.008425200000000058f,0.019264407119202544f,1.2263317391773794f,0.15602545677157958f,0.6359627f,0.05114006138899611f,0.1551202611142551f,-1.2255313108073678f,-0.1846365000000001f,0f,0f,0f,1f],start_interpolation:0}