execute if entity @s[tag=aj.dino.bone.head_lower] run data modify entity @s {} merge value {transformation:[-0.9420933157342523f,0.3112893447997994f,-0.12473623476341743f,-0.008682330404351516f,0.28791658676562226f,0.9415147106543611f,0.17508309080738876f,0.3010257702685475f,0.17194250060434926f,0.12903097858865537f,-0.9766200812242074f,0.7234376258334987f,0f,0f,0f,1f],start_interpolation:0}
execute if entity @s[tag=aj.dino.bone.head_upper] run data modify entity @s {} merge value {transformation:[-0.9806245398089017f,0.3224656961838054f,0.1336537664743532f,0.007467876209273667f,0.29969225519909176f,0.5734137544813145f,0.8153852837332987f,0.3702051709089667f,0.17897487723635858f,0.8066501618048827f,-0.6330524878411696f,0.6979653301935991f,0f,0f,0f,1f],start_interpolation:0}
execute if entity @s[tag=aj.dino.bone.neck_0] run data modify entity @s {} merge value {transformation:[-0.9962637164165251f,-0.07899684921297181f,-0.03490136338822347f,0.006815273307720678f,-0.08553581173396611f,0.8467499755896377f,0.5250696180031361f,0.3904404559137258f,-0.011926116842683146f,0.5260931254572433f,-0.8503433371783917f,0.6344449113936105f,0f,0f,0f,1f],start_interpolation:0}
execute if entity @s[tag=aj.dino.bone.neck_1] run data modify entity @s {} merge value {transformation:[-0.9906800635423476f,-0.10789434801311684f,0.08313736444316015f,0.013361043479461727f,-0.03283670534669921f,0.7815432827341865f,0.6229862341938587f,0.44681603885491544f,-0.1321921422842691f,0.6144500849376584f,-0.7778022439144798f,0.5713855474146499f,0f,0f,0f,1f],start_interpolation:0}
execute if entity @s[tag=aj.dino.bone.neck_2] run data modify entity @s {} merge value {transformation:[-0.9987554129661241f,0.04490250453794335f,0.021711521298309767f,0.015702759165095205f,0.04929024879497881f,0.822074683548211f,0.5672421758321904f,0.5045593327227483f,0.007622102373759553f,0.5676063598615931f,-0.8232647956763823f,0.504818597844451f,0f,0f,0f,1f],start_interpolation:0}
execute if entity @s[tag=aj.dino.bone.body_0] run data modify entity @s {} merge value {transformation:[-0.9985140823901631f,0.05000523425181964f,0.021658804582689872f,0.026386834907191153f,0.0532298610455484f,0.9801208317103683f,0.19112754155392453f,0.603973902401913f,-0.01167086807405994f,0.19199643693255397f,-0.9813262245775365f,0.04415223423172904f,0f,0f,0f,1f],start_interpolation:0}
execute if entity @s[tag=aj.dino.bone.leg_left_3] run data modify entity @s {} merge value {transformation:[-0.9870212976964985f,0.03203746165607719f,-0.15736123710798522f,0.24109197938433852f,0.03350726027669934f,0.9994160457925436f,-0.006695589678748337f,0.025072524837664728f,0.15705483565388784f,-0.011881433542802244f,-0.9875184100231745f,-0.14084724646732028f,0f,0f,0f,1f],start_interpolation:0}
execute if entity @s[tag=aj.dino.bone.leg_left_2] run data modify entity @s {} merge value {transformation:[-1.0173706900101225f,-0.0745226692348185f,-0.10707684333757508f,0.21883337252066393f,-0.04241775181898228f,0.9850957008430321f,-0.28257635076540505f,0.24589822149548551f,0.12336860597269073f,-0.27585327884835426f,-0.9801772059733188f,-0.23524871987791982f,0f,0f,0f,1f],start_interpolation:0}
execute if entity @s[tag=aj.dino.bone.leg_left_1] run data modify entity @s {} merge value {transformation:[-0.9522656040445284f,0.0807574876103616f,0.2943950535395792f,0.2441240132451722f,0.29641842161355486f,0.47516588068331367f,0.8284645467143298f,0.3251439313997451f,-0.07298176951703904f,0.8761824091074378f,-0.4764221314011857f,0.029503780796350382f,0f,0f,0f,1f],start_interpolation:0}
execute if entity @s[tag=aj.dino.bone.leg_left_0] run data modify entity @s {} merge value {transformation:[-0.9760489520986194f,0.19646713434842694f,-0.09342969671418155f,0.2153784546845077f,0.21486413772812651f,0.8032811687306275f,-0.555493263938552f,0.7107423103032949f,-0.03408585374514585f,-0.5622633093877586f,-0.8262554843937742f,-0.12796006144828345f,0f,0f,0f,1f],start_interpolation:0}
execute if entity @s[tag=aj.dino.bone.leg_right_3] run data modify entity @s {} merge value {transformation:[-0.9708520443623117f,-0.000695166073390957f,0.23967858623925992f,-0.20459549818851627f,0.002900399514935717f,0.9998884973960528f,0.014648565039521999f,0.030709562457526568f,-0.23966204463822333f,0.014916752970862868f,-0.9707417755719758f,-0.15857290231248306f,0f,0f,0f,1f],start_interpolation:0}
execute if entity @s[tag=aj.dino.bone.leg_right_2] run data modify entity @s {} merge value {transformation:[-1.0161290268345f,0.08667113140920718f,0.10969099919917799f,-0.17942623959477205f,0.04932918987697547f,0.9753151168269337f,-0.31367061292961435f,0.2482837449508389f,-0.1308076119770843f,-0.30546806276566246f,-0.9703817963975521f,-0.2595632761122847f,0f,0f,0f,1f],start_interpolation:0}
execute if entity @s[tag=aj.dino.bone.leg_right_1] run data modify entity @s {} merge value {transformation:[-0.9556182010817629f,-0.04063050518955365f,-0.2917927617493231f,-0.1940204180270781f,-0.27892343767606054f,0.4436363435088919f,0.8516974290398142f,0.31808010348709004f,0.09484497707429931f,0.8952854052011026f,-0.4352797647004438f,0.0086322942290816f,0f,0f,0f,1f],start_interpolation:0}
execute if entity @s[tag=aj.dino.bone.leg_right_0] run data modify entity @s {} merge value {transformation:[-0.9710283007456193f,-0.23497271015913046f,0.04349557025202168f,-0.17691222935257664f,-0.22866920387279635f,0.8608209715310646f,-0.45464013260214436f,0.7196655964849659f,0.06938612506298933f,-0.4514145328329463f,-0.8896125477959245f,-0.10425561592246546f,0f,0f,0f,1f],start_interpolation:0}
execute if entity @s[tag=aj.dino.bone.tail_4] run data modify entity @s {} merge value {transformation:[-2.744835277273793f,0.30153023070625806f,0.024902855328829493f,0.024737811519364022f,0.302528084806691f,2.7383947806254265f,0.18796838815774955f,0.4387015245956038f,-0.0041701482579676145f,0.18956496779114412f,-2.7549426608279615f,-1.8573341473065121f,0f,0f,0f,1f],start_interpolation:0}
execute if entity @s[tag=aj.dino.bone.tail_3] run data modify entity @s {} merge value {transformation:[-2.068973652525722f,0.23177659352477145f,0.039663104932284796f,0.01574429871120802f,0.22415988426707645f,2.0501542539540325f,-0.28734196930487266f,0.4673617352408979f,-0.07103448095247472f,-0.28123419374728315f,-2.061991017639886f,-1.504944572421127f,0f,0f,0f,1f],start_interpolation:0}
execute if entity @s[tag=aj.dino.bone.tail_2] run data modify entity @s {} merge value {transformation:[-1.9440397603262056f,0.19645285285555047f,0.029825523943759123f,0.00880903499951049f,0.176788956842864f,1.843945078119642f,-0.6224034773517397f,0.5836346800355326f,-0.0907135602433082f,-0.6164792782292371f,-1.8521604208341995f,-1.1608457662692113f,0f,0f,0f,1f],start_interpolation:0}
execute if entity @s[tag=aj.dino.bone.tail_1] run data modify entity @s {} merge value {transformation:[-1.5077852068678153f,0.01048839966670341f,0.11886973299798165f,-0.015458119540775443f,-0.022610942078639992f,1.4542424034163937f,-0.4151192929797756f,0.6552087111820166f,-0.11716981372732634f,-0.4156023045871424f,-1.4495524168421645f,-0.8437260092770174f,0f,0f,0f,1f],start_interpolation:0}
execute if entity @s[tag=aj.dino.bone.tail_0] run data modify entity @s {} merge value {transformation:[-1.277402411630367f,0.007230183419326766f,-0.04501688341803175f,-0.0021286627109610105f,0.013643265554792863f,1.2648298473062656f,-0.18399737838414557f,0.7394996189549419f,0.04350467388627539f,-0.18436078323482985f,-1.2641021167370603f,-0.47877494440910984f,0f,0f,0f,1f],start_interpolation:0}
execute if entity @s[tag=aj.dino.bone.body_1] run data modify entity @s {} merge value {transformation:[-1.2337985215143945f,0.03424303913896502f,-0.07192508349436512f,0.012286400000000041f,0.028064743176401005f,1.2315871110387306f,0.10492927699153283f,0.6321489f,0.07455315925959635f,0.10307859743928646f,-1.2298053603113839f,-0.19980550000000005f,0f,0f,0f,1f],start_interpolation:0}