execute if entity @s[tag=aj.dino.bone.head_lower] run data modify entity @s {} merge value {transformation:[-0.2285127631156667f,0.06564486707179218f,0.971325212542313f,0.138359141762874f,0.23357233648537173f,0.9722798968788987f,-0.010759449517616038f,0.2630753145281642f,-0.9451062801198643f,0.22441602784178447f,-0.23751119073784263f,0.4454832986427854f,0f,0f,0f,1f],start_interpolation:0}
execute if entity @s[tag=aj.dino.bone.head_upper] run data modify entity @s {} merge value {transformation:[-0.2378588399134462f,-0.3540878126136717f,0.9494824568242435f,0.1957891744801066f,0.2431253477258166f,0.9268615933610012f,0.4065582303053446f,0.31199027297833637f,-0.9837607331824835f,0.3146765804667995f,-0.12909458601154192f,0.4433444499542654f,0f,0f,0f,1f],start_interpolation:0}
execute if entity @s[tag=aj.dino.bone.neck_0] run data modify entity @s {} merge value {transformation:[-0.6806352874007198f,0.1382325868345667f,0.7194632426204712f,0.2402871729483423f,0.27642318733863813f,0.957909329958928f,0.07745926077097143f,0.3013609502682655f,-0.6784731586779889f,0.25159782891484006f,-0.690197584347302f,0.3948503071600789f,0f,0f,0f,1f],start_interpolation:0}
execute if entity @s[tag=aj.dino.bone.neck_1] run data modify entity @s {} merge value {transformation:[-0.8827295074319267f,-0.0619147064399825f,0.46578448432235087f,0.2794599988785714f,0.1447810881285307f,0.907212593426246f,0.3949730963611865f,0.33899977056828823f,-0.44702019331268056f,0.4160911912733497f,-0.791859247161652f,0.32968631587966546f,0f,0f,0f,1f],start_interpolation:0}
execute if entity @s[tag=aj.dino.bone.neck_2] run data modify entity @s {} merge value {transformation:[-0.993912220440444f,0.03146219804572403f,0.10558706432739465f,0.28901825219937505f,0.07811342179163035f,0.8770800603624667f,0.4739502727613673f,0.38910853105521603f,-0.07769679140832392f,0.4793127348701506f,-0.8741982102453356f,0.2577927674204353f,0f,0f,0f,1f],start_interpolation:0}
execute if entity @s[tag=aj.dino.bone.body_0] run data modify entity @s {} merge value {transformation:[-0.9718741289998708f,-0.04267905811584663f,-0.23160132853480425f,0.17945884318852773f,-0.09244273462956584f,0.9736440763758505f,0.20849832937562002f,0.496648188703786f,0.21659874929221035f,0.22404399241345674f,-0.9502048575273067f,-0.18790091958123994f,0f,0f,0f,1f],start_interpolation:0}
execute if entity @s[tag=aj.dino.bone.leg_left_3] run data modify entity @s {} merge value {transformation:[-0.71517750344056f,0.14239460086447364f,-0.6842842364231219f,0.29387952019062036f,0.06079190657915797f,0.98798994244448f,0.142057093180961f,0.019848860568909138f,0.6962941064428152f,0.05999709387295768f,-0.7152446197349558f,-0.5486081993704356f,0f,0f,0f,1f],start_interpolation:0}
execute if entity @s[tag=aj.dino.bone.leg_left_2] run data modify entity @s {} merge value {transformation:[-0.8896777956852036f,-0.2991024551550208f,-0.4136101312657248f,0.20999653968721854f,-0.2748841413256928f,0.9810864498163868f,-0.11819596581529182f,0.24445945350134812f,0.43008641947060794f,0.008324590537188491f,-0.9311383208095537f,-0.5747768674760108f,0f,0f,0f,1f],start_interpolation:0}
execute if entity @s[tag=aj.dino.bone.leg_left_1] run data modify entity @s {} merge value {transformation:[-0.9489199711646871f,0.3151421101566497f,0.015373312291869445f,0.313693794292525f,0.10004629118409966f,0.25432292532838385f,0.9619306572059754f,0.26054136548554974f,0.29923507138220873f,0.9143332543763394f,-0.2728609022862328f,-0.3178690296157767f,0f,0f,0f,1f],start_interpolation:0}
execute if entity @s[tag=aj.dino.bone.leg_left_0] run data modify entity @s {} merge value {transformation:[-0.9425007111219112f,-0.14201262970028072f,-0.30253069685620715f,0.1729730507540354f,0.05100032341777225f,0.8335085121552231f,-0.5501477321375313f,0.6385194546842599f,0.3302898371823964f,-0.5339437921452006f,-0.7783396753883415f,-0.42574634413611356f,0f,0f,0f,1f],start_interpolation:0}
execute if entity @s[tag=aj.dino.bone.leg_right_3] run data modify entity @s {} merge value {transformation:[-0.941630742352505f,-0.025238011181345735f,0.33570014573765133f,-0.22217677043557896f,-0.018892975262819245f,0.9995760377576792f,0.022154011518867978f,0.04501699633723688f,-0.33611694474154175f,0.014518523763451419f,-0.9417083475924708f,-0.12505622652725468f,0f,0f,0f,1f],start_interpolation:0}
execute if entity @s[tag=aj.dino.bone.leg_right_2] run data modify entity @s {} merge value {transformation:[-0.9493597182592184f,0.19266525078998423f,-0.3371326533955203f,-0.18621287321364272f,0.30212568677989865f,0.9259240065838203f,-0.3216317815767515f,0.25043996397930623f,0.24392292683396166f,-0.39699752476620415f,-0.9137596897406646f,-0.2462134571317505f,0f,0f,0f,1f],start_interpolation:0}
execute if entity @s[tag=aj.dino.bone.leg_right_1] run data modify entity @s {} merge value {transformation:[-0.9192971155316908f,0.3618264576493044f,-0.15483677831855386f,-0.09801234627954172f,-0.0734481052583366f,0.22878326021380582f,0.9707026298923387f,0.25964803402660247f,0.38664995694952964f,0.9037365956908562f,-0.18374432344981073f,0.016749019572277785f,0f,0f,0f,1f],start_interpolation:0}
execute if entity @s[tag=aj.dino.bone.leg_right_0] run data modify entity @s {} merge value {transformation:[-0.9292983679100854f,-0.14921173371052504f,-0.3378467136479957f,-0.02104013974250716f,-0.018726820529241767f,0.9326161356569972f,-0.36038375338668505f,0.6573384015953836f,0.36885478117074333f,-0.32857723907067704f,-0.8694729141107123f,-0.08436937404768105f,0f,0f,0f,1f],start_interpolation:0}
execute if entity @s[tag=aj.dino.bone.tail_4] run data modify entity @s {} merge value {transformation:[0.564078867283375f,-1.8619708818782892f,1.959729776811512f,-0.24445417549353188f,2.635262733449873f,-0.06734464267132699f,-0.8225061436814798f,0.3327354012497764f,0.6023841704216769f,2.038183128607649f,1.7631234151597348f,0.5045610712557578f,0f,0f,0f,1f],start_interpolation:0}
execute if entity @s[tag=aj.dino.bone.tail_3] run data modify entity @s {} merge value {transformation:[0.8186783651983985f,-1.4814419267628653f,1.2128648226532317f,-0.43561415677426585f,1.7463166876167613f,0.03700366330804474f,-1.1335582391290944f,0.5245828790546633f,0.7849135538081539f,1.4628417797476805f,1.2569606861462848f,0.2771119335316974f,0f,0f,0f,1f],start_interpolation:0}
execute if entity @s[tag=aj.dino.bone.tail_2] run data modify entity @s {} merge value {transformation:[0.8192101245859496f,-1.3676630622294643f,1.1301178677429082f,-0.6454202786054023f,1.6878637137569559f,0.21728083731943162f,-0.9605618129611027f,0.7044490070717703f,0.546612047581488f,1.3787895636933394f,1.2723712050702347f,0.04131318204337281f,0f,0f,0f,1f],start_interpolation:0}
execute if entity @s[tag=aj.dino.bone.tail_1] run data modify entity @s {} merge value {transformation:[1.2592095670746044f,-0.7487979074642237f,-0.37596437326559135f,-0.5565666726929231f,0.6841765491687992f,1.310666977453457f,-0.3189212658015978f,0.7564021124049671f,0.4836837455975362f,0.0954464142344804f,1.4298937954458428f,-0.2680128410478242f,0f,0f,0f,1f],start_interpolation:0}
execute if entity @s[tag=aj.dino.bone.tail_0] run data modify entity @s {} merge value {transformation:[0.5521294288246552f,0.06868135102394313f,-1.150770038900611f,-0.21862751759672117f,-0.05105642393671956f,1.2761502175239738f,0.05166798304884475f,0.7720993048933895f,1.1516866118804114f,0.023647640877424134f,0.5539805535218526f,-0.429328174793962f,0f,0f,0f,1f],start_interpolation:0}
execute if entity @s[tag=aj.dino.bone.body_1] run data modify entity @s {} merge value {transformation:[-0.6101934033342893f,0.41261806119192196f,-0.9929828503865444f,-0.015565668918989542f,0.05918771416250954f,1.15287815006014f,0.44268880792536036f,0.5915258333333333f,1.073669139016198f,0.17094707294475336f,-0.5887412617033791f,-0.303968576887129f,0f,0f,0f,1f],start_interpolation:0}