execute if entity @s[tag=aj.dino.bone.head_lower] run data modify entity @s {} merge value {transformation:[-0.9979702096819637f,-0.06346349971922632f,0.005276816343741726f,0.23702197066982114f,-0.06355453532912714f,0.9872896036871008f,-0.14567106607170172f,1.2907916890644575f,0.004035049743998639f,-0.14571074996291494f,-0.9893190060434545f,0.2814525954085416f,0f,0f,0f,1f],start_interpolation:0}
execute if entity @s[tag=aj.dino.bone.head_upper] run data modify entity @s {} merge value {transformation:[-1.0387867754370355f,-0.045108725392303164f,0.04857139748983491f,0.23903498122127634f,-0.06615388934303205f,0.6571527169947249f,-0.8045159489126043f,1.2500661335570158f,0.0042000815972574575f,-0.8059698828265484f,-0.6586856988538948f,0.21794800180361512f,0f,0f,0f,1f],start_interpolation:0}
execute if entity @s[tag=aj.dino.bone.neck_0] run data modify entity @s {} merge value {transformation:[-0.9981430150066104f,-0.010771505550586258f,-0.059954117971057846f,0.23565560223267948f,0.05415916447946409f,0.29355479195596057f,-0.954406815264109f,1.1835699545005571f,0.027880216936031862f,-0.9558815610669904f,-0.292426289371755f,0.21454591085249164f,0f,0f,0f,1f],start_interpolation:0}
execute if entity @s[tag=aj.dino.bone.neck_1] run data modify entity @s {} merge value {transformation:[-0.9395185021587537f,-0.2007696700639739f,-0.27748247455249386f,0.2112242739068288f,0.12589524722549755f,0.5510137859632959f,-0.82494496447001f,1.1162247402424983f,0.31852059717921416f,-0.8099847821167988f,-0.49241169960897413f,0.16910067834893985f,0f,0f,0f,1f],start_interpolation:0}
execute if entity @s[tag=aj.dino.bone.neck_2] run data modify entity @s {} merge value {transformation:[-0.8575441552565151f,-0.4749393578689194f,-0.19761231776498323f,0.1892619996275976f,-0.15731018493363674f,0.6078704568269004f,-0.7782975095894887f,1.053991472862508f,0.4897668093098339f,-0.6363380501463932f,-0.5959885556236386f,0.11065746373992733f,0f,0f,0f,1f],start_interpolation:0}
execute if entity @s[tag=aj.dino.bone.body_0] run data modify entity @s {} merge value {transformation:[-0.9750228090801902f,-0.12652475988818113f,-0.18254316450805022f,0.10202478423793566f,0.10684541902325691f,0.45333518037594445f,-0.8849131430074109f,0.6412538112494578f,0.194716661349561f,-0.8823143993887597f,-0.4284935500379584f,-0.09969508708932695f,0f,0f,0f,1f],start_interpolation:0}
execute if entity @s[tag=aj.dino.bone.leg_left_3] run data modify entity @s {} merge value {transformation:[-0.9600957087785308f,-0.04455866943529876f,-0.27609917595531985f,0.453010049628103f,-0.044441077092583964f,0.9989896345268946f,-0.006685863794054975f,0.062155319871517456f,0.2761181280754703f,0.005851075625679436f,-0.9611058964870209f,-0.27427216863822024f,0f,0f,0f,1f],start_interpolation:0}
execute if entity @s[tag=aj.dino.bone.leg_left_2] run data modify entity @s {} merge value {transformation:[-0.9811217610464816f,-0.27986804023917283f,-0.10552805103113598f,0.38298983535202946f,-0.2774142074387799f,0.9867516815670196f,-0.037744879605946996f,0.2905688439248063f,0.11181970762284667f,-0.007562967541814756f,-1.0195593920953288f,-0.3073705626824336f,0f,0f,0f,1f],start_interpolation:0}
execute if entity @s[tag=aj.dino.bone.leg_left_1] run data modify entity @s {} merge value {transformation:[-0.99319768597812f,0.05934951694019725f,0.10017979540143465f,0.4135802364232254f,0.11608975264772745f,0.5714220576425477f,0.8124038413066168f,0.40040750683841225f,-0.009029169280588802f,0.8185074629339197f,-0.5744249361087835f,-0.05436249729435111f,0f,0f,0f,1f],start_interpolation:0}
execute if entity @s[tag=aj.dino.bone.leg_left_0] run data modify entity @s {} merge value {transformation:[-0.9926371307731012f,-0.11471397362687573f,-0.03888741268428392f,0.256285977833152f,-0.028071280028137496f,0.5301765722010446f,-0.8474224480899314f,0.6742935378581382f,0.11782839151973193f,-0.8400913679736763f,-0.5294931195095832f,-0.327405052203497f,0f,0f,0f,1f],start_interpolation:0}
execute if entity @s[tag=aj.dino.bone.leg_right_3] run data modify entity @s {} merge value {transformation:[-0.9023692686833276f,0.01266040301828591f,0.43077768875759015f,-0.23619600615794284f,0.029816383845575167f,0.9990072851545727f,0.03309724252055102f,0.01819065185445537f,-0.42993102492177754f,0.0427101674488104f,-0.901850960750281f,-0.24363565520597108f,0f,0f,0f,1f],start_interpolation:0}
execute if entity @s[tag=aj.dino.bone.leg_right_2] run data modify entity @s {} merge value {transformation:[-1.0111030951395537f,0.17212644947141498f,0.01025747982077579f,-0.19418797524538856f,0.1653385570311819f,0.9851133185039249f,-0.23297448522472633f,0.24036267831397645f,-0.04894785039974563f,-0.22800533897091965f,-0.9988392627658842f,-0.3275760391920799f,0f,0f,0f,1f],start_interpolation:0}
execute if entity @s[tag=aj.dino.bone.leg_right_1] run data modify entity @s {} merge value {transformation:[-0.9687001734421083f,0.0950362011354964f,-0.22932094201568834f,-0.17549955585888816f,-0.15084181798747381f,0.5083265893867078f,0.8478507088330537f,0.3304881962067228f,0.19714644282731297f,0.8559043164958402f,-0.4780806219502377f,-0.06577168539870956f,0f,0f,0f,1f],start_interpolation:0}
execute if entity @s[tag=aj.dino.bone.leg_right_0] run data modify entity @s {} merge value {transformation:[-0.9808441088264913f,-0.1804724940866807f,-0.07331107050438568f,-0.12634268127876086f,-0.10367612135386299f,0.8022744788507895f,-0.5878834258981223f,0.7053996214716207f,0.16491238898695593f,-0.569021387526714f,-0.8056168844406055f,-0.24278101693750045f,0f,0f,0f,1f],start_interpolation:0}
execute if entity @s[tag=aj.dino.bone.tail_4] run data modify entity @s {} merge value {transformation:[-2.592981854907514f,-0.20657067830370798f,0.9270571646805457f,0.6367797459300076f,0.6984631645013196f,1.4117895884901588f,2.268184449568771f,0.41700333851999793f,-0.6436269412906733f,2.364284256238225f,-1.273407102127547f,-1.63069159603173f,0f,0f,0f,1f],start_interpolation:0}
execute if entity @s[tag=aj.dino.bone.tail_3] run data modify entity @s {} merge value {transformation:[-1.707568375014369f,0.1663250773404464f,1.1800388719626678f,0.43506113909447836f,0.8368978820354391f,1.6352643457434888f,0.9805396374594746f,0.23473770558354176f,-0.8483853521483183f,1.2783551987739001f,-1.4078337281342428f,-1.404484730217777f,0f,0f,0f,1f],start_interpolation:0}
execute if entity @s[tag=aj.dino.bone.tail_2] run data modify entity @s {} merge value {transformation:[-1.5343787027801712f,0.5659540127386374f,1.0696503760212728f,0.2352155521874104f,0.5939367633509491f,1.857134540741956f,-0.13063037061165364f,0.25990270026367446f,-1.0543694763210918f,0.22253365599606265f,-1.630201721982341f,-1.1021604863906251f,0f,0f,0f,1f],start_interpolation:0}
execute if entity @s[tag=aj.dino.bone.tail_1] run data modify entity @s {} merge value {transformation:[-0.9385349472766029f,-0.06343719627046221f,1.1843918797719983f,-0.017980261943271483f,-0.7596252575958428f,1.1920917021344342f,-0.5380920848002476f,0.3618477484733205f,-0.9109214405001973f,-0.9287353475730157f,-0.7715756822279175f,-0.9239029091293421f,0f,0f,0f,1f],start_interpolation:0}
execute if entity @s[tag=aj.dino.bone.tail_0] run data modify entity @s {} merge value {transformation:[-1.272058032825748f,-0.12500156475226465f,-0.008870542091734115f,-0.018404593801703367f,-0.10104057264208437f,1.076591521661166f,-0.6815990131679198f,0.5870068931531147f,0.07412746041566182f,-0.6776142124253355f,-1.08128618566758f,-0.6242779922577331f,0f,0f,0f,1f],start_interpolation:0}
execute if entity @s[tag=aj.dino.bone.body_1] run data modify entity @s {} merge value {transformation:[-1.203410361528457f,0.021112485765685612f,-0.282776165486047f,0.045914827869720024f,0.09783214726758542f,1.1881449439279488f,-0.3276355570381746f,0.5831475770839313f,0.2661521515660018f,-0.34127767319221913f,-1.158143849896697f,-0.33203829700336995f,0f,0f,0f,1f],start_interpolation:0}