execute if entity @s[tag=aj.dino.bone.head_lower] run data modify entity @s {} merge value {transformation:[-0.9573714544806913f,0.28264316853785687f,0.059604843967636656f,-0.022311088998571534f,0.28885712621578996f,0.9358971075225828f,0.2016386985804524f,0.4892527819692316f,0.0012077996029829785f,0.21026041807659335f,-0.9776446684815374f,0.6249180096677107f,0f,0f,0f,1f],start_interpolation:0}
execute if entity @s[tag=aj.dino.bone.head_upper] run data modify entity @s {} merge value {transformation:[-0.996527548064179f,0.22186414803001f,0.2029312404525742f,-0.0036489937621616954f,0.3006712623208799f,0.7323834758430583f,0.6757833816467497f,0.5523783222484738f,0.001257198103495148f,0.7055938539375647f,-0.7652500737157563f,0.5880079994043986f,0f,0f,0f,1f],start_interpolation:0}
execute if entity @s[tag=aj.dino.bone.neck_0] run data modify entity @s {} merge value {transformation:[-0.957148480332696f,0.28830943020630756f,-0.027284776908103714f,-0.009783802625718895f,0.27572127271567504f,0.9360469038537613f,0.2186183285038924f,0.5512317045051639f,0.0885695566707837f,0.201727207485509f,-0.975428914576167f,0.5216319070046856f,0f,0f,0f,1f],start_interpolation:0}
execute if entity @s[tag=aj.dino.bone.neck_1] run data modify entity @s {} merge value {transformation:[-0.9498102741989927f,-0.059942892030398945f,0.30702979125984886f,0.015949501049278027f,0.05592950965621508f,0.933116715006166f,0.3551972496032554f,0.5856203255769047f,-0.3077861806118816f,0.35454202271540936f,-0.882931266381034f,0.4484693710502379f,0f,0f,0f,1f],start_interpolation:0}
execute if entity @s[tag=aj.dino.bone.neck_2] run data modify entity @s {} merge value {transformation:[-0.9841991741347973f,-0.10866005478023956f,0.13980335520844403f,0.027133473641869008f,-0.06804372899514907f,0.961032953737536f,0.26792855908794366f,0.6185019900798884f,-0.16346876330607552f,0.2541823249670644f,-0.9532414747048725f,0.3674468723804114f,0f,0f,0f,1f],start_interpolation:0}
execute if entity @s[tag=aj.dino.bone.body_0] run data modify entity @s {} merge value {transformation:[-0.9935136975786371f,0.034833080287786325f,0.10824596639731798f,0.0784812203136425f,0.002883884167398501f,0.9593389242501529f,-0.28224193811456955f,0.4946213254808977f,-0.11367592504894646f,-0.28009906271928897f,-0.953216816431625f,-0.08446893233698144f,0f,0f,0f,1f],start_interpolation:0}
execute if entity @s[tag=aj.dino.bone.leg_left_3] run data modify entity @s {} merge value {transformation:[-0.9907084743560866f,0.10583215799405943f,-0.0854182250655881f,0.40982750364136344f,0.10052533489038334f,0.9928599930400189f,0.06421597360275033f,0.0033053554118726847f,0.09160445340817913f,0.055032613556810994f,-0.9942736220783971f,-0.24405020898281615f,0f,0f,0f,1f],start_interpolation:0}
execute if entity @s[tag=aj.dino.bone.leg_left_2] run data modify entity @s {} merge value {transformation:[-0.899949588422709f,-0.13369654161545813f,0.4735801648702747f,0.3919026199828918f,-0.23378282462938174f,0.9847683887566601f,-0.1662498448559067f,0.22735288655352548f,-0.4330110029858345f,-0.25380830318642345f,-0.8945082537503632f,-0.3315286314718847f,0f,0f,0f,1f],start_interpolation:0}
execute if entity @s[tag=aj.dino.bone.leg_left_1] run data modify entity @s {} merge value {transformation:[-0.8318344641969833f,-0.5076420117894056f,0.22439031182411223f,0.2586578317681202f,0.14994937458841673f,0.1837060992378604f,0.9714768418049663f,0.22275026873638487f,-0.5343843272726663f,0.8417551051043373f,-0.07669246244661648f,-0.08813999578279672f,0f,0f,0f,1f],start_interpolation:0}
execute if entity @s[tag=aj.dino.bone.leg_left_0] run data modify entity @s {} merge value {transformation:[-0.8575171883685033f,0.3416901625806781f,0.38459342746355724f,0.2617998387973326f,0.08061046249776035f,0.8275821876364335f,-0.5555264854557269f,0.6022822918886432f,-0.5081006051841248f,-0.44537125581079495f,-0.7372097527224131f,-0.26207345937803206f,0f,0f,0f,1f],start_interpolation:0}
execute if entity @s[tag=aj.dino.bone.leg_right_3] run data modify entity @s {} merge value {transformation:[-0.3777294963797193f,0.09691269717426176f,0.9208302540051194f,-0.23802895804112462f,-0.023253166199119546f,0.9932007875085714f,-0.11406790062970701f,0.032036987349989415f,-0.9256239613506337f,-0.06449902959550949f,-0.37290770621535496f,-0.2713177394777331f,0f,0f,0f,1f],start_interpolation:0}
execute if entity @s[tag=aj.dino.bone.leg_right_2] run data modify entity @s {} merge value {transformation:[-0.8529620633854987f,0.42183225156689647f,0.3828517591233565f,-0.12654537164953145f,0.3140137306249773f,0.9233137036989048f,-0.31772532326128594f,0.2369537813859898f,-0.47530337144273493f,-0.1470086922617402f,-0.8969600598662998f,-0.33256796032052793f,0f,0f,0f,1f],start_interpolation:0}
execute if entity @s[tag=aj.dino.bone.leg_right_1] run data modify entity @s {} merge value {transformation:[-0.9387476606500195f,-0.3237090384734221f,-0.11817481979985517f,-0.22691519858783096f,-0.2089860062088604f,0.26211278866889914f,0.9421367922043397f,0.25403214566723303f,-0.2740030635467164f,0.9091255933185609f,-0.3137084263136528f,-0.07440597052803624f,0f,0f,0f,1f],start_interpolation:0}
execute if entity @s[tag=aj.dino.bone.leg_right_0] run data modify entity @s {} merge value {transformation:[-0.9376462790800338f,0.0513838542510346f,0.3437719518076998f,-0.1257000057565018f,-0.16139931072426278f,0.8115657552769261f,-0.561525856358837f,0.637157757049245f,-0.30784690647316887f,-0.5819971858901904f,-0.7526682920057143f,-0.20584998601649196f,0f,0f,0f,1f],start_interpolation:0}
execute if entity @s[tag=aj.dino.bone.tail_4] run data modify entity @s {} merge value {transformation:[0.7845384014309796f,1.476566234532429f,-2.1977063005139814f,-0.7245174684240611f,2.596000099829233f,0.021643623934467948f,0.9412631761784782f,0.4518467342117783f,0.5205231118468586f,-2.333440601382797f,-1.381944999430714f,-1.6947202817816422f,0f,0f,0f,1f],start_interpolation:0}
execute if entity @s[tag=aj.dino.bone.tail_3] run data modify entity @s {} merge value {transformation:[0.19832929807066357f,1.338415442439143f,-1.5827997722427423f,-0.46923056388220236f,2.0715235005567822f,-0.07160375247830246f,0.19901963550475532f,0.41880105755867897f,0.07349423250988897f,-1.5935691174580113f,-1.3383129647867587f,-1.4521975342738251f,0f,0f,0f,1f],start_interpolation:0}
execute if entity @s[tag=aj.dino.bone.tail_2] run data modify entity @s {} merge value {transformation:[-0.252471527587829f,1.2696424037134815f,-1.4639126235718094f,-0.19697697827308075f,1.9376651909266076f,0.18219725125694158f,-0.17615801006070136f,0.45302459807230633f,0.02203657486088418f,-1.4743087204957601f,-1.2824593798796646f,-1.2141256578019717f,0f,0f,0f,1f],start_interpolation:0}
execute if entity @s[tag=aj.dino.bone.tail_1] run data modify entity @s {} merge value {transformation:[-1.3769801379599722f,0.4236757152366167f,-0.4605223534015241f,-0.1017411756858281f,0.6021275734054343f,1.2001148013400624f,-0.6962923947232131f,0.5876135334425218f,0.1703652987219532f,-0.8172390115035165f,-1.2612502975492756f,-0.9328915251290295f,0f,0f,0f,1f],start_interpolation:0}
execute if entity @s[tag=aj.dino.bone.tail_0] run data modify entity @s {} merge value {transformation:[-1.2069030889737815f,0.010889130080017389f,-0.4208349762741603f,0.021499359602463693f,0.08203865355963938f,1.2593736406408258f,-0.20269042692051806f,0.6772353164784289f,0.4129047223412371f,-0.21839225418773633f,-1.1898110060690872f,-0.5904712895002026f,0f,0f,0f,1f],start_interpolation:0}
execute if entity @s[tag=aj.dino.bone.body_1] run data modify entity @s {} merge value {transformation:[-1.2187307900801f,0.13818508719793285f,-0.1555787197629712f,0.04836148638415565f,0.1096872780904722f,1.2121520542506106f,0.21739524709013f,0.5450469238683128f,0.17682917573774087f,0.20049158114089222f,-1.207120194328546f,-0.3233372841565374f,0f,0f,0f,1f],start_interpolation:0}