execute if entity @s[tag=aj.dino.bone.head_lower] run data modify entity @s {} merge value {transformation:[-0.2329236608616339f,0.07818120393254369f,0.9693473410302792f,0.16388146187491986f,0.25149127731665716f,0.9676992073564198f,-0.01761764783939873f,0.270256183248862f,-0.9394140224865982f,0.23967883392868633f,-0.24506193282950794f,0.4355537312665981f,0f,0f,0f,1f],start_interpolation:0}
execute if entity @s[tag=aj.dino.bone.head_upper] run data modify entity @s {} merge value {transformation:[-0.2424501415393494f,-0.3261858343030336f,0.9582758856149363f,0.2225427966827103f,0.26177716577087623f,0.931655934509674f,0.3833560717627675f,0.3176850917367026f,-0.9778356645837908f,0.3302907261435701f,-0.13497181881799034f,0.4333621724567039f,0f,0f,0f,1f],start_interpolation:0}
execute if entity @s[tag=aj.dino.bone.neck_0] run data modify entity @s {} merge value {transformation:[-0.699601707220797f,0.12317343740931162f,0.7038364551303951f,0.2662809045270925f,0.28090093457164134f,0.9531309587905423f,0.11241014345600475f,0.3093918736853852f,-0.6570023715410203f,0.27635064630247463f,-0.7014115796575356f,0.3837341893136889f,0f,0f,0f,1f],start_interpolation:0}
execute if entity @s[tag=aj.dino.bone.neck_1] run data modify entity @s {} merge value {transformation:[-0.8975842332145599f,-0.06789475141073684f,0.43558334106747554f,0.3028677479139538f,0.14045743520270687f,0.8925322743408644f,0.42855320341376657f,0.3498077393966801f,-0.41786870327999914f,0.44584351738115235f,-0.7915865744366145f,0.31873036223925355f,0f,0f,0f,1f],start_interpolation:0}
execute if entity @s[tag=aj.dino.bone.neck_2] run data modify entity @s {} merge value {transformation:[-0.9965779244556647f,0.036566777584337636f,0.07413036668422021f,0.3097201356200283f,0.06813432143435448f,0.8711616701115906f,0.4862458830376498f,0.40093574282133737f,-0.04679908899027241f,0.4896327351244821f,-0.8706719416428894f,0.24724678060910224f,0f,0f,0f,1f],start_interpolation:0}
execute if entity @s[tag=aj.dino.bone.body_0] run data modify entity @s {} merge value {transformation:[-0.9628548160718965f,-0.04646550748261527f,-0.26599165359374954f,0.18391662470933892f,-0.10414577916914061f,0.9727684643359232f,0.20706320647276297f,0.5077906911283063f,0.24912699542283f,0.2270737135995984f,-0.9414739872899731f,-0.19430321810903153f,0f,0f,0f,1f],start_interpolation:0}
execute if entity @s[tag=aj.dino.bone.leg_left_3] run data modify entity @s {} merge value {transformation:[-0.6632555032194922f,0.17643997884424484f,-0.7272970997566953f,0.24269642187463336f,0.06307307520697977f,0.9815326442743189f,0.18059749557454613f,0.026598191178895697f,0.7457304637957287f,0.07390941813670329f,-0.6621355399596832f,-0.5972105841441027f,0f,0f,0f,1f],start_interpolation:0}
execute if entity @s[tag=aj.dino.bone.leg_left_2] run data modify entity @s {} merge value {transformation:[-0.8636224472881137f,-0.2416260674962119f,-0.49783060527362083f,0.16964873570278025f,-0.2535268041361157f,0.9929806549854656f,-0.042139979946098645f,0.25636491000399264f,0.49187663862528713f,0.0875697540915008f,-0.8957963552302147f,-0.6037192346419337f,0f,0f,0f,1f],start_interpolation:0}
execute if entity @s[tag=aj.dino.bone.leg_left_1] run data modify entity @s {} merge value {transformation:[-0.916753719934768f,0.39782866738194744f,0.03598566929860818f,0.2940755308348373f,0.12798837050733422f,0.2072040097194912f,0.9698894139906067f,0.2586674984953302f,0.37839343810462966f,0.8937554753763854f,-0.24087248957506316f,-0.3556747700813023f,0f,0f,0f,1f],start_interpolation:0}
execute if entity @s[tag=aj.dino.bone.leg_left_0] run data modify entity @s {} merge value {transformation:[-0.9105054962122725f,-0.13943964918696838f,-0.3892766697374227f,0.16514695103322985f,0.07704027410592601f,0.8677355114350955f,-0.49101922402300807f,0.6482986014163312f,0.4062567384461788f,-0.47706568355844714f,-0.7793354836256234f,-0.4323057266938749f,0f,0f,0f,1f],start_interpolation:0}
execute if entity @s[tag=aj.dino.bone.leg_right_3] run data modify entity @s {} merge value {transformation:[-0.9701538897084214f,-0.030831629160635005f,0.24052201755124458f,-0.2259441741525951f,-0.023025344648963303f,0.999115028382022f,0.035199340405579704f,0.05480848044940845f,-0.24139441540229678f,0.028610674659862723f,-0.970005239938471f,-0.09266936445664192f,0f,0f,0f,1f],start_interpolation:0}
execute if entity @s[tag=aj.dino.bone.leg_right_2] run data modify entity @s {} merge value {transformation:[-0.9270743418254246f,0.17469356775561198f,-0.40258852643172205f,-0.19622690286370081f,0.32396553692212515f,0.9071572777560707f,-0.35238360319635886f,0.2548726999509874f,0.296043400731057f,-0.4456568526340696f,-0.8751059787731883f,-0.22405529950443126f,0f,0f,0f,1f],start_interpolation:0}
execute if entity @s[tag=aj.dino.bone.leg_right_1] run data modify entity @s {} merge value {transformation:[-0.8897974701188229f,0.42737833439795836f,-0.16002568999185465f,-0.08935527522073018f,-0.044735915933689134f,0.26728408972317125f,0.9625787828569825f,0.27554292180290363f,0.4541576378260264f,0.8636590615909048f,-0.21870954559918293f,0.03121824552775654f,0f,0f,0f,1f],start_interpolation:0}
execute if entity @s[tag=aj.dino.bone.leg_right_0] run data modify entity @s {} merge value {transformation:[-0.8997273344265626f,-0.1499257765057863f,-0.4098938706846069f,-0.010236726614186942f,0.009990433085098699f,0.931828416665858f,-0.3627616202698025f,0.6697784619085592f,0.4363380741265245f,-0.330481562924677f,-0.836893674031784f,-0.08114666335597476f,0f,0f,0f,1f],start_interpolation:0}
execute if entity @s[tag=aj.dino.bone.tail_4] run data modify entity @s {} merge value {transformation:[0.6201566809904938f,-1.7954816914061213f,2.004323456542948f,-0.20495038897942908f,2.6315827044159543f,-0.024907098468844313f,-0.8365485269036552f,0.33938262566441346f,0.561995989702477f,2.0979243227226476f,1.705442867787442f,0.5205695832407606f,0f,0f,0f,1f],start_interpolation:0}
execute if entity @s[tag=aj.dino.bone.tail_3] run data modify entity @s {} merge value {transformation:[0.8838132174978017f,-1.421254915616447f,1.2388923227854454f,-0.4011126496137457f,1.7289803850310017f,0.06524935637832997f,-1.1585831328457645f,0.5351969943891677f,0.7519618014225694f,1.520434974726886f,1.2077981879738944f,0.30089299382230195f,0f,0f,0f,1f],start_interpolation:0}
execute if entity @s[tag=aj.dino.bone.tail_2] run data modify entity @s {} merge value {transformation:[0.8657990287573792f,-1.2788746490415153f,1.1973493846177472f,-0.6233613861976602f,1.6774573073128982f,0.2199646838203298f,-0.9780216741039841f,0.7183018161218816f,0.5052750725576274f,1.4611191070250027f,1.1952413694066648f,0.07942153445512878f,0f,0f,0f,1f],start_interpolation:0}
execute if entity @s[tag=aj.dino.bone.tail_1] run data modify entity @s {} merge value {transformation:[1.2888603770169997f,-0.7373370463849277f,-0.28780072721233485f,-0.5536480380094745f,0.6803257610120648f,1.3130597903733072f,-0.3173123001211293f,0.7698831192606816f,0.4045392903772791f,0.14094082777235875f,1.4505653710218955f,-0.23483329088526933f,0f,0f,0f,1f],start_interpolation:0}
execute if entity @s[tag=aj.dino.bone.tail_0] run data modify entity @s {} merge value {transformation:[0.6183106380089708f,0.07525286174559212f,-1.1161830845824827f,-0.22565741258080693f,-0.0474730699834701f,1.2759368586002449f,0.05972568187732561f,0.7832205161421819f,1.1177092551890726f,0.012564085659758516f,0.620003129992301f,-0.41570942191454063f,0f,0f,0f,1f],start_interpolation:0}
execute if entity @s[tag=aj.dino.bone.body_1] run data modify entity @s {} merge value {transformation:[-0.551601480698645f,0.4248388749995192f,-1.0216909179573122f,-0.01674449886372099f,0.06755658799978263f,1.1524061885533297f,0.4427196393408194f,0.6026716666666667f,1.1044349274471266f,0.14169157324760173f,-0.5373561055405713f,-0.300325587508085f,0f,0f,0f,1f],start_interpolation:0}