execute if entity @s[tag=aj.dino.bone.head_lower] run data modify entity @s {} merge value {transformation:[-0.9696386383030497f,-0.20808441778691175f,0.1284592783106369f,0.17526147623513205f,-0.2424543371823859f,0.8865323166124492f,-0.3940511971599804f,1.3245213320221825f,-0.03188738765182209f,-0.41323277541362324f,-0.9100669578842517f,0.24911844210869025f,0f,0f,0f,1f],start_interpolation:0}
execute if entity @s[tag=aj.dino.bone.head_upper] run data modify entity @s {} merge value {transformation:[-1.0092964545935452f,-0.11977926111200299f,0.22460084135165118f,0.187741940389892f,-0.252370618550505f,0.5906467051143819f,-0.8190955275262262f,1.281239516859832f,-0.0331915685203701f,-0.8486821200711692f,-0.6017548682263987f,0.18856781054690763f,0f,0f,0f,1f],start_interpolation:0}
execute if entity @s[tag=aj.dino.bone.neck_0] run data modify entity @s {} merge value {transformation:[-0.9954954835199863f,-0.03200528417642671f,0.08924350999425759f,0.19435376832790557f,-0.09430262060196565f,0.23710604141059016f,-0.9668959307361888f,1.2149000089569204f,0.009785603655917505f,-0.9709564289459057f,-0.23905617551049296f,0.18886727141998505f,0f,0f,0f,1f],start_interpolation:0}
execute if entity @s[tag=aj.dino.bone.neck_1] run data modify entity @s {} merge value {transformation:[-0.9606738891136467f,-0.2218246685086734f,-0.16703141984751918f,0.1791820962596993f,0.04500923480402742f,0.46917765173890474f,-0.8819560646036302f,1.1423481974059997f,0.27400702100058855f,-0.8547901190057031f,-0.4407425607909893f,0.1475926805453835f,0f,0f,0f,1f],start_interpolation:0}
execute if entity @s[tag=aj.dino.bone.neck_2] run data modify entity @s {} merge value {transformation:[-0.88374504548453f,-0.4475435339439702f,-0.13674604128269569f,0.16282038653600533f,-0.1435096758579837f,0.5373174386767714f,-0.8310805875659534f,1.0747999783788602f,0.445420775802704f,-0.7148389716004412f,-0.5390784517716702f,0.09336664477547127f,0f,0f,0f,1f],start_interpolation:0}
execute if entity @s[tag=aj.dino.bone.body_0] run data modify entity @s {} merge value {transformation:[-0.9821433252971198f,-0.14457930674810648f,-0.12037986806170356f,0.10470850752212053f,0.04968211610739438f,0.417829840889259f,-0.9071658676347716f,0.6512364583563672f,0.18145571336667135f,-0.8969476284168957f,-0.4031857834347573f,-0.10519785035584836f,0f,0f,0f,1f],start_interpolation:0}
execute if entity @s[tag=aj.dino.bone.leg_left_3] run data modify entity @s {} merge value {transformation:[-0.963697404566296f,-0.05222576656163895f,-0.26183922880125143f,0.4620668398818901f,-0.05032868075940011f,0.9986352679352233f,-0.013950825386436001f,0.06731643350551672f,0.26221048095986416f,-0.00026635125984022373f,-0.9650106697502384f,-0.2719513256928373f,0f,0f,0f,1f],start_interpolation:0}
execute if entity @s[tag=aj.dino.bone.leg_left_2] run data modify entity @s {} merge value {transformation:[-0.9783979587880475f,-0.29137317111229005f,-0.09950532094337887f,0.38955515128797985f,-0.28877585546186463f,0.9833910411600785f,-0.040159245125614966f,0.2948543562365273f,0.10680889027765884f,-0.010292464367637f,-1.0200726080214049f,-0.305709595828199f,0f,0f,0f,1f],start_interpolation:0}
execute if entity @s[tag=aj.dino.bone.leg_left_1] run data modify entity @s {} merge value {transformation:[-0.9941587727908265f,0.04940984247476822f,0.09595312370973925f,0.41768856088280876f,0.10641603378994637f,0.5970245681467529f,0.7951335062626905f,0.4127570331397729f,-0.017998950954289387f,0.8006999016459302f,-0.5987952114610999f,-0.05606814153147344f,0f,0f,0f,1f],start_interpolation:0}
execute if entity @s[tag=aj.dino.bone.leg_left_0] run data modify entity @s {} merge value {transformation:[-0.992314611928112f,-0.12133934627919571f,-0.02425848302137068f,0.25663958043972723f,-0.04135132102238158f,0.5099473546580778f,-0.8592111287261893f,0.6781159431189739f,0.11662666592021156f,-0.851604637447311f,-0.5110457536019348f,-0.33527264249330835f,0f,0f,0f,1f],start_interpolation:0}
execute if entity @s[tag=aj.dino.bone.leg_right_3] run data modify entity @s {} merge value {transformation:[-0.9026124188515348f,0.009971902996342184f,0.43033868346409804f,-0.23481893060076112f,0.022675698005885522f,0.9994450307539766f,0.024401705291410086f,0.01721063044479032f,-0.4298565272912901f,0.03178351226366408f,-0.9023376165788827f,-0.24484959325540204f,0f,0f,0f,1f],start_interpolation:0}
execute if entity @s[tag=aj.dino.bone.leg_right_2] run data modify entity @s {} merge value {transformation:[-1.011645929384428f,0.16891990766464224f,0.010038817419410137f,-0.1935642554340383f,0.1617819003546179f,0.9833271091125417f,-0.24280982826630906f,0.23866785565478424f,-0.049611790718134895f,-0.23789926603425f,-0.9964962663968191f,-0.33102279816965513f,0f,0f,0f,1f],start_interpolation:0}
execute if entity @s[tag=aj.dino.bone.leg_right_1] run data modify entity @s {} merge value {transformation:[-0.9677278092739257f,0.09639758428902023f,-0.23283125413296632f,-0.17430045175678208f,-0.14855357872175193f,0.5281012158678916f,0.8360866821375729f,0.3348350131813453f,0.2035552048139495f,0.8436922493078244f,-0.4967380265804658f,-0.07141892812740902f,0f,0f,0f,1f],start_interpolation:0}
execute if entity @s[tag=aj.dino.bone.leg_right_0] run data modify entity @s {} merge value {transformation:[-0.9799622756791967f,-0.18215736494838974f,-0.08057687410609532f,-0.12531616611116048f,-0.10128247697127024f,0.8040400060374832f,-0.585885252033031f,0.7099986554615538f,0.1715103440152065f,-0.5659844194731012f,-0.8063782231741394f,-0.24794105092024477f,0f,0f,0f,1f],start_interpolation:0}
execute if entity @s[tag=aj.dino.bone.tail_4] run data modify entity @s {} merge value {transformation:[-2.6118590293629484f,-0.055100679146251566f,0.8948841587003654f,0.5723692018629458f,0.6550911605998796f,1.7645280414222804f,2.020632993380627f,0.31821645534117776f,-0.612135045263005f,2.123456153960348f,-1.6558641188723142f,-1.6886983923021837f,0f,0f,0f,1f],start_interpolation:0}
execute if entity @s[tag=aj.dino.bone.tail_3] run data modify entity @s {} merge value {transformation:[-1.7621601102224436f,0.25388933994214974f,1.0799432739959125f,0.38676622444398917f,0.7229745124839746f,1.8002880431767283f,0.7564498277730715f,0.17233328665060446f,-0.841454173608896f,1.0151101864837582f,-1.6116611644689849f,-1.4253538664415126f,0f,0f,0f,1f],start_interpolation:0}
execute if entity @s[tag=aj.dino.bone.tail_2] run data modify entity @s {} merge value {transformation:[-1.6060218337628285f,0.5736132943031408f,0.9541674554702423f,0.20833750663041886f,0.4793574173094697f,1.8679080188095978f,-0.31608539153205684f,0.231891803116997f,-1.0048304389051186f,-0.025715693035140194f,-1.6758366170913694f,-1.1145686355426356f,0f,0f,0f,1f],start_interpolation:0}
execute if entity @s[tag=aj.dino.bone.tail_1] run data modify entity @s {} merge value {transformation:[-1.0323619021141004f,-0.09382634080582958f,1.1013999141249038f,-0.02653824690203433f,-0.7510609216384254f,1.1652828687055252f,-0.6047144597982266f,0.34849277128638806f,-0.8110441696054517f,-0.9596711435030285f,-0.841958966504065f,-0.9208826225645399f,0f,0f,0f,1f],start_interpolation:0}
execute if entity @s[tag=aj.dino.bone.tail_0] run data modify entity @s {} merge value {transformation:[-1.2710572501475788f,-0.13130330552259684f,-0.03175886317460663f,-0.020426151596328906f,-0.09193672431013827f,1.0609628799037174f,-0.7069237036438653f,0.5806752321582336f,0.0989788975207616f,-0.7006803308280297f,-1.0644651090666735f,-0.6267298417596507f,0f,0f,0f,1f],start_interpolation:0}
execute if entity @s[tag=aj.dino.bone.body_1] run data modify entity @s {} merge value {transformation:[-1.201293975499716f,0.012080398834370489f,-0.2921496935619487f,0.04668085920150632f,0.10027473236255902f,1.177420694684789f,-0.3636345429601763f,0.5859075303415475f,0.2746677220460299f,-0.37701348350986286f,-1.1449991575429448f,-0.33513904292585467f,0f,0f,0f,1f],start_interpolation:0}