execute if entity @s[tag=aj.dino.bone.head_lower] run data modify entity @s {} merge value {transformation:[0.008352877253555276f,0.7375033287077543f,-0.6752918403080026f,0.45856313038826896f,0.3863495427112559f,0.6204948107489165f,0.6824369719472043f,0.4435200704211181f,0.9223146210965054f,-0.2665990059596023f,-0.27975115680361656f,0.43616286327142617f,0f,0f,0f,1f],start_interpolation:0}
execute if entity @s[tag=aj.dino.bone.head_upper] run data modify entity @s {} merge value {transformation:[0.008694506452860165f,1.0087772299723874f,-0.2564465800713378f,0.4635389038425666f,0.40215107802917016f,0.23328525120014448f,0.9313025526626503f,0.5130848127094738f,0.9600369048015938f,-0.10685707484874057f,-0.38779201842902f,0.40732807871036136f,0f,0f,0f,1f],start_interpolation:0}
execute if entity @s[tag=aj.dino.bone.neck_0] run data modify entity @s {} merge value {transformation:[0.07094276634149155f,0.7479130996400961f,-0.6599947873207483f,0.408699448078586f,0.3321655169174797f,0.6061841796798457f,0.7226387822950106f,0.5498651545061913f,0.9405494103314083f,-0.27049350397489347f,-0.20542655873237137f,0.3981315139645477f,0f,0f,0f,1f],start_interpolation:0}
execute if entity @s[tag=aj.dino.bone.neck_1] run data modify entity @s {} merge value {transformation:[-0.49832003086947035f,0.7632012196724558f,-0.41134054641467777f,0.37736947757146966f,0.4897879441591319f,0.6392969420733764f,0.5927960775949861f,0.6030279238270193f,0.7153914429112365f,0.09393251910869546f,-0.6923812282718774f,0.33991047180026757f,0f,0f,0f,1f],start_interpolation:0}
execute if entity @s[tag=aj.dino.bone.neck_2] run data modify entity @s {} merge value {transformation:[-0.7774590507631831f,0.43076820543859556f,-0.45825339886314187f,0.3414405328919392f,0.2493532478803574f,0.8800263439986584f,0.4041987031645101f,0.6470547696387161f,0.5773910132292733f,0.19998096672325238f,-0.7915978971614986f,0.2725184976770164f,0f,0f,0f,1f],start_interpolation:0}
execute if entity @s[tag=aj.dino.bone.body_0] run data modify entity @s {} merge value {transformation:[-0.8047015354525673f,0.21587065807231393f,-0.5530418590158493f,0.08285041650120215f,0.45058634627060873f,0.8286295005880449f,-0.3321823223919512f,0.49839221855907523f,0.38655838290584715f,-0.5165007354676596f,-0.7640678025323298f,-0.09250410753345989f,0f,0f,0f,1f],start_interpolation:0}
execute if entity @s[tag=aj.dino.bone.leg_left_3] run data modify entity @s {} merge value {transformation:[-0.8947608082650572f,0.08597270129427255f,-0.43819149994611617f,0.39533776133261106f,0.0263592609177831f,0.9897490737612273f,0.14036367176966028f,0.03055614791264008f,0.4457670752273318f,0.11404150832463812f,-0.8878548580834102f,-0.4024280413917399f,0f,0f,0f,1f],start_interpolation:0}
execute if entity @s[tag=aj.dino.bone.leg_left_2] run data modify entity @s {} merge value {transformation:[-1.0036078226160665f,-0.2067544371339969f,-0.045674288280566966f,0.34417508675851194f,-0.2072679458781862f,1.0045151571042346f,0.007176159138884321f,0.2646073970137376f,0.043284367801430516f,0.01625119607762499f,-1.0246582657797536f,-0.43023929074620904f,0f,0f,0f,1f],start_interpolation:0}
execute if entity @s[tag=aj.dino.bone.leg_left_1] run data modify entity @s {} merge value {transformation:[-0.9821408704728077f,-0.0031792360506186154f,0.188120182343761f,0.35289414792736623f,0.1873414419289333f,0.07590235113612054f,0.9793579617422821f,0.2295551982660785f,-0.017392374274478567f,0.9971101872662539f,-0.07395119854980681f,-0.15508713830132256f,0f,0f,0f,1f],start_interpolation:0}
execute if entity @s[tag=aj.dino.bone.leg_left_0] run data modify entity @s {} merge value {transformation:[-0.9976533788391972f,0.05218146740705211f,-0.04432640465884824f,0.2609879641504355f,0.0668517832714312f,0.8822109722862366f,-0.46608436945600584f,0.6216553114255324f,0.0147842742183307f,-0.46795394520937605f,-0.883629181500259f,-0.2651690769123296f,0f,0f,0f,1f],start_interpolation:0}
execute if entity @s[tag=aj.dino.bone.leg_right_3] run data modify entity @s {} merge value {transformation:[-0.8010997655821764f,0.045787396435187096f,0.5967769096671462f,-0.2860877064700452f,0.050318646443682585f,0.9986919608254247f,-0.009077510823136709f,0.025392859676062973f,-0.5964119376775232f,0.022757014530809916f,-0.8023558555188506f,-0.23657369984969864f,0f,0f,0f,1f],start_interpolation:0}
execute if entity @s[tag=aj.dino.bone.leg_right_2] run data modify entity @s {} merge value {transformation:[-0.9889139001587202f,0.2722093552171046f,0.003683002287756825f,-0.22098810018093998f,0.26477498465383403f,0.9649554863925822f,-0.2254269644100088f,0.24294511342321762f,-0.06329063971177279f,-0.21639125609376572f,-1.0006154699542333f,-0.31783949964612446f,0f,0f,0f,1f],start_interpolation:0}
execute if entity @s[tag=aj.dino.bone.leg_right_1] run data modify entity @s {} merge value {transformation:[-0.9902210879657645f,0.07571793378453512f,-0.11717077899928205f,-0.21392447688443011f,-0.08819245519619424f,0.31101294889049613f,0.9463049384151521f,0.27549273932657525f,0.10809388416726047f,0.9473846843420249f,-0.30129383013894706f,-0.042332434521206636f,0f,0f,0f,1f],start_interpolation:0}
execute if entity @s[tag=aj.dino.bone.leg_right_0] run data modify entity @s {} merge value {transformation:[-0.9962052484189146f,-0.07408830314210342f,-0.04567303756191904f,-0.12346149396565748f,-0.038446577116086345f,0.8453908666809365f,-0.5327627457325745f,0.655261285841754f,0.07808305661707611f,-0.5289850715001124f,-0.8450312600131168f,-0.19031749580659263f,0f,0f,0f,1f],start_interpolation:0}
execute if entity @s[tag=aj.dino.bone.tail_4] run data modify entity @s {} merge value {transformation:[-2.3719745818215907f,-0.25403311653181254f,1.3909942812597842f,0.7842879950692081f,1.412498691299393f,-0.3005094899031064f,2.3537635448692975f,0.9795965007066011f,-0.06515644150652092f,2.7332805479466082f,0.38806367511904194f,-1.4330108444464396f,0f,0f,0f,1f],start_interpolation:0}
execute if entity @s[tag=aj.dino.bone.tail_3] run data modify entity @s {} merge value {transformation:[-1.393842894121663f,0.24390896633747594f,1.5276308221200483f,0.5228714191820847f,1.5393412373385698f,0.42277123346998796f,1.337026015163382f,0.7487491487427884f,-0.15354500180713396f,2.02428220027122f,-0.4633044702240619f,-1.3742607178294435f,0f,0f,0f,1f],start_interpolation:0}
execute if entity @s[tag=aj.dino.bone.tail_2] run data modify entity @s {} merge value {transformation:[-1.2190879744492886f,0.8196747518710665f,1.2886937908987584f,0.28259965360449035f,1.4333515736218179f,1.1833720685222555f,0.6032476181801248f,0.6379482055512347f,-0.527353441205958f,1.3215663901557273f,-1.3394530598202277f,-1.1253347978788923f,0f,0f,0f,1f],start_interpolation:0}
execute if entity @s[tag=aj.dino.bone.tail_1] run data modify entity @s {} merge value {transformation:[-0.8423237228804138f,0.21937878688581217f,1.236939749437049f,0.014547073470628412f,-0.061590930873721916f,1.4802561400988747f,-0.3044742467495233f,0.6854319065472333f,-1.2547324627612806f,-0.2199339845592095f,-0.815433467138136f,-0.9459754116674921f,0f,0f,0f,1f],start_interpolation:0}
execute if entity @s[tag=aj.dino.bone.tail_0] run data modify entity @s {} merge value {transformation:[-1.2775987199285208f,0.03440497406635219f,0.019837469105873917f,0.00958035724351658f,0.033469701794866684f,1.2764495356967003f,-0.05824155273916249f,0.7332544430088896f,-0.021377709952087123f,-0.05769399590251642f,-1.2767341590707257f,-0.5742762752183013f,0f,0f,0f,1f],start_interpolation:0}
execute if entity @s[tag=aj.dino.bone.body_1] run data modify entity @s {} merge value {transformation:[-1.2091369801068375f,0.16551477985749238f,-0.1979828680545193f,0.04446000576985983f,0.10569458627486854f,1.1829864641276415f,0.3434767461986541f,0.5737183774447497f,0.23541667915963763f,0.3189866429738965f,-1.1710811687641223f,-0.32350232180602106f,0f,0f,0f,1f],start_interpolation:0}