execute if entity @s[tag=aj.dino.bone.head_lower] run data modify entity @s {} merge value {transformation:[-0.9910463523837921f,0.004530823346863416f,-0.13344136939712525f,0.5195853134630779f,-0.011113298955916763f,0.9931568840318143f,0.11625789558793026f,0.7024701549977276f,0.1330549586189742f,0.11669993718943114f,-0.9842141548702121f,0.6155537896815422f,0f,0f,0f,1f],start_interpolation:0}
execute if entity @s[tag=aj.dino.bone.head_upper] run data modify entity @s {} merge value {transformation:[-1.031579735260309f,0.030081081970153144f,-0.13568463763920563f,0.5105868029002875f,-0.011567828252672527f,0.9941145631655435f,0.30834130964761247f,0.7460453813064496f,0.13849685098692419f,0.30708843415731735f,-0.9848793116199669f,0.5545973876257132f,0f,0f,0f,1f],start_interpolation:0}
execute if entity @s[tag=aj.dino.bone.neck_0] run data modify entity @s {} merge value {transformation:[-0.9542680721828126f,-0.19663026493729704f,-0.22518655671062326f,0.4995258436710878f,-0.09136305661550427f,0.9090316355862991f,-0.40658858492236394f,0.7050288348595593f,0.2846493251324699f,-0.36742077297559883f,-0.8854246084719143f,0.5032161230169381f,0f,0f,0f,1f],start_interpolation:0}
execute if entity @s[tag=aj.dino.bone.neck_1] run data modify entity @s {} merge value {transformation:[-0.9017357839451376f,-0.13682766156789117f,-0.4100619062808817f,0.46415787021319166f,-0.06299360574025135f,0.9800517618740343f,-0.18849495930513116f,0.6935758137705572f,0.4276732182270591f,-0.14414137184536552f,-0.8923670115674639f,0.426956883537727f,0f,0f,0f,1f],start_interpolation:0}
execute if entity @s[tag=aj.dino.bone.neck_2] run data modify entity @s {} merge value {transformation:[-0.8202451056893996f,-0.009790518198472264f,-0.5719284154035285f,0.4139567962684901f,-0.007860239504804935f,0.9999520271578215f,-0.005844657209008647f,0.7028539332800111f,0.5719582005946874f,-0.0002985571454463265f,-0.8202827120183127f,0.3550910427835305f,0f,0f,0f,1f],start_interpolation:0}
execute if entity @s[tag=aj.dino.bone.body_0] run data modify entity @s {} merge value {transformation:[-0.7672523849724218f,-0.16894876592112817f,-0.6186922435652952f,0.12076001379072371f,-0.013678031987803436f,0.9687700035209599f,-0.2475835045372374f,0.5953975012757946f,0.6411994145311358f,-0.18149654203793383f,-0.7456019823157669f,0.0019626430919543747f,0f,0f,0f,1f],start_interpolation:0}
execute if entity @s[tag=aj.dino.bone.leg_left_3] run data modify entity @s {} merge value {transformation:[-0.855111748647333f,0.05553491146732021f,-0.5154607365586809f,0.20298477687691294f,0.07176890464690472f,0.9973537602739138f,-0.011606084321083288f,0.018015465480172382f,0.513452161015108f,-0.04691855151005306f,-0.8568345977334915f,-0.36721813724249813f,0f,0f,0f,1f],start_interpolation:0}
execute if entity @s[tag=aj.dino.bone.leg_left_2] run data modify entity @s {} merge value {transformation:[-0.9030133607018167f,-0.161717375131841f,-0.45877724494047506f,0.14970950442480635f,-0.1009448797692433f,1.008600143608777f,-0.15683775394152313f,0.24811510174608753f,0.47585628202544333f,-0.09292707029448483f,-0.9038736404852727f,-0.41607481336217467f,0f,0f,0f,1f],start_interpolation:0}
execute if entity @s[tag=aj.dino.bone.leg_left_1] run data modify entity @s {} merge value {transformation:[-0.9268678531413234f,0.3573734107249122f,0.11489224569150705f,0.25916239092184135f,0.24995606126500072f,0.35920207489540174f,0.8991639654855644f,0.29303276438321313f,0.2800677601047319f,0.862124187514584f,-0.42226050614784827f,-0.16504522371097405f,0f,0f,0f,1f],start_interpolation:0}
execute if entity @s[tag=aj.dino.bone.leg_left_0] run data modify entity @s {} merge value {transformation:[-0.9307899279053901f,0.03457383703630604f,-0.3639158692644026f,0.19413404861339983f,0.19832229023375794f,0.884034596749645f,-0.42326244925120593f,0.6976497351992357f,0.30708041179195383f,-0.46614105326851385f,-0.8297072611176816f,-0.24481802727669572f,0f,0f,0f,1f],start_interpolation:0}
execute if entity @s[tag=aj.dino.bone.leg_right_3] run data modify entity @s {} merge value {transformation:[-0.9963041951532289f,0.0600478109550528f,-0.061418328856969615f,-0.2036161120261106f,0.0595268574481404f,0.9981737845352439f,0.010278575238699461f,0.028581794172240327f,0.061923371697812285f,0.006584547523942275f,-0.9980591865072332f,0.021436010846554915f,0f,0f,0f,1f],start_interpolation:0}
execute if entity @s[tag=aj.dino.bone.leg_right_2] run data modify entity @s {} merge value {transformation:[-1.005017067881539f,0.018671957954775085f,-0.20409373031434128f,-0.20401195451146986f,0.1160068224194333f,0.8938796809926904f,-0.4894729130005528f,0.22163697406623856f,0.16895357326684182f,-0.5026854616907435f,-0.877965953887635f,-0.12313443181320327f,0f,0f,0f,1f],start_interpolation:0}
execute if entity @s[tag=aj.dino.bone.leg_right_1] run data modify entity @s {} merge value {transformation:[-0.8957800675221778f,0.25092589633846085f,-0.36689816731172514f,-0.13422434689173054f,-0.19637804152847427f,0.5170891911062564f,0.8330992937498617f,0.3140184944011297f,0.39876526357671077f,0.8183244851449928f,-0.41392185443242674f,0.12907328056509226f,0f,0f,0f,1f],start_interpolation:0}
execute if entity @s[tag=aj.dino.bone.leg_right_0] run data modify entity @s {} merge value {transformation:[-0.9158120423953044f,-0.3200251841519058f,-0.24263590936273197f,-0.13363793789965323f,-0.14770041784749766f,0.8302117503878652f,-0.5375249167113944f,0.7009184556343091f,0.37346069347578714f,-0.456434366614145f,-0.8075857721642504f,-0.02781953216612057f,0f,0f,0f,1f],start_interpolation:0}
execute if entity @s[tag=aj.dino.bone.tail_4] run data modify entity @s {} merge value {transformation:[-2.4723644445201383f,0.7078843002271865f,1.005969782132892f,-0.14941535317997334f,1.1852904182966015f,1.9748150815059755f,1.5234347211977342f,1.001914359101285f,-0.32887993153565825f,1.7957356550863535f,-2.0719152442329016f,-1.7053222572479576f,0f,0f,0f,1f],start_interpolation:0}
execute if entity @s[tag=aj.dino.bone.tail_3] run data modify entity @s {} merge value {transformation:[-1.705116440411205f,0.8617192740550592f,0.828229040426554f,-0.2982849915560835f,1.1033828990318841f,1.689551470073627f,0.5137193145487978f,0.8982729598623148f,-0.45942314787988614f,0.8595354842811979f,-1.840128976049795f,-1.4017156127746848f,0f,0f,0f,1f],start_interpolation:0}
execute if entity @s[tag=aj.dino.bone.tail_2] run data modify entity @s {} merge value {transformation:[-1.6295428104562155f,0.9265289842542805f,0.5521848831958076f,-0.40191944232854687f,1.0250527879284173f,1.6416036491763297f,0.2705145393022618f,0.849133492333745f,-0.33560525301820826f,0.5152236168407529f,-1.8549090580939256f,-1.0570176329238608f,0f,0f,0f,1f],start_interpolation:0}
execute if entity @s[tag=aj.dino.bone.tail_1] run data modify entity @s {} merge value {transformation:[-1.4122758367116421f,0.531050602773993f,-0.10544414793534714f,-0.38437133449814f,0.5116584004701948f,1.4054082152561134f,0.22514368682889793f,0.7830165952397162f,0.17702794205637226f,0.17455444933889808f,-1.4919276463512836f,-0.7382743242426302f,0f,0f,0f,1f],start_interpolation:0}
execute if entity @s[tag=aj.dino.bone.tail_0] run data modify entity @s {} merge value {transformation:[-1.0117209866417087f,0.3400621502297916f,-0.7032880602952437f,-0.17064791189194864f,0.15844529456883286f,1.2161599279510344f,0.36011919534948245f,0.707129501870002f,0.7649519268566826f,0.19785974884057028f,-1.0047565804566911f,-0.43988639052182277f,0f,0f,0f,1f],start_interpolation:0}
execute if entity @s[tag=aj.dino.bone.body_1] run data modify entity @s {} merge value {transformation:[-1.0308799286077655f,0.035687265669349134f,-0.6816286283005901f,-0.014582594505553987f,0.010280495061810672f,1.2353481995966813f,0.04912974893862457f,0.6124980555555556f,0.6824847831792169f,0.03529645702522408f,-1.030326781126519f,-0.20272731335092634f,0f,0f,0f,1f],start_interpolation:0}