execute if entity @s[tag=aj.dino.bone.head_lower] run data modify entity @s {} merge value {transformation:[-0.2906944446394645f,0.7582400668172846f,-0.5835826770292901f,0.5822711171255589f,0.8782616432737677f,0.453475036408159f,0.15171314151608734f,0.8580962242661809f,0.3796751582732464f,-0.46843611349632125f,-0.7977558409454905f,0.3552962038697973f,0f,0f,0f,1f],start_interpolation:0}
execute if entity @s[tag=aj.dino.bone.head_upper] run data modify entity @s {} merge value {transformation:[-0.30258372630253333f,0.7470860296492018f,-0.6586178675555138f,0.5535494251550178f,0.9141821785413135f,0.48148311831205165f,0.1261621726250319f,0.8778888765131401f,0.3952037140486396f,-0.5417641679430283f,-0.7961014717475821f,0.2883725771063204f,0f,0f,0f,1f],start_interpolation:0}
execute if entity @s[tag=aj.dino.bone.neck_0] run data modify entity @s {} merge value {transformation:[-0.20186827526925985f,0.39063793417920784f,-0.898137630778276f,0.489198604509428f,0.8893470447737436f,0.4572316558677803f,-0.0010231444750448473f,0.8701136207250564f,0.41025727707381776f,-0.7989625881432801f,-0.43971325810733525f,0.27277598985250484f,0f,0f,0f,1f],start_interpolation:0}
execute if entity @s[tag=aj.dino.bone.neck_1] run data modify entity @s {} merge value {transformation:[-0.537940090516582f,0.45578201855738676f,-0.7091425883239315f,0.43122465056866083f,0.6911905207197565f,0.720048362825115f,-0.06153063675945114f,0.8682183410034133f,0.4825724019068675f,-0.5232524311960964f,-0.7023750922158409f,0.21086504232477132f,0f,0f,0f,1f],start_interpolation:0}
execute if entity @s[tag=aj.dino.bone.neck_2] run data modify entity @s {} merge value {transformation:[-0.7623171767543416f,0.12681618547402984f,-0.6346575274327926f,0.3768655009499991f,0.33117454319375156f,0.9189426259656014f,-0.21416785968920438f,0.8584526528830358f,0.5560539038310043f,-0.37344625488182526f,-0.7425240405192542f,0.14215809520577832f,0f,0f,0f,1f],start_interpolation:0}
execute if entity @s[tag=aj.dino.bone.body_0] run data modify entity @s {} merge value {transformation:[-0.7912784453237799f,0.08907995626985837f,-0.6049323791606311f,0.09261173708143129f,0.5533601396257315f,0.5252233870272478f,-0.6464773388085747f,0.5587737166832435f,0.26013646003467583f,-0.8462890493859565f,-0.4648912421739536f,-0.08500536494536076f,0f,0f,0f,1f],start_interpolation:0}
execute if entity @s[tag=aj.dino.bone.leg_left_3] run data modify entity @s {} merge value {transformation:[-0.9292918566504399f,0.03811931815750828f,-0.36737387324956194f,0.4120790626094551f,0.007971103382474894f,0.9964980706485772f,0.08323494881676347f,0.034187406558527006f,0.36926021539565346f,0.07442118500044216f,-0.9263413952475004f,-0.3494237305901623f,0f,0f,0f,1f],start_interpolation:0}
execute if entity @s[tag=aj.dino.bone.leg_left_2] run data modify entity @s {} merge value {transformation:[-0.9977811572542541f,-0.22263485260014115f,-0.08323871777465987f,0.3560628164822053f,-0.2235117517150238f,1.0010502342559355f,0.0017677222952092076f,0.26723864196330527f,0.08085455197042181f,0.019858257842640774f,-1.0223161891126502f,-0.37626351285704407f,0f,0f,0f,1f],start_interpolation:0}
execute if entity @s[tag=aj.dino.bone.leg_left_1] run data modify entity @s {} merge value {transformation:[-0.9862187241219849f,0.05011712182929412f,0.15767340387887907f,0.3809568285342881f,0.16544454774705433f,0.2938204086332553f,0.9414338368102985f,0.29383541320243584f,0.0008542903353529925f,0.9545458823807971f,-0.29806279307872063f,-0.10115210708954461f,0f,0f,0f,1f],start_interpolation:0}
execute if entity @s[tag=aj.dino.bone.leg_left_0] run data modify entity @s {} merge value {transformation:[-0.9973055704811229f,-0.02736132804765508f,-0.06806582707049624f,0.2597925371109006f,0.023672044255236127f,0.7581769280577452f,-0.6516190452110028f,0.6473186605480818f,0.06943510213213658f,-0.6514745608912057f,-0.7554863751938288f,-0.2873672699906853f,0f,0f,0f,1f],start_interpolation:0}
execute if entity @s[tag=aj.dino.bone.leg_right_3] run data modify entity @s {} merge value {transformation:[-0.8642503023942011f,0.037384371270534296f,0.5016710312507977f,-0.2699937219874047f,0.05269649985841249f,0.9984762856115925f,0.01637638464221791f,0.023567373469181335f,-0.5002944070386999f,0.04058960280643803f,-0.8649034572886223f,-0.23462495383132922f,0f,0f,0f,1f],start_interpolation:0}
execute if entity @s[tag=aj.dino.bone.leg_right_2] run data modify entity @s {} merge value {transformation:[-1.0003207457218302f,0.22638364931571828f,-0.013078551208514567f,-0.21607633195575324f,0.22380643571792005f,0.9761244548756995f,-0.22170685019988287f,0.24390162346231972f,-0.03648677171875247f,-0.21907462522348556f,-1.001367676517186f,-0.31658107256661094f,0f,0f,0f,1f],start_interpolation:0}
execute if entity @s[tag=aj.dino.bone.leg_right_1] run data modify entity @s {} merge value {transformation:[-0.9807771821524996f,0.10812257402044777f,-0.16243653516433815f,-0.19762057330503202f,-0.10655513006118417f,0.40061315117274854f,0.9100302782683027f,0.3023489921170493f,0.16346902834068175f,0.9098453781245655f,-0.3813912226031428f,-0.04592136790089957f,0f,0f,0f,1f],start_interpolation:0}
execute if entity @s[tag=aj.dino.bone.leg_right_0] run data modify entity @s {} merge value {transformation:[-0.9894907085688626f,-0.12152823047063131f,-0.07835194225140411f,-0.1239045178858514f,-0.05777699619991175f,0.8290278700830964f,-0.5562145353508839f,0.6798496731796259f,0.13255171204479269f,-0.5458421748309318f,-0.8273369107019418f,-0.20829888338620373f,0f,0f,0f,1f],start_interpolation:0}
execute if entity @s[tag=aj.dino.bone.tail_4] run data modify entity @s {} merge value {transformation:[-2.4811152179518445f,-0.3043700262775784f,1.1734937127874014f,0.7346365350229681f,1.140307137736571f,0.3216463425359754f,2.4943745896637615f,0.7816592241725758f,-0.41161661588765125f,2.7257226287788376f,-0.16330720770431997f,-1.5188942057932762f,0f,0f,0f,1f],start_interpolation:0}
execute if entity @s[tag=aj.dino.bone.tail_3] run data modify entity @s {} merge value {transformation:[-1.531256027686013f,0.16640063877970088f,1.4012534856810908f,0.49540736506583094f,1.311728035852144f,0.9300795000475873f,1.322976647411114f,0.5482297161395505f,-0.5201634970652734f,1.8555884449546949f,-0.7887756241897239f,-1.4033053981350747f,0f,0f,0f,1f],start_interpolation:0}
execute if entity @s[tag=aj.dino.bone.tail_2] run data modify entity @s {} merge value {transformation:[-1.3488950432406723f,0.6960424874052258f,1.2307643531766221f,0.26577915159285437f,1.137515039005452f,1.5445213801536755f,0.3732118932823367f,0.48005909345363046f,-0.8398306813637776f,0.974039237904566f,-1.4712939423055893f,-1.1301843009108512f,0f,0f,0f,1f],start_interpolation:0}
execute if entity @s[tag=aj.dino.bone.tail_1] run data modify entity @s {} merge value {transformation:[-0.855243559857652f,0.10121570380390699f,1.2433704534954542f,-0.002200479436264828f,-0.3916182443847796f,1.4095207309113524f,-0.3841128867873478f,0.5458601073808689f,-1.184419627491454f,-0.5391316540833108f,-0.770807015781771f,-0.956593342279727f,0f,0f,0f,1f],start_interpolation:0}
execute if entity @s[tag=aj.dino.bone.tail_0] run data modify entity @s {} merge value {transformation:[-1.2778365007034482f,-0.03058473167183968f,0.005845360772048783f,-0.00464669376984117f,-0.03104263962759606f,1.2324686150909376f,-0.33748064229642166f,0.6742214579720774f,0.0024389708782689952f,-0.337522449014011f,-1.2328456368972829f,-0.604472211117997f,0f,0f,0f,1f],start_interpolation:0}
execute if entity @s[tag=aj.dino.bone.body_1] run data modify entity @s {} merge value {transformation:[-1.2067705872915089f,0.11194826799727664f,-0.2444932105330671f,0.044654042584878886f,0.10231371001502249f,1.2307359699635432f,0.05852753229983776f,0.5777158250645783f,0.24867900885945046f,0.03689380146524063f,-1.2105379766956406f,-0.32552414781761013f,0f,0f,0f,1f],start_interpolation:0}