execute if entity @s[tag=aj.dino.bone.head_lower] run data modify entity @s {} merge value {transformation:[-0.7292693290389731f,-0.6077011726923425f,-0.3144288956686354f,0.06228176953649937f,-0.6483040927751559f,0.760642550918753f,0.03353674138603935f,0.8309206792549306f,0.21878768021538125f,0.2283028568374993f,-0.9486884401877194f,0.6057760692281225f,0f,0f,0f,1f],start_interpolation:0}
execute if entity @s[tag=aj.dino.bone.head_upper] run data modify entity @s {} merge value {transformation:[-0.7590961407344468f,-0.43630601187928025f,-0.5629227795209335f,0.013442574831166176f,-0.6748194600429545f,0.7036836715212791f,0.36458185550734f,0.8716455394513947f,0.22773600517465695f,0.6308235070254096f,-0.7960338921897474f,0.5651352607431788f,0f,0f,0f,1f],start_interpolation:0}
execute if entity @s[tag=aj.dino.bone.neck_0] run data modify entity @s {} merge value {transformation:[-0.8339515752871358f,-0.5317767509874585f,-0.14743899479217554f,0.012810097332488068f,-0.5390362711905093f,0.8422069290157782f,0.011286587564158679f,0.8588789298648553f,0.11817219815648762f,0.08888743345959754f,-0.9890067521285328f,0.49970323566237124f,0f,0f,0f,1f],start_interpolation:0}
execute if entity @s[tag=aj.dino.bone.neck_1] run data modify entity @s {} merge value {transformation:[-0.8204978769784551f,-0.5703166706604462f,-0.03901447219471258f,0.0068776818604995085f,-0.5581529784323267f,0.7845152518033697f,0.2701871061968317f,0.8853814876661473f,-0.12348476238374706f,0.2434639908788968f,-0.9620170469406193f,0.41932937348573995f,0f,0f,0f,1f],start_interpolation:0}
execute if entity @s[tag=aj.dino.bone.neck_2] run data modify entity @s {} merge value {transformation:[-0.9579966550789389f,-0.2832349511028194f,-0.044948540925685704f,0.00016680536821143954f,-0.2825784398103356f,0.959025625310975f,-0.020476214280230276f,0.8929770779864024f,0.0489063821185035f,-0.006914656222608895f,-0.9987794317652932f,0.33176110561128247f,0f,0f,0f,1f],start_interpolation:0}
execute if entity @s[tag=aj.dino.bone.body_0] run data modify entity @s {} merge value {transformation:[-0.9511390080827722f,-0.2492648901480815f,0.18221306715706495f,0.08366858096056115f,-0.3087235954906669f,0.7771855146179653f,-0.5483360442788013f,0.6419520200865988f,-0.004932432527192471f,-0.5777972744894816f,-0.8161654125861322f,-0.058398834006369776f,0f,0f,0f,1f],start_interpolation:0}
execute if entity @s[tag=aj.dino.bone.leg_left_3] run data modify entity @s {} merge value {transformation:[-0.9764616669990266f,-0.0032378721317421174f,-0.21566670829207835f,0.3977778190567779f,-0.0003845240133353821f,0.999911862410108f,-0.013271004213396304f,0.04229438443256506f,0.2156906697628924f,-0.01287569786874887f,-0.9763768490606621f,-0.2168647400260577f,0f,0f,0f,1f],start_interpolation:0}
execute if entity @s[tag=aj.dino.bone.leg_left_2] run data modify entity @s {} merge value {transformation:[-0.9997531616524501f,-0.22321280547856606f,-0.052267186044515516f,0.3425809526839726f,-0.2141112252963383f,0.9927116759376419f,-0.1440212177419461f,0.26891096651780566f,0.08192800784057222f,-0.12946726006276724f,-1.0141933886610623f,-0.27825938745269985f,0f,0f,0f,1f],start_interpolation:0}
execute if entity @s[tag=aj.dino.bone.leg_left_1] run data modify entity @s {} merge value {transformation:[-0.9846658340537416f,0.034199147851855446f,0.17106610866403718f,0.3624093230276449f,0.15895624978777062f,0.5799027354340327f,0.7990279895532657f,0.38090925650162605f,-0.07187562800182763f,0.8139675888647734f,-0.5764465789446667f,-0.025125817118814953f,0f,0f,0f,1f],start_interpolation:0}
execute if entity @s[tag=aj.dino.bone.leg_left_0] run data modify entity @s {} merge value {transformation:[-0.9994267553662686f,-0.0035360597201132132f,-0.03366982238902563f,0.24755291441650917f,0.023876923823592005f,0.6314395770563416f,-0.7750573869305618f,0.6947037758856817f,0.024001107615589906f,-0.7754170212270067f,-0.6309931774786957f,-0.2754222085629076f,0f,0f,0f,1f],start_interpolation:0}
execute if entity @s[tag=aj.dino.bone.leg_right_3] run data modify entity @s {} merge value {transformation:[-0.9145071465685828f,0.005647519662292993f,0.4045303256823311f,-0.23467709557900712f,0.00802851153198425f,0.9999589940499236f,0.004189656459167662f,0.023753196420534695f,-0.4044900763647604f,0.007079247158354007f,-0.914514987510922f,-0.22263716334839784f,0f,0f,0f,1f],start_interpolation:0}
execute if entity @s[tag=aj.dino.bone.leg_right_2] run data modify entity @s {} merge value {transformation:[-1.0131480293883932f,0.1561394221557981f,0.034838927881949415f,-0.19563276820637018f,0.14086527329548504f,0.9765674621668804f,-0.28024126412257944f,0.24251040831475518f,-0.07583036876145681f,-0.27202696959398437f,-0.9860594720845746f,-0.31640226778656877f,0f,0f,0f,1f],start_interpolation:0}
execute if entity @s[tag=aj.dino.bone.leg_right_1] run data modify entity @s {} merge value {transformation:[-0.9696066422283706f,0.060785360912589945f,-0.2369980996661171f,-0.18586011700966035f,-0.1729960857635177f,0.5146583424660215f,0.8397613618407488f,0.3343438781921107f,0.1730182466016988f,0.8552379379031625f,-0.4885005178236972f,-0.05470684413793489f,0f,0f,0f,1f],start_interpolation:0}
execute if entity @s[tag=aj.dino.bone.leg_right_0] run data modify entity @s {} merge value {transformation:[-0.9818014436334019f,-0.1810766663535541f,-0.057246538599740354f,-0.13813689869446094f,-0.12378377489137246f,0.8387816723428321f,-0.5302102254911761f,0.7212322851175024f,0.14402604748103714f,-0.5134749721690878f,-0.8459314101054203f,-0.20419642098135712f,0f,0f,0f,1f],start_interpolation:0}
execute if entity @s[tag=aj.dino.bone.tail_4] run data modify entity @s {} merge value {transformation:[-2.6780549965732434f,0.5838877562181594f,0.3357943642582607f,0.158779195568932f,0.6374244893168043f,2.641837057977173f,0.48994725340359285f,0.12742518253939816f,-0.2176529056739136f,0.5526602743431414f,-2.6968231616875924f,-1.8614195760069188f,0f,0f,0f,1f],start_interpolation:0}
execute if entity @s[tag=aj.dino.bone.tail_3] run data modify entity @s {} merge value {transformation:[-1.9900702641142838f,0.5115803844386856f,0.3374187016010165f,0.09655923710609329f,0.47414239341632086f,2.01167587145631f,-0.25356400574683774f,0.15073443998115096f,-0.3882716326207621f,-0.1655029440901467f,-2.039068277631709f,-1.514049371871385f,0f,0f,0f,1f],start_interpolation:0}
execute if entity @s[tag=aj.dino.bone.tail_2] run data modify entity @s {} merge value {transformation:[-1.8774596601308688f,0.4792790879543803f,0.25339821513514543f,0.04817883005649856f,0.32776316242563025f,1.730995268312587f,-0.845577060615389f,0.30857962685102414f,-0.4318453530383418f,-0.7698836353188893f,-1.7434341553755728f,-1.1904512922033021f,0f,0f,0f,1f],start_interpolation:0}
execute if entity @s[tag=aj.dino.bone.tail_1] run data modify entity @s {} merge value {transformation:[-1.4403395339488947f,-0.056450030195119f,0.4581393576575274f,-0.04834154501785645f,-0.2883459024947114f,1.282268682046159f,-0.7485318413789206f,0.454256395320132f,-0.3604648630010865f,-0.8001604033783333f,-1.2318541558995655f,-0.9152445093604152f,0f,0f,0f,1f],start_interpolation:0}
execute if entity @s[tag=aj.dino.bone.tail_0] run data modify entity @s {} merge value {transformation:[-1.2716533751446502f,-0.05098234691806115f,-0.11888738524323844f,-0.014830182698078342f,0.0032300338240681217f,1.161875473152388f,-0.5327951467050337f,0.6379896453653477f,0.1293173497591994f,-0.5303601623177117f,-1.1557814836125448f,-0.5902968324583083f,0f,0f,0f,1f],start_interpolation:0}
execute if entity @s[tag=aj.dino.bone.body_1] run data modify entity @s {} merge value {transformation:[-1.2130380366985554f,0.04155171862871016f,-0.2354076703460718f,0.037100000000000036f,0.08343515867205041f,1.214570127622548f,-0.21555179062250335f,0.6062925f,0.2240131488911624f,-0.2273707431095704f,-1.194456047478482f,-0.29728750000000004f,0f,0f,0f,1f],start_interpolation:0}