execute if entity @s[tag=aj.dino.bone.head_lower] run data modify entity @s {} merge value {transformation:[-0.9933546170999411f,-0.11151177180620564f,0.028490865814675567f,0.21980169854378956f,-0.1149805646551634f,0.9724729521565458f,-0.20267172243683101f,1.3014407986697132f,-0.005106313524347143f,-0.20460078707710916f,-0.9788321835174905f,0.2724622289888913f,0f,0f,0f,1f],start_interpolation:0}
execute if entity @s[tag=aj.dino.bone.head_upper] run data modify entity @s {} merge value {transformation:[-1.0339824070415717f,-0.06970727379621275f,0.09743315909855482f,0.22463224772420604f,-0.11968322184099099f,0.6385970999900794f,-0.813229126923973f,1.259681301114535f,-0.005315159619862307f,-0.8190278276393705f,-0.6423683594434393f,0.20978634327236143f,0f,0f,0f,1f],start_interpolation:0}
execute if entity @s[tag=aj.dino.bone.neck_0] run data modify entity @s {} merge value {transformation:[-0.9997130861721502f,-0.018678070388836475f,-0.014995833511494028f,0.22428880140692717f,0.009232383341980926f,0.2772095478794577f,-0.9607651272097114f,1.1930538126106882f,0.022102226900959226f,-0.9606279176929097f,-0.2769575695210412f,0.20746339803112226f,0f,0f,0f,1f],start_interpolation:0}
execute if entity @s[tag=aj.dino.bone.neck_1] run data modify entity @s {} merge value {transformation:[-0.9456505113622689f,-0.2111267508844928f,-0.24732692013049518f,0.20236433055556652f,0.10271073542538652f,0.5277152206554566f,-0.843188680377612f,1.1240557825884316f,0.30853786670140704f,-0.8227649366310644f,-0.4773491844151668f,0.16323528168566998f,0f,0f,0f,1f],start_interpolation:0}
execute if entity @s[tag=aj.dino.bone.neck_2] run data modify entity @s {} merge value {transformation:[-0.8617711983617135f,-0.4747704075616386f,-0.17872733920128644f,0.18205817616495662f,-0.1586652909333653f,0.5868883385004843f,-0.7939693971339017f,1.0602441122681545f,0.48184616541718645f,-0.6558621335584912f,-0.5810930516163972f,0.10590587196481527f,0f,0f,0f,1f],start_interpolation:0}
execute if entity @s[tag=aj.dino.bone.body_0] run data modify entity @s {} merge value {transformation:[-0.9771606561416839f,-0.13299309346109955f,-0.16574042711541698f,0.10267840893547847f,0.09077073818596139f,0.44398767958578933f,-0.891423363764492f,0.6443491613962177f,0.19213985837907044f,-0.886108219952661f,-0.4217754110357752f,-0.10131658602887819f,0f,0f,0f,1f],start_interpolation:0}
execute if entity @s[tag=aj.dino.bone.leg_left_3] run data modify entity @s {} merge value {transformation:[-0.9616731048269932f,-0.04762641620180534f,-0.27003067220629334f,0.4555717651014106f,-0.046730658233408f,0.9988599523887901f,-0.00974890224263978f,0.0637693635689037f,0.27018712965921f,0.003243453967075288f,-0.9628023654794795f,-0.2731940399070481f,0f,0f,0f,1f],start_interpolation:0}
execute if entity @s[tag=aj.dino.bone.leg_left_2] run data modify entity @s {} merge value {transformation:[-0.9803540652314617f,-0.2829449727388509f,-0.10445213586447784f,0.3848687639115988f,-0.28042516366645837f,0.985867676066603f,-0.03858564979846933f,0.2919461725265836f,0.11103978506589694f,-0.008322691243876154f,-1.0196387097612924f,-0.30647318566921494f,0f,0f,0f,1f],start_interpolation:0}
execute if entity @s[tag=aj.dino.bone.leg_left_1] run data modify entity @s {} merge value {transformation:[-0.9934690501415803f,0.05714216172811483f,0.09876244105844985f,0.41494007109771336f,0.11355497556815602f,0.5797914398049124f,0.8068129608853978f,0.40440553603202667f,-0.011158581204673959f,0.812758672474176f,-0.5824936277621536f,-0.05455654528229126f,0f,0f,0f,1f],start_interpolation:0}
execute if entity @s[tag=aj.dino.bone.leg_left_0] run data modify entity @s {} merge value {transformation:[-0.9924746885820993f,-0.11729968261740666f,-0.03513939358782786f,0.2563443550101296f,-0.03166011365043199f,0.5230281650987141f,-0.851727172113884f,0.6754180076677684f,0.118286219516503f,-0.8442051427060415f,-0.5228059365588398f,-0.32970544609965946f,0f,0f,0f,1f],start_interpolation:0}
execute if entity @s[tag=aj.dino.bone.leg_right_3] run data modify entity @s {} merge value {transformation:[-0.9037229588328571f,0.01226556608969727f,0.42794201659440384f,-0.2355065738883831f,0.028209094663080386f,0.9991232514587457f,0.0309350185516879f,0.017746361604145527f,-0.42718738354108166f,0.04002854335350156f,-0.903276621561923f,-0.24395335483450914f,0f,0f,0f,1f],start_interpolation:0}
execute if entity @s[tag=aj.dino.bone.leg_right_2] run data modify entity @s {} merge value {transformation:[-1.011364322603115f,0.17059319761906883f,0.010117677220453362f,-0.19385985702035993f,0.16373583595491925f,0.9846980035225862f,-0.2358444771103849f,0.23973536956686062f,-0.04893855831938419f,-0.23093289563297048f,-0.9981669272846531f,-0.3285553842656046f,0f,0f,0f,1f],start_interpolation:0}
execute if entity @s[tag=aj.dino.bone.leg_right_1] run data modify entity @s {} merge value {transformation:[-0.9682832271286103f,0.09538929414673228f,-0.23092958802109365f,-0.1749818929987344f,-0.15064634992194073f,0.5144743141683975f,0.8441693297651565f,0.331730171575675f,0.19933205792496106f,0.852183702392357f,-0.483786800212919f,-0.06741564286739674f,0f,0f,0f,1f],start_interpolation:0}
execute if entity @s[tag=aj.dino.bone.leg_right_0] run data modify entity @s {} merge value {transformation:[-0.980489794654893f,-0.18158508210490587f,-0.07527695885568106f,-0.1261430191368242f,-0.1034740557833563f,0.8023832788198636f,-0.5877705280549783f,0.7066516293538853f,0.16713133266191643f,-0.5685137921169895f,-0.8055179611997563f,-0.24449173798420018f,0f,0f,0f,1f],start_interpolation:0}
execute if entity @s[tag=aj.dino.bone.tail_4] run data modify entity @s {} merge value {transformation:[-2.5981346918801353f,-0.17545152668207498f,0.9190071905234717f,0.6228678228017626f,0.6821212248244963f,1.5013045267573941f,2.215052298294937f,0.3922623280223679f,-0.640365590184891f,2.311052316872702f,-1.3691714396614008f,-1.6447441856488356f,0f,0f,0f,1f],start_interpolation:0}
execute if entity @s[tag=aj.dino.bone.tail_3] run data modify entity @s {} merge value {transformation:[-1.7211562066694246f,0.18400929968664342f,1.1574573063040348f,0.42480516102097876f,0.8048876318134558f,1.680383956273864f,0.9297371594679683f,0.21816938718120482f,-0.8518936192045857f,1.215893031138295f,-1.4600777117784813f,-1.4090674294925447f,0f,0f,0f,1f],start_interpolation:0}
execute if entity @s[tag=aj.dino.bone.tail_2] run data modify entity @s {} merge value {transformation:[-1.551798366248697f,0.5657053023344643f,1.0443530133155765f,0.2296493585236709f,0.5609717188610064f,1.8636327101463674f,-0.17594808130073342f,0.25173601571937076f,-1.0469032601672326f,0.16007656788535238f,-1.6422980640760807f,-1.1045038430785528f,0f,0f,0f,1f],start_interpolation:0}
execute if entity @s[tag=aj.dino.bone.tail_1] run data modify entity @s {} merge value {transformation:[-0.9593666294353881f,-0.07235754720477293f,1.1670631112704626f,-0.019688553884265513f,-0.7623445058291489f,1.18335949796819f,-0.5533058855647431f,0.35706424418119764f,-0.8866243707218371f,-0.9391916385546578f,-0.7870657795325139f,-0.9228083650831618f,0f,0f,0f,1f],start_interpolation:0}
execute if entity @s[tag=aj.dino.bone.tail_0] run data modify entity @s {} merge value {transformation:[-1.271784083458844f,-0.12737368535400723f,-0.013300598637434768f,-0.018875563751631956f,-0.10004354021702372f,1.0710039700161087f,-0.6904907695651022f,0.58468692916935f,0.07995155849400627f,-0.6859753327001639f,-1.0755841704884403f,-0.6250514783003203f,0f,0f,0f,1f],start_interpolation:0}
execute if entity @s[tag=aj.dino.bone.body_1] run data modify entity @s {} merge value {transformation:[-1.2029660043515678f,0.018085249312205908f,-0.28486893686042564f,0.04613430380718537f,0.0982332689150171f,1.1847440878522575f,-0.33961193476325663f,0.5838410249497725f,0.26800673929762237f,-0.3530707650212459f,-1.1541741712733908f,-0.33294032929524114f,0f,0f,0f,1f],start_interpolation:0}