execute if entity @s[tag=aj.dino.bone.head_lower] run data modify entity @s {} merge value {transformation:[-0.8650357992480131f,-0.34464426330953296f,-0.3646003260930798f,0.7855552335412863f,-0.45602346101317237f,0.8431055149382465f,0.284983672666141f,0.9169247840679826f,0.20917855775609112f,0.41278738164888695f,-0.8864823227377621f,-0.018472773413680713f,0f,0f,0f,1f],start_interpolation:0}
execute if entity @s[tag=aj.dino.bone.head_upper] run data modify entity @s {} merge value {transformation:[-0.9004154030056739f,-0.45305524595112073f,-0.2597402331750053f,0.7571966756749274f,-0.47467463055883574f,0.9258628990881097f,0.030558628560537697f,0.9396740694958895f,0.21773387361058288f,0.14488194777762214f,-1.0075083741955697f,-0.08460686976387563f,0f,0f,0f,1f],start_interpolation:0}
execute if entity @s[tag=aj.dino.bone.neck_0] run data modify entity @s {} merge value {transformation:[-0.7110970475920023f,-0.6568891296259574f,-0.25067441091022746f,0.7518799137254022f,-0.4160196513883072f,0.6805250160654795f,-0.603169422441017f,0.8897602330528932f,0.5668056444361581f,-0.32462651445673846f,-0.7571981164444218f,-0.12848257178915132f,0f,0f,0f,1f],start_interpolation:0}
execute if entity @s[tag=aj.dino.bone.neck_1] run data modify entity @s {} merge value {transformation:[-0.5041184902149694f,-0.5139580601695095f,-0.6940545080972923f,0.6907166468856993f,-0.2875781771389728f,0.8576791546313193f,-0.426245539266197f,0.8576028620598356f,0.8143484142901029f,-0.015283327442035026f,-0.5801750425910221f,-0.1777014210731544f,0f,0f,0f,1f],start_interpolation:0}
execute if entity @s[tag=aj.dino.bone.neck_2] run data modify entity @s {} merge value {transformation:[-0.21829435783878604f,-0.3083438415699361f,-0.9258896525513426f,0.6065828902259368f,-0.07458498195074993f,0.9512676157475611f,-0.2992106343319979f,0.8407032709130235f,0.9730285986563592f,0.0037414697438886407f,-0.23065417317056558f,-0.19787182522198346f,0f,0f,0f,1f],start_interpolation:0}
execute if entity @s[tag=aj.dino.bone.body_0] run data modify entity @s {} merge value {transformation:[0.010314255147093221f,-0.5616251769999749f,-0.8273274905988f,0.21131636454241615f,-0.007949043297130103f,0.8272993066976879f,-0.5617051449365453f,0.583854802519152f,0.9999152108311089f,0.012370032225986288f,0.0040685932835621f,-0.19583647244517266f,0f,0f,0f,1f],start_interpolation:0}
execute if entity @s[tag=aj.dino.bone.leg_left_3] run data modify entity @s {} merge value {transformation:[-0.45799831555042164f,0.06186739309535508f,-0.8867975916885211f,0.0989992379850354f,-0.0010031107071458954f,0.9975386699816268f,0.07011130907490395f,0.04737258038775988f,0.8889524940748439f,0.033000417616635025f,-0.45680897070355575f,-0.7124342689080179f,0f,0f,0f,1f],start_interpolation:0}
execute if entity @s[tag=aj.dino.bone.leg_left_2] run data modify entity @s {} merge value {transformation:[-0.6492926874962216f,-0.1312251219353276f,-0.7831099366230048f,0.04320194932111557f,-0.3250152749222105f,0.9668922278696033f,0.10745552686246447f,0.2755703902880923f,0.7244627502721365f,0.3161670231999351f,-0.6536469508914715f,-0.6578128976284301f,0f,0f,0f,1f],start_interpolation:0}
execute if entity @s[tag=aj.dino.bone.leg_left_1] run data modify entity @s {} merge value {transformation:[-0.7550176441571391f,0.6500638609583866f,-0.0858215222847905f,0.23939228582854805f,0.0562059187342892f,0.19456486799242512f,0.9792780028379707f,0.27537097579120157f,0.6532910926307185f,0.7345484931704409f,-0.1834373448085109f,-0.4615408982125061f,0f,0f,0f,1f],start_interpolation:0}
execute if entity @s[tag=aj.dino.bone.leg_left_0] run data modify entity @s {} merge value {transformation:[-0.7422701529782992f,-0.249329533643593f,-0.621988588038913f,0.1058232402488754f,0.0017437725081017163f,0.9274797556354676f,-0.37386931158335723f,0.6701677278300643f,0.6700984847431101f,-0.2785966377030452f,-0.6880057661135885f,-0.43700290304270456f,0f,0f,0f,1f],start_interpolation:0}
execute if entity @s[tag=aj.dino.bone.leg_right_3] run data modify entity @s {} merge value {transformation:[-0.9730020926731284f,-0.06506939878670309f,-0.22143373951421605f,-0.05639209707643356f,-0.06844692008554581f,0.9976257701908069f,0.007605378491659265f,0.037260293610846096f,0.22041312752310285f,0.022556506660728504f,-0.9751457620390647f,0.09773182737515168f,0f,0f,0f,1f],start_interpolation:0}
execute if entity @s[tag=aj.dino.bone.leg_right_2] run data modify entity @s {} merge value {transformation:[-0.8915439128597396f,-0.16777556927485726f,-0.47860527504190437f,-0.10890826354384045f,0.18164013562235756f,0.7981082396591027f,-0.6181361487730948f,0.20391319720185241f,0.47351717188981735f,-0.622042438780056f,-0.6640082015929646f,-0.0685207938080043f,0f,0f,0f,1f],start_interpolation:0}
execute if entity @s[tag=aj.dino.bone.leg_right_1] run data modify entity @s {} merge value {transformation:[-0.7167483257526528f,0.5133845772679679f,-0.47191960475716505f,0.04131663809456132f,-0.11089628696335499f,0.5842213708628525f,0.8039822158262397f,0.317779116088281f,0.6884575884312046f,0.628587039041149f,-0.3618072460316002f,0.13514662406644956f,0f,0f,0f,1f],start_interpolation:0}
execute if entity @s[tag=aj.dino.bone.leg_right_0] run data modify entity @s {} merge value {transformation:[-0.74402852317006f,-0.45291643918646873f,-0.4912110094694837f,-0.01001304792526897f,-0.06489495470270153f,0.7806933396008352f,-0.6215356420649013f,0.6824472810283551f,0.6649888732629394f,-0.43056312965411325f,-0.6102501043170263f,-0.06155027823960518f,0f,0f,0f,1f],start_interpolation:0}
execute if entity @s[tag=aj.dino.bone.tail_4] run data modify entity @s {} merge value {transformation:[0.5987164414533257f,-2.5935799662504277f,-0.7352162355374727f,-1.096074674816119f,2.2226126867652325f,0.048727102257000596f,1.6380719904008703f,0.6403090701975828f,-1.525513945843727f,-0.9469054650650514f,2.0980559031794743f,0.6354209165799154f,0f,0f,0f,1f],start_interpolation:0}
execute if entity @s[tag=aj.dino.bone.tail_3] run data modify entity @s {} merge value {transformation:[0.4047682068364147f,-2.01188182171797f,-0.3527602021482286f,-1.0165717373959593f,1.9859605886897906f,0.3035546494201421f,0.5475040100590669f,0.5445021020701856f,-0.4775654561939934f,-0.4428675155174967f,1.9778132178732213f,0.30439068950908177f,0f,0f,0f,1f],start_interpolation:0}
execute if entity @s[tag=aj.dino.bone.tail_2] run data modify entity @s {} merge value {transformation:[0.48611228030822873f,-1.801659469358196f,-0.5800792035646969f,-0.9088055372052926f,1.879486602957076f,0.5302328039188111f,-0.07181335499781775f,0.5593679953096494f,0.2236041932549145f,-0.5400464842243807f,1.8647050261739737f,-0.04221706470856204f,0f,0f,0f,1f],start_interpolation:0}
execute if entity @s[tag=aj.dino.bone.tail_1] run data modify entity @s {} merge value {transformation:[0.48578164424686643f,-0.8533728802079859f,-1.1504030473874527f,-0.6512841367386969f,0.9775385576479383f,1.0854106405932322f,-0.3923752790359995f,0.6296008409582606f,1.0469435574205517f,-0.6174906627735486f,0.9001503868593759f,-0.22937141996819727f,0f,0f,0f,1f],start_interpolation:0}
execute if entity @s[tag=aj.dino.bone.tail_0] run data modify entity @s {} merge value {transformation:[0.39198177192877637f,-0.10877353471453353f,-1.2117567104024267f,-0.29980556126854474f,0.3394890020476086f,1.232307711025968f,-0.0007996365961902003f,0.6595722935875319f,1.1683035669500983f,-0.3215925062492492f,0.4067932545655485f,-0.356006463749708f,0f,0f,0f,1f],start_interpolation:0}
execute if entity @s[tag=aj.dino.bone.body_1] run data modify entity @s {} merge value {transformation:[-0.3643182132601044f,-0.02145935881496704f,-1.1812774146924445f,-0.02372966931097039f,0.0386205821280126f,1.235286614828988f,-0.03435149074906244f,0.5843532142857143f,1.1808409228932188f,-0.04702201824507307f,-0.36332938179715313f,-0.2683702052955281f,0f,0f,0f,1f],start_interpolation:0}