execute if entity @s[tag=aj.dino.bone.head_lower] run data modify entity @s {} merge value {transformation:[-0.658201532980867f,0.4359755968797431f,-0.6137556687371517f,0.26769675804569076f,0.0472340633312692f,0.8375606180264805f,0.5442987730946283f,0.25053839893926527f,0.7513585597055868f,0.32926811272343354f,-0.5718765817033379f,0.5246483817587705f,0f,0f,0f,1f],start_interpolation:0}
execute if entity @s[tag=aj.dino.bone.head_upper] run data modify entity @s {} merge value {transformation:[-0.6851217014291459f,0.7371312274401292f,-0.26592809243656074f,0.2657037814410425f,0.049165916840658394f,0.3929709096874526f,0.9626154576694375f,0.325737892966111f,0.7820888117314789f,0.6210341055493909f,-0.2934717582535305f,0.518605151318304f,0f,0f,0f,1f],start_interpolation:0}
execute if entity @s[tag=aj.dino.bone.neck_0] run data modify entity @s {} merge value {transformation:[-0.6055018634007714f,0.48963115665400825f,-0.6273984570046786f,0.21738304189771115f,-0.0005319995867605898f,0.7880944276907211f,0.6155541324849299f,0.35274869900047917f,0.7958437097788944f,0.3730529499635312f,-0.4769321609294912f,0.4814533176938897f,0f,0f,0f,1f],start_interpolation:0}
execute if entity @s[tag=aj.dino.bone.neck_1] run data modify entity @s {} merge value {transformation:[-0.9392237602149098f,0.29280891815000687f,-0.1792251815443024f,0.2035492507752033f,0.07324521606998147f,0.6809483632955857f,0.7286593613259388f,0.4176127545500609f,0.33540105332366993f,0.6712467981129489f,-0.6610097347637832f,0.42854946749968514f,0f,0f,0f,1f],start_interpolation:0}
execute if entity @s[tag=aj.dino.bone.neck_2] run data modify entity @s {} merge value {transformation:[-0.965298029177504f,0.06349949836411346f,-0.2533131038330483f,0.18197882280732067f,-0.11234871365172414f,0.7746620650597572f,0.6223153955175428f,0.47971667634358983f,0.23574876756163463f,0.6291792261866717f,-0.7406456777220208f,0.3698234091500371f,0f,0f,0f,1f],start_interpolation:0}
execute if entity @s[tag=aj.dino.bone.body_0] run data modify entity @s {} merge value {transformation:[-0.9755515527797708f,0.018740177914412445f,-0.2189702573426679f,0.0789574852800435f,0.020773978481934713f,0.9997597681019743f,-0.006989127464773814f,0.48594668826955134f,0.21878667620997888f,-0.011367137565056085f,-0.9757065022313662f,-0.09013169264645152f,0f,0f,0f,1f],start_interpolation:0}
execute if entity @s[tag=aj.dino.bone.leg_left_3] run data modify entity @s {} merge value {transformation:[-0.9531381161936493f,0.11288559337913646f,-0.28068589965700397f,0.4065114959801468f,0.08480079184029185f,0.9902736325442906f,0.11030393642474892f,0.01081751910687928f,0.29040757077266605f,0.08133249962331073f,-0.9534403323454195f,-0.32496829884845935f,0f,0f,0f,1f],start_interpolation:0}
execute if entity @s[tag=aj.dino.bone.leg_left_2] run data modify entity @s {} merge value {transformation:[-0.9817862053708211f,-0.17561680980472177f,0.23940923657676697f,0.371451168554853f,-0.20243849377780057f,1.0009373568036355f,-0.09594406439494693f,0.2408554036634093f,-0.2172019859053633f,-0.1390875385131913f,-0.9927437501439146f,-0.38840659308469655f,0f,0f,0f,1f],start_interpolation:0}
execute if entity @s[tag=aj.dino.bone.leg_left_1] run data modify entity @s {} merge value {transformation:[-0.9343093536477186f,-0.28627795489201796f,0.2123934185167376f,0.30102119867521415f,0.18885390153913653f,0.10780707705080261f,0.9760695866643978f,0.21461500342838447f,-0.3023247187376984f,0.9520622703797303f,-0.046660451771982636f,-0.12126534505657088f,0f,0f,0f,1f],start_interpolation:0}
execute if entity @s[tag=aj.dino.bone.leg_left_0] run data modify entity @s {} merge value {transformation:[-0.9558459570583436f,0.22224474667969651f,0.1922648666514409f,0.2614885613144041f,0.1026968452382019f,0.8656262549405996f,-0.49004545170385216f,0.6063219063897163f,-0.27533954375160075f,-0.4486629685307104f,-0.8502291904632958f,-0.26022631554898457f,0f,0f,0f,1f],start_interpolation:0}
execute if entity @s[tag=aj.dino.bone.leg_right_3] run data modify entity @s {} merge value {transformation:[-0.5675008770822145f,0.07711125322220995f,0.8197539930597576f,-0.26906564877195127f,0.006492360135602837f,0.995993034308137f,-0.08919487019744679f,0.02966769476334738f,-0.8233471951557173f,-0.0452960289227429f,-0.5657275545640702f,-0.25258939199644803f,0f,0f,0f,1f],start_interpolation:0}
execute if entity @s[tag=aj.dino.bone.leg_right_2] run data modify entity @s {} merge value {transformation:[-0.9285973217139215f,0.3746513020244454f,0.2222737400095064f,-0.1734251143585563f,0.3071843307288718f,0.9342398923182145f,-0.2913688556736977f,0.23795649538767197f,-0.308880236598396f,-0.19721669552381393f,-0.9579983162544079f,-0.32768756625931655f,0f,0f,0f,1f],start_interpolation:0}
execute if entity @s[tag=aj.dino.bone.leg_right_1] run data modify entity @s {} merge value {transformation:[-0.9834019053766255f,-0.15204382427550905f,-0.09901195888023101f,-0.22906451061230826f,-0.13909932198978778f,0.2813834905722622f,0.94946022025957f,0.2612735370008307f,-0.11649923228761554f,0.9474734860316927f,-0.2978622536397463f,-0.056811286724371246f,0f,0f,0f,1f],start_interpolation:0}
execute if entity @s[tag=aj.dino.bone.leg_right_0] run data modify entity @s {} merge value {transformation:[-0.9846477730744926f,0.010021722319089654f,0.17426510855934896f,-0.12482539049842296f,-0.09068719392954179f,0.8236663113415827f,-0.5597764200269039f,0.6407857093351235f,-0.14914622300490318f,-0.5669862190941771f,-0.8101123573435118f,-0.19613822400658593f,0f,0f,0f,1f],start_interpolation:0}
execute if entity @s[tag=aj.dino.bone.tail_4] run data modify entity @s {} merge value {transformation:[-0.9316729548903534f,2.498178398248581f,0.718854315734444f,0.19037824281723004f,2.324178405382536f,0.4584499752711462f,1.4190418216977885f,0.6133340429496318f,1.1644061047071896f,1.0837848690113931f,-2.25726164026738f,-1.9147834803318742f,0f,0f,0f,1f],start_interpolation:0}
execute if entity @s[tag=aj.dino.bone.tail_3] run data modify entity @s {} merge value {transformation:[-0.5676792394492888f,1.9381815453107476f,0.5070878667051361f,0.08542825159648305f,1.974822061772139f,0.4526222339640011f,0.4807873372957294f,0.5273810137241234f,0.33728864712699363f,0.6119893273438073f,-1.9615430043159798f,-1.5881670699289527f,0f,0f,0f,1f],start_interpolation:0}
execute if entity @s[tag=aj.dino.bone.tail_2] run data modify entity @s {} merge value {transformation:[-0.7712044128686463f,1.7944269939076678f,0.06363483409419948f,0.07345540076645227f,1.7949424940252467f,0.772265798648492f,-0.023682364388080485f,0.5332945376655762f,-0.046894261025526046f,0.04910371448348854f,-1.9529883841204918f,-1.225133786266509f,0f,0f,0f,1f],start_interpolation:0}
execute if entity @s[tag=aj.dino.bone.tail_1] run data modify entity @s {} merge value {transformation:[-1.3558331053657389f,0.4376317924126605f,0.5077905618106544f,-0.03986973441552155f,0.2057838808131119f,1.3621145769952077f,-0.6244622675027389f,0.6508248067931844f,-0.6379857637845792f,-0.49069190273210067f,-1.280567011835522f,-0.942962337367781f,0f,0f,0f,1f],start_interpolation:0}
execute if entity @s[tag=aj.dino.bone.tail_0] run data modify entity @s {} merge value {transformation:[-1.2627191142915537f,0.027101633070603388f,-0.1965748113866277f,0.01822800497865986f,0.04358209083932563f,1.2731979170782026f,-0.1044192601478626f,0.712063075279924f,0.19358914314820094f,-0.10985573274372443f,-1.258686092011234f,-0.5777960212174369f,0f,0f,0f,1f],start_interpolation:0}
execute if entity @s[tag=aj.dino.bone.body_1] run data modify entity @s {} merge value {transformation:[-1.2150010234298392f,0.15614618057248292f,-0.16731849393691997f,0.04660965770817947f,0.10839255391491062f,1.188706770200514f,0.32222952036012403f,0.5570813888888889f,0.20156428844539095f,0.30199201947789606f,-1.1818533127471513f,-0.32337298672809844f,0f,0f,0f,1f],start_interpolation:0}