execute if entity @s[tag=aj.dino.bone.head_lower] run data modify entity @s {} merge value {transformation:[-0.22386265715048753f,0.05507314046390077f,0.9730634408572583f,0.11212939575378325f,0.21753090292723049f,0.9760396009911007f,-0.00519649581904269f,0.25588854402259054f,-0.9500346398975077f,0.2105080675332348f,-0.23047892853411972f,0.4541505345756767f,0f,0f,0f,1f],start_interpolation:0}
execute if entity @s[tag=aj.dino.bone.head_upper] run data modify entity @s {} merge value {transformation:[-0.23301854655183535f,-0.3798334290286029f,0.940691695370354f,0.16837680809015715f,0.226427826219078f,0.9213667544484724f,0.42811877545174204f,0.30616126110984637f,-0.9888906608215492f,0.30046932051870007f,-0.12363410108241753f,0.45206750458944667f,0f,0f,0f,1f],start_interpolation:0}
execute if entity @s[tag=aj.dino.bone.neck_0] run data modify entity @s {} merge value {transformation:[-0.6608714054451756f,0.15540103066717623f,0.7342339580355146f,0.2135448464736286f,0.272893261878854f,0.9611180857538878f,0.042205365273884576f,0.29320141190007465f,-0.6991267789793477f,0.2282598188564123f,-0.6775833542890498f,0.40477451492558514f,0f,0f,0f,1f],start_interpolation:0}
execute if entity @s[tag=aj.dino.bone.neck_1] run data modify entity @s {} merge value {transformation:[-0.8667958364527454f,-0.053473425961573694f,0.495787828233124f,0.255298237350993f,0.14965148594110855f,0.9205110393587314f,0.36092084890502885f,0.3280168241829182f,-0.4756778433601926f,0.3870400743264714f,-0.7898927586714258f,0.33964327616607065f,0f,0f,0f,1f],start_interpolation:0}
execute if entity @s[tag=aj.dino.bone.neck_2] run data modify entity @s {} merge value {transformation:[-0.9901300577464622f,0.027491924602388494f,0.13742875546494626f,0.26760719016969853f,0.08859998448087887f,0.8825565448746324f,0.4617834858988995f,0.37711330109596936f,-0.10859333081260328f,0.4694018951608606f,-0.8762815468343589f,0.2674701784815888f,0f,0f,0f,1f],start_interpolation:0}
execute if entity @s[tag=aj.dino.bone.body_0] run data modify entity @s {} merge value {transformation:[-0.9797201848361456f,-0.03831090893514777f,-0.19667392730403144f,0.17455054646229248f,-0.08031416165526475f,0.9743354288247013f,0.21028577596831804f,0.48550196161701903f,0.18357013608493222f,0.22181692089096455f,-0.957652994953919f,-0.18175500339882458f,0f,0f,0f,1f],start_interpolation:0}
execute if entity @s[tag=aj.dino.bone.leg_left_3] run data modify entity @s {} merge value {transformation:[-0.7643157771278375f,0.11419341708429083f,-0.6346504993522684f,0.33679878120492307f,0.061090263388274765f,0.9925912598237994f,0.10502652350980007f,0.016376230051616064f,0.6419418763039386f,0.041502462770498016f,-0.7656292660494126f,-0.4947413917358501f,0f,0f,0f,1f],start_interpolation:0}
execute if entity @s[tag=aj.dino.bone.leg_left_2] run data modify entity @s {} merge value {transformation:[-0.91175591751003f,-0.3424524214091867f,-0.32169812784211654f,0.24561722758202728f,-0.2943185276175537f,0.9636854493441274f,-0.19170070037466608f,0.23462889941886206f,0.3662512125402085f,-0.07809541147908164f,-0.9548944211374545f,-0.5418876392959925f,0f,0f,0f,1f],start_interpolation:0}
execute if entity @s[tag=aj.dino.bone.leg_left_1] run data modify entity @s {} merge value {transformation:[-0.9734357800667551f,0.2289425310037957f,0.0028459767047846474f,0.3270494008270476f,0.0731850507211766f,0.29934793967067697f,0.9513331484637018f,0.26403971128329334f,0.21694868157416144f,0.9262700084276166f,-0.30815116590844843f,-0.27822651025753586f,0f,0f,0f,1f],start_interpolation:0}
execute if entity @s[tag=aj.dino.bone.leg_left_0] run data modify entity @s {} merge value {transformation:[-0.9675715622019716f,-0.13193904322760946f,-0.21540046631848223f,0.18027580052096148f,0.02626329510021752f,0.795574467335191f,-0.6052863010632294f,0.6287359723275434f,0.25122800669613926f,-0.5913149379108484f,-0.766310076179985f,-0.41880184948169236f,0f,0f,0f,1f],start_interpolation:0}
execute if entity @s[tag=aj.dino.bone.leg_right_3] run data modify entity @s {} merge value {transformation:[-0.904249979926788f,-0.014730147792369919f,0.4267493369044858f,-0.2160848935470867f,-0.012169144736006915f,0.9998878631555046f,0.008727716236969496f,0.03611179398893788f,-0.4268300431305153f,0.0026988627853008484f,-0.904327833487872f,-0.1560024454297143f,0f,0f,0f,1f],start_interpolation:0}
execute if entity @s[tag=aj.dino.bone.leg_right_2] run data modify entity @s {} merge value {transformation:[-0.9682499052643299f,0.20500732720370277f,-0.26930710397073526f,-0.17511865713021724f,0.28027534783623365f,0.9431761267439239f,-0.2897010922249037f,0.2465769052555112f,0.18973679098052834f,-0.34706337927505077f,-0.9463662929412098f,-0.2664437261149802f,0f,0f,0f,1f],start_interpolation:0}
execute if entity @s[tag=aj.dino.bone.leg_right_1] run data modify entity @s {} merge value {transformation:[-0.9431906822774522f,0.29400441710995484f,-0.15476672634914085f,-0.10582282978087448f,-0.10137459093534788f,0.18894738541134584f,0.9767405376346919f,0.24408641158925504f,0.31640880072729494f,0.9369419876737575f,-0.14840883584296075f,0.0022666596408256884f,0f,0f,0f,1f],start_interpolation:0}
execute if entity @s[tag=aj.dino.bone.leg_right_0] run data modify entity @s {} merge value {transformation:[-0.9532486862843742f,-0.14837325825995645f,-0.2632533348894919f,-0.03180893953313457f,-0.04668133207596509f,0.9330058645302353f,-0.3568205571261301f,0.644890161235937f,0.29855953398397467f,-0.32784971097366034f,-0.8963128759990893f,-0.08820751835493451f,0f,0f,0f,1f],start_interpolation:0}
execute if entity @s[tag=aj.dino.bone.tail_4] run data modify entity @s {} merge value {transformation:[0.5070262866970527f,-1.9254222750872085f,1.9134614547453512f,-0.2833689764355597f,2.638557780730533f,-0.1076798513767087f,-0.8075142221372031f,0.32618805569781795f,0.6376507774201807f,1.9765665796540943f,1.8199580692559796f,0.486469597331065f,0f,0f,0f,1f],start_interpolation:0}
execute if entity @s[tag=aj.dino.bone.tail_3] run data modify entity @s {} merge value {transformation:[0.7528468467019553f,-1.5385890421050419f,1.1840231885270052f,-0.46907925299814973f,1.7630861769575477f,0.010134805792588695f,-1.1078672954723452f,0.5139422317094866f,0.8128310304587202f,1.40306328127789f,1.3063937655613562f,0.2512234156319961f,0f,0f,0f,1f],start_interpolation:0}
execute if entity @s[tag=aj.dino.bone.tail_2] run data modify entity @s {} merge value {transformation:[0.7709433878121248f,-1.4512153472345786f,1.057541575420258f,-0.665449172707568f,1.697934615497822f,0.21463664401845567f,-0.9432513066736423f,0.6905971921007172f,0.5843271423490465f,1.2909992261802838f,1.3456064297256018f,0.001817394109599857f,0f,0f,0f,1f],start_interpolation:0}
execute if entity @s[tag=aj.dino.bone.tail_1] run data modify entity @s {} merge value {transformation:[1.2247644291027382f,-0.7572843002691517f,-0.46274056637656663f,-0.557785652899701f,0.6878203067591705f,1.3083410160979967f,-0.3206294765073581f,0.7429428366503471f,0.5608133101258967f,0.049198822765621035f,1.4038248313176795f,-0.30140723714269957f,0f,0f,0f,1f],start_interpolation:0}
execute if entity @s[tag=aj.dino.bone.tail_0] run data modify entity @s {} merge value {transformation:[0.48409551636342796f,0.06120773627197689f,-1.1814147707902225f,-0.21107174653255995f,-0.05477649318403347f,1.276294429053079f,0.043678172426992845f,0.7609783175840383f,1.1817304190953675f,0.03408606713252098f,0.4859908159586471f,-0.44260249152438585f,0f,0f,0f,1f],start_interpolation:0}
execute if entity @s[tag=aj.dino.bone.body_1] run data modify entity @s {} merge value {transformation:[-0.6670304683803606f,0.39852420732989613f,-0.96169298920217f,-0.014335031204494513f,0.05080674918488791f,1.153281751170899f,0.4426787454912406f,0.5803800000000001f,1.039756521280723f,0.19930944193517935f,-0.6385818020159568f,-0.3075660729745374f,0f,0f,0f,1f],start_interpolation:0}