execute if entity @s[tag=aj.dino.bone.head_lower] run data modify entity @s {} merge value {transformation:[-0.6537108370133508f,-0.7357368934349942f,-0.17706881489954096f,0.1260272703532547f,-0.7556072194045822f,0.6474314993853525f,0.09944940214656689f,0.5156202934356124f,0.0414713341355149f,0.19880562678721653f,-0.9791610956337893f,0.6670288518255477f,0f,0f,0f,1f],start_interpolation:0}
execute if entity @s[tag=aj.dino.bone.head_upper] run data modify entity @s {} merge value {transformation:[-0.6804473378676814f,-0.47427793470369817f,-0.628906832229931f,0.07181107423867052f,-0.7865112398418883f,0.45463200995217945f,0.5081158802012824f,0.5606129495997954f,0.04316749442193491f,0.8073674001119584f,-0.6555657032253108f,0.6399785013296037f,0f,0f,0f,1f],start_interpolation:0}
execute if entity @s[tag=aj.dino.bone.neck_0] run data modify entity @s {} merge value {transformation:[-0.8199742192077984f,-0.49591471063357623f,-0.2858511493973346f,0.061641982710980626f,-0.5721292050252114f,0.6946980744956354f,0.4359618768301606f,0.5777116789255725f,-0.017619664916807165f,0.5210212904184175f,-0.8533618003748156f,0.5763470681598081f,0f,0f,0f,1f],start_interpolation:0}
execute if entity @s[tag=aj.dino.bone.neck_1] run data modify entity @s {} merge value {transformation:[-0.8479999471344669f,-0.5124460327736381f,-0.13525957694189492f,0.04782294644482071f,-0.4625467752219628f,0.5909820153732028f,0.6609014587948723f,0.6364212870892173f,-0.2587403532340945f,0.6230082832515044f,-0.7381829777286316f,0.5166834025795146f,0f,0f,0f,1f],start_interpolation:0}
execute if entity @s[tag=aj.dino.bone.neck_2] run data modify entity @s {} merge value {transformation:[-0.957660526835114f,-0.2517889956867554f,-0.13960163678462567f,0.03312762441431596f,-0.2877128623151134f,0.8544714918166121f,0.4325503190741372f,0.6826817491170719f,0.010374208419737331f,0.4544015529504145f,-0.8907365516671669f,0.4430970753336884f,0f,0f,0f,1f],start_interpolation:0}
execute if entity @s[tag=aj.dino.bone.body_0] run data modify entity @s {} merge value {transformation:[-0.9562022006808328f,-0.2830033831296768f,0.0747424681843562f,0.06565750840680827f,-0.2906754291065581f,0.9481188321919408f,-0.12875742680214075f,0.631030873730742f,-0.034425954262017555f,-0.1448439338741792f,-0.9888554436787016f,-0.024326606589238686f,0f,0f,0f,1f],start_interpolation:0}
execute if entity @s[tag=aj.dino.bone.leg_left_3] run data modify entity @s {} merge value {transformation:[-0.9826725373465268f,0.017753916193596446f,-0.18449792086831024f,0.34574581334525417f,0.021073079670764144f,0.9996491818700718f,-0.01604489014252719f,0.03159187083953793f,0.18414833601780978f,-0.01965481229335178f,-0.9827019276950586f,-0.18540936449864048f,0f,0f,0f,1f],start_interpolation:0}
execute if entity @s[tag=aj.dino.bone.leg_left_2] run data modify entity @s {} merge value {transformation:[-1.0104379516223143f,-0.166992780012085f,-0.05648678470076777f,0.3035067726311528f,-0.15356382597029838f,0.9951892443316214f,-0.19513769195292494f,0.2573001744301089f,0.08657653709498558f,-0.18377698139643633f,-1.0053818796030431f,-0.2591840023888718f,0f,0f,0f,1f],start_interpolation:0}
execute if entity @s[tag=aj.dino.bone.leg_left_1] run data modify entity @s {} merge value {transformation:[-0.9750258538409263f,0.0478757203874416f,0.2168697759927739f,0.32442939935756254f,0.20658367020976734f,0.5539949524678608f,0.806481729391804f,0.3609162811458846f,-0.08153386746889005f,0.8311422910895077f,-0.5500497435851135f,-0.0025922414539230054f,0f,0f,0f,1f],start_interpolation:0}
execute if entity @s[tag=aj.dino.bone.leg_left_0] run data modify entity @s {} merge value {transformation:[-0.9962778350231393f,0.06440765064658152f,-0.05728987676539661f,0.2385388623395271f,0.08595110573048681f,0.6917646723976216f,-0.7169895713651059f,0.7008870247132378f,-0.006548500997411277f,-0.7192449461489453f,-0.6947257189523701f,-0.22919759826056946f,0f,0f,0f,1f],start_interpolation:0}
execute if entity @s[tag=aj.dino.bone.leg_right_3] run data modify entity @s {} merge value {transformation:[-0.9363146550296382f,0.0065725483875530375f,0.35110065278267794f,-0.22857574209696768f,0.009707865938801921f,0.9999271683861032f,0.007170443658716497f,0.02621253204173668f,-0.35102795346758836f,0.010122229548960582f,-0.9363102671408201f,-0.2028493334699548f,0f,0f,0f,1f],start_interpolation:0}
execute if entity @s[tag=aj.dino.bone.leg_right_2] run data modify entity @s {} merge value {transformation:[-1.0150491409771563f,0.13754867651053507f,0.05308297742620911f,-0.19329811835003366f,0.11703988605427178f,0.976322441122768f,-0.2918190458711972f,0.2445917867602812f,-0.08966106164124028f,-0.2827314132723371f,-0.9818788323795794f,-0.2989589710582756f,0f,0f,0f,1f],start_interpolation:0}
execute if entity @s[tag=aj.dino.bone.leg_right_1] run data modify entity @s {} merge value {transformation:[-0.9675550381522605f,0.0333870446265643f,-0.250444711258356f,-0.1902147166593659f,-0.2018261102945144f,0.4941849610270844f,0.8456047809101158f,0.3299791977019296f,0.1519982544293323f,0.8687154479723278f,-0.4714127714696252f,-0.03492702536521819f,0f,0f,0f,1f],start_interpolation:0}
execute if entity @s[tag=aj.dino.bone.leg_right_0] run data modify entity @s {} merge value {transformation:[-0.9805260358820744f,-0.19401214495109365f,-0.030462773492585818f,-0.1498990523562847f,-0.15212007263279315f,0.8484132784523277f,-0.5070053179681322f,0.7220550824401298f,0.12421021077020397f,-0.4924979152821348f,-0.8614044502921798f,-0.1726166269443204f,0f,0f,0f,1f],start_interpolation:0}
execute if entity @s[tag=aj.dino.bone.tail_4] run data modify entity @s {} merge value {transformation:[-2.6997959781233254f,0.5476734360641138f,0.1918770844547161f,0.0954197841220408f,0.566435208318235f,2.685501222868614f,0.30478790715619997f,0.20148499219115928f,-0.12615134912712073f,0.33734006729249627f,-2.7378730517890166f,-1.8696747386499826f,0f,0f,0f,1f],start_interpolation:0}
execute if entity @s[tag=aj.dino.bone.tail_3] run data modify entity @s {} merge value {transformation:[-2.0233206914477915f,0.4496478986439993f,0.19983911741375737f,0.05713429699832581f,0.4160322085549046f,2.014852621379434f,-0.3212968123243617f,0.23624814362974048f,-0.26274723033478786f,-0.27227046738473804f,-2.047627459179511f,-1.5198084095862616f,0f,0f,0f,1f],start_interpolation:0}
execute if entity @s[tag=aj.dino.bone.tail_2] run data modify entity @s {} merge value {transformation:[-1.9073724870016096f,0.3988913223053116f,0.14693462431159823f,0.028503991560745068f,0.30348761324933415f,1.7507705568440481f,-0.8133090439033496f,0.38808153182414856f,-0.297656411717089f,-0.77101364792089f,-1.7707943105528112f,-1.1910251803772618f,0f,0f,0f,1f],start_interpolation:0}
execute if entity @s[tag=aj.dino.bone.tail_1] run data modify entity @s {} merge value {transformation:[-1.477286291661919f,-0.02461434739589583f,0.3235360820218511f,-0.039405120808868724f,-0.16900492508483422f,1.3457820742091804f,-0.6693012729961788f,0.5158183653320871f,-0.27698158380088284f,-0.6898702723262614f,-1.3172002351941958f,-0.8988808139736555f,0f,0f,0f,1f],start_interpolation:0}
execute if entity @s[tag=aj.dino.bone.tail_0] run data modify entity @s {} merge value {transformation:[-1.2739270324114482f,-0.021840371438341687f,-0.10231632739120174f,-0.010032958960474934f,0.013747264382660008f,1.2042704939099276f,-0.4282281013711733f,0.6700177617374787f,0.10371424876737793f,-0.42789168285607265f,-1.1999949078763812f,-0.5585401999450826f,0f,0f,0f,1f],start_interpolation:0}
execute if entity @s[tag=aj.dino.bone.body_1] run data modify entity @s {} merge value {transformation:[-1.2216811266579093f,0.04848359400562673f,-0.18370944705270012f,0.029411200000000057f,0.06657593307594792f,1.2288816534487386f,-0.11841504130984194f,0.6147737f,0.1779535471947052f,-0.12690081948372997f,-1.2168949470317598f,-0.2670815000000001f,0f,0f,0f,1f],start_interpolation:0}