execute if entity @s[tag=aj.dino.bone.head_lower] run data modify entity @s {} merge value {transformation:[-0.8418833713924577f,0.2632070232261007f,0.47112042186401176f,-0.1877033610203802f,0.25113200277023623f,0.9637890886931414f,-0.08968450089426916f,0.67999888625142f,-0.47766631256294334f,0.042809525114150315f,-0.877497714186209f,0.5663533571241293f,0f,0f,0f,1f],start_interpolation:0}
execute if entity @s[tag=aj.dino.bone.head_upper] run data modify entity @s {} merge value {transformation:[-0.8763160504976713f,0.01282644033455891f,0.5615849042237643f,-0.1489731964692535f,0.2614031970452044f,0.9303979095056789f,0.38665235179100593f,0.7276266668907628f,-0.4972026657191375f,0.4665481272058796f,-0.7865076584407666f,0.5224554601698314f,0f,0f,0f,1f],start_interpolation:0}
execute if entity @s[tag=aj.dino.bone.neck_0] run data modify entity @s {} merge value {transformation:[-0.8779354184352208f,0.29835603737233884f,0.37445036522942476f,-0.1293197287811253f,0.2703399493245081f,0.9544029858901696f,-0.12661458179511229f,0.7038604270668285f,-0.39515277154057304f,-0.009930533087626398f,-0.9185617407972093f,0.4633484106176855f,0f,0f,0f,1f],start_interpolation:0}
execute if entity @s[tag=aj.dino.bone.neck_1] run data modify entity @s {} merge value {transformation:[-0.7985989897760348f,-0.0791426427980501f,0.5966373233545124f,-0.07914131689066939f,-0.054706511486342285f,0.9967582482444083f,0.058993153481850955f,0.7134498621067616f,-0.599372047337621f,0.014471926191034379f,-0.8003397479962058f,0.3956157998581858f,0f,0f,0f,1f],start_interpolation:0}
execute if entity @s[tag=aj.dino.bone.neck_2] run data modify entity @s {} merge value {transformation:[-0.9200885354584875f,-0.053273473737472196f,0.3880709006274479f,-0.04566497606776117f,-0.06702003413014448f,0.9975098506525032f,-0.021963899390021857f,0.721291904672495f,-0.38593445291014117f,-0.04621725702769047f,-0.9213677676203931f,0.3144445773242954f,0f,0f,0f,1f],start_interpolation:0}
execute if entity @s[tag=aj.dino.bone.body_0] run data modify entity @s {} merge value {transformation:[-0.9535780449107004f,0.14854440423024073f,0.2619608219489495f,0.07921124809449473f,0.0020619670646594493f,0.8730800371434512f,-0.48757255566060537f,0.4998179662905733f,-0.30113893895693833f,-0.464398329791864f,-0.832856248538976f,-0.08250142399037166f,0f,0f,0f,1f],start_interpolation:0}
execute if entity @s[tag=aj.dino.bone.leg_left_3] run data modify entity @s {} merge value {transformation:[-0.9956148767482478f,0.09328965571922121f,0.006932339674342869f,0.4093914063304871f,0.09349485731442908f,0.9947961584082301f,0.040488453563716276f,0.003516710859534672f,-0.0031191109832551245f,0.04095904481327442f,-0.9991559576936212f,-0.2064374277090945f,0f,0f,0f,1f],start_interpolation:0}
execute if entity @s[tag=aj.dino.bone.leg_left_2] run data modify entity @s {} merge value {transformation:[-0.8432029227744086f,-0.11521947202284855f,0.5725342817615074f,0.39891966175195903f,-0.26314418141149515f,0.972639097123833f,-0.19180856611763364f,0.22390149219328206f,-0.5213695141784409f,-0.30456503330750995f,-0.8291418272361042f,-0.3038641324053635f,0f,0f,0f,1f],start_interpolation:0}
execute if entity @s[tag=aj.dino.bone.leg_left_1] run data modify entity @s {} merge value {transformation:[-0.7680608543939753f,-0.5992491560494507f,0.22579409408046505f,0.23944353252056477f,0.11686581246134231f,0.21550900924785832f,0.969483495893951f,0.22870333059398018f,-0.6296228282276204f,0.7710099324308521f,-0.09549229428401634f,-0.076800942493148f,0f,0f,0f,1f],start_interpolation:0}
execute if entity @s[tag=aj.dino.bone.leg_left_0] run data modify entity @s {} merge value {transformation:[-0.7949601530406631f,0.38873533670056076f,0.465750140180191f,0.2617241986137052f,0.05485584707024278f,0.8106419306520805f,-0.5829669770328966f,0.6008232518078143f,-0.6041764569393383f,-0.4378863988170554f,-0.6657524394332017f,-0.2647839595949836f,0f,0f,0f,1f],start_interpolation:0}
execute if entity @s[tag=aj.dino.bone.leg_right_3] run data modify entity @s {} merge value {transformation:[-0.2915169820287802f,0.09780961947213915f,0.9515519573452347f,-0.21741187250505273f,-0.03213345170039367f,0.9931958986929335f,-0.11193457062657025f,0.033003930388016745f,-0.9560257791872825f,-0.06320747707551319f,-0.286390510267184f,-0.2809174683331382f,0f,0f,0f,1f],start_interpolation:0}
execute if entity @s[tag=aj.dino.bone.leg_right_2] run data modify entity @s {} merge value {transformation:[-0.8155991970458281f,0.4298026105971203f,0.4495885510139188f,-0.10206590514310862f,0.31214318602008656f,0.924128516461032f,-0.31719917399869735f,0.23812981838700248f,-0.5379839966951849f,-0.11540537460675937f,-0.8656309943113424f,-0.3337355519028825f,0f,0f,0f,1f],start_interpolation:0}
execute if entity @s[tag=aj.dino.bone.leg_right_1] run data modify entity @s {} merge value {transformation:[-0.9073749296713538f,-0.3968750064491825f,-0.13842314206760054f,-0.2206139365166533f,-0.24887844817724342f,0.24190896436532217f,0.9378377103702882f,0.24915295923881797f,-0.33871854840972765f,0.8854209632799864f,-0.31827576525326023f,-0.08305998412057194f,0f,0f,0f,1f],start_interpolation:0}
execute if entity @s[tag=aj.dino.bone.leg_right_0] run data modify entity @s {} merge value {transformation:[-0.9057968648027525f,0.059746880655273685f,0.41947866449376014f,-0.12598145785123616f,-0.20144733192717762f,0.8102363895463972f,-0.5503961895891365f,0.6355072026905494f,-0.37276133406366824f,-0.5830500006918649f,-0.7218737317012519f,-0.20987627295182867f,0f,0f,0f,1f],start_interpolation:0}
execute if entity @s[tag=aj.dino.bone.tail_4] run data modify entity @s {} merge value {transformation:[1.1843298277748777f,-0.4139079636430829f,-2.460021217037683f,-1.0209285596523454f,2.4876890248144203f,-0.006586807606174431f,1.198758216398718f,0.5148768915863864f,-0.18554650754084517f,-2.73025605817447f,0.37004821569762886f,-1.31602582354311f,0f,0f,0f,1f],start_interpolation:0}
execute if entity @s[tag=aj.dino.bone.tail_3] run data modify entity @s {} merge value {transformation:[0.4444022014745268f,0.20146446072413637f,-2.02431822607864f,-0.6796504833338977f,2.02695384561642f,-0.2200054109625623f,0.42308539673740003f,0.4452901687159934f,-0.17294599477826328f,-2.060814211969815f,-0.24306376257646928f,-1.2546445066844387f,0f,0f,0f,1f],start_interpolation:0}
execute if entity @s[tag=aj.dino.bone.tail_2] run data modify entity @s {} merge value {transformation:[0.008487848343550571f,0.5193256831824489f,-1.8838796846455872f,-0.32931151326156605f,1.954052280160334f,-0.02108585919055814f,0.0029913116138334064f,0.44617398716436474f,-0.01953248149805832f,-1.8837807983765136f,-0.5193864272747697f,-1.1585543985423992f,0f,0f,0f,1f],start_interpolation:0}
execute if entity @s[tag=aj.dino.bone.tail_1] run data modify entity @s {} merge value {transformation:[-1.1536427236552231f,0.36182900925291955f,-0.9087598605904696f,-0.13707735832483786f,0.819206828167677f,1.1252418765246401f,-0.5919350825882526f,0.559014246017809f,0.5344762752833969f,-0.9436984356129653f,-1.0542412550174791f,-0.9206683277932319f,0f,0f,0f,1f],start_interpolation:0}
execute if entity @s[tag=aj.dino.bone.tail_0] run data modify entity @s {} merge value {transformation:[-1.1585575941770143f,0.0031294300495980517f,-0.5399724291353787f,0.020790654317104626f,0.11580841511226081f,1.2498922667519299f,-0.24123318405007366f,0.6596703160624693f,0.5274167503483208f,-0.26757287748446246f,-1.1331690267875882f,-0.5959870110402823f,0f,0f,0f,1f],start_interpolation:0}
execute if entity @s[tag=aj.dino.bone.body_1] run data modify entity @s {} merge value {transformation:[-1.21937809179275f,0.13002566157655246f,-0.15752774880541556f,0.04865549826853477f,0.109084944049681f,1.2206876317160646f,0.16317713017869107f,0.5395119444444445f,0.17269087785346462f,0.14703614577121968f,-1.2153858760077785f,-0.32333074757160934f,0f,0f,0f,1f],start_interpolation:0}