execute if entity @s[tag=aj.dino.bone.head_lower] run data modify entity @s {} merge value {transformation:[0.05172379362677136f,0.7510674481320947f,-0.6581962758396606f,0.5686172711184139f,0.7515392713618552f,0.4047547299394628f,0.520924497593005f,0.639325621010312f,0.6576574889513137f,-0.5216045407662553f,-0.5435212325919541f,0.3822132559499928f,0f,0f,0f,1f],start_interpolation:0}
execute if entity @s[tag=aj.dino.bone.head_upper] run data modify entity @s {} merge value {transformation:[0.053839275234525634f,0.9258161975979472f,-0.47269191159888385f,0.556836807295427f,0.782276914419192f,0.2756179953400147f,0.6289272552490051f,0.6891139794207727f,0.6845554062254687f,-0.387777038378419f,-0.6815312222469733f,0.3267353636801555f,0f,0f,0f,1f],start_interpolation:0}
execute if entity @s[tag=aj.dino.bone.neck_0] run data modify entity @s {} merge value {transformation:[0.12910521726844695f,0.5995413409156033f,-0.7898620280828721f,0.49598945034188135f,0.7171949717323847f,0.4936185513442967f,0.4919065950874637f,0.7126774839356512f,0.6848088896881022f,-0.6299927827379285f,-0.36625930473132057f,0.31305703552785563f,0f,0f,0f,1f],start_interpolation:0}
execute if entity @s[tag=aj.dino.bone.neck_1] run data modify entity @s {} merge value {transformation:[-0.3963123789198886f,0.6909464202725241f,-0.6045903924372629f,0.4479558126434375f,0.6942400072701801f,0.6564497284300373f,0.29513482740881436f,0.7407034593044487f,0.6008055514227203f,-0.30276525288862854f,-0.7398418013487248f,0.2489879228555747f,0f,0f,0f,1f],start_interpolation:0}
execute if entity @s[tag=aj.dino.bone.neck_2] run data modify entity @s {} merge value {transformation:[-0.7001449916884441f,0.36981835905669314f,-0.6107629424893127f,0.3980691510309444f,0.39783480196105214f,0.912379348445356f,0.09639188181085795f,0.7580808751485663f,0.5928949830806457f,-0.17549446098108862f,-0.7859244449708624f,0.17841684658574683f,0f,0f,0f,1f],start_interpolation:0}
execute if entity @s[tag=aj.dino.bone.body_0] run data modify entity @s {} merge value {transformation:[-0.7329236662652191f,0.15450525528612788f,-0.6625337919814495f,0.08729131505997675f,0.592190784208138f,0.6242513431627124f,-0.5095295238339974f,0.5238882956591214f,0.3348626203793139f,-0.7657926525166705f,-0.5490251713939731f,-0.08763179010387687f,0f,0f,0f,1f],start_interpolation:0}
execute if entity @s[tag=aj.dino.bone.leg_left_3] run data modify entity @s {} merge value {transformation:[-0.9124635111630796f,0.06599425225301478f,-0.4038008165736044f,0.40059524356027976f,0.01940250155052388f,0.9927754032570005f,0.1184083680382492f,0.030766367281645696f,0.4086977902185504f,0.10020856928159896f,-0.9071517838338898f,-0.3826509747484672f,0f,0f,0f,1f],start_interpolation:0}
execute if entity @s[tag=aj.dino.bone.leg_left_2] run data modify entity @s {} merge value {transformation:[-1.001841751475745f,-0.20944411372356353f,-0.0671451243744226f,0.3481448041167819f,-0.2106425399664007f,1.0037683939520416f,0.011871443051969733f,0.2647834170079413f,0.0632852657196678f,0.025384523438187343f,-1.0234318739482864f,-0.4082643287966987f,0f,0f,0f,1f],start_interpolation:0}
execute if entity @s[tag=aj.dino.bone.leg_left_1] run data modify entity @s {} merge value {transformation:[-0.9835863128843295f,0.027219734673847445f,0.17837334764727325f,0.365668038114337f,0.18040552553834693f,0.16717935871522704f,0.969280613844514f,0.2552009266653479f,-0.003436780738207742f,0.9855506826459259f,-0.16934591956792666f,-0.1314710886175595f,0f,0f,0f,1f],start_interpolation:0}
execute if entity @s[tag=aj.dino.bone.leg_left_0] run data modify entity @s {} merge value {transformation:[-0.9979763270088792f,0.015392799200382445f,-0.0616953196169958f,0.2606938148007904f,0.046697939641903025f,0.8359514295942383f,-0.5468130483012915f,0.6333664581768592f,0.043157307180450244f,-0.5485875218159142f,-0.834978549272259f,-0.27387376338452774f,0f,0f,0f,1f],start_interpolation:0}
execute if entity @s[tag=aj.dino.bone.leg_right_3] run data modify entity @s {} merge value {transformation:[-0.8414274466161686f,0.043059069582156356f,0.5386518064647271f,-0.28088773616994733f,0.055246611545194876f,0.9984516741705626f,0.006485850659384451f,0.02398820802501006f,-0.5375385232648627f,0.03521605986933399f,-0.8425035104576781f,-0.23455667293781074f,0f,0f,0f,1f],start_interpolation:0}
execute if entity @s[tag=aj.dino.bone.leg_right_2] run data modify entity @s {} merge value {transformation:[-0.995236125743606f,0.24753162104429954f,-0.017185752783428015f,-0.22217560372821268f,0.24537965891440344f,0.9713075989468165f,-0.22002856796315423f,0.24321805410323666f,-0.036824944081463376f,-0.21760478926725527f,-1.0016757352966306f,-0.31617917080866087f,0f,0f,0f,1f],start_interpolation:0}
execute if entity @s[tag=aj.dino.bone.leg_right_1] run data modify entity @s {} merge value {transformation:[-0.9850985657296772f,0.10391954452452988f,-0.137045773605563f,-0.2062943706793864f,-0.0924387704596791f,0.35204349375287436f,0.9314077797732704f,0.2876179182487767f,0.14503754518480966f,0.9301968107729055f,-0.33719134584784366f,-0.042701888094955176f,0f,0f,0f,1f],start_interpolation:0}
execute if entity @s[tag=aj.dino.bone.leg_right_0] run data modify entity @s {} merge value {transformation:[-0.9924529214516652f,-0.0980867350144575f,-0.07359477641965154f,-0.12341725217216983f,-0.042987743337121964f,0.8403598553594605f,-0.540321540772722f,0.6665544863105929f,0.11484447145960751f,-0.5330800183034722f,-0.8382341209117733f,-0.19712254467277968f,0f,0f,0f,1f],start_interpolation:0}
execute if entity @s[tag=aj.dino.bone.tail_4] run data modify entity @s {} merge value {transformation:[-2.4246953256783796f,-0.3002956231703933f,1.286987353449179f,0.7650339719256547f,1.2995987064765877f,-0.05361368538629654f,2.4359454235396325f,0.9039466749149856f,-0.23991063202325422f,2.744559972571924f,0.18840057642745806f,-1.46796447063312f,0f,0f,0f,1f],start_interpolation:0}
execute if entity @s[tag=aj.dino.bone.tail_3] run data modify entity @s {} merge value {transformation:[-1.458161880009582f,0.19397031562245562f,1.4737995027780038f,0.513233887411782f,1.4504783995593369f,0.6374455597960985f,1.351192472134325f,0.6685964585417924f,-0.32530273614458194f,1.9728112431243912f,-0.5814975966444615f,-1.3886694737754153f,0f,0f,0f,1f],start_interpolation:0}
execute if entity @s[tag=aj.dino.bone.tail_2] run data modify entity @s {} merge value {transformation:[-1.2777451814678453f,0.7563701069767882f,1.2704508599353233f,0.27629500555380376f,1.3148270969077138f,1.3492840820272705f,0.5190722938356821f,0.5733953612070353f,-0.6762919720621512f,1.1941987281279967f,-1.3911478861948994f,-1.1302740378650848f,0f,0f,0f,1f],start_interpolation:0}
execute if entity @s[tag=aj.dino.bone.tail_1] run data modify entity @s {} merge value {transformation:[-0.8432294267824632f,0.16706074154171663f,1.244472214412058f,0.007261922338040918f,-0.2038399675553337f,1.460954931466864f,-0.33423974307327986f,0.6276561029863523f,-1.2389792780491364f,-0.3540588183595817f,-0.7919778732430958f,-0.9543375463807802f,0f,0f,0f,1f],start_interpolation:0}
execute if entity @s[tag=aj.dino.bone.tail_0] run data modify entity @s {} merge value {transformation:[-1.2781066992678949f,0.008345520093694029f,0.014468385014274528f,0.0032353162264156313f,0.006270376228745244f,1.2659809640242536f,-0.17631958964958763f,0.7097311609395665f,-0.015481093388566665f,-0.1762335598193904f,-1.265913814098301f,-0.5886609370577616f,0f,0f,0f,1f],start_interpolation:0}
execute if entity @s[tag=aj.dino.bone.body_1] run data modify entity @s {} merge value {transformation:[-1.2080727017309296f,0.14488693412037032f,-0.21948284377140315f,0.04450283973603318f,0.10438009799770812f,1.2112255116655726f,0.22503810808107738f,0.5758283194267908f,0.24139125404780415f,0.20135821629106992f,-1.1957381512093512f,-0.32423147132971736f,0f,0f,0f,1f],start_interpolation:0}