execute if entity @s[tag=aj.dino.bone.head_lower] run data modify entity @s {} merge value {transformation:[0.08109466187405856f,0.12129194302781415f,0.9892987012889837f,-0.4617618974448773f,-0.4812648962497053f,0.8739569524783395f,-0.0677004051135176f,0.7065299551253212f,-0.8728159917492878f,-0.4706245953743934f,0.12924679793091953f,0.28706016246992994f,0f,0f,0f,1f],start_interpolation:0}
execute if entity @s[tag=aj.dino.bone.head_upper] run data modify entity @s {} merge value {transformation:[0.08441139975526511f,-0.3530096115631714f,0.9755669491730863f,-0.4024094159265532f,-0.5009484299792782f,0.8432587298303053f,0.3484785899446106f,0.7493327941987921f,-0.9085138021385039f,-0.4977658800003336f,-0.10150735251616191f,0.2686032830840635f,0f,0f,0f,1f],start_interpolation:0}
execute if entity @s[tag=aj.dino.bone.neck_0] run data modify entity @s {} merge value {transformation:[-0.14517077190090794f,0.2200369919273333f,0.9646290318921908f,-0.3435593986876393f,-0.3360387019426723f,0.9060373477186463f,-0.25724368862159674f,0.7181008324926681f,-0.9305930570245936f,-0.3614969525771025f,-0.05758919599273604f,0.2710479289200942f,0f,0f,0f,1f],start_interpolation:0}
execute if entity @s[tag=aj.dino.bone.neck_1] run data modify entity @s {} merge value {transformation:[-0.22186513610319647f,-0.06861699562619188f,0.9726600481633577f,-0.26147843636679624f,-0.5286494693304717f,0.8466558167863605f,-0.06085775610743133f,0.7168458193082774f,-0.8193324111485647f,-0.5276984326422205f,-0.22411774634870663f,0.2496311735420593f,0f,0f,0f,1f],start_interpolation:0}
execute if entity @s[tag=aj.dino.bone.neck_2] run data modify entity @s {} merge value {transformation:[-0.5903322391108564f,-0.1058702643924522f,0.8001870622447197f,-0.1924125843685093f,-0.39260806924039215f,0.9038467629414128f,-0.17005861662280247f,0.7107966337659185f,-0.7052423352534176f,-0.4145509814700745f,-0.5751354034733942f,0.1951862854793084f,0f,0f,0f,1f],start_interpolation:0}
execute if entity @s[tag=aj.dino.bone.body_0] run data modify entity @s {} merge value {transformation:[-0.7679347477280403f,0.04786785739418589f,0.638736950129207f,0.10907774614032426f,-0.35006212056461483f,0.8037391399909264f,-0.4811028025198475f,0.4917113070561624f,-0.536407247320239f,-0.5930531705295371f,-0.6004624900417908f,-0.09345900710880692f,0f,0f,0f,1f],start_interpolation:0}
execute if entity @s[tag=aj.dino.bone.leg_left_3] run data modify entity @s {} merge value {transformation:[-0.997063770931153f,0.07651179440924749f,-0.0031276209530576304f,0.4036625992396224f,0.07642763339873004f,0.9968441965622612f,0.021458439673193636f,0.010860012952947251f,0.004759574520719956f,0.021156396111242648f,-0.9997648490289929f,-0.1940633624972818f,0f,0f,0f,1f],start_interpolation:0}
execute if entity @s[tag=aj.dino.bone.leg_left_2] run data modify entity @s {} merge value {transformation:[-0.8499073043141259f,-0.14447712092018672f,0.5557392689965354f,0.3858414970298395f,-0.32696686352442f,0.9378164743040233f,-0.2562325704934245f,0.2210376880455457f,-0.472030130109502f,-0.389472491397375f,-0.8231408957245543f,-0.31101987268253894f,0f,0f,0f,1f],start_interpolation:0}
execute if entity @s[tag=aj.dino.bone.leg_left_1] run data modify entity @s {} merge value {transformation:[-0.7853346575246266f,-0.5818131568909517f,0.21152523764142644f,0.23220296911762456f,0.04130114398153582f,0.29168013332929477f,0.9556238356836965f,0.2487728225160618f,-0.6176922301571341f,0.7592207520145828f,-0.205036968651794f,-0.08158720125879529f,0f,0f,0f,1f],start_interpolation:0}
execute if entity @s[tag=aj.dino.bone.leg_left_0] run data modify entity @s {} merge value {transformation:[-0.8083896439663167f,0.37805746983411975f,0.4511970002456081f,0.24991435174531457f,-0.0038129457135586547f,0.7631183499113771f,-0.6462475109998662f,0.6005631218340383f,-0.5886354092075987f,-0.5241401849993573f,-0.6154554585799383f,-0.3057237016232766f,0f,0f,0f,1f],start_interpolation:0}
execute if entity @s[tag=aj.dino.bone.leg_right_3] run data modify entity @s {} merge value {transformation:[-0.3086228398521998f,0.049132200585161254f,0.9499147170073863f,-0.16443119296834036f,-0.009007290596046214f,0.9984693201641945f,-0.05457000464512132f,0.026964718650946823f,-0.9511418461184857f,-0.025397707701871497f,-0.30770788908607494f,-0.2887841023896658f,0f,0f,0f,1f],start_interpolation:0}
execute if entity @s[tag=aj.dino.bone.leg_right_2] run data modify entity @s {} merge value {transformation:[-0.8626584003325204f,0.3591136226964599f,0.42298946775334245f,-0.06631175023776067f,0.27868846841471484f,0.9565501967267797f,-0.24373481125049162f,0.24197033203370677f,-0.4798076921112161f,-0.09006290377551278f,-0.9020728637172968f,-0.33691136325249943f,0f,0f,0f,1f],start_interpolation:0}
execute if entity @s[tag=aj.dino.bone.leg_right_1] run data modify entity @s {} merge value {transformation:[-0.8938647957959917f,-0.381183215163454f,-0.23601924352527265f,-0.17515161829155462f,-0.30166863962701995f,0.12192226351649932f,0.9455850006871915f,0.2189345989666368f,-0.33166513036822737f,0.9164247476670766f,-0.22397304114817362f,-0.08267402574311424f,0f,0f,0f,1f],start_interpolation:0}
execute if entity @s[tag=aj.dino.bone.leg_right_0] run data modify entity @s {} merge value {transformation:[-0.8979048249695829f,-0.03644193178593633f,0.4386785963596259f,-0.12076663984454318f,-0.25148898489906346f,0.8603792220096833f,-0.44328420320202083f,0.6220755874190225f,-0.36127581675332354f,-0.5083498597833199f,-0.7817033991786768f,-0.17662558833472125f,0f,0f,0f,1f],start_interpolation:0}
execute if entity @s[tag=aj.dino.bone.tail_4] run data modify entity @s {} merge value {transformation:[0.284505214554286f,-2.5606150486516595f,0.9939661398207095f,-0.8653792168841384f,2.581839922201988f,0.5903487070069673f,0.7818262926374585f,0.6682883563178584f,-0.9374543885520247f,0.8487639886057045f,2.4548809121076896f,-0.06434710074582012f,0f,0f,0f,1f],start_interpolation:0}
execute if entity @s[tag=aj.dino.bone.tail_3] run data modify entity @s {} merge value {transformation:[0.27042898144015887f,-2.0646582286370223f,0.00030160092417255523f,-0.8452260555996167f,2.031746678660746f,0.26617231480995934f,0.37027457193841745f,0.6028987670281524f,-0.3671772402978001f,-0.047793553902041215f,2.0491076537012756f,-0.411332338382134f,0f,0f,0f,1f],start_interpolation:0}
execute if entity @s[tag=aj.dino.bone.tail_2] run data modify entity @s {} merge value {transformation:[0.33218827128240536f,-1.7193335931286646f,-0.8673619907307784f,-0.6841488413975823f,1.92504595118471f,0.27307242318433367f,0.19596788646705937f,0.5679572089262791f,-0.05121438521096279f,-0.887748456623996f,1.7401303512989914f,-0.7350678825404268f,0f,0f,0f,1f],start_interpolation:0}
execute if entity @s[tag=aj.dino.bone.tail_1] run data modify entity @s {} merge value {transformation:[0.13313816658076913f,-0.22520505768197505f,-1.4897023731584678f,-0.36095580862316173f,1.017226967380692f,1.1166191451755245f,-0.07789243519727328f,0.5700974463539072f,1.1113864203925619f,-0.9950379975769466f,0.24975159247754364f,-0.7777101145253253f,0f,0f,0f,1f],start_interpolation:0}
execute if entity @s[tag=aj.dino.bone.tail_0] run data modify entity @s {} merge value {transformation:[-0.7066236020541741f,-0.06937043032719034f,-1.0628765426898048f,-0.05203261135633937f,0.1591464518909876f,1.2543080280313665f,-0.1876685755543578f,0.65520725302445f,1.053181469859075f,-0.23608225430199667f,-0.6847697987887559f,-0.5833015491283038f,0f,0f,0f,1f],start_interpolation:0}
execute if entity @s[tag=aj.dino.bone.body_1] run data modify entity @s {} merge value {transformation:[-1.1658335973479863f,0.11970270991547087f,-0.39383737708576677f,0.031466235050793975f,0.06765913470015943f,1.2225718062810198f,0.1713038675413968f,0.5330326162790697f,0.40602815153943395f,0.13997869402843907f,-1.1593755648761161f,-0.323191528960215f,0f,0f,0f,1f],start_interpolation:0}