execute if entity @s[tag=aj.dino.bone.head_lower] run data modify entity @s {} merge value {transformation:[-0.8979464067568459f,-0.39128478908822495f,0.2014657897029976f,0.0657057684386638f,-0.40975263632342723f,0.9103348347334002f,-0.05825174415340889f,1.301080525119749f,-0.16060830494862424f,-0.13485808280965722f,-0.9777618676766003f,0.29873036986872353f,0f,0f,0f,1f],start_interpolation:0}
execute if entity @s[tag=aj.dino.bone.head_upper] run data modify entity @s {} merge value {transformation:[-0.9346720406488648f,-0.17355048125052447f,0.4239579571968255f,0.09074513396626833f,-0.4265113484187903f,0.6812178715349952f,-0.6614395087646512f,1.2706467938803945f,-0.16717711770089594f,-0.767655120833926f,-0.6828099071909975f,0.23436986436556106f,0f,0f,0f,1f],start_interpolation:0}
execute if entity @s[tag=aj.dino.bone.neck_0] run data modify entity @s {} merge value {transformation:[-0.9758144923732488f,-0.036557353485949205f,0.21552177704455336f,0.10558988062326398f,-0.21440844109074847f,0.3522095814038172f,-0.9110309715681366f,1.2060900819041054f,-0.042603953612004725f,-0.9352069132942995f,-0.3515294190578861f,0.22683324112985717f,0f,0f,0f,1f],start_interpolation:0}
execute if entity @s[tag=aj.dino.bone.neck_1] run data modify entity @s {} merge value {transformation:[-0.9863964037212236f,-0.16205106324390797f,0.02759687713049888f,0.1071811493332478f,-0.11079011817485909f,0.5313442593753361f,-0.8398802460730197f,1.1373890382184006f,0.12144004463371091f,-0.831512315561468f,-0.5420697230329027f,0.1770821476251033f,0f,0f,0f,1f],start_interpolation:0}
execute if entity @s[tag=aj.dino.bone.neck_2] run data modify entity @s {} merge value {transformation:[-0.9782948643047971f,-0.18981243102009115f,-0.08312881272520302f,0.09804005953996847f,-0.04248252063363063f,0.5763632515208901f,-0.8160886212519325f,1.0715365107914936f,0.20281615792503294f,-0.7948437854865006f,-0.5719169194542314f,0.11919591866673787f,0f,0f,0f,1f],start_interpolation:0}
execute if entity @s[tag=aj.dino.bone.body_0] run data modify entity @s {} merge value {transformation:[-0.9930541162460711f,-0.11695791074323839f,0.012820659940555729f,0.10296821819525984f,-0.06284028877201178f,0.4351006869528144f,-0.8981862225174905f,0.652369590236419f,0.09947170609668288f,-0.8927531793994159f,-0.4394281970452618f,-0.09640953272020872f,0f,0f,0f,1f],start_interpolation:0}
execute if entity @s[tag=aj.dino.bone.leg_left_3] run data modify entity @s {} merge value {transformation:[-0.9642495421195243f,-0.03280621251944101f,-0.2629573595517287f,0.4538212420071042f,-0.032252484620383534f,0.9994591136667632f,-0.006423188013834208f,0.060052726987472244f,0.2630258499807572f,0.002287472093471507f,-0.9647860745850984f,-0.2596070743015857f,0f,0f,0f,1f],start_interpolation:0}
execute if entity @s[tag=aj.dino.bone.leg_left_2] run data modify entity @s {} merge value {transformation:[-0.9825626411126135f,-0.28687760549592883f,-0.06583384581977575f,0.3833916016336994f,-0.2821294973119034f,0.9833377705769237f,-0.07424267778059648f,0.28653521270535276f,0.08387969084964805f,-0.05301196018280155f,-1.0208898711620367f,-0.30338402583933655f,0f,0f,0f,1f],start_interpolation:0}
execute if entity @s[tag=aj.dino.bone.leg_left_1] run data modify entity @s {} merge value {transformation:[-0.992958552436431f,0.024150171371617485f,0.11597449015222687f,0.4035769866200433f,0.10722817493747956f,0.5993606737305797f,0.793264710727008f,0.4051554761011127f,-0.050353069846085396f,0.800114711780722f,-0.5977298857754463f,-0.05331369772214606f,0f,0f,0f,1f],start_interpolation:0}
execute if entity @s[tag=aj.dino.bone.leg_left_0] run data modify entity @s {} merge value {transformation:[-0.9965670482896651f,-0.08254979003650643f,-0.006296858594023846f,0.25580140343416846f,-0.04061353260967139f,0.5537408764575954f,-0.8316980117259735f,0.6855551931562696f,0.07214332423854328f,-0.8285870949422895f,-0.5551925493582469f,-0.3250592666904655f,0f,0f,0f,1f],start_interpolation:0}
execute if entity @s[tag=aj.dino.bone.leg_right_3] run data modify entity @s {} merge value {transformation:[-0.8868213016413109f,0.0021867477475338536f,0.46210734368704814f,-0.23831961959604347f,0.005449340341038736f,0.999968759743747f,0.005725751164743387f,0.02031181035938201f,-0.46208038656175243f,0.007595898290636061f,-0.8868055134493131f,-0.24217612384343273f,0f,0f,0f,1f],start_interpolation:0}
execute if entity @s[tag=aj.dino.bone.leg_right_2] run data modify entity @s {} merge value {transformation:[-1.0108881001141465f,0.17277045126340013f,0.01782749894255419f,-0.1959278588414574f,0.16254279560142817f,0.9781310436921002f,-0.26249133407518455f,0.23994841314228454f,-0.061215097372936254f,-0.25587542288531495f,-0.9913842238595375f,-0.3323635586895747f,0f,0f,0f,1f],start_interpolation:0}
execute if entity @s[tag=aj.dino.bone.leg_right_1] run data modify entity @s {} merge value {transformation:[-0.9699631636509763f,0.08822571297563246f,-0.2266885191846523f,-0.17925440333498804f,-0.14614401290700202f,0.5336139142311478f,0.8330054729894347f,0.33782460233018075f,0.19445664980048172f,0.8411137937930009f,-0.5046921806799844f,-0.07321951933830079f,0f,0f,0f,1f],start_interpolation:0}
execute if entity @s[tag=aj.dino.bone.leg_right_0] run data modify entity @s {} merge value {transformation:[-0.981626813551015f,-0.17234943212618598f,-0.08188084124788889f,-0.12611950824903403f,-0.09778959339079382f,0.822885932936722f,-0.5597284491602372f,0.7178523035484192f,0.1638474727975503f,-0.5414373598308877f,-0.8246208771533824f,-0.2377275975455399f,0f,0f,0f,1f],start_interpolation:0}
execute if entity @s[tag=aj.dino.bone.tail_4] run data modify entity @s {} merge value {transformation:[-2.648800213046583f,0.4634566702859372f,0.6282727733491611f,0.31301384168421303f,0.679073965933968f,2.464129069434542f,1.0452692521826f,0.1225620118575747f,-0.3851977566849086f,1.157124528966148f,-2.4775687365459267f,-1.8245425633185188f,0f,0f,0f,1f],start_interpolation:0}
execute if entity @s[tag=aj.dino.bone.tail_3] run data modify entity @s {} merge value {transformation:[-1.9127828363106956f,0.5108654625257054f,0.6451541105488299f,0.19862032602954172f,0.5536984921105833f,2.0066361883238706f,0.052675550191309026f,0.09399367468373787f,-0.6087900516550192f,0.2199391119193851f,-1.979127834703568f,-1.491107896371526f,0f,0f,0f,1f],start_interpolation:0}
execute if entity @s[tag=aj.dino.bone.tail_2] run data modify entity @s {} merge value {transformation:[-1.7966334659533778f,0.5741748502664515f,0.5110824838914229f,0.10241932348107248f,0.3541403968637128f,1.7714484484105923f,-0.7452038975580397f,0.23320884023488628f,-0.6822511585393903f,-0.5925095028334816f,-1.7326972386214663f,-1.169648740710381f,0f,0f,0f,1f],start_interpolation:0}
execute if entity @s[tag=aj.dino.bone.tail_1] run data modify entity @s {} merge value {transformation:[-1.3229564674058172f,-0.10083335018178892f,0.7261370881866851f,-0.05134077739294142f,-0.511477647713219f,1.200214068258391f,-0.7652013174612253f,0.3836889006611047f,-0.5251981066596424f,-0.9148634192303019f,-1.0839041114948165f,-0.9247196493550198f,0f,0f,0f,1f],start_interpolation:0}
execute if entity @s[tag=aj.dino.bone.tail_0] run data modify entity @s {} merge value {transformation:[-1.2694516328990513f,-0.09975881762833605f,-0.11124947918690047f,-0.021238451870173973f,-0.02944854683407411f,1.1000036447452393f,-0.6503541198613096f,0.6002825375528782f,0.14649590916923777f,-0.6433318556053428f,-1.0947596945193463f,-0.6203301657047182f,0f,0f,0f,1f],start_interpolation:0}
execute if entity @s[tag=aj.dino.bone.body_1] run data modify entity @s {} merge value {transformation:[-1.2011844159052725f,0.023364255339518556f,-0.29191557960305853f,0.04505408290018762f,0.10157806104631993f,1.1891538091159264f,-0.3227997999308599f,0.5952310214645947f,0.27466796601829985f,-0.33759728211844786f,-1.1572338478483324f,-0.32854993363619467f,0f,0f,0f,1f],start_interpolation:0}