execute if entity @s[tag=aj.dino.bone.head_lower] run data modify entity @s {} merge value {transformation:[-0.38105318724776094f,-0.11636679365370417f,0.9172007620052871f,-0.03309158764425587f,-0.13808178869638513f,0.9880841589204585f,0.06799348881221484f,0.363794427744731f,-0.914183727769604f,-0.10073958618738807f,-0.39258075303823053f,0.5342138380407472f,0f,0f,0f,1f],start_interpolation:0}
execute if entity @s[tag=aj.dino.bone.head_upper] run data modify entity @s {} merge value {transformation:[-0.39663810383403303f,-0.5994401443326991f,0.7528756009679439f,0.005226275017070972f,-0.14372927631998866f,0.8420780987989875f,0.5947422241905498f,0.42365841325954573f,-0.9515734613254944f,0.12267001047111173f,-0.40364831080476754f,0.5088465139574583f,0f,0f,0f,1f],start_interpolation:0}
execute if entity @s[tag=aj.dino.bone.neck_0] run data modify entity @s {} merge value {transformation:[-0.5633692189255977f,0.10295714019664881f,0.8197651800666393f,0.05674467986872842f,-0.09039556695907143f,0.9785676232689133f,-0.1850244528811747f,0.39583960694302534f,-0.8212452524315192f,-0.1783402197272326f,-0.5419880085263257f,0.4769607141249069f,0f,0f,0f,1f],start_interpolation:0}
execute if entity @s[tag=aj.dino.bone.neck_1] run data modify entity @s {} merge value {transformation:[-0.725339883042888f,-0.17606500215520704f,0.6654946799813029f,0.11230970442401572f,-0.197698988594793f,0.9792923716592083f,0.043606888431515584f,0.4040451602782729f,-0.6593915103911525f,-0.0999378097927392f,-0.7451276871771071f,0.4133782182226229f,0f,0f,0f,1f],start_interpolation:0}
execute if entity @s[tag=aj.dino.bone.neck_2] run data modify entity @s {} merge value {transformation:[-0.9289197737999358f,-0.25818199171906586f,0.26542440165789627f,0.1330351096295854f,-0.19495480629230524f,0.9504355806406155f,0.24220823800165384f,0.4345697768457124f,-0.31480260060394305f,0.1732462588465111f,-0.9332122247638432f,0.33331801739464356f,0f,0f,0f,1f],start_interpolation:0}
execute if entity @s[tag=aj.dino.bone.body_0] run data modify entity @s {} merge value {transformation:[-0.9525638428758207f,-0.3026491395678216f,0.03202535814797591f,0.14524542946382543f,-0.30155770051399994f,0.9528122266830991f,0.03481111810763074f,0.4600528537425857f,-0.04104970774996486f,0.023502319078167855f,-0.9988806547789333f,-0.13722680043309388f,0f,0f,0f,1f],start_interpolation:0}
execute if entity @s[tag=aj.dino.bone.leg_left_3] run data modify entity @s {} merge value {transformation:[-0.9497316101730069f,0.0782667838061309f,-0.30312403268436483f,0.4095819974398793f,0.06720862919328521f,0.9966426500232329f,0.04675925915394974f,0.019059227900009884f,0.30576603604741137f,0.02403619577452082f,-0.9518032320246349f,-0.2873781627942522f,0f,0f,0f,1f],start_interpolation:0}
execute if entity @s[tag=aj.dino.bone.leg_left_2] run data modify entity @s {} merge value {transformation:[-0.9660257491119804f,-0.2950771686697426f,0.17828605128607158f,0.34481110403698956f,-0.3375977124151075f,0.9171829813157498f,-0.31123200808646384f,0.22271104429599406f,-0.06988731018874388f,-0.3518054047556613f,-0.9609427249113138f,-0.39918934788958793f,0f,0f,0f,1f],start_interpolation:0}
execute if entity @s[tag=aj.dino.bone.leg_left_1] run data modify entity @s {} merge value {transformation:[-0.9679558612228042f,-0.2281379904670901f,0.1049500263461484f,0.2965444314531478f,0.020832544842797836f,0.3435355005330905f,0.9389086030859721f,0.26582781975513986f,-0.25025478177208155f,0.9110084616396911f,-0.3277745063623632f,-0.12932890682521958f,0f,0f,0f,1f],start_interpolation:0}
execute if entity @s[tag=aj.dino.bone.leg_left_0] run data modify entity @s {} merge value {transformation:[-0.9770576278448859f,0.1298892426716418f,0.16878144598359102f,0.22019531860063796f,-0.02218773487047901f,0.7261018590133836f,-0.6872290700768018f,0.6042838566607526f,-0.21181618514986483f,-0.6752072829698269f,-0.7065614118624527f,-0.36154777473485855f,0f,0f,0f,1f],start_interpolation:0}
execute if entity @s[tag=aj.dino.bone.leg_right_3] run data modify entity @s {} merge value {transformation:[-0.6058109896109474f,0.028260130637063185f,0.7951065399573702f,-0.17270898810926405f,0.03268105921071775f,0.9994093960395961f,-0.010621086414987324f,0.013460848928415842f,-0.7949371001755237f,0.01955055303936895f,-0.6063767662438792f,-0.27587231924458033f,0f,0f,0f,1f],start_interpolation:0}
execute if entity @s[tag=aj.dino.bone.leg_right_2] run data modify entity @s {} merge value {transformation:[-0.9863533595990077f,0.25174276526667144f,0.12567748264639478f,-0.108613910715957f,0.22978944930423062f,0.9851037403735531f,-0.1697929008857186f,0.23748324897968345f,-0.16237628674441304f,-0.1351236483322536f,-1.0037119809313684f,-0.33813673440469716f,0f,0f,0f,1f],start_interpolation:0}
execute if entity @s[tag=aj.dino.bone.leg_right_1] run data modify entity @s {} merge value {transformation:[-0.9698735356033827f,-0.08971436923683243f,-0.2264876528392475f,-0.14029008311817134f,-0.23116291879575607f,0.045558756102181186f,0.9718477785724721f,0.19371322355056186f,-0.07687021471298748f,0.9949249879738972f,-0.06492486730922109f,-0.0659342534541281f,0f,0f,0f,1f],start_interpolation:0}
execute if entity @s[tag=aj.dino.bone.leg_right_0] run data modify entity @s {} merge value {transformation:[-0.9793431686541894f,-0.13132086193819198f,0.1537588671595324f,-0.09049411519807789f,-0.1772663675865131f,0.923417262728446f,-0.340407393894121f,0.6045998990505832f,-0.09728099985637267f,-0.3606319316351707f,-0.9276211602545676f,-0.1207045012159762f,0f,0f,0f,1f],start_interpolation:0}
execute if entity @s[tag=aj.dino.bone.tail_4] run data modify entity @s {} merge value {transformation:[0.04111163053817785f,-2.1096948560443445f,1.7813362343517654f,-0.5165294367139188f,2.7313768355580756f,-0.22986109212755684f,-0.33526973037045815f,0.4125766191168262f,0.4044153157476176f,1.7669218500844794f,2.083289888537551f,0.330069497777719f,0f,0f,0f,1f],start_interpolation:0}
execute if entity @s[tag=aj.dino.bone.tail_3] run data modify entity @s {} merge value {transformation:[0.24497801606347896f,-1.7558194010301051f,1.092258910998821f,-0.6845541132747452f,1.9918194925346684f,-0.09511101203093168f,-0.5996286605840594f,0.5151822171188516f,0.5555055416906145f,1.1153464270804745f,1.668340932421873f,0.03626598731529751f,0f,0f,0f,1f],start_interpolation:0}
execute if entity @s[tag=aj.dino.bone.tail_2] run data modify entity @s {} merge value {transformation:[0.3587733512640219f,-1.8854873781099704f,0.3674138054204689f,-0.7530389012293792f,1.8509327722121824f,0.23932036751284033f,-0.5792646281685271f,0.6242918562569271f,0.5139099436442982f,0.4543533687387893f,1.8298178764953652f,-0.3034050365226338f,0f,0f,0f,1f],start_interpolation:0}
execute if entity @s[tag=aj.dino.bone.tail_1] run data modify entity @s {} merge value {transformation:[0.8191987731173985f,-0.7269455572800576f,-1.0431297986702024f,-0.5204654878086727f,0.7909150123812065f,1.2629436565911434f,-0.25900388697127485f,0.6638328035336195f,0.9955014130140581f,-0.4051909759940122f,1.0641679659057754f,-0.5284001428185956f,0f,0f,0f,1f],start_interpolation:0}
execute if entity @s[tag=aj.dino.bone.tail_0] run data modify entity @s {} merge value {transformation:[-0.03796683231560619f,-0.05161500720403685f,-1.2766088387831545f,-0.14865627603416237f,-0.01845568134497979f,1.2770612696269574f,-0.05108442060847593f,0.7095786218689073f,1.2775185415695693f,0.016915118507960198f,-0.038677788145788004f,-0.5166894022257262f,0f,0f,0f,1f],start_interpolation:0}
execute if entity @s[tag=aj.dino.bone.body_1] run data modify entity @s {} merge value {transformation:[-0.9771533703684968f,0.23263349758979585f,-0.7208727638306749f,0.0032670267925350334f,0.0009939890218548558f,1.1770096032447634f,0.37848646067155317f,0.5423058720930233f,0.7574793052087707f,0.2985542575897941f,-0.9304273494000996f,-0.3204878246386096f,0f,0f,0f,1f],start_interpolation:0}