execute if entity @s[tag=aj.dino.bone.head_lower] run data modify entity @s {} merge value {transformation:[-0.907125778803142f,-0.3643967811077342f,0.2105654467122177f,0.09336652460820763f,-0.40332167870789404f,0.8956217702943041f,-0.18759868885240988f,1.3265265319982642f,-0.12022663978935771f,-0.2551012161735398f,-0.9594107173633933f,0.25549972484288863f,0f,0f,0f,1f],start_interpolation:0}
execute if entity @s[tag=aj.dino.bone.head_upper] run data modify entity @s {} merge value {transformation:[-0.9442268451871162f,-0.15940637855967268f,0.40804070126150904f,0.11762323244860766f,-0.4198173673163475f,0.6062365980538852f,-0.7346444771882046f,1.289364636423201f,-0.1251438592623092f,-0.830986604126715f,-0.6142248943460309f,0.19445824604518552f,0f,0f,0f,1f],start_interpolation:0}
execute if entity @s[tag=aj.dino.bone.neck_0] run data modify entity @s {} merge value {transformation:[-0.9790666255838976f,-0.03212407189623623f,0.20098902127371585f,0.13145735424148355f,-0.20217215381267384f,0.26777355505983164f,-0.94203171041816f,1.2241699597212696f,-0.02355765036045157f,-0.9629461912357434f,-0.2686627437775284f,0.19272404356352335f,0f,0f,0f,1f],start_interpolation:0}
execute if entity @s[tag=aj.dino.bone.neck_1] run data modify entity @s {} merge value {transformation:[-0.9843063572302689f,-0.17545839805540786f,-0.018850614523370446f,0.12905214486949695f,-0.06565781136934445f,0.4632841134326403f,-0.8837742257200762f,1.1514369752661366f,0.16379880012462317f,-0.8686668986399578f,-0.467533712458226f,0.14911596191966367f,0f,0f,0f,1f],start_interpolation:0}
execute if entity @s[tag=aj.dino.bone.neck_2] run data modify entity @s {} merge value {transformation:[-0.9604263478777626f,-0.2610436829701018f,-0.09714641467181481f,0.11798560953755677f,-0.05730139500377994f,0.5264935539522899f,-0.8482458887476604f,1.0822789745193402f,0.27257619197722316f,-0.8091110759519317f,-0.5206164483946928f,0.09558435328893367f,0f,0f,0f,1f],start_interpolation:0}
execute if entity @s[tag=aj.dino.bone.body_0] run data modify entity @s {} merge value {transformation:[-0.9912188231483153f,-0.1302798937947029f,-0.022636119572706087f,0.106076212430127f,-0.032113295448786376f,0.4032304664198889f,-0.9145348146496217f,0.6551034201112609f,0.12827307157734963f,-0.9057772023095083f,-0.4038733451027344f,-0.10338829980644185f,0f,0f,0f,1f],start_interpolation:0}
execute if entity @s[tag=aj.dino.bone.leg_left_3] run data modify entity @s {} merge value {transformation:[-0.9623687766940953f,-0.04098500089194618f,-0.2686383579204542f,0.4629331053544457f,-0.040515253233435786f,0.9991522913186418f,-0.007294724678713893f,0.06533298258559805f,0.26870960514976266f,0.0038637358339876013f,-0.9632134860173334f,-0.26774511544951196f,0f,0f,0f,1f],start_interpolation:0}
execute if entity @s[tag=aj.dino.bone.leg_left_2] run data modify entity @s {} merge value {transformation:[-0.9790033289482205f,-0.29633008403261263f,-0.07617849241237239f,0.38998593188336333f,-0.2927334159976635f,0.9814576444997191f,-0.055769514181997215f,0.2919316664544589f,0.08900465475095075f,-0.031489249768482795f,-1.0213465612035793f,-0.30651131744939164f,0f,0f,0f,1f],start_interpolation:0}
execute if entity @s[tag=aj.dino.bone.leg_left_1] run data modify entity @s {} merge value {transformation:[-0.9941029366931858f,0.028692643000258172f,0.10457573091135305f,0.41203270303147277f,0.1006082593042869f,0.6038801238995214f,0.7907001796628478f,0.4120475760962364f,-0.04046392736432486f,0.7965585528991316f,-0.6032057214462543f,-0.05731361723400663f,0f,0f,0f,1f],start_interpolation:0}
execute if entity @s[tag=aj.dino.bone.leg_left_0] run data modify entity @s {} merge value {transformation:[-0.9947497951690236f,-0.1021525557045822f,-0.006140063045924488f,0.25675897505922546f,-0.049185262778225484f,0.5298506439888339f,-0.8466635134396988f,0.6832888135428052f,0.08974215807870117f,-0.8419163559568376f,-0.532093219873865f,-0.334126801664423f,0f,0f,0f,1f],start_interpolation:0}
execute if entity @s[tag=aj.dino.bone.leg_right_3] run data modify entity @s {} merge value {transformation:[-0.8863362172550767f,0.0027218869472837187f,0.4630342334141266f,-0.2378168410184077f,0.008023502559203255f,0.9999228678086972f,0.009480603351751465f,0.019317776690928573f,-0.46297271343853963f,0.012118158468884477f,-0.8862896912672961f,-0.24441687583657518f,0f,0f,0f,1f],start_interpolation:0}
execute if entity @s[tag=aj.dino.bone.leg_right_2] run data modify entity @s {} merge value {transformation:[-1.01084276833859f,0.1733902397378499f,0.013961445552691939f,-0.19540015716336395f,0.16446143086676526f,0.9794322183781445f,-0.25637310089168297f,0.2394437856845878f,-0.05667040634692895f,-0.25042075366712646f,-0.9930458754146038f,-0.3333912382185576f,0f,0f,0f,1f],start_interpolation:0}
execute if entity @s[tag=aj.dino.bone.leg_right_1] run data modify entity @s {} merge value {transformation:[-0.9692442253108694f,0.09377358142622295f,-0.2275349360604484f,-0.1771603102863496f,-0.14315372997575343f,0.5372208192773107f,0.8312044278810382f,0.3384549322898766f,0.20018152086434413f,0.8382125665733692f,-0.5072741388469586f,-0.07478441987539264f,0f,0f,0f,1f],start_interpolation:0}
execute if entity @s[tag=aj.dino.bone.leg_right_0] run data modify entity @s {} merge value {transformation:[-0.9810058198297656f,-0.17409994528812722f,-0.08553824004970284f,-0.12448719487130065f,-0.0951739766352379f,0.8162407967979486f,-0.5698182831518177f,0.7163907801684725f,0.1690251331357696f,-0.5508540375574287f,-0.8173067561663213f,-0.24418724265356495f,0f,0f,0f,1f],start_interpolation:0}
execute if entity @s[tag=aj.dino.bone.tail_4] run data modify entity @s {} merge value {transformation:[-2.6395476409667094f,0.34255833589041135f,0.735597287365221f,0.38809552366743716f,0.6711752001287384f,2.3285646203853454f,1.3239984860345573f,0.15582444499303957f,-0.45604104354676983f,1.4443344234635018f,-2.3090227308104025f,-1.7951486128350587f,0f,0f,0f,1f],start_interpolation:0}
execute if entity @s[tag=aj.dino.bone.tail_3] run data modify entity @s {} merge value {transformation:[-1.8737484254945773f,0.4625399283637095f,0.7817091394312407f,0.25102022467666474f,0.5866521952019832f,1.984428898484221f,0.2320057645185552f,0.09706564622612933f,-0.6934346154221972f,0.42900383165473f,-1.9159983487999865f,-1.4744642362140175f,0f,0f,0f,1f],start_interpolation:0}
execute if entity @s[tag=aj.dino.bone.tail_2] run data modify entity @s {} merge value {transformation:[-1.75051916694786f,0.5897198411612379f,0.6377201816562748f,0.13131534867072708f,0.36894270725823525f,1.8037062331964708f,-0.6552091102021848f,0.21956959869601222f,-0.786344580900709f,-0.46652782154094385f,-1.72707494533941f,-1.1540972462496948f,0f,0f,0f,1f],start_interpolation:0}
execute if entity @s[tag=aj.dino.bone.tail_1] run data modify entity @s {} merge value {transformation:[-1.2515678114912714f,-0.11037526975409072f,0.8420519954644496f,-0.0473399095904494f,-0.5998766414636434f,1.1764500463193939f,-0.7374073186112242f,0.36444364520133f,-0.6011507949468665f,-0.944160388038922f,-1.0172684667249563f,-0.9230767139508631f,0f,0f,0f,1f],start_interpolation:0}
execute if entity @s[tag=aj.dino.bone.tail_0] run data modify entity @s {} merge value {transformation:[-1.2694688328138208f,-0.11572582414185291f,-0.09429810562801498f,-0.022576481718062633f,-0.04770298331058226f,1.0795748825667473f,-0.6826992126099836f,0.589996287542152f,0.14145325899962025f,-0.6745082083575488f,-1.076506093322608f,-0.6247736977511211f,0f,0f,0f,1f],start_interpolation:0}
execute if entity @s[tag=aj.dino.bone.body_1] run data modify entity @s {} merge value {transformation:[-1.1990622768621302f,0.01610740500543905f,-0.30098970541605835f,0.04631446056376341f,0.10410942483178152f,1.1807514366388716f,-0.35155635052248213f,0.5921962260650293f,0.2828700742808444f,-0.36629385940182163f,-1.1464806691336398f,-0.33356051098058875f,0f,0f,0f,1f],start_interpolation:0}