execute if entity @s[tag=aj.dino.bone.head_lower] run data modify entity @s {} merge value {transformation:[-0.08178853742653702f,0.7610250366453518f,-0.6435460579823087f,0.5892987205265784f,0.8520909238700008f,0.38832453774245806f,0.35092037678863075f,0.7422318716354237f,0.5169639180871297f,-0.519658490728331f,-0.6802230225521306f,0.36657841502258f,0f,0f,0f,1f],start_interpolation:0}
execute if entity @s[tag=aj.dino.bone.head_upper] run data modify entity @s {} merge value {transformation:[-0.08513365452872514f,0.8519859491846139f,-0.591898763169922f,0.5675994705252557f,0.8869410876183991f,0.3678268146624992f,0.4018841675073029f,0.7784714931442507f,0.5381075269352609f,-0.4714820456716659f,-0.7560535117624848f,0.30403811702141975f,0f,0f,0f,1f],start_interpolation:0}
execute if entity @s[tag=aj.dino.bone.neck_0] run data modify entity @s {} merge value {transformation:[0.0036366691675311646f,0.49678771524049115f,-0.867864471345324f,0.5034167553681392f,0.8373892115728839f,0.4728637543716497f,0.2741882166375717f,0.7882549705929615f,0.546594989895361f,-0.7277374772455247f,-0.4142850241483627f,0.28888559583292106f,0f,0f,0f,1f],start_interpolation:0}
execute if entity @s[tag=aj.dino.bone.neck_1] run data modify entity @s {} merge value {transformation:[-0.4449606130217435f,0.5880958701220923f,-0.6753912202602678f,0.44891153866399736f,0.7141877796731037f,0.6880409866405292f,0.1285901087499706f,0.8023179593695909f,0.5403201534506342f,-0.4251386223904692f,-0.7261620229170741f,0.22541158112426904f,0f,0f,0f,1f],start_interpolation:0}
execute if entity @s[tag=aj.dino.bone.neck_2] run data modify entity @s {} merge value {transformation:[-0.7201607525472331f,0.263587991427268f,-0.6417864607998064f,0.3952669224780459f,0.38532423465698457f,0.9211978572936135f,-0.054034636148161175f,0.8066032227548062f,0.5769694313190363f,-0.2862095010529759f,-0.7649773832149513f,0.15559165512801834f,0f,0f,0f,1f],start_interpolation:0}
execute if entity @s[tag=aj.dino.bone.body_0] run data modify entity @s {} merge value {transformation:[-0.7499571841160411f,0.12140246054241441f,-0.6502504629502281f,0.08996282791858162f,0.5907230013393573f,0.5652811839960198f,-0.5757634225171651f,0.5406330907143428f,0.29767525540655937f,-0.8159158201642529f,-0.4956519108450346f,-0.08577984984042047f,0f,0f,0f,1f],start_interpolation:0}
execute if entity @s[tag=aj.dino.bone.leg_left_3] run data modify entity @s {} merge value {transformation:[-0.9211588392657862f,0.05290796999156835f,-0.3855737796503804f,0.4056771507463588f,0.01448368521724419f,0.9946904502616175f,0.10188783549015093f,0.03185014947185419f,0.3889172350321295f,0.08827035102293168f,-0.9170342029745956f,-0.36703533165564084f,0f,0f,0f,1f],start_interpolation:0}
execute if entity @s[tag=aj.dino.bone.leg_left_2] run data modify entity @s {} merge value {transformation:[-1.0000883206306386f,-0.21481615676969718f,-0.07575994475697452f,0.35171097956645403f,-0.2159891546592344f,1.0026685209163173f,0.008168337270705877f,0.2654880832131888f,0.07234801661740474f,0.023917680800520133f,-1.0228665155030476f,-0.392959072729733f,0f,0f,0f,1f],start_interpolation:0}
execute if entity @s[tag=aj.dino.bone.leg_left_1] run data modify entity @s {} merge value {transformation:[-0.9848000256337129f,0.03990204657233723f,0.16904655036757452f,0.37319843158478183f,0.1736916224782745f,0.22825510054513526f,0.9579826873988875f,0.27323087453593187f,-0.0003602675428757869f,0.9727833447147772f,-0.2317162800772279f,-0.11638769993772091f,0f,0f,0f,1f],start_interpolation:0}
execute if entity @s[tag=aj.dino.bone.leg_left_0] run data modify entity @s {} merge value {transformation:[-0.9977790503702348f,-0.005736801823154156f,-0.06636306010962667f,0.260330961911296f,0.03519563566349547f,0.8004485528237157f,-0.5983672630689798f,0.6403162204957438f,0.056552929831393844f,-0.5993740096027362f,-0.7984688865198345f,-0.28014533070808545f,0f,0f,0f,1f],start_interpolation:0}
execute if entity @s[tag=aj.dino.bone.leg_right_3] run data modify entity @s {} merge value {transformation:[-0.8543522553882562f,0.040879483667239834f,0.5180840583612857f,-0.2760992013030195f,0.054915879490490954f,0.9984215039849024f,0.011779072981827177f,0.02380134808198789f,-0.5167847423181008f,0.0385145192833197f,-0.8552485965563398f,-0.2342941473139038f,0f,0f,0f,1f],start_interpolation:0}
execute if entity @s[tag=aj.dino.bone.leg_right_2] run data modify entity @s {} merge value {transformation:[-0.9978099200674214f,0.23693483787593067f,-0.017304494111274587f,-0.21985684034226488f,0.2350524271661344f,0.9737909815095643f,-0.22032630418232593f,0.24361688709019186f,-0.03446620662402155f,-0.21830072476297516f,-1.001608243611046f,-0.3160804402370371f,0f,0f,0f,1f],start_interpolation:0}
execute if entity @s[tag=aj.dino.bone.leg_right_1] run data modify entity @s {} merge value {transformation:[-0.9828766154112224f,0.10825338432198707f,-0.14911325782979917f,-0.20211397281346455f,-0.09836776883242916f,0.3760228356398969f,0.9213743045756491f,0.29494524726273447f,0.1558118767382955f,0.9202651964842348f,-0.358935408126759f,-0.043933465692731655f,0f,0f,0f,1f],start_interpolation:0}
execute if entity @s[tag=aj.dino.bone.leg_right_0] run data modify entity @s {} merge value {transformation:[-0.9908978447700808f,-0.10962397304884176f,-0.07812839280950017f,-0.12357850172262139f,-0.04922009264728285f,0.8352355508629458f,-0.5476850893117909f,0.6731939560238387f,0.12529502667624776f,-0.538854487879296f,-0.8330288093352715f,-0.20226025643122225f,0f,0f,0f,1f],start_interpolation:0}
execute if entity @s[tag=aj.dino.bone.tail_4] run data modify entity @s {} merge value {transformation:[-2.4529892751659457f,-0.30594263674807937f,1.2308143850883757f,0.7506327011085542f,1.2248835751285343f,0.12345929216861314f,2.471857472055693f,0.8471149453868279f,-0.3288847440991788f,2.7416816441368344f,0.026036875810277946f,-1.4931402883032776f,0f,0f,0f,1f],start_interpolation:0}
execute if entity @s[tag=aj.dino.bone.tail_3] run data modify entity @s {} merge value {transformation:[-1.49427851700252f,0.17835716310035793f,1.43918934196998f,0.5048540078341782f,1.3870443623876663f,0.7789671720567959f,1.3436009852894846f,0.6116670645662665f,-0.4233027007211079f,1.9228479901627882f,-0.6778022988553415f,-1.3970266431522762f,0f,0f,0f,1f],start_interpolation:0}
execute if entity @s[tag=aj.dino.bone.tail_2] run data modify entity @s {} merge value {transformation:[-1.312584123230955f,0.7261247005676953f,1.2524534776470841f,0.2712278415718179f,1.232388949143667f,1.4475479285822455f,0.4523232776329276f,0.5288368872448755f,-0.7596803752061577f,1.0936735292972493f,-1.4302229944466374f,-1.1314528113623208f,0f,0f,0f,1f],start_interpolation:0}
execute if entity @s[tag=aj.dino.bone.tail_1] run data modify entity @s {} merge value {transformation:[-0.8484069365686423f,0.1351831721110026f,1.244824256656424f,0.002513619595094602f,-0.29528386820424335f,1.4396502011266001f,-0.357590527803072f,0.5884702486253324f,-1.216827579059807f,-0.44360912792023066f,-0.7811516078619448f,-0.9567725144861697f,0f,0f,0f,1f],start_interpolation:0}
execute if entity @s[tag=aj.dino.bone.tail_0] run data modify entity @s {} merge value {transformation:[-1.278136804712736f,-0.010020820048888044f,0.010080088704617412f,-0.0006738368457573363f,-0.011825890762226695f,1.2526188751294702f,-0.25424755369735297f,0.6929952178801972f,-0.00788500668516101f,-0.25432509396234637f,-1.252634140455483f,-0.5968610222766426f,0f,0f,0f,1f],start_interpolation:0}
execute if entity @s[tag=aj.dino.bone.body_1] run data modify entity @s {} merge value {transformation:[-1.2074386364528975f,0.129631934259476f,-0.23214671196716255f,0.04456539112448924f,0.1034041926967355f,1.2234323049221039f,0.14534635620467118f,0.5767973782237894f,0.2449573579008278f,0.12252980025032952f,-1.2056479319922173f,-0.32481801810474514f,0f,0f,0f,1f],start_interpolation:0}