execute if entity @s[tag=aj.dino.bone.head_lower] run data modify entity @s {} merge value {transformation:[-0.9330551028498817f,-0.294521609813676f,0.20655555281463023f,0.12984766975085085f,-0.352679749578207f,0.8620824657973698f,-0.3639104510757833f,1.3364415672045946f,-0.07088842841571447f,-0.41239646399731367f,-0.908242251384102f,0.23562331811560192f,0f,0f,0f,1f],start_interpolation:0}
execute if entity @s[tag=aj.dino.bone.head_upper] run data modify entity @s {} merge value {transformation:[-0.9712166677834825f,-0.1484566290936826f,0.34375973598022885f,0.14991051251155915f,-0.36710420438606006f,0.5658155437563269f,-0.7928172652946688f,1.2943781124587848f,-0.07378773560107202f,-0.8609792926112567f,-0.5802947271456059f,0.17626336017253083f,0f,0f,0f,1f],start_interpolation:0}
execute if entity @s[tag=aj.dino.bone.neck_0] run data modify entity @s {} merge value {transformation:[-0.9852693407086595f,-0.03453469244712727f,0.16748636146595866f,0.1616194226475575f,-0.17096733423659594f,0.22072762001676105f,-0.9602340799960021f,1.228759997090059f,-0.003807477321735822f,-0.974723895664469f,-0.22338046095647163f,0.17764198745376936f,0f,0f,0f,1f],start_interpolation:0}
execute if entity @s[tag=aj.dino.bone.neck_1] run data modify entity @s {} merge value {transformation:[-0.9752242334017205f,-0.2047109163244917f,-0.08385186535559927f,0.15357299149356304f,-0.013538027257175175f,0.4335624758438492f,-0.90102180959072f,1.1544289920373771f,0.22080402261736673f,-0.877563114697592f,-0.425592015101612f,0.13754593430544215f,0f,0f,0f,1f],start_interpolation:0}
execute if entity @s[tag=aj.dino.bone.neck_2] run data modify entity @s {} merge value {transformation:[-0.9242268061390255f,-0.3659034675569183f,-0.10917629433113846f,0.14042590565089835f,-0.09981576658318948f,0.5074884227453108f,-0.8558576479303593f,1.084418071985259f,0.36856698652411396f,-0.7801090649449602f,-0.505557339216071f,0.08561756439609339f,0f,0f,0f,1f],start_interpolation:0}
execute if entity @s[tag=aj.dino.bone.body_0] run data modify entity @s {} merge value {transformation:[-0.98719995243591f,-0.1438827834709716f,-0.06880405897316548f,0.10662814730602627f,0.006232594052522841f,0.3962737152163721f,-0.9181112663506478f,0.6554906775510275f,0.15936564460985247f,-0.9067882262409781f,-0.3903046298326821f,-0.1069698353419159f,0f,0f,0f,1f],start_interpolation:0}
execute if entity @s[tag=aj.dino.bone.leg_left_3] run data modify entity @s {} merge value {transformation:[-0.9630061228113985f,-0.049880692808065175f,-0.2648228160728321f,0.46631551101499574f,-0.04845904637703539f,0.9987542433367417f,-0.01190303495253995f,0.06854558300053953f,0.26508664291507766f,0.0013703655864363631f,-0.9642236223232523f,-0.2716256525925188f,0f,0f,0f,1f],start_interpolation:0}
execute if entity @s[tag=aj.dino.bone.leg_left_2] run data modify entity @s {} merge value {transformation:[-0.977295447278504f,-0.2982768424140731f,-0.08936852638873051f,0.39250956943251586f,-0.2954710751327019f,0.981241976501237f,-0.043854609935169084f,0.295457971736818f,0.09824791086495546f,-0.016040833274203935f,-1.0208585794218688f,-0.3067614305280543f,0f,0f,0f,1f],start_interpolation:0}
execute if entity @s[tag=aj.dino.bone.leg_left_1] run data modify entity @s {} merge value {transformation:[-0.9945755274359921f,0.038266919032255854f,0.09672209227057162f,0.41758331166476736f,0.10007290975967593f,0.6056501846239948f,0.789413241969726f,0.4161336677330384f,-0.028371340427444776f,0.7948103527085566f,-0.6061943337492113f,-0.05812098831065471f,0f,0f,0f,1f],start_interpolation:0}
execute if entity @s[tag=aj.dino.bone.leg_left_0] run data modify entity @s {} merge value {transformation:[-0.9929916278741593f,-0.1175303017919406f,-0.012419948974240008f,0.2569874347667922f,-0.04972793249332071f,0.5108359407451512f,-0.8582387630333159f,0.6807883131102211f,0.10721361714710997f,-0.8516062880249957f,-0.5131003512905844f,-0.3382533883790887f,0f,0f,0f,1f],start_interpolation:0}
execute if entity @s[tag=aj.dino.bone.leg_right_3] run data modify entity @s {} merge value {transformation:[-0.894222559374245f,0.005800936856017315f,0.44758503486797635f,-0.2359780064665345f,0.014633261472505446f,0.9997604164403175f,0.016278125744685623f,0.017873583201543808f,-0.4473833724724832f,0.021105896111632272f,-0.8940932049761217f,-0.24540419326645205f,0f,0f,0f,1f],start_interpolation:0}
execute if entity @s[tag=aj.dino.bone.leg_right_2] run data modify entity @s {} merge value {transformation:[-1.0113148258273732f,0.17082582972627508f,0.011093171808543302f,-0.19424699302816956f,0.1630289819659679f,0.9813759771118211f,-0.24976977817112436f,0.238658974053156f,-0.05221181477007209f,-0.2445034293150961f,-0.9947633884257445f,-0.33305923174070895f,0f,0f,0f,1f],start_interpolation:0}
execute if entity @s[tag=aj.dino.bone.leg_right_1] run data modify entity @s {} merge value {transformation:[-0.9681651985437505f,0.09659958390682656f,-0.23092134747088344f,-0.17503831753512716f,-0.14469509920265625f,0.5368023667901554f,0.8312078845121844f,0.3375255595360618f,0.2042534616486926f,0.8381597338201807f,-0.5057358836458125f,-0.07446725444729027f,0f,0f,0f,1f],start_interpolation:0}
execute if entity @s[tag=aj.dino.bone.leg_right_0] run data modify entity @s {} merge value {transformation:[-0.9801978618749925f,-0.17876198435575852f,-0.08518394522963191f,-0.12431845780316136f,-0.0971369026106224f,0.8089273364881504f,-0.5798284111988659f,0.7136330326405174f,0.17255889929791457f,-0.5600720643197429f,-0.8102732311027646f,-0.2484728378870293f,0f,0f,0f,1f],start_interpolation:0}
execute if entity @s[tag=aj.dino.bone.tail_4] run data modify entity @s {} merge value {transformation:[-2.6269369340149527f,0.1436104410260525f,0.8391899174420692f,0.4869311220899595f,0.6548869634999759f,2.080153420535278f,1.694032509627004f,0.22695259511955718f,-0.5440466352675156f,1.8105245427399441f,-2.0128774106712037f,-1.7459197464760703f,0f,0f,0f,1f],start_interpolation:0}
execute if entity @s[tag=aj.dino.bone.tail_3] run data modify entity @s {} merge value {transformation:[-1.8181550021459876f,0.36445345623291725f,0.9473286612659042f,0.3227327256549031f,0.6425464335589933f,1.917715568978462f,0.49542567884868066f,0.1241803556387987f,-0.7857429572936606f,0.7249042700811869f,-1.7869155912705887f,-1.4500186534820914f,0f,0f,0f,1f],start_interpolation:0}
execute if entity @s[tag=aj.dino.bone.tail_2] run data modify entity @s {} merge value {transformation:[-1.6802262455718784f,0.5886469455290351f,0.8056726458143808f,0.17185757584327654f,0.4073663295944165f,1.8450794435259283f,-0.4985061640477476f,0.21759182970916696f,-0.9108602045357896f,-0.2606731585725011f,-1.7091392767108338f,-1.1330289538853051f,0f,0f,0f,1f],start_interpolation:0}
execute if entity @s[tag=aj.dino.bone.tail_1] run data modify entity @s {} merge value {transformation:[-1.1428265840952812f,-0.10974002998904216f,0.984662771969732f,-0.037597583872871224f,-0.6947246935623285f,1.1604780247350874f,-0.6769819822282412f,0.34974887461951204f,-0.7063718913149367f,-0.9637967264547824f,-0.9272490880206921f,-0.9210390283046865f,0f,0f,0f,1f],start_interpolation:0}
execute if entity @s[tag=aj.dino.bone.tail_0] run data modify entity @s {} merge value {transformation:[-1.2701626257795577f,-0.1285104176865652f,-0.0633063440962428f,-0.02219918405161187f,-0.07230524194201725f,1.0627149117977555f,-0.7065724908418262f,0.5818709825982308f,0.1236712280383505f,-0.6985397664934624f,-1.063288925253514f,-0.6271783001165839f,0f,0f,0f,1f],start_interpolation:0}
execute if entity @s[tag=aj.dino.bone.body_1] run data modify entity @s {} merge value {transformation:[-1.1992501113104739f,0.010728897923928588f,-0.3004807087441796f,0.046935704254394965f,0.10330035365357727f,1.1750712650471968f,-0.37032574046598027f,0.5888171412317029f,0.2823699745247578f,-0.3843136842033714f,-1.1406904859238414f,-0.33609748675681295f,0f,0f,0f,1f],start_interpolation:0}