execute if entity @s[tag=aj.dino.bone.head_lower] run data modify entity @s {} merge value {transformation:[0.09300584000732894f,0.16078090325219957f,0.9825982978175455f,-0.5095528838240976f,-0.47437003820005247f,0.8748261708465265f,-0.0982458022517238f,0.7712582206607448f,-0.8753987551868075f,-0.4569777587054001f,0.15763358609756117f,0.18419755992658007f,0f,0f,0f,1f],start_interpolation:0}
execute if entity @s[tag=aj.dino.bone.head_upper] run data modify entity @s {} merge value {transformation:[0.09680974011119536f,-0.2889775241044067f,0.9952847870662933f,-0.447399434110985f,-0.4937715751082521f,0.8660126956650411f,0.29947217758181116f,0.811195848963707f,-0.9112021995244667f,-0.49998594389538903f,-0.05653804093102551f,0.1687900609052956f,0f,0f,0f,1f],start_interpolation:0}
execute if entity @s[tag=aj.dino.bone.neck_0] run data modify entity @s {} merge value {transformation:[-0.06519062487113576f,0.27743361433264835f,0.9585305274571247f,-0.3899012559888525f,-0.3771948106409198f,0.8824539804246327f,-0.2810676915945384f,0.7788194833929656f,-0.9238367048642696f,-0.3798757192438668f,0.04711879321972645f,0.17830146034818123f,0f,0f,0f,1f],start_interpolation:0}
execute if entity @s[tag=aj.dino.bone.neck_1] run data modify entity @s {} merge value {transformation:[-0.12570602430703393f,0.01035525013969106f,0.9920134899523613f,-0.3058169878698446f,-0.5879936510381923f,0.8046052861890493f,-0.08290838181640428f,0.775502771258417f,-0.7990378350189031f,-0.5937197168960978f,-0.09505491032619795f,0.1675138693270785f,0f,0f,0f,1f],start_interpolation:0}
execute if entity @s[tag=aj.dino.bone.neck_2] run data modify entity @s {} merge value {transformation:[-0.5011482664811977f,0.004599503144151085f,0.8653492124996227f,-0.22996087472531318f,-0.42736422684156944f,0.8682157624266027f,-0.25211348137317197f,0.7619161143880249f,-0.752469423045879f,-0.49616553129456703f,-0.4331391611666878f,0.12470985961033698f,0f,0f,0f,1f],start_interpolation:0}
execute if entity @s[tag=aj.dino.bone.body_0] run data modify entity @s {} merge value {transformation:[-0.6915706047841323f,0.2007075333940751f,0.6938635201805724f,0.09896639048758521f,-0.3609247814002036f,0.7360745384270381f,-0.5726496101898946f,0.4990405306132564f,-0.625670361108567f,-0.6464601765911718f,-0.4366071910905571f,-0.08721981353092761f,0f,0f,0f,1f],start_interpolation:0}
execute if entity @s[tag=aj.dino.bone.leg_left_3] run data modify entity @s {} merge value {transformation:[-0.9951385000135764f,0.07022924417567303f,0.06904505089607837f,0.4031365235271613f,0.07117804651740783f,0.9973987533524636f,0.011375961713893351f,0.010252567537926943f,-0.0680665224959684f,0.01623514932065384f,-0.9975486797354007f,-0.171566931909269f,0f,0f,0f,1f],start_interpolation:0}
execute if entity @s[tag=aj.dino.bone.leg_left_2] run data modify entity @s {} merge value {transformation:[-0.7963794436389278f,-0.1158160303374412f,0.6359470326740447f,0.3945581010377506f,-0.3312008381103874f,0.9396897041294532f,-0.2436215595729793f,0.22125005801062525f,-0.5551107872173112f,-0.39450235306100606f,-0.7669955064046986f,-0.28808964106002766f,0f,0f,0f,1f],start_interpolation:0}
execute if entity @s[tag=aj.dino.bone.leg_left_1] run data modify entity @s {} merge value {transformation:[-0.721844203967538f,-0.6560473725301018f,0.22032428416954103f,0.21902133606006768f,0.03893153766813718f,0.2793635081106091f,0.9593958336947932f,0.24548628986498183f,-0.690959680859358f,0.7011118850315425f,-0.17611599613394321f,-0.0745180257492912f,0f,0f,0f,1f],start_interpolation:0}
execute if entity @s[tag=aj.dino.bone.leg_left_0] run data modify entity @s {} merge value {transformation:[-0.7471387176684909f,0.41917518739451615f,0.515825453844084f,0.25473770061414774f,-0.006656846576682002f,0.7713066749934379f,-0.636428864449297f,0.5993616161846855f,-0.6646348042002748f,-0.47893441657844904f,-0.5734826951725075f,-0.2931589946677817f,0f,0f,0f,1f],start_interpolation:0}
execute if entity @s[tag=aj.dino.bone.leg_right_3] run data modify entity @s {} merge value {transformation:[-0.2367240522190246f,0.05851197650580979f,0.9698134210797396f,-0.16415636404832482f,-0.0181144382863907f,0.9977455970285505f,-0.06461881100507352f,0.03093737487421383f,-0.9714080451728679f,-0.032864452156158325f,-0.23513046922485858f,-0.29344548683770005f,0f,0f,0f,1f],start_interpolation:0}
execute if entity @s[tag=aj.dino.bone.leg_right_2] run data modify entity @s {} merge value {transformation:[-0.8201306799497644f,0.3829319525529772f,0.48250490880383373f,-0.058711586086749035f,0.29005435125153856f,0.9488509704573053f,-0.26002405404687584f,0.24362726644441646f,-0.5434301616821435f,-0.07146436228560409f,-0.8669709936312315f,-0.336053947153757f,0f,0f,0f,1f],start_interpolation:0}
execute if entity @s[tag=aj.dino.bone.leg_right_1] run data modify entity @s {} merge value {transformation:[-0.86822768597727f,-0.441187928936238f,-0.22701078534622135f,-0.18382005550016822f,-0.31617346288416187f,0.13935370991705326f,0.9384108294879121f,0.22541873114826422f,-0.38238073522392946f,0.8865290490972682f,-0.26048266436809264f,-0.0890120361686654f,0f,0f,0f,1f],start_interpolation:0}
execute if entity @s[tag=aj.dino.bone.leg_right_0] run data modify entity @s {} merge value {transformation:[-0.8703554482168173f,-0.0036874042893922654f,0.49241019161762856f,-0.12415199371263003f,-0.266969238127958f,0.8437895719900522f,-0.46556050529895926f,0.6256594901762439f,-0.41377387502436747f,-0.5366614959641236f,-0.735381274643887f,-0.19174633316669f,0f,0f,0f,1f],start_interpolation:0}
execute if entity @s[tag=aj.dino.bone.tail_4] run data modify entity @s {} merge value {transformation:[0.5089559392041699f,-2.5609430655328724f,0.8989971071410039f,-0.9028794572721339f,2.447896065162668f,0.8282006051641304f,0.9734217705429108f,0.709384738211993f,-1.1723608820281952f,0.6175076552601276f,2.4227908679011505f,-0.20125747810498923f,0f,0f,0f,1f],start_interpolation:0}
execute if entity @s[tag=aj.dino.bone.tail_3] run data modify entity @s {} merge value {transformation:[0.4102799869291699f,-2.0262785244566057f,-0.24861858276445267f,-0.8408942069981525f,1.9766815008187006f,0.33091993299056055f,0.5649493502209706f,0.6103518942872286f,-0.5102412201018005f,-0.3473224227140074f,1.9887097721974272f,-0.5350703418586361f,0f,0f,0f,1f],start_interpolation:0}
execute if entity @s[tag=aj.dino.bone.tail_2] run data modify entity @s {} merge value {transformation:[0.4064284507709607f,-1.5540693690464986f,-1.1128603621290996f,-0.6340851601257323f,1.9068153522032445f,0.2505759011795091f,0.3464690539613464f,0.5474136642253431f,-0.13283449103568834f,-1.1579524985690348f,1.5685263415230857f,-0.827029724817189f,0f,0f,0f,1f],start_interpolation:0}
execute if entity @s[tag=aj.dino.bone.tail_1] run data modify entity @s {} merge value {transformation:[-0.02184362797998796f,-0.06529378814354872f,-1.5109321054059768f,-0.3081304106531487f,1.0575626777643323f,1.079528063778618f,-0.0619402301765465f,0.5465360296602016f,1.0810829239779005f,-1.0573609273773332f,0.03006377785873149f,-0.8216068056159246f,0f,0f,0f,1f],start_interpolation:0}
execute if entity @s[tag=aj.dino.bone.tail_0] run data modify entity @s {} merge value {transformation:[-0.8334404615595049f,-0.05217308522467045f,-0.9677244870300875f,-0.026597853017922196f,0.1834592405924076f,1.2447902534215158f,-0.2251125243341282f,0.6423581475867692f,0.951606757363967f,-0.2856762341339679f,-0.804157562405713f,-0.5935071519375026f,0f,0f,0f,1f],start_interpolation:0}
execute if entity @s[tag=aj.dino.bone.body_1] run data modify entity @s {} merge value {transformation:[-1.1916508948584354f,0.11155185896720982f,-0.31004664584591085f,0.037969839750962436f,0.08270978478471668f,1.2273793270407798f,0.12370801958660049f,0.5309250581395348f,0.3189542778208277f,0.0984924635194623f,-1.1904503342625898f,-0.3233782911436606f,0f,0f,0f,1f],start_interpolation:0}