execute if entity @s[tag=aj.dino.bone.head_lower] run data modify entity @s {} merge value {transformation:[-0.20847457068368813f,0.03398807475709131f,0.9774370384595409f,0.02978624079379215f,0.18164223498150997f,0.9833541647564675f,0.004548090481983458f,0.23405694367930394f,-0.9610122017171134f,0.17849200943016108f,-0.21117800718921836f,0.4720764044193902f,0f,0f,0f,1f],start_interpolation:0}
execute if entity @s[tag=aj.dino.bone.head_upper] run data modify entity @s {} merge value {transformation:[-0.21700109376024654f,-0.44568379212170567f,0.9152859800796578f,0.08280856982857898f,0.18907132670798918f,0.901922994494177f,0.4840029834650248f,0.28773396982272176f,-1.0003172003455927f,0.2671569052564062f,-0.10707300897089905f,0.47038348388891393f,0f,0f,0f,1f],start_interpolation:0}
execute if entity @s[tag=aj.dino.bone.neck_0] run data modify entity @s {} merge value {transformation:[-0.596960853041949f,0.21822332140998296f,0.7720209336075179f,0.1293796102353192f,0.2680591974852472f,0.9612452232297823f,-0.06443514151060542f,0.2678780438207553f,-0.7561626852595899f,0.1684820548625927f,-0.632322536851475f,0.4270058784647427f,0f,0f,0f,1f],start_interpolation:0}
execute if entity @s[tag=aj.dino.bone.neck_1] run data modify entity @s {} merge value {transformation:[-0.8125512206926032f,-0.014127095719324592f,0.5827185760875461f,0.1786784400471535f,0.16749614041299798f,0.9518839321542799f,0.25663597303039176f,0.2940036893735188f,-0.5583059705015786f,0.30613298560110064f,-0.7710882170214035f,0.3630949023482225f,0f,0f,0f,1f],start_interpolation:0}
execute if entity @s[tag=aj.dino.bone.neck_2] run data modify entity @s {} merge value {transformation:[-0.9718740310719378f,0.0218400637375291f,0.23448641611812526f,0.19943503662125242f,0.1229752881144137f,0.8962215310147637f,0.4262206539560587f,0.3401183842420657f,-0.20084308860689945f,0.44306881966743494f,-0.8737002202113419f,0.2908901309686138f,0f,0f,0f,1f],start_interpolation:0}
execute if entity @s[tag=aj.dino.bone.body_0] run data modify entity @s {} merge value {transformation:[-0.9957764406439238f,-0.022477008144432126f,-0.08901721385997968f,0.1572674359447601f,-0.04147811458303324f,0.9751185939612775f,0.21776889980348013f,0.4520412735917952f,0.0819075470830069f,0.2205414061255993f,-0.9719324266197669f,-0.16507704438057844f,0f,0f,0f,1f],start_interpolation:0}
execute if entity @s[tag=aj.dino.bone.leg_left_3] run data modify entity @s {} merge value {transformation:[-0.8900218129848405f,0.07056671347253218f,-0.4504237020416036f,0.40967131317523575f,0.07677668161499554f,0.9970381805660472f,0.0044952923970548175f,0.02253187761534764f,0.4494068463779422f,-0.030581128874371977f,-0.8928036071753973f,-0.3142130048487842f,0f,0f,0f,1f],start_interpolation:0}
execute if entity @s[tag=aj.dino.bone.leg_left_2] run data modify entity @s {} merge value {transformation:[-0.95306376052393f,-0.3784110606348763f,-0.023167586535224095f,0.3192696997519941f,-0.3412820904476028f,0.8836370591516377f,-0.3934136270317192f,0.21581869226949707f,0.16510058333147484f,-0.35784468192740615f,-0.9469694717891247f,-0.42663554545938787f,0f,0f,0f,1f],start_interpolation:0}
execute if entity @s[tag=aj.dino.bone.leg_left_1] run data modify entity @s {} merge value {transformation:[-0.9991794622987443f,-0.03664705098742699f,0.017245166694382343f,0.3282985057258021f,0.0001993455560699933f,0.42133190160159517f,0.9069064940522438f,0.282178513676207f,-0.040501387405141705f,0.9061657808297047f,-0.42097887746483187f,-0.1573248690551233f,0f,0f,0f,1f],start_interpolation:0}
execute if entity @s[tag=aj.dino.bone.leg_left_0] run data modify entity @s {} merge value {transformation:[-0.9992234144166837f,-0.0280299998629453f,0.027692728091460395f,0.1988533286324849f,-0.039323286143110536f,0.6648076575468718f,-0.7459788587044195f,0.5993586080710417f,0.0024994496136788724f,-0.746488511348115f,-0.6653936092095447f,-0.395962695921311f,0f,0f,0f,1f],start_interpolation:0}
execute if entity @s[tag=aj.dino.bone.leg_right_3] run data modify entity @s {} merge value {transformation:[-0.7453395457853171f,0.04052031915383096f,0.6654525266495042f,-0.18596344644605678f,0.022783107014102688f,0.9991163457227364f,-0.035319367837346044f,0.01431943342603434f,-0.6662956487350953f,-0.011163845453851268f,-0.7456041020751972f,-0.23859262348960866f,0f,0f,0f,1f],start_interpolation:0}
execute if entity @s[tag=aj.dino.bone.leg_right_2] run data modify entity @s {} merge value {transformation:[-1.0027997923466085f,0.2077217118796612f,-0.05750188156987765f,-0.13776516088189694f,0.21484260994893048f,0.9852505656860042f,-0.18757978373597575f,0.2378495520965835f,0.017246127699429722f,-0.19543595557083804f,-1.0067619171632303f,-0.3152886689014912f,0f,0f,0f,1f],start_interpolation:0}
execute if entity @s[tag=aj.dino.bone.leg_right_1] run data modify entity @s {} merge value {transformation:[-0.9791467494319115f,0.08433220211252407f,-0.1848234908332118f,-0.12455271156519221f,-0.17989913184183165f,0.06273254813053009f,0.9816827032028252f,0.19924445211619113f,0.0943819126712166f,0.9944610133594496f,-0.04625308063923633f,-0.04079192375080079f,0f,0f,0f,1f],start_interpolation:0}
execute if entity @s[tag=aj.dino.bone.leg_right_0] run data modify entity @s {} merge value {transformation:[-0.9891949098433865f,-0.14366864312943417f,-0.029201906124120103f,-0.06356521602943466f,-0.12539534890124898f,0.9323223475951633f,-0.33919175498319176f,0.6074972576280353f,0.0759568088710198f,-0.33186497428320283f,-0.9402639002057565f,-0.10338146556440891f,0f,0f,0f,1f],start_interpolation:0}
execute if entity @s[tag=aj.dino.bone.tail_4] run data modify entity @s {} merge value {transformation:[0.33416791254789263f,-2.0980561371118385f,1.7641296957283874f,-0.395410529546848f,2.6466045361937223f,-0.2158206075239062f,-0.7580021279434669f,0.30702842769764493f,0.7137769727458264f,1.7824823259980342f,1.9846764276028586f,0.41982814796978996f,0f,0f,0f,1f],start_interpolation:0}
execute if entity @s[tag=aj.dino.bone.tail_3] run data modify entity @s {} merge value {transformation:[0.5549649474011444f,-1.6917208079293813f,1.0798333858606386f,-0.5619555512736613f,1.810068566180509f,-0.06206600399654687f,-1.0274945853470876f,0.4818609037814837f,0.866955142395342f,1.2125073382091789f,1.4540152206588526f,0.1614155622097791f,0f,0f,0f,1f],start_interpolation:0}
execute if entity @s[tag=aj.dino.bone.tail_2] run data modify entity @s {} merge value {transformation:[0.6187465962152777f,-1.6671428671226494f,0.8102846322600824f,-0.7125248670254726f,1.7261979260735631f,0.20698569430310415f,-0.8922844374839051f,0.6490603131068999f,0.6754015433015493f,0.9982812519318952f,1.5381941270041153f,-0.1237944001765372f,0f,0f,0f,1f],start_interpolation:0}
execute if entity @s[tag=aj.dino.bone.tail_1] run data modify entity @s {} merge value {transformation:[1.094077610915806f,-0.7645388709141381f,-0.7114286655414568f,-0.5511329087509614f,0.6975011598004976f,1.301793265144997f,-0.3263168351465936f,0.702700604457915f,0.777266082734686f,-0.09203727334326907f,1.2942344559413548f,-0.4019167328773198f,0f,0f,0f,1f],start_interpolation:0}
execute if entity @s[tag=aj.dino.bone.tail_0] run data modify entity @s {} merge value {transformation:[0.2712588252034701f,0.03388547600103535f,-1.248641718368181f,-0.18543306061257944f,-0.06674912258374223f,1.2763129818854442f,0.02013562735587478f,0.7276162119539371f,1.2473166883224012f,0.06093162865784357f,0.272624526126262f,-0.4801135670552442f,0f,0f,0f,1f],start_interpolation:0}
execute if entity @s[tag=aj.dino.bone.body_1] run data modify entity @s {} merge value {transformation:[-0.8253359704846533f,0.34564319381334574f,-0.853203324800669f,-0.010356761029580667f,0.025596972345112344f,1.154080928204669f,0.442771500005662f,0.5469425f,0.9202010247153443f,0.277907518395977f,-0.7775616248170113f,-0.31806042472180757f,0f,0f,0f,1f],start_interpolation:0}