execute if entity @s[tag=aj.dino.bone.head_lower] run data modify entity @s {} merge value {transformation:[-0.8428227803690851f,-0.24965585781249539f,-0.47678266909655237f,0.7494188299431077f,-0.4608212793510865f,0.7923974869946796f,0.3996873416831519f,1.0057204672144016f,0.2780171026900205f,0.5565771961412214f,-0.7828973849409786f,-0.036960094622743564f,0f,0f,0f,1f],start_interpolation:0}
execute if entity @s[tag=aj.dino.bone.head_upper] run data modify entity @s {} merge value {transformation:[-0.8772938809100223f,-0.48582193150683994f,-0.2789344725348638f,0.7190084821018422f,-0.4796686776676796f,0.9191696188011087f,-0.09228821225417415f,1.0198491689448579f,0.2893878863495829f,0.050756332841281046f,-0.99857417776254f,-0.104569613356291f,0f,0f,0f,1f],start_interpolation:0}
execute if entity @s[tag=aj.dino.bone.neck_0] run data modify entity @s {} merge value {transformation:[-0.6392298599071842f,-0.76013070552554f,-0.11656112868485358f,0.7240163187131982f,-0.46644564687115686f,0.5037511138101695f,-0.7270923420377647f,0.9648079099497225f,0.6114030133373485f,-0.41040970487094797f,-0.6765724125544517f,-0.14185389469576795f,0f,0f,0f,1f],start_interpolation:0}
execute if entity @s[tag=aj.dino.bone.neck_1] run data modify entity @s {} merge value {transformation:[-0.4546761848378705f,-0.6396515159921328f,-0.6197705261064335f,0.6685668260860919f,-0.28574888618392513f,0.7638360588915165f,-0.5787072223341627f,0.9193027099295317f,0.8435740281599029f,-0.08602565446447968f,-0.5300777733390007f,-0.18715474880526742f,0f,0f,0f,1f],start_interpolation:0}
execute if entity @s[tag=aj.dino.bone.neck_2] run data modify entity @s {} merge value {transformation:[-0.18289009865809594f,-0.3855424517507078f,-0.9043827893712293f,0.58556140929958f,-0.042535889848297356f,0.9221400717000893f,-0.38451058014021916f,0.8946450269193862f,0.982212762026459f,-0.031854451227535885f,-0.18504967994932364f,-0.2036783636279774f,0f,0f,0f,1f],start_interpolation:0}
execute if entity @s[tag=aj.dino.bone.body_0] run data modify entity @s {} merge value {transformation:[0.0002627192577116799f,-0.6197341006920405f,-0.7848118089185582f,0.20977880482382946f,0.025837139681822042f,0.7845540453289521f,-0.6195219061268444f,0.6101405337432673f,0.999666130861526f,-0.020114531995658477f,0.016218273981592063f,-0.19622636797940413f,0f,0f,0f,1f],start_interpolation:0}
execute if entity @s[tag=aj.dino.bone.leg_left_3] run data modify entity @s {} merge value {transformation:[-0.4050227624221337f,0.013933426591930476f,-0.9142004274464933f,0.04706308982493161f,-0.0013931283906154918f,0.9998733091660416f,0.015856380754667568f,0.04474815557967926f,0.9143055403491938f,0.007695793705461251f,-0.40495203869842616f,-0.7254372829069523f,0f,0f,0f,1f],start_interpolation:0}
execute if entity @s[tag=aj.dino.bone.leg_left_2] run data modify entity @s {} merge value {transformation:[-0.580839897258833f,-0.08706384293142692f,-0.8408966051228026f,-0.00011993954089803416f,-0.3381177476417999f,0.9590169675818204f,0.13425738013420443f,0.2719182241647785f,0.7748313377649866f,0.353225908796164f,-0.5717779769046193f,-0.6595692804708666f,0f,0f,0f,1f],start_interpolation:0}
execute if entity @s[tag=aj.dino.bone.leg_left_1] run data modify entity @s {} merge value {transformation:[-0.701817495086473f,0.7015525964738719f,-0.12359675550481569f,0.21100221987713702f,0.04003987711783493f,0.21207890550848718f,0.9764319464656566f,0.27694972732717327f,0.7112306319548795f,0.6803282238883601f,-0.17693076597915913f,-0.47952622051475985f,0f,0f,0f,1f],start_interpolation:0}
execute if entity @s[tag=aj.dino.bone.leg_left_0] run data modify entity @s {} merge value {transformation:[-0.6880427399376191f,-0.26613437130804163f,-0.6751071651431404f,0.081464559384007f,-0.014889686480077796f,0.9353040202481424f,-0.35353173399878485f,0.6712288681765655f,0.725517391421914f,-0.23319280888598598f,-0.6474917981165517f,-0.4340154287233085f,0f,0f,0f,1f],start_interpolation:0}
execute if entity @s[tag=aj.dino.bone.leg_right_3] run data modify entity @s {} merge value {transformation:[-0.9421437914014944f,-0.05916589586957177f,-0.32994616695692786f,0.01265208139412842f,-0.055628822772189515f,0.9982479590230217f,-0.020160515453554184f,0.04140304914828691f,0.3305609027102234f,-0.0006395876200099293f,-0.9437844460082393f,0.1496295642739942f,0f,0f,0f,1f],start_interpolation:0}
execute if entity @s[tag=aj.dino.bone.leg_right_2] run data modify entity @s {} merge value {transformation:[-0.878827598606004f,-0.27993842555578313f,-0.4487301297288256f,-0.06510553602817973f,0.12252342902214879f,0.7388105329744896f,-0.7008631857982699f,0.19176881979294358f,0.5145019540971183f,-0.6541067755068702f,-0.5995784060212195f,-0.022169620873258855f,0f,0f,0f,1f],start_interpolation:0}
execute if entity @s[tag=aj.dino.bone.leg_right_1] run data modify entity @s {} merge value {transformation:[-0.6614610969073765f,0.47976685942671393f,-0.5764485908334918f,0.08263138738119816f,-0.1325289424768671f,0.6817500541792608f,0.7194810233998798f,0.3361810326769479f,0.7381770090459695f,0.5523048290775693f,-0.38736814413880716f,0.16312015189157103f,0f,0f,0f,1f],start_interpolation:0}
execute if entity @s[tag=aj.dino.bone.leg_right_0] run data modify entity @s {} merge value {transformation:[-0.6946970281939053f,-0.5558693833750656f,-0.45651425787677324f,-0.017681553342642212f,-0.09134011993841684f,0.6976967732211985f,-0.7105464060329651f,0.6785830088882555f,0.7134795172310078f,-0.451916409596899f,-0.5354610510848159f,-0.0536873184003438f,0f,0f,0f,1f],start_interpolation:0}
execute if entity @s[tag=aj.dino.bone.tail_4] run data modify entity @s {} merge value {transformation:[1.3766787823409798f,0.7610905646958079f,-2.2696162702499234f,-1.6851293621352792f,2.181542075557514f,0.6790192244682746f,1.550957251820538f,0.594646122671533f,0.9855409856644063f,-2.566190830147578f,-0.26274497224896703f,-0.12779641868451908f,0f,0f,0f,1f],start_interpolation:0}
execute if entity @s[tag=aj.dino.bone.tail_3] run data modify entity @s {} merge value {transformation:[0.3461071364932728f,-0.26502122583770893f,-2.0361530212556107f,-1.3372796132352653f,1.9508829108347567f,0.6865225012408429f,0.24225657792383443f,0.5468501977974426f,0.6404773566065991f,-1.9479209766286563f,0.36240605752212257f,-0.1701851576418567f,0f,0f,0f,1f],start_interpolation:0}
execute if entity @s[tag=aj.dino.bone.tail_2] run data modify entity @s {} merge value {transformation:[0.4610325505478793f,-0.5690123497156959f,-1.8117526895824159f,-1.0002732352723944f,1.8085744330562812f,0.700041200773607f,0.24036370840327392f,0.5036710275365774f,0.5790348715174627f,-1.7334766044262742f,0.6917740631711238f,-0.29876876638368033f,0f,0f,0f,1f],start_interpolation:0}
execute if entity @s[tag=aj.dino.bone.tail_1] run data modify entity @s {} merge value {transformation:[-0.2877934562879651f,-0.34799669473256906f,-1.443512894633448f,-0.6851165157826642f,0.8792943960230368f,1.1449071377252331f,-0.45131503532266415f,0.5859536276430781f,1.196525194736956f,-0.9250633472584576f,-0.015540653740045398f,-0.2852597738596834f,0f,0f,0f,1f],start_interpolation:0}
execute if entity @s[tag=aj.dino.bone.tail_0] run data modify entity @s {} merge value {transformation:[0.13703821048560633f,0.003463675202637666f,-1.2708439118967447f,-0.31366280291319526f,0.38918436100037046f,1.2166843143671213f,0.04528276614529066f,0.6020817107445832f,1.2097899729307f,-0.39179458739386175f,0.1293867816634977f,-0.3325243000049681f,0f,0f,0f,1f],start_interpolation:0}
execute if entity @s[tag=aj.dino.bone.body_1] run data modify entity @s {} merge value {transformation:[-0.3118257258550536f,-0.212218884287378f,-1.1774262001938973f,-0.02563325661514611f,0.02312960339439065f,1.2154646660760715f,-0.22520049294717917f,0.5725675f,1.196174875675809f,-0.07882503237331882f,-0.30258366798219316f,-0.25686841040940817f,0f,0f,0f,1f],start_interpolation:0}