execute if entity @s[tag=aj.dino.bone.head_lower] run data modify entity @s {} merge value {transformation:[-0.875831378895278f,-0.3921988406841746f,0.2812462712790805f,0.6681542005743087f,-0.28287483959045867f,0.889329484794332f,0.3592699439169951f,0.6793025599566243f,-0.3910258570338654f,0.23510239650296635f,-0.8898458531057463f,0.29202574751439286f,0f,0f,0f,1f],start_interpolation:0}
execute if entity @s[tag=aj.dino.bone.head_upper] run data modify entity @s {} merge value {transformation:[-0.9116525173623538f,-0.4026941567953658f,0.30033156053478727f,0.6795328732669237f,-0.29444430266519195f,0.932533542824233f,0.3565889604561548f,0.724733253720783f,-0.4070186516591101f,0.22735555892491757f,-0.9306541836853502f,0.23284775867007312f,0f,0f,0f,1f],start_interpolation:0}
execute if entity @s[tag=aj.dino.bone.neck_0] run data modify entity @s {} merge value {transformation:[-0.9556992857058855f,-0.29254046016593505f,0.03254158058797807f,0.6866943633967556f,-0.29155649528372f,0.9256615727620565f,-0.24113370309757742f,0.6942100826039618f,0.04041887379845016f,-0.23993901699719336f,-0.9699461751887503f,0.17401082011621516f,0f,0f,0f,1f],start_interpolation:0}
execute if entity @s[tag=aj.dino.bone.neck_1] run data modify entity @s {} merge value {transformation:[-0.8755228885401451f,-0.28687186650250096f,-0.3887984102998521f,0.6524364522352293f,-0.30069365804661063f,0.9533579413019748f,-0.026305128150396526f,0.6963736938606517f,0.37821025323603913f,0.09387847445411569f,-0.920947249510687f,0.096426987047011f,0f,0f,0f,1f],start_interpolation:0}
execute if entity @s[tag=aj.dino.bone.neck_2] run data modify entity @s {} merge value {transformation:[-0.6814146549099604f,-0.14054245058561946f,-0.718277027098409f,0.5881339991534406f,-0.20453831505245534f,0.9788553340360482f,0.0025125096376707456f,0.7061774140535307f,0.7027361850292344f,0.1486272337513067f,-0.6957526856850732f,0.0369289871463023f,0f,0f,0f,1f],start_interpolation:0}
execute if entity @s[tag=aj.dino.bone.body_0] run data modify entity @s {} merge value {transformation:[-0.4523853310439512f,-0.39061424662930827f,-0.8017281475578071f,0.206561440723047f,-0.20185508630119262f,0.9204948715533718f,-0.3345799091073459f,0.5572600218360331f,0.8686783273402144f,0.010473861473194623f,-0.49526584965576576f,-0.19638817392666486f,0f,0f,0f,1f],start_interpolation:0}
execute if entity @s[tag=aj.dino.bone.leg_left_3] run data modify entity @s {} merge value {transformation:[-0.5175976062880066f,0.11641220052092542f,-0.8476679288110418f,0.14281296496990906f,0.01343962913434437f,0.9916851677583748f,0.12798400062810897f,0.04594709709654174f,0.8555186113309617f,0.05485186977597391f,-0.5148584058247695f,-0.6901269960368057f,0f,0f,0f,1f],start_interpolation:0}
execute if entity @s[tag=aj.dino.bone.leg_left_2] run data modify entity @s {} merge value {transformation:[-0.7231542759220595f,-0.16263396503180197f,-0.708985392045824f,0.08187051376046872f,-0.2992635202771771f,0.9777261340428718f,0.08096389159116989f,0.27589151531927986f,0.6629867556351694f,0.2639393864664949f,-0.7367813526581257f,-0.6503444089564366f,0f,0f,0f,1f],start_interpolation:0}
execute if entity @s[tag=aj.dino.bone.leg_left_1] run data modify entity @s {} merge value {transformation:[-0.8086161317880752f,0.5872120434942166f,-0.036358869446623615f,0.2594301093408186f,0.0849618994046184f,0.1777009923400916f,0.9804100330835599f,0.27047798083711405f,0.5821695861702583f,0.7896862499098574f,-0.1935825396094832f,-0.4371387117494467f,0f,0f,0f,1f],start_interpolation:0}
execute if entity @s[tag=aj.dino.bone.leg_left_0] run data modify entity @s {} merge value {transformation:[-0.7979264204903598f,-0.21482770418695163f,-0.5631718077080965f,0.12814808250134319f,0.03105998365000131f,0.9184338858963238f,-0.3943532358850883f,0.6667993106614665f,0.6019540720844934f,-0.3321569730581342f,-0.7261701180506911f,-0.4384469623482109f,0f,0f,0f,1f],start_interpolation:0}
execute if entity @s[tag=aj.dino.bone.leg_right_3] run data modify entity @s {} merge value {transformation:[-0.9940470670101073f,-0.06161800827706307f,-0.0898534897740269f,-0.12606764709748575f,-0.06469596266784763f,0.9973997340996177f,0.03175220988359795f,0.041497790120357425f,0.08766333887711464f,0.03737634912587645f,-0.9954487166815459f,0.03960024690336694f,0f,0f,0f,1f],start_interpolation:0}
execute if entity @s[tag=aj.dino.bone.leg_right_2] run data modify entity @s {} merge value {transformation:[-0.9005147826033196f,-0.045285840073541125f,-0.48896269643238044f,-0.1503378090357877f,0.2438915411385614f,0.845206843393093f,-0.5274509527370628f,0.22183531312747215f,0.42620680657944465f,-0.5793416816275273f,-0.7312818700439898f,-0.11870455119562487f,0f,0f,0f,1f],start_interpolation:0}
execute if entity @s[tag=aj.dino.bone.leg_right_1] run data modify entity @s {} merge value {transformation:[-0.7739061398644924f,0.5233039406900359f,-0.356682312903682f,-0.0046682137474523926f,-0.08097614226415904f,0.4768216164594535f,0.8752622523912524f,0.3033395275273261f,0.6281020228148095f,0.706253588830013f,-0.32664004224937165f,0.1029952857537082f,0f,0f,0f,1f],start_interpolation:0}
execute if entity @s[tag=aj.dino.bone.leg_right_0] run data modify entity @s {} merge value {transformation:[-0.7945758809593675f,-0.338387457557849f,-0.5041260734827948f,-0.004101306839099674f,-0.030855872129756268f,0.8517270893150365f,-0.5230763619989418f,0.683924734833596f,0.6063803134607499f,-0.4000686114836689f,-0.6872030424501712f,-0.06864928060553879f,0f,0f,0f,1f],start_interpolation:0}
execute if entity @s[tag=aj.dino.bone.tail_4] run data modify entity @s {} merge value {transformation:[-0.3325500196443676f,-2.477462289976636f,1.1735639811183092f,-0.4136133271811841f,2.739569698800047f,-0.25758552254295075f,0.23252719323316648f,0.3688621548841404f,-0.09914474999287973f,1.192263239356141f,2.488843108399734f,0.690789938781001f,0f,0f,0f,1f],start_interpolation:0}
execute if entity @s[tag=aj.dino.bone.tail_3] run data modify entity @s {} merge value {transformation:[0.1587800856315001f,-1.814527256808126f,1.0090714765325977f,-0.5669579865173924f,2.0156020915815933f,-0.10806468683036122f,-0.5114838784522994f,0.45664841702751163f,0.49807892834690715f,1.01575508061987f,1.748171765981868f,0.38442464853629454f,0f,0f,0f,1f],start_interpolation:0}
execute if entity @s[tag=aj.dino.bone.tail_2] run data modify entity @s {} merge value {transformation:[0.49734270383721224f,-1.6660035672696618f,0.892107742252824f,-0.7328275401054758f,1.802630460939681f,0.14124393452498993f,-0.7411797671652065f,0.5957986723875873f,0.5674042044566286f,1.0115612387826254f,1.5727587875959486f,0.09271249315901803f,0f,0f,0f,1f],start_interpolation:0}
execute if entity @s[tag=aj.dino.bone.tail_1] run data modify entity @s {} merge value {transformation:[1.008858047673062f,-0.9846359209783797f,-0.5480454294712779f,-0.6038219559222788f,0.9018781823259707f,1.1465272926808883f,-0.3996838267709076f,0.6669294318289567f,0.6756311374483135f,-0.06019568304199431f,1.3518710352150485f,-0.1981047197250792f,0f,0f,0f,1f],start_interpolation:0}
execute if entity @s[tag=aj.dino.bone.tail_0] run data modify entity @s {} merge value {transformation:[0.5857514205964945f,-0.14635501999308936f,-1.1266371190299205f,-0.27812421159985234f,0.19528506781608784f,1.2616695355377514f,-0.0623653907872684f,0.7156003818830883f,1.1191937866791803f,-0.14354758027499157f,0.6005289973347999f,-0.3770573091584059f,0f,0f,0f,1f],start_interpolation:0}
execute if entity @s[tag=aj.dino.bone.body_1] run data modify entity @s {} merge value {transformation:[-0.4159392707474927f,0.1677977223067944f,-1.1521471444633045f,-0.021568506895825564f,0.053861393817557064f,1.224923567219895f,0.15895219338394725f,0.5961389285714286f,1.1630554880840054f,0.0032823641159457997f,-0.4193992760839442f,-0.2797739428334394f,0f,0f,0f,1f],start_interpolation:0}