execute if entity @s[tag=aj.dino.bone.head_lower] run data modify entity @s {} merge value {transformation:[-0.9108034652073335f,-0.38232146647364984f,0.15577979342569254f,0.024894669111014445f,-0.3805850621845679f,0.9237904845604482f,0.042025600263901286f,1.2187659395649029f,-0.1599751799757771f,-0.021010400020236797f,-0.986897413555587f,0.4067995808798994f,0f,0f,0f,1f],start_interpolation:0}
execute if entity @s[tag=aj.dino.bone.head_upper] run data modify entity @s {} merge value {transformation:[-0.9480549474328697f,-0.2666004518269881f,0.3370281268933078f,0.04184775422606368f,-0.3961508326508075f,0.8585576678722535f,-0.4352185557985053f,1.2079188278609376f,-0.1665180981804614f,-0.5246664393754478f,-0.8834414485153834f,0.3340645166772711f,0f,0f,0f,1f],start_interpolation:0}
execute if entity @s[tag=aj.dino.bone.neck_0] run data modify entity @s {} merge value {transformation:[-0.9684789898903784f,-0.11285091090201609f,0.22206557150872655f,0.058351652105770535f,-0.24591935300368828f,0.5750721300380917f,-0.7802664397958559f,1.1482103006243403f,-0.0396499427384141f,-0.8102818751286723f,-0.5846974986083f,0.3094220861090501f,0f,0f,0f,1f],start_interpolation:0}
execute if entity @s[tag=aj.dino.bone.neck_1] run data modify entity @s {} merge value {transformation:[-0.9708988725388935f,-0.2181482331918413f,0.09882675577991615f,0.06571859377971337f,-0.22711517746738186f,0.707751990066723f,-0.668958755619921f,1.0948012388889041f,0.07598733754162482f,-0.6719363577838836f,-0.7367003838885003f,0.24391836759288998f,0f,0f,0f,1f],start_interpolation:0}
execute if entity @s[tag=aj.dino.bone.neck_2] run data modify entity @s {} merge value {transformation:[-0.988568342712023f,-0.14554821492365805f,-0.03934906504786115f,0.06084631257179593f,-0.07730752160898008f,0.7133757732892327f,-0.6965045248859956f,1.0407666134053142f,0.1294456599901335f,-0.6855003451614928f,-0.7164726777018038f,0.1744385106642824f,0f,0f,0f,1f],start_interpolation:0}
execute if entity @s[tag=aj.dino.bone.body_0] run data modify entity @s {} merge value {transformation:[-0.9895025668900123f,-0.12102097329181344f,0.07898477158021605f,0.09691866317783719f,-0.13116449798848198f,0.5226424221453979f,-0.842401788365517f,0.6487246319293148f,0.060667491999473994f,-0.8439187298534698f,-0.5330296734863829f,-0.08481575638884081f,0f,0f,0f,1f],start_interpolation:0}
execute if entity @s[tag=aj.dino.bone.leg_left_3] run data modify entity @s {} merge value {transformation:[-0.968893300523806f,-0.024175363075924508f,-0.24629519690857438f,0.4372291246839286f,-0.022534667557716305f,0.9997011310317513f,-0.009478257851569319f,0.053231076793746085f,0.24645072724207856f,-0.0036332401496259464f,-0.969148512152738f,-0.24543576666418898f,0f,0f,0f,1f],start_interpolation:0}
execute if entity @s[tag=aj.dino.bone.leg_left_2] run data modify entity @s {} merge value {transformation:[-0.9882966696922918f,-0.26824028510617187f,-0.058129524529099495f,0.37137301902234815f,-0.2618541790833426f,0.986588113517669f,-0.10069003258977872f,0.27968532569544524f,0.08224524954310947f,-0.08217811881822061f,-1.0190901212433494f,-0.2959582227354618f,0f,0f,0f,1f],start_interpolation:0}
execute if entity @s[tag=aj.dino.bone.leg_left_1] run data modify entity @s {} merge value {transformation:[-0.9907954352874155f,0.024707590876135013f,0.13309372775122977f,0.39075881747362895f,0.12161884733142765f,0.5942079010653967f,0.7950634102291659f,0.3965237462708536f,-0.05944124315150072f,0.8039319033752507f,-0.5917433847100034f,-0.044987387864921624f,0f,0f,0f,1f],start_interpolation:0}
execute if entity @s[tag=aj.dino.bone.leg_left_0] run data modify entity @s {} merge value {transformation:[-0.9983260940290295f,-0.056375868263664364f,-0.012914002410537473f,0.2535941093492944f,-0.022379987570597386f,0.5824466797796797f,-0.8125607678013794f,0.6887565202310163f,0.05333053662847684f,-0.8109116022669459f,-0.5827334100356468f,-0.3097384544032223f,0f,0f,0f,1f],start_interpolation:0}
execute if entity @s[tag=aj.dino.bone.leg_right_3] run data modify entity @s {} merge value {transformation:[-0.8958340655849405f,0.0033249481401431127f,0.44437627260849727f,-0.23724275118180166f,0.005590921914423952f,0.9999771929209011f,0.003788829658467774f,0.02124112369812467f,-0.4443535400215723f,0.0058786357175308335f,-0.8958322237519688f,-0.237283279824188f,0f,0f,0f,1f],start_interpolation:0}
execute if entity @s[tag=aj.dino.bone.leg_right_2] run data modify entity @s {} merge value {transformation:[-1.01160024455992f,0.16785370579263076f,0.023500599113321793f,-0.195820647646388f,0.1558769290868063f,0.977204960797757f,-0.2698796899942911f,0.24044386589220432f,-0.06655469694522584f,-0.26259816744339437f,-0.9892799776962004f,-0.32896446229536325f,0f,0f,0f,1f],start_interpolation:0}
execute if entity @s[tag=aj.dino.bone.leg_right_1] run data modify entity @s {} merge value {transformation:[-0.9701309232391163f,0.07905212868111823f,-0.22933981932103165f,-0.1815020943384185f,-0.15438987292168765f,0.5280093195111554f,0.8350867773163405f,0.33652285580580077f,0.18710894931682098f,0.8455512518235369f,-0.5000333205149482f,-0.06900832678762903f,0f,0f,0f,1f],start_interpolation:0}
execute if entity @s[tag=aj.dino.bone.leg_right_0] run data modify entity @s {} merge value {transformation:[-0.9819081729976998f,-0.1741743173748216f,-0.07429432661606089f,-0.12966858297108372f,-0.10566802463118771f,0.8295808298941152f,-0.5482972872837633f,0.7191646926486525f,0.1571324548616922f,-0.5305270528815716f,-0.8329768530937293f,-0.22777164232781882f,0f,0f,0f,1f],start_interpolation:0}
execute if entity @s[tag=aj.dino.bone.tail_4] run data modify entity @s {} merge value {transformation:[-2.6599133486622435f,0.5437926141808475f,0.5047889677585758f,0.24256117906827634f,0.6719539452958437f,2.5621848208631683f,0.7806075651309861f,0.1072085182871856f,-0.31464297959712817f,0.8747341699629309f,-2.6002886876055715f,-1.8456071477885898f,0f,0f,0f,1f],start_interpolation:0}
execute if entity @s[tag=aj.dino.bone.tail_3] run data modify entity @s {} merge value {transformation:[-1.948683542295818f,0.5296813605648818f,0.5079523937339024f,0.15124787608168455f,0.5203254725016628f,2.013574531208146f,-0.10355933555339349f,0.10506394707959729f,-0.517532009344144f,0.030013156856201685f,-2.016731354386147f,-1.5039377389343873f,0f,0f,0f,1f],start_interpolation:0}
execute if entity @s[tag=aj.dino.bone.tail_2] run data modify entity @s {} merge value {transformation:[-1.8359433419351547f,0.542224282711288f,0.39252865811935306f,0.07704910058570379f,0.34210897819114416f,1.745005324888329f,-0.8103651881436945f,0.25637726543959993f,-0.5753671586454705f,-0.6926204720858192f,-1.7343596482283115f,-1.18211433181346f,0f,0f,0f,1f],start_interpolation:0}
execute if entity @s[tag=aj.dino.bone.tail_1] run data modify entity @s {} merge value {transformation:[-1.3817277753819208f,-0.0850104739628507f,0.6093093008109589f,-0.05170823375518897f,-0.4173154117453102f,1.2301735035054424f,-0.7747110741386034f,0.408447536301771f,-0.45203147219853024f,-0.8758439476240947f,-1.1472668292739368f,-0.9240971646091019f,0f,0f,0f,1f],start_interpolation:0}
execute if entity @s[tag=aj.dino.bone.tail_0] run data modify entity @s {} merge value {transformation:[-1.2700483270544418f,-0.08041232569902229f,-0.11977821757696695f,-0.018646747335516217f,-0.013732984622646414f,1.123811110043256f,-0.6088478551007033f,0.6134865944820669f,0.14361186811539994f,-0.6036705752337503f,-1.1174941541311907f,-0.6121070461164799f,0f,0f,0f,1f],start_interpolation:0}
execute if entity @s[tag=aj.dino.bone.body_1] run data modify entity @s {} merge value {transformation:[-1.2054044676008855f,0.03110517815496078f,-0.2731979729720266f,0.042772800000000034f,0.09563713770803592f,1.1991591525207528f,-0.2854390650786509f,0.5990753f,0.257794884423819f,-0.29942342906644476f,-1.1715340382367265f,-0.3195735f,0f,0f,0f,1f],start_interpolation:0}