execute if entity @s[tag=aj.dino.bone.head_lower] run data modify entity @s {} merge value {transformation:[-0.9837691299909856f,-0.04719627502642024f,-0.17312079742309894f,0.6155337018596045f,-0.07320071355703907f,0.9864167291697222f,0.14704996412392246f,0.7721335818459086f,0.16382904019592942f,0.15733578117433103f,-0.9738611284730198f,0.5047015609127159f,0f,0f,0f,1f],start_interpolation:0}
execute if entity @s[tag=aj.dino.bone.head_upper] run data modify entity @s {} merge value {transformation:[-1.0240048775038129f,-0.042983983451428245f,-0.18176449212801604f,0.6017202622487678f,-0.07619459224122466f,1.020976012366302f,0.18781455979051503f,0.8079831162957071f,0.17052957967784288f,0.19807145660785824f,-1.0075511416874314f,0.43974421908250133f,0f,0f,0f,1f],start_interpolation:0}
execute if entity @s[tag=aj.dino.bone.neck_0] run data modify entity @s {} merge value {transformation:[-0.9211726241303169f,-0.3073766960883788f,-0.2386641222610941f,0.5915747466211279f,-0.14932235146414632f,0.8455300710131289f,-0.512622409152927f,0.7611597015162522f,0.3593658747100008f,-0.43657584188125387f,-0.8247773653414541f,0.39338289257713344f,0f,0f,0f,1f],start_interpolation:0}
execute if entity @s[tag=aj.dino.bone.neck_1] run data modify entity @s {} merge value {transformation:[-0.8432805638808428f,-0.229075061435341f,-0.48621240914769215f,0.5493308538547984f,-0.09683173575433432f,0.9545753945072414f,-0.28179679052847106f,0.7416854242961857f,0.5286790193790659f,-0.19055296489359325f,-0.8271566127636594f,0.3224340173553648f,0f,0f,0f,1f],start_interpolation:0}
execute if entity @s[tag=aj.dino.bone.neck_2] run data modify entity @s {} merge value {transformation:[-0.723391450225154f,-0.06705958349783081f,-0.6871737931573397f,0.48847272053608326f,-0.012806173537032894f,0.9964040461564655f,-0.08375546980564022f,0.7441032353395888f,0.6903193548354907f,-0.05178792392171713f,-0.7216489446229312f,0.25870512129666523f,0f,0f,0f,1f],start_interpolation:0}
execute if entity @s[tag=aj.dino.bone.body_0] run data modify entity @s {} merge value {transformation:[-0.643825367262424f,-0.25781242797715775f,-0.7204315709697403f,0.1464800371144184f,-0.01083867949562654f,0.9445066617417935f,-0.32831340050653485f,0.5983679674425285f,0.765095693032052f,-0.2035679687620233f,-0.6108916946545498f,-0.031145082912588357f,0f,0f,0f,1f],start_interpolation:0}
execute if entity @s[tag=aj.dino.bone.leg_left_3] run data modify entity @s {} merge value {transformation:[-0.7947501723691198f,0.049814746134799956f,-0.604888960542991f,0.1933045124912488f,0.07069828529534852f,0.9974398585996676f,-0.010746205515093296f,0.017519709593465882f,0.6028050397728538f,-0.05130516098990957f,-0.7962373166840695f,-0.43786872188232123f,0f,0f,0f,1f],start_interpolation:0}
execute if entity @s[tag=aj.dino.bone.leg_left_2] run data modify entity @s {} merge value {transformation:[-0.8556209903059565f,-0.17620751106388763f,-0.5375182168942918f,0.13429168516179898f,-0.14168414991449585f,1.0103562416555707f,-0.10567907130236742f,0.2495465201853607f,0.5476317395034326f,-0.013906023622666528f,-0.867161057645086f,-0.4670597726197155f,0f,0f,0f,1f],start_interpolation:0}
execute if entity @s[tag=aj.dino.bone.leg_left_1] run data modify entity @s {} merge value {transformation:[-0.9045976963878988f,0.42258140218769596f,0.055928223776441f,0.26414325170623965f,0.21510645822002586f,0.3392663130491138f,0.9157661166815995f,0.28886179510567944f,0.3680111673872726f,0.8404304417113537f,-0.3977995139804915f,-0.22497246299019347f,0f,0f,0f,1f],start_interpolation:0}
execute if entity @s[tag=aj.dino.bone.leg_left_0] run data modify entity @s {} merge value {transformation:[-0.9045277320840028f,-0.033957498751720244f,-0.42506054882745503f,0.18023849200268982f,0.16284923070889445f,0.8937578516481823f,-0.4179438128202725f,0.6927388093867806f,0.39409352944255704f,-0.4472625525301136f,-0.8028988100350851f,-0.2893978244476654f,0f,0f,0f,1f],start_interpolation:0}
execute if entity @s[tag=aj.dino.bone.leg_right_3] run data modify entity @s {} merge value {transformation:[-0.9917499890857346f,0.054916824796362576f,-0.11582789604724439f,-0.1805072239945045f,0.05505293900516414f,0.9984813813723492f,0.0020260700034686607f,0.029748499129293032f,0.11576326297811082f,-0.004367311192358281f,-0.9932672316842079f,0.05975060357807435f,0f,0f,0f,1f],start_interpolation:0}
execute if entity @s[tag=aj.dino.bone.leg_right_2] run data modify entity @s {} merge value {transformation:[-0.9874549911084889f,-0.02009029091539225f,-0.27675118833812357f,-0.19221117673114f,0.13178803759301747f,0.8663063969105398f,-0.5331110009369099f,0.21500329152578368f,0.24418589882098002f,-0.5487912229468574f,-0.8314226602241349f,-0.09424534263638731f,0f,0f,0f,1f],start_interpolation:0}
execute if entity @s[tag=aj.dino.bone.leg_right_1] run data modify entity @s {} merge value {transformation:[-0.8615695961902634f,0.31891876664751573f,-0.39495398618139593f,-0.10178273268398139f,-0.17133516281637495f,0.5496805487345872f,0.8176157754871962f,0.31755879757517536f,0.4778515385590308f,0.7721023990526585f,-0.41894604959815107f,0.1472467904568643f,0f,0f,0f,1f],start_interpolation:0}
execute if entity @s[tag=aj.dino.bone.leg_right_0] run data modify entity @s {} merge value {transformation:[-0.8833953051443177f,-0.35268322261967244f,-0.3085891756552401f,-0.11241919928079423f,-0.1237278341039016f,0.8106581112045488f,-0.5722978680776565f,0.6968246729862195f,0.45200017468684156f,-0.46738417947217253f,-0.7597683007747749f,-0.02697014296661862f,0f,0f,0f,1f],start_interpolation:0}
execute if entity @s[tag=aj.dino.bone.tail_4] run data modify entity @s {} merge value {transformation:[-2.339895189461988f,0.9644579314877367f,1.1047048168280271f,-0.2506206977462144f,1.4464742237888721f,1.8602922428426625f,1.4396827507245458f,0.931564270710618f,-0.24137968814095898f,1.7985535858599857f,-2.081490373877131f,-1.661770277413045f,0f,0f,0f,1f],start_interpolation:0}
execute if entity @s[tag=aj.dino.bone.tail_3] run data modify entity @s {} merge value {transformation:[-1.5302561640568189f,1.1157949190089347f,0.8655999636809149f,-0.40831339334789285f,1.3296888306049384f,1.5683024869397357f,0.3290903360288092f,0.8604156399139905f,-0.4755935367254544f,0.7945907967104385f,-1.8650420316047807f,-1.3533037646042683f,0f,0f,0f,1f],start_interpolation:0}
execute if entity @s[tag=aj.dino.bone.tail_2] run data modify entity @s {} merge value {transformation:[-1.4727243409968718f,1.173045466458529f,0.5232792983285312f,-0.5063997410852659f,1.2434876362147071f,1.5015507617912602f,0.1336326432726015f,0.8368504124557488f,-0.3218623758988728f,0.4336859674787219f,-1.8780561673165035f,-1.004312027722827f,0f,0f,0f,1f],start_interpolation:0}
execute if entity @s[tag=aj.dino.bone.tail_1] run data modify entity @s {} merge value {transformation:[-1.3337753119984164f,0.6778715810434062f,-0.2217877064159356f,-0.4656855294980933f,0.6554972075201972f,1.3504102060008296f,0.18539670024577234f,0.7798214977088104f,0.28111043743829883f,0.06736946743525749f,-1.4846193205063507f,-0.6859306010402244f,0f,0f,0f,1f],start_interpolation:0}
execute if entity @s[tag=aj.dino.bone.tail_0] run data modify entity @s {} merge value {transformation:[-0.8537433506172207f,0.4444181074313784f,-0.8411007987441347f,-0.2091717265099894f,0.20763800295170465f,1.1899611487976351f,0.417988804475034f,0.6863913363277552f,0.9283557871802907f,0.14255078647047964f,-0.8669893438039122f,-0.4291361596641084f,0f,0f,0f,1f],start_interpolation:0}
execute if entity @s[tag=aj.dino.bone.body_1] run data modify entity @s {} merge value {transformation:[-0.9204415029678473f,0.005566148524419021f,-0.8254459719819007f,-0.017642020283729843f,0.012850502632942636f,1.2362861906731575f,-0.00599286151885354f,0.6045119444444444f,0.8253647068130677f,-0.013041004474638032f,-0.9204388236085662f,-0.21426862227250237f,0f,0f,0f,1f],start_interpolation:0}