execute if entity @s[tag=aj.dino.bone.head_lower] run data modify entity @s {} merge value {transformation:[-0.2719235204697007f,0.6145257049056319f,-0.7405509820570092f,0.35742930149031904f,0.05187199307598862f,0.7777897750044953f,0.6263803654591845f,0.2824717210966366f,0.9609198173363316f,0.13191369871508113f,-0.2433760069144406f,0.459975635289718f,0f,0f,0f,1f],start_interpolation:0}
execute if entity @s[tag=aj.dino.bone.head_upper] run data modify entity @s {} merge value {transformation:[-0.28304507915544463f,0.9658164939090241f,-0.2656236545239815f,0.36071719532568314f,0.053993535979466115f,0.2903340819624973f,0.9981296316145191f,0.35781628450706043f,1.0002210374821303f,0.2576364949454584f,-0.12904749216430542f,0.4571750977668727f,0f,0f,0f,1f],start_interpolation:0}
execute if entity @s[tag=aj.dino.bone.neck_0] run data modify entity @s {} merge value {transformation:[-0.21146229791484816f,0.6937243351452665f,-0.6884985427637667f,0.3050054706782879f,-0.0023922983605950132f,0.70405889727313f,0.7101375543365515f,0.39230768727660875f,0.9773832275362239f,0.1518144130107631f,-0.1472223166950971f,0.4448753771969372f,0f,0f,0f,1f],start_interpolation:0}
execute if entity @s[tag=aj.dino.bone.neck_1] run data modify entity @s {} merge value {transformation:[-0.7328030369768468f,0.6081362649600844f,-0.30523759964642005f,0.2819494475003788f,0.1977858817057893f,0.6195909188054406f,0.7595971552946297f,0.4595099139567989f,0.6510610217140739f,0.49626341450305195f,-0.5743188743462975f,0.3985092541222688f,0f,0f,0f,1f],start_interpolation:0}
execute if entity @s[tag=aj.dino.bone.neck_2] run data modify entity @s {} merge value {transformation:[-0.8949943236972829f,0.2812251812934373f,-0.346262267589347f,0.25436764618314617f,0.005604296226005242f,0.7832654364781682f,0.6216621653940959f,0.5216408402755813f,0.4460423213255155f,0.5544435529656181f,-0.7025941888184156f,0.34238508263611345f,0f,0f,0f,1f],start_interpolation:0}
execute if entity @s[tag=aj.dino.bone.body_0] run data modify entity @s {} merge value {transformation:[-0.9154823572471601f,0.15402402017723388f,-0.37171044480566634f,0.08064917878261701f,0.20274818388465232f,0.9745607590284399f,-0.09552225339357523f,0.48590546989033423f,0.3475416917445423f,-0.16281255532161604f,-0.9234212713214849f,-0.09437089281306743f,0f,0f,0f,1f],start_interpolation:0}
execute if entity @s[tag=aj.dino.bone.leg_left_3] run data modify entity @s {} merge value {transformation:[-0.9007035672104812f,0.09958482374264684f,-0.4228663463725387f,0.3990494623971529f,0.04464206850288341f,0.9894361852799214f,0.1379243306255307f,0.02466688862424732f,0.43213443479326846f,0.10535130819720646f,-0.8956343741321227f,-0.3881497947170517f,0f,0f,0f,1f],start_interpolation:0}
execute if entity @s[tag=aj.dino.bone.leg_left_2] run data modify entity @s {} merge value {transformation:[-1.0044032158991043f,-0.20546404062876567f,0.03195164159683036f,0.3505853323490266f,-0.20632414577216437f,1.0043644678922223f,-0.027286663549329373f,0.25761942089518863f,-0.025821043038924525f,-0.03314729468250183f,-1.0248398558273908f,-0.4275885811239631f,0f,0f,0f,1f],start_interpolation:0}
execute if entity @s[tag=aj.dino.bone.leg_left_1] run data modify entity @s {} merge value {transformation:[-0.9774233088953987f,-0.08452183862531142f,0.19364848056043849f,0.336818996961083f,0.1893907509426694f,0.05585502449745905f,0.9803118685886443f,0.21702958506695563f,-0.09367400218492594f,0.9948549014975923f,-0.03858634837443714f,-0.15340554208400115f,0f,0f,0f,1f],start_interpolation:0}
execute if entity @s[tag=aj.dino.bone.leg_left_0] run data modify entity @s {} merge value {transformation:[-0.9941385278992003f,0.10597064049508685f,0.021419866934039508f,0.26108872475461153f,0.08534538266947812f,0.8908427704954165f,-0.446223401350771f,0.6130523706304661f,-0.06636831324820033f,-0.44177978859281464f,-0.8946652253147414f,-0.2617483210335215f,0f,0f,0f,1f],start_interpolation:0}
execute if entity @s[tag=aj.dino.bone.leg_right_3] run data modify entity @s {} merge value {transformation:[-0.721797589005041f,0.05320931530344398f,0.6900558015635032f,-0.2835360806939298f,0.03540760078967989f,0.9985736362088371f,-0.03996241828243058f,0.027432743701142487f,-0.6911979038689491f,-0.004411556822706442f,-0.722652057254092f,-0.24092083223762606f,0f,0f,0f,1f],start_interpolation:0}
execute if entity @s[tag=aj.dino.bone.leg_right_2] run data modify entity @s {} merge value {transformation:[-0.9744623747213618f,0.3112570684930658f,0.0748619867903717f,-0.20715717947641824f,0.28554630084679666f,0.9535250720376445f,-0.247619560150264f,0.24160250967751934f,-0.14473627681341525f,-0.21440889396058765f,-0.992543417622364f,-0.3213487307333919f,0f,0f,0f,1f],start_interpolation:0}
execute if entity @s[tag=aj.dino.bone.leg_right_1] run data modify entity @s {} merge value {transformation:[-0.994601340067921f,0.0002680973182253264f,-0.10376946785506777f,-0.2213889096868595f,-0.09930091100155732f,0.2878441136143116f,0.9525151417861305f,0.2673052893237573f,0.030124797250052664f,0.9576772391476263f,-0.2862635188235204f,-0.045395454555268194f,0f,0f,0f,1f],start_interpolation:0}
execute if entity @s[tag=aj.dino.bone.leg_right_0] run data modify entity @s {} merge value {transformation:[-0.9987542425504665f,-0.04155063262454238f,0.02763164700021538f,-0.1238216534404693f,-0.049893996622996345f,0.8398018636051445f,-0.5405954300457142f,0.6468480969039498f,-0.0007430265329244068f,-0.5413006325636676f,-0.8408288013012786f,-0.18939255968988278f,0f,0f,0f,1f],start_interpolation:0}
execute if entity @s[tag=aj.dino.bone.tail_4] run data modify entity @s {} merge value {transformation:[-2.155354703782345f,0.43487744316639076f,1.6706253445666341f,0.7208416808527233f,1.6760602786424736f,-0.1128599551982212f,2.191744945122395f,0.9117306685919546f,0.413436058950154f,2.7246661394632774f,-0.17585899244009945f,-1.5571813850924219f,0f,0f,0f,1f],start_interpolation:0}
execute if entity @s[tag=aj.dino.bone.tail_3] run data modify entity @s {} merge value {transformation:[-1.2056531128600905f,0.7276378662999086f,1.5339130461084607f,0.45362620488704025f,1.6949046937888606f,0.40704079158035866f,1.1391055258432243f,0.7145972523611356f,0.09820476804976523f,1.9080897399128263f,-0.8279461902902511f,-1.4354644633257019f,0f,0f,0f,1f],start_interpolation:0}
execute if entity @s[tag=aj.dino.bone.tail_2] run data modify entity @s {} merge value {transformation:[-1.1071821808742655f,1.1593021844675047f,1.1175598142587964f,0.24533143529520152f,1.5774301245528335f,1.0533137887880735f,0.47012566352510776f,0.6286189802041696f,-0.32347441245099284f,1.1684701033576184f,-1.5325846785909418f,-1.1505214696467447f,0f,0f,0f,1f],start_interpolation:0}
execute if entity @s[tag=aj.dino.bone.tail_1] run data modify entity @s {} merge value {transformation:[-0.978238283393685f,0.31172193098827883f,1.1106464552880526f,0.003456812415974465f,0.022875744358024936f,1.4611863042530215f,-0.3899583754498212f,0.6946503239028283f,-1.1533355154607199f,-0.23541510572674856f,-0.949764795500771f,-0.9421631113905675f,0f,0f,0f,1f],start_interpolation:0}
execute if entity @s[tag=aj.dino.bone.tail_0] run data modify entity @s {} merge value {transformation:[-1.2772495381737745f,0.039596419974028275f,-0.030024279244446415f,0.013186136789181159f,0.040376070199744395f,1.2771437596554729f,-0.03330625635427649f,0.7352029400713891f,0.028967339783511962f,-0.03422947972657268f,-1.2774290401143786f,-0.5696946739761906f,0f,0f,0f,1f],start_interpolation:0}
execute if entity @s[tag=aj.dino.bone.body_1] run data modify entity @s {} merge value {transformation:[-1.210586625829084f,0.1696397189987771f,-0.18522144087016362f,0.044821088330509413f,0.10629137730374338f,1.1721024437505692f,0.37879097074912904f,0.5681899279835392f,0.22756704403510813f,0.3549687622146633f,-1.1622456768588831f,-0.3233984997441235f,0f,0f,0f,1f],start_interpolation:0}