execute if entity @s[tag=aj.dino.bone.head_lower] run data modify entity @s {} merge value {transformation:[-0.21898163233049117f,0.046356290732879724f,0.9746271794955044f,0.08524990405542271f,0.2034705269556919f,0.9790807009652571f,-0.0008518554771107523f,0.24867216179608678f,-0.9542781509404094f,0.19812136509440248f,-0.22383282898378395f,0.4615031436858188f,0f,0f,0f,1f],start_interpolation:0}
execute if entity @s[tag=aj.dino.bone.head_upper] run data modify entity @s {} merge value {transformation:[-0.22793788985046148f,-0.40357321037684113f,0.9320112256942809f,0.14036741434740407f,0.2117923867287935f,0.9153079374055693f,0.448137598544901f,0.30018433141317286f,-0.993307729697976f,0.28777071805866433f,-0.1183203724375506f,0.45949991320712935f,0f,0f,0f,1f],start_interpolation:0}
execute if entity @s[tag=aj.dino.bone.neck_0] run data modify entity @s {} merge value {transformation:[-0.6403287018392653f,0.17455288859346307f,0.7480043065949014f,0.1861083608631491f,0.2703196314982964f,0.9627470282891403f,0.006742132233554354f,0.28490575387415373f,-0.7189620646650743f,0.2065174292986129f,-0.6636596273455438f,0.41346658686061366f,0f,0f,0f,1f],start_interpolation:0}
execute if entity @s[tag=aj.dino.bone.neck_1] run data modify entity @s {} merge value {transformation:[-0.849785904587927f,-0.042636273844154624f,0.525400860787613f,0.23042028967409195f,0.1550643701542328f,0.9324026889948341f,0.3264663331246789f,0.31685719979829935f,-0.5038044833785718f,0.3588974417683817f,-0.7857312955583237f,0.3485582290556162f,0f,0f,0f,1f],start_interpolation:0}
execute if entity @s[tag=aj.dino.bone.neck_2] run data modify entity @s {} merge value {transformation:[-0.9852096236735859f,0.024605164577709025f,0.16957766155085083f,0.24551746459785176f,0.09958150385936464f,0.8875795910900173f,0.44976215222002075f,0.3649496964829306f,-0.13944719972110722f,0.45999679928949677f,-0.8769021742095069f,0.2762386779916005f,0f,0f,0f,1f],start_interpolation:0}
execute if entity @s[tag=aj.dino.bone.body_0] run data modify entity @s {} merge value {transformation:[-0.9863482088642624f,-0.03343429728002961f,-0.1612431661672883f,0.16920566157061803f,-0.06777010425591906f,0.9748241331679592f,0.2124267458736749f,0.47435204361148775f,0.15008139071651438f,0.2204542064890747f,-0.963781883520265f,-0.17588800764487056f,0f,0f,0f,1f],start_interpolation:0}
execute if entity @s[tag=aj.dino.bone.leg_left_3] run data modify entity @s {} merge value {transformation:[-0.8102086777546998f,0.09251718690542213f,-0.5787939776968036f,0.3707080892929759f,0.06390546548211554f,0.9955208851914139f,0.06967250985300738f,0.01587459298410085f,0.5826473976364224f,0.019461173520897324f,-0.8124920139624108f,-0.43682543375941113f,0f,0f,0f,1f],start_interpolation:0}
execute if entity @s[tag=aj.dino.bone.leg_left_2] run data modify entity @s {} merge value {transformation:[-0.9297482374938122f,-0.3705339122461171f,-0.22435470633225174f,0.2759612157726848f,-0.3118494497643471f,0.9412925446463338f,-0.2622603011810933f,0.22669970397664968f,0.300633223479239f,-0.16951449722519454f,-0.9658916604214294f,-0.5057229997478045f,0f,0f,0f,1f],start_interpolation:0}
execute if entity @s[tag=aj.dino.bone.leg_left_1] run data modify entity @s {} merge value {transformation:[-0.9900638898860817f,0.14061362747935421f,-0.0011409253866846783f,0.3339397957440187f,0.047520059479945066f,0.3422041425971948f,0.9384232353987941f,0.26894903463785175f,0.1323455246340545f,0.929044741956175f,-0.3454859324964195f,-0.23764304155817484f,0f,0f,0f,1f],start_interpolation:0}
execute if entity @s[tag=aj.dino.bone.leg_left_0] run data modify entity @s {} merge value {transformation:[-0.9854800123775551f,-0.10925633946443469f,-0.12996998688607306f,0.18703527091998545f,0.002913195319514117f,0.7544755058323891f,-0.6563217384728247f,0.6189480638106641f,0.16976648225537405f,-0.6471705829113314f,-0.74320224576951f,-0.41150223380513895f,0f,0f,0f,1f],start_interpolation:0}
execute if entity @s[tag=aj.dino.bone.leg_right_3] run data modify entity @s {} merge value {transformation:[-0.858605830084685f,0.00017450675906567625f,0.5126363214716446f,-0.2078732132111615f,-0.002923597843569381f,0.9999820125781788f,-0.005237088479691038f,0.028054203349579643f,-0.5126280143732265f,-0.005995337145321855f,-0.8585898757918569f,-0.18533497402740323f,0f,0f,0f,1f],start_interpolation:0}
execute if entity @s[tag=aj.dino.bone.leg_right_2] run data modify entity @s {} merge value {transformation:[-0.9835612922107947f,0.21163730076425136f,-0.1996973632538687f,-0.16318653305097952f,0.2584324769329799f,0.9588525484469409f,-0.25666445937017807f,0.24322833224027107f,0.1337237407179838f,-0.2964348878973643f,-0.9727828729507733f,-0.2847043200975537f,0f,0f,0f,1f],start_interpolation:0}
execute if entity @s[tag=aj.dino.bone.leg_right_1] run data modify entity @s {} merge value {transformation:[-0.9612458810570249f,0.22465222042584787f,-0.15980530657221603f,-0.1128238834524006f,-0.1284601599369711f,0.14790429332661012f,0.980623427888873f,0.22884235307782858f,0.24393512141524787f,0.9631488461672432f,-0.11331353258475374f,-0.012179031750372785f,0f,0f,0f,1f],start_interpolation:0}
execute if entity @s[tag=aj.dino.bone.leg_right_0] run data modify entity @s {} merge value {transformation:[-0.9713362762575488f,-0.1472581331672907f,-0.18660353866473997f,-0.042508785496761195f,-0.07381459916381722f,0.9330520198266538f,-0.3520871103117616f,0.6324338302281314f,0.22595849923471295f,-0.32822091723941965f,-0.917177074566362f,-0.09265875053453956f,0f,0f,0f,1f],start_interpolation:0}
execute if entity @s[tag=aj.dino.bone.tail_4] run data modify entity @s {} merge value {transformation:[0.4494231882521083f,-1.985879500966629f,1.8654658230859762f,-0.32157887043554734f,2.641516456688817f,-0.1458841043317097f,-0.7916880501469544f,0.3197288775181538f,0.6678854231853419f,1.9132855948195142f,1.8758807600038643f,0.46630468846841616f,0f,0f,0f,1f],start_interpolation:0}
execute if entity @s[tag=aj.dino.bone.tail_3] run data modify entity @s {} merge value {transformation:[0.6867025606935735f,-1.5926834180887492f,1.1522780258802425f,-0.5013769845914919f,1.7792961874012754f,-0.015341150367951703f,-1.0815799797745498f,0.5032749984435768f,0.8357572594244205f,1.3412940411762695f,1.35587079932745f,0.22327349073042707f,0f,0f,0f,1f],start_interpolation:0}
execute if entity @s[tag=aj.dino.bone.tail_2] run data modify entity @s {} merge value {transformation:[0.7212667691188026f,-1.5291896574635417f,0.9798607626975547f,-0.683361498220704f,1.7076763361531886f,0.21203643296578625f,-0.9260971639306229f,0.6767476259047193f,0.6183766277198082f,1.1980790531531949f,1.4145638210021485f,-0.038948492119995626f,0f,0f,0f,1f],start_interpolation:0}
execute if entity @s[tag=aj.dino.bone.tail_1] run data modify entity @s {} merge value {transformation:[1.1856577601689822f,-0.762753465274519f,-0.547794739809342f,-0.5572910529367645f,0.6912561890000968f,1.3060848528205955f,-0.3224336961325016f,0.7295058151079284f,0.6356388966387558f,0.0023996758773969953f,1.3724480626368158f,-0.3349206078618941f,0f,0f,0f,1f],start_interpolation:0}
execute if entity @s[tag=aj.dino.bone.tail_0] run data modify entity @s {} merge value {transformation:[0.4144442995454883f,0.052881232259040206f,-1.2080046417266128f,-0.2030079016501086f,-0.05863250889105032f,1.2763695764583185f,0.03575821271793998f,0.7498575057863466f,1.2077391556372667f,0.043817760673110585f,0.41627136866977016f,-0.45550737621442816f,0f,0f,0f,1f],start_interpolation:0}
execute if entity @s[tag=aj.dino.bone.body_1] run data modify entity @s {} merge value {transformation:[-0.7219419908595791f,0.38261777536221403f,-0.9279051648023237f,-0.01305497113004922f,0.04241425897788248f,1.1536168432577487f,0.4426892867956421f,0.5692341666666667f,1.0027987771857896f,0.22666365386878298f,-0.6867479854690424f,-0.31111549500523467f,0f,0f,0f,1f],start_interpolation:0}