execute if entity @s[tag=aj.dino.bone.head_lower] run data modify entity @s {} merge value {transformation:[0.08848487239346797f,0.1489457557229213f,0.9848784641820736f,-0.4931932218277545f,-0.47834460710368787f,0.873635741980658f,-0.08914610024405967f,0.7459845597801174f,-0.8737029610870789f,-0.4632232206895865f,0.14855094614857395f,0.22637140209509016f,0f,0f,0f,1f],start_interpolation:0}
execute if entity @s[tag=aj.dino.bone.head_upper] run data modify entity @s {} merge value {transformation:[0.09210386680566399f,-0.3148955671407055f,0.9878408789365246f,-0.4321363791730083f,-0.49790870222397576f,0.8564568399268844f,0.3194378627770954f,0.7870827113231118f,-0.90943704815264f,-0.5007937756413269f,-0.07484512215117042f,0.20968426943008467f,0f,0f,0f,1f],start_interpolation:0}
execute if entity @s[tag=aj.dino.bone.neck_0] run data modify entity @s {} merge value {transformation:[-0.0962423612162999f,0.253536803467201f,0.9625261020851047f,-0.3739819160645551f,-0.36151231994398847f,0.8920756659364604f,-0.27112699749884017f,0.755187884270076f,-0.9273867857783106f,-0.3740589466002046f,0.005801209539282898f,0.2164307264351634f,0f,0f,0f,1f],start_interpolation:0}
execute if entity @s[tag=aj.dino.bone.neck_1] run data modify entity @s {} merge value {transformation:[-0.1626206767950395f,-0.022962789705186365f,0.9864214240210311f,-0.2905248613706066f,-0.5650781170648483f,0.8217093771513595f,-0.07402986637817466f,0.7527020953327126f,-0.8088518016875332f,-0.5694439478916956f,-0.1466027050103471f,0.20138819607284017f,0f,0f,0f,1f],start_interpolation:0}
execute if entity @s[tag=aj.dino.bone.neck_2] run data modify entity @s {} merge value {transformation:[-0.5368142752750484f,-0.04182551865180187f,0.842663076116684f,-0.2171107538982645f,-0.4140291873950236f,0.8832996297742477f,-0.21991270091946435f,0.7420841488246691f,-0.7351260203842203f,-0.4669393858202423f,-0.49148483610776206f,0.15375880986923304f,0f,0f,0f,1f],start_interpolation:0}
execute if entity @s[tag=aj.dino.bone.body_0] run data modify entity @s {} merge value {transformation:[-0.7233191395974864f,0.13814935119704583f,0.6765531605541336f,0.10306225885338743f,-0.35665936476530374f,0.7642212874899417f,-0.5373638630131601f,0.49610673834100405f,-0.5912727964460754f,-0.6299845875186563f,-0.5035036242886305f,-0.08954195079625699f,0f,0f,0f,1f],start_interpolation:0}
execute if entity @s[tag=aj.dino.bone.leg_left_3] run data modify entity @s {} merge value {transformation:[-0.9965298557311029f,0.07294046387933328f,0.04009906938589031f,0.40333293937639547f,0.07361593536075f,0.9971641328449775f,0.015632857335919736f,0.01043585931059507f,-0.03884508588623098f,0.018530539565567133f,-0.99907340991836f,-0.18068582656740848f,0f,0f,0f,1f],start_interpolation:0}
execute if entity @s[tag=aj.dino.bone.leg_left_2] run data modify entity @s {} merge value {transformation:[-0.8189374532332617f,-0.1270163140379741f,0.6043761272260179f,0.3911330686236064f,-0.3291854649990778f,0.9390686728063355f,-0.24869490724134624f,0.22113492572250354f,-0.5225328476046788f,-0.39252908583014273f,-0.7905330729654462f,-0.29742544551822137f,0f,0f,0f,1f],start_interpolation:0}
execute if entity @s[tag=aj.dino.bone.leg_left_1] run data modify entity @s {} merge value {transformation:[-0.7481425940355189f,-0.6268806175442831f,0.2174933340061309f,0.22419389136977896f,0.04021477276517421f,0.2843383111045849f,0.9578802100939539f,0.24677748265095034f,-0.6623182249049546f,0.7253774301599751f,-0.18751574006802693f,-0.07722745272139298f,0f,0f,0f,1f],start_interpolation:0}
execute if entity @s[tag=aj.dino.bone.leg_left_0] run data modify entity @s {} merge value {transformation:[-0.7725886679975492f,0.4035150329673132f,0.49018605472938587f,0.2528895687941709f,-0.005183022989027425f,0.768025631738245f,-0.6403981302797229f,0.599859057560062f,-0.6348857270048427f,-0.49730498405149515f,-0.5912764721203392f,-0.29817368627451274f,0f,0f,0f,1f],start_interpolation:0}
execute if entity @s[tag=aj.dino.bone.leg_right_3] run data modify entity @s {} merge value {transformation:[-0.2655828417577908f,0.054578189781176484f,0.9625419343405595f,-0.16421581383784598f,-0.014490983469346963f,0.9980575252922029f,-0.06059032600749928f,0.029310155538554233f,-0.9639791312896495f,-0.03003993022318488f,-0.2642760621589455f,-0.2914827099878646f,0f,0f,0f,1f],start_interpolation:0}
execute if entity @s[tag=aj.dino.bone.leg_right_2] run data modify entity @s {} merge value {transformation:[-0.8377217080342191f,0.37349548442074465f,0.4591139972885144f,-0.06166625649459512f,0.28549280146000877f,0.9519866450014394f,-0.2535300525659909f,0.24293873871474828f,-0.5184384242158762f,-0.07927641740714164f,-0.8814754956550649f,-0.3363991747291025f,0f,0f,0f,1f],start_interpolation:0}
execute if entity @s[tag=aj.dino.bone.leg_right_1] run data modify entity @s {} merge value {transformation:[-0.8787852511199649f,-0.4175249535201687f,-0.23110472864483178f,-0.18033936806347411f,-0.3104472042825488f,0.13237781858060094f,0.9413281290288691f,0.2227943911302699f,-0.36243484347834126f,0.8989710931591864f,-0.24595112908260391f,-0.08635061242425388f,0f,0f,0f,1f],start_interpolation:0}
execute if entity @s[tag=aj.dino.bone.leg_right_0] run data modify entity @s {} merge value {transformation:[-0.8817052771245274f,-0.017239767909548037f,0.471485519070507f,-0.12296929711060053f,-0.2608474037959178f,0.8505193015022813f,-0.4567007222514555f,0.6242443988541445f,-0.39313411989255f,-0.5256612104526037f,-0.7544043051320781f,-0.18561714667329632f,0f,0f,0f,1f],start_interpolation:0}
execute if entity @s[tag=aj.dino.bone.tail_4] run data modify entity @s {} merge value {transformation:[0.412226930268331f,-2.552342810705851f,0.9701940353350499f,-0.8904211442268684f,2.505011834838129f,0.7439559392661613f,0.8928082657275943f,0.6938304793927598f,-1.0865753526021371f,0.7468179622028143f,2.426371419640607f,-0.14514084892596824f,0f,0f,0f,1f],start_interpolation:0}
execute if entity @s[tag=aj.dino.bone.tail_3] run data modify entity @s {} merge value {transformation:[0.3498962872174259f,-2.047113339402097f,-0.15114592246534553f,-0.8447597701015963f,2.000859446540403f,0.30590007701252786f,0.4888068576832847f,0.6079534273559404f,-0.45834440045225566f,-0.22737116037476993f,2.018456908642921f,-0.4851715450126936f,0f,0f,0f,1f],start_interpolation:0}
execute if entity @s[tag=aj.dino.bone.tail_2] run data modify entity @s {} merge value {transformation:[0.37423877607965184f,-1.6253570912900612f,-1.0182993367739626f,-0.6555701769220772f,1.9152003761320366f,0.2606519484967151f,0.2878227857751162f,0.555926008347103f,-0.10356994131931631f,-1.053113841206521f,1.6428628608977487f,-0.790903338375745f,0f,0f,0f,1f],start_interpolation:0}
execute if entity @s[tag=aj.dino.bone.tail_1] run data modify entity @s {} merge value {transformation:[0.03956898489255016f,-0.13027050594164682f,-1.506359897473469f,-0.32986371421865346f,1.041990573915023f,1.094252228801914f,-0.06726034221059117f,0.556028091979025f,1.0956031166927258f,-1.036000919422252f,0.11837295151103416f,-0.8047585442920575f,0f,0f,0f,1f],start_interpolation:0}
execute if entity @s[tag=aj.dino.bone.tail_0] run data modify entity @s {} merge value {transformation:[-0.7843129413027344f,-0.05980867876077866f,-1.0075275919963538f,-0.036884024675695994f,0.17448214811330934f,1.2487239729224417f,-0.2099526994886867f,0.647515084397507f,0.9941050782884303f,-0.26635892697206814f,-0.7580525917952327f,-0.5896656735726538f,0f,0f,0f,1f],start_interpolation:0}
execute if entity @s[tag=aj.dino.bone.body_1] run data modify entity @s {} merge value {transformation:[-1.1821185970542853f,0.11400838694038373f,-0.34380562133553055f,0.03536669241487395f,0.07669465337703224f,1.2257018704082816f,0.14274960622456068f,0.5317680813953489f,0.35400303345880435f,0.11515905366553683f,-1.1789931465946157f,-0.32332306154268203f,0f,0f,0f,1f],start_interpolation:0}