execute if entity @s[tag=aj.dino.bone.head_lower] run data modify entity @s {} merge value {transformation:[-0.8955775382995802f,0.40597113764834497f,-0.18201183557607595f,0.40983629002984634f,0.43581795900995784f,0.8827755983323053f,-0.17541365281367066f,1.1686552498727976f,0.08946272686241377f,-0.23642055406742607f,-0.9675235098522375f,0.32232895246737625f,0f,0f,0f,1f],start_interpolation:0}
execute if entity @s[tag=aj.dino.bone.head_upper] run data modify entity @s {} merge value {transformation:[-0.9322062864587255f,0.27432517433327647f,-0.3731073314709284f,0.38998576934297274f,0.4536427319426489f,0.7095589705386032f,-0.6117240241050819f,1.1425583900544982f,0.09312171511495031f,-0.7104531713200544f,-0.7550209136963258f,0.2543556692755155f,0f,0f,0f,1f],start_interpolation:0}
execute if entity @s[tag=aj.dino.bone.neck_0] run data modify entity @s {} merge value {transformation:[-0.8444272052886651f,0.11590616523398509f,-0.522980358932462f,0.3545603599011282f,0.5234497669376776f,0.3858974005470299f,-0.7596601462127232f,1.0870043625631634f,0.11376746662058448f,-0.9152316412317689f,-0.38653331865045837f,0.2441808646254715f,0f,0f,0f,1f],start_interpolation:0}
execute if entity @s[tag=aj.dino.bone.neck_1] run data modify entity @s {} merge value {transformation:[-0.841798657905047f,0.013959637945950669f,-0.5396111081674279f,0.30891252695061466f,0.39568526712048324f,0.6959232800846935f,-0.599269520015788f,1.0394444003663161f,0.3671623468345486f,-0.7179804431491009f,-0.5913509062497219f,0.19077803523144304f,0f,0f,0f,1f],start_interpolation:0}
execute if entity @s[tag=aj.dino.bone.neck_2] run data modify entity @s {} merge value {transformation:[-0.8583851253201492f,-0.30315981802595937f,-0.41384671239914306f,0.2696883270007463f,0.020254676677566356f,0.7860527002542783f,-0.6178275653413702f,0.993014019154099f,0.5126058180530133f,-0.5387163234555132f,-0.6685955415202646f,0.12692968182337477f,0f,0f,0f,1f],start_interpolation:0}
execute if entity @s[tag=aj.dino.bone.body_0] run data modify entity @s {} merge value {transformation:[-0.9316501450528226f,-0.03155855382396766f,-0.36198351468484646f,0.09878621929459264f,0.3022710209812356f,0.485537238646109f,-0.8202961780740374f,0.6110368556581254f,0.201643837242838f,-0.8736461798511175f,-0.44281160252813234f,-0.09008833782543119f,0f,0f,0f,1f],start_interpolation:0}
execute if entity @s[tag=aj.dino.bone.leg_left_3] run data modify entity @s {} merge value {transformation:[-0.9478422906242423f,-0.010293192824652119f,-0.3185734488083776f,0.4350154130724688f,-0.020003880122965167f,0.9994291553510813f,0.027225139379814512f,0.0484582875578973f,0.31811135925052325f,0.032177843552649944f,-0.9475071237199674f,-0.2983163016577908f,0f,0f,0f,1f],start_interpolation:0}
execute if entity @s[tag=aj.dino.bone.leg_left_2] run data modify entity @s {} merge value {transformation:[-0.9884054165671572f,-0.2549679401582004f,-0.10053994973583098f,0.37094223093934575f,-0.25389675484431556f,0.9935030662272089f,-0.023458362631564908f,0.27892355140390207f,0.10321516303782387f,0.002281751369643354f,-1.0204918535835827f,-0.32916207215785565f,0f,0f,0f,1f],start_interpolation:0}
execute if entity @s[tag=aj.dino.bone.leg_left_1] run data modify entity @s {} merge value {transformation:[-0.9906292343176369f,0.06416689162537761f,0.12056670408694699f,0.40170896466367345f,0.1365691910135853f,0.4757559223247191f,0.8689103281920698f,0.359367961938599f,-0.0016050486432651022f,0.8772336703479253f,-0.480060945533752f,-0.06535249960707223f,0f,0f,0f,1f],start_interpolation:0}
execute if entity @s[tag=aj.dino.bone.leg_left_0] run data modify entity @s {} merge value {transformation:[-0.9947071128898118f,-0.08480110594548976f,-0.058021823453225665f,0.2574764422558117f,-0.006674154471233623f,0.6168153350049382f,-0.787079600907583f,0.6648468662388191f,0.10253397109499648f,-0.7825264308208176f,-0.6141165767493357f,-0.3106826793075236f,0f,0f,0f,1f],start_interpolation:0}
execute if entity @s[tag=aj.dino.bone.leg_right_3] run data modify entity @s {} merge value {transformation:[-0.8849246936336681f,0.02039775792420457f,0.46528724253843906f,-0.24794873479506957f,0.03870458902445846f,0.9988054946936137f,0.029825132997093967f,0.021440236430237875f,-0.4641230886153008f,0.04440174818081047f,-0.8846571332288469f,-0.23888906625360384f,0f,0f,0f,1f],start_interpolation:0}
execute if entity @s[tag=aj.dino.bone.leg_right_2] run data modify entity @s {} merge value {transformation:[-1.0072947653620428f,0.1933214280773289f,0.0068029861872343465f,-0.20111285262971984f,0.18709347387871647f,0.9828033737778742f,-0.22617639139290663f,0.24325015957137594f,-0.04914760631928741f,-0.22087678338310104f,-1.0004299869836537f,-0.32121664488878277f,0f,0f,0f,1f],start_interpolation:0}
execute if entity @s[tag=aj.dino.bone.leg_right_1] run data modify entity @s {} merge value {transformation:[-0.9740085168532889f,0.09664901886419971f,-0.20485696534373515f,-0.18338947762640093f,-0.13756460183846717f,0.4661097941216491f,0.8739666127174988f,0.320786027915934f,0.1799538535799684f,0.8794319911036108f,-0.440699425465087f,-0.05534551678662733f,0f,0f,0f,1f],start_interpolation:0}
execute if entity @s[tag=aj.dino.bone.leg_right_0] run data modify entity @s {} merge value {transformation:[-0.9848987302907151f,-0.1588113619589641f,-0.06894521291921796f,-0.12561169303528946f,-0.08995209360438018f,0.8096454942267302f,-0.5799851675125346f,0.6963528158746357f,0.1479294153572109f,-0.5650248888244594f,-0.8117042337458766f,-0.2283154388961659f,0f,0f,0f,1f],start_interpolation:0}
execute if entity @s[tag=aj.dino.bone.tail_4] run data modify entity @s {} merge value {transformation:[-2.5529136638480447f,-0.2790447791639176f,1.0150995851438993f,0.6866068881051757f,0.8728550622427276f,0.9276048099630838f,2.4501703386602727f,0.5717714326860934f,-0.5885721679243768f,2.5859900733287264f,-0.769350034373228f,-1.5793925459892404f,0f,0f,0f,1f],start_interpolation:0}
execute if entity @s[tag=aj.dino.bone.tail_3] run data modify entity @s {} merge value {transformation:[-1.632700879809091f,0.14339560717972433f,1.2843952129140883f,0.4674176851084365f,1.051274856818532f,1.3510339430559475f,1.1855268812542032f,0.35752895595612155f,-0.7517010965378746f,1.578002062925363f,-1.1317245587648523f,-1.402935871734546f,0f,0f,0f,1f],start_interpolation:0}
execute if entity @s[tag=aj.dino.bone.tail_2] run data modify entity @s {} merge value {transformation:[-1.4506520283017286f,0.6111254707665772f,1.1579759180428535f,0.25122523280402603f,0.8281530142760548f,1.766894174603186f,0.1049830257783953f,0.33904565193818803f,-1.0141721514281212f,0.5686690687354398f,-1.5706190539191864f,-1.1115758281315726f,0f,0f,0f,1f],start_interpolation:0}
execute if entity @s[tag=aj.dino.bone.tail_1] run data modify entity @s {} merge value {transformation:[-0.880658177453301f,0.0028135822352359525f,1.229670487667179f,-0.01257917373709282f,-0.6485754926401186f,1.2839449272095433f,-0.4674307480681059f,0.4245562642414831f,-1.0447235303329099f,-0.7994584152086255f,-0.7463747299586548f,-0.9401936608216923f,0f,0f,0f,1f],start_interpolation:0}
execute if entity @s[tag=aj.dino.bone.tail_0] run data modify entity @s {} merge value {transformation:[-1.2748850255826394f,-0.09220557747617694f,-0.0014211303479232016f,-0.014388971253608003f,-0.08201847754609931f,1.1427674906580512f,-0.5667372832451992f,0.6177470858169136f,0.04215278721746713f,-0.5651692758469924f,-1.1457061354258398f,-0.6190302407490748f,0f,0f,0f,1f],start_interpolation:0}
execute if entity @s[tag=aj.dino.bone.body_1] run data modify entity @s {} merge value {transformation:[-1.204855466022705f,0.055359787511455996f,-0.2717778412198962f,0.04506669527955644f,0.09908977108389068f,1.2174523974916749f,-0.1912994306435986f,0.5802174651482226f,0.25905427677998827f,-0.2082055446540973f,-1.1908593233096585f,-0.32814800839963654f,0f,0f,0f,1f],start_interpolation:0}