execute if entity @s[tag=aj.dino.bone.head_lower] run data modify entity @s {} merge value {transformation:[-0.9176615474821946f,0.3941958743334393f,-0.050068921808633565f,-0.02448454073993583f,0.38422629686348847f,0.9123830525461134f,0.1411641534710798f,0.3387695369185292f,0.10132836261952596f,0.1103031191088063f,-0.9887192649299974f,0.7660854766567476f,0f,0f,0f,1f],start_interpolation:0}
execute if entity @s[tag=aj.dino.bone.head_upper] run data modify entity @s {} merge value {transformation:[-0.9551935224152384f,0.32924087282084824f,0.25035519763656305f,-0.00012921559911573566f,0.39994099231091484f,0.5745434960391543f,0.7703368850132871f,0.4048999077554103f,0.1054726504305135f,0.8031015884723299f,-0.6537394750111778f,0.739084575152198f,0f,0f,0f,1f],start_interpolation:0}
execute if entity @s[tag=aj.dino.bone.neck_0] run data modify entity @s {} merge value {transformation:[-0.9998878447374945f,0.01353398496240665f,-0.006413204912180878f,-0.00044049864582742376f,0.010162977342751726f,0.9276895502053439f,0.3732141641622642f,0.4139712106569069f,0.011000538065885038f,0.37310712897349485f,-0.9277230505228471f,0.6730364803967017f,0f,0f,0f,1f],start_interpolation:0}
execute if entity @s[tag=aj.dino.bone.neck_1] run data modify entity @s {} merge value {transformation:[-0.9980201654490228f,-0.003987149056528358f,0.06276824037286885f,0.004858426849599664f,0.025599680261490582f,0.8858283393400616f,0.46330638846506134f,0.4573002430870434f,-0.05744915776244823f,0.46399596535361154f,-0.8839724760465993f,0.6002899809496951f,0f,0f,0f,1f],start_interpolation:0}
execute if entity @s[tag=aj.dino.bone.neck_2] run data modify entity @s {} merge value {transformation:[-0.9968856978305025f,0.07454972962425956f,0.02571465095897639f,0.00784111158009071f,0.0778904554722293f,0.8798357543011175f,0.4688519194796075f,0.5069893295548076f,0.01232811450793891f,0.4693946988051031f,-0.8829023922984612f,0.5275367770893964f,0f,0f,0f,1f],start_interpolation:0}
execute if entity @s[tag=aj.dino.bone.body_0] run data modify entity @s {} merge value {transformation:[-0.9968032253698652f,0.07905871323407405f,0.011534719502709036f,0.014030514693465439f,0.07987512354292182f,0.9828257403178975f,0.16635362577226792f,0.5947538132638841f,0.0018150843607689024f,0.16674316786708f,-0.9859986924121219f,0.06442772795355364f,0f,0f,0f,1f],start_interpolation:0}
execute if entity @s[tag=aj.dino.bone.leg_left_3] run data modify entity @s {} merge value {transformation:[-0.9867282640932208f,0.026096442985843703f,-0.16026948712423528f,0.21130905822289414f,0.02611863667973608f,0.9996569120324821f,0.00196851306161816f,0.028112083557007478f,0.1602658717805221f,-0.00224363302891023f,-0.9870713330115815f,-0.1324705779396438f,0f,0f,0f,1f],start_interpolation:0}
execute if entity @s[tag=aj.dino.bone.leg_left_2] run data modify entity @s {} merge value {transformation:[-1.0154916642301375f,-0.05698470006997561f,-0.1326334171230416f,0.19235162898610902f,-0.015202770927864574f,0.9793785307825051f,-0.30438260249086235f,0.24697342605365286f,0.14355401469800383f,-0.2993871020951477f,-0.9704750421643251f,-0.23202659585575963f,0f,0f,0f,1f],start_interpolation:0}
execute if entity @s[tag=aj.dino.bone.leg_left_1] run data modify entity @s {} merge value {transformation:[-0.9455108519396104f,0.09191132876626151f,0.31234842165257076f,0.21958571536566704f,0.319704005193828f,0.44367962240152065f,0.8372202468458754f,0.31673718707672804f,-0.061632604418901706f,0.8914598702746321f,-0.448888317694367f,0.03518999765360992f,0f,0f,0f,1f],start_interpolation:0}
execute if entity @s[tag=aj.dino.bone.leg_left_0] run data modify entity @s {} merge value {transformation:[-0.9671432138725908f,0.23323665881175504f,-0.10116652038359764f,0.2069424131990065f,0.2523628770347755f,0.8325820258034768f,-0.49307215354723644f,0.713118755576733f,-0.030773075162009625f,-0.5024020613963558f,-0.8640863304958398f,-0.09530551042330243f,0f,0f,0f,1f],start_interpolation:0}
execute if entity @s[tag=aj.dino.bone.leg_right_3] run data modify entity @s {} merge value {transformation:[-0.9784127589319991f,-0.00542776741060997f,0.20658899414056395f,-0.19386472340140387f,-0.0021894614801951026f,0.9998711816614281f,0.015900513872400213f,0.032448259852539796f,-0.20664868598058023f,0.015104947001428448f,-0.9782986053136247f,-0.14367793919079624f,0f,0f,0f,1f],start_interpolation:0}
execute if entity @s[tag=aj.dino.bone.leg_right_2] run data modify entity @s {} merge value {transformation:[-1.0146490275500237f,0.06807542333136864f,0.13384800009989056f,-0.17228583386937227f,0.023157764244792038f,0.9742460321190858f,-0.3199540378805904f,0.24961965605883477f,-0.14836869059093302f,-0.31348461706942926f,-0.965285618878609f,-0.24635222157148035f,0f,0f,0f,1f],start_interpolation:0}
execute if entity @s[tag=aj.dino.bone.leg_right_1] run data modify entity @s {} merge value {transformation:[-0.9488270201336723f,-0.06905471870552968f,-0.3081537468354975f,-0.19359900694895069f,-0.3073845008149336f,0.4256717940667099f,0.8510689116603795f,0.31400212224810503f,0.07240203397011616f,0.9022388650244062f,-0.42511525015748564f,0.0227463335350699f,0f,0f,0f,1f],start_interpolation:0}
execute if entity @s[tag=aj.dino.bone.leg_right_0] run data modify entity @s {} merge value {transformation:[-0.9652084683968698f,-0.2513576978498125f,0.07205498085913961f,-0.1859257161173927f,-0.2571146093053072f,0.8621907057232605f,-0.43648512534358513f,0.7179549936415998f,0.047588761454232825f,-0.43982552756299664f,-0.8968215068157006f,-0.08247000010765956f,0f,0f,0f,1f],start_interpolation:0}
execute if entity @s[tag=aj.dino.bone.tail_4] run data modify entity @s {} merge value {transformation:[-2.755483447280758f,0.1815423609360143f,0.0038307372034503025f,0.012050158601619568f,0.18134452083029182f,2.7482722633761156f,0.1994368640005035f,0.5293366263596052f,0.009298823935092546f,0.19925679196278703f,-2.7542461027166985f,-1.843659234067219f,0f,0f,0f,1f],start_interpolation:0}
execute if entity @s[tag=aj.dino.bone.tail_3] run data modify entity @s {} merge value {transformation:[-2.0776738494855524f,0.13784346465118136f,0.014699675550378696f,0.008208730324419551f,0.1351469374204076f,2.0632758755864917f,-0.24611682708243443f,0.5508781709541506f,-0.030857843641646794f,-0.2446167748135826f,-2.0676450258712284f,-1.4906692785160194f,0f,0f,0f,1f],start_interpolation:0}
execute if entity @s[tag=aj.dino.bone.tail_2] run data modify entity @s {} merge value {transformation:[-1.95067221665041f,0.11624304062369714f,0.011803969565739654f,0.004599643716913945f,0.1085207925319679f,1.8756638229623768f,-0.5374777537918874f,0.6513206762425368f,-0.04330145239117275f,-0.5358606663485357f,-1.8787634777917352f,-1.1415707801027597f,0f,0f,0f,1f],start_interpolation:0}
execute if entity @s[tag=aj.dino.bone.tail_1] run data modify entity @s {} merge value {transformation:[-1.511092672586293f,0.010019526831380304f,0.06445769107011154f,-0.007949755131145746f,-0.003765824930225686f,1.4786598024406499f,-0.3181308806274144f,0.7017074015790368f,-0.06512298686799908f,-0.317995358029413f,-1.4772590154922516f,-0.8197317403682294f,0f,0f,0f,1f],start_interpolation:0}
execute if entity @s[tag=aj.dino.bone.tail_0] run data modify entity @s {} merge value {transformation:[-1.2779693838267658f,0.006619102494600441f,-0.02421070151049357f,-0.0007150947066318818f,0.008505132011735153f,1.27422420750522f,-0.10057856790184189f,0.7618480967416759f,0.023614260838044427f,-0.1007202714148867f,-1.2740225705203234f,-0.4498632937893441f,0f,0f,0f,1f],start_interpolation:0}
execute if entity @s[tag=aj.dino.bone.body_1] run data modify entity @s {} merge value {transformation:[-1.235614652156454f,0.02090449969452679f,-0.03773629983261608f,0.006650000000000018f,0.01521051510252067f,1.2231667606782113f,0.17954473219378492f,0.6377175f,0.04036913007300952f,0.17897114996765115f,-1.2226791303823972f,-0.17766249999999997f,0f,0f,0f,1f],start_interpolation:0}