execute if entity @s[tag=aj.dino.bone.head_lower] run data modify entity @s {} merge value {transformation:[-0.9905001634359227f,-0.0667674341737337f,-0.12021454141353609f,0.04333324268092535f,-0.08549515756137166f,0.9837193877235653f,0.15807195908930338f,0.2722913642113868f,0.10770331595158465f,0.16684806247190975f,-0.9800825066199288f,0.6863942028468741f,0f,0f,0f,1f],start_interpolation:0}
execute if entity @s[tag=aj.dino.bone.head_upper] run data modify entity @s {} merge value {transformation:[-1.0310112074120505f,0.036836384500627956f,-0.1383145456963036f,0.03430529820521323f,-0.08899187388264945f,0.6228386159149144f,0.8292312388541304f,0.3434144320493352f,0.11210833669762282f,0.8331789014885236f,-0.6137724183610539f,0.6628259629537697f,0f,0f,0f,1f],start_interpolation:0}
execute if entity @s[tag=aj.dino.bone.neck_0] run data modify entity @s {} merge value {transformation:[-0.9722177151771021f,-0.20670783575043447f,-0.1098389044700771f,0.030872312294870346f,-0.22978344448133317f,0.7533077316632271f,0.6162199526619516f,0.37110702143947527f,-0.044634996786259526f,0.6243391162307349f,-0.7798771602028844f,0.6022778716964445f,0f,0f,0f,1f],start_interpolation:0}
execute if entity @s[tag=aj.dino.bone.neck_1] run data modify entity @s {} merge value {transformation:[-0.971445014271714f,-0.23535508942511374f,0.030042738362641097f,0.03233307506753173f,-0.13912607446733163f,0.6676140851493755f,0.7313927595440587f,0.43614120234134857f,-0.1921939636147293f,0.7063281214788629f,-0.681294404173556f,0.5478172590385275f,0f,0f,0f,1f],start_interpolation:0}
execute if entity @s[tag=aj.dino.bone.neck_2] run data modify entity @s {} merge value {transformation:[-0.9987710371316583f,-0.03789273027713783f,-0.03194614811046467f,0.02916335938457459f,-0.049559234924128046f,0.7706574874639674f,0.6353195410574588f,0.4993451774977419f,0.0005455462278772041f,0.6361219835910946f,-0.7715883127493859f,0.4864483677249323f,0f,0f,0f,1f],start_interpolation:0}
execute if entity @s[tag=aj.dino.bone.body_0] run data modify entity @s {} merge value {transformation:[-0.9987394437557591f,-0.04792703675447462f,0.014917192576758456f,0.03573721137264638f,-0.043565155731787084f,0.9752761287844466f,0.21665306328157174f,0.6107436779951921f,-0.02493192115545846f,0.21573009009213068f,-0.97613468719042f,0.028454848927904536f,0f,0f,0f,1f],start_interpolation:0}
execute if entity @s[tag=aj.dino.bone.leg_left_3] run data modify entity @s {} merge value {transformation:[-0.9867553041702276f,0.032952670694695596f,-0.15883353293939065f,0.2647123947982731f,0.03518425625597725f,0.9993174351273434f,-0.01125752913481523f,0.024469590383257134f,0.15835415309879075f,-0.016696866310611597f,-0.9872411948717346f,-0.14884305428223588f,0f,0f,0f,1f],start_interpolation:0}
execute if entity @s[tag=aj.dino.bone.leg_left_2] run data modify entity @s {} merge value {transformation:[-1.0175556629355678f,-0.09190877815567823f,-0.09052871824113004f,0.23891223541237638f,-0.06578887230275014f,0.9888407962692427f,-0.26443884626778336f,0.24669253602773883f,0.11097070158192206f,-0.2565323676112516f,-0.9868834010453698f,-0.2389673366414739f,0f,0f,0f,1f],start_interpolation:0}
execute if entity @s[tag=aj.dino.bone.leg_left_1] run data modify entity @s {} merge value {transformation:[-0.9576272758593092f,0.07258713447577116f,0.27871330868631844f,0.2629217284994619f,0.27703268313316937f,0.4967807389264235f,0.8224729721442237f,0.3325141771970485f,-0.0787584472060977f,0.8648352475126765f,-0.4958397943422568f,0.023847380999058976f,0f,0f,0f,1f],start_interpolation:0}
execute if entity @s[tag=aj.dino.bone.leg_left_0] run data modify entity @s {} merge value {transformation:[-0.9821389287566026f,0.16708324679723963f,-0.0865234838672478f,0.22136877597814275f,0.18530756707301102f,0.7792013724398018f,-0.5987539785031999f,0.7087430293026888f,-0.03262254138344674f,-0.6040930473260073f,-0.7962457911763574f,-0.15231300485566784f,0f,0f,0f,1f],start_interpolation:0}
execute if entity @s[tag=aj.dino.bone.leg_right_3] run data modify entity @s {} merge value {transformation:[-0.9641276046886766f,0.002138945733266333f,0.2654305686774322f,-0.2116672143054021f,0.005846950068243081f,0.9998960396355688f,0.013180405760244762f,0.029578819217291746f,-0.26537478224611766f,0.014259552316091884f,-0.9640398799404362f,-0.16943584601205708f,0f,0f,0f,1f],start_interpolation:0}
execute if entity @s[tag=aj.dino.bone.leg_right_2] run data modify entity @s {} merge value {transformation:[-1.0165092422672157f,0.09997628361517816f,0.09367978757727283f,-0.1838907723481402f,0.06751882623083212f,0.9757973576306997f,-0.3087441083584421f,0.2473894433926403f,-0.11921563651818576f,-0.29981070537280047f,-0.973634106045039f,-0.26922599249233614f,0f,0f,0f,1f],start_interpolation:0}
execute if entity @s[tag=aj.dino.bone.leg_right_1] run data modify entity @s {} merge value {transformation:[-0.9596333066136983f,-0.020933466545041055f,-0.2804740751229377f,-0.1938141449428879f,-0.25876088377841516f,0.45648512374105243f,0.8512720698045542f,0.32110052331479605f,0.11021216749466997f,0.8894847507301763f,-0.4434750910193299f,-0.0018655821230725844f,0f,0f,0f,1f],start_interpolation:0}
execute if entity @s[tag=aj.dino.bone.leg_right_0] run data modify entity @s {} merge value {transformation:[-0.974372969192889f,-0.2236841467650698f,0.023721707194384503f,-0.17027507994790808f,-0.20857072516820138f,0.8589419742631491f,-0.4676718266602495f,0.7206721590893687f,0.08423520350212257f,-0.4606344400225698f,-0.8835838065266075f,-0.12059089057938904f,0f,0f,0f,1f],start_interpolation:0}
execute if entity @s[tag=aj.dino.bone.tail_4] run data modify entity @s {} merge value {transformation:[-2.735034162811344f,0.37775652294040474f,0.05049226902037565f,0.036591428520721975f,0.380391201933138f,2.72832228761255f,0.1929283805158844f,0.3750886141655122f,-0.023494538657165272f,0.19803746083151763f,-2.7542495352383543f,-1.8642447379171554f,0f,0f,0f,1f],start_interpolation:0}
execute if entity @s[tag=aj.dino.bone.tail_3] run data modify entity @s {} merge value {transformation:[-2.0604404199096793f,0.29359856550700913f,0.06580793553285452f,0.022559742072067977f,0.2807720589805271f,2.039877702417902f,-0.30985728346859975f,0.4076671541837148f,-0.10815661303269991f,-0.29773203985283697f,-2.05805813949626f,-1.5123605894528425f,0f,0f,0f,1f],start_interpolation:0}
execute if entity @s[tag=aj.dino.bone.tail_2] run data modify entity @s {} merge value {transformation:[-1.9374595775456447f,0.2503423236758655f,0.04850753916658973f,0.012169221372981636f,0.21809293810326727f,1.8194219071312514f,-0.6789059354602371f,0.5344684891947225f,-0.13213527435516392f,-0.6676874417197193f,-1.8318044722195757f,-1.172088723898006f,0f,0f,0f,1f],start_interpolation:0}
execute if entity @s[tag=aj.dino.bone.tail_1] run data modify entity @s {} merge value {transformation:[-1.5038093871386113f,0.006843061338591522f,0.16176139732739558f,-0.021286978678868074f,-0.04548287317693129f,1.4324404901918504f,-0.48342714063910625f,0.6210299641119658f,-0.15538624585646707f,-0.48551381501502855f,-1.4240041081500385f,-0.8595755709954918f,0f,0f,0f,1f],start_interpolation:0}
execute if entity @s[tag=aj.dino.bone.tail_0] run data modify entity @s {} merge value {transformation:[-1.276791013206285f,0.00451749521352074f,-0.060166580563402496f,-0.0035958902300907425f,0.015970863965536677f,1.2544676979701892f,-0.2447272825771489f,0.7228175042623548f,0.058183818058725814f,-0.24520624700524496f,-1.2531257942959035f,-0.49930035208582035f,0f,0f,0f,1f],start_interpolation:0}
execute if entity @s[tag=aj.dino.bone.body_1] run data modify entity @s {} merge value {transformation:[-1.2317641740278467f,0.04140529516896985f,-0.09822024317684062f,0.01645000000000002f,0.03751846090835918f,1.2347854789721247f,0.05001780749791431f,0.6280175f,0.09976963329999337f,0.04685101394634881f,-1.2314445167443127f,-0.21616249999999998f,0f,0f,0f,1f],start_interpolation:0}