execute if entity @s[tag=aj.dino.bone.head_lower] run data modify entity @s {} merge value {transformation:[-0.9108936402245363f,-0.40901599579508047f,-0.054577388928491524f,0.7502616269610607f,-0.402296034302423f,0.8508244167742235f,0.33801732589520644f,0.8109755992946112f,-0.09181871804287442f,0.32985409957216105f,-0.9395560632620079f,0.1503650674210664f,0f,0f,0f,1f],start_interpolation:0}
execute if entity @s[tag=aj.dino.bone.head_upper] run data modify entity @s {} merge value {transformation:[-0.9481488105707032f,-0.42940267884604294f,0.00995565149601904f,0.7410114871909573f,-0.41874977448204453f,0.9294982888004995f,0.21012734251326629f,0.8462028711741166f,-0.09557406535302881f,0.1873985408168716f,-1.0194210746865644f,0.08426717999674832f,0f,0f,0f,1f],start_interpolation:0}
execute if entity @s[tag=aj.dino.bone.neck_0] run data modify entity @s {} merge value {transformation:[-0.8663958877143232f,-0.48086163548686467f,-0.1346486289146963f,0.7403900945098899f,-0.387063928793285f,0.8170526779722517f,-0.4273247435446241f,0.8054340251173575f,0.31549909790491754f,-0.31811477321128867f,-0.8940152740786445f,0.031520129684592654f,0f,0f,0f,1f],start_interpolation:0}
execute if entity @s[tag=aj.dino.bone.neck_1] run data modify entity @s {} merge value {transformation:[-0.7128979324160656f,-0.4021504462702824f,-0.5745011370933146f,0.6898696510335004f,-0.325858604938513f,0.9153832276821519f,-0.23641005914666968f,0.7896240463326365f,0.6209611159681618f,0.018669896700796287f,-0.7836189937799853f,-0.034776674207501954f,0f,0f,0f,1f],start_interpolation:0}
execute if entity @s[tag=aj.dino.bone.neck_2] run data modify entity @s {} merge value {transformation:[-0.4607480981142531f,-0.2260792261440724f,-0.8582536767123086f,0.61246673512746f,-0.16563429291598414f,0.9719268788669853f,-0.167103031528762f,0.7845003390963876f,0.8719383413374598f,0.06516383691878368f,-0.48525993370945186f,-0.07665108915911982f,0f,0f,0f,1f],start_interpolation:0}
execute if entity @s[tag=aj.dino.bone.body_0] run data modify entity @s {} merge value {transformation:[-0.22140751674113976f,-0.4873174080153604f,-0.8446895615406365f,0.20972540490110753f,-0.12260979734402118f,0.8732244889186161f,-0.47164163254326874f,0.5705359611224281f,0.967442788554331f,-0.0008577866940347734f,-0.25308835428799875f,-0.1959388529442191f,0f,0f,0f,1f],start_interpolation:0}
execute if entity @s[tag=aj.dino.bone.leg_left_3] run data modify entity @s {} merge value {transformation:[-0.48722926852914783f,0.08817670498375796f,-0.8688109740252818f,0.1221791914964048f,0.0042467299707352815f,0.9951166926128583f,0.09861406272840384f,0.04717548916679734f,0.8732637660942466f,0.044358052047550736f,-0.4852244408986827f,-0.7024872869962834f,0f,0f,0f,1f],start_interpolation:0}
execute if entity @s[tag=aj.dino.bone.leg_left_2] run data modify entity @s {} merge value {transformation:[-0.6858172569362936f,-0.14892789485981506f,-0.7480223069679782f,0.06328311366162354f,-0.3139365787564422f,0.9719096931002382f,0.09432694459800518f,0.27615431817939046f,0.6950976291915923f,0.2920175167539078f,-0.6954331422227463f,-0.6548320674949879f,0f,0f,0f,1f],start_interpolation:0}
execute if entity @s[tag=aj.dino.bone.leg_left_1] run data modify entity @s {} merge value {transformation:[-0.782102663603456f,0.6199887269353606f,-0.0626849428288026f,0.25061531378117596f,0.06882662017874003f,0.18592302207925818f,0.9801507670841701f,0.27330954690561987f,0.6193370002988282f,0.7622641329184958f,-0.1880826194172725f,-0.4501080099576934f,0f,0f,0f,1f],start_interpolation:0}
execute if entity @s[tag=aj.dino.bone.leg_left_0] run data modify entity @s {} merge value {transformation:[-0.7702446154499936f,-0.23447920330655983f,-0.5930790297987383f,0.11727082369413398f,0.0146264161368251f,0.9232179524609092f,-0.38399828151292426f,0.6687554754074587f,0.6375808186585321f,-0.3044472293692415f,-0.7076740663667904f,-0.4378996866003081f,0f,0f,0f,1f],start_interpolation:0}
execute if entity @s[tag=aj.dino.bone.leg_right_3] run data modify entity @s {} merge value {transformation:[-0.9852549543285422f,-0.0647141055113376f,-0.15838168934232816f,-0.09127697898841447f,-0.0688057297997427f,0.9974197901528485f,0.02048252323744204f,0.038265969993061366f,0.1566475231779525f,0.031078075218954282f,-0.987165491051474f,0.0694484922036592f,0f,0f,0f,1f],start_interpolation:0}
execute if entity @s[tag=aj.dino.bone.leg_right_2] run data modify entity @s {} merge value {transformation:[-0.8966366103901104f,-0.10765424048945364f,-0.4863286470211956f,-0.13000973709595523f,0.21228447062556946f,0.8233635208854302f,-0.5736462459626698f,0.21213323928604544f,0.45059992447852176f,-0.6021173278360962f,-0.697478767476232f,-0.09315845163331016f,0f,0f,0f,1f],start_interpolation:0}
execute if entity @s[tag=aj.dino.bone.leg_right_1] run data modify entity @s {} merge value {transformation:[-0.7453042125820697f,0.521447746877757f,-0.415468263509419f,0.01884299997048806f,-0.0971403549049328f,0.5315707013263439f,0.841425184398686f,0.3099837399352783f,0.6596100227834362f,0.6674764690740264f,-0.34552826378764645f,0.11963611561474824f,0f,0f,0f,1f],start_interpolation:0}
execute if entity @s[tag=aj.dino.bone.leg_right_0] run data modify entity @s {} merge value {transformation:[-0.7693525639656573f,-0.3969501634837905f,-0.5005269223824642f,-0.006809565097904504f,-0.04898411111914972f,0.8178624699679758f,-0.573324983823092f,0.6834710212747767f,0.6369436310831094f,-0.4165711799057562f,-0.6486688391580022f,-0.06517858928585038f,0f,0f,0f,1f],start_interpolation:0}
execute if entity @s[tag=aj.dino.bone.tail_4] run data modify entity @s {} merge value {transformation:[-0.1993036103504412f,-2.7423422667011845f,0.2559263463684171f,-0.7148417534995652f,2.5559630754711673f,-0.08855457695236657f,1.041571973187048f,0.5127509267587558f,-1.0261540621803595f,0.31205498035601803f,2.5446592820072698f,0.7447883019138161f,0f,0f,0f,1f],start_interpolation:0}
execute if entity @s[tag=aj.dino.bone.tail_3] run data modify entity @s {} merge value {transformation:[0.08402084990314922f,-2.031516861470415f,0.44924966821066287f,-0.771137908238529f,2.0782387672639713f,0.1033490938120624f,0.07866458602063855f,0.498400967932203f,-0.09904367252442443f,0.44520077764314786f,2.031731317020845f,0.39592511228491784f,0f,0f,0f,1f],start_interpolation:0}
execute if entity @s[tag=aj.dino.bone.tail_2] run data modify entity @s {} merge value {transformation:[0.4364540930931786f,-1.8867194746826914f,0.2618612676171405f,-0.8199435625013995f,1.869663536137884f,0.3729692662450661f,-0.42898259064416183f,0.5796191570419267f,0.3641976952993673f,0.3463487047650988f,1.8884322832574498f,0.04522139425664978f,0f,0f,0f,1f],start_interpolation:0}
execute if entity @s[tag=aj.dino.bone.tail_1] run data modify entity @s {} merge value {transformation:[0.792519441699899f,-0.9741389182596487f,-0.8429843132939083f,-0.6273920523490266f,0.9555168597546418f,1.10832298784487f,-0.38244468271796955f,0.6474560082948119f,0.864035135426974f,-0.33215925780646505f,1.196147884753867f,-0.20894145619353438f,0f,0f,0f,1f],start_interpolation:0}
execute if entity @s[tag=aj.dino.bone.tail_0] run data modify entity @s {} merge value {transformation:[0.5018425169599142f,-0.1439310605134844f,-1.1667363260715033f,-0.28991789327661904f,0.2760161929479727f,1.2475628678066883f,-0.035180515693861346f,0.6878424869901941f,1.1427181918504112f,-0.23813117660953645f,0.5208880813809355f,-0.36690358962348035f,0f,0f,0f,1f],start_interpolation:0}
execute if entity @s[tag=aj.dino.bone.body_1] run data modify entity @s {} merge value {transformation:[-0.390246841105399f,0.07374655284711311f,-1.170843048408571f,-0.022680639096512484f,0.04628205428568845f,1.2339294999304298f,0.062294106533330326f,0.5902460714285714f,1.172249960338922f,-0.02416671679929397f,-0.39223793205245805f,-0.2740859649241194f,0f,0f,0f,1f],start_interpolation:0}