execute if entity @s[tag=aj.dino.bone.head_lower] run data modify entity @s {} merge value {transformation:[-0.2138607489373816f,0.039372294127693885f,0.9760703880966086f,0.057781179298364974f,0.1914818751426834f,0.981493304093503f,0.002363368667822663f,0.2414026338987338f,-0.9579134989944469f,0.18740521997730103f,-0.21744197379870153f,0.4674930340413802f,0f,0f,0f,1f],start_interpolation:0}
execute if entity @s[tag=aj.dino.bone.head_upper] run data modify entity @s {} merge value {transformation:[-0.22260756446027513f,-0.42546740587213916f,0.9235233085141943f,0.11182358125452352f,0.1993134040519045f,0.9087975033045347f,0.46672605191503247f,0.29404617860949356f,-0.9970917619726953f,0.27665235786340875f,-0.11288681800063965f,0.4656135439796627f,0f,0f,0f,1f],start_interpolation:0}
execute if entity @s[tag=aj.dino.bone.neck_0] run data modify entity @s {} merge value {transformation:[-0.6190216163396757f,0.19554603909992868f,0.7606405097656477f,0.15803396531329078f,0.26870758131923134f,0.9627900650047598f,-0.02883620068072107f,0.2764668616819889f,-0.7379759306683276f,0.18653964007807916f,-0.6485325654381253f,0.4208887826521781f,0f,0f,0f,1f],start_interpolation:0}
execute if entity @s[tag=aj.dino.bone.neck_1] run data modify entity @s {} merge value {transformation:[-0.8317029791864239f,-0.02948700993845681f,0.554437255834523f,0.20486623490254743f,0.1610145967340314f,0.9428662109650141f,0.2916806607559963f,0.3055197087323337f,-0.5313609451691048f,0.3318641656843454f,-0.7794367976196844f,0.3563891125141092f,0f,0f,0f,1f],start_interpolation:0}
execute if entity @s[tag=aj.dino.bone.neck_2] run data modify entity @s {} merge value {transformation:[-0.979130486661147f,0.022743274783407295f,0.20195601883289327f,0.22278176769712643f,0.11104464937165387f,0.8921381212165387f,0.43790256738017747f,0.35261784769712834f,-0.1702133247916625f,0.45118988920891256f,-0.8760451517695975f,0.28405841788949016f,0f,0f,0f,1f],start_interpolation:0}
execute if entity @s[tag=aj.dino.bone.body_0] run data modify entity @s {} merge value {transformation:[-0.9917144084735373f,-0.02812819850884518f,-0.12534487015681633f,0.16343924418443712f,-0.05482108907196395f,0.9750915004983741f,0.21492141319280672f,0.46319846918622126f,0.11617736534689505f,0.22001220444438152f,-0.9685543091002062f,-0.17032170464818958f,0f,0f,0f,1f],start_interpolation:0}
execute if entity @s[tag=aj.dino.bone.leg_left_3] run data modify entity @s {} merge value {transformation:[-0.8523151020074762f,0.07787118607067209f,-0.5171992316989003f,0.3950904714590052f,0.06916227628746599f,0.9969510022908316f,0.036128639194479784f,0.018030704620495025f,0.5184356724114598f,-0.004977691357989866f,-0.8551021436998179f,-0.37618550606755535f,0f,0f,0f,1f],start_interpolation:0}
execute if entity @s[tag=aj.dino.bone.leg_left_2] run data modify entity @s {} merge value {transformation:[-0.9435507642451649f,-0.38261801563875947f,-0.12400648733722731f,0.30060660748284845f,-0.32749725705214283f,0.9144347228192578f,-0.32957075693466287f,0.22049082609726195f,0.23349454258372418f,-0.26358071119075027f,-0.9633627077962339f,-0.46703577148138686f,0f,0f,0f,1f],start_interpolation:0}
execute if entity @s[tag=aj.dino.bone.leg_left_1] run data modify entity @s {} merge value {transformation:[-0.9986613111991974f,0.05159694306532587f,0.0036525306587897113f,0.334319132155926f,0.023158666039789364f,0.38286174672042145f,0.9235153269358594f,0.2750613891850648f,0.046252153475890956f,0.9223636150480476f,-0.3835441303609547f,-0.19703779929601464f,0f,0f,0f,1f],start_interpolation:0}
execute if entity @s[tag=aj.dino.bone.leg_left_0] run data modify entity @s {} merge value {transformation:[-0.9960610195137511f,-0.07436801268706816f,-0.048289171604023906f,0.19323325620836218f,-0.018972527602781647f,0.7107267366120682f,-0.7032123072452032f,0.6091556389797392f,0.08661690713474163f,-0.6995262000481013f,-0.7093381470389674f,-0.40387852649135075f,0f,0f,0f,1f],start_interpolation:0}
execute if entity @s[tag=aj.dino.bone.leg_right_3] run data modify entity @s {} merge value {transformation:[-0.8053819899284561f,0.018837347677563523f,0.592456753384882f,-0.19775783857567483f,0.008759602410379597f,0.9997639984346196f,-0.019880060352892942f,0.02080396724444697f,-0.5926914202723813f,-0.010821356961914996f,-0.8053569261942254f,-0.21290582606517724f,0f,0f,0f,1f],start_interpolation:0}
execute if entity @s[tag=aj.dino.bone.leg_right_2] run data modify entity @s {} merge value {transformation:[-0.9951273485962334f,0.21253077214614352f,-0.12889697617666995f,-0.15065689911990846f,0.23661535147389184f,0.9728954731178378f,-0.22259778375895933f,0.24033814096675f,0.07613760584239371f,-0.2456975147991486f,-0.9929239626974492f,-0.30098147614206044f,0f,0f,0f,1f],start_interpolation:0}
execute if entity @s[tag=aj.dino.bone.leg_right_1] run data modify entity @s {} merge value {transformation:[-0.9732770934415732f,0.15451456530391042f,-0.16987333072282704f,-0.11905409748452558f,-0.15465186496731065f,0.10578685100761856f,0.982289134021152f,0.21390020191395703f,0.1697483432733766f,0.9823107406838408f,-0.07906395318416878f,-0.026544445172839534f,0f,0f,0f,1f],start_interpolation:0}
execute if entity @s[tag=aj.dino.bone.leg_right_0] run data modify entity @s {} merge value {transformation:[-0.9833667658058737f,-0.14572970909511412f,-0.10840966652263817f,-0.05310550777714784f,-0.10007048645302427f,0.9328072854943641f,-0.34620292585374157f,0.6199694987249834f,0.1515773784228745f,-0.3295958434441939f,-0.9318749263365549f,-0.09771879636383807f,0f,0f,0f,1f],start_interpolation:0}
execute if entity @s[tag=aj.dino.bone.tail_4] run data modify entity @s {} merge value {transformation:[0.39167534575726987f,-2.0434007896490254f,1.815699580874454f,-0.35896589353466857f,2.6441844700898005f,-0.1819358569429516f,-0.7751446082469741f,0.3133462006099976f,0.6932101003749472f,1.8485329016331244f,1.9308151646177782f,0.44408289087346337f,0f,0f,0f,1f],start_interpolation:0}
execute if entity @s[tag=aj.dino.bone.tail_3] run data modify entity @s {} merge value {transformation:[0.6206206021356865f,-1.6437242197534798f,1.117562653118383f,-0.5323780890319326f,1.7949543491131819f,-0.03941132974823031f,-1.054765925564338f,0.49258119443321174f,0.8537648849940224f,1.2777178728215934f,1.4051576725292614f,0.19331660351254887f,0f,0f,0f,1f],start_interpolation:0}
execute if entity @s[tag=aj.dino.bone.tail_2] run data modify entity @s {} merge value {transformation:[0.6704466885864023f,-1.601265037450509f,0.897343519843391f,-0.6990775566425605f,1.7170952809468123f,0.20948461802898455f,-0.9091060806980749f,0.6629015742121178f,0.648736394012616f,1.1003819108158084f,1.4788761328913373f,-0.08086169559123335f,0f,0f,0f,1f],start_interpolation:0}
execute if entity @s[tag=aj.dino.bone.tail_1] run data modify entity @s {} merge value {transformation:[1.1420397882367306f,-0.765176586143977f,-0.630798037490015f,-0.5550744362334302f,0.6944833933626333f,1.3039013462390483f,-0.3243306115979814f,0.71609156639147f,0.7078800664150154f,-0.044747304869095575f,1.3358741483684855f,-0.36845620708827526f,0f,0f,0f,1f],start_interpolation:0}
execute if entity @s[tag=aj.dino.bone.tail_0] run data modify entity @s {} merge value {transformation:[0.34341680574571243f,0.04375490939046442f,-1.230441433803199f,-0.19445496725036643f,-0.06262366583618456f,1.276375737003676f,0.027910052841024827f,0.7387368204590629f,1.2296255082717982f,0.05278449087168643f,0.34506611470088944f,-0.4680187620945052f,0f,0f,0f,1f],start_interpolation:0}
execute if entity @s[tag=aj.dino.bone.body_1] run data modify entity @s {} merge value {transformation:[-0.7747632435958487f,0.3649661105980289f,-0.8917097339067447f,-0.01172800250949678f,0.03401081062706323f,1.1538832821581608f,0.4427202626632876f,0.5580883333333333f,0.9629069405656915f,0.2528986048342451f,-0.7331146667060772f,-0.3146143871151541f,0f,0f,0f,1f],start_interpolation:0}