execute if entity @s[tag=aj.dino.bone.head_lower] run data modify entity @s {} merge value {transformation:[0.06600691712070889f,0.07683256248269421f,0.9948566953257959f,-0.3920766442929274f,-0.4787907543332861f,0.8771915223865481f,-0.03597841878311303f,0.6368258909144974f,-0.875444173238467f,-0.47395336310180636f,0.09468742866560582f,0.37829872463036246f,0f,0f,0f,1f],start_interpolation:0}
execute if entity @s[tag=aj.dino.bone.head_upper] run data modify entity @s {} merge value {transformation:[0.06870657252806375f,-0.41364465672311584f,0.9527063804968294f,-0.33566652929119367f,-0.4983730966893699f,0.8245611714020127f,0.3939480596422526f,0.6823442261634863f,-0.9112494751555149f,-0.4821503034988814f,-0.14362249631670626f,0.3572883325957359f,0f,0f,0f,1f],start_interpolation:0}
execute if entity @s[tag=aj.dino.bone.neck_0] run data modify entity @s {} merge value {transformation:[-0.2326313327384163f,0.17186096948213297f,0.957259875998681f,-0.27648276762147306f,-0.2886802279897715f,0.9277028615566332f,-0.23670894919163485f,0.6520731045922151f,-0.9287337557104953f,-0.3314079175703193f,-0.1661998892165168f,0.3522210051210293f,0f,0f,0f,1f],start_interpolation:0}
execute if entity @s[tag=aj.dino.bone.neck_1] run data modify entity @s {} merge value {transformation:[-0.3295534388545963f,-0.1309980900243166f,0.9350048295859714f,-0.19787907844313382f,-0.46263982969811945f,0.8856892284289974f,-0.038974076278244674f,0.6528517483609155f,-0.823018176540473f,-0.4454145159902495f,-0.3524868650448788f,0.32030877226327176f,0f,0f,0f,1f],start_interpolation:0}
execute if entity @s[tag=aj.dino.bone.neck_2] run data modify entity @s {} merge value {transformation:[-0.6784270051127692f,-0.19415417074956878f,0.7085484857892693f,-0.13770580765234539f,-0.35334057578866207f,0.9318064581920633f,-0.08298892680893971f,0.654704263560238f,-0.6441174087346622f,-0.30666085901547646f,-0.7007652112604009f,0.2559140825449777f,0f,0f,0f,1f],start_interpolation:0}
execute if entity @s[tag=aj.dino.bone.body_0] run data modify entity @s {} merge value {transformation:[-0.8333358437577013f,-0.08773375515066817f,0.5457601668460267f,0.11867313869655724f,-0.33871854943917173f,0.8612925287776177f,-0.37874123638399887f,0.4844098270843636f,-0.4368307633105337f,-0.500477739843661f,-0.7474629864725861f,-0.10113009606253848f,0f,0f,0f,1f],start_interpolation:0}
execute if entity @s[tag=aj.dino.bone.leg_left_3] run data modify entity @s {} merge value {transformation:[-0.9939429735630699f,0.08090691725214307f,-0.07437362466195457f,0.4044030324439528f,0.07888379502602175f,0.9964397021622944f,0.029753434037252446f,0.011949172043771467f,0.07651609103250684f,0.02370634293752369f,-0.9967864852201962f,-0.21572141486937593f,0f,0f,0f,1f],start_interpolation:0}
execute if entity @s[tag=aj.dino.bone.leg_left_2] run data modify entity @s {} merge value {transformation:[-0.893617793084867f,-0.17535549164186845f,0.47197446004404175f,0.3767277075588728f,-0.3253582210357745f,0.9348891554018299f,-0.268675444760369f,0.22106244841543649f,-0.38425443053693276f,-0.38379020071359893f,-0.8701240221656025f,-0.3326692070829464f,0f,0f,0f,1f],start_interpolation:0}
execute if entity @s[tag=aj.dino.bone.leg_left_1] run data modify entity @s {} merge value {transformation:[-0.8410373383528189f,-0.5038703674167924f,0.19690314455506475f,0.24614865452193643f,0.04092755790756964f,0.30366956920008287f,0.9518979607844308f,0.2522597845749553f,-0.539426668324925f,0.8086404921725734f,-0.2347752625784254f,-0.08979223661375493f,0f,0f,0f,1f],start_interpolation:0}
execute if entity @s[tag=aj.dino.bone.leg_left_0] run data modify entity @s {} merge value {transformation:[-0.8614691887120602f,0.3305903788660107f,0.38546185064285216f,0.24440230933741292f,-0.0037173480966360417f,0.7549415175142484f,-0.6557815844139052f,0.6016268425832839f,-0.507796236912911f,-0.5663685253741693f,-0.6491299371024074f,-0.31836801753018235f,0f,0f,0f,1f],start_interpolation:0}
execute if entity @s[tag=aj.dino.bone.leg_right_3] run data modify entity @s {} merge value {transformation:[-0.37944895968925385f,0.041341695510362444f,0.9242885648990099f,-0.1651885542709179f,0.0002536515922759164f,0.9990058065545834f,-0.044579525918242824f,0.023315244116345918f,-0.925212636452622f,-0.01668120746690832f,-0.3790822004075543f,-0.28489043329495484f,0f,0f,0f,1f],start_interpolation:0}
execute if entity @s[tag=aj.dino.bone.leg_right_2] run data modify entity @s {} merge value {transformation:[-0.9001795185544244f,0.33471153868870773f,0.36014888552438484f,-0.07464104790645262f,0.2674393057536514f,0.9637896255059107f,-0.22726190839178226f,0.24053489602567726f,-0.4125715109091071f,-0.10554592903806236f,-0.9331168226703246f,-0.33769047099931293f,0f,0f,0f,1f],start_interpolation:0}
execute if entity @s[tag=aj.dino.bone.leg_right_1] run data modify entity @s {} merge value {transformation:[-0.9167985699272646f,-0.31850659744051274f,-0.2409023237044206f,-0.16665139775350907f,-0.2865540566290846f,0.10451913172593652f,0.9523458005014098f,0.21271372479685124f,-0.2781495188001189f,0.9421408060848031f,-0.1870923480560836f,-0.07735710085202621f,0f,0f,0f,1f],start_interpolation:0}
execute if entity @s[tag=aj.dino.bone.leg_right_0] run data modify entity @s {} merge value {transformation:[-0.9225141525177982f,-0.06529491445806118f,0.3804000690723952f,-0.1159893367220361f,-0.23544512469534326f,0.8761679928641364f,-0.42058916003342856f,0.6183408695912045f,-0.3058320317781686f,-0.47756279422327813f,-0.8236507426768289f,-0.1622526457438354f,0f,0f,0f,1f],start_interpolation:0}
execute if entity @s[tag=aj.dino.bone.tail_4] run data modify entity @s {} merge value {transformation:[0.10541240639755924f,-2.5146820549396707f,1.1361882408922688f,-0.8081374852209953f,2.6753564902602283f,0.37168995124275495f,0.5744349935089521f,0.6200410757745852f,-0.6760304772715112f,1.0788336638748126f,2.450461599595166f,0.05897274947410569f,0f,0f,0f,1f],start_interpolation:0}
execute if entity @s[tag=aj.dino.bone.tail_3] run data modify entity @s {} merge value {transformation:[0.17290389401998538f,-2.058528190548373f,0.2617469354067221f,-0.8323757784156581f,2.0668394782561696f,0.19425585767655476f,0.16243386015407688f,0.5905973496234053f,-0.1849982178263719f,0.2463166184414511f,2.059380807166338f,-0.292632534286121f,0f,0f,0f,1f],start_interpolation:0}
execute if entity @s[tag=aj.dino.bone.tail_2] run data modify entity @s {} merge value {transformation:[0.2822427386488194f,-1.8393767709974798f,-0.5964947659432361f,-0.7217176862863934f,1.9328731006757223f,0.2857642213370883f,0.033380555576616f,0.5858892290180271f,0.055807599545313606f,-0.5948157522470878f,1.8606057099005413f,-0.6386153434194897f,0f,0f,0f,1f],start_interpolation:0}
execute if entity @s[tag=aj.dino.bone.tail_1] run data modify entity @s {} merge value {transformation:[0.29157992751705947f,-0.37382875118067654f,-1.4362762480316393f,-0.40835595925283164f,0.9723722922330018f,1.153928991175644f,-0.10293813006800931f,0.5930057991185337f,1.1212178740845529f,-0.9035243207103262f,0.46278562069089796f,-0.7282281743053411f,0f,0f,0f,1f],start_interpolation:0}
execute if entity @s[tag=aj.dino.bone.tail_0] run data modify entity @s {} merge value {transformation:[-0.5676059091056858f,-0.07972501450186949f,-1.142498652338379f,-0.07641520551789935f,0.12865858213767786f,1.2626048593119688f,-0.15202517905976534f,0.6678999942220549f,1.138027336128029f,-0.1825064598541871f,-0.5526489762234806f,-0.5711355046785823f,0f,0f,0f,1f],start_interpolation:0}
execute if entity @s[tag=aj.dino.bone.body_1] run data modify entity @s {} merge value {transformation:[-1.1334724431851488f,0.1345316261927551f,-0.47512741149093135f,0.024983602451837176f,0.05256750325729001f,1.2157131419990477f,0.21882140898081254f,0.5351401744186046f,0.4910004818708784f,0.1804089603677879f,-1.1202569923360572f,-0.3228432700132527f,0f,0f,0f,1f],start_interpolation:0}