execute if entity @s[tag=aj.dino.bone.head_lower] run data modify entity @s {} merge value {transformation:[-0.9406023553620035f,-0.17189268643791408f,-0.2927799744460127f,0.7350019202641014f,-0.24954487460878477f,0.9347553131795717f,0.2529028668066984f,0.8997818614351115f,0.23020548352273623f,0.31094277420727706f,-0.9221279881471689f,0.24116407684830043f,0f,0f,0f,1f],start_interpolation:0}
execute if entity @s[tag=aj.dino.bone.head_upper] run data modify entity @s {} merge value {transformation:[-0.9790725997786615f,-0.25290232777690397f,-0.24683840777152807f,0.7120027436780942f,-0.259751156003253f,1.0079659407183628f,-0.0024375992752716526f,0.9221667943358983f,0.2396207918798647f,0.059304447896228865f,-1.011205617637727f,0.1728602764621594f,0f,0f,0f,1f],start_interpolation:0}
execute if entity @s[tag=aj.dino.bone.neck_0] run data modify entity @s {} merge value {transformation:[-0.8119305781055357f,-0.5474030229532962f,-0.2027773823650052f,0.7080385104380315f,-0.2957409321658127f,0.685215142713069f,-0.665595604882127f,0.8681013692765411f,0.5032951791731236f,-0.4804478521736791f,-0.7182366072282811f,0.13405369297087144f,0f,0f,0f,1f],start_interpolation:0}
execute if entity @s[tag=aj.dino.bone.neck_1] run data modify entity @s {} merge value {transformation:[-0.6797299286622378f,-0.4413527951784397f,-0.5858113469957775f,0.6563793434152722f,-0.18229759196294182f,0.8752898805160473f,-0.447923222249881f,0.8341887444279866f,0.7104469100821973f,-0.1976748220041738f,-0.6754182798090947f,0.07592623661049819f,0f,0f,0f,1f],start_interpolation:0}
execute if entity @s[tag=aj.dino.bone.neck_2] run data modify entity @s {} merge value {transformation:[-0.4787919041226974f,-0.22051220207688946f,-0.8497839026963049f,0.5797729478813465f,-0.025966594904956f,0.971075590204604f,-0.2373561333899374f,0.8229020039223747f,0.8775443285074571f,-0.09157820070290154f,-0.4706690819040651f,0.03379548719633094f,0f,0f,0f,1f],start_interpolation:0}
execute if entity @s[tag=aj.dino.bone.body_0] run data modify entity @s {} merge value {transformation:[-0.34212039834958763f,-0.4517099561271939f,-0.8239610115586102f,0.1871401110180101f,0.0024673988757463565f,0.8764401698620127f,-0.4815044554259431f,0.6043199478899836f,0.9396528853656054f,-0.16676553657100343f,-0.29873351140486043f,-0.10858514667087155f,0f,0f,0f,1f],start_interpolation:0}
execute if entity @s[tag=aj.dino.bone.leg_left_3] run data modify entity @s {} merge value {transformation:[-0.6311840932239491f,0.029941816279638496f,-0.7750549194082555f,0.14419505311982783f,0.04839652894003728f,0.9988278596817964f,-0.0008262626926051255f,0.0243617489996813f,0.7741217064826547f,-0.03803149170565667f,-0.6318933368781673f,-0.5848218050020931f,0f,0f,0f,1f],start_interpolation:0}
execute if entity @s[tag=aj.dino.bone.leg_left_2] run data modify entity @s {} merge value {transformation:[-0.7342028106998838f,-0.16692137615384958f,-0.696524002776638f,0.08262118489057063f,-0.23468936839550056f,0.9984575105324619f,0.008105524297261371f,0.2569871500269016f,0.6767047603077769f,0.16517279844126148f,-0.7528949551780585f,-0.568538266866092f,0f,0f,0f,1f],start_interpolation:0}
execute if entity @s[tag=aj.dino.bone.leg_left_1] run data modify entity @s {} merge value {transformation:[-0.8275133139721988f,0.5590832172416689f,-0.051455528346856724f,0.25371607677345687f,0.13386805065134028f,0.2854821901928446f,0.9489885479274796f,0.28154688001258205f,0.5452532074307856f,0.778412406942105f,-0.31108369373054434f,-0.3514282871452612f,0f,0f,0f,1f],start_interpolation:0}
execute if entity @s[tag=aj.dino.bone.leg_left_0] run data modify entity @s {} merge value {transformation:[-0.8197703706028803f,-0.1647657239711311f,-0.5484786191693215f,0.13835397404978278f,0.0802366139898332f,0.9152295300552982f,-0.39486325872408584f,0.6823696380670781f,0.567043759560991f,-0.36770526718967034f,-0.7370578072471048f,-0.36986684579859586f,0f,0f,0f,1f],start_interpolation:0}
execute if entity @s[tag=aj.dino.bone.leg_right_3] run data modify entity @s {} merge value {transformation:[-0.9747410967587096f,0.014383507726996286f,-0.22287419993147456f,-0.10147878990816482f,0.017904279906223605f,0.9997446800181486f,-0.013784467216696517f,0.03444801059193142f,0.2226190267040697f,-0.01742668875248643f,-0.974749752227953f,0.12138871657709213f,0f,0f,0f,1f],start_interpolation:0}
execute if entity @s[tag=aj.dino.bone.leg_right_2] run data modify entity @s {} merge value {transformation:[-0.9403286876401201f,-0.1326380657404355f,-0.38762262862007824f,-0.14291700038102326f,0.1419318674586818f,0.804891691011681f,-0.6197313210099529f,0.20269443142196686f,0.3843169313228271f,-0.6217867068036164f,-0.719544291229951f,-0.046382224460696925f,0f,0f,0f,1f],start_interpolation:0}
execute if entity @s[tag=aj.dino.bone.leg_right_1] run data modify entity @s {} merge value {transformation:[-0.7725897277767537f,0.4220509158295381f,-0.4743186028201819f,-0.0184894829396895f,-0.13890975332162744f,0.6166055388426056f,0.7749204410136205f,0.3263415386067093f,0.6195233594998386f,0.6645830526849652f,-0.41775611679299923f,0.16865863548921342f,0f,0f,0f,1f],start_interpolation:0}
execute if entity @s[tag=aj.dino.bone.leg_right_0] run data modify entity @s {} merge value {transformation:[-0.799433842530445f,-0.4425618099527533f,-0.40625678552899364f,-0.06622712165261516f,-0.09413751006802087f,0.7601744692945636f,-0.6428630534032284f,0.6880897091822165f,0.5933326728027043f,-0.4756824787650601f,-0.6493708638218434f,-0.03423704583456699f,0f,0f,0f,1f],start_interpolation:0}
execute if entity @s[tag=aj.dino.bone.tail_4] run data modify entity @s {} merge value {transformation:[-1.6025876002918231f,2.207284651193998f,-0.43042860452610593f,-1.065739602442684f,1.8400274857931587f,1.5908741799157475f,1.3073176839632779f,0.7086628464039265f,1.2929320038256487f,0.47188467222488983f,-2.3940160862455793f,-1.452898726906131f,0f,0f,0f,1f],start_interpolation:0}
execute if entity @s[tag=aj.dino.bone.tail_3] run data modify entity @s {} merge value {transformation:[-1.2319997924917119f,1.5701038623670878f,-0.5940504176623216f,-0.9803753031471597f,1.6339406402069216f,1.2906108326681935f,0.022520855315745984f,0.6922145013712978f,0.38517531284470946f,-0.4528168128768093f,-1.9956308372029916f,-1.110082315708771f,0f,0f,0f,1f],start_interpolation:0}
execute if entity @s[tag=aj.dino.bone.tail_2] run data modify entity @s {} merge value {transformation:[-1.0873228039791323f,1.3439425792866342f,-0.9112196982781513f,-0.8114657718536639f,1.5415463457376792f,1.1988880626311635f,-0.0712471208265946f,0.7068843531325054f,0.5100371152107874f,-0.7584587212654765f,-1.7272453167534056f,-0.7887945169104718f,0f,0f,0f,1f],start_interpolation:0}
execute if entity @s[tag=aj.dino.bone.tail_1] run data modify entity @s {} merge value {transformation:[-1.0498445496659554f,0.5531390211050721f,-0.9378272201571096f,-0.6154143785628153f,0.7644014402696715f,1.302175403545251f,-0.08766930201282176f,0.7091017720542873f,0.7753535384908875f,-0.5348202424485131f,-1.1834062905937983f,-0.5283418124882091f,0f,0f,0f,1f],start_interpolation:0}
execute if entity @s[tag=aj.dino.bone.tail_0] run data modify entity @s {} merge value {transformation:[-0.41835802234334063f,0.40585192364332623f,-1.1375836223328855f,-0.2731920743345718f,0.2945006916189756f,1.201833971618191f,0.32046866287426334f,0.6444557749921848f,1.1713588794050018f,-0.1572101692750345f,-0.4868665678598203f,-0.38986184695766923f,0f,0f,0f,1f],start_interpolation:0}
execute if entity @s[tag=aj.dino.bone.body_1] run data modify entity @s {} merge value {transformation:[-0.643430659147522f,-0.08980059736396812f,-1.0519208309746082f,-0.022586508694796843f,0.017990269899317457f,1.2307753449232441f,-0.1160732336685309f,0.5885397222222223f,1.0555936396711498f,-0.0757132623679243f,-0.6392137082726487f,-0.2361537882228506f,0f,0f,0f,1f],start_interpolation:0}