execute if entity @s[tag=aj.dino.bone.head_lower] run data modify entity @s {} merge value {transformation:[-0.9000321459728986f,-0.38546259906586944f,0.20337335355646607f,0.07528670622736924f,-0.41011311134028944f,0.9069754192401774f,-0.09593135462867147f,1.3116374958538546f,-0.14747668331707953f,-0.16974738176328114f,-0.9743902987316249f,0.2814243718103193f,0f,0f,0f,1f],start_interpolation:0}
execute if entity @s[tag=aj.dino.bone.head_upper] run data modify entity @s {} merge value {transformation:[-0.9368430857297961f,-0.16725026157707876f,0.4216922163215483f,0.10031067336111028f,-0.4268865667136443f,0.6524321010982023f,-0.6896173976920319f,1.2786147618425439f,-0.15350841821613004f,-0.7936193332086179f,-0.6558013892008755f,0.21834698601236047f,0f,0f,0f,1f],start_interpolation:0}
execute if entity @s[tag=aj.dino.bone.neck_0] run data modify entity @s {} merge value {transformation:[-0.9769550107380279f,-0.03381565665137186f,0.21074963430358779f,0.11480270997039732f,-0.21037830170790972f,0.3193330260492811f,-0.9239953401639562f,1.2137520953828151f,-0.03605380929049222f,-0.9470390276221177f,-0.319088080310436f,0.21309802145294782f,0f,0f,0f,1f],start_interpolation:0}
execute if entity @s[tag=aj.dino.bone.neck_1] run data modify entity @s {} merge value {transformation:[-0.9862704823017387f,-0.1647105379365507f,0.011873265471115363f,0.11504973053295366f,-0.0945917144030456f,0.5045427349474412f,-0.8581893941188325f,1.1433765552772133f,0.13536226692320186f,-0.8475299801802934f,-0.5131958587021176f,0.1657191318477899f,0f,0f,0f,1f],start_interpolation:0}
execute if entity @s[tag=aj.dino.bone.neck_2] run data modify entity @s {} merge value {transformation:[-0.9733143645022078f,-0.2114777829138252f,-0.08908588657871992f,0.10517463905616777f,-0.044922129914056225f,0.5562953573540551f,-0.8297695328404803f,1.0761290001619854f,0.22503588624405707f,-0.8036246777695277f,-0.5509502946565823f,0.10958376604787601f,0f,0f,0f,1f],start_interpolation:0}
execute if entity @s[tag=aj.dino.bone.body_0] run data modify entity @s {} merge value {transformation:[-0.9926115476768272f,-0.12133389588684694f,0.0006333462983627303f,0.10431727576584543f,-0.05211053809276478f,0.42158177038124844f,-0.905291832892518f,0.6534844475042095f,0.10957557774566545f,-0.8986361313630408f,-0.42478970817402306f,-0.09917866289953253f,0f,0f,0f,1f],start_interpolation:0}
execute if entity @s[tag=aj.dino.bone.leg_left_3] run data modify entity @s {} merge value {transformation:[-0.963297497270663f,-0.035473437415178645f,-0.26608188023619456f,0.4575575727905505f,-0.03507807175074218f,0.9993650953671157f,-0.006239795199037904f,0.06206731259539841f,0.2661342906021827f,0.003322860187783064f,-0.9639302350096953f,-0.2629404187081225f,0f,0f,0f,1f],start_interpolation:0}
execute if entity @s[tag=aj.dino.bone.leg_left_2] run data modify entity @s {} merge value {transformation:[-0.9811555608666965f,-0.29087575658038495f,-0.06919002178668122f,0.38609443124801546f,-0.28657278843799877f,0.9825740048930535f,-0.06698179854251896f,0.28858926610683533f,0.08527603302172782f,-0.04474168797563616f,-1.0211701028966054f,-0.30479607596314195f,0f,0f,0f,1f],start_interpolation:0}
execute if entity @s[tag=aj.dino.bone.leg_left_1] run data modify entity @s {} merge value {transformation:[-0.9934264554325373f,0.02532523161063404f,0.11163561389902779f,0.40683847968695824f,0.10436703704197613f,0.6010027998122434f,0.7924034049629793f,0.4077583056197708f,-0.047025516752331756f,0.7988455841160498f,-0.5996952005081114f,-0.05503256754829583f,0f,0f,0f,1f],start_interpolation:0}
execute if entity @s[tag=aj.dino.bone.leg_left_0] run data modify entity @s {} merge value {transformation:[-0.9959381180936936f,-0.08985745273314791f,-0.00573612380464758f,0.2562211525625146f,-0.04434800281271935f,0.5449807167762397f,-0.8372749088492853f,0.6847382657033791f,0.07836146740914951f,-0.8336196114118033f,-0.546752068030034f,-0.32871815548895467f,0f,0f,0f,1f],start_interpolation:0}
execute if entity @s[tag=aj.dino.bone.leg_right_3] run data modify entity @s {} merge value {transformation:[-0.8857357753961513f,0.002166533736209156f,0.4641847071101633f,-0.23832152359365463f,0.006017618838986563f,0.9999586688553683f,0.006815338913669533f,0.020023951246637584f,-0.4641507561632178f,0.008829876135562326f,-0.8857122042969395f,-0.24308923025771062f,0f,0f,0f,1f],start_interpolation:0}
execute if entity @s[tag=aj.dino.bone.leg_right_2] run data modify entity @s {} merge value {transformation:[-1.010806107998391f,0.17339703826117675f,0.016330298714092313f,-0.19583010371365553f,0.16365679693348184f,0.9785381481209857f,-0.260272443777898f,0.23982229489223814f,-0.05957905967126851f,-0.2538872964425316f,-0.9919948466874632f,-0.33283464481047603f,0f,0f,0f,1f],start_interpolation:0}
execute if entity @s[tag=aj.dino.bone.leg_right_1] run data modify entity @s {} merge value {transformation:[-0.9697631198641402f,0.09049581022451325f,-0.22664950845562845f,-0.17853801871093927f,-0.14458977418305582f,0.5351147705537502f,0.8323136305125011f,0.3381738662073792f,0.19660439606748886f,0.8399182642775523f,-0.5058498006127132f,-0.07391122393884614f,0f,0f,0f,1f],start_interpolation:0}
execute if entity @s[tag=aj.dino.bone.leg_right_0] run data modify entity @s {} merge value {transformation:[-0.981440259796154f,-0.1726108330080068f,-0.08354948700943565f,-0.1253916115671334f,-0.09636398417332476f,0.820586939077669f,-0.5633392032953015f,0.7174270820702936f,0.16579806695345117f,-0.5448326125916324f,-0.8219905262538463f,-0.2401933222831824f,0f,0f,0f,1f],start_interpolation:0}
execute if entity @s[tag=aj.dino.bone.tail_4] run data modify entity @s {} merge value {transformation:[-2.6456367229697593f,0.42717179619843704f,0.6661770922258099f,0.33762107802024943f,0.6775886548999862f,2.423663130090043f,1.136834191161122f,0.13143985024023153f,-0.4088291531002424f,1.2526143141345372f,-2.4268245579770698f,-1.8155108145774452f,0f,0f,0f,1f],start_interpolation:0}
execute if entity @s[tag=aj.dino.bone.tail_3] run data modify entity @s {} merge value {transformation:[-1.9001507585148896f,0.49781004747769475f,0.6910555531865651f,0.21557213142756182f,0.5642692009387946f,2.0013706805685096f,0.10982346687788815f,0.09323286537489675f,-0.6379442685937606f,0.28748231534381374f,-1.961205383068631f,-1.4857760963904139f,0f,0f,0f,1f],start_interpolation:0}
execute if entity @s[tag=aj.dino.bone.tail_2] run data modify entity @s {} merge value {transformation:[-1.7820592914261062f,0.5810774673204632f,0.5526187961127436f,0.11166203845617267f,0.3582444125706386f,1.7817321600281086f,-0.7182376527210647f,0.22744054664153376f,-0.7174256043009476f,-0.5536726125579831f,-1.731335038460036f,-1.1645869389818073f,0f,0f,0f,1f],start_interpolation:0}
execute if entity @s[tag=aj.dino.bone.tail_1] run data modify entity @s {} merge value {transformation:[-1.3004922612085443f,-0.1049287807819396f,0.7650922032672294f,-0.05045216782309469f,-0.5420814053319172f,1.1912920141771695f,-0.7580417778401645f,0.3765182548846945f,-0.5500217073262303f,-0.9259965107500778f,-1.0619147016350325f,-0.9242299169786248f,0f,0f,0f,1f],start_interpolation:0}
execute if entity @s[tag=aj.dino.bone.tail_0] run data modify entity @s {} merge value {transformation:[-1.26938198893384f,-0.1056351249257019f,-0.10651902710937326f,-0.021873996106124338f,-0.035331827645836575f,1.0925785866929156f,-0.6624646484449895f,0.5964716898261089f,0.14579692969881414f,-0.6549419583948413f,-1.0879476104152979f,-0.6221112550929848f,0f,0f,0f,1f],start_interpolation:0}
execute if entity @s[tag=aj.dino.bone.body_1] run data modify entity @s {} merge value {transformation:[-1.2002152570354485f,0.020740062782959433f,-0.2960705686679128f,0.045561273410941946f,0.10281002059111348f,1.186037933892611f,-0.33368954746897794f,0.5941617638074542f,0.2784206017909544f,-0.348551953401147f,-1.1530820002648805f,-0.33055839457884023f,0f,0f,0f,1f],start_interpolation:0}