execute if entity @s[tag=aj.dino.bone.head_lower] run data modify entity @s {} merge value {transformation:[-0.30980608721282155f,-0.10741898996748667f,0.9447123101348087f,-0.08053238415348338f,-0.19824495469809866f,0.9790577607026891f,0.04631240810609066f,0.39794329761909186f,-0.9299027509705681f,-0.17293658318065988f,-0.3246133267984671f,0.5322937817952891f,0f,0f,0f,1f],start_interpolation:0}
execute if entity @s[tag=aj.dino.bone.head_upper] run data modify entity @s {} merge value {transformation:[-0.3224770270939563f,-0.6008647799357127f,0.7864108505183273f,-0.039911657834264196f,-0.20635309074318647f,0.8497478618965034f,0.564640519026542f,0.4558849331635381f,-0.9679353860257848f,0.019027086446330818f,-0.3823754712896552f,0.5060605975522254f,0f,0f,0f,1f],start_interpolation:0}
execute if entity @s[tag=aj.dino.bone.neck_0] run data modify entity @s {} merge value {transformation:[-0.5238931232618299f,0.10261042422209096f,0.845580922348611f,0.013268913454810502f,-0.11607194444015713f,0.974857231926417f,-0.19021220012040496f,0.4277992006714491f,-0.8438384318771254f,-0.19779908544208796f,-0.49881080850902526f,0.4772898707270764f,0f,0f,0f,1f],start_interpolation:0}
execute if entity @s[tag=aj.dino.bone.neck_1] run data modify entity @s {} merge value {transformation:[-0.6809302605662086f,-0.1857072970201843f,0.7084114482973101f,0.07242513072189166f,-0.23125803602764497f,0.9723457850288817f,0.032609739483845185f,0.43504114909696645f,-0.6948767523941721f,-0.14162088182900456f,-0.7050459735450614f,0.416910793339431f,0f,0f,0f,1f],start_interpolation:0}
execute if entity @s[tag=aj.dino.bone.neck_2] run data modify entity @s {} merge value {transformation:[-0.9064252588030051f,-0.27221805022083057f,0.32294052600730483f,0.09805195800613331f,-0.21483957693341582f,0.9554518113403109f,0.20237537495849095f,0.4621252201490462f,-0.363644340512782f,0.11405774564004127f,-0.9245288661110238f,0.33703182731751646f,0f,0f,0f,1f],start_interpolation:0}
execute if entity @s[tag=aj.dino.bone.body_0] run data modify entity @s {} merge value {transformation:[-0.9478594047203779f,-0.3022908515531837f,0.10090981097188845f,0.14273067528078467f,-0.3055016294599604f,0.9520275307274659f,-0.01767300580753267f,0.46286525105032034f,-0.09072653019067878f,-0.0475796364447561f,-0.9947385962730835f,-0.13223799834793362f,0f,0f,0f,1f],start_interpolation:0}
execute if entity @s[tag=aj.dino.bone.leg_left_3] run data modify entity @s {} merge value {transformation:[-0.9573450795122892f,0.08004807731177907f,-0.2776377208743369f,0.4087777378882935f,0.07012160274682225f,0.9964994454586553f,0.045517205854579745f,0.017951575064474784f,0.280309399702945f,0.02410727108734656f,-0.9596069403244716f,-0.2788611586461634f,0f,0f,0f,1f],start_interpolation:0}
execute if entity @s[tag=aj.dino.bone.leg_left_2] run data modify entity @s {} merge value {transformation:[-0.9635667782430262f,-0.2800426552121225f,0.21254969919713715f,0.34857408272913565f,-0.3348788002808935f,0.9198899885252068f,-0.306138526870137f,0.22239602035579392f,-0.10703949032706904f,-0.3569884028557962f,-0.9555961632602348f,-0.3917728974558087f,0f,0f,0f,1f],start_interpolation:0}
execute if entity @s[tag=aj.dino.bone.leg_left_1] run data modify entity @s {} merge value {transformation:[-0.9581325554300927f,-0.26047590147088884f,0.11888780836540049f,0.2905873653192341f,0.024584125467052458f,0.3388472041351532f,0.9405201715140454f,0.26407894557396927f,-0.2852676409970479f,0.904065748163659f,-0.31825696535545245f,-0.12360604639280767f,0f,0f,0f,1f],start_interpolation:0}
execute if entity @s[tag=aj.dino.bone.leg_left_0] run data modify entity @s {} merge value {transformation:[-0.9687246031487289f,0.15602281404978702f,0.1929495393887305f,0.22350063573177786f,-0.01863411229307138f,0.7296514940111483f,-0.6835652618048611f,0.6040436273369063f,-0.24743769541722388f,-0.665781930352037f,-0.703924007335542f,-0.3564808291227922f,0f,0f,0f,1f],start_interpolation:0}
execute if entity @s[tag=aj.dino.bone.leg_right_3] run data modify entity @s {} merge value {transformation:[-0.5807311707642149f,0.028654465335666582f,0.813590946925512f,-0.17136314853253984f,0.02880382074332624f,0.9994778462437071f,-0.014641542904598126f,0.014406961726146778f,-0.8135856729401094f,0.014931727440853415f,-0.5812532978850281f,-0.2766980304682853f,0f,0f,0f,1f],start_interpolation:0}
execute if entity @s[tag=aj.dino.bone.leg_right_2] run data modify entity @s {} merge value {transformation:[-0.9797419947717879f,0.2612473942332093f,0.1546532320633821f,-0.10416733221184879f,0.23418869523565017f,0.982854540791844f,-0.176677124069223f,0.23768549839427952f,-0.19319285236549522f,-0.1334501785383072f,-0.9984637054713967f,-0.33836235887903576f,0f,0f,0f,1f],start_interpolation:0}
execute if entity @s[tag=aj.dino.bone.leg_right_1] run data modify entity @s {} merge value {transformation:[-0.9659071229670776f,-0.11760925803669298f,-0.23063280821583398f,-0.14312283710220886f,-0.23796535072647296f,0.05247958473516123f,0.969854826785768f,0.19576586983462124f,-0.10196039258010843f,0.9916723025324866f,-0.07867733304342872f,-0.06681383827926694f,0f,0f,0f,1f],start_interpolation:0}
execute if entity @s[tag=aj.dino.bone.leg_right_0] run data modify entity @s {} merge value {transformation:[-0.975098084593816f,-0.12624537289879434f,0.18233439402130286f,-0.09415389351774257f,-0.18436543637517275f,0.9183989836263382f,-0.35007526725591614f,0.6062946798412623f,-0.12326033949192056f,-0.37497388268485227f,-0.9188043730917822f,-0.12491217976338903f,0f,0f,0f,1f],start_interpolation:0}
execute if entity @s[tag=aj.dino.bone.tail_4] run data modify entity @s {} merge value {transformation:[0.01169616990144065f,-2.1940017822030855f,1.6768663366229646f,-0.5549156222322692f,2.7462004281945442f,-0.1666595593343374f,-0.23721115291357134f,0.43960705837849856f,0.2896683265283556f,1.6686048371535331f,2.181172044941456f,0.31192588658458265f,0f,0f,0f,1f],start_interpolation:0}
execute if entity @s[tag=aj.dino.bone.tail_3] run data modify entity @s {} merge value {transformation:[0.20221694291620193f,-1.8100341337303312f,1.009371224462615f,-0.7083550764771902f,2.0183445655141075f,-0.05822438757354475f,-0.5087638564165083f,0.5264443788445929f,0.47046684144765993f,1.0277800744649697f,1.7487923249132493f,0.005337698472164865f,0f,0f,0f,1f],start_interpolation:0}
execute if entity @s[tag=aj.dino.bone.tail_2] run data modify entity @s {} merge value {transformation:[0.32792726751785894f,-1.9088091667544325f,0.2601636929613675f,-0.7569306612436815f,1.8708942826901047f,0.25262672882400716f,-0.5046862331032383f,0.621707983955479f,0.45933883486868965f,0.3337681467736364f,1.869861100184595f,-0.34184631912514796f,0f,0f,0f,1f],start_interpolation:0}
execute if entity @s[tag=aj.dino.bone.tail_1] run data modify entity @s {} merge value {transformation:[0.7602972090484459f,-0.7011980388565991f,-1.1035967172009908f,-0.511603905500883f,0.8142608173628161f,1.2527599294835698f,-0.23500666030553355f,0.6561871774087861f,1.0230267470700771f,-0.4759938228422519f,1.0072251016506868f,-0.5537487616177981f,0f,0f,0f,1f],start_interpolation:0}
execute if entity @s[tag=aj.dino.bone.tail_0] run data modify entity @s {} merge value {transformation:[-0.10250611320341585f,-0.06059615229787679f,-1.2726571885887608f,-0.14116618878769024f,0.0021000729920748556f,1.2767596121705977f,-0.06096063490024264f,0.7048117755729271f,1.2740972502259724f,-0.0069796590679807174f,-0.10228977421980313f,-0.5240257437617075f,0f,0f,0f,1f],start_interpolation:0}
execute if entity @s[tag=aj.dino.bone.body_1] run data modify entity @s {} merge value {transformation:[-0.9990593824638463f,0.2175064845149215f,-0.6951085343751496f,0.005786203269320991f,0.007079814445614546f,1.1827945253135113f,0.35993274673479153f,0.5414628488372093f,0.7283095643987f,0.2868669293219351f,-0.9570147012052792f,-0.3208557548114622f,0f,0f,0f,1f],start_interpolation:0}