execute if entity @s[tag=aj.dino.bone.head_lower] run data modify entity @s {} merge value {transformation:[-0.925197313008662f,-0.3143282015090638f,0.21262105666567846f,0.12026366534381715f,-0.37048494967122547f,0.8694711921098957f,-0.32674263290563454f,1.3361336897231098f,-0.08216345944920879f,-0.381074307487495f,-0.920886278594846f,0.23696186403946895f,0f,0f,0f,1f],start_interpolation:0}
execute if entity @s[tag=aj.dino.bone.head_upper] run data modify entity @s {} merge value {transformation:[-0.963037497611836f,-0.15177084034915733f,0.3646866227279954f,0.14169727185518477f,-0.3856376297440496f,0.5693125419334872f,-0.7814338044301192f,1.2949277516437177f,-0.08552391070590666f,-0.8580913612200327f,-0.5829552462073109f,0.17747970141309807f,0f,0f,0f,1f],start_interpolation:0}
execute if entity @s[tag=aj.dino.bone.neck_0] run data modify entity @s {} merge value {transformation:[-0.983292293546935f,-0.03386882787706817f,0.17885515913565975f,0.15412986270116938f,-0.1818587972859984f,0.22583366122753254f,-0.9570405087070548f,1.2294367772638009f,-0.007977675156257968f,-0.9735769409526919f,-0.2282198430117323f,0.17852813544646515f,0f,0f,0f,1f],start_interpolation:0}
execute if entity @s[tag=aj.dino.bone.neck_1] run data modify entity @s {} merge value {transformation:[-0.9780380838676169f,-0.19753565686268143f,-0.06649188501155345f,0.14758710525549076f,-0.026531407188273525f,0.43441665816714686f,-0.9003211935412263f,1.1551690586972876f,0.20673072083551275f,-0.8787842917205091f,-0.4301169349003968f,0.13804313639171106f,0f,0f,0f,1f],start_interpolation:0}
execute if entity @s[tag=aj.dino.bone.neck_2] run data modify entity @s {} merge value {transformation:[-0.9342809146573554f,-0.3405294974319939f,-0.10563538178910156f,0.13499865693460691f,-0.08800236385329165f,0.5073639374490964f,-0.8572265855258936f,1.0850369906559154f,0.3455065215929338f,-0.7915942750897476f,-0.5039878442798879f,0.08613981862441017f,0f,0f,0f,1f],start_interpolation:0}
execute if entity @s[tag=aj.dino.bone.body_0] run data modify entity @s {} merge value {transformation:[-0.9883108615543794f,-0.14139780300283783f,-0.05699387896617594f,0.10679066468403853f,-0.0035001088751648902f,0.394794352619511f,-0.9187628466462949f,0.6557884160938332f,0.15241190954614553f,-0.9078238157515541f,-0.3906744544794115f,-0.10663174336733536f,0f,0f,0f,1f],start_interpolation:0}
execute if entity @s[tag=aj.dino.bone.leg_left_3] run data modify entity @s {} merge value {transformation:[-0.9626815925350691f,-0.048124406382556675f,-0.2663234741896973f,0.46629249636753406f,-0.046965961440334186f,0.9988389548465854f,-0.010721042251836947f,0.06816708387560275f,0.2665302044049207f,0.002187187990814965f,-0.9638240847522765f,-0.2711940835046865f,0f,0f,0f,1f],start_interpolation:0}
execute if entity @s[tag=aj.dino.bone.leg_left_2] run data modify entity @s {} merge value {transformation:[-0.977418908878552f,-0.29877785562146625f,-0.08629176703251722f,0.3924646634435236f,-0.2958431294975323f,0.9810416828761315f,-0.04578491770625328f,0.2949725521053888f,0.09587136588399195f,-0.01874056964183207f,-1.0210385260869108f,-0.30696841414590903f,0f,0f,0f,1f],start_interpolation:0}
execute if entity @s[tag=aj.dino.bone.leg_left_1] run data modify entity @s {} merge value {transformation:[-0.9945538360794487f,0.03562316028018164f,0.09794721839493971f,0.4167547709479614f,0.09943418419506539f,0.6059349469197002f,0.7892754165149714f,0.4157456394826281f,-0.03123315791135009f,0.794716194973446f,-0.6061770857544947f,-0.05829747152784159f,0f,0f,0f,1f],start_interpolation:0}
execute if entity @s[tag=aj.dino.bone.leg_left_0] run data modify entity @s {} merge value {transformation:[-0.9933343686184071f,-0.11481311168273106f,-0.010236283856921491f,0.2570081348128333f,-0.050589647894859334f,0.5140313870816645f,-0.856278237853079f,0.6813951254436922f,0.10357374014365273f,-0.8500527527633969f,-0.5164133982305518f,-0.3379734294087193f,0f,0f,0f,1f],start_interpolation:0}
execute if entity @s[tag=aj.dino.bone.leg_right_3] run data modify entity @s {} merge value {transformation:[-0.8918203595898507f,0.0048414669780091f,0.45236379874889404f,-0.2364495848860853f,0.012746871939511198f,0.9998146372678755f,0.014429426900054887f,0.018197663821633653f,-0.4522100877653953f,0.018634680099405276f,-0.8917167628910009f,-0.245335287900456f,0f,0f,0f,1f],start_interpolation:0}
execute if entity @s[tag=aj.dino.bone.leg_right_2] run data modify entity @s {} merge value {transformation:[-1.0111805837508678f,0.17158406123509296f,0.011616216080129041f,-0.19452587263338292f,0.16355528569991978f,0.9808823513744781f,-0.2513596641913466f,0.2388180401350638f,-0.05315726728835774f,-0.24594902356553663f,-0.9943568686554574f,-0.3333132622593186f,0f,0f,0f,1f],start_interpolation:0}
execute if entity @s[tag=aj.dino.bone.leg_right_1] run data modify entity @s {} merge value {transformation:[-0.9684056793796334f,0.09625837240130063f,-0.23005383258690407f,-0.17546069270594494f,-0.1439378089172703f,0.5375816465711934f,0.8308356518794191f,0.33793115531429385f,0.20364760570496818f,0.8376994085066888f,-0.5067419004564127f,-0.07480505160911766f,0f,0f,0f,1f],start_interpolation:0}
execute if entity @s[tag=aj.dino.bone.leg_right_0] run data modify entity @s {} merge value {transformation:[-0.9803680673032228f,-0.17756131749154702f,-0.08573465543646733f,-0.12420479014609553f,-0.09628502218830022f,0.8105546678544421f,-0.5776939716853322f,0.7144047619562456f,0.17206872788029287f,-0.5580977593128653f,-0.8117384085625226f,-0.24785918914771934f,0f,0f,0f,1f],start_interpolation:0}
execute if entity @s[tag=aj.dino.bone.tail_4] run data modify entity @s {} merge value {transformation:[-2.630249844628262f,0.19524532932339222f,0.818123675131338f,0.46305276153796276f,0.6584312343291019f,2.1493304167733185f,1.6039041120942643f,0.20679983822220882f,-0.5233692731646187f,1.722765031137571f,-2.0937589600994437f,-1.7591783403669545f,0f,0f,0f,1f],start_interpolation:0}
execute if entity @s[tag=aj.dino.bone.tail_3] run data modify entity @s {} merge value {transformation:[-1.8322337983919532f,0.3914087215271812f,0.9086605784268953f,0.3051472645746287f,0.6266857354729453f,1.9389832394514588f,0.4284326226205289f,0.11517902455574475f,-0.765591159189665f,0.6504527161010465f,-1.8239317331336282f,-1.4562721107073067f,0f,0f,0f,1f],start_interpolation:0}
execute if entity @s[tag=aj.dino.bone.tail_2] run data modify entity @s {} merge value {transformation:[-1.6984478557935236f,0.5908491376133744f,0.7648176597952562f,0.16185401757059692f,0.39506577664089904f,1.8357940702430073f,-0.5408854211295698f,0.21645740489186813f,-0.8820270904457997f,-0.31548582098871053f,-1.7150133479007017f,-1.138182156435447f,0f,0f,0f,1f],start_interpolation:0}
execute if entity @s[tag=aj.dino.bone.tail_1] run data modify entity @s {} merge value {transformation:[-1.1708304753791756f,-0.111354010625838f,0.951006063198819f,-0.04031211054998868f,-0.6741719290934534f,1.1626207811208946f,-0.6938741811944392f,0.3522036340361733f,-0.6799297448602956f,-0.9610252096711002f,-0.9496222082653879f,-0.9214369260088909f,0f,0f,0f,1f],start_interpolation:0}
execute if entity @s[tag=aj.dino.bone.tail_0] run data modify entity @s {} merge value {transformation:[-1.2699537847358335f,-0.12626772254669147f,-0.07148121055237056f,-0.02247070451993899f,-0.06639842200177846f,1.0656375939593012f,-0.7027399835503407f,0.5832763238354225f,0.12901298684564413f,-0.694484483028621f,-1.065308719874977f,-0.6268881056741421f,0f,0f,0f,1f],start_interpolation:0}
execute if entity @s[tag=aj.dino.bone.body_1] run data modify entity @s {} merge value {transformation:[-1.198957717670506f,0.011494824436255262f,-0.3016170673316764f,0.046876780653814204f,0.10381903619476672f,1.1757933476891287f,-0.36788069575588184f,0.5896054064332281f,0.28341946654767924f,-0.38207652060473657f,-1.1411816391095053f,-0.33584379492305133f,0f,0f,0f,1f],start_interpolation:0}