execute if entity @s[tag=aj.dino.bone.head_lower] run data modify entity @s {} merge value {transformation:[-0.28876919762853415f,-0.0017244873513292958f,0.9573971885504717f,0.040920797682179905f,0.14554403183610196f,0.9882966986149468f,0.04567899192942915f,0.23243904749405067f,-0.9462712535514668f,0.15253413273812605f,-0.2851386558360046f,0.4836726899773504f,0f,0f,0f,1f],start_interpolation:0}
execute if entity @s[tag=aj.dino.bone.head_upper] run data modify entity @s {} merge value {transformation:[-0.3005797374910422f,-0.4964079460413833f,0.864119734238432f,0.08925091785783089f,0.15149672209485193f,0.8693187650951738f,0.5520919945366213f,0.29006616709392274f,-0.9849733535420329f,0.2851946323896796f,-0.17878326837762035f,0.47744604864947215f,0f,0f,0f,1f],start_interpolation:0}
execute if entity @s[tag=aj.dino.bone.neck_0] run data modify entity @s {} merge value {transformation:[-0.6215459998916968f,0.17672045381473817f,0.7631844149497184f,0.13593218583420869f,0.2051910058612475f,0.9769355765872906f,-0.05910609369352576f,0.27032045774578695f,-0.7560272621620734f,0.11986142165672578f,-0.6434718474542209f,0.43413666817880003f,0f,0f,0f,1f],start_interpolation:0}
execute if entity @s[tag=aj.dino.bone.neck_1] run data modify entity @s {} merge value {transformation:[-0.8207312123617554f,-0.060781754696982424f,0.5680720511969932f,0.1837753305700963f,0.09709278662155646f,0.9650212316776626f,0.2435303126869184f,0.295396403752408f,-0.5630037902547942f,0.2550286272309116f,-0.7861215754903643f,0.3687167378961623f,0f,0f,0f,1f],start_interpolation:0}
execute if entity @s[tag=aj.dino.bone.neck_2] run data modify entity @s {} merge value {transformation:[-0.9778391000953899f,-0.04434250407463145f,0.20460800731405818f,0.20126638574190697f,0.047803923052038025f,0.9042038568652192f,0.4244174480047884f,0.3414312762146086f,-0.20382708177637535f,0.4247930408592563f,-0.8820461400471481f,0.29560187004764443f,0f,0f,0f,1f],start_interpolation:0}
execute if entity @s[tag=aj.dino.bone.body_0] run data modify entity @s {} merge value {transformation:[-0.9906331494223105f,-0.0967592219975986f,-0.0963515242435416f,0.15493452114558712f,-0.1155054396177104f,0.9701282620905299f,0.21332990533895546f,0.45121454497045316f,0.07283170109474185f,0.22246080115747957f,-0.9722174320922345f,-0.16048134267502895f,0f,0f,0f,1f],start_interpolation:0}
execute if entity @s[tag=aj.dino.bone.leg_left_3] run data modify entity @s {} merge value {transformation:[-0.904883503406815f,0.07101608350637734f,-0.4196934132740515f,0.41070478257411125f,0.0656646193131605f,0.9974708321875778f,0.027204718441424358f,0.022744113633664825f,0.4205639107587168f,-0.002941907278409428f,-0.9072581452645647f,-0.31594649357430465f,0f,0f,0f,1f],start_interpolation:0}
execute if entity @s[tag=aj.dino.bone.leg_left_2] run data modify entity @s {} merge value {transformation:[-0.9592477020233544f,-0.3627134008891991f,0.018575103741284626f,0.3252427133136475f,-0.34559205590931336f,0.8954462334256736f,-0.36166887264021097f,0.2197579983777825f,0.11167889933188996f,-0.3444956187818043f,-0.9596420122029112f,-0.4257319024489213f,0f,0f,0f,1f],start_interpolation:0}
execute if entity @s[tag=aj.dino.bone.leg_left_1] run data modify entity @s {} merge value {transformation:[-0.9964396270087895f,-0.07655323220337362f,0.03532240600243541f,0.32241694240379754f,0.00258796980677577f,0.3909914287470632f,0.9203906806669702f,0.27711253981250455f,-0.08426963948459587f,0.9172051598663985f,-0.3894012359708039f,-0.1542252593343496f,0f,0f,0f,1f],start_interpolation:0}
execute if entity @s[tag=aj.dino.bone.leg_left_0] run data modify entity @s {} merge value {transformation:[-0.9983539769527383f,0.0044765047709435235f,0.05717777197204377f,0.20343570302226058f,-0.03834321928657f,0.6893018267213403f,-0.7234589063750374f,0.6021905341027061f,-0.042651309914155555f,-0.7244604561904391f,-0.6879955764239677f,-0.38762414722361566f,0f,0f,0f,1f],start_interpolation:0}
execute if entity @s[tag=aj.dino.bone.leg_right_3] run data modify entity @s {} merge value {transformation:[-0.7177456280617844f,0.035756089538309076f,0.6953867380523757f,-0.18271394801068191f,0.0343957403881163f,0.9992821150859937f,-0.015880412854084633f,0.012346284358956794f,-0.6954553518676438f,0.012520244813553405f,-0.7184602264763589f,-0.2559588884210509f,0f,0f,0f,1f],start_interpolation:0}
execute if entity @s[tag=aj.dino.bone.leg_right_2] run data modify entity @s {} merge value {transformation:[-1.0028466817224007f,0.21459646535991375f,-0.01758094178638647f,-0.1316793587983136f,0.2145687703382675f,0.9890634429493473f,-0.16666117759514723f,0.2374120826393319f,-0.017915782276772315f,-0.16662551538377532f,-1.0119175667361435f,-0.32604404529722497f,0f,0f,0f,1f],start_interpolation:0}
execute if entity @s[tag=aj.dino.bone.leg_right_1] run data modify entity @s {} merge value {transformation:[-0.9796210495583029f,0.046611277282535835f,-0.19537141063210847f,-0.12816452985103616f,-0.19348065537208864f,0.042155947620869216f,0.9801979963644966f,0.1930252220727276f,0.053924347553554165f,0.9980231785436036f,-0.03227847317712551f,-0.05212646965397086f,0f,0f,0f,1f],start_interpolation:0}
execute if entity @s[tag=aj.dino.bone.leg_right_0] run data modify entity @s {} merge value {transformation:[-0.9896652456419681f,-0.1429916164525064f,0.01077493353679071f,-0.07011088765325586f,-0.13878579713216968f,0.9362307991028316f,-0.3228163461252568f,0.6030365347808955f,0.036072206514312866f,-0.32097552622524445f,-0.9464002892442587f,-0.1053033127658945f,0f,0f,0f,1f],start_interpolation:0}
execute if entity @s[tag=aj.dino.bone.tail_4] run data modify entity @s {} merge value {transformation:[0.2620816300194663f,-2.0800337223414913f,1.7973408871798735f,-0.4162083761093494f,2.649354794224561f,-0.2905751510036811f,-0.7225971128772373f,0.31209825809443353f,0.7334123840825644f,1.7929548592034836f,1.9680143493717075f,0.4005350667170646f,0f,0f,0f,1f],start_interpolation:0}
execute if entity @s[tag=aj.dino.bone.tail_3] run data modify entity @s {} merge value {transformation:[0.47899032279368553f,-1.700230417034763f,1.1026016169515798f,-0.5865307752433885f,1.8375567294137853f,-0.11323993319186336f,-0.9728861751311182f,0.4781719428837784f,0.8543413035201777f,1.1968035647360595f,1.4743499213480322f,0.13882814092319107f,0f,0f,0f,1f],start_interpolation:0}
execute if entity @s[tag=aj.dino.bone.tail_2] run data modify entity @s {} merge value {transformation:[0.5554610892842645f,-1.7221375354686945f,0.7378883128385513f,-0.7237016556298089f,1.7431776365085776f,0.19294559272337378f,-0.8619034753542708f,0.6397328123846314f,0.6867085123036433f,0.9032099325080585f,1.591042775022495f,-0.15622053131459962f,0f,0f,0f,1f],start_interpolation:0}
execute if entity @s[tag=aj.dino.bone.tail_1] run data modify entity @s {} merge value {transformation:[1.0431457324859796f,-0.7697306777015538f,-0.7791135441008552f,-0.5476325432911359f,0.7038249023372903f,1.295506972155513f,-0.33756250080001216f,0.6958638474278561f,0.8391267709030579f,-0.1297405830939615f,1.2516748353515168f,-0.42478272445443105f,0f,0f,0f,1f],start_interpolation:0}
execute if entity @s[tag=aj.dino.bone.tail_0] run data modify entity @s {} merge value {transformation:[0.21155920892071617f,0.012666890367700336f,-1.2605228945137334f,-0.17897278160772317f,-0.0788846195380554f,1.2757792746092376f,-0.00041935890488299806f,0.7267732203443098f,1.2581159066259375f,0.0778621149851938f,0.21193766330894437f,-0.4848368840291198f,0f,0f,0f,1f],start_interpolation:0}
execute if entity @s[tag=aj.dino.bone.body_1] run data modify entity @s {} merge value {transformation:[-0.8603349324218226f,0.31965301290667963f,-0.8284022878111035f,-0.007911752594371674f,0.002660767712372252f,1.1543967292680528f,0.4426801405378981f,0.546099476744186f,0.8879309204133896f,0.3062592657392664f,-0.8039829213229138f,-0.3185508517430576f,0f,0f,0f,1f],start_interpolation:0}