execute if entity @s[tag=aj.dino.bone.head_lower] run data modify entity @s {} merge value {transformation:[-0.960232284054041f,-0.23026279640257064f,0.15790188489447388f,0.16259509629054972f,-0.2761787129174021f,0.8663494381444208f,-0.41612975086880516f,1.3294607834583725f,-0.040979009158916266f,-0.44319036047697946f,-0.8954903825215761f,0.2433710950024484f,0f,0f,0f,1f],start_interpolation:0}
execute if entity @s[tag=aj.dino.bone.head_upper] run data modify entity @s {} merge value {transformation:[-0.9995053843750664f,-0.13012738075013494f,0.25986110514632094f,0.17727698527438912f,-0.28747430720126016f,0.5792915994916057f,-0.8156296390158465f,1.2861520244348172f,-0.042655033558928794f,-0.8549620167709638f,-0.5921929082440283f,0.18333568862002514f,0f,0f,0f,1f],start_interpolation:0}
execute if entity @s[tag=aj.dino.bone.neck_0] run data modify entity @s {} merge value {transformation:[-0.9928360804811882f,-0.03382423669665709f,0.11459685120735244f,0.18555687348308858f,-0.11930572838505779f,0.22820878058493033f,-0.9662747516304304f,1.2200051814923616f,0.006531498240248623f,-0.9730244978806175f,-0.23060933644349696f,0.18421595806424984f,0f,0f,0f,1f],start_interpolation:0}
execute if entity @s[tag=aj.dino.bone.neck_1] run data modify entity @s {} merge value {transformation:[-0.9648221436903395f,-0.22007667333095043f,-0.14382103079994923f,0.1723594787988521f,0.028891546965533796f,0.4549791592181899f,-0.8900332820692984f,1.1467037129283881f,0.261311135542893f,-0.8628790312278374f,-0.4326156121877627f,0.14359256179504865f,0f,0f,0f,1f],start_interpolation:0}
execute if entity @s[tag=aj.dino.bone.neck_2] run data modify entity @s {} merge value {transformation:[-0.8932974664073596f,-0.43108144389161707f,-0.12723374254697778f,0.15699229193706635f,-0.13404977895916695f,0.525716585863285f,-0.8400313851929878f,1.0782577572985612f,0.4290108311816737f,-0.7333422530309909f,-0.5274076664670695f,0.09020781565895325f,0f,0f,0f,1f],start_interpolation:0}
execute if entity @s[tag=aj.dino.bone.body_0] run data modify entity @s {} merge value {transformation:[-0.9835180390665479f,-0.14598701449400547f,-0.1066773566874398f,0.10532494497354003f,0.03787846129788619f,0.41054687425067704f,-0.9110524058541876f,0.6527931470268351f,0.17679787611958678f,-0.9000772498192173f,-0.3982504932294214f,-0.10606050926181373f,0f,0f,0f,1f],start_interpolation:0}
execute if entity @s[tag=aj.dino.bone.leg_left_3] run data modify entity @s {} merge value {transformation:[-0.9637468088458231f,-0.0524424460403316f,-0.2616139871887578f,0.46369116756536577f,-0.0505262700197072f,0.998623896083471f,-0.01405027433764789f,0.0680205448390932f,0.26199080991017265f,-0.0003225280986849863f,-0.9650703142767558f,-0.27190572671434177f,0f,0f,0f,1f],start_interpolation:0}
execute if entity @s[tag=aj.dino.bone.leg_left_2] run data modify entity @s {} merge value {transformation:[-0.9779213455021895f,-0.2936993863529059f,-0.09732785812812436f,0.3907052743380172f,-0.29108058718094254f,0.982689061697319f,-0.0407001140973024f,0.29537454639197114f,0.1049005875973979f,-0.011183826584062626f,-1.0202612352948393f,-0.30588056201512864f,0f,0f,0f,1f],start_interpolation:0}
execute if entity @s[tag=aj.dino.bone.leg_left_1] run data modify entity @s {} merge value {transformation:[-0.9943279402832523f,0.046623483375682444f,0.09559392224395144f,0.41810413701442756f,0.10437449512115238f,0.6005082020399157f,0.7927773105046529f,0.4143892400662529f,-0.02044289461572673f,0.7982581976282512f,-0.6019683861956748f,-0.056685476442756955f,0f,0f,0f,1f],start_interpolation:0}
execute if entity @s[tag=aj.dino.bone.leg_left_0] run data modify entity @s {} merge value {transformation:[-0.9923823189369019f,-0.12140737616184896f,-0.02091846253702276f,0.25674867461112727f,-0.04405398653338985f,0.5082850838429054f,-0.8600613465406559f,0.6788504474221162f,0.1150503339062231f,-0.8525881318411053f,-0.5097616090995483f,-0.33656395564569475f,0f,0f,0f,1f],start_interpolation:0}
execute if entity @s[tag=aj.dino.bone.leg_right_3] run data modify entity @s {} merge value {transformation:[-0.900983920603959f,0.008962275193210493f,0.43375990183104784f,-0.23494360539901354f,0.02066925350559698f,0.9995380666365526f,0.02228082817094479f,0.01725449179086852f,-0.43335984674706596f,0.0290401612912696f,-0.900752969609058f,-0.24508488139172943f,0f,0f,0f,1f],start_interpolation:0}
execute if entity @s[tag=aj.dino.bone.leg_right_2] run data modify entity @s {} merge value {transformation:[-1.0116161054864818f,0.16909107018293995f,0.010161919378059894f,-0.19364527436402762f,0.1618240613993932f,0.9828469108539658f,-0.2447184555314858f,0.23854073294478678f,-0.050080213390754844f,-0.23975478996236663f,-0.9960280178878164f,-0.3316754085624901f,0f,0f,0f,1f],start_interpolation:0}
execute if entity @s[tag=aj.dino.bone.leg_right_1] run data modify entity @s {} merge value {transformation:[-0.9677346583550253f,0.09662512929272651f,-0.23270843432855362f,-0.1743263041256283f,-0.14758177702484937f,0.5311997529035996f,0.8342939779270507f,0.33566409850152246f,0.2042284262992556f,0.8417187219637677f,-0.49980030310816237f,-0.0724318649367594f,0f,0f,0f,1f],start_interpolation:0}
execute if entity @s[tag=aj.dino.bone.leg_right_0] run data modify entity @s {} merge value {transformation:[-0.9799373920595082f,-0.181636302207698f,-0.08204243636023695f,-0.12502101974465235f,-0.10025403586410725f,0.8049972101252157f,-0.5847466288774801f,0.71099129654194f,0.17225514777958895f,-0.564790001160549f,-0.8070566390610382f,-0.24851639551140509f,0f,0f,0f,1f],start_interpolation:0}
execute if entity @s[tag=aj.dino.bone.tail_4] run data modify entity @s {} merge value {transformation:[-2.615941189353586f,-0.008111458465795968f,0.8845604725991926f,0.5527789648588285f,0.6520442536838923f,1.8483650212671172f,1.9452625455177057f,0.29420527706102517f,-0.5977886889873091f,2.051619429620846f,-1.7490476639934853f,-1.7034192691273211f,0f,0f,0f,1f],start_interpolation:0}
execute if entity @s[tag=aj.dino.bone.tail_3] run data modify entity @s {} merge value {transformation:[-1.776030863926513f,0.2808310872438774f,1.0501398939485689f,0.37196589318965445f,0.7000307612115356f,1.8344418483008191f,0.6933437564474911f,0.15868834424140565f,-0.8316350340037919f,0.944405914681045f,-1.6590437500492308f,-1.431348510927388f,0f,0f,0f,1f],start_interpolation:0}
execute if entity @s[tag=aj.dino.bone.tail_2] run data modify entity @s {} merge value {transformation:[-1.62455097239536f,0.5776653250468569f,0.9197340840322149f,0.1999255268328309f,0.4576429449261505f,1.8648395875556365f,-0.3629188926570523f,0.22693631947618847f,-0.9849725620804819f,-0.08631315036893077f,-1.6855719999527694f,-1.1187532291502904f,0f,0f,0f,1f],start_interpolation:0}
execute if entity @s[tag=aj.dino.bone.tail_1] run data modify entity @s {} merge value {transformation:[-1.0591727649410876f,-0.09919431008160663f,1.0751603568093864f,-0.02921253449675907f,-0.7411578444009026f,1.1620247242903905f,-0.6229284387639161f,0.34748709903307995f,-0.7851715441163543f,-0.9630759466341564f,-0.8623494751692403f,-0.9206625039833332f,0f,0f,0f,1f],start_interpolation:0}
execute if entity @s[tag=aj.dino.bone.tail_0] run data modify entity @s {} merge value {transformation:[-1.2708295574354282f,-0.13150159948372908f,-0.03918267302931668f,-0.0209358145926248f,-0.08780336972419557f,1.0598298666797334f,-0.7091452168228467f,0.5802913960612134f,0.10544439671019817f,-0.7023558212265825f,-1.0627386772747018f,-0.6270546592420074f,0f,0f,0f,1f],start_interpolation:0}
execute if entity @s[tag=aj.dino.bone.body_1] run data modify entity @s {} merge value {transformation:[-1.200708820326296f,0.01105294803470048f,-0.2945857365634449f,0.04680674818218789f,0.10108660169076854f,1.1760265206005633f,-0.36789633982821157f,0.5866084098364017f,0.2769195240597836f,-0.3813712761078438f,-1.1430118643350242f,-0.33563234998498465f,0f,0f,0f,1f],start_interpolation:0}