execute if entity @s[tag=aj.dino.bone.head_lower] run data modify entity @s {} merge value {transformation:[-0.44961130046836884f,-0.12242754587474358f,0.8847944249949986f,0.06096502632916895f,-0.01757693221731004f,0.9915832567617165f,0.12827196250021028f,0.2798033159107636f,-0.893051359074589f,0.04212055223895847f,-0.4479789382706676f,0.5211979582622172f,0f,0f,0f,1f],start_interpolation:0}
execute if entity @s[tag=aj.dino.bone.head_upper] run data modify entity @s {} merge value {transformation:[-0.4680002153194833f,-0.5973458585930984f,0.7124785374073377f,0.09652289564802385f,-0.018295821421276268f,0.8034102672719867f,0.66156567923675f,0.34344459656444465f,-0.9295767875560068f,0.2849242184285778f,-0.3717218427445793f,0.5016817645231832f,0f,0f,0f,1f],start_interpolation:0}
execute if entity @s[tag=aj.dino.bone.neck_0] run data modify entity @s {} merge value {transformation:[-0.6479008225312948f,0.06976867556836672f,0.7585228118340992f,0.1446472794240281f,-0.002162647991472366f,0.995624026106297f,-0.09342441647424188f,0.3212434526913174f,-0.7617216336148902f,-0.06217017411366649f,-0.6449147403601032f,0.4612356379941638f,0f,0f,0f,1f],start_interpolation:0}
execute if entity @s[tag=aj.dino.bone.neck_1] run data modify entity @s {} merge value {transformation:[-0.809197537879331f,-0.18381668760472503f,0.5580419070715532f,0.19107393275030993f,-0.11577975879024408f,0.9810638364234167f,0.15527007540617885f,0.33891650445938354f,-0.5760159651819575f,0.06103420532942577f,-0.815156692688776f,0.39246234414650993f,0f,0f,0f,1f],start_interpolation:0}
execute if entity @s[tag=aj.dino.bone.neck_2] run data modify entity @s {} merge value {transformation:[-0.965164859505702f,-0.2170142963271872f,0.146156043887876f,0.20175359277023866f,-0.1538795824814401f,0.9226044616754974f,0.35372599761934853f,0.37893842910341236f,-0.2116078166577895f,0.31891347178518736f,-0.9238594749436962f,0.31464768740507687f,0f,0f,0f,1f],start_interpolation:0}
execute if entity @s[tag=aj.dino.bone.body_0] run data modify entity @s {} merge value {transformation:[-0.9538742316819548f,-0.2813236669086926f,-0.10479000224356994f,0.14968649809346365f,-0.29428507267231485f,0.9452315172970035f,0.14118666619286302f,0.454483687171761f,0.05933166216625618f,0.16551245616403482f,-0.9844213430839144f,-0.14772968697480274f,0f,0f,0f,1f],start_interpolation:0}
execute if entity @s[tag=aj.dino.bone.leg_left_3] run data modify entity @s {} merge value {transformation:[-0.9328322434630667f,0.0735957216705575f,-0.3527147222720534f,0.41126657610363837f,0.06022054173969754f,0.9969933970850714f,0.04876117842449351f,0.02149499582763975f,0.35524286327558935f,0.024245327808833206f,-0.9344595615494564f,-0.30466074940623344f,0f,0f,0f,1f],start_interpolation:0}
execute if entity @s[tag=aj.dino.bone.leg_left_2] run data modify entity @s {} merge value {transformation:[-0.9663163526346049f,-0.3256230811186078f,0.11074527156710941f,0.33728771140615343f,-0.3439205544310981f,0.9112651656594863f,-0.3215223936152631f,0.22343954986178166f,0.0036821693950963197f,-0.34004059522225694f,-0.9676885008772876f,-0.41382391508055016f,0f,0f,0f,1f],start_interpolation:0}
execute if entity @s[tag=aj.dino.bone.leg_left_1] run data modify entity @s {} merge value {transformation:[-0.9835641545728331f,-0.1642703131763823f,0.07494543380594701f,0.30827407086564107f,0.012339861597062105f,0.3529487432835248f,0.9355612820282513f,0.2694602756635979f,-0.18013684147112638f,0.92110935768969f,-0.34512065936610126f,-0.1416958439099604f,0f,0f,0f,1f],start_interpolation:0}
execute if entity @s[tag=aj.dino.bone.leg_left_0] run data modify entity @s {} merge value {transformation:[-0.989595426907161f,0.07622563707790841f,0.12202681384229087f,0.21320316124051195f,-0.03027529717335345f,0.7188165006698163f,-0.6945403118220461f,0.6047106385212105f,-0.14065666505892738f,-0.6910083144339633f,-0.7090297680334967f,-0.3716436530131191f,0f,0f,0f,1f],start_interpolation:0}
execute if entity @s[tag=aj.dino.bone.leg_right_3] run data modify entity @s {} merge value {transformation:[-0.6543952289241342f,0.028426532419894165f,0.7556181685321701f,-0.17580879463891813f,0.040473616267882276f,0.9991773853056951f,-0.002537534211668968f,0.011746447383699704f,-0.7550687192219863f,0.028922049516862863f,-0.6550074383579277f,-0.2743129507398373f,0f,0f,0f,1f],start_interpolation:0}
execute if entity @s[tag=aj.dino.bone.leg_right_2] run data modify entity @s {} merge value {transformation:[-0.9966096591843651f,0.23314926659427557f,0.06687904161746083f,-0.11784905858295408f,0.22099911087023455f,0.9893990195860242f,-0.15592040449368744f,0.2372124301983626f,-0.09995388794681487f,-0.13708828917694182f,-1.011572153015073f,-0.33737507610646916f,0f,0f,0f,1f],start_interpolation:0}
execute if entity @s[tag=aj.dino.bone.leg_right_1] run data modify entity @s {} merge value {transformation:[-0.9757524967940301f,-0.03339823618983219f,-0.2163137138963332f,-0.1348825682711798f,-0.21736048414439416f,0.031727785908397144f,0.9755756083122752f,0.18976213638797435f,-0.02571934938389944f,0.9989383892016362f,-0.03821792310565597f,-0.0644800141783085f,0f,0f,0f,1f],start_interpolation:0}
execute if entity @s[tag=aj.dino.bone.leg_right_0] run data modify entity @s {} merge value {transformation:[-0.9856460116021685f,-0.13926697269613397f,0.09542876992182359f,-0.08272520020194365f,-0.16289686615184368f,0.93300255505431f,-0.3208907029816191f,0.6011527057972801f,-0.044345809392166924f,-0.33182968911503946f,-0.9422964006145679f,-0.11290198152403444f,0f,0f,0f,1f],start_interpolation:0}
execute if entity @s[tag=aj.dino.bone.tail_4] run data modify entity @s {} merge value {transformation:[0.12409158648605861f,-2.03144854395841f,1.8664081608835286f,-0.46146374024410486f,2.6886139342806548f,-0.32931066416967564f,-0.5371879842811309f,0.35814785822390904f,0.6177521526917329f,1.8413127467416797f,1.9630616338086144f,0.36026281310649505f,0f,0f,0f,1f],start_interpolation:0}
execute if entity @s[tag=aj.dino.bone.tail_3] run data modify entity @s {} merge value {transformation:[0.33523423218606957f,-1.7014691138317257f,1.1526345432493972f,-0.6402577531345017f,1.9249747464636848f,-0.14904329874033162f,-0.7798742505187078f,0.49184421722608207f,0.7197470118674564f,1.1911064082699454f,1.5489271413241439f,0.08596609788942133f,0f,0f,0f,1f],start_interpolation:0}
execute if entity @s[tag=aj.dino.bone.tail_2] run data modify entity @s {} merge value {transformation:[0.4311779575221458f,-1.8249919919612396f,0.5497851155016448f,-0.7425770350338944f,1.8023922323202382f,0.20708809624601138f,-0.7261340346435005f,0.6282129954238046f,0.6198723133206354f,0.6673024986266191f,1.7289417472858866f,-0.23482324865063087f,0f,0f,0f,1f],start_interpolation:0}
execute if entity @s[tag=aj.dino.bone.tail_1] run data modify entity @s {} merge value {transformation:[0.9223236466991712f,-0.7604468828084051f,-0.9266584479550833f,-0.5347559603240535f,0.7439729189892237f,1.2799059273490583f,-0.30984086713569936f,0.6785309945624173f,0.9399359747079573f,-0.26686626906323013f,1.1545384393280615f,-0.4809028635478456f,0f,0f,0f,1f],start_interpolation:0}
execute if entity @s[tag=aj.dino.bone.tail_0] run data modify entity @s {} merge value {transformation:[0.07675505745954647f,-0.029391216366712377f,-1.2755706699900617f,-0.16271382593905903f,-0.06040703339046785f,1.2763599736360973f,-0.033044282419980905f,0.7189881417056964f,1.2744784690434645f,0.06226628850488563f,0.07525462008728559f,-0.5013914161581721f,0f,0f,0f,1f],start_interpolation:0}
execute if entity @s[tag=aj.dino.bone.body_1] run data modify entity @s {} merge value {transformation:[-0.9307281301315932f,0.2654650752044069f,-0.7693361012488088f,-0.0017349157673174128f,-0.011190100384892545f,1.1644609313591325f,0.41534337125786397f,0.5439919186046511f,0.813771788950302f,0.3196304557472433f,-0.8741947393594207f,-0.3196827642251427f,0f,0f,0f,1f],start_interpolation:0}