execute if entity @s[tag=aj.dino.bone.head_lower] run data modify entity @s {} merge value {transformation:[-0.89873168603947f,-0.22296425516257312f,-0.37758217308084197f,0.7551761871507198f,-0.3537577622257761f,0.8774756773447042f,0.32387016122740264f,0.9558382502045694f,0.2591077038099471f,0.4246450006632028f,-0.8674905309212807f,0.10083017230985641f,0f,0f,0f,1f],start_interpolation:0}
execute if entity @s[tag=aj.dino.bone.head_upper] run data modify entity @s {} merge value {transformation:[-0.9354894375269485f,-0.3713625350639229f,-0.26537016111446604f,0.7282530171298965f,-0.3682263073017428f,0.9716385224049454f,-0.06164341792246943f,0.9732922935819561f,0.26970510093423067f,0.03847586143465056f,-1.0046147068406004f,0.032522370576767295f,0f,0f,0f,1f],start_interpolation:0}
execute if entity @s[tag=aj.dino.bone.neck_0] run data modify entity @s {} merge value {transformation:[-0.7331814429007566f,-0.6603782496436353f,-0.1623130899945332f,0.7287136348484778f,-0.3793944438208112f,0.5953086355357056f,-0.7082848893309204f,0.9179528810748747f,0.5643623195996189f,-0.4577206526411335f,-0.6870130831082569f,-0.004653878682474813f,0f,0f,0f,1f],start_interpolation:0}
execute if entity @s[tag=aj.dino.bone.neck_1] run data modify entity @s {} merge value {transformation:[-0.5744140442171497f,-0.5460367691703558f,-0.6098297733959029f,0.6745375258850974f,-0.2322560606905385f,0.8231006970668185f,-0.5182300307398546f,0.8778439177258553f,0.784923963246512f,-0.1560419469313214f,-0.5996209491998017f,-0.056168508848925464f,0f,0f,0f,1f],start_interpolation:0}
execute if entity @s[tag=aj.dino.bone.neck_2] run data modify entity @s {} merge value {transformation:[-0.3358042846860948f,-0.304849658061986f,-0.8912363145462323f,0.5934738717750252f,-0.03391699866177997f,0.9494790309245201f,-0.31199231887405704f,0.8598070437872418f,0.9413209439868196f,-0.07454029657926442f,-0.3291787122485873f,-0.08573682897343995f,0f,0f,0f,1f],start_interpolation:0}
execute if entity @s[tag=aj.dino.bone.body_0] run data modify entity @s {} merge value {transformation:[-0.1733662209411592f,-0.5425136202528169f,-0.8219629707454976f,0.20091768564887919f,0.012909600384534401f,0.8332774536215686f,-0.552704285765785f,0.6072575958894615f,0.9847728142340715f,-0.10643146680440577f,-0.13745852908921236f,-0.15153441102434712f,0f,0f,0f,1f],start_interpolation:0}
execute if entity @s[tag=aj.dino.bone.leg_left_3] run data modify entity @s {} merge value {transformation:[-0.5260240142093318f,0.02022022163213264f,-0.850229309723117f,0.10206735409554044f,0.026983926307947124f,0.9996108071201255f,0.00707827730870484f,0.03265065673452938f,0.8500415308654681f,-0.01921918119481368f,-0.5263649103788102f,-0.6572141633747325f,0f,0f,0f,1f],start_interpolation:0}
execute if entity @s[tag=aj.dino.bone.leg_left_2] run data modify entity @s {} merge value {transformation:[-0.6610030427945709f,-0.1370296074371009f,-0.7722435260995375f,0.045234701855233456f,-0.2854925704072696f,0.982678218818297f,0.06999792856252494f,0.2634318653053267f,0.7305006291299575f,0.2600550027329375f,-0.6714182198116186f,-0.6162122673703997f,0f,0f,0f,1f],start_interpolation:0}
execute if entity @s[tag=aj.dino.bone.leg_left_1] run data modify entity @s {} merge value {transformation:[-0.7709151367797167f,0.6300257790425106f,-0.09358081868517887f,0.2367094501814089f,0.08830987382005334f,0.25122954467244524f,0.9638905965251255f,0.2788031926888059f,0.6307861904558447f,0.7348137407707844f,-0.24931415584488908f,-0.41592615025874535f,0f,0f,0f,1f],start_interpolation:0}
execute if entity @s[tag=aj.dino.bone.leg_left_0] run data modify entity @s {} merge value {transformation:[-0.7598542582557339f,-0.22079282805539235f,-0.6114507611328407f,0.1114423948558235f,0.03399999561792115f,0.9257738384663251f,-0.3765458807493559f,0.6768986481656585f,0.649203748070365f,-0.306909314115145f,-0.6959462381540413f,-0.4042877765241083f,0f,0f,0f,1f],start_interpolation:0}
execute if entity @s[tag=aj.dino.bone.leg_right_3] run data modify entity @s {} merge value {transformation:[-0.9609079782900525f,-0.019135150699010228f,-0.2762059073702996f,-0.04797384749155629f,-0.014519955114519423f,0.9997188617704817f,-0.01874482125295246f,0.037707705259225205f,0.2764869403100201f,-0.014001550916200978f,-0.9609156718515652f,0.14054196748422332f,0f,0f,0f,1f],start_interpolation:0}
execute if entity @s[tag=aj.dino.bone.leg_right_2] run data modify entity @s {} merge value {transformation:[-0.911437179883585f,-0.2030382896531788f,-0.4244053717394069f,-0.10700382111692192f,0.13594006137450768f,0.7721474429268712f,-0.66134017388609f,0.19704488503558942f,0.45040511358114854f,-0.6439145741609679f,-0.6592203382358184f,-0.030625194730726252f,0f,0f,0f,1f],start_interpolation:0}
execute if entity @s[tag=aj.dino.bone.leg_right_1] run data modify entity @s {} merge value {transformation:[-0.7195067208068859f,0.45647046257199836f,-0.5233973591001659f,0.030434546011941184f,-0.13232663708009418f,0.6497314816816597f,0.7485577217762359f,0.3312205623465407f,0.681762231157458f,0.6078517241162203f,-0.40708296655122267f,0.16967699826491975f,0f,0f,0f,1f],start_interpolation:0}
execute if entity @s[tag=aj.dino.bone.leg_right_0] run data modify entity @s {} merge value {transformation:[-0.7494288521330291f,-0.49721337530622145f,-0.4371901817369242f,-0.04205726316115673f,-0.08926717597585275f,0.7301759184994433f,-0.6774027600599147f,0.683435773781478f,0.6560394552798381f,-0.4686384400154226f,-0.5915997343272263f,-0.04244716584918262f,0f,0f,0f,1f],start_interpolation:0}
execute if entity @s[tag=aj.dino.bone.tail_4] run data modify entity @s {} merge value {transformation:[0.08998535730886463f,2.189065316514945f,-1.6809393228493759f,-1.578854671440606f,2.0528215158841308f,1.071098156496098f,1.5047703793847882f,0.6726447520084374f,1.8448544091589385f,-1.2986158441902609f,-1.5924102580129411f,-0.8968248428359287f,0f,0f,0f,1f],start_interpolation:0}
execute if entity @s[tag=aj.dino.bone.tail_3] run data modify entity @s {} merge value {transformation:[-0.36341141466086085f,1.0274785565522906f,-1.7743070437677515f,-1.2880524490985066f,1.8404316785627792f,0.9577059487748695f,0.1776403058662711f,0.6331516161068971f,0.9037084188394104f,-1.5372158786425847f,-1.0752785509868241f,-0.6994544723840184f,0f,0f,0f,1f],start_interpolation:0}
execute if entity @s[tag=aj.dino.bone.tail_2] run data modify entity @s {} merge value {transformation:[-0.1962906125045221f,0.6454420831880845f,-1.8340251873121052f,-0.9471027338384801f,1.7145039986204402f,0.926768182998299f,0.14265569984872625f,0.6081205416570206f,0.9169077975237739f,-1.5947661669456858f,-0.6593745814089624f,-0.5765796541943982f,0f,0f,0f,1f],start_interpolation:0}
execute if entity @s[tag=aj.dino.bone.tail_1] run data modify entity @s {} merge value {transformation:[-0.7333822056735401f,0.18412236467367024f,-1.3099258548591177f,-0.6667713576952528f,0.8037065687515064f,1.2516451949424483f,-0.2740370546534932f,0.6510223502216687f,1.050648629060684f,-0.8289387859211664f,-0.7047369703999136f,-0.41579896079386947f,0f,0f,0f,1f],start_interpolation:0}
execute if entity @s[tag=aj.dino.bone.tail_0] run data modify entity @s {} merge value {transformation:[-0.14930446459551994f,0.24169356780869544f,-1.2462456068992886f,-0.2967569295859481f,0.3394143833899565f,1.2167527613350717f,0.19531080542438337f,0.6233104050170312f,1.2232504934737973f,-0.30811143056921686f,-0.20630388545233433f,-0.3629474481882624f,0f,0f,0f,1f],start_interpolation:0}
execute if entity @s[tag=aj.dino.bone.body_1] run data modify entity @s {} merge value {transformation:[-0.48277376654810394f,-0.14931605653653213f,-1.1283788373811279f,-0.024367159936335238f,0.020559998613144895f,1.2243388247535627f,-0.17081078336669056f,0.5805536111111111f,1.1380296006019504f,-0.08546199458059796f,-0.4755938085092377f,-0.24662207790237523f,0f,0f,0f,1f],start_interpolation:0}