execute if entity @s[tag=aj.dino.bone.head_lower] run data modify entity @s {} merge value {transformation:[-0.610157214705541f,0.24665116726791125f,0.7529086100106395f,-0.30401701657771263f,0.051117047042310564f,0.9605813596414928f,-0.27325903280765496f,0.8174178808283171f,-0.7906296356983151f,-0.12824450551457406f,-0.5987137262171894f,0.4487093343050953f,0f,0f,0f,1f],start_interpolation:0}
execute if entity @s[tag=aj.dino.bone.head_upper] run data modify entity @s {} merge value {transformation:[-0.6351123905548248f,-0.10414741692711059f,0.8180816032002268f,-0.2501563858762954f,0.05320771296757147f,1.0252395749237249f,0.17182751780342803f,0.8523012180683944f,-0.8229660583693614f,0.1466597154679415f,-0.6202336150309545f,0.40898979584809086f,0f,0f,0f,1f],start_interpolation:0}
execute if entity @s[tag=aj.dino.bone.neck_0] run data modify entity @s {} merge value {transformation:[-0.6737268958814843f,0.3367057043526672f,0.6578155808600721f,-0.21286846391527675f,0.09587836103238959f,0.9224703794746669f,-0.37397291195701116f,0.8131150237958001f,-0.7327342012296426f,-0.18888532936212357f,-0.6537758963896724f,0.370018148352041f,0f,0f,0f,1f],start_interpolation:0}
execute if entity @s[tag=aj.dino.bone.neck_1] run data modify entity @s {} merge value {transformation:[-0.6128310960891582f,-0.0284421279183451f,0.7897019013688884f,-0.14610137735993028f,-0.2372173857755684f,0.9598816912886168f,-0.14951605470553797f,0.8048711065305784f,-0.753767841946024f,-0.27895910827284476f,-0.5949923162190022f,0.3183293601522167f,0f,0f,0f,1f],start_interpolation:0}
execute if entity @s[tag=aj.dino.bone.neck_2] run data modify entity @s {} merge value {transformation:[-0.8233380516178395f,0.03509131525198925f,0.5664654026081606f,-0.0961311936925468f,-0.12977101333752705f,0.9600061501187342f,-0.24808804048473898f,0.7925357937373179f,-0.5525160059722173f,-0.2777711131995039f,-0.7858557576403045f,0.24676294905957474f,0f,0f,0f,1f],start_interpolation:0}
execute if entity @s[tag=aj.dino.bone.body_0] run data modify entity @s {} merge value {transformation:[-0.8959319775214916f,0.24462255741459854f,0.3707636660439787f,0.0809386673878035f,-0.047464820767069094f,0.7771912224538878f,-0.6274718276784875f,0.5042143922547019f,-0.4416480300465287f,-0.5797703063667308f,-0.6846995030021912f,-0.08145639596324777f,0f,0f,0f,1f],start_interpolation:0}
execute if entity @s[tag=aj.dino.bone.leg_left_3] run data modify entity @s {} merge value {transformation:[-0.9935541689064203f,0.07856076635872908f,0.0817209852963216f,0.4077951088887629f,0.08049727797951427f,0.9965404210320051f,0.020673110245976623f,0.00564366160961613f,-0.07981416971040445f,0.027118171739309915f,-0.9964408176479707f,-0.17573650872520935f,0f,0f,0f,1f],start_interpolation:0}
execute if entity @s[tag=aj.dino.bone.leg_left_2] run data modify entity @s {} merge value {transformation:[-0.7883751118045507f,-0.10097851242757665f,0.6483287920613817f,0.4030703598522498f,-0.29492481683831423f,0.9598676746969594f,-0.20913057879093788f,0.22246681135203403f,-0.5861281728434008f,-0.34715931011634954f,-0.7668092187105546f,-0.2812659858789156f,0f,0f,0f,1f],start_interpolation:0}
execute if entity @s[tag=aj.dino.bone.leg_left_1] run data modify entity @s {} merge value {transformation:[-0.7087879400359436f,-0.668525970979208f,0.22515035462088603f,0.22362756929680855f,0.08182991227722837f,0.23909657927949673f,0.9675415708038305f,0.23447740969292996f,-0.7006593476977986f,0.704205830637002f,-0.11476335033687776f,-0.0699145815662513f,0f,0f,0f,1f],start_interpolation:0}
execute if entity @s[tag=aj.dino.bone.leg_left_0] run data modify entity @s {} merge value {transformation:[-0.73629393856124f,0.42349696989509605f,0.5277514116775521f,0.2613309420823493f,0.026189408832903847f,0.7971848234553857f,-0.6031670350055518f,0.5996248362121237f,-0.6761548276119604f,-0.4302867343319774f,-0.5980534887072912f,-0.2687941711461215f,0f,0f,0f,1f],start_interpolation:0}
execute if entity @s[tag=aj.dino.bone.leg_right_3] run data modify entity @s {} merge value {transformation:[-0.22285512465735213f,0.09197194596352377f,0.9705033511377688f,-0.19615188613949475f,-0.03516645212741154f,0.9941331868714427f,-0.10228649669238035f,0.03395038449685325f,-0.9742170774825943f,-0.05692422960842297f,-0.2183133482514551f,-0.2892211678083978f,0f,0f,0f,1f],start_interpolation:0}
execute if entity @s[tag=aj.dino.bone.leg_right_2] run data modify entity @s {} merge value {transformation:[-0.7867930942001262f,0.4275559047881869f,0.5002147285920729f,-0.07980973615345652f,0.30863957645066487f,0.9283842293115335f,-0.3080690411493488f,0.24035587040620254f,-0.5811716082776588f,-0.08579551589144704f,-0.8407977703857064f,-0.3343027781297609f,0f,0f,0f,1f],start_interpolation:0}
execute if entity @s[tag=aj.dino.bone.leg_right_1] run data modify entity @s {} merge value {transformation:[-0.8763016186131769f,-0.4531231750049167f,-0.16363025847742899f,-0.21168290183009303f,-0.28576880388230685f,0.21545489407711405f,0.9337640919128853f,0.24367362200698117f,-0.38785521002508416f,0.8650194083901723f,-0.3182919401504136f,-0.09014740473301668f,0f,0f,0f,1f],start_interpolation:0}
execute if entity @s[tag=aj.dino.bone.leg_right_0] run data modify entity @s {} merge value {transformation:[-0.8748014158991239f,0.0584228188079535f,0.4809462100728327f,-0.12617815045366518f,-0.23828734616186742f,0.812447421048749f,-0.5321168374430293f,0.6336915304545632f,-0.42183127361543815f,-0.5800999588637891f,-0.6968087358279944f,-0.21214022069642458f,0f,0f,0f,1f],start_interpolation:0}
execute if entity @s[tag=aj.dino.bone.tail_4] run data modify entity @s {} merge value {transformation:[1.2040329926927804f,-1.9523564599314687f,-1.5376183328352755f,-1.1055447590566885f,2.358129954964899f,0.35830779844735383f,1.3915818224844179f,0.6212187208830036f,-0.7843398495579011f,-1.9197867346493656f,1.8234284261960538f,-0.9061537233169196f,0f,0f,0f,1f],start_interpolation:0}
execute if entity @s[tag=aj.dino.bone.tail_3] run data modify entity @s {} merge value {transformation:[0.570149774736098f,-0.9139187162198376f,-1.782028995430744f,-0.7944350826355346f,1.9638519917230262f,-0.10811556393310892f,0.6837703601980514f,0.506334531601198f,-0.3926322898314959f,-1.867888950399074f,0.8323318328666561f,-1.0290076842825837f,0f,0f,0f,1f],start_interpolation:0}
execute if entity @s[tag=aj.dino.bone.tail_2] run data modify entity @s {} merge value {transformation:[0.23374640786948328f,-0.28333000910255945f,-1.9193385834064907f,-0.4375288086560261f,1.938409807975728f,-0.04748038254529653f,0.24307798053223642f,0.46256891527834043f,-0.08187739709096238f,-1.9329365210006442f,0.27536588864692957f,-1.0807180932065619f,0f,0f,0f,1f],start_interpolation:0}
execute if entity @s[tag=aj.dino.bone.tail_1] run data modify entity @s {} merge value {transformation:[-0.8240402135496343f,0.2817458681105838f,-1.2366217053956667f,-0.17407840198660018f,0.984294144014796f,1.0720890367000497f,-0.41163865883288875f,0.5371034140854544f,0.7998618721449685f,-1.0290289661570138f,-0.7674481235227394f,-0.9037571689545831f,0f,0f,0f,1f],start_interpolation:0}
execute if entity @s[tag=aj.dino.bone.tail_0] run data modify entity @s {} merge value {transformation:[-1.0971034631836256f,-0.005253831945884579f,-0.6558750680612941f,0.0174567525320315f,0.1525208880336959f,1.2410930231721908f,-0.26506829899245243f,0.6445123172738345f,0.6379162063844559f,-0.30577151873126407f,-1.064613736783848f,-0.6000311025721037f,0f,0f,0f,1f],start_interpolation:0}
execute if entity @s[tag=aj.dino.bone.body_1] run data modify entity @s {} merge value {transformation:[-1.218759876028875f,0.12251504495490717f,-0.16798518803165033f,0.04825869794668744f,0.10714360217952908f,1.2261547981503103f,0.11691558724659745f,0.534740853909465f,0.17818307481443538f,0.10069294805952897f,-1.2193097707789455f,-0.32334104529402097f,0f,0f,0f,1f],start_interpolation:0}