execute if entity @s[tag=aj.dino.bone.head_lower] run data modify entity @s {} merge value {transformation:[-0.6315009202298126f,-0.7215630836749765f,-0.2838191396406512f,0.09194199111737728f,-0.7563725348603402f,0.653812629388925f,0.02072761830224712f,0.6817321062794328f,0.17060825377994926f,0.22776251212392162f,-0.9586537757778648f,0.6440197188352554f,0f,0f,0f,1f],start_interpolation:0}
execute if entity @s[tag=aj.dino.bone.head_upper] run data modify entity @s {} merge value {transformation:[-0.6573290447418286f,-0.4311203740450298f,-0.682294432489066f,0.03502166268784441f,-0.7873078563809053f,0.5361379834186757f,0.4197312766522965f,0.7224617085232568f,0.1775860602727768f,0.7811294568780112f,-0.6646592400454268f,0.6157950451554611f,0f,0f,0f,1f],start_interpolation:0}
execute if entity @s[tag=aj.dino.bone.neck_0] run data modify entity @s {} merge value {transformation:[-0.7948560827032997f,-0.555585004347789f,-0.24398588224205342f,0.028520102282715284f,-0.6040920796774739f,0.7624561191159669f,0.23180471456284696f,0.7252697408355006f,0.057241305545124105f,0.33164132638512633f,-0.9416673847877519f,0.5495034097771667f,0f,0f,0f,1f],start_interpolation:0}
execute if entity @s[tag=aj.dino.bone.neck_1] run data modify entity @s {} merge value {transformation:[-0.809066841954405f,-0.5779233825356956f,-0.1068429181950136f,0.016806684015377188f,-0.5479901370108766f,0.6761052064541336f,0.49253280047567793f,0.77010846570178f,-0.21240916879628086f,0.45704082282014324f,-0.8637106177923017f,0.4784413141889298f,0f,0f,0f,1f],start_interpolation:0}
execute if entity @s[tag=aj.dino.bone.neck_2] run data modify entity @s {} merge value {transformation:[-0.9497840574691112f,-0.2995094354727298f,-0.09057782421939278f,0.005939002713401517f,-0.3123434800092092f,0.924837055441202f,0.21706674406408666f,0.7981798732783036f,0.018756190264795886f,0.23445792574714497f,-0.9719453103858762f,0.39558710503856725f,0f,0f,0f,1f],start_interpolation:0}
execute if entity @s[tag=aj.dino.bone.body_0] run data modify entity @s {} merge value {transformation:[-0.9449547730780733f,-0.2894473190977705f,0.15258022907336555f,0.07509214497626454f,-0.3258924815601123f,0.8742417196682335f,-0.35985484025384684f,0.6369098817043061f,-0.029232983076639685f,-0.3897712984028496f,-0.9204475909261742f,-0.041929451717882815f,0f,0f,0f,1f],start_interpolation:0}
execute if entity @s[tag=aj.dino.bone.leg_left_3] run data modify entity @s {} merge value {transformation:[-0.9799037596111796f,0.007804567254115982f,-0.1993181141538607f,0.3727487834562092f,0.011016837444204359f,0.9998266148099554f,-0.015012315290881123f,0.03659978166850736f,0.19916639072043107f,-0.016906479457321266f,-0.9798198404603553f,-0.2008991147049548f,0f,0f,0f,1f],start_interpolation:0}
execute if entity @s[tag=aj.dino.bone.leg_left_2] run data modify entity @s {} merge value {transformation:[-1.005499858063689f,-0.19561717137392118f,-0.05259426963331536f,0.3239653956781859f,-0.18464626834289535f,0.9946337296658361f,-0.16932719479979025f,0.262928034941575f,0.08329460079524575f,-0.15652432902072647f,-1.010259542594707f,-0.26847703205431356f,0f,0f,0f,1f],start_interpolation:0}
execute if entity @s[tag=aj.dino.bone.leg_left_1] run data modify entity @s {} merge value {transformation:[-0.9802219155451003f,0.04058528787465342f,0.19369520049094108f,0.3442400151132234f,0.1820828857409148f,0.5683854779588972f,0.8023613719301902f,0.3711600744734547f,-0.07752947185009937f,0.8217607820123614f,-0.5645337883077302f,-0.013745504588042357f,0f,0f,0f,1f],start_interpolation:0}
execute if entity @s[tag=aj.dino.bone.leg_left_0] run data modify entity @s {} merge value {transformation:[-0.9985306436334742f,0.02938115945725442f,-0.04553351725780888f,0.24337795142295784f,0.053580907847642606f,0.6609318705359041f,-0.7485306599092206f,0.6978286347129301f,0.008101854055845792f,-0.749870528810713f,-0.6615349952814283f,-0.2533739136376836f,0f,0f,0f,1f],start_interpolation:0}
execute if entity @s[tag=aj.dino.bone.leg_right_3] run data modify entity @s {} merge value {transformation:[-0.9253954991736933f,0.006430821118657105f,0.3789483007598934f,-0.23215088858419455f,0.009167939812642273f,0.9999432901518258f,0.005418981447940785f,0.025009664901363637f,-0.37889196215895454f,0.00848887625550021f,-0.9254019775163959f,-0.21320867644214525f,0f,0f,0f,1f],start_interpolation:0}
execute if entity @s[tag=aj.dino.bone.leg_right_2] run data modify entity @s {} merge value {transformation:[-1.0141004826920343f,0.1476809762988378f,0.043043463428251015f,-0.1948231781467532f,0.13005472315256622f,0.9764098667551255f,-0.2859575852983128f,0.24357025285817507f,-0.08214730360873974f,-0.27726575851221585f,-0.9840923326432096f,-0.3081243415954118f,0f,0f,0f,1f],start_interpolation:0}
execute if entity @s[tag=aj.dino.bone.leg_right_1] run data modify entity @s {} merge value {transformation:[-0.9688394294544229f,0.04816998245247321f,-0.24296051680253827f,-0.18814622727932753f,-0.18621598270963863f,0.5051341158811983f,0.8427117732394653f,0.33239652673785214f,0.16332105717852677f,0.861695524975875f,-0.480423828008811f,-0.045296076267018676f,0f,0f,0f,1f],start_interpolation:0}
execute if entity @s[tag=aj.dino.bone.leg_right_0] run data modify entity @s {} merge value {transformation:[-0.981375505134273f,-0.1867531909490611f,-0.0450040397386053f,-0.1436979391954856f,-0.13674840490423448f,0.8436988368701658f,-0.5191070664324237f,0.7218191761800349f,0.13491475708238138f,-0.5032847288903893f,-0.8535235731877177f,-0.18910716190473886f,0f,0f,0f,1f],start_interpolation:0}
execute if entity @s[tag=aj.dino.bone.tail_4] run data modify entity @s {} merge value {transformation:[-2.6884498632095672f,0.5748532314248369f,0.25969679807206697f,0.12450811773663947f,0.6072649984892767f,2.6662571686165246f,0.38465993294182754f,0.15865642131890792f,-0.17066893747334247f,0.43159912502392267f,-2.7221784733298264f,-1.8665511140671345f,0f,0f,0f,1f],start_interpolation:0}
execute if entity @s[tag=aj.dino.bone.tail_3] run data modify entity @s {} merge value {transformation:[-2.0075646528472086f,0.4857112535458958f,0.2640345978499525f,0.07498454117916153f,0.4477143039398088f,2.0118251389962674f,-0.2967440617683619f,0.1892859598805525f,-0.3243171175417726f,-0.22932447389227248f,-2.044058271915914f,-1.5177102475287916f,0f,0f,0f,1f],start_interpolation:0}
execute if entity @s[tag=aj.dino.bone.tail_2] run data modify entity @s {} merge value {transformation:[-1.893593867947421f,0.4412251443975911f,0.1959502748812228f,0.03726259534366773f,0.31814261087604523f,1.7370168234020607f,-0.8368582373173863f,0.3455046555201142f,-0.3631272744089531f,-0.7790165609101737f,-1.755005884722552f,-1.1919123686158086f,0f,0f,0f,1f],start_interpolation:0}
execute if entity @s[tag=aj.dino.bone.tail_1] run data modify entity @s {} merge value {transformation:[-1.4612307299443705f,-0.04017510785214835f,0.38839022203875206f,-0.044427529189440026f,-0.22614059974039172f,1.3135415528780057f,-0.7149302539492177f,0.48350902953052555f,-0.31831027789768085f,-0.7487661848480506f,-1.2750231438733952f,-0.9080846157328533f,0f,0f,0f,1f],start_interpolation:0}
execute if entity @s[tag=aj.dino.bone.tail_0] run data modify entity @s {} merge value {transformation:[-1.272772033421735f,-0.03577601811361599f,-0.1122815392282455f,-0.012479592807640202f,0.009385197535218071f,1.183245878887915f,-0.4834013081757413f,0.6533239578962996f,0.11746908355288528f,-0.4821669661089686f,-1.1779438644462417f,-0.575497588376324f,0f,0f,0f,1f],start_interpolation:0}
execute if entity @s[tag=aj.dino.bone.body_1] run data modify entity @s {} merge value {transformation:[-1.2173974070558267f,0.04589113684808554f,-0.2108130733820614f,0.033440400000000044f,0.07545296331749118f,1.2223483103718942f,-0.16963505980143095f,0.6104279f,0.20212619492932982f,-0.17989776748480235f,-1.2063939612057184f,-0.28291050000000006f,0f,0f,0f,1f],start_interpolation:0}