execute if entity @s[tag=aj.dino.bone.head_lower] run data modify entity @s {} merge value {transformation:[-0.9983594842018165f,0.048739492394901954f,-0.030046666793006473f,0.2751983453376943f,0.05251730588104887f,0.9885541270024769f,-0.1414307978106863f,1.2645582326801714f,0.02280949116659585f,-0.1427767483432021f,-0.9894920551703601f,0.2997830735403055f,0f,0f,0f,1f],start_interpolation:0}
execute if entity @s[tag=aj.dino.bone.head_upper] run data modify entity @s {} merge value {transformation:[-1.0391919711225526f,0.01876012505331928f,-0.05656896185997022f,0.2713972888801851f,0.054665241809372996f,0.6936205406373073f,-0.7741926113877862f,1.2267794692280767f,0.02374238985135497f,-0.7758933856513408f,-0.6934678764082393f,0.23456211453451983f,0f,0f,0f,1f],start_interpolation:0}
execute if entity @s[tag=aj.dino.bone.neck_0] run data modify entity @s {} merge value {transformation:[-0.9860886664123761f,0.011918317862752395f,-0.16579232694061533f,0.2608020194141679f,0.1604888554620445f,0.3279262171004136f,-0.9309713869989213f,1.1612063984467578f,0.04327203768653026f,-0.9446281542689349f,-0.3252770832950283f,0.2288481922785287f,0f,0f,0f,1f],start_interpolation:0}
execute if entity @s[tag=aj.dino.bone.neck_1] run data modify entity @s {} merge value {transformation:[-0.9247610729040946f,-0.1670784403792964f,-0.3419089832129155f,0.23106813149060693f,0.17977295565574636f,0.6000869913381041f,-0.7794724416177773f,1.0979393778241566f,0.3354081729118491f,-0.7822917598870667f,-0.5249009048922768f,0.18077827595844642f,0f,0f,0f,1f],start_interpolation:0}
execute if entity @s[tag=aj.dino.bone.neck_2] run data modify entity @s {} merge value {transformation:[-0.8545632211690665f,-0.45895123932341897f,-0.24307501095062603f,0.20527951799124908f,-0.14095674471230582f,0.6554362494275094f,-0.7419801338691686f,1.0393534837757648f,0.49985287549964036f,-0.5998058709781835f,-0.6248039852584517f,0.12016828646437078f,0f,0f,0f,1f],start_interpolation:0}
execute if entity @s[tag=aj.dino.bone.body_0] run data modify entity @s {} merge value {transformation:[-0.9694881084086873f,-0.10960648974577186f,-0.21926975409243166f,0.10089436632612322f,0.1434996723427657f,0.4714502964216366f,-0.8701393348432593f,0.6337512316729289f,0.19874770864506672f,-0.8750548756561275f,-0.4413369607213684f,-0.09616815961922659f,0f,0f,0f,1f],start_interpolation:0}
execute if entity @s[tag=aj.dino.bone.leg_left_3] run data modify entity @s {} merge value {transformation:[-0.9549497807825597f,-0.03559419389625742f,-0.29462513393160605f,0.44752828723652915f,-0.03806269716380414f,0.9992718487918478f,0.002646374262760501f,0.05837826430406551f,0.2943164067257511f,0.013741381771775994f,-0.9556092439690217f,-0.2779378763656187f,0f,0f,0f,1f],start_interpolation:0}
execute if entity @s[tag=aj.dino.bone.leg_left_2] run data modify entity @s {} merge value {transformation:[-0.9827467010494021f,-0.2736552910318153f,-0.10669537369307143f,0.37891765938470623f,-0.2714567583471844f,0.9885072935551613f,-0.03502511151420557f,0.28729431423615015f,0.11217107213916622f,-0.0053208814341836825f,-1.0195349617823846f,-0.3105123432881271f,0f,0f,0f,1f],start_interpolation:0}
execute if entity @s[tag=aj.dino.bone.leg_left_1] run data modify entity @s {} merge value {transformation:[-0.9926264935780639f,0.06289835257037107f,0.10361680119966683f,0.41027850664309806f,0.1211091185479756f,0.5500584256004566f,0.8262979546328791f,0.3904922904605141f,-0.005022514454968999f,0.8327541808180137f,-0.5536201303047689f,-0.05481709377770477f,0f,0f,0f,1f],start_interpolation:0}
execute if entity @s[tag=aj.dino.bone.leg_left_0] run data modify entity @s {} merge value {transformation:[-0.9931064172521958f,-0.10769896900986252f,-0.046266360206096216f,0.25628469272135085f,-0.020573919435440086f,0.548740006636092f,-0.8357398632086935f,0.6715876540143367f,0.11539652443454083f,-0.8290267409385745f,-0.5471730119050044f,-0.3223588296374238f,0f,0f,0f,1f],start_interpolation:0}
execute if entity @s[tag=aj.dino.bone.leg_right_3] run data modify entity @s {} merge value {transformation:[-0.8961106984748272f,0.012754724166932564f,0.44364730709245104f,-0.23848783234167625f,0.0326283993856728f,0.9987753698749361f,0.03719069890058341f,0.019562118193457934f,-0.4426296461292296f,0.047802484690759234f,-0.8954294605522551f,-0.24304308089902402f,0f,0f,0f,1f],start_interpolation:0}
execute if entity @s[tag=aj.dino.bone.leg_right_2] run data modify entity @s {} merge value {transformation:[-1.0102310860058652f,0.1771514575530097f,0.010616659312098391f,-0.19529873190222286f,0.17049370523542273f,0.9858189463156464f,-0.2261749346432976f,0.24210076445543946f,-0.049267117260925135f,-0.22099901735674637f,-1.0003971136428f,-0.32539795075582784f,0f,0f,0f,1f],start_interpolation:0}
execute if entity @s[tag=aj.dino.bone.leg_right_1] run data modify entity @s {} merge value {transformation:[-0.9699528867245221f,0.09447951760015776f,-0.22419861348547213f,-0.17705816370038924f,-0.1499962563443377f,0.4933172879452457f,0.8568192204292754f,0.32768990785266455f,0.19155291858243867f,0.8647032289568422f,-0.46432295357236075f,-0.06204426108361322f,0f,0f,0f,1f],start_interpolation:0}
execute if entity @s[tag=aj.dino.bone.leg_right_0] run data modify entity @s {} merge value {transformation:[-0.981866896585507f,-0.17644424612211196f,-0.0693168478794649f,-0.12652589745095144f,-0.1027994853165207f,0.8027893834364876f,-0.5873342078070394f,0.7026568602039398f,0.15927857108915733f,-0.5695582795922325f,-0.8063706982149914f,-0.23854795304654497f,0f,0f,0f,1f],start_interpolation:0}
execute if entity @s[tag=aj.dino.bone.tail_4] run data modify entity @s {} merge value {transformation:[-2.581485743402953f,-0.25179939990707684f,0.9477287325040529f,0.6600522819040106f,0.7444418106614583f,1.2339403037592926f,2.3556016320459445f,0.465607258072551f,-0.6382782142188408f,2.4575698811152575f,-1.0856392275008984f,-1.6045550271503206f,0f,0f,0f,1f],start_interpolation:0}
execute if entity @s[tag=aj.dino.bone.tail_3] run data modify entity @s {} merge value {transformation:[-1.6799994329911427f,0.14285388625931575f,1.2219411599477668f,0.451458279519815f,0.9084702365542991f,1.5386928424161628f,1.0691359558244644f,0.26926399151589675f,-0.8295958416535487f,1.3956943182238453f,-1.3037460011955015f,-1.3971458487565702f,0f,0f,0f,1f],start_interpolation:0}
execute if entity @s[tag=aj.dino.bone.tail_2] run data modify entity @s {} merge value {transformation:[-1.500646874757662f,0.5736086352695843f,1.1125672859773483f,0.24366129705928f,0.6688128229822908f,1.835620240492682f,-0.04429012881923982f,0.27842877116342535f,-1.0580747800119317f,0.34676410027644294f,-1.6059284833593768f,-1.099307125848603f,0f,0f,0f,1f],start_interpolation:0}
execute if entity @s[tag=aj.dino.bone.tail_1] run data modify entity @s {} merge value {transformation:[-0.9039310717693532f,-0.04292547382577873f,1.2119085242652354f,-0.015739586149871396f,-0.7439013327678513f,1.2133615278029193f,-0.5118797319234089f,0.3744581896440584f,-0.9576928915869239f,-0.9019797428682081f,-0.7462661179896071f,-0.9267782599292681f,0f,0f,0f,1f],start_interpolation:0}
execute if entity @s[tag=aj.dino.bone.tail_0] run data modify entity @s {} merge value {transformation:[-1.2726881032782742f,-0.11869813564210452f,-0.003385402939849046f,-0.017614690181977512f,-0.10000758780762263f,1.0910636449597708f,-0.6583421007440036f,0.5931703620876688f,0.06402492279477755f,-0.6552301823223772f,-1.095632207457838f,-0.6224209355379428f,0f,0f,0f,1f],start_interpolation:0}
execute if entity @s[tag=aj.dino.bone.body_1] run data modify entity @s {} merge value {transformation:[-1.2039825552675896f,0.02885204654826244f,-0.27963934107623756f,0.04545414941162002f,0.09771616360314683f,1.1961041694181231f,-0.29730617606688675f,0.581723779470253f,0.2635946756637138f,-0.31161991330274214f,-1.1670541853963694f,-0.3301073726885071f,0f,0f,0f,1f],start_interpolation:0}