execute if entity @s[tag=aj.dino.bone.head_lower] run data modify entity @s {} merge value {transformation:[-0.9030830601059711f,-0.37641383581163573f,0.20676946283048162f,0.08445456079329161f,-0.40807133304997123f,0.9021599304276601f,-0.13994730105857378f,1.320043370381919f,-0.13386102379876852f,-0.21076072722480932f,-0.9683290464337085f,0.26703233298106593f,0f,0f,0f,1f],start_interpolation:0}
execute if entity @s[tag=aj.dino.bone.head_upper] run data modify entity @s {} merge value {transformation:[-0.9400187809796969f,-0.16271921968146744f,0.4163641309421428f,0.10921198127937995f,-0.42476128054199297f,0.6273041227424053f,-0.7138202397846498f,1.284788573837489f,-0.1393358838967116f,-0.8145452324580525f,-0.6329087756715708f,0.20506761767241044f,0f,0f,0f,1f],start_interpolation:0}
execute if entity @s[tag=aj.dino.bone.neck_0] run data modify entity @s {} merge value {transformation:[-0.9780028973420554f,-0.03247302754978114f,0.20604813824030602f,0.1233785555485206f,-0.20647198095405714f,0.29115976262060117f,-0.9341281034802575f,1.2197267465632198f,-0.029658959379125147f,-0.9561231589667026f,-0.29145986175815225f,0.20175053167608953f,0f,0f,0f,1f],start_interpolation:0}
execute if entity @s[tag=aj.dino.bone.neck_1] run data modify entity @s {} merge value {transformation:[-0.9855471606333343f,-0.16936410823907835f,-0.0035486628403573056f,0.12229769795359866f,-0.07964974988519195f,0.4817749692736911f,-0.8726676322200568f,1.1480198214130808f,0.14950823225093376f,-0.8597724570034306f,-0.48830176189266955f,0.15642409924529793f,0f,0f,0f,1f],start_interpolation:0}
execute if entity @s[tag=aj.dino.bone.neck_2] run data modify entity @s {} merge value {transformation:[-0.9673610553885115f,-0.23546882714413447f,-0.0936323659905638f,0.11178941346432228f,-0.05001796963362629f,0.5396619829364748f,-0.8403946375880808f,1.0796785763022705f,0.2484165679485868f,-0.808281742721211f,-0.5338256580122462f,0.10174338447366013f,0f,0f,0f,1f],start_interpolation:0}
execute if entity @s[tag=aj.dino.bone.body_0] run data modify entity @s {} merge value {transformation:[-0.9919875445025861f,-0.1258442575554745f,-0.011132582451573475f,0.10534384524354207f,-0.041921116556710415f,0.41101035624094306f,-0.9106662984042683f,0.6544003522690982f,0.11917773088278022f,-0.90290293492878f,-0.41299268584156223f,-0.1014997987247615f,0f,0f,0f,1f],start_interpolation:0}
execute if entity @s[tag=aj.dino.bone.leg_left_3] run data modify entity @s {} merge value {transformation:[-0.9626842519873798f,-0.03823992067578394f,-0.2679118128082622f,0.46058365430603393f,-0.03786497279216944f,0.9992612794019908f,-0.006568053238555062f,0.0638322105675388f,0.2679650626685274f,0.003821512083713903f,-0.9634210508570208f,-0.2656356097895563f,0f,0f,0f,1f],start_interpolation:0}
execute if entity @s[tag=aj.dino.bone.leg_left_2] run data modify entity @s {} merge value {transformation:[-0.979967705591982f,-0.2940154751289466f,-0.07266633252188534f,0.3882830581687984f,-0.29009452642220446f,0.9819390113738182f,-0.0608534566214574f,0.2903900776787923f,0.0870095468173365f,-0.03758826715349533f,-1.021312224755845f,-0.3058255179036037f,0f,0f,0f,1f],start_interpolation:0}
execute if entity @s[tag=aj.dino.bone.leg_left_1] run data modify entity @s {} merge value {transformation:[-0.9938060190326067f,0.02685474340658265f,0.10783514868135176f,0.4096517488351804f,0.10216807268879718f,0.6025348353565719f,0.7915260305920995f,0.410065649768935f,-0.043718205105188014f,0.7976406427322993f,-0.6015464434305846f,-0.056357038604380016f,0f,0f,0f,1f],start_interpolation:0}
execute if entity @s[tag=aj.dino.bone.leg_left_0] run data modify entity @s {} merge value {transformation:[-0.9953270710383639f,-0.09639319470641745f,-0.005689786681650072f,0.25653555474726086f,-0.0471911690074633f,0.5369978928982974f,-0.8422625817347569f,0.6839867305758474f,0.08424378449417513f,-0.8380582408383559f,-0.5390374474347952f,-0.3317294249506814f,0f,0f,0f,1f],start_interpolation:0}
execute if entity @s[tag=aj.dino.bone.leg_right_3] run data modify entity @s {} merge value {transformation:[-0.8856236078719122f,0.002347854230372719f,0.46439779581782054f,-0.23813760364031133f,0.006884502322537636f,0.9999437088310348f,0.00807358637818692f,0.019686491572399517f,-0.4643526987190968f,0.010347306400604689f,-0.8855899188916643f,-0.2438323818290665f,0f,0f,0f,1f],start_interpolation:0}
execute if entity @s[tag=aj.dino.bone.leg_right_2] run data modify entity @s {} merge value {transformation:[-1.0107960195355903f,0.17357149165422267f,0.015051367932136916f,-0.1956450592683731f,0.16426168986324882f,0.9789740749038937f,-0.2582441817544594f,0.23964819308178154f,-0.05806637266930248f,-0.2520811326769389f,-0.9925450107748445f,-0.33317613151482817f,0f,0f,0f,1f],start_interpolation:0}
execute if entity @s[tag=aj.dino.bone.leg_right_1] run data modify entity @s {} merge value {transformation:[-0.9695177023590431f,0.09232727119562262f,-0.22696056883523172f,-0.1778340384339041f,-0.14362301578238665f,0.5363293531988035f,0.8316990166129364f,0.33838157896008003f,0.19851411574498756f,0.8389436810006518f,-0.5067204810929419f,-0.07443326357523306f,0f,0f,0f,1f],start_interpolation:0}
execute if entity @s[tag=aj.dino.bone.leg_right_0] run data modify entity @s {} merge value {transformation:[-0.981229152140538f,-0.17322270593286637f,-0.08475402727220005f,-0.12485436205510153f,-0.09552246432688016f,0.818366793521311f,-0.5667020822888935f,0.7169390046448146f,0.16752554968864014f,-0.54796869017394f,-0.8195520146949647f,-0.24234606211720572f,0f,0f,0f,1f],start_interpolation:0}
execute if entity @s[tag=aj.dino.bone.tail_4] run data modify entity @s {} merge value {transformation:[-2.6425706366340393f,0.38667558055342416f,0.7021137781038377f,0.3627407523430922f,0.6748374691572017f,2.3785296721578826f,1.2299806179310389f,0.14257040179824995f,-0.4325230077360918f,1.3486066608422902f,-2.370621280110076f,-1.8057098367994584f,0f,0f,0f,1f],start_interpolation:0}
execute if entity @s[tag=aj.dino.bone.tail_3] run data modify entity @s {} merge value {transformation:[-1.887120448835065f,0.48161656001717684f,0.7367275118727484f,0.23310599531233608f,0.5751743954427966f,1.9940688917976943f,0.16973271822537286f,0.09427647553398777f,-0.6662554708668461f,0.3573237606518516f,-1.9401981609253376f,-1.480220620556701f,0f,0f,0f,1f],start_interpolation:0}
execute if entity @s[tag=aj.dino.bone.tail_2] run data modify entity @s {} merge value {transformation:[-1.7666655077116786f,0.5862485105107107f,0.594961799436391f,0.1213370438269375f,0.36308755465071724f,1.7925802526403334f,-0.6881840891102163f,0.2229034275385579f,-0.7522195733443643f,-0.5116078544849253f,-1.729507731034971f,-1.1593868744030127f,0f,0f,0f,1f],start_interpolation:0}
execute if entity @s[tag=aj.dino.bone.tail_1] run data modify entity @s {} merge value {transformation:[-1.276645925468936f,-0.10812039021343368f,0.8038292183067623f,-0.049096703889920636f,-0.5716392878714006f,1.1833489218029831f,-0.7487122971005595f,0.3700988704848302f,-0.5753780979021045f,-0.9357625556132352f,-1.039684920524841f,-0.9236698486838991f,0f,0f,0f,1f],start_interpolation:0}
execute if entity @s[tag=aj.dino.bone.tail_0] run data modify entity @s {} merge value {transformation:[-1.269392630458851f,-0.1109710115709797f,-0.10081419003146568f,-0.02231438260966318f,-0.04144734407866789f,1.0857473370715385f,-0.6732537072270124f,0.5930402689412412f,0.14408394771664013f,-0.6653374115567263f,-1.0818510347443462f,-0.6235836087095841f,0f,0f,0f,1f],start_interpolation:0}
execute if entity @s[tag=aj.dino.bone.body_1] run data modify entity @s {} merge value {transformation:[-1.1995143770142895f,0.018299982923146104f,-0.299056792294179f,0.04597949876475147f,0.10363862482899439f,1.1832226880247954f,-0.34328952946919716f,0.5931518310508836f,0.28112077446504397f,-0.3581253638387546f,-1.1494876810978811f,-0.33222153992274905f,0f,0f,0f,1f],start_interpolation:0}