execute if entity @s[tag=aj.dino.bone.head_lower] run data modify entity @s {} merge value {transformation:[-0.057353098884297515f,-0.021949720275665385f,0.9981126348404716f,-0.24085451821114f,-0.3937976897016628f,0.9191939686900816f,-0.002414023489870243f,0.5146819899551681f,-0.917406126878386f,-0.39319290139014046f,-0.061362371714287045f,0.48802018990920887f,0f,0f,0f,1f],start_interpolation:0}
execute if entity @s[tag=aj.dino.bone.head_upper] run data modify entity @s {} merge value {transformation:[-0.05969881673154075f,-0.5313353737577262f,0.8930793438760629f,-0.1912375086718633f,-0.40990385112809014f,0.8340604865972641f,0.4688217999528206f,0.5656026916002362f,-0.9549276552151592f,-0.3248041992868617f,-0.2570745962058603f,0.46270831522260886f,0f,0f,0f,1f],start_interpolation:0}
execute if entity @s[tag=aj.dino.bone.neck_0] run data modify entity @s {} merge value {transformation:[-0.3848283604188093f,0.11950956548744203f,0.9152183328443405f,-0.13387329190011021f,-0.20158773480378284f,0.9567599009729236f,-0.20969710791272464f,0.5365784143397258f,-0.9007050117513786f,-0.265194184791605f,-0.3440966814118749f,0.4450540177864257f,0f,0f,0f,1f],start_interpolation:0}
execute if entity @s[tag=aj.dino.bone.neck_1] run data modify entity @s {} merge value {transformation:[-0.516719130945046f,-0.18730376912793628f,0.8354152487151916f,-0.06396554056019542f,-0.3445588793139126f,0.9387609927579313f,-0.0026414318245132837f,0.5406794049439085f,-0.7837604981123618f,-0.2892146202158729f,-0.5496129411249805f,0.39716221239978067f,0f,0f,0f,1f],start_interpolation:0}
execute if entity @s[tag=aj.dino.bone.neck_2] run data modify entity @s {} merge value {transformation:[-0.8102662903498682f,-0.27464476074808764f,0.5177246315526128f,-0.021297923762149118f,-0.2825329064240062f,0.9570184620198652f,0.06550435207476962f,0.5557878863480122f,-0.5134624577418166f,-0.09319827652246199f,-0.8530359815054556f,0.32151739327396367f,0f,0f,0f,1f],start_interpolation:0}
execute if entity @s[tag=aj.dino.bone.body_0] run data modify entity @s {} merge value {transformation:[-0.9110433962328629f,-0.2453340868421781f,0.3313776033678274f,0.132541984194315f,-0.320474422986942f,0.9270210621088133f,-0.19475136615139318f,0.4728333321913978f,-0.2594148692570977f,-0.2836249922696552f,-0.9231797167227846f,-0.11627562787615581f,0f,0f,0f,1f],start_interpolation:0}
execute if entity @s[tag=aj.dino.bone.leg_left_3] run data modify entity @s {} merge value {transformation:[-0.9791766343078735f,0.08320544778105834f,-0.18517551750989747f,0.4063225919258849f,0.07714700780338296f,0.996229085093074f,0.0396982266808055f,0.014645814919394373f,0.18778034511761138f,0.02458583889497068f,-0.9819032938702975f,-0.24943040606508837f,0f,0f,0f,1f],start_interpolation:0}
execute if entity @s[tag=aj.dino.bone.leg_left_2] run data modify entity @s {} merge value {transformation:[-0.9423716809983316f,-0.22917231377928596f,0.33388301087375105f,0.36175936390675223f,-0.32791900695899934f,0.928049899914082f,-0.2885389187703788f,0.22154702770129656f,-0.23762773244740776f,-0.3718408710284602f,-0.925920961478566f,-0.3650897287498957f,0f,0f,0f,1f],start_interpolation:0}
execute if entity @s[tag=aj.dino.bone.leg_left_1] run data modify entity @s {} merge value {transformation:[-0.9130082094099746f,-0.374645683005813f,0.16142063608813895f,0.26960182342146777f,0.03491305190341602f,0.32248310624893706f,0.9459311417808516f,0.2582916543044738f,-0.4064444468273384f,0.8692785850284956f,-0.28134969922513575f,-0.10591757398156071f,0f,0f,0f,1f],start_interpolation:0}
execute if entity @s[tag=aj.dino.bone.leg_left_0] run data modify entity @s {} merge value {transformation:[-0.9285194567323959f,0.2427788371917301f,0.28090933534008367f,0.23409272947890125f,-0.008979876116908175f,0.7416835141521936f,-0.6706898885921703f,0.6030549147101252f,-0.3711751342618484f,-0.62527114202295f,-0.6864874497461803f,-0.33869359741674193f,0f,0f,0f,1f],start_interpolation:0}
execute if entity @s[tag=aj.dino.bone.leg_right_3] run data modify entity @s {} merge value {transformation:[-0.48936177849944706f,0.03248733722973022f,0.8714755433536729f,-0.1676679997968474f,0.015352833096247936f,0.9994719456817602f,-0.028637742771290137f,0.018173280479735904f,-0.8719457209366743f,-0.0006345981701972869f,-0.4896021415653585f,-0.2799901654789183f,0f,0f,0f,1f],start_interpolation:0}
execute if entity @s[tag=aj.dino.bone.leg_right_2] run data modify entity @s {} merge value {transformation:[-0.94903636403189f,0.29526562011080965f,0.25339769696349473f,-0.08953857421011285f,0.249633892087085f,0.974444290636327f,-0.20050796460094225f,0.2387309589908158f,-0.2984545177531709f,-0.12384965695365582f,-0.9734723225679701f,-0.3384809799142262f,0f,0f,0f,1f],start_interpolation:0}
execute if entity @s[tag=aj.dino.bone.leg_right_1] run data modify entity @s {} merge value {transformation:[-0.9470066061357182f,-0.21343352943444674f,-0.24005127878947774f,-0.15365060316528048f,-0.2612039580634812f,0.07673398066285886f,0.9622288649295462f,0.20334213288509118f,-0.18695181258088842f,0.973939435860766f,-0.12841726927455382f,-0.07080456259309544f,0f,0f,0f,1f],start_interpolation:0}
execute if entity @s[tag=aj.dino.bone.leg_right_0] run data modify entity @s {} merge value {transformation:[-0.9548753791068528f,-0.10275101681338292f,0.27866689598759253f,-0.10565048727298973f,-0.2087092423530218f,0.8996802918846012f,-0.3834264265160482f,0.6120669602199179f,-0.21131365912304734f,-0.42428481110953625f,-0.8805276466583964f,-0.14114148716970604f,0f,0f,0f,1f],start_interpolation:0}
execute if entity @s[tag=aj.dino.bone.tail_4] run data modify entity @s {} merge value {transformation:[-0.029307681241526773f,-2.378799921358168f,1.4021816307335575f,-0.6840455491637253f,2.7561660935478987f,0.060305277607376986f,0.1599158211985766f,0.5295380459920385f,-0.168377124922488f,1.4011907576197726f,2.3735995736778697f,0.21843417897903034f,0f,0f,0f,1f],start_interpolation:0}
execute if entity @s[tag=aj.dino.bone.tail_3] run data modify entity @s {} merge value {transformation:[0.12457377725580386f,-1.9644083722563204f,0.6793575252206591f,-0.78001620226791f,2.0725417673913813f,0.06562297659344292f,-0.1902886581109638f,0.5611617981121272f,0.15810604821725213f,0.6875601050066343f,1.9591347849407492f,-0.12049099783639766f,0f,0f,0f,1f],start_interpolation:0}
execute if entity @s[tag=aj.dino.bone.tail_2] run data modify entity @s {} merge value {transformation:[0.26671768599016366f,-1.9310688258030548f,-0.13641385924619281f,-0.7549194441268524f,1.9178529868352023f,0.2823260449717133f,-0.24679100514544808f,0.6085250340405296f,0.26358200217412925f,-0.10019515629519132f,1.9337164564091698f,-0.47979360091956547f,0f,0f,0f,1f],start_interpolation:0}
execute if entity @s[tag=aj.dino.bone.tail_1] run data modify entity @s {} merge value {transformation:[0.5455450409434943f,-0.5751541776038728f,-1.2881127785589173f,-0.4712224784362647f,0.8920627306705141f,1.2105396988345012f,-0.16270824224464436f,0.6278881835043155f,1.0928224663002803f,-0.7010332085789437f,0.7758529162276085f,-0.6392231373914021f,0f,0f,0f,1f],start_interpolation:0}
execute if entity @s[tag=aj.dino.bone.tail_0] run data modify entity @s {} merge value {transformation:[-0.32579639773351865f,-0.07968337600736916f,-1.2334273320289115f,-0.11270924630557257f,0.06745626685857141f,1.2725093947380295f,-0.10002604135417503f,0.6878260360810715f,1.2341564227720068f,-0.09058761767234062f,-0.3201367274135877f,-0.5478577855534499f,0f,0f,0f,1f],start_interpolation:0}
execute if entity @s[tag=aj.dino.bone.body_1] run data modify entity @s {} merge value {transformation:[-1.0685308001945868f,0.17184527791325732f,-0.5977589184200275f,0.01468632999189616f,0.02834390129119573f,1.2004596971193613f,0.29444478923549705f,0.5385122674418605f,0.6213237057696741f,0.2407702454774191f,-1.0414370535935586f,-0.32195584345993167f,0f,0f,0f,1f],start_interpolation:0}