execute if entity @s[tag=aj.dino.bone.head_lower] run data modify entity @s {} merge value {transformation:[-0.994117821995798f,0.03864661160490969f,-0.10117408463529608f,0.4043333638617641f,0.028623854634752813f,0.9947048811344156f,0.09870599978327782f,0.6304274582628511f,0.10445300826773415f,0.09522940123106477f,-0.9899600649546392f,0.7051475373864747f,0f,0f,0f,1f],start_interpolation:0}
execute if entity @s[tag=aj.dino.bone.head_upper] run data modify entity @s {} merge value {transformation:[-1.034776826699667f,0.07257310571779448f,-0.0862670611261799f,0.3996947255245927f,0.02979455836270811f,0.9442614926253798f,0.43698336400870896f,0.6817643314352084f,0.10872509278379772f,0.4319436542592915f,-0.9407845004717027f,0.6500252644012369f,0f,0f,0f,1f],start_interpolation:0}
execute if entity @s[tag=aj.dino.bone.neck_0] run data modify entity @s {} merge value {transformation:[-0.9763151421378835f,-0.1036787387855807f,-0.18989329202506228f,0.3894142413707581f,-0.04622931488032693f,0.9573995088135642f,-0.2850421564773212f,0.647807519838589f,0.21135655579607615f,-0.2695123367257562f,-0.9395166345917686f,0.593580753188442f,0f,0f,0f,1f],start_interpolation:0}
execute if entity @s[tag=aj.dino.bone.neck_1] run data modify entity @s {} merge value {transformation:[-0.945689859354873f,-0.06313703999069198f,-0.31887992112168817f,0.3621100623016793f,-0.035984938388315194f,0.9952607631346423f,-0.09033879329412471f,0.6447396802780806f,0.3230723976488079f,-0.07395760640977496f,-0.9434799936043092f,0.5133149011072119f,0f,0f,0f,1f],start_interpolation:0}
execute if entity @s[tag=aj.dino.bone.neck_2] run data modify entity @s {} merge value {transformation:[-0.8976090732399944f,0.02809886449101201f,-0.4398959029720031f,0.32384698742721685f,-0.004107140099099214f,0.9973896701899148f,0.07209006310622337f,0.6608203787213622f,0.44077327849751124f,0.06651540883711568f,-0.895150611545223f,0.43554422133090964f,0f,0f,0f,1f],start_interpolation:0}
execute if entity @s[tag=aj.dino.bone.body_0] run data modify entity @s {} merge value {transformation:[-0.8670962092242256f,-0.09412718218897528f,-0.4891668810560884f,0.09240779169195867f,-0.013982873974749857f,0.9861975338172984f,-0.16498152480833989f,0.5924599690164367f,0.4979444177660637f,-0.1362148959029153f,-0.8564443116454062f,0.03060761176650323f,0f,0f,0f,1f],start_interpolation:0}
execute if entity @s[tag=aj.dino.bone.leg_left_3] run data modify entity @s {} merge value {transformation:[-0.9030133712048715f,0.055930011267259466f,-0.4259562011109326f,0.204872752195372f,0.06619015172715331f,0.9977635928620491f,-0.00931002542167536f,0.02046626728638093f,0.42448287979558075f,-0.0366011830226845f,-0.9046958815877247f,-0.30019040454869184f,0f,0f,0f,1f],start_interpolation:0}
execute if entity @s[tag=aj.dino.bone.leg_left_2] run data modify entity @s {} merge value {transformation:[-0.9416831847858711f,-0.13872635700181535f,-0.382164855612389f,0.1592643271498384f,-0.0649208293320486f,1.0030804469342578f,-0.20414970584770245f,0.24787300597089135f,0.4013480595581251f,-0.16323851981646129f,-0.9296962515992806f,-0.36635020224908077f,0f,0f,0f,1f],start_interpolation:0}
execute if entity @s[tag=aj.dino.bone.leg_left_1] run data modify entity @s {} merge value {transformation:[-0.9399794135946704f,0.2937271708897687f,0.1736751309177921f,0.2485700203532309f,0.28044212093854937f,0.3750223733741336f,0.8835782004284172f,0.29730801092018705f,0.1943988652788583f,0.8792511407726034f,-0.434886781390706f,-0.10829195474109996f,0f,0f,0f,1f],start_interpolation:0}
execute if entity @s[tag=aj.dino.bone.leg_left_0] run data modify entity @s {} merge value {transformation:[-0.9477844695924087f,0.10151434331358655f,-0.30232339853383444f,0.20283463334904678f,0.22934809358465205f,0.8756692148986006f,-0.42497397337714005f,0.7023873343832086f,0.22159433920685362f,-0.47212102704759895f,-0.8532278034915401f,-0.19843791772764421f,0f,0f,0f,1f],start_interpolation:0}
execute if entity @s[tag=aj.dino.bone.leg_right_3] run data modify entity @s {} merge value {transformation:[-0.9984733530782993f,0.05491159496050392f,-0.005973268072987689f,-0.21489350551605113f,0.0548032908329634f,0.9983525562130747f,0.016993316824464644f,0.028391208576777988f,0.006896557580113746f,0.016640019282218033f,-0.9998377604650823f,-0.018742693366555707f,0f,0f,0f,1f],start_interpolation:0}
execute if entity @s[tag=aj.dino.bone.leg_right_2] run data modify entity @s {} merge value {transformation:[-1.017489661993794f,0.04442032976579938f,-0.12167095602462784f,-0.20672085729744855f,0.09349611703394291f,0.918684078787865f,-0.44647535092316243f,0.22859199746197326f,0.08964074595865709f,-0.45399184704781137f,-0.9153786861068954f,-0.1529959019570994f,0f,0f,0f,1f],start_interpolation:0}
execute if entity @s[tag=aj.dino.bone.leg_right_1] run data modify entity @s {} merge value {transformation:[-0.9217189857708535f,0.17313187413110798f,-0.3470727091394532f,-0.1596355121729885f,-0.2266289012187576f,0.4857886493987513f,0.844185245812621f,0.31127971665425586f,0.31475935633738983f,0.8567582752884195f,-0.4085239348225324f,0.10769375458694985f,0f,0f,0f,1f],start_interpolation:0}
execute if entity @s[tag=aj.dino.bone.leg_right_0] run data modify entity @s {} merge value {transformation:[-0.9404734438101557f,-0.2962855683812773f,-0.16650694717293135f,-0.15305801195722563f,-0.17714204164520225f,0.8454367093912347f,-0.5038427011434129f,0.7048388919503377f,0.2900524065916973f,-0.44435529971263366f,-0.847595404097769f,-0.03150103912184046f,0f,0f,0f,1f],start_interpolation:0}
execute if entity @s[tag=aj.dino.bone.tail_4] run data modify entity @s {} merge value {transformation:[-2.6312917514662244f,0.5525938042532575f,0.6297659388746938f,-0.15113958300603592f,0.8075211453324459f,2.22595885633824f,1.4208019219195644f,0.9824250894922891f,-0.2233263309750707f,1.537988487925142f,-2.2826252632666066f,-1.7723531078338775f,0f,0f,0f,1f],start_interpolation:0}
execute if entity @s[tag=aj.dino.bone.tail_3] run data modify entity @s {} merge value {transformation:[-1.9108008113320847f,0.6214062859560533f,0.5464796549107727f,-0.24988328615178373f,0.7588367727324504f,1.8642883298703905f,0.5334241290966437f,0.8737325445275208f,-0.3300795931379169f,0.6886427062910176f,-1.937205257919391f,-1.4506135933304334f,0f,0f,0f,1f],start_interpolation:0}
execute if entity @s[tag=aj.dino.bone.tail_2] run data modify entity @s {} merge value {transformation:[-1.8062701242030526f,0.6560043519562464f,0.3547117190462314f,-0.3170029592627617f,0.7051347054478895f,1.8049109501634644f,0.2526962290096842f,0.8277077595828062f,-0.2427903634561832f,0.3615641398109907f,-1.9050191829003529f,-1.096568182935935f,0f,0f,0f,1f],start_interpolation:0}
execute if entity @s[tag=aj.dino.bone.tail_1] run data modify entity @s {} merge value {transformation:[-1.4681106291930406f,0.34858394226046f,-0.10390700480993631f,-0.2975018180650123f,0.33574613049880886f,1.4648727797974332f,0.17052426473560306f,0.7727855215015669f,0.13993557912658494f,0.14245428813025426f,-1.499260170713479f,-0.7758191685103858f,0f,0f,0f,1f],start_interpolation:0}
execute if entity @s[tag=aj.dino.bone.tail_0] run data modify entity @s {} merge value {transformation:[-1.1298085085432124f,0.21445178331079648f,-0.5580133360791737f,-0.12926224828247734f,0.109635869315822f,1.2472320234350769f,0.2573479598936732f,0.7276803967718963f,0.5876635319353701f,0.1796063165283749f,-1.1208161583776275f,-0.4439564164828501f,0f,0f,0f,1f],start_interpolation:0}
execute if entity @s[tag=aj.dino.bone.body_1] run data modify entity @s {} merge value {transformation:[-1.1193225775282911f,0.05119016881627147f,-0.5225907855179177f,-0.011215232120943785f,0.007710425520697265f,1.2319479668510187f,0.10416021969149887f,0.6204841666666667f,0.5250353434102912f,0.09104047805483645f,-1.11564067449239f,-0.19071780956515175f,0f,0f,0f,1f],start_interpolation:0}