execute if entity @s[tag=aj.dino.bone.head_lower] run data modify entity @s {} merge value {transformation:[-0.0928206923519182f,-0.03870682346181803f,0.99493019900333f,-0.21896132223131182f,-0.3675835155539243f,0.9299886009452776f,0.0018871154874036122f,0.4983802871516392f,-0.9253467880553368f,-0.36554477691432075f,-0.1005501760631525f,0.4977675740695139f,0f,0f,0f,1f],start_interpolation:0}
execute if entity @s[tag=aj.dino.bone.head_upper] run data modify entity @s {} merge value {transformation:[-0.09661701999382319f,-0.5479708635395315f,0.8796959854078908f,-0.17065193215793742f,-0.3826175281802817f,0.8399570698660046f,0.481194233646699f,0.5502947884537506f,-0.9631930861256385f,-0.278696961012069f,-0.2793904532118317f,0.47195006301425346f,0f,0f,0f,1f],start_interpolation:0}
execute if entity @s[tag=aj.dino.bone.neck_0] run data modify entity @s {} merge value {transformation:[-0.40456268570836046f,0.11538045411385453f,0.9072025044833809f,-0.11373263400414582f,-0.18984374549839103f,0.9598030794899489f,-0.20673026120225557f,0.5214091617945412f,-0.8945883889407353f,-0.25586207106582126f,-0.3663962540233292f,0.4527003792640867f,0f,0f,0f,1f],start_interpolation:0}
execute if entity @s[tag=aj.dino.bone.neck_1] run data modify entity @s {} merge value {transformation:[-0.5405833393002708f,-0.1901037533897555f,0.819530485228033f,-0.04518342979661028f,-0.32886039168834785f,0.9443761259922006f,0.002139026542525943f,0.5259409881828468f,-0.7743516617464928f,-0.2683547942614221f,-0.573031594545497f,0.40292080517359163f,0f,0f,0f,1f],start_interpolation:0}
execute if entity @s[tag=aj.dino.bone.neck_2] run data modify entity @s {} merge value {transformation:[-0.8253865729891282f,-0.27867054659726326f,0.4909987083368397f,-0.004896619276269415f,-0.2731192673637051f,0.9582410513865528f,0.08473460469198407f,0.5427461538571313f,-0.49410815711135103f,-0.06416240251717795f,-0.8670295930239337f,0.32633432008060254f,0f,0f,0f,1f],start_interpolation:0}
execute if entity @s[tag=aj.dino.bone.body_0] run data modify entity @s {} merge value {transformation:[-0.918175335135807f,-0.25853179354974726f,0.30019221454294787f,0.1341200072187141f,-0.31825013317346684f,0.9325966671756769f,-0.17023603939204573f,0.4713986958774901f,-0.2359468302040081f,-0.25184274477691515f,-0.9385650351573462f,-0.11840697831760394f,0f,0f,0f,1f],start_interpolation:0}
execute if entity @s[tag=aj.dino.bone.leg_left_3] run data modify entity @s {} merge value {transformation:[-0.9765408810434651f,0.08305246543538433f,-0.19867107397896855f,0.406632198506603f,0.07645169434399923f,0.9962430202110948f,0.04068148365788546f,0.01506400350037343f,0.20130336828474577f,0.024538391670592435f,-0.9792215383923268f,-0.2536165069305793f,0f,0f,0f,1f],start_interpolation:0}
execute if entity @s[tag=aj.dino.bone.leg_left_2] run data modify entity @s {} merge value {transformation:[-0.9466172770662785f,-0.2362466911495269f,0.31648922759111164f,0.35987581105595445f,-0.32865683687859776f,0.9270088918390674f,-0.29103504518348283f,0.22164427267150333f,-0.2190036845198575f,-0.370005695730346f,-0.9312332526249921f,-0.3689833335652923f,0f,0f,0f,1f],start_interpolation:0}
execute if entity @s[tag=aj.dino.bone.leg_left_1] run data modify entity @s {} merge value {transformation:[-0.9204805042238762f,-0.3583127423329402f,0.15597313879513455f,0.2725931503968027f,0.033715559889523905f,0.3248204986053159f,0.9451745366370854f,0.2590878720358428f,-0.3893313529181722f,0.8752734557654773f,-0.2869102216151665f,-0.1082284684627064f,0f,0f,0f,1f],start_interpolation:0}
execute if entity @s[tag=aj.dino.bone.leg_left_0] run data modify entity @s {} merge value {transformation:[-0.9353206582095256f,0.23089240097951297f,0.2680745521238732f,0.23267107290683328f,-0.010082349782586125f,0.7399960438564284f,-0.6725356505789833f,0.6032106425078084f,-0.35365747913675044f,-0.6317393087712295f,-0.6898056488634229f,-0.34123710593358825f,0f,0f,0f,1f],start_interpolation:0}
execute if entity @s[tag=aj.dino.bone.leg_right_3] run data modify entity @s {} merge value {transformation:[-0.5027245822399085f,0.03171022518938147f,0.8638648366672579f,-0.16810316995736263f,0.017261931131828057f,0.999495952050186f,-0.02664334004759336f,0.01759259615033898f,-0.8642742736801259f,0.0015177133228561068f,-0.5030185646683031f,-0.2794725034654888f,0f,0f,0f,1f],start_interpolation:0}
execute if entity @s[tag=aj.dino.bone.leg_right_2] run data modify entity @s {} merge value {transformation:[-0.9541291566841232f,0.2903544307347589f,0.23957056667844662f,-0.09153795489488777f,0.24742137129372122f,0.9756973645859203f,-0.1971281747186797f,0.23855024748229162f,-0.28369423133555716f,-0.125583266375253f,-0.9776546557011547f,-0.33851957135475674f,0f,0f,0f,1f],start_interpolation:0}
execute if entity @s[tag=aj.dino.bone.leg_right_1] run data modify entity @s {} merge value {transformation:[-0.9501623504872471f,-0.1999406548417767f,-0.23919707828063314f,-0.1520925436883961f,-0.2579413739546504f,0.07326590108513525f,0.9633786147411465f,0.20222325051598322f,-0.17509356161474637f,0.9770649120092403f,-0.12118746800489855f,-0.07014133690340531f,0f,0f,0f,1f],start_interpolation:0}
execute if entity @s[tag=aj.dino.bone.leg_right_0] run data modify entity @s {} merge value {transformation:[-0.9582527006380746f,-0.10664744057399014f,0.26528868264374533f,-0.10414052004640063f,-0.20528250591044153f,0.9024625373723945f,-0.3787089402252195f,0.6112579990623619f,-0.19902475847734646f,-0.4173579902893877f,-0.8866800175117499f,-0.1386866246677099f,0f,0f,0f,1f],start_interpolation:0}
execute if entity @s[tag=aj.dino.bone.tail_4] run data modify entity @s {} merge value {transformation:[-0.031516231205587705f,-2.358666452805702f,1.435743926743052f,-0.6664261065248275f,2.7594547423596762f,0.025297150637602663f,0.10213182970217241f,0.5172222079003679f,-0.10038716869844996f,1.4358669681340892f,2.356664973597674f,0.2345723890497864f,0f,0f,0f,1f],start_interpolation:0}
execute if entity @s[tag=aj.dino.bone.tail_3] run data modify entity @s {} merge value {transformation:[0.128700565463065f,-1.946090789351021f,0.7294603005627178f,-0.7710715907518788f,2.068361727328013f,0.04850345847078142f,-0.23552644328290961f,0.5566841445874835f,0.20312915944938034f,0.7391370510020022f,1.9360683072820277f,-0.10094628646404202f,0f,0f,0f,1f],start_interpolation:0}
execute if entity @s[tag=aj.dino.bone.tail_2] run data modify entity @s {} merge value {transformation:[0.27103209005792334f,-1.933687572919784f,-0.07853567022191157f,-0.7567316944106126f,1.9132186837611842f,0.27966189830779814f,-0.28312076176921086f,0.6107969421695415f,0.2913927749082554f,-0.03762270555462264f,1.9319546210407723f,-0.4598859143681028f,0f,0f,0f,1f],start_interpolation:0}
execute if entity @s[tag=aj.dino.bone.tail_1] run data modify entity @s {} merge value {transformation:[0.5768577876835398f,-0.5963396694167157f,-1.2646226083179182f,-0.4778604958422758f,0.8813486524536499f,1.2170991593167542f,-0.17190241187541974f,0.63206862765947f,1.0854104733265606f,-0.6713455779778498f,0.8116868049454786f,-0.6273823232976825f,0f,0f,0f,1f],start_interpolation:0}
execute if entity @s[tag=aj.dino.bone.tail_0] run data modify entity @s {} merge value {transformation:[-0.29435022972960095f,-0.0780967068001066f,-1.2414082983568044f,-0.11697675070128337f,0.058771449677305666f,1.2733959697625663f,-0.09404433783757878f,0.6902798820755888f,1.2424731689436948f,-0.07873579340718502f,-0.28964947069791447f,-0.544640050830132f,0f,0f,0f,1f],start_interpolation:0}
execute if entity @s[tag=aj.dino.bone.body_1] run data modify entity @s {} merge value {transformation:[-1.0593105121388104f,0.17764821074884718f,-0.6122964536449597f,0.01340773019059367f,0.025309845538337216f,1.1981825580721375f,0.30384628401016256f,0.5389337790697675f,0.6370441473299057f,0.2477988414131349f,-1.0302305972952228f,-0.32181687866319086f,0f,0f,0f,1f],start_interpolation:0}