execute if entity @s[tag=aj.dino.bone.head_lower] run data modify entity @s {} merge value {transformation:[-0.9449946723053122f,0.326071195552341f,-0.025741886986835688f,-0.01945924826342265f,0.32043815850107343f,0.9387035898524716f,0.12710215173050232f,0.3545066160542217f,0.06560835229615923f,0.11186217336146181f,-0.991555544727492f,0.7784616003273248f,0f,0f,0f,1f],start_interpolation:0}
execute if entity @s[tag=aj.dino.bone.head_upper] run data modify entity @s {} merge value {transformation:[-0.9836445606548194f,0.26084810667028285f,0.2188003339216456f,0.001176194203510831f,0.333543945667868f,0.604130089107647f,0.779260684448153f,0.42189591769862006f,0.0682917065682587f,0.8065091712217677f,-0.6544854025359768f,0.7514742508859471f,0f,0f,0f,1f],start_interpolation:0}
execute if entity @s[tag=aj.dino.bone.neck_0] run data modify entity @s {} merge value {transformation:[-0.9998037078472648f,0.018614119029682373f,-0.00678677740979098f,0.000758267970759324f,0.015519506103159948f,0.9487124564018776f,0.3157591170468862f,0.4269090975115484f,0.012316278056913717f,0.3155918085766233f,-0.9488151135253701f,0.684995460131872f,0f,0f,0f,1f],start_interpolation:0}
execute if entity @s[tag=aj.dino.bone.neck_1] run data modify entity @s {} merge value {transformation:[-0.9989667895070476f,0.0056603668125897845f,0.045092279932701006f,0.004604252519592963f,0.023485855010666565f,0.9137488337173021f,0.4056001522370128f,0.4654782805663529f,-0.038907172557255905f,0.4062401126523782f,-0.9129376773886502f,0.6095291539690131f,0f,0f,0f,1f],start_interpolation:0}
execute if entity @s[tag=aj.dino.bone.neck_2] run data modify entity @s {} merge value {transformation:[-0.997861028838871f,0.06295808589034245f,0.017596776569992867f,0.006762261132618751f,0.06439643094734801f,0.9003942458001617f,0.4302828160770556f,0.5119897047886108f,0.011245746123465006f,0.4304956231496228f,-0.9025226045053634f,0.5346762261052087f,0f,0f,0f,1f],start_interpolation:0}
execute if entity @s[tag=aj.dino.bone.body_0] run data modify entity @s {} merge value {transformation:[-0.9978251008182933f,0.06558725427110604f,0.00658636881293858f,0.010491192636273777f,0.06583255329739464f,0.9864976480506374f,0.14996154612735316f,0.5920636423423767f,0.0033381287135849265f,0.1500689923593074f,-0.988669891535569f,0.07014940847505124f,0f,0f,0f,1f],start_interpolation:0}
execute if entity @s[tag=aj.dino.bone.leg_left_3] run data modify entity @s {} merge value {transformation:[-0.9864901912857837f,0.02332503838436585f,-0.16215130305151865f,0.2030954499783622f,0.022809230306255427f,0.9997271206271414f,0.005042151862083233f,0.029486792117532745f,0.16222466369135669f,0.0012754869391569112f,-0.9867530246334656f,-0.13050340221308548f,0f,0f,0f,1f],start_interpolation:0}
execute if entity @s[tag=aj.dino.bone.leg_left_2] run data modify entity @s {} merge value {transformation:[-1.0146143999819544f,-0.0532206199759302f,-0.14066763828020393f,0.18476848989491004f,-0.008267956279032977f,0.9776218263669336f,-0.3102408822361143f,0.24776836080224598f,0.1501714345304082f,-0.30575370761619913f,-0.9674840619001018f,-0.23144076582367284f,0f,0f,0f,1f],start_interpolation:0}
execute if entity @s[tag=aj.dino.bone.leg_left_1] run data modify entity @s {} merge value {transformation:[-0.9436741677994741f,0.09519515178995144f,0.31688633309699216f,0.2126174358521125f,0.3258274172682051f,0.4340256217692286f,0.8399156230266017f,0.3146445273174884f,-0.05758089252782387f,0.8958569320619902f,-0.4405959578709008f,0.03644988392182297f,0f,0f,0f,1f],start_interpolation:0}
execute if entity @s[tag=aj.dino.bone.leg_left_0] run data modify entity @s {} merge value {transformation:[-0.964447596211566f,0.2433258603896858f,-0.10311818378613556f,0.20440779435115844f,0.2627141033210397f,0.8404216293731493f,-0.4739966084245781f,0.7137549056768732f,-0.02867288053115949f,-0.48423549079698813f,-0.8744677554802383f,-0.08582352380327321f,0f,0f,0f,1f],start_interpolation:0}
execute if entity @s[tag=aj.dino.bone.leg_right_3] run data modify entity @s {} merge value {transformation:[-0.980310703204762f,-0.006982122334191071f,0.19733771851801551f,-0.1904865598346691f,-0.0038867550325145384f,0.9998633372994886f,0.01606859855886722f,0.033022993742025025f,-0.19742294273336722f,0.014985215782203354f,-0.9802038690958419f,-0.1392695653127794f,0f,0f,0f,1f],start_interpolation:0}
execute if entity @s[tag=aj.dino.bone.leg_right_2] run data modify entity @s {} merge value {transformation:[-1.013969610807177f,0.06255369988802498f,0.14147389331800836f,-0.16996015579465748f,0.015190304311400787f,0.9738239738623634f,-0.3217115510617173f,0.2500540542963767f,-0.15393856734153197f,-0.3159368640439539f,-0.9636124817184567f,-0.24245511448442997f,0f,0f,0f,1f],start_interpolation:0}
execute if entity @s[tag=aj.dino.bone.leg_right_1] run data modify entity @s {} merge value {transformation:[-0.9465204491798661f,-0.0777573279285418f,-0.3131338966604503f,-0.19332749057028453f,-0.31593200759316376f,0.4202956304624659f,0.8506106921455383f,0.31283005814455034f,0.06546759398738808f,0.9040494350241982f,-0.4223844376512125f,0.026852380149684385f,0f,0f,0f,1f],start_interpolation:0}
execute if entity @s[tag=aj.dino.bone.leg_right_0] run data modify entity @s {} merge value {transformation:[-0.9631982337504896f,-0.256362893028865f,0.0807912716684657f,-0.1885643319984671f,-0.26567274156535226f,0.8623399580836364f,-0.43103107902036675f,0.7173926395843002f,0.04083083257890616f,-0.4366324126426974f,-0.8987129571452336f,-0.07617047451702799f,0f,0f,0f,1f],start_interpolation:0}
execute if entity @s[tag=aj.dino.bone.tail_4] run data modify entity @s {} merge value {transformation:[-2.75780303273929f,0.142068312319122f,0.0005990398740840375f,0.008884427821177245f,0.14171488002971783f,2.7500710934757358f,0.2066088217074292f,0.5567961580921335f,0.010032795828532382f,0.2063659542268686f,-2.7537199871344757f,-1.8386837267925122f,0f,0f,0f,1f],start_interpolation:0}
execute if entity @s[tag=aj.dino.bone.tail_3] run data modify entity @s {} merge value {transformation:[-2.0794935022906667f,0.10752402205560091f,0.009533344446077365f,0.006215717930506119f,0.10579663791572744f,2.066641175378808f,-0.23183366813099165f,0.575882874649748f,-0.02143295082505825f,-0.23103757909554226f,-2.0693254436431805f,-1.4855417175761993f,0f,0f,0f,1f],start_interpolation:0}
execute if entity @s[tag=aj.dino.bone.tail_2] run data modify entity @s {} merge value {transformation:[-1.9520516506780174f,0.09058241659173864f,0.00794064810984925f,0.0033176883084289673f,0.08536093786797569f,1.8843039437170586f,-0.5107700392362641f,0.6713454046384862f,-0.03133270454817677f,-0.5098699329235996f,-1.8862197083396617f,-1.1350420873886635f,0f,0f,0f,1f],start_interpolation:0}
execute if entity @s[tag=aj.dino.bone.tail_1] run data modify entity @s {} merge value {transformation:[-1.5116838797021908f,0.008622434087451164f,0.04892597959101682f,-0.005871816678836595f,-0.0008819717649595135f,1.4846527627349264f,-0.2888972935653022f,0.7153653752982723f,-0.04967212472140535f,-0.28876993911063203f,-1.483846640422016f,-0.8121574761418147f,0f,0f,0f,1f],start_interpolation:0}
execute if entity @s[tag=aj.dino.bone.tail_0] run data modify entity @s {} merge value {transformation:[-1.2780750974032888f,0.005539023338778987f,-0.018140595416183056f,-0.0004370465714941081f,0.006607173021478142f,1.2759429034741923f,-0.07590631674992801f,0.7683377404331732f,0.017779405115622718f,-0.07599172901262749f,-1.275831049339776f,-0.4411638062407281f,0f,0f,0f,1f],start_interpolation:0}
execute if entity @s[tag=aj.dino.bone.body_1] run data modify entity @s {} merge value {transformation:[-1.2359417345753279f,0.01623075818928459f,-0.028092459482588757f,0.0050008000000000205f,0.0114410841227675f,1.2198001861824248f,0.20139811925553708f,0.6393533f,0.03035993058746474f,0.20106880248853315f,-1.2195303220243445f,-0.1711835f,0f,0f,0f,1f],start_interpolation:0}