execute if entity @s[tag=aj.dino.bone.head_lower] run data modify entity @s {} merge value {transformation:[-0.9867023839572202f,-0.15159675808976628f,0.058624469548229884f,0.2037984820143497f,-0.16192603065755456f,0.9480784241488861f,-0.27372844619961234f,1.3105650436424783f,-0.01408424966503987f,-0.2795813380754126f,-0.9600187025841395f,0.26391169654761254f,0f,0f,0f,1f],start_interpolation:0}
execute if entity @s[tag=aj.dino.bone.head_upper] run data modify entity @s {} merge value {transformation:[-1.0270581003350774f,-0.09003584405179538f,0.1432380811987172f,0.21133237868143193f,-0.16854873784226912f,0.6208807662009884f,-0.8182727783062073f,1.2680448652026992f,-0.014660289607902641f,-0.830585675009545f,-0.6272036790079103f,0.20201879454539629f,0f,0f,0f,1f],start_interpolation:0}
execute if entity @s[tag=aj.dino.bone.neck_0] run data modify entity @s {} merge value {transformation:[-0.9993896299766741f,-0.024676448671063535f,0.024727320438547556f,0.21365476638917308f,-0.030336374051884385f,0.26204891745409764f,-0.9645776636800794f,1.201429722054891f,0.017322583654593937f,-0.9647390516311236f,-0.2626375646273962f,0.20069008350500672f,0f,0f,0f,1f],start_interpolation:0}
execute if entity @s[tag=aj.dino.bone.neck_1] run data modify entity @s {} merge value {transformation:[-0.951154568376785f,-0.2177857794505757f,-0.21880205969112107f,0.1941160482935953f,0.08167151132586274f,0.5059836449664412f,-0.8586677560408476f,1.131020296508338f,0.29771589022711104f,-0.8345956537722802f,-0.46348176168075816f,0.15758221724005228f,0f,0f,0f,1f],start_interpolation:0}
execute if entity @s[tag=aj.dino.bone.neck_2] run data modify entity @s {} merge value {transformation:[-0.8676952722116169f,-0.4698376821419251f,-0.162349829137919f,0.17529298108067423f,-0.1563971844329005f,0.5680362556644861f,-0.808006641651003f,1.0657942846155128f,0.47185255671986087f,-0.6757124867058284f,-0.5663636641123408f,0.10134886497117607f,0f,0f,0f,1f],start_interpolation:0}
execute if entity @s[tag=aj.dino.bone.body_0] run data modify entity @s {} merge value {transformation:[-0.9790135644614627f,-0.13813621393810885f,-0.14983600034473227f,0.1033599158951753f,0.07598533415278903f,0.43478991072922246f,-0.8973204346953011f,0.6470324460823317f,0.18909962875201686f,-0.8898742157894677f,-0.4151688939202088f,-0.1027958420982305f,0f,0f,0f,1f],start_interpolation:0}
execute if entity @s[tag=aj.dino.bone.leg_left_3] run data modify entity @s {} merge value {transformation:[-0.9627387752227543f,-0.04987814315666251f,-0.2657935693688517f,0.4579631782531721f,-0.04845692077787172f,0.9987543059478247f,-0.011906434369947969f,0.06517759039319435f,0.26605634273837203f,0.0014167518915805463f,-0.9639564384881503f,-0.27250631404109615f,0f,0f,0f,1f],start_interpolation:0}
execute if entity @s[tag=aj.dino.bone.leg_left_2] run data modify entity @s {} merge value {transformation:[-0.9796331278720873f,-0.2859297004707617f,-0.10307929309490492f,0.3866079867999688f,-0.28337122599301257f,0.9850005261468645f,-0.039203459927804975f,0.2931286044062574f,0.10991761712965646f,-0.008964897087783572f,-1.0197548467967374f,-0.3059404871145944f,0f,0f,0f,1f],start_interpolation:0}
execute if entity @s[tag=aj.dino.bone.leg_left_1] run data modify entity @s {} merge value {transformation:[-0.9937235615664382f,0.054716596800631484f,0.09756832079251165f,0.41608874420924014f,0.1110627152131484f,0.586774193195548f,0.8020979488124853f,0.4077846652785774f,-0.013362502654684017f,0.8078998330450814f,-0.5891683149054544f,-0.05494594871269176f,0f,0f,0f,1f],start_interpolation:0}
execute if entity @s[tag=aj.dino.bone.leg_left_0] run data modify entity @s {} merge value {transformation:[-0.9923644375932622f,-0.11927155516354879f,-0.03141845204775168f,0.2564287184795703f,-0.03510015770115203f,0.5172883509746351f,-0.8550910716849387f,0.6764173485226778f,0.11824044117628536f,-0.8474591778220419f,-0.5175250138839922f,-0.33180771248936247f,0f,0f,0f,1f],start_interpolation:0}
execute if entity @s[tag=aj.dino.bone.leg_right_3] run data modify entity @s {} merge value {transformation:[-0.904117948515292f,0.011663768190271775f,0.4271237428241415f,-0.23506974382844953f,0.02647182519745736f,0.9992361164593955f,0.028747626577870555f,0.017443762655780293f,-0.42646216437477186f,0.037297990223992356f,-0.9037360689283328f,-0.24427017221252487f,0f,0f,0f,1f],start_interpolation:0}
execute if entity @s[tag=aj.dino.bone.leg_right_2] run data modify entity @s {} merge value {transformation:[-1.0115324311366671f,0.16959896954657455f,0.01002645441710393f,-0.19365733847386515f,0.16266265456728493f,0.9842571147138557f,-0.23841349048444066f,0.23925227096741294f,-0.049042849311212534f,-0.233530129029619f,-0.9975573553773948f,-0.3294586126802997f,0f,0f,0f,1f],start_interpolation:0}
execute if entity @s[tag=aj.dino.bone.leg_right_1] run data modify entity @s {} merge value {transformation:[-0.9679901668061414f,0.09575251925317738f,-0.2320053706776817f,-0.17461780558419793f,-0.1501514131480795f,0.5197862670255214f,0.8409974968698228f,0.3328682436665632f,0.20112083456532628f,0.8489132415437651f,-0.48877061924322285f,-0.06890740561592845f,0f,0f,0f,1f],start_interpolation:0}
execute if entity @s[tag=aj.dino.bone.leg_right_0] run data modify entity @s {} merge value {transformation:[-0.9802301431707233f,-0.18219312643703955f,-0.0771656082630087f,-0.12589411296131295f,-0.10295881902865163f,0.8027215180841172f,-0.5873990517433236f,0.7078323552035236f,0.16896256391203512f,-0.5678413766923185f,-0.8056102177309099f,-0.2459249058833926f,0f,0f,0f,1f],start_interpolation:0}
execute if entity @s[tag=aj.dino.bone.tail_4] run data modify entity @s {} merge value {transformation:[-2.6029761693135223f,-0.13942527724664044f,0.9114477415905977f,0.6074701220952399f,0.6697134291158375f,1.5903658609623903f,2.155894636281482f,0.3674337897666026f,-0.6337667681788057f,2.253210676335006f,-1.4652790393649042f,-1.6592079427687239f,0f,0f,0f,1f],start_interpolation:0}
execute if entity @s[tag=aj.dino.bone.tail_3] run data modify entity @s {} merge value {transformation:[-1.7347468854435624f,0.2048890652388588f,1.1334104465875776f,0.4132805941937686f,0.7752939541344281f,1.7230740241390368f,0.8751461124088679f,0.20217971731365755f,-0.8517734758554689f,1.1510785830373609f,-1.51176901924409f,-1.4141319908152812f,0f,0f,0f,1f],start_interpolation:0}
execute if entity @s[tag=aj.dino.bone.tail_2] run data modify entity @s {} merge value {transformation:[-1.5695756565157375f,0.5672034310097341f,1.0166053321357091f,0.2232702361788016f,0.5309324450944709f,1.8674861923921202f,-0.22221596471352997f,0.24432614887946907f,-1.0360100734172302f,0.09772135937625936f,-1.654057900649931f,-1.1073890591568107f,0f,0f,0f,1f],start_interpolation:0}
execute if entity @s[tag=aj.dino.bone.tail_1] run data modify entity @s {} merge value {transformation:[-0.9821522469843629f,-0.08039808660522113f,1.1474185641751609f,-0.02172033284234749f,-0.7617591895624994f,1.1759619817444233f,-0.5696425235257755f,0.3532597073612944f,-0.8618330179684761f,-0.9477899636322112f,-0.8041108654765212f,-0.9219442481590141f,0f,0f,0f,1f],start_interpolation:0}
execute if entity @s[tag=aj.dino.bone.tail_0] run data modify entity @s {} merge value {transformation:[-1.2715298736588094f,-0.1292227041116272f,-0.018681266534123223f,-0.019379606608303616f,-0.09814003311915444f,1.0665370489280102f,-0.6976410063545079f,0.5828640629632985f,0.08611637983921165f,-0.6925575301662945f,-1.0708798966818727f,-0.625720899669961f,0f,0f,0f,1f],start_interpolation:0}
execute if entity @s[tag=aj.dino.bone.body_1] run data modify entity @s {} merge value {transformation:[-1.2024484989512696f,0.01558301379565224f,-0.28719222152964613f,0.046338935411213276f,0.09880374521595386f,1.181800089073811f,-0.34955824186061435f,0.5845288350280864f,0.2701111296436889f,-0.36291915656579415f,-1.1506234216703715f,-0.3337718911499241f,0f,0f,0f,1f],start_interpolation:0}