execute if entity @s[tag=aj.dino.bone.head_lower] run data modify entity @s {} merge value {transformation:[-0.4221332468448762f,-0.08965457843193547f,0.9020895623353565f,0.058154126854561936f,0.022216305936273016f,0.9937755696701298f,0.10916296476990095f,0.26385732552714625f,-0.9062615282901225f,0.066122414452292f,-0.41751391431693685f,0.5129027815974712f,0f,0f,0f,1f],start_interpolation:0}
execute if entity @s[tag=aj.dino.bone.head_upper] run data modify entity @s {} merge value {transformation:[-0.4393983207519788f,-0.5806215685819323f,0.7438277034376343f,0.09625754344691506f,0.023124943592272445f,0.8136460896901824f,0.6487813347340048f,0.3268599880282881f,-0.9433272471882185f,0.2903972751470637f,-0.33056779922273904f,0.4963422667034932f,0f,0f,0f,1f],start_interpolation:0}
execute if entity @s[tag=aj.dino.bone.neck_0] run data modify entity @s {} merge value {transformation:[-0.6467212931068106f,0.09021276464529566f,0.7573725807931704f,0.1439753240932988f,0.04458584492307071f,0.9957540822229362f,-0.08053514865481923f,0.30547507171834054f,-0.761422137499791f,-0.01831569904236377f,-0.6479975800061593f,0.45498486085040524f,0f,0f,0f,1f],start_interpolation:0}
execute if entity @s[tag=aj.dino.bone.neck_1] run data modify entity @s {} merge value {transformation:[-0.815181743470839f,-0.15984706145059419f,0.5567114531401823f,0.19039969558087447f,-0.06955344438943303f,0.981224583546097f,0.179890619595227f,0.3252345472657624f,-0.5750139506876415f,0.10792234981874049f,-0.8109942804509733f,0.3867801857715981f,0f,0f,0f,1f],start_interpolation:0}
execute if entity @s[tag=aj.dino.bone.neck_2] run data modify entity @s {} merge value {transformation:[-0.9707972810295878f,-0.1827009307262131f,0.15547671548285025f,0.20223186563264695f,-0.11283367195183017f,0.9196591653140345f,0.37615898517483304f,0.3671929335748694f,-0.21171018307919548f,0.34763111133163693f,-0.9134174340436604f,0.3101614937679994f,0f,0f,0f,1f],start_interpolation:0}
execute if entity @s[tag=aj.dino.bone.body_0] run data modify entity @s {} merge value {transformation:[-0.9637410857400244f,-0.24554876154486988f,-0.10444580106648482f,0.15066779237209985f,-0.26015182757559996f,0.951701502912673f,0.16304991862259482f,0.45310389522662525f,0.05936452026012168f,0.18430967163320564f,-0.9810737987922955f,-0.15045912856666818f,0f,0f,0f,1f],start_interpolation:0}
execute if entity @s[tag=aj.dino.bone.leg_left_3] run data modify entity @s {} merge value {transformation:[-0.9282774812263976f,0.07220797773084625f,-0.36481080822804135f,0.41169479192431124f,0.058237018319402395f,0.9970911395981887f,0.04917020471840561f,0.022150253365796457f,0.36730010556116177f,0.024398100065495643f,-0.9297824289412834f,-0.3090431840470016f,0f,0f,0f,1f],start_interpolation:0}
execute if entity @s[tag=aj.dino.bone.leg_left_2] run data modify entity @s {} merge value {transformation:[-0.9654495077524826f,-0.333335374879889f,0.09411150479546766f,0.33540548965505057f,-0.3456751441937899f,0.9096805438353305f,-0.3241175748933607f,0.22364250959538254f,0.02186646216894281f,-0.33679524272447015f,-0.9685829968624645f,-0.4174492959816881f,0f,0f,0f,1f],start_interpolation:0}
execute if entity @s[tag=aj.dino.bone.leg_left_1] run data modify entity @s {} merge value {transformation:[-0.9866354936956507f,-0.14851595932190298f,0.06703292032005312f,0.3111526324148264f,0.010019837827494948f,0.35531109341766565f,0.9346944044682483f,0.27039719276358065f,-0.16263457636631407f,0.9228743341978025f,-0.3490744302424796f,-0.14498061121719577f,0f,0f,0f,1f],start_interpolation:0}
execute if entity @s[tag=aj.dino.bone.leg_left_0] run data modify entity @s {} merge value {transformation:[-0.9918831110605477f,0.06256516289586589f,0.11069550300108436f,0.2113746142788458f,-0.03249188229756114f,0.7169525526478928f,-0.6963643549438986f,0.6048064627391808f,-0.1229315727452095f,-0.6943087480678062f,-0.7091002684944528f,-0.37415754246398425f,0f,0f,0f,1f],start_interpolation:0}
execute if entity @s[tag=aj.dino.bone.leg_right_3] run data modify entity @s {} merge value {transformation:[-0.6661897712618109f,0.02866870480893669f,0.7452310339959777f,-0.17667054951388805f,0.04242883303206804f,0.999099363375322f,-0.0005061922191324925f,0.011355406979271815f,-0.7445743635082215f,0.03128206303305256f,-0.6668061560444111f,-0.27393516488362823f,0f,0f,0f,1f],start_interpolation:0}
execute if entity @s[tag=aj.dino.bone.leg_right_2] run data modify entity @s {} merge value {transformation:[-0.9985474628826458f,0.22860172325031403f,0.05202322556620278f,-0.12022694419924292f,0.21880206304032151f,0.990430659506059f,-0.15243019851848932f,0.2371731350114455f,-0.08420701325082357f,-0.1372973427932008f,-1.0129762179251776f,-0.3371138415988571f,0f,0f,0f,1f],start_interpolation:0}
execute if entity @s[tag=aj.dino.bone.leg_right_1] run data modify entity @s {} merge value {transformation:[-0.9767788047355465f,-0.01922844306047787f,-0.21338564524556666f,-0.13358669724533534f,-0.21387095993993988f,0.028272094110123436f,0.976452713237562f,0.18880701542922557f,-0.012742806353605488f,0.9994153069030404f,-0.03172798786775216f,-0.06417498189787668f,0f,0f,0f,1f],start_interpolation:0}
execute if entity @s[tag=aj.dino.bone.leg_right_0] run data modify entity @s {} merge value {transformation:[-0.9867504525590243f,-0.14079365125399018f,0.08062686984579137f,-0.08069536605436818f,-0.1592711091486348f,0.9353036547974762f,-0.31597434565648946f,0.600279262008295f,-0.030923424214081563f,-0.32462935956110456f,-0.9453356656478287f,-0.11108314690647603f,0f,0f,0f,1f],start_interpolation:0}
execute if entity @s[tag=aj.dino.bone.tail_4] run data modify entity @s {} merge value {transformation:[0.1490214912010396f,-2.036527082903528f,1.8590350635102784f,-0.4532125867169217f,2.675632203525869f,-0.34332070454153946f,-0.5905798310884003f,0.3445616210970128f,0.6666680119936165f,1.833125654731161f,1.9547034116077386f,0.3673565257852202f,0f,0f,0f,1f],start_interpolation:0}
execute if entity @s[tag=aj.dino.bone.tail_3] run data modify entity @s {} merge value {transformation:[0.35726583578693166f,-1.7033169018932586f,1.1432489581664445f,-0.6303970691565438f,1.905491492958292f,-0.15430889694286887f,-0.8253704990077476f,0.48602399058100243f,0.7598742125427658f,1.1877903106581864f,1.5322176363243853f,0.09592557574940691f,0f,0f,0f,1f],start_interpolation:0}
execute if entity @s[tag=aj.dino.bone.tail_2] run data modify entity @s {} merge value {transformation:[0.4507974529302751f,-1.8083061098167157f,0.5878643930651776f,-0.7397767275931226f,1.78855966043533f,0.19817426584936934f,-0.7619417145827476f,0.6290369887728513f,0.645453230294659f,0.7138135951054567f,1.7007745747004777f,-0.21959757179703898f,0f,0f,0f,1f],start_interpolation:0}
execute if entity @s[tag=aj.dino.bone.tail_1] run data modify entity @s {} merge value {transformation:[0.9448102404048745f,-0.7653666454478112f,-0.8995575343812366f,-0.5377488111627132f,0.7323200087151871f,1.28341757289047f,-0.322804876715523f,0.6821129047572936f,0.9266591954227144f,-0.2339005806574681f,1.1722838836675304f,-0.46988609555317956f,0f,0f,0f,1f],start_interpolation:0}
execute if entity @s[tag=aj.dino.bone.tail_0] run data modify entity @s {} merge value {transformation:[0.10178906830025994f,-0.023087085745390316f,-1.2739472864409964f,-0.1660289372799842f,-0.07080526170149383f,1.2759286898931954f,-0.02878037190247356f,0.7213136304998755f,1.2721876108003787f,0.07286069834448959f,0.10032805264134909f,-0.4974460259348807f,0f,0f,0f,1f],start_interpolation:0}
execute if entity @s[tag=aj.dino.bone.body_1] run data modify entity @s {} merge value {transformation:[-0.9185930856308387f,0.2741846307356412f,-0.7807778982244725f,-0.002977293528751963f,-0.014238557772730065f,1.1611205459909484f,0.42450080825186287f,0.5444134302325582f,0.8273986956480035f,0.32438628362230776f,-0.8595286688028158f,-0.3194673687244288f,0f,0f,0f,1f],start_interpolation:0}