execute if entity @s[tag=aj.dino.bone.head_lower] run data modify entity @s {} merge value {transformation:[-0.9985252339194226f,0.03768380523297726f,-0.039080532869003634f,0.13805462178273983f,0.03410693179610807f,0.9954948586868826f,0.08846865846975993f,0.48423267625556f,0.04223830524083408f,0.08700527082393572f,-0.9953120156108011f,0.805396857008699f,0f,0f,0f,1f],start_interpolation:0}
execute if entity @s[tag=aj.dino.bone.head_upper] run data modify entity @s {} merge value {transformation:[-1.0393644999345464f,0.05570980230636487f,-0.009476116625668997f,0.13832966368628277f,0.03550189109534731f,0.7795265958478768f,0.688875783198961f,0.549237042347235f,0.043965834325890345f,0.6875366512967244f,-0.7802770668930503f,0.7670587136946618f,0f,0f,0f,1f],start_interpolation:0}
execute if entity @s[tag=aj.dino.bone.neck_0] run data modify entity @s {} merge value {transformation:[-0.9975354910790262f,-0.0006607868246885206f,-0.07016058294012603f,0.1341260033069761f,0.00017091289347322298f,0.9999298005240709f,-0.01184756568558791f,0.5322401657787089f,0.07016348641928245f,-0.011830358602502034f,-0.9974653516733436f,0.7027300911334207f,0f,0f,0f,1f],start_interpolation:0}
execute if entity @s[tag=aj.dino.bone.neck_1] run data modify entity @s {} merge value {transformation:[-0.9940831576051904f,0.008164905188760351f,-0.10831440388495264f,0.12498796636896109f,-0.004247887273323767f,0.9934858260284594f,0.11387655129245243f,0.5464638693177002f,0.10853861625894826f,0.11366286906377107f,-0.9875728433775326f,0.6195933400356926f,0f,0f,0f,1f],start_interpolation:0}
execute if entity @s[tag=aj.dino.bone.neck_2] run data modify entity @s {} merge value {transformation:[-0.9884243912114372f,0.034057151477573995f,-0.14784225813864338f,0.11236931653776501f,-0.00022150168448499367f,0.9741532085024637f,0.2258881964631155f,0.5757909382463371f,0.15171411864194925f,0.22330615038012025f,-0.9628692483442949f,0.5374250791399351f,0f,0f,0f,1f],start_interpolation:0}
execute if entity @s[tag=aj.dino.bone.body_0] run data modify entity @s {} merge value {transformation:[-0.9850396938292322f,-0.0064615668762114525f,-0.17220641606605927f,0.031147523918437017f,-0.007098927681147418f,0.999970041841431f,0.00308555431397578f,0.5867711130347771f,0.17218131956339022f,0.004261874370614732f,-0.9850560540498488f,0.07321245450716715f,0f,0f,0f,1f],start_interpolation:0}
execute if entity @s[tag=aj.dino.bone.leg_left_3] run data modify entity @s {} merge value {transformation:[-0.9669552031845593f,0.035133295954558816f,-0.2525139333773028f,0.19172468265976392f,0.035084693824102516f,0.9993733068437861f,0.004696576134291475f,0.029384781491781642f,0.2525206908227057f,-0.00431799530865673f,-0.9675818599079553f,-0.17936115323296442f,0f,0f,0f,1f],start_interpolation:0}
execute if entity @s[tag=aj.dino.bone.leg_left_2] run data modify entity @s {} merge value {transformation:[-0.9950380546265428f,-0.07852148411257308f,-0.23621144315735054f,0.1645777666742651f,-0.009151956517985334f,0.9842138200994853f,-0.2886201613154663f,0.24986974004416057f,0.248752308607603f,-0.27788438667660276f,-0.9554918922232939f,-0.2732786706120331f,0f,0f,0f,1f],start_interpolation:0}
execute if entity @s[tag=aj.dino.bone.leg_left_1] run data modify entity @s {} merge value {transformation:[-0.9444828057667297f,0.16840628343375025f,0.2821197499485588f,0.21417588297724655f,0.32694347747047736f,0.3966255275242805f,0.8577856104269866f,0.3056154855502662f,0.03256059198659426f,0.9024009721936906f,-0.42966532700855065f,-0.005985153337614166f,0f,0f,0f,1f],start_interpolation:0}
execute if entity @s[tag=aj.dino.bone.leg_left_0] run data modify entity @s {} merge value {transformation:[-0.959224296413728f,0.22190415759894333f,-0.17506368558296648f,0.2040195407095105f,0.2765865814211777f,0.8645002606250246f,-0.41968936412185964f,0.7113719990495271f,0.058211787013754374f,-0.4509965013385002f,-0.8906253666009618f,-0.1037899539821521f,0f,0f,0f,1f],start_interpolation:0}
execute if entity @s[tag=aj.dino.bone.leg_right_3] run data modify entity @s {} merge value {transformation:[-0.9938271744228117f,0.01719775138499232f,0.10959828797052606f,-0.2021924172105966f,0.01959590439144375f,0.9995907254554985f,0.020841835678078013f,0.03149465301594703f,-0.10919499947274025f,0.022860860234265035f,-0.9937574317505746f,-0.09475751040136471f,0f,0f,0f,1f],start_interpolation:0}
execute if entity @s[tag=aj.dino.bone.leg_right_2] run data modify entity @s {} merge value {transformation:[-1.0220229944549915f,0.05698242404597912f,0.06545381314935873f,-0.18530153661695414f,0.030067404673214428f,0.9582020025227036f,-0.36470134773317286f,0.2435325974485018f,-0.08140730607362028f,-0.36147493026767397f,-0.9564365764683568f,-0.2084486725011681f,0f,0f,0f,1f],start_interpolation:0}
execute if entity @s[tag=aj.dino.bone.leg_right_1] run data modify entity @s {} merge value {transformation:[-0.9441471377160136f,-0.006564305711817016f,-0.32945878685076935f,-0.18841487509976274f,-0.30029659927388064f,0.42879287537264277f,0.852032054851344f,0.30885304238086997f,0.13567658164621216f,0.9033789791223743f,-0.4068148046379527f,0.061249181137110933f,0f,0f,0f,1f],start_interpolation:0}
execute if entity @s[tag=aj.dino.bone.leg_right_0] run data modify entity @s {} merge value {transformation:[-0.9617706014100242f,-0.27365007497272664f,0.010627639945978692f,-0.18489346669026768f,-0.2500419731468137f,0.8616457785628212f,-0.4416396313168893f,0.7121891914732064f,0.11169745712525599f,-0.42741336988013234f,-0.897129583348727f,-0.046522935306017615f,0f,0f,0f,1f],start_interpolation:0}
execute if entity @s[tag=aj.dino.bone.tail_4] run data modify entity @s {} merge value {transformation:[-2.755533285597686f,0.17288919097800606f,-0.05298085697866389f,-0.1347384055987884f,0.15812128566736802f,2.6963269292155574f,0.5748739700194317f,0.7241720621176193f,0.0877228737680296f,0.5706064756291979f,-2.7004396454999515f,-1.8388508473632175f,0f,0f,0f,1f],start_interpolation:0}
execute if entity @s[tag=aj.dino.bone.tail_3] run data modify entity @s {} merge value {transformation:[-2.077257928903209f,0.1441089485280119f,-0.013327933348700279f,-0.13388869982107746f,0.14392337601195745f,2.0771308673977313f,0.02754900334519461f,0.699174412981702f,0.015201470011722019f,0.02656118789029686f,-2.0820684293874168f,-1.4860689048370521f,0f,0f,0f,1f],start_interpolation:0}
execute if entity @s[tag=aj.dino.bone.tail_2] run data modify entity @s {} merge value {transformation:[-1.949210119050308f,0.13173286857228117f,-0.04472402187169009f,-0.12698458929504278f,0.1362015548600228f,1.935004696781868f,-0.23660058091349043f,0.7437190977218365f,0.02833590034520713f,-0.23911743929000037f,-1.939276618221804f,-1.1255975629964186f,0f,0f,0f,1f],start_interpolation:0}
execute if entity @s[tag=aj.dino.bone.tail_1] run data modify entity @s {} merge value {transformation:[-1.507562196559712f,0.055303091106350066f,-0.10887626746972667f,-0.10279137186691448f,0.06348949649952046f,1.5068835489972192f,-0.113698300760319f,0.7497049527411336f,0.1043147033657963f,-0.11789736161436919f,-1.504285513054645f,-0.8005505898233225f,0f,0f,0f,1f],start_interpolation:0}
execute if entity @s[tag=aj.dino.bone.tail_0] run data modify entity @s {} merge value {transformation:[-1.2615964087176024f,0.03246920162714268f,-0.20286933982386876f,-0.04272469597416546f,0.026044571973837555f,1.277244977253629f,0.04245780181668117f,0.7681199927525422f,0.20379376429512253f,0.03777215389808916f,-1.2612997592199686f,-0.431057975486642f,0f,0f,0f,1f],start_interpolation:0}
execute if entity @s[tag=aj.dino.bone.body_1] run data modify entity @s {} merge value {transformation:[-1.2231753468869082f,0.03360751026986339f,-0.17696666657255727f,-0.0038461292163660394f,0.0025701624972389037f,1.2177905770563184f,0.21350433193222787f,0.6364563888888889f,0.18011124364980496f,0.2108583428336431f,-1.2048665047317983f,-0.1651461963727307f,0f,0f,0f,1f],start_interpolation:0}