execute if entity @s[tag=aj.dino.bone.head_lower] run data modify entity @s {} merge value {transformation:[-0.8140900568102816f,-0.5789501491562172f,-0.04554233409286801f,0.126025376935231f,-0.5782373844317349f,0.8008167712240876f,0.15599367349919707f,0.3139892139462379f,-0.05384149559752717f,0.15332717866778212f,-0.9867075907448971f,0.6584202490763524f,0f,0f,0f,1f],start_interpolation:0}
execute if entity @s[tag=aj.dino.bone.head_upper] run data modify entity @s {} merge value {transformation:[-0.8473860009296318f,-0.4123052594982307f,-0.4420557442247411f,0.0860299600689771f,-0.6018870525227494f,0.5049156363816103f,0.6828353525750834f,0.3722129884010104f,-0.05604359033350954f,0.8115026282834563f,-0.6494571139460089f,0.6318530661295056f,0f,0f,0f,1f],start_interpolation:0}
execute if entity @s[tag=aj.dino.bone.neck_0] run data modify entity @s {} merge value {transformation:[-0.8964116860378776f,-0.36533869256682533f,-0.2509456691164286f,0.07602312759723834f,-0.43737648216304803f,0.6374932062173433f,0.634274565844642f,0.4030199883324658f,-0.07174888142268362f,0.6783288669519341f,-0.7312469119759062f,0.5735819041932378f,0f,0f,0f,1f],start_interpolation:0}
execute if entity @s[tag=aj.dino.bone.neck_1] run data modify entity @s {} merge value {transformation:[-0.9183876100370616f,-0.38447483993811277f,-0.09350558905742697f,0.066330749414978f,-0.3023553171432808f,0.5294616178748464f,0.7926232758331896f,0.4726047464668794f,-0.25523608664450226f,0.7562073079863172f,-0.6024990020095362f,0.5260260834656083f,0f,0f,0f,1f],start_interpolation:0}
execute if entity @s[tag=aj.dino.bone.neck_2] run data modify entity @s {} merge value {transformation:[-0.9796631497747864f,-0.1484287786755343f,-0.1350148533837424f,0.05304922513594162f,-0.20059330096409908f,0.7403828820255542f,0.6415571023781601f,0.5360587714678056f,0.004737149107907849f,0.6555929267956021f,-0.7550996449170835f,0.4662923558224431f,0f,0f,0f,1f],start_interpolation:0}
execute if entity @s[tag=aj.dino.bone.body_0] run data modify entity @s {} merge value {transformation:[-0.9805784334792048f,-0.19612431361271235f,-0.0010905986479874674f,0.05066690084033696f,-0.19373876893067687f,0.9677560840519536f,0.1609765547949579f,0.6211455044762886f,-0.030515982840051567f,0.15806142916717775f,-0.9869576279663351f,0.002648659542618087f,0f,0f,0f,1f],start_interpolation:0}
execute if entity @s[tag=aj.dino.bone.leg_left_3] run data modify entity @s {} merge value {transformation:[-0.985433591380071f,0.0286264909721661f,-0.16763400906258635f,0.3041863730755096f,0.03164346789696567f,0.9993812901891447f,-0.015353428259982704f,0.026341394601111345f,0.1670907774810702f,-0.02043430533444271f,-0.9857297353972184f,-0.16486028359120877f,0f,0f,0f,1f],start_interpolation:0}
execute if entity @s[tag=aj.dino.bone.leg_left_2] run data modify entity @s {} merge value {transformation:[-1.0155398823236685f,-0.1260352356965052f,-0.06968548108214256f,0.2710786626123171f,-0.10734717082152895f,0.9933048533568041f,-0.23212981866861887f,0.25053892649852455f,0.09600797793588203f,-0.22253715905762514f,-0.9966553469037923f,-0.2473855419368173f,0f,0f,0f,1f],start_interpolation:0}
execute if entity @s[tag=aj.dino.bone.leg_left_1] run data modify entity @s {} merge value {transformation:[-0.9663711310931046f,0.05997668228322828f,0.25005926212026247f,0.2933561324343993f,0.2433534851197542f,0.5275481697903792f,0.8139238353991676f,0.3458432735829874f,-0.08310185479219473f,0.8474052903617715f,-0.5244028562059698f,0.012295380398451877f,0f,0f,0f,1f],start_interpolation:0}
execute if entity @s[tag=aj.dino.bone.leg_left_0] run data modify entity @s {} merge value {transformation:[-0.9903615439613127f,0.11746938933000302f,-0.07338225134868039f,0.23029729883929856f,0.13648574800091362f,0.7375192027652554f,-0.6613902525325975f,0.705128547860347f,-0.023572289562022383f,-0.6650311031244616f,-0.7464435538216309f,-0.19079315634727623f,0f,0f,0f,1f],start_interpolation:0}
execute if entity @s[tag=aj.dino.bone.leg_right_3] run data modify entity @s {} merge value {transformation:[-0.951494873607009f,0.005259257475856982f,0.3076196445456368f,-0.22117315413616773f,0.008849184766077642f,0.9999080409546637f,0.010276262121142798f,0.02791729484510419f,-0.30753731062841316f,0.012499993800368758f,-0.9514539151879261f,-0.18628484312172333f,0f,0f,0f,1f],start_interpolation:0}
execute if entity @s[tag=aj.dino.bone.leg_right_2] run data modify entity @s {} merge value {transformation:[-1.0161713372988914f,0.11972101156949834f,0.07158835199704357f,-0.1894774932891251f,0.09383611965585538f,0.9761803191880081f,-0.30054777753066997f,0.24602966206091062f,-0.10321238007530174f,-0.29120622129252166f,-0.9780635668403237f,-0.2842310141392883f,0f,0f,0f,1f],start_interpolation:0}
execute if entity @s[tag=aj.dino.bone.leg_right_1] run data modify entity @s {} merge value {transformation:[-0.9644085749574401f,0.007698255611167912f,-0.26430444076690124f,-0.19257520093907188f,-0.2289292652975073f,0.4758852840205482f,0.8491905486656252f,0.32571567067831f,0.13231587976846493f,0.8794736683455776f,-0.45718549260433644f,-0.018422944476780057f,0f,0f,0f,1f],start_interpolation:0}
execute if entity @s[tag=aj.dino.bone.leg_right_0] run data modify entity @s {} merge value {transformation:[-0.9781932012392525f,-0.2076384509281043f,-0.004933025996328083f,-0.15995920003074232f,-0.17892896895141847f,0.8545263251339879f,-0.48761581570226414f,0.7217305307239246f,0.10546319319689482f,-0.4760998144813536f,-0.8730443754652653f,-0.14654673489937553f,0f,0f,0f,1f],start_interpolation:0}
execute if entity @s[tag=aj.dino.bone.tail_4] run data modify entity @s {} merge value {transformation:[-2.7177990027154655f,0.4768352888124775f,0.10889453513348596f,0.0610813406240007f,0.4844284218763634f,2.709089783033205f,0.22764661900296693f,0.2823405324174109f,-0.06752048961013875f,0.24315013141725203f,-2.749905512681223f,-1.8699218226637528f,0f,0f,0f,1f],start_interpolation:0}
execute if entity @s[tag=aj.dino.bone.tail_3] run data modify entity @s {} merge value {transformation:[-2.043869819824846f,0.3790630168240085f,0.12187253558482729f,0.03670683307371807f,0.35597512302008455f,2.025112617629017f,-0.3288557795676296f,0.3182850032473562f,-0.17839113611508084f,-0.30195304476106744f,-2.052546342317156f,-1.5189309654705745f,0f,0f,0f,1f],start_interpolation:0}
execute if entity @s[tag=aj.dino.bone.tail_2] run data modify entity @s {} merge value {transformation:[-1.9243770433579652f,0.3280537596158248f,0.08903707543240078f,0.018810125579920553f,0.26883683077231135f,1.7820570716170034f,-0.7554953520193936f,0.4593527747621991f,-0.208023143952619f,-0.7317289110760422f,-1.8000202907962772f,-1.18463906357964f,0f,0f,0f,1f],start_interpolation:0}
execute if entity @s[tag=aj.dino.bone.tail_1] run data modify entity @s {} merge value {transformation:[-1.4939059925855929f,-0.0052932094892827325f,0.23637495055558924f,-0.030563186712850986f,-0.097170173947688f,1.3922605426592756f,-0.5829449276295969f,0.5678699060625406f,-0.21554371392325683f,-0.5909643079640281f,-1.3754847669461001f,-0.881220235478263f,0f,0f,0f,1f],start_interpolation:0}
execute if entity @s[tag=aj.dino.bone.tail_0] run data modify entity @s {} merge value {transformation:[-1.2755256495603982f,-0.005293515871499464f,-0.08271645898652771f,-0.006519256855163611f,0.016812131526987916f,1.2325668997932075f,-0.33813001397644127f,0.6964233899363976f,0.08116271392130131f,-0.33850632609732323f,-1.2299031659626907f,-0.5299827054196518f,0f,0f,0f,1f],start_interpolation:0}
execute if entity @s[tag=aj.dino.bone.body_1] run data modify entity @s {} merge value {transformation:[-1.2274007793458668f,0.04788335421709138f,-0.14070929715668987f,0.022968400000000045f,0.05221511176480806f,1.2347604676596844f,-0.03528122254792208f,0.6214559f,0.13915999432594733f,-0.040967877050293436f,-1.227827644291105f,-0.24177050000000005f,0f,0f,0f,1f],start_interpolation:0}