execute if entity @s[tag=aj.dino.bone.head_lower] run data modify entity @s {} merge value {transformation:[-0.9682053724887604f,-0.1092970036660382f,-0.22501671420924815f,0.6881677868262283f,-0.15420487138887978f,0.9690405193419996f,0.19282460816329167f,0.8382518526484066f,0.19697516169263446f,0.22139249504672442f,-0.9550843673797336f,0.3778931961188118f,0f,0f,0f,1f],start_interpolation:0}
execute if entity @s[tag=aj.dino.bone.head_upper] run data modify entity @s {} merge value {transformation:[-1.0078045688046455f,-0.14018921203032567f,-0.21942852711146194f,0.6695801991963591f,-0.16051178637665522f,1.0251547121232618f,0.0822540286499979f,0.8668919793131136f,0.2050313637328792f,0.11347574025004666f,-1.014178159321155f,0.3105901410430699f,0f,0f,0f,1f],start_interpolation:0}
execute if entity @s[tag=aj.dino.bone.neck_0] run data modify entity @s {} merge value {transformation:[-0.8743769532167733f,-0.42718321461338876f,-0.23017264137147936f,0.6619133222262875f,-0.21820343115497137f,0.7698148265820531f,-0.5998102995169736f,0.8156820896474998f,0.4334192039071987f,-0.47423584209443204f,-0.766321185768366f,0.268596064648198f,0f,0f,0f,1f],start_interpolation:0}
execute if entity @s[tag=aj.dino.bone.neck_1] run data modify entity @s {} merge value {transformation:[-0.7694333712788917f,-0.33310092657667506f,-0.5449917979898042f,0.6142108095880796f,-0.13685861314451403f,0.9194082454452577f,-0.36872509843436707f,0.7886818331539276f,0.6238926247124253f,-0.20912257391547645f,-0.7530111167229913f,0.20384273823314683f,0f,0f,0f,1f],start_interpolation:0}
execute if entity @s[tag=aj.dino.bone.neck_2] run data modify entity @s {} merge value {transformation:[-0.6088479149664232f,-0.1391567455303539f,-0.7809863101325395f,0.5444281199114349f,-0.018878511985941246f,0.9867569195737598f,-0.16110364197777036f,0.7842289128050619f,0.7930623041263751f,-0.08334375709496943f,-0.6034119653495935f,0.15016333700697435f,0f,0f,0f,1f],start_interpolation:0}
execute if entity @s[tag=aj.dino.bone.body_0] run data modify entity @s {} merge value {transformation:[-0.50061653844377f,-0.35439511854343786f,-0.7898019887219581f,0.16882134788620937f,-0.005455221710351775f,0.9136334983257159f,-0.40650224020687165f,0.6013494324923894f,0.8656519635469372f,-0.1991931994062469f,-0.4593133432828126f,-0.06820688347302165f,0f,0f,0f,1f],start_interpolation:0}
execute if entity @s[tag=aj.dino.bone.leg_left_3] run data modify entity @s {} merge value {transformation:[-0.7205103989022208f,0.040584721063161494f,-0.6922554770386347f,0.17420508135205437f,0.0629343980696135f,0.9979931592544367f,-0.006993970329040082f,0.019471963672920783f,0.6905823822060464f,-0.04860591010950661f,-0.7216186242670348f,-0.5109675032707235f,0f,0f,0f,1f],start_interpolation:0}
execute if entity @s[tag=aj.dino.bone.leg_left_2] run data modify entity @s {} merge value {transformation:[-0.799291146532484f,-0.17900969731035246f,-0.6173745952372328f,0.11215853759548391f,-0.18650076781143823f,1.0073315823317266f,-0.050623574977454386f,0.2524256644775157f,0.6151530916619254f,0.07280666869600594f,-0.8175255728800527f,-0.5183072413670635f,0f,0f,0f,1f],start_interpolation:0}
execute if entity @s[tag=aj.dino.bone.leg_left_1] run data modify entity @s {} merge value {transformation:[-0.8718392474550083f,0.4897918365077184f,-0.0005324354241734927f,0.26261113547060166f,0.17627520176605113f,0.3147872293242423f,0.9326500166175438f,0.28496862732499173f,0.4569719683300307f,0.8130270334649167f,-0.36078201592625725f,-0.2873995606340452f,0f,0f,0f,1f],start_interpolation:0}
execute if entity @s[tag=aj.dino.bone.leg_left_0] run data modify entity @s {} merge value {transformation:[-0.8678228367017483f,-0.1014058039815687f,-0.48641585810680776f,0.16148656936104697f,0.12334062386029061f,0.9043465796440148f,-0.4085882455381285f,0.6876476307476538f,0.4813217370997126f,-0.4145770456803213f,-0.7723051589820513f,-0.33133952986638654f,0f,0f,0f,1f],start_interpolation:0}
execute if entity @s[tag=aj.dino.bone.leg_right_3] run data modify entity @s {} merge value {transformation:[-0.9847324756384589f,0.03948914038737336f,-0.16953630647863474f,-0.1461251338231001f,0.041174839302658556f,0.9991312190274877f,-0.0064373731480116825f,0.031750252363123344f,0.1691348102294486f,-0.01331972057187436f,-0.9855029178102592f,0.0938061751699539f,0f,0f,0f,1f],start_interpolation:0}
execute if entity @s[tag=aj.dino.bone.leg_right_2] run data modify entity @s {} merge value {transformation:[-0.9657149154983267f,-0.07101152255129702f,-0.3382517777480266f,-0.1716331224830731f,0.14050692709572152f,0.8364651937425954f,-0.5767546988070181f,0.2086867915826856f,0.31577635269739796f,-0.5893602826987946f,-0.7778187139398349f,-0.06810082180529298f,0f,0f,0f,1f],start_interpolation:0}
execute if entity @s[tag=aj.dino.bone.leg_right_1] run data modify entity @s {} merge value {transformation:[-0.820190433454911f,0.3761539304965284f,-0.43104045452956946f,-0.06291769017222597f,-0.15203010532488714f,0.5830452259428848f,0.7980884108794679f,0.3217265682601895f,0.5515201718377568f,0.7201156053559893f,-0.4210213949181536f,0.16084534943574624f,0f,0f,0f,1f],start_interpolation:0}
execute if entity @s[tag=aj.dino.bone.leg_right_0] run data modify entity @s {} merge value {transformation:[-0.8443060080383304f,-0.39386864318564274f,-0.363338487784434f,-0.08981308767069932f,-0.10573276491385483f,0.7871648550606816f,-0.6076117785074346f,0.6925506128822599f,0.52532651485914f,-0.4745934922356151f,-0.7062528371012413f,-0.029084753728499224f,0f,0f,0f,1f],start_interpolation:0}
execute if entity @s[tag=aj.dino.bone.tail_4] run data modify entity @s {} merge value {transformation:[-2.2613693564772834f,1.4230397689988035f,0.6977304501262321f,-0.5341920133575302f,1.572367679420342f,1.8618912663966383f,1.2987232670704771f,0.8042356962806991f,0.19882114047508f,1.4608148614946916f,-2.3349842453722096f,-1.6243731731896038f,0f,0f,0f,1f],start_interpolation:0}
execute if entity @s[tag=aj.dino.bone.tail_3] run data modify entity @s {} merge value {transformation:[-1.4883821773854797f,1.372192586942033f,0.4875977075695044f,-0.6302985475355607f,1.426695488146836f,1.5137601930934745f,0.09495044998057425f,0.7733222768871222f,-0.2918972493655366f,0.4019491363237184f,-2.0221717072657044f,-1.285420967083124f,0f,0f,0f,1f],start_interpolation:0}
execute if entity @s[tag=aj.dino.bone.tail_2] run data modify entity @s {} merge value {transformation:[-1.40968300860068f,1.348880562246766f,0.10994962054578254f,-0.6514593548738565f,1.3478077714678671f,1.4136236477134145f,-0.06209886310568778f,0.7861993254520953f,-0.12240057776062645f,0.03103685584986674f,-1.950084276934101f,-0.9229876824331247f,0f,0f,0f,1f],start_interpolation:0}
execute if entity @s[tag=aj.dino.bone.tail_1] run data modify entity @s {} merge value {transformation:[-1.2246072387689564f,0.7121397803829832f,-0.5299531054260832f,-0.5449545770742221f,0.737798218094471f,1.3186401619577492f,0.06706834311853045f,0.7549430808617461f,0.49360627035249127f,-0.20420897744251443f,-1.4150292553161528f,-0.6164645079767928f,0f,0f,0f,1f],start_interpolation:0}
execute if entity @s[tag=aj.dino.bone.tail_0] run data modify entity @s {} merge value {transformation:[-0.6501145031088563f,0.47768457862749547f,-0.9914657295000289f,-0.243697867304124f,0.25498270309132753f,1.1855774150520917f,0.40401204267529933f,0.665491466824525f,1.0705936066294213f,0.007704079691951234f,-0.6982876865478406f,-0.4122227030851102f,0f,0f,0f,1f],start_interpolation:0}
execute if entity @s[tag=aj.dino.bone.body_1] run data modify entity @s {} merge value {transformation:[-0.7903658126980473f,-0.03713768104997982f,-0.9500248785272073f,-0.020328904409269846f,0.015420432742462803f,1.2347606765389099f,-0.06109727476294635f,0.5965258333333334f,0.9506254190944192f,-0.05090637853603171f,-0.7888754326585127f,-0.22539130952538985f,0f,0f,0f,1f],start_interpolation:0}