execute if entity @s[tag=aj.dino.bone.head_lower] run data modify entity @s {} merge value {transformation:[-0.8911683968813876f,0.2937470001189571f,0.34573340642895767f,-1.0582626646398325f,0.3152824590464868f,0.9489763330219624f,0.006394558764294067f,0.5591277038019806f,-0.3262144377820484f,0.11470230723618002f,-0.9383109939125936f,0.46769484818906654f,0f,0f,0f,1f],start_interpolation:0}
execute if entity @s[tag=aj.dino.bone.head_upper] run data modify entity @s {} merge value {transformation:[-0.927616812993671f,0.06451629192691172f,0.46779978506939596f,-1.0248530423937252f,0.32817738025379684f,0.8295165351389279f,0.536352372609994f,0.6148308735092977f,-0.3395564723646518f,0.6254693506404744f,-0.7595797759736395f,0.4292707604610916f,0f,0f,0f,1f],start_interpolation:0}
execute if entity @s[tag=aj.dino.bone.neck_0] run data modify entity @s {} merge value {transformation:[-0.763408836795954f,0.47932577015053646f,0.43295929828500435f,-1.004390761872905f,0.4165825801425541f,0.8776368287620229f,-0.23709186135823412f,0.585119769660564f,-0.4936252645718421f,-0.0006347205170001632f,-0.8696744766326332f,0.37320578353008843f,0f,0f,0f,1f],start_interpolation:0}
execute if entity @s[tag=aj.dino.bone.neck_1] run data modify entity @s {} merge value {transformation:[-0.6184209811742625f,0.4092479902600169f,0.670873738129314f,-0.9456735967004102f,0.2581028224344996f,0.912112626750356f,-0.3184862464438782f,0.5623417933121435f,-0.7422522637855731f,-0.023804171707971708f,-0.6696976469381459f,0.3163639402092743f,0f,0f,0f,1f],start_interpolation:0}
execute if entity @s[tag=aj.dino.bone.neck_2] run data modify entity @s {} merge value {transformation:[-0.23925073323910842f,0.27981808716844064f,0.9297639080637319f,-0.8614797111650332f,0.24403449126880478f,0.9441655188522533f,-0.22135636444798845f,0.5521932861467792f,-0.9397905371494888f,0.17393478980310415f,-0.2941775572344453f,0.29229471016527364f,0f,0f,0f,1f],start_interpolation:0}
execute if entity @s[tag=aj.dino.bone.body_0] run data modify entity @s {} merge value {transformation:[-0.06854222866124204f,0.06365027174826499f,0.9956156918191486f,-0.39164342076827086f,0.20930131422737755f,0.9766709179361537f,-0.0480299689823275f,0.5388609532097812f,-0.9754460122184325f,0.20509159164656848f,-0.08026528691180651f,0.25641973521348826f,0f,0f,0f,1f],start_interpolation:0}
execute if entity @s[tag=aj.dino.bone.leg_left_3] run data modify entity @s {} merge value {transformation:[0.354050278973192f,-0.06264190947312169f,0.9331261389204386f,-0.5897172509394933f,0.07713154892560632f,0.9963109992264326f,0.03761804062897988f,0.06159061296396229f,-0.9320403017677625f,0.058654786658788566f,0.3575758547254976f,0.6044722403183626f,0f,0f,0f,1f],start_interpolation:0}
execute if entity @s[tag=aj.dino.bone.leg_left_2] run data modify entity @s {} merge value {transformation:[0.5819921816509457f,0.21520488722163109f,0.81672159057649f,-0.5134100588055583f,-0.321790168538269f,0.9735360355948839f,-0.027219006796779726f,0.287180041843539f,-0.7808958877020543f,-0.240783395222378f,0.6199090003023823f,0.5662924803343512f,0f,0f,0f,1f],start_interpolation:0}
execute if entity @s[tag=aj.dino.bone.leg_left_1] run data modify entity @s {} merge value {transformation:[0.7048898944270895f,-0.6995877870184103f,0.1170776024235623f,-0.7237138782153523f,0.05476712889901149f,0.21824297128120324f,0.974356488703447f,0.29370290112231184f,-0.7071992635224713f,-0.6804020383134041f,0.19215167949367298f,0.3853418199093401f,0f,0f,0f,1f],start_interpolation:0}
execute if entity @s[tag=aj.dino.bone.leg_left_0] run data modify entity @s {} merge value {transformation:[0.6831539408795939f,0.6468461068163407f,0.3389554648581773f,-0.4179000160449085f,0.058553597837761345f,0.41413592061108895f,-0.9083297393787453f,0.5370581970025305f,-0.7279231891078439f,0.6403761030489414f,0.24504341942381855f,0.5321865005617256f,0f,0f,0f,1f],start_interpolation:0}
execute if entity @s[tag=aj.dino.bone.leg_right_3] run data modify entity @s {} merge value {transformation:[0.9730231414302979f,-0.105409898488465f,-0.20521871148062007f,0.014120871053204226f,0.10664384179433446f,0.9942843580699858f,-0.005070138528791124f,0.021324739350842115f,0.2045801975960999f,-0.016951949681605183f,0.9787030061022259f,0.10406821124457707f,0f,0f,0f,1f],start_interpolation:0}
execute if entity @s[tag=aj.dino.bone.leg_right_2] run data modify entity @s {} merge value {transformation:[0.9832638939768771f,-0.2903569515676311f,0.030775883065723757f,-0.054135214395855086f,0.2747097286508309f,0.8833072929493689f,-0.44313089568178265f,0.21310147860700726f,0.09893876533851427f,0.43303956678288036f,0.9245269351481765f,0.23342763743942074f,0f,0f,0f,1f],start_interpolation:0}
execute if entity @s[tag=aj.dino.bone.leg_right_1] run data modify entity @s {} merge value {transformation:[0.9315992939201946f,-0.2854263706251515f,0.22506564046772698f,-0.1250598951069038f,-0.03309048361466638f,0.5500177370093438f,0.8344971592937074f,0.3176064920708352f,-0.36197758972282007f,-0.7848644952645478f,0.5029512388011228f,-0.01367917648266953f,0f,0f,0f,1f],start_interpolation:0}
execute if entity @s[tag=aj.dino.bone.leg_right_0] run data modify entity @s {} merge value {transformation:[0.8998326726063033f,0.3243222062791816f,0.29174692427581994f,-0.12609908590703983f,0.041536498529008814f,0.6020468497122182f,-0.7973796523874579f,0.6140716567908621f,-0.43425324477791405f,0.7296264093807168f,0.5282702169667106f,0.2802844347933884f,0f,0f,0f,1f],start_interpolation:0}
execute if entity @s[tag=aj.dino.bone.tail_4] run data modify entity @s {} merge value {transformation:[2.064767635330147f,-1.5634143084503478f,-0.9581918616988331f,-0.06583180190279264f,1.614392564045207f,2.2341985619253295f,-0.16659761896958103f,-0.027899955263691323f,0.869558849560337f,-0.43560741226879024f,2.5845260534821057f,1.939075901807864f,0f,0f,0f,1f],start_interpolation:0}
execute if entity @s[tag=aj.dino.bone.tail_3] run data modify entity @s {} merge value {transformation:[1.5951980665070706f,-1.286456516820408f,-0.3692130617771418f,0.009362076395713834f,1.2489884130410092f,1.6373002312259028f,-0.30857968656629237f,0.008401488137013635f,0.4809538426354965f,0.014936840440762577f,2.025933320249272f,1.5954063085817243f,0f,0f,0f,1f],start_interpolation:0}
execute if entity @s[tag=aj.dino.bone.tail_2] run data modify entity @s {} merge value {transformation:[1.574008497438121f,-1.1423918963067805f,-0.19029419394181157f,0.045629408680342154f,1.0149776432024937f,1.5153366367887668f,-0.701675948004203f,0.1399526131881114f,0.5577557788086799f,0.46633626007537055f,1.8138943901857172f,1.2587306990168385f,0f,0f,0f,1f],start_interpolation:0}
execute if entity @s[tag=aj.dino.bone.tail_1] run data modify entity @s {} merge value {transformation:[1.3479169874743409f,-0.6806750137574588f,0.08635722624297938f,0.03407908393460546f,0.6667102972009753f,1.25437726730345f,-0.5193181114485773f,0.23573365419436246f,0.16209079086822042f,0.5008746818502736f,1.4179236152194878f,0.9473318242904598f,0f,0f,0f,1f],start_interpolation:0}
execute if entity @s[tag=aj.dino.bone.tail_0] run data modify entity @s {} merge value {transformation:[1.23499754970769f,-0.26416994271532085f,0.19705585544665719f,-0.029880108326277383f,0.32868947695258716f,1.0431238582779716f,-0.6615826181331708f,0.4542359086858523f,-0.024083117336932525f,0.6898859139314921f,1.0757848975526068f,0.6496106496853389f,0f,0f,0f,1f],start_interpolation:0}
execute if entity @s[tag=aj.dino.bone.body_1] run data modify entity @s {} merge value {transformation:[0.9177468923697243f,0.08711974135369943f,0.8238661221754587f,-0.2272855740308966f,0.24221603186113205f,1.1475732289482996f,-0.3911670655447246f,0.4678795713305899f,-0.7922604562335612f,0.4517636881422501f,0.8347679525598424f,0.4251093036167457f,0f,0f,0f,1f],start_interpolation:0}