execute if entity @s[tag=aj.dino.bone.head_lower] run data modify entity @s {} merge value {transformation:[-0.9357769341944432f,-0.13498211272573152f,0.3257320350744562f,-0.9656920991594181f,0.019772312429748876f,0.9022771339199427f,0.43070294782645f,0.5336151510546929f,-0.35203776088770516f,0.40948235963141477f,-0.8416612216681127f,0.5310969594561964f,0f,0f,0f,1f],start_interpolation:0}
execute if entity @s[tag=aj.dino.bone.head_upper] run data modify entity @s {} merge value {transformation:[-0.97404982089594f,-0.2401676693625934f,0.27752185425482134f,-0.9522557481183349f,0.020580991769662094f,0.750107214424586f,0.721378910302673f,0.6001949607913878f,-0.36643595862561196f,0.6805369938839735f,-0.6971843592372114f,0.49820243258738184f,0f,0f,0f,1f],start_interpolation:0}
execute if entity @s[tag=aj.dino.bone.neck_0] run data modify entity @s {} merge value {transformation:[-0.8299387499445969f,0.397466972390029f,0.3914354061649302f,-0.9331282610682115f,0.3854351785352332f,0.9158242689819265f,-0.11271925962865748f,0.5779162333170418f,-0.4032882275592887f,0.05732289422930279f,-0.913275802432794f,0.43834816126470955f,0f,0f,0f,1f],start_interpolation:0}
execute if entity @s[tag=aj.dino.bone.neck_1] run data modify entity @s {} merge value {transformation:[-0.714212203528434f,0.3639884397279418f,0.5978405674387425f,-0.8808064691054307f,0.2650566368607702f,0.931182266894205f,-0.250288963156243f,0.5610033134008648f,-0.6478008240092912f,-0.02029782171041991f,-0.7615392904156f,0.3737422786359294f,0f,0f,0f,1f],start_interpolation:0}
execute if entity @s[tag=aj.dino.bone.neck_2] run data modify entity @s {} merge value {transformation:[-0.3836423706101464f,0.2456109512709641f,0.890221204020888f,-0.8004117302543834f,0.32930836646614625f,0.936995444985305f,-0.11659989645016164f,0.5599620590011666f,-0.862771424682126f,0.2484246298026068f,-0.44035289491430885f,0.3375962947858852f,0f,0f,0f,1f],start_interpolation:0}
execute if entity @s[tag=aj.dino.bone.body_0] run data modify entity @s {} merge value {transformation:[-0.23164837195283894f,0.1203436146008845f,0.9653271187511481f,-0.344310255805071f,0.24126767254851342f,0.9684224035095775f,-0.06283278255621139f,0.5395746381267919f,-0.9424059326822081f,0.21834711540463878f,-0.2533684969364796f,0.22026470151970934f,0f,0f,0f,1f],start_interpolation:0}
execute if entity @s[tag=aj.dino.bone.leg_left_3] run data modify entity @s {} merge value {transformation:[0.06518294454308554f,0.08380665108167715f,0.9943478410371127f,-0.4863077844465475f,0.11078973523456676f,0.9896985578013495f,-0.09067744621780639f,0.0677150376744968f,-0.9917039973234695f,0.11607415698768851f,0.055226549523302304f,0.5880994574873629f,0f,0f,0f,1f],start_interpolation:0}
execute if entity @s[tag=aj.dino.bone.leg_left_2] run data modify entity @s {} merge value {transformation:[0.3031689894242954f,0.25990543353355955f,0.9447750679245713f,-0.39605609409683873f,-0.30908317925573864f,0.9638383795578168f,-0.16596796646708933f,0.28677570603063884f,-0.9298485638281704f,-0.2356415566316531f,0.36320366825734995f,0.5429538260885636f,0f,0f,0f,1f],start_interpolation:0}
execute if entity @s[tag=aj.dino.bone.leg_left_1] run data modify entity @s {} merge value {transformation:[0.47484987735903905f,-0.8411697210618863f,0.25874909534290924f,-0.6477556345522291f,0.04209430962137232f,0.31538284366363306f,0.9480304483613066f,0.321337054588228f,-0.8790595332908949f,-0.43928027760338684f,0.18516796331732344f,0.43130150779560655f,0f,0f,0f,1f],start_interpolation:0}
execute if entity @s[tag=aj.dino.bone.leg_left_0] run data modify entity @s {} merge value {transformation:[0.4485622953352941f,0.8398319032508561f,0.30573557445213534f,-0.2907422601652856f,0.04894962045521953f,0.3184826699861262f,-0.9466639971900263f,0.5291397152447497f,-0.8924101085604211f,0.4396034158199331f,0.10174986456317575f,0.49185547791624956f,0f,0f,0f,1f],start_interpolation:0}
execute if entity @s[tag=aj.dino.bone.leg_right_3] run data modify entity @s {} merge value {transformation:[0.9927819857029614f,-0.053377282466675516f,0.10740016098757937f,-0.023881910218692768f,0.05601119409720007f,0.9981952336147069f,-0.02165690939830084f,0.008596716206533017f,-0.10605034181694573f,0.02751620077978001f,0.9939799714758621f,-0.044847222728986946f,0f,0f,0f,1f],start_interpolation:0}
execute if entity @s[tag=aj.dino.bone.leg_right_2] run data modify entity @s {} merge value {transformation:[0.9809272646159405f,-0.10661853057721087f,0.2801363774509471f,-0.04159885531969673f,0.23093948985427812f,0.8799313001665401f,-0.47376160514942767f,0.1987077945231907f,-0.19107813338953505f,0.5161546235630102f,0.8655262855717281f,0.10251274409912164f,0f,0f,0f,1f],start_interpolation:0}
execute if entity @s[tag=aj.dino.bone.leg_right_1] run data modify entity @s {} merge value {transformation:[0.7865330744201743f,-0.4753385027755932f,0.39423220393849884f,-0.17597777216149754f,-0.06899742293409475f,0.5667447256018032f,0.8209992519064744f,0.307757777321479f,-0.6136815774256243f,-0.6729440718080474f,0.41296633972613717f,-0.11442916890959842f,0f,0f,0f,1f],start_interpolation:0}
execute if entity @s[tag=aj.dino.bone.leg_right_0] run data modify entity @s {} merge value {transformation:[0.7390081281571943f,0.5476178488370251f,0.39240499251756344f,-0.07883805803168506f,0.008122860024998943f,0.5751803763497507f,-0.8179862797181707f,0.5992369913957356f,-0.6736475381552391f,0.6076859602601233f,0.4206147501456857f,0.16825620790689894f,0f,0f,0f,1f],start_interpolation:0}
execute if entity @s[tag=aj.dino.bone.tail_4] run data modify entity @s {} merge value {transformation:[1.2323267019197355f,-2.243503437624372f,-1.0362068117433187f,0.23121251397644096f,2.388306481234561f,1.3786705207153356f,-0.14464120645064021f,0.05049060704257038f,0.6348420142276496f,-0.8316376929156897f,2.555585196445865f,1.8038587160479924f,0f,0f,0f,1f],start_interpolation:0}
execute if entity @s[tag=aj.dino.bone.tail_3] run data modify entity @s {} merge value {transformation:[1.1280700841217417f,-1.7417999285988257f,-0.17186163064260984f,0.27739877526240764f,1.7285286957388661f,1.1407998174202694f,-0.21612461827755358f,0.07597373379152811f,0.27493991954844477f,-0.025579510383304912f,2.0639038871351763f,1.4541472021479112f,0f,0f,0f,1f],start_interpolation:0}
execute if entity @s[tag=aj.dino.bone.tail_2] run data modify entity @s {} merge value {transformation:[1.4472729848593846f,-1.3130776232480759f,-0.001391985692562701f,0.2784152705186684f,1.2807221139534737f,1.412066234063861f,-0.4296436807984347f,0.157126584453244f,0.28969923909035356f,0.3172853304908145f,1.906352077903917f,1.1000502302094155f,0f,0f,0f,1f],start_interpolation:0}
execute if entity @s[tag=aj.dino.bone.tail_1] run data modify entity @s {} merge value {transformation:[1.3147568925693391f,-0.6886989123905035f,0.2911432147819225f,0.22292704993624105f,0.7432324700055675f,1.268097539910088f,-0.35663759589169236f,0.2176597702497304f,-0.08170715373110615f,0.45307691107153103f,1.4407295039954733f,0.7845609787399681f,0f,0f,0f,1f],start_interpolation:0}
execute if entity @s[tag=aj.dino.bone.tail_0] run data modify entity @s {} merge value {transformation:[1.2147917327135793f,-0.11067002287060701f,0.38192788423023877f,0.10864818054103814f,0.28960965189149257f,1.0875147995368746f,-0.6060309620007774f,0.4209997721668196f,-0.27247570946059746f,0.6624948478366594f,1.0586280182046257f,0.4911924478255334f,0f,0f,0f,1f],start_interpolation:0}
execute if entity @s[tag=aj.dino.bone.body_1] run data modify entity @s {} merge value {transformation:[0.6664626562235885f,0.28449208574434104f,1.0017466626170928f,-0.1434064471532297f,0.22046385294507018f,1.1238305452458042f,-0.4658381587776845f,0.4536026562500001f,-1.017756263778447f,0.4297368424717658f,0.5550702917814854f,0.3332005543170563f,0f,0f,0f,1f],start_interpolation:0}