execute if entity @s[tag=aj.dino.bone.head_lower] run data modify entity @s {} merge value {transformation:[-0.997493487378209f,-0.06355853825800956f,0.031097505568207194f,0.22097353154860555f,-0.05919760722928989f,0.9903527425034412f,0.1252880230278996f,0.2569020401706955f,-0.038760623529379125f,0.12313308909638343f,-0.9916329242381962f,0.4559050405335232f,0f,0f,0f,1f],start_interpolation:0}
execute if entity @s[tag=aj.dino.bone.head_upper] run data modify entity @s {} merge value {transformation:[-1.0382905553896915f,-0.07017404473177354f,-0.02236668545084612f,0.21753357647092572f,-0.061618764699298174f,0.6544727195072898f,0.8070567079463326f,0.32721528709738684f,-0.04034591688147093f,0.806357864381704f,-0.6569864109129491f,0.4287081563831919f,0f,0f,0f,1f],start_interpolation:0}
execute if entity @s[tag=aj.dino.bone.neck_0] run data modify entity @s {} merge value {transformation:[-0.9994328649951617f,-0.03023025040862868f,-0.014835104576472968f,0.217387946183543f,-0.032751797833983604f,0.9750477017780662f,0.21956616086262754f,0.32559657725569224f,0.007827394598788798f,0.21992751355285897f,-0.9754848131448547f,0.3620591141952903f,0f,0f,0f,1f],start_interpolation:0}
execute if entity @s[tag=aj.dino.bone.neck_1] run data modify entity @s {} merge value {transformation:[-0.9945399459460242f,0.01710741855368879f,-0.1029448014622805f,0.2087459820880182f,-0.019388848905137573f,0.9390044303665198f,0.3433580526071601f,0.35900938692110396f,0.1025395945760134f,0.3434792802811787f,-0.9335457222663014f,0.28455790484107524f,0f,0f,0f,1f],start_interpolation:0}
execute if entity @s[tag=aj.dino.bone.neck_2] run data modify entity @s {} merge value {transformation:[-0.9899386888227475f,0.09476595248684633f,-0.10507524266524715f,0.2004684206697891f,0.042666323493073144f,0.9079508151049609f,0.41689915110230397f,0.40442228525043616f,0.13491099737043025f,0.4082214247188626f,-0.9028589542054827f,0.20945743189690652f,0f,0f,0f,1f],start_interpolation:0}
execute if entity @s[tag=aj.dino.bone.body_0] run data modify entity @s {} merge value {transformation:[-0.9791723065195874f,0.0791173275968119f,-0.18698139645175965f,0.11309848114433059f,0.03032990608034246f,0.9676162270543037f,0.2505971546892581f,0.5317455385991294f,0.20075281054637562f,0.23970666577117347f,-0.9498626339858822f,-0.23592575989095965f,0f,0f,0f,1f],start_interpolation:0}
execute if entity @s[tag=aj.dino.bone.leg_left_3] run data modify entity @s {} merge value {transformation:[-0.7397086446835011f,0.09117115481746164f,-0.6667225371245138f,0.398149449044431f,-0.11032853195270165f,0.9609411627821574f,0.2538103557935288f,0.17993563858224715f,0.6638213133198271f,0.26130423303139644f,-0.7007577054747338f,-0.42012448690952214f,0f,0f,0f,1f],start_interpolation:0}
execute if entity @s[tag=aj.dino.bone.leg_left_2] run data modify entity @s {} merge value {transformation:[-0.9276745523692452f,-0.1876165456754037f,-0.39532538013141083f,0.3407598055371809f,-0.20083671291230387f,1.0058280134003046f,-0.006068089194498907f,0.41389358325870296f,0.38877594978830177f,0.0719182782658258f,-0.9464371197381143f,-0.43200644831725443f,0f,0f,0f,1f],start_interpolation:0}
execute if entity @s[tag=aj.dino.bone.leg_left_1] run data modify entity @s {} merge value {transformation:[-0.953443571139839f,0.2919476085883983f,0.07557744697743055f,0.43505292767710546f,0.12142697861803127f,0.14225134253159344f,0.9823543375033551f,0.3980201432666307f,0.276045006322895f,0.9457965687120432f,-0.17107894404840773f,-0.17148729992372663f,0f,0f,0f,1f],start_interpolation:0}
execute if entity @s[tag=aj.dino.bone.leg_left_0] run data modify entity @s {} merge value {transformation:[-0.9421876191862567f,-0.24002944106993834f,-0.23381265507193233f,0.25028992532001837f,0.10650493606136141f,0.44706939574816645f,-0.8881360560071496f,0.6582378716081745f,0.31770928353873884f,-0.8616929980016215f,-0.3956589293170052f,-0.44066502073511665f,0f,0f,0f,1f],start_interpolation:0}
execute if entity @s[tag=aj.dino.bone.leg_right_3] run data modify entity @s {} merge value {transformation:[-0.997515837928985f,-0.031518522486647355f,0.06299790330712603f,-0.190820384390266f,-0.02941818414368402f,0.9989889774620002f,0.03399401934334606f,0.009798122057479791f,-0.06400565227012053f,0.032056288769696795f,-0.997434544633276f,-0.21485732885954836f,0f,0f,0f,1f],start_interpolation:0}
execute if entity @s[tag=aj.dino.bone.leg_right_2] run data modify entity @s {} merge value {transformation:[-1.0039314845968939f,0.18091729383518854f,0.10701731881860684f,-0.14378403387593044f,0.08353362837385771f,0.8225873080224732f,-0.6069880172719508f,0.18265378844432562f,-0.19288832693159405f,-0.5853898299188226f,-0.8198628177090587f,-0.37634903884575066f,0f,0f,0f,1f],start_interpolation:0}
execute if entity @s[tag=aj.dino.bone.leg_right_1] run data modify entity @s {} merge value {transformation:[-0.9662423697554049f,0.015693804976613455f,-0.2571563481130025f,-0.1451252298227419f,-0.2051570973325058f,0.5568960684790982f,0.8048461556885418f,0.2871731935067575f,0.1558404578521265f,0.8304339067005151f,-0.5348768814396078f,-0.11927457333314243f,0f,0f,0f,1f],start_interpolation:0}
execute if entity @s[tag=aj.dino.bone.leg_right_0] run data modify entity @s {} merge value {transformation:[-0.9700676630086943f,-0.238146509119864f,-0.04748651786426178f,-0.12196836591123401f,-0.15617792947516426f,0.7615907466343953f,-0.6289578594673214f,0.655559259442879f,0.18594941121095532f,-0.6027153348263895f,-0.7759877844627532f,-0.3143713304623796f,0f,0f,0f,1f],start_interpolation:0}
execute if entity @s[tag=aj.dino.bone.tail_4] run data modify entity @s {} merge value {transformation:[-1.4066703572796686f,0.2826914020705086f,2.359454472700438f,0.24871440576806858f,2.102137961324073f,1.4266130614067478f,1.082336590984496f,0.9475388414813278f,-1.1081316840118614f,2.347450122115287f,-0.9419041494069129f,-1.8672736266674204f,0f,0f,0f,1f],start_interpolation:0}
execute if entity @s[tag=aj.dino.bone.tail_3] run data modify entity @s {} merge value {transformation:[-1.2712729109498588f,0.3351268548373748f,1.6147757439026407f,-0.028371367139675197f,1.4454954707622356f,1.2079648629929203f,0.887304491042846f,0.785263904849758f,-0.7939480813852889f,1.662665452514651f,-0.9701214166913923f,-1.7190473711385703f,0f,0f,0f,1f],start_interpolation:0}
execute if entity @s[tag=aj.dino.bone.tail_2] run data modify entity @s {} merge value {transformation:[-1.4504518981051027f,0.9870472435651154f,0.8606398231877201f,-0.18920008917551792f,1.2238370496501247f,1.478698509857977f,0.36667078946959303f,0.7183574267128618f,-0.4660322329944153f,0.8111487723698309f,-1.7156997120405229f,-1.400254131999508f,0f,0f,0f,1f],start_interpolation:0}
execute if entity @s[tag=aj.dino.bone.tail_1] run data modify entity @s {} merge value {transformation:[-1.2029728058360583f,0.8964004677096441f,-0.19229893371741202f,-0.1576277873915573f,0.8980878126647269f,1.2159729027320225f,0.050044286032939624f,0.6918664342776738f,0.18425786051620258f,-0.07437977757019655f,-1.499390856156793f,-1.0768687673357844f,0f,0f,0f,1f],start_interpolation:0}
execute if entity @s[tag=aj.dino.bone.tail_0] run data modify entity @s {} merge value {transformation:[-1.1494172574808086f,0.45524448314480476f,-0.3246970054613132f,-0.05175791541006845f,0.46473970662476544f,1.1904947163507698f,0.02398024210168272f,0.7135876083686359f,0.3109544819996191f,-0.09649097103432995f,-1.2360552249868242f,-0.7179932010129787f,0f,0f,0f,1f],start_interpolation:0}
execute if entity @s[tag=aj.dino.bone.body_1] run data modify entity @s {} merge value {transformation:[-1.1707943829203344f,0.06111917681013098f,-0.39256789757250293f,0.035391811485163835f,-0.008424537884105398f,1.2175561137968174f,0.21468752169998395f,0.5816647222222224f,0.39720792431657564f,0.20597609336593836f,-1.1525642319966702f,-0.46391211352333867f,0f,0f,0f,1f],start_interpolation:0}