execute if entity @s[tag=aj.dino.bone.head_lower] run data modify entity @s {} merge value {transformation:[-0.9794254155987214f,-0.19701644886753078f,-0.043707827158299115f,0.4090028496108437f,-0.19701088973053127f,0.9803910763303247f,-0.0044773630020238375f,0.28999002095182314f,0.04373287787073443f,0.004225674797601164f,-0.999034323267048f,0.12380393732043814f,0f,0f,0f,1f],start_interpolation:0}
execute if entity @s[tag=aj.dino.bone.head_upper] run data modify entity @s {} merge value {transformation:[-1.0194835070027861f,-0.12018340691690661f,-0.17228253026541315f,0.39411098238548237f,-0.2050685530326393f,0.7544273063393913f,0.6872104994760317f,0.35424130891343747f,0.04552153435361503f,0.7070129636257334f,-0.7625827179780285f,0.08712341418331818f,0f,0f,0f,1f],start_interpolation:0}
execute if entity @s[tag=aj.dino.bone.neck_0] run data modify entity @s {} merge value {transformation:[-0.9817879975871454f,-0.1203439524290787f,-0.14700224796774874f,0.38687618964222786f,-0.13926291552418715f,0.9822049122668665f,0.12601329564193045f,0.34649153685385103f,0.129221392012031f,0.14419030283824602f,-0.9810764437157219f,0.021302938180151096f,0f,0f,0f,1f],start_interpolation:0}
execute if entity @s[tag=aj.dino.bone.neck_1] run data modify entity @s {} merge value {transformation:[-0.9464756211194778f,-0.010185789292115121f,-0.32261455069943085f,0.35949957822396306f,-0.10227365714665357f,0.9574647357197882f,0.26981730653700664f,0.3737595244240529f,0.3061437532930369f,0.2883704727421531f,-0.9072587683622129f,-0.05422530054984903f,0f,0f,0f,1f],start_interpolation:0}
execute if entity @s[tag=aj.dino.bone.neck_2] run data modify entity @s {} merge value {transformation:[-0.9337018735178508f,0.14012080324606607f,-0.32949502558753874f,0.33200521300908375f,0.022013115513730638f,0.9409689375887977f,0.3377763775612329f,0.412563942425829f,0.35737408150932665f,0.30812922449953795f,-0.8816689553764943f,-0.1284493358693795f,0f,0f,0f,1f],start_interpolation:0}
execute if entity @s[tag=aj.dino.bone.body_0] run data modify entity @s {} merge value {transformation:[-0.8816649774136459f,0.07067273241504039f,-0.46655356873052384f,0.11279351175943939f,0.0058209662907269255f,0.9902745744646332f,0.1390049766027536f,0.4875100697950382f,0.4718399982553809f,0.11984002696045237f,-0.87350179392173f,-0.5389858296561316f,0f,0f,0f,1f],start_interpolation:0}
execute if entity @s[tag=aj.dino.bone.leg_left_3] run data modify entity @s {} merge value {transformation:[-0.16742482698955907f,-0.006368812512909439f,-0.9858642733838628f,0.393884126715198f,-0.04029002230741209f,0.9991879523068389f,0.0003873852528530619f,0.048940925531170826f,0.9850612373908461f,0.03978535147565371f,-0.1675454696432414f,-0.8901535718441353f,0f,0f,0f,1f],start_interpolation:0}
execute if entity @s[tag=aj.dino.bone.leg_left_2] run data modify entity @s {} merge value {transformation:[-0.6684734993551708f,-0.3794445523835024f,-0.6791371082683015f,0.28341071862128975f,-0.34154985868817245f,0.9476538951249778f,-0.19328214761131157f,0.2633345154221623f,0.6989628560879587f,0.10018046826420272f,-0.7439603477930952f,-0.8887090013938765f,0f,0f,0f,1f],start_interpolation:0}
execute if entity @s[tag=aj.dino.bone.leg_left_1] run data modify entity @s {} merge value {transformation:[-0.8041132208284375f,0.5169893284973184f,-0.2934688438468529f,0.45543946759052967f,-0.11542308308234248f,0.3484893631639594f,0.9301788406824487f,0.31097371040107846f,0.5831633047274866f,0.7818421822730404f,-0.22055240202239218f,-0.6762237023974408f,0f,0f,0f,1f],start_interpolation:0}
execute if entity @s[tag=aj.dino.bone.leg_left_0] run data modify entity @s {} merge value {transformation:[-0.7845219051143715f,-0.532101474607077f,-0.31842330492081033f,0.18122000768471194f,-0.12325984002852082f,0.6370678333664707f,-0.7608886827426822f,0.6087162258781444f,0.6077272350585093f,-0.5576850333393617f,-0.5653804129587569f,-0.7784996079216838f,0f,0f,0f,1f],start_interpolation:0}
execute if entity @s[tag=aj.dino.bone.leg_right_3] run data modify entity @s {} merge value {transformation:[-0.9951083129393831f,-0.050385924234318376f,-0.08497472658378116f,-0.22471942520968996f,-0.0502757261555993f,0.9987294598051087f,-0.003437655730882505f,0.04072457791744556f,0.0850399722393063f,0.0008513262890482709f,-0.9963771767584246f,-0.27803730828768136f,0f,0f,0f,1f],start_interpolation:0}
execute if entity @s[tag=aj.dino.bone.leg_right_2] run data modify entity @s {} merge value {transformation:[-0.9994345361633288f,0.22090195534628917f,0.0662958034031755f,-0.16962816184376192f,0.07199843134180002f,0.5789313127199345f,-0.8436331907514006f,0.14948888520028886f,-0.2191096376451905f,-0.8173757157985884f,-0.5796120300808412f,-0.48613908681935286f,0f,0f,0f,1f],start_interpolation:0}
execute if entity @s[tag=aj.dino.bone.leg_right_1] run data modify entity @s {} merge value {transformation:[-0.9605050319236007f,0.09670317770155847f,-0.260918721198506f,-0.1486478379357909f,-0.11452279604372223f,0.7171956000786457f,0.6873972653525472f,0.3055907511046421f,0.25360325872466777f,0.6901296737934495f,-0.6777952644523102f,-0.25765403450813135f,0f,0f,0f,1f],start_interpolation:0}
execute if entity @s[tag=aj.dino.bone.leg_right_0] run data modify entity @s {} merge value {transformation:[-0.945024852518045f,-0.2865371886672143f,-0.15755782314419275f,-0.1384421037577704f,-0.03964520264686086f,0.5786736520146321f,-0.8145950296749535f,0.6037197311297692f,0.3245863306276725f,-0.7635661359533554f,-0.5582208075617797f,-0.5497537312274503f,0f,0f,0f,1f],start_interpolation:0}
execute if entity @s[tag=aj.dino.bone.tail_4] run data modify entity @s {} merge value {transformation:[-1.415011669147891f,-0.3382002580443244f,-2.3471309919205727f,-1.3791388758648435f,2.350044928570493f,0.16575063527190478f,-1.4406515512805538f,0.42129718489911877f,0.317320250654455f,-2.735655066700792f,0.20288062046159525f,-1.6538766085187664f,0f,0f,0f,1f],start_interpolation:0}
execute if entity @s[tag=aj.dino.bone.tail_3] run data modify entity @s {} merge value {transformation:[-0.9619865799875017f,0.48990295908257886f,-1.7805960902603735f,-1.082009664391383f,1.7980853983648362f,0.7063789879695638f,-0.777086321837354f,0.5461498355857899f,0.4212080794044234f,-1.8965677794589029f,-0.7493730298103933f,-1.5082512304405025f,0f,0f,0f,1f],start_interpolation:0}
execute if entity @s[tag=aj.dino.bone.tail_2] run data modify entity @s {} merge value {transformation:[-0.9232695037968595f,0.6003068802513115f,-1.6143044780599525f,-0.7824538500387173f,1.5861534661320333f,1.0101294540562662f,-0.5315350815591598f,0.6463742827722025f,0.6711665070895702f,-1.5614237126973909f,-0.9645026615775918f,-1.328827546823122f,0f,0f,0f,1f],start_interpolation:0}
execute if entity @s[tag=aj.dino.bone.tail_1] run data modify entity @s {} merge value {transformation:[-0.5108212873238522f,0.4453548911066789f,-1.3521748715991437f,-0.49643688308130807f,1.1551433799090454f,0.9693196190755475f,-0.11713026051171789f,0.6586268855025572f,0.8320827087910853f,-1.0722568475149012f,-0.6675027106224337f,-1.1728761270230943f,0f,0f,0f,1f],start_interpolation:0}
execute if entity @s[tag=aj.dino.bone.tail_0] run data modify entity @s {} merge value {transformation:[-0.6452018321837478f,0.4344404007664537f,-1.0143036283641333f,-0.18954996750549286f,0.5611215728823514f,1.1408883617355268f,0.13172715394514908f,0.6476648179788027f,0.9501015170900415f,-0.378775660282358f,-0.7665975626004122f,-0.9579990332584299f,0f,0f,0f,1f],start_interpolation:0}
execute if entity @s[tag=aj.dino.bone.body_1] run data modify entity @s {} merge value {transformation:[-1.0053734552733369f,0.08223427660483965f,-0.7148890363121262f,-0.028887342667625444f,-0.015714540477634993f,1.225466048713298f,0.16306628015884772f,0.5272103571428571f,0.7194316254555249f,0.1416865634368544f,-0.995463534787752f,-0.7361113011686193f,0f,0f,0f,1f],start_interpolation:0}