execute if entity @s[tag=aj.dino.bone.head_lower] run data modify entity @s {} merge value {transformation:[-0.9945752301023681f,-0.10301021174375141f,0.01445710701795963f,0.2895912254312174f,-0.10168184059898684f,0.9920866667537905f,0.07365357385596188f,0.2649980998347816f,-0.021929773350936953f,0.0717839949143324f,-0.9971790927987387f,0.36898225214998304f,0f,0f,0f,1f],start_interpolation:0}
execute if entity @s[tag=aj.dino.bone.head_upper] run data modify entity @s {} merge value {transformation:[-1.0352529426072092f,-0.08828440947993767f,-0.06268293587093676f,0.2829662537723314f,-0.10584058551205183f,0.6981074850155381f,0.7647977853048826f,0.33336420737420674f,-0.022826691943584713f,0.7670226495948905f,-0.7032973337976292f,0.33771499160123036f,0f,0f,0f,1f],start_interpolation:0}
execute if entity @s[tag=aj.dino.bone.neck_0] run data modify entity @s {} merge value {transformation:[-0.9971724855078166f,-0.05692944349188449f,-0.04905173401489041f,0.28104075964888686f,-0.06496444462768171f,0.9811645621774262f,0.1819222989668835f,0.3292224954381926f,0.03777108788981472f,0.18459452968840542f,-0.9820886948380662f,0.2712027750623377f,0f,0f,0f,1f],start_interpolation:0}
execute if entity @s[tag=aj.dino.bone.neck_1] run data modify entity @s {} merge value {transformation:[-0.9859962730513417f,0.009393189549692172f,-0.1665026051416235f,0.2669790768968056f,-0.044196914585464715f,0.9479934606362486f,0.315206331364131f,0.36029189616180224f,0.16080417367092498f,0.31815116938492105f,-0.9343028690681722f,0.19352074199556718f,0f,0f,0f,1f],start_interpolation:0}
execute if entity @s[tag=aj.dino.bone.neck_2] run data modify entity @s {} merge value {transformation:[-0.9789828812960303f,0.11230997504842574f,-0.170232158048779f,0.2531650479600057f,0.038343567805856f,0.9211823459286946f,0.38723746765676503f,0.4032357535151505f,0.20030548903422551f,0.3725715435375176f,-0.9061281123598535f,0.11778483166044829f,0f,0f,0f,1f],start_interpolation:0}
execute if entity @s[tag=aj.dino.bone.body_0] run data modify entity @s {} merge value {transformation:[-0.9589114733664438f,0.08708523356243866f,-0.2700091634400051f,0.12674033747131838f,0.024509138621446137f,0.973593684276821f,0.22696836797298464f,0.5194797910442803f,0.28264480955826987f,0.21102488012474002f,-0.9357245383114137f,-0.321208358514414f,0f,0f,0f,1f],start_interpolation:0}
execute if entity @s[tag=aj.dino.bone.leg_left_3] run data modify entity @s {} merge value {transformation:[-0.5857141439158015f,0.12187824928629551f,-0.8013018369927074f,0.4069080971097787f,-0.09108644619251657f,0.9724690801753189f,0.21449276776382678f,0.15908798388851464f,0.8053832633827187f,0.19861918450612162f,-0.5584874381838192f,-0.5358572267859653f,0f,0f,0f,1f],start_interpolation:0}
execute if entity @s[tag=aj.dino.bone.leg_left_2] run data modify entity @s {} merge value {transformation:[-0.8750024974005904f,-0.206916616217696f,-0.49357708919321075f,0.34206493157142975f,-0.22018438784722555f,1.0013559792729538f,-0.029448898508100292f,0.39125091660668504f,0.48780289502192037f,0.08083264320815294f,-0.8986526686662154f,-0.5440308808452086f,0f,0f,0f,1f],start_interpolation:0}
execute if entity @s[tag=aj.dino.bone.leg_left_1] run data modify entity @s {} merge value {transformation:[-0.9258443398270164f,0.37788674106281445f,0.0037241561731031214f,0.46296620356006996f,0.07732577064880268f,0.17978797098059385f,0.980661516877383f,0.3865430895224536f,0.36990942621653355f,0.9082278879332026f,-0.19567605877201327f,-0.2942827988597018f,0f,0f,0f,1f],start_interpolation:0}
execute if entity @s[tag=aj.dino.bone.leg_left_0] run data modify entity @s {} merge value {transformation:[-0.9106218288223465f,-0.3376525535085858f,-0.23824071436548488f,0.24390399821346403f,0.06470711271384061f,0.45289890117770515f,-0.889210647077657f,0.6442770815505217f,0.4081432033447125f,-0.8251504944076313f,-0.39057110382407684f,-0.5390116653761188f,0f,0f,0f,1f],start_interpolation:0}
execute if entity @s[tag=aj.dino.bone.leg_right_3] run data modify entity @s {} merge value {transformation:[-0.9989315516514793f,-0.03789944740214202f,0.02644592599588981f,-0.19844257126419879f,-0.037201371176736955f,0.9989588160392522f,0.02640723082843366f,0.017032638695958086f,-0.027419210377734156f,0.025395191357180436f,-0.9993013915522153f,-0.22302728658807872f,0f,0f,0f,1f],start_interpolation:0}
execute if entity @s[tag=aj.dino.bone.leg_right_2] run data modify entity @s {} merge value {transformation:[-0.9997174547947775f,0.2088104310022069f,0.09500217883827095f,-0.1452822301723533f,0.09123492403443545f,0.7516217948662137f,-0.6919559708675231f,0.17070850903164034f,-0.2104837255366244f,-0.6659767870485116f,-0.7511549240319597f,-0.40115302048855944f,0f,0f,0f,1f],start_interpolation:0}
execute if entity @s[tag=aj.dino.bone.leg_right_1] run data modify entity @s {} merge value {transformation:[-0.9685797032126036f,0.04108308834416673f,-0.24528664532886837f,-0.14040202522422432f,-0.17016855353346944f,0.6097791602548597f,0.7740878755717625f,0.29192272008436987f,0.1813726051886321f,0.7915058784184633f,-0.5836286683466683f,-0.1515599831291527f,0f,0f,0f,1f],start_interpolation:0}
execute if entity @s[tag=aj.dino.bone.leg_right_0] run data modify entity @s {} merge value {transformation:[-0.9670464054091992f,-0.24016908760650693f,-0.08449887066348663f,-0.11537755313097864f,-0.11574906969229101f,0.7103355742840537f,-0.6942805807250498f,0.6408011264007418f,0.22676728743475283f,-0.6616208742662232f,-0.7147268122049729f,-0.37951811956445497f,0f,0f,0f,1f],start_interpolation:0}
execute if entity @s[tag=aj.dino.bone.tail_4] run data modify entity @s {} merge value {transformation:[-1.257040650929235f,1.2621632650189993f,2.1100838907370454f,0.04115679367961128f,2.22239805687462f,1.5970965458049449f,0.3686337366246146f,0.8049326508722526f,-1.0518826029131385f,1.8659817382317787f,-1.742789853618097f,-2.0140832567465052f,0f,0f,0f,1f],start_interpolation:0}
execute if entity @s[tag=aj.dino.bone.tail_3] run data modify entity @s {} merge value {transformation:[-1.1838943493913385f,0.8974299516750714f,1.4590953284005068f,-0.21503391103931557f,1.5678661142863297f,1.282155335643687f,0.4835484143263773f,0.710393812379108f,-0.6900257554587294f,1.3735511287030222f,-1.4046947282903526f,-1.7893402162163203f,0f,0f,0f,1f],start_interpolation:0}
execute if entity @s[tag=aj.dino.bone.tail_2] run data modify entity @s {} merge value {transformation:[-1.355479057632515f,1.2842568466952695f,0.5763113316938763f,-0.3228656384426565f,1.3678473456108275f,1.3905976598336427f,0.11834552198282033f,0.6897359829334887f,-0.3323312179556104f,0.4854857105871351f,-1.8635003250309943f,-1.4430497938582252f,0f,0f,0f,1f],start_interpolation:0}
execute if entity @s[tag=aj.dino.bone.tail_1] run data modify entity @s {} merge value {transformation:[-1.0593946068698616f,0.9862559978941783f,-0.43890593929999455f,-0.23946182206520816f,1.0303119581661377f,1.1072993319144675f,0.001307058389417858f,0.6749347970286657f,0.322174775230636f,-0.2980663452312807f,-1.4474170504887514f,-1.1282460370377008f,0f,0f,0f,1f],start_interpolation:0}
execute if entity @s[tag=aj.dino.bone.tail_0] run data modify entity @s {} merge value {transformation:[-1.0650454179080913f,0.5035674661151404f,-0.49591711146862466f,-0.08239133592395698f,0.5348437530137587f,1.1605554805026974f,0.029813639853900394f,0.6942288296225698f,0.46201313210683187f,-0.18266499481169765f,-1.177715195628937f,-0.7884983159410057f,0f,0f,0f,1f],start_interpolation:0}
execute if entity @s[tag=aj.dino.bone.body_1] run data modify entity @s {} merge value {transformation:[-1.1299810698901707f,0.07037943742529236f,-0.4967837673815588f,0.02836337660226055f,-0.010932271652525923f,1.220399843886914f,0.19776071787279134f,0.5660496428571429f,0.5016252208398525f,0.18513657360107358f,-1.114765079283018f,-0.5418013124318023f,0f,0f,0f,1f],start_interpolation:0}