execute if entity @s[tag=aj.dino.bone.head_lower] run data modify entity @s {} merge value {transformation:[-0.9811015550004325f,-0.15338907359454695f,0.1179471529013741f,0.3601716682273278f,-0.16133602474638367f,0.9850113384875586f,-0.061019260647621865f,0.29769462508770483f,-0.10681959508801621f,-0.07889521628562007f,-0.9911433392564759f,0.09705655387742222f,0f,0f,0f,1f],start_interpolation:0}
execute if entity @s[tag=aj.dino.bone.head_upper] run data modify entity @s {} merge value {transformation:[-1.0212281998076358f,-0.20005590160303813f,-0.023292546768409264f,0.35375672058874047f,-0.16793460093516713f,0.7793364481009328f,0.6692567616794585f,0.3612790852998815f,-0.11118847201895146f,0.6603667764801049f,-0.7968844249920269f,0.056915286357360345f,0f,0f,0f,1f],start_interpolation:0}
execute if entity @s[tag=aj.dino.bone.neck_0] run data modify entity @s {} merge value {transformation:[-0.9923911880606271f,-0.12299069355640502f,-0.005746229905915667f,0.3557021945554559f,-0.12271161732487537f,0.9841623126822305f,0.1279312364885017f,0.35361621047447567f,-0.01007912858983942f,0.12766296093416474f,-0.9917663936494276f,-0.009283140623587482f,0f,0f,0f,1f],start_interpolation:0}
execute if entity @s[tag=aj.dino.bone.neck_1] run data modify entity @s {} merge value {transformation:[-0.9723134624897383f,-0.018040020684408895f,-0.2329830215164242f,0.33588236661056686f,-0.08636142939432447f,0.9541703338888132f,0.28653215777549274f,0.3822849884295647f,0.21713644137773294f,0.29871982120411233f,-0.9293106231210303f,-0.08663178272755746f,0f,0f,0f,1f],start_interpolation:0}
execute if entity @s[tag=aj.dino.bone.neck_2] run data modify entity @s {} merge value {transformation:[-0.9531156524360171f,0.13667589953652223f,-0.26998194674338494f,0.3135680656901455f,0.03880854197864789f,0.9400302318846331f,0.33887617238810774f,0.42117656619110144f,0.30010739769448713f,0.3125105784270438f,-0.9012617201569351f,-0.16252939499429392f,0f,0f,0f,1f],start_interpolation:0}
execute if entity @s[tag=aj.dino.bone.body_0] run data modify entity @s {} merge value {transformation:[-0.8960932020426092f,0.07256415834402896f,-0.4378942979496837f,0.1078813894835017f,0.028717026285807648f,0.9939572785972007f,0.10594461158995717f,0.4805765498663913f,0.44293600627440977f,0.08236122417417889f,-0.8927621873142964f,-0.58250027240553f,0f,0f,0f,1f],start_interpolation:0}
execute if entity @s[tag=aj.dino.bone.leg_right_3] run data modify entity @s {} merge value {transformation:[-0.9909811037267845f,-0.05985939139451178f,-0.1198887205633744f,-0.22018320642506783f,-0.05216429067924826f,0.9964333326583578f,-0.0663287294110772f,0.06474666504630984f,0.12343151475362811f,-0.05947660741195315f,-0.9905691264805241f,-0.263257768767792f,0f,0f,0f,1f],start_interpolation:0}
execute if entity @s[tag=aj.dino.bone.leg_right_2] run data modify entity @s {} merge value {transformation:[-0.9994219897884795f,0.2163085951804477f,0.080177786693024f,-0.16573365264581508f,0.029584509352144767f,0.473724459584624f,-0.9092700878717729f,0.1470247335369128f,-0.2287851451347391f,-0.8836616589753175f,-0.4678264948924542f,-0.4833410202993692f,0f,0f,0f,1f],start_interpolation:0}
execute if entity @s[tag=aj.dino.bone.leg_right_1] run data modify entity @s {} merge value {transformation:[-0.9581338084225155f,0.08450328129105998f,-0.27356681196521376f,-0.14734962764384907f,-0.10860148086563547f,0.7767999704298969f,0.6203124408666183f,0.322995098444363f,0.26492512812407515f,0.6240520822745126f,-0.73510113256428f,-0.26954241422619685f,0f,0f,0f,1f],start_interpolation:0}
execute if entity @s[tag=aj.dino.bone.leg_right_0] run data modify entity @s {} merge value {transformation:[-0.9413901803754937f,-0.3013236698942957f,-0.15161983463264062f,-0.14385555970853442f,-0.024819028063337904f,0.5101393350587878f,-0.8597336068060669f,0.596165917845846f,0.3364053271554822f,-0.8055817182553309f,-0.4877187212668812f,-0.5852523657342842f,0f,0f,0f,1f],start_interpolation:0}
execute if entity @s[tag=aj.dino.bone.tail_4] run data modify entity @s {} merge value {transformation:[-1.1165574319212626f,-1.8605450237647145f,-1.7080202128094837f,-1.4735874882106086f,2.5061645857733663f,-0.5845824869674247f,-1.0015306867721994f,0.31709214501177474f,0.31320903856180277f,-1.9550695287061632f,1.9249063789410261f,-1.1490654444541757f,0f,0f,0f,1f],start_interpolation:0}
execute if entity @s[tag=aj.dino.bone.tail_3] run data modify entity @s {} merge value {transformation:[-0.646240403151134f,-0.9197842538245644f,-1.7528022688814315f,-1.1673761856737546f,1.9523786627977207f,0.007863132698883848f,-0.723948378160203f,0.4397700901405547f,0.326399179581826f,-1.8681222185941138f,0.8599584164410288f,-1.2766015703653426f,0f,0f,0f,1f],start_interpolation:0}
execute if entity @s[tag=aj.dino.bone.tail_2] run data modify entity @s {} merge value {transformation:[-0.6490604909052459f,-0.32205138633690733f,-1.814876651099764f,-0.8305511577605149f,1.7069734523825628f,0.62100841850488f,-0.720669169598644f,0.5751508984592559f,0.6955113133585775f,-1.8246658115138017f,0.07505041162900511f,-1.2904731701058554f,0f,0f,0f,1f],start_interpolation:0}
execute if entity @s[tag=aj.dino.bone.tail_1] run data modify entity @s {} merge value {transformation:[-0.43374412333003715f,0.14741249230429793f,-1.4414547660572958f,-0.5217537529367576f,1.1981427764800519f,0.8826478521356634f,-0.27026451170838744f,0.6213746759231509f,0.8148473308818843f,-1.21936810530411f,-0.3698939052238275f,-1.1967490954509992f,0f,0f,0f,1f],start_interpolation:0}
execute if entity @s[tag=aj.dino.bone.tail_0] run data modify entity @s {} merge value {transformation:[-0.648756012308583f,0.35490148816067835f,-1.0425911407540491f,-0.20851998442496658f,0.5704192387904354f,1.1433651502935165f,0.034259913836034266f,0.6389545706286203f,0.9421110577289887f,-0.44788032260822547f,-0.738691876298329f,-0.991694310413372f,0f,0f,0f,1f],start_interpolation:0}