execute if entity @s[tag=aj.dino.bone.head_lower] run data modify entity @s {} merge value {transformation:[-0.9415816439833083f,-0.29413745474535613f,0.16403403741179293f,0.18487163915833513f,-0.30756461520630674f,0.9494405108314019f,-0.06298193284746822f,0.411387245695134f,-0.13721521485129284f,-0.10975369746906055f,-0.9844420301395015f,0.4627872596229713f,0f,0f,0f,1f],start_interpolation:0}
execute if entity @s[tag=aj.dino.bone.head_upper] run data modify entity @s {} merge value {transformation:[-0.9800919408965407f,-0.34545672244433234f,-0.05959348027408551f,0.1727020336729904f,-0.3201438798163217f,0.8099358135666139f,0.5700735186814477f,0.4687741249854962f,-0.14282725996570456f,0.5550996067407306f,-0.8688709587680337f,0.41530986205906373f,0f,0f,0f,1f],start_interpolation:0}
execute if entity @s[tag=aj.dino.bone.neck_0] run data modify entity @s {} merge value {transformation:[-0.9784874833936075f,-0.185430641837956f,0.09043075754193344f,0.18187551678087724f,-0.18936505325173994f,0.981209797718434f,-0.03698931559674537f,0.45051664028153493f,-0.08187259278299416f,-0.05331800754823468f,-0.99521558901681f,0.3518492623593223f,0f,0f,0f,1f],start_interpolation:0}
execute if entity @s[tag=aj.dino.bone.neck_1] run data modify entity @s {} merge value {transformation:[-0.9907973376243273f,-0.1296609930592244f,-0.03884150660620968f,0.17798779938915735f,-0.13263087059182707f,0.9873023708665631f,0.08742471416777657f,0.46247103963070496f,0.02701273630342723f,0.09177175687628067f,-0.9954136108760228f,0.2679474457269399f,0f,0f,0f,1f],start_interpolation:0}
execute if entity @s[tag=aj.dino.bone.neck_2] run data modify entity @s {} merge value {transformation:[-0.9999613768016681f,0.008485378065153232f,-0.0022898174607704352f,0.17787027136058203f,0.007897397408295242f,0.9818319140070959f,0.18958830067105412f,0.4886931447648201f,0.0038569442681588434f,0.18956289456603578f,-0.9818610049210927f,0.18378499695292583f,0f,0f,0f,1f],start_interpolation:0}
execute if entity @s[tag=aj.dino.bone.body_0] run data modify entity @s {} merge value {transformation:[-0.9958723182324852f,-0.005109478120998618f,-0.09062129447092826f,0.13511212094033764f,-0.006989565583007461f,0.9997666196409567f,0.020441434016611568f,0.5078511427218262f,0.09049570018081785f,0.020990461763040928f,-0.9956756142257165f,-0.2852732258617308f,0f,0f,0f,1f],start_interpolation:0}
execute if entity @s[tag=aj.dino.bone.leg_left_3] run data modify entity @s {} merge value {transformation:[-0.6925569284682663f,-0.10199967157007087f,-0.7141155143463824f,0.5722025684781746f,0.008125076549907545f,0.9887869664554044f,-0.14911176378467797f,0.0838639304879504f,0.7213174640625714f,-0.10907062834474326f,-0.6839625092582375f,-0.4076379062792742f,0f,0f,0f,1f],start_interpolation:0}
execute if entity @s[tag=aj.dino.bone.leg_left_2] run data modify entity @s {} merge value {transformation:[-0.9077421276977773f,-0.4333177647425564f,-0.2007539385962848f,0.463584379333868f,-0.3731571638238357f,0.9126539796832298f,-0.28262810185119336f,0.28728886584181257f,0.2980271131799211f,-0.17708932104328584f,-0.9653400497662808f,-0.4782881485244658f,0f,0f,0f,1f],start_interpolation:0}
execute if entity @s[tag=aj.dino.bone.leg_left_1] run data modify entity @s {} merge value {transformation:[-0.9839123561757008f,0.0736143335727968f,-0.16278023607739914f,0.5118115761317944f,-0.1260584855318931f,0.3595754489454566f,0.9245619258552017f,0.33844951467329676f,0.12659278648559028f,0.9302077329329761f,-0.34451101579123344f,-0.20982937858032458f,0f,0f,0f,1f],start_interpolation:0}
execute if entity @s[tag=aj.dino.bone.leg_left_0] run data modify entity @s {} merge value {transformation:[-0.9795767410106817f,-0.19977282584797584f,0.02280847481981648f,0.31761662188725814f,-0.12617997052481084f,0.5224374709781807f,-0.8432898101816958f,0.597552851171987f,0.15655038648706598f,-0.8289450566657823f,-0.5369749244798245f,-0.47338403956294145f,0f,0f,0f,1f],start_interpolation:0}
execute if entity @s[tag=aj.dino.bone.leg_right_3] run data modify entity @s {} merge value {transformation:[-0.8704889771875551f,-0.05395677064969612f,0.489221429923118f,-0.28508254228139907f,-0.06611037959484324f,0.9977834794724971f,-0.007585894909848956f,0.03951204940408509f,-0.4877277501893755f,-0.03894605233927606f,-0.8721266230900169f,-0.2606320300963727f,0f,0f,0f,1f],start_interpolation:0}
execute if entity @s[tag=aj.dino.bone.leg_right_2] run data modify entity @s {} merge value {transformation:[-0.7395716936674798f,0.5965567647082147f,0.38628478601593585f,-0.13294074101441472f,0.08928626286480557f,0.631069197851316f,-0.803642849957385f,0.16163868269642964f,-0.7050701189882795f,-0.5458332103352255f,-0.506956046719722f,-0.4024383410064668f,0f,0f,0f,1f],start_interpolation:0}
execute if entity @s[tag=aj.dino.bone.leg_right_1] run data modify entity @s {} merge value {transformation:[-0.9541855890124588f,-0.2751245411075453f,0.11762800942509295f,-0.23292523207747307f,-0.11317128804491419f,0.6957590344064917f,0.7093036201825011f,0.31078198881547453f,-0.2769875832653916f,0.663495179275712f,-0.6950194427458045f,-0.19084259093925085f,0f,0f,0f,1f],start_interpolation:0}
execute if entity @s[tag=aj.dino.bone.leg_right_0] run data modify entity @s {} merge value {transformation:[-0.9783051626984486f,0.1461970036704814f,0.1467836665141426f,-0.07371960065250088f,-0.036467159889977355f,0.5759332149797146f,-0.8166829728436173f,0.60763542691223f,-0.2039341925404385f,-0.8043179520568361f,-0.5581070480758833f,-0.43749798167126935f,0f,0f,0f,1f],start_interpolation:0}
execute if entity @s[tag=aj.dino.bone.tail_4] run data modify entity @s {} merge value {transformation:[-0.5273147263410142f,1.982398425177615f,-1.8487014347474318f,-0.35745712895687515f,2.553090871591005f,-0.2695068239939328f,-1.0172287868613379f,0.23896995438510538f,-0.9106742075970898f,-1.903450521362196f,-1.7813505920911243f,-2.086616174962046f,0f,0f,0f,1f],start_interpolation:0}
execute if entity @s[tag=aj.dino.bone.tail_3] run data modify entity @s {} merge value {transformation:[-0.44760140979123897f,1.6247696049131557f,-1.2229972342355018f,-0.1659816389583048f,1.984557456682492f,0.07558196543033487f,-0.6259110109848302f,0.34436170298442004f,-0.44399347418994783f,-1.300137155648003f,-1.5647551557431296f,-1.8085686619507768f,0f,0f,0f,1f],start_interpolation:0}
execute if entity @s[tag=aj.dino.bone.tail_2] run data modify entity @s {} merge value {transformation:[-0.8505307740466616f,1.5885574790452341f,-0.7562118837811354f,-0.0256544203176668f,1.7339455628171336f,0.6145915871134868f,-0.6591538828216646f,0.4683253713375364f,-0.29800010501531354f,-0.9578810948241708f,-1.6770311924922827f,-1.4972605113890516f,0f,0f,0f,1f],start_interpolation:0}
execute if entity @s[tag=aj.dino.bone.tail_1] run data modify entity @s {} merge value {transformation:[-0.8999040428732961f,1.1503337440539725f,-0.393142774206861f,0.04574361976421786f,1.2156552193685686f,0.8501868233221175f,-0.2949932254669678f,0.5202505637506797f,-0.003369160467437438f,-0.49149861926582944f,-1.4304104327141665f,-1.1834408637183682f,0f,0f,0f,1f],start_interpolation:0}
execute if entity @s[tag=aj.dino.bone.tail_0] run data modify entity @s {} merge value {transformation:[-1.113936561640115f,0.619665953792627f,-0.09484281172392589f,0.08841253700501518f,0.6268139210653522f,1.1038445660825693f,-0.149890623031231f,0.5906898232886986f,0.009239133298350478f,-0.1771355306658885f,-1.265848868852691f,-0.8178049990688308f,0f,0f,0f,1f],start_interpolation:0}
execute if entity @s[tag=aj.dino.bone.body_1] run data modify entity @s {} merge value {transformation:[-1.2307966322721533f,0.029936687361772563f,-0.1133491940579158f,0.11274818851483637f,0.03171083981232849f,1.235830632777247f,-0.017935015585050416f,0.5116175000000001f,0.11286570640443616f,-0.020761428068479425f,-1.231030012013775f,-0.5302093357455613f,0f,0f,0f,1f],start_interpolation:0}