execute if entity @s[tag=aj.dino.bone.head_lower] run data modify entity @s {} merge value {transformation:[-0.9785522866551095f,-0.20439680999963772f,0.025639156460935966f,0.4017685752528061f,-0.20509510466855013f,0.9783290144417206f,-0.028431277538797095f,0.2935161297253557f,-0.01927226823840003f,-0.033079957126085024f,-0.9992668793237789f,0.08221471622426905f,0f,0f,0f,1f],start_interpolation:0}
execute if entity @s[tag=aj.dino.bone.head_upper] run data modify entity @s {} merge value {transformation:[-1.0185746674491842f,-0.17399802732455102f,-0.12530872236782176f,0.3889068476437752f,-0.21348340899320023f,0.7660056714230152f,0.6716636718000495f,0.3569530372609403f,-0.020060495979238827f,0.6829582274330162f,-0.7852627449880243f,0.04341019049556519f,0f,0f,0f,1f],start_interpolation:0}
execute if entity @s[tag=aj.dino.bone.neck_0] run data modify entity @s {} merge value {transformation:[-0.9857893944463432f,-0.1370762091573698f,-0.0971050085225113f,0.3851713928114154f,-0.14886593070929055f,0.9806813951638383f,0.12689734376086886f,0.34928826192377305f,0.07783446840037334f,0.1395496831331137f,-0.9871512961376685f,-0.022711166496884982f,0f,0f,0f,1f],start_interpolation:0}
execute if entity @s[tag=aj.dino.bone.neck_1] run data modify entity @s {} merge value {transformation:[-0.9513721639579117f,-0.020289595847076913f,-0.30737491430889846f,0.3590392316418334f,-0.10984162957451098f,0.954581061951632f,0.2769653634946264f,0.3771484990119422f,0.28779475682933553f,0.2972596986872875f,-0.9103904928534166f,-0.09846375184239801f,0f,0f,0f,1f],start_interpolation:0}
execute if entity @s[tag=aj.dino.bone.neck_2] run data modify entity @s {} merge value {transformation:[-0.9348211049422301f,0.1426044206977919f,-0.32522835201137545f,0.3319429751993911f,0.025933377419461206f,0.9407979217815445f,0.3379744521515592f,0.4159685954817524f,0.35417080863646544f,0.3075113812023451f,-0.8831759670308167f,-0.17282586175746611f,0f,0f,0f,1f],start_interpolation:0}
execute if entity @s[tag=aj.dino.bone.body_0] run data modify entity @s {} merge value {transformation:[-0.8765511088005318f,0.06607884287933517f,-0.47675123511563827f,0.1078813894835017f,0.011219728805791564f,0.9930670141357529f,0.11701291860741146f,0.4805765498663913f,0.48117800380533093f,0.09721878398348927f,-0.8712153790508341f,-0.58250027240553f,0f,0f,0f,1f],start_interpolation:0}
execute if entity @s[tag=aj.dino.bone.leg_right_3] run data modify entity @s {} merge value {transformation:[-0.9939334026009676f,-0.052158878959161936f,-0.09682893441418254f,-0.23498035942234557f,-0.04932456266421434f,0.9982878595801923f,-0.0314394168645411f,0.06416470599150172f,0.09830299442054932f,-0.026472641736742353f,-0.994804362941494f,-0.2712694440409537f,0f,0f,0f,1f],start_interpolation:0}
execute if entity @s[tag=aj.dino.bone.leg_right_2] run data modify entity @s {} merge value {transformation:[-0.9918444292051762f,0.24804843533185547f,0.08233347730280156f,-0.17307743015543342f,0.04821543375344545f,0.49123574583482144f,-0.8991245261156924f,0.15080926957182086f,-0.2568698108056292f,-0.8655758864734044f,-0.48668109122212155f,-0.4876760498000371f,0f,0f,0f,1f],start_interpolation:0}
execute if entity @s[tag=aj.dino.bone.leg_right_1] run data modify entity @s {} merge value {transformation:[-0.9648655212289078f,0.08409978989709195f,-0.24892117483840806f,-0.1562441995960288f,-0.09810774458112168f,0.7635484032549397f,0.6382544213243163f,0.3224370117449511f,0.24374042831847526f,0.6402507799496203f,-0.7284706873835278f,-0.2702503242631239f,0f,0f,0f,1f],start_interpolation:0}
execute if entity @s[tag=aj.dino.bone.leg_right_0] run data modify entity @s {} merge value {transformation:[-0.9469364964339133f,-0.2811675137996152f,-0.1557437026181435f,-0.14385555970853442f,-0.012313324489515255f,0.5159253106862329f,-0.8565450693532303f,0.596165917845846f,0.32118476576805677f,-0.8091760642635555f,-0.4920106129561244f,-0.5852523657342842f,0f,0f,0f,1f],start_interpolation:0}
execute if entity @s[tag=aj.dino.bone.tail_4] run data modify entity @s {} merge value {transformation:[-1.0024708639929207f,-2.316378222915427f,-1.1203148784375123f,-1.490359637079035f,2.4627797167735004f,-0.515529790703347f,-1.1378077311858974f,0.37708678483003377f,0.7452714707368882f,-1.4121906014771994f,2.2529867890436335f,-1.0219613228596032f,0f,0f,0f,1f],start_interpolation:0}
execute if entity @s[tag=aj.dino.bone.tail_3] run data modify entity @s {} merge value {transformation:[-0.5663812572906348f,-1.173150792381407f,-1.6244614540730726f,-1.2034308035221424f,1.9060163440603648f,0.2054500227922121f,-0.8129191290367599f,0.5129173386331075f,0.618271375375801f,-1.7080553364905955f,1.0179553034988122f,-1.1778542622827755f,0f,0f,0f,1f],start_interpolation:0}
execute if entity @s[tag=aj.dino.bone.tail_2] run data modify entity @s {} merge value {transformation:[-0.5143561368491052f,-0.47363216121526874f,-1.824797034015289f,-0.8646980607147563f,1.652769417836071f,0.7966662535749919f,-0.6726440417363244f,0.6393720979625963f,0.9069536321964073f,-1.7203980153674083f,0.19089173048721542f,-1.2130793493975993f,0f,0f,0f,1f],start_interpolation:0}
execute if entity @s[tag=aj.dino.bone.tail_1] run data modify entity @s {} merge value {transformation:[-0.25775111874013984f,0.05294512694484269f,-1.4894352702689035f,-0.5445891595243976f,1.1623872034588243f,0.953169604435774f,-0.16727206704923606f,0.6626051547260439f,0.9327789663277043f,-1.1731669824507271f,-0.2031228230999043f,-1.1559199805158866f,0f,0f,0f,1f],start_interpolation:0}
execute if entity @s[tag=aj.dino.bone.tail_0] run data modify entity @s {} merge value {transformation:[-0.47694148650913265f,0.3977985058479204f,-1.1171924112594254f,-0.20851998442496658f,0.543118272429341f,1.1437217735958778f,0.17538176455976062f,0.6389545706286203f,1.054222498898527f,-0.4092585612200302f,-0.5957835760309977f,-0.991694310413372f,0f,0f,0f,1f],start_interpolation:0}