execute if entity @s[tag=aj.dino.bone.head_lower] run data modify entity @s {} merge value {transformation:[-0.9758575618889888f,-0.15772100646863954f,0.15108309972527562f,-0.24503360870710733f,-0.16353848595284387f,0.9861726700081543f,-0.02680724792363859f,0.6399049098020845f,-0.14476595772601258f,-0.050867956981849705f,-0.988157511956552f,0.8338002708996565f,0f,0f,0f,1f],start_interpolation:0}
execute if entity @s[tag=aj.dino.bone.head_upper] run data modify entity @s {} merge value {transformation:[-1.015769729562931f,-0.21831277769290633f,0.0634297263368246f,-0.24587841017117057f,-0.1702271418872794f,0.9228762394405357f,0.4503266696793455f,0.6916193426503683f,-0.15068682507785747f,0.4290814845173467f,-0.9362982980737776f,0.7788424667453462f,0f,0f,0f,1f],start_interpolation:0}
execute if entity @s[tag=aj.dino.bone.neck_0] run data modify entity @s {} merge value {transformation:[-0.9705568359688012f,0.16371116501777908f,0.17668639620171936f,-0.23679726449482505f,0.1028679628269483f,0.9449834960551544f,-0.31052274378410893f,0.6561682666116244f,-0.21780176853750066f,-0.28320460206694953f,-0.9340008260114323f,0.7231155409805322f,0f,0f,0f,1f],start_interpolation:0}
execute if entity @s[tag=aj.dino.bone.neck_1] run data modify entity @s {} merge value {transformation:[-0.9468025503198128f,0.15274013582528573f,0.2832585066965714f,-0.21209789649649496f,0.07141123483840611f,0.957962764123055f,-0.27786287642031254f,0.6370428487375404f,-0.31379191552165947f,-0.24285344029226574f,-0.9179089498917955f,0.6442378099269834f,0f,0f,0f,1f],start_interpolation:0}
execute if entity @s[tag=aj.dino.bone.neck_2] run data modify entity @s {} merge value {transformation:[-0.8354510417989727f,0.19745955401859625f,0.5128657536663841f,-0.16523375753610386f,0.1604681099670717f,0.9802022341119282f,-0.1159895078254081f,0.6364780904290781f,-0.5256153940293291f,-0.01460495699280482f,-0.850596939090796f,0.5695761469285288f,0f,0f,0f,1f],start_interpolation:0}
execute if entity @s[tag=aj.dino.bone.body_0] run data modify entity @s {} merge value {transformation:[-0.8187043558721148f,0.16411803646987663f,0.5502621627745249f,0.09566616574134046f,0.09852535527963022f,0.984223530024986f,-0.14695848839784018f,0.576593065344408f,-0.565699506843561f,-0.06610077949939558f,-0.8219578790342752f,0.18156078833101516f,0f,0f,0f,1f],start_interpolation:0}
execute if entity @s[tag=aj.dino.bone.leg_left_3] run data modify entity @s {} merge value {transformation:[-0.8806938215246253f,0.23418302523020046f,0.411748349629215f,0.32348282926875516f,0.10618216754314644f,0.9447230456358438f,-0.3101994750807535f,0.1750870718506978f,-0.4616316063964756f,-0.2294704288978582f,-0.856877810564168f,0.5348892071915798f,0f,0f,0f,1f],start_interpolation:0}
execute if entity @s[tag=aj.dino.bone.leg_left_2] run data modify entity @s {} merge value {transformation:[-0.7047424885168303f,0.04950338082868844f,0.743605836223956f,0.3569094243193293f,-0.3365295053735921f,0.8920094446104979f,-0.3783242554203619f,0.37079917962652503f,-0.664942190263789f,-0.5039154348825757f,-0.5966433755561136f,0.39795672134806803f,0f,0f,0f,1f],start_interpolation:0}
execute if entity @s[tag=aj.dino.bone.leg_left_1] run data modify entity @s {} merge value {transformation:[-0.5754953423778669f,-0.7641704160164955f,0.29128797810166773f,0.14532073001259765f,-0.03744260623286762f,0.3804297400198111f,0.9240515484251676f,0.42588751553012427f,-0.8169474659608609f,0.5208807811713109f,-0.24754807546513627f,0.5688627930620662f,0f,0f,0f,1f],start_interpolation:0}
execute if entity @s[tag=aj.dino.bone.leg_left_0] run data modify entity @s {} merge value {transformation:[-0.5990151718792507f,0.7726384866041512f,0.21026315149478347f,0.3619161124330875f,-0.028283938695444502f,0.24200681331605195f,-0.9698622175961295f,0.5965713691613495f,-0.8002379912690624f,-0.5869092530593261f,-0.12311249328561172f,0.2553970995832274f,0f,0f,0f,1f],start_interpolation:0}
execute if entity @s[tag=aj.dino.bone.leg_right_3] run data modify entity @s {} merge value {transformation:[0.2159760400469429f,-0.0846551297758028f,0.9727218816950115f,0.03656802616402244f,0.008995284579865467f,0.9963645775195789f,0.08471548571281717f,0.030212715959613584f,-0.9763572271361382f,-0.009546604991998789f,0.21595237287920263f,-0.21221500195923074f,0f,0f,0f,1f],start_interpolation:0}
execute if entity @s[tag=aj.dino.bone.leg_right_2] run data modify entity @s {} merge value {transformation:[0.24934982708442624f,0.4754564082039858f,0.8739725780202868f,0.17401905597769454f,0.21168128545288617f,0.8550208254305616f,-0.5255403133630658f,0.212946881536304f,-0.9721511696349878f,0.3081278816960592f,0.10973382067311245f,-0.1354913993315689f,0f,0f,0f,1f],start_interpolation:0}
execute if entity @s[tag=aj.dino.bone.leg_right_1] run data modify entity @s {} merge value {transformation:[-0.1830839663708631f,-0.8525779012689219f,0.4894805241537128f,-0.08720615980455895f,-0.10744684806457716f,0.5122670703999933f,0.8520784138943999f,0.3047829213056392f,-0.9772079799607144f,0.10340875616546713f,-0.18539469531087077f,-0.11702754007176562f,0f,0f,0f,1f],start_interpolation:0}
execute if entity @s[tag=aj.dino.bone.leg_right_0] run data modify entity @s {} merge value {transformation:[-0.2687595348795786f,0.6930936906996714f,0.6688717727065634f,0.1617247888550184f,-0.042340662498699944f,0.6852490894252509f,-0.727076992993889f,0.6379457828652582f,-0.9622762496863796f,-0.22372934844175593f,-0.1548211805126921f,-0.08037826939277212f,0f,0f,0f,1f],start_interpolation:0}
execute if entity @s[tag=aj.dino.bone.tail_4] run data modify entity @s {} merge value {transformation:[0.9456738390890352f,0.10030893942203171f,2.5925470947187503f,1.8977755828923788f,2.507147343439823f,0.674610427198155f,-0.9406244210088126f,0.08790474860182962f,-0.6675136852119558f,2.6759111008752803f,0.1399521056190424f,-0.2053883777633708f,0f,0f,0f,1f],start_interpolation:0}
execute if entity @s[tag=aj.dino.bone.tail_3] run data modify entity @s {} merge value {transformation:[0.49738926819105334f,0.34915163575563574f,1.9916431852071235f,1.556649775255237f,1.902540545798451f,0.6137631678648f,-0.582734735029536f,0.18070887076827602f,-0.6847546374620228f,1.9589112882073492f,-0.17240411089218302f,-0.19532449642520425f,0f,0f,0f,1f],start_interpolation:0}
execute if entity @s[tag=aj.dino.bone.tail_2] run data modify entity @s {} merge value {transformation:[0.4769347986365536f,0.4143154525961321f,1.8492295094423377f,1.2133333030262385f,1.551083983248368f,1.0102283353431252f,-0.6263793278701115f,0.29853874776666994f,-1.0887816814048001f,1.6206650768165207f,-0.08229844486632154f,-0.18044484750732837f,0f,0f,0f,1f],start_interpolation:0}
execute if entity @s[tag=aj.dino.bone.tail_1] run data modify entity @s {} merge value {transformation:[0.12740389966808863f,0.3605439047853168f,1.46336345077753f,0.8939048203221287f,1.0187280532578507f,1.0616782462634f,-0.35026947471417225f,0.35996164681775766f,-1.1106834156747072f,1.0151372538397103f,-0.15341106873996363f,-0.15878038563221641f,0f,0f,0f,1f],start_interpolation:0}
execute if entity @s[tag=aj.dino.bone.tail_0] run data modify entity @s {} merge value {transformation:[-0.006663344612246469f,0.4218577294079076f,1.206576716401162f,0.5514952388219033f,0.4825457759359764f,1.1181370686495415f,-0.3882715369714662f,0.5004062534438316f,-1.1836134886646708f,0.4534768664823408f,-0.16508651550151635f,-0.09959506424870901f,0f,0f,0f,1f],start_interpolation:0}
execute if entity @s[tag=aj.dino.bone.body_1] run data modify entity @s {} merge value {transformation:[-0.6296243298688231f,0.38781780226069346f,0.9908456744332947f,0.29501521792410557f,0.13012720549739537f,1.1707433323355738f,-0.3755416824235158f,0.5088565625000001f,-1.0560514706598936f,-0.08695974412181641f,-0.6370226756368993f,0.0543611404464954f,0f,0f,0f,1f],start_interpolation:0}