execute if entity @s[tag=aj.dino.bone.head_lower] run data modify entity @s {} merge value {transformation:[-0.9790185497339678f,-0.15433971793960724f,0.13304860293562265f,0.35688812018788985f,-0.16401332461214221f,0.9843115315951392f,-0.06504181822876132f,0.29905970376015417f,-0.12092273825244979f,-0.08549889025685464f,-0.988973018407669f,0.09833020591113922f,0f,0f,0f,1f],start_interpolation:0}
execute if entity @s[tag=aj.dino.bone.head_upper] run data modify entity @s {} merge value {transformation:[-1.0190600004936916f,-0.21171907068824594f,-0.012794259814866643f,0.3509356764861149f,-0.1707214012498936f,0.7814778986964827f,0.6660468749177566f,0.36247010344005165f,-0.12586842786250071f,0.6541706746250113f,-0.7998061076983515f,0.05784383637508765f,0f,0f,0f,1f],start_interpolation:0}
execute if entity @s[tag=aj.dino.bone.neck_0] run data modify entity @s {} merge value {transformation:[-0.9918916550582633f,-0.1269362662165184f,0.006174863949012704f,0.35371587336416194f,-0.12512081901622543f,0.9839097890728017f,0.12753943553044086f,0.3547867714350301f,-0.022264888827222662f,0.12573269775887158f,-0.9918142787033203f,-0.008322417628874187f,0f,0f,0f,1f],start_interpolation:0}
execute if entity @s[tag=aj.dino.bone.neck_1] run data modify entity @s {} merge value {transformation:[-0.9735970518124848f,-0.021814609946399083f,-0.22722874706982943f,0.33436611892884527f,-0.08836244037320215f,0.9538369573401221f,0.2870315974652098f,0.3834963226628964f,0.21047769438429909f,0.2995316036831915f,-0.9305804417467868f,-0.0857748902564069f,0f,0f,0f,1f],start_interpolation:0}
execute if entity @s[tag=aj.dino.bone.neck_2] run data modify entity @s {} merge value {transformation:[-0.9544485672322681f,0.13546790586921392f,-0.26585029431558044f,0.3124019547354938f,0.03920091811386033f,0.9402015393755327f,0.33835536551813217f,0.4223439510439748f,0.29578914876530116f,0.3125212182161209f,-0.9026844784515851f,-0.16179704265025696f,0f,0f,0f,1f],start_interpolation:0}
execute if entity @s[tag=aj.dino.bone.body_0] run data modify entity @s {} merge value {transformation:[-0.8973569228802217f,0.07191255605954949f,-0.4354068640248132f,0.1078813894835017f,0.029471886008405265f,0.9941965878178995f,0.10346280832431035f,0.4805765498663913f,0.44032029352966195f,0.08001080584663282f,-0.8942685894370465f,-0.58250027240553f,0f,0f,0f,1f],start_interpolation:0}
execute if entity @s[tag=aj.dino.bone.leg_right_3] run data modify entity @s {} merge value {transformation:[-0.9915524425181067f,-0.058709878366695945f,-0.11565856612696312f,-0.2235757676095102f,-0.05082770111683926f,0.9962539676406914f,-0.06996125184241286f,0.0706230335168536f,0.11933272198167039f,-0.06349159111526548f,-0.9908221431327104f,-0.25692367774734715f,0f,0f,0f,1f],start_interpolation:0}
execute if entity @s[tag=aj.dino.bone.leg_right_2] run data modify entity @s {} merge value {transformation:[-0.9964839749941864f,0.227556875516173f,0.08543860653005539f,-0.1663462310912414f,0.025953848761079458f,0.4580851488627658f,-0.9173584869758165f,0.1490112661521151f,-0.2416780602681335f,-0.8890658379992953f,-0.4507946876221343f,-0.4777202746419548f,0f,0f,0f,1f],start_interpolation:0}
execute if entity @s[tag=aj.dino.bone.leg_right_1] run data modify entity @s {} merge value {transformation:[-0.9606828635007534f,0.07888359919816075f,-0.2662063364263465f,-0.14993003614469147f,-0.10518730943993228f,0.7839151926464303f,0.6118926381898201f,0.3274291647026205f,0.25695148512663096f,0.6158363000957754f,-0.7447963384547246f,-0.26579824256396617f,0f,0f,0f,1f],start_interpolation:0}
execute if entity @s[tag=aj.dino.bone.leg_right_0] run data modify entity @s {} merge value {transformation:[-0.9438635917539788f,-0.29490654697433816f,-0.14883429951779015f,-0.14385555970853442f,-0.01933506008745412f,0.4991032070902846f,-0.866326811384484f,0.596165917845846f,0.329769124711052f,-0.8148166157018799f,-0.47678738150609834f,-0.5852523657342842f,0f,0f,0f,1f],start_interpolation:0}
execute if entity @s[tag=aj.dino.bone.tail_4] run data modify entity @s {} merge value {transformation:[-1.0674847703421806f,-2.1524851798252516f,-1.361229278013134f,-1.4722735446400508f,2.5000975223016164f,-0.6043404655223313f,-1.004960851134796f,0.3342887296185655f,0.48543792153974163f,-1.6208767639660042f,2.1823771149749236f,-1.0406416401004022f,0f,0f,0f,1f],start_interpolation:0}
execute if entity @s[tag=aj.dino.bone.tail_3] run data modify entity @s {} merge value {transformation:[-0.6056261342386954f,-1.1402433034421846f,-1.6337098030332053f,-1.1840985584779382f,1.9452973979042874f,0.030175857341487054f,-0.7421947031507033f,0.45984222966117155f,0.4300936471029867f,-1.742090741790853f,1.0564491602214903f,-1.2027286519560203f,0f,0f,0f,1f],start_interpolation:0}
execute if entity @s[tag=aj.dino.bone.tail_2] run data modify entity @s {} merge value {transformation:[-0.5707181989825696f,-0.494023501590093f,-1.8024969881332766f,-0.8495578743170047f,1.698692065102773f,0.6488538792764175f,-0.7156869331681256f,0.59429735338674f,0.7794227866246567f,-1.7758669145595862f,0.23993894320357365f,-1.247179009819791f,0f,0f,0f,1f],start_interpolation:0}
execute if entity @s[tag=aj.dino.bone.tail_1] run data modify entity @s {} merge value {transformation:[-0.3496421773305956f,0.060286349879887284f,-1.4702966210427342f,-0.533569345640892f,1.1916836322014528f,0.8981956052414103f,-0.24655836118081614f,0.6352359474121685f,0.8633056924257326f,-1.2154285091041666f,-0.25513343701316354f,-1.1782445607891732f,0f,0f,0f,1f],start_interpolation:0}
execute if entity @s[tag=aj.dino.bone.tail_0] run data modify entity @s {} merge value {transformation:[-0.5760444429525228f,0.36069766707558576f,-1.082545938652848f,-0.20851998442496658f,0.5630025221170923f,1.1446278690319311f,0.08179803242891022f,0.6389545706286203f,0.9924901392040824f,-0.43995448740259274f,-0.6747140795781653f,-0.991694310413372f,0f,0f,0f,1f],start_interpolation:0}