execute if entity @s[tag=aj.dino.bone.head_lower] run data modify entity @s {} merge value {transformation:[-0.9803461534715991f,-0.06131242225575189f,0.18751588266216898f,-0.6468723954402203f,-0.020421371501868735f,0.9769131064538691f,0.21265876427891334f,0.6309955441051739f,-0.19622534739279363f,0.20464987006051116f,-0.9589650899406054f,0.7294692229561439f,0f,0f,0f,1f],start_interpolation:0}
execute if entity @s[tag=aj.dino.bone.head_upper] run data modify entity @s {} merge value {transformation:[-1.0204419026710236f,-0.13259003559312277f,0.15681246225368303f,-0.6393562059708647f,-0.021256597087390375f,0.8587825073091994f,0.5878032875065405f,0.6907942897056709f,-0.2042508823405975f,0.5730483663571921f,-0.8446117980835621f,0.6840481550221481f,0f,0f,0f,1f],start_interpolation:0}
execute if entity @s[tag=aj.dino.bone.neck_0] run data modify entity @s {} merge value {transformation:[-0.9100738611166829f,0.35656639709254134f,0.21124860183351965f,-0.6311901488556141f,0.30706505678351714f,0.922439828650187f,-0.23412777157430387f,0.6605830006159603f,-0.27834622004745824f,-0.1482065011538231f,-0.9489774574778022f,0.6251811033121696f,0f,0f,0f,1f],start_interpolation:0}
execute if entity @s[tag=aj.dino.bone.neck_1] run data modify entity @s {} merge value {transformation:[-0.860464769417495f,0.3238902429529842f,0.3933134768999842f,-0.5963792132597971f,0.2145307306669242f,0.9304928390553473f,-0.2969168942081867f,0.6397169068402135f,-0.4621438587613309f,-0.17110869933050404f,-0.8701407166789807f,0.5506804876233253f,0f,0f,0f,1f],start_interpolation:0}
execute if entity @s[tag=aj.dino.bone.neck_2] run data modify entity @s {} merge value {transformation:[-0.6458525200725478f,0.30040753774423573f,0.7018759388826383f,-0.5319484393949092f,0.2771033801714853f,0.9488783329419221f,-0.15114107969343143f,0.6357659266294308f,-0.7113987904217132f,0.09687734791892538f,-0.6960794067106992f,0.4906472007843864f,0f,0f,0f,1f],start_interpolation:0}
execute if entity @s[tag=aj.dino.bone.body_0] run data modify entity @s {} merge value {transformation:[-0.5729495876994749f,0.22016416784896828f,0.7894659645294236f,-0.1577787519055876f,0.19087252345124261f,0.9726022463967453f,-0.13271228313671513f,0.5824843774078956f,-0.7970548599352222f,0.07464991292276336f,-0.5992753463594739f,0.20892211106069566f,0f,0f,0f,1f],start_interpolation:0}
execute if entity @s[tag=aj.dino.bone.leg_left_3] run data modify entity @s {} merge value {transformation:[-0.48629702189781115f,0.26113556081697775f,0.8338605551110582f,-0.1320452831917058f,0.12309623429711804f,0.9652559370341988f,-0.2304957551064648f,0.14214827261551982f,-0.8650794897552414f,-0.009444305005285366f,-0.5015458917265482f,0.6131380051925404f,0f,0f,0f,1f],start_interpolation:0}
execute if entity @s[tag=aj.dino.bone.leg_left_2] run data modify entity @s {} merge value {transformation:[-0.25632637662569147f,0.23528458499169408f,0.9648834915221239f,-0.047779225493387534f,-0.3122705443002897f,0.9268689949832986f,-0.30897115205427295f,0.3481670473306651f,-0.9427863465860329f,-0.3709679631782645f,-0.15999648273329317f,0.5202586853690753f,0f,0f,0f,1f],start_interpolation:0}
execute if entity @s[tag=aj.dino.bone.leg_left_1] run data modify entity @s {} merge value {transformation:[-0.06295782105427485f,-0.9222869271585806f,0.38134385632979684f,-0.3173069658812373f,0.006387926650615451f,0.38172165519247026f,0.9242552528118121f,0.40272264004109287f,-0.9979957450616733f,0.06062509339789722f,-0.018140862418638635f,0.5575664610358098f,0f,0f,0f,1f],start_interpolation:0}
execute if entity @s[tag=aj.dino.bone.leg_left_0] run data modify entity @s {} merge value {transformation:[-0.0917466252862176f,0.9654600762557535f,0.24386348210592207f,0.031244129722268782f,0.015445039180515405f,0.24624660085694466f,-0.9690841358370865f,0.5800924455689089f,-0.9956625972252362f,-0.08514371804564033f,-0.0375038633218204f,0.41141802825230916f,0f,0f,0f,1f],start_interpolation:0}
execute if entity @s[tag=aj.dino.bone.leg_right_3] run data modify entity @s {} merge value {transformation:[0.7448681723764857f,-0.09792688868925864f,0.6599861591368075f,0.0251600332622574f,0.06384776983822749f,0.9950927878848913f,0.07558972010901127f,0.02917546004712493f,-0.6641497331680556f,-0.014165732283066723f,0.7474653597068465f,-0.15560046263822735f,0f,0f,0f,1f],start_interpolation:0}
execute if entity @s[tag=aj.dino.bone.leg_right_2] run data modify entity @s {} merge value {transformation:[0.7098358905877771f,0.15260434429614236f,0.7245047425904791f,0.08202110205831631f,0.2490301232195587f,0.8959939193924765f,-0.43271363930624285f,0.22427121217154944f,-0.6972655202026011f,0.4753619778803795f,0.583021426555615f,-0.02569457969064666f,0f,0f,0f,1f],start_interpolation:0}
execute if entity @s[tag=aj.dino.bone.leg_right_1] run data modify entity @s {} merge value {transformation:[0.3521507271349082f,-0.8034375519282964f,0.4800812072241758f,-0.15469617847865108f,-0.09121875290033502f,0.4810341388630973f,0.8719434020437027f,0.3068918686514424f,-0.9314875224594604f,-0.3508479120640521f,0.09610795025715674f,-0.14465735486750547f,0f,0f,0f,1f],start_interpolation:0}
execute if entity @s[tag=aj.dino.bone.leg_right_0] run data modify entity @s {} merge value {transformation:[0.2714537646082029f,0.710555002571211f,0.6491721204742706f,0.03988068449760958f,-0.025251216273481036f,0.6795243283669317f,-0.7332182916663907f,0.636319857019148f,-0.9621201742800869f,0.1826424799396269f,0.20240181512219374f,0.022448370464625056f,0f,0f,0f,1f],start_interpolation:0}
execute if entity @s[tag=aj.dino.bone.tail_4] run data modify entity @s {} merge value {transformation:[1.2932649480387897f,-2.103134295401845f,1.236912786448104f,1.3493414918128446f,2.438011219506059f,1.1690153648471495f,-0.561396207605526f,0.06263909885106352f,-0.0960645581721334f,1.3549503842782853f,2.404275855305984f,1.1105481957803074f,0f,0f,0f,1f],start_interpolation:0}
execute if entity @s[tag=aj.dino.bone.tail_3] run data modify entity @s {} merge value {transformation:[0.9777983781697793f,-1.259668870891793f,1.3390631775234467f,1.134612709638499f,1.8026699715978136f,0.9546595832804609f,-0.4182721358096415f,0.12422050271136349f,-0.36088340387517326f,1.355656645984306f,1.538799451861904f,0.8363585091776149f,0f,0f,0f,1f],start_interpolation:0}
execute if entity @s[tag=aj.dino.bone.tail_2] run data modify entity @s {} merge value {transformation:[1.2349439513431713f,-0.8095698415848801f,1.2799546803070507f,0.8973924638083299f,1.387491448277646f,1.2668038152969558f,-0.5374471597359634f,0.22545816908832922f,-0.6070871378971004f,1.2484304706903326f,1.3753692020161707f,0.5805285386034834f,0f,0f,0f,1f],start_interpolation:0}
execute if entity @s[tag=aj.dino.bone.tail_1] run data modify entity @s {} merge value {transformation:[0.9333486390022867f,-0.31607164734632504f,1.1474385743107822f,0.6534484389224067f,0.8518317118398688f,1.1957848639459814f,-0.36350728171750546f,0.2882498297256595f,-0.8312035266867789f,0.8705478291865829f,0.9159167125465013f,0.3735860415766752f,0f,0f,0f,1f],start_interpolation:0}
execute if entity @s[tag=aj.dino.bone.tail_0] run data modify entity @s {} merge value {transformation:[0.7886085855701731f,0.20293687275805244f,0.9852658732668157f,0.37042807928435734f,0.3579017565055554f,1.1134159671236983f,-0.5157973763293735f,0.4658465219986616f,-0.940126878692061f,0.5941020336720026f,0.6301110553954292f,0.20378968641903622f,0f,0f,0f,1f],start_interpolation:0}
execute if entity @s[tag=aj.dino.bone.body_1] run data modify entity @s {} merge value {transformation:[0.027162940509151225f,0.4639202882163835f,1.145707089923238f,0.07281890605806185f,0.17684156147161648f,1.1327363082864152f,-0.4628607923363074f,0.4971573437500001f,-1.22335351875712f,0.17404314731451348f,-0.041469821240050546f,0.20170779788983584f,0f,0f,0f,1f],start_interpolation:0}