execute if entity @s[tag=aj.dino.bone.head_lower] run data modify entity @s {} merge value {transformation:[-0.9821855691438596f,-0.18564369174627027f,-0.029119194363307357f,0.38981412551916744f,-0.1856260249533541f,0.9826148144238732f,-0.003332466767145603f,0.2901151586022621f,0.0292316031987485f,0.0021321795311627922f,-0.9995703913106257f,0.17633724904023693f,0f,0f,0f,1f],start_interpolation:0}
execute if entity @s[tag=aj.dino.bone.head_upper] run data modify entity @s {} merge value {transformation:[-1.0223565496778564f,-0.12143049804761268f,-0.15334165141345085f,0.37619909760535186f,-0.19321805202976922f,0.7539053303700052f,0.6912058157980315f,0.3546338310473719f,0.03042716358974265f,0.7073565787967969f,-0.7630155966507374f,0.13962991445130882f,0f,0f,0f,1f],start_interpolation:0}
execute if entity @s[tag=aj.dino.bone.neck_0] run data modify entity @s {} merge value {transformation:[-0.9853128186662301f,-0.11461920423407287f,-0.1265744341988391f,0.37019342116324927f,-0.1303648057914049f,0.9836744891117254f,0.12405449158235027f,0.34673066985517936f,0.11028901478831715f,0.13873333230170026f,-0.9841693938166783f,0.07370413688335076f,0f,0f,0f,1f],start_interpolation:0}
execute if entity @s[tag=aj.dino.bone.neck_1] run data modify entity @s {} merge value {transformation:[-0.955607130492195f,-0.012035016694972187f,-0.29439797982599025f,0.34519860448096606f,-0.09431296445492213f,0.959090068627499f,0.266929400770735f,0.37376150160875404f,0.27914167888045127f,0.2828451849214527f,-0.9176483664664543f,-0.002729691479882723f,0f,0f,0f,1f],start_interpolation:0}
execute if entity @s[tag=aj.dino.bone.neck_2] run data modify entity @s {} merge value {transformation:[-0.9444472093707033f,0.131514238725156f,-0.3012033760176557f,0.3200985363100178f,0.024035034765259998f,0.9416333818731086f,0.3357810168041739f,0.4123976163678272f,0.3277831383944624f,0.30988801066636124f,-0.8924839690602413f,-0.0778839834948975f,0f,0f,0f,1f],start_interpolation:0}
execute if entity @s[tag=aj.dino.bone.body_0] run data modify entity @s {} merge value {transformation:[-0.8984071456450258f,0.07530109437520173f,-0.4326596189152092f,0.11690501743914238f,0.008831678729989193f,0.9880888918088135f,0.1536305416733308f,0.4942158963495304f,0.43907471130180936f,0.13420166567493763f,-0.8883711560070514f,-0.4952915393115499f,0f,0f,0f,1f],start_interpolation:0}
execute if entity @s[tag=aj.dino.bone.leg_left_3] run data modify entity @s {} merge value {transformation:[-0.24225775146206796f,0.0341196191191758f,-0.9696117952292584f,0.3941857305208156f,-0.03735599456704582f,0.998312363077639f,0.04446296657047327f,0.062386924221554646f,0.9694925020475658f,0.04699231125942367f,-0.24057433602952744f,-0.8131080911318647f,0f,0f,0f,1f],start_interpolation:0}
execute if entity @s[tag=aj.dino.bone.leg_left_2] run data modify entity @s {} merge value {transformation:[-0.7149741473514406f,-0.33929236581995087f,-0.6524989338045507f,0.29382283762783584f,-0.3047026190168833f,0.9649044676672613f,-0.16786268716038563f,0.28164433671802236f,0.6693507915017555f,0.07682615617583621f,-0.7733882977805612f,-0.8180627719007646f,0f,0f,0f,1f],start_interpolation:0}
execute if entity @s[tag=aj.dino.bone.leg_left_1] run data modify entity @s {} merge value {transformation:[-0.8346414153837343f,0.49970107326947777f,-0.2316733586314333f,0.4584854951815814f,-0.0664827948432557f,0.3261429677765013f,0.9429797466328562f,0.32155912591884817f,0.5467666282026236f,0.802452242780384f,-0.23899090430530145f,-0.598275591951257f,0f,0f,0f,1f],start_interpolation:0}
execute if entity @s[tag=aj.dino.bone.leg_left_0] run data modify entity @s {} merge value {transformation:[-0.8153374278023384f,-0.49402162485211454f,-0.3019395850218102f,0.19429244990140598f,-0.07647256290583647f,0.6088150452159994f,-0.7896177479269658f,0.6159876239045706f,0.5739136049505006f,-0.6207148096325051f,-0.5341687927571243f,-0.7317715580472843f,0f,0f,0f,1f],start_interpolation:0}
execute if entity @s[tag=aj.dino.bone.leg_right_3] run data modify entity @s {} merge value {transformation:[-0.9969247679241905f,-0.0484599259716494f,-0.06158443532355443f,-0.22254980404068175f,-0.04868972726723664f,0.9988114503880674f,0.0022354042870907365f,0.03752663544375659f,0.061402911640580274f,0.005227059259935607f,-0.9980993739570985f,-0.2606549904779079f,0f,0f,0f,1f],start_interpolation:0}
execute if entity @s[tag=aj.dino.bone.leg_right_2] run data modify entity @s {} merge value {transformation:[-0.9979681858665217f,0.22567195436008275f,0.07206849876526282f,-0.16617053355101535f,0.07798908760259046f,0.6076059190694415f,-0.822675482087189f,0.15361334512907365f,-0.223694885310088f,-0.7949524612376351f,-0.6083365698024629f,-0.46441054441326823f,0f,0f,0f,1f],start_interpolation:0}
execute if entity @s[tag=aj.dino.bone.leg_right_1] run data modify entity @s {} merge value {transformation:[-0.9637210976494328f,0.08604530365604442f,-0.2526615357827772f,-0.14858760107162255f,-0.12166273535417373f,0.7009418357047479f,0.7027650544705526f,0.3043423249237361f,0.2375706732143359f,0.7080090032461436f,-0.6650439282866131f,-0.23206381903231732f,0f,0f,0f,1f],start_interpolation:0}
execute if entity @s[tag=aj.dino.bone.leg_right_0] run data modify entity @s {} merge value {transformation:[-0.9509051591796525f,-0.2731799488792528f,-0.1454375940939912f,-0.1334403065064032f,-0.0507446441192312f,0.6012051439692945f,-0.7974818844074596f,0.611215378476171f,0.30529389011038577f,-0.7509494592815077f,-0.5855514924121352f,-0.5147416693057549f,0f,0f,0f,1f],start_interpolation:0}
execute if entity @s[tag=aj.dino.bone.tail_4] run data modify entity @s {} merge value {transformation:[-1.5183541182883988f,0.9710120478318962f,-2.0922231491984697f,-1.151044965319945f,2.306538528436749f,0.6262370679677378f,-1.383245633696347f,0.47148322879921967f,-0.01192140568458057f,-2.5081116540673536f,-1.1553766236245333f,-1.9052374934430396f,0f,0f,0f,1f],start_interpolation:0}
execute if entity @s[tag=aj.dino.bone.tail_3] run data modify entity @s {} merge value {transformation:[-1.1081292962112437f,1.1987931072993374f,-1.2926291327424182f,-0.9435939640727339f,1.7499550618128157f,0.9330054456841321f,-0.6349044384818104f,0.5700093684712477f,0.2136639196460711f,-1.424198529089184f,-1.503978658500886f,-1.6362813904863986f,0f,0f,0f,1f],start_interpolation:0}
execute if entity @s[tag=aj.dino.bone.tail_2] run data modify entity @s {} merge value {transformation:[-1.0811601047863273f,1.0195595354301143f,-1.2690015983184268f,-0.7082461899108266f,1.5538272702455633f,1.1005042238695895f,-0.43964206178343596f,0.6531487054817597f,0.4852705606797256f,-1.2522630242730546f,-1.419550518994961f,-1.3723291982097878f,0f,0f,0f,1f],start_interpolation:0}
execute if entity @s[tag=aj.dino.bone.tail_1] run data modify entity @s {} merge value {transformation:[-0.6394808171225651f,0.6263341883007602f,-1.2191907230199401f,-0.4529352952667897f,1.146406230513752f,0.9818447068236842f,-0.09690189018571739f,0.6609036295748332f,0.751314374394306f,-0.9650609857661544f,-0.8898540636422081f,-1.1697634428926555f,0f,0f,0f,1f],start_interpolation:0}
execute if entity @s[tag=aj.dino.bone.tail_0] run data modify entity @s {} merge value {transformation:[-0.7449647048099812f,0.4594878116386108f,-0.931522547299294f,-0.16963449694705995f,0.5672775307272566f,1.1402622225717582f,0.10878411415150799f,0.6566309416712469f,0.8700916666095541f,-0.35001247308532074f,-0.8684857379170563f,-0.9244181492547632f,0f,0f,0f,1f],start_interpolation:0}
execute if entity @s[tag=aj.dino.bone.body_1] run data modify entity @s {} merge value {transformation:[-1.0307565454946346f,0.08060336333300862f,-0.677973920439145f,-0.017444265868630335f,-0.015009251031071487f,1.2247494911494692f,0.16842803023503145f,0.5349782142857142f,0.6825835196953581f,0.14864850084939768f,-1.0200921315703662f,-0.6972735492947669f,0f,0f,0f,1f],start_interpolation:0}