execute if entity @s[tag=aj.dino.bone.head_lower] run data modify entity @s {} merge value {transformation:[-0.9313771743144278f,-0.3058862440191092f,0.1974086241428017f,0.09628571293254587f,-0.32716628355512883f,0.9411068761254717f,-0.08532332983470309f,0.4721608945689211f,-0.15968338069691843f,-0.14405364774707535f,-0.976601128659989f,0.6281779375673611f,0f,0f,0f,1f],start_interpolation:0}
execute if entity @s[tag=aj.dino.bone.head_upper] run data modify entity @s {} merge value {transformation:[-0.9694701126700653f,-0.3782116229432175f,-0.02357141263597505f,0.08586716857591753f,-0.34054724823324883f,0.841148068616511f,0.5098719848814828f,0.5260921678691451f,-0.16621436443268045f,0.4825949000112604f,-0.9071642024037704f,0.5764253706213401f,0f,0f,0f,1f],start_interpolation:0}
execute if entity @s[tag=aj.dino.bone.neck_0] run data modify entity @s {} merge value {transformation:[-0.9760330064963029f,-0.15079080950969603f,0.15691303960219072f,0.09877645816487876f,-0.1715556131890167f,0.976763426620645f,-0.12845964346687536f,0.5019864585227792f,-0.13389638461559963f,-0.15230016475272376f,-0.9792223537088829f,0.515622399694635f,0f,0f,0f,1f],start_interpolation:0}
execute if entity @s[tag=aj.dino.bone.neck_1] run data modify entity @s {} merge value {transformation:[-0.9897812061211786f,-0.1175077823254699f,0.08077799887503448f,0.10507807121612876f,-0.1191822392669467f,0.9927400105531791f,-0.016213120926897404f,0.5051864235191761f,-0.07828638357097199f,-0.02567474517544252f,-0.9966002456389195f,0.43107899816911444f,0f,0f,0f,1f],start_interpolation:0}
execute if entity @s[tag=aj.dino.bone.neck_2] run data modify entity @s {} merge value {transformation:[-0.9880018445819384f,0.002111977192893636f,0.1544276356583373f,0.11862776788377073f,0.019141598147520332f,0.9938714249647335f,0.10887235580683044f,0.5244550808505684f,-0.15325127837328573f,0.11052208010577315f,-0.9819872277611591f,0.34613163235356426f,0f,0f,0f,1f],start_interpolation:0}
execute if entity @s[tag=aj.dino.bone.body_0] run data modify entity @s {} merge value {transformation:[-0.9953146765716163f,0.0008218865706030552f,0.09668515451507453f,0.16420294813433914f,-0.0019183418328842117f,0.9995991783256981f,-0.028245400602601417f,0.5206655611393397f,-0.09666961552499823f,-0.02829853694193911f,-0.9949141562171053f,-0.12303725748101482f,0f,0f,0f,1f],start_interpolation:0}
execute if entity @s[tag=aj.dino.bone.leg_left_3] run data modify entity @s {} merge value {transformation:[-0.8895376413735794f,-0.06425854960269298f,-0.45232026638487877f,0.6071406927234503f,0.03338468999793978f,0.9782695335859114f,-0.2046318209158698f,0.10927126672832549f,0.45564048004240243f,-0.19712827920052806f,-0.8680623217754402f,-0.09764556898575044f,0f,0f,0f,1f],start_interpolation:0}
execute if entity @s[tag=aj.dino.bone.leg_left_2] run data modify entity @s {} merge value {transformation:[-0.9559722746092381f,-0.3637359396331015f,0.0766510006350777f,0.5232401579370659f,-0.3691269828018056f,0.9039302094141787f,-0.3141936450292538f,0.3096934395636802f,0.04386889839931493f,-0.32041932249531707f,-0.9733802838693453f,-0.2023486012461847f,0f,0f,0f,1f],start_interpolation:0}
execute if entity @s[tag=aj.dino.bone.leg_left_1] run data modify entity @s {} merge value {transformation:[-0.9841530329983813f,-0.171035960279054f,-0.046792178101781365f,0.49885673680666465f,-0.10581986060632179f,0.3547511262480905f,0.9289530642217452f,0.35890751630164835f,-0.14228480151212775f,0.9191835174311676f,-0.3672283983320479f,0.0696749438460969f,0f,0f,0f,1f],start_interpolation:0}
execute if entity @s[tag=aj.dino.bone.leg_left_0] run data modify entity @s {} merge value {transformation:[-0.9882902987290688f,0.05533865272004848f,0.14219676140172044f,0.39409471309675104f,-0.10317443688754865f,0.4442214648215421f,-0.889956361719349f,0.5937746385262854f,-0.11241583967993649f,-0.8942063093643062f,-0.4333102298378397f,-0.2592165760363318f,0f,0f,0f,1f],start_interpolation:0}
execute if entity @s[tag=aj.dino.bone.leg_right_3] run data modify entity @s {} merge value {transformation:[-0.6721877785447332f,-0.053082916330146834f,0.7384753173728854f,-0.2250456495432445f,-0.058260042444415086f,0.9981259721327547f,0.01871660248064455f,0.029557485541307188f,-0.73808492589232f,-0.030442531890927882f,-0.6740206928741863f,-0.24932616217880998f,0f,0f,0f,1f],start_interpolation:0}
execute if entity @s[tag=aj.dino.bone.leg_right_2] run data modify entity @s {} merge value {transformation:[-0.5234035830692942f,0.6847540731328859f,0.5560780053723052f,-0.04743317124744473f,0.12174133684870117f,0.6964871743228601f,-0.7430658533446033f,0.1687547045972869f,-0.8736646585694134f,-0.31317674695349723f,-0.4366836257923005f,-0.3344673028026077f,0f,0f,0f,1f],start_interpolation:0}
execute if entity @s[tag=aj.dino.bone.leg_right_1] run data modify entity @s {} merge value {transformation:[-0.8411117109748165f,-0.4648127687446836f,0.2765505011257768f,-0.20512674205056683f,-0.11212629514823058f,0.6500602574592778f,0.7515646050795032f,0.30326252863296776f,-0.529111314939823f,0.6011412077739133f,-0.5988910290852355f,-0.149930670503455f,0f,0f,0f,1f],start_interpolation:0}
execute if entity @s[tag=aj.dino.bone.leg_right_0] run data modify entity @s {} merge value {transformation:[-0.8857207433106685f,0.3458445013498937f,0.3096616633605787f,0.008442387346660724f,-0.03872014549955704f,0.6096968560467415f,-0.7916883819150135f,0.6115999209230609f,-0.46260081625705124f,-0.7132049667611425f,-0.5266300031194078f,-0.33329794688806114f,0f,0f,0f,1f],start_interpolation:0}
execute if entity @s[tag=aj.dino.bone.tail_4] run data modify entity @s {} merge value {transformation:[-0.0727694154504282f,2.7191318425897606f,-0.4761175972272135f,0.4420446534641673f,2.5530772866209963f,-0.11484104356782165f,-1.0460732454528343f,0.19643116943223848f,-1.0498391840253323f,-0.46775515916627336f,-2.5109169899378116f,-1.9953916341175304f,0f,0f,0f,1f],start_interpolation:0}
execute if entity @s[tag=aj.dino.bone.tail_3] run data modify entity @s {} merge value {transformation:[-0.22774832851278567f,2.056905376215102f,-0.23068701350853169f,0.4610322122094751f,1.9803015330286875f,0.14903538868154306f,-0.6262106812001985f,0.301154931613884f,-0.6020648330440067f,-0.28787888471090495f,-1.972457657490711f,-1.6581185849686526f,0f,0f,0f,1f],start_interpolation:0}
execute if entity @s[tag=aj.dino.bone.tail_2] run data modify entity @s {} merge value {transformation:[-0.6582483204699443f,1.8351183633037444f,0.13350511700552944f,0.43616383583878127f,1.7170996633881075f,0.6636184289599258f,-0.655708168120533f,0.4244772585925325f,-0.6610989105978946f,-0.10356180962556795f,-1.8360275207621837f,-1.317318568104807f,0f,0f,0f,1f],start_interpolation:0}
execute if entity @s[tag=aj.dino.bone.tail_1] run data modify entity @s {} merge value {transformation:[-0.8338936513442338f,1.2344211555226987f,0.2616907316772745f,0.3655580652367867f,1.1964180280748433f,0.8731596220896157f,-0.3063207901038113f,0.4785775764729153f,-0.4010754671446326f,0.03811738645717017f,-1.4578552001157006f,-1.003687163807074f,0f,0f,0f,1f],start_interpolation:0}
execute if entity @s[tag=aj.dino.bone.tail_0] run data modify entity @s {} merge value {transformation:[-1.028921714288048f,0.6515546877122956f,0.3881137866279752f,0.2678653714377356f,0.6196887583161368f,1.0994051732462797f,-0.2028048925444105f,0.5643724849475075f,-0.43719751287853537f,0.024909246144318973f,-1.2008636811784144f,-0.6521657810166347f,0f,0f,0f,1f],start_interpolation:0}
execute if entity @s[tag=aj.dino.bone.body_1] run data modify entity @s {} merge value {transformation:[-1.2129201347133414f,0.07518949668310315f,0.22754314195721648f,0.2099002321209437f,0.056062527002652775f,1.230388601457556f,-0.10772872191596054f,0.5065425f,-0.23299428089396781f,-0.09536783550081834f,-1.2104640581524266f,-0.3643261428984853f,0f,0f,0f,1f],start_interpolation:0}