execute if entity @s[tag=aj.dino.bone.head_lower] run data modify entity @s {} merge value {transformation:[-0.9836035284999046f,-0.17064030949301964f,0.058360804472382094f,0.3812519091328331f,-0.1731880274160674f,0.9840025371215027f,-0.04177216894270258f,0.2937264563711446f,-0.050299163832698175f,-0.05119464537012264f,-0.9974212261643316f,0.0894553336113348f,0f,0f,0f,1f],start_interpolation:0}
execute if entity @s[tag=aj.dino.bone.head_upper] run data modify entity @s {} merge value {transformation:[-1.0238325029807473f,-0.17041114814335284f,-0.07873365869911882f,0.37167985395135994f,-0.18027134557570648f,0.7707829739387377f,0.6759199594877983f,0.357574364206161f,-0.052356378675470605f,0.6784729841770615f,-0.7876580234704468f,0.050374943177116424f,0f,0f,0f,1f],start_interpolation:0}
execute if entity @s[tag=aj.dino.bone.neck_0] run data modify entity @s {} merge value {transformation:[-0.9907776700777421f,-0.12153476687092643f,-0.059907503010475927f,0.3700990046587813f,-0.1283961483064004f,0.9833592243002495f,0.12852651509977475f,0.34996485365621116f,0.04329015564076302f,0.1350330938149659f,-0.9898949570532003f,-0.015839349230197294f,0f,0f,0f,1f],start_interpolation:0}
execute if entity @s[tag=aj.dino.bone.neck_1] run data modify entity @s {} merge value {transformation:[-0.9626117164205814f,-0.01255362680867695f,-0.27059395755221627f,0.3471183119189115f,-0.09182056805720896f,0.954909475896732f,0.28234177183739595f,0.37828205605836573f,0.25484832095086235f,0.2966315885009167f,-0.9203597307639818f,-0.09243935349809762f,0f,0f,0f,1f],start_interpolation:0}
execute if entity @s[tag=aj.dino.bone.neck_2] run data modify entity @s {} merge value {transformation:[-0.9442109077030552f,0.1409993036678839f,-0.29763225319132447f,0.3224239656049259f,0.03334713367716627f,0.940005887375817f,0.3395245210206767f,0.4172301956747736f,0.32764879131486224f,0.3106575736465708f,-0.8922657347931362f,-0.16756699205200387f,0f,0f,0f,1f],start_interpolation:0}
execute if entity @s[tag=aj.dino.bone.body_0] run data modify entity @s {} merge value {transformation:[-0.886785294803281f,0.07124080353639747f,-0.4566580655503048f,0.1078813894835017f,0.020914771194945312f,0.993222310867156f,0.11433290664358037f,0.4805765498663913f,0.4617081472819396f,0.09183784136833245f,-0.8822649248532346f,-0.58250027240553f,0f,0f,0f,1f],start_interpolation:0}
execute if entity @s[tag=aj.dino.bone.leg_right_3] run data modify entity @s {} merge value {transformation:[-0.9912442338545938f,-0.0581679810174698f,-0.11853841079738937f,-0.22027923723254614f,-0.0528921965096099f,0.9974850825740913f,-0.04717971588030878f,0.054957862525910284f,0.12098464530017153f,-0.040496864403421706f,-0.9918279687400846f,-0.27699246644594844f,0f,0f,0f,1f],start_interpolation:0}
execute if entity @s[tag=aj.dino.bone.leg_right_2] run data modify entity @s {} merge value {transformation:[-1.00148596761425f,0.20970159269953076f,0.07150732963636632f,-0.1676345200874601f,0.042335981694934216f,0.5060682143019576f,-0.8911592599686365f,0.1453151366258321f,-0.2174757936561441f,-0.8671691899469228f,-0.5027763664703443f,-0.4943290000521535f,0f,0f,0f,1f],start_interpolation:0}
execute if entity @s[tag=aj.dino.bone.leg_right_1] run data modify entity @s {} merge value {transformation:[-0.9564057790498228f,0.09415469372511007f,-0.2764468835954428f,-0.14644134494982697f,-0.11043980975758416f,0.759699934528424f,0.6408268548509934f,0.3155153370974565f,0.2703535356173661f,0.6434212485821696f,-0.7161829812639717f,-0.2761636344535553f,0f,0f,0f,1f],start_interpolation:0}
execute if entity @s[tag=aj.dino.bone.leg_right_0] run data modify entity @s {} merge value {transformation:[-0.9393344696487944f,-0.30437784130175227f,-0.15812932635695237f,-0.14385555970853442f,-0.02927219464091072f,0.5304698558634083f,-0.8471982475437253f,0.596165917845846f,0.3417512147023373f,-0.7911737241243163f,-0.507198428137092f,-0.5852523657342842f,0f,0f,0f,1f],start_interpolation:0}
execute if entity @s[tag=aj.dino.bone.tail_4] run data modify entity @s {} merge value {transformation:[-1.1245734022918576f,-1.4299228181602592f,-2.077574722738592f,-1.4654926648328026f,2.5182057055896574f,-0.5102143531122517f,-1.0119202882707417f,0.3120864972631033f,0.14012857950258395f,-2.30665632021393f,1.5117413579126955f,-1.2914699271690533f,0f,0f,0f,1f],start_interpolation:0}
execute if entity @s[tag=aj.dino.bone.tail_3] run data modify entity @s {} merge value {transformation:[-0.6623804823147812f,-0.616239458929318f,-1.875485684283243f,-1.141449212822488f,1.960732757649497f,0.024733213840994434f,-0.7006146210704839f,0.4306428124800341f,0.22961854405313337f,-1.988864682032451f,0.5723968263672697f,-1.3690646741960808f,0f,0f,0f,1f],start_interpolation:0}
execute if entity @s[tag=aj.dino.bone.tail_2] run data modify entity @s {} merge value {transformation:[-0.7173971903216939f,-0.08813127817387562f,-1.8155847609320683f,-0.8044874181031452f,1.7124354204812602f,0.6218802722744696f,-0.7068265223092421f,0.5634545491869551f,0.6096557036577992f,-1.8504787704175498f,-0.15106991174368098f,-1.3409706274681434f,0f,0f,0f,1f],start_interpolation:0}
execute if entity @s[tag=aj.dino.bone.tail_1] run data modify entity @s {} merge value {transformation:[-0.5161550276413274f,0.2664642319656603f,-1.396508879500425f,-0.506738418071781f,1.199304218297386f,0.87945852786297f,-0.27546023259845226f,0.6108342644032058f,0.7634851861134418f,-1.2013349911044997f,-0.5114106566481335f,-1.216965093054643f,0f,0f,0f,1f],start_interpolation:0}
execute if entity @s[tag=aj.dino.bone.tail_0] run data modify entity @s {} merge value {transformation:[-0.72184804128829f,0.36270481715308317f,-0.9905636463580902f,-0.20851998442496658f,0.5760803932156635f,1.1410359716151424f,-0.0020021530417003615f,0.6389545706286203f,0.8836868803058998f,-0.4475688144612673f,-0.807846130448732f,-0.991694310413372f,0f,0f,0f,1f],start_interpolation:0}