execute if entity @s[tag=aj.dino.bone.head_lower] run data modify entity @s {} merge value {transformation:[-0.9660516614600817f,-0.08389974435675364f,0.24434610757506933f,-0.8214780262350969f,0.0032505226044847743f,0.9417765022204487f,0.3362238152900758f,0.5801503229245877f,-0.2583285146727202f,0.325603827929416f,-0.9095320366785864f,0.6421560801946123f,0f,0f,0f,1f],start_interpolation:0}
execute if entity @s[tag=aj.dino.bone.head_upper] run data modify entity @s {} merge value {transformation:[-1.0055627718922735f,-0.1688686406554644f,0.209281715806734f,-0.8111547522366287f,0.0033834676246237835f,0.8020647217363971f,0.6634400326150484f,0.6438973325641487f,-0.2688940432859534f,0.6415976207348334f,-0.774287045698325f,0.6031022037191186f,0f,0f,0f,1f],start_interpolation:0}
execute if entity @s[tag=aj.dino.bone.neck_0] run data modify entity @s {} merge value {transformation:[-0.8757275066405376f,0.3901760871215612f,0.2843658825380698f,-0.7988174411092503f,0.35461071014450524f,0.9195049816424405f,-0.16959313955919558f,0.6178912486635016f,-0.3276470331987723f,-0.04767818970182108f,-0.9435964242528687f,0.5429672670467012f,0f,0f,0f,1f],start_interpolation:0}
execute if entity @s[tag=aj.dino.bone.neck_1] run data modify entity @s {} merge value {transformation:[-0.799603108309539f,0.3533311808453204f,0.4855841284722715f,-0.756054339552206f,0.24465116687122174f,0.930113084376169f,-0.2739260061052965f,0.5989710353831383f,-0.5484347506588855f,-0.10023336228372631f,-0.8301641990323514f,0.47217970091267797f,0f,0f,0f,1f],start_interpolation:0}
execute if entity @s[tag=aj.dino.bone.neck_2] run data modify entity @s {} merge value {transformation:[-0.5278418683916345f,0.2853342830342306f,0.7999795678004346f,-0.6831765286012974f,0.3069250361528392f,0.9423119543021339f,-0.13358593848856742f,0.5964937282545906f,-0.7919469579178943f,0.17502150640602568f,-0.5849679377025364f,0.42264569224655946f,0f,0f,0f,1f],start_interpolation:0}
execute if entity @s[tag=aj.dino.bone.body_0] run data modify entity @s {} merge value {transformation:[-0.41536601298745757f,0.18078963058901173f,0.891507815291819f,-0.2612899911901718f,0.21747735986783684f,0.9713665882671969f,-0.09565850272224305f,0.560663715602463f,-0.8832749703234088f,0.15414947508711999f,-0.4427903184697545f,0.21542874205250712f,0f,0f,0f,1f],start_interpolation:0}
execute if entity @s[tag=aj.dino.bone.leg_left_3] run data modify entity @s {} merge value {transformation:[-0.22024275512165653f,0.18307527677281143f,0.9581109392189301f,-0.3223719223519199f,0.11550382326650908f,0.9802137914499627f,-0.1607475967537568f,0.10379087337985413f,-0.9685824671277306f,0.07526198300502002f,-0.23703088045001874f,0.6098506949033771f,0f,0f,0f,1f],start_interpolation:0}
execute if entity @s[tag=aj.dino.bone.leg_left_2] run data modify entity @s {} merge value {transformation:[0.024002876622212697f,0.25692594601158336f,0.9927109950436763f,-0.23176640360359185f,-0.31095786303573125f,0.9480483779810048f,-0.23784801854237023f,0.3169465913813669f,-0.9771342122916404f,-0.2953904717053907f,0.10007696985598868f,0.542572526664181f,0f,0f,0f,1f],start_interpolation:0}
execute if entity @s[tag=aj.dino.bone.leg_left_1] run data modify entity @s {} merge value {transformation:[0.21444192194214476f,-0.9172537135016943f,0.3356490535978175f,-0.5030278854040116f,0.024197595623911917f,0.3485268782357474f,0.9369863881152521f,0.36145429816604957f,-0.9764369608324854f,-0.19280726183055433f,0.09693410806121516f,0.5044981496111695f,0f,0f,0f,1f],start_interpolation:0}
execute if entity @s[tag=aj.dino.bone.leg_left_0] run data modify entity @s {} merge value {transformation:[0.1857829448711932f,0.9406966668801069f,0.2838564396233499f,-0.13518546160405787f,0.03215134933800067f,0.2829111989813508f,-0.9586070854248264f,0.5543094557868289f,-0.9820646557792073f,0.1872192148567872f,0.022315408525840283f,0.4619997026219831f,0f,0f,0f,1f],start_interpolation:0}
execute if entity @s[tag=aj.dino.bone.leg_right_3] run data modify entity @s {} merge value {transformation:[0.9135226384739014f,-0.0765444699985493f,0.3995213800390701f,0.0005670858550846057f,0.06924625598084518f,0.9970637395774434f,0.03269335180857813f,0.01666998267560707f,-0.4008507765095599f,-0.002200757252721841f,0.9161407160688784f,-0.10237587185423427f,0f,0f,0f,1f],start_interpolation:0}
execute if entity @s[tag=aj.dino.bone.leg_right_2] run data modify entity @s {} merge value {transformation:[0.8800749356941188f,0.01635356804601279f,0.5265575636868695f,0.019286736916728164f,0.24686877569686053f,0.8928707695719829f,-0.4403405454083948f,0.21080538061861587f,-0.4653881333356281f,0.504555793898746f,0.7621676558961815f,0.03951173858323678f,0f,0f,0f,1f],start_interpolation:0}
execute if entity @s[tag=aj.dino.bone.leg_right_1] run data modify entity @s {} merge value {transformation:[0.5919239590297294f,-0.6651373288896395f,0.4552124344129088f,-0.17376451467913923f,-0.07934115815045076f,0.5139556248812025f,0.8541396819468807f,0.3035505683261157f,-0.8020791777311741f,-0.5417028238531978f,0.25144988224207865f,-0.13696185738549557f,0f,0f,0f,1f],start_interpolation:0}
execute if entity @s[tag=aj.dino.bone.leg_right_0] run data modify entity @s {} merge value {transformation:[0.5254801240001701f,0.6585088472223375f,0.5387362410407099f,-0.020169566687532434f,-0.00850934415114761f,0.6372430731349771f,-0.7706158944659833f,0.6174752887071708f,-0.850763322165973f,0.400359043698776f,0.34046204749680764f,0.09143941329745198f,0f,0f,0f,1f],start_interpolation:0}
execute if entity @s[tag=aj.dino.bone.tail_4] run data modify entity @s {} merge value {transformation:[1.3102043357167958f,-2.430032027853731f,0.0630101092999676f,0.8209639867794059f,2.416648583987474f,1.294387155291832f,-0.33171199153309905f,0.06225670467803095f,0.26236530216521853f,0.2125266275566482f,2.7407404496593895f,1.5517933213997792f,0f,0f,0f,1f],start_interpolation:0}
execute if entity @s[tag=aj.dino.bone.tail_3] run data modify entity @s {} merge value {transformation:[1.1019801315179953f,-1.6597686539715786f,0.6056016273734742f,0.734518469560188f,1.765566610428944f,1.0611734603629035f,-0.30435334268628295f,0.10347936908676322f,-0.06602923536188596f,0.6745549854231595f,1.9688984833562981f,1.2113398474470045f,0f,0f,0f,1f],start_interpolation:0}
execute if entity @s[tag=aj.dino.bone.tail_2] run data modify entity @s {} merge value {transformation:[1.419191988026613f,-1.1657953728597237f,0.6675246248212152f,0.6111991098101329f,1.3313383351665864f,1.350265729776308f,-0.4723288804533258f,0.1925900274371922f,-0.17946089668701698f,0.7977953889396002f,1.7748493397890939f,0.881456367945029f,0f,0f,0f,1f],start_interpolation:0}
execute if entity @s[tag=aj.dino.bone.tail_1] run data modify entity @s {} merge value {transformation:[1.1918938585874328f,-0.5478004914490651f,0.7529673973219053f,0.45472651997948355f,0.7927518287756109f,1.2385613360426522f,-0.3537889269510359f,0.2528239516360756f,-0.48845656698880163f,0.6734513259534083f,1.2631428041742199f,0.6018765403355952f,0f,0f,0f,1f],start_interpolation:0}
execute if entity @s[tag=aj.dino.bone.tail_0] run data modify entity @s {} merge value {transformation:[1.0611262646398065f,0.05359404171102156f,0.7106155400557158f,0.24836146262929984f,0.319498559940009f,1.1035392695138484f,-0.5603190764387108f,0.4431925771544927f,-0.6369987733676258f,0.6427787145806454f,0.9027202243188204f,0.35359210501218363f,0f,0f,0f,1f],start_interpolation:0}
execute if entity @s[tag=aj.dino.bone.body_1] run data modify entity @s {} merge value {transformation:[0.3617379837785015f,0.39460169600748857f,1.114468360993765f,-0.03731604460151497f,0.19866368088408604f,1.1286083034087506f,-0.4640911919339323f,0.47506750000000003f,-1.1654539750868331f,0.314860912215355f,0.26680373492412723f,0.2703558571209438f,0f,0f,0f,1f],start_interpolation:0}