execute if entity @s[tag=aj.dino.bone.head_lower] run data modify entity @s {} merge value {transformation:[-0.9467707972935488f,0.08602520393509797f,0.3102010987731385f,-1.0539766779684618f,0.15795445947853437f,0.9637971466810045f,0.2148149174996885f,0.5091540452257312f,-0.2804914368086518f,0.2523781375980865f,-0.9260830575815213f,0.4894675425844246f,0f,0f,0f,1f],start_interpolation:0}
execute if entity @s[tag=aj.dino.bone.head_upper] run data modify entity @s {} merge value {transformation:[-0.9854933284150229f,-0.08145995706671402f,0.3250217187014983f,-1.0337056240760014f,0.1644147310568483f,0.76220699491429f,0.6895507491829289f,0.5738560528656815f,-0.2919634197026937f,0.7041851424745651f,-0.7087683607901051f,0.4563285764984763f,0f,0f,0f,1f],start_interpolation:0}
execute if entity @s[tag=aj.dino.bone.neck_0] run data modify entity @s {} merge value {transformation:[-0.8181906376577053f,0.42937766836429525f,0.38235964530703115f,-1.0156867592770014f,0.41499016155486934f,0.9013176053939846f,-0.12413597391375569f,0.5510650196354601f,-0.3979286949466464f,0.057108599325271306f,-0.9156371342519725f,0.3963233636419987f,0f,0f,0f,1f],start_interpolation:0}
execute if entity @s[tag=aj.dino.bone.neck_1] run data modify entity @s {} merge value {transformation:[-0.6810996841214996f,0.37492128125930096f,0.628917524917598f,-0.9606819748963648f,0.26626764877823833f,0.9269721701028372f,-0.2642425686163097f,0.532950650806088f,-0.682059205277447f,-0.01251513938078437f,-0.7311898602843021f,0.33432432992626726f,0f,0f,0f,1f],start_interpolation:0}
execute if entity @s[tag=aj.dino.bone.neck_2] run data modify entity @s {} merge value {transformation:[-0.301215748740752f,0.2401798207325716f,0.9228124004495268f,-0.877485176966623f,0.2964348549500035f,0.9433937512163033f,-0.14877703766644154f,0.5291530809242274f,-0.90630869436485f,0.22873977327719175f,-0.3553627254507431f,0.30543139529908325f,0f,0f,0f,1f],start_interpolation:0}
execute if entity @s[tag=aj.dino.bone.body_0] run data modify entity @s {} merge value {transformation:[-0.11196925794393897f,0.047011825307237326f,0.9925989993732441f,-0.40922914440742764f,0.23741292025488095f,0.9712187044706528f,-0.019218048350339106f,0.5293477589878575f,-0.9649341897619409f,0.2335039964703563f,-0.11990785237355611f,0.2511436915762484f,0f,0f,0f,1f],start_interpolation:0}
execute if entity @s[tag=aj.dino.bone.leg_left_3] run data modify entity @s {} merge value {transformation:[0.35030211798383915f,-0.043677662372938214f,0.9356178108317904f,-0.6142766345274681f,0.09069505023999408f,0.9957998796061637f,0.012530268884371969f,0.04841825040926975f,-0.9322353962374531f,0.08046652462971994f,0.35279215469736996f,0.5899992666531042f,0f,0f,0f,1f],start_interpolation:0}
execute if entity @s[tag=aj.dino.bone.leg_left_2] run data modify entity @s {} merge value {transformation:[0.5715721204557539f,0.23204455552995434f,0.8194649686638917f,-0.5339755229467658f,-0.3155697429353703f,0.974353521429358f,-0.05579562816751465f,0.2733247386843013f,-0.7910646294469951f,-0.22102655729076828f,0.6143502360305342f,0.556237230625751f,0f,0f,0f,1f],start_interpolation:0}
execute if entity @s[tag=aj.dino.bone.leg_left_1] run data modify entity @s {} merge value {transformation:[0.7018927943542302f,-0.6991139878134189f,0.1363309842890778f,-0.7451120639716151f,0.05695645480803353f,0.24587523854815702f,0.9676266476924801f,0.28766774520766436f,-0.7100017376664023f,-0.6714052420948956f,0.21239711249963783f,0.37671278976128697f,0f,0f,0f,1f],start_interpolation:0}
execute if entity @s[tag=aj.dino.bone.leg_left_0] run data modify entity @s {} merge value {transformation:[0.6801178583361898f,0.6579871148751067f,0.32325323730865774f,-0.43399864288837076f,0.06159366512453971f,0.38809237724287f,-0.9195599638645126f,0.5220651957322175f,-0.7305107248964389f,0.6453195048844492f,0.22342071843714215f,0.5269577662960203f,0f,0f,0f,1f],start_interpolation:0}
execute if entity @s[tag=aj.dino.bone.leg_right_3] run data modify entity @s {} merge value {transformation:[0.973903151307695f,-0.09011476980757482f,-0.20830741737986286f,-0.014763854072625912f,0.0896224957079749f,0.9959056669865676f,-0.011819929234717697f,0.009419635902653656f,0.20851968764607015f,-0.007157564290140361f,0.9779919780537147f,0.0865335182795138f,0f,0f,0f,1f],start_interpolation:0}
execute if entity @s[tag=aj.dino.bone.leg_right_2] run data modify entity @s {} merge value {transformation:[0.9882393375657028f,-0.2736835699310751f,0.023291945779118896f,-0.07937240444970159f,0.256345936490715f,0.8877402108877077f,-0.44527101670605157f,0.2021920317567974f,0.09865075789416664f,0.4348296459804977f,0.9237171679924953f,0.21628563071257523f,0f,0f,0f,1f],start_interpolation:0}
execute if entity @s[tag=aj.dino.bone.leg_right_1] run data modify entity @s {} merge value {transformation:[0.9284277440329326f,-0.2804589084291649f,0.24364877342732605f,-0.14999632399894638f,-0.043484385982192286f,0.5692848117186722f,0.8209895927002897f,0.31244069693996707f,-0.3689593911064887f,-0.7728244327330478f,0.5163442300299017f,-0.028399635440899518f,0f,0f,0f,1f],start_interpolation:0}
execute if entity @s[tag=aj.dino.bone.leg_right_0] run data modify entity @s {} merge value {transformation:[0.8980514587255007f,0.3429348801987212f,0.2754981768071956f,-0.1421977127505021f,0.03420274210454044f,0.569956390595308f,-0.8209627794559866f,0.599078655520549f,-0.43855871888896514f,0.7466896147413981f,0.5001208547179494f,0.2750557005276831f,0f,0f,0f,1f],start_interpolation:0}
execute if entity @s[tag=aj.dino.bone.tail_4] run data modify entity @s {} merge value {transformation:[1.5398325688419066f,-1.9526202313177803f,-1.2007710954974853f,-0.14030354319511862f,2.1391810499075232f,1.7438481184445618f,-0.09251760434593213f,0.012930825826586117f,0.823699840506408f,-0.8785950737659871f,2.485005151041715f,1.9361469285955413f,0f,0f,0f,1f],start_interpolation:0}
execute if entity @s[tag=aj.dino.bone.tail_3] run data modify entity @s {} merge value {transformation:[1.2121327609905714f,-1.6072440141603823f,-0.5323968207300249f,-0.03430057219148089f,1.6328115093037718f,1.2828663324367817f,-0.15532570369962928f,0.026714471053239625f,0.4478909140214353f,-0.32705684229238635f,2.00708073507052f,1.599020713807321f,0f,0f,0f,1f],start_interpolation:0}
execute if entity @s[tag=aj.dino.bone.tail_2] run data modify entity @s {} merge value {transformation:[1.277230946627731f,-1.450326112828498f,-0.2898433204801948f,0.02018000077601168f,1.343712614168097f,1.2979087702772394f,-0.573274026592641f,0.13458730320213846f,0.6179736195864232f,0.17538775752024363f,1.8455681008865674f,1.2564323263473112f,0f,0f,0f,1f],start_interpolation:0}
execute if entity @s[tag=aj.dino.bone.tail_1] run data modify entity @s {} merge value {transformation:[1.2330771708915107f,-0.8727516758707937f,0.074036834689964f,0.013738540335460847f,0.8543057419315533f,1.1701864834936948f,-0.43414461087457906f,0.21288987910922816f,0.19323208824873367f,0.3957579514215503f,1.446960004270212f,0.940040336574284f,0f,0f,0f,1f],start_interpolation:0}
execute if entity @s[tag=aj.dino.bone.tail_0] run data modify entity @s {} merge value {transformation:[1.2207306574474561f,-0.3334581469791492f,0.18016115775927088f,-0.04695567638684944f,0.3781155181720841f,1.0296176462907065f,-0.6563169005505416f,0.42952743958195266f,0.02609661796833207f,0.6800947604885992f,1.0819546200606556f,0.6402799476806326f,0f,0f,0f,1f],start_interpolation:0}
execute if entity @s[tag=aj.dino.bone.body_1] run data modify entity @s {} merge value {transformation:[0.9177468923697243f,0.11104479979973213f,0.8209837325059499f,-0.24530254933953854f,0.24221603186113203f,1.1357107641051876f,-0.42437842695088546f,0.4516912997256516f,-0.7922604562335612f,0.4758515606670827f,0.8212753842381624f,0.4172929455920543f,0f,0f,0f,1f],start_interpolation:0}