execute if entity @s[tag=aj.dino.bone.head_lower] run data modify entity @s {} merge value {transformation:[-1.1217402152891331f,0.058308659690940116f,0.10557367530063738f,-0.11115628389219734f,0.1200365773037746f,0.4439472100498286f,1.0302178925385244f,0.449758438582301f,0.011701317046948934f,1.0355470951156058f,-0.44760708694718754f,0.8311923035508562f,0f,0f,0f,1f],start_interpolation:0}
execute if entity @s[tag=aj.dino.bone.head_upper] run data modify entity @s {} merge value {transformation:[-1.1676189227027025f,0.12553679778220864f,0.0006091047932712763f,-0.10865786050879127f,0.12494602330025845f,1.1615439502958755f,0.11957403586056907f,0.48412250678279317f,0.012179896038620377f,0.11895365144930303f,-1.1682446174491223f,0.7533314511805009f,0f,0f,0f,1f],start_interpolation:0}
execute if entity @s[tag=aj.dino.bone.neck_0] run data modify entity @s {} merge value {transformation:[-0.9605908692464269f,0.11008715219370428f,0.2552371462821859f,-0.09363027802942475f,0.13998523476945252f,0.9848811448309409f,0.10204540461498587f,0.4746892536185942f,-0.24014436484526358f,0.1337533157659096f,-0.9614784108625059f,0.6890669839076536f,0f,0f,0f,1f],start_interpolation:0}
execute if entity @s[tag=aj.dino.bone.neck_1] run data modify entity @s {} merge value {transformation:[-0.9583044600590637f,0.15365433949616983f,0.2409209533953033f,-0.07251324485406284f,0.14801172103817298f,0.9881162776714117f,-0.04145783684795237f,0.4757293588801615f,-0.24442809221982692f,-0.004070105009597369f,-0.9696588791832861f,0.606905399603024f,0f,0f,0f,1f],start_interpolation:0}
execute if entity @s[tag=aj.dino.bone.neck_2] run data modify entity @s {} merge value {transformation:[-0.9672929469468894f,0.0860338471502631f,0.23862634374965183f,-0.05076546230925966f,0.13654068202468697f,0.969408255325803f,0.20397126429577334f,0.5030898841167527f,-0.21377791499365684f,0.2298821690577764f,-0.9494488882558433f,0.5259772462365815f,0f,0f,0f,1f],start_interpolation:0}
execute if entity @s[tag=aj.dino.bone.body_0] run data modify entity @s {} merge value {transformation:[-0.9927610551656001f,0.0916541652389539f,0.07762088211837534f,-0.01330991115356973f,0.09982730483855792f,0.9890221326793429f,0.10894829176758009f,0.5638584775621556f,-0.06678320563699994f,0.11590830455474133f,-0.9910122443139093f,0.06002106327361684f,0f,0f,0f,1f],start_interpolation:0}
execute if entity @s[tag=aj.dino.bone.leg_left_3] run data modify entity @s {} merge value {transformation:[-0.9787033936344396f,-0.011830318740012252f,-0.20493830985674935f,0.43612303548146114f,-0.01016947863929107f,0.9999063750946806f,-0.009155476460622258f,0.022842750088566594f,0.20502743473163854f,-0.006876380117890657f,-0.9787320707955973f,-0.19696524293362272f,0f,0f,0f,1f],start_interpolation:0}
execute if entity @s[tag=aj.dino.bone.leg_left_2] run data modify entity @s {} merge value {transformation:[-0.9442754830127241f,-0.3739322385425861f,-0.14345972487186656f,0.34306149704883765f,-0.3281763294000113f,0.9330022812280372f,-0.2717889614121747f,0.23141560526742108f,0.2295785453898436f,-0.20431256374120443f,-0.9785766537654954f,-0.2744764434991511f,0f,0f,0f,1f],start_interpolation:0}
execute if entity @s[tag=aj.dino.bone.leg_left_1] run data modify entity @s {} merge value {transformation:[-0.9969926018601613f,-0.0773444221359077f,-0.0048571803105042985f,0.3421627719833676f,-0.05116845345922285f,0.6099139690534876f,0.7908139728937603f,0.3561874150087579f,-0.05820258762888114f,0.7886842148273819f,-0.612037309381886f,-0.02659628405331327f,0f,0f,0f,1f],start_interpolation:0}
execute if entity @s[tag=aj.dino.bone.leg_left_0] run data modify entity @s {} merge value {transformation:[-0.9928772079523276f,-0.0985132650798869f,0.06700736177533448f,0.18258102648445368f,-0.10867098465065497f,0.9793694996097695f,-0.17037018615111932f,0.7419531213710349f,-0.048841243062065234f,-0.17643843072700988f,-0.9830991878435983f,-0.02152037400816159f,0f,0f,0f,1f],start_interpolation:0}
execute if entity @s[tag=aj.dino.bone.leg_right_3] run data modify entity @s {} merge value {transformation:[-0.9351588608500915f,-0.02364271221609443f,0.3534387176479479f,-0.25489220041841804f,-0.01733995100181781f,0.9996293244355972f,0.02098904065663937f,0.02778993390297943f,-0.3538039443997387f,0.013499477304638685f,-0.9352221837829169f,0.12410036099220087f,0f,0f,0f,1f],start_interpolation:0}
execute if entity @s[tag=aj.dino.bone.leg_right_2] run data modify entity @s {} merge value {transformation:[-0.9509633360895581f,0.11962432176125776f,0.3652683322672135f,-0.21424421328047977f,-0.0609886732993903f,0.9154452664334785f,-0.4585875547748893f,0.22710110332884936f,-0.3794882272789139f,-0.44689169304026083f,-0.8416285995312962f,-0.005490807494474087f,0f,0f,0f,1f],start_interpolation:0}
execute if entity @s[tag=aj.dino.bone.leg_right_1] run data modify entity @s {} merge value {transformation:[-0.9647180954532883f,-0.2284498119947675f,-0.13088040229360234f,-0.2885784462264511f,-0.26153407140059687f,0.7742744270779788f,0.5762803493697276f,0.40167490592009225f,-0.030313788968178934f,0.5901777655695133f,-0.806703960090546f,0.19702288320552147f,0f,0f,0f,1f],start_interpolation:0}
execute if entity @s[tag=aj.dino.bone.leg_right_0] run data modify entity @s {} merge value {transformation:[-0.9894045117223773f,-0.059610695805762816f,0.13238306964622362f,-0.2077167240324559f,-0.1413853898672112f,0.6028446978155206f,-0.7852314575001503f,0.7187337496449449f,-0.03299823806661149f,-0.7956285787107363f,-0.6048853453533429f,-0.06228841632485703f,0f,0f,0f,1f],start_interpolation:0}
execute if entity @s[tag=aj.dino.bone.tail_4] run data modify entity @s {} merge value {transformation:[-0.855197222485839f,1.3504444912393285f,-2.2517989959882874f,-0.4046444348932388f,-2.607795797842459f,-0.1607555994457914f,0.8939910769141042f,1.8226113472138328f,0.30610475169085855f,2.4033557050358105f,1.3250820984618659f,-0.9158222886390766f,0f,0f,0f,1f],start_interpolation:0}
execute if entity @s[tag=aj.dino.bone.tail_3] run data modify entity @s {} merge value {transformation:[-1.2892663687614572f,0.6423995670767373f,-1.5036823310276382f,-0.15596186290809017f,-1.5514320431508921f,0.12430416571444905f,1.3833121903298362f,1.5868363049807175f,0.5165233507884616f,1.9768198695506125f,0.40166199407537234f,-1.0032740541191953f,0f,0f,0f,1f],start_interpolation:0}
execute if entity @s[tag=aj.dino.bone.tail_2] run data modify entity @s {} merge value {transformation:[-1.6736303444466187f,0.2984679621825524f,-0.9636660317251318f,0.022015011339815777f,-0.7724666918202866f,0.8214913067086078f,1.596001603393049f,1.2897673723901237f,0.6488686732910524f,1.7478108546280275f,-0.5855770967761045f,-0.8935208514708399f,0f,0f,0f,1f],start_interpolation:0}
execute if entity @s[tag=aj.dino.bone.tail_1] run data modify entity @s {} merge value {transformation:[-1.5068566199988087f,-0.0639965808022133f,-0.11377088560520165f,0.04871913713892169f,-0.12966487468048213f,0.8857857916712385f,1.219109019549709f,1.0167247749551631f,0.015046495932972892f,1.2243137746995187f,-0.8879671356762907f,-0.717420577052815f,0f,0f,0f,1f],start_interpolation:0}
execute if entity @s[tag=aj.dino.bone.tail_0] run data modify entity @s {} merge value {transformation:[-1.2715439656126613f,-0.030748974036573742f,0.12675235971670692f,0.010937124112776503f,0.02114977973072758f,1.1771371298479376f,0.49773143454550794f,0.8996824972551148f,-0.12870255209356596f,0.49723072583367733f,-1.1704840771900935f,-0.36337886196367714f,0f,0f,0f,1f],start_interpolation:0}
execute if entity @s[tag=aj.dino.bone.body_1] run data modify entity @s {} merge value {transformation:[-1.2275305204357974f,-0.1255414585020613f,0.07754197993374813f,0.0013658081026684914f,-0.07302754735678284f,1.0814330088557298f,0.5947892229525904f,0.6885601470588236f,-0.1282200989779817f,0.5859578351815672f,-1.081118687593392f,-0.15150232960470994f,0f,0f,0f,1f],start_interpolation:0}