execute if entity @s[tag=aj.dino.bone.head_lower] run data modify entity @s {} merge value {transformation:[-0.9541639970126987f,0.05368271583089562f,-0.2944303530986062f,0.6349610828894295f,0.04549937600668233f,0.9983657132407071f,0.03457903133947887f,0.43204322548100693f,0.29580546578410805f,0.019597669412290963f,-0.955047149498837f,0.5497867596880218f,0f,0f,0f,1f],start_interpolation:0}
execute if entity @s[tag=aj.dino.bone.head_upper] run data modify entity @s {} merge value {transformation:[-0.9931889069221861f,0.25511196927335544f,-0.17878931982557233f,0.6280559757994943f,0.047360281527282305f,0.7140950451905066f,0.7558420554266162f,0.5001985029650207f,0.3079037860824007f,0.7130624742274315f,-0.6929712179797112f,0.5181223610840614f,0f,0f,0f,1f],start_interpolation:0}
execute if entity @s[tag=aj.dino.bone.neck_0] run data modify entity @s {} merge value {transformation:[-0.9041271794649968f,0.14620064137466027f,-0.4014715628961877f,0.6000151073425977f,0.0035838400758456124f,0.9421966662639956f,0.33504118876837186f,0.5065681178924741f,0.4272484048454486f,0.301481035129328f,-0.8523895740882621f,0.4579735958751573f,0f,0f,0f,1f],start_interpolation:0}
execute if entity @s[tag=aj.dino.bone.neck_1] run data modify entity @s {} merge value {transformation:[-0.8153367931611799f,0.172812493703203f,-0.5525954720568418f,0.5539991436007414f,-0.0960815732440093f,0.9007998689108017f,0.42347128291448366f,0.5465915660120075f,0.5709590572016522f,0.3983659601300833f,-0.71785118012652f,0.3989974013042762f,0f,0f,0f,1f],start_interpolation:0}
execute if entity @s[tag=aj.dino.bone.neck_2] run data modify entity @s {} merge value {transformation:[-0.7623062251122689f,0.10147869075972399f,-0.6392114630361186f,0.498992965159524f,-0.15014071095074477f,0.9329626913896598f,0.32716721013904704f,0.584388155224651f,0.6295609470657212f,0.345373264449718f,-0.6959671846668185f,0.3414068762908309f,0f,0f,0f,1f],start_interpolation:0}
execute if entity @s[tag=aj.dino.bone.body_0] run data modify entity @s {} merge value {transformation:[-0.6029331335998978f,-0.24732594590912638f,-0.7584863300597868f,0.13916511333386739f,-0.1113421978164586f,0.9675143547669016f,-0.2269777264521493f,0.4866311875363254f,0.7899838931223905f,-0.05240085686457831f,-0.6108842761170479f,0.053000224110195476f,0f,0f,0f,1f],start_interpolation:0}
execute if entity @s[tag=aj.dino.bone.leg_left_3] run data modify entity @s {} merge value {transformation:[-0.38967475945623464f,0.051533823571481806f,-0.9195095686673569f,0.25807863302358525f,0.015501273188637393f,0.9986587502030431f,0.049400517936823485f,0.03158655450856507f,0.9208220742207787f,0.004996565920566028f,-0.3899509481418715f,-0.4431595518157557f,0f,0f,0f,1f],start_interpolation:0}
execute if entity @s[tag=aj.dino.bone.leg_left_2] run data modify entity @s {} merge value {transformation:[-0.4786730186880076f,-0.20590551233975857f,-0.883480198232482f,0.18203625878118335f,-0.4231048819514228f,0.9342978228800076f,0.011490715001424873f,0.24906873931877654f,0.802444141077544f,0.36980088919643367f,-0.5209538389344531f,-0.3718144140993627f,0f,0f,0f,1f],start_interpolation:0}
execute if entity @s[tag=aj.dino.bone.leg_left_1] run data modify entity @s {} merge value {transformation:[-0.615299306268552f,0.7730519782748548f,-0.15426406772405526f,0.4124859813123749f,-0.04438797354268767f,0.16140623119538372f,0.985889312415991f,0.24151391057980093f,0.7870428651034278f,0.6134644793438618f,-0.06499893132315465f,-0.21738243681555275f,0f,0f,0f,1f],start_interpolation:0}
execute if entity @s[tag=aj.dino.bone.leg_left_0] run data modify entity @s {} merge value {transformation:[-0.5855297089680497f,-0.5361494812321828f,-0.6080285303258824f,0.18339075980299316f,-0.09111814421349876f,0.788824919921569f,-0.6078262329858908f,0.5901182460626493f,0.8055137762390405f,-0.3004978859912192f,-0.5107333715393281f,-0.20012916673182207f,0f,0f,0f,1f],start_interpolation:0}
execute if entity @s[tag=aj.dino.bone.leg_right_3] run data modify entity @s {} merge value {transformation:[-0.8520486118920176f,0.08949459221499284f,-0.5157556407225785f,-0.2769165631976493f,0.055408716983042304f,0.99516103366843f,0.08114426135147002f,0.032687256680628496f,0.5205218891220413f,0.04056149691831831f,-0.8528843578777648f,0.02915029038969993f,0f,0f,0f,1f],start_interpolation:0}
execute if entity @s[tag=aj.dino.bone.leg_right_2] run data modify entity @s {} merge value {transformation:[-0.8110984600165035f,0.3853573704403256f,-0.4956623696699881f,-0.2011501864836994f,0.2069325376686313f,0.9286018216052474f,0.3833272508785825f,0.2606684914084437f,0.5927566216530787f,0.20312693927549103f,-0.8120598706546795f,0.05048300792957999f,0f,0f,0f,1f],start_interpolation:0}
execute if entity @s[tag=aj.dino.bone.leg_right_1] run data modify entity @s {} merge value {transformation:[-0.7605773659617114f,0.6322574605278639f,-0.14755532519567421f,-0.03670718499199241f,-0.19184284056963444f,-0.0017349994591813744f,0.9814241255945619f,0.204325420921333f,0.6202567169397833f,0.7747564090627024f,0.12261366851761824f,0.2668099441355194f,0f,0f,0f,1f],start_interpolation:0}
execute if entity @s[tag=aj.dino.bone.leg_right_0] run data modify entity @s {} merge value {transformation:[-0.7931278025287922f,-0.5386838422832678f,-0.28419712686581555f,-0.1328551153944453f,-0.154699075592922f,0.6294935877558531f,-0.7614499451605204f,0.5314595783155958f,0.5890810511861202f,-0.559962088928527f,-0.5826027584008303f,0.025882367653034033f,0f,0f,0f,1f],start_interpolation:0}
execute if entity @s[tag=aj.dino.bone.tail_4] run data modify entity @s {} merge value {transformation:[0.32349788159501636f,0.13847967729180738f,2.738947577296925f,0.47627100901973896f,0.7494033981450469f,2.648506286364161f,-0.22241926521364003f,0.08496772703996122f,-2.638068421980786f,0.7693498304845956f,0.2726851130537394f,-1.2903428291697712f,0f,0f,0f,1f],start_interpolation:0}
execute if entity @s[tag=aj.dino.bone.tail_3] run data modify entity @s {} merge value {transformation:[-0.4997342154827304f,0.09852349764636711f,2.0190355024941566f,0.13295306972040563f,0.2811820797943917f,2.0629873159232583f,-0.031072469916204017f,0.0700485192185494f,-2.0017861718782064f,0.2651829195022169f,-0.508405022915707f,-1.2067311480001732f,0f,0f,0f,1f],start_interpolation:0}
execute if entity @s[tag=aj.dino.bone.tail_2] run data modify entity @s {} merge value {transformation:[-1.4651005746003072f,0.05612914900338925f,1.29193796288397f,-0.10828538101212865f,-0.19840421490625768f,1.9194545723930494f,-0.30838901898352944f,0.12768739504040455f,-1.2778458235702999f,-0.3623776181752227f,-1.4333758711630287f,-0.9413008297407475f,0f,0f,0f,1f],start_interpolation:0}
execute if entity @s[tag=aj.dino.bone.tail_1] run data modify entity @s {} merge value {transformation:[-1.421230738438204f,-0.4084469230325996f,0.31769568644160145f,-0.17029930259884335f,-0.5026748914140661f,1.3101455872172103f,-0.564351613656883f,0.23359463093338279f,-0.12279003078530276f,-0.6358819869759422f,-1.3668331854982425f,-0.6392832674802491f,0f,0f,0f,1f],start_interpolation:0}
execute if entity @s[tag=aj.dino.bone.tail_0] run data modify entity @s {} merge value {transformation:[-1.2436596566625255f,-0.2952027045781542f,0.0013184019949540446f,-0.17780833742321833f,-0.21805402532861673f,0.9147735377299253f,-0.8657237049377194f,0.5086543337986031f,0.1989945150300989f,-0.8425440371059827f,-0.9404022783410917f,-0.38480795324233674f,0f,0f,0f,1f],start_interpolation:0}
execute if entity @s[tag=aj.dino.bone.body_1] run data modify entity @s {} merge value {transformation:[-0.9946290063231279f,-0.24002191487206337f,-0.6940513058975291f,-0.0002839516314191784f,-0.18448813720357687f,1.2126615856154f,-0.1549858092218386f,0.463005f,0.7108318099720015f,-0.021117627947805306f,-1.0113737087635f,-0.14825531094041822f,0f,0f,0f,1f],start_interpolation:0}