execute if entity @s[tag=aj.dino.bone.head_lower] run data modify entity @s {} merge value {transformation:[-1.0659915870066026f,0.19718353289004623f,0.46472636826714164f,-0.09233623318918978f,0.5043826299020796f,0.46163410861116777f,0.9610838251653476f,0.4004714878132356f,-0.021215693691901266f,1.0673343481301418f,-0.5015349341944177f,0.8319205420911012f,0f,0f,0f,1f],start_interpolation:0}
execute if entity @s[tag=aj.dino.bone.head_upper] run data modify entity @s {} merge value {transformation:[-1.1095901987520114f,0.522403892171427f,0.056737141307819976f,-0.07703893136404244f,0.5250116693056456f,1.1076997659237804f,0.06840551579711412f,0.4302232679361972f,-0.022083406724027657f,0.08608566049414915f,-1.2245068073028076f,0.7494324442184163f,0f,0f,0f,1f],start_interpolation:0}
execute if entity @s[tag=aj.dino.bone.neck_0] run data modify entity @s {} merge value {transformation:[-0.9657666341710026f,0.22571145096550702f,0.12786379168888454f,-0.07212267556330397f,0.2321283717723727f,0.9719607290286872f,0.03753345500123874f,0.4167984999731739f,-0.11580685359822229f,0.06592937227873757f,-0.991081273423432f,0.6843145335613814f,0f,0f,0f,1f],start_interpolation:0}
execute if entity @s[tag=aj.dino.bone.neck_1] run data modify entity @s {} merge value {transformation:[-0.9836642539410129f,0.1332818584013039f,0.12099827163957966f,-0.06125852099169381f,0.13981400582748296f,0.9890537518274694f,0.04716693513976969f,0.4253506054484863f,-0.1133872977592433f,0.0633136811210771f,-0.9915314914261449f,0.6006104806014767f,0f,0f,0f,1f],start_interpolation:0}
execute if entity @s[tag=aj.dino.bone.neck_2] run data modify entity @s {} merge value {transformation:[-0.9861590249123275f,0.08308666039911046f,0.14348165195484192f,-0.047874981833589944f,0.12303245569550651f,0.9468132516346576f,0.29733429229495184f,0.4606692129525019f,-0.11114581606835561f,0.3108717957498388f,-0.9439307888705453f,0.5209586931907636f,0f,0f,0f,1f],start_interpolation:0}
execute if entity @s[tag=aj.dino.bone.body_0] run data modify entity @s {} merge value {transformation:[-0.9927032673627596f,0.09155800565153388f,0.07846881271189945f,-0.010020720209181483f,0.10454216280831236f,0.9777876311059652f,0.1816653094334334f,0.5556020414643918f,-0.06009292106947188f,0.1885430456349384f,-0.9802246481190116f,0.060778600563183766f,0f,0f,0f,1f],start_interpolation:0}
execute if entity @s[tag=aj.dino.bone.leg_left_3] run data modify entity @s {} merge value {transformation:[-0.9594858739778017f,0.010730316907749851f,-0.2815523360516004f,0.3921853415713782f,0.013823586947283339f,0.9998639223084679f,-0.009002516861241872f,0.006511268650376045f,0.2814174232007767f,-0.01252985095622855f,-0.9595036408237592f,-0.2683513793704908f,0f,0f,0f,1f],start_interpolation:0}
execute if entity @s[tag=aj.dino.bone.leg_left_2] run data modify entity @s {} merge value {transformation:[-0.9434572384112806f,-0.33401987874690664f,-0.22445792343322626f,0.3059253785267042f,-0.2978707423552797f,0.9642943304097065f,-0.1829526296315656f,0.22517071105087502f,0.27059870590741725f,-0.10309880912159967f,-0.9839762067345089f,-0.3223730332756609f,0f,0f,0f,1f],start_interpolation:0}
execute if entity @s[tag=aj.dino.bone.leg_left_1] run data modify entity @s {} merge value {transformation:[-0.9999520012736954f,0.009560390362774618f,-0.002143381637197227f,0.3285509838257935f,0.0034496610564010806f,0.5482990029438064f,0.8362752556481771f,0.3297048101235182f,0.009170331909329046f,0.836227721560903f,-0.5483056653963495f,-0.06629864998891691f,0f,0f,0f,1f],start_interpolation:0}
execute if entity @s[tag=aj.dino.bone.leg_left_0] run data modify entity @s {} merge value {transformation:[-0.9983896030892903f,-0.056065478057795895f,-0.00865231838065926f,0.1911538327127323f,-0.05460205237957155f,0.991084755309859f,-0.12153034052587658f,0.7223813368294335f,0.01538883748526871f,-0.12086219409951071f,-0.992550005651254f,-0.03116395481952261f,0f,0f,0f,1f],start_interpolation:0}
execute if entity @s[tag=aj.dino.bone.leg_right_3] run data modify entity @s {} merge value {transformation:[-0.9445356748977608f,0.005625496696265664f,0.3283606441587543f,-0.2811200908727969f,0.03680719998783019f,0.9953670384914075f,0.08882391971705267f,0.03538984051455868f,-0.32633968326651236f,0.09598339685469476f,-0.940366736254397f,0.1330017846062332f,0f,0f,0f,1f],start_interpolation:0}
execute if entity @s[tag=aj.dino.bone.leg_right_2] run data modify entity @s {} merge value {transformation:[-0.9685335996537942f,0.1863651737725419f,0.28155441365229733f,-0.22747478495992593f,-0.0070352067943932894f,0.8439813349708666f,-0.5828449292795203f,0.21411905960361652f,-0.33757276505624495f,-0.5522913431570506f,-0.7956639366383f,-0.019802402062017832f,0f,0f,0f,1f],start_interpolation:0}
execute if entity @s[tag=aj.dino.bone.leg_right_1] run data modify entity @s {} merge value {transformation:[-0.9773397210442819f,-0.16211773482235073f,-0.13610624425482987f,-0.2837628739170078f,-0.21146335550451328f,0.7766324555787691f,0.5934014477741552f,0.38942261559614966f,0.009503628141782738f,0.6087362885501089f,-0.7933157076816147f,0.18783598542376978f,0f,0f,0f,1f],start_interpolation:0}
execute if entity @s[tag=aj.dino.bone.leg_right_0] run data modify entity @s {} merge value {transformation:[-0.9956880470499406f,-0.07335365856707032f,0.05678515419280876f,-0.20141232074709006f,-0.09125087305995903f,0.6643476160286301f,-0.7418325439362117f,0.7212671387731604f,0.016691049328027396f,-0.7438154918068739f,-0.6681765657522178f,-0.05175716429984829f,0f,0f,0f,1f],start_interpolation:0}
execute if entity @s[tag=aj.dino.bone.tail_4] run data modify entity @s {} merge value {transformation:[-1.5112884606782875f,2.2464953040049216f,-0.5430721584692837f,-0.6634996084941212f,0.7012457699207736f,1.0639859104228522f,2.4498672788928535f,1.595286189114054f,2.2022540476495607f,1.2028525109528134f,-1.1527724311873693f,-1.1342724005195102f,0f,0f,0f,1f],start_interpolation:0}
execute if entity @s[tag=aj.dino.bone.tail_3] run data modify entity @s {} merge value {transformation:[-1.1856648019292824f,1.5751133338895895f,-0.670195858621688f,-0.5652728779118252f,0.046604216012661105f,0.8446670658427221f,1.9027115180644008f,1.2643908983374714f,1.7111319500728999f,1.0684105293979054f,-0.5162091786822923f,-1.057197635675499f,0f,0f,0f,1f],start_interpolation:0}
execute if entity @s[tag=aj.dino.bone.tail_2] run data modify entity @s {} merge value {transformation:[-1.0354070730427425f,1.1411781877260347f,-1.2018395949352643f,-0.3423476021278724f,0.21655549712663832f,1.4981148061176155f,1.2359326920824576f,1.0351503219476885f,1.643109790841766f,0.5216687134113747f,-0.9202314076852763f,-0.8847895050021771f,0f,0f,0f,1f],start_interpolation:0}
execute if entity @s[tag=aj.dino.bone.tail_1] run data modify entity @s {} merge value {transformation:[-0.9887340344024214f,0.3271380042285247f,-1.0968327062062335f,-0.10937575657733944f,-0.2814245995289029f,1.33542743963487f,0.6519892623734326f,0.8787941512241474f,1.1094419561177182f,0.6302940025572461f,-0.8121109938586338f,-0.7187969025878598f,0f,0f,0f,1f],start_interpolation:0}
execute if entity @s[tag=aj.dino.bone.tail_0] run data modify entity @s {} merge value {transformation:[-1.2099073241117049f,0.05664663905320222f,-0.40835173800151475f,0.01132109655160527f,0.03677891682990532f,1.2758748716655204f,0.06801720159885002f,0.8897070774750153f,0.4106181863017034f,0.052632563309190146f,-1.2093213943951506f,-0.3641349663920026f,0f,0f,0f,1f],start_interpolation:0}
execute if entity @s[tag=aj.dino.bone.body_1] run data modify entity @s {} merge value {transformation:[-1.2346649039708908f,-0.03397988424216578f,0.05524977308270145f,0.0007650845776876733f,-0.0035042787668496684f,1.0865390712977794f,0.5899365742433109f,0.6793689705882353f,-0.06476797039529025f,0.5889675789604197f,-1.08513911366268f,-0.15152646889125998f,0f,0f,0f,1f],start_interpolation:0}