execute if entity @s[tag=aj.dino.bone.head_lower] run data modify entity @s {} merge value {transformation:[-0.8690520913076951f,0.1804986075672848f,-0.46061775395656746f,0.8228927431095829f,-0.10069666222799514f,0.8470377393034474f,0.5219073197530821f,0.8427191540701786f,0.4843641654890078f,0.4999473180865924f,-0.7179443114393771f,0.28752874166419257f,0f,0f,0f,1f],start_interpolation:0}
execute if entity @s[tag=aj.dino.bone.head_upper] run data modify entity @s {} merge value {transformation:[-0.9045959597371419f,0.4423175268487947f,-0.2636916715656984f,0.8143658446633176f,-0.10481511375617755f,0.36370117906859184f,0.9696428140588176f,0.9176980513529714f,0.504174458039106f,0.8692229865632808f,-0.271535371682019f,0.28848449107713764f,0f,0f,0f,1f],start_interpolation:0}
execute if entity @s[tag=aj.dino.bone.neck_0] run data modify entity @s {} merge value {transformation:[-0.7735645442780607f,0.14214932876243275f,-0.6175689954719765f,0.7723752833817972f,-0.17743830753262538f,0.8869537864593146f,0.4264136814238515f,0.9309311712800276f,0.6083695775232636f,0.439438902485743f,-0.6608932653055952f,0.23842039661258238f,0f,0f,0f,1f],start_interpolation:0}
execute if entity @s[tag=aj.dino.bone.neck_1] run data modify entity @s {} merge value {transformation:[-0.5873673160774053f,0.07216804437008056f,-0.8060964020362722f,0.7044208072734557f,-0.2817561868549482f,0.9154741571512873f,0.2872638486776565f,0.9594836646087653f,0.7586916944141311f,0.3958520442790945f,-0.5173858056296838f,0.19641466907353755f,0f,0f,0f,1f],start_interpolation:0}
execute if entity @s[tag=aj.dino.bone.neck_2] run data modify entity @s {} merge value {transformation:[-0.4771256014618197f,-0.15698207135296466f,-0.8647009828278382f,0.6271295633280256f,-0.3168411568013956f,0.9484749507339739f,0.0026361310549801176f,0.9690007720246944f,0.8197333967738845f,0.2752306253016157f,-0.5022800624249697f,0.15510584834548563f,0f,0f,0f,1f],start_interpolation:0}
execute if entity @s[tag=aj.dino.bone.body_0] run data modify entity @s {} merge value {transformation:[-0.26861151626817587f,-0.6452173877031863f,-0.7152219067769021f,0.28390165860661465f,-0.14613236734272572f,0.7612120105936382f,-0.6318240309950243f,0.6784759714727733f,0.9520993564449682f,-0.06519814056755739f,-0.2987574566828598f,0.013681485564734697f,0f,0f,0f,1f],start_interpolation:0}
execute if entity @s[tag=aj.dino.bone.leg_left_3] run data modify entity @s {} merge value {transformation:[-0.15951868547095166f,0.08975658702957584f,-0.9831060695929112f,0.22262768978909167f,-0.002560780830974224f,0.9958171504578877f,0.09133260784335762f,0.05708358848471479f,0.9871915879843971f,0.017086776721634042f,-0.15862159586295208f,-0.48274961531043487f,0f,0f,0f,1f],start_interpolation:0}
execute if entity @s[tag=aj.dino.bone.leg_left_2] run data modify entity @s {} merge value {transformation:[-0.171916669497849f,-0.26179575320458387f,-0.976713797308867f,0.13115194087193233f,-0.2990049393040964f,0.9595869187788033f,-0.2045756365774048f,0.2739757327334431f,0.9659725174771876f,0.250435876849427f,-0.23715220126774603f,-0.43020385250077275f,0f,0f,0f,1f],start_interpolation:0}
execute if entity @s[tag=aj.dino.bone.leg_left_1] run data modify entity @s {} merge value {transformation:[-0.41305963070098634f,0.7952925427468395f,-0.4437245913136114f,0.3789679009080237f,0.01896366564448106f,0.4946380395515586f,0.8688921620166195f,0.3618929754595108f,0.9105065188511773f,0.35048963077366097f,-0.21939666781802697f,-0.34148410248646244f,0f,0f,0f,1f],start_interpolation:0}
execute if entity @s[tag=aj.dino.bone.leg_left_0] run data modify entity @s {} merge value {transformation:[-0.39289397212588384f,-0.36948082262645815f,-0.8420915914426536f,0.25676524826634967f,-0.03520130131519211f,0.9211029395104945f,-0.38772444236963366f,0.7510180649322807f,0.9189097861340156f,-0.12269187640753623f,-0.37490199840856486f,-0.2522907451407482f,0f,0f,0f,1f],start_interpolation:0}
execute if entity @s[tag=aj.dino.bone.leg_right_3] run data modify entity @s {} merge value {transformation:[-0.9929339127997677f,0.04112537361421728f,-0.11131463721018114f,-0.274982783760519f,0.022466723615084935f,0.9862122682503982f,0.1639530673162534f,0.07289653150115877f,0.11652249200110087f,0.16029368545733655f,-0.9801675587675598f,-0.007992461248756948f,0f,0f,0f,1f],start_interpolation:0}
execute if entity @s[tag=aj.dino.bone.leg_right_2] run data modify entity @s {} merge value {transformation:[-0.8323674104305318f,0.4137452290424936f,-0.4336376125273726f,-0.19064939942306464f,0.3501441539377695f,0.9379768025776798f,0.22284700758603468f,0.29788132696009473f,0.4864419441383205f,0.0328116255528596f,-0.9024188781891724f,-0.028987559831701704f,0f,0f,0f,1f],start_interpolation:0}
execute if entity @s[tag=aj.dino.bone.leg_right_1] run data modify entity @s {} merge value {transformation:[-0.7821897407399949f,0.6038149398601099f,-0.1535797118203817f,-0.034044255044334656f,-0.025753061581186513f,0.2149560160027891f,0.9762841241172593f,0.30398682193778565f,0.6225078226820089f,0.7675945737079831f,-0.15258630709786608f,0.20003413640024956f,0f,0f,0f,1f],start_interpolation:0}
execute if entity @s[tag=aj.dino.bone.leg_right_0] run data modify entity @s {} merge value {transformation:[-0.797132519283216f,-0.2409410934824769f,-0.5536489286295618f,0.009112006052637525f,0.027299081703685876f,0.9016153545936155f,-0.4316763978944927f,0.6899572516293397f,0.6031869584459937f,-0.35921740190655754f,-0.7121294484348853f,0.04682955717266857f,0f,0f,0f,1f],start_interpolation:0}
execute if entity @s[tag=aj.dino.bone.tail_4] run data modify entity @s {} merge value {transformation:[-0.3911873483037911f,0.9551354812165044f,2.5613180205996215f,-0.08859736555400832f,0.5813175738947374f,2.557296006281569f,-0.8648516324419303f,0.12230211397874459f,-2.6710866081818057f,0.41667094976450114f,-0.5633320360268571f,-1.238910575791282f,0f,0f,0f,1f],start_interpolation:0}
execute if entity @s[tag=aj.dino.bone.tail_3] run data modify entity @s {} merge value {transformation:[-1.0850987613454197f,0.12155966382944523f,1.7730565282304882f,-0.39043178772756476f,0.1403279251285007f,2.076791016114088f,-0.05650375971019694f,0.1115600330721144f,-1.771669912145095f,0.09004359811741228f,-1.090423495199138f,-1.0548961939519368f,0f,0f,0f,1f],start_interpolation:0}
execute if entity @s[tag=aj.dino.bone.tail_2] run data modify entity @s {} merge value {transformation:[-1.866813324191754f,0.3594352035681505f,0.45231429566047443f,-0.47581090450595126f,0.22786322771618803f,1.8639776499002787f,-0.5407767978840909f,0.21270128985983325f,-0.5309051111805848f,-0.46386154196153495f,-1.8225658034249888f,-0.7165881441472004f,0f,0f,0f,1f],start_interpolation:0}
execute if entity @s[tag=aj.dino.bone.tail_1] run data modify entity @s {} merge value {transformation:[-1.271788392842692f,-0.45199779226289f,-0.6825749260118454f,-0.3221881589687101f,-0.21305046966897528f,1.400355744825573f,-0.5303485036349624f,0.30991201083085673f,0.7904555845867827f,-0.3497971322402288f,-1.241160015901286f,-0.4459836268517162f,0f,0f,0f,1f],start_interpolation:0}
execute if entity @s[tag=aj.dino.bone.tail_0] run data modify entity @s {} merge value {transformation:[-0.797590432602116f,-0.6701913147739196f,-0.7406273151911169f,-0.121932553956059f,0.17625749337296395f,0.8384711485709814f,-0.94854369726859f,0.6073323277996883f,0.9831675922422772f,-0.694006809188276f,-0.430780397591231f,-0.3368472029779328f,0f,0f,0f,1f],start_interpolation:0}
execute if entity @s[tag=aj.dino.bone.body_1] run data modify entity @s {} merge value {transformation:[-0.7788974261306686f,-0.4000294280280877f,-0.8728687480571125f,0.1079420238079435f,-0.19204315636644922f,1.1661494082297994f,-0.3630696611317866f,0.6131925f,0.9407671447898687f,-0.09314831964700128f,-0.7967968153093415f,-0.14532890440926988f,0f,0f,0f,1f],start_interpolation:0}