execute if entity @s[tag=aj.dino.bone.head_lower] run data modify entity @s {} merge value {transformation:[-1.1148839353823028f,0.06808878333013176f,0.046979401595532905f,-0.0928019713353016f,0.075312716947148f,0.5727942347199679f,0.957101925241396f,0.4508531063113073f,0.034221941144399554f,0.957642949234928f,-0.5758108860451673f,0.8331347898878112f,0f,0f,0f,1f],start_interpolation:0}
execute if entity @s[tag=aj.dino.bone.head_upper] run data modify entity @s {} merge value {transformation:[-1.160482223804466f,0.08085949072555611f,-0.02959898796374036f,-0.09338701596745769f,0.07839297568998764f,1.1576211659587885f,0.08888828146451874f,0.4829992429633471f,0.03562160427806336f,0.08665060864673844f,-1.159894875592111f,0.7551314674127615f,0f,0f,0f,1f],start_interpolation:0}
execute if entity @s[tag=aj.dino.bone.neck_0] run data modify entity @s {} merge value {transformation:[-0.9704682638037615f,0.07355374746995233f,0.22974158348640206f,-0.07941182709073011f,0.09586385350961155f,0.9915416061240369f,0.08749494222669642f,0.4725312745651721f,-0.22136275779814615f,0.10693497817875922f,-0.9693108066569294f,0.6907897858387501f,0f,0f,0f,1f],start_interpolation:0}
execute if entity @s[tag=aj.dino.bone.neck_1] run data modify entity @s {} merge value {transformation:[-0.9699112679100014f,0.10023744647584767f,0.22186614591959547f,-0.06015507115194177f,0.0947371350818308f,0.9948754212835205f,-0.03532380730363385f,0.47412215116800893f,-0.2242699436342298f,-0.013241995693206082f,-0.9744370897766361f,0.6081811706289566f,0f,0f,0f,1f],start_interpolation:0}
execute if entity @s[tag=aj.dino.bone.neck_2] run data modify entity @s {} merge value {transformation:[-0.9773557259415749f,0.0376953870497321f,0.20821825751933415f,-0.0415445287574829f,0.0820547296957221f,0.9745247331635924f,0.20873084531757768f,0.5019497449147985f,-0.1950456518453535f,0.22108957969022303f,-0.955550412824264f,0.5266323930036094f,0f,0f,0f,1f],start_interpolation:0}
execute if entity @s[tag=aj.dino.bone.body_0] run data modify entity @s {} merge value {transformation:[-0.9974273751993664f,0.03845404720936843f,0.06049725164106028f,-0.012666078056516601f,0.04534989736976818f,0.9920855293685005f,0.11708838211442463f,0.5665839150980405f,-0.05551592574616403f,0.11953070179180614f,-0.9912771526256946f,0.06058586760838611f,0f,0f,0f,1f],start_interpolation:0}
execute if entity @s[tag=aj.dino.bone.leg_left_3] run data modify entity @s {} merge value {transformation:[-0.9788496059946793f,-0.015318291763680249f,-0.20400685964325738f,0.43977780043634507f,-0.013731080984895913f,0.999863459168485f,-0.009193499584861431f,0.02670401757156507f,0.2041198330859772f,-0.006197818735117988f,-0.9789262897603062f,-0.19256737764906917f,0f,0f,0f,1f],start_interpolation:0}
execute if entity @s[tag=aj.dino.bone.leg_left_2] run data modify entity @s {} merge value {transformation:[-0.9424332779591194f,-0.37928785444287594f,-0.14150066985015716f,0.3455312772453204f,-0.33192360090760287f,0.9292247796363948f,-0.2800539797448299f,0.23413510309185342f,0.23175081284960755f,-0.21152832406679486f,-0.9765293279578104f,-0.27169391992341635f,0f,0f,0f,1f],start_interpolation:0}
execute if entity @s[tag=aj.dino.bone.leg_left_1] run data modify entity @s {} merge value {transformation:[-0.9967015371873729f,-0.0806235643254276f,-0.009267504723041657f,0.34396982205340165f,-0.05701627846476791f,0.6144027191543977f,0.7869297571484446f,0.36044883328936544f,-0.05775110179343773f,0.7848624972383033f,-0.6169729902276907f,-0.024599223337189738f,0f,0f,0f,1f],start_interpolation:0}
execute if entity @s[tag=aj.dino.bone.leg_left_0] run data modify entity @s {} merge value {transformation:[-0.9922676392512371f,-0.10393946237543492f,0.06783450638047281f,0.18226111838603118f,-0.1144386351365551f,0.9777461894150863f,-0.17582999707774727f,0.7453510008798447f,-0.0480492547586253f,-0.1822333044352315f,-0.9820805933688725f,-0.021789400064764347f,0f,0f,0f,1f],start_interpolation:0}
execute if entity @s[tag=aj.dino.bone.leg_right_3] run data modify entity @s {} merge value {transformation:[-0.9359179051510423f,-0.0259131316850795f,0.3512636964218707f,-0.25254311997044676f,-0.02198799988426242f,0.9996432975256683f,0.015159339467731903f,0.028318583139210762f,-0.3515312257521003f,0.00646431112184348f,-0.936153838854996f,0.12151738826142267f,0f,0f,0f,1f],start_interpolation:0}
execute if entity @s[tag=aj.dino.bone.leg_right_2] run data modify entity @s {} merge value {transformation:[-0.9515336518499858f,0.11193082741038093f,0.3662204237518052f,-0.21365816652834685f,-0.06199618543926253f,0.922941523968412f,-0.4431677062089925f,0.2298552247330898f,-0.37789202411364126f,-0.4332581594278252f,-0.8494393356215632f,-0.005139686380626729f,0f,0f,0f,1f],start_interpolation:0}
execute if entity @s[tag=aj.dino.bone.leg_right_1] run data modify entity @s {} merge value {transformation:[-0.9641501074376383f,-0.22916826724935707f,-0.13377770970500916f,-0.2880226071587411f,-0.2637283280381445f,0.771770793853614f,0.5786339177275795f,0.4035803439836448f,-0.029358803078383157f,0.5931709256533818f,-0.8045410577722649f,0.19809145929068683f,0f,0f,0f,1f],start_interpolation:0}
execute if entity @s[tag=aj.dino.bone.leg_right_0] run data modify entity @s {} merge value {transformation:[-0.9890260806561545f,-0.060953015955488715f,0.1345813569104412f,-0.20791088011228034f,-0.1440718907612651f,0.5996571120871619f,-0.7871814519002331f,0.7198587542571585f,-0.03272158422814707f,-0.7979323766894127f,-0.6018581395614628f,-0.062402987769025656f,0f,0f,0f,1f],start_interpolation:0}
execute if entity @s[tag=aj.dino.bone.tail_4] run data modify entity @s {} merge value {transformation:[-1.2544100305369157f,0.733040400731454f,-2.3483544404079737f,-0.19162630537956715f,-2.4546668487580217f,-0.1977760188311974f,1.2494625402882817f,1.8781962826699794f,0.16348537701194638f,2.6550325325447055f,0.7414419156161258f,-1.052187918204609f,0f,0f,0f,1f],start_interpolation:0}
execute if entity @s[tag=aj.dino.bone.tail_3] run data modify entity @s {} merge value {transformation:[-1.6132321308664914f,0.15035514956918433f,-1.3079835423209398f,0.028688024830537687f,-1.2905841709335897f,0.22859227743598606f,1.6180493176898945f,1.6015979570963044f,0.2604229554399216f,2.064239430332417f,-0.08391057493116817f,-1.0581599889240358f,0f,0f,0f,1f],start_interpolation:0}
execute if entity @s[tag=aj.dino.bone.tail_2] run data modify entity @s {} merge value {transformation:[-1.8739413687151067f,-0.013837774684810821f,-0.554009149394396f,0.13028814636166433f,-0.49739933270942427f,0.9033942334201743f,1.659893562203966f,1.2928745351323077f,0.2443594185644362f,1.732761163581907f,-0.8698282011661285f,-0.8958678202748959f,0f,0f,0f,1f],start_interpolation:0}
execute if entity @s[tag=aj.dino.bone.tail_1] run data modify entity @s {} merge value {transformation:[-1.4778136294439341f,-0.15423042333891182f,0.2827297351649583f,0.0727450309894279f,0.12139126558537046f,0.9631105655358754f,1.1598872571042191f,1.031390732775474f,-0.29830737045760286f,1.1559789206857827f,-0.9286450870277646f,-0.7098794120955203f,0f,0f,0f,1f],start_interpolation:0}
execute if entity @s[tag=aj.dino.bone.tail_0] run data modify entity @s {} merge value {transformation:[-1.2597019504792646f,-0.04619236372957807f,0.2117852168491428f,0.009741764258432392f,0.04890328893743427f,1.156096515547162f,0.543033177305807f,0.9006024854267611f,-0.2111757108993975f,0.5432704932690643f,-1.1375841537457128f,-0.3643407977013312f,0f,0f,0f,1f],start_interpolation:0}
execute if entity @s[tag=aj.dino.bone.body_1] run data modify entity @s {} merge value {transformation:[-1.2271350161300947f,-0.13126701996100115f,0.07425103847220223f,0.0013212032350611654f,-0.08017599569144328f,1.0834014181319422f,0.5902692368409795f,0.6903983823529412f,-0.12773432177190283f,0.5810464109832405f,-1.0838236048274725f,-0.15150459070164382f,0f,0f,0f,1f],start_interpolation:0}