execute if entity @s[tag=aj.dino.bone.head_lower] run data modify entity @s {} merge value {transformation:[-0.7684043645847418f,-0.0006183874307757187f,-0.6399643350094634f,0.8031324896241978f,-0.5588843574534561f,0.4878219456379862f,0.6705803638251027f,0.749260490081698f,0.31177396857492184f,0.8729429345329249f,-0.3751901192303558f,0.3583016288239737f,0f,0f,0f,1f],start_interpolation:0}
execute if entity @s[tag=aj.dino.bone.head_upper] run data modify entity @s {} merge value {transformation:[-0.7998317829277726f,0.2669931249856871f,-0.6102915146161422f,0.7668075698204877f,-0.5817424948048202f,0.18462252545733635f,0.8431857063633883f,0.8113525517847366f,0.3245253939838159f,0.9889899579306349f,0.007353526740040954f,0.3811168116309762f,0f,0f,0f,1f],start_interpolation:0}
execute if entity @s[tag=aj.dino.bone.neck_0] run data modify entity @s {} merge value {transformation:[-0.7498270253906959f,0.01914893848718188f,-0.6613567495297489f,0.7239744670336614f,-0.4559054252454028f,0.7094471924467227f,0.5374336464730055f,0.8347356753474047f,0.4794889729968239f,0.7044984026130057f,-0.52323257304011f,0.33569334751381463f,0f,0f,0f,1f],start_interpolation:0}
execute if entity @s[tag=aj.dino.bone.neck_1] run data modify entity @s {} merge value {transformation:[-0.6554914483664561f,0.07478249880843191f,-0.7514908775164292f,0.6606578400144506f,-0.42072209914578157f,0.7902044305573751f,0.4456117965425307f,0.8761252162054106f,0.6271553845808968f,0.6082635414024593f,-0.4865095968135941f,0.2972817933275435f,0f,0f,0f,1f],start_interpolation:0}
execute if entity @s[tag=aj.dino.bone.neck_2] run data modify entity @s {} merge value {transformation:[-0.5675221009831636f,-0.04694964270556745f,-0.8220184888099997f,0.5881831889104143f,-0.3667826400642359f,0.90825541896215f,0.20135190307866097f,0.9026575412656508f,0.7371493470411304f,0.41577376657950516f,-0.5326753375003634f,0.2546861237308979f,0f,0f,0f,1f],start_interpolation:0}
execute if entity @s[tag=aj.dino.bone.body_0] run data modify entity @s {} merge value {transformation:[-0.39294132296868894f,-0.5800347722616371f,-0.7135522263093341f,0.2463631442224164f,-0.2517038302048301f,0.8141769445812428f,-0.5232218313225948f,0.6638211073634963f,0.8844446271891951f,-0.025991650192757454f,-0.4659207395645989f,0.034851823419227046f,0f,0f,0f,1f],start_interpolation:0}
execute if entity @s[tag=aj.dino.bone.leg_left_3] run data modify entity @s {} merge value {transformation:[-0.30119810868661884f,0.06527386494811138f,-0.951324877146782f,0.24914893947567604f,-0.020208741378372058f,0.9969933432951803f,0.07480561607928848f,0.05915037181743618f,0.953347421507766f,0.04175638849128982f,-0.2989734067181542f,-0.4820841163199473f,0f,0f,0f,1f],start_interpolation:0}
execute if entity @s[tag=aj.dino.bone.leg_left_2] run data modify entity @s {} merge value {transformation:[-0.30867806066300446f,-0.2950515033184224f,-0.9325902984459791f,0.15107276858948698f,-0.3177421546927505f,0.9551371954556123f,-0.1970153813515362f,0.27520986926101826f,0.9251053872382483f,0.22960781290588067f,-0.3788436013133169f,-0.4388356442689548f,0f,0f,0f,1f],start_interpolation:0}
execute if entity @s[tag=aj.dino.bone.leg_left_1] run data modify entity @s {} merge value {transformation:[-0.5428462181923146f,0.7289697108501416f,-0.41703854025421105f,0.38204034071875015f,-0.0011603406043341057f,0.4959222160142194f,0.8683661723450704f,0.3639046612831432f,0.8398313146126334f,0.47187319941548633f,-0.26836364632604204f,-0.31313520611287166f,0f,0f,0f,1f],start_interpolation:0}
execute if entity @s[tag=aj.dino.bone.leg_left_0] run data modify entity @s {} merge value {transformation:[-0.5255683075830397f,-0.32306686729146605f,-0.7870233499222101f,0.2581516250821283f,-0.05621015593830387f,0.9362571735314847f,-0.346789451079797f,0.7532046137086348f,0.8488924386715262f,-0.13802283966544654f,-0.5102267371443755f,-0.22708631452284989f,0f,0f,0f,1f],start_interpolation:0}
execute if entity @s[tag=aj.dino.bone.leg_right_3] run data modify entity @s {} merge value {transformation:[-0.9939737268667002f,0.038246737318409496f,-0.10272982713515633f,-0.28644491367175284f,0.022821506480824823f,0.98882389382975f,0.14733121133458804f,0.06407560973706117f,0.10721664581895929f,0.14409890379828663f,-0.9837378191283814f,0.007970915620423097f,0f,0f,0f,1f],start_interpolation:0}
execute if entity @s[tag=aj.dino.bone.leg_right_2] run data modify entity @s {} merge value {transformation:[-0.8826093870561633f,0.3541441928907148f,-0.3842457026732014f,-0.2144000687655515f,0.344597027862237f,0.9614409159087721f,0.09458569186567489f,0.2905746124808734f,0.3928304440462203f,-0.04770173329114882f,-0.946293287713785f,-0.03300241893408398f,0f,0f,0f,1f],start_interpolation:0}
execute if entity @s[tag=aj.dino.bone.leg_right_1] run data modify entity @s {} merge value {transformation:[-0.8265110667013178f,0.5318079684090473f,-0.1845528145461128f,-0.07659695800012835f,-0.0164213081344829f,0.3049312140789173f,0.9522327947091035f,0.3225849970724688f,0.5626809018079452f,0.7900615415377459f,-0.24329604050127576f,0.2057422639416532f,0f,0f,0f,1f],start_interpolation:0}
execute if entity @s[tag=aj.dino.bone.leg_right_0] run data modify entity @s {} merge value {transformation:[-0.8350125884811653f,-0.22754658584254422f,-0.5009755765996842f,-0.028064989224867734f,0.043782265690209606f,0.880118457872638f,-0.4727310158249842f,0.7015405564331048f,0.5484861805816225f,-0.4166701949783441f,-0.7249474866000244f,0.037383686491860746f,0f,0f,0f,1f],start_interpolation:0}
execute if entity @s[tag=aj.dino.bone.tail_4] run data modify entity @s {} merge value {transformation:[-0.2826178043937063f,0.5186952808704325f,2.6975440151816668f,-0.20038973982824188f,0.23857719385964565f,2.706171090384691f,-0.49535874246467726f,0.06212322350896266f,-2.73657987839013f,0.18235834713243346f,-0.3217721772021161f,-1.2368875969054287f,0f,0f,0f,1f],start_interpolation:0}
execute if entity @s[tag=aj.dino.bone.tail_3] run data modify entity @s {} merge value {transformation:[-1.2254614310359775f,0.3354023185040092f,1.6497560704024812f,-0.4834095790711477f,0.05492789585005926f,2.047429110124344f,-0.37544971876053473f,0.10574992018871546f,-1.6826089068304562f,-0.1774397075121992f,-1.2137907327448363f,-1.0293371563698848f,0f,0f,0f,1f],start_interpolation:0}
execute if entity @s[tag=aj.dino.bone.tail_2] run data modify entity @s {} merge value {transformation:[-1.8582754459282524f,0.5580374705058082f,0.2327668867653034f,-0.5279217407825071f,0.41477163103634707f,1.7238842344952772f,-0.8215604147893542f,0.2591931109410046f,-0.4399440147909504f,-0.7318409680886186f,-1.7577348879394497f,-0.7030775379052654f,0f,0f,0f,1f],start_interpolation:0}
execute if entity @s[tag=aj.dino.bone.tail_1] run data modify entity @s {} merge value {transformation:[-1.2335404806409391f,-0.2817039192977371f,-0.8286597821014455f,-0.34498137174130467f,0.07948867938101994f,1.3900388587581447f,-0.5908720428253614f,0.36927445187451474f,0.8716167061675578f,-0.5254437391335518f,-1.1188607797822607f,-0.45672089246581915f,0f,0f,0f,1f],start_interpolation:0}
execute if entity @s[tag=aj.dino.bone.tail_0] run data modify entity @s {} merge value {transformation:[-0.8127725843868988f,-0.5536179008493262f,-0.8165437296999193f,-0.1197281018122336f,0.33912670968388914f,0.8367064069003606f,-0.9048487055938663f,0.6538834903497752f,0.9264067775184119f,-0.7920008365494959f,-0.38515045638928885f,-0.3632833683910129f,0f,0f,0f,1f],start_interpolation:0}
execute if entity @s[tag=aj.dino.bone.body_1] run data modify entity @s {} merge value {transformation:[-0.9001835881767836f,-0.27311996151670404f,-0.8022964472403797f,0.08519115139049084f,-0.1624892970335184f,1.204313947063997f,-0.22766145987614952f,0.6256925f,0.8317880324836215f,-0.06031582366593959f,-0.9127405247323991f,-0.14702128309410323f,0f,0f,0f,1f],start_interpolation:0}