execute if entity @s[tag=aj.dino.bone.head_lower] run data modify entity @s {} merge value {transformation:[-0.9444864784701208f,-0.3238537922561857f,-0.055353529502614726f,0.7942143051909937f,-0.13579415917564946f,0.2313742301984248f,0.9633410153906373f,0.8059522720774301f,-0.2991742607927493f,0.9173792491883461f,-0.2625072853041196f,0.6005392774163962f,0f,0f,0f,1f],start_interpolation:0}
execute if entity @s[tag=aj.dino.bone.head_upper] run data modify entity @s {} merge value {transformation:[-0.9831155819035161f,-0.20268245964920692f,0.2754551066009942f,0.8083470862977734f,-0.14134808370503388f,1.0042519336354518f,0.23445834514019234f,0.8446215459307638f,-0.31141036340323075f,0.18403754215787166f,-0.9760254664838743f,0.5372904967985803f,0f,0f,0f,1f],start_interpolation:0}
execute if entity @s[tag=aj.dino.bone.neck_0] run data modify entity @s {} merge value {transformation:[-0.9942449655282418f,-0.025046836900104414f,0.10416143472055461f,0.8158101824996887f,0.0013401863462287333f,0.969301317584578f,0.2458722424946705f,0.8447860952688425f,-0.10712213787216049f,0.2445968349960814f,-0.9636893876595288f,0.47104088266466115f,0f,0f,0f,1f],start_interpolation:0}
execute if entity @s[tag=aj.dino.bone.neck_1] run data modify entity @s {} merge value {transformation:[-0.9550417111074613f,0.07793999679804559f,-0.28604315573712435f,0.7919376327150842f,-0.008216768110765438f,0.9574960833907917f,0.2883292129027298f,0.8736224286917941f,0.29635757922946077f,0.2777167751332542f,-0.9138082829799911f,0.39490873383098385f,0f,0f,0f,1f],start_interpolation:0}
execute if entity @s[tag=aj.dino.bone.neck_2] run data modify entity @s {} merge value {transformation:[-0.9043824122559213f,0.2048529782671255f,-0.3743363590372287f,0.7611485988310768f,-0.09595849514994995f,0.7571369072014774f,0.6461700015955076f,0.937644610638642f,0.4157937224282224f,0.6203055384634817f,-0.6650839190213611f,0.34271557330783897f,0f,0f,0f,1f],start_interpolation:0}
execute if entity @s[tag=aj.dino.bone.body_0] run data modify entity @s {} merge value {transformation:[-0.8461300743148655f,0.046370006781472156f,-0.5309554781815573f,0.511353005324254f,-0.1850390158838639f,0.9086846473524101f,0.3742362546129881f,1.1226771111736293f,0.49982442911551583f,0.4149000290878663f,-0.7602851477717004f,-0.011651524365561008f,0f,0f,0f,1f],start_interpolation:0}
execute if entity @s[tag=aj.dino.bone.leg_left_3] run data modify entity @s {} merge value {transformation:[0.28154076494152647f,0.46349797860053654f,-0.8401811837391727f,0.5788214347660059f,-0.07535768400248789f,0.883575727245839f,0.4621851941416646f,0.7089210317359932f,0.956585603664367f,-0.06680986495423938f,0.2836907203397302f,-0.5542203654256321f,0f,0f,0f,1f],start_interpolation:0}
execute if entity @s[tag=aj.dino.bone.leg_left_2] run data modify entity @s {} merge value {transformation:[0.29115861072089333f,0.11733790769830325f,-0.9764838341318092f,0.5764467035546007f,-0.46400495770596156f,0.9143030770791905f,-0.02848652257660132f,0.9204435431371888f,0.8671725676750058f,0.4498265200732421f,0.3126180404446119f,-0.4383598463165746f,0f,0f,0f,1f],start_interpolation:0}
execute if entity @s[tag=aj.dino.bone.leg_left_1] run data modify entity @s {} merge value {transformation:[-0.0818315276708285f,0.4967289284785649f,-0.8640393351529754f,0.7588475628504882f,-0.3303598101164436f,0.8044152541028209f,0.49373929844252995f,1.1193712709265622f,0.9403010140050291f,0.32584731175695036f,0.09827274536657163f,-0.37377601471419536f,0f,0f,0f,1f],start_interpolation:0}
execute if entity @s[tag=aj.dino.bone.leg_left_0] run data modify entity @s {} merge value {transformation:[-0.03368414153669885f,-0.834004117205039f,-0.5507290723159436f,0.4723065852354324f,-0.3622217908030737f,0.5237648873411132f,-0.771016029052552f,1.3456663465563345f,0.9314830931779439f,0.17351505777192683f,-0.31973703546829685f,-0.1713109919137696f,0f,0f,0f,1f],start_interpolation:0}
execute if entity @s[tag=aj.dino.bone.leg_right_3] run data modify entity @s {} merge value {transformation:[-0.8781053812422407f,0.3895072632208313f,-0.2778759279456165f,-0.11752023154042616f,-0.04004299573372062f,0.5189000218951897f,0.8538965544899695f,0.7012222853346708f,0.47678873510821185f,0.7609381441190799f,-0.44005186387347733f,-0.33116696739336493f,0f,0f,0f,1f],start_interpolation:0}
execute if entity @s[tag=aj.dino.bone.leg_right_2] run data modify entity @s {} merge value {transformation:[-0.8337210744552318f,0.466439227074114f,-0.3733708839162628f,-0.019039340868289678f,0.07045327726502872f,0.7132589170364532f,0.7337303677041709f,0.8900481584441012f,0.5933023725155034f,0.5707524544101265f,-0.6117974583577357f,-0.21795311716778693f,0f,0f,0f,1f],start_interpolation:0}
execute if entity @s[tag=aj.dino.bone.leg_right_1] run data modify entity @s {} merge value {transformation:[-0.7459518751835855f,0.620758881698527f,-0.24127621246713643f,0.14754173628340406f,-0.32262848316987325f,-0.01988143181724178f,0.9463168552426843f,0.8280325495151061f,0.5826376762256277f,0.7837494111393579f,0.2151050877620287f,-0.004837668070559326f,0f,0f,0f,1f],start_interpolation:0}
execute if entity @s[tag=aj.dino.bone.leg_right_0] run data modify entity @s {} merge value {transformation:[-0.7462419652926371f,0.006920888815376475f,-0.6656388138729501f,0.2912160127686819f,-0.27019925897931796f,0.9107176503613785f,0.3123871344458305f,1.1915972199194962f,0.6083710131845617f,0.4129715033973351f,-0.6777457102029747f,0.1417423826683876f,0f,0f,0f,1f],start_interpolation:0}
execute if entity @s[tag=aj.dino.bone.tail_4] run data modify entity @s {} merge value {transformation:[2.7253298527302254f,0.44418243362644694f,-0.0306674269402613f,-0.8846161862449315f,-0.34128227149774804f,1.9618852514055003f,-1.9131633498159306f,1.1706384898806852f,-0.28594568816260585f,1.8919221859197235f,1.9911119600479403f,0.6535272870471152f,0f,0f,0f,1f],start_interpolation:0}
execute if entity @s[tag=aj.dino.bone.tail_3] run data modify entity @s {} merge value {transformation:[1.908109245008019f,0.5375320927036468f,-0.6372784983608117f,-0.781817476517968f,-0.7836726170220554f,1.6995229461546033f,-0.9129208678019274f,1.308804966603504f,0.2844676861950682f,1.0763951555316758f,1.7596582425866703f,0.34462090410360924f,0f,0f,0f,1f],start_interpolation:0}
execute if entity @s[tag=aj.dino.bone.tail_2] run data modify entity @s {} merge value {transformation:[1.574463426054336f,0.1314353578430371f,-1.1500276265067257f,-0.5668343480369469f,-0.6862337393173291f,1.6695266489643297f,-0.7486907895942545f,1.447874785730337f,0.9321598843774473f,1.007064739780609f,1.3912844550453427f,0.08691307759132925f,0f,0f,0f,1f],start_interpolation:0}
execute if entity @s[tag=aj.dino.bone.tail_1] run data modify entity @s {} merge value {transformation:[0.8269660394864456f,0.2056503247527528f,-1.2495964802548025f,-0.3012390501535081f,-0.6589650595881478f,1.3443438452494567f,-0.21485093898303925f,1.4783046526805803f,1.08145664257893f,0.6618941151490866f,0.8246235265579782f,-0.09966087004988385f,0f,0f,0f,1f],start_interpolation:0}
execute if entity @s[tag=aj.dino.bone.tail_0] run data modify entity @s {} merge value {transformation:[-0.05492122319925517f,0.3804780712337143f,-1.2190388890993586f,0.06417405996224362f,-0.721243783548449f,0.9976900029637541f,0.3438862882740891f,1.4018891235862005f,1.0538627901767115f,0.7026285020410749f,0.17182003429315146f,-0.13291500016240965f,0f,0f,0f,1f],start_interpolation:0}
execute if entity @s[tag=aj.dino.bone.body_1] run data modify entity @s {} merge value {transformation:[-0.569550309659025f,0.22272331027789913f,-1.0745284393083385f,0.29898487485363184f,-0.4845648096949852f,1.03516990721976f,0.4714072585866133f,1.2225675f,0.9845882312057268f,0.6382963146546736f,-0.38957467156591474f,-0.08533813255342923f,0f,0f,0f,1f],start_interpolation:0}