execute if entity @s[tag=aj.dino.bone.head_lower] run data modify entity @s {} merge value {transformation:[-0.9952064392696796f,-0.09141033256672411f,-0.034760528422429667f,0.4241981544187073f,-0.0928524305904278f,0.9947758321073514f,0.04242016016679684f,0.21892113833559404f,0.030701292637533142f,0.04544441610547756f,-0.9984949853029891f,0.7261583546935036f,0f,0f,0f,1f],start_interpolation:0}
execute if entity @s[tag=aj.dino.bone.head_upper] run data modify entity @s {} merge value {transformation:[-1.0359099679664598f,-0.0451114762616747f,-0.09125478376900391f,0.41657274768288727f,-0.09665005631306356f,0.7287920131010729f,0.7368805268415461f,0.2860545695955929f,0.03195696271420299f,0.7418214737610964f,-0.7294872145449192f,0.6925367534352472f,0f,0f,0f,1f],start_interpolation:0}
execute if entity @s[tag=aj.dino.bone.neck_0] run data modify entity @s {} merge value {transformation:[-0.9876187045955593f,-0.005811306994388473f,-0.15676582230832795f,0.40684942837915594f,-0.019791173210720887f,0.9959446737436075f,0.0877639806793356f,0.2755698987155042f,0.15562006231823883f,0.08977992845150023f,-0.983728601114815f,0.6274194362872658f,0f,0f,0f,1f],start_interpolation:0}
execute if entity @s[tag=aj.dino.bone.neck_1] run data modify entity @s {} merge value {transformation:[-0.92033749147662f,0.006944949591140115f,-0.3910635107724815f,0.37375321082279556f,-0.05424837451358655f,0.987911975377521f,0.14521378298329074f,0.2924225990466579f,0.3873448278280684f,0.15486024854965558f,-0.9088356769922618f,0.5511425477852979f,0f,0f,0f,1f],start_interpolation:0}
execute if entity @s[tag=aj.dino.bone.neck_2] run data modify entity @s {} merge value {transformation:[-0.8521134836219684f,-0.06308969018053819f,-0.5195404719774555f,0.32761988142610676f,-0.34048532706441303f,0.820727959880777f,0.45877593433371977f,0.3406502513960071f,0.3974573600821517f,0.5678250671314727f,-0.7208344747954729f,0.4935514038325376f,0f,0f,0f,1f],start_interpolation:0}
execute if entity @s[tag=aj.dino.bone.body_0] run data modify entity @s {} merge value {transformation:[-0.7966341688681204f,-0.166734269047864f,-0.5810109160049175f,0.05220326317340698f,-0.4075735421204523f,0.8579971840092988f,0.3126094048417313f,0.4961553872868154f,0.4463830291971086f,0.4858400104532232f,-0.751466350203138f,0.14401636438019197f,0f,0f,0f,1f],start_interpolation:0}
execute if entity @s[tag=aj.dino.bone.leg_left_3] run data modify entity @s {} merge value {transformation:[-0.18978049569817626f,0.031072497142187905f,-0.9813347356401398f,0.2183822245665749f,0.06198490100343815f,0.9978844369191775f,0.01960924787159135f,-0.003080267415498522f,0.9798679684019416f,-0.057106483658550165f,-0.1913050287473051f,-0.2568221438696672f,0f,0f,0f,1f],start_interpolation:0}
execute if entity @s[tag=aj.dino.bone.leg_left_2] run data modify entity @s {} merge value {transformation:[-0.3091569465938676f,0.23777360515520596f,-0.9486558356774848f,0.24400957284529406f,-0.33053088097639594f,0.9109797043245417f,0.33604689335036547f,0.2191403547518251f,0.9204528877647233f,0.4069912658779801f,-0.19795653665720495f,-0.16664284375160013f,0f,0f,0f,1f],start_interpolation:0}
execute if entity @s[tag=aj.dino.bone.leg_left_1] run data modify entity @s {} merge value {transformation:[-0.5914520764775829f,0.5886117823688647f,-0.5511085291364157f,0.4449248674857257f,-0.06793684458454237f,0.6446626754316493f,0.7614424601066079f,0.35524401000359696f,0.8034731024609668f,0.48779729864140886f,-0.34129865083221905f,-0.03202402981231082f,0f,0f,0f,1f],start_interpolation:0}
execute if entity @s[tag=aj.dino.bone.leg_left_0] run data modify entity @s {} merge value {transformation:[-0.5556484837130566f,-0.6375379622530336f,-0.5336666649076279f,0.17344217073751006f,-0.1091525467503367f,0.6922575209063193f,-0.7133479139147688f,0.6724260091042343f,0.8242211378539722f,-0.3381196111361871f,-0.4542407340604946f,-0.031965915332445846f,0f,0f,0f,1f],start_interpolation:0}
execute if entity @s[tag=aj.dino.bone.leg_right_3] run data modify entity @s {} merge value {transformation:[-0.9838706384634238f,0.09081740609434452f,0.15411283372863424f,-0.3671481704633115f,0.0782667843238446f,0.9932464387602575f,-0.08564941541931585f,0.03029291888352134f,-0.16085048101009683f,-0.07220602911364586f,-0.9843339941902135f,0.09879057859077633f,0f,0f,0f,1f],start_interpolation:0}
execute if entity @s[tag=aj.dino.bone.leg_right_2] run data modify entity @s {} merge value {transformation:[-0.980141948927034f,0.29120771018714914f,0.08112970468186684f,-0.29524023383168374f,0.2966926075601332f,0.9794412303806184f,0.06877915636559588f,0.2602645491350293f,-0.05794355937788366f,0.08919162101201916f,-1.0201713572574775f,0.08814304390611288f,0f,0f,0f,1f],start_interpolation:0}
execute if entity @s[tag=aj.dino.bone.leg_right_1] run data modify entity @s {} merge value {transformation:[-0.9891965327417469f,0.10676633482914931f,-0.10045481252212808f,-0.28060787775332546f,-0.05681562614277194f,0.3524753313131018f,0.9340948160875979f,0.30534867690457f,0.13513772322231385f,0.9297107563983911f,-0.3426013794476319f,0.3615780475881972f,0f,0f,0f,1f],start_interpolation:0}
execute if entity @s[tag=aj.dino.bone.leg_right_0] run data modify entity @s {} merge value {transformation:[-0.9959839181394816f,-0.08745992545405218f,-0.019151925414899115f,-0.19757974793423988f,-0.027047692075965607f,0.4978380349496041f,-0.8668481489343335f,0.5745279135870465f,0.08534903139983477f,-0.8628488004262903f,-0.49820426578063504f,0.05342849499686625f,0f,0f,0f,1f],start_interpolation:0}
execute if entity @s[tag=aj.dino.bone.tail_4] run data modify entity @s {} merge value {transformation:[-2.4695000454993083f,0.5847870035147902f,1.088694179923412f,0.0415763023418014f,0.7045025195391609f,2.6648790128743425f,0.16660545700800583f,0.5744822646975316f,-1.015335933000449f,0.42673802134572564f,-2.5323208595863287f,-1.7148250335272215f,0f,0f,0f,1f],start_interpolation:0}
execute if entity @s[tag=aj.dino.bone.tail_3] run data modify entity @s {} merge value {transformation:[-2.0126678487274567f,0.1540526312627789f,0.5112547736151236f,-0.0466211402273006f,0.21335009350065032f,2.059696413047784f,0.21926684593389675f,0.5171469640471446f,-0.4894848254506986f,0.2643179882708509f,-2.0066106081585424f,-1.3771645859495323f,0f,0f,0f,1f],start_interpolation:0}
execute if entity @s[tag=aj.dino.bone.tail_2] run data modify entity @s {} merge value {transformation:[-1.9061934397674376f,0.2882942058654438f,0.3195104005424155f,-0.10735835060022968f,0.2371115248075931f,1.914355834500503f,-0.31271990457928656f,0.5759117687180337f,-0.3591358656466657f,-0.266274416309703f,-1.9023388867990698f,-1.0238528638439002f,0f,0f,0f,1f],start_interpolation:0}
execute if entity @s[tag=aj.dino.bone.tail_1] run data modify entity @s {} merge value {transformation:[-1.5069704927925058f,0.12858983367405022f,0.012682213071586866f,-0.11021958196920895f,0.1232120078949373f,1.4747542401424854f,-0.31236994460456624f,0.6249852353082371f,-0.03892280775086714f,-0.3101948353171632f,-1.4798379739617942f,-0.7015792452669191f,0f,0f,0f,1f],start_interpolation:0}
execute if entity @s[tag=aj.dino.bone.tail_0] run data modify entity @s {} merge value {transformation:[-1.2462571812357401f,-0.28289751895011744f,-0.02545090517532921f,-0.10960905701287328f,-0.2789098542458129f,1.240494944634902f,-0.131214717634337f,0.6932645782766099f,0.05374056202678789f,-0.12238056500583484f,-1.2712083487319952f,-0.3330558811719593f,0f,0f,0f,1f],start_interpolation:0}
execute if entity @s[tag=aj.dino.bone.body_1] run data modify entity @s {} merge value {transformation:[-1.1669058515377977f,-0.23317297134200707f,-0.33550811337229486f,-0.01590226604331049f,-0.3079005707328064f,1.169224794320277f,0.2582928840393565f,0.5544595135498047f,0.26857506817556465f,0.3273352117302628f,-1.1616039286143298f,-0.08504758869083004f,0f,0f,0f,1f],start_interpolation:0}