execute if entity @s[tag=aj.dino.bone.head_lower] run data modify entity @s {} merge value {transformation:[-0.9905264931469221f,0.010810259285507794f,0.13689559769488904f,0.3797989058592623f,-0.017446396273998688f,0.9789116676219354f,-0.20353763841287936f,0.3607213781034182f,-0.13620899247520868f,-0.20399775804606662f,-0.9694493411628414f,0.797246119970219f,0f,0f,0f,1f],start_interpolation:0}
execute if entity @s[tag=aj.dino.bone.head_upper] run data modify entity @s {} merge value {transformation:[-1.0310386139972592f,-0.07467848436762961f,0.12187880456696323f,0.38620396005385405f,-0.018159946612273454f,0.9487863457355732f,0.4277226076188676f,0.4115065570586435f,-0.14177988351369786f,0.42154422864249735f,-0.9411008822185598f,0.7417907561985607f,0f,0f,0f,1f],start_interpolation:0}
execute if entity @s[tag=aj.dino.bone.neck_0] run data modify entity @s {} merge value {transformation:[-0.967614631007804f,-0.10749736079872037f,-0.22839930665599942f,0.37349277683773624f,-0.06348006092656676f,0.9793400848132915f,-0.19199812536234406f,0.38321558443173737f,0.24431988810653718f,-0.1712813933245662f,-0.9544477338107125f,0.6827756484432849f,0f,0f,0f,1f],start_interpolation:0}
execute if entity @s[tag=aj.dino.bone.neck_1] run data modify entity @s {} merge value {transformation:[-0.917242626680801f,-0.022719226876698834f,-0.3976805257110661f,0.3396993521147914f,0.02634471932596825f,0.9927260548103174f,-0.11747738448049774f,0.3778370729193222f,0.39745681471493316f,-0.11823204654774369f,-0.9099721224333148f,0.6051443860296366f,0f,0f,0f,1f],start_interpolation:0}
execute if entity @s[tag=aj.dino.bone.neck_2] run data modify entity @s {} merge value {transformation:[-0.8903684457078364f,-0.0833610150417035f,-0.4475432627791738f,0.29967504928297223f,-0.20169718452295177f,0.953571087903174f,0.2236524671687561f,0.4067667633693111f,0.408120419292304f,0.2894013156265432f,-0.8658432894411667f,0.5321234398057257f,0f,0f,0f,1f],start_interpolation:0}
execute if entity @s[tag=aj.dino.bone.body_0] run data modify entity @s {} merge value {transformation:[-0.8821904472874694f,-0.09293243128409825f,-0.4616314308302252f,0.08122458947703258f,-0.21690791947350463f,0.9503323043643265f,0.223202745841678f,0.5210144835886477f,0.41796048758753523f,0.2970388434148225f,-0.8585318609803451f,0.13033025950224825f,0f,0f,0f,1f],start_interpolation:0}
execute if entity @s[tag=aj.dino.bone.leg_left_3] run data modify entity @s {} merge value {transformation:[-0.44416116098346275f,0.028043809734391717f,-0.8955079049396514f,0.315089466939397f,-0.11480102212301325f,0.9894895602543026f,0.08792687568234311f,0.09309201299758632f,0.8885615276351628f,0.14185892599102834f,-0.43627337384183545f,-0.22072865208680595f,0f,0f,0f,1f],start_interpolation:0}
execute if entity @s[tag=aj.dino.bone.leg_left_2] run data modify entity @s {} merge value {transformation:[-0.5039060946974846f,0.0720713629634899f,-0.8904754717947085f,0.3035877673940608f,-0.3354713731464685f,0.932277311749179f,0.2652926144800129f,0.31808278782571153f,0.8280095440432115f,0.42157672153358144f,-0.4344369486301142f,-0.1346012219856803f,0f,0f,0f,1f],start_interpolation:0}
execute if entity @s[tag=aj.dino.bone.leg_left_1] run data modify entity @s {} merge value {transformation:[-0.7155473339991334f,0.6026831977133282f,-0.3532208600872405f,0.500302040577322f,-0.018104808856136648f,0.48946889751604206f,0.8718327903105692f,0.40517801813653936f,0.6983295989022773f,0.6302326249556329f,-0.3393267005976939f,0.04070223275167156f,0f,0f,0f,1f],start_interpolation:0}
execute if entity @s[tag=aj.dino.bone.leg_left_0] run data modify entity @s {} merge value {transformation:[-0.680429161210184f,-0.6271397668638414f,-0.3790934837118308f,0.20580983898463107f,-0.05142114877068377f,0.5568972902121084f,-0.8289881022146903f,0.6853397799201304f,0.7310075389720058f,-0.5445742566192213f,-0.411177403311167f,-0.05464455009839328f,0f,0f,0f,1f],start_interpolation:0}
execute if entity @s[tag=aj.dino.bone.leg_right_3] run data modify entity @s {} merge value {transformation:[-0.9816860843774815f,0.07715923707880785f,0.17418060705206145f,-0.3340251826487846f,0.0721740016798453f,0.9967852703215468f,-0.03478560552181102f,0.019189230557935116f,-0.17630469426854756f,-0.021577233451434433f,-0.9840991198936501f,0.13950460629219366f,0f,0f,0f,1f],start_interpolation:0}
execute if entity @s[tag=aj.dino.bone.leg_right_2] run data modify entity @s {} merge value {transformation:[-0.9858788084730529f,0.28294786289666085f,-0.006758800682116278f,-0.2667498528685038f,0.28135588041536913f,0.977113747379045f,-0.1347211666341528f,0.2423530494809724f,-0.0307252837275858f,-0.13134470322699388f,-1.0167923708283648f,0.077512574605404f,0f,0f,0f,1f],start_interpolation:0}
execute if entity @s[tag=aj.dino.bone.leg_right_1] run data modify entity @s {} merge value {transformation:[-0.9771089413901601f,0.1635046900800368f,-0.13610412549673806f,-0.23457202093031987f,-0.04280092103297807f,0.4755990885230491f,0.8786202752923322f,0.32410732769274814f,0.20838953384018466f,0.8643331090024703f,-0.45771397058424435f,0.34075051029400344f,0f,0f,0f,1f],start_interpolation:0}
execute if entity @s[tag=aj.dino.bone.leg_right_0] run data modify entity @s {} merge value {transformation:[-0.9866453691544184f,-0.135879375199773f,-0.08982043710348425f,-0.16588792780370348f,-0.007690060121327974f,0.5896851157777117f,-0.807596636450126f,0.6222744491462535f,0.1627015012268541f,-0.7961207569367516f,-0.5828550093059011f,0.056697449053752194f,0f,0f,0f,1f],start_interpolation:0}
execute if entity @s[tag=aj.dino.bone.tail_4] run data modify entity @s {} merge value {transformation:[1.5245878023887742f,-0.4480835504146251f,2.2584318666400343f,0.8319646009576998f,0.2947287374108121f,2.7243586228807324f,0.3415646306039661f,0.4106484436541713f,-2.2835122806220234f,0.052464820434453815f,1.5519279746383812f,-1.1027511067939315f,0f,0f,0f,1f],start_interpolation:0}
execute if entity @s[tag=aj.dino.bone.tail_3] run data modify entity @s {} merge value {transformation:[-0.12264682682684394f,-0.09217574729568258f,2.0766335530189797f,0.4807463025979109f,0.03001552626809549f,2.0799496626824694f,0.09409566905215716f,0.3743393550635268f,-2.078461534427953f,0.03547616611200106f,-0.12118010391907655f,-1.0825506014107302f,0f,0f,0f,1f],start_interpolation:0}
execute if entity @s[tag=aj.dino.bone.tail_2] run data modify entity @s {} merge value {transformation:[-0.992925970443347f,0.4834442374327954f,1.6121890588621848f,0.18042470060360655f,0.045608385981294894f,1.8788625800157535f,-0.5353215440718816f,0.47433526656353986f,-1.682495696086649f,-0.23437352604836853f,-0.9659457323992563f,-0.9042832823979712f,0f,0f,0f,1f],start_interpolation:0}
execute if entity @s[tag=aj.dino.bone.tail_1] run data modify entity @s {} merge value {transformation:[-1.109027661416363f,0.488316308007539f,0.9051304212914506f,-0.019258896037201864f,0.09972609779063396f,1.375923563690128f,-0.6201171682042927f,0.5908630428294034f,-1.023605686596556f,-0.3950161771575242f,-1.041081105462514f,-0.6744476550684557f,0f,0f,0f,1f],start_interpolation:0}
execute if entity @s[tag=aj.dino.bone.tail_0] run data modify entity @s {} merge value {transformation:[-1.2511505952314323f,0.03420023471912485f,0.2593997852374141f,-0.09423622970936955f,-0.046321342797920294f,1.2182782500256575f,-0.38404186659770134f,0.7324882265580414f,-0.25751162660636795f,-0.3853104800594009f,-1.1912427597693782f,-0.33563706186035785f,0f,0f,0f,1f],start_interpolation:0}
execute if entity @s[tag=aj.dino.bone.body_1] run data modify entity @s {} merge value {transformation:[-1.1690314702204263f,-0.10065069805537222f,-0.389665823073419f,0.0031351545876115864f,-0.19834759027892174f,1.185689436621933f,0.28879644798708687f,0.5854825f,0.35018316653012277f,0.33558097669620585f,-1.1372606354810701f,-0.09384365482397221f,0f,0f,0f,1f],start_interpolation:0}