execute if entity @s[tag=aj.dino.bone.head_lower] run data modify entity @s {} merge value {transformation:[0.2628853897712344f,-0.07183893117930318f,-0.9621488657228894f,0.7415353410721922f,-0.5164927129773582f,0.8318254338776909f,-0.20322825835862413f,0.8600658123664933f,0.8149395985507848f,0.5503686178564385f,0.1815704689443706f,-0.007233787429818478f,0f,0f,0f,1f],start_interpolation:0}
execute if entity @s[tag=aj.dino.bone.head_upper] run data modify entity @s {} merge value {transformation:[0.2736372926772988f,0.5048454615365568f,-0.868173735265982f,0.6931068472207845f,-0.5376170497328352f,0.8336701415106138f,0.3153314852242683f,0.900356885162967f,0.848270288573346f,0.3655093674628896f,0.47990870215498005f,0.034320597753821236f,0f,0f,0f,1f],start_interpolation:0}
execute if entity @s[tag=aj.dino.bone.neck_0] run data modify entity @s {} merge value {transformation:[0.2396561498748502f,-0.26583634221052654f,-0.933753698245577f,0.6369661656878314f,-0.3265439510264422f,0.8836757244364343f,-0.3353897167323171f,0.8644317578379253f,0.9142942512535029f,0.3852898301303464f,0.12497107234446198f,0.0358520539209915f,0f,0f,0f,1f],start_interpolation:0}
execute if entity @s[tag=aj.dino.bone.neck_1] run data modify entity @s {} merge value {transformation:[0.24529136025900658f,-0.4546809024401878f,-0.8562110870214561f,0.5623391907641678f,-0.18552141124663526f,0.8448546264209975f,-0.501799228959246f,0.8258149166872903f,0.9515324243300083f,0.2819325046375701f,0.12288249784832378f,0.04756064212883099f,0f,0f,0f,1f],start_interpolation:0}
execute if entity @s[tag=aj.dino.bone.neck_2] run data modify entity @s {} merge value {transformation:[-0.1296897332851327f,-0.5702550638833366f,-0.811165664458157f,0.48569184133031695f,-0.23011362294776744f,0.8130492022495485f,-0.5347884771152288f,0.7869236950241925f,0.9644834335613461f,0.11730369489826314f,-0.2366675929419391f,0.027975262468033363f,0f,0f,0f,1f],start_interpolation:0}
execute if entity @s[tag=aj.dino.bone.body_0] run data modify entity @s {} merge value {transformation:[-0.44188034824707717f,-0.5620094921103623f,-0.6992046114056276f,0.1508054870679211f,-0.176463872475073f,0.8186554917702222f,-0.5465013151910585f,0.5371583914330547f,0.8795466215864528f,-0.11810383809304503f,-0.4609221451433516f,-0.19038070276761782f,0f,0f,0f,1f],start_interpolation:0}
execute if entity @s[tag=aj.dino.bone.leg_left_3] run data modify entity @s {} merge value {transformation:[-0.6058251797675054f,0.5863069464156936f,-0.5377917962784253f,-0.02900574385185918f,-0.22068429135107054f,0.5255958253525441f,0.8216127262420259f,0.3291425131936766f,0.764378371692021f,0.616435879030969f,-0.18903045239529792f,-0.7460058703263193f,0f,0f,0f,1f],start_interpolation:0}
execute if entity @s[tag=aj.dino.bone.leg_left_2] run data modify entity @s {} merge value {transformation:[-0.5928201395577628f,0.006737976095564088f,-0.8370072170020669f,-0.054222091770294356f,-0.3872799248303496f,0.9070718211830001f,0.2815975329079589f,0.5486814451167781f,0.7420517107714311f,0.47878754202107837f,-0.5217125143671568f,-0.6493732400519865f,0f,0f,0f,1f],start_interpolation:0}
execute if entity @s[tag=aj.dino.bone.leg_left_1] run data modify entity @s {} merge value {transformation:[-0.47531394774152586f,0.7467273411123644f,0.4652686633737813f,0.13343046077315746f,-0.027197519351604645f,-0.5410426914228912f,0.8405552337586111f,0.35765881152119217f,0.8793957846291311f,0.3868734729768028f,0.2774742688671904f,-0.5765017186056818f,0f,0f,0f,1f],start_interpolation:0}
execute if entity @s[tag=aj.dino.bone.leg_left_0] run data modify entity @s {} merge value {transformation:[-0.4794145879604302f,0.043186933949079076f,-0.8765252658005981f,0.16599745868678267f,-0.08515366479435618f,0.9917862376534146f,0.09544062119126812f,0.7293955628127905f,0.8734474833799806f,0.12039496475086739f,-0.47179926477244105f,-0.389262681675571f,0f,0f,0f,1f],start_interpolation:0}
execute if entity @s[tag=aj.dino.bone.leg_right_3] run data modify entity @s {} merge value {transformation:[-0.6859858603963828f,-0.0022450424552406534f,-0.7276114066729636f,0.027081900886102753f,-0.04658042066949705f,0.9980794963616535f,0.040836054568490626f,0.05193667747053207f,0.7261223476429353f,0.06190540143511081f,-0.6847729970776233f,0.06978385746134605f,0f,0f,0f,1f],start_interpolation:0}
execute if entity @s[tag=aj.dino.bone.leg_right_2] run data modify entity @s {} merge value {transformation:[-0.7072715022955649f,-0.13462451988491514f,-0.7305514767537094f,-0.025778946451298163f,0.08138299882878913f,0.9886025947041829f,-0.26096727140866705f,0.274187193499572f,0.7383806803017688f,-0.2379145810802854f,-0.6710088096047504f,-0.007556371460044509f,0f,0f,0f,1f],start_interpolation:0}
execute if entity @s[tag=aj.dino.bone.leg_right_1] run data modify entity @s {} merge value {transformation:[-0.4455527921681361f,0.6277162377828143f,-0.6383220458475232f,0.16973268449941892f,-0.19320365879354728f,0.6287846481443102f,0.7531946710425019f,0.4012139403908884f,0.8741596282258548f,0.4589141434754713f,-0.15887968182939632f,0.14295207812656735f,0f,0f,0f,1f],start_interpolation:0}
execute if entity @s[tag=aj.dino.bone.leg_right_0] run data modify entity @s {} merge value {transformation:[-0.4931985241215492f,-0.8066636779408899f,-0.32565154152130515f,-0.063132654586428f,-0.1661772145824274f,0.45481781545973f,-0.8749433627921666f,0.6703384139330115f,0.853897153735713f,-0.37740490912455754f,-0.3583645984339593f,-0.07534366200035711f,0f,0f,0f,1f],start_interpolation:0}
execute if entity @s[tag=aj.dino.bone.tail_4] run data modify entity @s {} merge value {transformation:[-2.163830843823237f,-0.06012701712814014f,1.7146084546421947f,-0.3068896591723099f,-0.6851285489380343f,2.5604453417847157f,-0.7748418256412147f,1.0249431967941076f,-1.5729260257079125f,-1.0325530132367153f,-2.0212370776597424f,-1.727449398270012f,0f,0f,0f,1f],start_interpolation:0}
execute if entity @s[tag=aj.dino.bone.tail_3] run data modify entity @s {} merge value {transformation:[-1.8763007854077194f,-0.4033612027933889f,0.807923652831066f,-0.4399364485451276f,-0.38806960763862014f,2.0423814339398927f,0.11842965831782626f,0.9848755974770539f,-0.8153789722270438f,-0.0438559508292816f,-1.915510196598096f,-1.4022204900264201f,0f,0f,0f,1f],start_interpolation:0}
execute if entity @s[tag=aj.dino.bone.tail_2] run data modify entity @s {} merge value {transformation:[-1.950478032893083f,-0.07230835762609722f,0.09581659366583901f,-0.459208021239644f,-0.0692568656090651f,1.9519176849664412f,0.06320373947823249f,0.9735394131623687f,-0.09804491200626389f,0.0596885879833056f,-1.9507942850790347f,-1.039630388975379f,0f,0f,0f,1f],start_interpolation:0}
execute if entity @s[tag=aj.dino.bone.tail_1] run data modify entity @s {} merge value {transformation:[-1.495947429618742f,0.10625943695999383f,-0.1962306547765301f,-0.4168510993873343f,0.09387579554294984f,1.5062684645591173f,0.09999448827759143f,0.9335194527120148f,0.20244720997894447f,0.08672078604154947f,-1.4963792575547412f,-0.7188797522876593f,0f,0f,0f,1f],start_interpolation:0}
execute if entity @s[tag=aj.dino.bone.tail_0] run data modify entity @s {} merge value {transformation:[-1.0999991021424662f,0.03115383034652837f,-0.6502823469267304f,-0.22607168622548088f,-0.17216176322825436f,1.217379721861366f,0.3495463583945753f,0.8607514238360465f,0.6278519086153478f,0.3883964060589519f,-1.0434490544308253f,-0.4045869894249004f,0f,0f,0f,1f],start_interpolation:0}
execute if entity @s[tag=aj.dino.bone.body_1] run data modify entity @s {} merge value {transformation:[-0.7206400929066892f,0.36545719781373925f,-0.9358009874528979f,-0.03312720086418892f,-0.18574140538560102f,1.0833391034059412f,0.5661105125443645f,0.6561680830903791f,0.9873107828222432f,0.4705550112941004f,-0.5765414074680055f,-0.30224440754893067f,0f,0f,0f,1f],start_interpolation:0}