execute if entity @s[tag=aj.dino.bone.head_lower] run data modify entity @s {} merge value {transformation:[0.1828164351396751f,0.13109351941026853f,-0.9743678156689346f,0.7879772805497542f,-0.6817164268364946f,0.7310193141854064f,-0.029554621790529256f,0.7201986917933154f,0.7084072729892769f,0.669645616319952f,0.22301095067141485f,-0.012545155606234412f,0f,0f,0f,1f],start_interpolation:0}
execute if entity @s[tag=aj.dino.bone.head_upper] run data modify entity @s {} merge value {transformation:[0.19029355116337318f,0.7193502231190841f,-0.7278705677987427f,0.7540116928712245f,-0.7095983446455961f,0.626209767455355f,0.43336296450348427f,0.7639146880411256f,0.7373808352848413f,0.41697545038712075f,0.6048743010846098f,0.0387452627729367f,0f,0f,0f,1f],start_interpolation:0}
execute if entity @s[tag=aj.dino.bone.neck_0] run data modify entity @s {} merge value {transformation:[0.18265697330317895f,-0.031086427304078096f,-0.9826851297039101f,0.6909149998176491f,-0.48236555412663673f,0.8681048265538103f,-0.11712165600811042f,0.7424062774986951f,0.8567145979238504f,0.4954065443163299f,0.14357037839585104f,0.039710589628493165f,0f,0f,0f,1f],start_interpolation:0}
execute if entity @s[tag=aj.dino.bone.neck_1] run data modify entity @s {} merge value {transformation:[0.21909256485922196f,-0.25231095221475197f,-0.9425166478189619f,0.6099091041983962f,-0.33959865166490977f,0.8858676547087803f,-0.3160874153270596f,0.7197106063249535f,0.914697329071635f,0.3893297853147778f,0.10840255742355098f,0.05068730268055613f,0f,0f,0f,1f],start_interpolation:0}
execute if entity @s[tag=aj.dino.bone.neck_2] run data modify entity @s {} merge value {transformation:[-0.1704462714192596f,-0.39649440861938023f,-0.9020755248275171f,0.5269985945876803f,-0.3055057948199407f,0.8916237771816363f,-0.3341754768019168f,0.6991638822844986f,0.9368106947994927f,0.21863033617940592f,-0.2731052877762927f,0.02890175881685106f,0f,0f,0f,1f],start_interpolation:0}
execute if entity @s[tag=aj.dino.bone.body_0] run data modify entity @s {} merge value {transformation:[-0.47710307457337325f,-0.4206539999262864f,-0.7716364873297856f,0.15932195657918197f,-0.1881850491012507f,0.9065434548171161f,-0.37784302537298176f,0.5297238409240089f,0.8584631870542815f,-0.03505961885508224f,-0.5116754631583795f,-0.21258295488082457f,0f,0f,0f,1f],start_interpolation:0}
execute if entity @s[tag=aj.dino.bone.leg_left_3] run data modify entity @s {} merge value {transformation:[-0.520230614686768f,0.7044227858821714f,-0.482854684426514f,-0.07823840340747813f,-0.22106658093942064f,0.4350429100059106f,0.8728500634389298f,0.3710905149535654f,0.8249179803679771f,0.5608263592089711f,-0.07059830367670206f,-0.7572477619162795f,0f,0f,0f,1f],start_interpolation:0}
execute if entity @s[tag=aj.dino.bone.leg_left_2] run data modify entity @s {} merge value {transformation:[-0.5283557469821356f,0.088478178215449f,-0.8746850953979493f,-0.08546563544098443f,-0.42421630155642903f,0.8681704079948914f,0.3440681206919106f,0.5834349026285855f,0.7700278784728699f,0.5389934639328695f,-0.4106157713884258f,-0.64310443006518f,0f,0f,0f,1f],start_interpolation:0}
execute if entity @s[tag=aj.dino.bone.leg_left_1] run data modify entity @s {} merge value {transformation:[-0.3741069048643891f,0.7506331027959916f,0.5446044148918096f,0.09702471823210826f,-0.08511058305797148f,-0.6125585661982722f,0.7858296199741072f,0.3770394569210708f,0.9234718254415342f,0.24763268759188484f,0.29304921029018455f,-0.6097641171207641f,0f,0f,0f,1f],start_interpolation:0}
execute if entity @s[tag=aj.dino.bone.leg_left_0] run data modify entity @s {} merge value {transformation:[-0.380356749319964f,0.08223447085520713f,-0.9211765493378099f,0.1600759538295493f,-0.1423714833784057f,0.9789597597598342f,0.14617848505029818f,0.7329566992843468f,0.9138156838046623f,0.18674924517687344f,-0.36064610833680916f,-0.4008269570878724f,0f,0f,0f,1f],start_interpolation:0}
execute if entity @s[tag=aj.dino.bone.leg_right_3] run data modify entity @s {} merge value {transformation:[-0.6736569862136251f,-0.1272486443234271f,-0.7280069006839338f,0.10546405863680494f,-0.10574876142033049f,0.9915259477734024f,-0.07545524733325579f,0.043496704709971856f,0.7314393101164595f,0.02615487354025492f,-0.6814047682592567f,0.07454136124655097f,0f,0f,0f,1f],start_interpolation:0}
execute if entity @s[tag=aj.dino.bone.leg_right_2] run data modify entity @s {} merge value {transformation:[-0.7055541432615123f,-0.22300829851049234f,-0.7102977187226946f,0.03262434839811468f,0.01965901924293168f,0.9726798778510011f,-0.3249147237151048f,0.26015515309549464f,0.7442238059815168f,-0.2371146421457601f,-0.6648080719960975f,-0.0024298374029248226f,0f,0f,0f,1f],start_interpolation:0}
execute if entity @s[tag=aj.dino.bone.leg_right_1] run data modify entity @s {} merge value {transformation:[-0.41459763574789765f,0.5601775462862768f,-0.7171540399864877f,0.21458527208956626f,-0.22236818252640872f,0.7018218716557852f,0.6767558288374567f,0.41049703102857416f,0.8824178102419259f,0.44005360707788505f,-0.1664080258448703f,0.14351853582772978f,0f,0f,0f,1f],start_interpolation:0}
execute if entity @s[tag=aj.dino.bone.leg_right_0] run data modify entity @s {} merge value {transformation:[-0.4646566931753215f,-0.8477973504697636f,-0.25560479264643027f,-0.04345144605798593f,-0.19965273364609346f,0.38153285066394066f,-0.9025361321364864f,0.6569860564112777f,0.8626893667102994f,-0.3683372590448819f,-0.3465468513264638f,-0.0732013087135091f,0f,0f,0f,1f],start_interpolation:0}
execute if entity @s[tag=aj.dino.bone.tail_4] run data modify entity @s {} merge value {transformation:[-2.652500736831574f,-0.5860602383021098f,0.49642176603089483f,-0.7652921248531759f,-0.6655512864913684f,2.6446889625678986f,-0.43396210424554305f,1.1962174597605038f,-0.3833310028652033f,-0.5364839419337823f,-2.6815860332813397f,-1.6001196154771644f,0f,0f,0f,1f],start_interpolation:0}
execute if entity @s[tag=aj.dino.bone.tail_3] run data modify entity @s {} merge value {transformation:[-2.0341541736015136f,-0.42812578661717565f,-0.12194521268754918f,-0.7404251762321548f,-0.44365724277671303f,1.9965044083586148f,0.39125940804129844f,1.110336959787416f,0.03647704751965884f,0.40819601208547757f,-2.0415658124993685f,-1.2579400163988184f,0f,0f,0f,1f],start_interpolation:0}
execute if entity @s[tag=aj.dino.bone.tail_2] run data modify entity @s {} merge value {transformation:[-1.837791957663924f,-0.07026132772916256f,-0.6605739483012589f,-0.6190015869823515f,-0.18188325533886024f,1.9221727267868478f,0.3015698340798211f,1.0545986801906384f,0.6389155474520225f,0.3450930732792634f,-1.814241320497781f,-0.920121958665921f,0f,0f,0f,1f],start_interpolation:0}
execute if entity @s[tag=aj.dino.bone.tail_1] run data modify entity @s {} merge value {transformation:[-1.3564353654135233f,0.10538497119163338f,-0.6607823827119041f,-0.47680091275881914f,-0.020676234577468734f,1.4863092860486793f,0.279487834313345f,0.976307174414166f,0.6688137579170901f,0.2596824292331017f,-1.331506456299937f,-0.6374099402223224f,0f,0f,0f,1f],start_interpolation:0}
execute if entity @s[tag=aj.dino.bone.tail_0] run data modify entity @s {} merge value {transformation:[-0.963540249737979f,0.10741113920492029f,-0.8329998504763386f,-0.23078697360665018f,-0.27829238084875224f,1.1552788743589808f,0.47087130917630476f,0.866586570992382f,0.7924514208962175f,0.536310811207993f,-0.8474828469562191f,-0.37681361977943173f,0f,0f,0f,1f],start_interpolation:0}
execute if entity @s[tag=aj.dino.bone.body_1] run data modify entity @s {} merge value {transformation:[-0.6401166667653306f,0.41172915678489463f,-0.9743379031109756f,-0.031999939976460626f,-0.23893625484725992f,1.0531404314676844f,0.6020043959838456f,0.6556925f,1.0304196786285957f,0.49997892767346624f,-0.4656833181827354f,-0.30222590036261837f,0f,0f,0f,1f],start_interpolation:0}