execute if entity @s[tag=aj.dino.bone.head_lower] run data modify entity @s {} merge value {transformation:[-0.9999963476325483f,-0.0016499130336991533f,-0.0021406794587043787f,0.16909268427049676f,-0.0024616231650359346f,0.883009391086365f,0.4693488634956741f,0.5253262620624092f,0.001115855258108256f,0.46935241880730594f,-0.8830102274757489f,0.818196983512312f,0f,0f,0f,1f],start_interpolation:0}
execute if entity @s[tag=aj.dino.bone.head_upper] run data modify entity @s {} merge value {transformation:[-1.0408957815855748f,-0.001646282167922714f,-0.002281275057116453f,0.16857532852738985f,-0.0025623025268095858f,0.903262941588578f,0.5172827423585847f,0.5812681067062728f,0.001161493273225193f,0.5172864686914596f,-0.90326369506673f,0.7675442555238435f,0f,0f,0f,1f],start_interpolation:0}
execute if entity @s[tag=aj.dino.bone.neck_0] run data modify entity @s {} merge value {transformation:[-0.9940386883460731f,-0.0025167117277878487f,-0.10899886344956859f,0.16188930734522008f,0.0032130975069008996f,0.9986231008520454f,-0.05236008450200627f,0.5616718418899399f,0.10898055824609097f,-0.052398173696468514f,-0.9926619108828769f,0.7041721813878599f,0f,0f,0f,1f],start_interpolation:0}
execute if entity @s[tag=aj.dino.bone.neck_1] run data modify entity @s {} merge value {transformation:[-0.9776771532548774f,0.020185169924345162f,-0.2091409642288292f,0.14426531325457798f,-0.010693069952767816f,0.9893049304987753f,0.14546962825895668f,0.578552632844036f,0.20984051624608702f,0.14445869100175032f,-0.967004986717047f,0.622919670204584f,0f,0f,0f,1f],start_interpolation:0}
execute if entity @s[tag=aj.dino.bone.neck_2] run data modify entity @s {} merge value {transformation:[-0.9776771532548774f,0.050480529394194194f,-0.20395857460651415f,0.1268912483628378f,-0.010693069952767816f,0.9574979673366523f,0.2882417402132536f,0.6131792746362241f,0.20984051624608702f,0.28398830732666f,-0.9355840951209645f,0.5437359096126942f,0f,0f,0f,1f],start_interpolation:0}
execute if entity @s[tag=aj.dino.bone.body_0] run data modify entity @s {} merge value {transformation:[-0.9776771532548774f,-0.015250210833513156f,-0.20955861965801478f,0.027981779441886404f,-0.010693069952767816f,0.9996814370464447f,-0.022862254476332f,0.6119275951246468f,0.20984051624608702f,-0.020111078894200107f,-0.97752877310455f,0.08283868141610315f,0f,0f,0f,1f],start_interpolation:0}
execute if entity @s[tag=aj.dino.bone.leg_left_3] run data modify entity @s {} merge value {transformation:[-0.9857433089891656f,-0.06596670095636492f,-0.15478540999727297f,0.32447705150532197f,-0.05248980763823378f,0.9945938187549754f,-0.08959886041963212f,0.03099813432217391f,0.15985915324807518f,-0.08019682075574469f,-0.9838767814434283f,-0.31650539526291704f,0f,0f,0f,1f],start_interpolation:0}
execute if entity @s[tag=aj.dino.bone.leg_left_2] run data modify entity @s {} merge value {transformation:[-0.9958563851589057f,-0.16760661712890115f,-0.17955578947373907f,0.2783141642862468f,-0.15373976934505196f,1.010094264959581f,-0.09019899510631313f,0.263423579392178f,0.19156289557391326f,-0.060661332750479656f,-1.0058260581477139f,-0.3614328077593552f,0f,0f,0f,1f],start_interpolation:0}
execute if entity @s[tag=aj.dino.bone.leg_left_1] run data modify entity @s {} merge value {transformation:[-0.9856621399794646f,0.025892086215596f,0.16673255735610434f,0.29613544294478084f,0.15461640490143563f,0.5342385704728427f,0.8310733524512074f,0.36140320760651656f,-0.06755674020005538f,0.844937127655388f,-0.5305820739178857f,-0.10240427623875131f,0f,0f,0f,1f],start_interpolation:0}
execute if entity @s[tag=aj.dino.bone.leg_left_0] run data modify entity @s {} merge value {transformation:[-0.9931544520762968f,0.10022696704288477f,0.059989910805195716f,0.21512459926905683f,0.09673158672878271f,0.9935847516922295f,-0.05858618722551184f,0.7675336801332735f,-0.06547697648763902f,-0.052382213413287804f,-0.9964782332133311f,-0.049465055838431846f,0f,0f,0f,1f],start_interpolation:0}
execute if entity @s[tag=aj.dino.bone.leg_right_3] run data modify entity @s {} merge value {transformation:[-0.984016314535687f,0.09063718307110276f,0.15328663924993335f,-0.30535996509081564f,0.14824300914559824f,0.8938748558047894f,0.4230978047679107f,0.19181274187510916f,-0.09867067936860408f,0.43905881520008494f,-0.8930237700240881f,0.060082384090184654f,0f,0f,0f,1f],start_interpolation:0}
execute if entity @s[tag=aj.dino.bone.leg_right_2] run data modify entity @s {} merge value {transformation:[-0.9971155110354208f,0.1975508327234965f,0.13710042174814344f,-0.25352723233906516f,0.16584933308245037f,0.988436979925545f,-0.21805626551986176f,0.41521975638896197f,-0.1741173623432543f,-0.18981097098591287f,-0.992832885698649f,-0.014575138956782141f,0f,0f,0f,1f],start_interpolation:0}
execute if entity @s[tag=aj.dino.bone.leg_right_1] run data modify entity @s {} merge value {transformation:[-0.991122159091917f,-0.032151582461059314f,-0.12900830012920242f,-0.27515851334872066f,-0.1307509400101019f,0.41162787971238113f,0.9019238772368565f,0.476607541011833f,0.024105133134902968f,0.9107846970545449f,-0.41217736251255876f,0.2551970116458013f,0f,0f,0f,1f],start_interpolation:0}
execute if entity @s[tag=aj.dino.bone.leg_right_0] run data modify entity @s {} merge value {transformation:[-0.9941675210902616f,-0.021549006476407895f,0.10567204137861567f,-0.1766242683830759f,-0.10419573841720711f,0.4447157923432376f,-0.8895904181904273f,0.7357510589366509f,-0.027824235927282524f,-0.8954124772195248f,-0.4443673115055346f,-0.05696147094125409f,0f,0f,0f,1f],start_interpolation:0}
execute if entity @s[tag=aj.dino.bone.tail_4] run data modify entity @s {} merge value {transformation:[-2.7499182497343067f,0.13935824660205265f,-0.21021472470360625f,-0.06648259903026355f,-0.22579174755927875f,-0.334735016481922f,2.731781815422852f,1.9282651939028992f,0.11237899319863293f,2.737552388438411f,0.34473063983755897f,-1.2329614201372774f,0f,0f,0f,1f],start_interpolation:0}
execute if entity @s[tag=aj.dino.bone.tail_3] run data modify entity @s {} merge value {transformation:[-2.073581512195564f,0.027265183856914524f,-0.18831316489946004f,-0.03481845644097241f,-0.17044972164228642f,0.6497768238807146f,1.97095979096074f,1.5877046721173682f,0.08457027088326985f,1.9781284626993227f,-0.6448264730809297f,-1.1429802192672198f,0f,0f,0f,1f],start_interpolation:0}
execute if entity @s[tag=aj.dino.bone.tail_2] run data modify entity @s {} merge value {transformation:[-1.9492383776792506f,-0.02231316389120919f,-0.13691510034435428f,-0.01081290237871894f,-0.12352486810579458f,1.1569002682956673f,1.5700628175903144f,1.296017371470782f,0.0631286697514418f,1.574756415112304f,-1.1553920889121738f,-0.9277739554531454f,0f,0f,0f,1f],start_interpolation:0}
execute if entity @s[tag=aj.dino.bone.tail_1] run data modify entity @s {} merge value {transformation:[-1.5098155989468685f,-0.034248540275269766f,-0.08330753066633932f,0.008975037179297197f,-0.08478676937543016f,1.0125627850170325f,1.1203499721682637f,1.0426340261187135f,0.030402482062941036f,1.123031564065572f,-1.0126855608711172f,-0.7236122677027971f,0f,0f,0f,1f],start_interpolation:0}
execute if entity @s[tag=aj.dino.bone.tail_0] run data modify entity @s {} merge value {transformation:[-1.2738205151682003f,-0.09796256115850398f,-0.0402535505504154f,0.018374049123946638f,-0.10267506291481635f,1.023076278879627f,0.7593474011500151f,0.8454237196868571f,-0.02597774386060055f,0.7599697236002958f,-1.02742731743848f,-0.4050347027169699f,0f,0f,0f,1f],start_interpolation:0}
execute if entity @s[tag=aj.dino.bone.body_1] run data modify entity @s {} merge value {transformation:[-1.232094447770389f,-0.10258857068265992f,-0.004842725980195177f,0.026409983333247653f,-0.09995993440042557f,1.184471864085216f,0.34005736245728685f,0.6865825607163735f,-0.023577072428377935f,0.33927361142893625f,-1.1886724247242906f,-0.1515375f,0f,0f,0f,1f],start_interpolation:0}