execute if entity @s[tag=aj.dino.bone.head_lower] run data modify entity @s {} merge value {transformation:[-0.9765685102549924f,-0.21278249008064526f,-0.03221112685741978f,0.4214165557445587f,-0.21520412985047196f,0.9648174909822176f,0.15104433650448357f,0.239488290285642f,-0.0010617314377169805f,0.15443711020949147f,-0.9880020504616855f,0.7281844712230418f,0f,0f,0f,1f],start_interpolation:0}
execute if entity @s[tag=aj.dino.bone.head_upper] run data modify entity @s {} merge value {transformation:[-1.0165097554208757f,-0.1599982569550752f,-0.15678143222026045f,0.4067001845847115f,-0.22400588909296884f,0.7224395654879388f,0.7151044528268398f,0.304938358947841f,-0.001105155811131506f,0.7320885018714903f,-0.7399440158834294f,0.6936131908910101f,0f,0f,0f,1f],start_interpolation:0}
execute if entity @s[tag=aj.dino.bone.neck_0] run data modify entity @s {} merge value {transformation:[-0.9969718344786299f,-0.06861606419417071f,-0.03659230780938494f,0.4057699712521872f,-0.07168829743321846f,0.9933057384283037f,0.09057868411789047f,0.2946952961960937f,0.030132196525340438f,0.09292763711568061f,-0.9952168130576644f,0.6277424794714677f,0f,0f,0f,1f],start_interpolation:0}
execute if entity @s[tag=aj.dino.bone.neck_1] run data modify entity @s {} merge value {transformation:[-0.9325008083461601f,-0.0490753710346723f,-0.3578181806330797f,0.3752319908890092f,-0.12307800292480023f,0.974603595763823f,0.18708189736120784f,0.3150334652927253f,0.33954977194779695f,0.21849356759876443f,-0.91485873952658f,0.5512485092668417f,0f,0f,0f,1f],start_interpolation:0}
execute if entity @s[tag=aj.dino.bone.neck_2] run data modify entity @s {} merge value {transformation:[-0.8393758899195223f,-0.11429476675145901f,-0.5313989289743061f,0.32755844201816664f,-0.4073192279111288f,0.7796136900486422f,0.47570320669785426f,0.3643415392576401f,0.3599154928531028f,0.6157428039221969f,-0.7009433910255083f,0.4958691180272252f,0f,0f,0f,1f],start_interpolation:0}
execute if entity @s[tag=aj.dino.bone.body_0] run data modify entity @s {} merge value {transformation:[-0.7685173570238881f,-0.24835686786289216f,-0.5896608670569481f,0.047287576989999636f,-0.4821871892636221f,0.8305838410877704f,0.2786144243106112f,0.5035638219473023f,0.42056698213609883f,0.4984469371048631f,-0.7580725983886469f,0.14334067531349506f,0f,0f,0f,1f],start_interpolation:0}
execute if entity @s[tag=aj.dino.bone.leg_left_3] run data modify entity @s {} merge value {transformation:[-0.21403367449523136f,0.0637433572851559f,-0.9747442590670061f,0.2229607064136267f,0.0928938872653165f,0.9946744102684758f,0.04464911271009797f,-0.0017360157787732755f,0.9723992553940011f,-0.08099136965799066f,-0.21881518720169935f,-0.2637333144028435f,0f,0f,0f,1f],start_interpolation:0}
execute if entity @s[tag=aj.dino.bone.leg_left_2] run data modify entity @s {} merge value {transformation:[-0.3379238722107412f,0.23248694195798297f,-0.9401167363204523f,0.2475750092111144f,-0.3381327232327196f,0.9047176926823904f,0.3452743221372996f,0.21929831611418166f,0.9074887974900945f,0.42367194604690567f,-0.2214234948317459f,-0.17041111828399783f,0f,0f,0f,1f],start_interpolation:0}
execute if entity @s[tag=aj.dino.bone.leg_left_1] run data modify entity @s {} merge value {transformation:[-0.6245191696497732f,0.5402982446344358f,-0.563962422139016f,0.4367052995573725f,-0.08726304550751f,0.6693006006586995f,0.7378494879354858f,0.3637315018555468f,0.7761191710225384f,0.5100142280396223f,-0.3708429850603028f,-0.027644967569249994f,0f,0f,0f,1f],start_interpolation:0}
execute if entity @s[tag=aj.dino.bone.leg_left_0] run data modify entity @s {} merge value {transformation:[-0.5900668148833383f,-0.6152334073368457f,-0.5227896407448479f,0.16909262525075425f,-0.12960678456538732f,0.7113199812792571f,-0.6908154352846342f,0.6841854285542337f,0.7968834515586664f,-0.3398701792296172f,-0.4994647393984628f,-0.027771372891825366f,0f,0f,0f,1f],start_interpolation:0}
execute if entity @s[tag=aj.dino.bone.leg_right_3] run data modify entity @s {} merge value {transformation:[-0.9895800479494515f,0.06470733297433993f,0.1286246079088655f,-0.3545032516396677f,0.05754735653542602f,0.9966198652910503f,-0.05862717682981508f,0.03313620767140654f,-0.13198344765971984f,-0.050614278287828385f,-0.9899588700432238f,0.054704300585801065f,0f,0f,0f,1f],start_interpolation:0}
execute if entity @s[tag=aj.dino.bone.leg_right_2] run data modify entity @s {} merge value {transformation:[-0.9879437179252172f,0.25777983087498796f,0.09787220497596025f,-0.28985778339465135f,0.2702300218490324f,0.9775582784251617f,0.15302858254130405f,0.2653136626700409f,-0.05481920287878376f,0.17318074539968878f,-1.0094877334169234f,0.06395983362044344f,0f,0f,0f,1f],start_interpolation:0}
execute if entity @s[tag=aj.dino.bone.leg_right_1] run data modify entity @s {} merge value {transformation:[-0.9890026741362766f,0.08018823079068058f,-0.1242721135007964f,-0.28117882647347436f,-0.09646359029430421f,0.2871884539263143f,0.9530044950990243f,0.29086887361898467f,0.11210926054000576f,0.9545117283585748f,-0.27629490427277015f,0.3401572133326358f,0f,0f,0f,1f],start_interpolation:0}
execute if entity @s[tag=aj.dino.bone.leg_right_0] run data modify entity @s {} merge value {transformation:[-0.9958798940981343f,-0.0884167225778861f,0.02014248494288251f,-0.20173727235472338f,-0.06457916334691907f,0.5355622151268202f,-0.8420229482560826f,0.5772029182613777f,0.06366135556600305f,-0.8398545093628054f,-0.5390655200534165f,0.04688407627030841f,0f,0f,0f,1f],start_interpolation:0}
execute if entity @s[tag=aj.dino.bone.tail_4] run data modify entity @s {} merge value {transformation:[-2.361964463432138f,0.47756166554277363f,-1.3485992958205721f,-0.5601875057907092f,0.42989309232402845f,2.719684723804481f,0.21016247019063325f,0.6665743945169251f,1.3645428297623405f,-0.030185928982828448f,-2.4005776402848604f,-1.6588631662580464f,0f,0f,0f,1f],start_interpolation:0}
execute if entity @s[tag=aj.dino.bone.tail_3] run data modify entity @s {} merge value {transformation:[-1.8579002533504059f,0.14003271697897668f,-0.9298080516001288f,-0.40389675055488783f,0.027452880534451097f,2.066273191330849f,0.25633369693084274f,0.6028895667719029f,0.9398928204829012f,0.21645198776485683f,-1.8454526677868992f,-1.3480607435234913f,0f,0f,0f,1f],start_interpolation:0}
execute if entity @s[tag=aj.dino.bone.tail_2] run data modify entity @s {} merge value {transformation:[-1.8320301847807554f,0.04589321977722898f,-0.6784785106644475f,-0.27911284244348256f,0.1317907966655349f,1.9367092965367134f,-0.22486031580807592f,0.6452489059726101f,0.6671360153441211f,-0.25656341923493886f,-1.8187574395570238f,-1.0095254475378814f,0f,0f,0f,1f],start_interpolation:0}
execute if entity @s[tag=aj.dino.bone.tail_1] run data modify entity @s {} merge value {transformation:[-1.421067726160665f,-0.058362920713225304f,-0.514603281324925f,-0.16630488315573627f,0.01128143708316253f,1.4990205506488796f,-0.20116254102011327f,0.6702020847999571f,0.5177793901285536f,-0.19284036978327934f,-1.4079678067839305f,-0.7046838818245216f,0f,0f,0f,1f],start_interpolation:0}
execute if entity @s[tag=aj.dino.bone.tail_0] run data modify entity @s {} merge value {transformation:[-1.2021525067194012f,-0.36509542682667767f,-0.23530915086866838f,-0.10635248318815953f,-0.37029490183378f,1.2233873663649713f,-0.006383892113610972f,0.7015901228747232f,0.22703909982247306f,0.0621642800396907f,-1.2563536787159002f,-0.33604800171418026f,0f,0f,0f,1f],start_interpolation:0}
execute if entity @s[tag=aj.dino.bone.body_1] run data modify entity @s {} merge value {transformation:[-1.1663019235902148f,-0.2680465256790468f,-0.3106372130917463f,-0.016078846783423598f,-0.33647208154131547f,1.1605172624950257f,0.26189848577369795f,0.5625333203125f,0.23479982203841046f,0.33159514257403355f,-1.1676978633397799f,-0.08690989134471536f,0f,0f,0f,1f],start_interpolation:0}