execute if entity @s[tag=aj.dino.bone.head_lower] run data modify entity @s {} merge value {transformation:[-0.9831530331830223f,-0.01731081681518873f,0.18196276807142148f,0.17244808480389978f,0.05822623111444357f,0.913984391886851f,0.4015497944183645f,0.19064618102327013f,-0.17326228485515924f,0.4053799045443848f,-0.8975785835448367f,0.7328942905240704f,0f,0f,0f,1f],start_interpolation:0}
execute if entity @s[tag=aj.dino.bone.head_upper] run data modify entity @s {} merge value {transformation:[-1.0233635825931109f,-0.14667076953338543f,0.12118830706872984f,0.17719135273586126f,0.060607659706094684f,0.37716577833936316f,0.9682688830165513f,0.2658840590970667f,-0.18034864011311658f,0.9590128276502116f,-0.362271592862596f,0.7293986354960371f,0f,0f,0f,1f],start_interpolation:0}
execute if entity @s[tag=aj.dino.bone.neck_0] run data modify entity @s {} merge value {transformation:[-0.9992323319569231f,-0.017310816815188767f,-0.035143739031588905f,0.17552275663752365f,-0.030065245534161747f,0.9139843918868509f,0.40463392393396047f,0.27722248173864883f,0.0251162852129852f,0.4053799045443849f,-0.9138032092352738f,0.6637222149681311f,0f,0f,0f,1f],start_interpolation:0}
execute if entity @s[tag=aj.dino.bone.neck_1] run data modify entity @s {} merge value {transformation:[-0.9676424331102381f,-0.014181965252700485f,-0.2519265637166304f,0.15411593561340275f,-0.13383948636186055f,0.8752402351549253f,0.46480267066395453f,0.32062949083726755f,0.2139044495443973f,0.48348050904614803f,-0.8488176976463121f,0.5940435495153189f,0f,0f,0f,1f],start_interpolation:0}
execute if entity @s[tag=aj.dino.bone.neck_2] run data modify entity @s {} merge value {transformation:[-0.9676424331102381f,0.007828848185326573f,-0.25220394679820013f,0.13209762766104388f,-0.13383948636186055f,0.831399459825097f,0.5393161689518777f,0.37601755244506935f,0.2139044495443973f,0.5556200566381924f,-0.8034495871717655f,0.5290952074241917f,0f,0f,0f,1f],start_interpolation:0}
execute if entity @s[tag=aj.dino.bone.body_0] run data modify entity @s {} merge value {transformation:[-0.9676424331102381f,-0.07728150060503099f,-0.2401992741636262f,0.01815640759986632f,-0.13383948636186055f,0.9641924990252063f,0.22895374361193802f,0.493107732026676f,0.2139044495443973f,0.2536935050169048f,-0.9433368920896427f,0.08692081544785574f,0f,0f,0f,1f],start_interpolation:0}
execute if entity @s[tag=aj.dino.bone.leg_left_3] run data modify entity @s {} merge value {transformation:[-0.9903426203062531f,-0.024579464503582067f,-0.1364453895507722f,0.23238656580022501f,-0.024491023187387436f,0.9996973414073875f,-0.0023270939466340512f,0.04216366579067707f,0.13646129190425998f,0.0010370668824916662f,-0.9906448608376776f,-0.47493897360277676f,0f,0f,0f,1f],start_interpolation:0}
execute if entity @s[tag=aj.dino.bone.leg_left_2] run data modify entity @s {} merge value {transformation:[-1.0044231552882108f,-0.12107010139879842f,-0.16893299017318653f,0.19738627460804337f,-0.1571402708525294f,0.9880267398232158f,0.22621294430557157f,0.27921847350663626f,0.13602668818273467f,0.24740127615331045f,-0.9860788752226897f,-0.44753332051390216f,0f,0f,0f,1f],start_interpolation:0}
execute if entity @s[tag=aj.dino.bone.leg_left_1] run data modify entity @s {} merge value {transformation:[-0.9751965095580357f,0.047034673294877455f,0.216285707465538f,0.21811479064181877f,0.22133854509052484f,0.2027756259872897f,0.9538822222699576f,0.27930784287613725f,0.001008068962830844f,0.9780949775014218f,-0.20815666884214687f,-0.1707957077903713f,0f,0f,0f,1f],start_interpolation:0}
execute if entity @s[tag=aj.dino.bone.leg_left_0] run data modify entity @s {} merge value {transformation:[-0.9863973568451884f,0.1633373620755071f,0.01847053218076812f,0.16604876153106732f,0.16430932644484875f,0.9829954635136904f,0.08199002350740647f,0.6776944784787302f,-0.004764415186170101f,0.08390962317708053f,-0.9964619789466199f,-0.057285815048204375f,0f,0f,0f,1f],start_interpolation:0}
execute if entity @s[tag=aj.dino.bone.leg_right_3] run data modify entity @s {} merge value {transformation:[-0.9821648085151562f,-0.005746462155161003f,0.1879342094646031f,-0.3135408871066774f,0.004785409058902637f,0.9984450776215084f,0.055538516666537974f,0.04212988521056471f,-0.18796113634080053f,0.05544731865545566f,-0.9806101193029753f,0.2607198506114847f,0f,0f,0f,1f],start_interpolation:0}
execute if entity @s[tag=aj.dino.bone.leg_right_2] run data modify entity @s {} merge value {transformation:[-0.9871777826892787f,0.15990015910390168f,0.22797842876886426f,-0.2676913514137385f,-0.004781279766940421f,0.8298840863269513f,-0.6027700574230327f,0.21695378370862997f,-0.27842299515155616f,-0.581194065593002f,-0.7979701080811288f,0.1010154466124224f,0f,0f,0f,1f],start_interpolation:0}
execute if entity @s[tag=aj.dino.bone.leg_right_1] run data modify entity @s {} merge value {transformation:[-0.9855429807791192f,-0.11772594969104246f,-0.12184266004298541f,-0.3128394396567413f,-0.16780973582123263f,0.7773621215171538f,0.6062573913726397f,0.39264312521539135f,0.02334364154575051f,0.617939101206334f,-0.7858793429017533f,0.31103518632440336f,0f,0f,0f,1f],start_interpolation:0}
execute if entity @s[tag=aj.dino.bone.leg_right_0] run data modify entity @s {} merge value {transformation:[-0.9870286480724472f,0.005777362161871122f,0.1604402380038358f,-0.20886452468519132f,-0.15689967964425497f,0.17701537535331668f,-0.9716213498148619f,0.559484773400104f,-0.03401379737411096f,-0.9841911292909394f,-0.17381278035063466f,-0.057285815048204416f,0f,0f,0f,1f],start_interpolation:0}
execute if entity @s[tag=aj.dino.bone.tail_4] run data modify entity @s {} merge value {transformation:[-2.4419548504628428f,0.13284427441235513f,-1.2825249466021502f,-0.49941879799278865f,-1.0951604860143447f,1.2360626257972398f,2.213240616512371f,1.673607970561538f,0.680544891813772f,2.465798636438727f,-1.040363910544332f,-1.3031691201542432f,0f,0f,0f,1f],start_interpolation:0}
execute if entity @s[tag=aj.dino.bone.tail_3] run data modify entity @s {} merge value {transformation:[-1.8405167435174603f,-0.10883614649090581f,-0.9677801073039974f,-0.33425400812676476f,-0.8284769539773051f,1.2626929948416734f,1.4335891543781631f,1.418167784766178f,0.5119273186740607f,1.6521823809855918f,-1.1593831663433845f,-1.1227484808024502f,0f,0f,0f,1f],start_interpolation:0}
execute if entity @s[tag=aj.dino.bone.tail_2] run data modify entity @s {} merge value {transformation:[-1.8255672189435845f,-0.1700342414332421f,-0.6761409326919825f,-0.20995125221024633f,-0.5986129445242099f,1.3538069762546088f,1.2757911618659168f,1.180880495207945f,0.357408375348728f,1.398952787905064f,-1.3168007538902793f,-0.877360928031723f,0f,0f,0f,1f],start_interpolation:0}
execute if entity @s[tag=aj.dino.bone.tail_1] run data modify entity @s {} merge value {transformation:[-1.4509272726604059f,-0.12707610107857958f,-0.4078209950271111f,-0.1192531749442006f,-0.3951128455208951f,0.9480226745990453f,1.1103130629468676f,0.9307423937277108f,0.1623334184775817f,1.1716488053084593f,-0.9426256883114544f,-0.6889956818557507f,0f,0f,0f,1f],start_interpolation:0}
execute if entity @s[tag=aj.dino.bone.tail_0] run data modify entity @s {} merge value {transformation:[-1.2192567306042172f,-0.26034237337630545f,-0.2819052856637057f,-0.04315642361363633f,-0.38372517457067645f,0.8224692061281109f,0.9000750590677019f,0.6875671888215942f,-0.0019318025383225934f,0.9431871342314925f,-0.8626876691730128f,-0.4141375085070512f,0f,0f,0f,1f],start_interpolation:0}
execute if entity @s[tag=aj.dino.bone.body_1] run data modify entity @s {} merge value {transformation:[-1.1791446421042084f,-0.3629701388857826f,-0.08046854248974446f,1.8557991432579204e-17f,-0.3717828775685994f,1.1511942059032017f,0.25521361111421736f,0.5506925f,-1.4440357116846702e-16f,0.2675989043856174f,-1.2070606535828543f,-0.1515375f,0f,0f,0f,1f],start_interpolation:0}