execute if entity @s[tag=aj.dino.bone.head_lower] run data modify entity @s {} merge value {transformation:[-0.9757030758921365f,0.03417610306069155f,0.21641511424622964f,0.1707023504902891f,0.1110704708897245f,0.9285815798262097f,0.3541180595561249f,0.1398276230300158f,-0.18885671338599141f,0.369551408584848f,-0.9098158595133394f,0.7180549570677619f,0f,0f,0f,1f],start_interpolation:0}
execute if entity @s[tag=aj.dino.bone.head_upper] run data modify entity @s {} merge value {transformation:[-1.0156089251531766f,-0.14829995712935315f,0.1732558121626753f,0.1790008393409617f,0.11561320686975138f,0.3468286121695843f,0.9745847540164576f,0.21483676285897046f,-0.19658087427318124f,0.9701489468527291f,-0.3219299976299814f,0.7175853649974953f,0f,0f,0f,1f],start_interpolation:0}
execute if entity @s[tag=aj.dino.bone.neck_0] run data modify entity @s {} merge value {transformation:[-0.9997200429783868f,0.020030472481462374f,-0.0125942780444816f,0.17818437212171154f,0.01270981246170945f,0.9035881124307896f,0.428213712696068f,0.22785482827199535f,0.019957362913985116f,0.4279337603484117f,-0.9035897301428275f,0.6522049427865689f,0f,0f,0f,1f],start_interpolation:0}
execute if entity @s[tag=aj.dino.bone.neck_1] run data modify entity @s {} merge value {transformation:[-0.9677745119788388f,0.018810629841295837f,-0.25111482267897706f,0.15699830897910466f,-0.11354020401512868f,0.8574950219919033f,0.5018076417625662f,0.27431489413402177f,0.2247690281963316f,0.5141482738122134f,-0.8277260636826642f,0.5844542981169801f,0f,0f,0f,1f],start_interpolation:0}
execute if entity @s[tag=aj.dino.bone.neck_2] run data modify entity @s {} merge value {transformation:[-0.9677745119788388f,0.04545625290050998f,-0.24768169701527246f,0.13574457983389324f,-0.11354020401512868f,0.7991545246747324f,0.5903055715170791f,0.3338543117588479f,0.2247690281963316f,0.599404516803258f,-0.768240267884683f,0.5230192336955997f,0f,0f,0f,1f],start_interpolation:0}
execute if entity @s[tag=aj.dino.bone.body_0] run data modify entity @s {} merge value {transformation:[-0.9677745119788388f,-0.041744148053570546f,-0.24833429096160264f,0.018307894566885707f,-0.11354020401512868f,0.9525687348817686f,0.2823498315883144f,0.4759991364852194f,0.2247690281963316f,0.301446896532421f,-0.9266113816129439f,0.0891824228321923f,0f,0f,0f,1f],start_interpolation:0}
execute if entity @s[tag=aj.dino.bone.leg_left_3] run data modify entity @s {} merge value {transformation:[-0.9930886346492919f,0.007784419876048526f,-0.11710835383352808f,0.2171380412799665f,-0.0010255195497516217f,0.9971844144003854f,0.0749812775738915f,0.04459376930582176f,0.11736231098635765f,0.07458315147641104f,-0.9902845255156661f,-0.4635885533740395f,0f,0f,0f,1f],start_interpolation:0}
execute if entity @s[tag=aj.dino.bone.leg_left_2] run data modify entity @s {} merge value {transformation:[-1.0114352588578543f,-0.09556244917982408f,-0.1411691713746063f,0.18893069471808713f,-0.1389826343101694f,0.9541039616195721f,0.34990235392568836f,0.2775919528177165f,0.09871546991249708f,0.36416431487624595f,-0.9537828931530296f,-0.4080253988009677f,0f,0f,0f,1f],start_interpolation:0}
execute if entity @s[tag=aj.dino.bone.leg_left_1] run data modify entity @s {} merge value {transformation:[-0.9680883303511639f,0.030500697445579886f,0.24874624035998774f,0.20330429743111356f,0.2505518045365225f,0.09654864165561247f,0.9632767790401408f,0.24774271775590428f,0.005364501970158764f,0.9948608280808876f,-0.10110961808266727f,-0.13249716363978065f,0f,0f,0f,1f],start_interpolation:0}
execute if entity @s[tag=aj.dino.bone.leg_left_0] run data modify entity @s {} merge value {transformation:[-0.981061420377406f,0.1934262123983812f,-0.010236689127007363f,0.16600951542709577f,0.1936082654394173f,0.9808407141486715f,-0.02161788661882466f,0.6571244126055803f,0.005859095545114976f,-0.023190382177544322f,-0.9997138976596518f,-0.05953823189230631f,0f,0f,0f,1f],start_interpolation:0}
execute if entity @s[tag=aj.dino.bone.leg_right_3] run data modify entity @s {} merge value {transformation:[-0.9898056119302558f,-0.002603576353820608f,0.14240109543659324f,-0.31290504607480274f,-0.0036371873791298664f,0.9999688945130923f,-0.006998633740411875f,0.03060742919518683f,-0.1423784445038678f,-0.007445226419200368f,-0.9897842932398075f,0.2712665251687273f,0f,0f,0f,1f],start_interpolation:0}
execute if entity @s[tag=aj.dino.bone.leg_right_2] run data modify entity @s {} merge value {transformation:[-0.9985002256533214f,0.14362465844985225f,0.1855571511856225f,-0.2721427480490661f,-0.00011696205042381166f,0.810809966875018f,-0.6282112570120854f,0.2001916950003425f,-0.23464757657141777f,-0.6115728530616683f,-0.7892916822745982f,0.10468115991414403f,0f,0f,0f,1f],start_interpolation:0}
execute if entity @s[tag=aj.dino.bone.leg_right_1] run data modify entity @s {} merge value {transformation:[-0.9881521454357033f,-0.08461388968270828f,-0.1280461914450384f,-0.3080182754422214f,-0.14585897625153396f,0.77732956621506f,0.6119509004280983f,0.3760073929752909f,0.0477545444714051f,0.6233772815564169f,-0.7804615738917962f,0.316377103521031f,0f,0f,0f,1f],start_interpolation:0}
execute if entity @s[tag=aj.dino.bone.leg_right_0] run data modify entity @s {} merge value {transformation:[-0.9908255409039387f,-0.014847668602273656f,0.13432905206802612f,-0.20957431804504775f,-0.13481047396073245f,0.17869697631798853f,-0.9746248133334645f,0.5411853568562213f,-0.009533289196289825f,-0.9837921210255167f,-0.1790591494596538f,-0.054206633392215875f,0f,0f,0f,1f],start_interpolation:0}
execute if entity @s[tag=aj.dino.bone.tail_4] run data modify entity @s {} merge value {transformation:[-2.3310225949469436f,-0.07354454379276915f,-1.478710990533691f,-0.5504556583291378f,-1.1543828250256236f,1.8172301590350581f,1.7293745036802401f,1.5818108692775037f,0.9270357526722887f,2.077962242383564f,-1.564716895829911f,-1.3441062376274981f,0f,0f,0f,1f],start_interpolation:0}
execute if entity @s[tag=aj.dino.bone.tail_3] run data modify entity @s {} merge value {transformation:[-1.756264144478888f,-0.18467964014517363f,-1.1033472759644318f,-0.3615614982973435f,-0.8743012846042806f,1.5078290250456143f,1.1392955810560048f,1.3738731496523562f,0.6979104846623153f,1.4241806724535637f,-1.3492871798296209f,-1.1292537196116692f,0f,0f,0f,1f],start_interpolation:0}
execute if entity @s[tag=aj.dino.bone.tail_2] run data modify entity @s {} merge value {transformation:[-1.7966333693068883f,-0.15876393453116708f,-0.7521146351374488f,-0.223111320240524f,-0.60380003423686f,1.4747763103568685f,1.1310323726881222f,1.1635211522645499f,0.4757183304764715f,1.2722431852854f,-1.404942426772825f,-0.8674234895767554f,0f,0f,0f,1f],start_interpolation:0}
execute if entity @s[tag=aj.dino.bone.tail_1] run data modify entity @s {} merge value {transformation:[-1.4481743211047042f,-0.07986565590074012f,-0.42903247278087714f,-0.1284284986325897f,-0.37893155633679193f,0.9676971506703329f,1.0989219035931062f,0.9155783418916927f,0.2164676911345116f,1.1596723466531675f,-0.9465505993357304f,-0.6781189648669703f,0f,0f,0f,1f],start_interpolation:0}
execute if entity @s[tag=aj.dino.bone.tail_0] run data modify entity @s {} merge value {transformation:[-1.2211784542594513f,-0.2290772085004177f,-0.3001375217832329f,-0.046249380028848194f,-0.3771471886992036f,0.7881350003274469f,0.9329731699781996f,0.661960998807302f,0.01785770121857282f,0.9798992654291252f,-0.8205572793551202f,-0.4146863415017009f,0f,0f,0f,1f],start_interpolation:0}
execute if entity @s[tag=aj.dino.bone.body_1] run data modify entity @s {} merge value {transformation:[-1.1812535889810558f,-0.35387566143219223f,-0.08953529930453782f,-0.001597640056212285f,-0.3646414288946298f,1.157889909300373f,0.2343761535018164f,0.529479723854483f,0.016768479636131463f,0.2503349141501297f,-1.210642739995739f,-0.1500906958245225f,0f,0f,0f,1f],start_interpolation:0}