execute if entity @s[tag=aj.dino.bone.head_lower] run data modify entity @s {} merge value {transformation:[-0.7895085568813875f,0.14409356265275003f,-0.5965846828515684f,0.16741916174593852f,-0.19569327831735975f,0.8622084897654307f,0.46722656281275254f,0.3372005562256631f,0.581704718420328f,0.48562698172409297f,-0.6525228388256415f,0.7749042920530382f,0f,0f,0f,1f],start_interpolation:0}
execute if entity @s[tag=aj.dino.bone.head_upper] run data modify entity @s {} merge value {transformation:[-0.8217991278959377f,0.418325206986724f,-0.4828272539661546f,0.14327259487096308f,-0.2036970518616738f,0.5740500468424317f,0.8440651618012505f,0.4082150934413791f,0.6054961990267534f,0.7608827159971655f,-0.3713539929022413f,0.7665775097220959f,0f,0f,0f,1f],start_interpolation:0}
execute if entity @s[tag=aj.dino.bone.neck_0] run data modify entity @s {} merge value {transformation:[-0.9173334407720775f,0.06422689121451727f,-0.3929049056529831f,0.1171205174729599f,-0.05907829014853913f,0.9540140831038394f,0.29388243375993983f,0.4117517349651832f,0.39371196841648853f,0.29280033416042894f,-0.8713546064841541f,0.7053541704730985f,0f,0f,0f,1f],start_interpolation:0}
execute if entity @s[tag=aj.dino.bone.neck_1] run data modify entity @s {} merge value {transformation:[-0.9848736289888304f,-0.06066700234973334f,-0.16230665343191777f,0.10309152835600026f,-0.11747842542413466f,0.9223316298512046f,0.3681075714188532f,0.44718434420350567f,0.12736857729533319f,0.38160696980259334f,-0.915507163333988f,0.6295567133162003f,0f,0f,0f,1f],start_interpolation:0}
execute if entity @s[tag=aj.dino.bone.neck_2] run data modify entity @s {} merge value {transformation:[-0.9795029152204416f,-0.07893041316761831f,-0.18532142065029905f,0.08608320391995995f,-0.1671160945726633f,0.8320738381385562f,0.5288906681159652f,0.5016656563320004f,0.11245554681489343f,0.5490201433122107f,-0.8282092925269572f,0.562374618061761f,0f,0f,0f,1f],start_interpolation:0}
execute if entity @s[tag=aj.dino.bone.body_0] run data modify entity @s {} merge value {transformation:[-0.9788672273929003f,-0.15402805961613758f,-0.13451508460772427f,0.021219439172988578f,-0.1695876489812729f,0.9790076667462487f,0.11306643076116918f,0.5642797129359656f,0.11427589618611711f,0.13348912054153794f,-0.9844397768517414f,0.09968349361525733f,0f,0f,0f,1f],start_interpolation:0}
execute if entity @s[tag=aj.dino.bone.leg_left_3] run data modify entity @s {} merge value {transformation:[-0.9753703228660576f,-0.05186133839057213f,-0.21439014635122816f,0.27481798598279245f,-0.07503105123688249f,0.9920138459116028f,0.10138476645906158f,0.0657272785964659f,0.20742004392645091f,0.11497361045043646f,-0.9714720759123959f,-0.0790106589451326f,0f,0f,0f,1f],start_interpolation:0}
execute if entity @s[tag=aj.dino.bone.leg_left_2] run data modify entity @s {} merge value {transformation:[-0.9951602208297123f,-0.1527447966576401f,-0.19592692891195115f,0.2316145060142633f,-0.1337980030513235f,1.0111135294387645f,-0.10867255617706169f,0.2978503341772455f,0.20932374150662086f,-0.07987901589650948f,-1.000932122354842f,-0.1282388871528065f,0f,0f,0f,1f],start_interpolation:0}
execute if entity @s[tag=aj.dino.bone.leg_left_1] run data modify entity @s {} merge value {transformation:[-0.9763293367785453f,0.09110332335110596f,0.19616628308644105f,0.2654047169063411f,0.21604117874171905f,0.3673453547744792f,0.9046455656297113f,0.34536498404662797f,0.010355444628528169f,0.9256120001382846f,-0.37833211595970767f,0.14308004944289915f,0f,0f,0f,1f],start_interpolation:0}
execute if entity @s[tag=aj.dino.bone.leg_left_0] run data modify entity @s {} merge value {transformation:[-0.9836910954529092f,0.09509983438265494f,-0.15266908733285556f,0.20079292358955744f,0.17301740852410824f,0.7322908502651103f,-0.6586464051109697f,0.7066218125414298f,0.04916101172939094f,-0.6743190136118019f,-0.7368019155833876f,-0.05598300236410925f,0f,0f,0f,1f],start_interpolation:0}
execute if entity @s[tag=aj.dino.bone.leg_right_3] run data modify entity @s {} merge value {transformation:[-0.9858491231092477f,0.00026695405186088345f,0.1676348269312246f,-0.22548496148352523f,0.008639281957664183f,0.9987507666745354f,0.049216550816607085f,0.012550674292529929f,-0.1674122733612545f,0.049968338000797f,-0.9846198738221033f,-0.07580254776644102f,0f,0f,0f,1f],start_interpolation:0}
execute if entity @s[tag=aj.dino.bone.leg_right_2] run data modify entity @s {} merge value {transformation:[-1.0147454037976547f,0.09564198729631607f,0.11491986441969299f,-0.19806516057422732f,0.0665202520483667f,0.9948618275812929f,-0.240597588495242f,0.23691278060037985f,-0.13389929439564302f,-0.23057483338021798f,-0.9904385012067775f,-0.15995046418280354f,0f,0f,0f,1f],start_interpolation:0}
execute if entity @s[tag=aj.dino.bone.leg_right_1] run data modify entity @s {} merge value {transformation:[-0.9593271556031086f,-0.04036560993125776f,-0.27939582326392576f,-0.21331872851896652f,-0.2710154385269254f,0.40868727647328984f,0.8715075112291938f,0.29632141005544077f,0.07900658581730749f,0.9117814033987106f,-0.40300450594722886f,0.11069936321598148f,0f,0f,0f,1f],start_interpolation:0}
execute if entity @s[tag=aj.dino.bone.leg_right_0] run data modify entity @s {} merge value {transformation:[-0.97366560139729f,-0.2161031826972524f,0.07262720622309231f,-0.1908665935624733f,-0.22245292637008313f,0.8308318688777425f,-0.510130474689078f,0.6899266658144991f,0.04989982169346886f,-0.5128526299876365f,-0.8570251966597741f,-0.026698172566851086f,0f,0f,0f,1f],start_interpolation:0}
execute if entity @s[tag=aj.dino.bone.tail_4] run data modify entity @s {} merge value {transformation:[-1.5005549875956525f,0.6296438151742577f,-2.2310411755085595f,-0.2540047507443498f,-0.013222137257322726f,2.655281449380622f,0.7582657392111888f,0.6733873256028523f,2.3181503911282717f,0.42271789906265766f,-1.4398436281499094f,-1.6856461402261396f,0f,0f,0f,1f],start_interpolation:0}
execute if entity @s[tag=aj.dino.bone.tail_3] run data modify entity @s {} merge value {transformation:[-1.5766892526700538f,0.2834580047896796f,-1.3302812056403135f,-0.03121207675855213f,0.1907631464681318f,2.0625277190379885f,0.21338780704148594f,0.6170211861419951f,1.3467018781113993f,0.039705084876502775f,-1.5876911172424641f,-1.416820943908341f,0f,0f,0f,1f],start_interpolation:0}
execute if entity @s[tag=aj.dino.bone.tail_2] run data modify entity @s {} merge value {transformation:[-1.8342187419523956f,0.14699565975578646f,-0.6578812641246969f,0.08976528750826962f,0.25623585461948606f,1.9160257912375132f,-0.2862904628569725f,0.6708873540832198f,0.6235051471165012f,-0.3549807295169684f,-1.817691912342025f,-1.0785394084153126f,0f,0f,0f,1f],start_interpolation:0}
execute if entity @s[tag=aj.dino.bone.tail_1] run data modify entity @s {} merge value {transformation:[-1.480276804231843f,0.1324588938860966f,0.2808762615167645f,0.02911889149742657f,0.0782983085265798f,1.4830084007358375f,-0.28672584157834496f,0.714384506514184f,-0.3005099128731673f,-0.26607700911090665f,-1.4582705741691273f,-0.7611962355249514f,0f,0f,0f,1f],start_interpolation:0}
execute if entity @s[tag=aj.dino.bone.tail_0] run data modify entity @s {} merge value {transformation:[-1.2648701963815718f,-0.020553111355930152f,0.1830755923198461f,-0.024876034840256554f,-0.03641611681064743f,1.2730666933944665f,-0.108677399629086f,0.7768639356644633f,-0.18059061250825043f,-0.11275850463400762f,-1.260360371834431f,-0.3956107049529324f,0f,0f,0f,1f],start_interpolation:0}
execute if entity @s[tag=aj.dino.bone.body_1] run data modify entity @s {} merge value {transformation:[-1.2318134303529273f,-0.029360465434695067f,-0.10187360270384974f,0.0007857864699268708f,-0.052508122640520155f,1.2010254761135415f,0.2887651257324176f,0.6288325f,0.0921040982539422f,0.29202801895014957f,-1.1978485155849756f,-0.13679786371588454f,0f,0f,0f,1f],start_interpolation:0}