execute if entity @s[tag=aj.dino.bone.head_lower] run data modify entity @s {} merge value {transformation:[-0.9372247370384101f,-0.14502732506314273f,-0.3171385616230108f,0.5086524238237199f,-0.3440520702334759f,0.2361527184317045f,0.9087684339507922f,0.3396443696020599f,-0.05690312163090998f,0.9608324352156028f,-0.2712251208614574f,0.709203590675518f,0f,0f,0f,1f],start_interpolation:0}
execute if entity @s[tag=aj.dino.bone.head_upper] run data modify entity @s {} merge value {transformation:[-0.9755568382729741f,-0.31346941333298817f,-0.18302383666347213f,0.4886935291454964f,-0.3581236565509958f,0.7455392503927079f,0.6319735875223985f,0.3998406787482351f,-0.05923043559598019f,0.6552710092870419f,-0.8065876285132068f,0.6682951150231724f,0f,0f,0f,1f],start_interpolation:0}
execute if entity @s[tag=aj.dino.bone.neck_0] run data modify entity @s {} merge value {transformation:[-0.9867662927886287f,-0.13150378271146665f,0.09486326237675713f,0.4972809673807515f,-0.11042143917475238f,0.9733965032242885f,0.20076442234943961f,0.39705811229240134f,-0.11874084885481731f,0.18763262680915344f,-0.9750356958439697f,0.60224021753047f,0f,0f,0f,1f],start_interpolation:0}
execute if entity @s[tag=aj.dino.bone.neck_1] run data modify entity @s {} merge value {transformation:[-0.9393010833273927f,-0.10615195274377921f,-0.3262594639066717f,0.46915347985509614f,-0.2088203707251879f,0.9313956973014931f,0.29815450326711584f,0.42660653554998723f,0.27222697814541f,0.3481864701233348f,-0.8970276776069233f,0.5278542512934444f,0f,0f,0f,1f],start_interpolation:0}
execute if entity @s[tag=aj.dino.bone.neck_2] run data modify entity @s {} merge value {transformation:[-0.8334051551320988f,-0.12703280375905418f,-0.53786477312458f,0.420788761199281f,-0.46119408420710156f,0.6961204370023115f,0.550196650189806f,0.4816233427350165f,0.3045256378231812f,0.7065967760730474f,-0.6387371383844532f,0.4788141115031686f,0f,0f,0f,1f],start_interpolation:0}
execute if entity @s[tag=aj.dino.bone.body_0] run data modify entity @s {} merge value {transformation:[-0.7483410340686505f,-0.30109925915910885f,-0.5910371670740333f,0.13936681392910125f,-0.5460469869617077f,0.7855150732941014f,0.291202262453098f,0.6263488899876453f,0.37658781812361314f,0.5406526664704412f,-0.7522475054656533f,0.12943307556931577f,0f,0f,0f,1f],start_interpolation:0}
execute if entity @s[tag=aj.dino.bone.leg_left_3] run data modify entity @s {} merge value {transformation:[-0.15179188802143154f,0.1314987057377431f,-0.9796261088395859f,0.32001934287840206f,0.09519504152977001f,0.9884481846151464f,0.11793256716940884f,0.12607551086400517f,0.9838176288311944f,-0.0753543410847724f,-0.1625564409079055f,-0.3072822197982073f,0f,0f,0f,1f],start_interpolation:0}
execute if entity @s[tag=aj.dino.bone.leg_left_2] run data modify entity @s {} merge value {transformation:[-0.23923644846882802f,0.18711601785537688f,-0.9797018511193407f,0.332987493315122f,-0.37139667587550734f,0.9183271399996743f,0.26608640060953204f,0.34778331872438106f,0.9256849520076141f,0.41680338206720363f,-0.1464394408098298f,-0.2132155037185393f,0f,0f,0f,1f],start_interpolation:0}
execute if entity @s[tag=aj.dino.bone.leg_left_1] run data modify entity @s {} merge value {transformation:[-0.5607597581050344f,0.4889642417526575f,-0.6681784671607074f,0.5124293589532269f,-0.15627551226494357f,0.7299912215402617f,0.6653501189152116f,0.5139237706458317f,0.8130968318449607f,0.4775215039779943f,-0.3329365634505797f,-0.08202345841312408f,0f,0f,0f,1f],start_interpolation:0}
execute if entity @s[tag=aj.dino.bone.leg_left_0] run data modify entity @s {} merge value {transformation:[-0.5228874161358941f,-0.6718850288504319f,-0.5245562487030183f,0.23052855636825367f,-0.197737746333044f,0.6942093548893051f,-0.6920788649130267f,0.8198403902352667f,0.8291492831341392f,-0.2581547589931845f,-0.49585036723523135f,-0.04660823675104853f,0f,0f,0f,1f],start_interpolation:0}
execute if entity @s[tag=aj.dino.bone.leg_right_3] run data modify entity @s {} merge value {transformation:[-0.999813109571007f,0.004689262406818845f,-0.01875517923223574f,-0.2469710680008283f,0.0006694420420989633f,0.9779526873970815f,0.20882550864340874f,0.1194900831618006f,0.019320915540045076f,0.2087739256490286f,-0.9777730565892006f,-0.06668914346445833f,0f,0f,0f,1f],start_interpolation:0}
execute if entity @s[tag=aj.dino.bone.leg_right_2] run data modify entity @s {} merge value {transformation:[-1.0017389418869147f,0.22014588177248204f,-0.010820468871313538f,-0.1944357075094735f,0.19991187651147438f,0.9286812361446098f,0.3868444167404704f,0.3476094171836883f,0.09282528447378786f,0.3756982191496656f,-0.9498928961682072f,-0.008614386388174022f,0f,0f,0f,1f],start_interpolation:0}
execute if entity @s[tag=aj.dino.bone.leg_right_1] run data modify entity @s {} merge value {transformation:[-0.9631906100527269f,0.16949791884326784f,-0.20864875799787705f,-0.15650501507168796f,-0.18886616107402093f,0.125639681687726f,0.9739323608888704f,0.32632668464385856f,0.19129407180416652f,0.9774891947705651f,-0.08900254040966732f,0.26546898327622903f,0f,0f,0f,1f],start_interpolation:0}
execute if entity @s[tag=aj.dino.bone.leg_right_0] run data modify entity @s {} merge value {transformation:[-0.9771043304360485f,-0.21028983049756472f,-0.03233132586868073f,-0.12282624823636765f,-0.14390284395123504f,0.7651292834313806f,-0.6275899546188803f,0.6945634458836306f,0.1567134293730687f,-0.608568292655054f,-0.7778724408468556f,0.07162701955178602f,0f,0f,0f,1f],start_interpolation:0}
execute if entity @s[tag=aj.dino.bone.tail_4] run data modify entity @s {} merge value {transformation:[1.095652622555548f,-0.5997008326107404f,-2.46283689546286f,-1.2888129529301848f,-0.026326685634691788f,2.68022594615153f,-0.6643471342601145f,0.7586020534232973f,2.534662416952333f,0.28706988790557453f,1.057704421446388f,-0.8162447016872251f,0f,0f,0f,1f],start_interpolation:0}
execute if entity @s[tag=aj.dino.bone.tail_3] run data modify entity @s {} merge value {transformation:[0.2536231638478117f,-0.16729260922341982f,-2.0600082523386876f,-0.9378745896245122f,-0.39377161564141033f,2.033532584546026f,-0.21362272432762916f,0.7749248604350591f,2.028931918897089f,0.41557663136084166f,0.2160482769933507f,-0.8569452491818015f,0f,0f,0f,1f],start_interpolation:0}
execute if entity @s[tag=aj.dino.bone.tail_2] run data modify entity @s {} merge value {transformation:[-0.44148554346300356f,-0.4382747359802997f,-1.8525063146228014f,-0.5939284548757094f,-0.24015031823936697f,1.8993021062605744f,-0.3921137702331478f,0.8480923203632511f,1.8884364470549397f,0.13907062938780976f,-0.4829503292047447f,-0.7657363506677008f,0f,0f,0f,1f],start_interpolation:0}
execute if entity @s[tag=aj.dino.bone.tail_1] run data modify entity @s {} merge value {transformation:[-0.6762994302709109f,-0.2719990391747811f,-1.3252516188645984f,-0.30477806762582255f,-0.2800386730692139f,1.4776721196085707f,-0.16037362163756555f,0.8648074603851474f,1.3235760923350333f,0.1736602419079017f,-0.71108698355378f,-0.6161056898855035f,0f,0f,0f,1f],start_interpolation:0}
execute if entity @s[tag=aj.dino.bone.tail_0] run data modify entity @s {} merge value {transformation:[-0.9634132124230089f,-0.31628253358638075f,-0.7782262252462238f,-0.08499473789187734f,-0.5210125594212744f,1.153858189499108f,0.17604802763780467f,0.8412067885031098f,0.6589511451072069f,0.44990260508030855f,-0.9986023987993823f,-0.3134339079854433f,0f,0f,0f,1f],start_interpolation:0}
execute if entity @s[tag=aj.dino.bone.body_1] run data modify entity @s {} merge value {transformation:[-1.1113407818014263f,-0.25829342528275245f,-0.476246541422558f,0.043123807008089786f,-0.39401014352479014f,1.1312798212320374f,0.3058865278645556f,0.693892731481482f,0.3718632390554615f,0.4267259865360468f,-1.099193913242913f,-0.0866297438623502f,0f,0f,0f,1f],start_interpolation:0}