execute if entity @s[tag=aj.dino.bone.head_lower] run data modify entity @s {} merge value {transformation:[-0.9548793207024713f,-0.2701438081438471f,-0.12340099601027076f,0.7669256281370255f,-0.17371470516261053f,0.17101303956564157f,0.9698338731498232f,0.7457619619375304f,-0.24089143634644636f,0.9475108776262468f,-0.21022476703491785f,0.6294887122949147f,0f,0f,0f,1f],start_interpolation:0}
execute if entity @s[tag=aj.dino.bone.head_upper] run data modify entity @s {} merge value {transformation:[-0.9939334870528188f,-0.2369971063784552f,0.19849568626740957f,0.7749791450484828f,-0.18081956422263418f,0.9877864448997722f,0.2739601559535856f,0.7867724052862529f,-0.25074379572158423f,0.22711726800050988f,-0.9843867319639289f,0.5666497045569263f,0f,0f,0f,1f],start_interpolation:0}
execute if entity @s[tag=aj.dino.bone.neck_0] run data modify entity @s {} merge value {transformation:[-0.9888003761582507f,-0.040252441433422964f,0.14371345472136685f,0.7852448052128322f,-0.0009217471451064829f,0.9645706941129507f,0.26382290734631214f,0.7881751960472584f,-0.14924130290071203f,0.2607357225565941f,-0.9538049677430857f,0.5007908808977702f,0f,0f,0f,1f],start_interpolation:0}
execute if entity @s[tag=aj.dino.bone.neck_1] run data modify entity @s {} merge value {transformation:[-0.963472161759142f,0.04426243353680351f,-0.264125406753242f,0.7630738281133689f,-0.04632279337745582f,0.9438381106872333f,0.3271449520137262f,0.8202368114564884f,0.2637718565898851f,0.32743008076802255f,-0.9073113852913846f,0.4254381275549962f,0f,0f,0f,1f],start_interpolation:0}
execute if entity @s[tag=aj.dino.bone.neck_2] run data modify entity @s {} merge value {transformation:[-0.910342751971513f,0.13248229713521845f,-0.3920771797474417f,0.7300220110790343f,-0.18383452093892927f,0.7193345666264181f,0.6698974922833623f,0.8859675910030799f,0.3707842268005562f,0.681913647174009f,-0.6304861893441875f,0.37687916952388834f,0f,0f,0f,1f],start_interpolation:0}
execute if entity @s[tag=aj.dino.bone.body_0] run data modify entity @s {} merge value {transformation:[-0.8481283799377068f,-0.028658398227194043f,-0.5290150728999053f,0.4804261839617205f,-0.279672531928013f,0.8722866369045272f,0.4011225473128677f,1.0833247639168937f,0.44995724911286306f,0.4881544010749477f,-0.7478260189923482f,0.02908185198360609f,0f,0f,0f,1f],start_interpolation:0}
execute if entity @s[tag=aj.dino.bone.leg_left_3] run data modify entity @s {} merge value {transformation:[0.20446351918246305f,0.3431883268093589f,-0.9167422983943281f,0.6001719918486901f,-0.024257177110239114f,0.9380159782234159f,0.3457421205988804f,0.6538904134663055f,0.9785735836829874f,-0.04845407041065562f,0.20011482798252123f,-0.497771524333f,0f,0f,0f,1f],start_interpolation:0}
execute if entity @s[tag=aj.dino.bone.leg_left_2] run data modify entity @s {} merge value {transformation:[0.22226605283948087f,0.08225331720114504f,-0.9979450851952023f,0.5888489663289499f,-0.4390308274640619f,0.9267449851259327f,-0.021397770464471322f,0.868570934083442f,0.8999510729990117f,0.4317873595348025f,0.23602953597925994f,-0.3884319833304414f,0f,0f,0f,1f],start_interpolation:0}
execute if entity @s[tag=aj.dino.bone.leg_left_1] run data modify entity @s {} merge value {transformation:[-0.15783147422959415f,0.4531243749451277f,-0.8773639647108266f,0.7616241058921724f,-0.31072974294311595f,0.8205741557552422f,0.47969269512582424f,1.0722425645947085f,0.9373026472772911f,0.34833368447102425f,0.01128679183040504f,-0.31306618383520096f,0f,0f,0f,1f],start_interpolation:0}
execute if entity @s[tag=aj.dino.bone.leg_left_0] run data modify entity @s {} merge value {transformation:[-0.10914296138885787f,-0.8450718790955993f,-0.5233940514957187f,0.45973830227790263f,-0.34270956261855084f,0.5262465323065038f,-0.778212530691444f,1.3023666514301935f,0.9330798302766339f,0.09443572627566726f,-0.34705031902263883f,-0.13924114306502378f,0f,0f,0f,1f],start_interpolation:0}
execute if entity @s[tag=aj.dino.bone.leg_right_3] run data modify entity @s {} merge value {transformation:[-0.8957908542105345f,0.3868567203075507f,-0.21886211062138192f,-0.15274061526363122f,-0.027210289168061928f,0.44375118309524275f,0.8957368406317576f,0.7093670660103334f,0.44364213694840915f,0.8083481709353076f,-0.3869817681356465f,-0.34508040433639015f,0f,0f,0f,1f],start_interpolation:0}
execute if entity @s[tag=aj.dino.bone.leg_right_2] run data modify entity @s {} merge value {transformation:[-0.8469849092082061f,0.4867310060070755f,-0.3126846508314745f,-0.04763368673532936f,0.08148642624334472f,0.6492342488974615f,0.7898842015747188f,0.8849871703354855f,0.5727466502847038f,0.6274153467604878f,-0.5747812251089645f,-0.21748265906561842f,0f,0f,0f,1f],start_interpolation:0}
execute if entity @s[tag=aj.dino.bone.leg_right_1] run data modify entity @s {} merge value {transformation:[-0.7916190801361895f,0.5867920450854572f,-0.17033592630082395f,0.10504776469141519f,-0.31458213442879157f,-0.1524207324481927f,0.9369130167834056f,0.7876237676698382f,0.523810378536507f,0.7952628597793204f,0.3052534540231413f,-0.007192079458838818f,0f,0f,0f,1f],start_interpolation:0}
execute if entity @s[tag=aj.dino.bone.leg_right_0] run data modify entity @s {} merge value {transformation:[-0.7934627689867242f,-0.017461350921009228f,-0.6083682564499346f,0.23997722858071152f,-0.26206841179164914f,0.9119758794538594f,0.3156265876559868f,1.1504733286319668f,0.5493059091006784f,0.40987204895963936f,-0.728194975064168f,0.1491457420962496f,0f,0f,0f,1f],start_interpolation:0}
execute if entity @s[tag=aj.dino.bone.tail_4] run data modify entity @s {} merge value {transformation:[2.75779613529475f,0.09184451192335738f,-0.1085651573153364f,-1.0027927426460372f,-0.13936312130131578f,2.164851181912944f,-1.708700855091753f,1.1348021922418607f,0.028279465597815606f,1.7119127540268206f,2.1666140233151383f,0.4755336443339949f,0f,0f,0f,1f],start_interpolation:0}
execute if entity @s[tag=aj.dino.bone.tail_3] run data modify entity @s {} merge value {transformation:[1.8848270587680696f,0.3255458006672805f,-0.8230385265879435f,-0.8664215444411577f,-0.6714908413532372f,1.7874178991603302f,-0.8307724296005724f,1.2581792084512728f,0.5766043136838941f,1.017399976151767f,1.7228958993543266f,0.1734381104275937f,0f,0f,0f,1f],start_interpolation:0}
execute if entity @s[tag=aj.dino.bone.tail_2] run data modify entity @s {} merge value {transformation:[1.3929204661836445f,-0.06305091368035783f,-1.3691497478996182f,-0.610884611789194f,-0.6149933527921603f,1.715801761147328f,-0.7046852967587462f,1.3891321922180206f,1.2248794332141317f,0.9331788540952785f,1.2031714239297855f,-0.04910104581811567f,0f,0f,0f,1f],start_interpolation:0}
execute if entity @s[tag=aj.dino.bone.tail_1] run data modify entity @s {} merge value {transformation:[0.6420824029028102f,0.07016969867422122f,-1.3676485847141155f,-0.3180530748105673f,-0.6020369216132585f,1.3711818177580162f,-0.21229276404120467f,1.418629114430276f,1.230015440105117f,0.6345020772525432f,0.6100208037970698f,-0.18930197138413152f,0f,0f,0f,1f],start_interpolation:0}
execute if entity @s[tag=aj.dino.bone.tail_0] run data modify entity @s {} merge value {transformation:[-0.21604146044862468f,0.2366593303929639f,-1.2373981433997738f,0.049254433713446955f,-0.6937358473347445f,1.0256223333125798f,0.31727767037286336f,1.35066329881685f,1.0516141773835104f,0.72520818206391f,-0.04490468992866215f,-0.15867921202668284f,0f,0f,0f,1f],start_interpolation:0}
execute if entity @s[tag=aj.dino.bone.body_1] run data modify entity @s {} merge value {transformation:[-0.6911734049447338f,0.11336617713872658f,-1.0188385687803068f,0.27848411276709717f,-0.47772166080458f,1.0515815753645297f,0.44109273425008716f,1.1772839351851851f,0.9070093352063511f,0.6402568978863524f,-0.5440677950529035f,-0.07531691650484247f,0f,0f,0f,1f],start_interpolation:0}