execute if entity @s[tag=aj.dino.bone.head_lower] run data modify entity @s {} merge value {transformation:[-0.9840540698638762f,-0.17544418081790253f,-0.02927331551903148f,0.4207975263174557f,-0.17761551074248003f,0.9780425898201248f,0.10902028637657912f,0.2311893724343931f,0.009503574486983052f,0.11248125139363624f,-0.9936083987954671f,0.7278195037768723f,0f,0f,0f,1f],start_interpolation:0}
execute if entity @s[tag=aj.dino.bone.head_upper] run data modify entity @s {} merge value {transformation:[-1.0243014712987797f,-0.12365496068286476f,-0.13779654994658488f,0.40820358326505035f,-0.18487991112538465f,0.7245298848230881f,0.7241186415526258f,0.2973199389099311f,0.009892266723677956f,0.7370467008814767f,-0.7349396208956936f,0.6937079622137284f,0f,0f,0f,1f],start_interpolation:0}
execute if entity @s[tag=aj.dino.bone.neck_0] run data modify entity @s {} merge value {transformation:[-0.9959567291662865f,-0.04946609721984519f,-0.07498865817061473f,0.40447942204892656f,-0.055914807691338754f,0.9946824851092787f,0.08648865878061962f,0.28678496346217325f,0.07031164846050103f,0.09033193810976622f,-0.9934266017417193f,0.6279821592909163f,0f,0f,0f,1f],start_interpolation:0}
execute if entity @s[tag=aj.dino.bone.neck_1] run data modify entity @s {} merge value {transformation:[-0.9293521703235665f,-0.030878829349498954f,-0.3679008581301236f,0.37317113575958266f,-0.10078268245840383f,0.9798675710797317f,0.17234382513683438f,0.305898874880486f,0.3551723446882728f,0.19724614329388462f,-0.9137541050656479f,0.5514838818956139f,0f,0f,0f,1f],start_interpolation:0}
execute if entity @s[tag=aj.dino.bone.neck_2] run data modify entity @s {} merge value {transformation:[-0.843759175398927f,-0.09880321011247487f,-0.5275494096305986f,0.3259865056763625f,-0.3865943142988144f,0.7936988197338832f,0.4696669242185043f,0.3548160274509157f,0.37231074397867225f,0.600233378965641f,-0.7078874209177168f,0.49534429459350054f,0f,0f,0f,1f],start_interpolation:0}
execute if entity @s[tag=aj.dino.bone.body_0] run data modify entity @s {} merge value {transformation:[-0.7777406563110394f,-0.22301803618328178f,-0.5876924595890494f,0.04688472775157599f,-0.45927878555598245f,0.8399458004202475f,0.2890571734010621f,0.49904912299168935f,0.4291648502138728f,0.49472619487282266f,-0.7556874508998823f,0.14390451822623407f,0f,0f,0f,1f],start_interpolation:0}
execute if entity @s[tag=aj.dino.bone.leg_left_3] run data modify entity @s {} merge value {transformation:[-0.20757336897229386f,0.051670502538057494f,-0.9768538558356398f,0.21943229793504362f,0.08446226352221824f,0.9958213762406883f,0.034726253221517456f,-0.004767655002896332f,0.9745662740594891f,-0.07529904242130953f,-0.21107020556260073f,-0.26063148018199433f,0f,0f,0f,1f],start_interpolation:0}
execute if entity @s[tag=aj.dino.bone.leg_left_2] run data modify entity @s {} merge value {transformation:[-0.3310222304017384f,0.23549147130023845f,-0.9418228333531748f,0.2447049331769217f,-0.3349155762499497f,0.9062780092657496f,0.34431660750996107f,0.21660577776041684f,0.9112178879201818f,0.41864798622094584f,-0.21558762457090203f,-0.16829422204350789f,0f,0f,0f,1f],start_interpolation:0}
execute if entity @s[tag=aj.dino.bone.leg_left_1] run data modify entity @s {} merge value {transformation:[-0.6158521669899462f,0.5555781879972018f,-0.5586223996901071f,0.43753048309616016f,-0.08003633613234723f,0.6612507257552224f,0.7458831427151988f,0.3582820646918877f,0.7837858721055755f,0.5040638399150822f,-0.3627662497776839f,-0.02772565272795835f,0f,0f,0f,1f],start_interpolation:0}
execute if entity @s[tag=aj.dino.bone.leg_left_0] run data modify entity @s {} merge value {transformation:[-0.5810764590068398f,-0.6205660291629911f,-0.5265434001456577f,0.16917498687512236f,-0.12206932227176076f,0.7061172102832614f,-0.6974937748122898f,0.6781132961237679f,0.804642299005083f,-0.3410224168447906f,-0.4860601627999897f,-0.028493515463580997f,0f,0f,0f,1f],start_interpolation:0}
execute if entity @s[tag=aj.dino.bone.leg_right_3] run data modify entity @s {} merge value {transformation:[-0.9873865637012946f,0.07494922645592882f,0.13946464525393984f,-0.360897230069337f,0.06564721978115916f,0.9953740663754447f,-0.07014920186442704f,0.03113416790528542f,-0.14407711947826257f,-0.06010891315661818f,-0.9877391873374148f,0.06916127372327723f,0f,0f,0f,1f],start_interpolation:0}
execute if entity @s[tag=aj.dino.bone.leg_right_2] run data modify entity @s {} merge value {transformation:[-0.9850277585984819f,0.26933819152015653f,0.09612207280222819f,-0.2936161354191321f,0.27986094924749166f,0.978795591691518f,0.12529660119986777f,0.2627280551795063f,-0.05882485339920667f,0.14655486267810228f,-1.0134710199846164f,0.07209346503716985f,0f,0f,0f,1f],start_interpolation:0}
execute if entity @s[tag=aj.dino.bone.leg_right_1] run data modify entity @s {} merge value {transformation:[-0.98970793216529f,0.08593003766042503f,-0.11443005565315417f,-0.2839133404978663f,-0.08273987797289357f,0.3088114382581658f,0.9475176031050578f,0.29472187573686986f,0.1167575333849458f,0.9472336165004921f,-0.29852328915724863f,0.34758509263522364f,0f,0f,0f,1f],start_interpolation:0}
execute if entity @s[tag=aj.dino.bone.leg_right_0] run data modify entity @s {} merge value {transformation:[-0.9963624431596001f,-0.08475549533222437f,0.00885369256425092f,-0.20205918262429493f,-0.05176526800417628f,0.51943908859573f,-0.8529380928691676f,0.5741240742030416f,0.06769223655256784f,-0.8502937958434287f,-0.5219369903165367f,0.04835008984388657f,0f,0f,0f,1f],start_interpolation:0}
execute if entity @s[tag=aj.dino.bone.tail_4] run data modify entity @s {} merge value {transformation:[-2.640288639044759f,0.5917627999500986f,-0.5516829005202144f,-0.3559636027482086f,0.5540259844627314f,2.694734329858638f,0.2390050870199684f,0.6414944944170231f,0.5895697097640603f,0.11783467943072091f,-2.695214996480277f,-1.716269284779485f,0f,0f,0f,1f],start_interpolation:0}
execute if entity @s[tag=aj.dino.bone.tail_3] run data modify entity @s {} merge value {transformation:[-2.025150567544962f,0.1664555938336432f,-0.45497608739169204f,-0.28044537023486127f,0.10934807045923157f,2.0621146581306067f,0.2677156369250436f,0.5759204047707248f,0.4719679060101505f,0.23647663319835188f,-2.0142667707361928f,-1.377038185438807f,0f,0f,0f,1f],start_interpolation:0}
execute if entity @s[tag=aj.dino.bone.tail_2] run data modify entity @s {} merge value {transformation:[-1.919068323135257f,0.13923054103513377f,-0.3414169043627971f,-0.2183626285778676f,0.1829294934131837f,1.9306135555369495f,-0.2409190208749677f,0.6213013859233457f,0.3201366061249594f,-0.2685517280205455f,-1.9089699834724345f,-1.0219920142059418f,0f,0f,0f,1f],start_interpolation:0}
execute if entity @s[tag=aj.dino.bone.tail_1] run data modify entity @s {} merge value {transformation:[-1.4752106641311615f,0.003343152982471887f,-0.3337642427849857f,-0.1451717791217004f,0.05580481187417445f,1.4936066750570354f,-0.23169197913772788f,0.6528478018709637f,0.32908292177715187f,-0.23829430029525484f,-1.456906485345373f,-0.7058834882285923f,0f,0f,0f,1f],start_interpolation:0}
execute if entity @s[tag=aj.dino.bone.tail_0] run data modify entity @s {} merge value {transformation:[-1.2211568254070642f,-0.34350648890925234f,-0.1568917347185852f,-0.1076137912142352f,-0.3402760369969654f,1.2311898723401555f,-0.04711086368025763f,0.6963254959885175f,0.16378016666070722f,-0.0032414361474025774f,-1.2676755368327972f,-0.3355174544736806f,0f,0f,0f,1f],start_interpolation:0}
execute if entity @s[tag=aj.dino.bone.body_1] run data modify entity @s {} merge value {transformation:[-1.167573404370486f,-0.25801675424844317f,-0.31433150492761996f,-0.0171568599885119f,-0.32705785143522736f,1.1637169498986593f,0.25961628875974707f,0.5575837506103516f,0.24168182032899502f,0.32832119959257894f,-1.1672187809818704f,-0.08627020074823598f,0f,0f,0f,1f],start_interpolation:0}