execute if entity @s[tag=aj.dino.bone.head_lower] run data modify entity @s {} merge value {transformation:[-0.9995058830899812f,0.022505005901076944f,-0.021943435872924674f,0.01651269425428452f,0.019666675363112673f,0.9923429294814244f,0.1219374109467074f,0.46194428464775306f,0.024519615589943554f,0.12144560518033065f,-0.9922951947045316f,0.8223859079165603f,0f,0f,0f,1f],start_interpolation:0}
execute if entity @s[tag=aj.dino.bone.head_upper] run data modify entity @s {} merge value {transformation:[-1.040385257247577f,0.03242772097273306f,-0.004347642799811806f,0.016618169777898772f,0.020471034191015917f,0.753077581884579f,0.7182806102113102f,0.5283771704208674f,0.025522457651065752f,0.7178401919361276f,-0.7533432189779502f,0.7865792457631687f,0f,0f,0f,1f],start_interpolation:0}
execute if entity @s[tag=aj.dino.bone.neck_0] run data modify entity @s {} merge value {transformation:[-0.9995486054442122f,0.021049876891872037f,-0.021435672076414582f,0.015213399202212565f,0.019777275066557472f,0.998123995028624f,0.057942643528239496f,0.5159160359400489f,0.02261514416209352f,0.0574925493515112f,-0.9980897564966746f,0.7211003712968378f,0f,0f,0f,1f],start_interpolation:0}
execute if entity @s[tag=aj.dino.bone.neck_1] run data modify entity @s {} merge value {transformation:[-0.9995829961917497f,0.02329102193613616f,-0.017069329849024446f,0.013874701755727964f,0.02009772128594647f,0.9855964684260817f,0.1679157021399367f,0.5346812195353725f,0.020734399519561374f,0.1675026260188358f,-0.9856535674126873f,0.6383742410941514f,0f,0f,0f,1f],start_interpolation:0}
execute if entity @s[tag=aj.dino.bone.neck_2] run data modify entity @s {} merge value {transformation:[-0.9995829961917497f,0.024899058848829182f,-0.014624315121294192f,0.012837279416781002f,0.02009772128594647f,0.9635398992939981f,0.2668088155732944f,0.5674893306722353f,0.020734399519561374f,0.26640363987182003f,-0.9636385138316176f,0.556560538130268f,0f,0f,0f,1f],start_interpolation:0}
execute if entity @s[tag=aj.dino.bone.body_0] run data modify entity @s {} merge value {transformation:[-0.9995829961917497f,0.021059072319366802f,-0.01975725682811386f,0.0037263723510864146f,0.02009772128594647f,0.998661610559362f,0.04765573621394953f,0.5994628006084499f,0.020734399519561374f,0.04723878774935711f,-0.9986684042306205f,0.08634187272468974f,0f,0f,0f,1f],start_interpolation:0}
execute if entity @s[tag=aj.dino.bone.leg_left_3] run data modify entity @s {} merge value {transformation:[-0.9842296326215536f,0.006632958297677738f,-0.17677113490008195f,0.19601644073762703f,0.004295744175053146f,0.9998982729290461f,0.01360111670023878f,0.034680504495325226f,0.1768433681301739f,0.012627258520054419f,-0.9841580033158517f,-0.12345062075837415f,0f,0f,0f,1f],start_interpolation:0}
execute if entity @s[tag=aj.dino.bone.leg_left_2] run data modify entity @s {} merge value {transformation:[-1.0094899050565864f,-0.05962268706476961f,-0.17157350109126707f,0.17524998854897766f,-0.0010422389882015926f,0.970752998552099f,-0.33120949418863976f,0.2507241451798606f,0.18163492182790714f,-0.32580047650361044f,-0.955471090187079f,-0.22864079068543322f,0f,0f,0f,1f],start_interpolation:0}
execute if entity @s[tag=aj.dino.bone.leg_left_1] run data modify entity @s {} merge value {transformation:[-0.9452413552153309f,0.10592653811847554f,0.30870430659924347f,0.2064794723355375f,0.3225808227199515f,0.4469750140085906f,0.8343590052641247f,0.3214776170263854f,-0.04960235079110544f,0.8882527260719528f,-0.4566691378030058f,0.037877597467905394f,0f,0f,0f,1f],start_interpolation:0}
execute if entity @s[tag=aj.dino.bone.leg_left_0] run data modify entity @s {} merge value {transformation:[-0.9619747224115681f,0.25718415023891555f,-0.09198340234560394f,0.2030921399688087f,0.2719116377527533f,0.869833280742285f,-0.4116480595942711f,0.7281298531032517f,-0.025859131768136777f,-0.42100638543732316f,-0.9066889922819169f,-0.05661982809266204f,0f,0f,0f,1f],start_interpolation:0}
execute if entity @s[tag=aj.dino.bone.leg_right_3] run data modify entity @s {} merge value {transformation:[-0.9890670545490557f,0.008971212429676113f,0.14719333868486215f,-0.19411272128620477f,0.022953705065159258f,0.9953478180986576f,0.09357269062084034f,0.06591860756485915f,-0.14566910801345828f,0.09592829798231323f,-0.9846716572628563f,-0.13267581335231662f,0f,0f,0f,1f],start_interpolation:0}
execute if entity @s[tag=aj.dino.bone.leg_right_2] run data modify entity @s {} merge value {transformation:[-1.0142910585644913f,0.06229240314868421f,0.13926774402847036f,-0.17371490634435913f,0.024092377365059033f,0.9899582739113668f,-0.2673282116949529f,0.28837742832848334f,-0.15064994314541683f,-0.2610832662678396f,-0.9804092626071488f,-0.22359926619079817f,0f,0f,0f,1f],start_interpolation:0}
execute if entity @s[tag=aj.dino.bone.leg_right_1] run data modify entity @s {} merge value {transformation:[-0.9474970281786095f,-0.07609312845789601f,-0.3105788424767423f,-0.1967850898036177f,-0.3166628063254866f,0.35824040866266327f,0.8782872404238123f,0.3328125529922048f,0.04443026764234489f,0.9305233180327606f,-0.36352758618092695f,0.04935983695661718f,0f,0f,0f,1f],start_interpolation:0}
execute if entity @s[tag=aj.dino.bone.leg_right_0] run data modify entity @s {} merge value {transformation:[-0.9636156176341804f,-0.24643260473793052f,0.10351769304604727f,-0.18992451848273761f,-0.26661554577330243f,0.8586349203722211f,-0.4377924442808415f,0.736580458751995f,0.019002426253004252f,-0.44946306281992565f,-0.8930967825252931f,-0.05661982809266208f,0f,0f,0f,1f],start_interpolation:0}
execute if entity @s[tag=aj.dino.bone.tail_4] run data modify entity @s {} merge value {transformation:[-2.7609028035537246f,0.05104576829510387f,0.021711067876676652f,0.00952096153323305f,0.05470243844833041f,2.684744632598224f,0.644061513027163f,0.7831793027239117f,-0.009202399523478436f,0.6443616367182285f,-2.685214093618759f,-1.8261392274983712f,0f,0f,0f,1f],start_interpolation:0}
execute if entity @s[tag=aj.dino.bone.tail_3] run data modify entity @s {} merge value {transformation:[-2.0818731764433416f,0.04099662715929631f,0.008299386225284297f,0.007712508144275699f,0.041248659367883446f,2.080748349424249f,0.06877776176252565f,0.7511553798316262f,-0.0069391174155732805f,0.0689282886358865f,-2.0811406165176978f,-1.4739292030900724f,0f,0f,0f,1f],start_interpolation:0}
execute if entity @s[tag=aj.dino.bone.tail_2] run data modify entity @s {} merge value {transformation:[-1.9537922061786606f,0.038301435938398264f,-0.0017000245164172515f,0.006592931051462979f,0.03823711803510965f,1.9403588197303863f,-0.22873444974828142f,0.7941666026850344f,-0.0027951534249013735f,-0.22872368854654435f,-1.9407347929116359f,-1.113207336238438f,0f,0f,0f,1f],start_interpolation:0}
execute if entity @s[tag=aj.dino.bone.tail_1] run data modify entity @s {} merge value {transformation:[-1.512198332194587f,0.030189068980702134f,-0.0010364468089236398f,0.007891644454901576f,0.030203398508205397f,1.5103498738007846f,-0.07474799949503552f,0.7917602158044189f,-0.00045697534272136754f,-0.07475378802464581f,-1.5106514860647051f,-0.7872177663983821f,0f,0f,0f,1f],start_interpolation:0}
execute if entity @s[tag=aj.dino.bone.tail_0] run data modify entity @s {} merge value {transformation:[-1.2779196353741018f,0.027490612123195226f,0.0011782845337915421f,0.008210719769007408f,0.02751564863563963f,1.2769484093776462f,0.049813305974283094f,0.8080186498320171f,-0.00010578048290461851f,0.049827127320562714f,-1.277244284691655f,-0.41277488315088956f,0f,0f,0f,1f],start_interpolation:0}
execute if entity @s[tag=aj.dino.bone.body_1] run data modify entity @s {} merge value {transformation:[-1.2360817930670165f,0.0258928011215333f,0.005996561894947886f,0.005072539223231611f,0.026578109497840834f,1.2042098043291105f,0.2788851848152144f,0.6620696749319903f,-1.513763611363843e-16f,0.27894964610835454f,-1.2044881443967284f,-0.1515375f,0f,0f,0f,1f],start_interpolation:0}