execute if entity @s[tag=aj.dino.bone.head_lower] run data modify entity @s {} merge value {transformation:[-0.8151901503832198f,-0.3838016789353623f,0.4337756216808184f,0.17477956930307825f,-0.4413902859791808f,0.8965843798372319f,-0.03620863536648375f,0.5699186100717689f,-0.37501951170759174f,-0.22098126861406847f,-0.9002930882553285f,0.850293207724171f,0f,0f,0f,1f],start_interpolation:0}
execute if entity @s[tag=aj.dino.bone.head_upper] run data modify entity @s {} merge value {transformation:[-0.8485310878713309f,-0.476899889549482f,0.36882710156263565f,0.18923346872396957f,-0.45944296476311014f,0.923834189218923f,0.13752998052572282f,0.6000013928863793f,-0.39035765347830237f,-0.05068361432863879f,-0.9635995102702195f,0.7826059307701038f,0f,0f,0f,1f],start_interpolation:0}
execute if entity @s[tag=aj.dino.bone.neck_0] run data modify entity @s {} merge value {transformation:[-0.8745133291057308f,-0.31552703498190865f,0.3683329029722125f,0.21845473736476018f,-0.45988944472688453f,0.780678692582153f,-0.4231341129913988f,0.560117470587564f,-0.15403939705546013f,-0.5394288360328409f,-0.8278214753260784f,0.7378831574283073f,0f,0f,0f,1f],start_interpolation:0}
execute if entity @s[tag=aj.dino.bone.neck_1] run data modify entity @s {} merge value {transformation:[-0.9507890261365878f,-0.2431354025021307f,-0.19205573104795862f,0.20106500180612608f,-0.20288514475543448f,0.9570359670621331f,-0.2071708854714244f,0.5469763225410219f,0.23417481891912556f,-0.15801054964645433f,-0.9592678564325088f,0.6558926447469557f,0f,0f,0f,1f],start_interpolation:0}
execute if entity @s[tag=aj.dino.bone.neck_2] run data modify entity @s {} merge value {transformation:[-0.9111697076365193f,-0.2893811669755697f,-0.2933058200674469f,0.172535989686647f,-0.3251911230821403f,0.9422050033881866f,0.08062546160390971f,0.5632644935297839f,0.25302272102354023f,0.16884392731195502f,-0.9526128441584856f,0.5740897025781798f,0f,0f,0f,1f],start_interpolation:0}
execute if entity @s[tag=aj.dino.bone.body_0] run data modify entity @s {} merge value {transformation:[-0.9096654645227283f,-0.33866894119389496f,-0.2404414500980543f,0.05599059090982354f,-0.33027354651691737f,0.9408462654144417f,-0.07568149923749753f,0.5365588234806777f,0.2518494135903171f,0.01056660429390005f,-0.9677087473759394f,0.118112858961857f,0f,0f,0f,1f],start_interpolation:0}
execute if entity @s[tag=aj.dino.bone.leg_left_3] run data modify entity @s {} merge value {transformation:[-0.8942013672190563f,-0.07123405072688788f,-0.4419611124076533f,0.3772387732123221f,-0.16859575334701507f,0.9681556003111905f,0.18506811054158104f,0.1570226713897338f,0.4147039749229848f,0.24000092417138205f,-0.8777358199253117f,-0.09869168755165376f,0f,0f,0f,1f],start_interpolation:0}
execute if entity @s[tag=aj.dino.bone.leg_left_2] run data modify entity @s {} merge value {transformation:[-0.9041978217525047f,-0.20549176342549205f,-0.43847649173359593f,0.3143853010631953f,-0.314212683022143f,0.9556685511203568f,0.200075510066172f,0.38548338978053104f,0.368454730552814f,0.3106975298654531f,-0.9054117052310809f,-0.05367820893496145f,0f,0f,0f,1f],start_interpolation:0}
execute if entity @s[tag=aj.dino.bone.leg_left_1] run data modify entity @s {} merge value {transformation:[-0.9802045422275143f,0.19587816026638846f,-0.028823631402107946f,0.38864935942231466f,0.04079167730380341f,0.3422611169331151f,0.938719003162522f,0.4278665121115724f,0.19373975962432669f,0.9189608665043097f,-0.34347610015015123f,0.2103329768835015f,0f,0f,0f,1f],start_interpolation:0}
execute if entity @s[tag=aj.dino.bone.leg_left_0] run data modify entity @s {} merge value {transformation:[-0.9699183591557508f,-0.20647321616895717f,-0.12894645236478386f,0.20530044810286785f,0.011419803470044577f,0.4905294258348548f,-0.8713497980024056f,0.6927254711801659f,0.2431624244436667f,-0.8466107094733534f,-0.4734156122728773f,-0.05526104993850327f,0f,0f,0f,1f],start_interpolation:0}
execute if entity @s[tag=aj.dino.bone.leg_right_3] run data modify entity @s {} merge value {transformation:[-0.9844753414104361f,0.041007667153257835f,0.17066538427417777f,-0.29553555421673305f,0.044097180435757076f,0.9989241803870831f,0.014349930857336962f,0.003011432341048864f,-0.1698933219182597f,0.0216530153244692f,-0.9852245460274206f,0.04328346856994322f,0f,0f,0f,1f],start_interpolation:0}
execute if entity @s[tag=aj.dino.bone.leg_right_2] run data modify entity @s {} merge value {transformation:[-1.0051850649286922f,0.2008915489677844f,0.036163106867627894f,-0.2460310015696787f,0.19167771617985804f,0.9914546479435653f,-0.17983195959525253f,0.2282630935605703f,-0.07017718906502973f,-0.16947703716173204f,-1.0091654450636458f,-0.027300243794004808f,0f,0f,0f,1f],start_interpolation:0}
execute if entity @s[tag=aj.dino.bone.leg_right_1] run data modify entity @s {} merge value {transformation:[-0.9778382908703943f,0.07584975273796961f,-0.1951386479333482f,-0.2345498326507061f,-0.14222018404117742f,0.44335105304185f,0.884993368911867f,0.2989385865368863f,0.15364145325712056f,0.8931330577110399f,-0.42273827016816035f,0.2408164157267612f,0f,0f,0f,1f],start_interpolation:0}
execute if entity @s[tag=aj.dino.bone.leg_right_0] run data modify entity @s {} merge value {transformation:[-0.9883467343038861f,-0.15138124587445057f,-0.01595152620732737f,-0.17776784149329777f,-0.09962056472287645f,0.7225002540687209f,-0.6841557760882595f,0.6498936671157136f,0.11509333549402022f,-0.6745940270030062f,-0.7291614518450136f,0.02192462634085962f,0f,0f,0f,1f],start_interpolation:0}
execute if entity @s[tag=aj.dino.bone.tail_4] run data modify entity @s {} merge value {transformation:[-2.5715435476220243f,0.34509326286671416f,0.945375985630869f,0.2677995258940589f,0.6562425729769793f,2.5416716880806467f,0.8572701132209335f,0.6127604331825849f,-0.7630011793543221f,1.0229745849889347f,-2.4488800563462947f,-1.6947809275496861f,0f,0f,0f,1f],start_interpolation:0}
execute if entity @s[tag=aj.dino.bone.tail_3] run data modify entity @s {} merge value {transformation:[-2.0078857565882324f,0.39385804769666544f,0.38628506675655605f,0.19844564319930708f,0.4631830010212364f,1.9955854813133085f,0.37288821432292263f,0.5300040011952535f,-0.29966952147241654f,0.44548844101788737f,-2.011885621218162f,-1.3579989278011033f,0f,0f,0f,1f],start_interpolation:0}
execute if entity @s[tag=aj.dino.bone.tail_2] run data modify entity @s {} merge value {transformation:[-1.8863295077365425f,0.443966407502962f,0.25185053554460485f,0.1503379848864827f,0.41109732550660977f,1.8929549831722854f,-0.25786487866187296f,0.5786949368945696f,-0.3025456200418426f,-0.19593145662425865f,-1.92063814579982f,-1.0012268297307494f,0f,0f,0f,1f],start_interpolation:0}
execute if entity @s[tag=aj.dino.bone.tail_1] run data modify entity @s {} merge value {transformation:[-1.3367926071206095f,0.32451177460675057f,0.6287558219923394f,0.012347059926970813f,0.14972500841874928f,1.4433452978200476f,-0.4266064030400434f,0.6527094268980189f,-0.6915375603694207f,-0.31480582809461444f,-1.3077956045177606f,-0.7152949551571444f,0f,0f,0f,1f],start_interpolation:0}
execute if entity @s[tag=aj.dino.bone.tail_0] run data modify entity @s {} merge value {transformation:[-1.2505202671460274f,-0.004363082002217698f,0.264604878179709f,-0.06508192440755664f,-0.055157548711171844f,1.2542715175115697f,-0.23999233688479804f,0.7531085716827949f,-0.25882894517660004f,-0.24621056122492727f,-1.2272830371451007f,-0.3625958264196462f,0f,0f,0f,1f],start_interpolation:0}
execute if entity @s[tag=aj.dino.bone.body_1] run data modify entity @s {} merge value {transformation:[-1.2047930490700058f,-0.06856317289159546f,-0.26903047279422887f,0.0020821082528776984f,-0.13471086283435643f,1.191955403692794f,0.29949940583951395f,0.6031925f,0.24275767218210081f,0.3211635128510645f,-1.1689855883055795f,-0.11245569374394287f,0f,0f,0f,1f],start_interpolation:0}