execute if entity @s[tag=aj.dino.bone.head_lower] run data modify entity @s {} merge value {transformation:[-0.9890641317859795f,-0.054035023347097845f,0.13723104410564324f,0.16509885423682177f,0.011651076712092104f,0.8989336691703487f,0.4379298012734271f,0.263470973781194f,-0.1470251530381634f,0.434739548101864f,-0.8884734828289991f,0.7589673492114315f,0f,0f,0f,1f],start_interpolation:0}
execute if entity @s[tag=aj.dino.bone.head_upper] run data modify entity @s {} merge value {transformation:[-1.0295164426659713f,-0.12821947939740846f,0.08442512639592818f,0.1677201741656732f,0.012127600895001376f,0.5027118049527467f,0.9113757211168128f,0.33759084040494947f,-0.1530384205369439f,0.9023926799612884f,-0.49572031991370746f,0.7450091779377949f,0f,0f,0f,1f],start_interpolation:0}
execute if entity @s[tag=aj.dino.bone.neck_0] run data modify entity @s {} merge value {transformation:[-0.9982040851266947f,-0.03642120358616177f,-0.04756154292822723f,0.16555848474100773f,-0.04970548380744645f,0.946705729148264f,0.3182414606510622f,0.3428181819805227f,0.03343604814935394f,0.32003399558045276f,-0.946815859793743f,0.6785807333287235f,0f,0f,0f,1f],start_interpolation:0}
execute if entity @s[tag=aj.dino.bone.neck_1] run data modify entity @s {} merge value {transformation:[-0.9714634576910856f,-0.030165653714460852f,-0.23526322217222878f,0.14548963259727316f,-0.12504791210101276f,0.9079732629926031f,0.39993446134303406f,0.3808807993220319f,0.20154843102851885f,0.4179408893929196f,-0.885834997572007f,0.6054642838848534f,0f,0f,0f,1f],start_interpolation:0}
execute if entity @s[tag=aj.dino.bone.neck_2] run data modify entity @s {} merge value {transformation:[-0.9714634576910856f,-0.008631846682574162f,-0.23703215307997516f,0.12463932707239263f,-0.12504791210101276f,0.8678125705929337f,0.48089953420653453f,0.4315076327139924f,0.20154843102851885f,0.49681670014577106f,-0.8441275948612326f,0.5363765216229126f,0f,0f,0f,1f],start_interpolation:0}
execute if entity @s[tag=aj.dino.bone.body_0] run data modify entity @s {} merge value {transformation:[-0.9714634576910856f,-0.08601868887819518f,-0.2210419316205785f,0.019643658071931663f,-0.12504791210101276f,0.9776285376042664f,0.16913149364006919f,0.5205318052798085f,0.20154843102851885f,0.19194589765196762f,-0.960486856924405f,0.08553119238766099f,0f,0f,0f,1f],start_interpolation:0}
execute if entity @s[tag=aj.dino.bone.leg_left_3] run data modify entity @s {} merge value {transformation:[-0.9890131859698367f,-0.053155872566570804f,-0.13793973752867444f,0.26355725110851014f,-0.04803316282421149f,0.9980362039480024f,-0.040206353703912984f,0.045259249215162695f,0.1398060558305538f,-0.03313893210029334f,-0.9896242104619086f,-0.45038109073757276f,0f,0f,0f,1f],start_interpolation:0}
execute if entity @s[tag=aj.dino.bone.leg_left_2] run data modify entity @s {} merge value {transformation:[-0.9996007431757131f,-0.15042212697522406f,-0.17387851350729194f,0.22156968793442547f,-0.1734926263585912f,1.002513983102117f,0.13010850004754038f,0.282695585823548f,0.1508670353074331f,0.15620850457536584f,-1.0024471259156604f,-0.4447151695673263f,0f,0f,0f,1f],start_interpolation:0}
execute if entity @s[tag=aj.dino.bone.leg_left_1] run data modify entity @s {} merge value {transformation:[-0.9812193678634363f,0.03988940053923142f,0.1887256947378887f,0.24193868536273075f,0.1921039817414211f,0.2906013521379517f,0.9373616774408298f,0.3081028727806349f,-0.017453146672441654f,0.9560123900139658f,-0.29280658771792556f,-0.16911952487566656f,0f,0f,0f,1f],start_interpolation:0}
execute if entity @s[tag=aj.dino.bone.leg_left_0] run data modify entity @s {} merge value {transformation:[-0.9905745700941281f,0.1318737955981857f,0.03703138017089071f,0.17552236037409774f,0.13483778863237597f,0.9863763745949842f,0.09423597188752442f,0.7033932457391786f,-0.024099623224519987f,0.0983409867521346f,-0.9948609241924484f,-0.052321959037363155f,0f,0f,0f,1f],start_interpolation:0}
execute if entity @s[tag=aj.dino.bone.leg_right_3] run data modify entity @s {} merge value {transformation:[-0.9808373066590764f,-0.00022314955885049947f,0.1948284580600151f,-0.3092076417258247f,0.026243791490254836f,0.9907341843782579f,0.13325554139533607f,0.0681329423158385f,-0.19305294940503936f,0.1358150437492937f,-0.9717431927301539f,0.21693390542535496f,0f,0f,0f,1f],start_interpolation:0}
execute if entity @s[tag=aj.dino.bone.leg_right_2] run data modify entity @s {} merge value {transformation:[-0.986218340788317f,0.16312584529939894f,0.22983807863099967f,-0.2625502202111721f,0.020048718383057718f,0.8749256261884021f,-0.5349442933901845f,0.25551355754751137f,-0.2811292099455869f,-0.5098600854498059f,-0.8444354682752148f,0.07242555923379612f,0f,0f,0f,1f],start_interpolation:0}
execute if entity @s[tag=aj.dino.bone.leg_right_1] run data modify entity @s {} merge value {transformation:[-0.9846172963297821f,-0.12190697596053016f,-0.12516976064684568f,-0.308639270110761f,-0.17459057402783856f,0.7145295824731137f,0.6774700046728472f,0.41022136711980056f,0.0068491772396172155f,0.6889021447077637f,-0.7248219945532722f,0.29815698991296213f,0f,0f,0f,1f],start_interpolation:0}
execute if entity @s[tag=aj.dino.bone.leg_right_0] run data modify entity @s {} merge value {transformation:[-0.9857924353881338f,0.011167510898906968f,0.16759642308788883f,-0.20327430715971695f,-0.16041663474183246f,0.23321851907126645f,-0.9591014678647464f,0.5985199356424173f,-0.04979736568973604f,-0.9723602259772499f,-0.22811359737603232f,-0.05926314415773007f,0f,0f,0f,1f],start_interpolation:0}
execute if entity @s[tag=aj.dino.bone.tail_4] run data modify entity @s {} merge value {transformation:[-2.569349474712623f,0.23872825101639217f,-0.9834192547233456f,-0.3913759490870401f,-0.9136579524740598f,0.6066187040284909f,2.5343449302341825f,1.7748566450673353f,0.4351249869576265f,2.6834090075293124f,-0.48543143247597564f,-1.2634021860956985f,0f,0f,0f,1f],start_interpolation:0}
execute if entity @s[tag=aj.dino.bone.tail_3] run data modify entity @s {} merge value {transformation:[-1.9370392648064456f,-0.05104164180550455f,-0.76237731042073f,-0.26160544769199956f,-0.6905278511039563f,1.0063717720261143f,1.6871077823788305f,1.478937372916555f,0.327101971092043f,1.8222393183430272f,-0.9530968960377973f,-1.1196242156962042f,0f,0f,0f,1f],start_interpolation:0}
execute if entity @s[tag=aj.dino.bone.tail_2] run data modify entity @s {} merge value {transformation:[-1.8711036594598884f,-0.15861207729269255f,-0.5409132827870712f,-0.16247217029364452f,-0.5144324413770144f,1.2471011596997252f,1.4138146398086497f,1.2160286761653367f,0.23044355885438333f,1.4961132247979338f,-1.2358458074412153f,-0.8893567745457509f,0f,0f,0f,1f],start_interpolation:0}
execute if entity @s[tag=aj.dino.bone.tail_1] run data modify entity @s {} merge value {transformation:[-1.467934758241388f,-0.1455592533373825f,-0.33412018693078327f,-0.08739149873215923f,-0.3503962404340952f,0.9450275349664871f,1.1277418511542512f,0.9621339854161511f,0.1002310841827501f,1.1719179629662775f,-0.9509039214560647f,-0.6991541043066613f,0f,0f,0f,1f],start_interpolation:0}
execute if entity @s[tag=aj.dino.bone.tail_0] run data modify entity @s {} merge value {transformation:[-1.2319076205417971f,-0.259872517855722f,-0.2206934650106395f,-0.029170925640812424f,-0.33999626399363997f,0.8749116228011529f,0.8676219852803684f,0.7297078518825919f,-0.025335183153905143f,0.8948919729971927f,-0.912338863440431f,-0.41095214626276366f,0f,0f,0f,1f],start_interpolation:0}
execute if entity @s[tag=aj.dino.bone.body_1] run data modify entity @s {} merge value {transformation:[-1.1913583150845855f,-0.3254554249459307f,-0.05786818217579975f,0.00620434857364697f,-0.3298384086313732f,1.1561060288950598f,0.2884962204263148f,0.584764576475803f,-0.021830811404781724f,0.29343178318309215f,-1.2008437864050634f,-0.1515375f,0f,0f,0f,1f],start_interpolation:0}