execute if entity @s[tag=aj.dino.bone.head_lower] run data modify entity @s {} merge value {transformation:[-0.9879281170159765f,0.13814178645615854f,-0.07010622257666127f,0.4364554428513587f,0.144176861014709f,0.9854587749594292f,-0.08991126516408404f,0.22943316980592915f,0.056666289425129746f,-0.09893356200077957f,-0.993479281088753f,0.7328605684142893f,0f,0f,0f,1f],start_interpolation:0}
execute if entity @s[tag=aj.dino.bone.head_upper] run data modify entity @s {} merge value {transformation:[-1.0283339653652146f,0.15172955583518222f,0.05458333212455349f,0.4433060967633154f,0.15007363455651854f,0.7716787028615115f,0.6822476283172252f,0.29383995234541516f,0.05898391705166363f,0.6818812682714934f,-0.784238978942777f,0.694126973232757f,0f,0f,0f,1f],start_interpolation:0}
execute if entity @s[tag=aj.dino.bone.neck_0] run data modify entity @s {} merge value {transformation:[-0.9304057629350946f,0.10705592030430591f,-0.35054835076628554f,0.4192019021703686f,0.07841364501740204f,0.9923889247630602f,0.09495010417425588f,0.2838459337255832f,0.3580452716797829f,0.06085435017659194f,-0.9317190196042664f,0.632776800868299f,0f,0f,0f,1f],start_interpolation:0}
execute if entity @s[tag=aj.dino.bone.neck_1] run data modify entity @s {} merge value {transformation:[-0.8875869083442447f,0.08599585553135813f,-0.45254192398863474f,0.38126183375273f,0.06575865264719413f,0.996012153829263f,0.06029584584710729f,0.2935422867429821f,0.4559224492585676f,0.0237592562135735f,-0.8897023198835927f,0.5575167929546792f,0f,0f,0f,1f],start_interpolation:0}
execute if entity @s[tag=aj.dino.bone.neck_2] run data modify entity @s {} merge value {transformation:[-0.8680239200519639f,0.024715175741461544f,-0.495906880679922f,0.33805864872105745f,-0.20485305650821994f,0.8919678714627923f,0.4030242443295136f,0.3375831561696204f,0.45229381983049666f,0.4514227246896241f,-0.7691864690547632f,0.4945499999808783f,0f,0f,0f,1f],start_interpolation:0}
execute if entity @s[tag=aj.dino.bone.body_0] run data modify entity @s {} merge value {transformation:[-0.8427383561675815f,-0.019278184067768087f,-0.5379780800952876f,0.08432794818897321f,-0.2458877115530903f,0.902801445958829f,0.3528296791397114f,0.5124707731114349f,0.4788854731051535f,0.4296253027856911f,-0.7655656750763821f,0.13783448622932315f,0f,0f,0f,1f],start_interpolation:0}
execute if entity @s[tag=aj.dino.bone.leg_left_3] run data modify entity @s {} merge value {transformation:[-0.17268616997402184f,0.012249978728037875f,-0.9849007182050715f,0.24720105642214052f,-0.03237441923363413f,0.9993118063309989f,0.01810554353673277f,0.03641034360959555f,0.984444708289393f,0.035012165723334626f,-0.17217074249817696f,-0.2556479245277176f,0f,0f,0f,1f],start_interpolation:0}
execute if entity @s[tag=aj.dino.bone.leg_left_2] run data modify entity @s {} merge value {transformation:[-0.2663824203954751f,0.2052298219771438f,-0.9690115199398677f,0.2646797737450718f,-0.32916566954181464f,0.9280712191182585f,0.2870469887320405f,0.2611027744891816f,0.9342122711675498f,0.38552137673062087f,-0.17516535041037498f,-0.16974752864863507f,0f,0f,0f,1f],start_interpolation:0}
execute if entity @s[tag=aj.dino.bone.leg_left_1] run data modify entity @s {} merge value {transformation:[-0.5353713737268545f,0.670082306549619f,-0.5141665047851358f,0.48465191516681316f,-0.04324915766352862f,0.5862094333691322f,0.8090043328625848f,0.3783123364475915f,0.8435087448006785f,0.4553550292663773f,-0.2848592543109679f,-0.04773293426084592f,0f,0f,0f,1f],start_interpolation:0}
execute if entity @s[tag=aj.dino.bone.leg_left_0] run data modify entity @s {} merge value {transformation:[-0.4963438120473269f,-0.6909155403637427f,-0.5256220470320907f,0.19845225207046663f,-0.08140195723671359f,0.639840324749178f,-0.7641845851513226f,0.6822787806857258f,0.8643011868558091f,-0.3365116267066325f,-0.3738226631584769f,-0.048929673671091994f,0f,0f,0f,1f],start_interpolation:0}
execute if entity @s[tag=aj.dino.bone.leg_right_3] run data modify entity @s {} merge value {transformation:[-0.9809219517518878f,0.09782466024400864f,0.16799541785242555f,-0.35147977086988613f,0.08640358998287637f,0.9935069660236384f,-0.0740157287377213f,0.034069754596383284f,-0.17414518141291688f,-0.05808824589062089f,-0.9830051940249412f,0.16326503007079812f,0f,0f,0f,1f],start_interpolation:0}
execute if entity @s[tag=aj.dino.bone.leg_right_2] run data modify entity @s {} merge value {transformation:[-0.9753700856475936f,0.31733733641942696f,0.0035228452596173165f,-0.27588685883463976f,0.31634097986318765f,0.9730981726358f,-0.07120765670038026f,0.25820612569591317f,-0.02537281978216179f,-0.06662702775739253f,-1.0232200441201353f,0.11615164697871971f,0f,0f,0f,1f],start_interpolation:0}
execute if entity @s[tag=aj.dino.bone.leg_right_1] run data modify entity @s {} merge value {transformation:[-0.9778342111978116f,0.18090342028805562f,-0.10542394386113857f,-0.2406239415940402f,-0.011315460945759854f,0.4571105600781125f,0.8893378976568237f,0.33499627861263426f,0.20907466550191678f,0.870817942163089f,-0.4449313383569471f,0.3804870111328087f,0f,0f,0f,1f],start_interpolation:0}
execute if entity @s[tag=aj.dino.bone.leg_right_0] run data modify entity @s {} merge value {transformation:[-0.9869090448380851f,-0.12808591138022568f,-0.09800273732235931f,-0.16818313185218697f,0.019228456201792546f,0.509880925047649f,-0.860030062698188f,0.6029681224452811f,0.1601274607582164f,-0.8506558890517661f,-0.5007432023828933f,0.06863656851434904f,0f,0f,0f,1f],start_interpolation:0}
execute if entity @s[tag=aj.dino.bone.tail_4] run data modify entity @s {} merge value {transformation:[0.7385179801995988f,-0.21839946606074834f,2.6518963399322915f,0.7256043484454815f,0.34394298990792616f,2.7368895388509245f,0.12961559868152805f,0.40996097849369767f,-2.6385518270852866f,0.29563263851062704f,0.7591488196869867f,-1.2294018997212033f,0f,0f,0f,1f],start_interpolation:0}
execute if entity @s[tag=aj.dino.bone.tail_3] run data modify entity @s {} merge value {transformation:[-0.5188262779038583f,-0.05606676748586755f,2.015842587352633f,0.3843405966703133f,0.018712259323666613f,2.0812649480175525f,0.06270242059874943f,0.3789621536310583f,-2.0165353135395074f,0.03373810578002724f,-0.5180662076520177f,-1.141887169439739f,0f,0f,0f,1f],start_interpolation:0}
execute if entity @s[tag=aj.dino.bone.tail_2] run data modify entity @s {} merge value {transformation:[-1.1389213415202015f,0.4673333925932679f,1.517640126314492f,0.10148364556003685f,0.04994518252159861f,1.8772442386311332f,-0.5405861839446863f,0.47993957191824677f,-1.5871791113719607f,-0.2762742182981622f,-1.106032955987764f,-0.937517430550163f,0f,0f,0f,1f],start_interpolation:0}
execute if entity @s[tag=aj.dino.bone.tail_1] run data modify entity @s {} merge value {transformation:[-1.2690196349273921f,0.4183862408056101f,0.7086595583729179f,-0.05491393874540322f,0.13811390385611033f,1.3922504986339117f,-0.574647151402711f,0.5864464533342459f,-0.8112767503943241f,-0.41742993730466327f,-1.2063326787049466f,-0.672050376411068f,0f,0f,0f,1f],start_interpolation:0}
execute if entity @s[tag=aj.dino.bone.tail_0] run data modify entity @s {} merge value {transformation:[-1.2641024076687901f,-0.06883612397599904f,0.17647211549124833f,-0.10814433077784964f,-0.1148141812085477f,1.2255857135728094f,-0.34437345870967767f,0.7166559484109211f,-0.15066029106372508f,-0.35642245062035055f,-1.218236524643062f,-0.32465445810354f,0f,0f,0f,1f],start_interpolation:0}
execute if entity @s[tag=aj.dino.bone.body_1] run data modify entity @s {} merge value {transformation:[-1.1531097041699572f,-0.14633797399468174f,-0.42134048294990095f,-0.0003316694968876028f,-0.24944098052591984f,1.179791726973546f,0.2729015816284242f,0.5737428082275391f,0.3697591140723804f,0.33953096086831275f,-1.1298679211432188f,-0.08484581306030395f,0f,0f,0f,1f],start_interpolation:0}