execute if entity @s[tag=aj.dino.bone.head_lower] run data modify entity @s {} merge value {transformation:[-0.9381600808965342f,-0.10105375238650596f,-0.33112505453501284f,0.20433182703065653f,-0.16820866773268436f,0.9690198990649824f,0.18084877471436242f,0.4553461514372326f,0.30259131962401686f,0.22536320539231233f,-0.9260939039554781f,0.837052465608073f,0f,0f,0f,1f],start_interpolation:0}
execute if entity @s[tag=aj.dino.bone.head_upper] run data modify entity @s {} merge value {transformation:[-0.9765304373051689f,-0.006799252012592158f,-0.36029712429070565f,0.17903807411068115f,-0.17508833215600628f,0.9185694453545473f,0.45721569591099354f,0.5074372786293587f,0.3149671785169227f,0.4895466135278798f,-0.8629088782855234f,0.7886562155170397f,0f,0f,0f,1f],start_interpolation:0}
execute if entity @s[tag=aj.dino.bone.neck_0] run data modify entity @s {} merge value {transformation:[-0.9732923161424799f,-0.19511809174658779f,-0.1209586607530749f,0.17469828786402108f,-0.17689015214279183f,0.9732508194261444f,-0.14660394456234113f,0.4822170646774001f,0.1463281976001458f,-0.12129209685510506f,-0.9817720131617036f,0.7270945121792696f,0f,0f,0f,1f],start_interpolation:0}
execute if entity @s[tag=aj.dino.bone.neck_1] run data modify entity @s {} merge value {transformation:[-0.9653994755373979f,-0.15020198270644747f,-0.21317414717354793f,0.15594767792865916f,-0.17801287551306827f,0.9769507213087254f,0.11780791266264687f,0.4966976309630091f,0.19056565478513254f,0.15167944002208403f,-0.9698856008266648f,0.645631240260992f,0f,0f,0f,1f],start_interpolation:0}
execute if entity @s[tag=aj.dino.bone.neck_2] run data modify entity @s {} merge value {transformation:[-0.9467037121615931f,-0.17602086014859303f,-0.2697568130224133f,0.13059160369790573f,-0.2674217329553711f,0.8963435405032071f,0.35362957192706845f,0.536453997161849f,0.17954859543479024f,0.4069212628884424f,-0.895643560623683f,0.5711501605131197f,0f,0f,0f,1f],start_interpolation:0}
execute if entity @s[tag=aj.dino.bone.body_0] run data modify entity @s {} merge value {transformation:[-0.9453883239661593f,-0.26452735083416545f,-0.19043685979640276f,0.03831947213820141f,-0.2711431611844258f,0.9624962104171695f,0.00907915610088078f,0.5499019489098453f,0.18089307076660766f,0.06021898034047063f,-0.9816574613149848f,0.10907234127231577f,0f,0f,0f,1f],start_interpolation:0}
execute if entity @s[tag=aj.dino.bone.leg_left_3] run data modify entity @s {} merge value {transformation:[-0.9517068407378942f,-0.08242714269264761f,-0.2957361246791175f,0.3397046137544403f,-0.1336040176873106f,0.9784830116971686f,0.15722901220146174f,0.11611029418184962f,0.2764128357195182f,0.18914746090699847f,-0.9422415732082353f,-0.07077788144156723f,0f,0f,0f,1f],start_interpolation:0}
execute if entity @s[tag=aj.dino.bone.leg_left_2] run data modify entity @s {} merge value {transformation:[-0.9634320988758365f,-0.2122394721593028f,-0.2807404438514973f,0.28006111612564355f,-0.23657113118777104f,0.9963223391622257f,0.058635278421301826f,0.3497966662687618f,0.26056647951134004f,0.11982655150068239f,-0.9847887625329683f,-0.07287663285051382f,0f,0f,0f,1f],start_interpolation:0}
execute if entity @s[tag=aj.dino.bone.leg_left_1] run data modify entity @s {} merge value {transformation:[-0.9899133917048997f,0.1123032034280811f,0.08636820840502174f,0.3257044850205982f,0.12012715697452217f,0.3421671735471217f,0.9319286944310665f,0.39093438396670105f,0.0751062119968831f,0.9329038620600543f,-0.35220653184305695f,0.1977481197466744f,0f,0f,0f,1f],start_interpolation:0}
execute if entity @s[tag=aj.dino.bone.leg_left_0] run data modify entity @s {} merge value {transformation:[-0.9889427198492964f,-0.047615321921803525f,-0.14044599665123766f,0.2034524112113486f,0.08483786809182649f,0.5951217642256209f,-0.7991449317130267f,0.6995184982923254f,0.1216340124912037f,-0.8022237012599835f,-0.5845017537544454f,-0.055505810923040744f,0f,0f,0f,1f],start_interpolation:0}
execute if entity @s[tag=aj.dino.bone.leg_right_3] run data modify entity @s {} merge value {transformation:[-0.9854624464853337f,0.01859000735392638f,0.16887326074225512f,-0.26169011748180554f,0.025683996587513882f,0.9988726937882223f,0.039920845726918064f,0.0037478234748083983f,-0.1679407600507788f,0.04367783454843871f,-0.9848289942333774f,-0.021134603843349226f,0f,0f,0f,1f],start_interpolation:0}
execute if entity @s[tag=aj.dino.bone.leg_right_2] run data modify entity @s {} merge value {transformation:[-1.0125368497113332f,0.1456425752443624f,0.07496377627583822f,-0.22385350051448774f,0.1281541084483723f,0.9967067113260938f,-0.2054615671750301f,0.22953021251615807f,-0.10201888043468456f,-0.1934584487025751f,-1.0021118581082358f,-0.09704096247860916f,0f,0f,0f,1f],start_interpolation:0}
execute if entity @s[tag=aj.dino.bone.leg_right_1] run data modify entity @s {} merge value {transformation:[-0.971163201784237f,0.01548765710341863f,-0.23791210136862845f,-0.2263693445230957f,-0.2092632632759115f,0.42278027323534406f,0.88174016989483f,0.29345460010739843f,0.11424063262826485f,0.9060998692420689f,-0.4073476461404916f,0.17299742157035308f,0f,0f,0f,1f],start_interpolation:0}
execute if entity @s[tag=aj.dino.bone.leg_right_0] run data modify entity @s {} merge value {transformation:[-0.9833145331659544f,-0.17894800920116807f,0.03271297705131622f,-0.18495767761840243f,-0.1630644832813688f,0.7873459731179825f,-0.594555542323068f,0.6699531797237251f,0.08063809990817901f,-0.5899694302401065f,-0.803388802651221f,-0.002619126498205504f,0f,0f,0f,1f],start_interpolation:0}
execute if entity @s[tag=aj.dino.bone.tail_4] run data modify entity @s {} merge value {transformation:[-2.022310555741558f,0.8382974649346028f,-1.6832048918716012f,-0.13493616313703866f,0.15510770623296832f,2.53780604003211f,1.0775636567014002f,0.6872362809830505f,1.8739965173936204f,0.6945928268134962f,-1.9056073019737876f,-1.6863139442820665f,0f,0f,0f,1f],start_interpolation:0}
execute if entity @s[tag=aj.dino.bone.tail_3] run data modify entity @s {} merge value {transformation:[-1.7357381119707513f,0.5053785079850159f,-1.03332051966633f,0.035331286085080585f,0.3181748216063258f,2.0085130315126603f,0.4478679617745082f,0.5916395484114237f,1.1054064933735634f,0.2154379074237135f,-1.751458968545052f,-1.3914394559115266f,0f,0f,0f,1f],start_interpolation:0}
execute if entity @s[tag=aj.dino.bone.tail_2] run data modify entity @s {} merge value {transformation:[-1.854365614878019f,0.32838717821026797f,-0.5217891360961254f,0.1310376861263082f,0.3905450382996446f,1.905416979315106f,-0.1887712451619806f,0.6274738966349073f,0.4770499076830141f,-0.28341113444530225f,-1.8737330091170488f,-1.0428312683317063f,0f,0f,0f,1f],start_interpolation:0}
execute if entity @s[tag=aj.dino.bone.tail_1] run data modify entity @s {} merge value {transformation:[-1.4226671302868426f,0.23634375419954426f,0.45586852956994744f,0.03140998266152935f,0.13188030249104804f,1.4659009926101807f,-0.34842232373853116f,0.6844053733375324f,-0.4962681454780976f,-0.2879794432166185f,-1.399443467264175f,-0.7376922759665537f,0f,0f,0f,1f],start_interpolation:0}
execute if entity @s[tag=aj.dino.bone.tail_0] run data modify entity @s {} merge value {transformation:[-1.2515623924363835f,-0.014299396917847387f,0.25927364245277557f,-0.04470087166304719f,-0.05060735865786072f,1.2652353295470726f,-0.1745112394650083f,0.7659339958486782f,-0.2546884168403001f,-0.18113752978807207f,-1.2394187033499553f,-0.3798764953388689f,0f,0f,0f,1f],start_interpolation:0}
execute if entity @s[tag=aj.dino.bone.body_1] run data modify entity @s {} merge value {transformation:[-1.2215936111654375f,-0.04915534267514079f,-0.18411245613082672f,0.0014136565424481774f,-0.09298626712887392f,1.1964230067359016f,0.2975401454169043f,0.6161725f,0.16633459754805616f,0.3078316687668186f,-1.1858233681366765f,-0.1249238204037309f,0f,0f,0f,1f],start_interpolation:0}