execute if entity @s[tag=aj.dino.bone.head_lower] run data modify entity @s {} merge value {transformation:[-0.8191878044591551f,-0.3583469383015595f,0.44779327019874654f,0.2223256344193935f,-0.4396319376917208f,0.8937547143646289f,-0.08902960132688192f,0.5519120512911933f,-0.3683138612471871f,-0.2697961867056292f,-0.8896937210367895f,0.8452783886992725f,0f,0f,0f,1f],start_interpolation:0}
execute if entity @s[tag=aj.dino.bone.head_upper] run data modify entity @s {} merge value {transformation:[-0.8526922443332827f,-0.4746304821875857f,0.36209637448579424f,0.23636520244832943f,-0.4576127007633382f,0.9251142417170845f,0.13500443865227008f,0.5818500413094256f,-0.3833777447080883f,-0.04859514105454262f,-0.9665050231177983f,0.7774398762227599f,0f,0f,0f,1f],start_interpolation:0}
execute if entity @s[tag=aj.dino.bone.neck_0] run data modify entity @s {} merge value {transformation:[-0.8946963778825854f,-0.32586680543148555f,0.3054983085414068f,0.2616978239074618f,-0.4376736560285961f,0.7761742828142338f,-0.45386699980982526f,0.5400448094643466f,-0.08921974121428744f,-0.5397817223801561f,-0.8370636355510659f,0.7321042706275505f,0f,0f,0f,1f],start_interpolation:0}
execute if entity @s[tag=aj.dino.bone.neck_1] run data modify entity @s {} merge value {transformation:[-0.9493489282433755f,-0.2243091112502094f,-0.22005007396793957f,0.2420233304482657f,-0.16256969219538425f,0.9499059599071922f,-0.26692651144518f,0.5218087285535247f,0.2689009252915516f,-0.2176329247676851f,-0.9382580681424543f,0.6516188899384512f,0f,0f,0f,1f],start_interpolation:0}
execute if entity @s[tag=aj.dino.bone.neck_2] run data modify entity @s {} merge value {transformation:[-0.90275444135985f,-0.28112804108089967f,-0.3255786281731054f,0.21074778155338267f,-0.3107253508864956f,0.9495877677857097f,0.041627245743829554f,0.5347526452240042f,0.2974628967140768f,0.1387447144570522f,-0.9445981840384309f,0.5702234020002854f,0f,0f,0f,1f],start_interpolation:0}
execute if entity @s[tag=aj.dino.bone.body_0] run data modify entity @s {} merge value {transformation:[-0.9006636389033741f,-0.30998072248935593f,-0.30449459969317916f,0.06428766471512198f,-0.31702883838420026f,0.9480210846116213f,-0.027363091283147095f,0.5308876087711307f,0.2971493314650013f,0.07188862786826627f,-0.9521209481957219f,0.12217719861042751f,0f,0f,0f,1f],start_interpolation:0}
execute if entity @s[tag=aj.dino.bone.leg_left_3] run data modify entity @s {} merge value {transformation:[-0.817423806656839f,-0.04283054504398543f,-0.5744422205251613f,0.3799641183847302f,-0.17010967536894808f,0.970705276434075f,0.16968784472942677f,0.15811372590285222f,0.5503462715931795f,0.23642506363387572f,-0.800763492317928f,-0.1289962135542146f,0f,0f,0f,1f],start_interpolation:0}
execute if entity @s[tag=aj.dino.bone.leg_left_2] run data modify entity @s {} merge value {transformation:[-0.8350652852347942f,-0.15422632520371213f,-0.5752759420578833f,0.32494008040912864f,-0.3368029208264717f,0.9393762578736916f,0.23706167587080026f,0.3838847265781019f,0.4912147813524993f,0.38190140908102677f,-0.8154272204332138f,-0.06441384316591403f,0f,0f,0f,1f],start_interpolation:0}
execute if entity @s[tag=aj.dino.bone.leg_left_1] run data modify entity @s {} merge value {transformation:[-0.9468966735631247f,0.30230287070974415f,-0.10954297766510279f,0.4317341112298779f,0.011004514899658317f,0.37095330390090275f,0.9285863163846582f,0.435193249142826f,0.32134963862888144f,0.8780698267709992f,-0.35458114595595025f,0.1865360644910678f,0f,0f,0f,1f],start_interpolation:0}
execute if entity @s[tag=aj.dino.bone.leg_left_0] run data modify entity @s {} merge value {transformation:[-0.929159319874138f,-0.33338765761819666f,-0.15973612001949133f,0.20580021962749775f,-0.01727234190296824f,0.47077235635886105f,-0.8820856277558957f,0.6898327071354186f,0.36927581087341244f,-0.8168390650771897f,-0.44318090805855587f,-0.0551660282245222f,0f,0f,0f,1f],start_interpolation:0}
execute if entity @s[tag=aj.dino.bone.leg_right_3] run data modify entity @s {} merge value {transformation:[-0.9837786880808171f,0.05237783049309632f,0.1715693904833337f,-0.30965241236466234f,0.05290114607373368f,0.9985985916804294f,-0.0015236265778902358f,0.005920932299517345f,-0.1714087559667582f,0.00757730603181847f,-0.9851708597046648f,0.07530410415208401f,0f,0f,0f,1f],start_interpolation:0}
execute if entity @s[tag=aj.dino.bone.leg_right_2] run data modify entity @s {} merge value {transformation:[-0.9999470203565214f,0.22756847781507386f,0.01951265962750909f,-0.2544522059243336f,0.22137796496313844f,0.9872122390180523f,-0.16871867490719009f,0.23048106811190724f,-0.05621345576984444f,-0.16027096598756987f,-1.0115411332973647f,0.006771231172164993f,0f,0f,0f,1f],start_interpolation:0}
execute if entity @s[tag=aj.dino.bone.leg_right_1] run data modify entity @s {} merge value {transformation:[-0.9789027962884127f,0.10480568495748763f,-0.17539978283714658f,-0.23617269076887398f,-0.10975257062920965f,0.4543717520807793f,0.8840252734799632f,0.3048484975849634f,0.17234758094910027f,0.8846253892533467f,-0.4332830853257007f,0.2735084247148297f,0f,0f,0f,1f],start_interpolation:0}
execute if entity @s[tag=aj.dino.bone.leg_right_0] run data modify entity @s {} merge value {transformation:[-0.988900696110719f,-0.14298283750048024f,-0.040389620102776455f,-0.1740393856990807f,-0.06929447891057919f,0.6843058273708371f,-0.7258951782584214f,0.6406788685496201f,0.13142940471693026f,-0.7150394694047492f,-0.6866184302573941f,0.03337368565507158f,0f,0f,0f,1f],start_interpolation:0}
execute if entity @s[tag=aj.dino.bone.tail_4] run data modify entity @s {} merge value {transformation:[-1.5472560671063367f,-0.06556852372623385f,2.286342223530632f,0.5235457208540368f,0.6990329128703804f,2.614700339307595f,0.5480478573525348f,0.5390772558344333f,-2.177845949815225f,0.8858353322831025f,-1.4484281530515415f,-1.5742180501638585f,0f,0f,0f,1f],start_interpolation:0}
execute if entity @s[tag=aj.dino.bone.tail_3] run data modify entity @s {} merge value {transformation:[-1.6588134928200797f,0.21171734224178065f,1.2407494062366378f,0.3110886519625781f,0.43389309463267334f,2.0229945828589537f,0.23489407442048452f,0.47945131094499477f,-1.1815329468586873f,0.445661542834751f,-1.6556905540498856f,-1.297835264866262f,0f,0f,0f,1f],start_interpolation:0}
execute if entity @s[tag=aj.dino.bone.tail_2] run data modify entity @s {} merge value {transformation:[-1.7312704472282705f,0.4743066771984623f,0.7723403974425753f,0.16634494234439567f,0.3603020656497384f,1.888153942940913f,-0.35189626915895594f,0.5455837740382727f,-0.8316603483666469f,-0.16935683843416025f,-1.7602366889804981f,-0.9712663750124917f,0f,0f,0f,1f],start_interpolation:0}
execute if entity @s[tag=aj.dino.bone.tail_1] run data modify entity @s {} merge value {transformation:[-1.2633954439973036f,0.3811092356094904f,0.7390831838298086f,0.003850832963016429f,0.14464582517111008f,1.4245255072607559f,-0.48729961463565313f,0.6328936710280395f,-0.8188808138840628f,-0.33636153123779944f,-1.2263569557661167f,-0.7024740326684122f,0f,0f,0f,1f],start_interpolation:0}
execute if entity @s[tag=aj.dino.bone.tail_0] run data modify entity @s {} merge value {transformation:[-1.249440765789883f,0.010778102660936796f,0.26947601353264955f,-0.07463622657978408f,-0.05100183055207553f,1.2447054271051958f,-0.28625675467879763f,0.7465815071753343f,-0.26482504157793646f,-0.2905648788514025f,-1.2162546876026177f,-0.35406799268452793f,0f,0f,0f,1f],start_interpolation:0}
execute if entity @s[tag=aj.dino.bone.body_1] run data modify entity @s {} merge value {transformation:[-1.1946384722718557f,-0.07790067473554685f,-0.3088284321430961f,0.0024092211613709327f,-0.15459437565482018f,1.1899526110708365f,0.29785559836579373f,0.5971825f,0.278467403191312f,0.32641823377025864f,-1.1595307831525827f,-0.10647991251017759f,0f,0f,0f,1f],start_interpolation:0}