execute if entity @s[tag=aj.dino.bone.head_lower] run data modify entity @s {} merge value {transformation:[0.10577112157959148f,-0.17536692327532485f,-0.9788048385969195f,0.7152141308464585f,-0.3950248937629025f,0.8959150994370133f,-0.20320302140562266f,0.9264222783723515f,0.9125611229651429f,0.40814528886379753f,0.02548764467118181f,0.062248312903015655f,0f,0f,0f,1f],start_interpolation:0}
execute if entity @s[tag=aj.dino.bone.head_upper] run data modify entity @s {} merge value {transformation:[0.11009711638089613f,0.2650966926617348f,-1.0005370113533671f,0.6522265986762574f,-0.4111812473240995f,0.9345831861732696f,0.20237636362659617f,0.9612317477012382f,0.9498844926606161f,0.37383145165373166f,0.20357170466657346f,0.0849711676520573f,0f,0f,0f,1f],start_interpolation:0}
execute if entity @s[tag=aj.dino.bone.neck_0] run data modify entity @s {} merge value {transformation:[0.08386347992806564f,-0.458513814993336f,-0.8847214240621799f,0.6024342930875198f,-0.22127719643163352f,0.8571133339143925f,-0.46518075536882575f,0.9173112315423388f,0.9715983321690662f,0.23478035328027744f,-0.029578144632091078f,0.07893371630314167f,0f,0f,0f,1f],start_interpolation:0}
execute if entity @s[tag=aj.dino.bone.neck_1] run data modify entity @s {} merge value {transformation:[0.0903480267854247f,-0.5774240259557185f,-0.8114300513938769f,0.5310353974054592f,-0.08626058199523559f,0.807163069136888f,-0.5839922018446501f,0.8715579265125778f,0.9921674989888669f,0.12275697157639928f,0.023116658053612793f,0.08145752666985065f,0f,0f,0f,1f],start_interpolation:0}
execute if entity @s[tag=aj.dino.bone.neck_2] run data modify entity @s {} merge value {transformation:[-0.23564558463093316f,-0.6151481603357298f,-0.752372181356749f,0.4590992665699608f,-0.1428300102294778f,0.7876884643753824f,-0.5992883039637926f,0.8267677387945951f,0.961285985865701f,-0.033758316390469306f,-0.2734769267281758f,0.05716838179510153f,0f,0f,0f,1f],start_interpolation:0}
execute if entity @s[tag=aj.dino.bone.body_0] run data modify entity @s {} merge value {transformation:[-0.5033210846242693f,-0.5546845755831432f,-0.6625653985704336f,0.14155061490581122f,-0.10469306987166521f,0.8002666449147434f,-0.5904342962241833f,0.5561218092388673f,0.8577337855614035f,-0.2278120248078409f,-0.4608627067353746f,-0.16220467795545593f,0f,0f,0f,1f],start_interpolation:0}
execute if entity @s[tag=aj.dino.bone.leg_left_3] run data modify entity @s {} merge value {transformation:[-0.6655342853094871f,0.4362626173814606f,-0.6055898312827482f,0.044530775052814775f,-0.22787456356021615f,0.653870998567318f,0.7214748093418225f,0.25484249686022764f,0.7107301164013183f,0.6181647401041694f,-0.33576041418266284f,-0.7118518948370349f,0f,0f,0f,1f],start_interpolation:0}
execute if entity @s[tag=aj.dino.bone.leg_left_2] run data modify entity @s {} merge value {transformation:[-0.6362856916003408f,-0.09353867222747074f,-0.7990326870430846f,-0.0029537624395455375f,-0.3523087546380755f,0.9482594816301347f,0.16954260940722396f,0.48057346710080523f,0.7232435686342041f,0.3796270166850141f,-0.6203742968021738f,-0.6414117085837341f,0f,0f,0f,1f],start_interpolation:0}
execute if entity @s[tag=aj.dino.bone.leg_left_1] run data modify entity @s {} merge value {transformation:[-0.5939330805379963f,0.7495936266729368f,0.29215217044198033f,0.19702129408414398f,0.04023984272572671f,-0.33500735659901143f,0.9413558445571747f,0.33883505176406753f,0.8035074678558095f,0.570858534030855f,0.16880842166221577f,-0.5112826032846378f,0f,0f,0f,1f],start_interpolation:0}
execute if entity @s[tag=aj.dino.bone.leg_left_0] run data modify entity @s {} merge value {transformation:[-0.5931041049363147f,-0.04350376287393415f,-0.803949590038767f,0.1764232737301018f,-0.018141884264277583f,0.9990077199754527f,-0.04067489968996979f,0.7322796824987094f,0.804921358110862f,-0.009539289557197156f,-0.5933048198116289f,-0.3731365839137243f,0f,0f,0f,1f],start_interpolation:0}
execute if entity @s[tag=aj.dino.bone.leg_right_3] run data modify entity @s {} merge value {transformation:[-0.7039671796812633f,0.05289372678772045f,-0.7082601666041328f,-0.10717564672359792f,0.042158475590133866f,0.998576589642984f,0.03267196891686207f,0.06374455736132736f,0.7089801639450314f,-0.006859175132207032f,-0.7051950643963569f,0.035899437013582336f,0f,0f,0f,1f],start_interpolation:0}
execute if entity @s[tag=aj.dino.bone.leg_right_2] run data modify entity @s {} merge value {transformation:[-0.704984423870189f,0.030897643171458107f,-0.7443819565569557f,-0.12188449007810696f,0.1714384875624636f,1.0040444029787214f,-0.12068919309570851f,0.29379004729296365f,0.7250296591060305f,-0.2073701328404053f,-0.695263849860641f,-0.03504980227269622f,0f,0f,0f,1f],start_interpolation:0}
execute if entity @s[tag=aj.dino.bone.leg_right_1] run data modify entity @s {} merge value {transformation:[-0.5008883822425667f,0.7144864318457167f,-0.488487427927066f,0.0881511819151763f,-0.1518769538685958f,0.4830768110103546f,0.8623051580198644f,0.3762687642977126f,0.8520822844174267f,0.5061086181566588f,-0.13345353951670508f,0.12649171991694427f,0f,0f,0f,1f],start_interpolation:0}
execute if entity @s[tag=aj.dino.bone.leg_right_0] run data modify entity @s {} merge value {transformation:[-0.5420917719856558f,-0.6970111094156577f,-0.46937407693289346f,-0.0842759894571589f,-0.11549251120863648f,0.6150641577625318f,-0.7799727954810929f,0.6946865665261462f,0.832344874796604f,-0.3686076439617356f,-0.41392078253308784f,-0.08132130268029958f,0f,0f,0f,1f],start_interpolation:0}
execute if entity @s[tag=aj.dino.bone.tail_4] run data modify entity @s {} merge value {transformation:[-1.6967132182950195f,0.15994710940530585f,2.1728420349063207f,-0.08520293270593679f,-0.9440070203415465f,2.4280988618052386f,-0.9158864528127825f,0.8699662299429805f,-1.9635876176042748f,-1.3055321409651286f,-1.4372093892325415f,-1.743543148973047f,0f,0f,0f,1f],start_interpolation:0}
execute if entity @s[tag=aj.dino.bone.tail_3] run data modify entity @s {} merge value {transformation:[-1.6560369868010054f,-0.3883467385111808f,1.2011135812566678f,-0.2850671322693049f,-0.5270094522189068f,2.0130746465983074f,-0.07574318807307313f,0.863109959807539f,-1.1470606181294074f,-0.3642290542437184f,-1.6992747454210435f,-1.4518446801263807f,0f,0f,0f,1f],start_interpolation:0}
execute if entity @s[tag=aj.dino.bone.tail_2] run data modify entity @s {} merge value {transformation:[-1.8977246369492642f,-0.08741184937744043f,0.4580111853513785f,-0.3716344741611405f,-0.12921125314906923f,1.94293521701975f,-0.16456326906950472f,0.8940686945318835f,-0.44801733156007084f,-0.1900941505034037f,-1.892595720054592f,-1.1003917870792608f,0f,0f,0f,1f],start_interpolation:0}
execute if entity @s[tag=aj.dino.bone.tail_1] run data modify entity @s {} merge value {transformation:[-1.5099631670936358f,0.08045451933066514f,0.03456232544012116f,-0.37861279798665304f,0.07898985298876716f,1.5091582431450203f,-0.062114815239597464f,0.8889117445942394f,-0.03779004029331213f,-0.06020562653696099f,-1.5108287280125177f,-0.7745062460333975f,0f,0f,0f,1f],start_interpolation:0}
execute if entity @s[tag=aj.dino.bone.tail_0] run data modify entity @s {} merge value {transformation:[-1.144045341780041f,-0.022671840402016873f,-0.5696331803785679f,-0.2126998550683798f,-0.1323721861094855f,1.2528613694495736f,0.21599006891420458f,0.8560282030027185f,0.5545029998836908f,0.25230951860314854f,-1.1237001586394222f,-0.4400462643235107f,0f,0f,0f,1f],start_interpolation:0}
execute if entity @s[tag=aj.dino.bone.body_1] run data modify entity @s {} merge value {transformation:[-0.8199286360058651f,0.3061442563650351f,-0.8732681840125125f,-0.030298223041403886f,-0.11823459692885036f,1.1225259381117745f,0.5045400810754317f,0.663119613702624f,0.9177920281866061f,0.4181098033019922f,-0.7151549345674234f,-0.3019454221277646f,0f,0f,0f,1f],start_interpolation:0}