execute if entity @s[tag=aj.dino.bone.head_lower] run data modify entity @s {} merge value {transformation:[-0.8519806838746188f,-0.31233875682697676f,0.4202063960583128f,0.25527971689772144f,-0.395803853784358f,0.9095940536538277f,-0.126403982876522f,0.5277133307760054f,-0.3427363762923152f,-0.2740130627203313f,-0.8985814475186075f,0.8413798095136594f,0f,0f,0f,1f],start_interpolation:0}
execute if entity @s[tag=aj.dino.bone.head_upper] run data modify entity @s {} merge value {transformation:[-0.8868263388531391f,-0.4415219763549256f,0.3194829129945526f,0.26711447170529296f,-0.4119920664858659f,0.9425756416006047f,0.15901458925966958f,0.5597127703901711f,-0.3567541512758475f,0.009024790321998178f,-0.9778123395062064f,0.7740639054877839f,0f,0f,0f,1f],start_interpolation:0}
execute if entity @s[tag=aj.dino.bone.neck_0] run data modify entity @s {} merge value {transformation:[-0.9207904318466135f,-0.3206630013616243f,0.22208156199352086f,0.2869771740702399f,-0.3885305197167112f,0.8043426184891205f,-0.449529740207172f,0.5177148896038077f,-0.034482109395879534f,-0.5002081483140994f,-0.8652183496041853f,0.7262477228869861f,0f,0f,0f,1f],start_interpolation:0}
execute if entity @s[tag=aj.dino.bone.neck_1] run data modify entity @s {} merge value {transformation:[-0.9479078077778441f,-0.1988961378140522f,-0.24881944119472524f,0.26498261200098894f,-0.12971491304223048f,0.9544305424370411f,-0.26876826635185624f,0.49934363206549937f,0.2909378443727257f,-0.22249194598004945f,-0.9305119583786993f,0.6463961544592198f,0f,0f,0f,1f],start_interpolation:0}
execute if entity @s[tag=aj.dino.bone.neck_2] run data modify entity @s {} merge value {transformation:[-0.900555404616139f,-0.2587515930452913f,-0.3493530825872104f,0.23184332200257082f,-0.2932557719352816f,0.9547889790566284f,0.048775585067156395f,0.5129647199823466f,0.32093771271588567f,0.14637492465762453f,-0.9357207735153528f,0.5658530987901995f,0f,0f,0f,1f],start_interpolation:0}
execute if entity @s[tag=aj.dino.bone.body_0] run data modify entity @s {} merge value {transformation:[-0.8977454239956137f,-0.27808095118950493f,-0.3416491450018223f,0.06817629248623672f,-0.3005225317012765f,0.9536799868265089f,0.013442122839976839f,0.528384936043373f,0.32208595379927896f,0.11474087027790034f,-0.9397314355990645f,0.12405424740072876f,0f,0f,0f,1f],start_interpolation:0}
execute if entity @s[tag=aj.dino.bone.leg_left_3] run data modify entity @s {} merge value {transformation:[-0.7602974757876848f,-0.024302767785577446f,-0.6491202691249408f,0.37442413745498293f,-0.16394064837173078f,0.9741294364132848f,0.15554840058513308f,0.1504940516958883f,0.6285469052682797f,0.22468025411926373f,-0.7446123631034954f,-0.14805064798512452f,0f,0f,0f,1f],start_interpolation:0}
execute if entity @s[tag=aj.dino.bone.leg_left_2] run data modify entity @s {} merge value {transformation:[-0.7847541572112043f,-0.11430015094038218f,-0.6505064086812926f,0.3264599259356168f,-0.3414076966229836f,0.9349907910500238f,0.2475786841368506f,0.3755606853352657f,0.5653882709492795f,0.40594321726979465f,-0.7533979074342637f,-0.07583211226485786f,0f,0f,0f,1f],start_interpolation:0}
execute if entity @s[tag=aj.dino.bone.leg_left_1] run data modify entity @s {} merge value {transformation:[-0.9167190132522562f,0.36794111304998983f,-0.15570994852399297f,0.45293333204722386f,0.001239285390760922f,0.3923471293354025f,0.9198163916097548f,0.4333408462852796f,0.3995306182428702f,0.8430202058253435f,-0.3601280573027684f,0.1643330729866367f,0f,0f,0f,1f],start_interpolation:0}
execute if entity @s[tag=aj.dino.bone.leg_left_0] run data modify entity @s {} merge value {transformation:[-0.8948516619304496f,-0.40359717297085607f,-0.1906563009980138f,0.20593914326061205f,-0.027352047805957375f,0.47591010906659f,-0.8790685033426275f,0.6885799160799356f,0.4455248237990034f,-0.7814210709074585f,-0.4369081611971878f,-0.055107503298733373f,0f,0f,0f,1f],start_interpolation:0}
execute if entity @s[tag=aj.dino.bone.leg_right_3] run data modify entity @s {} merge value {transformation:[-0.9833900145929236f,0.057868978245125095f,0.17203273105951372f,-0.3158062000451038f,0.05709213456126541f,0.9983240538312326f,-0.009464233366367397f,0.008063413819320159f,-0.17229209897777714f,0.0005146832423284509f,-0.9850457693584558f,0.0904527576506943f,0f,0f,0f,1f],start_interpolation:0}
execute if entity @s[tag=aj.dino.bone.leg_right_2] run data modify entity @s {} merge value {transformation:[-0.9971067585032403f,0.24018623947137518f,0.012283404106946963f,-0.2578926343797922f,0.23525030137060293f,0.9849542227475026f,-0.16304807357831128f,0.23225093505650485f,-0.049976067801457726f,-0.15568541666179658f,-1.0125841412873506f,0.022946859393785213f,0f,0f,0f,1f],start_interpolation:0}
execute if entity @s[tag=aj.dino.bone.leg_right_1] run data modify entity @s {} merge value {transformation:[-0.9789451771342665f,0.11842488153016817f,-0.1662584963246251f,-0.2363988727132611f,-0.09437373745156878f,0.45963754284354924f,0.8830780978419561f,0.30840542904227897f,0.1809970658463338f,0.8801754805965174f,-0.43878375711927636f,0.2889391467161035f,0f,0f,0f,1f],start_interpolation:0}
execute if entity @s[tag=aj.dino.bone.leg_right_0] run data modify entity @s {} merge value {transformation:[-0.9887668145777246f,-0.14013967071468084f,-0.051971714247275105f,-0.17222196026791672f,-0.055025390137472846f,0.6645905727469973f,-0.745178889298427f,0.6364056176824179f,0.13896903550805298f,-0.7339483928096031f,-0.6648363436682463f,0.03873027651868416f,0f,0f,0f,1f],start_interpolation:0}
execute if entity @s[tag=aj.dino.bone.tail_4] run data modify entity @s {} merge value {transformation:[-0.7921258561431243f,-0.23235367998911655f,2.635186848598224f,0.6309049115084373f,0.6348190464760157f,2.6537146670744978f,0.42481122346869576f,0.5023811009086456f,-2.5681126801331766f,0.727647967597796f,-0.7078043719771674f,-1.4811545370806345f,0f,0f,0f,1f],start_interpolation:0}
execute if entity @s[tag=aj.dino.bone.tail_3] run data modify entity @s {} merge value {transformation:[-1.3554690512540726f,0.11689860892754557f,1.5763831680044145f,0.36246463541823426f,0.3749499600604537f,2.0411031303998644f,0.1710440427696431f,0.4534045555109244f,-1.535598158564764f,0.39519394270044694f,-1.3497057342657428f,-1.25616160472878f,0f,0f,0f,1f],start_interpolation:0}
execute if entity @s[tag=aj.dino.bone.tail_2] run data modify entity @s {} merge value {transformation:[-1.6010200759886482f,0.4800679753307468f,1.0124442356722263f,0.17318383059533854f,0.31157195153076067f,1.8868271777519454f,-0.4019701423224352f,0.5288092933104511f,-1.0763045620563882f,-0.16790418506172775f,-1.622390381301042f,-0.9553985976748502f,0f,0f,0f,1f],start_interpolation:0}
execute if entity @s[tag=aj.dino.bone.tail_1] run data modify entity @s {} merge value {transformation:[-1.2239776106903921f,0.40837084111252436f,0.7891567110895588f,-0.00045644683554568743f,0.13735963678821644f,1.4141114080741608f,-0.5187268122392787f,0.6230162352143296f,-0.8778766363846624f,-0.3481069256472269f,-1.181444213497357f,-0.6960710381103623f,0f,0f,0f,1f],start_interpolation:0}
execute if entity @s[tag=aj.dino.bone.tail_0] run data modify entity @s {} merge value {transformation:[-1.2490804678427583f,0.018610375479593506f,0.2707163743888665f,-0.07911696195411758f,-0.048659105008768085f,1.2391748894411585f,-0.3096992112716244f,0.7434210403058106f,-0.2669569121365656f,-0.31294562448934976f,-1.2102209549332341f,-0.3499682823095095f,0f,0f,0f,1f],start_interpolation:0}
execute if entity @s[tag=aj.dino.bone.body_1] run data modify entity @s {} merge value {transformation:[-1.1893593944832097f,-0.08248895046669275f,-0.3274513686972262f,0.002567110601250005f,-0.16409406300819246f,1.1890214855467245f,0.296488853837668f,0.5944025000000001f,0.2951304191306729f,0.3286762465031725f,-1.1547616878579707f,-0.10364104316830891f,0f,0f,0f,1f],start_interpolation:0}