execute if entity @s[tag=aj.dino.bone.head_lower] run data modify entity @s {} merge value {transformation:[-0.9582347531765312f,0.18735944906833396f,0.21606155291842943f,0.18282987501273756f,0.18275350293239379f,0.9822914184573452f,-0.04128833238331703f,0.2969251195949112f,-0.21997116849862927f,-0.0000779093455427482f,-0.9755063705376206f,0.7762705004104907f,0f,0f,0f,1f],start_interpolation:0}
execute if entity @s[tag=aj.dino.bone.head_upper] run data modify entity @s {} merge value {transformation:[-0.9974261553169709f,0.0622615676034916f,0.29109535288745064f,0.20398565918123723f,0.19022804505503582f,0.9162415722848787f,0.4558361708717056f,0.3489822788421703f,-0.22896789763556968f,0.4899967561117068f,-0.8893530364460779f,0.7258925145523977f,0f,0f,0f,1f],start_interpolation:0}
execute if entity @s[tag=aj.dino.bone.neck_0] run data modify entity @s {} merge value {transformation:[-0.9746930840523127f,0.21865220269540947f,-0.04652532812390889f,0.1977430567099129f,0.22336110927348515f,0.9610482899768852f,-0.1627759171272653f,0.32278509356557417f,0.009121774208454225f,-0.16904850957328704f,-0.9855655202199092f,0.6649050268826666f,0f,0f,0f,1f],start_interpolation:0}
execute if entity @s[tag=aj.dino.bone.neck_1] run data modify entity @s {} merge value {transformation:[-0.9367234891034871f,0.20551503404519633f,-0.28339491128669125f,0.1746825702381865f,0.164418912220977f,0.9729754332985021f,0.16212719544130205f,0.34100177113816965f,0.3090558626945305f,0.10527286914962136f,-0.9451995010341183f,0.5853192023506895f,0f,0f,0f,1f],start_interpolation:0}
execute if entity @s[tag=aj.dino.bone.neck_2] run data modify entity @s {} merge value {transformation:[-0.9366196897665003f,0.28764852841397764f,-0.20000470205217233f,0.15997691717665394f,0.1604935264950528f,0.8597285993068522f,0.4848799474994394f,0.3918981714563155f,0.311424765705759f,0.42204864605297654f,-0.8514044606824435f,0.5148619060867147f,0f,0f,0f,1f],start_interpolation:0}
execute if entity @s[tag=aj.dino.bone.body_0] run data modify entity @s {} merge value {transformation:[-0.9365094314808017f,0.21878542901743014f,-0.27401281137414896f,0.03291991141723746f,0.15712153950161215f,0.960454158807685f,0.22987089997140794f,0.5093849910273068f,0.3134691477197544f,0.17222295107993238f,-0.9338502816560961f,0.07638240916847808f,0f,0f,0f,1f],start_interpolation:0}
execute if entity @s[tag=aj.dino.bone.leg_left_3] run data modify entity @s {} merge value {transformation:[-0.9838767073389209f,0.05391817798526743f,-0.1705269915253076f,0.24694886713450476f,0.016157163085594006f,0.9763715219328266f,0.215493845015584f,0.08777988357853128f,0.1781167337364707f,0.20926414227316673f,-0.9615003629337466f,-0.18738066237869508f,0f,0f,0f,1f],start_interpolation:0}
execute if entity @s[tag=aj.dino.bone.leg_left_2] run data modify entity @s {} merge value {transformation:[-1.0076079764905452f,-0.01542880486851116f,-0.1911813725069803f,0.23588089324931028f,-0.09951460011412135f,0.9160554739616841f,0.45055678053898396f,0.31508092233935225f,0.16396709907005683f,0.46115780390865924f,-0.9013936264570471f,-0.10748817338039185f,0f,0f,0f,1f],start_interpolation:0}
execute if entity @s[tag=aj.dino.bone.leg_left_1] run data modify entity @s {} merge value {transformation:[-0.9620334281721211f,0.08147255825127125f,0.26048782184852626f,0.2633586410601619f,0.27246093664399673f,0.23065170031648813f,0.9341117872846847f,0.3227737653299792f,0.016022517981649564f,0.9696195209426766f,-0.24409273550112365f,0.16855381473324704f,0f,0f,0f,1f],start_interpolation:0}
execute if entity @s[tag=aj.dino.bone.leg_left_0] run data modify entity @s {} merge value {transformation:[-0.9683658098998453f,0.07665030022535406f,-0.2374708186122661f,0.20018830911631227f,0.2409734579627314f,0.5343904894533567f,-0.8101596122612414f,0.6265642345489437f,0.06480316947881755f,-0.8417550334017402f,-0.5359561670214598f,-0.11078135766414053f,0f,0f,0f,1f],start_interpolation:0}
execute if entity @s[tag=aj.dino.bone.leg_right_3] run data modify entity @s {} merge value {transformation:[-0.9786127908703955f,0.11262667982678738f,-0.17214016537708487f,-0.3674642201872013f,0.07611830349160019f,0.9756667926264359f,0.2056217732624722f,0.0499728687035455f,0.1911099406582935f,0.18812108004484054f,-0.9633729546880307f,-0.005837013655084433f,0f,0f,0f,1f],start_interpolation:0}
execute if entity @s[tag=aj.dino.bone.leg_right_2] run data modify entity @s {} merge value {transformation:[-0.9795187953715333f,0.1926951318069284f,-0.2355285867840793f,-0.32830654884988875f,0.2234072814603319f,0.9943821995606297f,-0.11556568386922628f,0.2778438291729184f,0.20662602838243566f,-0.16166269475537162f,-0.9915810894828657f,-0.07448520530075056f,0f,0f,0f,1f],start_interpolation:0}
execute if entity @s[tag=aj.dino.bone.leg_right_1] run data modify entity @s {} merge value {transformation:[-0.948574742839359f,0.3137520102086707f,-0.04201943999225147f,-0.25973283776508305f,0.02413258915504164f,0.20402934019937735f,0.9786672807846806f,0.28184799801358235f,0.31563202528881357f,0.9273250263137653f,-0.20110872727024276f,0.19439208723195614f,0f,0f,0f,1f],start_interpolation:0}
execute if entity @s[tag=aj.dino.bone.leg_right_0] run data modify entity @s {} merge value {transformation:[-0.9589337370096326f,-0.152999632152132f,-0.2388246230731946f,-0.1888630292596221f,0.06568613532056075f,0.699338727667772f,-0.711765885393976f,0.6067356061742194f,0.27591922667945806f,-0.698223786865883f,-0.6605695450164775f,-0.058061454772335735f,0f,0f,0f,1f],start_interpolation:0}
execute if entity @s[tag=aj.dino.bone.tail_4] run data modify entity @s {} merge value {transformation:[-1.8897716571878016f,-1.4998321022601795f,-1.34347611825424f,-0.5963848531904431f,0.25334516533418494f,1.6507367823370958f,-2.1992147767421812f,0.6939934618418524f,1.9975586706005573f,-1.6282607506382936f,-0.9920623050188702f,-1.6089707989883242f,0f,0f,0f,1f],start_interpolation:0}
execute if entity @s[tag=aj.dino.bone.tail_3] run data modify entity @s {} merge value {transformation:[-1.4220342634362377f,-0.5653010644983696f,-1.412161034066162f,-0.3514026122781489f,0.18823806396204495f,1.8528950422320136f,-0.9312850905025208f,0.8337729657338506f,1.5094139627463445f,-0.7636492617645078f,-1.2142713123998867f,-1.3956023492023655f,0f,0f,0f,1f],start_interpolation:0}
execute if entity @s[tag=aj.dino.bone.tail_2] run data modify entity @s {} merge value {transformation:[-1.7338280906161239f,0.056947859730303405f,-0.8996504701634752f,-0.18542807443433573f,0.23344583603867958f,1.9120992860621886f,-0.3288665943501196f,0.8955361572391487f,0.8706991838915585f,-0.3992582328711356f,-1.703305512718716f,-1.0784127451297334f,0f,0f,0f,1f],start_interpolation:0}
execute if entity @s[tag=aj.dino.bone.tail_1] run data modify entity @s {} merge value {transformation:[-1.4552232283270914f,0.28938255641503047f,-0.293665356792355f,-0.12438168950576578f,0.1919441234788362f,1.428978824878379f,0.4569827365570251f,0.7795474029613545f,0.3648822538836614f,0.4024096222655568f,-1.411589064391217f,-0.7799221677791803f,0f,0f,0f,1f],start_interpolation:0}
execute if entity @s[tag=aj.dino.bone.tail_0] run data modify entity @s {} merge value {transformation:[-1.2476012627135964f,0.0683860343089289f,-0.26953692914138117f,-0.043966457362667306f,-0.06718006479380659f,1.12813796625275f,0.5971827899206706f,0.6322606906542286f,0.2698400354909699f,0.5970458910290182f,-1.0975237017192958f,-0.4447924524182312f,0f,0f,0f,1f],start_interpolation:0}
execute if entity @s[tag=aj.dino.bone.body_1] run data modify entity @s {} merge value {transformation:[-1.2236104134352768f,-0.0515385046367162f,-0.16948726715837015f,-0.0010915578567958538f,-0.06236327643732817f,1.232486382534006f,0.07545020660336717f,0.5317028703116531f,0.165810050784031f,0.0832207574124424f,-1.2223689817935282f,-0.16621429540059465f,0f,0f,0f,1f],start_interpolation:0}