execute if entity @s[tag=aj.dino.bone.head_lower] run data modify entity @s {} merge value {transformation:[-0.8734182158442243f,-0.35634129848430124f,0.33190585898114894f,0.16727334101673613f,-0.38982804735675675f,0.9201033464777006f,-0.037999017020901166f,0.5639150094643849f,-0.291847072497756f,-0.1625752465631182f,-0.9425468558535599f,0.8539488677804845f,0f,0f,0f,1f],start_interpolation:0}
execute if entity @s[tag=aj.dino.bone.head_upper] run data modify entity @s {} merge value {transformation:[-0.9091406569479965f,-0.43069939454418615f,0.26726997588009027f,0.17574476470715655f,-0.4057718520652951f,0.9473187101999605f,0.14631612337705857f,0.5951474855791199f,-0.30378349615996736f,0.023605834614810823f,-0.995304121671599f,0.7857709834762854f,0f,0f,0f,1f],start_interpolation:0}
execute if entity @s[tag=aj.dino.bone.neck_0] run data modify entity @s {} merge value {transformation:[-0.8969400444439064f,-0.3055146747954692f,0.3196237477997872f,0.2016611352982246f,-0.42064667730252436f,0.8123187092762714f,-0.4039736222008543f,0.5559762594255406f,-0.13621648045412596f,-0.49678878614996064f,-0.857114912020751f,0.7384561546029982f,0f,0f,0f,1f],start_interpolation:0}
execute if entity @s[tag=aj.dino.bone.neck_1] run data modify entity @s {} merge value {transformation:[-0.9536530679587498f,-0.2334235085673647f,-0.18989284246902383f,0.18449936627150962f,-0.20627848118435024f,0.9665813551815324f,-0.1522158730740979f,0.5475344966234824f,0.21907764416558284f,-0.10599032721684382f,-0.9699335216205927f,0.6558017707555657f,0f,0f,0f,1f],start_interpolation:0}
execute if entity @s[tag=aj.dino.bone.neck_2] run data modify entity @s {} merge value {transformation:[-0.9182622005550214f,-0.27610860351174166f,-0.28382841665105624f,0.15693059246349503f,-0.3213840078495981f,0.938410520541737f,0.12687795094150806f,0.5678375822132696f,0.2313154783631636f,0.20772514051838323f,-0.9504437992149977f,0.5745695245697255f,0f,0f,0f,1f],start_interpolation:0}
execute if entity @s[tag=aj.dino.bone.body_0] run data modify entity @s {} merge value {transformation:[-0.916841596038877f,-0.33538868398139954f,-0.21660082739941122f,0.05165243831247749f,-0.3260091631321905f,0.9420784597407519f,-0.07877944685221844f,0.53968359926185f,0.23047670885955784f,-0.0016144193128257434f,-0.9730765028113407f,0.1159468384696474f,0f,0f,0f,1f],start_interpolation:0}
execute if entity @s[tag=aj.dino.bone.leg_left_3] run data modify entity @s {} merge value {transformation:[-0.9132863574747435f,-0.07913177103595231f,-0.3995574953160419f,0.3716817783100192f,-0.16365258447775216f,0.9695759271381874f,0.18204492057697458f,0.1504412639054289f,0.3729957919927077f,0.23164775916645186f,-0.8984505856355675f,-0.08827337105669429f,0f,0f,0f,1f],start_interpolation:0}
execute if entity @s[tag=aj.dino.bone.leg_left_2] run data modify entity @s {} merge value {transformation:[-0.9222631163295116f,-0.21628349502046892f,-0.39333750589106437f,0.30767973993529824f,-0.2989112745631112f,0.9664375508671724f,0.16944825084258763f,0.38048943928058543f,0.33488056631869306f,0.2669870962355428f,-0.9320059529029193f,-0.054322698656024515f,0f,0f,0f,1f],start_interpolation:0}
execute if entity @s[tag=aj.dino.bone.leg_left_1] run data modify entity @s {} merge value {transformation:[-0.9857748504414593f,0.1680710716798548f,-0.00024310800862352433f,0.3729846136826704f,0.057447697490218455f,0.3383023734323907f,0.9392823144204748f,0.4214355037444847f,0.15794842921090124f,0.9259069170248144f,-0.3431452676570266f,0.2122707726247322f,0f,0f,0f,1f],start_interpolation:0}
execute if entity @s[tag=aj.dino.bone.leg_left_0] run data modify entity @s {} merge value {transformation:[-0.9779238983653962f,-0.16497848513842117f,-0.12824565664090953f,0.20493998411761036f,0.02705777897957568f,0.5085868813846529f,-0.8605854174224227f,0.6943264342487505f,0.20720213706069426f,-0.8450570889146275f,-0.4928953143139186f,-0.05530878766960484f,0f,0f,0f,1f],start_interpolation:0}
execute if entity @s[tag=aj.dino.bone.leg_right_3] run data modify entity @s {} merge value {transformation:[-0.9847763214241402f,0.0352588812428168f,0.1702128316427523f,-0.2876646188533716f,0.03953679868928785f,0.9989801087232338f,0.021807886755010886f,0.0023488402829578703f,-0.16927031137131435f,0.028205560955627013f,-0.9851659799340602f,0.02689359693982453f,0f,0f,0f,1f],start_interpolation:0}
execute if entity @s[tag=aj.dino.bone.leg_right_2] run data modify entity @s {} merge value {transformation:[-1.0074712979609646f,0.1871015770711837f,0.04535177111227263f,-0.24108697093859863f,0.17610948922249206f,0.9932746366542056f,-0.18561557985779079f,0.22787015066595323f,-0.07777680304137623f,-0.17452992734091993f,-1.0077461351311305f,-0.04481228387813746f,0f,0f,0f,1f],start_interpolation:0}
execute if entity @s[tag=aj.dino.bone.leg_right_1] run data modify entity @s {} merge value {transformation:[-0.9767503995710278f,0.06083223319661882f,-0.20556774149206886f,-0.23311080673311274f,-0.15896240013207388f,0.43785901976504754f,0.8848787680550612f,0.2967262761293584f,0.14383884135409414f,0.8969832318470086f,-0.41800893471695993f,0.22390429627742459f,0f,0f,0f,1f],start_interpolation:0}
execute if entity @s[tag=aj.dino.bone.leg_right_0] run data modify entity @s {} merge value {transformation:[-0.9875953346944245f,-0.1569819579824671f,-0.0034813442516950788f,-0.17963035738149577f,-0.1153615622425109f,0.7404399113537898f,-0.66214835772005f,0.6547638021203475f,0.10652307189888559f,-0.6535330156483166f,-0.7493646859913017f,0.015922926717903463f,0f,0f,0f,1f],start_interpolation:0}
execute if entity @s[tag=aj.dino.bone.tail_4] run data modify entity @s {} merge value {transformation:[-2.7055132274698783f,0.5368486864305897f,0.13286457565232965f,0.1393262330451383f,0.5485803800620049f,2.520939418753672f,0.9846752485895671f,0.643132656135937f,0.0701361119292278f,0.9911202078717037f,-2.5765137280736155f,-1.7167205366469793f,0f,0f,0f,1f],start_interpolation:0}
execute if entity @s[tag=aj.dino.bone.tail_3] run data modify entity @s {} merge value {transformation:[-2.030235707736482f,0.45913159414545335f,-0.05732954154400336f,0.14455424163145855f,0.43825070800786425f,1.9909047440779426f,0.42447631616262466f,0.5516745931584109f,0.14840759416821098f,0.4017984635483833f,-2.037763162570127f,-1.3751231214381023f,0f,0f,0f,1f],start_interpolation:0}
execute if entity @s[tag=aj.dino.bone.tail_2] run data modify entity @s {} merge value {transformation:[-1.9087814997123944f,0.41870816679896833f,0.003245368134124419f,0.14263912866858583f,0.41561796350233343f,1.896420696341179f,-0.2227647321857491f,0.5938446557308753f,-0.0508799545268234f,-0.2169006421093836f,-1.941427108258938f,-1.014305297413132f,0f,0f,0f,1f],start_interpolation:0}
execute if entity @s[tag=aj.dino.bone.tail_1] run data modify entity @s {} merge value {transformation:[-1.3671960299242552f,0.29742138406389895f,0.574431707046948f,0.01669834576410615f,0.14760074274947277f,1.4511471298274286f,-0.4000528444261102f,0.6620517763065018f,-0.6297978139841073f,-0.3055630506051612f,-1.3407617930138478f,-0.7214514347050967f,0f,0f,0f,1f],start_interpolation:0}
execute if entity @s[tag=aj.dino.bone.tail_0] run data modify entity @s {} merge value {transformation:[-1.2510537605195118f,-0.010301529050621346f,0.26190472193764514f,-0.06008489546471326f,-0.05619766625965827f,1.2580678401221368f,-0.21895855439196127f,0.7563959730034302f,-0.2560117715672155f,-0.22582051442167206f,-1.231786825984665f,-0.36694414603984304f,0f,0f,0f,1f],start_interpolation:0}
execute if entity @s[tag=aj.dino.bone.body_1] run data modify entity @s {} merge value {transformation:[-1.209517172003577f,-0.06380026407984996f,-0.24819817079918496f,0.00191510308751513f,-0.12442894775096705f,1.1930234580850843f,0.2996949456973623f,0.6063625f,0.22403178936549845f,0.3181652869473653f,-1.1735353435630491f,-0.11554430720719006f,0f,0f,0f,1f],start_interpolation:0}