execute if entity @s[tag=aj.dino.bone.head_lower] run data modify entity @s {} merge value {transformation:[-0.9451497217128768f,-0.3226173425283672f,-0.05108868608611622f,0.7850793235602569f,-0.1401362081201134f,0.2592219533616307f,0.9555971023758374f,0.7658620734817208f,-0.2950488886943785f,0.9103417101261011f,-0.2902139281373266f,0.5462351501810185f,0f,0f,0f,1f],start_interpolation:0}
execute if entity @s[tag=aj.dino.bone.head_upper] run data modify entity @s {} merge value {transformation:[-0.9838059515185495f,-0.2252818266738142f,0.2546485635355089f,0.7972700792801808f,-0.14586772064213935f,0.9838814730412114f,0.3068742375378389f,0.8090646918429061f,-0.3071162653049417f,0.2543566161126397f,-0.961485441391797f,0.48556904981589055f,0f,0f,0f,1f],start_interpolation:0}
execute if entity @s[tag=aj.dino.bone.neck_0] run data modify entity @s {} merge value {transformation:[-0.9987864410798221f,-0.02818479297021516f,0.04038889154618297f,0.800661925641896f,-0.017074132604319156f,0.9673605576226072f,0.2528280553101031f,0.8097164693796984f,-0.04619652704385191f,0.25183162827830935f,-0.9666678394814745f,0.41898972255436034f,0f,0f,0f,1f],start_interpolation:0}
execute if entity @s[tag=aj.dino.bone.neck_1] run data modify entity @s {} merge value {transformation:[-0.9408995486543418f,0.08789578191799693f,-0.32708159664383446f,0.7733587463405307f,-0.002172582123755276f,0.9641514523286461f,0.2653436580351565f,0.8366362850727345f,0.33867878473410695f,0.2503723397134485f,-0.9069787055259024f,0.34331015617332383f,0f,0f,0f,1f],start_interpolation:0}
execute if entity @s[tag=aj.dino.bone.neck_2] run data modify entity @s {} merge value {transformation:[-0.8901573346598552f,0.2523010840418879f,-0.37942599086323914f,0.742588369146927f,-0.03678832338882535f,0.7901943652620722f,0.6117511621323739f,0.8979667717166404f,0.45416576138399256f,0.5585132300128252f,-0.6941155761738379f,0.2879686194262686f,0f,0f,0f,1f],start_interpolation:0}
execute if entity @s[tag=aj.dino.bone.body_0] run data modify entity @s {} merge value {transformation:[-0.833016871273514f,0.09256565142493442f,-0.5454488906854276f,0.4864021559371119f,-0.11632315201866011f,0.9345611737464293f,0.33625040792561134f,1.0653431914143532f,0.5408805935491949f,0.3435505970042461f,-0.7677376966255443f,-0.07059052910227637f,0f,0f,0f,1f],start_interpolation:0}
execute if entity @s[tag=aj.dino.bone.leg_left_3] run data modify entity @s {} merge value {transformation:[0.32719961203309317f,0.6033449860239418f,-0.7272655922874139f,0.48634727320578436f,-0.13372519923491655f,0.7914486318219041f,0.5964282306169105f,0.6602366900807632f,0.9354453404528642f,-0.09789734943810313f,0.33964411373968884f,-0.6167756399013955f,0f,0f,0f,1f],start_interpolation:0}
execute if entity @s[tag=aj.dino.bone.leg_left_2] run data modify entity @s {} merge value {transformation:[0.31191094597875396f,0.19072620483999436f,-0.958330462871063f,0.501672462708738f,-0.4946222909498558f,0.898384001992066f,0.01780937283933642f,0.869431739660456f,0.8426876945671208f,0.45671862153052933f,0.36516811152275885f,-0.4977225346749289f,0f,0f,0f,1f],start_interpolation:0}
execute if entity @s[tag=aj.dino.bone.leg_left_1] run data modify entity @s {} merge value {transformation:[-0.0445093446346595f,0.5754868283138187f,-0.8165989399194042f,0.7022100269422579f,-0.33469790565336494f,0.7615787444382031f,0.5549550684255274f,1.0535618674180465f,0.941273727558272f,0.2980146413470855f,0.1587168653651015f,-0.4439250715095905f,0f,0f,0f,1f],start_interpolation:0}
execute if entity @s[tag=aj.dino.bone.leg_left_0] run data modify entity @s {} merge value {transformation:[0.0016118958700789277f,-0.7990159809910078f,-0.6013076283506485f,0.43762800810595437f,-0.3685741051477647f,0.558500503949352f,-0.74312200620278f,1.2904859079175135f,0.9295969722445465f,0.22282425633062794f,-0.2935963555367712f,-0.22444697942209763f,0f,0f,0f,1f],start_interpolation:0}
execute if entity @s[tag=aj.dino.bone.leg_right_3] run data modify entity @s {} merge value {transformation:[-0.8609863263222486f,0.23750576985508828f,-0.4497705583646629f,-0.007595583992942766f,-0.11446334851007295f,0.771122271715546f,0.6263134869313589f,0.4702142792014686f,0.4955811616011852f,0.5907295924107729f,-0.6367400261615583f,-0.24525441678426813f,0f,0f,0f,1f],start_interpolation:0}
execute if entity @s[tag=aj.dino.bone.leg_right_2] run data modify entity @s {} merge value {transformation:[-0.843180101159253f,0.2900168870455962f,-0.5069513997792573f,0.04564795363577856f,0.01407000600286872f,0.9001358724535863f,0.491548212847931f,0.6952038577172661f,0.5838763151908506f,0.3971244337122781f,-0.7439373846020587f,-0.17658209829946414f,0f,0f,0f,1f],start_interpolation:0}
execute if entity @s[tag=aj.dino.bone.leg_right_1] run data modify entity @s {} merge value {transformation:[-0.6632068109630898f,0.5841493770011582f,-0.46789553453877664f,0.21595033109805734f,-0.3362977539178945f,0.32591115012348326f,0.8835642268307199f,0.7301852193017533f,0.6686258644428494f,0.7433380304910729f,-0.01969837109268119f,0.03972044498691639f,0f,0f,0f,1f],start_interpolation:0}
execute if entity @s[tag=aj.dino.bone.leg_right_0] run data modify entity @s {} merge value {transformation:[-0.6741243936296981f,-0.17800958007862405f,-0.7168464907590912f,0.28279800448323344f,-0.28079450742196765f,0.9594207135178401f,0.0258135444015975f,1.1374331456001605f,0.6831623134475775f,0.2186880972370254f,-0.6967530190905549f,0.10286942481311023f,0f,0f,0f,1f],start_interpolation:0}
execute if entity @s[tag=aj.dino.bone.tail_4] run data modify entity @s {} merge value {transformation:[2.6591037598616096f,0.5962459224347039f,-0.44645193007740736f,-0.9056243327433808f,-0.7292352769174519f,1.7465484534094449f,-2.0108321019896724f,1.1351030907561706f,-0.15180394194150526f,2.0541958600564527f,1.8392651422070594f,0.6937310450801741f,0f,0f,0f,1f],start_interpolation:0}
execute if entity @s[tag=aj.dino.bone.tail_3] run data modify entity @s {} merge value {transformation:[1.8193165542833556f,0.6725822123620181f,-0.7574073996002395f,-0.7837777720687744f,-0.9723832678051852f,1.5957897288270035f,-0.9186247590323229f,1.2752518476180956f,0.2837315312888097f,1.156301792366032f,1.708334893739531f,0.39274525631832546f,0f,0f,0f,1f],start_interpolation:0}
execute if entity @s[tag=aj.dino.bone.tail_2] run data modify entity @s {} merge value {transformation:[1.5834605599305227f,0.2644270481918621f,-1.1142283726112128f,-0.5754113480539991f,-0.7957222083009045f,1.6214327916723823f,-0.7460266378012346f,1.413734001972433f,0.823560985819523f,1.0582097680879823f,1.4215179437354744f,0.1293489574874251f,0f,0f,0f,1f],start_interpolation:0}
execute if entity @s[tag=aj.dino.bone.tail_1] run data modify entity @s {} merge value {transformation:[0.8696782758152487f,0.2966490061685571f,-1.2013805865395961f,-0.32134474349596714f,-0.7131073464943181f,1.3202074160163548f,-0.19022760333677408f,1.43921197074737f,1.0113327142690725f,0.6758017429946653f,0.8989740792784423f,-0.0733274115206171f,0f,0f,0f,1f],start_interpolation:0}
execute if entity @s[tag=aj.dino.bone.tail_0] run data modify entity @s {} merge value {transformation:[0.04487219237980684f,0.4814868313020363f,-1.1832128440047385f,0.0360366848801405f,-0.7365980661383909f,0.9770435089241072f,0.36965522749513346f,1.3547679220070528f,1.0436692444909164f,0.6688737769833861f,0.3117660904456528f,-0.14829159353427765f,0f,0f,0f,1f],start_interpolation:0}
execute if entity @s[tag=aj.dino.bone.body_1] run data modify entity @s {} merge value {transformation:[-0.48695785377794737f,0.30241291681419913f,-1.0954556455850477f,0.2703451215703343f,-0.48136822908339344f,1.0247038098308494f,0.4968614748634778f,1.1702335156250003f,1.0294470708731667f,0.6222002289603573f,-0.28584995786003903f,-0.12374508331281892f,0f,0f,0f,1f],start_interpolation:0}