execute if entity @s[tag=aj.dino.bone.head_lower] run data modify entity @s {} merge value {transformation:[-0.9685789686332036f,-0.2454617705182567f,-0.0400412379364353f,0.42438511582910876f,-0.24845065286544724f,0.9476645288344419f,0.20050988474319392f,0.248841099420834f,-0.011271850432496346f,0.20415792907217345f,-0.9788730690875038f,0.7277900818824182f,0f,0f,0f,1f],start_interpolation:0}
execute if entity @s[tag=aj.dino.bone.head_upper] run data modify entity @s {} merge value {transformation:[-1.0081934448757315f,-0.19309334301114792f,-0.17243225097959983f,0.4078492586678107f,-0.2586121810465387f,0.7198010838746705f,0.7060298025230307f,0.3135955964085347f,-0.011732864418581101f,0.7266865232830017f,-0.7451583585754816f,0.6927347393565224f,0f,0f,0f,1f],start_interpolation:0}
execute if entity @s[tag=aj.dino.bone.neck_0] run data modify entity @s {} merge value {transformation:[-0.996345086448827f,-0.08539912368133419f,-0.0018596730195524769f,0.4094371406302432f,-0.08516452059977161f,0.9914565553691297f,0.09879728359925369f,0.3039183339220057f,-0.006593416435394239f,0.09859456622979035f,-0.995105842797473f,0.626791085560747f,0f,0f,0f,1f],start_interpolation:0}
execute if entity @s[tag=aj.dino.bone.neck_1] run data modify entity @s {} merge value {transformation:[-0.9347122611739324f,-0.06575574897706432f,-0.34926948089917603f,0.3795465029200775f,-0.14401970458185206f,0.9685114063896209f,0.20308614030838074f,0.32558420649702824f,0.32491739489179483f,0.24012879287928932f,-0.9147496101814228f,0.5504060308224428f,0f,0f,0f,1f],start_interpolation:0}
execute if entity @s[tag=aj.dino.bone.neck_2] run data modify entity @s {} merge value {transformation:[-0.835230504810772f,-0.12706211338591383f,-0.5350188998301352f,0.33143081714934f,-0.42576672767121615f,0.7651650014396683f,0.48295467093711547f,0.3753861014233719f,0.3480124960999064f,0.6311717198304581f,-0.6931879706432985f,0.495857131303775f,0f,0f,0f,1f],start_interpolation:0}
execute if entity @s[tag=aj.dino.bone.body_0] run data modify entity @s {} merge value {transformation:[-0.7599871387381866f,-0.27054393151286005f,-0.590953069265326f,0.050339582551027225f,-0.5025016519414914f,0.8212502969098335f,0.2702592082086802f,0.5105816884210294f,0.4122033948775973f,0.5023484158898837f,-0.7600884358443484f,0.14241579841883906f,0f,0f,0f,1f],start_interpolation:0}
execute if entity @s[tag=aj.dino.bone.leg_left_3] run data modify entity @s {} merge value {transformation:[-0.21756079555591662f,0.07663065731007757f,-0.973033937022395f,0.22872629641762837f,0.09920747719133731f,0.9934863873616956f,0.05605956293386993f,0.004372187247606879f,0.9709918520288453f,-0.08433587900313674f,-0.22374602299563068f,-0.26775153165134796f,0f,0f,0f,1f],start_interpolation:0}
execute if entity @s[tag=aj.dino.bone.leg_left_2] run data modify entity @s {} merge value {transformation:[-0.3405963030066548f,0.22852213041831024f,-0.9401244565417763f,0.25241202286133896f,-0.34203211914425025f,0.9038790695120962f,0.3436260419006895f,0.2251540486168721f,0.9050250755380134f,0.42760082215510054f,-0.22394050334941562f,-0.1735951292180994f,0f,0f,0f,1f],start_interpolation:0}
execute if entity @s[tag=aj.dino.bone.leg_left_1] run data modify entity @s {} merge value {transformation:[-0.6295959342777934f,0.5266317139047304f,-0.5711987372628187f,0.4383144378459511f,-0.09533233605844328f,0.677284291819569f,0.7295188371495999f,0.3723586851986681f,0.7710516877891602f,0.5137558038253494f,-0.3762104049508156f,-0.029426919367674824f,0f,0f,0f,1f],start_interpolation:0}
execute if entity @s[tag=aj.dino.bone.leg_left_0] run data modify entity @s {} merge value {transformation:[-0.5952889459176485f,-0.6128490988420414f,-0.5196605169884977f,0.17077598376378245f,-0.13790405655332222f,0.7150649565046205f,-0.6853207855925452f,0.6928709415698387f,0.7915892508456599f,-0.33630059474753066f,-0.5101846410056502f,-0.02789470931765753f,0f,0f,0f,1f],start_interpolation:0}
execute if entity @s[tag=aj.dino.bone.leg_right_3] run data modify entity @s {} merge value {transformation:[-0.9919373469190609f,0.053393888944286476f,0.1149321208826318f,-0.3457515119286135f,0.04855583421693847f,0.9978290142031261f,-0.04449257666078327f,0.03655920631112117f,-0.11705823657766215f,-0.03855322344271209f,-0.9923764498472871f,0.0408648503905827f,0f,0f,0f,1f],start_interpolation:0}
execute if entity @s[tag=aj.dino.bone.leg_right_2] run data modify entity @s {} merge value {transformation:[-0.9910613181435848f,0.2466759451694269f,0.09492439757493634f,-0.2837806071944841f,0.26008267879431374f,0.9757663652668154f,0.17971978217730175f,0.2691595889441266f,-0.04708145464371932f,0.1977199483852168f,-1.0053618045956758f,0.055955941518416485f,0f,0f,0f,1f],start_interpolation:0}
execute if entity @s[tag=aj.dino.bone.leg_right_1] run data modify entity @s {} merge value {transformation:[-0.9876288920454629f,0.07867461008306001f,-0.13564467304442798f,-0.27488233607887225f,-0.11030068138977193f,0.26630434950077475f,0.9575571800795614f,0.2885242096927674f,0.11145820419333549f,0.9606728366958484f,-0.2543320065441019f,0.3326493059024943f,0f,0f,0f,1f],start_interpolation:0}
execute if entity @s[tag=aj.dino.bone.leg_right_0] run data modify entity @s {} merge value {transformation:[-0.9949624547086129f,-0.09613803984147093f,0.028411107258450655f,-0.19925221543440863f,-0.07729910643481505f,0.5552797440671392f,-0.8280635567232214f,0.5829426346323577f,0.06383229484039055f,-0.8260883022559831f,-0.5599138817811513f,0.04645854002796822f,0f,0f,0f,1f],start_interpolation:0}
execute if entity @s[tag=aj.dino.bone.tail_4] run data modify entity @s {} merge value {transformation:[-1.8666306858733772f,0.2942041730964251f,-2.0136521841391906f,-0.7544156345295242f,0.2980062499404936f,2.7425110475783034f,0.12444581353891222f,0.6842167744622094f,2.013093015524193f,-0.13318554742766284f,-1.8855713861861891f,-1.5623421390227723f,0f,0f,0f,1f],start_interpolation:0}
execute if entity @s[tag=aj.dino.bone.tail_3] run data modify entity @s {} merge value {transformation:[-1.580628671446066f,0.0919410697907103f,-1.3524442201927693f,-0.525990788728498f,-0.06351268088498935f,2.0701938238711755f,0.2149632457349093f,0.6275084799637349f,1.3540770540903089f,0.20442577463672543f,-1.5686398440351854f,-1.2983592558833206f,0f,0f,0f,1f],start_interpolation:0}
execute if entity @s[tag=aj.dino.bone.tail_2] run data modify entity @s {} merge value {transformation:[-1.6790852491922728f,-0.05609902211890788f,-0.9981480354461468f,-0.3416921891423895f,0.06939958696807864f,1.9398417094488998f,-0.22576916222949303f,0.6699913822278906f,0.9973115352167345f,-0.22943608478713484f,-1.664783066866061f,-0.9881968578158662f,0f,0f,0f,1f],start_interpolation:0}
execute if entity @s[tag=aj.dino.bone.tail_1] run data modify entity @s {} merge value {transformation:[-1.3390433754450004f,-0.11671472192345542f,-0.6935393012390796f,-0.18974426803357633f,-0.038416022843259304f,1.5014382903105978f,-0.1785035562057397f,0.6900865255170964f,0.702241623563974f,-0.14041717870517118f,-1.332214685423755f,-0.7004735680290914f,0f,0f,0f,1f],start_interpolation:0}
execute if entity @s[tag=aj.dino.bone.tail_0] run data modify entity @s {} merge value {transformation:[-1.1776905942310807f,-0.37893442371488695f,-0.32138650153287185f,-0.10497202522507673f,-0.3994509174024047f,1.2137579339470896f,0.032655151980932405f,0.7098340721980616f,0.2954988078318579f,0.13052239994877146f,-1.2367215023058309f,-0.33592506295729563f,0f,0f,0f,1f],start_interpolation:0}
execute if entity @s[tag=aj.dino.bone.body_1] run data modify entity @s {} merge value {transformation:[-1.163780491525014f,-0.27594113218284855f,-0.3131709663613379f,-0.013577568905328914f,-0.3457369447988808f,1.1570076622088916f,0.2653371998934585f,0.570214213256836f,0.2338493694735612f,0.33733419070087334f,-1.1662438472451868f,-0.08751155658076783f,0f,0f,0f,1f],start_interpolation:0}