execute if entity @s[tag=aj.dino.bone.head_lower] run data modify entity @s {} merge value {transformation:[-0.9944068515345607f,0.08490679223256499f,-0.06281600316717355f,0.18679650201799408f,0.04493605213019514f,0.8783552453409187f,0.47589159921251706f,0.6670662995543716f,0.09558119501279891f,0.47040716365173535f,-0.8772578500902997f,0.8262910235556512f,0f,0f,0f,1f],start_interpolation:0}
execute if entity @s[tag=aj.dino.bone.head_upper] run data modify entity @s {} merge value {transformation:[-1.035077677426136f,0.06838443120754946f,-0.08607969473716093f,0.18207663125446658f,0.04677391793896507f,1.0115038407662094f,0.24113092563865215f,0.7064168016354286f,0.09949042606332448f,0.23591416292188588f,-1.008919275977078f,0.7620670615341347f,0f,0f,0f,1f],start_interpolation:0}
execute if entity @s[tag=aj.dino.bone.neck_0] run data modify entity @s {} merge value {transformation:[-0.9857084971419858f,0.01942872784468687f,-0.16733583954558234f,0.1712595244911051f,0.06082760767924157f,0.967360682505835f,-0.24599453669922372f,0.6747886010536197f,0.15709475104569234f,-0.25265754387348605f,-0.9547174475821154f,0.7043835857067906f,0f,0f,0f,1f],start_interpolation:0}
execute if entity @s[tag=aj.dino.bone.neck_1] run data modify entity @s {} merge value {transformation:[-0.9742155219490065f,0.06094056652680546f,-0.21723343238327042f,0.15313774715186024f,0.061313124432908025f,0.998105900170075f,0.005031184548303258f,0.6798129575380042f,0.21712857381261372f,-0.008417802389956097f,-0.9761067170330424f,0.6216557556100457f,0f,0f,0f,1f],start_interpolation:0}
execute if entity @s[tag=aj.dino.bone.neck_2] run data modify entity @s {} merge value {transformation:[-0.9742155219490065f,0.09894715582814473f,-0.2027648321261499f,0.13634278161889848f,0.061313124432908025f,0.9809888280253787f,0.18412392582624532f,0.705548088114213f,0.21712857381261372f,0.16694424111934741f,-0.9617613023984618f,0.5390327407708815f,0f,0f,0f,1f],start_interpolation:0}
execute if entity @s[tag=aj.dino.bone.body_0] run data modify entity @s {} merge value {transformation:[-0.9742155219490065f,0.03369763362624329f,-0.2230887408221589f,0.03152290673452508f,0.061313124432908025f,0.9911138236753234f,-0.11804274349554295f,0.6593565838278387f,0.21712857381261372f,-0.12867734069241282f,-0.9676245782463512f,0.08176909311877348f,0f,0f,0f,1f],start_interpolation:0}
execute if entity @s[tag=aj.dino.bone.leg_left_3] run data modify entity @s {} merge value {transformation:[-0.9854124210218544f,-0.053411332313175575f,-0.16158462202938378f,0.3420503521731414f,-0.037608252597538715f,0.9943439611216035f,-0.09932626197315116f,0.027041034861897684f,0.1659758411107081f,-0.09180041700085502f,-0.9818475969345051f,-0.22921808976226654f,0f,0f,0f,1f],start_interpolation:0}
execute if entity @s[tag=aj.dino.bone.leg_left_2] run data modify entity @s {} merge value {transformation:[-0.9976062703573358f,-0.15850815009796987f,-0.17809855473007039f,0.2980506247554303f,-0.1242075542102878f,0.9995294843821121f,-0.19384399095309138f,0.2538465659445932f,0.20351022657723825f,-0.16696758878310253f,-0.9913463630210848f,-0.29845931392446057f,0f,0f,0f,1f],start_interpolation:0}
execute if entity @s[tag=aj.dino.bone.leg_left_1] run data modify entity @s {} merge value {transformation:[-0.9846787831046782f,0.02203177372334473f,0.1729806204466082f,0.31447221914174195f,0.146440403780771f,0.6430423938070827f,0.7516992004168833f,0.3857573303825148f,-0.0946726055626174f,0.7655136058317059f,-0.6364165436587306f,-0.05485457849638993f,0f,0f,0f,1f],start_interpolation:0}
execute if entity @s[tag=aj.dino.bone.leg_left_0] run data modify entity @s {} merge value {transformation:[-0.9922962130734404f,0.1025375155273858f,0.06952901142386894f,0.23369182176057646f,0.08919001309634027f,0.9807843440992216f,-0.1735142989316284f,0.7953409122809904f,-0.08598469098615188f,-0.16597628830447725f,-0.9823739128441294f,-0.05004881085647686f,0f,0f,0f,1f],start_interpolation:0}
execute if entity @s[tag=aj.dino.bone.leg_right_3] run data modify entity @s {} merge value {transformation:[-0.9781514957830787f,0.15230046061140184f,0.1415069644748291f,-0.3076114961722074f,0.20602516727026182f,0.8011908508059024f,0.5618245731864837f,0.2751443675977351f,-0.027807943983443204f,0.5787035426558826f,-0.8150637569963131f,-0.022176379096982696f,0f,0f,0f,1f],start_interpolation:0}
execute if entity @s[tag=aj.dino.bone.leg_right_2] run data modify entity @s {} merge value {transformation:[-0.9942959057499524f,0.23575212110507468f,0.08864980938521103f,-0.24837581377760656f,0.2345848533527354f,0.9982366971854166f,-0.023572069712277127f,0.5067394799536958f,-0.09169404499230935f,-0.002575516938995723f,-1.0215908027807121f,-0.05420620785224595f,0f,0f,0f,1f],start_interpolation:0}
execute if entity @s[tag=aj.dino.bone.leg_right_1] run data modify entity @s {} merge value {transformation:[-0.9939835723418795f,0.018309767086315834f,-0.10798801018502181f,-0.2574701472182219f,-0.10165097026487786f,0.21295175791590243f,0.9717605821624664f,0.511028838056616f,0.04078894652579826f,0.976891140931154f,-0.20980934348008395f,0.22312442544689298f,0f,0f,0f,1f],start_interpolation:0}
execute if entity @s[tag=aj.dino.bone.leg_right_0] run data modify entity @s {} merge value {transformation:[-0.9976473406074653f,-0.03271787335800333f,0.06024387555413208f,-0.15921840756506578f,-0.0682019351826128f,0.5627427209045192f,-0.8238137690681825f,0.8069737316999341f,-0.0069483678802133055f,-0.8259843647623772f,-0.5636502012346781f,-0.054491305638408885f,0f,0f,0f,1f],start_interpolation:0}
execute if entity @s[tag=aj.dino.bone.tail_4] run data modify entity @s {} merge value {transformation:[-2.7583629156109195f,0.003058941451274432f,0.13071342800043395f,0.0888681539651241f,0.12791919450276484f,-0.5081413101802345f,2.7112894386557254f,1.951457886213581f,0.027056183400301574f,2.7143036645455703f,0.5074297105750671f,-1.2512871317736256f,0f,0f,0f,1f],start_interpolation:0}
execute if entity @s[tag=aj.dino.bone.tail_3] run data modify entity @s {} merge value {transformation:[-2.0799579606767846f,0.04755830682457902f,0.08636327526034875f,0.07375873859186576f,0.09645813660834386f,0.6041545420288947f,1.9903865562428689f,1.6080497527796889f,0.02040185638028143f,1.992154869191218f,-0.6056800041758048f,-1.1680809848054228f,0f,0f,0f,1f],start_interpolation:0}
execute if entity @s[tag=aj.dino.bone.tail_2] run data modify entity @s {} merge value {transformation:[-1.9519766578287803f,0.06966085731996723f,0.06089636484888251f,0.06101143399803702f,0.09052299838593007f,1.1716524925679825f,1.5613487433706894f,1.318144166456484f,0.019146515546750023f,1.5624185343944998f,-1.1735653408846638f,-0.9495318113607916f,0f,0f,0f,1f],start_interpolation:0}
execute if entity @s[tag=aj.dino.bone.tail_1] run data modify entity @s {} merge value {transformation:[-1.51080367264473f,0.05960738942626325f,0.03969221395918322f,0.05318485301969178f,0.07006358291825045f,1.0568211604633295f,1.0797575557251728f,1.0728069036385885f,0.014819145449492708f,1.0803852294078846f,-1.058397089473237f,-0.7349973173929438f,0f,0f,0f,1f],start_interpolation:0}
execute if entity @s[tag=aj.dino.bone.tail_0] run data modify entity @s {} merge value {transformation:[-1.277560155095726f,0.024172633028838503f,0.033037108049363745f,0.044113970888589066f,0.03807766428527562f,1.0804304178640365f,0.6819500863118569f,0.8995979490245294f,-0.01502857872155823f,0.6825844362059716f,-1.0805962918014358f,-0.40274998717093924f,0f,0f,0f,1f],start_interpolation:0}
execute if entity @s[tag=aj.dino.bone.body_1] run data modify entity @s {} merge value {transformation:[-1.2357470614418982f,0.031009502586638888f,0.023920826559569727f,0.0364640037329247f,0.03658653132527576f,1.1834810965826397f,0.3558630562637645f,0.7371489228688175f,-0.013972147993361439f,0.3563923397565272f,-1.1838048294797459f,-0.1515375f,0f,0f,0f,1f],start_interpolation:0}