execute if entity @s[tag=aj.dino.bone.head_lower] run data modify entity @s {} merge value {transformation:[-0.9537213027971034f,-0.24224594568802965f,-0.17813640388395677f,0.4398932829490265f,-0.2991844582643687f,0.7052445745379458f,0.6427431446681079f,0.2696856773714044f,-0.03007218854776307f,0.6662934727899594f,-0.7450829964463314f,0.723278035415994f,0f,0f,0f,1f],start_interpolation:0}
execute if entity @s[tag=aj.dino.bone.head_upper] run data modify entity @s {} merge value {transformation:[-0.9927281066976289f,-0.2459163105192658f,-0.1936182248050028f,0.42071559567787675f,-0.3114209779471904f,0.7116784642646033f,0.6928222575667576f,0.3333308963682747f,-0.03130212852928802f,0.718686909791792f,-0.7523172502521581f,0.687543473692541f,0f,0f,0f,1f],start_interpolation:0}
execute if entity @s[tag=aj.dino.bone.neck_0] run data modify entity @s {} merge value {transformation:[-0.9925794465303035f,-0.11048997941517293f,0.050774075810704755f,0.4261129293894688f,-0.1031599546402202f,0.9862079494298379f,0.1294291475673937f,0.32572535713082573f,-0.06437442103991498f,0.12323086029980118f,-0.9902878818735221f,0.6215301355250902f,0f,0f,0f,1f],start_interpolation:0}
execute if entity @s[tag=aj.dino.bone.neck_1] run data modify entity @s {} merge value {transformation:[-0.9366954851938456f,-0.09097688529156944f,-0.33811946758521716f,0.3970506535285613f,-0.1792872266582477f,0.9540812111989527f,0.2399690246559615f,0.35044921599247647f,0.30076179673399384f,0.2853984036041266f,-0.9099945564922661f,0.5457564476822451f,0f,0f,0f,1f],start_interpolation:0}
execute if entity @s[tag=aj.dino.bone.neck_2] run data modify entity @s {} merge value {transformation:[-0.8292189392182613f,-0.1407084511610602f,-0.5409224367814641f,0.3482841674685804f,-0.45327495236685506f,0.7355285954418017f,0.5035270626731355f,0.40176324779036066f,0.3270134070624121f,0.6627207685437857f,-0.673693858174592f,0.4932242635267385f,0f,0f,0f,1f],start_interpolation:0}
execute if entity @s[tag=aj.dino.bone.body_0] run data modify entity @s {} merge value {transformation:[-0.7470573514002673f,-0.30138638718331756f,-0.5925129191329122f,0.06616396853378052f,-0.533190838331173f,0.8039730644465782f,0.26331509938489894f,0.533521515104025f,0.39700484082504417f,0.5126339408047087f,-0.7613104485664938f,0.13930498311012296f,0f,0f,0f,1f],start_interpolation:0}
execute if entity @s[tag=aj.dino.bone.leg_left_3] run data modify entity @s {} merge value {transformation:[-0.21183826850026924f,0.10391939347209514f,-0.9717640185040809f,0.24748219295180307f,0.10480456201164198f,0.9910122253180702f,0.08313105948846236f,0.027312649004582162f,0.9716689517424932f,-0.08423496263736464f,-0.22082554039133712f,-0.27901751836415073f,0f,0f,0f,1f],start_interpolation:0}
execute if entity @s[tag=aj.dino.bone.leg_left_2] run data modify entity @s {} merge value {transformation:[-0.32865830206562924f,0.21856641072365932f,-0.9467178270675f,0.26866201126334305f,-0.351727604880671f,0.9048664494055334f,0.33100845941731494f,0.2479196860127998f,0.9057227014649343f,0.43070596971053726f,-0.21499059329994327f,-0.18385963595412297f,0f,0f,0f,1f],start_interpolation:0}
execute if entity @s[tag=aj.dino.bone.leg_left_1] run data modify entity @s {} merge value {transformation:[-0.6252555841391226f,0.5064521477013616f,-0.5937690431401109f,0.4501928723212978f,-0.11405188410366889f,0.6933658715362304f,0.7115025902420923f,0.40082151092833307f,0.7720412050112662f,0.5125914457708804f,-0.3757690613758278f,-0.04005085986301385f,0f,0f,0f,1f],start_interpolation:0}
execute if entity @s[tag=aj.dino.bone.leg_left_0] run data modify entity @s {} merge value {transformation:[-0.5905732576763578f,-0.6191108051383025f,-0.5176147585594298f,0.18057765091720723f,-0.15677609259189287f,0.7172202450085867f,-0.67898186790329f,0.719469618309489f,0.7916087948659695f,-0.31983891431598105f,-0.5206328694771605f,-0.03120243547877076f,0f,0f,0f,1f],start_interpolation:0}
execute if entity @s[tag=aj.dino.bone.leg_right_3] run data modify entity @s {} merge value {transformation:[-0.9965504125232187f,0.02983006958281102f,0.07744315494920706f,-0.32094124670575636f,0.029303211138366453f,0.9995391051100194f,-0.007930899875931985f,0.04886163586034281f,-0.07764404108998044f,-0.005634208422342496f,-0.9969652243577363f,0.01578811493245482f,0f,0f,0f,1f],start_interpolation:0}
execute if entity @s[tag=aj.dino.bone.leg_right_2] run data modify entity @s {} merge value {transformation:[-0.99722668042133f,0.22869950347831708f,0.07278519399795447f,-0.26383526017501424f,0.23932148234634715f,0.9709812672398945f,0.22799738212850157f,0.2818708216405272f,-0.018065864056160997f,0.23865061340519153f,-0.9973874416584184f,0.040621514023635674f,0f,0f,0f,1f],start_interpolation:0}
execute if entity @s[tag=aj.dino.bone.leg_right_1] run data modify entity @s {} merge value {transformation:[-0.9826481734500639f,0.09138962386836354f,-0.16140168482532055f,-0.2500174677182753f,-0.13705102263761562f,0.22858773432524865f,0.9638281303790803f,0.2901236792374648f,0.12497833575959014f,0.9692242177975379f,-0.2120962781981679f,0.31766725864512024f,0f,0f,0f,1f],start_interpolation:0}
execute if entity @s[tag=aj.dino.bone.leg_right_0] run data modify entity @s {} merge value {transformation:[-0.9916634904695298f,-0.12500212179467085f,0.03127285111113337f,-0.18633687669556098f,-0.10120193033618444f,0.6053334002648636f,-0.7895122822477231f,0.6038357974447338f,0.07976020916483931f,-0.7860953784819047f,-0.6129374886261831f,0.049643439216026625f,0f,0f,0f,1f],start_interpolation:0}
execute if entity @s[tag=aj.dino.bone.tail_4] run data modify entity @s {} merge value {transformation:[-0.4752400774544814f,-0.1817047772805104f,-2.7141834083743306f,-1.0759964900177312f,0.08641206085649625f,2.752893625683865f,-0.19942661058062713f,0.6985072015305268f,2.7188860138151423f,-0.11925347450948336f,-0.46807989093511043f,-1.270104063204931f,0f,0f,0f,1f],start_interpolation:0}
execute if entity @s[tag=aj.dino.bone.tail_3] run data modify entity @s {} merge value {transformation:[-0.7827512257489524f,-0.04631778813842305f,-1.9290154761263372f,-0.7484534944312013f,-0.23745386969565993f,2.0681829818955193f,0.04669410250510685f,0.6703508131518248f,1.9149051424024937f,0.23752756038861042f,-0.7827288672974613f,-1.1397065660263583f,0f,0f,0f,1f],start_interpolation:0}
execute if entity @s[tag=aj.dino.bone.tail_2] run data modify entity @s {} merge value {transformation:[-1.1957787757354672f,-0.2641721848698035f,-1.5228591698658405f,-0.4663043740518964f,-0.07107375133933236f,1.9327746077633523f,-0.2794722033736991f,0.7227114395253453f,1.5439674596227468f,-0.11562546142225674f,-1.1922957314776188f,-0.9169472280759646f,0f,0f,0f,1f],start_interpolation:0}
execute if entity @s[tag=aj.dino.bone.tail_1] run data modify entity @s {} merge value {transformation:[-1.093018494353645f,-0.21414298124146142f,-1.02328373610935f,-0.2424432149630008f,-0.14614017288623124f,1.4971912561467335f,-0.1572184543447377f,0.7383810986036854f,1.0351859112592645f,-0.014743680096399097f,-1.102646363539799f,-0.6804787941686607f,0f,0f,0f,1f],start_interpolation:0}
execute if entity @s[tag=aj.dino.bone.tail_0] run data modify entity @s {} merge value {transformation:[-1.108382879060776f,-0.3783300501201167f,-0.5120444152269245f,-0.10194171385946434f,-0.45431700084022814f,1.1902149018300914f,0.10402051140594093f,0.7367058932721745f,0.4460035568653162f,0.2721958435055966f,-1.1665444554862845f,-0.33301882068174027f,0f,0f,0f,1f],start_interpolation:0}
execute if entity @s[tag=aj.dino.bone.body_1] run data modify entity @s {} merge value {transformation:[-1.153987642612464f,-0.2832572286127029f,-0.3415881411768109f,-0.003447871443143894f,-0.3636814306977229f,1.1490301557864318f,0.2758081092268969f,0.5951890362548828f,0.25426940972054696f,0.3579100984721016f,-1.1557906487544816f,-0.08842146993352037f,0f,0f,0f,1f],start_interpolation:0}