execute if entity @s[tag=aj.dino.bone.head_lower] run data modify entity @s {} merge value {transformation:[-0.9838720084854934f,0.16886040544769423f,-0.05900876537228439f,0.42919301921463654f,0.17513370713253093f,0.9764815966313496f,-0.12574528248132044f,0.2476270045460079f,0.03638757404304238f,-0.1340516874654344f,-0.9903060585207643f,0.743447281726737f,0f,0f,0f,1f],start_interpolation:0}
execute if entity @s[tag=aj.dino.bone.head_upper] run data modify entity @s {} merge value {transformation:[-1.02411196368588f,0.16663844896977306f,0.08305573877767942f,0.4383425717145181f,0.18229660278187348f,0.802951514744755f,0.6367956942118866f,0.30961267614780064f,0.037875810659913633f,0.641071318089929f,-0.8191855288472828f,0.7013816342584823f,0f,0f,0f,1f],start_interpolation:0}
execute if entity @s[tag=aj.dino.bone.neck_0] run data modify entity @s {} merge value {transformation:[-0.9218504378491205f,0.10749715862029585f,-0.3723387317026629f,0.41281944366865214f,0.08803614925935407f,0.9937291893535141f,0.06893427776072292f,0.29791156113341277f,0.3774141050106228f,0.03076782597732104f,-0.9255333242102414f,0.640913542702098f,0f,0f,0f,1f],start_interpolation:0}
execute if entity @s[tag=aj.dino.bone.neck_1] run data modify entity @s {} merge value {transformation:[-0.885423332397473f,0.08802090689765321f,-0.45637467326207815f,0.3745640202412317f,0.08523593360307298f,0.9960021662857423f,0.02673051396664633f,0.30476444398419117f,0.4569030072881623f,-0.015231700595245479f,-0.8893861013238347f,0.5655006961867096f,0f,0f,0f,1f],start_interpolation:0}
execute if entity @s[tag=aj.dino.bone.neck_2] run data modify entity @s {} merge value {transformation:[-0.8736451544719496f,0.028058864453297125f,-0.48575389261772745f,0.3322830499135122f,-0.17739922415828702f,0.9112474753732189f,0.3716955123403736f,0.34624944089512644f,0.45307136229927514f,0.41090234697738887f,-0.7911293205998325f,0.5002148250231353f,0f,0f,0f,1f],start_interpolation:0}
execute if entity @s[tag=aj.dino.bone.body_0] run data modify entity @s {} merge value {transformation:[-0.8559175418783191f,-0.00030656644310649017f,-0.51711223880507f,0.08856707050699963f,-0.20879094304351414f,0.9150682365833648f,0.34504559771023213f,0.5175853059637197f,0.47308720507743157f,0.4032989318275307f,-0.7832869640041235f,0.134896542663429f,0f,0f,0f,1f],start_interpolation:0}
execute if entity @s[tag=aj.dino.bone.leg_left_3] run data modify entity @s {} merge value {transformation:[-0.20919001227539813f,0.02064017927416756f,-0.9776571596238373f,0.26098756929679795f,-0.06373220250449792f,0.9973638246251272f,0.034693049636271484f,0.050130207756947626f,0.9757959546586289f,0.0695656835564013f,-0.207323106631138f,-0.25286363382414256f,0f,0f,0f,1f],start_interpolation:0}
execute if entity @s[tag=aj.dino.bone.leg_left_2] run data modify entity @s {} merge value {transformation:[-0.29284660474871155f,0.1795127006895028f,-0.9664772402281429f,0.2725089276206696f,-0.3290241788117517f,0.9323860793133277f,0.2728763242948504f,0.27539070878536426f,0.9263078080989596f,0.38793503179601735f,-0.20862036156861286f,-0.1674467909603647f,0f,0f,0f,1f],start_interpolation:0}
execute if entity @s[tag=aj.dino.bone.leg_left_1] run data modify entity @s {} merge value {transformation:[-0.5515792414877219f,0.6787815605334566f,-0.4847844195512012f,0.49360885869651944f,-0.03447741895491292f,0.5621412767126407f,0.8263222692134651f,0.38496853164959277f,0.8334096519371714f,0.4724963260128572f,-0.2866628227767163f,-0.040478657657728914f,0f,0f,0f,1f],start_interpolation:0}
execute if entity @s[tag=aj.dino.bone.leg_left_0] run data modify entity @s {} merge value {transformation:[-0.5125329890609913f,-0.6914627815865322f,-0.5091062333195514f,0.20396743377523013f,-0.07177788535575391f,0.6253284549325224f,-0.7770535751320888f,0.6854038053505643f,0.8556622407808248f,-0.3617230226738687f,-0.37013319841594594f,-0.05287905483848765f,0f,0f,0f,1f],start_interpolation:0}
execute if entity @s[tag=aj.dino.bone.leg_right_3] run data modify entity @s {} merge value {transformation:[-0.9808059473724029f,0.0911516412133204f,0.17236899925172539f,-0.34389992474906256f,0.08334084281529963f,0.9951615672754843f,-0.05203613106906302f,0.030623093568970944f,-0.17627818219439056f,-0.03667196915791833f,-0.983657038382953f,0.16343748502596323f,0f,0f,0f,1f],start_interpolation:0}
execute if entity @s[tag=aj.dino.bone.leg_right_2] run data modify entity @s {} merge value {transformation:[-0.9777136914672291f,0.30994151965635036f,-0.008625045584265065f,-0.2704027552829625f,0.3093837336391908f,0.9733134462408284f,-0.09489383661213245f,0.2540884289011741f,-0.020490055580515042f,-0.09305583947613467f,-1.0212653758266723f,0.11021641728627052f,0f,0f,0f,1f],start_interpolation:0}
execute if entity @s[tag=aj.dino.bone.leg_right_1] run data modify entity @s {} merge value {transformation:[-0.9754431843825865f,0.187092798184949f,-0.11621909872686859f,-0.23283822416017175f,-0.014009966867033787f,0.4738915962645765f,0.880471734820713f,0.335854030201605f,0.21980517480246975f,0.8604783784948566f,-0.4596331638088339f,0.37273627959247685f,0f,0f,0f,1f],start_interpolation:0}
execute if entity @s[tag=aj.dino.bone.leg_right_0] run data modify entity @s {} merge value {transformation:[-0.9849590628572403f,-0.13582947186949307f,-0.10679887203075512f,-0.16294846296457688f,0.017946031466686996f,0.5343314904874656f,-0.8450844917687462f,0.6123584125234156f,0.17185338067662118f,-0.8342902449658023f,-0.5238570441493731f,0.06782969323968942f,0f,0f,0f,1f],start_interpolation:0}
execute if entity @s[tag=aj.dino.bone.tail_4] run data modify entity @s {} merge value {transformation:[1.4197165610775502f,-0.3485070584376988f,2.342778062049677f,0.794733485906822f,0.24038775472009347f,2.7385011023806247f,0.2616997731002749f,0.394403434857907f,-2.356327639608458f,0.06939649904141802f,1.438250851672972f,-1.0988431438109147f,0f,0f,0f,1f],start_interpolation:0}
execute if entity @s[tag=aj.dino.bone.tail_3] run data modify entity @s {} merge value {transformation:[-0.1239635779561959f,-0.08248772270382741f,2.076962766394208f,0.4433645601980378f,-0.05959669973678367f,2.0799387090666475f,0.07904888330074758f,0.36064583227959257f,-2.077745602995041f,-0.05473817839267301f,-0.12618425854863996f,-1.0769113005417041f,0f,0f,0f,1f],start_interpolation:0}
execute if entity @s[tag=aj.dino.bone.tail_2] run data modify entity @s {} merge value {transformation:[-0.9369672470801345f,0.48701319594084913f,1.6442884174868266f,0.13711798518682355f,-0.019736634357857788f,1.8705233132744417f,-0.5652670826819881f,0.46615825060107013f,-1.7147818281536797f,-0.2876361529416315f,-0.8919431598244583f,-0.9124374459538249f,0f,0f,0f,1f],start_interpolation:0}
execute if entity @s[tag=aj.dino.bone.tail_1] run data modify entity @s {} merge value {transformation:[-1.1815861668674443f,0.47274966246465283f,0.817323765044831f,-0.04341099217296273f,0.11685168993016419f,1.372412130892234f,-0.6248894906623916f,0.5837395397439225f,-0.9369397327619137f,-0.4250281750888939f,-1.1086709329429716f,-0.667773174398367f,0f,0f,0f,1f],start_interpolation:0}
execute if entity @s[tag=aj.dino.bone.tail_0] run data modify entity @s {} merge value {transformation:[-1.2612094093622521f,-0.014300235111177955f,0.20732111710077317f,-0.10434013132775023f,-0.07671828330824981f,1.217149096805227f,-0.3827506991979022f,0.7249601658701978f,-0.1931342727906743f,-0.3901016482995336f,-1.20181345193488f,-0.3259891986781169f,0f,0f,0f,1f],start_interpolation:0}
execute if entity @s[tag=aj.dino.bone.body_1] run data modify entity @s {} merge value {transformation:[-1.1539919486716823f,-0.12333981146712338f,-0.4262563411427895f,0.0030663086702918435f,-0.2297360129639345f,1.182152583248454f,0.2798950326867053f,0.5802621258544922f,0.3796426501390729f,0.3404514001770463f,-1.12630763886654f,-0.0870702675119334f,0f,0f,0f,1f],start_interpolation:0}