execute if entity @s[tag=aj.dino.bone.head_lower] run data modify entity @s {} merge value {transformation:[-0.8061135359357401f,0.2541698386883131f,-0.5343956027909804f,0.8559676574815597f,-0.5479906359382652f,0.020223819360359274f,0.8362399536343949f,0.45827748461303464f,0.22335449425779136f,0.9669481321310035f,0.1229799970044301f,0.24296815713625303f,0f,0f,0f,1f],start_interpolation:0}
execute if entity @s[tag=aj.dino.bone.head_upper] run data modify entity @s {} merge value {transformation:[-0.839083243674872f,0.06549957320965512f,-0.612471271715593f,0.8149558017462378f,-0.5704032246187087f,0.30802432156409026f,0.814391258089788f,0.5211590076579755f,0.23248960000856245f,0.9921203383752609f,-0.21240942223339235f,0.250675182534588f,0f,0f,0f,1f],start_interpolation:0}
execute if entity @s[tag=aj.dino.bone.neck_0] run data modify entity @s {} merge value {transformation:[-0.8233906203757078f,-0.018647171614783853f,-0.5671685545480074f,0.7788503562210874f,-0.3611725293786009f,0.7881172543436317f,0.49842311084872354f,0.5407120636644933f,0.43770114267565097f,0.6152426158814296f,-0.6556632011206707f,0.19815079716423584f,0f,0f,0f,1f],start_interpolation:0}
execute if entity @s[tag=aj.dino.bone.neck_1] run data modify entity @s {} merge value {transformation:[-0.6588019689663804f,0.03372882987382339f,-0.7515599322218842f,0.7153387502409084f,-0.33589820275388105f,0.8807037374061988f,0.33396605262431367f,0.5730606636564766f,0.6731659253651604f,0.4724651235319874f,-0.5688799029436452f,0.1521357906021544f,0f,0f,0f,1f],start_interpolation:0}
execute if entity @s[tag=aj.dino.bone.neck_2] run data modify entity @s {} merge value {transformation:[-0.6865143988364564f,0.24184385378990159f,-0.685718258889369f,0.6576324903562698f,-0.1866143148299178f,0.852873759785778f,0.48762839065156116f,0.6241307350448859f,0.7027610388252745f,0.4627287545127491f,-0.5403785914118924f,0.10932497686718842f,0f,0f,0f,1f],start_interpolation:0}
execute if entity @s[tag=aj.dino.bone.body_0] run data modify entity @s {} merge value {transformation:[-0.6909226913031139f,0.09319079225900612f,-0.7168970015843286f,0.3206493806580891f,-0.10850279879666205f,0.9670562483394901f,0.23028103526092095f,0.7418737429952198f,0.7147397969161594f,0.2368917237593776f,-0.6580496439620326f,-0.19855466286248988f,0f,0f,0f,1f],start_interpolation:0}
execute if entity @s[tag=aj.dino.bone.leg_left_3] run data modify entity @s {} merge value {transformation:[0.12151393639751322f,0.8265206474876765f,-0.5496344080729783f,0.09219859664761143f,-0.3241547408252308f,0.556421079256492f,0.7650616227203976f,0.42308773508768266f,0.9381673983153049f,0.08520094973410097f,0.3355335019080787f,-0.7385988293384637f,0f,0f,0f,1f],start_interpolation:0}
execute if entity @s[tag=aj.dino.bone.leg_left_2] run data modify entity @s {} merge value {transformation:[0.07670026735168542f,0.25504757992172916f,-0.9905200656548779f,0.121157301644921f,-0.6141136162757654f,0.8058207597650315f,0.1599361401844598f,0.6149134047681888f,0.8179509366664822f,0.5810902121086454f,0.2129615695346172f,-0.595297126897356f,0f,0f,0f,1f],start_interpolation:0}
execute if entity @s[tag=aj.dino.bone.leg_left_1] run data modify entity @s {} merge value {transformation:[-0.09053892787153006f,0.9557445086834603f,-0.27991987543096164f,0.3974522574670376f,-0.2750250346873435f,0.24614863977766963f,0.9293933921816038f,0.6379700532111421f,0.9571645275683272f,0.16113125474908405f,0.24056763271040116f,-0.5833441352384309f,0f,0f,0f,1f],start_interpolation:0}
execute if entity @s[tag=aj.dino.bone.leg_left_0] run data modify entity @s {} merge value {transformation:[-0.06394856664631704f,-0.47049770921206724f,-0.8800809544866192f,0.27692799630135234f,-0.3251935006502697f,0.8435752735365696f,-0.4273522493359836f,0.9661621883114486f,0.9434827862545793f,0.2588680426470188f,-0.20694822670754337f,-0.3551531987549217f,0f,0f,0f,1f],start_interpolation:0}
execute if entity @s[tag=aj.dino.bone.leg_right_3] run data modify entity @s {} merge value {transformation:[-0.7529414138057396f,-0.06413180796184997f,-0.654955218762137f,0.07458092802161154f,-0.16982006947786443f,0.9804673912730056f,0.09922116030787222f,0.07646705028413706f,0.6357990023417364f,0.18593226147673148f,-0.7491253718593445f,-0.10635961588656322f,0f,0f,0f,1f],start_interpolation:0}
execute if entity @s[tag=aj.dino.bone.leg_right_2] run data modify entity @s {} merge value {transformation:[-0.7648073065643596f,0.0008267714446522997f,-0.6834700430709768f,0.05483786700893245f,-0.038255233437956795f,1.0240403478045426f,0.04404659673179645f,0.3165899539863025f,0.6823990917645417f,0.05833422681431898f,-0.7635383402564657f,-0.11741740614980395f,0f,0f,0f,1f],start_interpolation:0}
execute if entity @s[tag=aj.dino.bone.leg_right_1] run data modify entity @s {} merge value {transformation:[-0.499613210953677f,0.5557674749257464f,-0.6644615513746577f,0.23111296181236118f,-0.31478722310359714f,0.5981357724917375f,0.7369820905805236f,0.43372880093774335f,0.8070288988699739f,0.5773699953066258f,-0.1238880337576811f,0.06207902040709112f,0f,0f,0f,1f],start_interpolation:0}
execute if entity @s[tag=aj.dino.bone.leg_right_0] run data modify entity @s {} merge value {transformation:[-0.53109438164364f,-0.5335921291778117f,-0.6581931308256332f,0.13694171586883103f,-0.2656536755491997f,0.8424943667558751f,-0.4686484467613413f,0.8335594301702153f,0.8045911275012669f,-0.07404513261590207f,-0.5891947351106707f,-0.012583707439283526f,0f,0f,0f,1f],start_interpolation:0}
execute if entity @s[tag=aj.dino.bone.tail_4] run data modify entity @s {} merge value {transformation:[1.4578663509030028f,0.005302516377221556f,-2.3452630807277965f,-1.3698468946976337f,-1.8238366513574436f,1.7386261431093268f,-1.1298054413314076f,1.157833309952906f,1.47441747943723f,2.145416591111586f,0.9213805286162233f,0.3153278951071141f,0f,0f,0f,1f],start_interpolation:0}
execute if entity @s[tag=aj.dino.bone.tail_3] run data modify entity @s {} merge value {transformation:[0.8879957794483506f,0.5953415866349495f,-1.786890432273155f,-1.072682195167383f,-1.443578057547369f,1.4840216182087378f,-0.222952359263881f,1.1811154744881718f,1.2097484918337895f,1.3338642202100426f,1.0455909116828495f,0.12498140682215922f,0f,0f,0f,1f],start_interpolation:0}
execute if entity @s[tag=aj.dino.bone.tail_2] run data modify entity @s {} merge value {transformation:[0.8934588461176446f,0.3546451848937825f,-1.7013911831582293f,-0.7556522377644074f,-1.061936183452622f,1.6257934381986494f,-0.21877182996691258f,1.2213862986975996f,1.3757894851942227f,1.0245957076548031f,0.9360452998050609f,-0.047766243800653474f,0f,0f,0f,1f],start_interpolation:0}
execute if entity @s[tag=aj.dino.bone.tail_1] run data modify entity @s {} merge value {transformation:[0.4377490917674088f,0.37514842182386526f,-1.3983188635857962f,-0.4597536344876352f,-0.7533500589059627f,1.306510164950973f,0.11467836599012413f,1.1814577862177202f,1.2363234493461621f,0.6632880976490122f,0.5649862636506866f,-0.17863414463515015f,0f,0f,0f,1f],start_interpolation:0}
execute if entity @s[tag=aj.dino.bone.tail_0] run data modify entity @s {} merge value {transformation:[-0.0252155850383419f,0.5697763823522463f,-1.143920786142462f,-0.11172367451040192f,-0.7184062697629839f,0.9399289734202061f,0.48400586057867107f,1.0627021848789553f,1.0569258831254142f,0.6524753754915599f,0.3016940147578986f,-0.25105075467521615f,0f,0f,0f,1f],start_interpolation:0}
execute if entity @s[tag=aj.dino.bone.body_1] run data modify entity @s {} merge value {transformation:[-0.44027266733057824f,0.4245331157677195f,-1.0744934653474725f,0.10948568688310474f,-0.41705065554887993f,1.0139371978060208f,0.5714933986213437f,0.8615421093750002f,1.0774197530044256f,0.5659572312269512f,-0.21786161505427223f,-0.2385222167656546f,0f,0f,0f,1f],start_interpolation:0}