execute if entity @s[tag=aj.dino.bone.head_lower] run data modify entity @s {} merge value {transformation:[-0.970753089813886f,0.20887264153095889f,-0.11836662636348455f,0.16143940145046576f,0.15118544264506653f,0.9148414955467918f,0.37444358715022025f,0.7881124032262931f,0.1864977226375928f,0.34559695838590465f,-0.9196637112583071f,0.8291659411081814f,0f,0f,0f,1f],start_interpolation:0}
execute if entity @s[tag=aj.dino.bone.head_upper] run data modify entity @s {} merge value {transformation:[-1.01045648670682f,0.16416264052041518f,-0.18841512283514322f,0.1518231133735793f,0.15736886425531532f,1.0276495183867642f,0.051414497040727446f,0.8147812332897555f,0.19412540178608592f,0.021425158116657204f,-1.022412946692565f,0.7592248444734748f,0f,0f,0f,1f],start_interpolation:0}
execute if entity @s[tag=aj.dino.bone.neck_0] run data modify entity @s {} merge value {transformation:[-0.9743113432758511f,0.06361466624033499f,-0.2160337487596256f,0.13713620515771913f,0.145066422840518f,0.911029053905659f,-0.3859816004734109f,0.7749883549753985f,0.17225893105514817f,-0.4074054947823982f,-0.8968542933458294f,0.7077898581624572f,0f,0f,0f,1f],start_interpolation:0}
execute if entity @s[tag=aj.dino.bone.neck_1] run data modify entity @s {} merge value {transformation:[-0.9772317475639387f,0.11865391695197196f,-0.17589587699853773f,0.12278213950621551f,0.14297418766539116f,0.9807875345847554f,-0.13271847521946137f,0.768263723767713f,0.15676891660833686f,-0.15484527760029315f,-0.9754211638007125f,0.6244455303475172f,0f,0f,0f,1f],start_interpolation:0}
execute if entity @s[tag=aj.dino.bone.neck_2] run data modify entity @s {} merge value {transformation:[-0.9772317475639387f,0.15064208794238718f,-0.149415771903398f,0.1111670774614495f,0.14297418766539116f,0.9878534721329765f,0.060859668551876606f,0.7832671900809736f,0.15676891660833686f,0.03811140164282664f,-0.9868997050613946f,0.5383588488780603f,0f,0f,0f,1f],start_interpolation:0}
execute if entity @s[tag=aj.dino.bone.body_0] run data modify entity @s {} merge value {transformation:[-0.9772317475639387f,0.10769363474914792f,-0.1828119049396053f,0.02603442869608612f,0.14297418766539116f,0.970855075904509f,-0.19235072979292708f,0.701861620611639f,0.15676891660833686f,-0.214108623425044f,-0.9641478124024766f,0.08191994817316683f,0f,0f,0f,1f],start_interpolation:0}
execute if entity @s[tag=aj.dino.bone.leg_left_3] run data modify entity @s {} merge value {transformation:[-0.9833259202856104f,-0.011394778980551135f,-0.1814946101305541f,0.30698684092643924f,-0.0056543168034690495f,0.9994681892578655f,-0.032114908735497105f,0.03859010578042321f,0.18176403163426877f,-0.03055319416342095f,-0.9828674066884447f,-0.08135466856916033f,0f,0f,0f,1f],start_interpolation:0}
execute if entity @s[tag=aj.dino.bone.leg_left_2] run data modify entity @s {} merge value {transformation:[-1.0028780984145178f,-0.11895989237518251f,-0.1792937902640795f,0.27216063823125575f,-0.046095955781513036f,0.953624237433192f,-0.37488421698071767f,0.24922141720092217f,0.21017345712949465f,-0.35848508656113165f,-0.9377514383525031f,-0.1935716829704105f,0f,0f,0f,1f],start_interpolation:0}
execute if entity @s[tag=aj.dino.bone.leg_left_1] run data modify entity @s {} merge value {transformation:[-0.9748356400280895f,0.059249260058109834f,0.21490695687574035f,0.29627341260150086f,0.1916198665879563f,0.7153447694003872f,0.6719848864523075f,0.40410244868334166f,-0.11391796021628328f,0.6962552592792913f,-0.7086969114269428f,0.03543448694402011f,0f,0f,0f,1f],start_interpolation:0}
execute if entity @s[tag=aj.dino.bone.leg_left_0] run data modify entity @s {} merge value {transformation:[-0.9860468550275102f,0.16370033313338964f,0.0302291353229501f,0.2434334287555044f,0.138530960001242f,0.9076175044907048f,-0.3962822714470077f,0.8088302061312657f,-0.09230803221545932f,-0.38656521632718444f,-0.9176309501724683f,-0.05237585995645826f,0f,0f,0f,1f],start_interpolation:0}
execute if entity @s[tag=aj.dino.bone.leg_right_3] run data modify entity @s {} merge value {transformation:[-0.9762680429818281f,0.1886464288933721f,0.1063636832674067f,-0.28189065451510553f,0.21515192234923333f,0.7888293774555418f,0.5757237736732194f,0.3198219195516226f,0.024705435876761966f,0.5849450727451942f,-0.810696554395823f,-0.1612073907013649f,0f,0f,0f,1f],start_interpolation:0}
execute if entity @s[tag=aj.dino.bone.leg_right_2] run data modify entity @s {} merge value {transformation:[-0.9983385879740181f,0.23245992373994753f,0.03666943028676515f,-0.2250225333579962f,0.23531421446923256f,0.9881515898885166f,0.14228793121772462f,0.5541908934622565f,-0.003079566765994273f,0.14690479487174535f,-1.015121518347887f,-0.15833112052062656f,0f,0f,0f,1f],start_interpolation:0}
execute if entity @s[tag=aj.dino.bone.leg_right_1] run data modify entity @s {} merge value {transformation:[-0.9886910079156817f,0.053538891069993946f,-0.1400845387959313f,-0.22273853047842987f,-0.14018938595242214f,0.0018107534770537836f,0.9901230515638593f,0.49937844566281336f,0.05326374876927368f,0.9985641232864524f,0.005715308583360779f,0.11370520895917866f,0f,0f,0f,1f],start_interpolation:0}
execute if entity @s[tag=aj.dino.bone.leg_right_0] run data modify entity @s {} merge value {transformation:[-0.9954891676988479f,-0.08680341128152538f,0.038294709610405445f,-0.14418667440773208f,-0.09277708086343117f,0.8062344304764264f,-0.58427601044439f,0.8742837177251584f,0.019842637443527864f,-0.5851933107138556f,-0.8106510092728201f,-0.0523758599564583f,0f,0f,0f,1f],start_interpolation:0}
execute if entity @s[tag=aj.dino.bone.tail_4] run data modify entity @s {} merge value {transformation:[-2.7170012529929166f,0.03619809768041729f,0.49219429147364324f,0.2017448372154916f,0.4829438320172198f,0.7621964704806232f,2.6098818224401277f,1.6549262947429038f,-0.10164043462838102f,2.653941892677984f,-0.756255898447976f,-1.5639262095328725f,0f,0f,0f,1f],start_interpolation:0}
execute if entity @s[tag=aj.dino.bone.tail_3] run data modify entity @s {} merge value {transformation:[-2.048768982989239f,0.17601023907894917f,0.3278895791650846f,0.14442448309373485f,0.3641663184633889f,1.326066795974767f,1.5636096927156986f,1.376819268044478f,-0.0766425004974833f,1.595779676019541f,-1.335499411742629f,-1.3530908184357344f,0f,0f,0f,1f],start_interpolation:0}
execute if entity @s[tag=aj.dino.bone.tail_2] run data modify entity @s {} merge value {transformation:[-1.9292928294596967f,0.2377755611502184f,0.20016452162626824f,0.10584430915823644f,0.30824099725837684f,1.6252276989814995f,1.0403827608506582f,1.184029040027862f,-0.03988158481474072f,1.0587122290716091f,-1.6420449903122833f,-1.0476158077891211f,0f,0f,0f,1f],start_interpolation:0}
execute if entity @s[tag=aj.dino.bone.tail_1] run data modify entity @s {} merge value {transformation:[-1.4942310900012443f,0.20245112801190146f,0.11808149914530149f,0.07938727848089142f,0.23421050003569482f,1.3180282033639397f,0.7039910133021982f,1.0162027370930655f,-0.008668410853375712f,0.7137726850363039f,-1.333457784389646f,-0.769387422159969f,0f,0f,0f,1f],start_interpolation:0}
execute if entity @s[tag=aj.dino.bone.tail_0] run data modify entity @s {} merge value {transformation:[-1.2603110614990287f,0.20372093964573276f,0.06284523527745453f,0.06593858924430898f,0.21319241441580356f,1.2058193860168098f,0.36658466869964934f,0.9381767464419193f,-0.000859815549510066f,0.371931584622671f,-1.2229071402446376f,-0.40305016109919956f,0f,0f,0f,1f],start_interpolation:0}
execute if entity @s[tag=aj.dino.bone.body_1] run data modify entity @s {} merge value {transformation:[-1.219109016993247f,0.19722297814841122f,0.05899912399587109f,0.03893775219130384f,0.2058586887697696f,1.1679677571826566f,0.3493967851826293f,0.7782759712334562f,-1.492977955472456e-16f,0.3543430684072097f,-1.184502251972538f,-0.1515375f,0f,0f,0f,1f],start_interpolation:0}