execute if entity @s[tag=aj.dino.bone.head_lower] run data modify entity @s {} merge value {transformation:[-0.6820017685196924f,-0.17703378239682158f,-0.7096003294998436f,0.568893829654935f,-0.13386975664887066f,0.9840858152235366f,-0.11685031677577551f,1.090611055576796f,0.7189940722918263f,0.015301900734937424f,-0.6948477357256873f,0.3069139932881696f,0f,0f,0f,1f],start_interpolation:0}
execute if entity @s[tag=aj.dino.bone.head_upper] run data modify entity @s {} merge value {transformation:[-0.7098953566847443f,-0.404725155100601f,-0.644762028945363f,0.5151372658233598f,-0.13934497391674422f,0.9357935342443833f,-0.43398776721706656f,1.081662822041619f,0.7484006302676987f,-0.20966628884660418f,-0.6923933033469571f,0.25470654694745504f,0f,0f,0f,1f],start_interpolation:0}
execute if entity @s[tag=aj.dino.bone.neck_0] run data modify entity @s {} merge value {transformation:[-0.6578587423234429f,-0.6378539482598525f,-0.40045501100365244f,0.4998092301212417f,0.03960266848812785f,0.5016802075441473f,-0.8641461670383549f,1.0176295035757696f,0.7520993975514391f,-0.5843451976766634f,-0.30477399192677845f,0.24424128526593875f,0f,0f,0f,1f],start_interpolation:0}
execute if entity @s[tag=aj.dino.bone.neck_1] run data modify entity @s {} merge value {transformation:[-0.5958220183376521f,-0.5863644331406339f,-0.548792195654885f,0.4506180206037802f,0.19674067575835835f,0.55594079625332f,-0.8076032055182598f,0.9517760620320402f,0.7786457660362581f,-0.5891575193519027f,-0.2158800324831398f,0.22323923804222617f,0f,0f,0f,1f],start_interpolation:0}
execute if entity @s[tag=aj.dino.bone.neck_2] run data modify entity @s {} merge value {transformation:[-0.679974533142899f,-0.4027104560790801f,-0.6127470300553695f,0.39299399810915514f,0.1724396312495527f,0.7244084672497225f,-0.6674555761632572f,0.9003943592929845f,0.7126704763434605f,-0.5595146657072421f,-0.4231360667762777f,0.1806913467981834f,0f,0f,0f,1f],start_interpolation:0}
execute if entity @s[tag=aj.dino.bone.body_0] run data modify entity @s {} merge value {transformation:[-0.7426772094664107f,-0.26416887480755324f,-0.6153416677928583f,0.10046923886599987f,0.18924025642952683f,0.7986514781909829f,-0.5712652113772065f,0.6387673610595666f,0.6423540206814868f,-0.5407130680557563f,-0.5431488655498224f,-0.08044364459176825f,0f,0f,0f,1f],start_interpolation:0}
execute if entity @s[tag=aj.dino.bone.leg_left_3] run data modify entity @s {} merge value {transformation:[-0.7768607148314778f,0.1009303192453552f,-0.6215307718919121f,0.26067858766998775f,-0.08189857633201912f,0.9624890445337202f,0.2586647682761499f,0.03273541373471034f,0.6243236764261898f,0.2518489821492169f,-0.7394538776990014f,-0.3260730650981898f,0f,0f,0f,1f],start_interpolation:0}
execute if entity @s[tag=aj.dino.bone.leg_left_2] run data modify entity @s {} merge value {transformation:[-0.7548502456925145f,-0.18574657388685661f,-0.6691498459746809f,0.19553054525747657f,-0.06816183808338029f,1.0033748257086423f,-0.2016311544973654f,0.2602835781711629f,0.691098596372283f,-0.10392001214462956f,-0.7507633186756094f,-0.3724264630042163f,0f,0f,0f,1f],start_interpolation:0}
execute if entity @s[tag=aj.dino.bone.leg_left_1] run data modify entity @s {} merge value {transformation:[-0.8777096952732183f,0.4625427316157358f,-0.12521945636700266f,0.3453102585197792f,0.21253731545774662f,0.6099703009191666f,0.7633898882842209f,0.3812732969233195f,0.42948059369593006f,0.6434208991212786f,-0.6336844374075766f,-0.17257423982143033f,0f,0f,0f,1f],start_interpolation:0}
execute if entity @s[tag=aj.dino.bone.leg_left_0] run data modify entity @s {} merge value {transformation:[-0.8690362750844374f,-0.18083525013558244f,-0.46051554251270127f,0.21074956952047982f,0.16743240626316674f,0.7683898087073854f,-0.6176920682731432f,0.7527204111069862f,0.4655559492910515f,-0.6139020395657836f,-0.6374809361045074f,-0.30758439094019996f,0f,0f,0f,1f],start_interpolation:0}
execute if entity @s[tag=aj.dino.bone.leg_right_3] run data modify entity @s {} merge value {transformation:[-0.7222296328584366f,0.5391833664836507f,-0.4332039412661496f,-0.5604622777774836f,0.3184647952876211f,0.8152248866445497f,0.48372363841122673f,0.2918258854403599f,0.6139743737189538f,0.21139934130157254f,-0.7604904910080598f,-0.24330233858294198f,0f,0f,0f,1f],start_interpolation:0}
execute if entity @s[tag=aj.dino.bone.leg_right_2] run data modify entity @s {} merge value {transformation:[-0.6570167758359635f,0.6137286155312646f,-0.4936885073088974f,-0.43164093320367447f,0.4214060807277327f,0.8170426093382465f,0.4548851384164316f,0.49568155941008013f,0.6654382547588478f,0.08854806889210834f,-0.7755084577873227f,-0.24766094369957345f,0f,0f,0f,1f],start_interpolation:0}
execute if entity @s[tag=aj.dino.bone.leg_right_1] run data modify entity @s {} merge value {transformation:[-0.7193620554324361f,0.6782730424253917f,0.14987966213941017f,-0.26965094377563426f,0.024397417363072403f,-0.19096353809808436f,0.981293887244323f,0.3922444756072059f,0.6942067409857331f,0.7095622643828128f,0.12082381277671511f,-0.04747753110196021f,0f,0f,0f,1f],start_interpolation:0}
execute if entity @s[tag=aj.dino.bone.leg_right_0] run data modify entity @s {} merge value {transformation:[-0.7206994449013405f,-0.012176393589025142f,-0.6931407112254082f,-0.13420602721522737f,0.08248957443929565f,0.9912360353488214f,-0.1031823256898873f,0.7802441176330812f,0.688322439142967f,-0.13154032714386577f,-0.7133788349167371f,-0.1210861646322064f,0f,0f,0f,1f],start_interpolation:0}
execute if entity @s[tag=aj.dino.bone.tail_4] run data modify entity @s {} merge value {transformation:[-2.650413121086187f,-0.7400874526460827f,0.23074267401156556f,-0.3232146127320756f,-0.7657511125923795f,2.3712704811915777f,-1.1901104445357131f,0.4513636959259163f,0.12081743556998675f,-1.2062372067986018f,-2.4811401169214524f,-1.8321642639923128f,0f,0f,0f,1f],start_interpolation:0}
execute if entity @s[tag=aj.dino.bone.tail_3] run data modify entity @s {} merge value {transformation:[-2.0306429046582952f,-0.46089787007094435f,-0.0028413323338339104f,-0.31822258027428935f,-0.4383679132192312f,1.9352711411980388f,-0.6312722936659745f,0.539466001386698f,0.14236745577968613f,-0.6150156822834282f,-1.9842965363384357f,-1.4896824880987607f,0f,0f,0f,1f],start_interpolation:0}
execute if entity @s[tag=aj.dino.bone.tail_2] run data modify entity @s {} merge value {transformation:[-1.950039195238276f,-0.0218357602800052f,0.12507682283391258f,-0.3429212310662222f,-0.07699297616276266f,1.7340955641341147f,-0.8976405355568353f,0.7066911173566688f,-0.10096085211027138f,-0.9006717765235879f,-1.7312917525124956f,-1.1681281051290544f,0f,0f,0f,1f],start_interpolation:0}
execute if entity @s[tag=aj.dino.bone.tail_1] run data modify entity @s {} merge value {transformation:[-1.5060868113304409f,0.07495904926819875f,-0.11721735225346669f,-0.3171747885787004f,0.1055591779398047f,1.445710503584825f,-0.43178078903210226f,0.7818323600911925f,0.09064230077164949f,-0.43813072336612036f,-1.4448119921129885f,-0.8519515858579734f,0f,0f,0f,1f],start_interpolation:0}
execute if entity @s[tag=aj.dino.bone.tail_0] run data modify entity @s {} merge value {transformation:[-1.102130469712564f,-0.012039109646103939f,-0.6473014785663015f,-0.12830877701708274f,0.020863248103673585f,1.2766705895560881f,-0.05926759000585829f,0.829960062912902f,0.6470771740633071f,-0.06166832400403821f,-1.1006015924051742f,-0.5318183867069116f,0f,0f,0f,1f],start_interpolation:0}
execute if entity @s[tag=aj.dino.bone.body_1] run data modify entity @s {} merge value {transformation:[-1.0849243241279662f,0.1880044373471405f,-0.5623149806909926f,-0.01024185381238813f,0.08656516659794544f,1.2102283152891253f,0.2376099574103865f,0.693201610787172f,0.586557991935662f,0.16913412271472858f,-1.0751502061043254f,-0.2932534076672747f,0f,0f,0f,1f],start_interpolation:0}