execute if entity @s[tag=aj.dino.bone.head_lower] run data modify entity @s {} merge value {transformation:[-0.9487579029652795f,0.20159690938411456f,0.2433456958478995f,0.14613984214356207f,0.22065794558328242f,0.9738828104969692f,0.053500864193854414f,0.12348245008573933f,-0.22620458132383267f,0.1044555290317234f,-0.9684629728816754f,0.7419040573325447f,0f,0f,0f,1f],start_interpolation:0}
execute if entity @s[tag=aj.dino.bone.head_upper] run data modify entity @s {} merge value {transformation:[-0.9875617058807666f,-0.027140217244121096f,0.32780669344801255f,0.16782197817367925f,0.22968276361682802f,0.685666068663814f,0.7487187809611517f,0.1905649007541363f,-0.23545625444806856f,0.7826860120601102f,-0.6445423968601559f,0.7149729177114583f,0f,0f,0f,1f],start_interpolation:0}
execute if entity @s[tag=aj.dino.bone.neck_0] run data modify entity @s {} merge value {transformation:[-0.9816271922602082f,0.188895476854262f,0.026954670084070986f,0.16681597819945698f,0.19079299747284106f,0.969875320338146f,0.1514592193110309f,0.1845539929082016f,0.002467292173334079f,0.1538192504954417f,-0.9880959217840908f,0.6485832106386263f,0f,0f,0f,1f],start_interpolation:0}
execute if entity @s[tag=aj.dino.bone.neck_1] run data modify entity @s {} merge value {transformation:[-0.9599121369249726f,0.1600429593600322f,-0.23011940496928085f,0.14805914218977043f,0.049138253089979614f,0.9043399615631669f,0.4239748412384807f,0.22463640779131847f,0.2759603621308645f,0.3956709302933599f,-0.8759511364530497f,0.5762014590393824f,0f,0f,0f,1f],start_interpolation:0}
execute if entity @s[tag=aj.dino.bone.neck_2] run data modify entity @s {} merge value {transformation:[-0.9599121369249726f,0.21835181875852655f,-0.17575884793937505f,0.13479914969445433f,0.049138253089979614f,0.748412413660376f,0.6614108338712902f,0.2899083827071912f,0.2759603621308645f,0.6262598041738698f,-0.7291395862307218f,0.5184548376339142f,0f,0f,0f,1f],start_interpolation:0}
execute if entity @s[tag=aj.dino.bone.body_0] run data modify entity @s {} merge value {transformation:[-0.9599121369249726f,0.1458416172437762f,-0.23937191160170124f,0.023373389107509558f,0.049138253089979614f,0.9283122389637208f,0.36854011867560493f,0.4724432930799869f,0.2759603621308645f,0.3420038152855662f,-0.8982645873364475f,0.0983641199598132f,0f,0f,0f,1f],start_interpolation:0}
execute if entity @s[tag=aj.dino.bone.leg_left_3] run data modify entity @s {} merge value {transformation:[-0.996464492891895f,0.006248855849598223f,-0.08378225472180877f,0.2735505482823761f,-0.021900107647441998f,0.9434346134299323f,0.33083457417166223f,0.1491512415799009f,0.0811104166598197f,0.33149974658042425f,-0.9399622430323387f,-0.23313133341586784f,0f,0f,0f,1f],start_interpolation:0}
execute if entity @s[tag=aj.dino.bone.leg_left_2] run data modify entity @s {} merge value {transformation:[-1.014011592422025f,-0.11283225690795977f,-0.10541144024962318f,0.24241871180112354f,-0.1540616252023164f,0.7863532073896572f,0.6402935642099759f,0.3519979637233163f,0.01037812962265753f,0.6488294957303881f,-0.7943392092780517f,-0.10642265913114407f,0f,0f,0f,1f],start_interpolation:0}
execute if entity @s[tag=aj.dino.bone.leg_left_1] run data modify entity @s {} merge value {transformation:[-0.9692617512598318f,-0.030763982306370688f,0.2441008704150348f,0.24041835795931443f,0.24582602049387736f,-0.08052331852820299f,0.9659635411449802f,0.2739954317344587f,-0.01006107314694186f,0.9962778591165515f,0.0856107600788184f,0.1598948003933875f,0f,0f,0f,1f],start_interpolation:0}
execute if entity @s[tag=aj.dino.bone.leg_left_0] run data modify entity @s {} merge value {transformation:[-0.9777224310937598f,0.11374638608819879f,-0.1764103380983746f,0.18575450322896356f,0.20729108376946592f,0.6553861457118153f,-0.7262915438022749f,0.614548903900529f,0.03300385319608447f,-0.7466798240617498f,-0.6643643473376077f,-0.07535501181930233f,0f,0f,0f,1f],start_interpolation:0}
execute if entity @s[tag=aj.dino.bone.leg_right_3] run data modify entity @s {} merge value {transformation:[-0.9947303904075254f,-0.026579082828181326f,-0.09902021387426183f,-0.3075700740763415f,-0.022412096680218166f,0.998825395300887f,-0.04295960456549025f,0.013454005524617452f,0.10004573115375007f,-0.04051397361453707f,-0.9941576683906188f,0.1358731676739982f,0f,0f,0f,1f],start_interpolation:0}
execute if entity @s[tag=aj.dino.bone.leg_right_2] run data modify entity @s {} merge value {transformation:[-1.0183435368457745f,0.07019455862480728f,-0.10055528034171653f,-0.2927355968917694f,0.10207434447879388f,0.9513196390529177f,-0.3696403279569818f,0.22362333441103843f,0.06796667318883018f,-0.37699584585561274f,-0.9514814044656613f,0.01848550414793848f,0f,0f,0f,1f],start_interpolation:0}
execute if entity @s[tag=aj.dino.bone.leg_right_1] run data modify entity @s {} merge value {transformation:[-0.9742882693085992f,0.17349028945851477f,-0.14374800086002912f,-0.2573834117202729f,-0.0507909324115525f,0.45246713267148814f,0.890333518989826f,0.2983130305001528f,0.21950546570055898f,0.8747425983200099f,-0.43202168604358027f,0.2834101310920592f,0f,0f,0f,1f],start_interpolation:0}
execute if entity @s[tag=aj.dino.bone.leg_right_0] run data modify entity @s {} merge value {transformation:[-0.9853019966218735f,-0.16074936644898863f,-0.05778941632512231f,-0.20122781219888217f,-0.02315652855576906f,0.46087204190880326f,-0.8871644358133708f,0.5541796421784956f,0.16924464729555083f,-0.8727866876694779f,-0.4578205403744413f,-0.04168386183166484f,0f,0f,0f,1f],start_interpolation:0}
execute if entity @s[tag=aj.dino.bone.tail_4] run data modify entity @s {} merge value {transformation:[-1.9694005732295077f,-1.2245396497903314f,-1.4992082443258705f,-0.5873599472642049f,-0.4656761140574949f,2.3756054396932687f,-1.3286481412684348f,0.9954356057878624f,1.8789008676775891f,-0.694739355867456f,-1.9007183085479222f,-1.55639276690928f,0f,0f,0f,1f],start_interpolation:0}
execute if entity @s[tag=aj.dino.bone.tail_3] run data modify entity @s {} merge value {transformation:[-1.4812075104076692f,-0.5537251041690358f,-1.354753979942244f,-0.3522251011634209f,-0.3561654490840269f,2.0059376627895698f,-0.43047159247218303f,1.0487980053493826f,1.4195478188617432f,-0.0744857574288824f,-1.5216048724782518f,-1.2976559085049102f,0f,0f,0f,1f],start_interpolation:0}
execute if entity @s[tag=aj.dino.bone.tail_2] run data modify entity @s {} merge value {transformation:[-1.7419936417077113f,-0.06554492026597265f,-0.8831397911316253f,-0.18935504797684655f,-0.1659518898309903f,1.938445688056347f,0.18347250398916984f,1.0150294140426765f,0.8698804501276058f,0.23854989600890655f,-1.7335442955409908f,-0.9746938178730472f,0f,0f,0f,1f],start_interpolation:0}
execute if entity @s[tag=aj.dino.bone.tail_1] run data modify entity @s {} merge value {transformation:[-1.4636325615239536f,0.1577817157787326f,-0.3471900128355516f,-0.11517403587755717f,-0.049218047031121585f,1.2873090007890107f,0.7925082777700446f,0.8288014735702387f,0.37817133510258755f,0.7782009487616414f,-1.24058291728252f,-0.7176082122274814f,0f,0f,0f,1f],start_interpolation:0}
execute if entity @s[tag=aj.dino.bone.tail_0] run data modify entity @s {} merge value {transformation:[-1.2527254267643158f,-0.050068525657948657f,-0.24901378367598537f,-0.04361466338200732f,-0.20106611919365558f,0.9611840549163286f,0.8182501725456798f,0.6128848386932347f,0.15520031389979144f,0.8411028901965985f,-0.9498918397651189f,-0.41973042807395483f,0f,0f,0f,1f],start_interpolation:0}
execute if entity @s[tag=aj.dino.bone.body_1] run data modify entity @s {} merge value {transformation:[-1.2171031025094587f,-0.1778158503963212f,-0.1250845964375045f,-0.0025570874730125436f,-0.18986814851437858f,1.2158929047048965f,0.11899212379087008f,0.5033218210169831f,0.10589957081037733f,0.13634721373160874f,-1.2242545949540296f,-0.1442923362544286f,0f,0f,0f,1f],start_interpolation:0}