execute if entity @s[tag=aj.dino.bone.head_lower] run data modify entity @s {} merge value {transformation:[-0.9904339436222107f,-0.13459109351688187f,-0.030427633277754593f,0.42191415905653173f,-0.1365003574098679f,0.9879302503099718f,0.07322207965808214f,0.22423931339497108f,0.02020533958967065f,0.07667501593352383f,-0.9968513862074226f,0.7270368415975641f,0f,0f,0f,1f],start_interpolation:0}
execute if entity @s[tag=aj.dino.bone.head_upper] run data modify entity @s {} merge value {transformation:[-1.0309422792355494f,-0.08501644049150127f,-0.11576771706426936f,0.4117043819683092f,-0.1420831651527826f,0.7264942391370567f,0.73177212113085f,0.2909548849801535f,0.021031729559996683f,0.740574282520215f,-0.7311493288001373f,0.6932692617069638f,0f,0f,0f,1f],start_interpolation:0}
execute if entity @s[tag=aj.dino.bone.neck_0] run data modify entity @s {} merge value {transformation:[-0.9928982899997437f,-0.028350562432657142f,-0.1155388736544409f,0.4050144348079677f,-0.03841480690738759f,0.9955686689473745f,0.08583314057298062f,0.28035748338295274f,0.11259346484522531f,0.08966198202195245f,-0.9895875103567355f,0.6277889139629546f,0f,0f,0f,1f],start_interpolation:0}
execute if entity @s[tag=aj.dino.bone.neck_1] run data modify entity @s {} merge value {transformation:[-0.9252694366896508f,-0.011961580188962512f,-0.37912186711847623f,0.37284273118379385f,-0.07767419701384214f,0.9842968501274919f,0.15851318540535492f,0.29832016322377586f,0.3712723914409357f,0.17611539236671106f,-0.9116688981890564f,0.5513699342302621f,0f,0f,0f,1f],start_interpolation:0}
execute if entity @s[tag=aj.dino.bone.neck_2] run data modify entity @s {} merge value {transformation:[-0.8480795324789366f,-0.08145658463663215f,-0.5235703691096771f,0.32617652919805973f,-0.3641416768457662f,0.8074025215641392f,0.46422193760724323f,0.3468944619353914f,0.38491810268453464f,0.5843509159667715f,-0.714403290330142f,0.49450400865930144f,0f,0f,0f,1f],start_interpolation:0}
execute if entity @s[tag=aj.dino.bone.body_0] run data modify entity @s {} merge value {transformation:[-0.787230089516997f,-0.19549516484010818f,-0.5848507730038492f,0.04867621725768631f,-0.434249052203017f,0.8491282339385982f,0.3006808989428805f,0.4966932498923575f,0.4378316420952721f,0.49067594484797833f,-0.7533528856569817f,0.1441259204420953f,0f,0f,0f,1f],start_interpolation:0}
execute if entity @s[tag=aj.dino.bone.leg_left_3] run data modify entity @s {} merge value {transformation:[-0.1991586861666579f,0.040687385711357826f,-0.979122236683626f,0.21797165664215104f,0.07409294984755599f,0.9969030191360542f,0.026355364165722983f,-0.00509211676174981f,0.9771622447205266f,-0.06729715507653736f,-0.20155654395565098f,-0.2583562754292365f,0f,0f,0f,1f],start_interpolation:0}
execute if entity @s[tag=aj.dino.bone.leg_left_2] run data modify entity @s {} merge value {transformation:[-0.32104284181713566f,0.23731853641858658f,-0.9448140586860531f,0.2435932176562075f,-0.33238771960588703f,0.9084151698743919f,0.34111945488050444f,0.2166846003616067f,0.9157030616274416f,0.41294550598706664f,-0.20742736442405485f,-0.1670891103631223f,0f,0f,0f,1f],start_interpolation:0}
execute if entity @s[tag=aj.dino.bone.leg_left_1] run data modify entity @s {} merge value {transformation:[-0.6045143784220751f,0.571876040330896f,-0.5545450033824377f,0.4404043357912556f,-0.07361409659138819f,0.6530613549912937f,0.7537186686025293f,0.3555926213501547f,0.7931855590364755f,0.4964561018986385f,-0.35268684101282066f,-0.029309100407966165f,0f,0f,0f,1f],start_interpolation:0}
execute if entity @s[tag=aj.dino.bone.leg_left_0] run data modify entity @s {} merge value {transformation:[-0.5692749934903177f,-0.6282211066196426f,-0.5303434952784757f,0.1707247816439746f,-0.1152667382427664f,0.6996871212171959f,-0.7050897187292314f,0.6743085228558777f,0.8140267568338724f,-0.3402589801906552f,-0.4707273792314858f,-0.02993421381452887f,0f,0f,0f,1f],start_interpolation:0}
execute if entity @s[tag=aj.dino.bone.leg_right_3] run data modify entity @s {} merge value {transformation:[-0.985460763241776f,0.08373519065603248f,0.14783606446579367f,-0.3650556494840138f,0.07260692170813639f,0.9942159055546168f,-0.07913891623141013f,0.030275794148369145f,-0.15360767894543867f,-0.06725437523322549f,-0.9858405195471447f,0.08396759802299276f,0f,0f,0f,1f],start_interpolation:0}
execute if entity @s[tag=aj.dino.bone.leg_right_2] run data modify entity @s {} merge value {transformation:[-0.9824081535648558f,0.2806804777944334f,0.09030442234505245f,-0.2953145398270465f,0.28874764751517173f,0.9794236270568155f,0.09703790145103468f,0.2611289685269538f,-0.059675919468736814f,0.11836396262653244f,-1.0170992854621423f,0.08021772213687511f,0f,0f,0f,1f],start_interpolation:0}
execute if entity @s[tag=aj.dino.bone.leg_right_1] run data modify entity @s {} merge value {transformation:[-0.9897650935214565f,0.09507635567342652f,-0.10642154968953786f,-0.28355285565263283f,-0.06942769298413458f,0.3307214060183201f,0.9411711571484577f,0.29967675481679124f,0.12467900823058965f,0.9389269610534816f,-0.32073557132552505f,0.35478850830557884f,0f,0f,0f,1f],start_interpolation:0}
execute if entity @s[tag=aj.dino.bone.leg_right_0] run data modify entity @s {} merge value {transformation:[-0.9964013350473977f,-0.0846404597208123f,-0.004513545614396597f,-0.2005608321478221f,-0.03915724103475622f,0.5068857978833741f,-0.8611233932362315f,0.573350451759464f,0.07517373204989694f,-0.857847760667582f,-0.5083759726101398f,0.05061370625787445f,0f,0f,0f,1f],start_interpolation:0}
execute if entity @s[tag=aj.dino.bone.tail_4] run data modify entity @s {} merge value {transformation:[-2.67371945928931f,0.6264547180733141f,0.29058573747065713f,-0.15212702711596848f,0.6504990518351912f,2.67480852083625f,0.21888739576163108f,0.6100968368441353f,-0.23181149276771862f,0.280384012856433f,-2.7373910149548104f,-1.7339974862893728f,0f,0f,0f,1f],start_interpolation:0}
execute if entity @s[tag=aj.dino.bone.tail_3] run data modify entity @s {} merge value {transformation:[-2.0749936538486913f,0.17025238546189742f,0.036891567825663954f,-0.160048526974247f,0.17348485811359357f,2.0595783832975663f,0.2529533812842498f,0.5470506996686175f,-0.015807167279696478f,0.25514022486147164f,-2.0665427953866997f,-1.3860849428793849f,0f,0f,0f,1f],start_interpolation:0}
execute if entity @s[tag=aj.dino.bone.tail_2] run data modify entity @s {} merge value {transformation:[-1.9416795164780316f,0.2205475599599083f,-0.0036474769561090415f,-0.1607537542525312f,0.2189125228277409f,1.9227946775364215f,-0.27149919040317627f,0.598141214491845f,-0.0270524978811281f,-0.2701726796626873f,-1.9352128463104652f,-1.026417393719436f,0f,0f,0f,1f],start_interpolation:0}
execute if entity @s[tag=aj.dino.bone.tail_1] run data modify entity @s {} merge value {transformation:[-1.5029298525706958f,0.06628623361261515f,-0.15641049672346602f,-0.12647038421177206f,0.09353237079220256f,1.485402861744376f,-0.26923276905980337f,0.6378302288802261f,0.14180904014137288f,-0.2772015937094758f,-1.4801032810513968f,-0.7046626584405975f,0f,0f,0f,1f],start_interpolation:0}
execute if entity @s[tag=aj.dino.bone.tail_0] run data modify entity @s {} merge value {transformation:[-1.2355943374528153f,-0.3156016439412671f,-0.08682138089282006f,-0.10871518866154348f,-0.3096941088460426f,1.2369368119203772f,-0.08895278998624619f,0.6936737902505818f,0.10598070005723703f,-0.06495107575592056f,-1.2721576810904986f,-0.3344760014886893f,0f,0f,0f,1f],start_interpolation:0}
execute if entity @s[tag=aj.dino.bone.body_1] run data modify entity @s {} merge value {transformation:[-1.1677352024820926f,-0.24626811459075706f,-0.3230342205963174f,-0.017026352203576702f,-0.3175245396393998f,1.1666158780018987f,0.2584379131956002f,0.5550107373046875f,0.2533323087707997f,0.32705351853484643f,-1.16510228409487f,-0.08563541632674351f,0f,0f,0f,1f],start_interpolation:0}