execute if entity @s[tag=aj.dino.bone.head_lower] run data modify entity @s {} merge value {transformation:[-0.14888733430146006f,-0.21474063052299364f,-0.965255936675446f,0.6804437733379273f,-0.2827149424480724f,0.9446348169033308f,-0.1665452611472131f,0.9913066323601134f,0.9475783993956323f,0.24809579661210987f,-0.20135454477665576f,0.1469827133302308f,0f,0f,0f,1f],start_interpolation:0}
execute if entity @s[tag=aj.dino.bone.head_upper] run data modify entity @s {} merge value {transformation:[-0.1549767642380005f,-0.02210809895856572f,-1.0290604341292422f,0.6089585173554156f,-0.2942778657963059f,0.9981729657044098f,0.022873802105058363f,1.0152058498450582f,0.9863339611065807f,0.29433638083119845f,-0.15486560196021956f,0.14322211862740064f,0f,0f,0f,1f],start_interpolation:0}
execute if entity @s[tag=aj.dino.bone.neck_0] run data modify entity @s {} merge value {transformation:[-0.15569870930510366f,-0.6207419321085317f,-0.7683992228281415f,0.5693984984534936f,-0.1209886411455478f,0.7840128266088392f,-0.6088395818494162f,0.9631502371632177f,0.9803671050348838f,-0.001827959240541261f,-0.19717250804951553f,0.13018546464354952f,0f,0f,0f,1f],start_interpolation:0}
execute if entity @s[tag=aj.dino.bone.neck_1] run data modify entity @s {} merge value {transformation:[-0.13355616753511362f,-0.659005738347735f,-0.7401852382600516f,0.5036591367807643f,0.013116654901255659f,0.7456354822434582f,-0.6662249477344472f,0.9101472893499314f,0.9909544406669432f,-0.09868720506895493f,-0.09094026653877818f,0.12202699085886465f,0f,0f,0f,1f],start_interpolation:0}
execute if entity @s[tag=aj.dino.bone.neck_2] run data modify entity @s {} merge value {transformation:[-0.3843864938528853f,-0.6032964039283943f,-0.6987706865278147f,0.4365349350060673f,-0.039318838991757726f,0.7669353359383817f,-0.6405187111938432f,0.8615418226324385f,0.9223345663281985f,-0.21873188952722308f,-0.31852049896360635f,0.091980684340008f,0f,0f,0f,1f],start_interpolation:0}
execute if entity @s[tag=aj.dino.bone.body_0] run data modify entity @s {} merge value {transformation:[-0.5851391213650263f,-0.4973114982679524f,-0.6405415539515367f,0.1299125889991604f,-0.009165822445269582f,0.7938877494455511f,-0.6079952540761975f,0.582558712541685f,0.8108811234373796f,-0.34989071861191534f,-0.46909304906614296f,-0.1324342570441079f,0f,0f,0f,1f],start_interpolation:0}
execute if entity @s[tag=aj.dino.bone.leg_left_3] run data modify entity @s {} merge value {transformation:[-0.7038475227086887f,0.2858994207958084f,-0.6502770071019452f,0.13095369061508252f,-0.21536644012417586f,0.7864569753254134f,0.5788805770020643f,0.1639814197027254f,0.6769165098038912f,0.5474915041812285f,-0.4919726533094035f,-0.6316262266303315f,0f,0f,0f,1f],start_interpolation:0}
execute if entity @s[tag=aj.dino.bone.leg_left_2] run data modify entity @s {} merge value {transformation:[-0.6695550689860525f,-0.17451697383681786f,-0.7571671116329712f,0.06583544900473395f,-0.29267806198107293f,0.982524818165353f,0.03235325678874577f,0.3935523344151678f,0.7197900812950814f,0.23717294751441342f,-0.6911681642966784f,-0.5965850823327428f,0f,0f,0f,1f],start_interpolation:0}
execute if entity @s[tag=aj.dino.bone.leg_left_1] run data modify entity @s {} merge value {transformation:[-0.7098596299478798f,0.6982701055972217f,0.09229390770524379f,0.26477599118484774f,0.10750231017538384f,-0.022090085967709755f,0.9939593962576616f,0.3326942936470705f,0.6960909129396925f,0.7154934575041091f,-0.05938478922755522f,-0.412921408159768f,0f,0f,0f,1f],start_interpolation:0}
execute if entity @s[tag=aj.dino.bone.leg_left_0] run data modify entity @s {} merge value {transformation:[-0.7040781840791634f,-0.1300113883669563f,-0.6981195811597638f,0.18869346099297601f,0.05068377050004651f,0.9713898745491643f,-0.23201910919417368f,0.7388746212660828f,0.7083114188770968f,-0.19874292570618904f,-0.6773449515350788f,-0.3534548745516295f,0f,0f,0f,1f],start_interpolation:0}
execute if entity @s[tag=aj.dino.bone.leg_right_3] run data modify entity @s {} merge value {transformation:[-0.716633590268439f,0.09920347919197682f,-0.6903585785772307f,-0.27405358748971836f,0.1434208876123191f,0.9896393093365715f,-0.006669813515259179f,0.10310497297237117f,0.6825443181914721f,-0.10379165251618658f,-0.7234366223605893f,-0.031069261900666806f,0f,0f,0f,1f],start_interpolation:0}
execute if entity @s[tag=aj.dino.bone.leg_right_2] run data modify entity @s {} merge value {transformation:[-0.6927006069223856f,0.2413129469777775f,-0.7169352343768254f,-0.23888575923012562f,0.26979105644272916f,0.9869938846802894f,0.07154059664220247f,0.3349641913308236f,0.7067112950374921f,-0.1402616580727124f,-0.7300328843564644f,-0.08742171334447613f,0f,0f,0f,1f],start_interpolation:0}
execute if entity @s[tag=aj.dino.bone.leg_right_1] run data modify entity @s {} merge value {transformation:[-0.5717967597678909f,0.7710299995204477f,-0.28028771888621823f,-0.025943283360878214f,-0.0991531670694564f,0.27419602420118505f,0.9565485820241229f,0.3567482354542348f,0.8143814308903644f,0.5747427947802061f,-0.08033433182146213f,0.08919749017561099f,0f,0f,0f,1f],start_interpolation:0}
execute if entity @s[tag=aj.dino.bone.leg_right_0] run data modify entity @s {} merge value {transformation:[-0.6018274086133278f,-0.5060750136033572f,-0.6178121485112836f,-0.10437315284610653f,-0.0522031109956321f,0.796867714145888f,-0.6018942443272617f,0.7246923009138477f,0.7969181924414477f,-0.3299847371595688f,-0.5059955215192978f,-0.09183620511351268f,0f,0f,0f,1f],start_interpolation:0}
execute if entity @s[tag=aj.dino.bone.tail_4] run data modify entity @s {} merge value {transformation:[-1.7707423435662863f,-0.12995383526371596f,2.1150047009407866f,-0.06531016061163966f,-1.2269829865914705f,2.310058665933133f,-0.8853265172592029f,0.7170947697889067f,-1.727612698181063f,-1.5074489352039382f,-1.5390300206415937f,-1.7816445458187715f,0f,0f,0f,1f],start_interpolation:0}
execute if entity @s[tag=aj.dino.bone.tail_3] run data modify entity @s {} merge value {transformation:[-1.689600281011883f,-0.48426913675009253f,1.116548171661362f,-0.24989651577659205f,-0.7060374464773905f,1.9460522963681222f,-0.22435933235880337f,0.7360941720582109f,-0.9913160649463403f,-0.5606330252813533f,-1.743252304282896f,-1.4805671410951806f,0f,0f,0f,1f],start_interpolation:0}
execute if entity @s[tag=aj.dino.bone.tail_2] run data modify entity @s {} merge value {transformation:[-1.8886758348729502f,-0.10908929481312647f,0.4896702885890829f,-0.3423476829318997f,-0.216323224625275f,1.8980606081016806f,-0.411514356326941f,0.8128854819748724f,-0.4526386287729582f,-0.45192845532520814f,-1.8465245240756174f,-1.1377445041791723f,0f,0f,0f,1f],start_interpolation:0}
execute if entity @s[tag=aj.dino.bone.tail_1] run data modify entity @s {} merge value {transformation:[-1.5106474977857882f,0.040977457365132544f,0.0626197686152415f,-0.3548804354003551f,0.03143330555035109f,1.4959883222782586f,-0.22065161886843054f,0.8420503062455335f,-0.06791417183265891f,-0.21907997990453085f,-1.49500765137484f,-0.813292627717263f,0f,0f,0f,1f],start_interpolation:0}
execute if entity @s[tag=aj.dino.bone.tail_0] run data modify entity @s {} merge value {transformation:[-1.1435048288431242f,-0.05954820635939921f,-0.5680549569503498f,-0.19031857844916464f,-0.10463385857629691f,1.2715766308355358f,0.07733268478729181f,0.8501373075888938f,0.561501717393563f,0.11568318640300991f,-1.1424399057857502f,-0.47665349311341204f,0f,0f,0f,1f],start_interpolation:0}
execute if entity @s[tag=aj.dino.bone.body_1] run data modify entity @s {} merge value {transformation:[-0.921727610604458f,0.25066928105503744f,-0.7849762534249031f,-0.024706950245885758f,-0.04460499979799926f,1.1608695228313046f,0.42308029971943845f,0.6735842638483966f,0.8228202725374888f,0.34373166504268987f,-0.856399402501288f,-0.3007053952070798f,0f,0f,0f,1f],start_interpolation:0}