execute if entity @s[tag=aj.dino.bone.head_lower] run data modify entity @s {} merge value {transformation:[-0.7954648409160646f,0.11055094170682764f,-0.5958306606361524f,0.20443167723473143f,-0.18159154770691513f,0.8945532481153096f,0.40841032808654193f,0.36877832330393434f,0.5781523991715224f,0.4330738684959914f,-0.6915105405979936f,0.7942415316569172f,0f,0f,0f,1f],start_interpolation:0}
execute if entity @s[tag=aj.dino.bone.head_upper] run data modify entity @s {} merge value {transformation:[-0.827999021465848f,0.33140392656248435f,-0.5367131454455657f,0.17461663996477098f,-0.1890185663449831f,0.7146113711219363f,0.7328536773624194f,0.435287057775221f,0.6017985914008047f,0.6804219046339565f,-0.5082680687056912f,0.7746683795496142f,0f,0f,0f,1f],start_interpolation:0}
execute if entity @s[tag=aj.dino.bone.neck_0] run data modify entity @s {} merge value {transformation:[-0.9313973793512091f,-0.02136342844780253f,-0.36337656179596334f,0.15176775642632961f,-0.07984331441167285f,0.9859554208462656f,0.14668658168906304f,0.42879398140879676f,0.355139362619041f,0.1656366868444882f,-0.9200220220677993f,0.7123746821585987f,0f,0f,0f,1f],start_interpolation:0}
execute if entity @s[tag=aj.dino.bone.neck_1] run data modify entity @s {} merge value {transformation:[-0.9753012119987328f,-0.0890259722058466f,-0.20214332080632005f,0.13423343249724293f,-0.14618672583787035f,0.946225483234744f,0.2885944837760741f,0.45760086451030685f,0.16558075692122662f,0.3110172200216239f,-0.9358692760142382f,0.6345270886514321f,0f,0f,0f,1f],start_interpolation:0}
execute if entity @s[tag=aj.dino.bone.neck_2] run data modify entity @s {} merge value {transformation:[-0.965366836922733f,-0.10955255587555866f,-0.23678071642540915f,0.11241707789063474f,-0.21505281879063584f,0.8479786534610861f,0.4844424510760026f,0.5083438975469903f,0.14771308438997333f,0.5185850371688869f,-0.8421700564164846f,0.5658239470634566f,0f,0f,0f,1f],start_interpolation:0}
execute if entity @s[tag=aj.dino.bone.body_0] run data modify entity @s {} merge value {transformation:[-0.9642406015743216f,-0.20183793743856118f,-0.17176003401879575f,0.0295444593061798f,-0.2184423186825378f,0.9722442412530299f,0.08380983688635138f,0.557105001087876f,0.15007669933799522f,0.11833250762519854f,-0.9815673191151717f,0.10434221549268746f,0f,0f,0f,1f],start_interpolation:0}
execute if entity @s[tag=aj.dino.bone.leg_left_3] run data modify entity @s {} merge value {transformation:[-0.9663791980317148f,-0.07064815564273792f,-0.24722476355709047f,0.30907173725179765f,-0.10558640933655884f,0.985738549800272f,0.13103824480307233f,0.0893104357132635f,0.23444136958948286f,0.15273620900734924f,-0.9600567143054994f,-0.07079348799635721f,0f,0f,0f,1f],start_interpolation:0}
execute if entity @s[tag=aj.dino.bone.leg_left_2] run data modify entity @s {} merge value {transformation:[-0.9821873636141751f,-0.1871016301881055f,-0.22882998544396158f,0.25686300325616557f,-0.18629700608132746f,1.008334742445205f,-0.02483288553090403f,0.3232953356191266f,0.22948552848156714f,0.017782762991462597f,-0.999541077224253f,-0.09718262925999474f,0f,0f,0f,1f],start_interpolation:0}
execute if entity @s[tag=aj.dino.bone.leg_left_1] run data modify entity @s {} merge value {transformation:[-0.9851102857952007f,0.09547467604744239f,0.14297661016450885f,0.2948366329493318f,0.16782106993516252f,0.35341786315162044f,0.9202890320389353f,0.3671569840577959f,0.03733380915892862f,0.9305806790595745f,-0.3641782344604169f,0.17419818233864157f,0f,0f,0f,1f],start_interpolation:0}
execute if entity @s[tag=aj.dino.bone.leg_left_0] run data modify entity @s {} merge value {transformation:[-0.9884293785994066f,0.02575355543142875f,-0.1494794899115967f,0.20218663676287058f,0.12858013034312823f,0.6650415390147012f,-0.735654063718744f,0.7031114797678182f,0.08046436231360425f,-0.7463621813621039f,-0.6606579906652661f,-0.05571013326417948f,0f,0f,0f,1f],start_interpolation:0}
execute if entity @s[tag=aj.dino.bone.leg_right_3] run data modify entity @s {} merge value {transformation:[-0.9857301569961717f,0.008657069279939446f,0.16811041829638293f,-0.24341626382834514f,0.016787539151005504f,0.9987536688194194f,0.04700305893240739f,0.007319277046956257f,-0.16749398830273268f,0.04915449288958476f,-0.9846469416553387f,-0.050308910017913405f,0f,0f,0f,1f],start_interpolation:0}
execute if entity @s[tag=aj.dino.bone.leg_right_2] run data modify entity @s {} merge value {transformation:[-1.0142640349253582f,0.11940655948494831f,0.09525093442897828f,-0.21106558046814292f,0.09653601146213982f,0.9968032545058568f,-0.22164446710488483f,0.23267309769923333f,-0.11837003610968294f,-0.21020833679755474f,-0.9969268725402545f,-0.12993403714223836f,0f,0f,0f,1f],start_interpolation:0}
execute if entity @s[tag=aj.dino.bone.leg_right_1] run data modify entity @s {} merge value {transformation:[-0.965711989061081f,-0.013532036160240735f,-0.25926287466787107f,-0.22022423901229107f,-0.2413549366952537f,0.4147082588411143f,0.8773624419712764f,0.2939976237691548f,0.0956459550452624f,0.9098538036664622f,-0.4037547612563229f,0.1405632958127038f,0f,0f,0f,1f],start_interpolation:0}
execute if entity @s[tag=aj.dino.bone.leg_right_0] run data modify entity @s {} merge value {transformation:[-0.9789222815788731f,-0.19689680301200255f,0.05424772430310751f,-0.18812362671044153f,-0.1938153013180778f,0.8118674321145475f,-0.550733058429139f,0.6801322716419398f,0.06439561788969804f,-0.5496389011299904f,-0.8329167321894911f,-0.014925813022802187f,0f,0f,0f,1f],start_interpolation:0}
execute if entity @s[tag=aj.dino.bone.tail_4] run data modify entity @s {} merge value {transformation:[-1.4973534058489881f,0.8085330766679572f,-2.1748260559240786f,-0.2332007903053151f,-0.001604194813026426f,2.5880132326177123f,0.9632477697636367f,0.6912788167407179f,2.3202567823737605f,0.5235676683385493f,-1.4028352334180572f,-1.661559917989588f,0f,0f,0f,1f],start_interpolation:0}
execute if entity @s[tag=aj.dino.bone.tail_3] run data modify entity @s {} merge value {transformation:[-1.540555030186901f,0.4279925706179703f,-1.3339632995349244f,-0.01119815345905896f,0.242940489098806f,2.0343165716127283f,0.37213106731729834f,0.6082717547808726f,1.3797157836912333f,0.11968279743597389f,-1.554993861812846f,-1.3990616125991162f,0f,0f,0f,1f],start_interpolation:0}
execute if entity @s[tag=aj.dino.bone.tail_2] run data modify entity @s {} merge value {transformation:[-1.8132085660064623f,0.24092528109702688f,-0.6877525573139538f,0.11537010566297455f,0.3361425773553887f,1.9128705617332402f,-0.21612093083736797f,0.6491518958098411f,0.6465730730957183f,-0.3188339661727597f,-1.8163320286128533f,-1.0610072178319279f,0f,0f,0f,1f],start_interpolation:0}
execute if entity @s[tag=aj.dino.bone.tail_1] run data modify entity @s {} merge value {transformation:[-1.4534309594640176f,0.18624376976772444f,0.374843906572072f,0.03381980852506526f,0.10720668403152525f,1.4749805281256032f,-0.3171678081856376f,0.6992703340126658f,-0.4046003249757346f,-0.2782120591797264f,-1.4305778123389536f,-0.7493754348128391f,0f,0f,0f,1f],start_interpolation:0}
execute if entity @s[tag=aj.dino.bone.tail_0] run data modify entity @s {} merge value {transformation:[-1.2567719028855606f,-0.017978346964411016f,0.23245833979847189f,-0.03454377073640215f,-0.044634355773464876f,1.2693915782710987f,-0.14313808676632495f,0.7717312898107639f,-0.22884028269979545f,-0.1488540111614849f,-1.2487234781804344f,-0.3880615239040998f,0f,0f,0f,1f],start_interpolation:0}
execute if entity @s[tag=aj.dino.bone.body_1] run data modify entity @s {} merge value {transformation:[-1.2275698750973723f,-0.03921879444516049f,-0.14191082753595735f,0.0010901729334915732f,-0.07227220570091406f,1.1987547355420853f,0.2938850240396743f,0.6226625f,0.1282712948901536f,0.30008926211036513f,-1.1925172974550557f,-0.131031098137195f,0f,0f,0f,1f],start_interpolation:0}