execute if entity @s[tag=aj.dino.bone.head_lower] run data modify entity @s {} merge value {transformation:[-0.894840345475197f,-0.247018216106211f,0.371810108821069f,0.29035327495472446f,-0.3249368437079456f,0.9315598817916966f,-0.16313256645243587f,0.4944936339825424f,-0.30606666546840433f,-0.2667924053415794f,-0.9138626859332349f,0.8352083573952608f,0f,0f,0f,1f],start_interpolation:0}
execute if entity @s[tag=aj.dino.bone.head_upper] run data modify entity @s {} merge value {transformation:[-0.9314389427549886f,-0.38238015558968647f,0.26396752662815004f,0.29967511020683174f,-0.3382266252252491f,0.9634362591014435f,0.20215159465327606f,0.5299581436575346f,-0.3185846645582848f,0.09512062785395518f,-0.9863710357915331f,0.7692475475697149f,0f,0f,0f,1f],start_interpolation:0}
execute if entity @s[tag=aj.dino.bone.neck_0] run data modify entity @s {} merge value {transformation:[-0.9473648618933319f,-0.29893026203602147f,0.11463209362523025f,0.31224575223389994f,-0.3188017395608585f,0.8479178926848611f,-0.4235571958045747f,0.48890985677484017f,0.029415460268345017f,-0.43780811516455465f,-0.8985871048447455f,0.7182401622483695f,0f,0f,0f,1f],start_interpolation:0}
execute if entity @s[tag=aj.dino.bone.neck_1] run data modify entity @s {} merge value {transformation:[-0.9445930592545404f,-0.16409104382855774f,-0.28428521196749346f,0.2874071166093085f,-0.09140606709587153f,0.9633175091988987f,-0.2523178696979163f,0.47197310488957755f,0.3152600249099358f,-0.21235231528307863f,-0.9249419500096765f,0.6389071586469863f,0f,0f,0f,1f],start_interpolation:0}
execute if entity @s[tag=aj.dino.bone.neck_2] run data modify entity @s {} merge value {transformation:[-0.89887019899025f,-0.22551465167472515f,-0.37573329270541866f,0.2522821327820656f,-0.2714380105154769f,0.959654495487983f,0.07338021352588546f,0.48779737924093364f,0.3440258301561502f,0.1679475845903478f,-0.9238180757138496f,0.5596180783992651f,0f,0f,0f,1f],start_interpolation:0}
execute if entity @s[tag=aj.dino.bone.body_0] run data modify entity @s {} merge value {transformation:[-0.8948716334333762f,-0.23723286422832718f,-0.37805466245809666f,0.07184644849769381f,-0.2801379320648541f,0.9579573596950857f,0.06197125159658595f,0.5261299390240064f,0.34745862875270267f,0.16136376649063516f,-0.9237067912326116f,0.1258157231723339f,0f,0f,0f,1f],start_interpolation:0}
execute if entity @s[tag=aj.dino.bone.leg_left_3] run data modify entity @s {} merge value {transformation:[-0.6913667278672088f,-0.006291208056648498f,-0.7224766212822231f,0.36447030989374885f,-0.15427828374062552f,0.9781843492375423f,0.13911718108405344f,0.13891059297763467f,0.7058401084978354f,0.20764344345033914f,-0.6772547095649093f,-0.1679018906856094f,0f,0f,0f,1f],start_interpolation:0}
execute if entity @s[tag=aj.dino.bone.leg_left_2] run data modify entity @s {} merge value {transformation:[-0.7240799038606769f,-0.06852498542468555f,-0.7232391158519802f,0.3250225852816794f,-0.3426272152205852f,0.9326397351630502f,0.254660392063386f,0.3636461634635044f,0.6406068089834781f,0.42136640856650776f,-0.681274882493449f,-0.08974261454172072f,0f,0f,0f,1f],start_interpolation:0}
execute if entity @s[tag=aj.dino.bone.leg_left_1] run data modify entity @s {} merge value {transformation:[-0.8768630144529164f,0.4349482728800233f,-0.20477122308378548f,0.4715080116421455f,-0.005849716243229261f,0.41626476301611653f,0.909224630050798f,0.428626927270664f,0.4807047271500649f,0.7984633034709994f,-0.36246285093200986f,0.1368250483292111f,0f,0f,0f,1f],start_interpolation:0}
execute if entity @s[tag=aj.dino.bone.leg_left_0] run data modify entity @s {} merge value {transformation:[-0.8509637744085479f,-0.47197789790126154f,-0.23042898805719836f,0.20600616473174682f,-0.03521231356790702f,0.4890047276194332f,-0.871570117282046f,0.6874829970798882f,0.5240426963688679f,-0.7335606588814249f,-0.4327447424566776f,-0.05503318833146065f,0f,0f,0f,1f],start_interpolation:0}
execute if entity @s[tag=aj.dino.bone.leg_right_3] run data modify entity @s {} merge value {transformation:[-0.9829803274690946f,0.06314950595794205f,0.17251613172691815f,-0.32132235243450596f,0.061120171145389514f,0.9979846899834718f,-0.01705529940377762f,0.010563765849177814f,-0.17324549196994932f,-0.006220808296518748f,-0.9848590259809917f,0.1046961113537917f,0f,0f,0f,1f],start_interpolation:0}
execute if entity @s[tag=aj.dino.bone.leg_right_2] run data modify entity @s {} merge value {transformation:[-0.9942060339032972f,0.2521533758339808f,0.005936051423074513f,-0.2608199264082858f,0.24830356207898638f,0.9827237026135669f,-0.15704032883646013f,0.23439677175850385f,-0.04429337094709714f,-0.1507812948535185f,-1.0135903008183993f,0.038293445921197766f,0f,0f,0f,1f],start_interpolation:0}
execute if entity @s[tag=aj.dino.bone.leg_right_1] run data modify entity @s {} merge value {transformation:[-0.978724596735599f,0.13125919181306236f,-0.15769967758153705f,-0.23628901836414956f,-0.07980382699290385f,0.46454910098168134f,0.8819441490108081f,0.31223589187089096f,0.18902251966902175f,0.8757654693704777f,-0.44419064568750277f,0.30353426402886596f,0f,0f,0f,1f],start_interpolation:0}
execute if entity @s[tag=aj.dino.bone.leg_right_0] run data modify entity @s {} merge value {transformation:[-0.988418052040141f,-0.1381163824855217f,-0.06287781238470413f,-0.17047042523370387f,-0.0415667946058893f,0.6448917510284362f,-0.7631427330726994f,0.6323991454428093f,0.14595189614172469f,-0.7516904245396441f,-0.6431637036307667f,0.04378307072068219f,0f,0f,0f,1f],start_interpolation:0}
execute if entity @s[tag=aj.dino.bone.tail_4] run data modify entity @s {} merge value {transformation:[-0.023897854423735647f,-0.3509552999420299f,2.7389634173527297f,0.7155943285260087f,0.5399511696303848f,2.6855972893568585f,0.3488284183002833f,0.46999103005087467f,-2.708051505892885f,0.5385711730511554f,0.04538132423784984f,-1.376818677079887f,0f,0f,0f,1f],start_interpolation:0}
execute if entity @s[tag=aj.dino.bone.tail_3] run data modify entity @s {} merge value {transformation:[-1.0097014227568246f,0.03446347924938414f,1.8207857731005361f,0.40651909475727915f,0.2937516295923848f,2.057739573391471f,0.12394899860407237f,0.42883726313202375f,-1.7972641828732658f,0.31696315675668224f,-1.0026571399357687f,-1.2099068117917664f,0f,0f,0f,1f],start_interpolation:0}
execute if entity @s[tag=aj.dino.bone.tail_2] run data modify entity @s {} merge value {transformation:[-1.447045647794892f,0.48183915348523443f,1.2217462086576214f,0.17844378737783767f,0.24985428184047456f,1.8856975603418835f,-0.4477626868882981f,0.5127088293313758f,-1.2893430908980823f,-0.17535568451601463f,-1.457950154451131f,-0.9398721871300731f,0f,0f,0f,1f],start_interpolation:0}
execute if entity @s[tag=aj.dino.bone.tail_1] run data modify entity @s {} merge value {transformation:[-1.1859468083771318f,0.4336039991437328f,0.8325707114874129f,-0.004883481417101446f,0.12775715169858076f,1.4035480575040291f,-0.5489874410827026f,0.6135658209363732f,-0.9299809287775535f,-0.360134241919912f,-1.1371433726258136f,-0.6898808737621768f,0f,0f,0f,1f],start_interpolation:0}
execute if entity @s[tag=aj.dino.bone.tail_0] run data modify entity @s {} merge value {transformation:[-1.248973058014069f,0.025637278450834525f,0.27063766717263765f,-0.08335142477174029f,-0.046649694069526626f,1.2334307126116235f,-0.3321267827406128f,0.7403858664571016f,-0.2678167712863266f,-0.3344056275304664f,-1.2042768659563923f,-0.34603298701486107f,0f,0f,0f,1f],start_interpolation:0}
execute if entity @s[tag=aj.dino.bone.body_1] run data modify entity @s {} merge value {transformation:[-1.184061409014352f,-0.08703981073173957f,-0.345003255183166f,0.002719748262846839f,-0.17324493666212482f,1.1881353531582195f,0.29483074729881825f,0.5918125000000001f,0.3107882987825219f,0.3307008451450136f,-1.1500661630604083f,-0.10093376270134916f,0f,0f,0f,1f],start_interpolation:0}