execute if entity @s[tag=aj.dino.bone.head_lower] run data modify entity @s {} merge value {transformation:[-0.504564498343672f,0.4951887428717636f,-0.7072501508973192f,0.8693805829464827f,-0.7587159692223496f,0.13661677405054906f,0.6369347965804757f,0.4170363307426624f,0.4120251752723243f,0.8579766698349688f,0.3067756329318007f,0.07837716620599065f,0f,0f,0f,1f],start_interpolation:0}
execute if entity @s[tag=aj.dino.bone.head_upper] run data modify entity @s {} merge value {transformation:[-0.5252009760907206f,0.589628212799053f,-0.6782141608432074f,0.8357031937263637f,-0.78974713623189f,0.0720661463455453f,0.6742239049069222f,0.46488861665704234f,0.42887683326380605f,0.8547613607351492f,0.41099832197627334f,0.12603688378679373f,0f,0f,0f,1f],start_interpolation:0}
execute if entity @s[tag=aj.dino.bone.neck_0] run data modify entity @s {} merge value {transformation:[-0.5110232034439356f,0.1245215403508545f,-0.8504996599238288f,0.7788521973236568f,-0.5742310556859307f,0.6868144368468987f,0.44558346471171817f,0.48273814127707265f,0.6396201843498371f,0.7160868071172151f,-0.27947397811773544f,0.09613546353364819f,0f,0f,0f,1f],start_interpolation:0}
execute if entity @s[tag=aj.dino.bone.neck_1] run data modify entity @s {} merge value {transformation:[-0.3491764736399938f,0.05842354932805249f,-0.9352339168038396f,0.6998947596140244f,-0.5084390087531664f,0.8265501270850948f,0.24146358274843688f,0.507001089062104f,0.7871248723261361f,0.5598228079486633f,-0.25890704715406543f,0.07678167218307347f,0f,0f,0f,1f],start_interpolation:0}
execute if entity @s[tag=aj.dino.bone.neck_2] run data modify entity @s {} merge value {transformation:[-0.5082860263592105f,0.14060330232680784f,-0.8496328776493763f,0.6268371414922f,-0.3045214519178916f,0.8934988752093378f,0.33004006623661236f,0.5446629865900244f,0.8055507437336167f,0.42648619130570264f,-0.41133627106756854f,0.044921096182273856f,0f,0f,0f,1f],start_interpolation:0}
execute if entity @s[tag=aj.dino.bone.body_0] run data modify entity @s {} merge value {transformation:[-0.6037074651689289f,0.023610072796821924f,-0.7968562360688628f,0.251506701099811f,-0.14079547707239773f,0.9806912376973346f,0.13572520009057226f,0.617972074326325f,0.784674410271714f,0.19413207042165567f,-0.5887264297604947f,-0.23069411180388139f,0f,0f,0f,1f],start_interpolation:0}
execute if entity @s[tag=aj.dino.bone.leg_left_3] run data modify entity @s {} merge value {transformation:[-0.11505020375494773f,0.8554377824094899f,-0.504964999819075f,-0.0387121765664369f,-0.33620103410396956f,0.4448086140031575f,0.8301290029724364f,0.38716988475504477f,0.9347364951061695f,0.2652762660603543f,0.23642374538465782f,-0.764540313120222f,0f,0f,0f,1f],start_interpolation:0}
execute if entity @s[tag=aj.dino.bone.leg_left_2] run data modify entity @s {} merge value {transformation:[-0.1567731998215017f,0.2227769643585274f,-0.9888654041221284f,-0.017586774416448098f,-0.5962726497129237f,0.7889191158071053f,0.27226412804326333f,0.5785549218139296f,0.819721471307633f,0.6164732373477609f,0.00892505528915356f,-0.6192937742974806f,0f,0f,0f,1f],start_interpolation:0}
execute if entity @s[tag=aj.dino.bone.leg_left_1] run data modify entity @s {} merge value {transformation:[-0.16331278029734064f,0.9766689512436711f,0.13945140898585232f,0.24360015503201435f,-0.21934054902403274f,-0.17375553758693288f,0.9600514239933774f,0.48480174889799754f,0.9618828719471971f,0.1262013186716477f,0.24259960391589414f,-0.6170318916204102f,0f,0f,0f,1f],start_interpolation:0}
execute if entity @s[tag=aj.dino.bone.leg_left_0] run data modify entity @s {} merge value {transformation:[-0.15186734193314214f,-0.2148783754716555f,-0.9647609000207378f,0.22011101819158796f,-0.2752160899667038f,0.9466735772735826f,-0.16752683938843121f,0.8381333711248972f,0.9493115475320001f,0.24007586685608398f,-0.2029067861745843f,-0.3958706297560135f,0f,0f,0f,1f],start_interpolation:0}
execute if entity @s[tag=aj.dino.bone.leg_right_3] run data modify entity @s {} merge value {transformation:[-0.7075251944820655f,-0.1974635418727246f,-0.678539791614459f,0.1338497300732217f,-0.17226775068714617f,0.979396133564934f,-0.10538992186755222f,0.003276567580059786f,0.6853699156268143f,0.04232449868735805f,-0.7269640400766444f,-0.029221197713353624f,0f,0f,0f,1f],start_interpolation:0}
execute if entity @s[tag=aj.dino.bone.leg_right_2] run data modify entity @s {} merge value {transformation:[-0.7316907120806355f,-0.13296534196655507f,-0.7064071907840006f,0.08215968471329863f,-0.043900825205824376f,1.014384259836969f,-0.14546302087453747f,0.2353007136227287f,0.7174702913026255f,-0.07353224280147802f,-0.729308981068658f,-0.07001343876327551f,0f,0f,0f,1f],start_interpolation:0}
execute if entity @s[tag=aj.dino.bone.leg_right_1] run data modify entity @s {} merge value {transformation:[-0.4402842662066252f,0.5278939706401298f,-0.7262766144470653f,0.2553224316034362f,-0.28838644499233623f,0.6828925702128311f,0.6711862602085916f,0.37948068597019735f,0.8502840838658429f,0.5049610809853674f,-0.14842938864831684f,0.09197478402810808f,0f,0f,0f,1f],start_interpolation:0}
execute if entity @s[tag=aj.dino.bone.leg_right_0] run data modify entity @s {} merge value {transformation:[-0.4830016754362537f,-0.724996634038795f,-0.4910084135309588f,0.06679766604060128f,-0.250152403596377f,0.651635628365664f,-0.716096908818521f,0.7227154028814076f,0.839126424623088f,-0.22304907190325465f,-0.496100750878659f,-0.05278577842179566f,0f,0f,0f,1f],start_interpolation:0}
execute if entity @s[tag=aj.dino.bone.tail_4] run data modify entity @s {} merge value {transformation:[-0.3888078947424767f,-0.7408626155877412f,-2.6316558166695003f,-1.5356560978782046f,-1.7325067950810296f,2.1230434995187366f,-0.3417130898126294f,1.2901291327766018f,2.1149255205760746f,1.602956710449701f,-0.7637284585769287f,-0.35183852743693744f,0f,0f,0f,1f],start_interpolation:0}
execute if entity @s[tag=aj.dino.bone.tail_3] run data modify entity @s {} merge value {transformation:[-0.33462909270215385f,0.1719906976849121f,-2.048020531213404f,-1.1900705625967805f,-1.286899039773866f,1.6003263445291072f,0.3446621222003535f,1.2160267238997653f,1.6024542919505933f,1.3211057175564742f,-0.15088224313403403f,-0.33918253132175774f,0f,0f,0f,1f],start_interpolation:0}
execute if entity @s[tag=aj.dino.bone.tail_2] run data modify entity @s {} merge value {transformation:[-0.09725091543038325f,0.18653752488859912f,-1.9428123651704414f,-0.8289335118353927f,-0.9265268277438613f,1.7076533297018979f,0.21033786637620844f,1.1766465993608035f,1.7178079554832735f,0.9316102899653017f,0.0034598716618446353f,-0.33833381004639984f,0f,0f,0f,1f],start_interpolation:0}
execute if entity @s[tag=aj.dino.bone.tail_1] run data modify entity @s {} merge value {transformation:[-0.20209962444585344f,0.26845912525471866f,-1.4747005424377915f,-0.5146829635433634f,-0.5971284496424809f,1.3504531346786777f,0.3276739166673185f,1.0901974136267483f,1.374863486469261f,0.6259890407219642f,-0.07446048931871686f,-0.33127631878491515f,0f,0f,0f,1f],start_interpolation:0}
execute if entity @s[tag=aj.dino.bone.tail_0] run data modify entity @s {} merge value {transformation:[-0.32769524238318676f,0.4448343820353413f,-1.1526378083607565f,-0.16712076010378493f,-0.625291808694484f,0.9687775742484216f,0.5516483319987042f,0.9523712781089997f,1.0655804515300722f,0.7052858291335561f,-0.030755765709646346f,-0.305268965800624f,0f,0f,0f,1f],start_interpolation:0}
execute if entity @s[tag=aj.dino.bone.body_1] run data modify entity @s {} merge value {transformation:[-0.4821878135510897f,0.44799478280385635f,-1.0466136737591358f,0.04602663050863437f,-0.36300254981724495f,1.0167912777502681f,0.6024692866639805f,0.7438175f,1.0790406184872041f,0.542255260119948f,-0.2650191909716147f,-0.28018045610773634f,0f,0f,0f,1f],start_interpolation:0}