execute if entity @s[tag=aj.dino.bone.head_lower] run data modify entity @s {} merge value {transformation:[-0.9552221256246073f,-0.12676440524393556f,-0.26736019950688006f,0.8034042988498332f,-0.2848434981268134f,0.14937087451415232f,0.9468645750168063f,0.6235873384143766f,-0.08009289788793653f,0.9806218065136163f,-0.17879038088746274f,0.4400908205210114f,0f,0f,0f,1f],start_interpolation:0}
execute if entity @s[tag=aj.dino.bone.head_upper] run data modify entity @s {} merge value {transformation:[-0.9942903125534348f,-0.2855926838796112f,-0.11530626982233468f,0.7887338240110371f,-0.29649347851540925f,0.7820767619988428f,0.6196123773156448f,0.6837710702297243f,-0.08336866403951235f,0.6247116933749142f,-0.8284062461138383f,0.3969845322955166f,0f,0f,0f,1f],start_interpolation:0}
execute if entity @s[tag=aj.dino.bone.neck_0] run data modify entity @s {} merge value {transformation:[-0.9790211991770612f,-0.07144515784714524f,-0.19082211869200555f,0.7778709431214537f,-0.13793492873341237f,0.9216818439200842f,0.3625969305211809f,0.6923012133700353f,0.1499714872808085f,0.3813111170793085f,-0.9122008468503591f,0.33176206123621516f,0f,0f,0f,1f],start_interpolation:0}
execute if entity @s[tag=aj.dino.bone.neck_1] run data modify entity @s {} merge value {transformation:[-0.8696804941199465f,0.044317907202237855f,-0.4916215630426515f,0.7364283112574684f,-0.11615581530196963f,0.9496196198179367f,0.2910848746128387f,0.7213347016247708f,0.47975375425192907f,0.310255541059384f,-0.820717877545706f,0.2636657935816691f,0f,0f,0f,1f],start_interpolation:0}
execute if entity @s[tag=aj.dino.bone.neck_2] run data modify entity @s {} merge value {transformation:[-0.8301466893153462f,0.26577165479962916f,-0.4901243737296045f,0.6960918107937247f,-0.061510176445818354f,0.830053080518734f,0.5542818612537888f,0.7780206882260159f,0.5541416537424111f,0.49028288877588505f,-0.6727181553676093f,0.20953081369322263f,0f,0f,0f,1f],start_interpolation:0}
execute if entity @s[tag=aj.dino.bone.body_0] run data modify entity @s {} merge value {transformation:[-0.7868459260046745f,0.10920087876843718f,-0.607411439475787f,0.4108613520330522f,-0.07583689813092823f,0.9596530876671544f,0.2707669038357087f,0.9147740098542853f,0.612472247217558f,0.2591160346391126f,-0.7468176664897375f,-0.13997314783216042f,0f,0f,0f,1f],start_interpolation:0}
execute if entity @s[tag=aj.dino.bone.leg_left_3] run data modify entity @s {} merge value {transformation:[0.28040051399572635f,0.7265282975010856f,-0.6273214364909793f,0.29930542927541615f,-0.23379692105244124f,0.6855504908628864f,0.689463214525658f,0.5329319131717154f,0.9309750541541545f,-0.04666001937235495f,0.3620887890212018f,-0.6863314264384284f,0f,0f,0f,1f],start_interpolation:0}
execute if entity @s[tag=aj.dino.bone.leg_left_2] run data modify entity @s {} merge value {transformation:[0.2469881703084572f,0.23750442931466556f,-0.9667733391464046f,0.32517291250645375f,-0.560159461821686f,0.8565923222607088f,0.06732882203290524f,0.7338140827252839f,0.822970485837745f,0.5117650232290345f,0.33597371912110324f,-0.5553799112400204f,0f,0f,0f,1f],start_interpolation:0}
execute if entity @s[tag=aj.dino.bone.leg_left_1] run data modify entity @s {} merge value {transformation:[-0.04808048973276856f,0.7716750527124867f,-0.634197035256581f,0.5694058949975002f,-0.31576647623282866f,0.5906261410675429f,0.7425983395989817f,0.8611728037260948f,0.9476179604643211f,0.23596265490293752f,0.21527151808030154f,-0.5215658297305167f,0f,0f,0f,1f],start_interpolation:0}
execute if entity @s[tag=aj.dino.bone.leg_left_0] run data modify entity @s {} merge value {transformation:[-0.00895515277508957f,-0.6814211213523705f,-0.7318367718375816f,0.3603926377896246f,-0.3569605326462716f,0.6858248149097598f,-0.6342109281515759f,1.1405728397022121f,0.9340765404246404f,0.2555573881320424f,-0.24938211242882638f,-0.29231409740914055f,0f,0f,0f,1f],start_interpolation:0}
execute if entity @s[tag=aj.dino.bone.leg_right_3] run data modify entity @s {} merge value {transformation:[-0.8072278768081078f,0.10265157707709784f,-0.5812450504111489f,0.021256670831509346f,-0.14801272932888593f,0.9180901128949441f,0.3676993018230562f,0.2595426618456985f,0.5713802471738836f,0.38284879303470926f,-0.7259141924576061f,-0.1823238505410993f,0f,0f,0f,1f],start_interpolation:0}
execute if entity @s[tag=aj.dino.bone.leg_right_2] run data modify entity @s {} merge value {transformation:[-0.8040782977403365f,0.15490460149545554f,-0.6176769827662609f,0.03952315271502463f,-0.015422865733988222f,0.9898627983915259f,0.2683206571878944f,0.498594479785122f,0.6366179590745528f,0.2196324299750067f,-0.7736545542990875f,-0.15602487631259376f,0f,0f,0f,1f],start_interpolation:0}
execute if entity @s[tag=aj.dino.bone.leg_right_1] run data modify entity @s {} merge value {transformation:[-0.5783739773784927f,0.5815740696229021f,-0.5720621852855148f,0.21634000707301174f,-0.33085310007338803f,0.4737606511128357f,0.8161415757262773f,0.5774262087553703f,0.7456673309614763f,0.6613035966932267f,-0.08159524825252173f,0.0428085820948718f,0f,0f,0f,1f],start_interpolation:0}
execute if entity @s[tag=aj.dino.bone.leg_right_0] run data modify entity @s {} merge value {transformation:[-0.5972996761514171f,-0.31773328077077334f,-0.736395721850727f,0.22098620209949546f,-0.2760884283631781f,0.9435183574123545f,-0.18316192003209342f,0.9948950598378854f,0.7529995196501541f,0.09390778198069405f,-0.6512856914519956f,0.0451430653511492f,0f,0f,0f,1f],start_interpolation:0}
execute if entity @s[tag=aj.dino.bone.tail_4] run data modify entity @s {} merge value {transformation:[2.380457048315323f,0.5095534174988542f,-1.3036260535295932f,-1.0788098811917388f,-1.3265305134807845f,1.6418699975786668f,-1.7805170708127005f,1.106060926965642f,0.4465449244256519f,2.1610829593900993f,1.6601142745917887f,0.627649408879985f,0f,0f,0f,1f],start_interpolation:0}
execute if entity @s[tag=aj.dino.bone.tail_3] run data modify entity @s {} merge value {transformation:[1.553226665740504f,0.7392752092440632f,-1.1734157898521003f,-0.8870763140902668f,-1.2475045632028439f,1.514488554157852f,-0.6971386592044566f,1.209449421943089f,0.6059412642040194f,1.223005359909126f,1.5725897748659148f,0.349028229161699f,0f,0f,0f,1f],start_interpolation:0}
execute if entity @s[tag=aj.dino.bone.tail_2] run data modify entity @s {} merge value {transformation:[1.4074810658823609f,0.3679114907432388f,-1.3047651356334282f,-0.6433950247222378f,-0.9500050732980944f,1.6094260413833616f,-0.5709746518259302f,1.3152728537079486f,0.967089078055023f,1.0455442732371245f,1.3380395221407013f,0.1012535039159961f,0f,0f,0f,1f],start_interpolation:0}
execute if entity @s[tag=aj.dino.bone.tail_1] run data modify entity @s {} merge value {transformation:[0.7755594997900935f,0.3721836831258244f,-1.2440430130426505f,-0.3809813569266556f,-0.755443467462717f,1.3079045846162713f,-0.07966815554314349f,1.3171504989768892f,1.056157601758965f,0.6622092973936828f,0.8565431785334102f,-0.09216887948660295f,0f,0f,0f,1f],start_interpolation:0}
execute if entity @s[tag=aj.dino.bone.tail_0] run data modify entity @s {} merge value {transformation:[0.09099235491627214f,0.5643215521145848f,-1.143283557893581f,-0.03326924462486988f,-0.7373647072550629f,0.9583525143229277f,0.41435427277826653f,1.2191933033075588f,1.0401198952166404f,0.6300296506466471f,0.39376256737355925f,-0.19203171579727554f,0f,0f,0f,1f],start_interpolation:0}
execute if entity @s[tag=aj.dino.bone.body_1] run data modify entity @s {} merge value {transformation:[-0.4384489901060542f,0.375322195468702f,-1.0933893760777926f,0.1956478560310464f,-0.45817307605784147f,1.0172031733414257f,0.5328974869297834f,1.0267862500000002f,1.0613409021171882f,0.5941679466185774f,-0.22164055531510185f,-0.18052481909040122f,0f,0f,0f,1f],start_interpolation:0}