execute if entity @s[tag=aj.dino.bone.head_lower] run data modify entity @s {} merge value {transformation:[-0.9716396192856721f,-0.21479881429792075f,-0.09888336366953476f,0.19032476918369381f,-0.2215962664720254f,0.9730544465319264f,0.06371921821636914f,0.5023361495205948f,0.08253208418580779f,0.08382430113429812f,-0.9930568672635485f,0.8510223314109341f,0f,0f,0f,1f],start_interpolation:0}
execute if entity @s[tag=aj.dino.bone.head_upper] run data modify entity @s {} merge value {transformation:[-1.0113792748646149f,-0.19260150774922083f,-0.15325979306576082f,0.17512066581873045f,-0.23065946143895358f,0.96784059578331f,0.3058639184114506f,0.5450826037028635f,0.08590761204063893f,0.3311512991821736f,-0.9830720430502236f,0.7907145177587416f,0f,0f,0f,1f],start_interpolation:0}
execute if entity @s[tag=aj.dino.bone.neck_0] run data modify entity @s {} merge value {transformation:[-0.9651793031882139f,-0.25725066034059174f,0.04744481480039006f,0.18267607062741006f,-0.2602364433656995f,0.9258416038822168f,-0.2740334250874796f,0.5124190323407819f,0.026568896128460362f,-0.27683826013601087f,-0.9605491509982096f,0.7330886275847228f,0f,0f,0f,1f],start_interpolation:0}
execute if entity @s[tag=aj.dino.bone.neck_1] run data modify entity @s {} merge value {transformation:[-0.9609460452689264f,-0.18363655988829866f,-0.2070273217582686f,0.16429214856405125f,-0.1917047410681694f,0.9812602850024199f,0.01943052569941439f,0.5185855963686427f,0.19957953385554475f,0.058359805940053994f,-0.9781421894165707f,0.6504960023558933f,0f,0f,0f,1f],start_interpolation:0}
execute if entity @s[tag=aj.dino.bone.neck_2] run data modify entity @s {} merge value {transformation:[-0.9366532829786718f,-0.2144310930418586f,-0.27694752900531533f,0.1379300534964051f,-0.2906449829510051f,0.9170851135260725f,0.27291095330579995f,0.5514734791499968f,0.19546386205814656f,0.3361163502207894f,-0.9213141037363801f,0.5730727661541888f,0f,0f,0f,1f],start_interpolation:0}
execute if entity @s[tag=aj.dino.bone.body_0] run data modify entity @s {} merge value {transformation:[-0.9353079102476165f,-0.2946321773729488f,-0.19593619646382782f,0.04277931908404075f,-0.2945771941523254f,0.9551533914447801f,-0.030104409924090192f,0.5463844136395611f,0.1960188504036784f,0.029561442251854753f,-0.9801544426356544f,0.11141126260841644f,0f,0f,0f,1f],start_interpolation:0}
execute if entity @s[tag=aj.dino.bone.leg_left_3] run data modify entity @s {} merge value {transformation:[-0.9415000665279509f,-0.08449684729687985f,-0.3262482299181899f,0.35258918710553955f,-0.1456624079702359f,0.9749935490697239f,0.16783933441460264f,0.12912931193117977f,0.3039080249552104f,0.2055428472832662f,-0.9302645055566247f,-0.07425246068082612f,0f,0f,0f,1f],start_interpolation:0}
execute if entity @s[tag=aj.dino.bone.leg_left_2] run data modify entity @s {} merge value {transformation:[-0.9516112549088441f,-0.218956605564777f,-0.3139366558894647f,0.29037236239119807f,-0.25959609002305756f,0.987435324553583f,0.09820157518693601f,0.36193118918776707f,0.2812616025628989f,0.17056284532102972f,-0.9715258237537687f,-0.06408266548675301f,0f,0f,0f,1f],start_interpolation:0}
execute if entity @s[tag=aj.dino.bone.leg_left_1] run data modify entity @s {} merge value {transformation:[-0.9902992688012933f,0.12649977731854395f,0.05749056052938373f,0.34141174390494955f,0.09759031054877947f,0.33867484824958904f,0.9358287655602977f,0.40236214147220223f,0.09891152358859272f,0.9323610639132657f,-0.34773460713582494f,0.20568335404097232f,0f,0f,0f,1f],start_interpolation:0}
execute if entity @s[tag=aj.dino.bone.leg_left_0] run data modify entity @s {} merge value {transformation:[-0.9870996473880195f,-0.08566860268674314f,-0.13525966375881804f,0.2040108198260916f,0.06415481435936515f,0.5623840490347158f,-0.8243836128804561f,0.6977420162272691f,0.14669166956907598f,-0.8224263322055169f,-0.5496330431970204f,-0.055427722354514986f,0f,0f,0f,1f],start_interpolation:0}
execute if entity @s[tag=aj.dino.bone.leg_right_3] run data modify entity @s {} merge value {transformation:[-0.9852712859391286f,0.023979277767401067f,0.169308851929276f,-0.2706494725085949f,0.03028451021502161f,0.9989368331457785f,0.03475703994471929f,0.002722646274060797f,-0.16829539965457152f,0.03937254909751722f,-0.9849499788479978f,-0.005518576496117922f,0f,0f,0f,1f],start_interpolation:0}
execute if entity @s[tag=aj.dino.bone.leg_right_2] run data modify entity @s {} merge value {transformation:[-1.0111717258742414f,0.1593297215133125f,0.06486894585001646f,-0.2299364949185381f,0.1442094452021266f,0.9959581024018082f,-0.19832623042698622f,0.2285261416269218f,-0.09379539545040007f,-0.18639661371219549f,-1.004251425535271f,-0.07985771160137453f,0f,0f,0f,1f],start_interpolation:0}
execute if entity @s[tag=aj.dino.bone.leg_right_1] run data modify entity @s {} merge value {transformation:[-0.9734027648827493f,0.03050099502064601f,-0.22706110768110271f,-0.22899378249463914f,-0.1926393820275648f,0.4274804797386612f,0.8832612908615671f,0.2939778288767747f,0.1240045394760076f,0.9035098941047379f,-0.4102349880790138f,0.18982464523569945f,0f,0f,0f,1f],start_interpolation:0}
execute if entity @s[tag=aj.dino.bone.leg_right_0] run data modify entity @s {} merge value {transformation:[-0.985073854971888f,-0.17084364441591007f,0.021022592930311806f,-0.18324384200848648f,-0.14723172726312508f,0.7729948972157548f,-0.6170913282209702f,0.6648352999031772f,0.08917577438935007f,-0.6109757262290333f,-0.7866106681332037f,0.003601774207816516f,0f,0f,0f,1f],start_interpolation:0}
execute if entity @s[tag=aj.dino.bone.tail_4] run data modify entity @s {} merge value {transformation:[-2.3373781153569397f,0.788290237524743f,-1.2413393487977522f,-0.068988904767484f,0.2707295806773982f,2.521984030870871f,1.0917707514760377f,0.680683532832405f,1.4453478375798272f,0.802406618277477f,-2.211961703770619f,-1.703971841983654f,0f,0f,0f,1f],start_interpolation:0}
execute if entity @s[tag=aj.dino.bone.tail_3] run data modify entity @s {} merge value {transformation:[-1.8572938913068158f,0.5122728532464814f,-0.7899249655413735f,0.0599401863644977f,0.35535267205120724f,1.9992793120122454f,0.46103387844100235f,0.5829447065234755f,0.8718540048797725f,0.27641324575894444f,-1.8706714938194122f,-1.3894800062765886f,0f,0f,0f,1f],start_interpolation:0}
execute if entity @s[tag=aj.dino.bone.tail_2] run data modify entity @s {} merge value {transformation:[-1.8801623576608757f,0.3572273575237643f,-0.39516072536939073f,0.1320944287566734f,0.4011784239895035f,1.9032593645603946f,-0.18823798325852648f,0.6186872719170229f,0.3504557831783813f,-0.2622332573350062f,-1.9045178754181007f,-1.035237549344843f,0f,0f,0f,1f],start_interpolation:0}
execute if entity @s[tag=aj.dino.bone.tail_1] run data modify entity @s {} merge value {transformation:[-1.4104935822362143f,0.25197169550398296f,0.48443200672055065f,0.026117517988887277f,0.13758338401215958f,1.4625432223552122f,-0.3601310666779461f,0.6781739361742375f,-0.5284268321293064f,-0.29177703372212255f,-1.3868264115159132f,-0.7327364614815193f,0f,0f,0f,1f],start_interpolation:0}
execute if entity @s[tag=aj.dino.bone.tail_0] run data modify entity @s {} merge value {transformation:[-1.2516699207149429f,-0.015829233592124164f,0.258664959987552f,-0.049852382856369386f,-0.054290885907484404f,1.2635344682118468f,-0.1853884136940967f,0.7628400769903354f,-0.2533981567984591f,-0.19252480252819107f,-1.2379657875428753f,-0.37562005179743346f,0f,0f,0f,1f],start_interpolation:0}
execute if entity @s[tag=aj.dino.bone.body_1] run data modify entity @s {} merge value {transformation:[-1.2179596627277849f,-0.05408810055746294f,-0.20555615389074583f,0.0015797609486112507f,-0.10349534057433801f,1.1952658174019506f,0.2987188231198343f,0.6128825f,0.1856544357231251f,0.3114782467280546f,-1.1819976004069532f,-0.12180243717259576f,0f,0f,0f,1f],start_interpolation:0}