execute if entity @s[tag=aj.dino.bone.head_lower] run data modify entity @s {} merge value {transformation:[-0.13720534085058278f,0.3991906718422105f,-0.9065437121045181f,0.8406485608084859f,-0.8131299776369721f,0.47726262260870356f,0.3332266924013732f,0.51693863297292f,0.5656804167638935f,0.7828583502619273f,0.25911092125767415f,0.0034643411506280267f,0f,0f,0f,1f],start_interpolation:0}
execute if entity @s[tag=aj.dino.bone.head_upper] run data modify entity @s {} merge value {transformation:[-0.14281698212247962f,0.7978071994342726f,-0.6531300978608908f,0.813493707849955f,-0.846386654918167f,0.2858358745428237f,0.5342278781421669f,0.5599225218389202f,0.5888165101093631f,0.6043785799800393f,0.6095027416406329f,0.059235801150817786f,0f,0f,0f,1f],start_interpolation:0}
execute if entity @s[tag=aj.dino.bone.neck_0] run data modify entity @s {} merge value {transformation:[-0.11634605348046546f,0.15371142045037783f,-0.9812422713390652f,0.7475873125116201f,-0.6280515758177944f,0.753966421464202f,0.19257687664216255f,0.560339554222278f,0.7694249891654843f,0.6386763143624417f,0.008817682240902132f,0.04919043446785276f,0f,0f,0f,1f],start_interpolation:0}
execute if entity @s[tag=aj.dino.bone.neck_1] run data modify entity @s {} merge value {transformation:[-0.01149088486254296f,-0.02641380852862546f,-0.9995850490498989f,0.6627876541891596f,-0.5079435252079512f,0.8612242095874099f,-0.016918511159699792f,0.5628738865521354f,0.861313726097753f,0.5075383448957866f,-0.02331295125140137f,0.049553687227015676f,0f,0f,0f,1f],start_interpolation:0}
execute if entity @s[tag=aj.dino.bone.neck_2] run data modify entity @s {} merge value {transformation:[-0.32228267538615313f,-0.0991160450194917f,-0.9414403256530057f,0.5793400128312449f,-0.34827213706633264f,0.9371680246857457f,0.020557530247268918f,0.573850341074962f,0.8802501892582546f,0.334502769983018f,-0.3365523750985797f,0.023344166207931838f,0f,0f,0f,1f],start_interpolation:0}
execute if entity @s[tag=aj.dino.bone.body_0] run data modify entity @s {} merge value {transformation:[-0.5392342064507866f,-0.16861539386311192f,-0.8251032175102568f,0.18886568815993807f,-0.16368356347646051f,0.9820514438750793f,-0.09371580779420091f,0.5390376998630493f,0.8260957339443401f,0.0845210656301715f,-0.5571552995563286f,-0.23843586833913305f,0f,0f,0f,1f],start_interpolation:0}
execute if entity @s[tag=aj.dino.bone.leg_left_3] run data modify entity @s {} merge value {transformation:[-0.34907591921702125f,0.8063802783785605f,-0.477385430511768f,-0.09614284527057293f,-0.27777018722937025f,0.39749835986099424f,0.874550614312505f,0.3740350462894825f,0.8949802934754217f,0.43788800000677575f,0.08523129554754971f,-0.772844457319917f,0f,0f,0f,1f],start_interpolation:0}
execute if entity @s[tag=aj.dino.bone.leg_left_2] run data modify entity @s {} merge value {transformation:[-0.3768738843288938f,0.16245213117890178f,-0.94001998908905f,-0.08791099145997669f,-0.5108077451816693f,0.8192453080486872f,0.34637374641176916f,0.5749119822796805f,0.8056697352352045f,0.5954062729064404f,-0.22011326041470355f,-0.6396087067270433f,0f,0f,0f,1f],start_interpolation:0}
execute if entity @s[tag=aj.dino.bone.leg_left_1] run data modify entity @s {} merge value {transformation:[-0.26010357333287015f,0.8552528913049345f,0.44820600515167314f,0.12584345194165278f,-0.15450994016384792f,-0.4950669551791259f,0.8550060749960982f,0.3981486074819252f,0.9531383999871352f,0.1531378522907348f,0.2609137571415979f,-0.6308261720169797f,0f,0f,0f,1f],start_interpolation:0}
execute if entity @s[tag=aj.dino.bone.leg_left_0] run data modify entity @s {} merge value {transformation:[-0.2612363675281557f,-0.002602492550533353f,-0.9652713542383917f,0.17302532805920856f,-0.21178347228298716f,0.975785472446206f,0.05468521400430065f,0.752196723185248f,0.9417554465722273f,0.21871428575989127f,-0.2554618172175347f,-0.41465244350815433f,0f,0f,0f,1f],start_interpolation:0}
execute if entity @s[tag=aj.dino.bone.leg_right_3] run data modify entity @s {} merge value {transformation:[-0.6803359514298037f,-0.21494414394817934f,-0.7006725399032616f,0.1404496428560776f,-0.1503796986185132f,0.9766259480497246f,-0.15358288914908957f,0.0017306839917877181f,0.7173067261886708f,0.0008789643683366904f,-0.6967569791441852f,0.02995320405122552f,0f,0f,0f,1f],start_interpolation:0}
execute if entity @s[tag=aj.dino.bone.leg_right_2] run data modify entity @s {} merge value {transformation:[-0.7113360292485797f,-0.21445040036931337f,-0.7071593022615194f,0.06971072726699398f,-0.025532858844678506f,0.9881058527706463f,-0.27396550209890536f,0.22362957358817406f,0.7385196856636765f,-0.17239503763893219f,-0.6906017842327007f,-0.032720240749478186f,0f,0f,0f,1f],start_interpolation:0}
execute if entity @s[tag=aj.dino.bone.leg_right_1] run data modify entity @s {} merge value {transformation:[-0.41036037625765664f,0.5231313130081725f,-0.7469524690018902f,0.24327213167347805f,-0.25582380411212086f,0.7201655379154275f,0.644915327193102f,0.3799772635961202f,0.8753048285296258f,0.4557359184322957f,-0.1616979585628533f,0.11709706262164005f,0f,0f,0f,1f],start_interpolation:0}
execute if entity @s[tag=aj.dino.bone.leg_right_0] run data modify entity @s {} merge value {transformation:[-0.45924679473950053f,-0.8288200196476452f,-0.3196087554382264f,-0.0027321863558506625f,-0.22873238433442844f,0.45799575251105806f,-0.8590235078497659f,0.6563271642760391f,0.8583553331098853f,-0.3213989199003424f,-0.39991106062312265f,-0.07634514184671518f,0f,0f,0f,1f],start_interpolation:0}
execute if entity @s[tag=aj.dino.bone.tail_4] run data modify entity @s {} merge value {transformation:[-2.1669558800203603f,-0.9972405283413868f,-1.3912134538878562f,-1.305828166805792f,-1.110238240337248f,2.527109517100863f,-0.08215759168266762f,1.3197339984886916f,1.3028179440497565f,0.494863767931779f,-2.3839959285725145f,-1.1228367881111545f,0f,0f,0f,1f],start_interpolation:0}
execute if entity @s[tag=aj.dino.bone.tail_3] run data modify entity @s {} merge value {transformation:[-1.5539424447308374f,-0.2529024097682975f,-1.3628091486491354f,-1.0722712479938008f,-0.8140497602295192f,1.8235649656606185f,0.5898129618191634f,1.2018785013835338f,1.1218428554742652f,0.9729320187932041f,-1.4597319687095882f,-0.8848410929569969f,0f,0f,0f,1f],start_interpolation:0}
execute if entity @s[tag=aj.dino.bone.tail_2] run data modify entity @s {} merge value {transformation:[-1.1961387143249669f,0.010370020578648683f,-1.5452891359771448f,-0.7858873839483917f,-0.5384611322521646f,1.828860610143007f,0.42907150071269273f,1.1221520668251943f,1.4484770140217993f,0.6884295216965378f,-1.1165809457938751f,-0.6760362510203786f,0f,0f,0f,1f],start_interpolation:0}
execute if entity @s[tag=aj.dino.bone.tail_1] run data modify entity @s {} merge value {transformation:[-0.9043294444901863f,0.15250261664258669f,-1.2027416421431645f,-0.5280710175815785f,-0.2976910496055902f,1.426617656139906f,0.4047200911427596f,1.0179062972795445f,1.1752550977608194f,0.4787079120999002f,-0.8229644221229502f,-0.5059180046031393f,0f,0f,0f,1f],start_interpolation:0}
execute if entity @s[tag=aj.dino.bone.tail_0] run data modify entity @s {} merge value {transformation:[-0.6838425058057935f,0.2587629300656525f,-1.048444986568737f,-0.21544661392934397f,-0.45762551715268074f,1.0546059793902307f,0.5587672421224618f,0.8800710430707256f,0.9781482658002427f,0.674302373451435f,-0.4715697147334282f,-0.3518422562224929f,0f,0f,0f,1f],start_interpolation:0}
execute if entity @s[tag=aj.dino.bone.body_1] run data modify entity @s {} merge value {transformation:[-0.5527772395682116f,0.44420012797677794f,-1.0127823876712174f,-0.009908926500184132f,-0.30152059392069924f,1.028821717399621f,0.6158050018511163f,0.6676065625f,1.0640146850082977f,0.5223185954650271f,-0.35165413402146245f,-0.30526945998782407f,0f,0f,0f,1f],start_interpolation:0}