execute if entity @s[tag=aj.dino.bone.head_lower] run data modify entity @s {} merge value {transformation:[-0.998792904682098f,-0.0033554923553066884f,-0.049004838819762836f,0.43027358382622977f,-0.0029358851619356724f,0.9999584333888991f,-0.00863203757722708f,0.21407975472242838f,0.04903176659078659f,-0.008477745305929485f,-0.9987612395860757f,0.7252637999387564f,0f,0f,0f,1f],start_interpolation:0}
execute if entity @s[tag=aj.dino.bone.head_upper] run data modify entity @s {} merge value {transformation:[-1.0396431183198858f,0.03392291789264684f,-0.038253950845110726f,0.42807545243294093f,-0.0030559616417733574f,0.7361713074330138f,0.7358766267482059f,0.28133873414216815f,0.051037145414447024f,0.7351006627241762f,-0.7351830847033469f,0.691104549396777f,0f,0f,0f,1f],start_interpolation:0}
execute if entity @s[tag=aj.dino.bone.neck_0] run data modify entity @s {} merge value {transformation:[-0.9709512126666427f,0.04044850102122207f,-0.23583396995834205f,0.4124831693448199f,0.018284788602414337f,0.9952690624796682f,0.09542096088704773f,0.271347841101572f,0.238577889015183f,0.08833692340113898f,-0.9670972954346839f,0.6270592605876214f,0f,0f,0f,1f],start_interpolation:0}
execute if entity @s[tag=aj.dino.bone.neck_1] run data modify entity @s {} merge value {transformation:[-0.9086753505451243f,0.04206930585326557f,-0.41537847900044145f,0.3774889683643484f,-0.00834668268487257f,0.9928810251273046f,0.11881751903785426f,0.285987323216649f,0.4174199805949085f,0.11143358312096599f,-0.9018553744104256f,0.5511736341115097f,0f,0f,0f,1f],start_interpolation:0}
execute if entity @s[tag=aj.dino.bone.neck_2] run data modify entity @s {} merge value {transformation:[-0.8588307661565805f,-0.026510379871546558f,-0.5115729809733578f,0.33241178524579507f,-0.2916944091658328f,0.8462490718610549f,0.44584400863496976f,0.33333190952232683f,0.4210986663055309f,0.5321275299525196f,-0.7345176683391174f,0.4920342385804318f,0f,0f,0f,1f],start_interpolation:0}
execute if entity @s[tag=aj.dino.bone.body_0] run data modify entity @s {} merge value {transformation:[-0.8141991610078257f,-0.10921501409604113f,-0.5702208404733682f,0.06262843193081602f,-0.35139058476863116f,0.8745337910511134f,0.33423839582807824f,0.4991882396091164f,0.462173542243725f,0.47250685604102f,-0.7504218066155318f,0.14286447364166727f,0f,0f,0f,1f],start_interpolation:0}
execute if entity @s[tag=aj.dino.bone.leg_left_3] run data modify entity @s {} merge value {transformation:[-0.17223551617731786f,0.016924694939760176f,-0.9849103927100826f,0.22392942004550298f,0.03347923779252494f,0.9993753198315755f,0.011318601873396394f,0.006442699194936147f,0.9844867026039329f,-0.03102458400579998f,-0.17269454995251746f,-0.2555672002186973f,0f,0f,0f,1f],start_interpolation:0}
execute if entity @s[tag=aj.dino.bone.leg_left_2] run data modify entity @s {} merge value {transformation:[-0.28448395316303277f,0.23397001126928638f,-0.9572821494836713f,0.24844184152320847f,-0.3286271819851172f,0.9168148606969768f,0.3217404015140137f,0.22958430651927203f,0.9290507279766529f,0.3959428551350913f,-0.17932149847192863f,-0.16737402395189718f,0f,0f,0f,1f],start_interpolation:0}
execute if entity @s[tag=aj.dino.bone.leg_left_1] run data modify entity @s {} merge value {transformation:[-0.5641643227894306f,0.6212457161836087f,-0.5438495904338427f,0.4572943166133644f,-0.05846546428620485f,0.6269710078740295f,0.7768456376727765f,0.35987613332580193f,0.8235899503863205f,0.4700650118961621f,-0.317393254833368f,-0.03924101034533809f,0f,0f,0f,1f],start_interpolation:0}
execute if entity @s[tag=aj.dino.bone.leg_left_0] run data modify entity @s {} merge value {transformation:[-0.5270939246680378f,-0.6584583397711886f,-0.5372193307800966f,0.18120700814499138f,-0.0986897764574177f,0.6753183089343799f,-0.7308936377071525f,0.6730521440143812f,0.8440570612232505f,-0.33223154035067076f,-0.42093928421494575f,-0.03727555967705314f,0f,0f,0f,1f],start_interpolation:0}
execute if entity @s[tag=aj.dino.bone.leg_right_3] run data modify entity @s {} merge value {transformation:[-0.981789361177147f,0.099498811385787f,0.1618321254021738f,-0.3660483724408967f,0.08549176361051702f,0.9921429904613117f,-0.0913424590935081f,0.03189926540962709f,-0.16964907495808168f,-0.0758437407522947f,-0.9825817616639168f,0.1268687556155269f,0f,0f,0f,1f],start_interpolation:0}
execute if entity @s[tag=aj.dino.bone.leg_right_2] run data modify entity @s {} merge value {transformation:[-0.9767909704292839f,0.30791839374254326f,0.05592729551412121f,-0.2910292656988082f,0.3090966391789671f,0.9779131359492323f,0.014400197460456095f,0.259814902321834f,-0.04899864525452882f,0.03056731642857799f,-1.0240737138654963f,0.10242150340719453f,0f,0f,0f,1f],start_interpolation:0}
execute if entity @s[tag=aj.dino.bone.leg_right_1] run data modify entity @s {} merge value {transformation:[-0.9863929186011353f,0.13422551491146323f,-0.09493429980932244f,-0.26917406005595823f,-0.03481395183955999f,0.3938136565573453f,0.9185307793788111f,0.3173929964742631f,0.16067669056476913f,0.9093372944379253f,-0.3837820814648172f,0.37301436864914506f,0f,0f,0f,1f],start_interpolation:0}
execute if entity @s[tag=aj.dino.bone.leg_right_0] run data modify entity @s {} merge value {transformation:[-0.9938355406175875f,-0.09919961156535817f,-0.04950106332827044f,-0.1885345069748038f,-0.005471504359372777f,0.48984493028603515f,-0.8717924104470711f,0.581327589566828f,0.11072931339709804f,-0.8661474362591806f,-0.48736807221673417f,0.059736422389937455f,0f,0f,0f,1f],start_interpolation:0}
execute if entity @s[tag=aj.dino.bone.tail_4] run data modify entity @s {} merge value {transformation:[-1.5264419245595906f,0.3384154538487832f,2.2762054747195246f,0.3692512293115631f,0.6706811612886238f,2.6782809102227283f,0.051570121476039225f,0.5015689854136729f,-2.2013230481779265f,0.5813326742346696f,-1.5626549494459139f,-1.5904382357195437f,0f,0f,0f,1f],start_interpolation:0}
execute if entity @s[tag=aj.dino.bone.tail_3] run data modify entity @s {} merge value {transformation:[-1.6243192325224307f,0.0836275745692587f,1.300207285656349f,0.14796576021990712f,0.21215866996984586f,2.067241728331064f,0.1320827825564891f,0.4589430432674985f,-1.2855042806847485f,0.23550709429420985f,-1.6210986024677f,-1.3178644408312556f,0f,0f,0f,1f],start_interpolation:0}
execute if entity @s[tag=aj.dino.bone.tail_2] run data modify entity @s {} merge value {transformation:[-1.7040560515522123f,0.3844090763764828f,0.8758975454757482f,-0.016030264879933115f,0.21861699276327662f,1.8985742410904567f,-0.4079170706721078f,0.5353873622266614f,-0.9312214874272405f,-0.25771959194044874f,-1.6985820640424243f,-1.002851657250235f,0f,0f,0f,1f],start_interpolation:0}
execute if entity @s[tag=aj.dino.bone.tail_1] run data modify entity @s {} merge value {transformation:[-1.4596105502001784f,0.24517720172545968f,0.31157893301442324f,-0.08468114207380573f,0.15621333939119f,1.4481117110811201f,-0.40770836982574105f,0.6052707430809876f,-0.3644045613608398f,-0.361271175135498f,-1.4227960864704507f,-0.691917504832542f,0f,0f,0f,1f],start_interpolation:0}
execute if entity @s[tag=aj.dino.bone.tail_0] run data modify entity @s {} merge value {transformation:[-1.2589497356683743f,-0.20926428629566415f,0.07134240061649597f,-0.11057896968553142f,-0.21841635212618027f,1.241152602149452f,-0.21370594723957692f,0.697671811061908f,-0.034286685002355766f,-0.22267553355238343f,-1.2582033804487804f,-0.3296147909843568f,0f,0f,0f,1f],start_interpolation:0}
execute if entity @s[tag=aj.dino.bone.body_1] run data modify entity @s {} merge value {transformation:[-1.1628788377094648f,-0.20434940529501597f,-0.36682246989423634f,-0.011533501188420137f,-0.28848408659446934f,1.173627212580397f,0.2607310735773014f,0.5580033673095703f,0.3051136438206089f,0.33082485018902485f,-1.151549034087637f,-0.08417917254844384f,0f,0f,0f,1f],start_interpolation:0}