execute if entity @s[tag=aj.dino.bone.head_lower] run data modify entity @s {} merge value {transformation:[-0.9660582500047674f,0.23110447494099323f,-0.11542174517816817f,0.2095909603025954f,0.15373580251802785f,0.873417020686516f,0.4620692707800721f,0.8355242975889556f,0.2075975930059501f,0.42864137648777856f,-0.8793007504493546f,0.8159055945575906f,0f,0f,0f,1f],start_interpolation:0}
execute if entity @s[tag=aj.dino.bone.head_upper] run data modify entity @s {} merge value {transformation:[-1.0055696299056918f,0.1383308484841722f,-0.23057805262532313f,0.19648954188335271f,0.16002353278443082f,1.0251841668753807f,-0.0828361969595935f,0.8528837037632385f,0.21608824806089638f,-0.11547269343523324f,-1.0116540261889397f,0.7436390023833566f,0f,0f,0f,1f],start_interpolation:0}
execute if entity @s[tag=aj.dino.bone.neck_0] run data modify entity @s {} merge value {transformation:[-0.9660582500047674f,0.038008122643335085f,-0.2555128963689609f,0.17966281339375648f,0.15373580251802785f,0.8794764099363397f,-0.45042929233079976f,0.8094328741334818f,0.2075975930059501f,-0.4744224140769662f,-0.8554686507403527f,0.6959564807730206f,0f,0f,0f,1f],start_interpolation:0}
execute if entity @s[tag=aj.dino.bone.neck_1] run data modify entity @s {} merge value {transformation:[-0.9660582500047674f,0.11308320061734703f,-0.23225771749473254f,0.16050849650925456f,0.15373580251802785f,0.9742182604099606f,-0.16511839421435726f,0.7999332807130278f,0.2075975930059501f,-0.19522031354837743f,-0.9585365243725505f,0.6138565007848051f,0f,0f,0f,1f],start_interpolation:0}
execute if entity @s[tag=aj.dino.bone.neck_2] run data modify entity @s {} merge value {transformation:[-0.9660582500047674f,0.16067244794376315f,-0.20227659792839325f,0.14436063314189224f,0.15373580251802785f,0.986863559199407f,0.049654995201049934f,0.8139454417393905f,0.2075975930059501f,0.016872462654783427f,-0.978068790720826f,0.5283355311564099f,0f,0f,0f,1f],start_interpolation:0}
execute if entity @s[tag=aj.dino.bone.body_0] run data modify entity @s {} merge value {transformation:[-0.9660582500047674f,0.09842494691753426f,-0.23883883147848195f,0.03273440816227491f,0.15373580251802785f,0.9620682591400422f,-0.22536629690214613f,0.7168960538866552f,0.2075975930059501f,-0.25443504982515464f,-0.9445454170121238f,0.08075100627051282f,0f,0f,0f,1f],start_interpolation:0}
execute if entity @s[tag=aj.dino.bone.leg_left_3] run data modify entity @s {} merge value {transformation:[-0.9853543280635269f,-0.022667242127067846f,-0.169006048119077f,0.3419061247829786f,-0.008407158409757183f,0.996377919121707f,-0.08461892208111843f,0.03554606537074731f,0.1703119721392132f,-0.0819587604899564f,-0.9819758620887797f,-0.09856515451083359f,0f,0f,0f,1f],start_interpolation:0}
execute if entity @s[tag=aj.dino.bone.leg_left_2] run data modify entity @s {} merge value {transformation:[-1.0019953697077664f,-0.13247541960588502f,-0.17469327916418337f,0.3040730181594063f,-0.06828531523130729f,0.9652005703441605f,-0.3402751448927218f,0.24991095444044734f,0.2083376929618153f,-0.3207808000929086f,-0.9517128156559607f,-0.20242767153868269f,0f,0f,0f,1f],start_interpolation:0}
execute if entity @s[tag=aj.dino.bone.leg_left_1] run data modify entity @s {} merge value {transformation:[-0.9800742413658546f,0.030634882281857873f,0.19625489904387317f,0.32150572550910206f,0.15118624396496758f,0.7558793639639897f,0.6370157821978666f,0.418463859580783f,-0.12883012476478264f,0.6539938005218178f,-0.7454494669876153f,0.017343583503869442f,0f,0f,0f,1f],start_interpolation:0}
execute if entity @s[tag=aj.dino.bone.leg_left_0] run data modify entity @s {} merge value {transformation:[-0.9892055177054092f,0.12857309198377248f,0.07029511902618552f,0.25124474818955017f,0.09659400319680175f,0.9328800182751746f,-0.3469934726321605f,0.8242218388306324f,-0.11019093559630695f,-0.3364577707835592f,-0.9352294510930292f,-0.05143966958605979f,0f,0f,0f,1f],start_interpolation:0}
execute if entity @s[tag=aj.dino.bone.leg_right_3] run data modify entity @s {} merge value {transformation:[-0.9657073778887346f,0.22190655860814382f,0.13478404778739622f,-0.30470108350800373f,0.2526468239161412f,0.6835583419687238f,0.6847755657805377f,0.3819261311768595f,0.05982342899191797f,0.6953455776602449f,-0.7161813212950959f,-0.13211951040702583f,0f,0f,0f,1f],start_interpolation:0}
execute if entity @s[tag=aj.dino.bone.leg_right_2] run data modify entity @s {} merge value {transformation:[-0.9849592431815016f,0.28288970638818056f,0.04348451208909526f,-0.23588799310794678f,0.2856162753746657f,0.9614456702682381f,0.21472718939215796f,0.6122306540168791f,0.018461636252532384f,0.21830674896292485f,-1.0020297055700553f,-0.11222837129836569f,0f,0f,0f,1f],start_interpolation:0}
execute if entity @s[tag=aj.dino.bone.leg_right_1] run data modify entity @s {} merge value {transformation:[-0.9948829423360901f,0.06219500906453835f,-0.07962230777957773f,-0.23458239971663258f,-0.08274686932639218f,-0.04938819407503281f,0.9953460513322427f,0.5443760474333594f,0.057973154695641564f,0.9968413048893333f,0.05428191412585154f,0.1568579223902166f,0f,0f,0f,1f],start_interpolation:0}
execute if entity @s[tag=aj.dino.bone.leg_right_0] run data modify entity @s {} merge value {transformation:[-0.9990427608260863f,-0.04188424391202188f,0.012620307163830863f,-0.1358905655776964f,-0.03935093181388046f,0.7344804055483548f,-0.6774880353415133f,0.8924842398328352f,0.01910670579588518f,-0.6773361381009008f,-0.7354255161579499f,-0.05143966958605983f,0f,0f,0f,1f],start_interpolation:0}
execute if entity @s[tag=aj.dino.bone.tail_4] run data modify entity @s {} merge value {transformation:[-2.7050355535012445f,-0.12989477683331344f,0.5399734556861462f,0.2580644111002584f,0.5512130916078786f,-0.29975699351435864f,2.689232456311524f,1.8998578215775492f,-0.0678830872478511f,2.742067545373501f,0.31956031461219353f,-1.3459778569032588f,0f,0f,0f,1f],start_interpolation:0}
execute if entity @s[tag=aj.dino.bone.tail_3] run data modify entity @s {} merge value {transformation:[-2.0397461848027074f,0.1077010106710151f,0.40469929568469065f,0.18838842691991517f,0.41564511015953204f,0.7665936015234831f,1.8909042594875525f,1.5717286156696837f,-0.05118759642445856f,1.9330494738749293f,-0.7724280468552329f,-1.2339190112303722f,0f,0f,0f,1f],start_interpolation:0}
execute if entity @s[tag=aj.dino.bone.tail_2] run data modify entity @s {} merge value {transformation:[-1.9223108276538186f,0.2161654089820741f,0.2770694368696778f,0.13551181781953228f,0.3504290521307224f,1.294663360858385f,1.4212037631797947f,1.3080971320914023f,-0.026352159502233644f,1.447719991232165f,-1.3123209461404954f,-0.9896364104469757f,0f,0f,0f,1f],start_interpolation:0}
execute if entity @s[tag=aj.dino.bone.tail_1] run data modify entity @s {} merge value {transformation:[-1.4895217264309648f,0.20119611010872707f,0.1688235817865365f,0.09814649919220197f,0.26264286872123216f,1.1410398414374272f,0.9574461101087272f,1.0878664565278586f,-1.8241380145341205e-16f,0.9722162596508908f,-1.1586422202174544f,-0.7521938710747491f,0f,0f,0f,1f],start_interpolation:0}
execute if entity @s[tag=aj.dino.bone.tail_0] run data modify entity @s {} merge value {transformation:[-1.2587968626896269f,0.20116394057627984f,0.09380428603535651f,0.07558915082643466f,0.22195985012335007f,1.1408573989529136f,0.531990541994536f,0.9599373768422995f,-1.5415815486695818e-16f,0.5401973536127729f,-1.1584569632635406f,-0.4006298969444459f,0f,0f,0f,1f],start_interpolation:0}
execute if entity @s[tag=aj.dino.bone.body_1] run data modify entity @s {} merge value {transformation:[-1.2175842995723212f,0.20475631830712052f,0.0645594191775549f,0.046788199111021896f,0.2146929633016185f,1.1612307854670298f,0.3661346602667451f,0.7965990629909918f,-1.491110715163315e-16f,0.37178287756859935f,-1.1791446421042084f,-0.1515375f,0f,0f,0f,1f],start_interpolation:0}