execute if entity @s[tag=aj.dino.bone.head_lower] run data modify entity @s {} merge value {transformation:[-0.8050315854864561f,-0.38287002056688957f,0.45313871355278484f,0.19457503790424946f,-0.4550627591860593f,0.8885909952447436f,-0.057653520030668634f,0.5663132024597761f,-0.38058117605989605f,-0.25261945792251583f,-0.8895737057196557f,0.8479477156126987f,0f,0f,0f,1f],start_interpolation:0}
execute if entity @s[tag=aj.dino.bone.head_upper] run data modify entity @s {} merge value {transformation:[-0.837957041903025f,-0.48550148636106427f,0.38156027734794024f,0.20971686482148277f,-0.4736746364272862f,0.918019481551527f,0.12784566039115688f,0.5955933881163248f,-0.3961467875852558f,-0.07071407792349559f,-0.9599683247132788f,0.7800591871463705f,0f,0f,0f,1f],start_interpolation:0}
execute if entity @s[tag=aj.dino.bone.neck_0] run data modify entity @s {} merge value {transformation:[-0.8770268635260183f,-0.3221099858041589f,0.3564674426914187f,0.2382785563734667f,-0.46229986601591655f,0.7677592412486044f,-0.44364916472256855f,0.5545934098933438f,-0.1307773471797805f,-0.5538870864378512f,-0.8222568825750305f,0.7359233987688949f,0f,0f,0f,1f],start_interpolation:0}
execute if entity @s[tag=aj.dino.bone.neck_1] run data modify entity @s {} merge value {transformation:[-0.9499443591071244f,-0.23953370309247402f,-0.20057247987538473f,0.22018393298578912f,-0.18767386926603208f,0.9507708065714644f,-0.24660371482636487f,0.5380829208333175f,0.249768359475878f,-0.1966175944676703f,-0.9481335813852789f,0.654698247491793f,0f,0f,0f,1f],start_interpolation:0}
execute if entity @s[tag=aj.dino.bone.neck_2] run data modify entity @s {} merge value {transformation:[-0.9060635848294045f,-0.29172577079772377f,-0.30650424939723564f,0.1904756843320043f,-0.32200100020518074f,0.945301879480473f,0.052150863056602256f,0.5519068237823374f,0.27452529230100464f,0.14594667280606047f,-0.9504395996505453f,0.5728615194088496f,0f,0f,0f,1f],start_interpolation:0}
execute if entity @s[tag=aj.dino.bone.body_0] run data modify entity @s {} merge value {transformation:[-0.9043642990024948f,-0.33073339142360636f,-0.2697047246289282f,0.060214210037058666f,-0.3276193742035157f,0.9430361927979445f,-0.05786436485138863f,0.5336191641508875f,0.27347899432355516f,0.03603002734661037f,-0.9612029321601029f,0.12019341304079935f,0f,0f,0f,1f],start_interpolation:0}
execute if entity @s[tag=aj.dino.bone.leg_left_3] run data modify entity @s {} merge value {transformation:[-0.8619068179871558f,-0.059371373655373566f,-0.5035788687956737f,0.38091180419986537f,-0.17189501748383534f,0.9685270197462226f,0.18002087375005343f,0.16061305534927603f,0.4770416544406663f,0.2417239169212985f,-0.8449856850365796f,-0.11207675249485731f,0f,0f,0f,1f],start_interpolation:0}
execute if entity @s[tag=aj.dino.bone.leg_left_2] run data modify entity @s {} merge value {transformation:[-0.8746450527249587f,-0.1853839144471093f,-0.502683832551551f,0.3208069955520011f,-0.3279748161195232f,0.9462253604897831f,0.22170314986043813f,0.3875196203832393f,0.42366348820238653f,0.3497893236377318f,-0.8661517634536913f,-0.056652075789376366f,0f,0f,0f,1f],start_interpolation:0}
execute if entity @s[tag=aj.dino.bone.leg_left_1] run data modify entity @s {} merge value {transformation:[-0.9676581084821242f,0.24317017613064595f,-0.06712712215929185f,0.40970042018805364f,0.024029645378583965f,0.3537387961498162f,0.9350355288658603f,0.4335500534857098f,0.25111822162435227f,0.9031816702851483f,-0.34814150747814177f,0.20217710329335215f,0f,0f,0f,1f],start_interpolation:0}
execute if entity @s[tag=aj.dino.bone.leg_left_0] run data modify entity @s {} merge value {transformation:[-0.9538684655633635f,-0.26617038432897827f,-0.13888224116120365f,0.2055875072063642f,-0.004479654650077014f,0.4751608794695358f,-0.879887533333638f,0.6912211273602519f,0.30019141076654865f,-0.838674826811859f,-0.4544333303952165f,-0.055215233435857256f,0f,0f,0f,1f],start_interpolation:0}
execute if entity @s[tag=aj.dino.bone.leg_right_3] run data modify entity @s {} merge value {transformation:[-0.9841417464839631f,0.0467362270173656f,0.17111618249504035f,-0.30288292542711326f,0.04856200816195007f,0.9987990367745301f,0.0064973457310602f,0.004216314677914473f,-0.17060701682748386f,0.014704054626241414f,-0.9852294334756624f,0.05949936110829554f,0f,0f,0f,1f],start_interpolation:0}
execute if entity @s[tag=aj.dino.bone.leg_right_2] run data modify entity @s {} merge value {transformation:[-1.0026598093458416f,0.21442632273843898f,0.027511058506089286f,-0.2504947413404377f,0.20681105946648992f,0.9894075432422581f,-0.17425297288241764f,0.2291397369021118f,-0.06296579949149067f,-0.16479158046721773f,-1.0104163709096403f,-0.0100420249080303f,0f,0f,0f,1f],start_interpolation:0}
execute if entity @s[tag=aj.dino.bone.leg_right_1] run data modify entity @s {} merge value {transformation:[-0.978546948829772f,0.0905606566669864f,-0.18505306374115457f,-0.23556609447048452f,-0.12576000685871083f,0.44889735460063906f,0.8846895419905474f,0.3016659152467825f,0.1631878966432272f,0.8889825265417717f,-0.42787822787864216f,0.2574097924668286f,0f,0f,0f,1f],start_interpolation:0}
execute if entity @s[tag=aj.dino.bone.leg_right_0] run data modify entity @s {} merge value {transformation:[-0.9887730902327069f,-0.1467168257086794f,-0.028318705578331993f,-0.17589635986457208f,-0.0842126376590619f,0.7037062369463761f,-0.7054826459533035f,0.6451864280484726f,0.12343422414454916f,-0.6951774630529529f,-0.7081612014033906f,0.02775688344763734f,0f,0f,0f,1f],start_interpolation:0}
execute if entity @s[tag=aj.dino.bone.tail_4] run data modify entity @s {} merge value {transformation:[-2.1720450019481508f,0.13509078486587048f,1.6998918556650542f,0.39945027966818913f,0.7093689049442607f,2.574872931210173f,0.701773807162474f,0.577035275248755f,-1.5507022918053093f,0.988656259559133f,-2.05998605194897f,-1.6471458592719515f,0f,0f,0f,1f],start_interpolation:0}
execute if entity @s[tag=aj.dino.bone.tail_3] run data modify entity @s {} merge value {transformation:[-1.8835099123940156f,0.30805531341850206f,0.8327291635535294f,0.25523562322428683f,0.46356664076860427f,2.0068229846225094f,0.3061257976743533f,0.5054893141861251f,-0.7572594704092146f,0.4622866624832214f,-1.8838244775482993f,-1.3322426808866619f,0f,0f,0f,1f],start_interpolation:0}
execute if entity @s[tag=aj.dino.bone.tail_2] run data modify entity @s {} merge value {transformation:[-1.8278097410932939f,0.4626152072330094f,0.5136853077556355f,0.15850116232433248f,0.3934500753809074f,1.8901384751644694f,-0.30223741973566026f,0.5624152889883995f,-0.568403433795047f,-0.1792696007204545f,-1.8610625517994563f,-0.9867381781137652f,0f,0f,0f,1f],start_interpolation:0}
execute if entity @s[tag=aj.dino.bone.tail_1] run data modify entity @s {} merge value {transformation:[-1.3016866290059657f,0.35279860987552675f,0.6846906679201796f,0.008094365983346966f,0.14884145003486393f,1.4343828110410408f,-0.45612325542721643f,0.6428918775742732f,-0.7557211076968837f,-0.32516971301137265f,-1.2691755257337327f,-0.7089289066650797f,0f,0f,0f,1f],start_interpolation:0}
execute if entity @s[tag=aj.dino.bone.tail_0] run data modify entity @s {} merge value {transformation:[-1.2499526633118923f,0.0028844245885158125f,0.2672933522524052f,-0.06994535771683905f,-0.05329663626006617f,1.2497894263763003f,-0.26271957457598843f,0.749824288599326f,-0.261941834434474f,-0.2680555658754715f,-1.222034535338634f,-0.35829067101764067f,0f,0f,0f,1f],start_interpolation:0}
execute if entity @s[tag=aj.dino.bone.body_1] run data modify entity @s {} merge value {transformation:[-1.199809861223268f,-0.07326178473251442f,-0.28929846675269344f,0.0022471844807247514f,-0.144784330243906f,1.190930764662254f,0.2988745665878121f,0.6001225000000001f,0.2609566816225944f,0.3239154515225164f,-1.1642959184149613f,-0.10942618349833443f,0f,0f,0f,1f],start_interpolation:0}