execute if entity @s[tag=aj.dino.bone.head_lower] run data modify entity @s {} merge value {transformation:[-0.9427678723335141f,-0.30207009496859694f,0.14121755068475705f,0.17504045225447823f,-0.30665548713811097f,0.9517523799560021f,-0.011393834129641844f,0.5404176742257706f,-0.1309624033981775f,-0.05404687755780854f,-0.9899130183619287f,0.8557904544552138f,0f,0f,0f,1f],start_interpolation:0}
execute if entity @s[tag=aj.dino.bone.head_upper] run data modify entity @s {} merge value {transformation:[-0.9813266854920081f,-0.33835892958297437f,0.07735058950157142f,0.1724704059195078f,-0.3191975687889401f,0.9708830102912118f,0.19741082794672574f,0.5757284899265654f,-0.1363187111294949f,0.16239260353490745f,-1.0190769322757995f,0.7891421412869313f,0f,0f,0f,1f],start_interpolation:0}
execute if entity @s[tag=aj.dino.bone.neck_0] run data modify entity @s {} merge value {transformation:[-0.9345852247817917f,-0.2908556102926081f,0.20482546614345204f,0.1907379243681684f,-0.3481976539485044f,0.8658547078964468f,-0.3592408921577782f,0.5385573662431662f,-0.07286186522678059f,-0.4070609767281474f,-0.9104902579494198f,0.7368990404205187f,0f,0f,0f,1f],start_interpolation:0}
execute if entity @s[tag=aj.dino.bone.neck_1] run data modify entity @s {} merge value {transformation:[-0.9570109754645715f,-0.21262581647479042f,-0.19728217103625495f,0.17304599459463046f,-0.2017730188181665f,0.9766471840291712f,-0.07381007251652094f,0.5368039758397395f,0.20836900373460845f,-0.030830830289159422f,-0.9775642271412799f,0.6539444860698828f,0f,0f,0f,1f],start_interpolation:0}
execute if entity @s[tag=aj.dino.bone.neck_2] run data modify entity @s {} merge value {transformation:[-0.9269490735519351f,-0.2494940763764285f,-0.28021085077898383f,0.14605471954348764f,-0.30925437466324823f,0.9309555813304966f,0.19412222268777066f,0.5629251754523223f,0.2124315108284372f,0.26659784590778296f,-0.9401055482042842f,0.5741943487906668f,0f,0f,0f,1f],start_interpolation:0}
execute if entity @s[tag=aj.dino.bone.body_0] run data modify entity @s {} merge value {transformation:[-0.9255758639079648f,-0.31939285868179773f,-0.20321791745339202f,0.047236260894876994f,-0.31348961502287725f,0.9475981037255686f,-0.06149874054413279f,0.5429681060897653f,0.21221117176961415f,0.006784956799827269f,-0.9772002778025556f,0.11370815755807843f,0f,0f,0f,1f],start_interpolation:0}
execute if entity @s[tag=aj.dino.bone.leg_left_3] run data modify entity @s {} merge value {transformation:[-0.9288573544006827f,-0.08349409430970242f,-0.3609054604618315f,0.3633581288563636f,-0.15583780090194196f,0.9719360672422805f,0.1762238945309505f,0.1408556430110797f,0.3360633794179466f,0.21992957374807842f,-0.9158015001107926f,-0.08009874988310653f,0f,0f,0f,1f],start_interpolation:0}
execute if entity @s[tag=aj.dino.bone.leg_left_2] run data modify entity @s {} merge value {transformation:[-0.9379626198843378f,-0.220563925957942f,-0.35162462622294044f,0.29962308719537956f,-0.2805416761273401f,0.9772623622957284f,0.13533973066520108f,0.3724014583593775f,0.3059161505315889f,0.21993642105591807f,-0.953994485852902f,-0.057840000475733844f,0f,0f,0f,1f],start_interpolation:0}
execute if entity @s[tag=aj.dino.bone.leg_left_1] run data modify entity @s {} merge value {transformation:[-0.9890185901957862f,0.14500524761472472f,0.028560574422296453f,0.3571986591534758f,0.07654015847305347f,0.3372372067556224f,0.93830308031072f,0.4127298469354497f,0.12642718215660353f,0.9301852205576362f,-0.34463259141886593f,0.2106223995886347f,0f,0f,0f,1f],start_interpolation:0}
execute if entity @s[tag=aj.dino.bone.leg_left_0] run data modify entity @s {} merge value {transformation:[-0.9835280589932387f,-0.12474381405152102f,-0.13081107762292757f,0.20450868310615772f,0.0447665845828712f,0.5330413866826063f,-0.844904037739357f,0.6960049511158163f,0.175124270384709f,-0.8368427934441232f,-0.5186768059040808f,-0.05536306078603481f,0f,0f,0f,1f],start_interpolation:0}
execute if entity @s[tag=aj.dino.bone.leg_right_3] run data modify entity @s {} merge value {transformation:[-0.9850422240026205f,0.029559166387484265f,0.16975886608494872f,-0.27934068188212013f,0.0349181235835975f,0.9989788807707624f,0.02866915449390492f,0.00225139906956609f,-0.16873808573458193f,0.034167988768316476f,-0.985068529071027f,0.01055570884652264f,0f,0f,0f,1f],start_interpolation:0}
execute if entity @s[tag=aj.dino.bone.leg_right_2] run data modify entity @s {} merge value {transformation:[-1.009476996512544f,0.17319886956902641f,0.054959481372353715f,-0.23570370202186108f,0.1602409952794435f,0.9947965073602616f,-0.1917418365312395f,0.2279627445698848f,-0.08568089894813237f,-0.18012290255414656f,-1.0061196365401102f,-0.062391358038491496f,0f,0f,0f,1f],start_interpolation:0}
execute if entity @s[tag=aj.dino.bone.leg_right_1] run data modify entity @s {} merge value {transformation:[-0.9752710221055261f,0.04566500442889428f,-0.21624324454593072f,-0.2312523485209902f,-0.17582170735690802f,0.4325353211177244f,0.8843075953579096f,0.29506711669390473f,0.1339147514777366f,0.9004598288408514f,-0.4138102656780761f,0.20684937876338422f,0f,0f,0f,1f],start_interpolation:0}
execute if entity @s[tag=aj.dino.bone.leg_right_0] run data modify entity @s {} merge value {transformation:[-0.9865047748980382f,-0.163490259287451f,0.008903045630156342f,-0.18146224204224648f,-0.1312819971721923f,0.7573231951287984f,-0.6397082267240184f,0.6597579602095096f,0.09784358089241779f,-0.6322440298160432f,-0.7685662758930545f,0.009799099603051684f,0f,0f,0f,1f],start_interpolation:0}
execute if entity @s[tag=aj.dino.bone.tail_4] run data modify entity @s {} merge value {transformation:[-2.600555524823421f,0.6882082986566265f,-0.6238121765167234f,0.02431162291406125f,0.41027775922446286f,2.514928807331829f,1.0641741332781287f,0.6660530635531383f,0.8333333391843467f,0.909485438757902f,-2.4706381997555233f,-1.7172146186404216f,0f,0f,0f,1f],start_interpolation:0}
execute if entity @s[tag=aj.dino.bone.tail_3] run data modify entity @s {} merge value {transformation:[-1.9689169190096238f,0.49852239456657754f,-0.45911557825639027f,0.0972822257679575f,0.3986003556983533f,1.99265678143074f,0.4542931145193325f,0.5695220283671243f,0.5481144483766507f,0.3416722107197695f,-1.9795899014561247f,-1.3848928561874922f,0f,0f,0f,1f],start_interpolation:0}
execute if entity @s[tag=aj.dino.bone.tail_2] run data modify entity @s {} merge value {transformation:[-1.9028119836168824f,0.38871851289723935f,-0.21674489091492036f,0.13626009947800738f,0.4108624448671292f,1.9000607446627895f,-0.1993366323385338f,0.6073342080636587f,0.1710920261279503f,-0.2396684362306003f,-1.9318541441508954f,-1.025695906873079f,0f,0f,0f,1f],start_interpolation:0}
execute if entity @s[tag=aj.dino.bone.tail_1] run data modify entity @s {} merge value {transformation:[-1.391929978192129f,0.2727939595486404f,0.5251386878185933f,0.021251299290348358f,0.14320849695649254f,1.45759212170502f,-0.37758811308477586f,0.6706325819547526f,-0.5741763772653152f,-0.29776654005652486f,-1.3672281541181213f,-0.7272952219861867f,0f,0f,0f,1f],start_interpolation:0}
execute if entity @s[tag=aj.dino.bone.tail_0] run data modify entity @s {} merge value {transformation:[-1.251466688100751f,-0.01431493332101842f,0.25973434089888847f,-0.05499455674889468f,-0.05603372253168325f,1.2611520515036359f,-0.2004780324909465f,0.7596507681395889f,-0.25402178469061976f,-0.2076687320137856f,-1.2353875291706675f,-0.37129768931779006f,0f,0f,0f,1f],start_interpolation:0}
execute if entity @s[tag=aj.dino.bone.body_1] run data modify entity @s {} merge value {transformation:[-1.213922165815762f,-0.05897339263842952f,-0.22697953510863705f,0.0017472821855770782f,-0.11400088151295314f,1.194129470178926f,0.29943814473229247f,0.6096025f,0.20494235631437682f,0.3149310122346819f,-1.1778886548300733f,-0.11866791524181987f,0f,0f,0f,1f],start_interpolation:0}