execute if entity @s[tag=aj.dino.bone.head_lower] run data modify entity @s {} merge value {transformation:[-0.9522122447049066f,-0.3054370961436135f,0.0001460595771548001f,0.5556999165751464f,-0.29582809861827264f,0.9223746068067179f,0.2484166274347382f,0.3029001438311457f,-0.07601037496250489f,0.23650214590466f,-0.9686532702058823f,0.3617283812235329f,0f,0f,0f,1f],start_interpolation:0}
execute if entity @s[tag=aj.dino.bone.head_upper] run data modify entity @s {} merge value {transformation:[-0.9911573287582355f,-0.27087925541531294f,-0.16644374790899186f,0.5378355174346711f,-0.3079273445900523f,0.682297972457143f,0.7232718505638785f,0.36798583089544956f,-0.07911916762748178f,0.737947049828119f,-0.7298261789956683f,0.32796193227618037f,0f,0f,0f,1f],start_interpolation:0}
execute if entity @s[tag=aj.dino.bone.neck_0] run data modify entity @s {} merge value {transformation:[-0.9567833995112539f,-0.28393919528841993f,-0.06280174996489124f,0.5386926646901493f,-0.27171987576170764f,0.9498457480761384f,-0.1547945863966916f,0.34264654473199213f,0.10360422547237313f,-0.13104040690048707f,-0.9859485667232466f,0.26630220368769464f,0f,0f,0f,1f],start_interpolation:0}
execute if entity @s[tag=aj.dino.bone.neck_1] run data modify entity @s {} merge value {transformation:[-0.9287575188275876f,-0.043185527759779296f,-0.36816366117982424f,0.5073054201119669f,-0.06381448808821452f,0.9969897156487241f,0.04403655300673878f,0.35097002574770036f,0.36515364208954865f,0.06439345527913151f,-0.9287175569493408f,0.18792428979543963f,0f,0f,0f,1f],start_interpolation:0}
execute if entity @s[tag=aj.dino.bone.neck_2] run data modify entity @s {} merge value {transformation:[-0.8914741883376084f,0.0393202101753177f,-0.4513620416024936f,0.46814768948502417f,-0.08731780873175247f,0.9626401385708911f,0.25631926164551194f,0.38285036406900524f,0.44457774551374857f,0.26791395014814756f,-0.8547354816023074f,0.11566609610913464f,0f,0f,0f,1f],start_interpolation:0}
execute if entity @s[tag=aj.dino.bone.body_0] run data modify entity @s {} merge value {transformation:[-0.8238095507472804f,-0.06136239550194382f,-0.5635356958665769f,0.20197087576181555f,-0.09150859174996881f,0.9954808944685324f,0.02537649274561138f,0.4042934098090949f,0.5594318562018985f,0.07247375501789277f,-0.8257018548484101f,-0.2727936885902261f,0f,0f,0f,1f],start_interpolation:0}
execute if entity @s[tag=aj.dino.bone.leg_left_3] run data modify entity @s {} merge value {transformation:[-0.825514584786133f,-0.03594447696436706f,-0.5632349996947423f,0.4917425901883372f,-0.05817126909209289f,0.9980736781900317f,0.021564701631080763f,0.048226225542197715f,0.5613748959096706f,0.050566070442346206f,-0.8260153138788813f,-0.7331393814389502f,0f,0f,0f,1f],start_interpolation:0}
execute if entity @s[tag=aj.dino.bone.leg_left_2] run data modify entity @s {} merge value {transformation:[-0.7907259076032548f,-0.2572027629738868f,-0.6005509780728876f,0.4120025694080466f,-0.4826283145662459f,0.8654534826489881f,0.2648063044007406f,0.25739713758772365f,0.44032334542316537f,0.4867229269204722f,-0.7882121182689438f,-0.6433611507478894f,0f,0f,0f,1f],start_interpolation:0}
execute if entity @s[tag=aj.dino.bone.leg_left_1] run data modify entity @s {} merge value {transformation:[-0.9027226995339768f,0.41837065650124866f,-0.100288192349867f,0.5489579991008422f,-0.096174351684168f,0.03096825904383671f,0.9948826368019119f,0.2149607738885136f,0.4193354526202376f,0.9077482914941282f,0.012280776248767555f,-0.4057569610259575f,0f,0f,0f,1f],start_interpolation:0}
execute if entity @s[tag=aj.dino.bone.leg_left_0] run data modify entity @s {} merge value {transformation:[-0.8847277284385014f,-0.33888976359682466f,-0.32001652248178913f,0.3390779394496781f,-0.14671783784418002f,0.854148909699568f,-0.4989023111966594f,0.5738814536530016f,0.4424146500630127f,-0.3944405762447974f,-0.8054103980091729f,-0.44361967042022554f,0f,0f,0f,1f],start_interpolation:0}
execute if entity @s[tag=aj.dino.bone.leg_right_3] run data modify entity @s {} merge value {transformation:[-0.8166812830469442f,0.007793327793013616f,0.5770363471764212f,-0.16298567541433426f,-0.0033861543960467533f,0.9998268823887139f,-0.01829587962550483f,0.02558619927073061f,-0.577079037809556f,-0.016895836610699877f,-0.816513511722875f,-0.05147307714762922f,0f,0f,0f,1f],start_interpolation:0}
execute if entity @s[tag=aj.dino.bone.leg_right_2] run data modify entity @s {} merge value {transformation:[-0.8486251098041386f,0.03845451967446875f,0.5748207306867189f,-0.1349409088675012f,-0.3682137362020962f,0.7508907494668035f,-0.5938382998240931f,0.18283671817721708f,-0.4430759155976555f,-0.6976722237429854f,-0.6074532086799043f,-0.23218510618551585f,0f,0f,0f,1f],start_interpolation:0}
execute if entity @s[tag=aj.dino.bone.leg_right_1] run data modify entity @s {} merge value {transformation:[-0.9824430985251348f,0.15951490450636532f,-0.09674995297496078f,-0.10604040779448398f,0.011852974018836381f,0.5709138591825719f,0.8209244011479806f,0.2946334802743317f,0.18618556648473247f,0.8053647376397771f,-0.5627811068249997f,0.02016312678253024f,0f,0f,0f,1f],start_interpolation:0}
execute if entity @s[tag=aj.dino.bone.leg_right_0] run data modify entity @s {} merge value {transformation:[-0.9893004320541401f,-0.09023241210324351f,-0.11464190744889911f,-0.017104491511483605f,0.046131656023220405f,0.5520042975450983f,-0.8325641871977786f,0.5737802488578917f,0.1384071004321916f,-0.8289447311478451f,-0.5419355194598156f,-0.27728394909604126f,0f,0f,0f,1f],start_interpolation:0}
execute if entity @s[tag=aj.dino.bone.tail_4] run data modify entity @s {} merge value {transformation:[-2.4222305331953367f,1.2176325612236556f,-0.5251966503169613f,-0.3461426094057904f,-0.325006544371602f,0.5152142937529033f,2.693433925164738f,1.8799064811906365f,1.2856248759929412f,2.424373426054785f,-0.30861545792056083f,-1.344291541061152f,0f,0f,0f,1f],start_interpolation:0}
execute if entity @s[tag=aj.dino.bone.tail_3] run data modify entity @s {} merge value {transformation:[-1.8274631208741094f,0.8089100423944067f,-0.5847979233914767f,-0.25489831210652397f,-0.24398894704241153f,0.8209490302179164f,1.8980141225896716f,1.5500397946971791f,0.9678809129281554f,1.734258561790077f,-0.6256990532928908f,-1.2551671853161828f,0f,0f,0f,1f],start_interpolation:0}
execute if entity @s[tag=aj.dino.bone.tail_2] run data modify entity @s {} merge value {transformation:[-1.7722031326361516f,0.7133294040114948f,-0.41137706918348355f,-0.17956492139836885f,0.0049389498269568856f,0.9854488611421734f,1.6874951922452923f,1.2365762666603726f,0.8234352059828348f,1.5293219342077637f,-0.8954902333927535f,-1.087724715183091f,0f,0f,0f,1f],start_interpolation:0}
execute if entity @s[tag=aj.dino.bone.tail_1] run data modify entity @s {} merge value {transformation:[-1.371001923741138f,0.5200688845085226f,-0.37086160554061215f,-0.1048071297361081f,0.0015310254552422455f,0.8808294043150833f,1.2295501073380422f,0.9612221094635387f,0.6387547503221834f,1.114147281942561f,-0.7989520968624148f,-0.9300286857497808f,0f,0f,0f,1f],start_interpolation:0}
execute if entity @s[tag=aj.dino.bone.tail_0] run data modify entity @s {} merge value {transformation:[-1.158513560769725f,0.33689927720438767f,-0.4221148221939639f,0.026674611862555722f,0.00009325357830235983f,0.9991580266830935f,0.7971944214572405f,0.7523748340191889f,0.5400759552141261f,0.7225080147084427f,-0.905613520142915f,-0.6479519613175169f,0f,0f,0f,1f],start_interpolation:0}
execute if entity @s[tag=aj.dino.bone.body_1] run data modify entity @s {} merge value {transformation:[-1.1202339861523225f,0.2645358747476628f,-0.4513326736422002f,0.11378476787905625f,-0.0003183005145362619f,1.0663065225001218f,0.6257754340134565f,0.5350675f,0.5231446358420493f,0.5671117756681093f,-0.9660789403276028f,-0.4615511428984851f,0f,0f,0f,1f],start_interpolation:0}