execute if entity @s[tag=aj.dino.bone.head_lower] run data modify entity @s {} merge value {transformation:[-0.9417586047057419f,-0.33628785616893975f,0.00109920698351669f,0.5561979978102659f,-0.30290419533172125f,0.8496800082096085f,0.4316166494695989f,0.28151161070826597f,-0.14608141193573082f,0.4061457391654113f,-0.9020564614505264f,0.35028464718612534f,0f,0f,0f,1f],start_interpolation:0}
execute if entity @s[tag=aj.dino.bone.head_upper] run data modify entity @s {} merge value {transformation:[-0.9802761392387882f,-0.3245196871784964f,-0.13121587577794788f,0.5395610114819281f,-0.3152928507107073f,0.649081843518427f,0.7501700615786688f,0.34770344371698336f,-0.15205608081664726f,0.7462249497516137f,-0.7095767860058488f,0.3180773743948187f,0f,0f,0f,1f],start_interpolation:0}
execute if entity @s[tag=aj.dino.bone.neck_0] run data modify entity @s {} merge value {transformation:[-0.9618444183651295f,-0.27295038121502924f,-0.018799049295539105f,0.5430867221530301f,-0.2683597878480082f,0.9545827344190386f,-0.12944043964404514f,0.3239256283229754f,0.05327606522649686f,-0.11945665550165827f,-0.991408981364573f,0.2558928014393899f,0f,0f,0f,1f],start_interpolation:0}
execute if entity @s[tag=aj.dino.bone.neck_1] run data modify entity @s {} merge value {transformation:[-0.9322783607460704f,-0.03172439402247566f,-0.36034791647590597f,0.5124143737434048f,-0.057518726810842385f,0.9964740498075974f,0.061082437132993994f,0.33369074384333475f,0.35713954436701534f,0.07767258772535626f,-0.9308159404336431f,0.17739830222801944f,0f,0f,0f,1f],start_interpolation:0}
execute if entity @s[tag=aj.dino.bone.neck_2] run data modify entity @s {} merge value {transformation:[-0.8900101316564252f,0.05177979370204078f,-0.452990969571234f,0.473235923919407f,-0.0838232233579331f,0.958013099490606f,0.27419804600012887f,0.3670920961604913f,0.4481692010555818f,0.28201020224200535f,-0.8483010155933004f,0.10584182714075496f,0f,0f,0f,1f],start_interpolation:0}
execute if entity @s[tag=aj.dino.bone.body_0] run data modify entity @s {} merge value {transformation:[-0.817840918186871f,-0.05049739695781369f,-0.5732244285092364f,0.2025963495268414f,-0.09052048052076943f,0.99502982564654f,0.041493236558570956f,0.39612660582747405f,0.5682801027183202f,0.08582341740050609f,-0.8183471548677579f,-0.27902454281657696f,0f,0f,0f,1f],start_interpolation:0}
execute if entity @s[tag=aj.dino.bone.leg_left_3] run data modify entity @s {} merge value {transformation:[-0.8314487538092561f,-0.08358183679390588f,-0.5492786600143792f,0.5128858279200751f,-0.09318973389302512f,0.995593696940119f,-0.010433796531196637f,0.05181536776794554f,0.5477304476528413f,0.04251196503649474f,-0.8355741077503264f,-0.7456410447606617f,0f,0f,0f,1f],start_interpolation:0}
execute if entity @s[tag=aj.dino.bone.leg_left_2] run data modify entity @s {} merge value {transformation:[-0.7712490033727007f,-0.31313721284363316f,-0.5993181627731895f,0.42017588364927194f,-0.5198839631941803f,0.8559068727485603f,0.22182490729399001f,0.25737486361247175f,0.4323862152183186f,0.4705642470640924f,-0.8022927456825696f,-0.6600768468303098f,0f,0f,0f,1f],start_interpolation:0}
execute if entity @s[tag=aj.dino.bone.leg_left_1] run data modify entity @s {} merge value {transformation:[-0.8977520586050983f,0.41844051648211933f,-0.13765455109252697f,0.559033070238862f,-0.13761005489934f,0.030448351832498444f,0.9900183688504399f,0.21588045782902732f,0.418455151791573f,0.9077336790253305f,0.03024655190645492f,-0.4234119324875447f,0f,0f,0f,1f],start_interpolation:0}
execute if entity @s[tag=aj.dino.bone.leg_left_0] run data modify entity @s {} merge value {transformation:[-0.8783352914258734f,-0.3629277896298133f,-0.3111439142105207f,0.33973589917313396f,-0.1886108818464849f,0.8611595548881297f,-0.4720488918258044f,0.570496568695334f,0.4392642155752242f,-0.3559320729286652f,-0.8248389590555155f,-0.4449396643949518f,0f,0f,0f,1f],start_interpolation:0}
execute if entity @s[tag=aj.dino.bone.leg_right_3] run data modify entity @s {} merge value {transformation:[-0.7773883320895538f,-0.0006130370424566323f,0.6290206716131083f,-0.16703454051715583f,-0.044614635308960426f,0.9975347646833069f,-0.05416574161283455f,0.05815091675307124f,-0.6274367820324771f,-0.07017134339461145f,-0.7754992373425813f,-0.012441172116488652f,0f,0f,0f,1f],start_interpolation:0}
execute if entity @s[tag=aj.dino.bone.leg_right_2] run data modify entity @s {} merge value {transformation:[-0.8097192110695811f,0.05218611352695982f,0.6274500842939623f,-0.13422283438682614f,-0.4292915021535377f,0.7019688962527465f,-0.6123811512229573f,0.2035195202623617f,-0.4605711724633975f,-0.7460418739919004f,-0.5323137391116624f,-0.2020788084669537f,0f,0f,0f,1f],start_interpolation:0}
execute if entity @s[tag=aj.dino.bone.leg_right_1] run data modify entity @s {} merge value {transformation:[-0.9827929997456937f,0.15512003716482534f,-0.10027808195634669f,-0.10633613120170758f,0.009708693414160936f,0.5855250410533153f,0.8105961803337738f,0.31979074928706386f,0.18445503767327778f,0.7956746824987566f,-0.5769559244062349f,0.04835425393958248f,0f,0f,0f,1f],start_interpolation:0}
execute if entity @s[tag=aj.dino.bone.leg_right_0] run data modify entity @s {} merge value {transformation:[-0.9894753540340696f,-0.0834260964986302f,-0.1182311726329118f,-0.014415306425650282f,0.0655979681387142f,0.469674146325722f,-0.8803993996188756f,0.5682426524254629f,0.12897841034539206f,-0.8788892323246461f,-0.4592584097962389f,-0.2743367629230659f,0f,0f,0f,1f],start_interpolation:0}
execute if entity @s[tag=aj.dino.bone.tail_4] run data modify entity @s {} merge value {transformation:[-2.3446016788683317f,1.2783164906891802f,-0.703143832142399f,-0.3207095593217182f,-0.5475240996888566f,0.4626545922619049f,2.6668013462046396f,1.913582104024464f,1.3523023549885969f,2.4036470226493467f,-0.1393580381650992f,-1.2949557822361095f,0f,0f,0f,1f],start_interpolation:0}
execute if entity @s[tag=aj.dino.bone.tail_3] run data modify entity @s {} merge value {transformation:[-1.7918379858777203f,0.8068306152805383f,-0.6886846278639783f,-0.21182956715964577f,-0.38797850435665593f,0.7597407740724053f,1.899529458158909f,1.584057443455144f,0.9872866040655521f,1.7628850899880952f,-0.5034350474240143f,-1.2268430167789117f,0f,0f,0f,1f],start_interpolation:0}
execute if entity @s[tag=aj.dino.bone.tail_2] run data modify entity @s {} merge value {transformation:[-1.7904001737983337f,0.7348443084824483f,-0.27063801461846526f,-0.1626675954794914f,0.11344508403389372f,0.9116238111715262f,1.7247742214030275f,1.2637264927546585f,0.7748363088899582f,1.5645190136904155f,-0.877885428304703f,-1.0627008024250668f,0f,0f,0f,1f],start_interpolation:0}
execute if entity @s[tag=aj.dino.bone.tail_1] run data modify entity @s {} merge value {transformation:[-1.374425584070343f,0.5465669332524468f,-0.3160303012812408f,-0.10002952914262694f,0.03524576881142844f,0.8223368274696867f,1.2689271562891158f,0.9805816351615381f,0.6303715568089884f,1.1457237798274533f,-0.7600032701930344f,-0.9137641069367544f,0f,0f,0f,1f],start_interpolation:0}
execute if entity @s[tag=aj.dino.bone.tail_0] run data modify entity @s {} merge value {transformation:[-1.1595481281163849f,0.3527043326410901f,-0.4060585042848119f,0.027141587321356908f,0.002827982565916993f,0.9689922831611995f,0.8335956299505657f,0.7603691274258997f,0.5378437112028196f,0.7553074377326606f,-0.8798127831586268f,-0.6384354490116003f,0f,0f,0f,1f],start_interpolation:0}
execute if entity @s[tag=aj.dino.bone.body_1] run data modify entity @s {} merge value {transformation:[-1.113845552903862f,0.28436665693064606f,-0.4550695372782361f,0.11378476787905625f,-0.007088821311701837f,1.04060217089034f,0.6676087668739628f,0.5350675f,0.5365653995040589f,0.6040590380257963f,-0.9358497986806693f,-0.4615511428984851f,0f,0f,0f,1f],start_interpolation:0}