execute if entity @s[tag=aj.dino.bone.head_lower] run data modify entity @s {} merge value {transformation:[-0.9638415222116095f,-0.15326417558360145f,-0.21798993679407935f,-0.17044666513644202f,0.13973955326453805f,0.40584228170816855f,-0.903197043635183f,1.6999520361273386f,0.22689728362022107f,-0.9010006297781297f,-0.36975057515192383f,0.2328062038621427f,0f,0f,0f,1f],start_interpolation:0}
execute if entity @s[tag=aj.dino.bone.head_upper] run data modify entity @s {} merge value {transformation:[-1.0032622388694301f,0.017322886305462117f,-0.2768334160686782f,-0.18945329197480046f,0.1454548427682438f,0.9174250707079131f,-0.4697297850204448f,1.6882157930629416f,0.2361772879797533f,-0.4914296489123705f,-0.8866730690597858f,0.16071969176204418f,0f,0f,0f,1f],start_interpolation:0}
execute if entity @s[tag=aj.dino.bone.neck_0] run data modify entity @s {} merge value {transformation:[-0.9103432673624714f,-0.4058240690552576f,-0.08112928289621202f,-0.18781782329511215f,-0.009393128366771447f,0.2162439926590085f,-0.9762941691817973f,1.6215797712283408f,0.41374739238731817f,-0.8880007661113384f,-0.20066822039966975f,0.1620243336873466f,0f,0f,0f,1f],start_interpolation:0}
execute if entity @s[tag=aj.dino.bone.neck_1] run data modify entity @s {} merge value {transformation:[-0.9475618077816806f,-0.3112472766989953f,0.0724689808191929f,-0.18311262676219595f,-0.224124653535702f,0.48558794292526947f,-0.8449689280459411f,1.5522368557602328f,0.22780421442768584f,-0.8169023701967476f,-0.529882777089349f,0.11337294064972932f,0f,0f,0f,1f],start_interpolation:0}
execute if entity @s[tag=aj.dino.bone.neck_2] run data modify entity @s {} merge value {transformation:[-0.929954832137796f,-0.3561141867021752f,0.09146964640257653f,-0.1785857801741632f,-0.3154645251754543f,0.6450314445600728f,-0.6960004086813248f,1.4975772609435796f,0.18885482132947856f,-0.676104371793434f,-0.7121915015657072f,0.04436013931122146f,0f,0f,0f,1f],start_interpolation:0}
execute if entity @s[tag=aj.dino.bone.body_0] run data modify entity @s {} merge value {transformation:[-0.9357084599016712f,-0.3277561635050193f,0.13048208824552887f,-0.12021234844446604f,-0.283500286459041f,0.47851379787013393f,-0.8310548314194092f,1.1104626774181903f,0.20994586360794215f,-0.8146167457966793f,-0.5406683750891518f,-0.21821508113653476f,0f,0f,0f,1f],start_interpolation:0}
execute if entity @s[tag=aj.dino.bone.leg_left_3] run data modify entity @s {} merge value {transformation:[-0.9849815894758648f,0.03738720662450662f,0.16856294128430416f,0.25061467037169205f,-0.024941125458181283f,0.9352252311891314f,-0.35317376347644314f,0.778490187075422f,-0.17084849620198164f,-0.3520738043763716f,-0.9202471557236513f,-0.11915425763894716f,0f,0f,0f,1f],start_interpolation:0}
execute if entity @s[tag=aj.dino.bone.leg_left_2] run data modify entity @s {} merge value {transformation:[-0.9188849166940646f,-0.43382048159444697f,0.13968714730424853f,0.1523831664133147f,-0.4353370717007171f,0.9285182657169316f,0.019941507810603297f,0.9948673560989231f,-0.13488640915926767f,-0.041422451398701425f,-1.0159488356432795f,-0.16041640035434793f,0f,0f,0f,1f],start_interpolation:0}
execute if entity @s[tag=aj.dino.bone.leg_left_1] run data modify entity @s {} merge value {transformation:[-0.85423077502144f,-0.47187529497786784f,0.21822806647134224f,0.029627936359191726f,-0.22164887454846194f,0.7102467114886316f,0.6681477271015629f,1.1567974183763392f,-0.47027817238063524f,0.522382345422522f,-0.7113052268704304f,0.028589404014081832f,0f,0f,0f,1f],start_interpolation:0}
execute if entity @s[tag=aj.dino.bone.leg_left_0] run data modify entity @s {} merge value {transformation:[-0.8793416367811508f,0.46458158018931633f,0.10450952670376326f,0.10128403657939389f,-0.211414628197652f,-0.18422902692417809f,-0.9598768257555856f,1.138020719781373f,-0.42668740408769423f,-0.866154501799401f,0.26021959612130713f,-0.3822878495003458f,0f,0f,0f,1f],start_interpolation:0}
execute if entity @s[tag=aj.dino.bone.leg_right_3] run data modify entity @s {} merge value {transformation:[-0.9814604589422161f,0.0575577762399057f,0.18281813347491463f,-0.27521581511999604f,0.08013931167064203f,0.9896985985953151f,0.11863546966833216f,0.18223705236829552f,-0.174106456680648f,0.131086941885098f,-0.9759626813609845f,-0.34114665441464875f,0f,0f,0f,1f],start_interpolation:0}
execute if entity @s[tag=aj.dino.bone.leg_right_2] run data modify entity @s {} merge value {transformation:[-1.0051432959210302f,0.17959084938167685f,0.0974488634313954f,-0.22878248503393497f,0.09799463153012045f,0.8529624359915605f,-0.5611722859152202f,0.3635665938094295f,-0.179293631668776f,-0.5406148435868232f,-0.853024960969672f,-0.49324732937660476f,0f,0f,0f,1f],start_interpolation:0}
execute if entity @s[tag=aj.dino.bone.leg_right_1] run data modify entity @s {} merge value {transformation:[-0.9772578718765201f,0.03164437322797556f,-0.2096799596966377f,-0.22852776025668745f,-0.06740571543614358f,0.8911617103359464f,0.4486505049118439f,0.5805302144116444f,0.2010560155327782f,0.45258086534244857f,-0.8687617849237865f,-0.3202152279900943f,0f,0f,0f,1f],start_interpolation:0}
execute if entity @s[tag=aj.dino.bone.leg_right_0] run data modify entity @s {} merge value {transformation:[-0.9351095097597436f,-0.32184845409832585f,0.14826927311958488f,-0.25823552623458174f,-0.3542039609375198f,0.8365768476448943f,-0.41794584821565495f,0.9842061646863698f,0.010476584036039974f,-0.44334270105534496f,-0.8962909631408134f,-0.4225404662006807f,0f,0f,0f,1f],start_interpolation:0}
execute if entity @s[tag=aj.dino.bone.tail_4] run data modify entity @s {} merge value {transformation:[-1.73663516289772f,-0.28339075403242064f,-2.128250296162588f,-0.5104869000919474f,-0.46275960015956413f,2.722367843145475f,0.015106643161731098f,0.2357319759487174f,2.096571771976188f,0.3661479738253262f,-1.7595407917454593f,-1.6135534266121285f,0f,0f,0f,1f],start_interpolation:0}
execute if entity @s[tag=aj.dino.bone.tail_3] run data modify entity @s {} merge value {transformation:[-0.966032544164697f,-0.4797544115749867f,-1.78116881688218f,-0.203771716733156f,0.21344864122250404f,1.9680579626006542f,-0.6458583896249025f,0.32598669948050885f,1.8322571673265178f,-0.48221269836343333f,-0.8638576921936315f,-1.4623562553021185f,0f,0f,0f,1f],start_interpolation:0}
execute if entity @s[tag=aj.dino.bone.tail_2] run data modify entity @s {} merge value {transformation:[-1.3859518174251686f,-0.4500560327128719f,-1.3020602913065886f,0.03714652027339271f,0.0733459189738482f,1.8202249478865118f,-0.7072307899577077f,0.4579467217038491f,1.3756932110570768f,-0.5504585193391703f,-1.2740633746172814f,-1.2246243904173022f,0f,0f,0f,1f],start_interpolation:0}
execute if entity @s[tag=aj.dino.bone.tail_1] run data modify entity @s {} merge value {transformation:[-1.4287780449986438f,-0.4289147625814668f,-0.24956296714364057f,0.09745774069799709f,-0.2786974258427049f,1.3229354543946847f,-0.6781045482329252f,0.5879619952826831f,0.4105816519993362f,-0.5945840226117864f,-1.328739552017732f,-0.9318185463397908f,0f,0f,0f,1f],start_interpolation:0}
execute if entity @s[tag=aj.dino.bone.tail_0] run data modify entity @s {} merge value {transformation:[-1.257072504620137f,-0.18562505239259286f,0.1383754842316034f,0.0525417448838009f,-0.2312009522192356f,1.0469216109143622f,-0.6959432281999899f,0.8165968651867961f,-0.012270061328384131f,-0.7094604972151385f,-1.0631796485402991f,-0.6382532880330052f,0f,0f,0f,1f],start_interpolation:0}
execute if entity @s[tag=aj.dino.bone.body_1] run data modify entity @s {} merge value {transformation:[-1.130729642851912f,-0.2363839902747237f,0.4406559644144592f,-0.03398245499306552f,-0.4837641534349291f,0.792930658521061f,-0.815988853897523f,0.9528933366554765f,-0.1265990271827715f,-0.9186882904312027f,-0.8176729825530621f,-0.386275597536631f,0f,0f,0f,1f],start_interpolation:0}