execute if entity @s[tag=aj.dino.bone.head_lower] run data modify entity @s {} merge value {transformation:[-0.9403883117742126f,-0.34007319326443014f,0.004477309614076205f,0.5559097305466942f,-0.307895950794235f,0.8568544239843565f,0.41352216335155545f,0.2857650957095849f,-0.14446420512694783f,0.38749286357476337f,-0.9104830443866976f,0.3514968272886527f,0f,0f,0f,1f],start_interpolation:0}
execute if entity @s[tag=aj.dino.bone.head_upper] run data modify entity @s {} merge value {transformation:[-0.9788498018973147f,-0.3272566866620757f,-0.13501136598099917f,0.5389500772990464f,-0.3204887668917397f,0.650560043974908f,0.7466796649588665f,0.3517478896103968f,-0.1503727309232212f,0.7437382824635513f,-0.7125400701549117f,0.3190299585982571f,0f,0f,0f,1f],start_interpolation:0}
execute if entity @s[tag=aj.dino.bone.neck_0] run data modify entity @s {} merge value {transformation:[-0.960147349850151f,-0.2789184320064827f,-0.017932508546685322f,0.5426281444089098f,-0.2740973974438006f,0.9522148943083313f,-0.1347494407109303f,0.3276670727028247f,0.05465970444730822f,-0.12446406447010439f,-0.9907174235700685f,0.25697093561451834f,0f,0f,0f,1f],start_interpolation:0}
execute if entity @s[tag=aj.dino.bone.neck_1] run data modify entity @s {} merge value {transformation:[-0.9322628341707949f,-0.03630522818125016f,-0.35995546728803063f,0.511967938266028f,-0.060590909857495046f,0.9965672841158726f,0.056412674750933395f,0.3370370275775962f,0.3566717674087451f,0.07440146931762218f,-0.931262407539841f,0.17842354514575748f,0f,0f,0f,1f],start_interpolation:0}
execute if entity @s[tag=aj.dino.bone.neck_2] run data modify entity @s {} merge value {transformation:[-0.8901405317089932f,0.047502459656454235f,-0.45320343129263463f,0.4727289974281325f,-0.08675832503176738f,0.958693207191709f,0.27088803502952447f,0.3701550567881066f,0.4473508990116293f,0.2804475901323841f,-0.8492504473607447f,0.10676859376574088f,0f,0f,0f,1f],start_interpolation:0}
execute if entity @s[tag=aj.dino.bone.body_0] run data modify entity @s {} merge value {transformation:[-0.8180611470549877f,-0.05541692976713472f,-0.5724551716722124f,0.20240510619871843f,-0.09273931234096978f,0.9950320274805171f,0.03620337324801742f,0.3966964946890338f,0.5676049503180902f,0.08270567201344586f,-0.8191363697158138f,-0.2784994306119176f,0f,0f,0f,1f],start_interpolation:0}
execute if entity @s[tag=aj.dino.bone.leg_left_3] run data modify entity @s {} merge value {transformation:[-0.8303422428930246f,-0.08263378305322205f,-0.5510929300632461f,0.5129931742592444f,-0.08854325504290987f,0.9959449828229613f,-0.015927434701714455f,0.05131821694056421f,0.5501743829494311f,0.03557034000518078f,-0.8342918549633145f,-0.742551883878695f,0f,0f,0f,1f],start_interpolation:0}
execute if entity @s[tag=aj.dino.bone.leg_left_2] run data modify entity @s {} merge value {transformation:[-0.7719649976175668f,-0.3088573337496885f,-0.6006158417349957f,0.42123964872081765f,-0.5178064866315726f,0.8562847842237129f,0.22519993385858456f,0.25707332979131065f,0.43359968214503025f,0.47270044975298814f,-0.8003797848195225f,-0.6564287385978735f,0f,0f,0f,1f],start_interpolation:0}
execute if entity @s[tag=aj.dino.bone.leg_left_1] run data modify entity @s {} merge value {transformation:[-0.8984685758431127f,0.41686120028698925f,-0.13777139731358987f,0.5596882514278321f,-0.13561509749416076f,0.034946330051274566f,0.9901450900487245f,0.2167544324873633f,0.41756767541812634f,0.9082981304127173f,0.025134492926341068f,-0.4193216813675274f,0f,0f,0f,1f],start_interpolation:0}
execute if entity @s[tag=aj.dino.bone.leg_left_0] run data modify entity @s {} merge value {transformation:[-0.8789937374670818f,-0.36389708268092064f,-0.30813783070237544f,0.33968922919766f,-0.18637680928522352f,0.8570037780773346f,-0.4804250298660907f,0.5706804884857036f,0.43890055189565436f,-0.36486084686835024f,-0.8211229310938772f,-0.4446999332316918f,0f,0f,0f,1f],start_interpolation:0}
execute if entity @s[tag=aj.dino.bone.leg_right_3] run data modify entity @s {} merge value {transformation:[-0.7762164218132236f,-0.0018212998121006074f,0.6304639159971567f,-0.16846097884343547f,-0.03985655064412255f,0.9981373614128946f,-0.046187261473878916f,0.05600392903560458f,-0.6292054687287991f,-0.06097942783183852f,-0.7748432018822087f,-0.016161781606256698f,0f,0f,0f,1f],start_interpolation:0}
execute if entity @s[tag=aj.dino.bone.leg_right_2] run data modify entity @s {} merge value {transformation:[-0.8092120890996917f,0.05365085654051527f,0.6279805569825198f,-0.13529223599923446f,-0.42657093058819134f,0.7057175078292462f,-0.6099690482484301f,0.2023166526110321f,-0.46397762395694375f,-0.7423924731814301f,-0.5344533466370309f,-0.20500958668773328f,0f,0f,0f,1f],start_interpolation:0}
execute if entity @s[tag=aj.dino.bone.leg_right_1] run data modify entity @s {} merge value {transformation:[-0.9829868977289435f,0.15636352767483747f,-0.09637015153203565f,-0.10727883887611306f,0.012913829363443086f,0.5822120844139903f,0.8129343895871843f,0.3176276772818484f,0.18322115572280134f,0.7978593459848651f,-0.5743261025934691f,0.045852931099907346f,0f,0f,0f,1f],start_interpolation:0}
execute if entity @s[tag=aj.dino.bone.leg_right_0] run data modify entity @s {} merge value {transformation:[-0.989477207994283f,-0.0819973971599392f,-0.11921108052036698f,-0.0147170741101115f,0.06601466646769294f,0.47731503022811655f,-0.8762490660363018f,0.5686933248172095f,0.12875138318090978f,-0.8748981590890034f,-0.4668793126190913f,-0.2746242738546826f,0f,0f,0f,1f],start_interpolation:0}
execute if entity @s[tag=aj.dino.bone.tail_4] run data modify entity @s {} merge value {transformation:[-2.3623628620539834f,1.27254880338576f,-0.6523209199386295f,-0.3160350493768585f,-0.5122818193655979f,0.4229764115217248f,2.6803581149621922f,1.9186951637796765f,1.3350918983858684f,2.4139949937598617f,-0.12577410133545747f,-1.2878191576918805f,0f,0f,0f,1f],start_interpolation:0}
execute if entity @s[tag=aj.dino.bone.tail_3] run data modify entity @s {} merge value {transformation:[-1.8018782162233644f,0.8123321905070854f,-0.6552074726451994f,-0.2128853828535086f,-0.3638332793327861f,0.7363259716168106f,1.91347718419033f,1.587034616525618f,0.9781644875960793f,1.7702785096794695f,-0.49523101621099896f,-1.2211698431715816f,0f,0f,0f,1f],start_interpolation:0}
execute if entity @s[tag=aj.dino.bone.tail_2] run data modify entity @s {} merge value {transformation:[-1.7883130992596488f,0.7374120879922835f,-0.2773689717722329f,-0.16246998665240442f,0.10022222522351605f,0.8953163142470866f,1.7341101689388236f,1.2649544755763817f,0.7814509834854468f,1.5727065794129078f,-0.857147741339703f,-1.06087588008767f,0f,0f,0f,1f],start_interpolation:0}
execute if entity @s[tag=aj.dino.bone.tail_1] run data modify entity @s {} merge value {transformation:[-1.3740226362583712f,0.5474636178614505f,-0.31623034668995204f,-0.09980021878353199f,0.031032965774076667f,0.8140117355621066f,1.2743932279333692f,0.9807391707924291f,0.6314705061084489f,1.1512274890243108f,-0.7507173359060786f,-0.9140057411190743f,0f,0f,0f,1f],start_interpolation:0}
execute if entity @s[tag=aj.dino.bone.tail_0] run data modify entity @s {} merge value {transformation:[-1.1594301925421522f,0.35356073179506714f,-0.4056502855147912f,0.02727227310509156f,0.0024467445519889075f,0.9670359334975894f,0.835865559375173f,0.7598161267185382f,0.5380997664437259f,0.7574113999940918f,-0.8778452762851918f,-0.6392012620742041f,0f,0f,0f,1f],start_interpolation:0}
execute if entity @s[tag=aj.dino.bone.body_1] run data modify entity @s {} merge value {transformation:[-1.1146478640190562f,0.2828293230292829f,-0.45406200934322055f,0.11378476787905625f,-0.006249854243195268f,1.0424761235777484f,0.6646871942113071f,0.5350675f,0.5349071635489135f,0.6015444296653064f,-0.9384152708577088f,-0.4615511428984851f,0f,0f,0f,1f],start_interpolation:0}