execute if entity @s[tag=aj.dino.bone.head_lower] run data modify entity @s {} merge value {transformation:[-0.9473363275455005f,-0.3202145842780525f,0.004062330395039476f,0.5553970293879742f,-0.30570447392000805f,0.9080419051904002f,0.28636458063713083f,0.30272001401123017f,-0.09538688137210218f,0.270041697583582f,-0.9581121147487293f,0.35998103469075715f,0f,0f,0f,1f],start_interpolation:0}
execute if entity @s[tag=aj.dino.bone.head_upper] run data modify entity @s {} merge value {transformation:[-0.9860819886186417f,-0.2918823888927405f,-0.1609935568887132f,0.5374383077780881f,-0.3182076595264723f,0.6745128579778397f,0.7261186076838679f,0.36782394501999377f,-0.09928816507568726f,0.7370949857788622f,-0.7282202859019168f,0.32629989787589253f,0f,0f,0f,1f],start_interpolation:0}
execute if entity @s[tag=aj.dino.bone.neck_0] run data modify entity @s {} merge value {transformation:[-0.9559445355920647f,-0.28964627998036374f,-0.04769777107170475f,0.5393644722561903f,-0.279360589914871f,0.9475579287512891f,-0.1552147946008442f,0.3424970919092297f,0.09015378901680846f,-0.13505185727750593f,-0.9867285797886921f,0.26465919171343877f,0f,0f,0f,1f],start_interpolation:0}
execute if entity @s[tag=aj.dino.bone.neck_1] run data modify entity @s {} merge value {transformation:[-0.9297934755112061f,-0.04653985129574293f,-0.3651275600912134f,0.5082189723398003f,-0.06646868135637582f,0.9968959071962064f,0.042195552066506936f,0.35066418381834824f,0.3620303955409505f,0.06350269645316525f,-0.9300007528210072f,0.18616847067434145f,0f,0f,0f,1f],start_interpolation:0}
execute if entity @s[tag=aj.dino.bone.neck_2] run data modify entity @s {} merge value {transformation:[-0.8911623506710435f,0.03675649687393054f,-0.45219312763908404f,0.4689633319873655f,-0.09063325118374747f,0.9621979355851871f,0.25682824325892967f,0.3825847833027437f,0.4445394004206195f,0.2698593943022198f,-0.854143213273111f,0.1139812112498575f,0f,0f,0f,1f],start_interpolation:0}
execute if entity @s[tag=aj.dino.bone.body_0] run data modify entity @s {} merge value {transformation:[-0.8222359280805321f,-0.06539000136936819f,-0.5653779499542408f,0.20187990284069918f,-0.09452739318764869f,0.9952710726830327f,0.02236210673243788f,0.4026051614039881f,0.5612420605324352f,0.07183063135793322f,-0.8245287805092234f,-0.2739318344692391f,0f,0f,0f,1f],start_interpolation:0}
execute if entity @s[tag=aj.dino.bone.leg_left_3] run data modify entity @s {} merge value {transformation:[-0.8254789662067422f,-0.049509962952204806f,-0.5622572720016339f,0.49842067870406886f,-0.062088953720702764f,0.9980652607029592f,0.0032706580074831626f,0.04862847549173302f,0.5610075206056658f,0.037609825131271035f,-0.8269559014103949f,-0.7323943297307715f,0f,0f,0f,1f],start_interpolation:0}
execute if entity @s[tag=aj.dino.bone.leg_left_2] run data modify entity @s {} merge value {transformation:[-0.7857348301007407f,-0.26808178487040196f,-0.6023413757064625f,0.4160971854582749f,-0.4911695503924525f,0.8631271831919629f,0.2565660497865562f,0.2569892190468988f,0.43981297051648033f,0.48498022821193565f,-0.7895700910683375f,-0.6430650788049759f,0f,0f,0f,1f],start_interpolation:0}
execute if entity @s[tag=aj.dino.bone.leg_left_1] run data modify entity @s {} merge value {transformation:[-0.9022838461982629f,0.4163025557060157f,-0.11214295788104184f,0.5531107690630943f,-0.10611672412194577f,0.03767045653761164f,0.9936398631123221f,0.21663755358025133f,0.4178792908858925f,0.9084454407485831f,0.010187219042315399f,-0.4051314606220916f,0f,0f,0f,1f],start_interpolation:0}
execute if entity @s[tag=aj.dino.bone.leg_left_0] run data modify entity @s {} merge value {transformation:[-0.8837528080211194f,-0.34793902405775345f,-0.3129207724848644f,0.3392133967366737f,-0.1564319661834777f,0.8498909407851447f,-0.5032041620727246f,0.5731070975688446f,0.441032894771759f,-0.395757279540225f,-0.8055222910758975f,-0.44366270618812614f,0f,0f,0f,1f],start_interpolation:0}
execute if entity @s[tag=aj.dino.bone.leg_right_3] run data modify entity @s {} merge value {transformation:[-0.8032082166643617f,0.003236794686895139f,0.595689586817674f,-0.1662971998591667f,-0.008991817170188376f,0.9998054322017542f,-0.017556906442817877f,0.03241679689506474f,-0.5956305129078215f,-0.01945818336892846f,-0.8030228335440703f,-0.04488465507528891f,0f,0f,0f,1f],start_interpolation:0}
execute if entity @s[tag=aj.dino.bone.leg_right_2] run data modify entity @s {} merge value {transformation:[-0.8360378473986281f,0.044314121993928236f,0.5925699754540982f,-0.13635756496045848f,-0.3832412450407436f,0.7414785085797884f,-0.5961526389395658f,0.18742512602273528f,-0.4541245042027394f,-0.7073245926778562f,-0.5878137926047808f,-0.22722255083257653f,0f,0f,0f,1f],start_interpolation:0}
execute if entity @s[tag=aj.dino.bone.leg_right_1] run data modify entity @s {} merge value {transformation:[-0.9828489866230701f,0.15988292015524652f,-0.09189842945684959f,-0.10762247566546712f,0.015998967781639443f,0.5703793184188907f,0.8212255878562988f,0.2991432663422299f,0.18371690865003834f,0.805670456801435f,-0.5631546967871626f,0.02517938542490994f,0f,0f,0f,1f],start_interpolation:0}
execute if entity @s[tag=aj.dino.bone.leg_right_0] run data modify entity @s {} merge value {transformation:[-0.989435368000886f,-0.08573498616380859f,-0.11690664949626586f,-0.016720669873465266f,0.05277986058037919f,0.538029973020767f,-0.8412716769560161f,0.5727390809001104f,0.13502569705825232f,-0.8385542679390307f,-0.527820803734723f,-0.2767965581941406f,0f,0f,0f,1f],start_interpolation:0}
execute if entity @s[tag=aj.dino.bone.tail_4] run data modify entity @s {} merge value {transformation:[-2.4120149347606405f,1.2336907331133193f,-0.5346517194603817f,-0.33533401638789606f,-0.3708948260662911f,0.4449778105917926f,2.7000172421075743f,1.897762306998316f,1.2923940243164531f,2.430157043219894f,-0.22297031820371702f,-1.3167364960939483f,0f,0f,0f,1f],start_interpolation:0}
execute if entity @s[tag=aj.dino.bone.tail_3] run data modify entity @s {} merge value {transformation:[-1.8223529127004807f,0.8162928260302921f,-0.5904586435881837f,-0.24320211646407808f,-0.2755734760782733f,0.7699735850892804f,1.9149792332010662f,1.5655177994255924f,0.9690380007505667f,1.7540673380690621f,-0.5658256380415299f,-1.2379583034328339f,0f,0f,0f,1f],start_interpolation:0}
execute if entity @s[tag=aj.dino.bone.tail_2] run data modify entity @s {} merge value {transformation:[-1.7749356702896921f,0.7249271396417843f,-0.3779654528483238f,-0.17407913310376658f,0.01819948787863943f,0.9382603000725702f,1.7140916728551783f,1.2471086205178172f,0.8173408224094845f,1.5533583380924343f,-0.8589561854393248f,-1.0773062199487184f,0f,0f,0f,1f],start_interpolation:0}
execute if entity @s[tag=aj.dino.bone.tail_1] run data modify entity @s {} merge value {transformation:[-1.3715124337437679f,0.5301630431297295f,-0.3543120683601846f,-0.10300552013352005f,0.005615487066146868f,0.8504215937158741f,1.250762898892817f,0.9675575091417319f,0.6376349742534967f,1.1328576744857133f,-0.7731179592840703f,-0.9253970541074854f,0f,0f,0f,1f],start_interpolation:0}
execute if entity @s[tag=aj.dino.bone.tail_0] run data modify entity @s {} merge value {transformation:[-1.1586573626895464f,0.34322243240208694f,-0.4165899595109406f,0.027014317178041453f,0.00036435565963664025f,0.9870181393851684f,0.812176567227608f,0.7540391453800053f,0.5397672643966892f,0.7360905317993588f,-0.8947948065702435f,-0.6461540388989195f,0f,0f,0f,1f],start_interpolation:0}
execute if entity @s[tag=aj.dino.bone.body_1] run data modify entity @s {} merge value {transformation:[-1.1194528522086478f,0.26839805065750205f,-0.45099045792724507f,0.11378476787905625f,-0.0011574540009567833f,1.06118694656282f,0.6344174649244487f,0.5350675f,0.5248128876451196f,0.5748472370153496f,-0.9605866343613468f,-0.4615511428984851f,0f,0f,0f,1f],start_interpolation:0}