execute if entity @s[tag=aj.dino.bone.head_lower] run data modify entity @s {} merge value {transformation:[-0.9473879295321229f,-0.3199859091018302f,-0.008070251118284633f,0.5565739441006712f,-0.29172763777588084f,0.8527985319979007f,0.43316238200001883f,0.2784886420963077f,-0.13172356028646282f,0.41272712752919566f,-0.9012797689213697f,0.35088666414008524f,0f,0f,0f,1f],start_interpolation:0}
execute if entity @s[tag=aj.dino.bone.head_upper] run data modify entity @s {} merge value {transformation:[-0.9861357011050162f,-0.3057095966998646f,-0.1324762774055454f,0.5402706256386772f,-0.303659176607732f,0.6543439847721331f,0.7503978922131566f,0.3448179525647978f,-0.13711099901736237f,0.7495648968979536f,-0.7091015314257388f,0.31879179115858985f,0f,0f,0f,1f],start_interpolation:0}
execute if entity @s[tag=aj.dino.bone.neck_0] run data modify entity @s {} merge value {transformation:[-0.9640172420095647f,-0.2639749346524198f,-0.031432323864497624f,0.5428344588557271f,-0.25822679305371904f,0.9579352645728286f,-0.12521562297483813f,0.3212556296638191f,0.06316391736952115f,-0.11259335132695794f,-0.9916315125990603f,0.25647822960861866f,0f,0f,0f,1f],start_interpolation:0}
execute if entity @s[tag=aj.dino.bone.neck_1] run data modify entity @s {} merge value {transformation:[-0.931449256603333f,-0.02565994555696581f,-0.3629653558772679f,0.5119683171309389f,-0.0531714261297046f,0.9964013485742415f,0.06600872671674887f,0.33143773164397883f,0.35996538974800263f,0.08078316503731833f,-0.9294616713077102f,0.17811278480785103f,0f,0f,0f,1f],start_interpolation:0}
execute if entity @s[tag=aj.dino.bone.neck_2] run data modify entity @s {} merge value {transformation:[-0.890148519624312f,0.056975561742187125f,-0.45209445735908804f,0.47291927831703473f,-0.07898080110758146f,0.9578432061307394f,0.2762216963339243f,0.36501470754557697f,0.4487734908247707f,0.281585116498277f,-0.8481227364595298f,0.10656776645468868f,0f,0f,0f,1f],start_interpolation:0}
execute if entity @s[tag=aj.dino.bone.body_0] run data modify entity @s {} merge value {transformation:[-0.8189648925658235f,-0.043617899652371034f,-0.5721835226346219f,0.20283581477098395f,-0.0864155058610749f,0.9951104470944125f,0.047828427010859265f,0.39703573673582676f,0.567299625499104f,0.08861533114238329f,-0.8187297832588614f,-0.2784523383602303f,0f,0f,0f,1f],start_interpolation:0}
execute if entity @s[tag=aj.dino.bone.leg_left_3] run data modify entity @s {} merge value {transformation:[-0.8320655578550408f,-0.07360481180089423f,-0.5497719882925418f,0.507323210848769f,-0.0934730761222107f,0.9955882261362689f,0.008177286780416126f,0.051773101302875685f,0.5467446309490667f,0.05819291759821543f,-0.835274740950411f,-0.7485930458021903f,0f,0f,0f,1f],start_interpolation:0}
execute if entity @s[tag=aj.dino.bone.leg_left_2] run data modify entity @s {} merge value {transformation:[-0.7747244719097095f,-0.3074090676123951f,-0.5977991780477738f,0.41599004057980793f,-0.514737300434068f,0.8579515988388378f,0.22589104695057025f,0.2579428661792525f,0.4323305490787855f,0.4706175928503463f,-0.8022914539827006f,-0.6630164594864456f,0f,0f,0f,1f],start_interpolation:0}
execute if entity @s[tag=aj.dino.bone.leg_left_1] run data modify entity @s {} merge value {transformation:[-0.8976176857778639f,0.42175185311985275f,-0.12809318705052933f,0.5552370388420904f,-0.13120818073035134f,0.021767307911735978f,0.9911158346105198f,0.21390438925149463f,0.4207931837473407f,0.9064499758377433f,0.03579857281416349f,-0.427041308920559f,0f,0f,0f,1f],start_interpolation:0}
execute if entity @s[tag=aj.dino.bone.leg_left_0] run data modify entity @s {} merge value {transformation:[-0.878670500764854f,-0.35501344939730983f,-0.3192234355943567f,0.33966604182995785f,-0.1825700224448748f,0.867664123637212f,-0.4624144844804786f,0.5709925089366793f,0.441142083676131f,-0.34802933683799236f,-0.8272056834367064f,-0.44505515335608825f,0f,0f,0f,1f],start_interpolation:0}
execute if entity @s[tag=aj.dino.bone.leg_right_3] run data modify entity @s {} merge value {transformation:[-0.7896629434809455f,0.0031069717595972324f,0.6135330328674194f,-0.16298391052526337f,-0.043653032906146014f,0.9971683684976356f,-0.06123444770600067f,0.053808664723537875f,-0.6119859871035483f,-0.07513715189071934f,-0.7872912802734752f,-0.014557543537631001f,0f,0f,0f,1f],start_interpolation:0}
execute if entity @s[tag=aj.dino.bone.leg_right_2] run data modify entity @s {} merge value {transformation:[-0.8204023867357264f,0.04542972247073582f,0.6139529816323477f,-0.1321476566211149f,-0.41964041137629216f,0.7071774072427336f,-0.6130776780523624f,0.20035486629065422f,-0.45044871903353717f,-0.7415513835887382f,-0.5470463385485449f,-0.2036194601613251f,0f,0f,0f,1f],start_interpolation:0}
execute if entity @s[tag=aj.dino.bone.leg_right_1] run data modify entity @s {} merge value {transformation:[-0.9824233971033243f,0.15300862393683673f,-0.10692347649099154f,-0.10447475075486498f,0.0036319748192849763f,0.5883657975928225f,0.8085867281756943f,0.31738339225175144f,0.1866308591387716f,0.7939861769728223f,-0.5785800490798196f,0.046484358386205515f,0f,0f,0f,1f],start_interpolation:0}
execute if entity @s[tag=aj.dino.bone.leg_right_0] run data modify entity @s {} merge value {transformation:[-0.989499589235123f,-0.08770320566887374f,-0.11488564148284967f,-0.014502787227128583f,0.059685594607590445f,0.4759805741615041f,-0.8774281297161742f,0.5687569889044313f,0.13163659331607228f,-0.875071791761275f,-0.46574796463736773f,-0.27448859880693965f,0f,0f,0f,1f],start_interpolation:0}
execute if entity @s[tag=aj.dino.bone.tail_4] run data modify entity @s {} merge value {transformation:[-2.298394617830779f,1.2847065993022162f,-0.8322093883367603f,-0.34600343008004125f,-0.6338826907712836f,0.5677297266380671f,2.627077658431898f,1.8925360028809286f,1.3932825437315526f,2.377577179147041f,-0.17762838211314264f,-1.317266730876119f,0f,0f,0f,1f],start_interpolation:0}
execute if entity @s[tag=aj.dino.bone.tail_3] run data modify entity @s {} merge value {transformation:[-1.7583606251612423f,0.7925790571251672f,-0.7848132746925165f,-0.22068410908118596f,-0.4550185692280695f,0.8279752827647561f,1.8556294238971067f,1.5697874375989425f,1.0183670947083132f,1.7384535931055645f,-0.5259782230075175f,-1.245092394526062f,0f,0f,0f,1f],start_interpolation:0}
execute if entity @s[tag=aj.dino.bone.tail_2] run data modify entity @s {} merge value {transformation:[-1.7912451996807623f,0.7241454780356763f,-0.29296388218325564f,-0.16737497805121f,0.11122689147923412f,0.9618490205986736f,1.6974242001303081f,1.2545511071192088f,0.7732031351690635f,1.5392315170943685f,-0.9228743812409556f,-1.0725940569582997f,0f,0f,0f,1f],start_interpolation:0}
execute if entity @s[tag=aj.dino.bone.tail_1] run data modify entity @s {} merge value {transformation:[-1.3746082407313747f,0.5380710484284663f,-0.3295269053605291f,-0.10172856517815498f,0.034767609170083306f,0.8533183117343934f,1.2483169958834022f,0.9754630662781424f,0.6299997205285033f,1.1269355153254583f,-0.7878914559964159f,-0.9174261126681733f,0f,0f,0f,1f],start_interpolation:0}
execute if entity @s[tag=aj.dino.bone.tail_0] run data modify entity @s {} merge value {transformation:[-1.1595583074214977f,0.34694015210899576f,-0.41096566660538253f,0.026737438224737425f,0.0027219073265902596f,0.9804824413105855f,0.8200502972904574f,0.7594860975526743f,0.5378223121945805f,0.7430494127043294f,-0.8902024754905223f,-0.6393571531444114f,0f,0f,0f,1f],start_interpolation:0}
execute if entity @s[tag=aj.dino.bone.body_1] run data modify entity @s {} merge value {transformation:[-1.1139009806712854f,0.28231099866960163f,-0.45621234129073157f,0.11378476787905625f,-0.007030963066007285f,1.0435777386669916f,0.6629484625318194f,0.5350675f,0.5364510843256477f,0.599875485784434f,-0.93860227505423f,-0.4615511428984851f,0f,0f,0f,1f],start_interpolation:0}