execute if entity @s[tag=aj.dino.bone.head_lower] run data modify entity @s {} merge value {transformation:[-0.9270221040164051f,0.2776756779906609f,-0.25204411621266615f,-0.07137245545199693f,0.2617333797662144f,0.9604116094082709f,0.09542105862947353f,1.671051076917678f,0.26856220244321777f,0.022489072151637646f,-0.9629997845548082f,0.5417513023491853f,0f,0f,0f,1f],start_interpolation:0}
execute if entity @s[tag=aj.dino.bone.head_upper] run data modify entity @s {} merge value {transformation:[-0.9649369218114661f,0.38159510528095925f,-0.08218184187600669f,-0.06876878191721233f,0.2724381659430777f,0.8153192392580743f,0.5869445684361634f,1.7299058397464557f,0.2795462846222277f,0.5226008575430734f,-0.8556951332295051f,0.49458357749108506f,0f,0f,0f,1f],start_interpolation:0}
execute if entity @s[tag=aj.dino.bone.neck_0] run data modify entity @s {} merge value {transformation:[-0.9312175387076596f,-0.1318817725559763f,-0.3397662338590197f,-0.08829711554612311f,0.04874994139107202f,0.8787873181285004f,-0.4747170659570655f,1.684929625942914f,0.36118878556457906f,-0.4586284417303529f,-0.811912934752473f,0.44941145520451375f,0f,0f,0f,1f],start_interpolation:0}
execute if entity @s[tag=aj.dino.bone.neck_1] run data modify entity @s {} merge value {transformation:[-0.9941045666261449f,-0.06550509292622798f,-0.08640135076357619f,-0.0959182177485013f,-0.0426842305969886f,0.9689597925567149f,-0.24350559925141582f,1.6687653823196638f,0.09967029181951564f,-0.23838205303498478f,-0.966043389149493f,0.3664767045034936f,0f,0f,0f,1f],start_interpolation:0}
execute if entity @s[tag=aj.dino.bone.neck_2] run data modify entity @s {} merge value {transformation:[-0.9959776657820549f,-0.08658948355029888f,0.02303802512850625f,-0.09474767912444033f,-0.08715051133711155f,0.9958919553347337f,-0.024576445496466454f,1.6763627060460313f,-0.020815322169237656f,-0.02648536648893715f,-0.9994324628132397f,0.2786596167263019f,0f,0f,0f,1f],start_interpolation:0}
execute if entity @s[tag=aj.dino.bone.body_0] run data modify entity @s {} merge value {transformation:[-0.9967235588239776f,-0.07919393351975737f,0.016445916786039405f,-0.0877512014245605f,-0.08078808233680632f,0.9648752451469365f,-0.2499780931501416f,1.5677406109663f,0.003928490499732207f,-0.2504876887120558f,-0.968111814185782f,-0.1799940592247471f,0f,0f,0f,1f],start_interpolation:0}
execute if entity @s[tag=aj.dino.bone.leg_left_3] run data modify entity @s {} merge value {transformation:[-0.9569436626651131f,0.050817474333623824f,0.28579085147609284f,0.21279050640294395f,-0.01989645883759664f,0.9707577571499677f,-0.23923525630410047f,1.212368835633679f,-0.2895910174898425f,-0.2346208883188287f,-0.9279493959013506f,0.05051813461540319f,0f,0f,0f,1f],start_interpolation:0}
execute if entity @s[tag=aj.dino.bone.leg_left_2] run data modify entity @s {} merge value {transformation:[-0.9708796639429847f,-0.21366808297028742f,0.2525882577683573f,0.1692846934076387f,-0.3046364698249201f,0.8828064824426488f,-0.4241597992626633f,1.4045687008448722f,-0.12904068697609358f,-0.476509039135392f,-0.8990827749588454f,-0.08854130632419063f,0f,0f,0f,1f],start_interpolation:0}
execute if entity @s[tag=aj.dino.bone.leg_left_1] run data modify entity @s {} merge value {transformation:[-0.8738046775089969f,-0.36874182983113807f,0.3170092246231682f,0.06969844721579534f,-0.11684618305234645f,0.7920258159590627f,0.5992011985639539f,1.590285044431215f,-0.47203003619419776f,0.48654349218457893f,-0.7351619380404152f,0.0920283615442048f,0f,0f,0f,1f],start_interpolation:0}
execute if entity @s[tag=aj.dino.bone.leg_left_0] run data modify entity @s {} merge value {transformation:[-0.8819760825567788f,0.46973087329632596f,0.03835487544066843f,0.14845540751213201f,-0.10422153262684658f,-0.11502518613950652f,-0.9878800932757393f,1.613423608032879f,-0.45962600223954836f,-0.8752840186052999f,0.15040553460377643f,-0.3173238421188342f,0f,0f,0f,1f],start_interpolation:0}
execute if entity @s[tag=aj.dino.bone.leg_right_3] run data modify entity @s {} merge value {transformation:[-0.8973244334496359f,0.23011963983677763f,0.37663485300179267f,-0.36580674300705396f,0.30455844154052975f,0.9404482734527557f,0.15100066438971266f,0.7809881385258668f,-0.3194573787231934f,0.2502039094840901f,-0.9139720930412392f,-0.4028328407287841f,0f,0f,0f,1f],start_interpolation:0}
execute if entity @s[tag=aj.dino.bone.leg_right_2] run data modify entity @s {} merge value {transformation:[-0.9224436702894495f,0.39413685181065355f,0.2140467628543139f,-0.2658879523152394f,0.3115567911066471f,0.9152216887319704f,-0.3425840420840171f,0.9832542615076447f,-0.32263329115104183f,-0.24307941504800742f,-0.9428055774769578f,-0.48813068845439345f,0f,0f,0f,1f],start_interpolation:0}
execute if entity @s[tag=aj.dino.bone.leg_right_1] run data modify entity @s {} merge value {transformation:[-0.9995892624648574f,-0.00509450348375437f,0.028201992823497807f,-0.28867514255570353f,0.0165831641251213f,0.6997652568301808f,0.7141803581736131f,1.135811430180973f,-0.02337316907400222f,0.7143546957692972f,-0.6993933539860047f,-0.2574351316981174f,0f,0f,0f,1f],start_interpolation:0}
execute if entity @s[tag=aj.dino.bone.leg_right_0] run data modify entity @s {} merge value {transformation:[-0.9764130014082711f,-0.06746405792561358f,0.20510058890481267f,-0.21832716209784178f,-0.17775465929909304f,0.7903938428727242f,-0.5862429993154297f,1.5145381189623837f,-0.12255991097563207f,-0.6088728718189841f,-0.7837428750454759f,-0.41844611087227784f,0f,0f,0f,1f],start_interpolation:0}
execute if entity @s[tag=aj.dino.bone.tail_4] run data modify entity @s {} merge value {transformation:[-2.541115027186349f,-0.8934378289910749f,0.6084115350118136f,0.1915522750271447f,-1.0388240906608668f,2.448118322586801f,-0.743789297366809f,0.900501350130017f,-0.29873108119233405f,-0.9133164051644437f,-2.5888750871347885f,-1.9612746168369144f,0f,0f,0f,1f],start_interpolation:0}
execute if entity @s[tag=aj.dino.bone.tail_3] run data modify entity @s {} merge value {transformation:[-2.0654641211311753f,-0.22281603379805198f,-0.1419736082755152f,0.21780618229538945f,-0.1482484474197806f,1.903608901473063f,-0.8308074831840327f,1.0227472899568175f,0.21869130801631959f,-0.8139850682656702f,-1.9040871688247594f,-1.6304463139609688f,0f,0f,0f,1f],start_interpolation:0}
execute if entity @s[tag=aj.dino.bone.tail_2] run data modify entity @s {} merge value {transformation:[-1.9450215481537674f,-0.10323967981870112f,-0.15813481821290837f,0.24574029697794808f,-0.051949548291428f,1.8656811612349833f,-0.5790586533745767f,1.130798559265245f,0.18156623213751555f,-0.5721444294289632f,-1.8596930741989575f,-1.2847353184649042f,0f,0f,0f,1f],start_interpolation:0}
execute if entity @s[tag=aj.dino.bone.tail_1] run data modify entity @s {} merge value {transformation:[-1.462549302689395f,0.28032766667630205f,0.2646170563259012f,0.18676822117261427f,0.1962299120022338f,1.4350406966820963f,-0.4356699100256523f,1.2068205005418688f,-0.33181261102972043f,-0.38695070508009755f,-1.4240174833897425f,-0.9732555667657421f,0f,0f,0f,1f],start_interpolation:0}
execute if entity @s[tag=aj.dino.bone.tail_0] run data modify entity @s {} merge value {transformation:[-1.1914345833207063f,0.3106032009522162f,0.34328559802252134f,0.09394759926082827f,0.16536967102606706f,1.1708352121785734f,-0.48542094558384385f,1.3769261224036722f,-0.43240284707223337f,-0.40805180316354445f,-1.1315287094735311f,-0.6524435955743607f,0f,0f,0f,1f],start_interpolation:0}
execute if entity @s[tag=aj.dino.bone.body_1] run data modify entity @s {} merge value {transformation:[-1.153572619785324f,-0.08762111601080445f,0.43611620695279774f,-0.001541405874648745f,-0.31100603501170965f,1.0255136364181106f,-0.6166049162657148f,1.4512025072118842f,-0.318040959821482f,-0.6850174571540314f,-0.9788797813451383f,-0.378726971371353f,0f,0f,0f,1f],start_interpolation:0}