execute if entity @s[tag=aj.dino.bone.head_lower] run data modify entity @s {} merge value {transformation:[-0.9441646105103638f,-0.3294494587412304f,-0.004030185470070599f,0.5564330809967228f,-0.29727238415376456f,0.8465469691054575f,0.4415737296510064f,0.2788254385193889f,-0.14206448493324936f,0.4181163513108211f,-0.8972159154223561f,0.34999001773965804f,0f,0f,0f,1f],start_interpolation:0}
execute if entity @s[tag=aj.dino.bone.head_upper] run data modify entity @s {} merge value {transformation:[-0.9827805496783167f,-0.31732090918215156f,-0.13008372055451548f,0.5400350116832086f,-0.3094307008021602f,0.6502201713180544f,0.7516237840806468f,0.34514486795635607f,-0.1478748631734839f,0.7483268750956628f,-0.7082456180129114f,0.31792300831032116f,0f,0f,0f,1f],start_interpolation:0}
execute if entity @s[tag=aj.dino.bone.neck_0] run data modify entity @s {} merge value {transformation:[-0.9632380388381054f,-0.2676420405569042f,-0.023242604455114557f,0.5431876797376216f,-0.26275958846457503f,0.9566045559965415f,-0.1259568263993141f,0.32155768200698315f,0.05594532335457225f,-0.11521918925767619f,-0.9917634088942565f,0.25564587287984974f,0f,0f,0f,1f],start_interpolation:0}
execute if entity @s[tag=aj.dino.bone.neck_1] run data modify entity @s {} merge value {transformation:[-0.9320106700657546f,-0.027912732598411233f,-0.36135438317871915f,0.5124476302361156f,-0.05486879343861207f,0.9964048054364095f,0.06455136876799789f,0.3316163425663925f,0.35825343876950283f,0.07998964346789358f,-0.9301914483307753f,0.17721495073222496f,0f,0f,0f,1f],start_interpolation:0}
execute if entity @s[tag=aj.dino.bone.neck_2] run data modify entity @s {} merge value {transformation:[-0.8899968711452997f,0.05518859709891358f,-0.45261439228313355f,0.4733355457226425f,-0.08106771688322642f,0.9576808403225533f,0.27618007415168344f,0.3651880823899192f,0.4487021223828984f,0.2824918172785578f,-0.8478589378780766f,0.1057019202806142f,0f,0f,0f,1f],start_interpolation:0}
execute if entity @s[tag=aj.dino.bone.body_0] run data modify entity @s {} merge value {transformation:[-0.8181123342986552f,-0.046282983595460236f,-0.5731928941446393f,0.20275098091315086f,-0.08829278264758701f,0.995046895347943f,0.045673412296057925f,0.39619285581656344f,0.5682399079620782f,0.0879747775667668f,-0.8181465917006112f,-0.27904943061336956f,0f,0f,0f,1f],start_interpolation:0}
execute if entity @s[tag=aj.dino.bone.leg_left_3] run data modify entity @s {} merge value {transformation:[-0.8320766049859781f,-0.0807360922333481f,-0.5487533205784696f,0.5110292958561614f,-0.0951512956759017f,0.9954604348989132f,-0.002180248165724097f,0.052008526141693795f,0.5464382438722653f,0.050400455967732155f,-0.8359814828523652f,-0.7478432455998106f,0f,0f,0f,1f],start_interpolation:0}
execute if entity @s[tag=aj.dino.bone.leg_left_2] run data modify entity @s {} merge value {transformation:[-0.7720900136084115f,-0.3129911490289575f,-0.5983107478696919f,0.41838322775632975f,-0.5190505741524629f,0.8564205363275922f,0.2217939718050348f,0.25768809307717633f,0.43188622559518575f,0.4697260958117897f,-0.8030528516575056f,-0.6624986858617152f,0f,0f,0f,1f],start_interpolation:0}
execute if entity @s[tag=aj.dino.bone.leg_left_1] run data modify entity @s {} merge value {transformation:[-0.8974218193299557f,0.4201702798519769f,-0.13450284056340095f,0.5575366051692904f,-0.13633538616794807f,0.02582599650874423f,0.9903260475130233f,0.21489623385394968f,0.4195792424190557f,0.9070776999978787f,0.034107264587027675f,-0.4262391252116723f,0f,0f,0f,1f],start_interpolation:0}
execute if entity @s[tag=aj.dino.bone.leg_left_0] run data modify entity @s {} merge value {transformation:[-0.8781807881179537f,-0.35997003575974074f,-0.3149921851977607f,0.3397319826787015f,-0.1875483489443176f,0.8649215153911567f,-0.4655495559247432f,0.570583872791548f,0.44002740845178023f,-0.3497604116657518f,-0.8270692439225471f,-0.44507336247209467f,0f,0f,0f,1f],start_interpolation:0}
execute if entity @s[tag=aj.dino.bone.leg_right_3] run data modify entity @s {} merge value {transformation:[-0.7818826334394631f,0.0010776089810040634f,0.6234247238317181f,-0.16514187055864482f,-0.04620945626772591f,0.9971475270596286f,-0.05967826597939546f,0.05760401074020252f,-0.6217107315120195f,-0.07546951727519119f,-0.7796025386599492f,-0.011633842448376286f,0f,0f,0f,1f],start_interpolation:0}
execute if entity @s[tag=aj.dino.bone.leg_right_2] run data modify entity @s {} merge value {transformation:[-0.8134129938163768f,0.04936206395260491f,0.6228843292568147f,-0.1331238181106895f,-0.42725317849638944f,0.7021599892138117f,-0.6135864002018668f,0.20297674793828463f,-0.4559344497360394f,-0.7460542444690544f,-0.5362732898012877f,-0.20140392350172065f,0f,0f,0f,1f],start_interpolation:0}
execute if entity @s[tag=aj.dino.bone.leg_right_1] run data modify entity @s {} merge value {transformation:[-0.982592493268481f,0.15393126423402279f,-0.1040055674651369f,-0.10535838231659009f,0.006448236763768406f,0.5877724455718649f,0.8090006010313633f,0.319878216050085f,0.18566209202491527f,0.7942472650993415f,-0.5785333780060984f,0.04874905566949572f,0f,0f,0f,1f],start_interpolation:0}
execute if entity @s[tag=aj.dino.bone.leg_right_0] run data modify entity @s {} merge value {transformation:[-0.9894875686126547f,-0.08537172142723304f,-0.11673054759388136f,-0.014322213119636912f,0.06350882142391887f,0.4686528043441136f,-0.8810965773294902f,0.5682287785958744f,0.12992683003275837f,-0.8792475295165454f,-0.45830426648318445f,-0.27427059163634027f,0f,0f,0f,1f],start_interpolation:0}
execute if entity @s[tag=aj.dino.bone.tail_4] run data modify entity @s {} merge value {transformation:[-2.323519022325303f,1.2824474129200398f,-0.7630526309417719f,-0.33049964440513235f,-0.5872635388920182f,0.5122814214308152f,2.6492169810615454f,1.9048212194546168f,1.3718754390907673f,2.3913506037282612f,-0.1583079317911572f,-1.305225544667928f,0f,0f,0f,1f],start_interpolation:0}
execute if entity @s[tag=aj.dino.bone.tail_3] run data modify entity @s {} merge value {transformation:[-1.777764967952054f,0.8002198311648008f,-0.7315363740631442f,-0.21428888792411363f,-0.4176449936434707f,0.7911078049629737f,1.8803368385094348f,1.5782439669089463f,1.0005348090153685f,1.7520679749318195f,-0.5149110925308724f,-1.2350610120848888f,0f,0f,0f,1f],start_interpolation:0}
execute if entity @s[tag=aj.dino.bone.tail_2] run data modify entity @s {} merge value {transformation:[-1.7915163418641697f,0.7304165944338469f,-0.2751993285094648f,-0.16428085688638788f,0.11800097472791823f,0.9345193913410271f,1.7121691365556249f,1.2602650908504185f,0.7715690777886711f,1.5530418477253063f,-0.9008418576071396f,-1.0666563946261447f,0f,0f,0f,1f],start_interpolation:0}
execute if entity @s[tag=aj.dino.bone.tail_1] run data modify entity @s {} merge value {transformation:[-1.3746484428680394f,0.5434834301375054f,-0.3203492932510469f,-0.10067548611154548f,0.036783012807262455f,0.8357713910601389f,1.2600751730965185f,0.9788593889776188f,0.6297975218189531f,1.137439314008168f,-0.7728150739079391f,-0.9148609244667887f,0f,0f,0f,1f],start_interpolation:0}
execute if entity @s[tag=aj.dino.bone.tail_0] run data modify entity @s {} merge value {transformation:[-1.159598319284157f,0.35049690822397495f,-0.40782272107230594f,0.026957906418590777f,0.0029487096260973782f,0.9735252359988114f,0.8282968287812211f,0.7603047023259786f,0.5377348413567101f,0.7504906720159291f,-0.8839913507451191f,-0.6384274291109747f,0f,0f,0f,1f],start_interpolation:0}
execute if entity @s[tag=aj.dino.bone.body_1] run data modify entity @s {} merge value {transformation:[-1.1135404461214866f,0.2843184958754404f,-0.4558456567863048f,0.11378476787905625f,-0.00740703731923066f,1.0408177290968927f,0.6672692002872521f,0.5350675f,0.5371940112342671f,0.6037102307870593f,-0.9357142440902155f,-0.4615511428984851f,0f,0f,0f,1f],start_interpolation:0}