execute if entity @s[tag=aj.dino.bone.head_lower] run data modify entity @s {} merge value {transformation:[-0.4899850459359276f,0.8435650457453608f,0.21980142937613967f,0.09781921102386021f,0.46320362290455336f,0.03834419931552252f,0.8854220045305787f,1.1081553074890371f,0.7384829439379511f,0.5356563599692238f,-0.4095304696078891f,0.41459399743690817f,0f,0f,0f,1f],start_interpolation:0}
execute if entity @s[tag=aj.dino.bone.head_upper] run data modify entity @s {} merge value {transformation:[-0.5100252301542713f,0.6961641146544046f,0.5819808696658666f,0.15341329369370754f,0.4821484580798401f,-0.3576448405042257f,0.8503499132800844f,1.158895042557596f,0.7686865886437867f,0.6862343886105262f,-0.1472251164408506f,0.42009251988093965f,0f,0f,0f,1f],start_interpolation:0}
execute if entity @s[tag=aj.dino.bone.neck_0] run data modify entity @s {} merge value {transformation:[-0.6050537824311487f,0.6490388001634712f,-0.461149169193789f,0.11325491508798947f,0.32721479672685294f,0.7307312980770467f,0.5991345815537932f,1.1856693376080378f,0.7258377209602462f,0.2116138130959232f,-0.654506834905671f,0.3741014554595918f,0f,0f,0f,1f],start_interpolation:0}
execute if entity @s[tag=aj.dino.bone.neck_1] run data modify entity @s {} merge value {transformation:[-0.7656557614139838f,0.6244296947287878f,-0.15446297729386566f,0.10304654313452577f,0.39988684674876934f,0.6501439578983752f,0.6460676000277078f,1.243394874913678f,0.5038469656660628f,0.43289766729464896f,-0.7474876887547731f,0.3127737428871657f,0f,0f,0f,1f],start_interpolation:0}
execute if entity @s[tag=aj.dino.bone.neck_2] run data modify entity @s {} merge value {transformation:[-0.7852694726384895f,0.6112326491922501f,0.09872438353057561f,0.11767988922067858f,0.49168430265098967f,0.5187146617680223f,0.6994152173019232f,1.309747434298829f,0.3762956309455088f,0.5977706485168957f,-0.7078642877720357f,0.2566120705518128f,0f,0f,0f,1f],start_interpolation:0}
execute if entity @s[tag=aj.dino.bone.body_0] run data modify entity @s {} merge value {transformation:[-0.7846624270196888f,0.6173148895740783f,-0.056808474136477737f,0.09678696435873968f,0.48516915718348536f,0.6685583817819862f,0.5635961134242488f,1.5817370233547026f,0.3858960540630572f,0.41467097470065994f,-0.8240947871448808f,-0.12783045290137562f,0f,0f,0f,1f],start_interpolation:0}
execute if entity @s[tag=aj.dino.bone.leg_left_3] run data modify entity @s {} merge value {transformation:[-0.9360405171071783f,0.04738110244653687f,-0.3486877994204509f,0.3605302261876576f,0.133636111391756f,0.9645226549008239f,-0.22767836505728262f,0.89506419058001f,0.3255296300889002f,-0.2597134561666333f,-0.909164110939365f,-0.0637802137166317f,0f,0f,0f,1f],start_interpolation:0}
execute if entity @s[tag=aj.dino.bone.leg_left_2] run data modify entity @s {} merge value {transformation:[-0.9296252421784154f,-0.230639897809078f,-0.36696641010320624f,0.29398529470476575f,-0.0070099651621816535f,0.8763092274823858f,-0.5330058139629852f,1.082847457000033f,0.4333704754524028f,-0.48057213284639927f,-0.7958031513121291f,-0.1997224404623325f,0f,0f,0f,1f],start_interpolation:0}
execute if entity @s[tag=aj.dino.bone.leg_left_1] run data modify entity @s {} merge value {transformation:[-0.9917190757026001f,0.12826298137788464f,0.006471668690288892f,0.34823781070543325f,0.12119002865933891f,0.9179758499024832f,0.3776682617713106f,1.3097891251603409f,0.042500021660336444f,0.3753251212001016f,-0.9259183557717172f,-0.04949751103988381f,0f,0f,0f,1f],start_interpolation:0}
execute if entity @s[tag=aj.dino.bone.leg_left_0] run data modify entity @s {} merge value {transformation:[-0.9847293880591546f,0.06481040921647192f,-0.16157859743739666f,0.27233796634731194f,0.17188282039544436f,0.5093291827484078f,-0.8432319251865094f,1.5983984467837624f,0.02764648884669213f,-0.8581278427239338f,-0.5126912103756189f,-0.3414755096338439f,0f,0f,0f,1f],start_interpolation:0}
execute if entity @s[tag=aj.dino.bone.leg_right_3] run data modify entity @s {} merge value {transformation:[-0.8071367314528723f,0.5865716267247832f,-0.06681334792550633f,-0.4246350803686043f,0.5800991238169131f,0.8090196644287302f,0.09472164015933433f,1.177374833194958f,0.10961433887235346f,0.03769495044519941f,-0.9932591743470129f,-0.14114999938687972f,0f,0f,0f,1f],start_interpolation:0}
execute if entity @s[tag=aj.dino.bone.leg_right_2] run data modify entity @s {} merge value {transformation:[-0.8277968457711955f,0.5645542742142811f,-0.2193012838501857f,-0.29853146464420927f,0.5945342453199636f,0.8282957523515415f,-0.11188108543855561f,1.3660693962489747f,0.11551455654494336f,-0.21740933191441944f,-0.9957167112805952f,-0.22277911209247925f,0f,0f,0f,1f],start_interpolation:0}
execute if entity @s[tag=aj.dino.bone.leg_right_1] run data modify entity @s {} merge value {transformation:[-0.897037952819272f,0.4310675620028017f,0.09748675905357433f,-0.2044592825133321f,0.2691671517597485f,0.35792264788861466f,0.8941143229710322f,1.4212459558926576f,0.3505309624203739f,0.8282947151330636f,-0.4370994272099689f,0.03240583549414422f,0f,0f,0f,1f],start_interpolation:0}
execute if entity @s[tag=aj.dino.bone.leg_right_0] run data modify entity @s {} merge value {transformation:[-0.9116914351307135f,-0.11228981530102708f,-0.3952337592981661f,-0.11036592377467558f,0.2727928458601714f,0.553901322826537f,-0.7866240447752163f,1.6710425720244102f,0.3072503708001153f,-0.8249753462684043f,-0.47435523365144594f,-0.2886165453064121f,0f,0f,0f,1f],start_interpolation:0}
execute if entity @s[tag=aj.dino.bone.tail_4] run data modify entity @s {} merge value {transformation:[-2.4079095964082735f,1.1100961772887203f,0.7715692997352298f,-0.11420657947830856f,0.5745539157620594f,2.2669454155286823f,-1.4685052306668767f,1.6329803257098776f,-1.223732203142267f,-1.1199581651929962f,-2.2076762749121777f,-2.034575702619637f,0f,0f,0f,1f],start_interpolation:0}
execute if entity @s[tag=aj.dino.bone.tail_3] run data modify entity @s {} merge value {transformation:[-1.776314716084511f,1.0751743669426843f,0.1570083951113569f,-0.15135082644206313f,0.9951322871270705f,1.7305668146404323f,-0.5922801340809593f,1.7164741943676214f,-0.4363064136398768f,-0.43021402438683004f,-1.990100030823084f,-1.692918297828193f,0f,0f,0f,1f],start_interpolation:0}
execute if entity @s[tag=aj.dino.bone.tail_2] run data modify entity @s {} merge value {transformation:[-1.6973864038304942f,0.9455576634558968f,-0.20874380511522245f,-0.1135759347047857f,0.932281317248831f,1.7096475169545435f,0.16349552985548477f,1.6871769187862022f,0.2617342480512268f,0.04242579231748678f,-1.936096358796759f,-1.332798580002462f,0f,0f,0f,1f],start_interpolation:0}
execute if entity @s[tag=aj.dino.bone.tail_1] run data modify entity @s {} merge value {transformation:[-0.8540668571106397f,1.2182722570213063f,-0.2721006456393774f,-0.06909907991649608f,1.1674677773986855f,0.896265672958232f,0.34840074944308225f,1.6001336767545793f,0.44186541199886564f,-0.013296663075376415f,-1.446455808668254f,-1.0217970359490702f,0f,0f,0f,1f],start_interpolation:0}
execute if entity @s[tag=aj.dino.bone.tail_0] run data modify entity @s {} merge value {transformation:[-0.8421752210171461f,0.9377045866705209f,-0.21280677109954874f,0.01571648673880604f,0.8990082486926183f,0.8682303278149291f,0.2679477248066122f,1.5427850683083097f,0.34111696303669786f,0.026868617074122487f,-1.231565268887188f,-0.6612566525479904f,0f,0f,0f,1f],start_interpolation:0}
execute if entity @s[tag=aj.dino.bone.body_1] run data modify entity @s {} merge value {transformation:[-1.2036469715545912f,0.17927166326387503f,-0.21840383163835428f,0.05441709952319041f,0.22847398106997896f,1.179773561646507f,-0.29075518614497764f,1.5309154546222863f,0.16624741470996096f,-0.3234201741493092f,-1.1816792217483283f,-0.3647481423023502f,0f,0f,0f,1f],start_interpolation:0}