execute if entity @s[tag=aj.dino.bone.head_lower] run data modify entity @s {} merge value {transformation:[-0.9401999286796177f,-0.3405628077123895f,0.006408440831891821f,0.555622488013387f,-0.3114640606387665f,0.8671782505159987f,0.3885769174338875f,0.2908068817770424f,-0.1378921065226453f,0.3633439910540223f,-0.921394004280298f,0.3533434768512597f,0f,0f,0f,1f],start_interpolation:0}
execute if entity @s[tag=aj.dino.bone.head_upper] run data modify entity @s {} merge value {transformation:[-0.9786537140126438f,-0.32546260217504597f,-0.14065185821102114f,0.5383143406556226f,-0.32420281094220016f,0.6542881955480411f,0.7418028290099541f,0.35653604116828697f,-0.14353183622437712f,0.7412509658242901f,-0.7165316184496834f,0.32054771290895845f,0f,0f,0f,1f],start_interpolation:0}
execute if entity @s[tag=aj.dino.bone.neck_0] run data modify entity @s {} merge value {transformation:[-0.9584371558423321f,-0.2845659963553508f,-0.020503951305725132f,0.5419172514073577f,-0.2790109140981587f,0.9498845607205364f,-0.14096890124727274f,0.33209247564452077f,0.05959134261762322f,-0.1293890065772203f,-0.9898016755198936f,0.25862625142025275f,0f,0f,0f,1f],start_interpolation:0}
execute if entity @s[tag=aj.dino.bone.neck_1] run data modify entity @s {} merge value {transformation:[-0.9319775209396554f,-0.04086299045563517f,-0.3602056585815896f,0.5112148537370729f,-0.06354689299393426f,0.9966567048421702f,0.05135372512257219f,0.34103428303716465f,0.3569029179678858f,0.07075046787244516f,-0.931458361088588f,0.18004544140674f,0f,0f,0f,1f],start_interpolation:0}
execute if entity @s[tag=aj.dino.bone.neck_2] run data modify entity @s {} merge value {transformation:[-0.8903446724199706f,0.04311435569784734f,-0.4532411241559338f,0.47192964844133617f,-0.08938379595937927f,0.9595799941983343f,0.2668647068351615f,0.3738085207219242f,0.44642681518169036f,0.278113982149557f,-0.8505032108226568f,0.10825789107107708f,0f,0f,0f,1f],start_interpolation:0}
execute if entity @s[tag=aj.dino.bone.body_0] run data modify entity @s {} merge value {transformation:[-0.8186828919595174f,-0.06019729950894315f,-0.5710819621951229f,0.20220740669168596f,-0.09459432781278448f,0.995041789776709f,0.030720510145686164f,0.3977659988015334f,0.5664011260215225f,0.07917147042839567f,-0.8203180131581634f,-0.27760070511764745f,0f,0f,0f,1f],start_interpolation:0}
execute if entity @s[tag=aj.dino.bone.leg_left_3] run data modify entity @s {} merge value {transformation:[-0.8289463739869021f,-0.078343882202206f,-0.5538141792834973f,0.51146456591625f,-0.08216533607621529f,0.9964565742634262f,-0.017976461127799326f,0.050646637931784144f,0.5532601256203538f,0.030602805895596413f,-0.8324462154817369f,-0.7391327592221262f,0f,0f,0f,1f],start_interpolation:0}
execute if entity @s[tag=aj.dino.bone.leg_left_2] run data modify entity @s {} merge value {transformation:[-0.7740050673058603f,-0.30117187187359884f,-0.6018918996611412f,0.4214599095569904f,-0.5133614917791792f,0.8573750542955008f,0.23114972318983368f,0.25684666216198687f,0.4352451424700804f,0.4756739633032628f,-0.7977205940003427f,-0.652231758611483f,0f,0f,0f,1f],start_interpolation:0}
execute if entity @s[tag=aj.dino.bone.leg_left_1] run data modify entity @s {} merge value {transformation:[-0.899427893017332f,0.41567601299474927f,-0.13506634474654222f,0.5594621734706948f,-0.13091310924721228f,0.03862473783269704f,0.9906411496877072f,0.21740712112430022f,0.4170026655665768f,0.9086922371453076f,0.01967727273341796f,-0.41471695187894575f,0f,0f,0f,1f],start_interpolation:0}
execute if entity @s[tag=aj.dino.bone.leg_left_0] run data modify entity @s {} merge value {transformation:[-0.8800124555342226f,-0.3628836685792726f,-0.3064204973285507f,0.3396027968028694f,-0.18144573187445617f,0.8530927161500201f,-0.48919348323165945f,0.5710847381151154f,0.43892542019023084f,-0.3748976670109183f,-0.8165759087681925f,-0.44440324998744274f,0f,0f,0f,1f],start_interpolation:0}
execute if entity @s[tag=aj.dino.bone.leg_right_3] run data modify entity @s {} merge value {transformation:[-0.7783528269166085f,-0.0022950349458465413f,0.6278229126477637f,-0.16925374311197913f,-0.03291591656335327f,0.9987671914570382f,-0.037156960395241356f,0.05176325609928939f,-0.6269636506749958f,-0.049586591772539546f,-0.7774688100809347f,-0.022034857438171546f,0f,0f,0f,1f],start_interpolation:0}
execute if entity @s[tag=aj.dino.bone.leg_right_2] run data modify entity @s {} merge value {transformation:[-0.8117784253514685f,0.053608558854711615f,0.6246631972928337f,-0.13619339971189692f,-0.4198494050259237f,0.7124832887420178f,-0.6067587987523787f,0.19974185684177598f,-0.46562266346684894f,-0.7359048071466664f,-0.5419426626361487f,-0.20959929831804602f,0f,0f,0f,1f],start_interpolation:0}
execute if entity @s[tag=aj.dino.bone.leg_right_1] run data modify entity @s {} merge value {transformation:[-0.9831267965535836f,0.15756219781281816f,-0.09292930495103689f,-0.10803963714273895f,0.01560977082451194f,0.5784264708202776f,0.8155851598142305f,0.3139375530463117f,0.1822581601824584f,0.8003730203316404f,-0.5711260730977987f,0.04175721001489224f,0f,0f,0f,1f],start_interpolation:0}
execute if entity @s[tag=aj.dino.bone.leg_right_0] run data modify entity @s {} merge value {transformation:[-0.9894911970781215f,-0.08127656443654435f,-0.11958800516062765f,-0.015162539411506332f,0.06484871418011026f,0.48977089563223253f,-0.8694360896930762f,0.5694747311304725f,0.12923550276178913f,-0.868054485539354f,-0.47935330911647483f,-0.27507377631419133f,0f,0f,0f,1f],start_interpolation:0}
execute if entity @s[tag=aj.dino.bone.tail_4] run data modify entity @s {} merge value {transformation:[-2.37740418820343f,1.2653478856700646f,-0.6103321929433884f,-0.31583706649346166f,-0.4791960788141782f,0.397347696968651f,2.690380504196911f,1.9199755505876213f,1.3205990214905896f,2.422121150467913f,-0.1225099526327922f,-1.285155254047628f,0f,0f,0f,1f],start_interpolation:0}
execute if entity @s[tag=aj.dino.bone.tail_3] run data modify entity @s {} merge value {transformation:[-1.8089764390580718f,0.8165411147540069f,-0.6299288665345527f,-0.2170149050456748f,-0.3428937379929233f,0.723315506543727f,1.9222861619652463f,1.5869486438458114f,0.9726117691157469f,1.7737025714459906f,-0.4939140215339715f,-1.2187627602886566f,0f,0f,0f,1f],start_interpolation:0}
execute if entity @s[tag=aj.dino.bone.tail_2] run data modify entity @s {} merge value {transformation:[-1.7854837717147691f,0.7380430848417843f,-0.2934518373825624f,-0.16360749697512872f,0.08115471931476978f,0.8877642178697179f,1.7389831741583603f,1.2639467254545385f,0.7900857469154343f,1.5766867074311777f,-0.8417822842835835f,-1.0613178700956616f,0f,0f,0f,1f],start_interpolation:0}
execute if entity @s[tag=aj.dino.bone.tail_1] run data modify entity @s {} merge value {transformation:[-1.3734852695699864f,0.5462820399234172f,-0.3205782231084514f,-0.09998818442574066f,0.025055741994873856f,0.8117717344657112f,1.2759526287898066f,0.9794289471755507f,0.6329033686648762f,1.1533684727699305f,-0.7462109232335117f,-0.9154450010871984f,0f,0f,0f,1f],start_interpolation:0}
execute if entity @s[tag=aj.dino.bone.tail_0] run data modify entity @s {} merge value {transformation:[-1.1592621059638495f,0.35306845327172426f,-0.40655842577002466f,0.027337807594919897f,0.0019118006020876423f,0.9677826090399464f,0.8350023252915646f,0.7587761787752397f,0.538463955412752f,0.7566869931009614f,-0.8782465939456338f,-0.6405407289232056f,0f,0f,0f,1f],start_interpolation:0}
execute if entity @s[tag=aj.dino.bone.body_1] run data modify entity @s {} merge value {transformation:[-1.1157770630731472f,0.2800887705040823f,-0.4529861159170595f,0.11378476787905625f,-0.005063653862074295f,1.0459575702921278f,0.659205366797331f,0.5350675f,0.5325603252080249f,0.5967643059385759f,-0.94279184247013f,-0.4615511428984851f,0f,0f,0f,1f],start_interpolation:0}