execute if entity @s[tag=aj.dino.bone.head_lower] run data modify entity @s {} merge value {transformation:[-0.870913565803958f,-0.4863690904034928f,-0.07038940828501297f,0.3161151927208963f,-0.40901512701524184f,0.796775042954704f,-0.44481024808027414f,0.915691304072199f,0.2724264795708024f,-0.3586009464915124f,-0.8928545090909552f,0.4443518108379898f,0f,0f,0f,1f],start_interpolation:0}
execute if entity @s[tag=aj.dino.bone.head_upper] run data modify entity @s {} merge value {transformation:[-0.9065335677646875f,-0.3609675244777534f,-0.36245176144107316f,0.2827418788824417f,-0.4257436752871957f,0.9412636138227303f,0.12742478106644767f,0.9454792954040308f,0.2835686090742151f,0.2592242236930873f,-0.9674004281485193f,0.38357061318895036f,0f,0f,0f,1f],start_interpolation:0}
execute if entity @s[tag=aj.dino.bone.neck_0] run data modify entity @s {} merge value {transformation:[-0.8298082666119696f,-0.5577915030072398f,-0.016937527427664523f,0.2909688003501296f,-0.4226877205294893f,0.648056074397967f,-0.6335285434370586f,0.8941315676964491f,0.36435330597652454f,-0.5185479376189063f,-0.7735339067003825f,0.3418517340485727f,0f,0f,0f,1f],start_interpolation:0}
execute if entity @s[tag=aj.dino.bone.neck_1] run data modify entity @s {} merge value {transformation:[-0.9066842434172373f,-0.36876808764206126f,-0.20477739200343648f,0.2719225990604125f,-0.24762502015031312f,0.8583535864528828f,-0.4493450456153158f,0.8600204723576983f,0.3414755220136124f,-0.35670606689582707f,-0.8695718772506622f,0.26654428265262203f,0f,0f,0f,1f],start_interpolation:0}
execute if entity @s[tag=aj.dino.bone.neck_2] run data modify entity @s {} merge value {transformation:[-0.8941268509944482f,-0.32845459167752944f,-0.3043924367271618f,0.24203976292319485f,-0.2538263397891848f,0.9317137691661456f,-0.259772287928177f,0.8463845317642729f,0.36893002528931845f,-0.15500655970687754f,-0.9164407252451525f,0.1847395907170771f,0f,0f,0f,1f],start_interpolation:0}
execute if entity @s[tag=aj.dino.bone.body_0] run data modify entity @s {} merge value {transformation:[-0.8670317789131038f,-0.38655148786588545f,-0.3143785005108476f,0.09019196844052695f,-0.20701965181271242f,0.8534034189045788f,-0.4783779555595337f,0.6290565295457377f,0.45320939764983037f,-0.34968636208843795f,-0.8199516388490433f,-0.2050317415606763f,0f,0f,0f,1f],start_interpolation:0}
execute if entity @s[tag=aj.dino.bone.leg_left_3] run data modify entity @s {} merge value {transformation:[-0.8847774145045328f,-0.022490664099260288f,-0.4654708334697761f,0.42505890720174955f,0.07108457915965413f,0.9806325505027963f,-0.18250146163819045f,0.21055062300945254f,0.46056042968145744f,-0.1945609696798288f,-0.866042793220333f,-0.47593815971630893f,0f,0f,0f,1f],start_interpolation:0}
execute if entity @s[tag=aj.dino.bone.leg_left_2] run data modify entity @s {} merge value {transformation:[-0.86832632189188f,-0.2446844021435877f,-0.48805854316674785f,0.35159303066464054f,-0.3673245342088832f,0.9401859668249606f,0.1821681472001505f,0.4347665591860519f,0.403911233786138f,0.3290016574939156f,-0.883558613838556f,-0.4259276506696994f,0f,0f,0f,1f],start_interpolation:0}
execute if entity @s[tag=aj.dino.bone.leg_left_1] run data modify entity @s {} merge value {transformation:[-0.973865499783721f,0.20215636411175847f,-0.10353160280859822f,0.4313986654710146f,-0.021526657012752803f,0.3716278857025f,0.9281321660227843f,0.48693030959833666f,0.22610305475348721f,0.9061045850327677f,-0.3575638259300538f,-0.16530648987142077f,0f,0f,0f,1f],start_interpolation:0}
execute if entity @s[tag=aj.dino.bone.leg_left_0] run data modify entity @s {} merge value {transformation:[-0.9595417205076059f,-0.26607873378077096f,-0.09209665593779745f,0.2228534371616751f,-0.05317528977073174f,0.4924473724575571f,-0.8687162792980495f,0.7448170971237373f,0.2764996838390635f,-0.8286722469042087f,-0.4866726127979961f,-0.41890177991776106f,0f,0f,0f,1f],start_interpolation:0}
execute if entity @s[tag=aj.dino.bone.leg_right_3] run data modify entity @s {} merge value {transformation:[-0.9309164359633739f,-0.12285429199479359f,0.3439497233487876f,-0.15915868580325845f,-0.09962230119637014f,0.9914314002398993f,0.08449364309043039f,-0.0014744250738180087f,-0.35138296253175016f,0.04439145815144352f,-0.9351788128938764f,-0.166543499768486f,0f,0f,0f,1f],start_interpolation:0}
execute if entity @s[tag=aj.dino.bone.leg_right_2] run data modify entity @s {} merge value {transformation:[-0.9323948624485873f,-0.08782535590830129f,0.41831653904639554f,-0.16525629685420656f,-0.3245492972076431f,0.7986974447650712f,-0.5557088670414267f,0.1680303952917988f,-0.27815422639643517f,-0.637519645254969f,-0.7538309676263467f,-0.33801363442262045f,0f,0f,0f,1f],start_interpolation:0}
execute if entity @s[tag=aj.dino.bone.leg_right_1] run data modify entity @s {} merge value {transformation:[-0.9770682577197471f,0.03889661563662196f,-0.20934343325863955f,-0.1630454362629614f,-0.11317149228964508f,0.7379346132572547f,0.6653155040203114f,0.3309644488559024f,0.18036028689662342f,0.6737503690899789f,-0.7166104988497483f,-0.11337839243156173f,0f,0f,0f,1f],start_interpolation:0}
execute if entity @s[tag=aj.dino.bone.leg_right_0] run data modify entity @s {} merge value {transformation:[-0.9661584451336055f,-0.24828005568159173f,0.06996336789891858f,-0.15388303358644706f,-0.23266517234144227f,0.721678395794148f,-0.6519564484099472f,0.6944454595506544f,0.11137673220354705f,-0.646171267540372f,-0.7550217987110891f,-0.31857313848020724f,0f,0f,0f,1f],start_interpolation:0}
execute if entity @s[tag=aj.dino.bone.tail_4] run data modify entity @s {} merge value {transformation:[-1.4966617499834065f,0.8568793155553389f,-2.156715738411073f,-0.9018995019785563f,-1.3184666511364007f,1.7979669171101937f,1.6293010729814281f,1.129935475843322f,1.9097933468251926f,1.912781779281337f,-0.5653464149276525f,-1.653264284552816f,0f,0f,0f,1f],start_interpolation:0}
execute if entity @s[tag=aj.dino.bone.tail_3] run data modify entity @s {} merge value {transformation:[-0.9430168878592761f,0.22746620592390687f,-1.8425318994305722f,-0.5917001163943394f,-0.9480726898303384f,1.7178125390347168f,0.6972974842758379f,0.9948894462432069f,1.5961901046098854f,1.1546968138615985f,-0.6743870876935592f,-1.550212770700836f,0f,0f,0f,1f],start_interpolation:0}
execute if entity @s[tag=aj.dino.bone.tail_2] run data modify entity @s {} merge value {transformation:[-1.4308038963293184f,0.12219896206674367f,-1.3253835289912985f,-0.34634313635960096f,-0.5816452264631727f,1.6928739113900608f,0.783990194881479f,0.8491201109388187f,1.1971895905762888f,0.968513917714921f,-1.203117513134544f,-1.3254401362403874f,0f,0f,0f,1f],start_interpolation:0}
execute if entity @s[tag=aj.dino.bone.tail_1] run data modify entity @s {} merge value {transformation:[-1.3277514986950016f,-0.06491203764957722f,-0.7214697741980306f,-0.18902891133283384f,-0.35208738942876705f,1.3743324609616832f,0.5243100294217538f,0.719831022175433f,0.6330613539921806f,0.628214106905587f,-1.221571368347508f,-1.070855684378556f,0f,0f,0f,1f],start_interpolation:0}
execute if entity @s[tag=aj.dino.bone.tail_0] run data modify entity @s {} merge value {transformation:[-1.18738080869083f,-0.1048763648939849f,-0.46147966349922953f,-0.056704681378807784f,-0.1766836963368017f,1.254547762150786f,0.16949483919945105f,0.7005751630161688f,0.43902779318114166f,0.22123873339247505f,-1.1798914086666694f,-0.7207251067994278f,0f,0f,0f,1f],start_interpolation:0}
execute if entity @s[tag=aj.dino.bone.body_1] run data modify entity @s {} merge value {transformation:[-1.1848787634366655f,-0.1640025466823415f,-0.3126820680735547f,0.02703625483240392f,-0.15842449105432665f,1.2254417255970365f,-0.04241288549704652f,0.6278933682250772f,0.31554491225057996f,-0.0005804340741358751f,-1.1954227982204912f,-0.44276695506531044f,0f,0f,0f,1f],start_interpolation:0}