execute if entity @s[tag=aj.dino.bone.head_lower] run data modify entity @s {} merge value {transformation:[-0.8272193691299212f,0.5618651050191427f,-0.003964731784450476f,-0.01489727163377991f,0.35426389711493383f,0.5270245015212172f,0.7724909488125097f,1.422347927581828f,0.43612521887324357f,0.6376149140022841f,-0.6350133974213658f,0.5110090446920289f,0f,0f,0f,1f],start_interpolation:0}
execute if entity @s[tag=aj.dino.bone.head_upper] run data modify entity @s {} merge value {transformation:[-0.861052296652598f,0.5322466102842651f,0.24243438463572536f,0.013499677828910515f,0.3687531428969775f,0.15915088651523548f,0.9602937350147205f,1.4922362103664684f,0.45396255860631807f,0.8802593275540063f,-0.320208454325118f,0.5088416309280224f,0f,0f,0f,1f],start_interpolation:0}
execute if entity @s[tag=aj.dino.bone.neck_0] run data modify entity @s {} merge value {transformation:[-0.878669723955617f,0.19369088176134677f,-0.4363752496719671f,-0.017577210045308857f,0.1445065048696017f,0.9790311016620186f,0.14358263136196453f,1.4855823284000906f,0.45503558789849774f,0.06310264892194278f,-0.8882345801897733f,0.4502354098493041f,0f,0f,0f,1f],start_interpolation:0}
execute if entity @s[tag=aj.dino.bone.neck_1] run data modify entity @s {} merge value {transformation:[-0.969327064059311f,0.20576473046062682f,-0.1344095181920606f,-0.02801552796846185f,0.15435940393420183f,0.9352513474184893f,0.3185562612302232f,1.5168768108283577f,0.19125432622357644f,0.2880378323247935f,-0.9383261638952631f,0.37207382252526555f,0f,0f,0f,1f],start_interpolation:0}
execute if entity @s[tag=aj.dino.bone.neck_2] run data modify entity @s {} merge value {transformation:[-0.9808049407715452f,0.18911132912811957f,0.04752445006016877f,-0.022000511603070608f,0.1882121267398853f,0.8544482992425877f,0.4842461143566342f,1.5676659851716286f,0.05096924078475991f,0.4838956593283775f,-0.8736401589767839f,0.3002740332373188f,0f,0f,0f,1f],start_interpolation:0}
execute if entity @s[tag=aj.dino.bone.body_0] run data modify entity @s {} merge value {transformation:[-0.9806906619010108f,0.1949749164807369f,-0.015185769769320123f,-0.027300128150589933f,0.18323508638359434f,0.9432201253802914f,0.277057211051407f,1.7072273604950192f,0.06834273025094828f,0.26892485385496967f,-0.9607334147415346f,-0.14995417699102526f,0f,0f,0f,1f],start_interpolation:0}
execute if entity @s[tag=aj.dino.bone.leg_left_3] run data modify entity @s {} merge value {transformation:[-0.9937027898821923f,0.05674100245749325f,0.0966189630479734f,0.2670324520247659f,0.03576536235983223f,0.9778141326312271f,-0.20639854864293683f,1.217675184270464f,-0.1061866481042546f,-0.20164320138988012f,-0.973685994095439f,0.05680574715452563f,0f,0f,0f,1f],start_interpolation:0}
execute if entity @s[tag=aj.dino.bone.leg_left_2] run data modify entity @s {} merge value {transformation:[-1.0102688976232195f,-0.16868408360304554f,0.05444845208873784f,0.22782782887640307f,-0.17253880298304713f,0.8636615611082784f,-0.525719762639643f,1.402478671798763f,0.04061176505689065f,-0.526969247018938f,-0.8790428298643653f,-0.093133375782713f,0f,0f,0f,1f],start_interpolation:0}
execute if entity @s[tag=aj.dino.bone.leg_left_1] run data modify entity @s {} merge value {transformation:[-0.9461577454721852f,-0.17620295670077524f,0.2715474889092072f,0.18440045422420792f,-0.007731449761996656f,0.8509325298552822f,0.5252181016669804f,1.605948826628516f,-0.32361357413985126f,0.4948397191859133f,-0.8064787083044644f,0.09051668515966671f,0f,0f,0f,1f],start_interpolation:0}
execute if entity @s[tag=aj.dino.bone.leg_left_0] run data modify entity @s {} merge value {transformation:[-0.9434617175598256f,0.3292680128296007f,0.03824347298964495f,0.20086691867562062f,0.013893706177673208f,0.15455014532159123f,-0.9878872493912062f,1.7486659323266238f,-0.3311902058148947f,-0.9315024574891473f,-0.15038689857818988f,-0.30148836819306557f,0f,0f,0f,1f],start_interpolation:0}
execute if entity @s[tag=aj.dino.bone.leg_right_3] run data modify entity @s {} merge value {transformation:[-0.8674339386288058f,0.3928653950325749f,0.30531155153517464f,-0.426831668174356f,0.43968709730654754f,0.8924762840868263f,0.10080346623361927f,1.097448329739128f,-0.23288112542037276f,0.22168189761112359f,-0.9469020634123001f,-0.33086783274071263f,0f,0f,0f,1f],start_interpolation:0}
execute if entity @s[tag=aj.dino.bone.leg_right_2] run data modify entity @s {} merge value {transformation:[-0.8990606626674545f,0.4719602546161774f,0.1449332343090578f,-0.31094454877399813f,0.43341776080846817f,0.8986838362417372f,-0.23786257922233575f,1.298906813118829f,-0.23643428042571313f,-0.14725175734490048f,-0.9871564974709469f,-0.3953327619460839f,0f,0f,0f,1f],start_interpolation:0}
execute if entity @s[tag=aj.dino.bone.leg_right_1] run data modify entity @s {} merge value {transformation:[-0.9935486911303937f,0.07436723813418934f,0.08561841066834862f,-0.31506931673373356f,0.1124316825338221f,0.5471608156767858f,0.8294420766699313f,1.405801957851399f,0.01483627701598568f,0.8337173116112002f,-0.5519921459623294f,-0.1392667548665676f,0f,0f,0f,1f],start_interpolation:0}
execute if entity @s[tag=aj.dino.bone.leg_right_0] run data modify entity @s {} merge value {transformation:[-0.9991617141739093f,0.040123003659934035f,0.008124869621098707f,-0.1837989838751744f,0.020160378346402365f,0.6550023615386753f,-0.7553578393871929f,1.7221238610883822f,-0.03562903414330573f,-0.7545608331712317f,-0.6552621772771199f,-0.3780466363645464f,0f,0f,0f,1f],start_interpolation:0}
execute if entity @s[tag=aj.dino.bone.tail_4] run data modify entity @s {} merge value {transformation:[-2.286644001422963f,0.11183732326804134f,1.5441544467703416f,0.2906953131677616f,-0.7048426913995767f,2.3770564139041883f,-1.2159197823448544f,1.320122849726398f,-1.3784474319817135f,-1.4009841361847024f,-1.9397905709178553f,-2.0302026269406923f,0f,0f,0f,1f],start_interpolation:0}
execute if entity @s[tag=aj.dino.bone.tail_3] run data modify entity @s {} merge value {transformation:[-1.974851414577337f,0.3502741099131571f,0.5596565592494033f,0.19237053518584937f,0.11354361048373485f,1.9189723328754191f,-0.8003740127099528f,1.437058054365595f,-0.650396236846934f,-0.7285593727539709f,-1.8390572317119798f,-1.711236955769699f,0f,0f,0f,1f],start_interpolation:0}
execute if entity @s[tag=aj.dino.bone.tail_2] run data modify entity @s {} merge value {transformation:[-1.928001647913872f,0.28019600050001686f,0.15190036849186797f,0.16277361072645016f,0.25024455866829814f,1.90757815770172f,-0.3424866539282898f,1.501364531114305f,-0.19738586955777632f,-0.318448816241923f,-1.9179163289715777f,-1.3549222310110205f,0f,0f,0f,1f],start_interpolation:0}
execute if entity @s[tag=aj.dino.bone.tail_1] run data modify entity @s {} merge value {transformation:[-1.3122336183639858f,0.7332868053051287f,0.16730105200135387f,0.11906228837688498f,0.7195774984845735f,1.3218938202108383f,-0.14987061674350693f,1.5167687652455137f,-0.218877601663681f,-0.050432521786976874f,-1.495729055088575f,-1.032232431252628f,0f,0f,0f,1f],start_interpolation:0}
execute if entity @s[tag=aj.dino.bone.tail_0] run data modify entity @s {} merge value {transformation:[-1.1335142570638244f,0.5661342101077705f,0.16874004196610978f,0.08341435320041093f,0.5446353941593528f,1.1429126359054012f,-0.17595087581675115f,1.5957662184625727f,-0.22880872589558351f,-0.08413369965386075f,-1.254752487194435f,-0.6675948873769958f,0f,0f,0f,1f],start_interpolation:0}
execute if entity @s[tag=aj.dino.bone.body_1] run data modify entity @s {} merge value {transformation:[-1.2098177223074351f,0.01254640563192151f,0.2545353836951141f,0.023393352509277415f,-0.08347781271445287f,1.1472292835405327f,-0.45332220420770974f,1.6238832473556666f,-0.24078440279949698f,-0.4607734299512561f,-1.1217465456491027f,-0.3757681682964923f,0f,0f,0f,1f],start_interpolation:0}