execute if entity @s[tag=aj.dino.bone.head_lower] run data modify entity @s {} merge value {transformation:[0.6132918668837766f,-0.24205226076739217f,-0.7518535689026199f,1.2101438919075682f,0.7534453130221368f,0.4649594953570163f,0.46490087971773403f,0.6589044103260762f,0.23705114701090685f,-0.8516004760066442f,0.4675290183144469f,-0.7147384838111251f,0f,0f,0f,1f],start_interpolation:0}
execute if entity @s[tag=aj.dino.bone.head_upper] run data modify entity @s {} merge value {transformation:[0.6383752487010452f,-0.23790269471833606f,-0.7869887497767297f,1.150747088648797f,0.7842609123891952f,0.4752362580165631f,0.4925010283729252f,0.7037708952863656f,0.2467464401523417f,-0.8949998600534393f,0.4707052021807047f,-0.7023096953849026f,0f,0f,0f,1f],start_interpolation:0}
execute if entity @s[tag=aj.dino.bone.neck_0] run data modify entity @s {} merge value {transformation:[0.5321225337862645f,-0.6491579966537167f,-0.5435434705866855f,1.1259656580598583f,0.769098980568412f,0.6390470104056009f,-0.010279911492486974f,0.6924847306343037f,0.35402311665414643f,-0.4125685565723557f,0.8393180678397717f,-0.6414554478773616f,0f,0f,0f,1f],start_interpolation:0}
execute if entity @s[tag=aj.dino.bone.neck_1] run data modify entity @s {} merge value {transformation:[0.5271368325210632f,-0.353289249338651f,-0.7728605735198251f,1.0588666642771547f,0.5629782986270454f,0.8264484273220684f,0.006199375119906841f,0.6968172436723776f,0.6365392329422106f,-0.4383716497204312f,0.634545586736469f,-0.5897206316637627f,0f,0f,0f,1f],start_interpolation:0}
execute if entity @s[tag=aj.dino.bone.neck_2] run data modify entity @s {} merge value {transformation:[0.4054401335605503f,-0.13564180253584446f,-0.9040019908734881f,0.9783412918387531f,0.562850072220845f,0.8162788976003049f,0.1299559830612678f,0.7161942430402357f,0.7202902847459437f,-0.5615069569802834f,0.40729822361919205f,-0.5595357565887293f,0f,0f,0f,1f],start_interpolation:0}
execute if entity @s[tag=aj.dino.bone.body_0] run data modify entity @s {} merge value {transformation:[0.40266936173349854f,-0.24264811253533808f,-0.8825980277590556f,0.5600646245164745f,0.5629463370624737f,0.8259575614731378f,0.02975782642081748f,0.7380872732605014f,0.7217678343547047f,-0.5088378917969706f,0.46918567024423674f,-0.3432576266156149f,0f,0f,0f,1f],start_interpolation:0}
execute if entity @s[tag=aj.dino.bone.leg_left_3] run data modify entity @s {} merge value {transformation:[0.6611896439183059f,0.16517571965913097f,-0.7318095629398892f,0.06735115636864589f,-0.2291091877098942f,0.9733180570783511f,0.012686207949415912f,-0.025597066700207338f,0.7143789154798005f,0.15927630520674277f,0.6813910945393933f,-0.6745581490845323f,0f,0f,0f,1f],start_interpolation:0}
execute if entity @s[tag=aj.dino.bone.leg_left_2] run data modify entity @s {} merge value {transformation:[0.6738957380186104f,-0.037322257723569015f,-0.7723559949009665f,0.035827599769902185f,-0.21538421307213923f,0.9748997968992045f,-0.23503664877180175f,0.1940528328682518f,0.7426549498524478f,0.3166064348445866f,0.632681744936072f,-0.580052810267367f,0f,0f,0f,1f],start_interpolation:0}
execute if entity @s[tag=aj.dino.bone.leg_left_1] run data modify entity @s {} merge value {transformation:[0.37277662162769115f,0.5906931475240925f,-0.715625038575318f,0.22683045783837422f,-0.24370258230931996f,0.8064634745589256f,0.5387260116034068f,0.3894252387302348f,0.8953472185379335f,-0.026424792722466672f,0.44458417491624724f,-0.628642077571385f,0f,0f,0f,1f],start_interpolation:0}
execute if entity @s[tag=aj.dino.bone.leg_left_0] run data modify entity @s {} merge value {transformation:[0.3453966995965019f,-0.02204316552948487f,-0.9381978569370554f,0.3347119810584214f,-0.10517934529717718f,0.9925161013380773f,-0.06204106629903036f,0.7719400533307428f,0.9325440607449605f,0.120107815890987f,0.34049329997989064f,-0.5007699847468967f,0f,0f,0f,1f],start_interpolation:0}
execute if entity @s[tag=aj.dino.bone.leg_right_3] run data modify entity @s {} merge value {transformation:[0.22602425344349966f,0.4394112011476489f,-0.869385319154452f,0.0483695643720075f,0.47774141985581065f,0.7277759586221224f,0.4920419593955426f,0.5571684797553356f,0.8489264824526694f,-0.5265547933098992f,-0.04542991341513247f,0.4526070667091575f,0f,0f,0f,1f],start_interpolation:0}
execute if entity @s[tag=aj.dino.bone.leg_right_2] run data modify entity @s {} merge value {transformation:[0.397518523652615f,0.3265435640802218f,-0.887361551799223f,0.0964462468731801f,0.6516279363158477f,0.6028914589549832f,0.5137753602816852f,0.712568641949268f,0.6851439669635053f,-0.7628586952887223f,0.02620219564451234f,0.2745326601938006f,0f,0f,0f,1f],start_interpolation:0}
execute if entity @s[tag=aj.dino.bone.leg_right_1] run data modify entity @s {} merge value {transformation:[0.48153798082155025f,0.87584458167992f,0.031897363029408404f,0.3422842629017676f,0.32782381782027514f,-0.21375122683409667f,0.920240162944792f,0.6122218422240786f,0.8128054610397516f,-0.4326738746086297f,-0.3900520487513332f,0.1938631162518252f,0f,0f,0f,1f],start_interpolation:0}
execute if entity @s[tag=aj.dino.bone.leg_right_0] run data modify entity @s {} merge value {transformation:[0.4947279211225648f,0.19890418604851068f,-0.8459795558015126f,0.43172373571144945f,0.37645763599331483f,0.8283308985980824f,0.41490670123537204f,0.859902628209303f,0.7832776853479677f,-0.5237413934377086f,0.3349194237960186f,-0.1301154131628889f,0f,0f,0f,1f],start_interpolation:0}
execute if entity @s[tag=aj.dino.bone.tail_4] run data modify entity @s {} merge value {transformation:[2.6993196543885785f,-0.00031084019108761925f,0.5825243672241546f,-0.10167133650337606f,-0.5033952659387487f,-1.3908509108544644f,2.331906576517543f,2.0223155862937436f,0.29313468109724355f,-2.3856225558025064f,-1.3596096541229528f,0.06209685374388617f,0f,0f,0f,1f],start_interpolation:0}
execute if entity @s[tag=aj.dino.bone.tail_3] run data modify entity @s {} merge value {transformation:[2.040590562821408f,0.22377828314183953f,0.34908302875210656f,-0.16305276430177607f,-0.33267098497259306f,-0.16290466697558997f,2.049082138734166f,1.676461127663973f,0.24751908355926486f,-2.063814641753495f,-0.12389089475146729f,0.10330021770975173f,0f,0f,0f,1f],start_interpolation:0}
execute if entity @s[tag=aj.dino.bone.tail_2] run data modify entity @s {} merge value {transformation:[1.7987507967960763f,0.7522248319963166f,0.132012303049264f,-0.1860844917542877f,-0.1345922330064496f,-0.020273005628935154f,1.9494224301212613f,1.3139634081316407f,0.7517675018531963f,-1.80347461373141f,0.03314839040621037f,0.09726475305883858f,0f,0f,0f,1f],start_interpolation:0}
execute if entity @s[tag=aj.dino.bone.tail_1] run data modify entity @s {} merge value {transformation:[1.4157795706718928f,0.5316531817496112f,-0.023861089740962245f,-0.18880135839878195f,-0.23037288031203265f,0.6733753842253399f,1.334597384208479f,1.0187617145262162f,0.47974242389520794f,-1.245619017298183f,0.7112922890487846f,-0.04102933838021469f,0f,0f,0f,1f],start_interpolation:0}
execute if entity @s[tag=aj.dino.bone.tail_0] run data modify entity @s {} merge value {transformation:[0.9663666056804494f,0.3979148180724496f,-0.7359586249022725f,0.03586525045067823f,0.3474090824797147f,0.8320208766858982f,0.9060264382199121f,0.7740778771342699f,0.7611032974703745f,-0.8850089123286987f,0.5208807082840788f,-0.21459962929434703f,0f,0f,0f,1f],start_interpolation:0}
execute if entity @s[tag=aj.dino.bone.body_1] run data modify entity @s {} merge value {transformation:[0.3051129285780039f,-0.1890907585580376f,-1.1831125816669983f,0.3236589573912217f,0.27665223582905f,1.1989995353884553f,-0.12028403720072894f,0.7212811034706028f,1.1657505034447087f,-0.2350518968705944f,0.33820254959446094f,-0.2773945713132653f,0f,0f,0f,1f],start_interpolation:0}