execute if entity @s[tag=aj.dino.bone.head_lower] run data modify entity @s {} merge value {transformation:[0.3351470857928366f,-0.24366107136946502f,-0.9101130222030962f,1.126965013569048f,0.7136708694000837f,0.6963035306474479f,0.07638902655242469f,1.0693012288338417f,0.615101878597601f,-0.6751227114436185f,0.40725790776695725f,-0.6522882111565831f,0f,0f,0f,1f],start_interpolation:0}
execute if entity @s[tag=aj.dino.bone.head_upper] run data modify entity @s {} merge value {transformation:[0.34885446195714453f,-0.5925343148328546f,-0.7814573518124056f,1.0598964954919923f,0.742859710595685f,0.7011575535727678f,-0.20002369365915973f,1.0714870347865275f,0.6402592891397936f,-0.4906659896476604f,0.6578653903776943f,-0.6177557246101192f,0f,0f,0f,1f],start_interpolation:0}
execute if entity @s[tag=aj.dino.bone.neck_0] run data modify entity @s {} merge value {transformation:[0.2861659313485631f,-0.9062673640280351f,-0.31110854156240464f,1.0543975850689673f,0.6343551910356269f,0.42253160226058495f,-0.6473488523951023f,1.022564788039015f,0.7181243286099999f,-0.012104131062566525f,0.6958095563224593f,-0.5727989452366817f,0f,0f,0f,1f],start_interpolation:0}
execute if entity @s[tag=aj.dino.bone.neck_1] run data modify entity @s {} merge value {transformation:[0.3982139997310654f,-0.6970037612745845f,-0.5963315916394746f,1.0006694632022417f,0.33869170239662033f,0.7158848896148278f,-0.6105708440048909f,0.9741394160103175f,0.8524749504506667f,0.04116529594510018f,0.5211447757234896f,-0.5284614993349638f,0f,0f,0f,1f],start_interpolation:0}
execute if entity @s[tag=aj.dino.bone.neck_2] run data modify entity @s {} merge value {transformation:[0.3161153533690855f,-0.501154188832012f,-0.8055529544235228f,0.9251903700175494f,0.2660596484493469f,0.8618503831346913f,-0.43177098160667937f,0.9447510936465885f,0.9106499584534931f,-0.07783569943614288f,0.4057810457154676f,-0.49367409651723787f,0f,0f,0f,1f],start_interpolation:0}
execute if entity @s[tag=aj.dino.bone.body_0] run data modify entity @s {} merge value {transformation:[0.31448754164618015f,-0.5445266884597975f,-0.7775527452876421f,0.5535453796203385f,0.26505725072521724f,0.8369058153965657f,-0.4788875755262385f,0.727025749153402f,0.9115054799546363f,-0.055491816607641395f,0.4075271994631187f,-0.3021366845552266f,0f,0f,0f,1f],start_interpolation:0}
execute if entity @s[tag=aj.dino.bone.leg_left_3] run data modify entity @s {} merge value {transformation:[0.8227124721303594f,0.1491797627004253f,-0.5485340341326121f,0.11868785350434408f,-0.18280818278784355f,0.983125004674149f,-0.006811276698280966f,-0.017561323127918804f,0.5382614202290176f,0.10588023226787449f,0.8361004843366269f,-0.6668459629206608f,0f,0f,0f,1f],start_interpolation:0}
execute if entity @s[tag=aj.dino.bone.leg_left_2] run data modify entity @s {} merge value {transformation:[0.8411848756111231f,-0.024456960187564766f,-0.5864060552570872f,0.09616939384652401f,-0.174659369642993f,0.9679489512147685f,-0.2909143034277208f,0.19880465422914415f,0.5603251816041345f,0.3384359384600099f,0.7896575244494797f,-0.5626838062466669f,0f,0f,0f,1f],start_interpolation:0}
execute if entity @s[tag=aj.dino.bone.leg_left_1] run data modify entity @s {} merge value {transformation:[0.5759895338909651f,0.6266876094983314f,-0.5248796975968263f,0.2827872926601962f,-0.3184770400195406f,0.7633885107069066f,0.561970067442282f,0.38273134100800454f,0.7528668088237525f,-0.15652674474976538f,0.6392894073497396f,-0.654106557204438f,0f,0f,0f,1f],start_interpolation:0}
execute if entity @s[tag=aj.dino.bone.leg_left_0] run data modify entity @s {} merge value {transformation:[0.479102911828632f,-0.2235974782404909f,-0.848801842364765f,0.3198014212771374f,-0.20899251719103257f,0.9101416213331607f,-0.35772106015050525f,0.7449025156422632f,0.852515411963609f,0.34877843517273066f,0.3893213011421023f,-0.449731233079379f,0f,0f,0f,1f],start_interpolation:0}
execute if entity @s[tag=aj.dino.bone.leg_right_3] run data modify entity @s {} merge value {transformation:[0.1695736656269203f,0.20665708352144543f,-0.9636065700047189f,0.22143617999091436f,0.3415883862017135f,0.904830416835629f,0.2541639061337597f,0.2778824693832948f,0.9244253059809423f,-0.37225631841443874f,0.08284375089630856f,0.4525468619226009f,0f,0f,0f,1f],start_interpolation:0}
execute if entity @s[tag=aj.dino.bone.leg_right_2] run data modify entity @s {} merge value {transformation:[0.2995112695367354f,0.11609859997589692f,-0.9741028251703328f,0.21792979936458856f,0.6089429145606245f,0.7765128778015952f,0.2797829103347649f,0.4665883380528119f,0.7691187981889401f,-0.6600083826684446f,0.15782081162026504f,0.3023840419883645f,0f,0f,0f,1f],start_interpolation:0}
execute if entity @s[tag=aj.dino.bone.leg_right_1] run data modify entity @s {} merge value {transformation:[0.4748553124786769f,0.8479569891596074f,-0.2355448508164661f,0.47024267059004066f,0.310027695835268f,0.08930928357583572f,0.9465234702226064f,0.4468252194175303f,0.8236475338552607f,-0.5224871255854484f,-0.22048116375691432f,0.18853756722721157f,0f,0f,0f,1f],start_interpolation:0}
execute if entity @s[tag=aj.dino.bone.leg_right_0] run data modify entity @s {} merge value {transformation:[0.4652500769724365f,-0.19101430448694806f,-0.8643239562562808f,0.4115083752662887f,0.36500157937925887f,0.9309607763709841f,-0.009267141381300192f,0.7706642929057717f,0.8064218579179193f,-0.31116807088790766f,0.5028500956866864f,-0.06833947651074643f,0f,0f,0f,1f],start_interpolation:0}
execute if entity @s[tag=aj.dino.bone.tail_4] run data modify entity @s {} merge value {transformation:[2.7437245823425136f,0.23830752078158493f,0.2021046100125732f,-0.23495300241357142f,-0.26865635920477654f,0.8870433040766713f,2.601276469149632f,1.4261566792675704f,0.15956349365764638f,-2.6042321390059833f,0.904530701115275f,0.8386213472065431f,0f,0f,0f,1f],start_interpolation:0}
execute if entity @s[tag=aj.dino.bone.tail_3] run data modify entity @s {} merge value {transformation:[2.0676479629074644f,0.2419025323704532f,0.047545687100078f,-0.24538220012455275f,-0.19190277242945256f,1.3271698778659489f,1.5930282380622185f,1.1430505598927556f,0.15476030971455942f,-1.5862057893484343f,1.3401290857298078f,0.6269072464895526f,0f,0f,0f,1f],start_interpolation:0}
execute if entity @s[tag=aj.dino.bone.tail_2] run data modify entity @s {} merge value {transformation:[1.842611406503602f,0.6424392311976804f,-0.10406206726626395f,-0.22452190904598718f,-0.3452569420642584f,1.2298008877104576f,1.4789054383380245f,0.8681626051891047f,0.551683535717745f,-1.376094286670605f,1.2731000218416717f,0.3903212270714524f,0f,0f,0f,1f],start_interpolation:0}
execute if entity @s[tag=aj.dino.bone.tail_1] run data modify entity @s {} merge value {transformation:[1.4309460945273287f,0.46074067722653417f,-0.1666359892274786f,-0.1956628678237262f,-0.34311577320254594f,1.3095757039830498f,0.6744918766871245f,0.7073390717033448f,0.3497443219504852f,-0.6003213755032676f,1.3434840547536326f,0.10822262052453119f,0f,0f,0f,1f],start_interpolation:0}
execute if entity @s[tag=aj.dino.bone.tail_0] run data modify entity @s {} merge value {transformation:[0.9845028330099022f,0.21870934467439224f,-0.7853382143583758f,0.03910905745361709f,0.04105891520730252f,1.2164918116777645f,0.3902531924110002f,0.6226541329585261f,0.8141892002854767f,-0.3258060945671146f,0.9299365846472804f,-0.17138874468106474f,0f,0f,0f,1f],start_interpolation:0}
execute if entity @s[tag=aj.dino.bone.body_1] run data modify entity @s {} merge value {transformation:[0.2884287311643305f,-0.44441962965124365f,-1.1170965288979444f,0.32875316827097795f,0.08102370000786281f,1.1533678251344621f,-0.4379296918888771f,0.6467791440137671f,1.1995201632870625f,0.028955962797018783f,0.29819041759004844f,-0.24266422936855128f,0f,0f,0f,1f],start_interpolation:0}