execute if entity @s[tag=aj.dino.bone.head_lower] run data modify entity @s {} merge value {transformation:[0.2467507595235043f,0.9687021344986579f,0.02702290310676153f,0.3839821177357654f,0.4864594070953492f,-0.14793333000294578f,0.86108825048463f,0.784810793716944f,0.8381356142791067f,-0.19932863440053766f,-0.5077369275372847f,0.36564027322952697f,0f,0f,0f,1f],start_interpolation:0}
execute if entity @s[tag=aj.dino.bone.head_upper] run data modify entity @s {} merge value {transformation:[0.2568427627751992f,0.8184166956408782f,0.589659096503883f,0.4430887242831933f,0.5063553941541294f,-0.6308629899179709f,0.6550481244506251f,0.8159594111915218f,0.8724150116799496f,0.1252115922410197f,-0.5537924224359249f,0.33054569838288095f,0f,0f,0f,1f],start_interpolation:0}
execute if entity @s[tag=aj.dino.bone.neck_0] run data modify entity @s {} merge value {transformation:[0.14016680293983105f,0.9030042824091155f,-0.40612379061614295f,0.40212525446511665f,0.49364035520461136f,0.29182731960105845f,0.8192411215557522f,0.8640366660752948f,0.8582962583322218f,-0.3153095011021073f,-0.4048548523207405f,0.30920775195870187f,0f,0f,0f,1f],start_interpolation:0}
execute if entity @s[tag=aj.dino.bone.neck_1] run data modify entity @s {} merge value {transformation:[-0.11417964688237359f,0.9655804855029461f,-0.23370351784624724f,0.3867758077440192f,0.6257995868108923f,0.2526087281697368f,0.7379455993498332f,0.9277140807108041f,0.7715814185069086f,-0.06199319695226792f,-0.6331026442422307f,0.2552900536099698f,0f,0f,0f,1f],start_interpolation:0}
execute if entity @s[tag=aj.dino.bone.neck_2] run data modify entity @s {} merge value {transformation:[-0.15606270389044222f,0.9877413273895471f,-0.0033915514354725396f,0.3961492873351094f,0.7395273016048479f,0.11911979285964411f,0.6625027133002005f,0.9869205443882179f,0.6547853103387832f,0.10088381989105488f,-0.7490518354885282f,0.19065521058152937f,0f,0f,0f,1f],start_interpolation:0}
execute if entity @s[tag=aj.dino.bone.body_0] run data modify entity @s {} merge value {transformation:[-0.15460798213037058f,0.959559655453156f,-0.23524803822390403f,0.2944187742680874f,0.735694415601113f,0.2707461911132907f,0.6208463794297121f,1.2821023107426113f,0.6594316482509099f,-0.077082862065869f,-0.7478022022305248f,-0.16251547368621358f,0f,0f,0f,1f],start_interpolation:0}
execute if entity @s[tag=aj.dino.bone.leg_left_3] run data modify entity @s {} merge value {transformation:[-0.5326578174969984f,-0.023906505025201974f,-0.845992983704247f,0.3462326856582608f,0.19000320922182976f,0.9707068191400842f,-0.14706138772752433f,0.4494253099985095f,0.8247268820311001f,-0.23907477970798086f,-0.5125122630365447f,-0.3277514085369644f,0f,0f,0f,1f],start_interpolation:0}
execute if entity @s[tag=aj.dino.bone.leg_left_2] run data modify entity @s {} merge value {transformation:[-0.5169622806957521f,-0.30000342629276033f,-0.8335527242179377f,0.24973980574656943f,0.11336123168415413f,0.9347610115323981f,-0.40673490380181726f,0.6549226803815354f,0.878613356937847f,-0.2971228618471261f,-0.43797120165471576f,-0.40918252640983255f,0f,0f,0f,1f],start_interpolation:0}
execute if entity @s[tag=aj.dino.bone.leg_left_1] run data modify entity @s {} merge value {transformation:[-0.7856339764679544f,0.3681630905080812f,-0.4972275070897507f,0.39177568637652016f,0.23503949998129584f,0.9210272181383401f,0.31058862969673035f,0.8839835786955874f,0.5723073374225534f,0.1271408755510543f,-0.8101231445258303f,-0.34307428836797005f,0f,0f,0f,1f],start_interpolation:0}
execute if entity @s[tag=aj.dino.bone.leg_left_0] run data modify entity @s {} merge value {transformation:[-0.7585308960274377f,-0.04950031676313618f,-0.6497542600184795f,0.3370356569672471f,0.3168349441054466f,0.8432992548643989f,-0.43412208529266044f,1.28727070553469f,0.5694264640544127f,-0.5351598689975722f,-0.6239851093167131f,-0.43618873982737877f,0f,0f,0f,1f],start_interpolation:0}
execute if entity @s[tag=aj.dino.bone.leg_right_3] run data modify entity @s {} merge value {transformation:[-0.4521638643420869f,0.7492298229338825f,-0.4839447408637621f,-0.3336011052280206f,0.6820318414733523f,0.6400876870654223f,0.35372350796025065f,1.0537095412337605f,0.5747872710835711f,-0.17012473451471005f,-0.8004231179236396f,0.030760751943276307f,0f,0f,0f,1f],start_interpolation:0}
execute if entity @s[tag=aj.dino.bone.leg_right_2] run data modify entity @s {} merge value {transformation:[-0.41499434532492674f,0.692391541957889f,-0.6328000043253843f,-0.19111818341743386f,0.7352032521696915f,0.669822986465342f,0.250749963713762f,1.2164530255004256f,0.5825101465623913f,-0.3521268506213644f,-0.7673009903056525f,-0.07593623670719837f,0f,0f,0f,1f],start_interpolation:0}
execute if entity @s[tag=aj.dino.bone.leg_right_1] run data modify entity @s {} merge value {transformation:[-0.4888948243101326f,0.8370168232398415f,0.24573296151767737f,0.013503729915411447f,0.396004971135801f,-0.03804623796845169f,0.9174598337868427f,1.1653451089829328f,0.7772785302570102f,0.5458528385837448f,-0.3128622141000257f,0.10442794796651164f,0f,0f,0f,1f],start_interpolation:0}
execute if entity @s[tag=aj.dino.bone.leg_right_0] run data modify entity @s {} merge value {transformation:[-0.4825791422171935f,-0.15638696096494215f,-0.8617775176558433f,0.07836739388428288f,0.4660208718819232f,0.7872424987772021f,-0.40382396547188604f,1.4531290259321528f,0.7415806891143606f,-0.5964833330103839f,-0.3070272218769756f,-0.19100461761546836f,0f,0f,0f,1f],start_interpolation:0}
execute if entity @s[tag=aj.dino.bone.tail_4] run data modify entity @s {} merge value {transformation:[-0.6239524121503047f,2.679777109543473f,-0.23481772109157265f,-0.35073382133455944f,2.5716149343845545f,0.6649422423667808f,0.7551885692769459f,2.20973161065501f,0.7893930251922296f,-0.04803945340093516f,-2.6457914117131005f,-1.6330258961793604f,0f,0f,0f,1f],start_interpolation:0}
execute if entity @s[tag=aj.dino.bone.tail_3] run data modify entity @s {} merge value {transformation:[-0.15858823192325272f,2.0435161895305978f,-0.3672014186604467f,-0.3084674405431455f,1.8511763987910457f,0.30593134776818126f,0.9030489892891762f,2.053614095045485f,0.9401814927443082f,-0.25766862366910737f,-1.840003034541519f,-1.3185078874589207f,0f,0f,0f,1f],start_interpolation:0}
execute if entity @s[tag=aj.dino.bone.tail_2] run data modify entity @s {} merge value {transformation:[-0.3690870123008504f,1.9105280987309448f,-0.18008619134494638f,-0.2748081147696886f,1.443208101709754f,0.39722050093402883f,1.256240472123002f,1.8212434278541354f,1.2647920886505168f,0.10426951903608246f,-1.4860022593824767f,-1.041303257651509f,0f,0f,0f,1f],start_interpolation:0}
execute if entity @s[tag=aj.dino.bone.tail_1] run data modify entity @s {} merge value {transformation:[0.31243877172729567f,1.4305644896764436f,-0.37884496142659096f,-0.21107057410696742f,0.9980744007997442f,0.0821853438366478f,1.1334678247425831f,1.575375634934508f,1.0926507925177975f,-0.48413537376980453f,-0.9270293606326617f,-0.8369427151930213f,0f,0f,0f,1f],start_interpolation:0}
execute if entity @s[tag=aj.dino.bone.tail_0] run data modify entity @s {} merge value {transformation:[-0.01728779193107882f,1.1882212319434744f,-0.47081541265437243f,-0.04481347280392092f,0.9880761804975399f,0.3110930496665758f,0.7488406322887197f,1.3640542269562306f,0.8107048232048261f,-0.35381794046078074f,-0.9227167881991482f,-0.5758416809224381f,0f,0f,0f,1f],start_interpolation:0}
execute if entity @s[tag=aj.dino.bone.body_1] run data modify entity @s {} merge value {transformation:[-0.8135409112195183f,0.3782374751156437f,-0.8507010010846988f,0.12748561541624323f,0.5216431559917072f,1.1209338932568897f,-0.0004688402851008409f,1.2886603733431987f,0.771131764768757f,-0.3592328136770695f,-0.8971689818526545f,-0.34306558068251214f,0f,0f,0f,1f],start_interpolation:0}