execute if entity @s[tag=aj.dino.bone.head_lower] run data modify entity @s {} merge value {transformation:[-0.9549050753373992f,-0.29691037240587387f,-0.0007265347073142636f,0.5564721478010062f,-0.283219724092521f,0.9101340905421487f,0.3023946512720957f,0.28810502016369405f,-0.08912286451765371f,0.28896395621395626f,-0.9531825360492849f,0.3571741107664714f,0f,0f,0f,1f],start_interpolation:0}
execute if entity @s[tag=aj.dino.bone.head_upper] run data modify entity @s {} merge value {transformation:[-0.9939602950415842f,-0.2693901559659519f,-0.15147217016004563f,0.5396724170011811f,-0.29480329279968676f,0.673308478452242f,0.7370336857853216f,0.3539416292616335f,-0.09276795254189887f,0.7466971134914571f,-0.7192422889876657f,0.3243295307062028f,0f,0f,0f,1f],start_interpolation:0}
execute if entity @s[tag=aj.dino.bone.neck_0] run data modify entity @s {} merge value {transformation:[-0.962247969134235f,-0.2655093255407005f,-0.05986354439859176f,0.5404221685347599f,-0.2556500296850005f,0.9571650252870394f,-0.13593445732896353f,0.3296978762446461f,0.0933911570712039f,-0.11549853859761008f,-0.988907568664897f,0.26222949393820966f,0f,0f,0f,1f],start_interpolation:0}
execute if entity @s[tag=aj.dino.bone.neck_1] run data modify entity @s {} merge value {transformation:[-0.9293326541797334f,-0.0289293726800475f,-0.3681085563683496f,0.5091052683817929f,-0.05461021783616024f,0.9967311643667135f,0.05953746793459272f,0.3393332970908146f,0.3651828884040688f,0.07543260154942599f,-0.9278746578284951f,0.1839738406315152f,0f,0f,0f,1f],start_interpolation:0}
execute if entity @s[tag=aj.dino.bone.neck_2] run data modify entity @s {} merge value {transformation:[-0.8910636661705971f,0.0527599032477134f,-0.4508014368210313f,0.470128233933229f,-0.07871249431836248f,0.9602082569809333f,0.2679635170388309f,0.37220994987579803f,0.44700099112730846f,0.2742562594270731f,-0.8514538261680863f,0.11206523974544774f,0f,0f,0f,1f],start_interpolation:0}
execute if entity @s[tag=aj.dino.bone.body_0] run data modify entity @s {} merge value {transformation:[-0.8226609031550391f,-0.04625012813631027f,-0.5666480072033342f,0.20262856278516608f,-0.08514396985279163f,0.9954677297173953f,0.04236158034117643f,0.4016578782948885f,0.5621205767607532f,0.08309587678501212f,-0.8228703011067346f,-0.27495885530630393f,0f,0f,0f,1f],start_interpolation:0}
execute if entity @s[tag=aj.dino.bone.leg_left_3] run data modify entity @s {} merge value {transformation:[-0.8295160374725356f,-0.044370110461121465f,-0.556717555743961f,0.49397637127192273f,-0.07539600747487543f,0.996610388474769f,0.03291163382479795f,0.049755623335400345f,0.553370206672451f,0.0692750090713593f,-0.830049629531543f,-0.7434106103793147f,0f,0f,0f,1f],start_interpolation:0}
execute if entity @s[tag=aj.dino.bone.leg_left_2] run data modify entity @s {} merge value {transformation:[-0.78635484932621f,-0.27593887709589343f,-0.5979682153333109f,0.40995558959547923f,-0.4931502356555352f,0.8639751553503547f,0.24982388899165378f,0.2581025922097861f,0.436475767385473f,0.47902699980802893f,-0.7950372553791898f,-0.6556431854806044f,0f,0f,0f,1f],start_interpolation:0}
execute if entity @s[tag=aj.dino.bone.leg_left_1] run data modify entity @s {} merge value {transformation:[-0.9001152770056465f,0.4229356518950545f,-0.10448886283787931f,0.5483220452415449f,-0.10690035066964222f,0.01808852389414034f,0.9941051857474832f,0.21242205502415745f,0.4223325740784808f,0.9059791607202872f,0.02893021280267749f,-0.4194623265310626f,0f,0f,0f,1f],start_interpolation:0}
execute if entity @s[tag=aj.dino.bone.leg_left_0] run data modify entity @s {} merge value {transformation:[-0.8821183343427356f,-0.33895242849439267f,-0.32707567233616014f,0.33929544916217536f,-0.15820492044866225f,0.8672511487236049f,-0.4720663599362067f,0.5729668177856916f,0.44366479166396566f,-0.36467341040353013f,-0.8186420807547266f,-0.44441497651366474f,0f,0f,0f,1f],start_interpolation:0}
execute if entity @s[tag=aj.dino.bone.leg_right_3] run data modify entity @s {} merge value {transformation:[-0.814831094488194f,0.008717275287203119f,0.579632898105981f,-0.15903799864805662f,-0.021969370326621565f,0.998704258174372f,-0.045903719585979164f,0.034837817795907194f,-0.5792819988767328f,-0.050137947863306f,-0.8135837707092199f,-0.03551672864417299f,0f,0f,0f,1f],start_interpolation:0}
execute if entity @s[tag=aj.dino.bone.leg_right_2] run data modify entity @s {} merge value {transformation:[-0.8448680715403929f,0.03585222803134415f,0.5804952703834031f,-0.13143028239881616f,-0.3838050723173087f,0.734819561551144f,-0.6039835079917194f,0.1880528218197343f,-0.4369826171094417f,-0.7147146487988522f,-0.5918541734559365f,-0.21972869517049737f,0f,0f,0f,1f],start_interpolation:0}
execute if entity @s[tag=aj.dino.bone.leg_right_1] run data modify entity @s {} merge value {transformation:[-0.9821477096996704f,0.1540125166759452f,-0.10800935625599146f,-0.10342156876936368f,0.0018781374902874706f,0.5821776082803932f,0.8130594720046547f,0.3031280637991065f,0.1881019641876702f,0.7983416418577085f,-0.5720736612925627f,0.031242590645186752f,0f,0f,0f,1f],start_interpolation:0}
execute if entity @s[tag=aj.dino.bone.leg_right_0] run data modify entity @s {} merge value {transformation:[-0.9893582756835166f,-0.09332775513466346f,-0.1116249634179688f,-0.015939857055007167f,0.04689780302274682f,0.5216918326078082f,-0.8518440161566825f,0.5718535878481499f,0.1377345214830988f,-0.8480138925228944f,-0.5117632652701742f,-0.27606966326693166f,0f,0f,0f,1f],start_interpolation:0}
execute if entity @s[tag=aj.dino.bone.tail_4] run data modify entity @s {} merge value {transformation:[-2.23193711454088f,1.2839208143269247f,-0.9978303417279994f,-0.3962014329297241f,-0.7569120311656419f,0.6794514246217821f,2.567312071068909f,1.8574326365986327f,1.4391671985602061f,2.348521755427766f,-0.19724266899140142f,-1.3411074440832995f,0f,0f,0f,1f],start_interpolation:0}
execute if entity @s[tag=aj.dino.bone.tail_3] run data modify entity @s {} merge value {transformation:[-1.6966281208072174f,0.7748551749589602f,-0.9257418665966961f,-0.24681238853569715f,-0.5604445193259882f,0.9087274379427708f,1.787753313612332f,1.5454031280844918f,1.0692523025404612f,1.7058016963919722f,-0.5318699203213472f,-1.2676145691481826f,0f,0f,0f,1f],start_interpolation:0}
execute if entity @s[tag=aj.dino.bone.tail_2] run data modify entity @s {} merge value {transformation:[-1.7828052412605262f,0.7066599640210177f,-0.3755143698802846f,-0.17815522198775058f,0.05419569324046852f,1.0215165324797262f,1.6650347370873548f,1.2361599546640252f,0.7983997579978078f,1.5086117937107566f,-0.951536734608093f,-1.0897766172268128f,0f,0f,0f,1f],start_interpolation:0}
execute if entity @s[tag=aj.dino.bone.tail_1] run data modify entity @s {} merge value {transformation:[-1.3730141118273562f,0.5198476505980726f,-0.363657694667115f,-0.1049430048272896f,0.016973509702677393f,0.8967745316132043f,1.2178520392142433f,0.963113425187287f,0.6341927141581725f,1.1014581742479295f,-0.8199059346602565f,-0.9274120860077486f,0f,0f,0f,1f],start_interpolation:0}
execute if entity @s[tag=aj.dino.bone.tail_0] run data modify entity @s {} merge value {transformation:[-1.1590531799517672f,0.3359699809185868f,-0.4213734858166666f,0.026299675476895046f,0.0011452097554438719f,1.0009567841591889f,0.7949339100355063f,0.7549701309416451f,0.5389156994580323f,0.7204480583298748f,-0.9079428289878172f,-0.6447043938097348f,0f,0f,0f,1f],start_interpolation:0}
execute if entity @s[tag=aj.dino.bone.body_1] run data modify entity @s {} merge value {transformation:[-1.1172551718282466f,0.2710556864707834f,-0.4548343554648631f,0.11378476787905625f,-0.003501233924062772f,1.058266890935603f,0.639267959440133f,0.5350675f,0.5294650294781461f,0.578968563427752f,-0.955545278978637f,-0.4615511428984851f,0f,0f,0f,1f],start_interpolation:0}