execute if entity @s[tag=aj.dino.bone.head_lower] run data modify entity @s {} merge value {transformation:[-0.923602009741531f,-0.37679030144988274f,-0.0706285801550014f,0.4845690723146239f,-0.37521296919629493f,0.9262807458302229f,-0.034917154109491255f,0.5536904525373524f,0.07857833892559161f,-0.005748794439904004f,-0.9968913662050558f,0.42592599496896083f,0f,0f,0f,1f],start_interpolation:0}
execute if entity @s[tag=aj.dino.bone.head_upper] run data modify entity @s {} merge value {transformation:[-0.9613769471057889f,-0.28110192713653026f,-0.2832101952917463f,0.4584347992064556f,-0.39055902329768627f,0.8143024698639307f,0.5175394472673233f,0.6075319645852235f,0.08179216024667377f,0.5842646118986998f,-0.857564486431517f,0.37995265659438243f,0f,0f,0f,1f],start_interpolation:0}
execute if entity @s[tag=aj.dino.bone.neck_0] run data modify entity @s {} merge value {transformation:[-0.9084216977391909f,-0.4105707846924857f,-0.07875055449736709f,0.46030050811222845f,-0.3610488706472635f,0.8654644788211245f,-0.34729662955924967f,0.5711436660159053f,0.2107456573241351f,-0.2870589950791922f,-0.9344428293176328f,0.32412123970562745f,0f,0f,0f,1f],start_interpolation:0}
execute if entity @s[tag=aj.dino.bone.neck_1] run data modify entity @s {} merge value {transformation:[-0.9259142179494011f,-0.18653542540971602f,-0.32846216839442144f,0.4316161059953264f,-0.14196784330243856f,0.9776575977915859f,-0.15501855678737209f,0.5625155059832831f,0.35003998695463817f,-0.09690282012202604f,-0.9317091021264068f,0.24474683089410582f,0f,0f,0f,1f],start_interpolation:0}
execute if entity @s[tag=aj.dino.bone.neck_2] run data modify entity @s {} merge value {transformation:[-0.9007971051835365f,-0.11620605217171061f,-0.41840259168846744f,0.3938231710644353f,-0.15111994724486552f,0.9871899892641463f,0.051173104668017694f,0.5766638607391259f,0.40709622552618907f,0.10932556213128063f,-0.9068189370690324f,0.16637305644657208f,0f,0f,0f,1f],start_interpolation:0}
execute if entity @s[tag=aj.dino.bone.body_0] run data modify entity @s {} merge value {transformation:[-0.8492423309431787f,-0.2040104001541653f,-0.4869981724433203f,0.1623593045605765f,-0.13073632640637173f,0.9748655318057158f,-0.18040290423085115f,0.5009274612583808f,0.5115618010484786f,-0.08953743086607069f,-0.854568646851697f,-0.23723489813299486f,0f,0f,0f,1f],start_interpolation:0}
execute if entity @s[tag=aj.dino.bone.leg_left_3] run data modify entity @s {} merge value {transformation:[-0.8386958124356193f,-0.027900805211029528f,-0.5438849871724099f,0.4642029860049692f,0.0002733304500928419f,0.9986651019669374f,-0.051652099703997145f,0.10665473718590412f,0.5446000913454031f,-0.043469060053591885f,-0.837568612905615f,-0.6273810499744474f,0f,0f,0f,1f],start_interpolation:0}
execute if entity @s[tag=aj.dino.bone.leg_left_2] run data modify entity @s {} merge value {transformation:[-0.8146068038760589f,-0.2393810578101154f,-0.5754777699800718f,0.38935500495479325f,-0.4271695576806242f,0.9040606318538652f,0.22861046000483953f,0.3237923434493921f,0.4538767713493016f,0.4212283022238591f,-0.8176948045180631f,-0.5537596417775743f,0f,0f,0f,1f],start_interpolation:0}
execute if entity @s[tag=aj.dino.bone.leg_left_1] run data modify entity @s {} merge value {transformation:[-0.9279600502193868f,0.35649336650593305f,-0.10863988601843938f,0.5104458687467479f,-0.04990003963434383f,0.1700321686253783f,0.9841742974072438f,0.31878164655561564f,0.3693238839302489f,0.9186955650648463f,-0.13999402661849042f,-0.3041093237675173f,0f,0f,0f,1f],start_interpolation:0}
execute if entity @s[tag=aj.dino.bone.leg_left_0] run data modify entity @s {} merge value {transformation:[-0.9098629347480405f,-0.3367938356488079f,-0.24232076312327558f,0.2921412062922088f,-0.09452356005890732f,0.7369332865068046f,-0.669324008109727f,0.6516219766821065f,0.40399843634038124f,-0.5860880851094342f,-0.7023432351260196f,-0.4300762541752691f,0f,0f,0f,1f],start_interpolation:0}
execute if entity @s[tag=aj.dino.bone.leg_right_3] run data modify entity @s {} merge value {transformation:[-0.8743898826114922f,-0.06111600671369427f,0.48135970636316483f,-0.15865058186892592f,-0.05181395239564386f,0.998124284453719f,0.03260716364379035f,0.014184039431778234f,-0.4824496321107544f,0.0035702250801056268f,-0.875916437777642f,-0.09874197394544607f,0f,0f,0f,1f],start_interpolation:0}
execute if entity @s[tag=aj.dino.bone.leg_right_2] run data modify entity @s {} merge value {transformation:[-0.8846249057632566f,-0.02705792528494169f,0.518429208555342f,-0.1475635724396176f,-0.3543422489981222f,0.7800620989285024f,-0.5639209979162917f,0.17913741625138993f,-0.37939760961160074f,-0.66545712859299f,-0.6821190976116042f,-0.2743510106256158f,0f,0f,0f,1f],start_interpolation:0}
execute if entity @s[tag=aj.dino.bone.leg_right_1] run data modify entity @s {} merge value {transformation:[-0.984544016561801f,0.09356145402163783f,-0.14805179422659182f,-0.13390154663566536f,-0.05393270304297646f,0.6422993926568334f,0.7645539573732786f,0.3120069110694522f,0.16662635744333565f,0.7607218575235102f,-0.6273260017655455f,-0.031097167783430302f,0f,0f,0f,1f],start_interpolation:0}
execute if entity @s[tag=aj.dino.bone.leg_right_0] run data modify entity @s {} merge value {transformation:[-0.9892958374155221f,-0.14519098732535687f,-0.014605590430004173f,-0.07468826881535777f,-0.08227066906923224f,0.6376227780451462f,-0.7659430330833301f,0.6342769599723961f,0.12052088235331601f,-0.7565426426299301f,-0.6427425198314639f,-0.2898307795819795f,0f,0f,0f,1f],start_interpolation:0}
execute if entity @s[tag=aj.dino.bone.tail_4] run data modify entity @s {} merge value {transformation:[-1.9468736337135704f,1.1136083309162117f,-1.610968923122022f,-0.6811213393679587f,-1.1473407150144646f,1.1923340085038412f,2.210794026460913f,1.5958137419345964f,1.5871211893302333f,2.227976083596763f,-0.37792887280520837f,-1.5088056676188282f,0f,0f,0f,1f],start_interpolation:0}
execute if entity @s[tag=aj.dino.bone.tail_3] run data modify entity @s {} merge value {transformation:[-1.3978851534505516f,0.5614236135939943f,-1.4375903971250064f,-0.4428531037268174f,-0.8825152895361569f,1.3004410893840364f,1.3660033904866475f,1.3514642093825378f,1.2661079683588936f,1.526303385695375f,-0.635070164090074f,-1.4160573131276908f,0f,0f,0f,1f],start_interpolation:0}
execute if entity @s[tag=aj.dino.bone.tail_2] run data modify entity @s {} merge value {transformation:[-1.6899893914393498f,0.4713537871221234f,-0.8605436300332855f,-0.28401741665423025f,-0.32184591789868056f,1.3527699686904748f,1.3730267630107955f,1.0963054411817108f,0.9268899270987834f,1.3291399076762307f,-1.092261893443147f,-1.2120065559824245f,0f,0f,0f,1f],start_interpolation:0}
execute if entity @s[tag=aj.dino.bone.tail_1] run data modify entity @s {} merge value {transformation:[-1.372428940961306f,0.2858711535941651f,-0.5677787734272649f,-0.16402105881970871f,-0.15990631515295214f,1.1522359542588176f,0.9666636054426985f,0.8743580941661019f,0.6152438722864558f,0.937169269265704f,-1.0153053670487289f,-1.0055678816551308f,0f,0f,0f,1f],start_interpolation:0}
execute if entity @s[tag=aj.dino.bone.tail_0] run data modify entity @s {} merge value {transformation:[-1.1755188639097383f,0.15080177641959297f,-0.4788005236056882f,-0.020465301967799887f,-0.07524353260611856f,1.1524695351033918f,0.5477116924473604f,0.7421151504552114f,0.49631595579563825f,0.531891447074772f,-1.0509984191878665f,-0.6856062279931098f,0f,0f,0f,1f],start_interpolation:0}
execute if entity @s[tag=aj.dino.bone.body_1] run data modify entity @s {} merge value {transformation:[-1.1537201428745427f,0.07931262933703787f,-0.4373144564377448f,0.07586191492673271f,-0.05455203715737511f,1.1820533616651514f,0.35829948433446746f,0.5791958569805876f,0.44108786224943314f,0.3536438208989527f,-1.0995372393750311f,-0.4537996428706972f,0f,0f,0f,1f],start_interpolation:0}