execute if entity @s[tag=aj.dino.bone.head_lower] run data modify entity @s {} merge value {transformation:[-0.9566941806983396f,-0.2531726786543791f,-0.14366572103636757f,-0.17562790816412627f,0.07904043475913024f,0.24906578807403762f,-0.9652558432271447f,1.6177045048992096f,0.2801586234457555f,-0.9348100491511765f,-0.21826891147150218f,0.17971786710616683f,0f,0f,0f,1f],start_interpolation:0}
execute if entity @s[tag=aj.dino.bone.head_upper] run data modify entity @s {} merge value {transformation:[-0.9958225740663265f,-0.10575017049158048f,-0.2839476096120985f,-0.19788623223627733f,0.08227315560726418f,0.8444297444366711f,-0.6030269290508911f,1.5951204037408477f,0.2916169944119271f,-0.5993556963399338f,-0.7995024830596427f,0.11123442475573554f,0f,0f,0f,1f],start_interpolation:0}
execute if entity @s[tag=aj.dino.bone.neck_0] run data modify entity @s {} merge value {transformation:[-0.8846981529820669f,-0.466108100563221f,-0.007239937808140168f,-0.1905027036743231f,-0.047653733879309185f,0.10587703226954537f,-0.9932367168430463f,1.5291926706705217f,0.463722222626304f,-0.8783696787954032f,-0.11588100627531972f,0.1178490881998976f,0f,0f,0f,1f],start_interpolation:0}
execute if entity @s[tag=aj.dino.bone.neck_1] run data modify entity @s {} merge value {transformation:[-0.9225639653305324f,-0.37120855757048155f,0.10526127806580564f,-0.18329580329153225f,-0.2595885507943619f,0.39530531717684947f,-0.8811058338861419f,1.4563725642093648f,0.28546368275156725f,-0.8402011146137291f,-0.46105593243310494f,0.07492089785381432f,0f,0f,0f,1f],start_interpolation:0}
execute if entity @s[tag=aj.dino.bone.neck_2] run data modify entity @s {} merge value {transformation:[-0.9023316477692014f,-0.4195199403784776f,0.09899806593543405f,-0.17873019264636175f,-0.3445506476533841f,0.5639875650033663f,-0.7504684388588285f,1.396147691205651f,0.25900279657901676f,-0.711281270768753f,-0.6534496960117406f,0.010709915418845362f,0f,0f,0f,1f],start_interpolation:0}
execute if entity @s[tag=aj.dino.bone.body_0] run data modify entity @s {} merge value {transformation:[-0.9096493759424924f,-0.388148539527016f,0.14791458383296277f,-0.11271620399024498f,-0.306939101885093f,0.3881877085987448f,-0.8689641480675877f,0.990306119995991f,0.2798685416073171f,-0.8358534645234775f,-0.47225267099582713f,-0.21982354654038846f,0f,0f,0f,1f],start_interpolation:0}
execute if entity @s[tag=aj.dino.bone.leg_left_3] run data modify entity @s {} merge value {transformation:[-0.9970740369447026f,0.022075032800079195f,0.07318509259178987f,0.27346051499187773f,-0.007803612114597725f,0.9229989576976597f,-0.38472331320963404f,0.6502539916698722f,-0.07604254393928664f,-0.3841687350838286f,-0.9201260318539698f,-0.16917853321466278f,0f,0f,0f,1f],start_interpolation:0}
execute if entity @s[tag=aj.dino.bone.leg_left_2] run data modify entity @s {} merge value {transformation:[-0.9248307797687244f,-0.44177311939501074f,0.039833896031757444f,0.17028012570576473f,-0.4370277538841889f,0.9232745197653052f,0.09291449288340127f,0.867661420332419f,-0.07587470347888088f,0.0668047276234278f,-1.0207067929821205f,-0.18526857035325875f,0f,0f,0f,1f],start_interpolation:0}
execute if entity @s[tag=aj.dino.bone.leg_left_1] run data modify entity @s {} merge value {transformation:[-0.8880233831187522f,-0.4318036717187824f,0.15798753154759937f,0.06227903643389583f,-0.21196770207946952f,0.6893672129959342f,0.6927066759613099f,1.0224238542017816f,-0.4080247104152823f,0.5816514718767553f,-0.703702636739503f,0.01819577403829936f,0f,0f,0f,1f],start_interpolation:0}
execute if entity @s[tag=aj.dino.bone.leg_left_0] run data modify entity @s {} merge value {transformation:[-0.9120965590956763f,0.38773416159466256f,0.13319942499242002f,0.09761820647622374f,-0.20448087704962814f,-0.14864129472372883f,-0.9675191659206903f,1.0190484163724047f,-0.3553412976376965f,-0.9097076373403368f,0.2148594348820182f,-0.39779344222172885f,0f,0f,0f,1f],start_interpolation:0}
execute if entity @s[tag=aj.dino.bone.leg_right_3] run data modify entity @s {} merge value {transformation:[-0.9927095424842826f,0.018626066905769796f,0.11908330652223205f,-0.2500066218953242f,0.03285878034989582f,0.9923865440476559f,0.11869813708338933f,0.061789816278322335f,-0.11596579157046018f,0.12174570557014153f,-0.9857636219503464f,-0.3290607325491005f,0f,0f,0f,1f],start_interpolation:0}
execute if entity @s[tag=aj.dino.bone.leg_right_2] run data modify entity @s {} merge value {transformation:[-1.0185359003088175f,0.09493453586050288f,0.0750616625432161f,-0.2239776433627167f,0.03459797862577266f,0.8380181852229989f,-0.5904157015283861f,0.23883047422646334f,-0.11597326915203937f,-0.5837595006825984f,-0.8353665337477235f,-0.4907708737767119f,0f,0f,0f,1f],start_interpolation:0}
execute if entity @s[tag=aj.dino.bone.leg_right_1] run data modify entity @s {} merge value {transformation:[-0.9606613864194441f,0.035618417264015975f,-0.2754288093033803f,-0.21882569320411643f,-0.08548088676589012f,0.9056739155446931f,0.41526831892122584f,0.4611470951052129f,0.2642398884354678f,0.4224761378510631f,-0.867001265458166f,-0.32475231110860764f,0f,0f,0f,1f],start_interpolation:0}
execute if entity @s[tag=aj.dino.bone.leg_right_0] run data modify entity @s {} merge value {transformation:[-0.9243000793239151f,-0.3677871440545572f,0.10199009770559372f,-0.2640599410225255f,-0.3769534297014107f,0.8378231593093333f,-0.3949157702109033f,0.8660828042558911f,0.05979527739000587f,-0.40346619485790847f,-0.9130386379604822f,-0.41579193349025617f,0f,0f,0f,1f],start_interpolation:0}
execute if entity @s[tag=aj.dino.bone.tail_4] run data modify entity @s {} merge value {transformation:[-1.3126619520406424f,0.08532626088788203f,-2.4280237561580287f,-0.6563158959124034f,-0.3573906012867003f,2.722951745322594f,0.288906701820109f,0.15679112699408368f,2.403092151661434f,0.4515689907949125f,-1.2833140257846802f,-1.5298508858165927f,0f,0f,0f,1f],start_interpolation:0}
execute if entity @s[tag=aj.dino.bone.tail_3] run data modify entity @s {} merge value {transformation:[-0.5960935264568892f,-0.43177327042028757f,-1.9478680337002305f,-0.32180421873984383f,0.2355628666134366f,2.003497288604553f,-0.5161920926084679f,0.22471243662967652f,1.9811936224492281f,-0.36812495643357007f,-0.5246916931510652f,-1.4372801724815814f,0f,0f,0f,1f],start_interpolation:0}
execute if entity @s[tag=aj.dino.bone.tail_2] run data modify entity @s {} merge value {transformation:[-1.1664106402519807f,-0.47842993501914616f,-1.493105786803908f,-0.04521545441604786f,0.08302784962892004f,1.8395076596237785f,-0.6542872621213279f,0.3468421202961824f,1.5656840260715885f,-0.4539716317852924f,-1.077644265535356f,-1.2358987438778108f,0f,0f,0f,1f],start_interpolation:0}
execute if entity @s[tag=aj.dino.bone.tail_1] run data modify entity @s {} merge value {transformation:[-1.3480163104417375f,-0.5531152997707687f,-0.40567442850460567f,0.05013027652293273f,-0.34009608980149486f,1.3157720507576263f,-0.6638786110026476f,0.4739423546697422f,0.5956869366410339f,-0.5004634108549433f,-1.297054238615586f,-0.9512385973649458f,0f,0f,0f,1f],start_interpolation:0}
execute if entity @s[tag=aj.dino.bone.tail_0] run data modify entity @s {} merge value {transformation:[-1.2410493722279645f,-0.3035858897329355f,0.03831161484021217f,0.031608663911793546f,-0.27601311260308026f,1.0415583486268616f,-0.6876108526345931f,0.7000128856984094f,0.13209441300737215f,-0.6758901763931584f,-1.0768283299075534f,-0.6528747654960669f,0f,0f,0f,1f],start_interpolation:0}
execute if entity @s[tag=aj.dino.bone.body_1] run data modify entity @s {} merge value {transformation:[-1.1375186355581104f,-0.29448676874798113f,0.38462123166387713f,-0.03797461106592547f,-0.4810941318556977f,0.8015035300085948f,-0.8091632237898755f,0.83414505004689f,-0.05660728847310447f,-0.8941332280328165f,-0.8520128992424869f,-0.39456748310240597f,0f,0f,0f,1f],start_interpolation:0}