execute if entity @s[tag=aj.dino.bone.head_lower] run data modify entity @s {} merge value {transformation:[-0.1586303323777649f,0.966626052296433f,0.2011727930698735f,0.19878638718150501f,0.49456031066198325f,-0.09855717608430309f,0.8635372500131135f,0.9448945196575204f,0.8545446253810518f,0.23647528002753648f,-0.4624207231172234f,0.3899228947764697f,0f,0f,0f,1f],start_interpolation:0}
execute if entity @s[tag=aj.dino.bone.head_upper] run data modify entity @s {} merge value {transformation:[-0.16511824687604365f,0.7743492151478497f,0.6757153247721996f,0.262704970997229f,0.5147876213012623f,-0.5300165635549523f,0.7331767112339935f,0.9836962135247447f,0.8894951444988763f,0.4504860463330866f,-0.29888568476194066f,0.3797101729148235f,0f,0f,0f,1f],start_interpolation:0}
execute if entity @s[tag=aj.dino.bone.neck_0] run data modify entity @s {} merge value {transformation:[-0.2860521783068925f,0.8618244316172543f,-0.41884698918994157f,0.22172494350226069f,0.43201161682076633f,0.506159694521915f,0.7464370881550495f,1.0236067205691874f,0.8553011833370681f,0.03257319003534889f,-0.5171062493077528f,0.3454680201164959f,0f,0f,0f,1f],start_interpolation:0}
execute if entity @s[tag=aj.dino.bone.neck_1] run data modify entity @s {} merge value {transformation:[-0.49487369807758336f,0.8550162116495595f,-0.15507192127349567f,0.21252726926147197f,0.5369567043012831f,0.44119545058871523f,0.7190438596398172f,1.0865517052227687f,0.6832111830590315f,0.2725689861232505f,-0.6774427113393587f,0.28933542227841247f,0f,0f,0f,1f],start_interpolation:0}
execute if entity @s[tag=aj.dino.bone.neck_2] run data modify entity @s {} merge value {transformation:[-0.5187635040209736f,0.8480382242378561f,0.10823861199860978f,0.230312607701319f,0.6443934707871938f,0.3046695783153327f,0.7013797137471196f,1.150980734085063f,0.5618197946875098f,0.4335984528116553f,-0.7045217526922948f,0.23185923268148137f,0f,0f,0f,1f],start_interpolation:0}
execute if entity @s[tag=aj.dino.bone.body_0] run data modify entity @s {} merge value {transformation:[-0.5179157740722783f,0.8497015786441928f,-0.09884572938007918f,0.19182145577953208f,0.6390137451706243f,0.46111531218121793f,0.6156574553719223f,1.4455304838290588f,0.5687043910944645f,0.25569492783703146f,-0.7817898818917328f,-0.13415959313572764f,0f,0f,0f,1f],start_interpolation:0}
execute if entity @s[tag=aj.dino.bone.leg_left_3] run data modify entity @s {} merge value {transformation:[-0.7825745061605894f,0.01661974940109573f,-0.6223350594634329f,0.37708676347474157f,0.1786686354845807f,0.9635873856688927f,-0.19893935979053196f,0.6683940966309612f,0.5963678906527311f,-0.2668766271325266f,-0.7570483504299961f,-0.1891200049211793f,0f,0f,0f,1f],start_interpolation:0}
execute if entity @s[tag=aj.dino.bone.leg_left_2] run data modify entity @s {} merge value {transformation:[-0.7679698895990219f,-0.2731511325441735f,-0.622633846622392f,0.2929820445455139f,0.07038138633230104f,0.9023049667642989f,-0.4826535060590726f,0.8639131072445659f,0.6762624554327293f,-0.4040994991867812f,-0.6568370312564468f,-0.3025650788932489f,0f,0f,0f,1f],start_interpolation:0}
execute if entity @s[tag=aj.dino.bone.leg_left_1] run data modify entity @s {} merge value {transformation:[-0.9323633725594742f,0.2752759869550221f,-0.23435373373484403f,0.39876377032902555f,0.1909342507600694f,0.9254030817291277f,0.32737325518882054f,1.0941509809607644f,0.30698966333773303f,0.2604846777301345f,-0.9153715525793955f,-0.18936554860857202f,0f,0f,0f,1f],start_interpolation:0}
execute if entity @s[tag=aj.dino.bone.leg_left_0] run data modify entity @s {} merge value {transformation:[-0.918977469411023f,-0.03501877996101324f,-0.39275195195562673f,0.31013204317818566f,0.259125343577099f,0.6971374976379897f,-0.6684709161235757f,1.452417491295564f,0.29721114890085f,-0.7160816953651896f,-0.6315794000218439f,-0.38454957223560216f,0f,0f,0f,1f],start_interpolation:0}
execute if entity @s[tag=aj.dino.bone.leg_right_3] run data modify entity @s {} merge value {transformation:[-0.6703096166423839f,0.6720251639745268f,-0.31474941909676535f,-0.36665490413037405f,0.6519295601686272f,0.7359038673015695f,0.18284787849175266f,1.1405013262348664f,0.3545036902700464f,-0.08262975901940531f,-0.9313965087487249f,-0.02943851400161529f,0f,0f,0f,1f],start_interpolation:0}
execute if entity @s[tag=aj.dino.bone.leg_right_2] run data modify entity @s {} merge value {transformation:[-0.6692744146906269f,0.6202333111934348f,-0.46844914027804707f,-0.23551829871563093f,0.6865849000952734f,0.7615220742446303f,0.027340535839922832f,1.3177908081757814f,0.3643283303592749f,-0.2957312456012699f,-0.9120691298215494f,-0.127125270419441f,0f,0f,0f,1f],start_interpolation:0}
execute if entity @s[tag=aj.dino.bone.leg_right_1] run data modify entity @s {} merge value {transformation:[-0.7282236176331878f,0.6710800687627114f,0.13907517402709788f,-0.0750858694683717f,0.3553578426427676f,0.19621912263536168f,0.9139030909152717f,1.3297045926775541f,0.5860129404659175f,0.7149472688399077f,-0.3813649648104104f,0.09900054200460337f,0f,0f,0f,1f],start_interpolation:0}
execute if entity @s[tag=aj.dino.bone.leg_right_0] run data modify entity @s {} merge value {transformation:[-0.7426818812932992f,-0.23532319152596193f,-0.6269343017642932f,-0.030089232038635255f,0.39201640100126545f,0.6062425682746297f,-0.6919487623789757f,1.5784821297663834f,0.5429058523765067f,-0.7596663372440668f,-0.357994820512144f,-0.23325285259729703f,0f,0f,0f,1f],start_interpolation:0}
execute if entity @s[tag=aj.dino.bone.tail_4] run data modify entity @s {} merge value {transformation:[-2.0528727588298543f,1.8453228391754475f,-0.07847539023011946f,-0.3420298757148634f,1.801752334212876f,1.9749744641010403f,-0.6919723433109591f,1.920012741704727f,-0.406279822059569f,-0.5656154320439603f,-2.6722045619340165f,-1.8997372088933555f,0f,0f,0f,1f],start_interpolation:0}
execute if entity @s[tag=aj.dino.bone.tail_3] run data modify entity @s {} merge value {transformation:[-1.2700493455776023f,1.6223519190788336f,-0.3014870420160295f,-0.3067848017576526f,1.6385207944232034f,1.2849325708482475f,0.011975836526597962f,1.9054080084264755f,0.19537090900413792f,-0.22993056577798407f,-2.0603173709116653f,-1.5481334689212278f,0f,0f,0f,1f],start_interpolation:0}
execute if entity @s[tag=aj.dino.bone.tail_2] run data modify entity @s {} merge value {transformation:[-1.2180607126867202f,1.4827954907077252f,-0.3693501156744544f,-0.23867127539538607f,1.3110294998801597f,1.2567003962587886f,0.7215813464120031f,1.7725360818552018f,0.7850500784382322f,0.20197901322319747f,-1.7781098749976856f,-1.216958163946845f,0f,0f,0f,1f],start_interpolation:0}
execute if entity @s[tag=aj.dino.bone.tail_1] run data modify entity @s {} merge value {transformation:[-0.3298991625939915f,1.4083713632072776f,-0.4419421860577001f,-0.16047095631176234f,1.203961391524927f,0.5187317230814602f,0.7543544373743034f,1.602716232965478f,0.8539904918891925f,-0.18725317825504328f,-1.2342174593629114f,-0.949895238745463f,0f,0f,0f,1f],start_interpolation:0}
execute if entity @s[tag=aj.dino.bone.tail_0] run data modify entity @s {} merge value {transformation:[-0.4792903869987825f,1.122398225034554f,-0.379919288736263f,-0.022364241450170505f,0.9958543054000244f,0.6036376096474455f,0.5270024243012373f,1.4632807267155374f,0.6421764897057662f,-0.0983848425441084f,-1.100802205398762f,-0.6305894508121044f,0f,0f,0f,1f],start_interpolation:0}
execute if entity @s[tag=aj.dino.bone.body_1] run data modify entity @s {} merge value {transformation:[-1.070034348076882f,0.29210536582429913f,-0.5461735477378827f,0.08493808841379655f,0.39648753052172886f,1.1606250838755434f,-0.1560501453889725f,1.421383863835739f,0.47584527646359376f,-0.3102071323999349f,-1.0981563654287787f,-0.35438882682000156f,0f,0f,0f,1f],start_interpolation:0}