execute if entity @s[tag=aj.dino.bone.head_lower] run data modify entity @s {} merge value {transformation:[0.8381555382075745f,0.42106434833018086f,-0.3466988727083649f,0.8584436065620646f,0.38063843101845074f,0.0037142921832671316f,0.924716491074637f,0.437683157439547f,0.39065288761736183f,-0.9070231632096599f,-0.1571601183422799f,0.0758599380062327f,0f,0f,0f,1f],start_interpolation:0}
execute if entity @s[tag=aj.dino.bone.head_upper] run data modify entity @s {} merge value {transformation:[0.8724357504887901f,0.5677027922141767f,-0.006429896173011297f,0.87101879160468f,0.39620638424775917f,-0.6003616107561561f,0.7523685134261653f,0.4761914931408652f,0.40663042794887544f,-0.6330493018920471f,-0.7192859090956902f,0.01218553738513981f,0f,0f,0f,1f],start_interpolation:0}
execute if entity @s[tag=aj.dino.bone.neck_0] run data modify entity @s {} merge value {transformation:[0.7798541536590532f,0.38701797956551987f,-0.4919802663865133f,0.8326724072766674f,0.4751519883328745f,0.14566064117888872f,0.8677635424438337f,0.52978483204566f,0.4075022539864508f,-0.9104944047628069f,-0.07029830646313112f,0.022287274280399047f,0f,0f,0f,1f],start_interpolation:0}
execute if entity @s[tag=aj.dino.bone.neck_1] run data modify entity @s {} merge value {transformation:[0.5416695771554778f,0.6397247675620797f,-0.5452946826733677f,0.7894259227000856f,0.6230323228289318f,0.12993640099001125f,0.7713282416767513f,0.5957250585561636f,0.5642914086662952f,-0.7575412552893777f,-0.328186612524037f,-0.009004337120137505f,0f,0f,0f,1f],start_interpolation:0}
execute if entity @s[tag=aj.dino.bone.neck_2] run data modify entity @s {} merge value {transformation:[0.4382821233663857f,0.7603112541450704f,-0.4794116990205832f,0.7548697846507539f,0.7468957698019284f,-0.011333269154194331f,0.6648445427784329f,0.6538594670493124f,0.5000554863107065f,-0.6494600479095144f,-0.5728404287233351f,-0.06554807476108124f,0f,0f,0f,1f],start_interpolation:0}
execute if entity @s[tag=aj.dino.bone.body_0] run data modify entity @s {} merge value {transformation:[0.43943457629033283f,0.6330741398450224f,-0.6372710464315954f,0.4605571527586657f,0.7457191331501289f,0.1384191007672652f,0.6517231981421269f,0.9623327813303879f,0.5007995882729498f,-0.7616149197608111f,-0.4112693598888415f,-0.26663311594596406f,0f,0f,0f,1f],start_interpolation:0}
execute if entity @s[tag=aj.dino.bone.leg_left_3] run data modify entity @s {} merge value {transformation:[0.05413845278302243f,-0.042086368297066384f,-0.9976461123734327f,0.18795899854206305f,0.08939481039289711f,0.995303698864168f,-0.037136436314261556f,0.13317569826742656f,0.9945238035386978f,-0.08717387585090439f,0.05764650521976722f,-0.522473553825055f,0f,0f,0f,1f],start_interpolation:0}
execute if entity @s[tag=aj.dino.bone.leg_left_2] run data modify entity @s {} merge value {transformation:[0.06038993963959797f,-0.26048155340596246f,-0.9902346262508884f,0.09673212894287403f,0.0699525970393573f,0.9906873533002799f,-0.25633455030297747f,0.35629011908823816f,1.0215291913883173f,-0.052441661365722946f,0.07609325065620343f,-0.5307612284652634f,0f,0f,0f,1f],start_interpolation:0}
execute if entity @s[tag=aj.dino.bone.leg_left_1] run data modify entity @s {} merge value {transformation:[-0.32440375910994085f,0.41050236065168094f,-0.8522030350654336f,0.25991114896667844f,0.19896792548320708f,0.9103829732067127f,0.3627872747550754f,0.5804092762489089f,0.9247561655400025f,-0.051871514289664536f,-0.3770084618427665f,-0.5432750798878679f,0f,0f,0f,1f],start_interpolation:0}
execute if entity @s[tag=aj.dino.bone.leg_left_0] run data modify entity @s {} merge value {transformation:[-0.26391340840570376f,0.11177723011196333f,-0.958047787791497f,0.35110290348526196f,0.2922052655982153f,0.9558521801820651f,0.03102728473246355f,0.987158442372215f,0.919220210624397f,-0.2717580918200782f,-0.2849241020165708f,-0.5198986316916449f,0f,0f,0f,1f],start_interpolation:0}
execute if entity @s[tag=aj.dino.bone.leg_right_3] run data modify entity @s {} merge value {transformation:[0.014438929261485454f,0.8245602810307031f,-0.5655898339506726f,-0.35450426996285817f,0.6689318572719822f,0.4124588653931339f,0.618391344283913f,1.0445769559132276f,0.7431834818188833f,-0.3872699669548057f,-0.5456191758418919f,0.13313309416651678f,0f,0f,0f,1f],start_interpolation:0}
execute if entity @s[tag=aj.dino.bone.leg_right_2] run data modify entity @s {} merge value {transformation:[0.14806431897520952f,0.7618728829988979f,-0.6705884483780266f,-0.19786669760373557f,0.7287919206554254f,0.3918560678306711f,0.6061133210814251f,1.1535190208985309f,0.7064003775016531f,-0.5639687329594845f,-0.48476795934786177f,-0.014404594131064402f,0f,0f,0f,1f],start_interpolation:0}
execute if entity @s[tag=aj.dino.bone.leg_right_1] run data modify entity @s {} merge value {transformation:[0.033271006392927266f,0.8815571299257379f,0.4709034580576971f,0.017312485296058833f,0.42212915094368014f,-0.4394708412264812f,0.7928886174206667f,1.0004836537371702f,0.9059249527732249f,0.17240187466725626f,-0.38675259993185057f,0.07098557687315568f,0f,0f,0f,1f],start_interpolation:0}
execute if entity @s[tag=aj.dino.bone.leg_right_0] run data modify entity @s {} merge value {transformation:[0.07779989562724436f,0.5901128377039924f,-0.8035633235889572f,0.30537880936779255f,0.4629387181089737f,0.6924592921582328f,0.5533424545246274f,1.1734916537920224f,0.8829693763183467f,-0.4150505601497976f,-0.21931281997030902f,-0.17679114402142773f,0f,0f,0f,1f],start_interpolation:0}
execute if entity @s[tag=aj.dino.bone.tail_4] run data modify entity @s {} merge value {transformation:[2.298964846232045f,0.8185851073382707f,1.2924164922474726f,0.09138815557352749f,0.6491450107541916f,-2.634426739284489f,0.5138753175195658f,2.165095894425195f,1.3852915658453306f,-0.1239980200926072f,-2.385634737383514f,-1.2408695300669335f,0f,0f,0f,1f],start_interpolation:0}
execute if entity @s[tag=aj.dino.bone.tail_3] run data modify entity @s {} merge value {transformation:[1.7301510648253327f,0.9132043083264673f,0.7131484489096152f,-0.03847188866354935f,0.38457954205413125f,-1.6615714374574688f,1.1946649991120526f,1.9787846393337687f,1.0929873717301795f,-0.8609203073014042f,-1.5492386374470704f,-0.9697511268336454f,0f,0f,0f,1f],start_interpolation:0}
execute if entity @s[tag=aj.dino.bone.tail_2] run data modify entity @s {} merge value {transformation:[1.2965747453340386f,1.341774694553594f,0.5807826390486887f,-0.14516008788022555f,0.7517806805989029f,-1.2776048320497548f,1.273312835246761f,1.7423304550516776f,1.253991073749331f,-0.6214019932229903f,-1.3638694309860722f,-0.715431385459653f,0f,0f,0f,1f],start_interpolation:0}
execute if entity @s[tag=aj.dino.bone.tail_1] run data modify entity @s {} merge value {transformation:[1.1939075161396362f,0.9170170115436781f,0.14601675741087494f,-0.18893147629006637f,0.2408473013862391f,-0.5355163978963181f,1.3938690810112404f,1.448701416250683f,0.896790761727757f,-1.0770135737880258f,-0.5687392562115746f,-0.5807364333333498f,0f,0f,0f,1f],start_interpolation:0}
execute if entity @s[tag=aj.dino.bone.tail_0] run data modify entity @s {} merge value {transformation:[0.7514381859648304f,0.9017457576848122f,-0.505995017520288f,-0.01930724030023981f,0.7689304022132272f,-0.06912500704167673f,1.018726404162433f,1.1493377739945694f,0.6913193226072287f,-0.9032784944207184f,-0.583096280463999f,-0.43213986688310335f,0f,0f,0f,1f],start_interpolation:0}
execute if entity @s[tag=aj.dino.bone.body_1] run data modify entity @s {} merge value {transformation:[-0.14380744181624722f,0.3608250942633736f,-1.1737671260025746f,0.22927304394503256f,0.5860390014692641f,1.0586901875848946f,0.25364930617807435f,1.0190575662461896f,1.0791118123213297f,-0.5268632964228369f,-0.294172327806827f,-0.3282609394694559f,0f,0f,0f,1f],start_interpolation:0}