execute if entity @s[tag=aj.dino.bone.head_lower] run data modify entity @s {} merge value {transformation:[-0.9590194704241298f,-0.028999702781617467f,-0.28185221763541185f,-0.13967378243347264f,0.18946167753193843f,0.6740190327479878f,-0.7140046332064321f,1.7506080717703694f,0.2106796812561797f,-0.7381445391873096f,-0.6409030435048262f,0.3483360920362618f,0f,0f,0f,1f],start_interpolation:0}
execute if entity @s[tag=aj.dino.bone.head_upper] run data modify entity @s {} merge value {transformation:[-0.9982429671730308f,0.14936920297950704f,-0.25430643380449f,-0.1541608352001687f,0.1972105812006291f,1.0054252059398743f,-0.18357582767559466f,1.760590614882568f,0.21929639243635696f,-0.22423411659588394f,-0.9925220883196355f,0.2749471921470761f,0f,0f,0f,1f],start_interpolation:0}
execute if entity @s[tag=aj.dino.bone.neck_0] run data modify entity @s {} merge value {transformation:[-0.9255589675336783f,-0.3361047311111707f,-0.17428197652849586f,-0.15967555335751782f,0.013811950432045611f,0.4300467157248189f,-0.9027009761374806f,1.6952353496808992f,0.3783514604745887f,-0.8379101574864604f,-0.39339133231142864f,0.2629883691129557f,0f,0f,0f,1f],start_interpolation:0}
execute if entity @s[tag=aj.dino.bone.neck_1] run data modify entity @s {} merge value {transformation:[-0.9698564973653316f,-0.24315278658492592f,0.015971753010737617f,-0.15944271074194852f,-0.17747403804910633f,0.6599304704853337f,-0.7300648874884691f,1.6364294887951947f,0.16697706530178f,-0.7108927461305201f,-0.68319116150768f,0.20183811682943043f,0f,0f,0f,1f],start_interpolation:0}
execute if entity @s[tag=aj.dino.bone.neck_2] run data modify entity @s {} merge value {transformation:[-0.958100153825891f,-0.2794425683649009f,0.06289631328171534f,-0.15666843937201827f,-0.267024473028697f,0.7919242932985846f,-0.5491391849861786f,1.5960742114305946f,0.10364374579563734f,-0.54292519251658f,-0.8333607917872569f,0.12351388429994561f,0f,0f,0f,1f],start_interpolation:0}
execute if entity @s[tag=aj.dino.bone.body_0] run data modify entity @s {} merge value {transformation:[-0.9617201257427063f,-0.2588849821981186f,0.08984968410469318f,-0.11678882325145658f,-0.2427029504288156f,0.6524399775249583f,-0.7179257298498085f,1.263933813509764f,0.1272386639138483f,-0.7122504066123879f,-0.6902968062260658f,-0.20860548729736708f,0f,0f,0f,1f],start_interpolation:0}
execute if entity @s[tag=aj.dino.bone.leg_left_3] run data modify entity @s {} merge value {transformation:[-0.9677336476087374f,0.05395252620178536f,0.2461314937230376f,0.2293035869521839f,-0.025755517452864727f,0.9505118144290425f,-0.3096190303446239f,0.9354288846511433f,-0.25065562153405463f,-0.3059679975867666f,-0.9184526900424f,-0.05935261005606525f,0f,0f,0f,1f],start_interpolation:0}
execute if entity @s[tag=aj.dino.bone.leg_left_2] run data modify entity @s {} merge value {transformation:[-0.9271071246611555f,-0.3760199458998868f,0.22614946205698785f,0.14720462098877263f,-0.40693638508010704f,0.934550884760848f,-0.1143661741571598f,1.1491055996686104f,-0.1641260412035629f,-0.19309542609512317f,-0.9939008997484021f,-0.1353334847094834f,0f,0f,0f,1f],start_interpolation:0}
execute if entity @s[tag=aj.dino.bone.leg_left_1] run data modify entity @s {} merge value {transformation:[-0.8426012217482101f,-0.4674560634660361f,0.2674098162694498f,0.02280993263579255f,-0.20067470422816136f,0.7333219399497924f,0.6495910986699351f,1.3178709406919062f,-0.4997527830751557f,0.4936838675884704f,-0.71170456981217f,0.04648402500457377f,0f,0f,0f,1f],start_interpolation:0}
execute if entity @s[tag=aj.dino.bone.leg_left_0] run data modify entity @s {} merge value {transformation:[-0.8644486412586276f,0.4981720103167876f,0.06747736481993694f,0.1124010692038779f,-0.18896550221220415f,-0.1976121660940896f,-0.9618947295755869f,1.2966141428443183f,-0.46585468292140403f,-0.8442594861466065f,0.26496289259378514f,-0.3607368675809596f,0f,0f,0f,1f],start_interpolation:0}
execute if entity @s[tag=aj.dino.bone.leg_right_3] run data modify entity @s {} merge value {transformation:[-0.9590057251549299f,0.10923950488562126f,0.26148565867445095f,-0.3047207476639797f,0.14845300939932726f,0.9796341130923384f,0.1351987739074268f,0.3606340316296729f,-0.24139122419912132f,0.16847473115613665f,-0.9556916562581872f,-0.3678042905659704f,0f,0f,0f,1f],start_interpolation:0}
execute if entity @s[tag=aj.dino.bone.leg_right_2] run data modify entity @s {} merge value {transformation:[-0.980992568360835f,0.26656775951755923f,0.13659212974141455f,-0.23684099076743653f,0.16996356512168023f,0.8805549467476658f,-0.4977926996150494f,0.5502424093270053f,-0.24663366934105965f,-0.4534609297885531f,-0.8863448639233829f,-0.5005147791366467f,0f,0f,0f,1f],start_interpolation:0}
execute if entity @s[tag=aj.dino.bone.leg_right_1] run data modify entity @s {} merge value {transformation:[-0.9919198264169138f,0.023795007022528347f,-0.12461482898049221f,-0.2435222310228528f,-0.0461625043590405f,0.8472250985047698f,0.5292245796019731f,0.7514195505706323f,0.11816971334627602f,0.5307008857203662f,-0.8392809355295029f,-0.3094741956747634f,0f,0f,0f,1f],start_interpolation:0}
execute if entity @s[tag=aj.dino.bone.leg_right_0] run data modify entity @s {} merge value {transformation:[-0.9485531963120823f,-0.25074827630087626f,0.1933187411977215f,-0.24741789164624853f,-0.31303519153186843f,0.8343061381567556f,-0.4538085903732624f,1.1523364734629007f,-0.04749529059537033f,-0.4909771580899669f,-0.8698767887495107f,-0.4259118327658492f,0f,0f,0f,1f],start_interpolation:0}
execute if entity @s[tag=aj.dino.bone.tail_4] run data modify entity @s {} merge value {transformation:[-2.222002907740844f,-0.7733669192316305f,-1.4457759224130868f,-0.2898690639425276f,-0.7314471779258281f,2.6468058262632175f,-0.29165951992594386f,0.41143423227867565f,1.467429533400353f,0.148269544739528f,-2.3345937629932867f,-1.7592915970300111f,0f,0f,0f,1f],start_interpolation:0}
execute if entity @s[tag=aj.dino.bone.tail_3] run data modify entity @s {} merge value {transformation:[-1.4670132154609064f,-0.5129889224392701f,-1.3858788248480072f,-0.04985522985594479f,0.056325995401386726f,1.9319760009445825f,-0.7747526315287144f,0.5238977463845546f,1.4767007597849808f,-0.5833152006190319f,-1.3472356025661147f,-1.5251420275732626f,0f,0f,0f,1f],start_interpolation:0}
execute if entity @s[tag=aj.dino.bone.tail_2] run data modify entity @s {} merge value {transformation:[-1.6532555967182834f,-0.39566569882135966f,-0.9638301000169345f,0.128002039224553f,-0.020263075868392627f,1.8196403370824066f,-0.7122305289874596f,0.6567178513605572f,1.0416857562042405f,-0.5925635606764981f,-1.5435456218986097f,-1.2375710006624632f,0f,0f,0f,1f],start_interpolation:0}
execute if entity @s[tag=aj.dino.bone.tail_1] run data modify entity @s {} merge value {transformation:[-1.49377480284831f,-0.23279052629904556f,-0.04584385717745268f,0.14213985997881842f,-0.19347107464171562f,1.3642867028046646f,-0.623656143902518f,0.7744295366549571f,0.13733911188176878f,-0.6100709904722497f,-1.3771737744132857f,-0.9338922918791497f,0f,0f,0f,1f],start_interpolation:0}
execute if entity @s[tag=aj.dino.bone.tail_0] run data modify entity @s {} merge value {transformation:[-1.25432399498119f,-0.028374105541755568f,0.24433980914529851f,0.07005337105027806f,-0.15178652057674286f,1.0884114075810674f,-0.6528071511577015f,0.9914602649727584f,-0.19356622734780357f,-0.6696202166647399f,-1.071436697919309f,-0.6369527148932225f,0f,0f,0f,1f],start_interpolation:0}
execute if entity @s[tag=aj.dino.bone.body_1] run data modify entity @s {} merge value {transformation:[-1.1316712835009983f,-0.1809134093187337f,0.46389119358328595f,-0.02560903140867532f,-0.453769570407407f,0.848919150479116f,-0.7759085306776463f,1.1146674004733228f,-0.204982628843838f,-0.8804607937521913f,-0.8434307959718927f,-0.38156158676900975f,0f,0f,0f,1f],start_interpolation:0}