execute if entity @s[tag=aj.dino.bone.head_lower] run data modify entity @s {} merge value {transformation:[0.6129959530239533f,0.763468639733349f,-0.20335092259433066f,0.6301723893127802f,0.4342474854754309f,-0.11054725510426222f,0.893984578025359f,0.6095602706318162f,0.66004930341189f,-0.6363135552010684f,-0.39929935704037367f,0.2700666364717967f,0f,0f,0f,1f],start_interpolation:0}
execute if entity @s[tag=aj.dino.bone.head_upper] run data modify entity @s {} merge value {transformation:[0.6380672320876526f,0.7568993162321236f,0.32162956177387225f,0.6695387323507586f,0.4520080266949238f,-0.6628453013440258f,0.6631717672466286f,0.6405338853125419f,0.6870450449008934f,-0.26685478102705734f,-0.7350031120367029f,0.21361858317300692f,0f,0f,0f,1f],start_interpolation:0}
execute if entity @s[tag=aj.dino.bone.neck_0] run data modify entity @s {} merge value {transformation:[0.5386056141295558f,0.7171385612860673f,-0.44228528841085596f,0.6291251958936559f,0.4936259297555303f,0.15682962450412358f,0.8554168050435322f,0.6931415980933661f,0.6828158125740152f,-0.6790557803262154f,-0.2695288728586271f,0.20699205457217607f,0f,0f,0f,1f],start_interpolation:0}
execute if entity @s[tag=aj.dino.bone.neck_1] run data modify entity @s {} merge value {transformation:[0.2697218409786516f,0.8812986475589102f,-0.3880242547959124f,0.6003144814010709f,0.6448452206168008f,0.1339533835166327f,0.7524833104409133f,0.7575039173248491f,0.7151396856186606f,-0.453176769986373f,-0.5321710676069878f,0.15982245166837092f,0f,0f,0f,1f],start_interpolation:0}
execute if entity @s[tag=aj.dino.bone.neck_2] run data modify entity @s {} merge value {transformation:[0.19686846608243158f,0.9525820312666196f,-0.23201353574805086f,0.5893147290178933f,0.7636088314859247f,-0.0005503498874723789f,0.6456789059522561f,0.8140648438086944f,0.6149344351547174f,-0.30428140071809007f,-0.727508398328147f,0.09310815457293217f,0f,0f,0f,1f],start_interpolation:0}
execute if entity @s[tag=aj.dino.bone.body_0] run data modify entity @s {} merge value {transformation:[0.19859164796219228f,0.8734550773501628f,-0.44456448937233195f,0.3881139037241554f,0.7611693832693249f,0.1482892450015231f,0.6313726869213413f,1.1130410639273423f,0.6173998115751709f,-0.46377422057300655f,-0.6353982570001618f,-0.2107706903765139f,0f,0f,0f,1f],start_interpolation:0}
execute if entity @s[tag=aj.dino.bone.leg_left_3] run data modify entity @s {} merge value {transformation:[-0.2310201061483353f,-0.04944565223947253f,-0.9716917402292895f,0.2737235132307599f,0.1584233091013929f,0.9834678407066886f,-0.0877100987862171f,0.2665514884848553f,0.9599644606382968f,-0.1742014172454879f,-0.2193675011050796f,-0.4448046588753791f,0f,0f,0f,1f],start_interpolation:0}
execute if entity @s[tag=aj.dino.bone.leg_left_2] run data modify entity @s {} merge value {transformation:[-0.21969869125211847f,-0.2958219700661438f,-0.9572272700821819f,0.174844395550063f,0.112156258146646f,0.9665499585624726f,-0.324444680742526f,0.48200008337670525f,0.9955981409792524f,-0.17416296715938856f,-0.17468200264935307f,-0.48925570061604096f,0f,0f,0f,1f],start_interpolation:0}
execute if entity @s[tag=aj.dino.bone.leg_left_1] run data modify entity @s {} merge value {transformation:[-0.5672184915660554f,0.40416297272426455f,-0.7175761104609143f,0.333996901905876f,0.23930056065014202f,0.9145920281882551f,0.32597034166779904f,0.7084120916730965f,0.7880345325542887f,0.01318003995363573f,-0.6154899365942259f,-0.4687260177245927f,0f,0f,0f,1f],start_interpolation:0}
execute if entity @s[tag=aj.dino.bone.leg_left_0] run data modify entity @s {} merge value {transformation:[-0.5217124070617251f,0.016998911929342886f,-0.8529520510035012f,0.34944441889462097f,0.32859372269144754f,0.926667878069466f,-0.18251796942221687f,1.125317561234508f,0.7873006603106827f,-0.375496578875829f,-0.4890398649669691f,-0.48480340038205194f,0f,0f,0f,1f],start_interpolation:0}
execute if entity @s[tag=aj.dino.bone.leg_right_3] run data modify entity @s {} merge value {transformation:[-0.2092529308360824f,0.8105421198021251f,-0.5470234756965993f,-0.3620079451859948f,0.6848227725443308f,0.5207882391747367f,0.5097032275177132f,1.0061505713932786f,0.698019327197468f,-0.2679572390586892f,-0.6640541671391265f,0.0687933805249367f,0f,0f,0f,1f],start_interpolation:0}
execute if entity @s[tag=aj.dino.bone.leg_right_2] run data modify entity @s {} merge value {transformation:[-0.12459250945000391f,0.7572895428856447f,-0.6804788419383052f,-0.20632140633101517f,0.7470297721337081f,0.5337830572877453f,0.45725744039775085f,1.1435470042872917f,0.6917264095258365f,-0.4400572638751619f,-0.6163816823818626f,-0.05390541292216097f,0f,0f,0f,1f],start_interpolation:0}
execute if entity @s[tag=aj.dino.bone.leg_right_1] run data modify entity @s {} merge value {transformation:[-0.22728566788205118f,0.8952009019019462f,0.3833491494830169f,0.012018766228877042f,0.41909536900775723f,-0.265416104488303f,0.8682818454594721f,1.0337378761332303f,0.8790337290750918f,0.3580078724165109f,-0.31484927574339694f,0.07755906927864892f,0f,0f,0f,1f],start_interpolation:0}
execute if entity @s[tag=aj.dino.bone.leg_right_0] run data modify entity @s {} merge value {transformation:[-0.1923452116888907f,0.21834235905293645f,-0.9567287670931373f,0.19799583342078786f,0.4824136051138924f,0.8700347865583996f,0.10157058520702592f,1.3109803855714905f,0.8545644698566478f,-0.4420023579365599f,-0.27267834977707317f,-0.173152717447713f,0f,0f,0f,1f],start_interpolation:0}
execute if entity @s[tag=aj.dino.bone.tail_4] run data modify entity @s {} merge value {transformation:[1.2519285221150216f,2.3608094831296267f,0.6963583068220893f,-0.1283161053125778f,1.9889388441699734f,-1.4305429284465798f,1.2740998923252813f,2.2912709440308388f,1.4499857176078355f,-0.07607132072411298f,-2.348918028475362f,-1.3804847360402428f,0f,0f,0f,1f],start_interpolation:0}
execute if entity @s[tag=aj.dino.bone.tail_3] run data modify entity @s {} merge value {transformation:[1.0645460130339206f,1.7808740453767604f,0.17656428484107983f,-0.1756821338764729f,1.287506295451248f,-0.9048269712105209f,1.3636572946997512f,2.0688995018755856f,1.2429862635409266f,-0.5879807077769238f,-1.5637165222556035f,-1.1095823468174033f,0f,0f,0f,1f],start_interpolation:0}
execute if entity @s[tag=aj.dino.bone.tail_2] run data modify entity @s {} merge value {transformation:[0.5900915373097053f,1.843465923806028f,0.2686991633113785f,-0.22475772318322962f,1.207269302741796f,-0.5930692511987256f,1.4175837079138212f,1.8061253734740457f,1.4188258114566368f,-0.26206130208664696f,-1.3179647437226252f,-0.863588794165822f,0f,0f,0f,1f],start_interpolation:0}
execute if entity @s[tag=aj.dino.bone.tail_1] run data modify entity @s {} merge value {transformation:[0.8640516474065919f,1.2356540725043728f,-0.11928962116342708f,-0.21501801282514096f,0.6238896422919604f,-0.3065845949618763f,1.3432884464525379f,1.520216320220285f,1.0732346970046978f,-0.8165911763149422f,-0.6848374886860493f,-0.707262762077411f,0f,0f,0f,1f],start_interpolation:0}
execute if entity @s[tag=aj.dino.bone.tail_0] run data modify entity @s {} merge value {transformation:[0.4270585927857907f,1.096500805532692f,-0.49914192208028985f,-0.04269662437340063f,0.8948189298774751f,0.06590827635698805f,0.9103795353722585f,1.2557727449092746f,0.8066943396632817f,-0.6535884019456255f,-0.7455884654294306f,-0.5051567357952249f,0f,0f,0f,1f],start_interpolation:0}
execute if entity @s[tag=aj.dino.bone.body_1] run data modify entity @s {} merge value {transformation:[-0.4763229116738281f,0.4033162660922997f,-1.0672661656663638f,0.1782615964734844f,0.5839305583547864f,1.0797656928553898f,0.14743048059420338f,1.1487673413782296f,0.9801766075000384f,-0.4472657298453969f,-0.6064748800006727f,-0.3340333006311054f,0f,0f,0f,1f],start_interpolation:0}