execute if entity @s[tag=aj.dino.bone.head_lower] run data modify entity @s {} merge value {transformation:[-0.4115340008739853f,0.07181516328714244f,0.9085605915109298f,0.19564506802373738f,0.18164223498150997f,0.9833541647564675f,0.004548090481983458f,0.23405694367930394f,-0.8931102197352647f,0.16690467033055556f,-0.41772834046336393f,0.44861973617424195f,0f,0f,0f,1f],start_interpolation:0}
execute if entity @s[tag=aj.dino.bone.head_upper] run data modify entity @s {} merge value {transformation:[-0.42836557003723097f,-0.37729596925189657f,0.8704152069997722f,0.2470441410825549f,0.18907132670798918f,0.901922994494177f,0.4840029834650248f,0.28773396982272176f,-0.9296380555931789f,0.3572878477816393f,-0.30263909530000466f,0.43549081219357827f,0f,0f,0f,1f],start_interpolation:0}
execute if entity @s[tag=aj.dino.bone.neck_0] run data modify entity @s {} merge value {transformation:[-0.7464740569037488f,0.24951674826297404f,0.6168613091335275f,0.28312262970750945f,0.2680591974852472f,0.9612452232297823f,-0.06443514151060542f,0.2678780438207553f,-0.6090326337834646f,0.11725618599544355f,-0.7844298807621868f,0.38306161121320526f,0f,0f,0f,1f],start_interpolation:0}
execute if entity @s[tag=aj.dino.bone.neck_1] run data modify entity @s {} merge value {transformation:[-0.9141300410573155f,0.05246707807424335f,0.4020117831045516f,0.31742001341142145f,0.16749614041299798f,0.9518839321542799f,0.25663597303039176f,0.2940036893735188f,-0.3692036172402694f,0.3019340746336158f,-0.8789337310581743f,0.30999536072743555f,0f,0f,0f,1f],start_interpolation:0}
execute if entity @s[tag=aj.dino.bone.neck_2] run data modify entity @s {} merge value {transformation:[-0.9923071365193002f,0.11722001129902507f,0.039824813419810534f,0.32205662292622206f,0.1229752881144137f,0.8962215310147637f,0.4262206539560587f,0.3401183842420657f,0.014269734617126884f,0.4278392645569241f,-0.9037421857904759f,0.23500958098534902f,0f,0f,0f,1f],start_interpolation:0}
execute if entity @s[tag=aj.dino.bone.body_0] run data modify entity @s {} merge value {transformation:[-0.9544445251154989f,0.025789683495779814f,-0.29727182964794513f,0.18219920335490836f,-0.04147811458303324f,0.9751185939612775f,0.21776889980348013f,0.4520412735917952f,0.2954914795517564f,0.22017860917030266f,-0.9296268958975665f,-0.20102261247470588f,0f,0f,0f,1f],start_interpolation:0}
execute if entity @s[tag=aj.dino.bone.leg_left_3] run data modify entity @s {} merge value {transformation:[-0.7716552979355618f,0.06227503287144924f,-0.6329849298749847f,0.396341171168585f,0.07677668161499554f,0.9970381805660472f,0.0044952923970548175f,0.02253187761534764f,0.6313900872900753f,-0.045129666234145105f,-0.7741510646491581f,-0.4012536529420559f,0f,0f,0f,1f],start_interpolation:0}
execute if entity @s[tag=aj.dino.bone.leg_left_2] run data modify entity @s {} merge value {transformation:[-0.8947380374130014f,-0.44689297235401965f,-0.2275801291141521f,0.28374974565857464f,-0.3412820904476028f,0.8836370591516377f,-0.3934136270317192f,0.21581869226949707f,0.36746779266588653f,-0.26745919026110854f,-0.9195081306866332f,-0.4914448401417587f,0f,0f,0f,1f],start_interpolation:0}
execute if entity @s[tag=aj.dino.bone.leg_left_1] run data modify entity @s {} merge value {transformation:[-0.9842610240924325f,0.1603518022149552f,-0.07428011832874092f,0.35085403171021234f,0.0001993455560699933f,0.42133190160159517f,0.9069064940522438f,0.282178513676207f,0.1767206742683639f,0.8926179071804459f,-0.41473253437237734f,-0.2304720933727998f,0f,0f,0f,1f],start_interpolation:0}
execute if entity @s[tag=aj.dino.bone.leg_left_0] run data modify entity @s {} merge value {transformation:[-0.9749968498063124f,-0.18893526215118084f,-0.11698123603224395f,0.1728265430551286f,-0.039323286143110536f,0.6648076575468718f,-0.7459788587044195f,0.5993586080710417f,0.218711732732092f,-0.7227269506410468f,-0.6556149272114082f,-0.4354361867338099f,0f,0f,0f,1f],start_interpolation:0}
execute if entity @s[tag=aj.dino.bone.leg_right_3] run data modify entity @s {} merge value {transformation:[-0.8718847954796516f,0.03714352739701424f,0.4883003806919604f,-0.16880742020429212f,0.022783107014102688f,0.9991163457227364f,-0.035319367837346044f,0.01431943342603434f,-0.48918077787888414f,-0.019669419975002905f,-0.8719605957104121f,-0.19850681914365884f,0f,0f,0f,1f],start_interpolation:0}
execute if entity @s[tag=aj.dino.bone.leg_right_2] run data modify entity @s {} merge value {transformation:[-0.9752966879875005f,0.160497795126854f,-0.2740420180569488f,-0.13835168891750366f,0.21484260994893048f,0.9852505656860042f,-0.18757978373597575f,0.2378495520965835f,0.23388292552394335f,-0.2357625501972736f,-0.9704519547991719f,-0.28381688036115404f,0f,0f,0f,1f],start_interpolation:0}
execute if entity @s[tag=aj.dino.bone.leg_right_1] run data modify entity @s {} merge value {transformation:[-0.9355090771135391f,0.2975739500021023f,-0.19045343503943662f,-0.06604045785764906f,-0.17989913184183165f,0.06273254813053009f,0.9816827032028252f,0.19924445211619113f,0.3040708289210422f,0.9526354873114885f,-0.005153572942449891f,-0.018686501532401464f,0f,0f,0f,1f],start_interpolation:0}
execute if entity @s[tag=aj.dino.bone.leg_right_0] run data modify entity @s {} merge value {transformation:[-0.9493069783554469f,-0.21209184954904015f,-0.23202005990973837f,-0.02004546574854434f,-0.12539534890124898f,0.9323223475951633f,-0.33919175498319176f,0.6074972576280353f,0.2882572936103876f,-0.2929028636417045f,-0.9116554421221341f,-0.09299253128130433f,0f,0f,0f,1f],start_interpolation:0}
execute if entity @s[tag=aj.dino.bone.tail_4] run data modify entity @s {} merge value {transformation:[0.4807364111471258f,-1.662524042885254f,2.151875377763744f,-0.23078143355501135f,2.6466045361937223f,-0.2158206075239062f,-0.7580021279434669f,0.30702842769764493f,0.6245304344835357f,2.1943328379706855f,1.555804121413529f,0.48963939684377494f,0f,0f,0f,1f],start_interpolation:0}
execute if entity @s[tag=aj.dino.bone.tail_3] run data modify entity @s {} merge value {transformation:[0.7294534985609624f,-1.3891856497640516f,1.3689435159900674f,-0.44930939357124533f,1.810068566180509f,-0.06206600399654687f,-1.0274945853470876f,0.4818609037814837f,0.7262884449079821f,1.54992147145653f,1.1858305330676953f,0.27339916138260345f,0f,0f,0f,1f],start_interpolation:0}
execute if entity @s[tag=aj.dino.bone.tail_2] run data modify entity @s {} merge value {transformation:[0.750263480589412f,-1.4115573157005348f,1.12400379411679f,-0.6580403494847143f,1.7261979260735631f,0.20698569430310415f,-0.8922844374839051f,0.6490603131068999f,0.5254705555175931f,1.3354537587834852f,1.3263550913830993f,0.02753897848626291f,0f,0f,0f,1f],start_interpolation:0}
execute if entity @s[tag=aj.dino.bone.tail_1] run data modify entity @s {} merge value {transformation:[1.2363747738906945f,-0.7663367588717879f,-0.4144413595294493f,-0.5606707153573642f,0.6975011598004976f,1.301793265144997f,-0.3263168351465936f,0.702700604457915f,0.5220400373186865f,0.07562087559008956f,1.4175372773268762f,-0.2789223575620424f,0f,0f,0f,1f],start_interpolation:0}
execute if entity @s[tag=aj.dino.bone.tail_0] run data modify entity @s {} merge value {transformation:[0.5347976504212454f,0.04627027310249277f,-1.1600371767814013f,-0.22056430641614772f,-0.06674912258374223f,1.2763129818854442f,0.02013562735587478f,0.7276162119539371f,1.1590391470188761f,0.05215314642219418f,0.536417767770652f,-0.43441754848766373f,0f,0f,0f,1f],start_interpolation:0}
execute if entity @s[tag=aj.dino.bone.body_1] run data modify entity @s {} merge value {transformation:[-0.6066042579817864f,0.39760026600027215f,-1.0012741371528224f,-0.014563294627827326f,0.025596972345112344f,1.154080928204669f,0.442771500005662f,0.5469425f,1.0770239849981893f,0.19650912112930832f,-0.5744633113679732f,-0.3140991593777472f,0f,0f,0f,1f],start_interpolation:0}