execute if entity @s[tag=aj.dino.bone.head_lower] run data modify entity @s {} merge value {transformation:[-0.3954746350767313f,0.5697608444942f,-0.7203973855395245f,0.3593645240028701f,0.017648207405258062f,0.7889081875933106f,0.6142576107168871f,0.3127889872080126f,0.918307330791989f,0.23020958196715888f,-0.3220484351525386f,0.46123798826291484f,0f,0f,0f,1f],start_interpolation:0}
execute if entity @s[tag=aj.dino.bone.head_upper] run data modify entity @s {} merge value {transformation:[-0.4116493828702717f,0.9185577029030307f,-0.2650820148624555f,0.3615886509356318f,0.018370011734713365f,0.29615672286058187f,0.9977102188295227f,0.3882243247074994f,0.955865717993327f,0.3898908623262351f,-0.13333336875333923f,0.46109796139993925f,0f,0f,0f,1f],start_interpolation:0}
execute if entity @s[tag=aj.dino.bone.neck_0] run data modify entity @s {} merge value {transformation:[-0.33661233319714345f,0.6472070157675897f,-0.6839701863976135f,0.30696524072016435f,-0.0363090299323276f,0.716896820668679f,0.6962331526582983f,0.42161921856985174f,0.9409430330710509f,0.25919495993624364f,-0.21781685255898037f,0.4425022528990008f,0f,0f,0f,1f],start_interpolation:0}
execute if entity @s[tag=aj.dino.bone.neck_1] run data modify entity @s {} merge value {transformation:[-0.8055048098836767f,0.5271466555326316f,-0.27069984265791985f,0.28646190986031056f,0.13765782564507456f,0.6107658422205262f,0.7797534283447052f,0.490488290103775f,0.5763786292819434f,0.5908311853121941f,-0.5645406860179839f,0.39740013261360874f,0f,0f,0f,1f],start_interpolation:0}
execute if entity @s[tag=aj.dino.bone.neck_2] run data modify entity @s {} merge value {transformation:[-0.9118969253797835f,0.24270069520899762f,-0.3309688354331364f,0.25984274910413263f,-0.042524773330579996f,0.7462028195947316f,0.6643590863998589f,0.5559969207461454f,0.4082102903358514f,0.6199013829424337f,-0.6701392648472243f,0.34476012894587627f,0f,0f,0f,1f],start_interpolation:0}
execute if entity @s[tag=aj.dino.bone.body_0] run data modify entity @s {} merge value {transformation:[-0.9258329342509426f,0.11814047937040793f,-0.3589933216515593f,0.09177597857631127f,0.12865244852165542f,0.9916748102333064f,-0.0054422640618025375f,0.5628789442632931f,0.3553616824387127f,-0.05122399713870235f,-0.933324261321574f,-0.09560006805174412f,0f,0f,0f,1f],start_interpolation:0}
execute if entity @s[tag=aj.dino.bone.leg_left_3] run data modify entity @s {} merge value {transformation:[-0.959606634419868f,-0.1184209739735828f,-0.2552088950262541f,0.35845131417351256f,-0.14850034585820632f,0.9836434091402149f,0.10194749106775236f,0.029288309677109686f,0.23896182636012553f,0.13572809796856478f,-0.9614962969062693f,-0.32588530303996643f,0f,0f,0f,1f],start_interpolation:0}
execute if entity @s[tag=aj.dino.bone.leg_left_2] run data modify entity @s {} merge value {transformation:[-1.0154467798918967f,-0.1438052493921445f,-0.015814137824599114f,0.3228664495593918f,-0.13086722481402488f,0.9608438443274481f,-0.3342380525736428f,0.24272713721601302f,0.06167500447789056f,-0.3288789390733447f,-0.9695860130784364f,-0.43241537567313715f,0f,0f,0f,1f],start_interpolation:0}
execute if entity @s[tag=aj.dino.bone.leg_left_1] run data modify entity @s {} merge value {transformation:[-0.9667871148373863f,-0.03816510379088024f,0.25271743002221597f,0.31834916835482074f,0.2245350419679049f,0.3455190594150505f,0.9111534418029769f,0.2837979507654603f,-0.1220929543948932f,0.9376353259309135f,-0.32547397139180934f,-0.15799568231154365f,0f,0f,0f,1f],start_interpolation:0}
execute if entity @s[tag=aj.dino.bone.leg_left_0] run data modify entity @s {} merge value {transformation:[-0.9863775362487956f,0.16317311676077342f,0.020830025211955844f,0.26602887836819544f,0.13496121214149218f,0.8751519193370499f,-0.4646445838465964f,0.6809287091808361f,-0.09404694147634393f,-0.4555037343944094f,-0.8852522356660233f,-0.27571155439596967f,0f,0f,0f,1f],start_interpolation:0}
execute if entity @s[tag=aj.dino.bone.leg_right_3] run data modify entity @s {} merge value {transformation:[-0.9924632544902022f,0.10586026505511939f,0.06172756895566175f,-0.2570535939962425f,0.11936115746482442f,0.949130754042847f,0.29138243910488903f,0.13391782607141614f,-0.027741711832068333f,0.2965542378933688f,-0.9546130008606161f,-0.22218546042519982f,0f,0f,0f,1f],start_interpolation:0}
execute if entity @s[tag=aj.dino.bone.leg_right_2] run data modify entity @s {} merge value {transformation:[-1.0172360974601826f,0.12726636935602156f,-0.03310880178455138f,-0.22683308036301203f,0.1310086598327778f,1.0031304750532841f,-0.16919864233759904f,0.3623138434255845f,0.011386508397729159f,-0.17203116215094275f,-1.0111072278330324f,-0.29355108154989695f,0f,0f,0f,1f],start_interpolation:0}
execute if entity @s[tag=aj.dino.bone.leg_right_1] run data modify entity @s {} merge value {transformation:[-0.9490063964548241f,0.03903175475374533f,-0.312831235027247f,-0.2185380322644373f,-0.29938449862532024f,0.19931357169561204f,0.9330825376786366f,0.3610114841617733f,0.098771359566905f,0.9791581191302976f,-0.1774643521119766f,-0.016165282170844425f,0f,0f,0f,1f],start_interpolation:0}
execute if entity @s[tag=aj.dino.bone.leg_right_0] run data modify entity @s {} merge value {transformation:[-0.999612094090723f,-0.02195405158086447f,0.017137122475611652f,-0.11232245430033366f,-0.027833687947904688f,0.808991485713201f,-0.5871610186812186f,0.7296827898152771f,-0.0009732228819936961f,-0.5874102447716864f,-0.809288735356232f,-0.18080731188970217f,0f,0f,0f,1f],start_interpolation:0}
execute if entity @s[tag=aj.dino.bone.tail_4] run data modify entity @s {} merge value {transformation:[-0.44881210940998184f,2.722583231173822f,-0.10848765541788534f,0.11370405392216186f,2.521194962712645f,0.456652661335588f,1.0299056454294786f,0.696326159889289f,1.0333464966018657f,0.06833906515480037f,-2.5599191631249645f,-1.9327271858071124f,0f,0f,0f,1f],start_interpolation:0}
execute if entity @s[tag=aj.dino.bone.tail_3] run data modify entity @s {} merge value {transformation:[-0.36755593826970373f,2.0437343561321315f,0.15491300736962746f,0.06743698741047383f,2.0297201057891554f,0.3410846058144512f,0.31597960357609595f,0.6394099152322347f,0.2847533150682961f,0.20677693122305718f,-2.052341193933415f,-1.5867494363992827f,0f,0f,0f,1f],start_interpolation:0}
execute if entity @s[tag=aj.dino.bone.tail_2] run data modify entity @s {} merge value {transformation:[-0.6475064795519242f,1.8371962036274823f,0.15562565122053842f,0.038464889472081126f,1.8433373905424935f,0.6486391899240889f,0.012179528947788464f,0.6386631595852553f,-0.040205703190487725f,0.15083496171035765f,-1.9479235587567523f,-1.224628539644908f,0f,0f,0f,1f],start_interpolation:0}
execute if entity @s[tag=aj.dino.bone.tail_1] run data modify entity @s {} merge value {transformation:[-1.3583994219700382f,0.5255917053221658f,0.4076280408509748f,-0.05437915599596706f,0.3185570449966652f,1.3278008189963189f,-0.6504787807113295f,0.7621036020196803f,-0.583890973962142f,-0.4983518780633247f,-1.3032164003557887f,-0.9375412403933587f,0f,0f,0f,1f],start_interpolation:0}
execute if entity @s[tag=aj.dino.bone.tail_0] run data modify entity @s {} merge value {transformation:[-1.26069638824098f,0.08329686920237533f,-0.19375748976815774f,0.004251387691537878f,0.0918200191092968f,1.273942124249137f,-0.04976208133099057f,0.8073877315498259f,0.18986684110434818f,-0.06299850973400963f,-1.262464845848936f,-0.5701399362851863f,0f,0f,0f,1f],start_interpolation:0}
execute if entity @s[tag=aj.dino.bone.body_1] run data modify entity @s {} merge value {transformation:[-1.1899576866202188f,0.2321093650218202f,-0.24234385030133213f,0.04495872529296934f,0.1533370917339463f,1.170331321245676f,0.36799039371453157f,0.643005f,0.29848456477393004f,0.32412102097329026f,-1.1551870512653781f,-0.32340697934458584f,0f,0f,0f,1f],start_interpolation:0}