execute if entity @s[tag=aj.dino.bone.head_lower] run data modify entity @s {} merge value {transformation:[0.14461662702255787f,0.10602038597269325f,0.9837914966835297f,-0.42630451682918175f,-0.47550319980241085f,0.8793624407577519f,-0.024867745419269838f,0.6076450431325293f,-0.8677457796879721f,-0.464199715147231f,0.17758346288701204f,0.368816145290163f,0f,0f,0f,1f],start_interpolation:0}
execute if entity @s[tag=aj.dino.bone.head_upper] run data modify entity @s {} merge value {transformation:[0.15053138681085257f,-0.38809467398342723f,0.95404128222735f,-0.3692032583477397f,-0.49495108254799625f,0.8182914278509664f,0.4109677695071722f,0.6541969491976876f,-0.9032362205164687f,-0.5130824550838112f,-0.06620171308811384f,0.35245085234035334f,0f,0f,0f,1f],start_interpolation:0}
execute if entity @s[tag=aj.dino.bone.neck_0] run data modify entity @s {} merge value {transformation:[-0.1772725683664001f,0.18606960434023895f,0.9664121992428732f,-0.30967621088211866f,-0.268135617531371f,0.9356853443602796f,-0.22933867305898337f,0.6242661943601084f,-0.9469306875985433f,-0.2997849874327465f,-0.11597945591395847f,0.35012345268079215f,0f,0f,0f,1f],start_interpolation:0}
execute if entity @s[tag=aj.dino.bone.neck_1] run data modify entity @s {} merge value {transformation:[-0.2928435610673429f,-0.10955642869475368f,0.9498631678684297f,-0.22971504638202758f,-0.4344763045660733f,0.9001793815058811f,-0.030123444064350968f,0.6258613571658295f,-0.8517470220153434f,-0.4215144956503167f,-0.31121140796033364f,0.32181789718467335f,0f,0f,0f,1f],start_interpolation:0}
execute if entity @s[tag=aj.dino.bone.neck_2] run data modify entity @s {} merge value {transformation:[-0.6488692289382223f,-0.19550891172750015f,0.7353536490507444f,-0.16720670601169652f,-0.3364827125699666f,0.9405234193840948f,-0.046851699345992814f,0.6309651090182828f,-0.6824574037100586f,-0.27783441655989755f,-0.6760620748837695f,0.2598696163746617f,0f,0f,0f,1f],start_interpolation:0}
execute if entity @s[tag=aj.dino.bone.body_0] run data modify entity @s {} merge value {transformation:[-0.8131452068631462f,-0.089747748808569f,0.5751001774815279f,0.10298089151759438f,-0.3341262128752429f,0.8810074488918402f,-0.33494111253582964f,0.48150131591932427f,-0.4766073293867171f,-0.46451180456570257f,-0.7463740597006141f,-0.09631873463775781f,0f,0f,0f,1f],start_interpolation:0}
execute if entity @s[tag=aj.dino.bone.leg_left_3] run data modify entity @s {} merge value {transformation:[-0.9968433371217622f,0.07927713480137338f,-0.004300829412217544f,0.395830712697876f,0.07909592637029086f,0.9963336456096806f,0.03260523052743822f,0.012514614256507323f,0.006869910303172688f,0.03216212872007601f,-0.9994590545933429f,-0.18761230995916778f,0f,0f,0f,1f],start_interpolation:0}
execute if entity @s[tag=aj.dino.bone.leg_left_2] run data modify entity @s {} merge value {transformation:[-0.8696606426867374f,-0.14994710883063145f,0.5227508303347967f,0.37568442883378034f,-0.32542262507327757f,0.9334273554615735f,-0.27363422057031417f,0.22113379888596896f,-0.4357208752777427f,-0.3978585629718699f,-0.8389982611530551f,-0.3069573354818993f,0f,0f,0f,1f],start_interpolation:0}
execute if entity @s[tag=aj.dino.bone.leg_left_1] run data modify entity @s {} merge value {transformation:[-0.8070558375145656f,-0.5508222027371251f,0.21273405017881877f,0.23083365468914366f,0.040034423176735646f,0.3084029485114079f,0.9504129977595925f,0.2537135904928711f,-0.5891163892598553f,0.7755530428805566f,-0.22684655074331606f,-0.07250009829712856f,0f,0f,0f,1f],start_interpolation:0}
execute if entity @s[tag=aj.dino.bone.leg_left_0] run data modify entity @s {} merge value {transformation:[-0.8294474144527979f,0.3656465911667113f,0.4222790037708864f,0.24357772322455057f,-0.0044232239021675945f,0.7516569758441313f,-0.6595394042475146f,0.6020148645642768f,-0.5585672938401245f,-0.5489210881657027f,-0.621842598427529f,-0.3023502446139269f,0f,0f,0f,1f],start_interpolation:0}
execute if entity @s[tag=aj.dino.bone.leg_right_3] run data modify entity @s {} merge value {transformation:[-0.5945877063340091f,-0.026950669774956762f,0.8035789450173166f,-0.1870802083867162f,-0.015744813359889392f,0.9996367016642135f,0.02187614084237416f,0.001011723799428016f,-0.8038765827717118f,0.0003550838976725812f,-0.5947960268753496f,-0.20104765670198754f,0f,0f,0f,1f],start_interpolation:0}
execute if entity @s[tag=aj.dino.bone.leg_right_2] run data modify entity @s {} merge value {transformation:[-0.8976707249588571f,0.40441962205590765f,0.28756605910414945f,-0.08253087553329161f,0.2680562026434414f,0.8953922557108757f,-0.42246985707629303f,0.19625429110093967f,-0.4176066825098861f,-0.2945839052118118f,-0.8893183800045632f,-0.29655079266847917f,0f,0f,0f,1f],start_interpolation:0}
execute if entity @s[tag=aj.dino.bone.leg_right_1] run data modify entity @s {} merge value {transformation:[-0.8988727938732162f,-0.4174872376030989f,-0.13316195730422567f,-0.20678831414128357f,-0.27683812280451775f,0.30545002434151736f,0.9110768004904075f,0.22540201620178113f,-0.33968861358107f,0.8558064553789605f,-0.3901370999213872f,-0.050128624972891014f,0f,0f,0f,1f],start_interpolation:0}
execute if entity @s[tag=aj.dino.bone.leg_right_0] run data modify entity @s {} merge value {transformation:[-0.8991498328421268f,0.028029793451571028f,0.4367423826227971f,-0.12678725706693283f,-0.22887920943236328f,0.820474757324739f,-0.5238658989498429f,0.6168061028197263f,-0.3730199533397535f,-0.5709951867327544f,-0.7313143039339756f,-0.17141320936106327f,0f,0f,0f,1f],start_interpolation:0}
execute if entity @s[tag=aj.dino.bone.tail_4] run data modify entity @s {} merge value {transformation:[0.10756625971781401f,-2.588615932007421f,0.9555932125793241f,-0.8158606059532527f,2.704097026020977f,0.28933037594247385f,0.47938349890405596f,0.5988621672371055f,-0.5494998682755328f,0.9170696929428749f,2.5461135883245336f,0.022138030909315598f,0f,0f,0f,1f],start_interpolation:0}
execute if entity @s[tag=aj.dino.bone.tail_3] run data modify entity @s {} merge value {transformation:[0.15717547699453122f,-2.069827277673199f,0.1644884071171618f,-0.8234968764160392f,2.0744585045386725f,0.1635834927975031f,0.07620944741821747f,0.5843390683080935f,-0.08867529770551887f,0.1581170690614033f,2.0743869480144523f,-0.3311486379669427f,0f,0f,0f,1f],start_interpolation:0}
execute if entity @s[tag=aj.dino.bone.tail_2] run data modify entity @s {} merge value {transformation:[0.25884353023884443f,-1.8184854075233423f,-0.6669967949555181f,-0.6997449423466475f,1.9325528419472982f,0.28777627356163415f,-0.034615090050120714f,0.5922714316730077f,0.13043548189695553f,-0.6550339792731528f,1.8364887546790658f,-0.6726073036860493f,0f,0f,0f,1f],start_interpolation:0}
execute if entity @s[tag=aj.dino.bone.tail_1] run data modify entity @s {} merge value {transformation:[0.24362109333945198f,-0.34243522048770925f,-1.4529429213322953f,-0.3831346681280902f,0.9532394107317029f,1.1686019565090604f,-0.11558695026287762f,0.6019488039304386f,1.1487556914801191f,-0.8970863041049791f,0.4040455101585747f,-0.7496849251093209f,0f,0f,0f,1f],start_interpolation:0}
execute if entity @s[tag=aj.dino.bone.tail_0] run data modify entity @s {} merge value {transformation:[-0.6212967718265777f,-0.06559993849673071f,-1.1151334834768107f,-0.058849789514588934f,0.11476728215047276f,1.2655088943140596f,-0.13838867707955063f,0.6729281757512321f,1.1111500838544248f,-0.16739057041918318f,-0.6092303379421231f,-0.5756930931765155f,0f,0f,0f,1f],start_interpolation:0}
execute if entity @s[tag=aj.dino.bone.body_1] run data modify entity @s {} merge value {transformation:[-1.1648397061122737f,0.12235400213370026f,-0.39595776578113556f,0.02496343421652516f,0.046520115397936955f,1.212393844729371f,0.2377848590258569f,0.5359831976744186f,0.411811768874913f,0.2091297646927631f,-1.1468567493771464f,-0.32315133759069065f,0f,0f,0f,1f],start_interpolation:0}