execute if entity @s[tag=aj.dino.bone.head_lower] run data modify entity @s {} merge value {transformation:[-0.19243372061184216f,0.0481061660224843f,0.9801301239948196f,0.08757926990737952f,0.21753090292723049f,0.9760396009911007f,-0.00519649581904269f,0.25588854402259054f,-0.9568957986338673f,0.21220860983416917f,-0.19828750961445357f,0.45728750516378036f,0f,0f,0f,1f],start_interpolation:0}
execute if entity @s[tag=aj.dino.bone.head_upper] run data modify entity @s {} merge value {transformation:[-0.20030417960414962f,-0.3895287683174645f,0.9442550062719788f,0.14386477670386555f,0.226427826219078f,0.9213667544484724f,0.42811877545174204f,0.30616126110984637f,-0.9960324380914098f,0.28778913293186564f,-0.09256748791834708f,0.45705917837094995f,0f,0f,0f,1f],start_interpolation:0}
execute if entity @s[tag=aj.dino.bone.neck_0] run data modify entity @s {} merge value {transformation:[-0.6374735111168328f,0.14779457588573774f,0.7561641924629411f,0.19056677174320458f,0.272893261878854f,0.9611180857538878f,0.042205365273884576f,0.29320141190007465f,-0.7205253571148597f,0.23325691538631319f,-0.6530194646248807f,0.41128033803939046f,0f,0f,0f,1f],start_interpolation:0}
execute if entity @s[tag=aj.dino.bone.neck_1] run data modify entity @s {} merge value {transformation:[-0.8506496137623665f,-0.06619886464498476f,0.5215486026495053f,0.23444381381846605f,0.14965148594110855f,0.9205110393587314f,0.36092084890502885f,0.3280168241829182f,-0.503983796725207f,0.3850677040968554f,-0.7731256016327628f,0.3475604110868853f,0f,0f,0f,1f],start_interpolation:0}
execute if entity @s[tag=aj.dino.bone.neck_2] run data modify entity @s {} merge value {transformation:[-0.9860137167545925f,0.012008367857821271f,0.16623101236888813f,0.24912446666113142f,0.08859998448087887f,0.8825565448746324f,0.4617834858988995f,0.37711330109596936f,-0.14116300195795714f,0.47005291638318997f,-0.8712768002637711f,0.2758321406422411f,0f,0f,0f,1f],start_interpolation:0}
execute if entity @s[tag=aj.dino.bone.body_0] run data modify entity @s {} merge value {transformation:[-0.9852374246569003f,-0.04559983481201865f,-0.16500870316609095f,0.17092208821521163f,-0.08031416165526475f,0.9743354288247013f,0.21028577596831804f,0.48550196161701903f,0.15118482891166862f,0.22043395201761054f,-0.963614041151771f,-0.17621563446452648f,0f,0f,0f,1f],start_interpolation:0}
execute if entity @s[tag=aj.dino.bone.leg_left_3] run data modify entity @s {} merge value {transformation:[-0.785055147440835f,0.11276372732486044f,-0.609075329722403f,0.34339632498194056f,0.061090263388274765f,0.9925912598237994f,0.10502652350980007f,0.016376230051616064f,0.6164060311156929f,0.04524304058314266f,-0.7861276436323759f,-0.48368531851986457f,0f,0f,0f,1f],start_interpolation:0}
execute if entity @s[tag=aj.dino.bone.leg_left_2] run data modify entity @s {} merge value {transformation:[-0.9233301252957004f,-0.33969287740127285f,-0.2900559054130165f,0.25381794748875375f,-0.2943185276175537f,0.9636854493441274f,-0.19170070037466608f,0.23462889941886206f,0.33600637422994833f,-0.0893381400407803f,-0.9649770011309037f,-0.5338107478524436f,0f,0f,0f,1f],start_interpolation:0}
execute if entity @s[tag=aj.dino.bone.leg_left_1] run data modify entity @s {} merge value {transformation:[-0.98005638651334f,0.19829397283745115f,0.012999215005340917f,0.32651722907786584f,0.0731850507211766f,0.29934793967067697f,0.9513331484637018f,0.26403971128329334f,0.18475234127164322f,0.9333114760631955f,-0.30789001452366926f,-0.26760931235355745f,0f,0f,0f,1f],start_interpolation:0}
execute if entity @s[tag=aj.dino.bone.leg_left_0] run data modify entity @s {} merge value {transformation:[-0.9753249912651712f,-0.11238124764871071f,-0.19003056751615768f,0.18445585180981827f,0.02626329510021752f,0.795574467335191f,-0.6052863010632294f,0.6287359723275434f,0.21920629722723f,-0.5953416851701606f,-0.7729921585337596f,-0.4129450644364597f,0f,0f,0f,1f],start_interpolation:0}
execute if entity @s[tag=aj.dino.bone.leg_right_3] run data modify entity @s {} merge value {transformation:[-0.8896931405985214f,-0.01481108551145291f,0.4563186905200268f,-0.22034983431474897f,-0.012169144736006915f,0.9998878631555046f,0.008727716236969496f,0.03611179398893788f,-0.456396787333493f,0.002211981078438896f,-0.8897736114604518f,-0.16335002631791445f,0f,0f,0f,1f],start_interpolation:0}
execute if entity @s[tag=aj.dino.bone.leg_right_2] run data modify entity @s {} merge value {transformation:[-0.9739765902634038f,0.21633307549107886f,-0.2379743716624526f,-0.17576637638979065f,0.28027534783623365f,0.9431761267439239f,-0.2897010922249037f,0.2465769052555112f,0.1577261250232383f,-0.34011908780542593f,-0.9547270160083735f,-0.2723813258837639f,0f,0f,0f,1f],start_interpolation:0}
execute if entity @s[tag=aj.dino.bone.leg_right_1] run data modify entity @s {} merge value {transformation:[-0.9531053149126266f,0.2629688386680488f,-0.14979201772751594f,-0.115363241836996f,-0.10137459093534788f,0.18894738541134584f,0.9767405376346919f,0.24408641158925504f,0.2851551349669047f,0.9461217022327486f,-0.15342839882568104f,-0.001533316038277055f,0f,0f,0f,1f],start_interpolation:0}
execute if entity @s[tag=aj.dino.bone.leg_right_0] run data modify entity @s {} merge value {transformation:[-0.9625696531140842f,-0.1374887446810838f,-0.23357334606039995f,-0.03840807315838885f,-0.04668133207596509f,0.9330058645302353f,-0.3568205571261301f,0.644890161235937f,0.26698411214797985f,-0.3325611249653334f,-0.9045012891214399f,-0.08951930837376254f,0f,0f,0f,1f],start_interpolation:0}
execute if entity @s[tag=aj.dino.bone.tail_4] run data modify entity @s {} merge value {transformation:[0.4857378241392719f,-1.9895121113880043f,1.8524474773771298f,-0.30876933558109737f,2.638557780730533f,-0.1076798513767087f,-0.8075142221372031f,0.32618805569781795f,0.6540129475375922f,1.912042870818521f,1.8820256258099295f,0.4765557990463822f,0f,0f,0f,1f],start_interpolation:0}
execute if entity @s[tag=aj.dino.bone.tail_3] run data modify entity @s {} merge value {transformation:[0.7256519989708312f,-1.5839898053278005f,1.1403293379772699f,-0.48662646764794143f,1.7630861769575477f,0.010134805792588695f,-1.1078672954723452f,0.5139422317094866f,0.8371988025883097f,1.3515987231325675f,1.3447024141480362f,0.23531750731411555f,0f,0f,0f,1f],start_interpolation:0}
execute if entity @s[tag=aj.dino.bone.tail_2] run data modify entity @s {} merge value {transformation:[0.7512688066125861f,-1.4929706173587216f,1.0126242101180452f,-0.6746708313110585f,1.697934615497822f,0.21463664401845567f,-0.9432513066736423f,0.6905971921007172f,0.6094153728844884f,1.2424748374718855f,1.3797257178671591f,-0.02042421050455928f,0f,0f,0f,1f],start_interpolation:0}
execute if entity @s[tag=aj.dino.bone.tail_1] run data modify entity @s {} merge value {transformation:[1.2056182378386193f,-0.7584942917144769f,-0.5087507484293824f,-0.5570733510335979f,0.6878203067591705f,1.3083410160979967f,-0.3206294765073581f,0.7429428366503471f,0.6008694868277333f,0.024216627184968493f,1.3878132672543382f,-0.3199362188246001f,0f,0f,0f,1f],start_interpolation:0}
execute if entity @s[tag=aj.dino.bone.tail_0] run data modify entity @s {} merge value {transformation:[0.44488995969687145f,0.060051223679518345f,-1.1967884068955281f,-0.20589481958894176f,-0.05477649318403347f,1.276294429053079f,0.043678172426992845f,0.7609783175840383f,1.197041426241967f,0.03608458793855141f,0.4467946317469912f,-0.4496292093084592f,0f,0f,0f,1f],start_interpolation:0}
execute if entity @s[tag=aj.dino.bone.body_1] run data modify entity @s {} merge value {transformation:[-0.700932222746017f,0.3917397336404461f,-0.9401269038060184f,-0.013714934573781222f,0.05080674918488791f,1.153281751170899f,0.4426787454912406f,0.5803800000000001f,1.0172105428129625f,0.21233412010260377f,-0.6699265094670168f,-0.30818288984978337f,0f,0f,0f,1f],start_interpolation:0}