execute if entity @s[tag=aj.dino.bone.head_lower] run data modify entity @s {} merge value {transformation:[-0.8979464067568459f,-0.39150432133249946f,0.20103884443173697f,0.06439805799543119f,-0.40975263632342723f,0.9103978359074296f,-0.05725868843302212f,1.3012920036551543f,-0.16060830494862424f,-0.13379143004336175f,-0.977908393270291f,0.30386780375285166f,0f,0f,0f,1f],start_interpolation:0}
execute if entity @s[tag=aj.dino.bone.head_upper] run data modify entity @s {} merge value {transformation:[-0.9346720406488648f,-0.17355048125052447f,0.4239579571968255f,0.08943742352303573f,-0.4265113484187903f,0.6812178715349952f,-0.6614395087646512f,1.2708582724157997f,-0.16717711770089594f,-0.767655120833926f,-0.6828099071909975f,0.2395072982496892f,0f,0f,0f,1f],start_interpolation:0}
execute if entity @s[tag=aj.dino.bone.neck_0] run data modify entity @s {} merge value {transformation:[-0.9758144923732488f,-0.036557353485949205f,0.21552177704455336f,0.10428217018003137f,-0.21440844109074847f,0.3522095814038172f,-0.9110309715681366f,1.2063015604395106f,-0.042603953612004725f,-0.9352069132942995f,-0.3515294190578861f,0.2319706750139853f,0f,0f,0f,1f],start_interpolation:0}
execute if entity @s[tag=aj.dino.bone.neck_1] run data modify entity @s {} merge value {transformation:[-0.9863964037212236f,-0.16205106324390797f,0.02759687713049888f,0.10587343889001519f,-0.11079011817485909f,0.5313442593753361f,-0.8398802460730197f,1.137600516753806f,0.12144004463371091f,-0.831512315561468f,-0.5420697230329027f,0.18221958150923143f,0f,0f,0f,1f],start_interpolation:0}
execute if entity @s[tag=aj.dino.bone.neck_2] run data modify entity @s {} merge value {transformation:[-0.9782948643047971f,-0.18981243102009115f,-0.08312881272520302f,0.09673234909673586f,-0.04248252063363063f,0.5763632515208901f,-0.8160886212519325f,1.0717479893268989f,0.20281615792503294f,-0.7948437854865006f,-0.5719169194542314f,0.124333352550866f,0f,0f,0f,1f],start_interpolation:0}
execute if entity @s[tag=aj.dino.bone.body_0] run data modify entity @s {} merge value {transformation:[-0.9930541162460711f,-0.11695791074323839f,0.012820659940555729f,0.10166050775202723f,-0.06284028877201178f,0.4351006869528144f,-0.8981862225174905f,0.6525810687718243f,0.09947170609668288f,-0.8927531793994159f,-0.4394281970452618f,-0.09127209883608059f,0f,0f,0f,1f],start_interpolation:0}
execute if entity @s[tag=aj.dino.bone.leg_left_3] run data modify entity @s {} merge value {transformation:[-0.9637746845397842f,-0.03140672471711101f,-0.2648621812996023f,0.45259167457715044f,-0.030875891465351444f,0.9995041927629678f,-0.006168304099832253f,0.060581213382124355f,0.2649245869421325f,0.002233000625121398f,-0.9642665486999682f,-0.2549800324512484f,0f,0f,0f,1f],start_interpolation:0}
execute if entity @s[tag=aj.dino.bone.leg_left_2] run data modify entity @s {} merge value {transformation:[-0.9825250083605637f,-0.2870335996290995f,-0.06571544818937824f,0.38212938959752907f,-0.28241579791943056f,0.9833688270760214f,-0.07272734369792298f,0.2871173247748438f,0.08335541093594519f,-0.051571912120711445f,-1.0210065684649667f,-0.2984257307024177f,0f,0f,0f,1f],start_interpolation:0}
execute if entity @s[tag=aj.dino.bone.leg_left_1] run data modify entity @s {} merge value {transformation:[-0.992970907847437f,0.023968490286405245f,0.11590637446675456f,0.4022692761768107f,0.10714038283431562f,0.5981679263322885f,0.7941763470876262f,0.40536695463651795f,-0.05029626760260962f,0.8010122616918667f,-0.5965313420806372f,-0.04817626383801793f,0f,0f,0f,1f],start_interpolation:0}
execute if entity @s[tag=aj.dino.bone.leg_left_0] run data modify entity @s {} merge value {transformation:[-0.9965670482896651f,-0.08254979003650643f,-0.006296858594023846f,0.2544936929909358f,-0.04061353260967139f,0.5537408764575954f,-0.8316980117259735f,0.6857666716916748f,0.07214332423854328f,-0.8285870949422895f,-0.5551925493582469f,-0.31992183280633735f,0f,0f,0f,1f],start_interpolation:0}
execute if entity @s[tag=aj.dino.bone.leg_right_3] run data modify entity @s {} merge value {transformation:[-0.884917475148533f,0.0025429853576594413f,0.46574091016595875f,-0.2399275973622309f,0.004799911051804426f,0.9999817826621358f,0.0036599450476810236f,0.020489565861836256f,-0.4657231184197749f,0.005474264272759266f,-0.884913560411429f,-0.2368699914509305f,0f,0f,0f,1f],start_interpolation:0}
execute if entity @s[tag=aj.dino.bone.leg_right_2] run data modify entity @s {} merge value {transformation:[-1.0106748431562764f,0.17400432308861988f,0.017918048392648222f,-0.19724575533530936f,0.16367545433920264f,0.9777752639183076f,-0.263112292409599f,0.24002228931997793f,-0.061716339478177736f,-0.25639857315642356f,-0.9912179702898137f,-0.32717345626959415f,0f,0f,0f,1f],start_interpolation:0}
execute if entity @s[tag=aj.dino.bone.leg_right_1] run data modify entity @s {} merge value {transformation:[-0.9702089623202441f,0.0885086959560119f,-0.22552334729167436f,-0.18056211377822065f,-0.14490357410477378f,0.5340208787696109f,0.8329613768055485f,0.338036080865586f,0.19415850134654747f,0.8408257321099886f,-0.5052866162650301f,-0.06808208545417266f,0f,0f,0f,1f],start_interpolation:0}
execute if entity @s[tag=aj.dino.bone.leg_right_0] run data modify entity @s {} merge value {transformation:[-0.981626813551015f,-0.17234943212618598f,-0.08188084124788889f,-0.12742721869226664f,-0.09778959339079382f,0.822885932936722f,-0.5597284491602372f,0.7180637820838245f,0.1638474727975503f,-0.5414373598308877f,-0.8246208771533824f,-0.23259016366141178f,0f,0f,0f,1f],start_interpolation:0}
execute if entity @s[tag=aj.dino.bone.tail_4] run data modify entity @s {} merge value {transformation:[-1.9156912084033322f,1.192405742105567f,-1.5918407809325201f,-0.6714946879947182f,-1.4856794351125533f,0.6115027752431709f,2.2459924985523756f,0.7754875412159583f,1.3223256564590375f,2.4145173914601603f,0.2173061347652273f,-1.6438106122811067f,0f,0f,0f,1f],start_interpolation:0}
execute if entity @s[tag=aj.dino.bone.tail_3] run data modify entity @s {} merge value {transformation:[-1.4682022369878744f,0.7173005518292097f,-1.2906617045894553f,-0.4596655071999582f,-0.5637411909528999f,1.4099241717055697f,1.424870248727165f,0.5200849869679608f,1.364743047965899f,1.3540824474271569f,-0.7999266620402611f,-1.5214233707802656f,0f,0f,0f,1f],start_interpolation:0}
execute if entity @s[tag=aj.dino.bone.tail_2] run data modify entity @s {} merge value {transformation:[-1.5198680597249563f,0.6255591198884987f,-1.0570954278375255f,-0.2641287812389065f,0.3440262545344688f,1.8312419604645582f,0.5890438807318877f,0.41127315389870944f,1.1791610968063948f,0.2720340874982849f,-1.5343892719971988f,-1.2352471003564538f,0f,0f,0f,1f],start_interpolation:0}
execute if entity @s[tag=aj.dino.bone.tail_1] run data modify entity @s {} merge value {transformation:[-1.4196978641182154f,0.09529436762125572f,-0.5128676321604272f,-0.15357392462740366f,0.1883914619817604f,1.4803490331236324f,-0.24643791750114566f,0.4460281226781223f,0.48643898041846234f,-0.29519819381153306f,-1.4013890946842193f,-0.9305400396841086f,0f,0f,0f,1f],start_interpolation:0}
execute if entity @s[tag=aj.dino.bone.tail_0] run data modify entity @s {} merge value {transformation:[-1.1930437072216553f,-0.0667813518392491f,-0.4538972133527142f,-0.022546162313406587f,0.09622690995357383f,1.2000481298446242f,-0.42948874774694f,0.6004940160882835f,0.4485786564735596f,-0.4350407494556921f,-1.1150571518327812f,-0.6151927318205901f,0f,0f,0f,1f],start_interpolation:0}
execute if entity @s[tag=aj.dino.bone.body_1] run data modify entity @s {} merge value {transformation:[-1.2011844159052725f,0.023364255339518556f,-0.29191557960305853f,0.04374637245695501f,0.10157806104631993f,1.1891538091159264f,-0.3227997999308599f,0.5954425f,0.27466796601829985f,-0.33759728211844786f,-1.1572338478483324f,-0.32341249975206654f,0f,0f,0f,1f],start_interpolation:0}