execute if entity @s[tag=aj.dino.bone.head_lower] run data modify entity @s {} merge value {transformation:[-0.04128317563160061f,0.0289114799541052f,0.9987291052816246f,0.017493490890664702f,0.25149127731665716f,0.9676992073564198f,-0.01761764783939873f,0.270256183248862f,-0.9669787158171614f,0.25044434593062825f,-0.047220681358628475f,0.45296971504946687f,0f,0f,0f,1f],start_interpolation:0}
execute if entity @s[tag=aj.dino.bone.head_upper] run data modify entity @s {} merge value {transformation:[-0.0429716403136099f,-0.3854001091321872f,0.9659669438408147f,0.075417309933037f,0.26177716577087623f,0.931655934509674f,0.3833560717627675f,0.3176850917367026f,-1.0065277423862853f,0.2587584165922168f,0.05846305015104706f,0.46249790055329826f,0f,0f,0f,1f],start_interpolation:0}
execute if entity @s[tag=aj.dino.bone.neck_0] run data modify entity @s {} merge value {transformation:[-0.5548346633173834f,0.06570436763219126f,0.8293620635497745f,0.1281581918842593f,0.28090093457164134f,0.9531309587905423f,0.11241014345600475f,0.3093918736853852f,-0.7831048214244785f,0.2953376228472677f,-0.5472865128912464f,0.42256848583610734f,0f,0f,0f,1f],start_interpolation:0}
execute if entity @s[tag=aj.dino.bone.neck_1] run data modify entity @s {} merge value {transformation:[-0.7964528000988713f,-0.15527654094434082f,0.5844246170782236f,0.176951287909321f,0.14045743520270687f,0.8925322743408644f,0.42855320341376657f,0.3498077393966801f,-0.5881620916983218f,0.42340918163436675f,-0.689050084389205f,0.36614749307962596f,0f,0f,0f,1f],start_interpolation:0}
execute if entity @s[tag=aj.dino.bone.neck_2] run data modify entity @s {} merge value {transformation:[-0.9673231152976223f,-0.06162088665953876f,0.24594482498762965f,0.19789459217097372f,0.06813432143435448f,0.8711616701115906f,0.4862458830376498f,0.40093574282133737f,-0.24422060693885678f,0.48711416614144576f,-0.8384963233614923f,0.2974580785636126f,0f,0f,0f,1f],start_interpolation:0}
execute if entity @s[tag=aj.dino.bone.body_0] run data modify entity @s {} merge value {transformation:[-0.9931755916637488f,-0.09073233506794659f,-0.07327951621347245f,0.16249389207080892f,-0.10414577916914061f,0.9727684643359232f,0.20706320647276297f,0.5077906911283063f,0.05249667422432874f,0.21328187491356906f,-0.9755792848501537f,-0.1602970035030512f,0f,0f,0f,1f],start_interpolation:0}
execute if entity @s[tag=aj.dino.bone.leg_left_3] run data modify entity @s {} merge value {transformation:[-0.7984142602762395f,0.15819883282261774f,-0.5809542135840886f,0.30029188520558686f,0.06307307520697977f,0.9815326442743189f,0.18059749557454613f,0.026598191178895697f,0.5987958384720788f,0.10754904703169164f,-0.7936477469955389f,-0.5434433505404981f,0f,0f,0f,1f],start_interpolation:0}
execute if entity @s[tag=aj.dino.bone.leg_left_2] run data modify entity @s {} merge value {transformation:[-0.94424535858679f,-0.25422130623504796f,-0.3095713645415942f,0.2300012443139994f,-0.2535268041361157f,0.9929806549854656f,-0.042139979946098645f,0.25636491000399264f,0.3101403905854996f,0.03772460445751424f,-0.97696058868651f,-0.5643611130741524f,0f,0f,0f,1f],start_interpolation:0}
execute if entity @s[tag=aj.dino.bone.leg_left_1] run data modify entity @s {} merge value {transformation:[-0.9737259725005235f,0.211976523619777f,0.08320867690321732f,0.30256792664580223f,0.12798837050733422f,0.2072040097194912f,0.9698894139906067f,0.2586674984953302f,0.18835261477555115f,0.9550562558248802f,-0.22889045571402428f,-0.29651384248630336f,0f,0f,0f,1f],start_interpolation:0}
execute if entity @s[tag=aj.dino.bone.leg_left_0] run data modify entity @s {} merge value {transformation:[-0.973148649976856f,-0.04169499345270239f,-0.22636968120576934f,0.19147155649567602f,0.07704027410592601f,0.8677355114350955f,-0.49101922402300807f,0.6482986014163312f,0.216902054425278f,-0.4952742772600374f,-0.8412234477655989f,-0.3972733519158535f,0f,0f,0f,1f],start_interpolation:0}
execute if entity @s[tag=aj.dino.bone.leg_right_3] run data modify entity @s {} merge value {transformation:[-0.9026957208574643f,-0.03590937719794035f,0.42877844182617086f,-0.2593953365055746f,-0.023025344648963303f,0.999115028382022f,0.035199340405579704f,0.05480848044940845f,-0.4296629714664966f,0.02190152256002914f,-0.9027236865509474f,-0.14227497633621475f,0f,0f,0f,1f],start_interpolation:0}
execute if entity @s[tag=aj.dino.bone.leg_right_2] run data modify entity @s {} merge value {transformation:[-0.9674492240816733f,0.25990132658045817f,-0.22035312288728842f,-0.2041217334090032f,0.32396553692212515f,0.9071572777560707f,-0.35238360319635886f,0.2548726999509874f,0.10559606626774319f,-0.4019691199042628f,-0.9377273041417026f,-0.265117187900328f,0f,0f,0f,1f],start_interpolation:0}
execute if entity @s[tag=aj.dino.bone.leg_right_1] run data modify entity @s {} merge value {transformation:[-0.9623891071897611f,0.24692530878998892f,-0.11329209258135822f,-0.15019783624437094f,-0.044735915933689134f,0.26728408972317125f,0.9625787828569825f,0.27554292180290363f,0.26796623703009365f,0.9314435609632097f,-0.24618486661878156f,0.006320357223658826f,0f,0f,0f,1f],start_interpolation:0}
execute if entity @s[tag=aj.dino.bone.leg_right_0] run data modify entity @s {} merge value {transformation:[-0.9685735019422386f,-0.08114726964751623f,-0.23511803836392814f,-0.050297324486913306f,0.009990433085098699f,0.931828416665858f,-0.3627616202698025f,0.6697784619085592f,0.24852678443604515f,-0.35371022394433776f,-0.9017336163718895f,-0.08804862726093365f,0f,0f,0f,1f],start_interpolation:0}
execute if entity @s[tag=aj.dino.bone.tail_4] run data modify entity @s {} merge value {transformation:[0.49588918493741035f,-2.1771257166620988f,1.6247704027679288f,-0.36088008391863513f,2.6315827044159543f,-0.024907098468844313f,-0.8365485269036552f,0.33938262566441346f,0.6741867083241284f,1.6985772228233862f,2.0702582041920934f,0.46287260238439965f,0f,0f,0f,1f],start_interpolation:0}
execute if entity @s[tag=aj.dino.bone.tail_3] run data modify entity @s {} merge value {transformation:[0.7164597576634032f,-1.695443718389385f,0.9737050577394166f,-0.5093932314742842f,1.7289803850310017f,0.06524935637832997f,-1.1585831328457645f,0.5351969943891677f,0.9128295404243834f,1.2071282638189846f,1.4302199519173333f,0.20854745333538066f,0f,0f,0f,1f],start_interpolation:0}
execute if entity @s[tag=aj.dino.bone.tail_2] run data modify entity @s {} merge value {transformation:[0.7479062896559304f,-1.5441060858383595f,0.9354926256111371f,-0.6831136562721166f,1.6774573073128982f,0.2199646838203298f,-0.9780216741039841f,0.7183018161218816f,0.6674931003676647f,1.1773384426542528f,1.4096457098905384f,-0.05272887975935714f,0f,0f,0f,1f],start_interpolation:0}
execute if entity @s[tag=aj.dino.bone.tail_1] run data modify entity @s {} merge value {transformation:[1.1825531940330885f,-0.7506368106415753f,-0.5707613965502446f,-0.5522461902675256f,0.6803257610120648f,1.3130597903733072f,-0.3173123001211293f,0.7698831192606816f,0.6529786000976575f,-0.0086380214546292f,1.3642582535575343f,-0.34682028137944637f,0f,0f,0f,1f],start_interpolation:0}
execute if entity @s[tag=aj.dino.bone.tail_0] run data modify entity @s {} merge value {transformation:[0.38347145405059596f,0.0712464264673726f,-1.2172548242779648f,-0.1948167357941502f,-0.0474730699834701f,1.2759368586002449f,0.05972568187732561f,0.7832205161421819f,1.2184135866522066f,0.027290953904109558f,0.38543384942209924f,-0.4587944311644386f,0f,0f,0f,1f],start_interpolation:0}
execute if entity @s[tag=aj.dino.bone.body_1] run data modify entity @s {} merge value {transformation:[-0.760390445255411f,0.38813636209418884f,-0.8942936487758462f,-0.013049727906921969f,0.06755658799978263f,1.1524061885533297f,0.4427196393408194f,0.6026716666666667f,0.9725466946313455f,0.22341606043551657f,-0.7299608111106846f,-0.30413742484457185f,0f,0f,0f,1f],start_interpolation:0}