execute if entity @s[tag=aj.dino.bone.head_lower] run data modify entity @s {} merge value {transformation:[-0.7782683890394562f,0.44887256639354844f,-0.4391033292531491f,0.2661434936707562f,0.24736518160343046f,0.8619017202533192f,0.44264646339338454f,0.4403936250796874f,0.5771557688806652f,0.23587887519580608f,-0.7818263072346245f,0.5746202605987626f,0f,0f,0f,1f],start_interpolation:0}
execute if entity @s[tag=aj.dino.bone.head_upper] run data modify entity @s {} merge value {transformation:[-0.8100992418726746f,0.6407170541825323f,-0.12920068645515562f,0.27137239284487585f,0.2574823144621851f,0.5019487018945198f,0.8747698560130602f,0.5120490096449062f,0.6007611993463141f,0.648845975351294f,-0.5491418980681708f,0.5515200231966415f,0f,0f,0f,1f],start_interpolation:0}
execute if entity @s[tag=aj.dino.bone.neck_0] run data modify entity @s {} merge value {transformation:[-0.7373740156317531f,0.4711211228009579f,-0.4840707063248799f,0.23266255814497092f,0.20948457157845682f,0.8407874411300896f,0.4991920403096454f,0.5306124566082188f,0.6421804850209121f,0.2666858948063829f,-0.7186674183303603f,0.5005133237480083f,0f,0f,0f,1f],start_interpolation:0}
execute if entity @s[tag=aj.dino.bone.neck_1] run data modify entity @s {} merge value {transformation:[-0.9709118767451167f,0.23056724877522022f,-0.06456679787244535f,0.22825509742015407f,0.15121286317174848f,0.7995310057683478f,0.5812786258124898f,0.5835377248986995f,0.1856469703676244f,0.5546069911273029f,-0.8111388831673909f,0.4343542192281383f,0f,0f,0f,1f],start_interpolation:0}
execute if entity @s[tag=aj.dino.bone.neck_2] run data modify entity @s {} merge value {transformation:[-0.9778072261304964f,0.07938670454670652f,-0.19388341772363693f,0.21204670135613313f,-0.026434225606733256f,0.8712837048173705f,0.4900672784794856f,0.6350017060205687f,0.2078322887415637f,0.48431648419285855f,-0.8498489765220123f,0.3646428360955368f,0f,0f,0f,1f],start_interpolation:0}
execute if entity @s[tag=aj.dino.bone.body_0] run data modify entity @s {} merge value {transformation:[-0.9729848653183425f,0.04233468804194755f,-0.226954237787793f,0.10548731098709759f,0.06920224422962196f,0.9913222249017261f,-0.11176446577278293f,0.5917711157635728f,0.2202532661620047f,-0.12445087626964607f,-0.967471176904349f,-0.09250825172263316f,0f,0f,0f,1f],start_interpolation:0}
execute if entity @s[tag=aj.dino.bone.leg_left_3] run data modify entity @s {} merge value {transformation:[-0.9851510420089541f,-0.099294673764594f,-0.14006424308386145f,0.3333942506092301f,-0.10245831027523421f,0.9946158790139505f,0.015541810346595353f,0.029206526397696914f,0.13776690126520216f,0.029661776334006074f,-0.9900204341024962f,-0.25565061130396327f,0f,0f,0f,1f],start_interpolation:0}
execute if entity @s[tag=aj.dino.bone.leg_left_2] run data modify entity @s {} merge value {transformation:[-1.0189002465517727f,-0.05079682644325056f,0.10641508117144682f,0.32326158705706465f,-0.09364467566180584f,0.911105483509137f,-0.461713842266474f,0.22716958761868106f,-0.0716600432432641f,-0.46836810293141184f,-0.9097023457480462f,-0.3930515850536827f,0f,0f,0f,1f],start_interpolation:0}
execute if entity @s[tag=aj.dino.bone.leg_left_1] run data modify entity @s {} merge value {transformation:[-0.9281568960982295f,-0.15490756073675166f,0.33842048379477546f,0.2817143149663579f,0.23225645911631407f,0.4694403592433585f,0.8518701111743608f,0.30489633448651565f,-0.29082935447449626f,0.869269461525053f,-0.3997360251914902f,-0.1299056888992301f,0f,0f,0f,1f],start_interpolation:0}
execute if entity @s[tag=aj.dino.bone.leg_left_0] run data modify entity @s {} merge value {transformation:[-0.9527046462974444f,0.27531859512383006f,0.1286605149309678f,0.2685632450340767f,0.15949257370519793f,0.8133556545754955f,-0.559477164952207f,0.6883362351814499f,-0.2586812243982025f,-0.5124960978867132f,-0.8187989825315729f,-0.2945512794236904f,0f,0f,0f,1f],start_interpolation:0}
execute if entity @s[tag=aj.dino.bone.leg_right_3] run data modify entity @s {} merge value {transformation:[-0.9843733131529827f,0.16644970949083918f,0.057477600529552586f,-0.2464706855161658f,0.17411529767766895f,0.96880006571271f,0.17638110950344343f,0.16738006707708095f,-0.02632571873351952f,0.18363258666550464f,-0.9826423711848067f,-0.15285129370231848f,0f,0f,0f,1f],start_interpolation:0}
execute if entity @s[tag=aj.dino.bone.leg_right_2] run data modify entity @s {} merge value {transformation:[-1.0095481459071036f,0.17740424729969353f,-0.03744961463423801f,-0.20470918281238829f,0.1802265509117344f,0.958688050489443f,-0.3170138982693122f,0.3807721107330073f,-0.019827529918873873f,-0.3186018744286903f,-0.9747624911579924f,-0.25721069511055406f,0f,0f,0f,1f],start_interpolation:0}
execute if entity @s[tag=aj.dino.bone.leg_right_1] run data modify entity @s {} merge value {transformation:[-0.9430056506808983f,-0.03767103178987333f,-0.3306376205875279f,-0.21618799233690997f,-0.32703909008082765f,0.28861592019523685f,0.8998590357211296f,0.40494170034089133f,0.061528662775977516f,0.9567035820847243f,-0.2844863435795417f,0.01900924176919372f,0f,0f,0f,1f],start_interpolation:0}
execute if entity @s[tag=aj.dino.bone.leg_right_0] run data modify entity @s {} merge value {transformation:[-0.9951746478440747f,0.01714738212745917f,0.09660945903273022f,-0.10160543243590883f,-0.053320222055189215f,0.7320311072323661f,-0.6791814278704489f,0.7538503593084879f,-0.08236731274241732f,-0.6810553761114666f,-0.7275844971281766f,-0.17958799695385597f,0f,0f,0f,1f],start_interpolation:0}
execute if entity @s[tag=aj.dino.bone.tail_4] run data modify entity @s {} merge value {transformation:[1.1466085026118462f,0.3122336482391603f,-2.492681371985895f,-0.8949972068321042f,2.5062570418464225f,0.045559792399378456f,1.1585600015155646f,0.6656000489174546f,0.17212179854231027f,-2.7433730671973486f,-0.26446102216162287f,-1.570338010647311f,0f,0f,0f,1f],start_interpolation:0}
execute if entity @s[tag=aj.dino.bone.tail_3] run data modify entity @s {} merge value {transformation:[0.43740157201714885f,0.7784789364137913f,-1.8811156095257475f,-0.5836475419911367f,2.035829553688775f,-0.1626830315598324f,0.40605145685529787f,0.5983407082924933f,0.0048393355674254505f,-1.9244350606988532f,-0.7952809591765105f,-1.4166556410114992f,0f,0f,0f,1f],start_interpolation:0}
execute if entity @s[tag=aj.dino.bone.tail_2] run data modify entity @s {} merge value {transformation:[-0.015552565530813692f,1.2568510193482518f,-1.4962812261976184f,-0.3052045590566176f,1.9537249272799073f,0.03956794005148913f,0.01292910081862193f,0.5973913041204562f,0.0386121902163825f,-1.4958388176157613f,-1.2568807443362917f,-1.1833316434129113f,0f,0f,0f,1f],start_interpolation:0}
execute if entity @s[tag=aj.dino.bone.tail_1] run data modify entity @s {} merge value {transformation:[-1.2632144279287372f,0.44619896884393906f,-0.7020342151742176f,-0.158382110439878f,0.7549569404744371f,1.1509372255299986f,-0.6269288403948146f,0.7175091126681741f,0.3492643370030092f,-0.8740172956480409f,-1.183961333746138f,-0.918206092681363f,0f,0f,0f,1f],start_interpolation:0}
execute if entity @s[tag=aj.dino.bone.tail_0] run data modify entity @s {} merge value {transformation:[-1.1742409049549047f,0.09223689409325715f,-0.4964739359550948f,-0.011075046665868393f,0.16184590130597667f,1.2591593664807637f,-0.14886003700874595f,0.7913952338200181f,0.4783303439519287f,-0.19961403196122862f,-1.1684134700023956f,-0.5815855624634392f,0f,0f,0f,1f],start_interpolation:0}
execute if entity @s[tag=aj.dino.bone.body_1] run data modify entity @s {} merge value {transformation:[-1.1642223115607622f,0.2705742797504893f,-0.3161970326519052f,0.044211236340746696f,0.20604932203439416f,1.1909332564275144f,0.26043473401290645f,0.65063f,0.36157251168960924f,0.1925412499406576f,-1.1665323745691787f,-0.3233521454432183f,0f,0f,0f,1f],start_interpolation:0}