execute if entity @s[tag=aj.dino.bone.head_lower] run data modify entity @s {} merge value {transformation:[0.2519229283405664f,0.21915146841601532f,0.942606743062778f,-0.5731844596227578f,-0.4806817944147014f,0.8737105238852865f,-0.07466547375032884f,0.7198845442465434f,-0.8399284795115455f,-0.4342839558896947f,0.32544983478597866f,0.15742159415323717f,0f,0f,0f,1f],start_interpolation:0}
execute if entity @s[tag=aj.dino.bone.head_upper] run data modify entity @s {} merge value {transformation:[0.2622264711418088f,-0.23675252187826484f,0.979110547282738f,-0.5109219706845173f,-0.5003414795221817f,0.8475000713689799f,0.33893063520820205f,0.762124599092709f,-0.874281204353368f,-0.5560250129242051f,0.09970207269946227f,0.15153799579804086f,0f,0f,0f,1f],start_interpolation:0}
execute if entity @s[tag=aj.dino.bone.neck_0] run data modify entity @s {} merge value {transformation:[0.054844614742851495f,0.2977036554109799f,0.9530816343780046f,-0.4541439353653839f,-0.34478424484945347f,0.9014531496331426f,-0.2617365918630393f,0.7306793538726506f,-0.9370783813199941f,-0.3142526890440677f,0.15208338072015634f,0.16677569617068624f,0f,0f,0f,1f],start_interpolation:0}
execute if entity @s[tag=aj.dino.bone.neck_1] run data modify entity @s {} merge value {transformation:[-0.03889361686047105f,0.05253955206422285f,0.9978611536864243f,-0.3693699555715858f,-0.5410634594187984f,0.8384477996307617f,-0.06523511459403436f,0.7290157076625808f,-0.8400819123450244f,-0.542443437386079f,-0.004183035680161318f,0.1639223690356253f,0f,0f,0f,1f],start_interpolation:0}
execute if entity @s[tag=aj.dino.bone.neck_2] run data modify entity @s {} merge value {transformation:[-0.42228923138701485f,0.0005714711820831719f,0.906460963569448f,-0.2899515816456333f,-0.3999338142789805f,0.8972894510830802f,-0.18688120604087155f,0.7214285369363655f,-0.8134646576531953f,-0.4414423115150072f,-0.37868712197994925f,0.12642454086559024f,0f,0f,0f,1f],start_interpolation:0}
execute if entity @s[tag=aj.dino.bone.body_0] run data modify entity @s {} merge value {transformation:[-0.6310569777609586f,0.19401135066459668f,0.7510836748542096f,0.06587953837864358f,-0.35228418439081577f,0.7909484681202544f,-0.5002962864206776f,0.49317554610180486f,-0.6911316403170259f,-0.5803103622989354f,-0.43078641942518964f,-0.082131664749279f,0f,0f,0f,1f],start_interpolation:0}
execute if entity @s[tag=aj.dino.bone.leg_left_3] run data modify entity @s {} merge value {transformation:[-0.9761351714506971f,0.06998498149943422f,0.20557779408642757f,0.37564854486220745f,0.07560266684872932f,0.9969455757244627f,0.019589686285872987f,0.010699090682566748f,-0.2035788884493624f,0.03466441125913888f,-0.9784446917275288f,-0.12012454318859861f,0f,0f,0f,1f],start_interpolation:0}
execute if entity @s[tag=aj.dino.bone.leg_left_2] run data modify entity @s {} merge value {transformation:[-0.7287465014048623f,-0.05992862404838366f,0.7193047311192483f,0.38277844616403384f,-0.3276001531620066f,0.9382762730250658f,-0.25372815103396706f,0.2210603594965747f,-0.6431709538210637f,-0.41001023767529665f,-0.685773234140152f,-0.23788860033848822f,0f,0f,0f,1f],start_interpolation:0}
execute if entity @s[tag=aj.dino.bone.leg_left_1] run data modify entity @s {} merge value {transformation:[-0.6353285979949901f,-0.7311962788029278f,0.24841411883077585f,0.1836132798965962f,0.04104985988305215f,0.28924737894589936f,0.9563738091230378f,0.24809981932574837f,-0.7711501031403043f,0.6178089960802431f,-0.15375162694755445f,-0.04653685663706275f,0f,0f,0f,1f],start_interpolation:0}
execute if entity @s[tag=aj.dino.bone.leg_left_0] run data modify entity @s {} merge value {transformation:[-0.6639629924360564f,0.47968223678423055f,0.573635856958955f,0.2480518598278429f,-0.0041585474709794484f,0.7647528686794259f,-0.644310295067152f,0.6003339972890531f,-0.7477538707076606f,-0.4301836835123645f,-0.5057728218097972f,-0.2612134316409798f,0f,0f,0f,1f],start_interpolation:0}
execute if entity @s[tag=aj.dino.bone.leg_right_3] run data modify entity @s {} merge value {transformation:[-0.4764473514773684f,-0.012118677203124317f,0.8791194793274961f,-0.21753310621448832f,-0.007980293258791404f,0.99992341852695f,0.009458964049084528f,0.009940744390670858f,-0.8791667851947689f,-0.002508932885643189f,-0.4765075750353511f,-0.2033054137413952f,0f,0f,0f,1f],start_interpolation:0}
execute if entity @s[tag=aj.dino.bone.leg_right_2] run data modify entity @s {} merge value {transformation:[-0.7768325105642647f,0.523538196605779f,0.41773341585978585f,-0.08138211800705261f,0.2939180189952598f,0.8413073038163975f,-0.5078153386377573f,0.1898985088190847f,-0.6018352333828737f,-0.26489993722280614f,-0.787200466602396f,-0.28844755077166845f,0f,0f,0f,1f],start_interpolation:0}
execute if entity @s[tag=aj.dino.bone.leg_right_1] run data modify entity @s {} merge value {transformation:[-0.8112770012902689f,-0.5844219355768181f,-0.01675196687301582f,-0.2554199217435399f,-0.2995126100323681f,0.3908259368757716f,0.8703719225117352f,0.24394745885821556f,-0.5021173404783662f,0.7111301486238798f,-0.49210983337981706f,-0.07915603271607896f,0f,0f,0f,1f],start_interpolation:0}
execute if entity @s[tag=aj.dino.bone.leg_right_0] run data modify entity @s {} merge value {transformation:[-0.8031643397023644f,0.17094523266775646f,0.5707055027408021f,-0.14137182693400568f,-0.25463144752351496f,0.7675430139386408f,-0.5882521123515555f,0.6228046205050491f,-0.5385999158582783f,-0.6177826876678838f,-0.5729351459417564f,-0.21245105026614947f,0f,0f,0f,1f],start_interpolation:0}
execute if entity @s[tag=aj.dino.bone.tail_4] run data modify entity @s {} merge value {transformation:[0.5127084327352934f,-2.664282051549671f,0.5141911554980307f,-0.8972512668782174f,2.559786431482366f,0.6485066363428426f,0.807832841259914f,0.677093667608218f,-0.9001582193153006f,0.3266521452701213f,2.590110979821046f,-0.271860510150716f,0f,0f,0f,1f],start_interpolation:0}
execute if entity @s[tag=aj.dino.bone.tail_3] run data modify entity @s {} merge value {transformation:[0.36736894352127897f,-2.0003059582775866f,-0.44694704234359967f,-0.8018910008649809f,2.0222097190113657f,0.27970585612309146f,0.4103388994853707f,0.6047782125823733f,-0.3341458330077995f,-0.5064446992259672f,1.9919352035028375f,-0.6046631514639357f,0f,0f,0f,1f],start_interpolation:0}
execute if entity @s[tag=aj.dino.bone.tail_2] run data modify entity @s {} merge value {transformation:[0.3522711170781562f,-1.47380967286359f,-1.2339221949738173f,-0.5725977720250318f,1.9221543778674568f,0.2693086691226071f,0.22708866854855816f,0.5640483353079481f,-0.0012176700106867394f,-1.2546440785784252f,1.498212477711562f,-0.8834770253556444f,0f,0f,0f,1f],start_interpolation:0}
execute if entity @s[tag=aj.dino.bone.tail_1] run data modify entity @s {} merge value {transformation:[-0.1155652496119286f,0.006266894021469332f,-1.5080655321044432f,-0.24804509355384455f,1.0256657142673131f,1.1091400731100396f,-0.07398912621446088f,0.5654319859798228f,1.1055816413357524f,-1.0283118565205696f,-0.08899556213971715f,-0.8528123648027454f,0f,0f,0f,1f],start_interpolation:0}
execute if entity @s[tag=aj.dino.bone.tail_0] run data modify entity @s {} merge value {transformation:[-0.9202546204414257f,-0.01723985693688529f,-0.8869441569078809f,0.01072457513678951f,0.16450675899940012f,1.2524921024948095f,-0.1950301925745673f,0.6526492067255847f,0.8717251151502684f,-0.2545624424477328f,-0.8995159826791983f,-0.596095933166775f,0f,0f,0f,1f],start_interpolation:0}
execute if entity @s[tag=aj.dino.bone.body_1] run data modify entity @s {} merge value {transformation:[-1.2247814911761536f,0.08965456005524981f,-0.14309770714399053f,0.03795391671537892f,0.07067264870042653f,1.2236971244200612f,0.16178788418169468f,0.5326111046511628f,0.15336319850027183f,0.1520920859335651f,-1.217354640931883f,-0.32332251288063635f,0f,0f,0f,1f],start_interpolation:0}