execute if entity @s[tag=aj.dino.bone.head_lower] run data modify entity @s {} merge value {transformation:[-0.5009263624965538f,-0.12352484340339742f,0.8566296705217127f,0.07061618714884402f,-0.10748947608335264f,0.9909789691874407f,0.08004183380910179f,0.34666277010963714f,-0.8587891428559735f,-0.051983609824286625f,-0.5096851110463587f,0.5317708233385217f,0f,0f,0f,1f],start_interpolation:0}
execute if entity @s[tag=aj.dino.bone.head_upper] run data modify entity @s {} merge value {transformation:[-0.5214140420033452f,-0.5754860024318579f,0.6931199033285952f,0.10531379934750673f,-0.11188575086788008f,0.8360075455301179f,0.6099548386175371f,0.4074490456570557f,-0.8939132609699734f,0.23103936332412095f,-0.4806369076967776f,0.5035474127618146f,0f,0f,0f,1f],start_interpolation:0}
execute if entity @s[tag=aj.dino.bone.neck_0] run data modify entity @s {} merge value {transformation:[-0.6580624954322262f,0.08726138225374781f,0.7478898336470933f,0.15246997887933242f,-0.07738818329335093f,0.9801637691357257f,-0.1824556240848778f,0.37976623317601904f,-0.7489758482034425f,-0.1779450388204538f,-0.6382560160054281f,0.465406976484828f,0f,0f,0f,1f],start_interpolation:0}
execute if entity @s[tag=aj.dino.bone.neck_1] run data modify entity @s {} merge value {transformation:[-0.8049742050019455f,-0.17657549161915176f,0.5664253040259949f,0.1996401752444965f,-0.18078467893278877f,0.9822866736891979f,0.04929290573479825f,0.38846726118099617f,-0.5650959468485457f,-0.06272149912164157f,-0.8226375777967354f,0.39542982642096997f,0f,0f,0f,1f],start_interpolation:0}
execute if entity @s[tag=aj.dino.bone.neck_2] run data modify entity @s {} merge value {transformation:[-0.9626563305592023f,-0.2282909398801043f,0.14551988181327868f,0.21015369730718966f,-0.1849730778067435f,0.9471224591927131f,0.26219078507729443f,0.42071006121168897f,-0.1976809290776233f,0.22548235864786909f,-0.9539811089416822f,0.3140615396369983f,0f,0f,0f,1f],start_interpolation:0}
execute if entity @s[tag=aj.dino.bone.body_0] run data modify entity @s {} merge value {transformation:[-0.951028098113146f,-0.2929888438102906f,-0.09850428418095147f,0.16093791259042514f,-0.2996577378718232f,0.952077695972789f,0.06126418990476651f,0.45865337432435405f,0.07583400775927762f,0.0877815369759199f,-0.9932490146148203f,-0.15321676740054485f,0f,0f,0f,1f],start_interpolation:0}
execute if entity @s[tag=aj.dino.bone.leg_left_3] run data modify entity @s {} merge value {transformation:[-0.9106822949551638f,0.07919002725656854f,-0.405446293901301f,0.40866097718458605f,0.06560547012573228f,0.996723109305421f,0.047317709857040036f,0.01964051405961656f,0.40786478144696137f,0.016491905882501434f,-0.912893387584544f,-0.32975643207094474f,0f,0f,0f,1f],start_interpolation:0}
execute if entity @s[tag=aj.dino.bone.leg_left_2] run data modify entity @s {} merge value {transformation:[-0.967128998820162f,-0.3348500334208312f,0.06781706466571613f,0.3312033887063512f,-0.3390704604514804f,0.9157665705141572f,-0.31379134895445093f,0.22288078726851354f,0.041891789064523274f,-0.31829112923155933f,-0.9741653014566706f,-0.43399071337572914f,0f,0f,0f,1f],start_interpolation:0}
execute if entity @s[tag=aj.dino.bone.leg_left_1] run data modify entity @s {} merge value {transformation:[-0.9902455643282856f,-0.12310154338486956f,0.06526662504235005f,0.31402040856658614f,0.018830713870823898f,0.3458838121962575f,0.9380883714638505f,0.2667188953461223f,-0.1380547954374306f,0.9301668659315097f,-0.3401918208597641f,-0.16050149762224103f,0f,0f,0f,1f],start_interpolation:0}
execute if entity @s[tag=aj.dino.bone.leg_left_0] run data modify entity @s {} merge value {transformation:[-0.9948246073651803f,0.05068869990383662f,0.08806052624629226f,0.2110799093300761f,-0.024089499552851945f,0.7243047944309494f,-0.6890589675605664f,0.6043971825070643f,-0.09871016458302695f,-0.6876141508625309f,-0.7193351673188189f,-0.3834003683269704f,0f,0f,0f,1f],start_interpolation:0}
execute if entity @s[tag=aj.dino.bone.leg_right_3] run data modify entity @s {} merge value {transformation:[-0.7791822391372084f,-0.00965494899278536f,0.6267230809321396f,-0.16197439967602756f,0.010198404556476637f,0.9995537129977524f,0.028077880562994983f,-0.0004846559229721159f,-0.6267144730717722f,0.0282693613715293f,-0.7787360351556991f,-0.220175169886974f,0f,0f,0f,1f],start_interpolation:0}
execute if entity @s[tag=aj.dino.bone.leg_right_2] run data modify entity @s {} merge value {transformation:[-1.0009239605784384f,0.22079042900710055f,-0.038275463413626906f,-0.11013854281034564f,0.22349005567023983f,0.9708602456246589f,-0.24401798700676725f,0.21793349130029732f,-0.016297842101965884f,-0.2464633226773957f,-0.9955161527661583f,-0.3083660366055315f,0f,0f,0f,1f],start_interpolation:0}
execute if entity @s[tag=aj.dino.bone.leg_right_1] run data modify entity @s {} merge value {transformation:[-0.9734226617941099f,0.003968607787920526f,-0.2289815967668491f,-0.11630239158062858f,-0.22671397384081918f,0.12470998358896876f,0.9659441982115448f,0.19606808818676236f,0.03238974484268877f,0.9921853003070877f,-0.12049578533525829f,-0.03178458969561061f,0f,0f,0f,1f],start_interpolation:0}
execute if entity @s[tag=aj.dino.bone.leg_right_0] run data modify entity @s {} merge value {transformation:[-0.9847417756697562f,-0.16428179248626917f,0.057403204686447884f,-0.07097627667088907f,-0.17369481989469984f,0.9076615866207014f,-0.3820740160164502f,0.6037452127044727f,0.010665120370795977f,-0.3862148842687051f,-0.9223471788739789f,-0.10958037374984764f,0f,0f,0f,1f],start_interpolation:0}
execute if entity @s[tag=aj.dino.bone.tail_4] run data modify entity @s {} merge value {transformation:[0.10421208303181416f,-1.8820163679819286f,2.0181217911707616f,-0.4338453995269316f,2.7220134718919637f,-0.2616129735251778f,-0.38452911791172817f,0.39889649419556855f,0.4532591225654778f,2.003804974125832f,1.8452596362246023f,0.3840021365299937f,0f,0f,0f,1f],start_interpolation:0}
execute if entity @s[tag=aj.dino.bone.tail_3] run data modify entity @s {} merge value {transformation:[0.3258321443540282f,-1.607843020562099f,1.282427292668028f,-0.6355636711660272f,1.9766595119404755f,-0.1137576594572882f,-0.6448425348986256f,0.5093511665259449f,0.5679754515868983f,1.3182736977536156f,1.5084773350137266f,0.11531978191382058f,0f,0f,0f,1f],start_interpolation:0}
execute if entity @s[tag=aj.dino.bone.tail_2] run data modify entity @s {} merge value {transformation:[0.42667972091434975f,-1.8129851443733551f,0.5914415922513028f,-0.745627270244322f,1.8398013793279417f,0.2318526009741378f,-0.6165623496835558f,0.6253843626010072f,0.5018457685247855f,0.6914500073800206f,1.7575043632693252f,-0.21086082072171214f,0f,0f,0f,1f],start_interpolation:0}
execute if entity @s[tag=aj.dino.bone.tail_1] run data modify entity @s {} merge value {transformation:[0.9385605736751097f,-0.7700524746584269f,-0.9020972707059275f,-0.54298958071539f,0.7790741626905595f,1.2676610968985245f,-0.2715419717797488f,0.6675770124214675f,0.8943174763866878f,-0.2961600575406204f,1.1832758434730613f,-0.46272273543358833f,0f,0f,0f,1f],start_interpolation:0}
execute if entity @s[tag=aj.dino.bone.tail_0] run data modify entity @s {} merge value {transformation:[0.11731652205879003f,-0.043529585699669415f,-1.2720761476440288f,-0.17230981101746118f,-0.029030836371214418f,1.277044285099578f,-0.04637694489854758f,0.7119467870754982f,1.272489591617804f,0.03314793579320258f,0.11622035175059696f,-0.49588510468884894f,0f,0f,0f,1f],start_interpolation:0}
execute if entity @s[tag=aj.dino.bone.body_1] run data modify entity @s {} merge value {transformation:[-0.8870985711174381f,0.26868020937663734f,-0.8182124817350176f,-0.0001843891343912881f,-0.0020505186873963108f,1.1739946196095217f,0.38773318604068097f,0.5427273837209303f,0.8611948185810009f,0.2795571019907579f,-0.8419001759306245f,-0.3189852616224106f,0f,0f,0f,1f],start_interpolation:0}