execute if entity @s[tag=aj.dino.bone.head_lower] run data modify entity @s {} merge value {transformation:[-0.11694511701795046f,0.03907567388046396f,0.992369352265801f,0.05224733609978968f,0.23357233648537173f,0.9722798968788987f,-0.010759449517616038f,0.2630753145281642f,-0.9652812042272565f,0.23053176318231172f,-0.12283038276270403f,0.4561038137628858f,0f,0f,0f,1f],start_interpolation:0}
execute if entity @s[tag=aj.dino.bone.head_upper] run data modify entity @s {} merge value {transformation:[-0.12172812357685256f,-0.3883103326734082f,0.9580549525225747f,0.10953592673985255f,0.2431253477258166f,0.9268615933610012f,0.4065582303053446f,0.31199027297833637f,-1.0047608032796496f,0.27132013355974904f,-0.017693385811106386f,0.46066459374991586f,0f,0f,0f,1f],start_interpolation:0}
execute if entity @s[tag=aj.dino.bone.neck_0] run data modify entity @s {} merge value {transformation:[-0.5970312622121292f,0.10800586620714411f,0.7949140864308775f,0.15937634003944642f,0.27642318733863813f,0.957909329958928f,0.07745926077097143f,0.3013609502682655f,-0.7530895653525816f,0.2659782856597164f,-0.6017571421384033f,0.4176798644248669f,0f,0f,0f,1f],start_interpolation:0}
execute if entity @s[tag=aj.dino.bone.neck_1] run data modify entity @s {} merge value {transformation:[-0.8246936974497325f,-0.10992850832072354f,0.5547936809707459f,0.20586821958796128f,0.1447810881285307f,0.907212593426246f,0.3949730963611865f,0.33899977056828823f,-0.5467346174397665f,0.40605545604905396f,-0.7322569389946314f,0.3575187375487833f,0f,0f,0f,1f],start_interpolation:0}
execute if entity @s[tag=aj.dino.bone.neck_2] run data modify entity @s {} merge value {transformation:[-0.9781113252348086f,-0.024545629521957907f,0.20662949334201403f,0.22373019587188336f,0.07811342179163035f,0.8770800603624667f,0.4739502727613673f,0.38910853105521603f,-0.1928640163001109f,0.47971666615403574f,-0.8559645970661686f,0.2872265450958733f,0f,0f,0f,1f],start_interpolation:0}
execute if entity @s[tag=aj.dino.bone.body_0] run data modify entity @s {} merge value {transformation:[-0.990480244183938f,-0.0684685524674922f,-0.11941919110567195f,0.1667961303778034f,-0.09244273462956584f,0.9736440763758505f,0.20849832937562002f,0.496648188703786f,0.10199620922139413f,0.21755291278496633f,-0.9707046427432202f,-0.16819044945117828f,0f,0f,0f,1f],start_interpolation:0}
execute if entity @s[tag=aj.dino.bone.leg_left_3] run data modify entity @s {} merge value {transformation:[-0.7913671418477678f,0.13444268901905998f,-0.5963750583089638f,0.322426758739002f,0.06079190657915797f,0.98798994244448f,0.142057093180961f,0.019848860568909138f,0.6083110971354759f,0.0761645389789605f,-0.7900358043177266f,-0.5131265892429326f,0f,0f,0f,1f],start_interpolation:0}
execute if entity @s[tag=aj.dino.bone.leg_left_2] run data modify entity @s {} merge value {transformation:[-0.9336935167598179f,-0.2980381551830225f,-0.3024101094812792f,0.24216015873267235f,-0.2748841413256928f,0.9810864498163868f,-0.11819596581529182f,0.24445945350134812f,0.32360056413581084f,-0.026548738999691953f,-0.9729542840489509f,-0.5488816802367719f,0f,0f,0f,1f],start_interpolation:0}
execute if entity @s[tag=aj.dino.bone.leg_left_1] run data modify entity @s {} merge value {transformation:[-0.9773013329998564f,0.20656765763309487f,0.04703091894361395f,0.31524735935748527f,0.10004629118409966f,0.25432292532838385f,0.9619306572059754f,0.26054136548554974f,0.18674272177787954f,0.9448013825521163f,-0.26921646196063065f,-0.28164953607831467f,0f,0f,0f,1f],start_interpolation:0}
execute if entity @s[tag=aj.dino.bone.leg_left_0] run data modify entity @s {} merge value {transformation:[-0.974540612113673f,-0.0788939972367278f,-0.2098721814369858f,0.1880406004961404f,0.05100032341777225f,0.8335085121552231f,-0.5501477321375313f,0.6385194546842599f,0.21833360335136331f,-0.5468448567599384f,-0.808264276262914f,-0.40517395937240147f,0f,0f,0f,1f],start_interpolation:0}
execute if entity @s[tag=aj.dino.bone.leg_right_3] run data modify entity @s {} merge value {transformation:[-0.8961041061022328f,-0.026756456729564324f,0.4430367062106678f,-0.23942451782220325f,-0.018892975262819245f,0.9995760377576792f,0.022154011518867978f,0.04501699633723688f,-0.4434416382258629f,0.011482019157734613f,-0.8962297008711686f,-0.15252499215721943f,0f,0f,0f,1f],start_interpolation:0}
execute if entity @s[tag=aj.dino.bone.leg_right_2] run data modify entity @s {} merge value {transformation:[-0.9712995327810746f,0.23756762259259429f,-0.2284754731161825f,-0.18960191241598529f,0.30212568677989865f,0.9259240065838203f,-0.3216317815767515f,0.25043996397930623f,0.1317554040930974f,-0.37187169592234787f,-0.9467915054354871f,-0.26867224533902f,0f,0f,0f,1f],start_interpolation:0}
execute if entity @s[tag=aj.dino.bone.leg_right_1] run data modify entity @s {} merge value {transformation:[-0.9580553023806678f,0.25416813622360723f,-0.13239560456792038f,-0.13261087630699786f,-0.0734481052583366f,0.22878326021380582f,0.9707026298923387f,0.25964803402660247f,0.2770115763181163f,0.9397110079032595f,-0.20051884752110594f,0.002769495940750377f,0f,0f,0f,1f],start_interpolation:0}
execute if entity @s[tag=aj.dino.bone.leg_right_0] run data modify entity @s {} merge value {transformation:[-0.9659171350472044f,-0.10994966074493323f,-0.2343398393877465f,-0.04439134035345098f,-0.018726820529241767f,0.9326161356569972f,-0.36038375338668505f,0.6573384015953836f,0.2581731868631331f,-0.34371240247375945f,-0.9028889134166229f,-0.0887016119764586f,0f,0f,0f,1f],start_interpolation:0}
execute if entity @s[tag=aj.dino.bone.tail_4] run data modify entity @s {} merge value {transformation:[0.4901242662197856f,-2.086565874351079f,1.741172704603436f,-0.33484048599683547f,2.635262733449873f,-0.06734464267132699f,-0.8225061436814798f,0.3327354012497764f,0.6639501946327178f,1.807586480005036f,1.9792580902828665f,0.47021894997389124f,0f,0f,0f,1f],start_interpolation:0}
execute if entity @s[tag=aj.dino.bone.tail_3] run data modify entity @s {} merge value {transformation:[0.7217458215046404f,-1.6416517117181577f,1.0583043761592799f,-0.4982249486779347f,1.7463166876167613f,0.03700366330804474f,-1.1335582391290944f,0.5245828790546633f,0.8748751463701888f,1.2804514486535892f,1.3895981764341483f,0.2220642279775576f,0f,0f,0f,1f],start_interpolation:0}
execute if entity @s[tag=aj.dino.bone.tail_2] run data modify entity @s {} merge value {transformation:[0.7500132274712208f,-1.5188623038545892f,0.9743260930255907f,-0.6791568654551192f,1.6878637137569559f,0.21728083731943162f,-0.9605618129611027f,0.7044490070717703f,0.6382555267316972f,1.2102149456464644f,1.395271852698658f,-0.03655383297837855f,0f,0f,0f,1f],start_interpolation:0}
execute if entity @s[tag=aj.dino.bone.tail_1] run data modify entity @s {} merge value {transformation:[1.1943466373917304f,-0.754817884898972f,-0.5398539806167134f,-0.554900488335512f,0.6841765491687992f,1.310666977453457f,-0.3189212658015978f,0.7564021124049671f,0.6269727341109352f,0.007634451497169692f,1.3764095160350338f,-0.3334341196094983f,0f,0f,0f,1f],start_interpolation:0}
execute if entity @s[tag=aj.dino.bone.tail_0] run data modify entity @s {} merge value {transformation:[0.41431502943083187f,0.06546176988794361f,-1.2074326190951175f,-0.20048090457357562f,-0.05105642393671956f,1.2761502175239738f,0.05166798304884475f,0.7720993048933895f,1.2081274827378734f,0.03148167055096715f,0.4162602628846493f,-0.4543153344229608f,0f,0f,0f,1f],start_interpolation:0}
execute if entity @s[tag=aj.dino.bone.body_1] run data modify entity @s {} merge value {transformation:[-0.7310247136682897f,0.38991412698058175f,-0.917700624737401f,-0.01339184773578881f,0.05918771416250954f,1.15287815006014f,0.44268880792536036f,0.5915258333333333f,0.9953412869738009f,0.21781537996920763f,-0.7003261938200354f,-0.30617071593370143f,0f,0f,0f,1f],start_interpolation:0}