execute if entity @s[tag=aj.dino.bone.head_lower] run data modify entity @s {} merge value {transformation:[-0.09237154677506564f,0.7551475504113935f,-0.6490143869391913f,0.5833205345338304f,0.8548611034739394f,0.3943611686097802f,0.3371820909539044f,0.7948371396343322f,0.5105683021043319f,-0.5236711237030363f,-0.6819740193628341f,0.3704292576294235f,0f,0f,0f,1f],start_interpolation:0}
execute if entity @s[tag=aj.dino.bone.head_upper] run data modify entity @s {} merge value {transformation:[-0.09614950455002134f,0.8519992589194093f,-0.5901902050687305f,0.5617359472584472f,0.8898245664138972f,0.3717826344458954f,0.3917420788149987f,0.8304673142701567f,0.5314503329236065f,-0.4683448282075443f,-0.7626831636467012f,0.3075003076988162f,0f,0f,0f,1f],start_interpolation:0}
execute if entity @s[tag=aj.dino.bone.neck_0] run data modify entity @s {} merge value {transformation:[-0.0070256588311808366f,0.49765023045832746f,-0.8673493461361238f,0.4975759860887504f,0.8410810645924515f,0.47208155986925004f,0.2640485629868946f,0.8396066462553459f,0.5408634604981337f,-0.7276559963033283f,-0.4218808696087021f,0.2918571543126096f,0f,0f,0f,1f],start_interpolation:0}
execute if entity @s[tag=aj.dino.bone.neck_1] run data modify entity @s {} merge value {transformation:[-0.45452301072387263f,0.5851320351372286f,-0.6715871754125978f,0.44337936789399895f,0.7140649589270451f,0.6900694479443548f,0.11796351743776783f,0.8527787681414898f,0.532466024413787f,-0.42593973572553484f,-0.7314747257253925f,0.22792939331787315f,0f,0f,0f,1f],start_interpolation:0}
execute if entity @s[tag=aj.dino.bone.neck_2] run data modify entity @s {} merge value {transformation:[-0.72719609740733f,0.25776251776316095f,-0.6361951904501834f,0.39016755389710944f,0.3831509575813917f,0.9214218306469457f,-0.06463090368928448f,0.8561379118572086f,0.569544712573132f,-0.2907581373644205f,-0.7688163148219225f,0.157728614128478f,0f,0f,0f,1f],start_interpolation:0}
execute if entity @s[tag=aj.dino.bone.body_0] run data modify entity @s {} merge value {transformation:[-0.7568493118353851f,0.12210016555562844f,-0.6420830699727196f,0.0887193675326034f,0.5863908598913135f,0.5607325327994989f,-0.5845723104083743f,0.585972852398487f,0.28866049021338214f,-0.8189447943735567f,-0.49598845264604985f,-0.08383035649430892f,0f,0f,0f,1f],start_interpolation:0}
execute if entity @s[tag=aj.dino.bone.leg_left_3] run data modify entity @s {} merge value {transformation:[-0.9561582665288726f,-0.07931495286223608f,-0.28190513936599876f,0.40617743866733885f,-0.10798754569193515f,0.9902808142304989f,0.08765043606515932f,0.04842716233014127f,0.272213260742261f,0.11424993312663984f,-0.9554302138076983f,-0.3274486034575765f,0f,0f,0f,1f],start_interpolation:0}
execute if entity @s[tag=aj.dino.bone.leg_left_2] run data modify entity @s {} merge value {transformation:[-0.9960120186864146f,-0.22733924497860206f,-0.09131881419218767f,0.3488176389391706f,-0.2151349804159401f,0.9945068872699884f,-0.12936456576159513f,0.2759135735342413f,0.11721432648930426f,-0.10646651288462546f,-1.0134041063665278f,-0.3834026753258432f,0f,0f,0f,1f],start_interpolation:0}
execute if entity @s[tag=aj.dino.bone.leg_left_1] run data modify entity @s {} merge value {transformation:[-0.9868503679169214f,0.0516624423310322f,0.15315790346772856f,0.3743835310699444f,0.16148165809090967f,0.3565787224497305f,0.9202039386985521f,0.3207646950480386f,-0.007072866635799008f,0.9328357876649624f,-0.3602323802895031f,-0.11073410779691473f,0f,0f,0f,1f],start_interpolation:0}
execute if entity @s[tag=aj.dino.bone.leg_left_0] run data modify entity @s {} merge value {transformation:[-0.9983939050179584f,-0.008446505188723558f,-0.056020237174515194f,0.259538680751767f,0.027171474899143143f,0.7962848909276719f,-0.6043112471501013f,0.6857661151745803f,0.049712386532908576f,-0.6048628183566934f,-0.7947764777563565f,-0.27774279686864023f,0f,0f,0f,1f],start_interpolation:0}
execute if entity @s[tag=aj.dino.bone.leg_right_3] run data modify entity @s {} merge value {transformation:[-0.9659401884519265f,0.015034316091081957f,0.2583283214692704f,-0.2554486894240644f,0.07225924390179349f,0.9742691708122805f,0.21349047865301313f,0.07598868408317408f,-0.24847163621668839f,0.22488564237057235f,-0.9421721147706381f,-0.2603937778318373f,0f,0f,0f,1f],start_interpolation:0}
execute if entity @s[tag=aj.dino.bone.leg_right_2] run data modify entity @s {} merge value {transformation:[-1.0176632963380312f,0.1278688086276095f,-0.008554681014682892f,-0.22432825301131554f,0.12788193728567726f,1.008768297316154f,-0.13451740388003294f,0.30677552596073787f,-0.008356129676428585f,-0.13452988370885327f,-1.0168058246227778f,-0.32316338926663946f,0f,0f,0f,1f],start_interpolation:0}
execute if entity @s[tag=aj.dino.bone.leg_right_1] run data modify entity @s {} merge value {transformation:[-0.9618113327011694f,0.10268891445341491f,-0.25372021428333225f,-0.20212958909094175f,-0.21255921963830526f,0.30378238719301354f,0.9287275377515564f,0.33581423177879477f,0.17244575504881388f,0.9471912415556285f,-0.27035386715553233f,-0.04806820838495213f,0f,0f,0f,1f],start_interpolation:0}
execute if entity @s[tag=aj.dino.bone.leg_right_0] run data modify entity @s {} merge value {transformation:[-0.9912641845167404f,-0.11194110999674581f,-0.0697459990756347f,-0.12514368412968882f,-0.05671472719962394f,0.8392042818677069f,-0.540850823253121f,0.7159362846615073f,0.11907458256502193f,-0.5321704249463727f,-0.8382218576244376f,-0.20262458616983142f,0f,0f,0f,1f],start_interpolation:0}
execute if entity @s[tag=aj.dino.bone.tail_4] run data modify entity @s {} merge value {transformation:[-2.666318167579918f,-0.2390232128894495f,0.6776995385370063f,0.6739946063619815f,0.6868025027014573f,-0.08131444984058224f,2.673453125478383f,0.9899380506475053f,-0.21144995416476417f,2.7498940335124065f,0.13796033102522878f,-1.4993427285029621f,0f,0f,0f,1f],start_interpolation:0}
execute if entity @s[tag=aj.dino.bone.tail_3] run data modify entity @s {} merge value {transformation:[-1.7475351266910293f,0.09143753740107619f,1.128585700680032f,0.48173338933874654f,1.090800504685981f,0.6925993740766646f,1.6329133143096926f,0.7062786668172869f,-0.3036787216816823f,1.9616041419784689f,-0.6291533598536528f,-1.4118574049991248f,0f,0f,0f,1f],start_interpolation:0}
execute if entity @s[tag=aj.dino.bone.tail_2] run data modify entity @s {} merge value {transformation:[-1.5038310426921864f,0.5617981153269362f,1.114293025937617f,0.27361043072445507f,1.0599258860972507f,1.4960220421458033f,0.6762019227994212f,0.5817139459465226f,-0.6586525533383022f,1.1247554409878529f,-1.4559793566366017f,-1.141413421185169f,0f,0f,0f,1f],start_interpolation:0}
execute if entity @s[tag=aj.dino.bone.tail_1] run data modify entity @s {} merge value {transformation:[-0.8819448127764563f,0.051092035998344026f,1.2276885602929781f,0.009643587834267399f,-0.31798984102333183f,1.450220340799228f,-0.2887900173796302f,0.6264346887033355f,-1.1868917634825247f,-0.4265053539988858f,-0.8348876420139586f,-0.9554074050978014f,0f,0f,0f,1f],start_interpolation:0}
execute if entity @s[tag=aj.dino.bone.tail_0] run data modify entity @s {} merge value {transformation:[-1.2777052902277068f,-0.01907984139450767f,0.03067356452255861f,0.00021962880020337527f,-0.02503443777061695f,1.2501566041189938f,-0.26517439297036544f,0.7340933153715141f,-0.026041982137852686f,-0.26566923309644475f,-1.250030955751219f,-0.596530378247618f,0f,0f,0f,1f],start_interpolation:0}
execute if entity @s[tag=aj.dino.bone.body_1] run data modify entity @s {} merge value {transformation:[-1.2098694981972444f,0.11855568137810142f,-0.22531076938569114f,0.04461566011068732f,0.09488859160185983f,1.2252845278768982f,0.13519828395934655f,0.6201300000000001f,0.23625525935312736f,0.11500857017940337f,-1.2081229557745876f,-0.32340535749623645f,0f,0f,0f,1f],start_interpolation:0}