execute if entity @s[tag=aj.dino.bone.head_lower] run data modify entity @s {} merge value {transformation:[-0.1277181180610274f,-0.0537484335530265f,0.9903530624022652f,-0.19745347328457258f,-0.34074067057706187f,0.9401306652134825f,0.007080094628501954f,0.4819322662601836f,-0.9314418273481406f,-0.3365493102293484f,-0.13838599658385264f,0.5061932548108361f,0f,0f,0f,1f],start_interpolation:0}
execute if entity @s[tag=aj.dino.bone.head_upper] run data modify entity @s {} merge value {transformation:[-0.1329417358738409f,-0.5622473736128242f,0.8658385116820791f,-0.1504312324326379f,-0.3546768220283843f,0.8447256070087861f,0.4940798957284037f,0.5348508209939651f,-0.9695374099859183f,-0.23192344062777653f,-0.29946731192014664f,0.4800400155860808f,0f,0f,0f,1f],start_interpolation:0}
execute if entity @s[tag=aj.dino.bone.neck_0] run data modify entity @s {} merge value {transformation:[-0.4234824345415432f,0.11206677749287536f,0.8989458632293323f,-0.09398592355499155f,-0.1779305774150739f,0.9627002386851738f,-0.20383562018510706f,0.5061014914820275f,-0.888258598188335f,-0.2462707611915616f,-0.38774653438376827f,0.4592520524194302f,0f,0f,0f,1f],start_interpolation:0}
execute if entity @s[tag=aj.dino.bone.neck_1] run data modify entity @s {} merge value {transformation:[-0.5636231862646925f,-0.19165716859646892f,0.803490157768233f,-0.026802702002279417f,-0.3129819188515729f,0.9497333347930464f,0.006993658189124355f,0.5110692488791349f,-0.7644417717372742f,-0.2475361034444542f,-0.5952769566468311f,0.40768391329483195f,0f,0f,0f,1f],start_interpolation:0}
execute if entity @s[tag=aj.dino.bone.neck_2] run data modify entity @s {} merge value {transformation:[-0.8396204136290979f,-0.2812291255542091f,0.4647017752896122f,0.011155249869026121f,-0.26360534244521544f,0.9589983956273361f,0.10408794655739884f,0.5295773273243511f,-0.47492081913898354f,-0.035103505867791096f,-0.879328129553551f,0.3303044889228323f,0f,0f,0f,1f],start_interpolation:0}
execute if entity @s[tag=aj.dino.bone.body_0] run data modify entity @s {} merge value {transformation:[-0.9244823380134728f,-0.2698840438801635f,0.2692489731828758f,0.13548029837345263f,-0.31604889266372643f,0.9375302083297554f,-0.1454311036717991f,0.46996734067757234f,-0.21317951155581388f,-0.2195443265676778f,-0.9520266721708848f,-0.12047354571225038f,0f,0f,0f,1f],start_interpolation:0}
execute if entity @s[tag=aj.dino.bone.leg_left_3] run data modify entity @s {} merge value {transformation:[-0.9739564995573007f,0.08277482003145684f,-0.21108544748241048f,0.40691677186532993f,0.07565234354188871f,0.9962656235268517f,0.04161166056854701f,0.015500168523855967f,0.21374157266827942f,0.024558838478476064f,-0.9765814884411221f,-0.2574137922434503f,0f,0f,0f,1f],start_interpolation:0}
execute if entity @s[tag=aj.dino.bone.leg_left_2] run data modify entity @s {} merge value {transformation:[-0.9502501636876107f,-0.24301672309736083f,0.3000494929297229f,0.35806860237907656f,-0.32948274740150485f,0.9259264200023877f,-0.2935363408626113f,0.22174953254176274f,-0.20131553610469133f,-0.3683277569465485f,-0.9358786875905969f,-0.37250561752251515f,0f,0f,0f,1f],start_interpolation:0}
execute if entity @s[tag=aj.dino.bone.leg_left_1] run data modify entity @s {} merge value {transformation:[-0.9272328109860987f,-0.3428658774980631f,0.15060645496890557f,0.2754014773754751f,0.03242312499716127f,0.3271570666831208f,0.9444135718448321f,0.25989400280270575f,-0.37307915406282927f,0.8805743828699416f,-0.29223398337117545f,-0.11035197651801465f,0f,0f,0f,1f],start_interpolation:0}
execute if entity @s[tag=aj.dino.bone.leg_left_0] run data modify entity @s {} merge value {transformation:[-0.9414272323158227f,0.21947234889016642f,0.2560208083863558f,0.2312667206388491f,-0.01127938760246669f,0.7382993608229309f,-0.6743788469575278f,0.6033614617580573f,-0.33702750877262727f,-0.6377663693556479f,-0.6925796101889169f,-0.3435675558668348f,0f,0f,0f,1f],start_interpolation:0}
execute if entity @s[tag=aj.dino.bone.leg_right_3] run data modify entity @s {} merge value {transformation:[-0.6949295906167156f,-0.02762369038204087f,0.718547003205052f,-0.16790173911842296f,-0.009814979778077354f,0.999533150614783f,0.028933492600128702f,-0.0024422149681016248f,-0.7190107998196132f,0.013054215861663332f,-0.6948762891270623f,-0.20856519329339493f,0f,0f,0f,1f],start_interpolation:0}
execute if entity @s[tag=aj.dino.bone.leg_right_2] run data modify entity @s {} merge value {transformation:[-0.9719469819230167f,0.2997508234744348f,0.1324035787198797f,-0.09243053630717135f,0.24395039493873516f,0.9385826831744308f,-0.3340852453416878f,0.20563685588112413f,-0.21879092449338114f,-0.285086285485954f,-0.9606864944860248f,-0.3043684807461825f,0f,0f,0f,1f],start_interpolation:0}
execute if entity @s[tag=aj.dino.bone.leg_right_1] run data modify entity @s {} merge value {transformation:[-0.9543689484921684f,-0.21630049772268425f,-0.20589804476699583f,-0.15927941606091164f,-0.2525184456367806f,0.2164555913668439f,0.9430702050108541f,0.20939510598887345f,-0.1594187716899647f,0.9520299741347164f,-0.2611983606034196f,-0.03505363063285659f,0f,0f,0f,1f],start_interpolation:0}
execute if entity @s[tag=aj.dino.bone.leg_right_0] run data modify entity @s {} merge value {transformation:[-0.9612821069508618f,-0.08644643654050232f,0.26165573654242824f,-0.10274783107177915f,-0.20183815796941362f,0.867330868124653f,-0.4549709036692895f,0.6104437261613966f,-0.1876114837733176f,-0.49016750076640614f,-0.8511978338487411f,-0.13640185568285357f,0f,0f,0f,1f],start_interpolation:0}
execute if entity @s[tag=aj.dino.bone.tail_4] run data modify entity @s {} merge value {transformation:[-0.030296971726650287f,-2.339558123032339f,1.466700792274143f,-0.6490177593724701f,2.7611085927567616f,-0.00867993666404906f,0.04318945825410128f,0.5047123334344162f,-0.03198068337245521f,1.4669879956062728f,2.3393556352632916f,0.2491238293487999f,0f,0f,0f,1f],start_interpolation:0}
execute if entity @s[tag=aj.dino.bone.tail_3] run data modify entity @s {} merge value {transformation:[0.1349011511949027f,-1.9272538058863597f,0.7768139887690476f,-0.7618770138765208f,2.0630226803678893f,0.03117842085958901f,-0.28091075523168657f,0.5520393113846813f,0.24836389781613594f,0.7878237111268546f,1.9114378620536767f,-0.08269487004237475f,0f,0f,0f,1f],start_interpolation:0}
execute if entity @s[tag=aj.dino.bone.tail_2] run data modify entity @s {} merge value {transformation:[0.2764838127189021f,-1.9343753985744874f,-0.022855933518251218f,-0.7578839913974733f,1.9079171802983907f,0.2764791365004103f,-0.3196641913086319f,0.6129407751847633f,0.3196601467643927f,0.022912430524913086f,1.9277101146440003f,-0.44081014680061326f,0f,0f,0f,1f],start_interpolation:0}
execute if entity @s[tag=aj.dino.bone.tail_1] run data modify entity @s {} merge value {transformation:[0.6069044931543327f,-0.6158690108886427f,-1.2409788667081034f,-0.48389064198332177f,0.8704953334417683f,1.2235031368328542f,-0.1814778185241136f,0.6362050682990009f,1.0777574219856654f,-0.6414060224126461f,0.8453954718163571f,-0.615918953379659f,0f,0f,0f,1f],start_interpolation:0}
execute if entity @s[tag=aj.dino.bone.tail_0] run data modify entity @s {} merge value {transformation:[-0.26397968285053663f,-0.07607054800145197f,-1.248344389723011f,-0.12093111491426507f,0.049864661579033465f,1.2741945273741782f,-0.0881903538904958f,0.6927249231642101f,1.2496655389150195f,-0.06691259014924802f,-0.26018159564385057f,-0.5415025639442418f,0f,0f,0f,1f],start_interpolation:0}
execute if entity @s[tag=aj.dino.bone.body_1] run data modify entity @s {} merge value {transformation:[-1.0505135014266842f,0.18343767215313558f,-0.6256009900979513f,0.01215652302560381f,0.022274521688585625f,1.1958231762126659f,0.31323373377151775f,0.5393552906976744f,0.6515595322455523f,0.2548767284864196f,-1.0193687381278018f,-0.3216813678058863f,0f,0f,0f,1f],start_interpolation:0}