execute if entity @s[tag=aj.dino.bone.head_lower] run data modify entity @s {} merge value {transformation:[-0.08060631192737516f,-0.03388153286257084f,0.9961699976451553f,-0.22942249365186493f,-0.3675835155539243f,0.9299886009452776f,0.0018871154874036122f,0.4983802871516392f,-0.9264906807790807f,-0.3660235564041302f,-0.08741724421867789f,0.49451368835571763f,0f,0f,0f,1f],start_interpolation:0}
execute if entity @s[tag=aj.dino.bone.head_upper] run data modify entity @s {} merge value {transformation:[-0.08390307649924152f,-0.5442468787120925f,0.8833049028221308f,-0.18077674645312858f,-0.3826175281802817f,0.8399570698660046f,0.481194233646699f,0.5502947884537506f,-0.9643837635851615f,-0.2859010289903964f,-0.2677620225854645f,0.4693356756099394f,0f,0f,0f,1f],start_interpolation:0}
execute if entity @s[tag=aj.dino.bone.neck_0] run data modify entity @s {} merge value {transformation:[-0.3927269177903399f,0.11874550713223693f,0.9119567273609023f,-0.12360847688637984f,-0.18984374549839103f,0.9598030794899489f,-0.20673026120225557f,0.5214091617945412f,-0.8998471649886115f,-0.2543178191506025f,-0.35439741325867447f,0.45083849253939573f,0f,0f,0f,1f],start_interpolation:0}
execute if entity @s[tag=aj.dino.bone.neck_1] run data modify entity @s {} merge value {transformation:[-0.5303217866106096f,-0.18654732921632305f,0.8270180751400706f,-0.054408591537063136f,-0.32886039168834785f,0.9443761259922006f,0.002139026542525943f,0.5259409881828468f,-0.7814151556149378f,-0.2708391157462673f,-0.5621712621230851f,0.4019674861884015f,0f,0f,0f,1f],start_interpolation:0}
execute if entity @s[tag=aj.dino.bone.neck_2] run data modify entity @s {} merge value {transformation:[-0.8187969494912255f,-0.27779993057524466f,0.5023930274956577f,-0.01311502932602554f,-0.2731192673637051f,0.9582410513865528f,0.08473460469198407f,0.5427461538571313f,-0.5049528901774665f,-0.06783277976010632f,-0.860477363264973f,0.32591909027682653f,0f,0f,0f,1f],start_interpolation:0}
execute if entity @s[tag=aj.dino.bone.body_0] run data modify entity @s {} merge value {transformation:[-0.9149830598852128f,-0.2551872271655294f,0.31254676324457675f,0.1317561108179957f,-0.31825013317346684f,0.9325966671756769f,-0.17023603939204573f,0.4713986958774901f,-0.24803800688233968f,-0.25523114125119617f,-0.9345235212007499f,-0.11694973646122661f,0f,0f,0f,1f],start_interpolation:0}
execute if entity @s[tag=aj.dino.bone.leg_left_3] run data modify entity @s {} merge value {transformation:[-0.9791113210102836f,0.08272155200526925f,-0.18573681892219518f,0.4060281488910209f,0.07645169434399923f,0.9962430202110948f,0.04068148365788546f,0.01506400350037343f,0.18840424491350583f,0.025631806696264026f,-0.9817570223757279f,-0.24855277654594124f,0f,0f,0f,1f],start_interpolation:0}
execute if entity @s[tag=aj.dino.bone.leg_left_2] run data modify entity @s {} merge value {transformation:[-0.9436460252433424f,-0.23134536918889875f,0.3287456443787312f,0.36079764018540944f,-0.32865683687859776f,0.9270088918390674f,-0.29103504518348283f,0.22164427267150333f,-0.2314715146969276f,-0.373089847230998f,-0.9269774017082365f,-0.3645263318826243f,0f,0f,0f,1f],start_interpolation:0}
execute if entity @s[tag=aj.dino.bone.leg_left_1] run data modify entity @s {} merge value {transformation:[-0.9152647240536805f,-0.3698273512251023f,0.15974421801356148f,0.2700829406996348f,0.033715559889523905f,0.3248204986053159f,0.9451745366370854f,0.2590878720358428f,-0.40143959187438844f,0.8704707772071487f,-0.2848278078139596f,-0.10494550473313319f,0f,0f,0f,1f],start_interpolation:0}
execute if entity @s[tag=aj.dino.bone.leg_left_0] run data modify entity @s {} merge value {transformation:[-0.9305741630492703f,0.2392056227726453f,0.27715049539753783f,0.2332379674495538f,-0.010082349782586125f,0.7399960438564284f,-0.6725356505789833f,0.6032106425078084f,-0.36596457928057924f,-0.6286386283953491f,-0.6862094444127117f,-0.3384604835960592f,0f,0f,0f,1f],start_interpolation:0}
execute if entity @s[tag=aj.dino.bone.leg_right_3] run data modify entity @s {} merge value {transformation:[-0.6832947432225209f,-0.028494283468309303f,0.7295864374384278f,-0.16959402924037198f,-0.011326595514652898f,0.9995316356695024f,0.02842916688715169f,-0.0023086089533832788f,-0.7300547939151669f,0.011161769818344824f,-0.6832974555609043f,-0.20728010587724788f,0f,0f,0f,1f],start_interpolation:0}
execute if entity @s[tag=aj.dino.bone.leg_right_2] run data modify entity @s {} merge value {transformation:[-0.9651892042981908f,0.3116192972594652f,0.15285749239875915f,-0.09073466874306699f,0.24680146908262218f,0.9337830281595424f,-0.345254240640937f,0.20430207420398094f,-0.2440512943329315f,-0.28810565665638627f,-0.9536751521549192f,-0.30353133409392585f,0f,0f,0f,1f],start_interpolation:0}
execute if entity @s[tag=aj.dino.bone.leg_right_1] run data modify entity @s {} merge value {transformation:[-0.94934616366995f,-0.24282424795108704f,-0.1994448448372066f,-0.16503144419247096f,-0.2556430314387233f,0.22774861086896306f,0.9395622441989026f,0.21125210581109766f,-0.1827252089941843f,0.9429564967983661f,-0.2782885968626545f,-0.03623922444935258f,0f,0f,0f,1f],start_interpolation:0}
execute if entity @s[tag=aj.dino.bone.leg_right_0] run data modify entity @s {} merge value {transformation:[-0.9555439796666907f,-0.07400571634749636f,0.28540998032766246f,-0.1062161763765963f,-0.20528250591044164f,0.8618219494117427f,-0.46381248396229385f,0.6112579990623619f,-0.21164781050101195f,-0.5017829027179359f,-0.8387008542085135f,-0.140370527141954f,0f,0f,0f,1f],start_interpolation:0}
execute if entity @s[tag=aj.dino.bone.tail_4] run data modify entity @s {} merge value {transformation:[-0.030189276000930722f,-2.3774018416478673f,1.4045321009303646f,-0.6733765225792966f,2.7594547423596762f,0.025297150637602663f,0.10213182970217241f,0.5172222079003679f,-0.10079416691076301f,1.4046287299848832f,2.3753989135338545f,0.22543886827863885f,0f,0f,0f,1f],start_interpolation:0}
execute if entity @s[tag=aj.dino.bone.tail_3] run data modify entity @s {} merge value {transformation:[0.12600987894961233f,-1.9556714689213803f,0.703858041154916f,-0.7735870552489015f,2.068361727328013f,0.04850345847078142f,-0.23552644328290961f,0.5566841445874835f,0.2048091828415622f,0.7134017425039733f,1.9455222122763105f,-0.11143099996389444f,0f,0f,0f,1f],start_interpolation:0}
execute if entity @s[tag=aj.dino.bone.tail_2] run data modify entity @s {} merge value {transformation:[0.26716472927691964f,-1.9330230475216796f,-0.10401336540639232f,-0.754513612594404f,1.9132186837611842f,0.27966189830779814f,-0.28312076176921086f,0.6107969421695415f,0.2949426224544183f,-0.06312681987596175f,1.930750561070703f,-0.470150239610013f,0f,0f,0f,1f],start_interpolation:0}
execute if entity @s[tag=aj.dino.bone.tail_1] run data modify entity @s {} merge value {transformation:[0.5624898836328353f,-0.5874320249762206f,-1.275219587695804f,-0.47345722235407706f,0.8813486524536499f,1.2170991593167542f,-0.17190241187541974f,0.63206862765947f,1.0929254016760954f,-0.6791535190388013f,0.7949344714807363f,-0.6339534688221465f,0f,0f,0f,1f],start_interpolation:0}
execute if entity @s[tag=aj.dino.bone.tail_0] run data modify entity @s {} merge value {transformation:[-0.3107141569753196f,-0.07705130340191209f,-1.2374795052376464f,-0.11369633442992924f,0.058771449677305666f,1.2733959697625663f,-0.09404433783757878f,0.6902798820755888f,1.2384822751828028f,-0.07975912123730555f,-0.30599976016576935f,-0.5464579564794448f,0f,0f,0f,1f],start_interpolation:0}
execute if entity @s[tag=aj.dino.bone.body_1] run data modify entity @s {} merge value {transformation:[-1.0676216331842503f,0.17436402507588056f,-0.5986533472491253f,0.013737528545674803f,0.025309845538337216f,1.1981825580721375f,0.30384628401016256f,0.5389337790697675f,0.6230152928556969f,0.2501206495819498f,-1.0382178001637632f,-0.32193426178532686f,0f,0f,0f,1f],start_interpolation:0}