execute if entity @s[tag=aj.dino.bone.head_lower] run data modify entity @s {} merge value {transformation:[0.003097367039764834f,0.7349768481002984f,-0.6780851267163819f,0.45739651898290684f,0.3899419484979848f,0.6235222787330709f,0.6776173291210267f,0.5062539685062266f,0.9208342321607164f,-0.2665126651400819f,-0.28466702689443096f,0.43829559830356873f,0f,0f,0f,1f],start_interpolation:0}
execute if entity @s[tag=aj.dino.bone.head_upper] run data modify entity @s {} merge value {transformation:[0.003224048061121616f,1.0080626725724833f,-0.2593669143580747f,0.46215322890089594f,0.40589041171574053f,0.23761868168809433f,0.9285807872089246f,0.5757295462870187f,0.9584959685751597f,-0.10401419548475743f,-0.39234993047830724f,0.40920996104773255f,0f,0f,0f,1f],start_interpolation:0}
execute if entity @s[tag=aj.dino.bone.neck_0] run data modify entity @s {} merge value {transformation:[0.06587245409062176f,0.7460632718390625f,-0.6626087942405171f,0.40717641106650415f,0.3361240451627514f,0.6086506591357146f,0.7187245657392608f,0.6122154728164284f,0.9395112804301541f,-0.27006289924099736f,-0.21067649227675916f,0.39966727167882277f,0f,0f,0f,1f],start_interpolation:0}
execute if entity @s[tag=aj.dino.bone.neck_1] run data modify entity @s {} merge value {transformation:[-0.5032798828467736f,0.7598358037315407f,-0.41153239348729426f,0.3758146845437816f,0.49019381254030175f,0.6432415220836893f,0.5881754588680679f,0.6650049872725007f,0.711631495697697f,0.09428624308509606f,-0.696197327412248f,0.34112458539319573f,0f,0f,0f,1f],start_interpolation:0}
execute if entity @s[tag=aj.dino.bone.neck_2] run data modify entity @s {} merge value {transformation:[-0.7807702100019631f,0.425882939896589f,-0.4571888020047391f,0.33993117673057643f,0.24791643781613013f,0.8828104250123897f,0.39897768527826827f,0.7086016906529036f,0.5735288301681538f,0.19816527191837163f,-0.7948554623146694f,0.2734294473438391f,0f,0f,0f,1f],start_interpolation:0}
execute if entity @s[tag=aj.dino.bone.body_0] run data modify entity @s {} merge value {transformation:[-0.8082447970289444f,0.21390410964101167f,-0.5486213447855693f,0.08340569828764827f,0.44828088894304186f,0.827636905185312f,-0.3377297703545176f,0.5573151924394798f,0.3818174860899861f,-0.5189047938244212f,-0.7648223468636087f,-0.09197167344134877f,0f,0f,0f,1f],start_interpolation:0}
execute if entity @s[tag=aj.dino.bone.leg_left_3] run data modify entity @s {} merge value {transformation:[-0.9469807340758075f,-0.12395640691708554f,-0.2964157527417372f,0.390775888236938f,-0.16613857906536858f,0.9785828102581036f,0.12154692926393462f,0.04274725963578693f,0.2750008396994178f,0.16434869227212484f,-0.947293009323439f,-0.35351103596943834f,0f,0f,0f,1f],start_interpolation:0}
execute if entity @s[tag=aj.dino.bone.leg_left_2] run data modify entity @s {} merge value {transformation:[-0.9993850742787623f,-0.21609294021384234f,-0.08121276992729434f,0.33634467496943826f,-0.19583557591519585f,0.9846641070888623f,-0.21011240543468723f,0.2654738038216189f,0.12222970185470611f,-0.18921584738420755f,-1.0006595138127052f,-0.4283522118239116f,0f,0f,0f,1f],start_interpolation:0}
execute if entity @s[tag=aj.dino.bone.leg_left_1] run data modify entity @s {} merge value {transformation:[-0.9839765204533274f,0.030606660140515343f,0.17565147181736218f,0.35494016008946666f,0.17702204660116536f,0.28535287706633117f,0.9419325509648242f,0.28951318829018324f,-0.02129324338135088f,0.9579336970297107f,-0.2861985846947751f,-0.1525085938312363f,0f,0f,0f,1f],start_interpolation:0}
execute if entity @s[tag=aj.dino.bone.leg_left_0] run data modify entity @s {} merge value {transformation:[-0.9980044432942998f,0.04978517039594044f,-0.03884028802006856f,0.2616056878047627f,0.0622097591784694f,0.88063398287399f,-0.46969536304976417f,0.680748327348801f,0.01082021385147025f,-0.4711743042825448f,-0.881973751285189f,-0.2644506360386793f,0f,0f,0f,1f],start_interpolation:0}
execute if entity @s[tag=aj.dino.bone.leg_right_3] run data modify entity @s {} merge value {transformation:[-0.9894029137837919f,0.030408434807520972f,0.14197605885746667f,-0.2563881225540896f,0.07312313835706352f,0.9491232403723769f,0.30629737384093253f,0.09865343265751003f,-0.1254387533139413f,0.31343324915776716f,-0.9412888597499965f,-0.267324643474003f,0f,0f,0f,1f],start_interpolation:0}
execute if entity @s[tag=aj.dino.bone.leg_right_2] run data modify entity @s {} merge value {transformation:[-1.0210471261242617f,0.09661280824511759f,-0.013817779020966873f,-0.2327108181513038f,0.09749796251337513f,1.0162522887241177f,-0.09893246418353453f,0.33233165313097324f,0.004371846271381109f,-0.09979704628233282f,-1.0208249781496312f,-0.32214203668627556f,0f,0f,0f,1f],start_interpolation:0}
execute if entity @s[tag=aj.dino.bone.leg_right_1] run data modify entity @s {} merge value {transformation:[-0.9533171864187692f,0.08710154986935008f,-0.28913606155054167f,-0.21269926412159623f,-0.26727673120518786f,0.20221989650570543f,0.9421625456435269f,0.33197672817851276f,0.14053288239722134f,0.9754590885668033f,-0.1694994852427285f,-0.045351868158996f,0f,0f,0f,1f],start_interpolation:0}
execute if entity @s[tag=aj.dino.bone.leg_right_0] run data modify entity @s {} merge value {transformation:[-0.9962982166228237f,-0.07572518571582816f,-0.04068857090737296f,-0.12327393130253358f,-0.04283548997188493f,0.8476893952896637f,-0.5287606357439184f,0.7128322785467721f,0.07453176740859917f,-0.5250603635409434f,-0.8477951582105213f,-0.19115803458669972f,0f,0f,0f,1f],start_interpolation:0}
execute if entity @s[tag=aj.dino.bone.tail_4] run data modify entity @s {} merge value {transformation:[-2.301562682043f,0.1643435289883759f,1.5170569391775255f,0.7926260421642431f,1.5240771305613636f,0.11222811452642109f,2.300055451942341f,1.0309755075590488f,0.07522933155940671f,2.7542798308068646f,-0.1842403128623962f,-1.4527456849766414f,0f,0f,0f,1f],start_interpolation:0}
execute if entity @s[tag=aj.dino.bone.tail_3] run data modify entity @s {} merge value {transformation:[-1.3735765865561382f,0.37135520456574733f,1.5203052979422143f,0.5312044429748208f,1.5586696903506578f,0.5064051557764819f,1.284541996444502f,0.8082090820810961f,-0.1406473721454377f,1.9853449716080511f,-0.6120205768302681f,-1.3683977710025157f,0f,0f,0f,1f],start_interpolation:0}
execute if entity @s[tag=aj.dino.bone.tail_2] run data modify entity @s {} merge value {transformation:[-1.2354958589908234f,0.7789547874323471f,1.2982886029521827f,0.28912720063153063f,1.415064219082068f,1.1900205379616577f,0.6326280503628348f,0.6919344402472565f,-0.5384395168382072f,1.3400949344611561f,-1.3164354630369712f,-1.1237545606429782f,0f,0f,0f,1f],start_interpolation:0}
execute if entity @s[tag=aj.dino.bone.tail_1] run data modify entity @s {} merge value {transformation:[-0.8341766601961297f,0.22523563336258542f,1.2414002010019922f,0.02003540371378149f,-0.06468427984445514f,1.4786109758211614f,-0.31173991743470664f,0.7410046982438699f,-1.260008529147734f,-0.2250216470585631f,-0.8058535939176646f,-0.9463894242419628f,0f,0f,0f,1f],start_interpolation:0}
execute if entity @s[tag=aj.dino.bone.tail_0] run data modify entity @s {} merge value {transformation:[-1.2774573515752168f,0.028187356725768865f,0.03382165595110461f,0.01083214088560986f,0.026519236375159412f,1.276428629300944f,-0.06214821789093973f,0.7899683485536504f,-0.03514486580624637f,-0.06140963935536154f,-1.2762560131829872f,-0.5749196782296686f,0f,0f,0f,1f],start_interpolation:0}
execute if entity @s[tag=aj.dino.bone.body_1] run data modify entity @s {} merge value {transformation:[-1.2104898850229013f,0.1587679642538452f,-0.1952218400696576f,0.04552433499095879f,0.1009076512983283f,1.1849752510863232f,0.3380175961079697f,0.6315675000000001f,0.23051351201816392f,0.3150094965169229f,-1.1731313366104652f,-0.3234012004737161f,0f,0f,0f,1f],start_interpolation:0}