execute if entity @s[tag=aj.dino.bone.head_lower] run data modify entity @s {} merge value {transformation:[-0.4111882066661139f,-0.12242517106587791f,0.9032919440514215f,0.003166562062942073f,-0.16834848844558112f,0.9840930342321748f,0.0567422806538454f,0.3808933108105378f,-0.8958699934347578f,-0.12873607678192714f,-0.4252575424351748f,0.536974093223947f,0f,0f,0f,1f],start_interpolation:0}
execute if entity @s[tag=aj.dino.bone.head_upper] run data modify entity @s {} merge value {transformation:[-0.42800563299033856f,-0.5947229796735675f,0.7393156958703372f,0.04064582589810677f,-0.1752338714778019f,0.8466466075059308f,0.5796158683724131f,0.43980732993405053f,-0.9325107028870756f,0.11386852958741073f,-0.44825181489221f,0.5083402037765569f,0f,0f,0f,1f],start_interpolation:0}
execute if entity @s[tag=aj.dino.bone.neck_0] run data modify entity @s {} merge value {transformation:[-0.6022289683092702f,0.08869606595477986f,0.7933809158363325f,0.09070221528511649f,-0.10329278754102318f,0.9767978845134272f,-0.1876072835795518f,0.4118544065344278f,-0.7916128282002239f,-0.19493306721600284f,-0.579094318340807f,0.4743147984263223f,0f,0f,0f,1f],start_interpolation:0}
execute if entity @s[tag=aj.dino.bone.neck_1] run data modify entity @s {} merge value {transformation:[-0.7503070976531857f,-0.18961339425655305f,0.6333135241961616f,0.14347865781887076f,-0.2145279938563176f,0.9759764785765929f,0.03804803696929762f,0.41957377628595505f,-0.6253135206144489f,-0.10731576763804226f,-0.7729594600967251f,0.40834059673617845f,0f,0f,0f,1f],start_interpolation:0}
execute if entity @s[tag=aj.dino.bone.neck_2] run data modify entity @s {} merge value {transformation:[-0.9400565700992127f,-0.2549077937615113f,0.22652960445147755f,0.1608286435225573f,-0.20491396268147966f,0.9532094054169257f,0.22226582580973672f,0.4483784454554917f,-0.2725874408542647f,0.16252337094814964f,-0.9483049303806096f,0.3268531779265484f,0f,0f,0f,1f],start_interpolation:0}
execute if entity @s[tag=aj.dino.bone.body_0] run data modify entity @s {} merge value {transformation:[-0.9528256079830209f,-0.303468768118637f,-0.005483388399860845f,0.15535342378011924f,-0.30350675521308423f,0.9527914506215803f,0.008491240336346184f,0.4614568647403442f,0.0026476993431546747f,0.009754916656823709f,-0.999948914339731f,-0.14432606781853596f,0f,0f,0f,1f],start_interpolation:0}
execute if entity @s[tag=aj.dino.bone.leg_left_3] run data modify entity @s {} merge value {transformation:[-0.9300388595253788f,0.08073149035021951f,-0.3584831184847698f,0.4091470699643953f,0.06871430844388984f,0.9965679280572228f,0.04615959903217162f,0.018496269188012088f,0.36097931185569443f,0.018297301264539823f,-0.9323943077789689f,-0.31142956552938816f,0f,0f,0f,1f],start_interpolation:0}
execute if entity @s[tag=aj.dino.bone.leg_left_2] run data modify entity @s {} merge value {transformation:[-0.9688551625501629f,-0.31230557454146696f,0.12588527162029803f,0.3387364518750376f,-0.33619991061116544f,0.9185574357459959f,-0.3086811572504514f,0.22254947015186693f,-0.018748162726950682f,-0.33283579261665636f,-0.9700160004083948f,-0.4190200302681132f,0f,0f,0f,1f],start_interpolation:0}
execute if entity @s[tag=aj.dino.bone.leg_left_1] run data modify entity @s {} merge value {transformation:[-0.9799900711005388f,-0.17830706234347943f,0.08846497647543666f,0.3051212592831788f,0.022750859489688816f,0.3411900733465379f,0.9397189645006978f,0.2649478833733047f,-0.19774189980083f,0.9229279090851148f,-0.3303062453162759f,-0.14683300074047015f,0f,0f,0f,1f],start_interpolation:0}
execute if entity @s[tag=aj.dino.bone.leg_left_0] run data modify entity @s {} merge value {transformation:[-0.9870700066966683f,0.09437638364577777f,0.1295604109664072f,0.21685728558233622f,-0.020368747239821183f,0.7278838602753765f,-0.6853978407366746f,0.6041660222995692f,-0.15899030164044486f,-0.6791746345090935f,-0.7165499981325234f,-0.3736540838310673f,0f,0f,0f,1f],start_interpolation:0}
execute if entity @s[tag=aj.dino.bone.leg_right_3] run data modify entity @s {} merge value {transformation:[-0.7595658645927147f,-0.016030142933569504f,0.6502328289644037f,-0.16218818148394928f,0.003885740782989533f,0.9995665810136347f,0.02918134916827042f,-0.0014744603010758417f,-0.6504187869089342f,0.0246917929329247f,-0.7591743653454509f,-0.21721439001061438f,0f,0f,0f,1f],start_interpolation:0}
execute if entity @s[tag=aj.dino.bone.leg_right_2] run data modify entity @s {} merge value {transformation:[-0.9977717747770753f,0.23766749869691095f,0.0052768382629989445f,-0.10507723321222835f,0.22816652398276316f,0.9638044717766674f,-0.2666142850966857f,0.21459341448856056f,-0.0667362142507587f,-0.25818075014831676f,-0.9904297943120572f,-0.3079011318057106f,0f,0f,0f,1f],start_interpolation:0}
execute if entity @s[tag=aj.dino.bone.leg_right_1] run data modify entity @s {} merge value {transformation:[-0.9722701908806302f,-0.051986477518073886f,-0.22800895175454455f,-0.12647096332923172f,-0.23329498882289396f,0.14785508858914012f,0.9610995374925654f,0.19914169072959548f,-0.016251895737703387f,0.9876417766242781f,-0.1558832798967566f,-0.03164592696004059f,0f,0f,0f,1f],start_interpolation:0}
execute if entity @s[tag=aj.dino.bone.leg_right_0] run data modify entity @s {} merge value {transformation:[-0.9827149236896386f,-0.14857197593259802f,0.11044340960488175f,-0.07953014153389486f,-0.18082337048090047f,0.8982134186012891f,-0.4006439358489184f,0.6054497416285404f,-0.039677291308696516f,-0.41368952441664375f,-0.9095530165649148f,-0.11541707705559512f,0f,0f,0f,1f],start_interpolation:0}
execute if entity @s[tag=aj.dino.bone.tail_4] run data modify entity @s {} merge value {transformation:[0.04989876710665644f,-2.0230405879207325f,1.8789566850426804f,-0.4898061135225542f,2.7394330498332624f,-0.19820354505221857f,-0.2861524974728771f,0.42615087614673525f,0.34449674907387356f,1.8691397662973397f,2.003322204619981f,0.35961321532733664f,0f,0f,0f,1f],start_interpolation:0}
execute if entity @s[tag=aj.dino.bone.tail_3] run data modify entity @s {} merge value {transformation:[0.25886455412113035f,-1.7016238930749614f,1.1719261048293648f,-0.6718697477176806f,2.00571167854042f,-0.07659671525367735f,-0.5542554752308396f,0.5208816817104597f,0.4960396468334816f,1.1977289325106935f,1.6295200517454687f,0.07158611414469318f,0f,0f,0f,1f],start_interpolation:0}
execute if entity @s[tag=aj.dino.bone.tail_2] run data modify entity @s {} merge value {transformation:[0.3767656674993935f,-1.8647504574605132f,0.4466847190103121f,-0.7550725866319005f,1.8612935449723453f,0.24624473105675995f,-0.5419628648476217f,0.6230663134131551f,0.4608772572397059f,0.5299463546722145f,1.823601625885329f,-0.2669505494672996f,0f,0f,0f,1f],start_interpolation:0}
execute if entity @s[tag=aj.dino.bone.tail_1] run data modify entity @s {} merge value {transformation:[0.8605459596047613f,-0.744563001967532f,-0.9963648114566366f,-0.532386623580115f,0.8026451373351805f,1.2579725465790945f,-0.24682403765739228f,0.6600358530610596f,0.9501987607443566f,-0.38831335047150484f,1.1108516133694386f,-0.5021544865022672f,0f,0f,0f,1f],start_interpolation:0}
execute if entity @s[tag=aj.dino.bone.tail_0] run data modify entity @s {} merge value {transformation:[0.02180867111672179f,-0.05580198068729846f,-1.2768109638468512f,-0.16061938529275863f,-0.008077535442497744f,1.2769653234252765f,-0.055946695832566846f,0.7072002258738574f,1.2780042456382241f,0.009023209228479753f,0.021434701069089308f,-0.508200458231339f,0f,0f,0f,1f],start_interpolation:0}
execute if entity @s[tag=aj.dino.bone.body_1] run data modify entity @s {} merge value {transformation:[-0.9321719435399397f,0.2454523838803806f,-0.7742177923431237f,0.0028424464574357874f,0.004037442321659453f,1.1799429393558036f,0.3692193846213054f,0.5418843604651162f,0.8121845614099797f,0.27584847682754104f,-0.8904316094431144f,-0.31976793446736307f,0f,0f,0f,1f],start_interpolation:0}