execute if entity @s[tag=aj.dino.bone.head_lower] run data modify entity @s {} merge value {transformation:[-0.5539232949122752f,-0.45726168478616036f,0.6957591070047526f,0.28946620414757696f,-0.28287483959045867f,0.889329484794332f,0.3592699439169951f,0.6793025599566243f,-0.7830394680220154f,0.0021952453098800524f,-0.6219681442146603f,0.5534133696879973f,0f,0f,0f,1f],start_interpolation:0}
execute if entity @s[tag=aj.dino.bone.head_upper] run data modify entity @s {} merge value {transformation:[-0.5765785268728144f,-0.46233827377528264f,0.7329887212878342f,0.32943584532554643f,-0.29444430266519195f,0.932533542824233f,0.3565889604561548f,0.724733253720783f,-0.8150654559976709f,-0.009821135050695295f,-0.6473359176881287f,0.5083141863250088f,0f,0f,0f,1f],start_interpolation:0}
execute if entity @s[tag=aj.dino.bone.neck_0] run data modify entity @s {} merge value {transformation:[-0.8426694022998319f,-0.1292572666088665f,0.5226861749237762f,0.36560408877775075f,-0.29155649528372f,0.9256615727620565f,-0.24113370309757742f,0.6942100826039618f,-0.45266222339125917f,-0.3555885427576102f,-0.8177124798937588f,0.4613574994225854f,0f,0f,0f,1f],start_interpolation:0}
execute if entity @s[tag=aj.dino.bone.neck_1] run data modify entity @s {} merge value {transformation:[-0.9459863161354307f,-0.29463607882409265f,0.1352755363681105f,0.3757063506139118f,-0.30069365804661063f,0.9533579413019748f,-0.026305128150396526f,0.6963736938606517f,-0.1212155670492241f,-0.06556078714920843f,-0.990458767184839f,0.3771506117194123f,0f,0f,0f,1f],start_interpolation:0}
execute if entity @s[tag=aj.dino.bone.neck_2] run data modify entity @s {} merge value {transformation:[-0.9445378697172194f,-0.19669243166369743f,-0.26298345954884456f,0.35074128534272897f,-0.20453831505245534f,0.9788553340360482f,0.0025125096376707456f,0.7061774140535307f,0.2569285705124278f,0.05616335420359575f,-0.9647970705278088f,0.2931770267028968f,0f,0f,0f,1f],start_interpolation:0}
execute if entity @s[tag=aj.dino.bone.body_0] run data modify entity @s {} merge value {transformation:[-0.8321702443062129f,-0.3413328831232727f,-0.43701778841380406f,0.14152481810215664f,-0.20185508630119262f,0.9204948715533718f,-0.3345799091073459f,0.5572600218360331f,0.516475758023236f,-0.19021318130638573f,-0.8349082207234684f,-0.10212410513666603f,0f,0f,0f,1f],start_interpolation:0}
execute if entity @s[tag=aj.dino.bone.leg_left_3] run data modify entity @s {} merge value {transformation:[-0.8815515091741702f,0.07215744964868649f,-0.4665407154074981f,0.3385092180589948f,0.01343962913434437f,0.9916851677583748f,0.12798400062810897f,0.04594709709654174f,0.47189650670615724f,0.10655435471270905f,-0.8751913256255938f,-0.5593319777648634f,0f,0f,0f,1f],start_interpolation:0}
execute if entity @s[tag=aj.dino.bone.leg_left_2] run data modify entity @s {} merge value {transformation:[-0.960167508658925f,-0.274506570717729f,-0.23406558364954091f,0.265798877021451f,-0.2992635202771771f,0.9777261340428718f,0.08096389159116989f,0.27589151531927986f,0.20144949800811005f,0.14408313205600276f,-0.9953493609330885f,-0.5561946380595987f,0f,0f,0f,1f],start_interpolation:0}
execute if entity @s[tag=aj.dino.bone.leg_left_1] run data modify entity @s {} merge value {transformation:[-0.9924597835571842f,0.10233821936392905f,0.0674571484651362f,0.3097887558398974f,0.0849618994046184f,0.1777009923400916f,0.9804100330835599f,0.27047798083711405f,0.08834621480961469f,0.9787488166934188f,-0.18505593789458993f,-0.2822439675626742f,0f,0f,0f,1f],start_interpolation:0}
execute if entity @s[tag=aj.dino.bone.leg_left_0] run data modify entity @s {} merge value {transformation:[-0.9933554651408816f,-0.015378508647579336f,-0.11405446657855745f,0.19753237240681565f,0.03105998365000131f,0.9184338858963238f,-0.3943532358850883f,0.6667993106614665f,0.11081605159183672f,-0.39527547192958323f,-0.9118536636985347f,-0.3503261713257344f,0f,0f,0f,1f],start_interpolation:0}
execute if entity @s[tag=aj.dino.bone.leg_right_3] run data modify entity @s {} merge value {transformation:[-0.8997504313708258f,-0.0720641910579852f,0.43041365407613524f,-0.26494920776705677f,-0.06469596266784763f,0.9973997340996177f,0.03175220988359795f,0.041497790120357425f,-0.4315826614479469f,0.0007230388439027902f,-0.902073103219654f,-0.06878477215224721f,0f,0f,0f,1f],start_interpolation:0}
execute if entity @s[tag=aj.dino.bone.leg_right_2] run data modify entity @s {} merge value {transformation:[-0.991962720323469f,0.2565246875846388f,-0.047615602996926826f,-0.20508630153312649f,0.2438915411385614f,0.845206843393093f,-0.5274509527370628f,0.22183531312747215f,-0.09267727418420786f,-0.5214237010740701f,-0.878402212149251f,-0.21733066512442478f,0f,0f,0f,1f],start_interpolation:0}
execute if entity @s[tag=aj.dino.bone.leg_right_1] run data modify entity @s {} merge value {transformation:[-0.9860302323389036f,0.08991959455493224f,-0.14021001187063728f,-0.19285915278373167f,-0.08097614226415904f,0.4768216164594535f,0.8752622523912524f,0.3033395275273261f,0.1455583913682146f,0.8743887079509147f,-0.46287918738071077f,0.047661684818528116f,0f,0f,0f,1f],start_interpolation:0}
execute if entity @s[tag=aj.dino.bone.leg_right_0] run data modify entity @s {} merge value {transformation:[-0.9927309496035763f,-0.08702321449669453f,-0.08313977289988173f,-0.10482878628997472f,-0.030855872129756268f,0.8517270893150365f,-0.5230763619989418f,0.683924734833596f,0.1163321832267139f,-0.5167087433608978f,-0.8482210193576365f,-0.09969106581433762f,0f,0f,0f,1f],start_interpolation:0}
execute if entity @s[tag=aj.dino.bone.tail_4] run data modify entity @s {} merge value {transformation:[-0.23548027443371655f,-2.7390974347043784f,-0.259914630501092f,-0.8444066046197343f,2.739569698800047f,-0.25758552254295075f,0.23252719323316648f,0.3688621548841404f,-0.2548886764241232f,-0.23802578299875926f,2.739349707660302f,0.3446879091402452f,0f,0f,0f,1f],start_interpolation:0}
execute if entity @s[tag=aj.dino.bone.tail_3] run data modify entity @s {} merge value {transformation:[-0.11745551263957069f,-2.078843583892023f,-0.02364492135725695f,-0.8200541832415391f,2.0156020915815933f,-0.10806468683036122f,-0.5114838784522994f,0.45664841702751163f,0.5094094001948979f,-0.05173879797280882f,2.018358413617821f,0.002955213621247843f,0f,0f,0f,1f],start_interpolation:0}
execute if entity @s[tag=aj.dino.bone.tail_2] run data modify entity @s {} merge value {transformation:[0.1384051896963476f,-1.948950406632225f,-0.03478779895282269f,-0.8139486227514474f,1.802630460939681f,0.14124393452498993f,-0.7411797671652065f,0.5957986723875873f,0.7417151068707489f,0.020404373324470336f,1.8078208530691653f,-0.3325614216346932f,0f,0f,0f,1f],start_interpolation:0}
execute if entity @s[tag=aj.dino.bone.tail_1] run data modify entity @s {} merge value {transformation:[0.523192252344869f,-0.816243782085079f,-1.1608928483256973f,-0.5546595400697265f,0.9018781823259707f,1.1465272926808883f,-0.3996838267709076f,0.6669294318289567f,1.0956924118249183f,-0.5539652564423875f,0.8833101852260132f,-0.51691505914205f,0f,0f,0f,1f],start_interpolation:0}
execute if entity @s[tag=aj.dino.bone.tail_0] run data modify entity @s {} merge value {transformation:[-0.06697468626899307f,-0.052676199253873915f,-1.2753726224187834f,-0.18323718790373722f,0.19528506781608784f,1.2616695355377514f,-0.0623653907872684f,0.7156003818830883f,1.2614332524042893f,-0.19811844364457568f,-0.058059870828440295f,-0.5047295664112087f,0f,0f,0f,1f],start_interpolation:0}
execute if entity @s[tag=aj.dino.bone.body_1] run data modify entity @s {} merge value {transformation:[-0.9509600042610583f,0.14265890053434063f,-0.777128112636772f,-0.012174876875631796f,0.053861393817557064f,1.224923567219895f,0.15895219338394725f,0.5961389285714286f,0.7882757230868449f,0.08840411542383556f,-0.9483726545110266f,-0.2902008533553077f,0f,0f,0f,1f],start_interpolation:0}