execute if entity @s[tag=aj.dino.bone.head_lower] run data modify entity @s {} merge value {transformation:[0.03390016318204614f,0.017276069771638203f,0.9992758960114448f,-0.016553691060415772f,0.27117186997368004f,0.9621841866598074f,-0.025834238459499892f,0.277454686330102f,-0.9619337793586461f,0.27185129824050913f,0.02793341679318087f,0.44795528874444734f,0f,0f,0f,1f],start_interpolation:0}
execute if entity @s[tag=aj.dino.bone.head_upper] run data modify entity @s {} merge value {transformation:[0.03528666573112384f,-0.38143278350585097f,0.9678511380744796f,0.04161339823307016f,0.28226268646732444f,0.9355903273100498f,0.35842775821025635f,0.3232598075977206f,-1.0012764701286734f,0.2503032434755084f,0.1351505059399021f,0.46258187688315056f,0f,0f,0f,1f],start_interpolation:0}
execute if entity @s[tag=aj.dino.bone.neck_0] run data modify entity @s {} merge value {transformation:[-0.5110810609745531f,0.02117355577774055f,0.8592716855854451f,0.09699697311457318f,0.28631486629460534f,0.9467972460895454f,0.14696520722931317f,0.3173020434168904f,-0.8104442895423642f,0.32113339180623934f,-0.48995244485071526f,0.4259499108752026f,0f,0f,0f,1f],start_interpolation:0}
execute if entity @s[tag=aj.dino.bone.neck_1] run data modify entity @s {} merge value {transformation:[-0.7660076395012302f,-0.2019437927867666f,0.6102876377419494f,0.1477660162461671f,0.13668389773577033f,0.8764985176588737f,0.46159274327219946f,0.36044292628534086f,-0.6281319991255905f,0.43700006075136044f,-0.6438020958165613f,0.37342462811190624f,0f,0f,0f,1f],start_interpolation:0}
execute if entity @s[tag=aj.dino.bone.neck_2] run data modify entity @s {} merge value {transformation:[-0.9536751902818369f,-0.0990825181819015f,0.28405331547376006f,0.17168113730195986f,0.05867434352283843f,0.8648133415562599f,0.49865339232623257f,0.4125957664757356f,-0.29506093074662776f,0.49222001062231197f,-0.8189374263580248f,0.30649870907374466f,0f,0f,0f,1f],start_interpolation:0}
execute if entity @s[tag=aj.dino.bone.body_0] run data modify entity @s {} merge value {transformation:[-0.9933134846079368f,-0.1123145873146319f,-0.026716189331232376f,0.15801996061845403f,-0.11541374413867872f,0.9717266303280718f,0.205978211408737f,0.5189294359065433f,0.0028264748238669424f,0.20768435036755808f,-0.9781918123008778f,-0.15254097080167398f,0f,0f,0f,1f],start_interpolation:0}
execute if entity @s[tag=aj.dino.bone.leg_left_3] run data modify entity @s {} merge value {transformation:[-0.806030555061732f,0.183779329879284f,-0.5626187894267285f,0.27737621165640186f,0.06797973826760323f,0.97302682936995f,0.22044850761874335f,0.03691360391025486f,0.5879570558229098f,0.1394415549088013f,-0.7967826261112073f,-0.5745477631396728f,0f,0f,0f,1f],start_interpolation:0}
execute if entity @s[tag=aj.dino.bone.leg_left_2] run data modify entity @s {} merge value {transformation:[-0.9548222501174727f,-0.2088698250365074f,-0.31104672698892016f,0.21759493111702033f,-0.23022914521772075f,0.9988804084271597f,0.035981520999027385f,0.2705059944744638f,0.2955862156353348f,0.10331275502233259f,-0.9767381753964427f,-0.5801927284704351f,0f,0f,0f,1f],start_interpolation:0}
execute if entity @s[tag=aj.dino.bone.leg_left_1] run data modify entity @s {} merge value {transformation:[-0.9692505676216838f,0.2141280299587363f,0.1212539646817133f,0.2886392006073129f,0.15688875777626782f,0.15811468070933776f,0.9748772565957233f,0.25863244057270574f,0.1895765144960293f,0.9639237182112362f,-0.18684702465215264f,-0.31219064610893854f,0f,0f,0f,1f],start_interpolation:0}
execute if entity @s[tag=aj.dino.bone.leg_left_0] run data modify entity @s {} merge value {transformation:[-0.9710502939291703f,-0.0010984126286706086f,-0.23887260234227217f,0.194744171062264f,0.1042929139718768f,0.8976966692047964f,-0.4280930718825861f,0.6580735034323509f,0.21490536232334184f,-0.4406126230469477f,-0.8715940578367671f,-0.3892480227366469f,0f,0f,0f,1f],start_interpolation:0}
execute if entity @s[tag=aj.dino.bone.leg_right_3] run data modify entity @s {} merge value {transformation:[-0.909411251479453f,-0.042227199281052535f,0.41374876353102663f,-0.28022126773350675f,-0.024511778468468665f,0.9985448420058329f,0.048035104037138066f,0.06552313865321982f,-0.41517508162086036f,0.03354194604408395f,-0.9091229781809981f,-0.13267547007200464f,0f,0f,0f,1f],start_interpolation:0}
execute if entity @s[tag=aj.dino.bone.leg_right_2] run data modify entity @s {} merge value {transformation:[-0.962397866523566f,0.28320037687816846f,-0.21365882277043083f,-0.2193176425493825f,0.34577721936560735f,0.8869401427406002f,-0.3818867597387565f,0.2599291554804231f,0.07931368469168236f,-0.43034512804496977f,-0.9276716065986289f,-0.2617805479226782f,0f,0f,0f,1f],start_interpolation:0}
execute if entity @s[tag=aj.dino.bone.leg_right_1] run data modify entity @s {} merge value {transformation:[-0.9660125176718528f,0.24133093902412336f,-0.09262393627472056f,-0.16808188481538106f,-0.015295388828284965f,0.3043274806533348f,0.9524446627493831f,0.2917867112672885f,0.2580423740045036f,0.9214901857257783f,-0.290292905233991f,0.00909466122071155f,0f,0f,0f,1f],start_interpolation:0}
execute if entity @s[tag=aj.dino.bone.leg_right_0] run data modify entity @s {} merge value {transformation:[-0.9704475161176238f,-0.05113405997420806f,-0.23583241162250945f,-0.05612115489328507f,0.039409689031700945f,0.9305868400501305f,-0.3639436900619901f,0.6822102535391635f,0.23807245718805686f,-0.36248233203297975f,-0.9010705100558856f,-0.08755693555681748f,0f,0f,0f,1f],start_interpolation:0}
execute if entity @s[tag=aj.dino.bone.tail_4] run data modify entity @s {} merge value {transformation:[0.5030260649523752f,-2.2609114556114425f,1.503630772318616f,-0.38684473678895204f,2.6274662864602996f,0.019597074614318515f,-0.8495282218861737f,0.3461414616474975f,0.6848700775278855f,1.5854200314590172f,2.154775541061166f,0.4545066867731657f,0f,0f,0f,1f],start_interpolation:0}
execute if entity @s[tag=aj.dino.bone.tail_3] run data modify entity @s {} merge value {transformation:[0.7097594988623754f,-1.7452415406859423f,0.8867462683785216f,-0.520125576369538f,1.7110702523798955f,0.09485259120084599f,-1.1828723952343845f,0.5457847007916931f,0.9510129185451026f,1.1318482569015549f,1.4664376830106636f,0.19477702289267362f,0f,0f,0f,1f],start_interpolation:0}
execute if entity @s[tag=aj.dino.bone.tail_2] run data modify entity @s {} merge value {transformation:[0.7449146766998131f,-1.5686871111039262f,0.8961566531005657f,-0.6865415910519213f,1.6667091647780037f,0.2226839427169544f,-0.9956235717899701f,0.7321543762545889f,0.6971058452523534f,1.1438559717530994f,1.4228179192723687f,-0.06893406541084912f,0f,0f,0f,1f],start_interpolation:0}
execute if entity @s[tag=aj.dino.bone.tail_1] run data modify entity @s {} merge value {transformation:[1.1702304211652161f,-0.7459681807372772f,-0.6014553056603615f,-0.5491144346062151f,0.6762688290881261f,1.3155164224327733f,-0.315805736352988f,0.7833853297689339f,0.6788795785581242f,-0.024581815172909603f,1.3513602414528665f,-0.360079807389135f,0f,0f,0f,1f],start_interpolation:0}
execute if entity @s[tag=aj.dino.bone.tail_0] run data modify entity @s {} merge value {transformation:[0.3523796971927639f,0.07738312710239266f,-1.2262447215911754f,-0.1889098336753703f,-0.044027163608006174f,1.2756542630700902f,0.0678492929938619f,0.7943419991383509f,1.2278948955244493f,0.02353230407308239f,0.3543389236226274f,-0.4630580000580755f,0f,0f,0f,1f],start_interpolation:0}
execute if entity @s[tag=aj.dino.bone.body_1] run data modify entity @s {} merge value {transformation:[-0.7889997923935497f,0.3863959036197191f,-0.8699322550205199f,-0.012689276358076602f,0.07591280600773226f,1.1518660197136086f,0.44277140102925694f,0.6138175f,0.9488525536368748f,0.22914509235695937f,-0.7587990202693679f,-0.30208240502373124f,0f,0f,0f,1f],start_interpolation:0}