execute if entity @s[tag=aj.dino.bone.head_lower] run data modify entity @s {} merge value {transformation:[-0.8965299778107976f,0.40237044723439286f,-0.1852890230935588f,0.40659262254551776f,0.43425683442130925f,0.8809077342762932f,-0.18820883467730892f,1.2001140495277363f,0.08749286053704206f,-0.24919788699866974f,-0.9644923081447794f,0.3267264496075617f,0f,0f,0f,1f],start_interpolation:0}
execute if entity @s[tag=aj.dino.bone.head_upper] run data modify entity @s {} merge value {transformation:[-0.9331976803491019f,0.2740351366781832f,-0.3708352408285005f,0.3868919133257599f,0.4520177580087932f,0.7090206914913432f,-0.6135483257782947f,1.173878835806148f,0.09107128207764853f,-0.7111022046699154f,-0.754659935784209f,0.25876284089659046f,0f,0f,0f,1f],start_interpolation:0}
execute if entity @s[tag=aj.dino.bone.neck_0] run data modify entity @s {} merge value {transformation:[-0.8455811579676404f,0.11653033855928321f,-0.520973305923982f,0.35158652506223287f,0.5220211475851073f,0.384756630114503f,-0.761220242148656f,1.1182429080521086f,0.11174268103116099f,-0.9156325768441128f,-0.3861742578911466f,0.2486184159840687f,0f,0f,0f,1f],start_interpolation:0}
execute if entity @s[tag=aj.dino.bone.neck_1] run data modify entity @s {} merge value {transformation:[-0.8430860215976725f,0.013707218731119075f,-0.5376040107191036f,0.3061075567449761f,0.3946381667233935f,0.6948817638078246f,-0.6011655776011509f,1.0705175267567273f,0.3653309151328529f,-0.718993356354552f,-0.5912544934004378f,0.19521908765926987f,0f,0f,0f,1f],start_interpolation:0}
execute if entity @s[tag=aj.dino.bone.neck_2] run data modify entity @s {} merge value {transformation:[-0.8591787002553186f,-0.30384648923123114f,-0.4116907480250641f,0.2670655125037407f,0.019393232140545134f,0.7846776842517634f,-0.6196005442092771f,1.0239183570322905f,0.5113079928719326f,-0.5403316044977796f,-0.6682857873740325f,0.13138205642661316f,0f,0f,0f,1f],start_interpolation:0}
execute if entity @s[tag=aj.dino.bone.body_0] run data modify entity @s {} merge value {transformation:[-0.9325162062344967f,-0.03118353878517402f,-0.3597792545698755f,0.09720583681081081f,0.3008086438090658f,0.4841792023323468f,-0.8216353569793371f,0.6412971065467361f,0.19981913051500405f,-0.8744129956362988f,-0.44212467488546925f,-0.08531952167905793f,0f,0f,0f,1f],start_interpolation:0}
execute if entity @s[tag=aj.dino.bone.leg_left_3] run data modify entity @s {} merge value {transformation:[-0.9559827661141909f,-0.03971992928238191f,-0.2907219945419728f,0.43402746826874344f,-0.04900449391622125f,0.9984925405237434f,0.024722582681747443f,0.07246098802263548f,0.28930176368054744f,0.037881047190427355f,-0.9564881158671453f,-0.28324459092937737f,0f,0f,0f,1f],start_interpolation:0}
execute if entity @s[tag=aj.dino.bone.leg_left_2] run data modify entity @s {} merge value {transformation:[-0.9874274681853569f,-0.25759526399619465f,-0.10341119156300856f,0.3692546436984361f,-0.25316761562030865f,0.9924542325585718f,-0.054799216950595614f,0.30171432865577824f,0.11382158395874682f,-0.027230052221794733f,-1.0190021446404394f,-0.32090702674736493f,0f,0f,0f,1f],start_interpolation:0}
execute if entity @s[tag=aj.dino.bone.leg_left_1] run data modify entity @s {} merge value {transformation:[-0.9909885958960453f,0.06542651932491822f,0.11688016672220752f,0.400566255933109f,0.13391621376332224f,0.502426990052978f,0.8541859091307941f,0.390238198491865f,-0.0028373394723102442f,0.8621406441151762f,-0.506661089160583f,-0.05976244405747891f,0f,0f,0f,1f],start_interpolation:0}
execute if entity @s[tag=aj.dino.bone.leg_left_0] run data modify entity @s {} merge value {transformation:[-0.9948432334861576f,-0.08480847670087865f,-0.05562789827490619f,0.25612013154816893f,-0.00840195503185618f,0.6154915623229991f,-0.7880986891632524f,0.6950794056777949f,0.10107595133586153f,-0.7835672651335498f,-0.6130301730524201f,-0.30575926134593184f,0f,0f,0f,1f],start_interpolation:0}
execute if entity @s[tag=aj.dino.bone.leg_right_3] run data modify entity @s {} merge value {transformation:[-0.9147149295943355f,0.011374696110526881f,0.40393961660825395f,-0.24382613854510432f,0.046764462437862406f,0.9958673518447717f,0.07785436778100396f,0.05307035831158596f,-0.4013847065224682f,0.09010457157145374f,-0.9114666661769906f,-0.24115160472448055f,0f,0f,0f,1f],start_interpolation:0}
execute if entity @s[tag=aj.dino.bone.leg_right_2] run data modify entity @s {} merge value {transformation:[-1.0118376142264554f,0.16787324130978648f,0.008088064623604405f,-0.20287542940937706f,0.16287248784713615f,0.991600814643728f,-0.20557863848433802f,0.2776050908819676f,-0.04146558379781888f,-0.20151575310812758f,-1.0048553160083622f,-0.31911483552492836f,0f,0f,0f,1f],start_interpolation:0}
execute if entity @s[tag=aj.dino.bone.leg_right_1] run data modify entity @s {} merge value {transformation:[-0.9689813687218631f,0.09362008197239857f,-0.22871464168563035f,-0.1846094814213899f,-0.16375999125763252f,0.4498852821953748f,0.8779441315523946f,0.3500006161164464f,0.18508855268007526f,0.8881658139758983f,-0.42059923270415717f,-0.0518347787868885f,0f,0f,0f,1f],start_interpolation:0}
execute if entity @s[tag=aj.dino.bone.leg_right_0] run data modify entity @s {} merge value {transformation:[-0.9849447728520858f,-0.15927047068499137f,-0.06720648479971705f,-0.12714814754552844f,-0.09159372277492873f,0.8105284336355209f,-0.5784930839833596f,0.7259834913155969f,0.14660963262890608f,-0.56362804706307f,-0.8129139192954485f,-0.22400432089768066f,0f,0f,0f,1f],start_interpolation:0}
execute if entity @s[tag=aj.dino.bone.tail_4] run data modify entity @s {} merge value {transformation:[-2.6707083936160014f,0.5012075478257602f,-0.49170011375992606f,0.31391055783806565f,-0.38558195692742725f,0.5691870482086169f,2.6745119162650175f,0.7141042471006592f,0.5867747117600182f,2.655273701476751f,-0.48049801194687425f,-1.721331200230223f,0f,0f,0f,1f],start_interpolation:0}
execute if entity @s[tag=aj.dino.bone.tail_3] run data modify entity @s {} merge value {transformation:[-2.0253749071773353f,0.4152454128359785f,0.2477362681149487f,0.2678401392846238f,0.4501848814106879f,1.2300709857572192f,1.6187045649506124f,0.42759456041994953f,0.17645278113446944f,1.6280178571383621f,-1.2862222976270357f,-1.5191668626056116f,0f,0f,0f,1f],start_interpolation:0}
execute if entity @s[tag=aj.dino.bone.tail_2] run data modify entity @s {} merge value {transformation:[-1.8144806548193595f,0.5547564769225352f,0.46763135010559437f,0.17969878993124225f,0.6463535450372538f,1.8081075842161696f,0.36297098192626503f,0.3610272349761904f,-0.32963756325221577f,0.4916971529460375f,-1.862349822584543f,-1.1730868462993094f,0f,0f,0f,1f],start_interpolation:0}
execute if entity @s[tag=aj.dino.bone.tail_1] run data modify entity @s {} merge value {transformation:[-1.166286874980408f,-0.1544739419008023f,0.9505624527205259f,-0.02184912237748448f,-0.5646173382402215f,1.3190927777016321f,-0.4783907975430964f,0.44838647022089784f,-0.7801528290065748f,-0.7237321984608811f,-1.0748160392848718f,-0.932206211834266f,0f,0f,0f,1f],start_interpolation:0}
execute if entity @s[tag=aj.dino.bone.tail_0] run data modify entity @s {} merge value {transformation:[-1.274531194224854f,-0.09210955297137946f,-0.030360859395073714f,-0.01519974120218611f,-0.06798656081347505f,1.1339114165503537f,-0.5860532770572603f,0.6470081612897478f,0.06916486883201939f,-0.5827490422576522f,-1.1355419372490243f,-0.6144372377859533f,0f,0f,0f,1f],start_interpolation:0}
execute if entity @s[tag=aj.dino.bone.body_1] run data modify entity @s {} merge value {transformation:[-1.2054220386341572f,0.053369062038803046f,-0.26965542280551524f,0.04389658226773634f,0.09719684081274252f,1.2172444184411721f,-0.1935804612198381f,0.6100228571428572f,0.2571285242195918f,-0.2099341898004259f,-1.190973195769638f,-0.3234120951667432f,0f,0f,0f,1f],start_interpolation:0}