execute if entity @s[tag=aj.dino.bone.head_lower] run data modify entity @s {} merge value {transformation:[0.35221150388857214f,0.2911908516863013f,0.8894689114425285f,-0.620434802209568f,-0.46115735627591714f,0.8809875788114415f,-0.1058053813969844f,0.8192777765951379f,-0.8144206218417835f,-0.3729192591891186f,0.44457876337571733f,-0.0852893803434572f,0f,0f,0f,1f],start_interpolation:0}
execute if entity @s[tag=aj.dino.bone.head_upper] run data modify entity @s {} merge value {transformation:[0.3666168076428215f,-0.08438970336326346f,0.9705371898611376f,-0.5553096653839963f,-0.4800184999987038f,0.8867185574467935f,0.2584267442080629f,0.8568550548574164f,-0.8477300859331868f,-0.5385912368663693f,0.273395544144329f,-0.07879929531730268f,0f,0f,0f,1f],start_interpolation:0}
execute if entity @s[tag=aj.dino.bone.neck_0] run data modify entity @s {} merge value {transformation:[0.25766895646168864f,0.42541378022825027f,0.8675424049969283f,-0.5062012694203846f,-0.4052977966148987f,0.862639835074111f,-0.3026321380858598f,0.8234149932511133f,-0.8771205190480114f,-0.273634118002892f,0.3946947738819541f,-0.04855257681851888f,0f,0f,0f,1f],start_interpolation:0}
execute if entity @s[tag=aj.dino.bone.neck_1] run data modify entity @s {} merge value {transformation:[0.16768902350097434f,0.26216107395273147f,0.9503430763157272f,-0.42448699430599984f,-0.630481752266836f,0.7695981476487005f,-0.10105172534018922f,0.8184000282773534f,-0.7578741000033118f,-0.5822287028648103f,0.29434093514924314f,-0.0263002912421145f,0f,0f,0f,1f],start_interpolation:0}
execute if entity @s[tag=aj.dino.bone.neck_2] run data modify entity @s {} merge value {transformation:[-0.18603019253118835f,0.25604140378279333f,0.9485966302995945f,-0.33887600964811715f,-0.45168168153693844f,0.8351022175500299f,-0.31398717299753864f,0.7990685696676723f,-0.8725688660677581f,-0.48687481531905014f,-0.039705014510363984f,-0.034545557039564315f,0f,0f,0f,1f],start_interpolation:0}
execute if entity @s[tag=aj.dino.bone.body_0] run data modify entity @s {} merge value {transformation:[-0.3979899854571841f,0.5052025334957012f,0.7657508547989453f,0.026832182287633594f,-0.3690442263710917f,0.6760212634291388f,-0.637810011189722f,0.50491105074224f,-0.8398870938750953f,-0.536437928880123f,-0.08260761466627353f,-0.07858845787321828f,0f,0f,0f,1f],start_interpolation:0}
execute if entity @s[tag=aj.dino.bone.leg_left_3] run data modify entity @s {} merge value {transformation:[-0.9109336776341437f,0.058493521220579325f,0.40838504248705154f,0.34570946248240647f,0.06494087471135898f,0.9978872531997085f,0.0019268350378883747f,0.010136084810459384f,-0.4074095209290736f,0.02827610080540255f,-0.9128077258544568f,-0.054891060070241804f,0f,0f,0f,1f],start_interpolation:0}
execute if entity @s[tag=aj.dino.bone.leg_left_2] run data modify entity @s {} merge value {transformation:[-0.5365480115786287f,0.024783101658401804f,0.8738216228978901f,0.3776589806718188f,-0.3365421319471932f,0.9404067704708614f,-0.23331673531424132f,0.22161090126520222f,-0.8067947844378718f,-0.40875800105373744f,-0.48379879276316407f,-0.16637515023073426f,0f,0f,0f,1f],start_interpolation:0}
execute if entity @s[tag=aj.dino.bone.leg_left_1] run data modify entity @s {} merge value {transformation:[-0.4219457168558319f,-0.869019986935587f,0.2583913201589594f,0.13627261310948785f,0.03500046383198557f,0.2691784938578349f,0.9624541059063403f,0.2429962735315639f,-0.9059452409271568f,0.41514720371321207f,-0.08316260993100569f,-0.03113952967217734f,0f,0f,0f,1f],start_interpolation:0}
execute if entity @s[tag=aj.dino.bone.leg_left_0] run data modify entity @s {} merge value {transformation:[-0.4545578677987251f,0.5557672719241771f,0.6960602590869807f,0.2449672508599936f,-0.010973481109850247f,0.7779069379502509f,-0.6282836768540118f,0.5982980890407391f,-0.8906496098548567f,-0.29322949262791126f,-0.3475050174005682f,-0.22154271815552035f,0f,0f,0f,1f],start_interpolation:0}
execute if entity @s[tag=aj.dino.bone.leg_right_3] run data modify entity @s {} merge value {transformation:[-0.3386327967816989f,0.009953046149245581f,0.940865965914463f,-0.2552644481462537f,0.012284762123917825f,0.9999055889507403f,-0.006156119283436623f,0.02431244763812493f,-0.9408384099107368f,0.009473650691477375f,-0.338723096908393f,-0.22006937563584528f,0f,0f,0f,1f],start_interpolation:0}
execute if entity @s[tag=aj.dino.bone.leg_right_2] run data modify entity @s {} merge value {transformation:[-0.6111414569809761f,0.6424125710506707f,0.5156301073598504f,-0.08863561909644921f,0.31952844763377125f,0.7766432935257328f,-0.5888879055261271f,0.1866518882411748f,-0.7592561426900782f,-0.19024584799217947f,-0.6628716516866706f,-0.283723216212793f,0f,0f,0f,1f],start_interpolation:0}
execute if entity @s[tag=aj.dino.bone.leg_right_1] run data modify entity @s {} merge value {transformation:[-0.696781003954242f,-0.7048400288793532f,0.13302919310388753f,-0.3010508274166993f,-0.3203961912200359f,0.4717704722214259f,0.821449269396271f,0.26486970350669475f,-0.6417495720140473f,0.5297481998358522f,-0.5545487639427767f,-0.12317684188711903f,0f,0f,0f,1f],start_interpolation:0}
execute if entity @s[tag=aj.dino.bone.leg_right_0] run data modify entity @s {} merge value {transformation:[-0.6791779562486382f,0.3311590865406585f,0.6550198188967107f,-0.14537787315355155f,-0.27892039162680154f,0.7090301141412292f,-0.6476725348319374f,0.6284142049475644f,-0.6789114219695193f,-0.6225832929355174f,-0.38919060173248443f,-0.2569998793191939f,0f,0f,0f,1f],start_interpolation:0}
execute if entity @s[tag=aj.dino.bone.tail_4] run data modify entity @s {} merge value {transformation:[1.0701404040159574f,-2.5370514637127353f,0.20935787008286774f,-0.8700925083194374f,2.3478665266948724f,1.0714151374429604f,0.9824732605439364f,0.7368924104607261f,-0.9838615858535767f,-0.20273333552021913f,2.5722707684360393f,-0.5941622743404751f,0f,0f,0f,1f],start_interpolation:0}
execute if entity @s[tag=aj.dino.bone.tail_3] run data modify entity @s {} merge value {transformation:[0.692958754758546f,-1.7093724669074915f,-0.9663329962422519f,-0.6895105905941906f,1.9208511855208037f,0.3774253184376499f,0.7098072823872718f,0.6128419226327525f,-0.4075345547695935f,-1.1276264560683567f,1.702445208600827f,-0.8717993592104176f,0f,0f,0f,1f],start_interpolation:0}
execute if entity @s[tag=aj.dino.bone.tail_2] run data modify entity @s {} merge value {transformation:[0.5093348686489187f,-0.9417539456735866f,-1.6347633995136412f,-0.3854591131186564f,1.8863736496293528f,0.22660302457916748f,0.4571863933215688f,0.5293007610754088f,-0.030762323793881944f,-1.6972107853954328f,0.9681441547491758f,-1.0522018462767968f,0f,0f,0f,1f],start_interpolation:0}
execute if entity @s[tag=aj.dino.bone.tail_1] run data modify entity @s {} merge value {transformation:[-0.4370337368883768f,0.37814765131001127f,-1.3977346374151653f,-0.08888714834384544f,1.0863772931290934f,1.0508924362204937f,-0.05536889440886362f,0.5273315606604037f,0.9573098452407591f,-1.0199439647859476f,-0.5752637820181599f,-0.9168583242369076f,0f,0f,0f,1f],start_interpolation:0}
execute if entity @s[tag=aj.dino.bone.tail_0] run data modify entity @s {} merge value {transformation:[-1.133834782303588f,0.06039099527726811f,-0.5870326487615696f,0.08411477782560757f,0.19840452440531042f,1.2364997982650192f,-0.256007051016367f,0.6319817138880524f,0.5557787758794914f,-0.31820888291186217f,-1.106204671704973f,-0.6012785557601086f,0f,0f,0f,1f],start_interpolation:0}
execute if entity @s[tag=aj.dino.bone.body_1] run data modify entity @s {} merge value {transformation:[-1.2276795154348794f,0.08633229953085929f,0.11812847453321353f,0.05083646918290588f,0.09471858698557448f,1.2297556250486776f,0.08563928419155745f,0.529239011627907f,-0.11151677773898527f,0.094087362462236f,-1.2277280527722187f,-0.32218643277345843f,0f,0f,0f,1f],start_interpolation:0}