execute if entity @s[tag=aj.dino.bone.head_lower] run data modify entity @s {} merge value {transformation:[-0.9983594842018165f,0.048739492394901954f,-0.030046666793006473f,0.27349419592607427f,0.05251730588104887f,0.9885541270024769f,-0.1414307978106863f,1.288660881781347f,0.02280949116659585f,-0.1427767483432021f,-0.9894920551703601f,0.3064779462288126f,0f,0f,0f,1f],start_interpolation:0}
execute if entity @s[tag=aj.dino.bone.head_upper] run data modify entity @s {} merge value {transformation:[-1.0391919711225526f,0.01876012505331928f,-0.05656896185997022f,0.2696931394685651f,0.054665241809372996f,0.6936205406373073f,-0.7741926113877862f,1.2508821183292522f,0.02374238985135497f,-0.7758933856513408f,-0.6934678764082393f,0.24125698722302694f,0f,0f,0f,1f],start_interpolation:0}
execute if entity @s[tag=aj.dino.bone.neck_0] run data modify entity @s {} merge value {transformation:[-0.9860886664123761f,0.011918317862752395f,-0.16579232694061533f,0.2590978700025479f,0.1604888554620445f,0.3279262171004136f,-0.9309713869989213f,1.1853090475479333f,0.04327203768653026f,-0.9446281542689349f,-0.3252770832950283f,0.2355430649670358f,0f,0f,0f,1f],start_interpolation:0}
execute if entity @s[tag=aj.dino.bone.neck_1] run data modify entity @s {} merge value {transformation:[-0.9247610729040946f,-0.1670784403792964f,-0.3419089832129155f,0.22936398207898695f,0.17977295565574636f,0.6000869913381041f,-0.7794724416177773f,1.1220420269253322f,0.3354081729118491f,-0.7822917598870667f,-0.5249009048922768f,0.18747314864695352f,0f,0f,0f,1f],start_interpolation:0}
execute if entity @s[tag=aj.dino.bone.neck_2] run data modify entity @s {} merge value {transformation:[-0.8545632211690665f,-0.45895123932341897f,-0.24307501095062603f,0.2035753685796291f,-0.14095674471230582f,0.6554362494275094f,-0.7419801338691686f,1.0634561328769403f,0.49985287549964036f,-0.5998058709781835f,-0.6248039852584517f,0.12686315915287788f,0f,0f,0f,1f],start_interpolation:0}
execute if entity @s[tag=aj.dino.bone.body_0] run data modify entity @s {} merge value {transformation:[-0.9694881084086873f,-0.10960648974577186f,-0.21926975409243166f,0.09919021691450325f,0.1434996723427657f,0.4714502964216366f,-0.8701393348432593f,0.6578538807741044f,0.19874770864506672f,-0.8750548756561275f,-0.4413369607213684f,-0.08947328693071949f,0f,0f,0f,1f],start_interpolation:0}
execute if entity @s[tag=aj.dino.bone.leg_left_3] run data modify entity @s {} merge value {transformation:[-0.9549497807825597f,-0.03559419389625742f,-0.29462513393160605f,0.44582413782490915f,-0.03806269716380414f,0.9992718487918478f,0.002646374262760501f,0.08248091340524105f,0.2943164067257511f,0.013741381771775994f,-0.9556092439690217f,-0.27124300367711157f,0f,0f,0f,1f],start_interpolation:0}
execute if entity @s[tag=aj.dino.bone.leg_left_2] run data modify entity @s {} merge value {transformation:[-0.9827467010494021f,-0.2736552910318153f,-0.10669537369307143f,0.3772135099730862f,-0.2714567583471844f,0.9885072935551613f,-0.03502511151420557f,0.3113969633373257f,0.11217107213916622f,-0.0053208814341836825f,-1.0195349617823846f,-0.30381747059962f,0f,0f,0f,1f],start_interpolation:0}
execute if entity @s[tag=aj.dino.bone.leg_left_1] run data modify entity @s {} merge value {transformation:[-0.9926264935780639f,0.06289835257037107f,0.10361680119966683f,0.40857435723147806f,0.1211091185479756f,0.5500584256004566f,0.8262979546328791f,0.41459493956168963f,-0.005022514454968999f,0.8327541808180137f,-0.5536201303047689f,-0.04812222108919767f,0f,0f,0f,1f],start_interpolation:0}
execute if entity @s[tag=aj.dino.bone.leg_left_0] run data modify entity @s {} merge value {transformation:[-0.9931064172521958f,-0.10769896900986252f,-0.046266360206096216f,0.25458054330973084f,-0.020573919435440086f,0.548740006636092f,-0.8357398632086935f,0.6956903031155123f,0.11539652443454083f,-0.8290267409385745f,-0.5471730119050044f,-0.3156639569489167f,0f,0f,0f,1f],start_interpolation:0}
execute if entity @s[tag=aj.dino.bone.leg_right_3] run data modify entity @s {} merge value {transformation:[-0.8961106984748272f,0.012754724166932564f,0.44364730709245104f,-0.24019198175329623f,0.0326283993856728f,0.9987753698749361f,0.03719069890058341f,0.043664767294633505f,-0.4426296461292296f,0.047802484690759234f,-0.8954294605522551f,-0.2363482082105169f,0f,0f,0f,1f],start_interpolation:0}
execute if entity @s[tag=aj.dino.bone.leg_right_2] run data modify entity @s {} merge value {transformation:[-1.0102310860058652f,0.1771514575530097f,0.010616659312098391f,-0.19700288131384283f,0.17049370523542273f,0.9858189463156464f,-0.2261749346432976f,0.26620341355661503f,-0.049267117260925135f,-0.22099901735674637f,-1.0003971136428f,-0.31870307806732073f,0f,0f,0f,1f],start_interpolation:0}
execute if entity @s[tag=aj.dino.bone.leg_right_1] run data modify entity @s {} merge value {transformation:[-0.9699528867245221f,0.09447951760015776f,-0.22419861348547213f,-0.1787623131120092f,-0.1499962563443377f,0.4933172879452457f,0.8568192204292754f,0.3517925569538401f,0.19155291858243867f,0.8647032289568422f,-0.46432295357236075f,-0.055349388395106114f,0f,0f,0f,1f],start_interpolation:0}
execute if entity @s[tag=aj.dino.bone.leg_right_0] run data modify entity @s {} merge value {transformation:[-0.981866896585507f,-0.17644424612211196f,-0.0693168478794649f,-0.12823004686257142f,-0.1027994853165207f,0.8027893834364876f,-0.5873342078070394f,0.7267595093051153f,0.15927857108915733f,-0.5695582795922325f,-0.8063706982149914f,-0.23185308035803787f,0f,0f,0f,1f],start_interpolation:0}
execute if entity @s[tag=aj.dino.bone.tail_4] run data modify entity @s {} merge value {transformation:[-2.368164494830509f,0.9879985545794533f,-1.0204494662515493f,0.08983815830585437f,-0.7254308838421197f,0.8643524067037194f,2.520378202054908f,0.5812887662672479f,1.2211503960578325f,2.429488650884049f,-0.48170316278118747f,-1.767547114035224f,0f,0f,0f,1f],start_interpolation:0}
execute if entity @s[tag=aj.dino.bone.tail_3] run data modify entity @s {} merge value {transformation:[-1.9584142218882912f,0.6602516282543789f,-0.254218506284584f,0.12648314202643568f,0.280924109003789f,1.4123806636247256f,1.5040638390852472f,0.31243386692262287f,0.6493388225961475f,1.3802877143736607f,-1.4174309313201212f,-1.5407104069058981f,0f,0f,0f,1f],start_interpolation:0}
execute if entity @s[tag=aj.dino.bone.tail_2] run data modify entity @s {} merge value {transformation:[-1.857275573836018f,0.6049395870851475f,0.0578741204003834f,0.11449506343751865f,0.607657778562009f,1.8464638315416955f,0.2002428974126743f,0.27609785055877606f,0.007303559950546857f,0.20831056091420214f,-1.9430201345396383f,-1.1794522390318793f,0f,0f,0f,1f],start_interpolation:0}
execute if entity @s[tag=aj.dino.bone.tail_1] run data modify entity @s {} merge value {transformation:[-1.3152796716002795f,-0.20648236538908468f,0.7176772730541148f,-0.036160463731969725f,-0.5316395725495461f,1.2796851265121818f,-0.6061531092742474f,0.39140032163546223f,-0.5244568622626625f,-0.7793761991277576f,-1.1854003500331745f,-0.914339189002799f,0f,0f,0f,1f],start_interpolation:0}
execute if entity @s[tag=aj.dino.bone.tail_0] run data modify entity @s {} merge value {transformation:[-1.2710993045957357f,-0.11669246070644473f,-0.06726919097580837f,-0.019318839593597502f,-0.06277316743007644f,1.0780286579089298f,-0.6839221145436772f,0.6172730111888444f,0.1191713215965172f,-0.6768107556218164f,-1.0777574466305455f,-0.6157260628494357f,0f,0f,0f,1f],start_interpolation:0}
execute if entity @s[tag=aj.dino.bone.body_1] run data modify entity @s {} merge value {transformation:[-1.2039825552675896f,0.02885204654826244f,-0.27963934107623756f,0.04375000000000003f,0.09771616360314683f,1.1961041694181231f,-0.29730617606688675f,0.6058264285714285f,0.2635946756637138f,-0.31161991330274214f,-1.1670541853963694f,-0.3234125f,0f,0f,0f,1f],start_interpolation:0}