execute if entity @s[tag=aj.dino.bone.head_lower] run data modify entity @s {} merge value {transformation:[-0.5093080265053889f,-0.018921974651321782f,0.860376250841736f,0.18191715390399935f,0.09920261232953026f,0.9918027726140888f,0.0805363392637306f,0.23492303700115577f,-0.8548474576462067f,0.12636937568216636f,-0.5032560034868102f,0.4767350803171773f,0f,0f,0f,1f],start_interpolation:0}
execute if entity @s[tag=aj.dino.bone.head_upper] run data modify entity @s {} merge value {transformation:[-0.5301385125777817f,-0.48591969717039607f,0.7525338184873527f,0.22271908427048165f,0.10325995783938625f,0.8354661417365222f,0.6122137287764823f,0.29591966478702547f,-0.889810362477496f,0.3864586866629174f,-0.37730510851822213f,0.45912626522593214f,0f,0f,0f,1f],start_interpolation:0}
execute if entity @s[tag=aj.dino.bone.neck_0] run data modify entity @s {} merge value {transformation:[-0.7553923306123554f,0.14059717942177857f,0.6400116092624217f,0.2620653652522595f,0.1358753248875904f,0.9890899688331604f,-0.05691159495488857f,0.27614096489579376f,-0.6410306723852814f,0.043971202988521335f,-0.7662546641743959f,0.40907219987842547f,0f,0f,0f,1f],start_interpolation:0}
execute if entity @s[tag=aj.dino.bone.neck_1] run data modify entity @s {} merge value {transformation:[-0.9048624242789928f,-0.07765570488560068f,0.4185613271990919f,0.2971652531579972f,0.021182649443343665f,0.9737899202577067f,0.22646078372877138f,0.29981129401429435f,-0.4251767732255667f,0.21378209163353565f,-0.879500954408968f,0.3355517929633535f,0f,0f,0f,1f],start_interpolation:0}
execute if entity @s[tag=aj.dino.bone.neck_2] run data modify entity @s {} merge value {transformation:[-0.9985546258274096f,-0.046670330535560654f,0.026655946548266363f,0.2990435822903247f,-0.03135291724494236f,0.9086462179981049f,0.4163880943278424f,0.34518622836620855f,-0.04365379501159433f,0.4149505160443133f,-0.9087961352336639f,0.25999706044201665f,0f,0f,0f,1f],start_interpolation:0}
execute if entity @s[tag=aj.dino.bone.body_0] run data modify entity @s {} merge value {transformation:[-0.9555415939302315f,-0.1348043119333547f,-0.26223664837975585f,0.17416825371982209f,-0.19136988139469382f,0.9601367557126548f,0.20375224863681568f,0.450360401846915f,0.22431636312193937f,0.24487794472706756f,-0.9432480911308507f,-0.18221945920665533f,0f,0f,0f,1f],start_interpolation:0}
execute if entity @s[tag=aj.dino.bone.leg_left_3] run data modify entity @s {} merge value {transformation:[-0.8396873258922832f,0.07238506676441377f,-0.538224485549829f,0.4032253602368145f,0.05399330762191093f,0.9972942231355856f,0.04988943006723495f,0.023516803989620916f,0.5403794199152225f,0.012831001905510231f,-0.8413236285295852f,-0.38562084371201366f,0f,0f,0f,1f],start_interpolation:0}
execute if entity @s[tag=aj.dino.bone.leg_left_2] run data modify entity @s {} merge value {transformation:[-0.9390646970843233f,-0.3994669641890077f,-0.10317867372786312f,0.3054646631354045f,-0.3493800360669471f,0.9063850248983606f,-0.32933565937892345f,0.22407386966797835f,0.2194385667754904f,-0.26637291653302436f,-0.9658956383843457f,-0.47722205317318267f,0f,0f,0f,1f],start_interpolation:0}
execute if entity @s[tag=aj.dino.bone.leg_left_1] run data modify entity @s {} merge value {transformation:[-0.9991302387091389f,0.040458488218067516f,-0.010093405180014257f,0.3368895895772669f,0.005155135122247377f,0.36004774084203295f,0.9329196368907771f,0.2723063625328899f,0.04137862587001696f,0.9320561866355787f,-0.3599431542277921f,-0.20574556010255712f,0f,0f,0f,1f],start_interpolation:0}
execute if entity @s[tag=aj.dino.bone.leg_left_0] run data modify entity @s {} merge value {transformation:[-0.9959788163358199f,-0.08356877211051861f,-0.032287114120646276f,0.19089808718925994f,-0.037146845465183265f,0.7131692241480242f,-0.7000069782509967f,0.6049854483331916f,0.08152489976863048f,-0.695992757186485f,-0.7134057559773888f,-0.4114598903423855f,0f,0f,0f,1f],start_interpolation:0}
execute if entity @s[tag=aj.dino.bone.leg_right_3] run data modify entity @s {} merge value {transformation:[-0.8323104665114354f,0.017051433256427148f,0.5540474130969462f,-0.16617727522390108f,0.03419653649822567f,0.9992023939393799f,0.02061971962315602f,0.004445947131872435f,-0.5532539057494688f,0.03610851104260107f,-0.8322297105987291f,-0.2280187782226597f,0f,0f,0f,1f],start_interpolation:0}
execute if entity @s[tag=aj.dino.bone.leg_right_2] run data modify entity @s {} merge value {transformation:[-0.9948647282406968f,0.18268946259127483f,-0.17009095290864099f,-0.12730578751557736f,0.211569078918524f,0.9880490616060595f,-0.17623783988022218f,0.2289839864903244f,0.13245715099165364f,-0.20602381323087562f,-0.9960278565550653f,-0.30702984320991034f,0f,0f,0f,1f],start_interpolation:0}
execute if entity @s[tag=aj.dino.bone.leg_right_1] run data modify entity @s {} merge value {transformation:[-0.9618733287400233f,0.1716634737156965f,-0.21291160431138353f,-0.0885344616291047f,-0.2064905777375714f,0.05464275737065477f,0.9769215988873089f,0.1879040690205216f,0.17933583234867168f,0.9836390704210525f,-0.017112521059652663f,-0.035326677366292f,0f,0f,0f,1f],start_interpolation:0}
execute if entity @s[tag=aj.dino.bone.leg_right_0] run data modify entity @s {} merge value {transformation:[-0.9748711363196816f,-0.19576623982786817f,-0.10631014492714258f,-0.043390588882813726f,-0.15198235659277584f,0.9333849790954695f,-0.3251058967220624f,0.5985188422320518f,0.16287305134760288f,-0.30077908860591945f,-0.9396830896648685f,-0.09586441219642458f,0f,0f,0f,1f],start_interpolation:0}
execute if entity @s[tag=aj.dino.bone.tail_4] run data modify entity @s {} merge value {transformation:[0.3189651911210762f,-1.725519573098644f,2.1322534420904495f,-0.3164491046788392f,2.651209320020662f,-0.35666807515858834f,-0.6852286897074936f,0.3172979461611342f,0.7035706644599926f,2.1262717179646025f,1.6154312839285936f,0.44538160552033884f,0f,0f,0f,1f],start_interpolation:0}
execute if entity @s[tag=aj.dino.bone.tail_3] run data modify entity @s {} merge value {transformation:[0.5417493058931147f,-1.4830682682325362f,1.3575572648586574f,-0.532127662146593f,1.8628324994974812f,-0.15877331626281024f,-0.9168378476608188f,0.4743134857285205f,0.7565106043042231f,1.4530124128337998f,1.2854540675460189f,0.21319723133086615f,0f,0f,0f,1f],start_interpolation:0}
execute if entity @s[tag=aj.dino.bone.tail_2] run data modify entity @s {} merge value {transformation:[0.6034710073311153f,-1.6105714740946384f,0.9277155518509806f,-0.704524963496824f,1.7587294879751576f,0.17929902508418868f,-0.8327642660040583f,0.6304656923537151f,0.6012214287932418f,1.0921013054837267f,1.5048659100143544f,-0.06584961567225056f,0f,0f,0f,1f],start_interpolation:0}
execute if entity @s[tag=aj.dino.bone.tail_1] run data modify entity @s {} merge value {transformation:[1.1263623341368985f,-0.7894647326615104f,-0.6290545112479268f,-0.5605851551831857f,0.7088712425530667f,1.2896488972540754f,-0.34923277809022896f,0.689174828646517f,0.7186554833290774f,-0.0347477725190785f,1.3304071326424907f,-0.3524002148641113f,0f,0f,0f,1f],start_interpolation:0}
execute if entity @s[tag=aj.dino.bone.tail_0] run data modify entity @s {} merge value {transformation:[0.36293116340371834f,0.006409666808354681f,-1.225591939997101f,-0.2022840282312038f,-0.09178289927860274f,1.2747512882952725f,-0.02051265398686893f,0.725931122256602f,1.2221671680316346f,0.09382849111531628f,0.3624077044222234f,-0.45603992060361165f,0f,0f,0f,1f],start_interpolation:0}
execute if entity @s[tag=aj.dino.bone.body_1] run data modify entity @s {} merge value {transformation:[-0.7368643557132325f,0.344220533062529f,-0.9312076787450377f,-0.008976982725617427f,-0.020338206772323127f,1.1541968883256555f,0.4427420189917723f,0.5452564534883722f,0.9925834341156714f,0.2791887581077952f,-0.6822289635610744f,-0.31623658720121084f,0f,0f,0f,1f],start_interpolation:0}