execute if entity @s[tag=aj.dino.bone.head_lower] run data modify entity @s {} merge value {transformation:[-0.5305199995506549f,-0.04125205007948474f,0.8466680568209791f,0.17904610894174144f,0.061252472115374185f,0.9943385242222009f,0.08682761028250746f,0.24887290491605757f,-0.845456483053107f,0.09792429530946531f,-0.5249896833763652f,0.4872904696804934f,0f,0f,0f,1f],start_interpolation:0}
execute if entity @s[tag=aj.dino.bone.head_upper] run data modify entity @s {} merge value {transformation:[-0.5522180464822769f,-0.5097348145416752f,0.7202066304658468f,0.21707787184852673f,0.06375767270302961f,0.8243551689186873f,0.6323333434447712f,0.31099476933486186f,-0.8800353009364447f,0.379579921630101f,-0.40611438633037267f,0.4675441924837499f,0f,0f,0f,1f],start_interpolation:0}
execute if entity @s[tag=aj.dino.bone.neck_0] run data modify entity @s {} merge value {transformation:[-0.7540914402775075f,0.11327900925740993f,0.6469265536070179f,0.2573142908702941f,0.090652333290421f,0.9935375692066934f,-0.0683026576632085f,0.2904219217565143f,-0.6504830929157166f,0.007138952059976361f,-0.7594871830349007f,0.4185286359621748f,0f,0f,0f,1f],start_interpolation:0}
execute if entity @s[tag=aj.dino.bone.neck_1] run data modify entity @s {} merge value {transformation:[-0.8985610209339374f,-0.11029629562443807f,0.42476207320061726f,0.29278909222569227f,-0.02385271034621586f,0.978745277523035f,0.20368782471099475f,0.31218591106262383f,-0.4381998857454205f,0.17289421302601196f,-0.8820932213971586f,0.3446002646639389f,0f,0f,0f,1f],start_interpolation:0}
execute if entity @s[tag=aj.dino.bone.neck_2] run data modify entity @s {} merge value {transformation:[-0.9958151463362581f,-0.08839187667985218f,0.02321789103925359f,0.293957741897295f,-0.07195701885488906f,0.9149610949664816f,0.39707478154027154f,0.35593068095681946f,-0.05634165213067488f,0.393742391462681f,-0.917492532612901f,0.2680760217144684f,0f,0f,0f,1f],start_interpolation:0}
execute if entity @s[tag=aj.dino.bone.body_0] run data modify entity @s {} merge value {transformation:[-0.9510081404844684f,-0.17556190624390708f,-0.25448287527509444f,0.17234847048156926f,-0.2258212814025215f,0.9566475538394378f,0.18392989588085784f,0.45172941490812113f,0.21115933698985911f,0.2323864772507764f,-0.9494252259093275f,-0.1771707552330903f,0f,0f,0f,1f],start_interpolation:0}
execute if entity @s[tag=aj.dino.bone.leg_left_3] run data modify entity @s {} merge value {transformation:[-0.8527963506682001f,0.07371674176115917f,-0.5170147253909879f,0.40456289466533535f,0.05616092064557032f,0.9971916406023731f,0.049545765762457006f,0.02282416865044487f,0.5192151146482948f,0.013216425268010257f,-0.8545413921068374f,-0.3762260664153291f,0f,0f,0f,1f],start_interpolation:0}
execute if entity @s[tag=aj.dino.bone.leg_left_2] run data modify entity @s {} merge value {transformation:[-0.9460570668514029f,-0.38908555805065564f,-0.07517083395589243f,0.31007680815081967f,-0.347495597568935f,0.9080538269264795f,-0.32672198667227303f,0.223853927329154f,0.1904863129766106f,-0.27588562017850454f,-0.9693628261120762f,-0.4701967408130739f,0f,0f,0f,1f],start_interpolation:0}
execute if entity @s[tag=aj.dino.bone.leg_left_1] run data modify entity @s {} merge value {transformation:[-0.9999035995854039f,0.013563880088143472f,0.002968618046629844f,0.33351795125613304f,0.007624365598725991f,0.35767739163041284f,0.9338140888665583f,0.2713458557398726f,0.011604334766339687f,0.9337467026305462f,-0.3577463273622972f,-0.19778452521782397f,0f,0f,0f,1f],start_interpolation:0}
execute if entity @s[tag=aj.dino.bone.leg_left_0] run data modify entity @s {} merge value {transformation:[-0.9980556717267401f,-0.061008358272000573f,-0.012761518524083443f,0.19455340737943141f,-0.03478297416085638f,0.7150703211996663f,-0.6981866372596449f,0.6048980475078061f,0.051720603656671804f,-0.6963852496717324f,-0.7158020419061599f,-0.4069234012700803f,0f,0f,0f,1f],start_interpolation:0}
execute if entity @s[tag=aj.dino.bone.leg_right_3] run data modify entity @s {} merge value {transformation:[-0.8240539746589554f,0.011824210196579442f,0.566387883788137f,-0.16499389244969206f,0.029683078152475895f,0.9993100245820209f,0.0223246420189723f,0.003422367977003543f,-0.5657331188114859f,0.03520884580767092f,-0.8238363766287091f,-0.22688318311206504f,0f,0f,0f,1f],start_interpolation:0}
execute if entity @s[tag=aj.dino.bone.leg_right_2] run data modify entity @s {} merge value {transformation:[-0.9974414912471535f,0.1877016587733735f,-0.14812413150149548f,-0.12427119838073936f,0.2133190242880298f,0.9855936525433475f,-0.18751625381219877f,0.22703678671277366f,0.10801696587180783f,-0.2131559027113302f,-0.9974763634913163f,-0.30756357718178806f,0f,0f,0f,1f],start_interpolation:0}
execute if entity @s[tag=aj.dino.bone.leg_right_1] run data modify entity @s {} merge value {transformation:[-0.9653832351070776f,0.1439256947541117f,-0.2175329946553826f,-0.09286016099789618f,-0.20990907662203467f,0.06637572471274866f,0.975465244240174f,0.18915350786189655f,0.15483342315494192f,0.987359943262032f,-0.033866702167749785f,-0.0344489683198564f,0f,0f,0f,1f],start_interpolation:0}
execute if entity @s[tag=aj.dino.bone.leg_right_0] run data modify entity @s {} merge value {transformation:[-0.9782003512075798f,-0.19216269385473184f,-0.07872465933784517f,-0.04815994338171185f,-0.15563280391210327f,0.9293748486180733f,-0.33472499324458893f,0.5994012861386318f,0.13748637475700648f,-0.3151759664800379f,-0.9390216221736054f,-0.09774138120261494f,0f,0f,0f,1f],start_interpolation:0}
execute if entity @s[tag=aj.dino.bone.tail_4] run data modify entity @s {} merge value {transformation:[0.2862237134928643f,-1.7306305404076758f,2.132757663224443f,-0.3343578008212378f,2.6615562664587187f,-0.35465812743267505f,-0.6449784374072326f,0.33093785162953315f,0.6781265058296146f,2.1224506771310807f,1.631259910877826f,0.4368825884681711f,0f,0f,0f,1f],start_interpolation:0}
execute if entity @s[tag=aj.dino.bone.tail_3] run data modify entity @s {} merge value {transformation:[0.5014534156041431f,-1.4985104395704647f,1.3560812883163431f,-0.5496349734412075f,1.884775426074878f,-0.15755599586719207f,-0.8710586819927836f,0.4801790239930002f,0.7294597941543087f,1.4372153967687211f,1.318425514789411f,0.19926206146114828f,0f,0f,0f,1f],start_interpolation:0}
execute if entity @s[tag=aj.dino.bone.tail_2] run data modify entity @s {} merge value {transformation:[0.5707310528941258f,-1.649436370753672f,0.878862673630011f,-0.7129840888414067f,1.7740050513389078f,0.18890936453987514f,-0.7974918211592876f,0.6297877424082805f,0.5881717590034218f,1.0307505934157255f,1.5525401995074801f,-0.08867157992389435f,0f,0f,0f,1f],start_interpolation:0}
execute if entity @s[tag=aj.dino.bone.tail_1] run data modify entity @s {} merge value {transformation:[1.0980875207383585f,-0.7912645142588749f,-0.6751003742210132f,-0.5590867111178236f,0.7206188142947303f,1.2866666790950787f,-0.3359369455580915f,0.6856609951183447f,0.7500457127956556f,-0.07775329820084192f,1.3111224593209239f,-0.3705766237954615f,0f,0f,0f,1f],start_interpolation:0}
execute if entity @s[tag=aj.dino.bone.tail_0] run data modify entity @s {} merge value {transformation:[0.3240020019315742f,-0.0032074432120229386f,-1.2364659848278887f,-0.19784001352613895f,-0.08126439861077871f,1.2753926902174253f,-0.02460284216131816f,0.7236280149487603f,1.233796789121607f,0.08484641790923138f,0.3230824741535998f,-0.4629413366737031f,0f,0f,0f,1f],start_interpolation:0}
execute if entity @s[tag=aj.dino.bone.body_1] run data modify entity @s {} merge value {transformation:[-0.763360909413272f,0.3311263352486327f,-0.9144616269372938f,-0.007544203345365272f,-0.01728793551917136f,1.1576991478695484f,0.433633953195384f,0.5448349418604652f,0.9724123838791222f,0.2805220636299069f,-0.710159223379934f,-0.3167344166927467f,0f,0f,0f,1f],start_interpolation:0}