execute if entity @s[tag=aj.dino.bone.head_lower] run data modify entity @s {} merge value {transformation:[-0.9416508873943393f,-0.2749263459185022f,0.1941883379334427f,0.13676804126890257f,-0.3311395699340398f,0.8600936085169667f,-0.38805356564804566f,1.334301135461075f,-0.06033399948082412f,-0.42971442715850616f,-0.9009469016531915f,0.24911114972292642f,0f,0f,0f,1f],start_interpolation:0}
execute if entity @s[tag=aj.dino.bone.head_upper] run data modify entity @s {} merge value {transformation:[-0.9801640163342314f,-0.1440304766672779f,0.31938325794889727f,0.1552470444244262f,-0.34468304036952124f,0.5665010397743508f,-0.8023354137763766f,1.2916038774371608f,-0.06280163492042339f,-0.8612802890517602f,-0.5811403969143307f,0.18968954513827807f,0f,0f,0f,1f],start_interpolation:0}
execute if entity @s[tag=aj.dino.bone.neck_0] run data modify entity @s {} merge value {transformation:[-0.9875645314794171f,-0.03488301678120549f,0.15329537274190985f,0.1660447342119917f,-0.15721415055862464f,0.2196428471226556f,-0.9628295438819812f,1.2258310984076173f,-0.00008383298308620168f,-0.974956509208537f,-0.22239558926367015f,0.19113442862120125f,0f,0f,0f,1f],start_interpolation:0}
execute if entity @s[tag=aj.dino.bone.neck_1] run data modify entity @s {} merge value {transformation:[-0.9720827887960638f,-0.211121200107459f,-0.10238598825841982f,0.1563986882116626f,-0.00013648086102524461f,0.43686567410074845f,-0.8995267445526416f,1.1516419624078593f,0.2346380896176953f,-0.8744004927135419f,-0.4246984168122993f,0.15112864478060917f,0f,0f,0f,1f],start_interpolation:0}
execute if entity @s[tag=aj.dino.bone.neck_2] run data modify entity @s {} merge value {transformation:[-0.9138545942233723f,-0.3897883714759074f,-0.11373128891820071f,0.14261870254328002f,-0.11172499706870644f,0.5106734770652914f,-0.8524846771948706f,1.081957723561902f,0.39036816679492803f,-0.7663404108385549f,-0.5102304078247022f,0.09892568274224028f,0f,0f,0f,1f],start_interpolation:0}
execute if entity @s[tag=aj.dino.bone.body_0] run data modify entity @s {} merge value {transformation:[-0.9860328799946614f,-0.14554661004345731f,-0.08096507811576091f,0.10307365145243835f,0.016285830675858357f,0.39954106542301104f,-0.9165706239891405f,0.653787553690146f,0.16575262075946423f,-0.9050873556433671f,-0.3915902799685741f,-0.09425143616509638f,0f,0f,0f,1f],start_interpolation:0}
execute if entity @s[tag=aj.dino.bone.leg_left_3] run data modify entity @s {} merge value {transformation:[-0.9565679524476087f,-0.03368432526134808f,-0.2895567622796559f,0.463443672409511f,-0.032172272308862104f,0.9994324950810757f,-0.009981616627571552f,0.07192186441849849f,0.28972866141387166f,-0.00023239557461922355f,-0.9571087967141578f,-0.2659041587278233f,0f,0f,0f,1f],start_interpolation:0}
execute if entity @s[tag=aj.dino.bone.leg_left_2] run data modify entity @s {} merge value {transformation:[-0.9769822684047127f,-0.29881484060707975f,-0.09098097469494285f,0.3894629782132517f,-0.29802451877374025f,0.9811957808477175f,-0.022325441921992376f,0.29948487138160185f,0.09353733443474209f,0.005170123818372114f,-1.021413841881556f,-0.29612016134507424f,0f,0f,0f,1f],start_interpolation:0}
execute if entity @s[tag=aj.dino.bone.leg_left_1] run data modify entity @s {} merge value {transformation:[-0.9946757693952574f,0.03908443247720022f,0.09535471103143237f,0.41483333045571374f,0.10002371316401043f,0.5888814462270128f,0.8020061714815325f,0.4149381232015672f,-0.024806664081180933f,0.8072738379431835f,-0.5896554756717233f,-0.045041931442410754f,0f,0f,0f,1f],start_interpolation:0}
execute if entity @s[tag=aj.dino.bone.leg_left_0] run data modify entity @s {} merge value {transformation:[-0.9927188671790429f,-0.11952235702196287f,-0.014955163612351857f,0.2536934056695707f,-0.04830741894936541f,0.5087773927306478f,-0.8595417138921498f,0.6790557551689418f,0.11034330075364007f,-0.8525608311540698f,-0.5108467335323513f,-0.32536866881920057f,0f,0f,0f,1f],start_interpolation:0}
execute if entity @s[tag=aj.dino.bone.leg_right_3] run data modify entity @s {} merge value {transformation:[-0.8710479686083138f,0.011728655075638864f,0.49105791413380845f,-0.24266382402101455f,0.008138807029752393f,0.999922264989546f,-0.009445834971492068f,0.01606253762668594f,-0.4911305286820018f,-0.004231149760159564f,-0.8710757149457471f,-0.2304375157639804f,0f,0f,0f,1f],start_interpolation:0}
execute if entity @s[tag=aj.dino.bone.leg_right_2] run data modify entity @s {} merge value {transformation:[-1.0085553100741316f,0.18633926490333447f,0.01249257288357902f,-0.19727768465885823f,0.17736831424534713f,0.9771859168509376f,-0.25634032946583035f,0.23564592632107756f,-0.058471079378872234f,-0.2498951015209612f,-0.993073899874925f,-0.31928742195021254f,0f,0f,0f,1f],start_interpolation:0}
execute if entity @s[tag=aj.dino.bone.leg_right_1] run data modify entity @s {} merge value {transformation:[-0.9711924073411569f,0.10016171442100602f,-0.21622427913426684f,-0.17794105576746555f,-0.12928335903311247f,0.5407574374597595f,0.8311842195982005f,0.3358951704450647f,0.20017772353587154f,0.8351940042865486f,-0.5122302745873157f,-0.061237873422315625f,0f,0f,0f,1f],start_interpolation:0}
execute if entity @s[tag=aj.dino.bone.leg_right_0] run data modify entity @s {} merge value {transformation:[-0.9800636483046422f,-0.1798807216840544f,-0.0843692552901722f,-0.12774237528921195f,-0.09812221039997056f,0.8074516425923556f,-0.581716319782358f,0.7116914930031284f,0.17276364518618603f,-0.5618405208253766f,-0.8090042966886214f,-0.23606491650927924f,0f,0f,0f,1f],start_interpolation:0}
execute if entity @s[tag=aj.dino.bone.tail_4] run data modify entity @s {} merge value {transformation:[-0.4365677873124358f,2.1286610553934033f,-1.7040751186296246f,-0.6609575136077019f,-1.9021006251065207f,0.9987978171727904f,1.734957481894082f,0.564084680486818f,1.9537356808561666f,1.4480560635770685f,1.3083240644760674f,-1.5058263148343665f,0f,0f,0f,1f],start_interpolation:0}
execute if entity @s[tag=aj.dino.bone.tail_3] run data modify entity @s {} merge value {transformation:[-0.7373987146331138f,1.2478914147633469f,-1.4949768154261822f,-0.41967628844323396f,-0.33379394789966743f,1.493913397615298f,1.4116479330256237f,0.3101022418502252f,1.918533362245085f,0.7395507443238054f,-0.32899842031097914f,-1.4572774252269989f,0f,0f,0f,1f],start_interpolation:0}
execute if entity @s[tag=aj.dino.bone.tail_2] run data modify entity @s {} merge value {transformation:[-1.2447409154096816f,0.8330692226630285f,-1.2551452500644948f,-0.18706971407848785f,0.7446604667111425f,1.755602942363066f,0.42674696611278523f,0.23173929917185843f,1.3095322515407508f,-0.20646513996445232f,-1.43571282057271f,-1.1894623495754864f,0f,0f,0f,1f],start_interpolation:0}
execute if entity @s[tag=aj.dino.bone.tail_1] run data modify entity @s {} merge value {transformation:[-1.4588694256937635f,-0.023919710770344358f,-0.39847722169857186f,-0.09963570517919221f,0.14129660187443271f,1.3811020838242682f,-0.6002070928896149f,0.34387963201677335f,0.37335173640240077f,-0.6161502507448388f,-1.3298960859527276f,-0.896108439023645f,0f,0f,0f,1f],start_interpolation:0}
execute if entity @s[tag=aj.dino.bone.tail_0] run data modify entity @s {} merge value {transformation:[-1.2434866201585342f,-0.1299604792999167f,-0.26587029900097686f,-0.025078402280218424f,0.043696580511317196f,1.0551438786537823f,-0.7201372930039784f,0.5797829879462321f,0.292689854491663f,-0.7096600494205769f,-1.0220327685148167f,-0.6145720709529621f,0f,0f,0f,1f],start_interpolation:0}
execute if entity @s[tag=aj.dino.bone.body_1] run data modify entity @s {} merge value {transformation:[-1.199658624967872f,0.010389466136498705f,-0.298857554011678f,0.043701988426917075f,0.10264308260897789f,1.1748587214239148f,-0.3711818655900916f,0.5869425f,0.2808703903742277f,-0.3849722571092789f,-1.140838630185473f,-0.3234124565687605f,0f,0f,0f,1f],start_interpolation:0}