execute if entity @s[tag=aj.dino.bone.head_lower] run data modify entity @s {} merge value {transformation:[-0.5347460303792032f,0.6997877003481211f,-0.4736495090625262f,0.5401110203062712f,0.8069270776510258f,0.5892672677740531f,-0.04040765377595973f,1.0178712206118086f,0.25082937297545455f,-0.4038084466322994f,-0.8797859762926152f,0.34823217114303395f,0f,0f,0f,1f],start_interpolation:0}
execute if entity @s[tag=aj.dino.bone.head_upper] run data modify entity @s {} merge value {transformation:[-0.5566169202108667f,0.6072163830435757f,-0.6363472408064279f,0.5097050115602536f,0.8399300589073371f,0.5904783220306552f,-0.1712448245620473f,1.0195858265055742f,0.26108818981791193f,-0.6050583095527627f,-0.8057352802020442f,0.27918152849169414f,0f,0f,0f,1f],start_interpolation:0}
execute if entity @s[tag=aj.dino.bone.neck_0] run data modify entity @s {} merge value {transformation:[-0.4508576823625121f,0.2896440110153678f,-0.844294792793153f,0.45055554521282504f,0.8473086305082855f,0.4363431345698997f,-0.302775087449229f,0.9926513678291382f,0.28070524562408483f,-0.8518867388313098f,-0.4421465246753368f,0.26432852135782825f,0f,0f,0f,1f],start_interpolation:0}
execute if entity @s[tag=aj.dino.bone.neck_1] run data modify entity @s {} merge value {transformation:[-0.6558083593471654f,0.30419929799099193f,-0.6909255986806151f,0.3934264867470265f,0.6226169889576442f,0.7355163508447784f,-0.26714000580463015f,0.9734095350137079f,0.42692327281573195f,-0.6053746647670093f,-0.6717574222787088f,0.20463296546590573f,0f,0f,0f,1f],start_interpolation:0}
execute if entity @s[tag=aj.dino.bone.neck_2] run data modify entity @s {} merge value {transformation:[-0.8119357406505526f,-0.02758014723514335f,-0.5830949224034848f,0.3420729714535391f,0.24081991829420035f,0.8940957642563718f,-0.3776222070953843f,0.9490807538475216f,0.5317575763513042f,-0.4470258379750577f,-0.7193064577603099f,0.13723966262274476f,0f,0f,0f,1f],start_interpolation:0}
execute if entity @s[tag=aj.dino.bone.body_0] run data modify entity @s {} merge value {transformation:[-0.8468958603827131f,0.05530733075576261f,-0.5288747496631847f,0.0933431566772035f,0.4824652369486069f,0.49812026053089664f,-0.720488376856113f,0.6142625017985311f,0.22359493912597478f,-0.8653423052256861f,-0.44853985105444893f,-0.08239895428993171f,0f,0f,0f,1f],start_interpolation:0}
execute if entity @s[tag=aj.dino.bone.leg_left_3] run data modify entity @s {} merge value {transformation:[-0.9573904377020405f,-0.0541516909283624f,-0.2836743628992484f,0.41961993722450885f,-0.07281432967335014f,0.9957914300613593f,0.055655199313031534f,0.058595498897603765f,0.27946667635143185f,0.073939314210721f,-0.9573042121620128f,-0.3034057848858137f,0f,0f,0f,1f],start_interpolation:0}
execute if entity @s[tag=aj.dino.bone.leg_left_2] run data modify entity @s {} merge value {transformation:[-0.992359490374571f,-0.24040753534568501f,-0.097411797608037f,0.3590313039603489f,-0.23258641685428386f,0.9952116823370436f,-0.0867148518735435f,0.28753719022184443f,0.11484075957211846f,-0.06180714998751067f,-1.0173758772705466f,-0.3490762519164106f,0f,0f,0f,1f],start_interpolation:0}
execute if entity @s[tag=aj.dino.bone.leg_left_1] run data modify entity @s {} merge value {transformation:[-0.9889330795958604f,0.061616417093523224f,0.1349621473806806f,0.3883078931459327f,0.1483228709888549f,0.4315691924245827f,0.8898024264361255f,0.3546353266497299f,-0.0034190675148504795f,0.8999730269816703f,-0.4359321744064991f,-0.08139340399124184f,0f,0f,0f,1f],start_interpolation:0}
execute if entity @s[tag=aj.dino.bone.leg_left_0] run data modify entity @s {} merge value {transformation:[-0.9969911864981975f,-0.049309155923062814f,-0.059809540936803934f,0.25789061309528793f,0.00736084699532394f,0.7078752091504319f,-0.7062991619715712f,0.6909231929456457f,0.0771647068058162f,-0.7046142883964158f,-0.7053823875113306f,-0.29165296408491526f,0f,0f,0f,1f],start_interpolation:0}
execute if entity @s[tag=aj.dino.bone.leg_right_3] run data modify entity @s {} merge value {transformation:[-0.9407624391150302f,0.012012720320412769f,0.3388535490456651f,-0.25055464170394404f,0.06319951458330754f,0.9880710099210046f,0.14043326069746015f,0.06348649181197286f,-0.33312438293642477f,0.15352971668113657f,-0.9302992914052105f,-0.25039066457676323f,0f,0f,0f,1f],start_interpolation:0}
execute if entity @s[tag=aj.dino.bone.leg_right_2] run data modify entity @s {} merge value {transformation:[-1.0145157828150815f,0.15106145735494186f,0.0006016823069055431f,-0.21374994289198107f,0.14882686619179128f,1.0001928807881808f,-0.17183411948988783f,0.29108866938105404f,-0.025893818168204078f,-0.16987300204310118f,-1.011204664179429f,-0.3211983970442611f,0f,0f,0f,1f],start_interpolation:0}
execute if entity @s[tag=aj.dino.bone.leg_right_1] run data modify entity @s {} merge value {transformation:[-0.9664070043415652f,0.09867767752256618f,-0.23731881071317223f,-0.19360240130767598f,-0.18336357210405993f,0.38231218896340075f,0.9056573251485642f,0.34326647541490946f,0.1800980354829037f,0.9187492074166733f,-0.35137528582191624f,-0.049380555861295916f,0f,0f,0f,1f],start_interpolation:0}
execute if entity @s[tag=aj.dino.bone.leg_right_0] run data modify entity @s {} merge value {transformation:[-0.988284288949714f,-0.1354038577245176f,-0.07042698011754349f,-0.12611978675019525f,-0.07308387452338364f,0.8249407563117073f,-0.5604743489763994f,0.7212890150764538f,0.1339884752499579f,-0.5487609168747233f,-0.8251718273250755f,-0.21324737619041462f,0f,0f,0f,1f],start_interpolation:0}
execute if entity @s[tag=aj.dino.bone.tail_4] run data modify entity @s {} merge value {transformation:[-2.7592056709360766f,0.051626011239001575f,0.09889465120897138f,0.5163553495138116f,0.10241963842750637f,0.2018827382500079f,2.7521654945262743f,0.8718033650958282f,0.04422233302950635f,2.7535866513622245f,-0.20363268475664306f,-1.6189827328959432f,0f,0f,0f,1f],start_interpolation:0}
execute if entity @s[tag=aj.dino.bone.tail_3] run data modify entity @s {} merge value {transformation:[-1.9403591678122658f,0.20273508192996104f,0.7279081758616169f,0.39094510016254114f,0.7358685227243962f,0.9625762901701521f,1.6934845523092688f,0.5752314015850272f,-0.17160810935019774f,1.835290412496497f,-0.9686099755051732f,-1.472702032693333f,0f,0f,0f,1f],start_interpolation:0}
execute if entity @s[tag=aj.dino.bone.tail_2] run data modify entity @s {} merge value {transformation:[-1.6844148215407375f,0.5331956782010687f,0.8349987740855453f,0.23460199514672114f,0.8109041941228996f,1.688220200996642f,0.5577820505390285f,0.4725422725850299f,-0.5691704243287343f,0.8272779440413812f,-1.6764337464913102f,-1.1612806778244436f,0f,0f,0f,1f],start_interpolation:0}
execute if entity @s[tag=aj.dino.bone.tail_1] run data modify entity @s {} merge value {transformation:[-1.009685101438858f,-0.06205415117543291f,1.124429423420741f,-0.005639498819277426f,-0.4809556885749005f,1.3893048990941075f,-0.3552038470801739f,0.5324548518498702f,-1.0182700386242574f,-0.5946742214650041f,-0.9471773586637009f,-0.9492165733143981f,0f,0f,0f,1f],start_interpolation:0}
execute if entity @s[tag=aj.dino.bone.tail_0] run data modify entity @s {} merge value {transformation:[-1.276963121200784f,-0.05642837181335171f,0.0040917638829488165f,-0.008196924457494169f,-0.05444854326437154f,1.2005998675936627f,-0.4352367524169979f,0.6886137602353992f,0.015370745380999832f,-0.434984497853201f,-1.201826919068573f,-0.6085117652961869f,0f,0f,0f,1f],start_interpolation:0}
execute if entity @s[tag=aj.dino.bone.body_1] run data modify entity @s {} merge value {transformation:[-1.2077560922418433f,0.08611124051058218f,-0.2500293402116853f,0.044131191652229354f,0.09550394127131073f,1.2321185145708133f,-0.03698051256686884f,0.6142192857142857f,0.24659443203488607f,-0.05543839252531569f,-1.2102571486175369f,-0.3234097620900258f,0f,0f,0f,1f],start_interpolation:0}