execute if entity @s[tag=aj.dino.bone.head_lower] run data modify entity @s {} merge value {transformation:[-0.3886863036914781f,-0.33395896942001846f,0.858716696045078f,0.19750680290814426f,-0.11224432739582359f,0.9422207896581558f,0.31562825365201347f,0.5354847871729039f,-0.9145076097497031f,0.02629430128145384f,-0.403713315893847f,0.559964961329443f,0f,0f,0f,1f],start_interpolation:0}
execute if entity @s[tag=aj.dino.bone.head_upper] run data modify entity @s {} merge value {transformation:[-0.4045834115598331f,-0.4507953394836925f,0.846503259045053f,0.2456144230034465f,-0.11683507361784304f,0.9350682401648055f,0.44211864289047265f,0.5869237228571103f,-0.9519105899436286f,0.07683027214830598f,-0.4140474376424729f,0.5328513249772489f,0f,0f,0f,1f],start_interpolation:0}
execute if entity @s[tag=aj.dino.bone.neck_0] run data modify entity @s {} merge value {transformation:[-0.7670843623949071f,-0.06171420325176358f,0.6385710125633629f,0.2881552233639482f,-0.13558542880033667f,0.9884744140164685f,-0.06734184681034067f,0.5665682906890583f,-0.6270551590300709f,-0.13823780218087448f,-0.7666108123304641f,0.4857273083802241f,0f,0f,0f,1f],start_interpolation:0}
execute if entity @s[tag=aj.dino.bone.neck_1] run data modify entity @s {} merge value {transformation:[-0.9222333304494309f,-0.2545555049709458f,0.291010616811719f,0.3116349367302834f,-0.20915585048180907f,0.9615037332178377f,0.1782257030211743f,0.5860958744582718f,-0.32517612830185044f,0.10349911061041789f,-0.9399725632620726f,0.40657610259722715f,0f,0f,0f,1f],start_interpolation:0}
execute if entity @s[tag=aj.dino.bone.neck_2] run data modify entity @s {} merge value {transformation:[-0.981841929851251f,-0.1650595500976033f,-0.09349743155588641f,0.3018278243375767f,-0.18018284696868483f,0.9655994702297175f,0.1874881456261915f,0.6119750644894363f,0.05933436141251014f,0.2009303561278517f,-0.9778069469696482f,0.3228801142585479f,0f,0f,0f,1f],start_interpolation:0}
execute if entity @s[tag=aj.dino.bone.body_0] run data modify entity @s {} merge value {transformation:[-0.9076594539421996f,-0.2734255822091182f,-0.31842230867662635f,0.14915186388942064f,-0.23160664082629207f,0.9590062510098416f,-0.16329535954585303f,0.5441503071917565f,0.35001811323774223f,-0.07446785559993807f,-0.933778270730176f,-0.11791548247747771f,0f,0f,0f,1f],start_interpolation:0}
execute if entity @s[tag=aj.dino.bone.leg_left_3] run data modify entity @s {} merge value {transformation:[-0.8581636920040533f,0.10397434441501024f,-0.5027369226836651f,0.32043470169498556f,0.026940134618839408f,0.98704729504222f,0.15815140371351533f,0.0437381199855886f,0.5126688081721877f,0.12217599213145465f,-0.8498492337314913f,-0.5661987125266413f,0f,0f,0f,1f],start_interpolation:0}
execute if entity @s[tag=aj.dino.bone.leg_left_2] run data modify entity @s {} merge value {transformation:[-0.958569340281462f,-0.25554764647200745f,-0.2605809274595425f,0.2513266948462592f,-0.2806224172529757f,0.9842874580724102f,0.06701834313935495f,0.2748099128043258f,0.23336254692678146f,0.13392460477696186f,-0.9897819565075302f,-0.5652077438356081f,0f,0f,0f,1f],start_interpolation:0}
execute if entity @s[tag=aj.dino.bone.leg_left_1] run data modify entity @s {} merge value {transformation:[-0.9867414901963548f,0.14050644617262775f,0.08123527625985985f,0.3048410645150741f,0.10489523892295753f,0.17016120776311391f,0.9798174075938303f,0.266982500189648f,0.12384756911773835f,0.9753476826017156f,-0.18264358096328007f,-0.29301602921064995f,0f,0f,0f,1f],start_interpolation:0}
execute if entity @s[tag=aj.dino.bone.leg_left_0] run data modify entity @s {} merge value {transformation:[-0.9877823516041819f,-0.013342364168975662f,-0.15526753420369338f,0.19738715612502217f,0.05134551259193777f,0.9128332727757096f,-0.40509141493033174f,0.664337714727002f,0.14713824858269808f,-0.4081144415871235f,-0.9009955262774876f,-0.3627997638207209f,0f,0f,0f,1f],start_interpolation:0}
execute if entity @s[tag=aj.dino.bone.leg_right_3] run data modify entity @s {} merge value {transformation:[-0.9044383054263607f,-0.06787580617206006f,0.4211700685162545f,-0.2665466260485139f,-0.05594225099287198f,0.997606497530927f,0.040641612147248596f,0.04706306936192428f,-0.42292057910598774f,0.013196629136631444f,-0.9060706554944195f,-0.09110277138011594f,0f,0f,0f,1f],start_interpolation:0}
execute if entity @s[tag=aj.dino.bone.leg_right_2] run data modify entity @s {} merge value {transformation:[-0.9871285870488294f,0.2585703634589923f,-0.10383024257104037f,-0.2079516594635113f,0.2766075889722417f,0.8632959214834457f,-0.4798651822894699f,0.2330369886913672f,-0.033579664302070926f,-0.48982008798274873f,-0.9005614288068459f,-0.2330584098245396f,0f,0f,0f,1f],start_interpolation:0}
execute if entity @s[tag=aj.dino.bone.leg_right_1] run data modify entity @s {} merge value {transformation:[-0.9808664123796925f,0.14195773806636966f,-0.13322567946335048f,-0.18185495541180446f,-0.06210834349762593f,0.4203916013919549f,0.9052145906618432f,0.29799813573955874f,0.18450917249115922f,0.8961690142390486f,-0.40353124189390843f,0.035479105378805026f,0f,0f,0f,1f],start_interpolation:0}
execute if entity @s[tag=aj.dino.bone.leg_right_0] run data modify entity @s {} merge value {transformation:[-0.9873117858443587f,-0.08357984671876101f,-0.1350179497522156f,-0.08887951963767311f,-0.010231524275765458f,0.8819893249849259f,-0.47115830304010253f,0.6838407168684283f,0.15846372911116863f,-0.46379870615936725f,-0.8716536047771954f,-0.09409075799565098f,0f,0f,0f,1f],start_interpolation:0}
execute if entity @s[tag=aj.dino.bone.tail_4] run data modify entity @s {} merge value {transformation:[-0.23839991297202043f,-2.6693077642393828f,0.6660502029624228f,-0.5933456243334778f,2.7031636211635117f,-0.3515949508177911f,-0.4415300209245209f,0.28031307310535925f,0.5115987200072979f,0.6138716331048272f,2.643310367580037f,0.3847975330495797f,0f,0f,0f,1f],start_interpolation:0}
execute if entity @s[tag=aj.dino.bone.tail_3] run data modify entity @s {} merge value {transformation:[0.050719038675721466f,-2.0131568224951804f,0.5296911488795767f,-0.663461348944333f,1.834865597945956f,-0.20701421364914482f,-0.9624753913041627f,0.4455391286321626f,0.9831792016894404f,0.4901940936331055f,1.768901900608674f,0.08006020489283067f,0f,0f,0f,1f],start_interpolation:0}
execute if entity @s[tag=aj.dino.bone.tail_2] run data modify entity @s {} merge value {transformation:[0.2517479573463707f,-1.8551066562644138f,0.5603357340543034f,-0.7678818122762405f,1.7287545738591035f,-0.040339944631741786f,-0.910249519214987f,0.616021246063404f,0.8756737202496926f,0.6129648095554535f,1.6359228444255824f,-0.22326090951045457f,0f,0f,0f,1f],start_interpolation:0}
execute if entity @s[tag=aj.dino.bone.tail_1] run data modify entity @s {} merge value {transformation:[0.7977122471853777f,-0.88951144933809f,-0.9274054141457807f,-0.558203267551802f,0.8280268239916908f,1.190549988365673f,-0.4296726125234538f,0.6931376811489306f,0.9826917112913334f,-0.28109848220676564f,1.1148797665490053f,-0.4606732940247626f,0f,0f,0f,1f],start_interpolation:0}
execute if entity @s[tag=aj.dino.bone.tail_0] run data modify entity @s {} merge value {transformation:[0.09136442487939214f,-0.07230499206281595f,-1.272894436539528f,-0.1879787766342352f,0.10731823866177566f,1.272065710232678f,-0.06455494624577215f,0.742699348412589f,1.2704216048623467f,-0.10225719318002278f,0.09699550982365875f,-0.4914852846072649f,0f,0f,0f,1f],start_interpolation:0}
execute if entity @s[tag=aj.dino.bone.body_1] run data modify entity @s {} merge value {transformation:[-0.9003410371108008f,0.21849737654219545f,-0.8186876745100514f,-0.01236270917377023f,0.06133914514500454f,1.2082280968467705f,0.2550038633416393f,0.6020317857142857f,0.8451201815264963f,0.14508052071335925f,-0.8906896857730042f,-0.29418461187330897f,0f,0f,0f,1f],start_interpolation:0}