execute if entity @s[tag=aj.dino.bone.head_lower] run data modify entity @s {} merge value {transformation:[-0.43980454714322187f,0.050149009567516944f,0.8966922756171944f,0.1935439651007539f,0.1649766675377535f,0.9859606135510599f,0.025775331116311972f,0.23272740229245484f,-0.8828106589072671f,0.15926941126724573f,-0.441903377622645f,0.45558419566312675f,0f,0f,0f,1f],start_interpolation:0}
execute if entity @s[tag=aj.dino.bone.head_upper] run data modify entity @s {} merge value {transformation:[-0.45779236986948507f,-0.4048456254439028f,0.8426138547589416f,0.24239873101163903f,0.1717241444997695f,0.8858402543682227f,0.5189121356454987f,0.28844445467837787f,-0.9189172470187998f,0.3672315426039615f,-0.32280648976068005f,0.44129159572421467f,0f,0f,0f,1f],start_interpolation:0}
execute if entity @s[tag=aj.dino.bone.neck_0] run data modify entity @s {} merge value {transformation:[-0.7520410756229117f,0.22349072065031284f,0.6200694464002706f,0.27910891387739745f,0.23750201536031829f,0.9694467628292377f,-0.06136584342856535f,0.2686637426692183f,-0.6148390141132241f,0.10111810828489567f,-0.7821432828460287f,0.3892740778992535f,0f,0f,0f,1f],start_interpolation:0}
execute if entity @s[tag=aj.dino.bone.neck_1] run data modify entity @s {} merge value {transformation:[-0.914933978491808f,0.02162292617302717f,0.4030239001161938f,0.31334994202394145f,0.13305200234022954f,0.9589028427357122f,0.25060427543564723f,0.2943107595133608f,-0.381041965765462f,0.28290950365282186f,-0.8802097665150658f,0.3160120866418826f,0f,0f,0f,1f],start_interpolation:0}
execute if entity @s[tag=aj.dino.bone.neck_2] run data modify entity @s {} merge value {transformation:[-0.9962971174643627f,0.07859308360026573f,0.03485944552633691f,0.31717336630701387f,0.08595152112507043f,0.9005812288843469f,0.42610536982939606f,0.34045803879473546f,0.0020951726631883716f,0.42752377406567865f,-0.9040016774653408f,0.24100048463379947f,0f,0f,0f,1f],start_interpolation:0}
execute if entity @s[tag=aj.dino.bone.body_0] run data modify entity @s {} merge value {transformation:[-0.9569503562180137f,-0.01247470246809873f,-0.28998344354902256f,0.1803864196658861f,-0.07820663268928038f,0.9732080356452626f,0.21621711763617008f,0.45163137857203695f,0.2795169732549718f,0.22958767639797617f,-0.932287380858798f,-0.1961959522849876f,0f,0f,0f,1f],start_interpolation:0}
execute if entity @s[tag=aj.dino.bone.leg_left_3] run data modify entity @s {} merge value {transformation:[-0.789605605184363f,0.06613848745087007f,-0.6100399074971629f,0.3978391188081617f,0.07129107888731998f,0.9973295907904527f,0.015851479578575134f,0.022568670655766482f,0.6094592441931761f,-0.03097398604408519f,-0.792212119230716f,-0.3972094618238071f,0f,0f,0f,1f],start_interpolation:0}
execute if entity @s[tag=aj.dino.bone.leg_left_2] run data modify entity @s {} merge value {transformation:[-0.9079679815889794f,-0.4343728473438265f,-0.19742485507236876f,0.28907752464888237f,-0.34350130474182927f,0.8896485177795098f,-0.3776169593041025f,0.21774149253511696f,0.3311543409810447f,-0.2681565658413605f,-0.9330011029716262f,-0.4880365354395475f,0f,0f,0f,1f],start_interpolation:0}
execute if entity @s[tag=aj.dino.bone.leg_left_1] run data modify entity @s {} merge value {transformation:[-0.9897164907856338f,0.13125332842863383f,-0.05686678857976274f,0.34746177601904493f,0.0013714088805071912f,0.4062390857741932f,0.9137657929836454f,0.2796139336654201f,0.1430363139368906f,0.9042910864128609f,-0.4022415243726015f,-0.2238841819003666f,0f,0f,0f,1f],start_interpolation:0}
execute if entity @s[tag=aj.dino.bone.leg_left_0] run data modify entity @s {} merge value {transformation:[-0.9820317433607271f,-0.16178814429620703f,-0.09715066338981307f,0.17766080891613323f,-0.03886005873833595f,0.6771302795531478f,-0.7348363629728251f,0.6007790832079912f,0.18467146738666518f,-0.7178573541292629f,-0.671250525702431f,-0.4296215310975092f,0f,0f,0f,1f],start_interpolation:0}
execute if entity @s[tag=aj.dino.bone.leg_right_3] run data modify entity @s {} merge value {transformation:[-0.8624536292262464f,0.03295594637913009f,0.5050620189964128f,-0.16856992210394164f,0.02569807380499252f,0.9994421141381776f,-0.021332357809742575f,0.011808825883626056f,-0.5054832800767892f,-0.005419048372697077f,-0.8628193828823878f,-0.20593872430447419f,0f,0f,0f,1f],start_interpolation:0}
execute if entity @s[tag=aj.dino.bone.leg_right_2] run data modify entity @s {} merge value {transformation:[-0.9811673768986736f,0.16641705736996812f,-0.24835084261341195f,-0.13593133932797985f,0.21398918122548874f,0.9859758662142909f,-0.18472255157970835f,0.2355976363165701f,0.20876160645318848f,-0.22851510619649168f,-0.9778863110872269f,-0.289750199088063f,0f,0f,0f,1f],start_interpolation:0}
execute if entity @s[tag=aj.dino.bone.leg_right_1] run data modify entity @s {} merge value {transformation:[-0.9436707612001175f,0.26649235956111095f,-0.19613086639165864f,-0.0719254404623238f,-0.18662164507139783f,0.060813412999272065f,0.9805478521674631f,0.19639747248467443f,0.2732358981664677f,0.9619166029833f,-0.007654597195947188f,-0.02257988313638855f,0f,0f,0f,1f],start_interpolation:0}
execute if entity @s[tag=aj.dino.bone.leg_right_0] run data modify entity @s {} merge value {transformation:[-0.9572681882603238f,-0.20796247897359516f,-0.20097070205369386f,-0.025911040391278537f,-0.13211444012322482f,0.9326280447670905f,-0.3357837173313213f,0.605274135607545f,0.25726132716699657f,-0.2948839389540754f,-0.9202500052111953f,-0.09336002091572268f,0f,0f,0f,1f],start_interpolation:0}
execute if entity @s[tag=aj.dino.bone.tail_4] run data modify entity @s {} merge value {transformation:[0.4392991124386334f,-1.6796244559533315f,2.14744948913219f,-0.25243686788903663f,2.6481138371822106f,-0.25428139638885344f,-0.7406047585417219f,0.3095415064549504f,0.6482057749933555f,2.177122869755864f,1.570231388952359f,0.4797358817533611f,0f,0f,0f,1f],start_interpolation:0}
execute if entity @s[tag=aj.dino.bone.tail_3] run data modify entity @s {} merge value {transformation:[0.6818178875268855f,-1.4140071229645643f,1.3680839705582017f,-0.47057618316206806f,1.824096108413018f,-0.08835731648278326f,-1.000405866606593f,0.4800380180134056f,0.7373895046481895f,1.526015192215949f,1.2097437239371243f,0.2596747945221648f,0f,0f,0f,1f],start_interpolation:0}
execute if entity @s[tag=aj.dino.bone.tail_2] run data modify entity @s {} merge value {transformation:[0.7139500138859635f,-1.464916598765731f,1.0784565875989869f,-0.6708795616719798f,1.7348711023943417f,0.1999205893469013f,-0.8769423533134919f,0.6443900995754354f,0.5470571366430115f,1.2778204066372572f,1.3735637490237282f,0.00504087334730724f,0f,0f,0f,1f],start_interpolation:0}
execute if entity @s[tag=aj.dino.bone.tail_1] run data modify entity @s {} merge value {transformation:[1.2117904368969974f,-0.7739202053925632f,-0.46932686129191237f,-0.5615829929399099f,0.700822171202481f,1.2985983835520765f,-0.331883673275705f,0.6992641937084845f,0.572772617533368f,0.04843556463041525f,1.399014572719994f,-0.297150739466982f,0f,0f,0f,1f],start_interpolation:0}
execute if entity @s[tag=aj.dino.bone.tail_0] run data modify entity @s {} merge value {transformation:[0.49264895417030174f,0.0371294699769259f,-1.1788783342644686f,-0.21619134373523038f,-0.07272057082001315f,1.2761078926876035f,0.009802111203379956f,0.7271945456298481f,1.1772189444273087f,0.06329111520319855f,0.4939488922973874f,-0.4399667588835784f,0f,0f,0f,1f],start_interpolation:0}
execute if entity @s[tag=aj.dino.bone.body_1] run data modify entity @s {} merge value {transformation:[-0.6402564652126491f,0.3855737140364966f,-0.984890432918178f,-0.013189240061206507f,0.014137447638636403f,1.1543031322137276f,0.4427064564608163f,0.5465209883720931f,1.0575804396753559f,0.21799491980761793f,-0.6021681024518001f,-0.31465461494381164f,0f,0f,0f,1f],start_interpolation:0}