execute if entity @s[tag=aj.dino.bone.head_lower] run data modify entity @s {} merge value {transformation:[-0.5640080471192814f,-0.11576490637649345f,0.8176144624676942f,0.1689573295544888f,-0.01757693221731004f,0.9915832567617165f,0.12827196250021028f,0.2798033159107636f,-0.8255822031987625f,0.05797526508321424f,-0.5612957281148756f,0.5074687819323326f,0f,0f,0f,1f],start_interpolation:0}
execute if entity @s[tag=aj.dino.bone.head_upper] run data modify entity @s {} merge value {transformation:[-0.5870757412431071f,-0.5543127379018974f,0.6569257227625254f,0.20161486708825765f,-0.018295821421276268f,0.8034102672719867f,0.66156567923675f,0.34344459656444465f,-0.8593481713170074f,0.3615816278866559f,-0.46287297330094634f,0.4834119922299066f,0f,0f,0f,1f],start_interpolation:0}
execute if entity @s[tag=aj.dino.bone.neck_0] run data modify entity @s {} merge value {transformation:[-0.7431420629896637f,0.06091325963988335f,0.666355347405205f,0.24395404463054104f,-0.002162647991472366f,0.995624026106297f,-0.09342441647424188f,0.3212434526913174f,-0.6691301795384305f,-0.0708687056459463f,-0.7397583587840939f,0.43694437436472444f,0f,0f,0f,1f],start_interpolation:0}
execute if entity @s[tag=aj.dino.bone.neck_1] run data modify entity @s {} merge value {transformation:[-0.8784027461256039f,-0.1741056903900396f,0.44507957060822956f,0.2808560427780067f,-0.11577975879024408f,0.9810638364234167f,0.15527007540617885f,0.33891650445938354f,-0.46368487473010295f,0.0848584553004309f,-0.8819270828762169f,0.36262450744840835f,0f,0f,0f,1f],start_interpolation:0}
execute if entity @s[tag=aj.dino.bone.neck_2] run data modify entity @s {} merge value {transformation:[-0.9846961803367756f,-0.17283162183772452f,0.02242014547468868f,0.2811280860751255f,-0.1538795824814401f,0.9226044616754974f,0.35372599761934853f,0.37893842910341236f,-0.08181996410108064f,0.34486263611676965f,-0.9350803471815085f,0.28408087667943505f,0f,0f,0f,1f],start_interpolation:0}
execute if entity @s[tag=aj.dino.bone.body_0] run data modify entity @s {} merge value {transformation:[-0.9375953792926787f,-0.25690511591970316f,-0.23433878497445104f,0.16823775312658032f,-0.29428507267231485f,0.9452315172970035f,0.14118666619286302f,0.454483687171761f,0.18523282843834266f,0.20133837220631448f,-0.9618480436877974f,-0.16731649971222964f,0f,0f,0f,1f],start_interpolation:0}
execute if entity @s[tag=aj.dino.bone.leg_left_3] run data modify entity @s {} merge value {transformation:[-0.877519542666421f,0.07615988211345015f,-0.47345445883947596f,0.40671082047609813f,0.06022054173969754f,0.9969933970850714f,0.04876117842449351f,0.02149499582763975f,0.47574461488396547f,0.014277202990548854f,-0.8794675792112366f,-0.35753240787077195f,0f,0f,0f,1f],start_interpolation:0}
execute if entity @s[tag=aj.dino.bone.leg_left_2] run data modify entity @s {} merge value {transformation:[-0.9573034080612352f,-0.3678187138906491f,-0.018487242273191488f,0.3189163340039992f,-0.3439205544310981f,0.9112651656594863f,-0.3215223936152631f,0.22343954986178166f,0.1317233337523946f,-0.2938832949796756f,-0.9738294366970723f,-0.4559275160167948f,0f,0f,0f,1f],start_interpolation:0}
execute if entity @s[tag=aj.dino.bone.leg_left_1] run data modify entity @s {} merge value {transformation:[-0.9987620549082643f,-0.04073910436151908f,0.028542653192068966f,0.32622596770541035f,0.012339861597062105f,0.3529487432835248f,0.9355612820282513f,0.2694602756635979f,-0.04818802227926379f,0.9347553209211494f,-0.35200909720973306f,-0.1823547693632021f,0f,0f,0f,1f],start_interpolation:0}
execute if entity @s[tag=aj.dino.bone.leg_left_0] run data modify entity @s {} merge value {transformation:[-0.9995074947830066f,-0.01603169990799691f,0.02697688771259582f,0.2015169553778519f,-0.03027529717335345f,0.7188165006698163f,-0.6945403118220461f,0.6047106385212105f,-0.00825677017139309f,-0.6950149803873725f,-0.7189478442720842f,-0.39767345181453284f,0f,0f,0f,1f],start_interpolation:0}
execute if entity @s[tag=aj.dino.bone.leg_right_3] run data modify entity @s {} merge value {transformation:[-0.8068208695354391f,0.0022909598032315043f,0.5907917027051565f,-0.16319356887772937f,0.021265023574243813f,0.9994571101910257f,0.02516512787550318f,0.0016160385993014559f,-0.5904133156141256f,0.03286694983997676f,-0.806431572021924f,-0.22437407661759048f,0f,0f,0f,1f],start_interpolation:0}
execute if entity @s[tag=aj.dino.bone.leg_right_2] run data modify entity @s {} merge value {transformation:[-1.0007408820359396f,0.19934378342783163f,-0.10412464900926134f,-0.11839221276367107f,0.21711180271744493f,0.9801943535380825f,-0.210104007371435f,0.22326794178375153f,0.05867155736304691f,-0.22703146214001388f,-0.9985372116530544f,-0.3082450750083818f,0f,0f,0f,1f],start_interpolation:0}
execute if entity @s[tag=aj.dino.bone.leg_right_1] run data modify entity @s {} merge value {transformation:[-0.9704913796011393f,0.08809736736596102f,-0.22446678146902801f,-0.1018819771362519f,-0.21668964850265976f,0.0897810899301541f,0.9721033649374675f,0.19178643138908852f,0.10579261955198595f,0.9920575637301199f,-0.06804198625986957f,-0.03301841880923477f,0f,0f,0f,1f],start_interpolation:0}
execute if entity @s[tag=aj.dino.bone.leg_right_0] run data modify entity @s {} merge value {transformation:[-0.9828280721397821f,-0.18297961900583326f,-0.023820991635099875f,-0.057507596439666596f,-0.16289686615184362f,0.9210200251213061f,-0.3538173601216549f,0.6011527057972801f,0.08668097606688419f,-0.3438612690519661f,-0.9350111421978156f,-0.10199266240352692f,0f,0f,0f,1f],start_interpolation:0}
execute if entity @s[tag=aj.dino.bone.tail_4] run data modify entity @s {} merge value {transformation:[0.20487248344963346f,-1.7694830170301505f,2.110122851771209f,-0.3701925545380248f,2.6886139342806548f,-0.32931066416967564f,-0.5371879842811309f,0.35814785822390904f,0.5958554434735636f,2.0943126964486476f,1.6983733251487785f,0.4171950893491957f,0f,0f,0f,1f],start_interpolation:0}
execute if entity @s[tag=aj.dino.bone.tail_3] run data modify entity @s {} merge value {transformation:[0.42767060840642435f,-1.528591746565597f,1.3477576373670694f,-0.5837639743455605f,1.9249747464636848f,-0.14904329874033162f,-0.7798742505187078f,0.49184421722608207f,0.6689660695631693f,1.4061077104818769f,1.382494495591597f,0.1690152439432459f,0f,0f,0f,1f],start_interpolation:0}
execute if entity @s[tag=aj.dino.bone.tail_2] run data modify entity @s {} merge value {transformation:[0.509530716785151f,-1.720448825444355f,0.7740853717015512f,-0.727697370066152f,1.8023922323202382f,0.20708809624601138f,-0.7261340346435005f,0.6282129954238046f,0.5572562826266348f,0.9032963159579037f,1.6408214637957417f,-0.13538288006270227f,0f,0f,0f,1f],start_interpolation:0}
execute if entity @s[tag=aj.dino.bone.tail_1] run data modify entity @s {} merge value {transformation:[1.0387640824547864f,-0.7891080868208579f,-0.7654631658778842f,-0.5543246119096361f,0.7439729189892237f,1.2799059273490583f,-0.30984086713569936f,0.6785309945624173f,0.8094008443364271f,-0.1637238359270689f,1.2671704813231746f,-0.40683575385614185f,0f,0f,0f,1f],start_interpolation:0}
execute if entity @s[tag=aj.dino.bone.tail_0] run data modify entity @s {} merge value {transformation:[0.24499476158928168f,-0.020879274677442716f,-1.2543433896931027f,-0.18828017387965396f,-0.06040703339046785f,1.2763599736360973f,-0.033044282419980905f,0.7189881417056964f,1.2530619592401653f,0.06561242391980694f,0.24365231933349948f,-0.4764532799047091f,0f,0f,0f,1f],start_interpolation:0}
execute if entity @s[tag=aj.dino.bone.body_1] run data modify entity @s {} merge value {transformation:[-0.8146614795424809f,0.30548630721095127f,-0.8784129922266191f,-0.004638128465521892f,-0.011190100384892545f,1.1644609313591325f,0.41534337125786397f,0.5439919186046511f,0.9299494881224906f,0.28162643785889163f,-0.7645162484184885f,-0.3176835004644318f,0f,0f,0f,1f],start_interpolation:0}