execute if entity @s[tag=aj.dino.bone.head_lower] run data modify entity @s {} merge value {transformation:[0.22621588558292868f,0.19113271966651155f,0.9551411710228044f,-0.5453621261853934f,-0.48147311879625276f,0.8743403166990507f,-0.06093148998024939f,0.6929757191540101f,-0.8467644353576389f,-0.4460911275372852f,0.28981493568477945f,0.21506058892240093f,0f,0f,0f,1f],start_interpolation:0}
execute if entity @s[tag=aj.dino.bone.head_upper] run data modify entity @s {} merge value {transformation:[0.2354680210466515f,-0.2755103171145746f,0.9757667850523031f,-0.4842087500413686f,-0.5011651687412201f,0.8391808159241358f,0.3578840236850385f,0.736335308289957f,-0.8813967479452517f,-0.5507645285708179f,0.05718521979678439f,0.20636190465717083f,0f,0f,0f,1f],start_interpolation:0}
execute if entity @s[tag=aj.dino.bone.neck_0] run data modify entity @s {} merge value {transformation:[-0.0008381075845880492f,0.26731889789582863f,0.9636077544330142f,-0.42623888199745985f,-0.32704476400718435f,0.9105448634073515f,-0.25288292559596137f,0.7053092501000862f,-0.9450084761054591f,-0.3153548137419926f,0.0866621113208725f,0.21738979504778708f,0f,0f,0f,1f],start_interpolation:0}
execute if entity @s[tag=aj.dino.bone.neck_1] run data modify entity @s {} merge value {transformation:[-0.0988175766550517f,0.006110747766953806f,0.9950868029000041f,-0.3419138178264226f,-0.5159680630300734f,0.854743315381642f,-0.05648736799845637f,0.7044617242449608f,-0.850888973061126f,-0.5190149550563329f,-0.0813107123991379f,0.2081106734834047f,0f,0f,0f,1f],start_interpolation:0}
execute if entity @s[tag=aj.dino.bone.neck_2] run data modify entity @s {} merge value {transformation:[-0.4807295444492844f,-0.05627400885522578f,0.87506133557651f,-0.26580283958785167f,-0.3851012815166699f,0.9100974617328842f,-0.1530346794735749f,0.6999651615242581f,-0.787779225460917f,-0.41055553348447643f,-0.4591819311095273f,0.1638632971837053f,0f,0f,0f,1f],start_interpolation:0}
execute if entity @s[tag=aj.dino.bone.body_0] run data modify entity @s {} merge value {transformation:[-0.6822043876268177f,0.1173294248247096f,0.7216862057522102f,0.07544287229312978f,-0.3478207331131563f,0.816125749033001f,-0.461475350784795f,0.49024817714867536f,-0.6431313327146682f,-0.5658379342493978f,-0.5159549602872608f,-0.08469465438972296f,0f,0f,0f,1f],start_interpolation:0}
execute if entity @s[tag=aj.dino.bone.leg_left_3] run data modify entity @s {} merge value {transformation:[-0.9854922430121125f,0.07269137474888582f,0.15336558610089662f,0.381568219970051f,0.0771408085921747f,0.9967489504426532f,0.023255653962281075f,0.011040160406362992f,-0.15117650152288914f,0.03474901190803806f,-0.9878958303175056f,-0.13679106075314246f,0f,0f,0f,1f],start_interpolation:0}
execute if entity @s[tag=aj.dino.bone.leg_left_2] run data modify entity @s {} merge value {transformation:[-0.7692301683113627f,-0.08198654490011581f,0.6735171520575458f,0.3820786051845967f,-0.32643869257473196f,0.9373145692155077f,-0.25873031872422664f,0.2210244699364266f,-0.5947982243168403f,-0.4083892803348069f,-0.7290373567642783f,-0.25543928587316167f,0f,0f,0f,1f],start_interpolation:0}
execute if entity @s[tag=aj.dino.bone.leg_left_1] run data modify entity @s {} merge value {transformation:[-0.6826209801758312f,-0.6895383812805851f,0.24200293007469412f,0.19551247062321703f,0.04144262384049436f,0.29409985216263707f,0.9548757960526225f,0.24945382195481575f,-0.7295965366920285f,0.6618474882470013f,-0.17218244959383158f,-0.05197372358213101f,0f,0f,0f,1f],start_interpolation:0}
execute if entity @s[tag=aj.dino.bone.leg_left_0] run data modify entity @s {} merge value {transformation:[-0.7098992427393485f,0.4545767414289937f,0.5379619422504692f,0.24765663055446463f,-0.0035773561335080417f,0.7614843472959824f,-0.648173426905412f,0.600786733658253f,-0.7042941627482038f,-0.46206230637762413f,-0.538950978609184f,-0.2714126679459387f,0f,0f,0f,1f],start_interpolation:0}
execute if entity @s[tag=aj.dino.bone.leg_right_3] run data modify entity @s {} merge value {transformation:[-0.507761159179646f,-0.01681024167433845f,0.8613338615214152f,-0.2090500900037319f,-0.011152873475877206f,0.9998540872902693f,0.012938993089675443f,0.0071952854401696464f,-0.8614256895645575f,-0.003036429448205813f,-0.507874552871507f,-0.2015428147574707f,0f,0f,0f,1f],start_interpolation:0}
execute if entity @s[tag=aj.dino.bone.leg_right_2] run data modify entity @s {} merge value {transformation:[-0.8113726125566699f,0.49316212680165855f,0.38797912286890274f,-0.08084567572622495f,0.2873964051841224f,0.8558379191030574f,-0.48683360813864074f,0.19119866213683467f,-0.5577992375226968f,-0.2763960426896673f,-0.8151855234885395f,-0.2902978573747903f,0f,0f,0f,1f],start_interpolation:0}
execute if entity @s[tag=aj.dino.bone.leg_right_1] run data modify entity @s {} merge value {transformation:[-0.8359120304311929f,-0.5466312319226279f,-0.04945071958172639f,-0.2433733290182453f,-0.2940064509850393f,0.36986666314939276f,0.8813392413083148f,0.2390816256190642f,-0.46347738257608856f,0.7512609052636001f,-0.46988910187717053f,-0.0705130321858935f,0f,0f,0f,1f],start_interpolation:0}
execute if entity @s[tag=aj.dino.bone.leg_right_0] run data modify entity @s {} merge value {transformation:[-0.8300279694359676f,0.13311831214611525f,0.5416023309822197f,-0.13868454716740897f,-0.2483239716817197f,0.7813192084128971f,-0.5726041386972857f,0.6213405203918412f,-0.4993884009888704f,-0.6097702924351212f,-0.6154603280645844f,-0.20175965075618704f,0f,0f,0f,1f],start_interpolation:0}
execute if entity @s[tag=aj.dino.bone.tail_4] run data modify entity @s {} merge value {transformation:[0.3918425226333352f,-2.6614615448614227f,0.6234927539917272f,-0.8864698366927514f,2.6028384319587583f,0.5556956950578862f,0.736271501018889f,0.6591961357936906f,-0.8350765630616265f,0.48320396450978853f,2.5874354859797375f,-0.19402866672254437f,0f,0f,0f,1f],start_interpolation:0}
execute if entity @s[tag=aj.dino.bone.tail_3] run data modify entity @s {} merge value {transformation:[0.3005254921272819f,-2.038593318627952f,-0.29961180863171916f,-0.815717509792985f,2.0404839549033507f,0.25235099208071654f,0.32968125913115576f,0.6008249247591663f,-0.28645276121566876f,-0.3411770567986557f,2.034081748000942f,-0.5355950781206753f,0f,0f,0f,1f],start_interpolation:0}
execute if entity @s[tag=aj.dino.bone.tail_2] run data modify entity @s {} merge value {transformation:[0.32076052721526377f,-1.579684402920703f,-1.1047550617002955f,-0.6104846624561094f,1.9275212507389061f,0.2764432248938558f,0.1643619370869849f,0.5717614760552803f,0.02341766711879821f,-1.1166692462775731f,1.6035196544749197f,-0.8339342781809019f,0f,0f,0f,1f],start_interpolation:0}
execute if entity @s[tag=aj.dino.bone.tail_1] run data modify entity @s {} merge value {transformation:[-0.02805863430567354f,-0.0851772697445406f,-1.5098389966349943f,-0.2845161451310072f,1.0086073279887655f,1.1241073011882874f,-0.08216010797551972f,0.5747367690399686f,1.1267565047374983f,-1.0083570092650973f,0.03594677868300143f,-0.8304199726509419f,0f,0f,0f,1f],start_interpolation:0}
execute if entity @s[tag=aj.dino.bone.tail_0] run data modify entity @s {} merge value {transformation:[-0.8526163440934741f,-0.03245500565870896f,-0.951749840544457f,-0.007175918099607402f,0.1535389044009189f,1.2560752083833924f,-0.18037902401335554f,0.6577590445351397f,0.9398440781342784f,-0.23464326130604812f,-0.8339492582307496f,-0.5923829764874111f,0f,0f,0f,1f],start_interpolation:0}
execute if entity @s[tag=aj.dino.bone.body_1] run data modify entity @s {} merge value {transformation:[-1.2150866519897192f,0.09505836370437916f,-0.20768469058288996f,0.0347050078851684f,0.06464398140289747f,1.2213644270727273f,0.18081672214134506f,0.5334541279069768f,0.21906660832049835f,0.16684555381371274f,-1.2053119834083619f,-0.3234030561443594f,0f,0f,0f,1f],start_interpolation:0}