execute if entity @s[tag=aj.dino.bone.head_lower] run data modify entity @s {} merge value {transformation:[0.011723723463260227f,0.01183334849575074f,0.9998612534604665f,-0.2911195048028702f,-0.41935474145935103f,0.9078037505955037f,-0.005826767568506419f,0.5308258868946565f,-0.9077467461377746f,-0.41922824602847863f,0.0156052109299262f,0.46590327472317067f,0f,0f,0f,1f],start_interpolation:0}
execute if entity @s[tag=aj.dino.bone.head_upper] run data modify entity @s {} merge value {transformation:[0.012203218868022796f,-0.49842628247039444f,0.9137254866618907f,-0.23931791917856785f,-0.43650617565389627f,0.8270945554762681f,0.45699988785669493f,0.5807669408005816f,-0.9448732098269988f,-0.3885328555318897f,-0.19932079697554572f,0.4431449058587193f,0f,0f,0f,1f],start_interpolation:0}
execute if entity @s[tag=aj.dino.bone.neck_0] run data modify entity @s {} merge value {transformation:[-0.33093159821746954f,0.13440833966361526f,0.9340335516083463f,-0.18099632551436615f,-0.21315586027752798f,0.9535750072321794f,-0.21274229671481887f,0.5516011906700303f,-0.9192653896076899f,-0.26949787348144205f,-0.28691817589410784f,0.42926373205796003f,0f,0f,0f,1f],start_interpolation:0}
execute if entity @s[tag=aj.dino.bone.neck_1] run data modify entity @s {} merge value {transformation:[-0.4627746825361202f,-0.1717601467981929f,0.8696769774896058f,-0.10811454853694796f,-0.36006791441654296f,0.9328971073387955f,-0.00735419109276559f,0.5552759345220865f,-0.8100559796775246f,-0.3165461089490298f,-0.49356648052508023f,0.3859938847417643f,0f,0f,0f,1f],start_interpolation:0}
execute if entity @s[tag=aj.dino.bone.neck_2] run data modify entity @s {} merge value {transformation:[-0.774239122753298f,-0.26444546022471815f,0.5749977211822153f,-0.06032952201248966f,-0.2918381936064536f,0.9553412939509931f,0.046405611994286056f,0.5686948025309648f,-0.5615908203939286f,-0.13187725595635907f,-0.8168378907780263f,0.3131415984663306f,0f,0f,0f,1f],start_interpolation:0}
execute if entity @s[tag=aj.dino.bone.body_0] run data modify entity @s {} merge value {transformation:[-0.8920669081162593f,-0.2185916097533704f,0.3955178119747925f,0.12399418125702209f,-0.3227185577857169f,0.9208195570637976f,-0.21896135684074108f,0.4742710934624907f,-0.31633742096787126f,-0.3229691184529284f,-0.8919762242465513f,-0.1103201356748903f,0f,0f,0f,1f],start_interpolation:0}
execute if entity @s[tag=aj.dino.bone.leg_left_3] run data modify entity @s {} merge value {transformation:[-0.9874890662492075f,0.08227633051617148f,-0.13452118597106527f,0.4038211444869069f,0.0777375724129897f,0.996223990050452f,0.03866046408530202f,0.014245595271933087f,0.13719407375540404f,0.02771943514484923f,-0.9901562599113568f,-0.2309498008553197f,0f,0f,0f,1f],start_interpolation:0}
execute if entity @s[tag=aj.dino.bone.leg_left_2] run data modify entity @s {} merge value {transformation:[-0.9274379749334489f,-0.20799022362264946f,0.38556590750407094f,0.365815831756017f,-0.32727075049674037f,0.929049494455473f,-0.28604736010322435f,0.22145781810392354f,-0.2912299057812196f,-0.38166648166969486f,-0.9064094208740505f,-0.348379622362756f,0f,0f,0f,1f],start_interpolation:0}
execute if entity @s[tag=aj.dino.bone.leg_left_1] run data modify entity @s {} merge value {transformation:[-0.8886612983637482f,-0.42307714817288933f,0.17688081717459397f,0.2591961416886729f,0.03601431322717121f,0.32014424984172973f,0.946684017260274f,0.2575051885108289f,-0.45714775076908387f,0.8476516890723279f,-0.2692629717944827f,-0.09471406609534233f,0f,0f,0f,1f],start_interpolation:0}
execute if entity @s[tag=aj.dino.bone.leg_left_0] run data modify entity @s {} merge value {transformation:[-0.906128859088648f,0.2775177195764458f,0.3192403577992517f,0.23680975792210687f,-0.007973300482867957f,0.7433625269457378f,-0.668841221824924f,0.6028942310890781f,-0.42292660971628987f,-0.6086017325426674f,-0.6713695062630924f,-0.328193267852564f,0f,0f,0f,1f],start_interpolation:0}
execute if entity @s[tag=aj.dino.bone.leg_right_3] run data modify entity @s {} merge value {transformation:[-0.6592634973693638f,-0.02937618990839587f,0.75133792696947f,-0.1735997275345444f,-0.013686668040739897f,0.9995398092107657f,0.027071108600287608f,-0.0017865931804748325f,-0.7517874142031492f,0.0075636809406428585f,-0.6593621725397739f,-0.20494899976810307f,0f,0f,0f,1f],start_interpolation:0}
execute if entity @s[tag=aj.dino.bone.leg_right_2] run data modify entity @s {} merge value {transformation:[-0.9495242410058755f,0.3365037663118427f,0.19295370040726115f,-0.08772498329193644f,0.2526609382363597f,0.923670360433428f,-0.36750199325581584f,0.20177019635321794f,-0.2943269704468703f,-0.29267811673478417f,-0.9379623414363933f,-0.3017024689669808f,0f,0f,0f,1f],start_interpolation:0}
execute if entity @s[tag=aj.dino.bone.leg_right_1] run data modify entity @s {} merge value {transformation:[-0.9376183033206136f,-0.294845148021337f,-0.1842233860465325f,-0.17672793306231727f,-0.26182125096456715f,0.2501985773708948f,0.9321214000466512f,0.21509077366488177f,-0.2287390430633194f,0.9222076829922073f,-0.3117874911035091f,-0.03918690216756095f,0f,0f,0f,1f],start_interpolation:0}
execute if entity @s[tag=aj.dino.bone.leg_right_0] run data modify entity @s {} merge value {transformation:[-0.9422831208419564f,-0.0474457165903919f,0.3314384168342095f,-0.11277326319905516f,-0.21211799579180404f,0.8505014050943751f,-0.48130376665237284f,0.6128705538890831f,-0.25905303711327393f,-0.5238284680214678f,-0.8114772085848565f,-0.14867811282814475f,0f,0f,0f,1f],start_interpolation:0}
execute if entity @s[tag=aj.dino.bone.tail_4] run data modify entity @s {} merge value {transformation:[-0.014867217195062314f,-2.4479612936757835f,1.2778598522991702f,-0.7194747777107446f,2.75127641806762f,0.0962982988968483f,0.21648565914300602f,0.541650482269391f,-0.2364706511131628f,1.2743129419003616f,2.438415364302678f,0.17382093671820104f,0f,0f,0f,1f],start_interpolation:0}
execute if entity @s[tag=aj.dino.bone.tail_3] run data modify entity @s {} merge value {transformation:[0.11842440002174236f,-2.0038054588090253f,0.5537913603254251f,-0.7937685180156162f,2.0755823953899064f,0.08252873246806694f,-0.1452317262486298f,0.5654688076919009f,0.11780877501881226f,0.5602662024509495f,2.002041058760834f,-0.17113388780284455f,0f,0f,0f,1f],start_interpolation:0}
execute if entity @s[tag=aj.dino.bone.tail_2] run data modify entity @s {} merge value {transformation:[0.25480375663431276f,-1.919019662981268f,-0.2668566163674379f,-0.7444286787926305f,1.9218356755660089f,0.28447725972305005f,-0.210699311401302f,0.6061261334494099f,0.2457571092146889f,-0.2349682889125691f,1.9243615100803473f,-0.5287426769801218f,0f,0f,0f,1f],start_interpolation:0}
execute if entity @s[tag=aj.dino.bone.tail_1] run data modify entity @s {} merge value {transformation:[0.47245415486018966f,-0.5252137950211776f,-1.3373831878241915f,-0.4506699113463321f,0.9026342202022997f,1.203837030714989f,-0.1538964521979153f,0.6236649174979684f,1.1178974846000553f,-0.7500554132854261f,0.6894768603267973f,-0.6690097600800341f,0f,0f,0f,1f],start_interpolation:0}
execute if entity @s[tag=aj.dino.bone.tail_0] run data modify entity @s {} merge value {transformation:[-0.4027554223262674f,-0.07700405277837077f,-1.2106585655033064f,-0.0987455851474802f,0.07591652541522244f,1.2715378253729492f,-0.10613178788062952f,0.6853635654210285f,1.2107272473764261f,-0.1053453894841389f,-0.3960777675643576f,-0.5558088025985196f,0f,0f,0f,1f],start_interpolation:0}
execute if entity @s[tag=aj.dino.bone.body_1] run data modify entity @s {} merge value {transformation:[-1.099478096617384f,0.15740406402318496f,-0.5431173636920932f,0.016919313319494634f,0.03137666231103458f,1.202654555057484f,0.28503003581720004f,0.5380907558139535f,0.5645954438153779f,0.23968849969224665f,-1.0734924326675277f,-0.32238157063940587f,0f,0f,0f,1f],start_interpolation:0}