execute if entity @s[tag=aj.dino.bone.head_lower] run data modify entity @s {} merge value {transformation:[0.04083394244886793f,0.7470539495080727f,-0.6635080901303863f,0.563690346349279f,0.7565127185649794f,0.41068089862536405f,0.5089496106233782f,0.6968475514964366f,0.6527029154167363f,-0.5227347281639646f,-0.5483860940777393f,0.38609726274442424f,0f,0f,0f,1f],start_interpolation:0}
execute if entity @s[tag=aj.dino.bone.head_upper] run data modify entity @s {} merge value {transformation:[0.04250403368088394f,0.9260477337344708f,-0.47339301278072565f,0.551863230757465f,0.7874537735406544f,0.28084637786981287f,0.6200917747861987f,0.7461458241538792f,0.6793981926977328f,-0.3834486268930488f,-0.6890988237374936f,0.33019327235404883f,0f,0f,0f,1f],start_interpolation:0}
execute if entity @s[tag=aj.dino.bone.neck_0] run data modify entity @s {} merge value {transformation:[0.1183190629447812f,0.5995802270622437f,-0.791520151771171f,0.4909115104982965f,0.7230233127326426f,0.4943491718569403f,0.48255174388812744f,0.7690906838263433f,0.680615815705883f,-0.6293825923874494f,-0.37501955123789155f,0.31593994059070724f,0f,0f,0f,1f],start_interpolation:0}
execute if entity @s[tag=aj.dino.bone.neck_1] run data modify entity @s {} merge value {transformation:[-0.40629986061631196f,0.6873642104480406f,-0.602038923540918f,0.4430775129105171f,0.6949774654191508f,0.6602312542952095f,0.2847823965966786f,0.7962570934466685f,0.5932341408101347f,-0.30269643712293137f,-0.7459545033916913f,0.2513533188518033f,0f,0f,0f,1f],start_interpolation:0}
execute if entity @s[tag=aj.dino.bone.neck_2] run data modify entity @s {} merge value {transformation:[-0.7075315654139387f,0.3632057167996731f,-0.6062018568323072f,0.3935256947091225f,0.39592856043186475f,0.9142755898449455f,0.08567800679304155f,0.8127144588736156f,0.5853543020916929f,-0.179392734238912f,-0.7906823558958646f,0.18032724736899844f,0f,0f,0f,1f],start_interpolation:0}
execute if entity @s[tag=aj.dino.bone.body_0] run data modify entity @s {} merge value {transformation:[-0.7402110150153904f,0.15437998814811194f,-0.6544115467420133f,0.08657464913500791f,0.5881962466083207f,0.6202109829327164f,-0.5190024201538153f,0.5740188493903609f,0.325749641175196f,-0.7690937237482977f,-0.5498927307804756f,-0.08616171363595651f,0f,0f,0f,1f],start_interpolation:0}
execute if entity @s[tag=aj.dino.bone.leg_left_3] run data modify entity @s {} merge value {transformation:[-0.9540463037267561f,-0.09438849198177553f,-0.2844054551634339f,0.40042239342361385f,-0.12792737646088362f,0.9865535477302994f,0.10171865026924087f,0.0457570377047839f,0.27098014078000104f,0.13342754603966564f,-0.9532926377879382f,-0.33866676590086237f,0f,0f,0f,1f],start_interpolation:0}
execute if entity @s[tag=aj.dino.bone.leg_left_2] run data modify entity @s {} merge value {transformation:[-0.9973306268112719f,-0.22275368589416508f,-0.0881737815084105f,0.3442266307970337f,-0.20803167875814335f,0.992469321588282f,-0.15423898936345218f,0.2720107841096967f,0.1188134712816606f,-0.132089517477179f,-1.0101969698605038f,-0.4004919271750081f,0f,0f,0f,1f],start_interpolation:0}
execute if entity @s[tag=aj.dino.bone.leg_left_1] run data modify entity @s {} merge value {transformation:[-0.9858540660890945f,0.04500959958398559f,0.16144936147562877f,0.3675255636414094f,0.16727864953690888f,0.3243996844227869f,0.9310116530718104f,0.30743121523731637f,-0.010469660200167836f,0.9448486549134135f,-0.32733989296082966f,-0.12623668393103193f,0f,0f,0f,1f],start_interpolation:0}
execute if entity @s[tag=aj.dino.bone.leg_left_0] run data modify entity @s {} merge value {transformation:[-0.998608965900869f,0.01199175587222022f,-0.05134521412457016f,0.26029985642550996f,0.03843316370284526f,0.8322157964780907f,-0.5531182152308197f,0.6836823037869099f,0.03609743966249107f,-0.5543221679523906f,-0.831519037043876f,-0.27199348357258996f,0f,0f,0f,1f],start_interpolation:0}
execute if entity @s[tag=aj.dino.bone.leg_right_3] run data modify entity @s {} merge value {transformation:[-0.9760601802156852f,0.018253639784820603f,0.21673331361821155f,-0.2565440368979016f,0.07332112988108133f,0.9657590254170111f,0.24886445455015696f,0.08325811228337948f,-0.2047694716267191f,0.2587978157948625f,-0.9439773058869179f,-0.2643626726944212f,0f,0f,0f,1f],start_interpolation:0}
execute if entity @s[tag=aj.dino.bone.leg_right_2] run data modify entity @s {} merge value {transformation:[-1.0190802546273932f,0.11571491792945109f,-0.01215285554272055f,-0.22836565623154115f,0.11634354217742758f,1.0121978858252316f,-0.1182447445988002f,0.31536518473767855f,-0.0013469680289407975f,-0.1188599899049581f,-1.0187898154072887f,-0.3235518426981651f,0f,0f,0f,1f],start_interpolation:0}
execute if entity @s[tag=aj.dino.bone.leg_right_1] run data modify entity @s {} merge value {transformation:[-0.958985903526602f,0.10163846924893402f,-0.2646047210576566f,-0.2058188218364977f,-0.23018732110739565f,0.26549453841180415f,0.9362299115467867f,0.3332533061066376f,0.16540808335346704f,0.9587399395259577f,-0.23120963284235369f,-0.047535464502200864f,0f,0f,0f,1f],start_interpolation:0}
execute if entity @s[tag=aj.dino.bone.leg_right_0] run data modify entity @s {} merge value {transformation:[-0.9928084053330484f,-0.10059645758507418f,-0.0648985594707909f,-0.12459369427699671f,-0.05070090917053649f,0.844417700936462f,-0.5332805679512997f,0.7141067902062308f,0.10844762841727071f,-0.5261550142938053f,-0.8434453229606265f,-0.19806911810363576f,0f,0f,0f,1f],start_interpolation:0}
execute if entity @s[tag=aj.dino.bone.tail_4] run data modify entity @s {} merge value {transformation:[-2.5777149056900996f,-0.28514831266301033f,0.9485450101964152f,0.7311026624811495f,0.9673229311701529f,-0.15626652143817008f,2.581768473877933f,1.023958081353751f,-0.21291675231287827f,2.7422495410999805f,0.24575443540551672f,-1.4539684078636146f,0f,0f,0f,1f],start_interpolation:0}
execute if entity @s[tag=aj.dino.bone.tail_3] run data modify entity @s {} merge value {transformation:[-1.6316827362419968f,0.09703777848783807f,1.2900157533303303f,0.5114140712795909f,1.2610749692299694f,0.5824160740647982f,1.5512662455868176f,0.7552212532742925f,-0.28852538237719333f,1.9968276621334995f,-0.5151484422057415f,-1.3861587952380319f,0f,0f,0f,1f],start_interpolation:0}
execute if entity @s[tag=aj.dino.bone.tail_2] run data modify entity @s {} merge value {transformation:[-1.409074443411417f,0.6059694598178527f,1.2108195991540776f,0.28542761152380675f,1.1900713426499856f,1.3877426022760044f,0.6904162108715721f,0.6280845972982303f,-0.6457656597643159f,1.2352106535320435f,-1.3696770528386888f,-1.131722408918362f,0f,0f,0f,1f],start_interpolation:0}
execute if entity @s[tag=aj.dino.bone.tail_1] run data modify entity @s {} merge value {transformation:[-0.8418901108668014f,0.11013701717026832f,1.2516976985971975f,0.015534238906456487f,-0.22661515279892566f,1.4686645868950297f,-0.28164899027401386f,0.6709559120304068f,-1.2359299590780235f,-0.3443115139656066f,-0.8009887437436982f,-0.9539689425971818f,0f,0f,0f,1f],start_interpolation:0}
execute if entity @s[tag=aj.dino.bone.tail_0] run data modify entity @s {} merge value {transformation:[-1.2776455494615027f,-0.001785951501082106f,0.03813629376955984f,0.004346829305942906f,-0.0073008188111811905f,1.2646824178231693f,-0.18536665470805763f,0.7556433964340722f,-0.037473518248607146f,-0.1855017762993276f,-1.2641283728339832f,-0.5890377392826522f,0f,0f,0f,1f],start_interpolation:0}
execute if entity @s[tag=aj.dino.bone.body_1] run data modify entity @s {} merge value {transformation:[-1.2105337014638016f,0.1331738902242913f,-0.21325446686793262f,0.04495529905911772f,0.09568844708645792f,1.2137955938976743f,0.2148221878322264f,0.6239425000000001f,0.23250048122698563f,0.19382870337844865f,-1.1987404035203368f,-0.32340312581934894f,0f,0f,0f,1f],start_interpolation:0}