execute if entity @s[tag=aj.dino.bone.head_lower] run data modify entity @s {} merge value {transformation:[0.19987589888030433f,0.16275795828106315f,0.9662088139025489f,-0.5113992222957601f,-0.48081162824955204f,0.8755082309294727f,-0.04801578609957041f,0.6652803750758369f,-0.8537387206791112f,-0.45496723463445676f,0.2532489135658243f,0.26998439774290095f,0f,0f,0f,1f],start_interpolation:0}
execute if entity @s[tag=aj.dino.bone.head_upper] run data modify entity @s {} merge value {transformation:[0.20805073986288425f,-0.31385545742330623f,0.9704027947567035f,-0.4514851666091155f,-0.5004766235067803f,0.8315279507762033f,0.37623976263107484f,0.7097337311762258f,-0.88865627863042f,-0.5417822085552849f,0.015297043086783544f,0.25859749498637674f,0f,0f,0f,1f],start_interpolation:0}
execute if entity @s[tag=aj.dino.bone.neck_0] run data modify entity @s {} merge value {transformation:[-0.05823629094473508f,0.23834922883286833f,0.9694318849366248f,-0.392649920531579f,-0.3083304304255525f,0.9193087918859091f,-0.24454793156938337f,0.679098327267616f,-0.9494950658590039f,-0.3131469148435719f,0.019953186045316207f,0.2652774725798229f,0f,0f,0f,1f],start_interpolation:0}
execute if entity @s[tag=aj.dino.bone.neck_1] run data modify entity @s {} merge value {transformation:[-0.16142627853771685f,-0.03673750945564644f,0.986200746296848f,-0.3092750185493144f,-0.4898164708065794f,0.8705170883767115f,-0.04774750015152522f,0.6790638507303578f,-0.8567504779829722f,-0.4907650703168766f,-0.1585189712079293f,0.24958794182369815f,0f,0f,0f,1f],start_interpolation:0}
execute if entity @s[tag=aj.dino.bone.neck_2] run data modify entity @s {} merge value {transformation:[-0.538242940982461f,-0.10846024857698108f,0.8357816167882437f,-0.23711617417776232f,-0.3695593356163719f,0.9216336581159496f,-0.118394669164616f,0.6777149592855102f,-0.7574433536188282f,-0.3725959939484489f,-0.5361453080576482f,0.19896964409478615f,0f,0f,0f,1f],start_interpolation:0}
execute if entity @s[tag=aj.dino.bone.body_0] run data modify entity @s {} merge value {transformation:[-0.7298135032576709f,0.04364890597029594f,0.682251437133233f,0.0848421800907407f,-0.34329122557007297f,0.8396192647428609f,-0.42094016762392145f,0.4873258598307413f,-0.5912050278113026f,-0.5414187503958965f,-0.5977811905792814f,-0.08792007971672336f,0f,0f,0f,1f],start_interpolation:0}
execute if entity @s[tag=aj.dino.bone.leg_left_3] run data modify entity @s {} merge value {transformation:[-0.9920544363220123f,0.07518162220703806f,0.10087476917511229f,0.386897460049726f,0.07823337211017764f,0.9965790658394857f,0.02664028938971036f,0.011457323457470442f,-0.0985268230589244f,0.034320390627369385f,-0.9945423952376791f,-0.15359356205550648f,0f,0f,0f,1f],start_interpolation:0}
execute if entity @s[tag=aj.dino.bone.leg_left_2] run data modify entity @s {} merge value {transformation:[-0.8063088252666037f,-0.10436443277037473f,0.6253289877899482f,0.38064483895264134f,-0.32569401393086084f,0.9361851467586497f,-0.263710029727318f,0.2210256261561838f,-0.5439225009939265f,-0.405866524440852f,-0.7690792395790627f,-0.27281228247898826f,0f,0f,0f,1f],start_interpolation:0}
execute if entity @s[tag=aj.dino.bone.leg_left_1] run data modify entity @s {} merge value {transformation:[-0.7271127654037034f,-0.6454331309107544f,0.2339296900987976f,0.2073749787115211f,0.041399506721150926f,0.2989044792859726f,0.9533845987354874f,0.25084019143747643f,-0.6852686387324495f,0.7029026858573825f,-0.19061664928398417f,-0.058098442941626804f,0f,0f,0f,1f],start_interpolation:0}
execute if entity @s[tag=aj.dino.bone.leg_left_0] run data modify entity @s {} merge value {transformation:[-0.752895397222669f,0.4271436749069001f,0.5006963169706243f,0.24678227522432553f,-0.003432737841851663f,0.7582155440750304f,-0.6519949424910554f,0.6012175755956558f,-0.6581312461445883f,-0.4926027504085153f,-0.5693907209800118f,-0.2816829509391099f,0f,0f,0f,1f],start_interpolation:0}
execute if entity @s[tag=aj.dino.bone.leg_right_3] run data modify entity @s {} merge value {transformation:[-0.5378684183759065f,-0.020920510360413286f,0.8427691835609917f,-0.2011035982203317f,-0.013517541631920288f,0.9997775405517391f,0.016190907218123496f,0.004791564945537452f,-0.8429204236356064f,-0.0026835898674022474f,-0.5380315583340762f,-0.20062817731733476f,0f,0f,0f,1f],start_interpolation:0}
execute if entity @s[tag=aj.dino.bone.leg_right_2] run data modify entity @s {} merge value {transformation:[-0.8430448357374642f,0.46302696893843037f,0.3562914964923746f,-0.0808537994753058f,0.2808911810233854f,0.8696990850839934f,-0.46560266894429164f,0.19269218248765943f,-0.5122867838041242f,-0.2851170407752749f,-0.8416250493538509f,-0.292303778733882f,0f,0f,0f,1f],start_interpolation:0}
execute if entity @s[tag=aj.dino.bone.leg_right_1] run data modify entity @s {} merge value {transformation:[-0.8587780212784023f,-0.5060851757721945f,-0.07986303921576463f,-0.2312087914872838f,-0.28839047461684136f,0.34864248123718333f,0.891784365430934f,0.23436707446513605f,-0.4234751991786821f,0.7888765525355712f,-0.4453566442079517f,-0.062804398744503f,0f,0f,0f,1f],start_interpolation:0}
execute if entity @s[tag=aj.dino.bone.leg_right_0] run data modify entity @s {} merge value {transformation:[-0.8550420792390716f,0.09657123244106311f,0.5094870359443301f,-0.1353466639208886f,-0.24192762960933084f,0.7947384152624389f,-0.5566523810581946f,0.6198524745287777f,-0.4586655260231962f,-0.5992202002360745f,-0.6561715376842425f,-0.1913296390697847f,0f,0f,0f,1f],start_interpolation:0}
execute if entity @s[tag=aj.dino.bone.tail_4] run data modify entity @s {} merge value {transformation:[0.28275936276574776f,-2.645133109396944f,0.7409313786987025f,-0.8690766591635724f,2.6414843811917317f,0.4662318507457359f,0.656391237655058f,0.640166672190015f,-0.7538360155156033f,0.6415294432231915f,2.577951234369901f,-0.1186660549766948f,0f,0f,0f,1f],start_interpolation:0}
execute if entity @s[tag=aj.dino.bone.tail_3] run data modify entity @s {} merge value {transformation:[0.24240709368864893f,-2.0628585717004206f,-0.14764430275484916f,-0.8238549508828465f,2.0554391242326955f,0.22385760723295614f,0.24698846997767102f,0.5960959324959112f,-0.22881069369109006f,-0.17449301100754322f,2.0623150539155177f,-0.466650925966445f,0f,0f,0f,1f],start_interpolation:0}
execute if entity @s[tag=aj.dino.bone.tail_2] run data modify entity @s {} merge value {transformation:[0.2941632120940441f,-1.6728809432534137f,-0.9662873430573636f,-0.6444047936471855f,1.9311454687090461f,0.28195861833205443f,0.09975164778375158f,0.5790473877695801f,0.054028310521513176f,-0.9699188431258686f,1.6956155974790814f,-0.782053006111696f,0f,0f,0f,1f],start_interpolation:0}
execute if entity @s[tag=aj.dino.bone.tail_1] run data modify entity @s {} merge value {transformation:[0.061325938905550326f,-0.17433043747868093f,-1.5011676381356762f,-0.3192978460590182f,0.9908357301443668f,1.139066816170925f,-0.09180192899668697f,0.5839316069325825f,1.1411134628452302f,-0.979689714586575f,0.16038821043531498f,-0.8056812525955231f,0f,0f,0f,1f],start_interpolation:0}
execute if entity @s[tag=aj.dino.bone.tail_0] run data modify entity @s {} merge value {transformation:[-0.779965565471848f,-0.04568018236149736f,-1.0116337055484206f,-0.024777308915366655f,0.1415863038511695f,1.2594530986448307f,-0.1660329107729158f,0.6628431292133949f,1.0027176830115108f,-0.21337040525195397f,-0.7634566359150153f,-0.5877304871627743f,0f,0f,0f,1f],start_interpolation:0}
execute if entity @s[tag=aj.dino.bone.body_1] run data modify entity @s {} merge value {transformation:[-1.201838685775826f,0.1023176783579397f,-0.27151327983052f,0.031453903615763994f,0.05860886247832094f,1.2187032385182521f,0.19982995951651356f,0.5342971511627908f,0.28417137376569496f,0.18137834539110612f,-1.1895180205493117f,-0.32340132859088383f,0f,0f,0f,1f],start_interpolation:0}