execute if entity @s[tag=aj.dino.bone.head_lower] run data modify entity @s {} merge value {transformation:[0.06792750744729398f,0.7460186221573069f,-0.6624515598340083f,0.5170685312028991f,0.5940620915602373f,0.5032030831630826f,0.6275961189062947f,0.6021720153811762f,0.8015460592524137f,-0.43616839923323275f,-0.40900005184259447f,0.4133658750088871f,0f,0f,0f,1f],start_interpolation:0}
execute if entity @s[tag=aj.dino.bone.head_upper] run data modify entity @s {} merge value {transformation:[0.0707057141987602f,0.9790359983573234f,-0.34635409407660955f,0.5151977360632263f,0.6183589835791795f,0.2392153402868172f,0.8024214173250197f,0.6630523074400799f,0.8343289590983128f,-0.2602623243488154f,-0.5653588710880767f,0.3688064017605999f,0f,0f,0f,1f],start_interpolation:0}
execute if entity @s[tag=aj.dino.bone.neck_0] run data modify entity @s {} merge value {transformation:[0.1367869653663777f,0.6905640754526978f,-0.7102186873069574f,0.45802031504149693f,0.5473926031067f,0.5448596287922738f,0.6352080942308722f,0.6951050842062434f,0.8256213806400172f,-0.4756566436059798f,-0.30347997170087754f,0.3566368380387867f,0f,0f,0f,1f],start_interpolation:0}
execute if entity @s[tag=aj.dino.bone.neck_1] run data modify entity @s {} merge value {transformation:[-0.4255705018167695f,0.750284676910089f,-0.5059275161298762f,0.4186180818475874f,0.618711107249676f,0.6492355750333563f,0.4423683237721563f,0.7355704344537263f,0.6603683167364277f,-0.12476406415723426f,-0.7405049726677508f,0.29333157527799764f,0f,0f,0f,1f],start_interpolation:0}
execute if entity @s[tag=aj.dino.bone.neck_2] run data modify entity @s {} merge value {transformation:[-0.7285542170068702f,0.423115469522547f,-0.538685485540701f,0.37556775806687465f,0.34792527706635934f,0.9059990428921867f,0.24106790714804632f,0.7655600880085152f,0.5900480950395512f,-0.011791256470644884f,-0.8072819902679856f,0.2224921745452121f,0f,0f,0f,1f],start_interpolation:0}
execute if entity @s[tag=aj.dino.bone.body_0] run data modify entity @s {} merge value {transformation:[-0.7601961415601627f,0.1910614508419572f,-0.6209648527567461f,0.08472945072690125f,0.5407537018224687f,0.7158555116455767f,-0.4417423688214051f,0.5641879846846837f,0.3601211744987201f,-0.6715998871715332f,-0.6475077846859034f,-0.08907364464822934f,0f,0f,0f,1f],start_interpolation:0}
execute if entity @s[tag=aj.dino.bone.leg_left_3] run data modify entity @s {} merge value {transformation:[-0.9509313410959441f,-0.10967493048398116f,-0.28931124095825034f,0.3952990411468604f,-0.14778815703267922f,0.9825075061627255f,0.11330340230896005f,0.04399273163182571f,0.2718239230869003f,0.15050053141844977f,-0.9505058363210672f,-0.3477901334001439f,0f,0f,0f,1f],start_interpolation:0}
execute if entity @s[tag=aj.dino.bone.leg_left_2] run data modify entity @s {} merge value {transformation:[-0.9984225121456889f,-0.21913639840200655f,-0.08481701266127378f,0.34004850824823074f,-0.20171890385099336f,0.989207136254767f,-0.1812206525550857f,0.2686620066268173f,0.12051626682958327f,-0.15972063103661513f,-1.0059957002648772f,-0.41592358739785307f,0f,0f,0f,1f],start_interpolation:0}
execute if entity @s[tag=aj.dino.bone.leg_left_1] run data modify entity @s {} merge value {transformation:[-0.9848923041012329f,0.03781241845764664f,0.1689892609976984f,0.36097314980537354f,0.17250295368262258f,0.2996747707625882f,0.9383164512781184f,0.2968739869803916f,-0.015161803749402271f,0.953291798338145f,-0.30167012932720194f,-0.1406425869637506f,0f,0f,0f,1f],start_interpolation:0}
execute if entity @s[tag=aj.dino.bone.leg_left_0] run data modify entity @s {} merge value {transformation:[-0.9984694165610459f,0.031581588178926756f,-0.045402945723168886f,0.2609715358222917f,0.05026783501655474f,0.8605601729011191f,-0.5068622431974437f,0.6818645574862289f,0.02306445219364167f,-0.5083687560270526f,-0.8608305518163922f,-0.2674858618616408f,0f,0f,0f,1f],start_interpolation:0}
execute if entity @s[tag=aj.dino.bone.leg_right_3] run data modify entity @s {} merge value {transformation:[-0.9839057802908994f,0.02324875581169098f,0.17716915889444412f,-0.25683265778146486f,0.07311897737270961f,0.9570724311065952f,0.2804745563570441f,0.09076245896021903f,-0.163043033148079f,0.28891496494456603f,-0.9433690223729814f,-0.26686487369080164f,0f,0f,0f,1f],start_interpolation:0}
execute if entity @s[tag=aj.dino.bone.leg_right_2] run data modify entity @s {} merge value {transformation:[-1.0202321957627185f,0.10482649754506349f,-0.014137596765761309f,-0.23125190239468424f,0.10572797067265413f,1.0147348974760264f,-0.10581532763477439f,0.3238614985710574f,0.00317213608138706f,-0.10670844745120757f,-1.0201301114543813f,-0.3232699687830194f,0f,0f,0f,1f],start_interpolation:0}
execute if entity @s[tag=aj.dino.bone.leg_right_1] run data modify entity @s {} merge value {transformation:[-0.9560842421574488f,0.09689874877134973f,-0.2766108356242821f,-0.20929815424374626f,-0.2487451939242103f,0.2308819440592123f,0.9406483702250514f,0.33174252958309824f,0.15501209758539436f,0.9681447001321575f,-0.19663949045954798f,-0.04673912429713198f,0f,0f,0f,1f],start_interpolation:0}
execute if entity @s[tag=aj.dino.bone.leg_right_0] run data modify entity @s {} merge value {transformation:[-0.9945004705131146f,-0.08878715401527965f,-0.05554867623139609f,-0.12400070329648198f,-0.046120097179358055f,0.8474595939329973f,-0.5288526952631383f,0.7128972664463512f,0.09403058430829844f,-0.5233823439253433f,-0.8468938370786822f,-0.19422705598327544f,0f,0f,0f,1f],start_interpolation:0}
execute if entity @s[tag=aj.dino.bone.tail_4] run data modify entity @s {} merge value {transformation:[-2.4644514966747573f,-0.1894083498309316f,1.2313669758247816f,0.7711569191264729f,1.239972615313905f,-0.10812305440966068f,2.4650433363283337f,1.039945600863383f,-0.12086383002843595f,2.7528340330865304f,0.18154352775962238f,-1.429939831870573f,0f,0f,0f,1f],start_interpolation:0}
execute if entity @s[tag=aj.dino.bone.tail_3] run data modify entity @s {} merge value {transformation:[-1.5134770697463538f,0.1556245867946776f,1.4216587752978629f,0.5285732182385682f,1.4110701567739394f,0.4994929127583817f,1.4475266383768433f,0.7896106447934284f,-0.23283835177738f,2.0154982868098847f,-0.4685066529436476f,-1.370221649817306f,0f,0f,0f,1f],start_interpolation:0}
execute if entity @s[tag=aj.dino.bone.tail_2] run data modify entity @s {} merge value {transformation:[-1.3183418558224764f,0.676874167914783f,1.273809242782841f,0.2909610850482529f,1.310659521710643f,1.2827868996813143f,0.674835730498919f,0.6654345599020196f,-0.6024286217790094f,1.3096079588252547f,-1.3193864577316883f,-1.1250844268769087f,0f,0f,0f,1f],start_interpolation:0}
execute if entity @s[tag=aj.dino.bone.tail_1] run data modify entity @s {} merge value {transformation:[-0.8245068820215998f,0.16866129740174596f,1.2567410307051246f,0.01925043731461116f,-0.1398118221016846f,1.4778278270569138f,-0.2900583009962788f,0.7099205238708711f,-1.2602766783129913f,-0.2742891363780213f,-0.790015451599127f,-0.9505249816533545f,0f,0f,0f,1f],start_interpolation:0}
execute if entity @s[tag=aj.dino.bone.tail_0] run data modify entity @s {} merge value {transformation:[-1.2775208093944206f,0.014036026103200773f,0.0397402581708049f,0.007976124540423436f,0.010376948026717982f,1.272899494857879f,-0.11599530819923508f,0.7745343811908416f,-0.040848709868278085f,-0.11560961268776494f,-1.2723213104166375f,-0.5815129891456781f,0f,0f,0f,1f],start_interpolation:0}
execute if entity @s[tag=aj.dino.bone.body_1] run data modify entity @s {} merge value {transformation:[-1.2107811854230217f,0.1465341486651448f,-0.2028330825009901f,0.045261860191635875f,0.09760137569304597f,1.199376307856945f,0.28385742666084623f,0.6277550000000001f,0.23040722112099069f,0.2619710107677451f,-1.1861232216885726f,-0.3234015616938645f,0f,0f,0f,1f],start_interpolation:0}