execute if entity @s[tag=aj.dino.bone.head_lower] run data modify entity @s {} merge value {transformation:[0.31465769434576973f,0.2731857086792361f,0.909043510489145f,-0.6147877723856744f,-0.47174084165561553f,0.8760503823531511f,-0.09998152775862973f,0.783580892034452f,-0.8236814394552401f,-0.39737299373802626f,0.40452884958260127f,0.006362482768078574f,0f,0f,0f,1f],start_interpolation:0}
execute if entity @s[tag=aj.dino.bone.head_upper] run data modify entity @s {} merge value {transformation:[0.3275270629371391f,-0.14024015311223817f,0.9780238571130743f,-0.5504127661042832f,-0.49103484552064625f,0.8710005888692585f,0.2893349222914988f,0.8229325360471141f,-0.8573696671283597f,-0.5524152570557483f,0.20791002920432924f,0.008024761796530555f,0f,0f,0f,1f],start_interpolation:0}
execute if entity @s[tag=aj.dino.bone.neck_0] run data modify entity @s {} merge value {transformation:[0.18553795401896528f,0.37727563763706573f,0.9073250579941029f,-0.49792726956196326f,-0.3846339143083268f,0.8775643379904063f,-0.28624741859327696f,0.7903030114418058f,-0.9042302912324447f,-0.29587822821729415f,0.30793449706826237f,0.03303122158264551f,0f,0f,0f,1f],start_interpolation:0}
execute if entity @s[tag=aj.dino.bone.neck_1] run data modify entity @s {} merge value {transformation:[0.09692948181586536f,0.1804176704575642f,0.9788024007641041f,-0.4141786977801445f,-0.5990350696103819f,0.7959396923842573f,-0.08738988193228586f,0.7865667361202936f,-0.7948343606889383f,-0.5778663083048877f,0.18522653372097547f,0.04606018223799512f,0f,0f,0f,1f],start_interpolation:0}
execute if entity @s[tag=aj.dino.bone.neck_2] run data modify entity @s {} merge value {transformation:[-0.2744390465630777f,0.15706101041107393f,0.948691229394581f,-0.32952850544590273f,-0.4337405571452153f,0.8602902268043722f,-0.26789896370131827f,0.7715195566596369f,-0.8582262748301915f,-0.4850077985698112f,-0.16797349945023604f,0.026595914407035973f,0f,0f,0f,1f],start_interpolation:0}
execute if entity @s[tag=aj.dino.bone.body_0] run data modify entity @s {} merge value {transformation:[-0.4899492294309561f,0.3904420903560512f,0.7794258955528803f,0.04153144524431575f,-0.36300982029487516f,0.7215083872440209f,-0.5896181115824162f,0.5005080210127459f,-0.7925740488746116f,-0.5718221937061635f,-0.21176816530247428f,-0.07865694894219358f,0f,0f,0f,1f],start_interpolation:0}
execute if entity @s[tag=aj.dino.bone.leg_left_3] run data modify entity @s {} merge value {transformation:[-0.940545438863698f,0.06274703890585656f,0.33382193837619406f,0.3581560926631328f,0.06978924218124491f,0.9975199569609678f,0.009132203477562328f,0.010191657146984362f,-0.33242102687474634f,0.0318864324303456f,-0.942591913989508f,-0.07906915472361681f,0f,0f,0f,1f],start_interpolation:0}
execute if entity @s[tag=aj.dino.bone.leg_left_2] run data modify entity @s {} merge value {transformation:[-0.6138341873728249f,-0.006309540337707231f,0.8217237854740264f,0.38112800452332407f,-0.3323714958029705f,0.9399351705190735f,-0.24106692742819258f,0.22132349892158837f,-0.7515310896368388f,-0.41054142838780633f,-0.5645519961768443f,-0.19337885999997007f,0f,0f,0f,1f],start_interpolation:0}
execute if entity @s[tag=aj.dino.bone.leg_left_1] run data modify entity @s {} merge value {transformation:[-0.5060552457959042f,-0.8231828713605975f,0.2574452339837893f,0.15391941955306104f,0.03812021539626025f,0.27684850514391063f,0.9601571508756909f,0.24485226364552115f,-0.8616582486000989f,0.49570643076129545f,-0.1087207299520522f,-0.03578431121689149f,0f,0f,0f,1f],start_interpolation:0}
execute if entity @s[tag=aj.dino.bone.leg_left_0] run data modify entity @s {} merge value {transformation:[-0.5374500337657776f,0.5318703576797994f,0.6544168272796219f,0.2469830493366562f,-0.007563978692573192f,0.7729514148881985f,-0.6344201261377749f,0.5991043670950493f,-0.8432616719805917f,-0.3459191131520404f,-0.4113997079782666f,-0.23616366788204252f,0f,0f,0f,1f],start_interpolation:0}
execute if entity @s[tag=aj.dino.bone.leg_right_3] run data modify entity @s {} merge value {transformation:[-0.3927099743732345f,0.0013443740810210603f,0.9196613880587265f,-0.24058876931997336f,0.0033268134959633655f,0.9999944652917769f,-0.00004120407581581498f,0.01829143520736881f,-0.9196563533949716f,0.0030433606659525103f,-0.39271227331994674f,-0.21184337767702732f,0f,0f,0f,1f],start_interpolation:0}
execute if entity @s[tag=aj.dino.bone.leg_right_2] run data modify entity @s {} merge value {transformation:[-0.6782748146176844f,0.5988940213128862f,0.48304391787053935f,-0.08500696100780908f,0.3100840580533299f,0.8020990719120256f,-0.5590591697483732f,0.1875010741554581f,-0.7041685538968773f,-0.22366320567818437f,-0.711465823233438f,-0.28487399506035405f,0f,0f,0f,1f],start_interpolation:0}
execute if entity @s[tag=aj.dino.bone.leg_right_1] run data modify entity @s {} merge value {transformation:[-0.7425149544553046f,-0.6657564842439218f,0.07375531233348478f,-0.28457154746032076f,-0.31278333790345186f,0.4419846359466292f,0.8407235961462607f,0.25675638523223837f,-0.5923159004620863f,0.6011804099222618f,-0.5364177372025366f,-0.10489882071271783f,0f,0f,0f,1f],start_interpolation:0}
execute if entity @s[tag=aj.dino.bone.leg_right_0] run data modify entity @s {} merge value {transformation:[-0.7285527634847764f,0.26985118648960676f,0.6295960673073226f,-0.14515932841550744f,-0.26999406048115465f,0.731593419438087f,-0.6259986229535859f,0.6263576670183124f,-0.6295348108910214f,-0.6260602253657701f,-0.4601461899129092f,-0.24005208278043544f,0f,0f,0f,1f],start_interpolation:0}
execute if entity @s[tag=aj.dino.bone.tail_4] run data modify entity @s {} merge value {transformation:[0.8503959636041886f,-2.616636427273868f,0.23601238134713945f,-0.8937277795638041f,2.4236917528188346f,0.8770764480677309f,0.9910179227253464f,0.7167134659549415f,-1.014005090718814f,-0.09804102869889395f,2.5666793653060744f,-0.4727859492295279f,0f,0f,0f,1f],start_interpolation:0}
execute if entity @s[tag=aj.dino.bone.tail_3] run data modify entity @s {} merge value {transformation:[0.5633475599641354f,-1.8437254101985057f,-0.7869318042341725f,-0.7422509253628556f,1.9636107475968607f,0.34298755588772534f,0.6021111977639243f,0.6112612548066405f,-0.4035069821564402f,-0.904976062854129f,1.8314327634550187f,-0.7744733656725814f,0f,0f,0f,1f],start_interpolation:0}
execute if entity @s[tag=aj.dino.bone.tail_2] run data modify entity @s {} merge value {transformation:[0.4467047071946073f,-1.159389461364436f,-1.5083251825949335f,-0.46180213481370874f,1.9021349045359395f,0.2450392277383699f,0.37498327538466625f,0.5430175148600005f,-0.03334043369557969f,-1.5538808605389423f,1.184532212197931f,-0.995069720598851f,0f,0f,0f,1f],start_interpolation:0}
execute if entity @s[tag=aj.dino.bone.tail_1] run data modify entity @s {} merge value {transformation:[-0.3228515342348628f,0.23937035114615668f,-1.4581237848119621f,-0.15064777662078793f,1.0650607408604988f,1.072252874326063f,-0.059796670285074564f,0.5417603783585383f,1.0242405748259935f,-1.0395344431483076f,-0.3974363299806111f,-0.8978171525906161f,0f,0f,0f,1f],start_interpolation:0}
execute if entity @s[tag=aj.dino.bone.tail_0] run data modify entity @s {} merge value {transformation:[-1.0650755842199484f,0.028492107719898973f,-0.7061429857190686f,0.05639118140980289f,0.18757211467625082f,1.2427671551337338f,-0.23277073806798215f,0.639771583366068f,0.6813709843238429f,-0.2975797615808431f,-1.039718992710566f,-0.6011682273416604f,0f,0f,0f,1f],start_interpolation:0}
execute if entity @s[tag=aj.dino.bone.body_1] run data modify entity @s {} merge value {transformation:[-1.2333320814929714f,0.08420744378277464f,0.02014145545971483f,0.04603660623584869f,0.08571470728204107f,1.228095561884478f,0.11418789292850845f,0.5305035465116279f,-0.012229504160792696f,0.11530391297553326f,-1.230918373384995f,-0.32276348474201483f,0f,0f,0f,1f],start_interpolation:0}