execute if entity @s[tag=aj.dino.bone.head_lower] run data modify entity @s {} merge value {transformation:[-0.2671073961499997f,0.056346716792954665f,0.9620180281203787f,0.12335264966176045f,0.2034705269556919f,0.9790807009652571f,-0.0008518554771107523f,0.24867216179608678f,-0.9419412845726318f,0.19551477822414182f,-0.27298459281363163f,0.4564626407697844f,0f,0f,0f,1f],start_interpolation:0}
execute if entity @s[tag=aj.dino.bone.head_upper] run data modify entity @s {} merge value {transformation:[-0.2780319773577863f,-0.3884558803179905f,0.9248092728754408f,0.1782975813131623f,0.2117923867287935f,0.9153079374055693f,0.448137598544901f,0.30018433141317286f,-0.9804662906361173f,0.30787229714971837f,-0.16544619716848952f,0.4516660420831942f,0f,0f,0f,1f],start_interpolation:0}
execute if entity @s[tag=aj.dino.bone.neck_0] run data modify entity @s {} merge value {transformation:[-0.6759751201015657f,0.18480417603223787f,0.713375815068551f,0.2216445052709977f,0.2703196314982964f,0.9627470282891403f,0.006742132233554354f,0.28490575387415373f,-0.6855544718184683f,0.19739700109544508f,-0.7007492348395575f,0.40337167899520326f,0f,0f,0f,1f],start_interpolation:0}
execute if entity @s[tag=aj.dino.bone.neck_1] run data modify entity @s {} merge value {transformation:[-0.8742483546407788f,-0.024375582955441684f,0.4848666263659248f,0.2626067771349347f,0.1550643701542328f,0.9324026889948341f,0.3264663331246789f,0.31685719979829935f,-0.4600487534126814f,0.36059819260609866f,-0.8113717322982436f,0.3362990748141179f,0f,0f,0f,1f],start_interpolation:0}
execute if entity @s[tag=aj.dino.bone.neck_2] run data modify entity @s {} merge value {transformation:[-0.9910149626476319f,0.04790775537806889f,0.12487670232332224f,0.27401595970122355f,0.09958150385936464f,0.8875795910900173f,0.44976215222002075f,0.3649496964829306f,-0.08929091721793375f,0.458156432296997f,-0.8843753816379485f,0.2633067963872291f,0f,0f,0f,1f],start_interpolation:0}
execute if entity @s[tag=aj.dino.bone.body_0] run data modify entity @s {} merge value {transformation:[-0.9774651582805197f,-0.02220826671147008f,-0.20992536111034937f,0.17486736272925993f,-0.06777010425591906f,0.9748241331679592f,0.2124267458736749f,0.47435204361148775f,0.19992267834535477f,0.22186640638683713f,-0.9543616821730692f,-0.18436673071078766f,0f,0f,0f,1f],start_interpolation:0}
execute if entity @s[tag=aj.dino.bone.leg_left_3] run data modify entity @s {} merge value {transformation:[-0.7796096108729228f,0.09338528359925147f,-0.6192641144468626f,0.3628737882940024f,0.06390546548211554f,0.9955208851914139f,0.06967250985300738f,0.01587459298410085f,0.6229967464731125f,0.014742996804946562f,-0.7820854799375354f,-0.45518983288572096f,0f,0f,0f,1f],start_interpolation:0}
execute if entity @s[tag=aj.dino.bone.leg_left_2] run data modify entity @s {} merge value {transformation:[-0.9133010098154105f,-0.37865583643203f,-0.27306267139029666f,0.2647539276206206f,-0.3118494497643471f,0.9412925446463338f,-0.2622603011810933f,0.22669970397664968f,0.3474095359262886f,-0.15050017418555847f,-0.9532672822552398f,-0.5191924701941257f,0f,0f,0f,1f],start_interpolation:0}
execute if entity @s[tag=aj.dino.bone.leg_left_1] run data modify entity @s {} merge value {transformation:[-0.9820757432708263f,0.18756026999665013f,-0.018664929623164767f,0.3362567618185777f,0.047520059479945066f,0.3422041425971948f,0.9384232353987941f,0.26894903463785175f,0.18239813164086005f,0.9207157378410027f,-0.3449832628778109f,-0.2543987308041895f,0f,0f,0f,1f],start_interpolation:0}
execute if entity @s[tag=aj.dino.bone.leg_left_0] run data modify entity @s {} merge value {transformation:[-0.9755995134417138f,-0.14194471557161292f,-0.1675030957731379f,0.18072200899705723f,0.002913195319514117f,0.7544755058323891f,-0.6563217384728247f,0.6189480638106641f,0.21953838540292098f,-0.6407951379499177f,-0.7356524237127369f,-0.42058205971323004f,0f,0f,0f,1f],start_interpolation:0}
execute if entity @s[tag=aj.dino.bone.leg_right_3] run data modify entity @s {} merge value {transformation:[-0.8835045164419835f,-0.00012984351860922255f,0.4684226217501427f,-0.2022052605203285f,-0.002923597843569381f,0.9999820125781788f,-0.005237088479691038f,0.028054203349579643f,-0.46841351603285897f,-0.005996470691640998f,-0.8834890040837963f,-0.17467344560203343f,0f,0f,0f,1f],start_interpolation:0}
execute if entity @s[tag=aj.dino.bone.leg_right_2] run data modify entity @s {} merge value {transformation:[-0.9755116045273116f,0.19632756993476677f,-0.24878664396778558f,-0.16261682314991027f,0.2584324769329799f,0.9588525484469409f,-0.25666445937017807f,0.24322833224027107f,0.18344471592152556f,-0.30678897490133217f,-0.9614004163615462f,-0.27618168146847033f,0f,0f,0f,1f],start_interpolation:0}
execute if entity @s[tag=aj.dino.bone.leg_right_1] run data modify entity @s {} merge value {transformation:[-0.9476342278910721f,0.2732206676471873f,-0.16534762441509965f,-0.09849461587049133f,-0.1284601599369711f,0.14790429332661012f,0.980623427888873f,0.22884235307782858f,0.29238221122062047f,0.9505129072169303f,-0.10506120014429296f,-0.006562001554487468f,0f,0f,0f,1f],start_interpolation:0}
execute if entity @s[tag=aj.dino.bone.leg_right_0] run data modify entity @s {} merge value {transformation:[-0.9586235328114265f,-0.16371821680856574f,-0.23288896029044273f,-0.032352541290579996f,-0.07381459916381722f,0.9330520198266538f,-0.3520871103117616f,0.6324338302281314f,0.2749405886558494f,-0.32032838429091004f,-0.906530418092603f,-0.09050498283556402f,0f,0f,0f,1f],start_interpolation:0}
execute if entity @s[tag=aj.dino.bone.tail_4] run data modify entity @s {} merge value {transformation:[0.482724420708749f,-1.8862675079958993f,1.958221987806883f,-0.28270878739563754f,2.641516456688817f,-0.1458841043317097f,-0.7916880501469544f,0.3197288775181538f,0.6442276571939111f,2.0115601030002237f,1.778836138975193f,0.481895216750299f,0f,0f,0f,1f],start_interpolation:0}
execute if entity @s[tag=aj.dino.bone.tail_3] run data modify entity @s {} merge value {transformation:[0.7282139478212423f,-1.5225930722901722f,1.2195738224712018f,-0.47460367085500094f,1.7792961874012754f,-0.015341150367951703f,-1.0815799797745498f,0.5032749984435768f,0.7998468914375609f,1.420359289533393f,1.2956735564710382f,0.24829753133772264f,0f,0f,0f,1f],start_interpolation:0}
execute if entity @s[tag=aj.dino.bone.tail_2] run data modify entity @s {} merge value {transformation:[0.7517065842815193f,-1.4664459264440115f,1.0503558592050364f,-0.6696556303330558f,1.7076763361531886f,0.21203643296578625f,-0.9260971639306229f,0.6767476259047193f,0.5809927857495384f,1.2741078333146234f,1.3630372287637933f,-0.004355322583699528f,0f,0f,0f,1f],start_interpolation:0}
execute if entity @s[tag=aj.dino.bone.tail_1] run data modify entity @s {} merge value {transformation:[1.216375361357083f,-0.7616497343135434f,-0.4774692791201696f,-0.5587612782703335f,0.6912561890000968f,1.3060848528205955f,-0.3224336961325016f,0.7295058151079284f,0.5746756576126126f,0.04108879960174512f,1.3984691090956562f,-0.30634156920995814f,0f,0f,0f,1f],start_interpolation:0}
execute if entity @s[tag=aj.dino.bone.tail_0] run data modify entity @s {} merge value {transformation:[0.4751757384956573f,0.05503589520960209f,-1.18533319550564f,-0.2110512546476889f,-0.05863250889105032f,1.2763695764583185f,0.03575821271793998f,0.7498575057863466f,1.1851607329937468f,0.04107884022362654f,0.4770139226895102f,-0.4447448186647709f,0f,0f,0f,1f],start_interpolation:0}
execute if entity @s[tag=aj.dino.bone.body_1] run data modify entity @s {} merge value {transformation:[-0.6701435333916302f,0.3936231488765274f,-0.961547220045983f,-0.014018307539368204f,0.04241425897788248f,1.1536168432577487f,0.4426892867956421f,0.5692341666666667f,1.0381296982289776f,0.20696277606565938f,-0.6387939683767041f,-0.31017458077355636f,0f,0f,0f,1f],start_interpolation:0}