execute if entity @s[tag=aj.dino.bone.head_lower] run data modify entity @s {} merge value {transformation:[-0.9030830601059711f,-0.37713330268778983f,0.2054542736314699f,0.08221225893589687f,-0.40807133304997123f,0.902642941405133f,-0.13679732261381888f,1.3202090393310355f,-0.13386102379876852f,-0.20737934404199865f,-0.9690588392725471f,0.2758413759922595f,0f,0f,0f,1f],start_interpolation:0}
execute if entity @s[tag=aj.dino.bone.head_upper] run data modify entity @s {} merge value {transformation:[-0.9400187809796969f,-0.16271921968146744f,0.4163641309421428f,0.10696967942198521f,-0.42476128054199297f,0.6273041227424053f,-0.7138202397846498f,1.2849542427866054f,-0.1393358838967116f,-0.8145452324580525f,-0.6329087756715708f,0.213876660683604f,0f,0f,0f,1f],start_interpolation:0}
execute if entity @s[tag=aj.dino.bone.neck_0] run data modify entity @s {} merge value {transformation:[-0.9780028973420554f,-0.03247302754978114f,0.20604813824030602f,0.12113625369112588f,-0.20647198095405714f,0.29115976262060117f,-0.9341281034802575f,1.2198924155123363f,-0.029658959379125147f,-0.9561231589667026f,-0.29145986175815225f,0.2105595746872831f,0f,0f,0f,1f],start_interpolation:0}
execute if entity @s[tag=aj.dino.bone.neck_1] run data modify entity @s {} merge value {transformation:[-0.9855471606333343f,-0.16936410823907835f,-0.0035486628403573056f,0.12005539609620393f,-0.07964974988519195f,0.4817749692736911f,-0.8726676322200568f,1.1481854903621973f,0.14950823225093376f,-0.8597724570034306f,-0.48830176189266955f,0.1652331422564915f,0f,0f,0f,1f],start_interpolation:0}
execute if entity @s[tag=aj.dino.bone.neck_2] run data modify entity @s {} merge value {transformation:[-0.9673610553885115f,-0.23546882714413447f,-0.0936323659905638f,0.10954711160692755f,-0.05001796963362629f,0.5396619829364748f,-0.8403946375880808f,1.079844245251387f,0.2484165679485868f,-0.808281742721211f,-0.5338256580122462f,0.1105524274848537f,0f,0f,0f,1f],start_interpolation:0}
execute if entity @s[tag=aj.dino.bone.body_0] run data modify entity @s {} merge value {transformation:[-0.9919875445025861f,-0.1258442575554745f,-0.011132582451573475f,0.10310154338614734f,-0.041921116556710415f,0.41101035624094306f,-0.9106662984042683f,0.6545660212182147f,0.11917773088278022f,-0.90290293492878f,-0.41299268584156223f,-0.09269075571356794f,0f,0f,0f,1f],start_interpolation:0}
execute if entity @s[tag=aj.dino.bone.leg_left_3] run data modify entity @s {} merge value {transformation:[-0.9609409614105066f,-0.03340648443974974f,-0.2747298227001004f,0.45859818918051526f,-0.033118134707519405f,0.999435250509223f,-0.005689393031107479f,0.06513555343155228f,0.27476473179239436f,0.003631368467200198f,-0.9615046309436631f,-0.25863517953966847f,0f,0f,0f,1f],start_interpolation:0}
execute if entity @s[tag=aj.dino.bone.leg_left_2] run data modify entity @s {} merge value {transformation:[-0.9798396053970899f,-0.29453384615161576f,-0.07229357279251278f,0.38618848018767465f,-0.29107813792060877f,0.9819652458973028f,-0.05549750422510942f,0.29186353273768745f,0.08514731246869216f,-0.032500289563037264f,-1.0216437078837088f,-0.29765222080812653f,0f,0f,0f,1f],start_interpolation:0}
execute if entity @s[tag=aj.dino.bone.leg_left_1] run data modify entity @s {} merge value {transformation:[-0.993846514141452f,0.02626353061313256f,0.10760731057236886f,0.4074094469777857f,0.10186193867996887f,0.5983279237544378f,0.7947501752777806f,0.4102313187180514f,-0.04351151315736396f,0.800820780584169f,-0.5973213754816746f,-0.047547995593186454f,0f,0f,0f,1f],start_interpolation:0}
execute if entity @s[tag=aj.dino.bone.leg_left_0] run data modify entity @s {} merge value {transformation:[-0.9953270710383639f,-0.09639319470641745f,-0.005689786681650072f,0.25429325288986615f,-0.0471911690074633f,0.5369978928982974f,-0.8422625817347569f,0.6841523995249638f,0.08424378449417513f,-0.8380582408383559f,-0.5390374474347952f,-0.32292038193948785f,0f,0f,0f,1f],start_interpolation:0}
execute if entity @s[tag=aj.dino.bone.leg_right_3] run data modify entity @s {} merge value {transformation:[-0.8787848049780402f,0.0036555087838655207f,0.47720425793913357f,-0.24143366982319273f,0.004573650818397709f,0.999989250230626f,0.0007623262962178357f,0.019736289485337816f,-0.4771963414129445f,0.002852486410417826f,-0.8787920772647985f,-0.23442585227533624f,0f,0f,0f,1f],start_interpolation:0}
execute if entity @s[tag=aj.dino.bone.leg_right_2] run data modify entity @s {} merge value {transformation:[-1.0100351029631667f,0.17791424646914397f,0.015421127915837121f,-0.1979185888390371f,0.16824494165237172f,0.9777156559305308f,-0.2604379681563672f,0.23933067800276092f,-0.05987428405642923f,-0.25393073179972425f,-0.991965953577582f,-0.32418004061558614f,0f,0f,0f,1f],start_interpolation:0}
execute if entity @s[tag=aj.dino.bone.leg_right_1] run data modify entity @s {} merge value {transformation:[-0.9703772505339097f,0.09330793213645236f,-0.22284887580301915f,-0.18007634029129882f,-0.13925234817776816f,0.5377531427709509f,0.8315229046556343f,0.33854724790919644f,0.19742536608356048f,0.837923139220051f,-0.5088300674944312f,-0.06562422056403949f,0f,0f,0f,1f],start_interpolation:0}
execute if entity @s[tag=aj.dino.bone.leg_right_0] run data modify entity @s {} merge value {transformation:[-0.981229152140538f,-0.17322270593286637f,-0.08475402727220005f,-0.12709666391249624f,-0.09552246432688016f,0.818366793521311f,-0.5667020822888935f,0.717104673593931f,0.16752554968864014f,-0.54796869017394f,-0.8195520146949647f,-0.23353701910601216f,0f,0f,0f,1f],start_interpolation:0}
execute if entity @s[tag=aj.dino.bone.tail_4] run data modify entity @s {} merge value {transformation:[-1.0740120958772106f,1.693733690281661f,-1.898269089437614f,-0.7360053623339506f,-1.987404969976714f,0.72774294636654f,1.7737736667696935f,0.7051640899742231f,1.58820050208445f,2.056044192622964f,0.9359288299652321f,-1.5405240263179778f,0f,0f,0f,1f],start_interpolation:0}
execute if entity @s[tag=aj.dino.bone.tail_3] run data modify entity @s {} merge value {transformation:[-1.0527003841005182f,0.955288359663137f,-1.5215753603588547f,-0.4873506562686698f,-0.6631904365602478f,1.432364854567022f,1.358107099716611f,0.4608624989253252f,1.6697143085612265f,1.1711962258040927f,-0.41987980957959903f,-1.4807890014386702f,0f,0f,0f,1f],start_interpolation:0}
execute if entity @s[tag=aj.dino.bone.tail_2] run data modify entity @s {} merge value {transformation:[-1.3451351131357543f,0.7091958865727725f,-1.2273657143982382f,-0.2600119489155674f,0.42986986280716427f,1.8164210724876684f,0.578446422303461f,0.3540806601853118f,1.3507765557123756f,0.12817783308272682f,-1.4063239365973994f,-1.218327127972327f,0f,0f,0f,1f],start_interpolation:0}
execute if entity @s[tag=aj.dino.bone.tail_1] run data modify entity @s {} merge value {transformation:[-1.4066365119952686f,0.07397829291869334f,-0.5509602393082659f,-0.14101189970231662f,0.21007761794805463f,1.45862625647525f,-0.34048948347675917f,0.4093192967866176f,0.5146818119567242f,-0.3931830440111007f,-1.3668086831532458f,-0.9198906048849189f,0f,0f,0f,1f],start_interpolation:0}
execute if entity @s[tag=aj.dino.bone.tail_0] run data modify entity @s {} merge value {transformation:[-1.2081736992999281f,-0.09499558010086874f,-0.40635928519630815f,-0.02455668446705791f,0.08842145505718488f,1.1581263978637635f,-0.5336296556983147f,0.5932059378903576f,0.4078402569505925f,-0.532498641234352f,-1.0880933960272308f,-0.6147745656983905f,0f,0f,0f,1f],start_interpolation:0}
execute if entity @s[tag=aj.dino.bone.body_1] run data modify entity @s {} merge value {transformation:[-1.1995143770142895f,0.018299982923146104f,-0.299056792294179f,0.043737196907356744f,0.10363862482899439f,1.1832226880247954f,-0.34328952946919716f,0.5933175f,0.28112077446504397f,-0.3581253638387546f,-1.1494876810978811f,-0.3234124969115555f,0f,0f,0f,1f],start_interpolation:0}