execute if entity @s[tag=aj.dino.bone.head_lower] run data modify entity @s {} merge value {transformation:[-0.24832184403145893f,0.6309822778471246f,-0.734981378553001f,0.3714031580407594f,0.047240734764375694f,0.7657327785937773f,0.6414215655604162f,0.3405259960381089f,0.9675249737116546f,0.12455792560053022f,-0.21995624204453723f,0.44965905681034957f,0f,0f,0f,1f],start_interpolation:0}
execute if entity @s[tag=aj.dino.bone.head_upper] run data modify entity @s {} merge value {transformation:[-0.2584781039849106f,0.9765393525288786f,-0.2510615568069938f,0.37594332977614203f,0.04917286113259918f,0.2710798124536508f,1.003777718218349f,0.41582607765134977f,1.0070963420010557f,0.23739960157102f,-0.11344747544798459f,0.4474816635410105f,0f,0f,0f,1f],start_interpolation:0}
execute if entity @s[tag=aj.dino.bone.neck_0] run data modify entity @s {} merge value {transformation:[-0.18845009852432607f,0.70932323005727f,-0.6792253791395704f,0.3205705901465913f,-0.008217910273294882f,0.6904540797046096f,0.7233295443779417f,0.45139321333097504f,0.9820483828798416f,0.14189333712469257f,-0.12428698468748223f,0.4368245147777627f,0f,0f,0f,1f],start_interpolation:0}
execute if entity @s[tag=aj.dino.bone.neck_1] run data modify entity @s {} merge value {transformation:[-0.7137281196050509f,0.6303853630385501f,-0.3052973392478124f,0.2976120050540722f,0.2041000529702486f,0.6041407695875141f,0.7702967602812231f,0.5194306600796668f,0.6700263723634915f,0.4874712551412254f,-0.5598539414422823f,0.3916432569931487f,0f,0f,0f,1f],start_interpolation:0}
execute if entity @s[tag=aj.dino.bone.neck_2] run data modify entity @s {} merge value {transformation:[-0.8840322197682228f,0.30784797470641134f,-0.35173378979112846f,0.2698115111423059f,0.016749295320019682f,0.7728705784798503f,0.6343425967302719f,0.5825707151301435f,0.46712578126019955f,0.5548880007617594f,-0.6883987297291202f,0.3367670656108629f,0f,0f,0f,1f],start_interpolation:0}
execute if entity @s[tag=aj.dino.bone.body_0] run data modify entity @s {} merge value {transformation:[-0.9033731697537336f,0.16719985127357256f,-0.3949191384361962f,0.08528038972729063f,0.2151642470649549f,0.9732858579580843f,-0.08011857140368106f,0.5540828972766045f,0.3709733992539941f,-0.1573494468782491f,-0.9152157606887275f,-0.09606964051095568f,0f,0f,0f,1f],start_interpolation:0}
execute if entity @s[tag=aj.dino.bone.leg_left_3] run data modify entity @s {} merge value {transformation:[-0.9496752614974567f,-0.1317366168012383f,-0.2841871944572818f,0.37446700815289646f,-0.17343244121214746f,0.9766443875340932f,0.12683425654510883f,0.03557237283223011f,0.2608411126240112f,0.16973863464726946f,-0.9503424171703319f,-0.3480608157838757f,0f,0f,0f,1f],start_interpolation:0}
execute if entity @s[tag=aj.dino.bone.leg_left_2] run data modify entity @s {} merge value {transformation:[-1.0079180868009572f,-0.18383459985483228f,-0.0486638438309799f,0.3285478368630942f,-0.16438459352801502f,0.9742223744750856f,-0.27555520315074644f,0.2538912811012312f,0.09560876116142022f,-0.2629787148592708f,-0.9867944871252775f,-0.43970881666935535f,0f,0f,0f,1f],start_interpolation:0}
execute if entity @s[tag=aj.dino.bone.leg_left_1] run data modify entity @s {} merge value {transformation:[-0.9770445358389965f,-0.00539951528760425f,0.21296671153449956f,0.3352444541237518f,0.2017074105783943f,0.2981929815919301f,0.932949659010106f,0.2814037151676088f,-0.06854265463869122f,0.9544903304716992f,-0.29025870104289275f,-0.16364431886354713f,0f,0f,0f,1f],start_interpolation:0}
execute if entity @s[tag=aj.dino.bone.leg_left_0] run data modify entity @s {} merge value {transformation:[-0.9937762776996916f,0.11114673892227994f,-0.0074237664489267f,0.2639366592814316f,0.1031599006734498f,0.893121483608392f,-0.4378265072036967f,0.6797090321082749f,-0.04203266318459542f,-0.4358674316166412f,-0.8990288300613742f,-0.2664808466927876f,0f,0f,0f,1f],start_interpolation:0}
execute if entity @s[tag=aj.dino.bone.leg_right_3] run data modify entity @s {} merge value {transformation:[-0.993802279415245f,0.0678911044916673f,0.08802174367714546f,-0.25716902452351564f,0.09318936387960286f,0.9405119898200519f,0.32673068338379446f,0.11900049388007361f,-0.06060339832697961f,0.3329083882025622f,-0.9410096881411973f,-0.2542269886938955f,0f,0f,0f,1f],start_interpolation:0}
execute if entity @s[tag=aj.dino.bone.leg_right_2] run data modify entity @s {} merge value {transformation:[-1.0200861592929884f,0.10591527670437953f,-0.016382346602656812f,-0.23140407567783416f,0.10708653463937272f,1.0136287523615033f,-0.11467966683630991f,0.3515656372382515f,0.004347553163020294f,-0.11576228249041805f,-1.0191380633823848f,-0.3127136843757785f,0f,0f,0f,1f],start_interpolation:0}
execute if entity @s[tag=aj.dino.bone.leg_right_1] run data modify entity @s {} merge value {transformation:[-0.9502315536593519f,0.05454578491714779f,-0.3067323781049318f,-0.21924221066920316f,-0.2936009281414813f,0.17252316372446502f,0.9402309572509098f,0.342721219382306f,0.10420407585404375f,0.9834940342098032f,-0.14792226083024496f,-0.03560855816540526f,0f,0f,0f,1f],start_interpolation:0}
execute if entity @s[tag=aj.dino.bone.leg_right_0] run data modify entity @s {} merge value {transformation:[-0.9992165745940949f,-0.03956483697841602f,-0.0009277560645754995f,-0.11851659466071171f,-0.032609758552539315f,0.8363951703779935f,-0.5471560313251719f,0.7194507868476039f,0.022424109872837383f,-0.5466971214879759f,-0.8370301169331796f,-0.18472751015197414f,0f,0f,0f,1f],start_interpolation:0}
execute if entity @s[tag=aj.dino.bone.tail_4] run data modify entity @s {} merge value {transformation:[-1.356328357250839f,2.046367351829414f,1.2642845329608003f,0.5503611019986919f,2.2507568713577255f,0.5676381055505973f,1.4958415085706482f,0.8337106293840197f,0.8486036913384378f,1.7651710891847283f,-1.9467162434605558f,-1.7708956026346676f,0f,0f,0f,1f],start_interpolation:0}
execute if entity @s[tag=aj.dino.bone.tail_3] run data modify entity @s {} merge value {transformation:[-0.8017730277558851f,1.5545914178085605f,1.129757080829137f,0.3435831528004156f,1.9110404352582893f,0.5159508329908328f,0.6462698498215119f,0.7190781612375309f,0.20255861575211848f,1.2856849488332978f,-1.6254014105975638f,-1.5078690252574662f,0f,0f,0f,1f],start_interpolation:0}
execute if entity @s[tag=aj.dino.bone.tail_2] run data modify entity @s {} merge value {transformation:[-0.9051031999820848f,1.4983222960900122f,0.8686727631418635f,0.18178603951498737f,1.719212972392143f,0.8958085833138815f,0.2461861340988299f,0.6747971202858871f,-0.20944886713358152f,0.8782546066508888f,-1.733082194518116f,-1.185638723277839f,0f,0f,0f,1f],start_interpolation:0}
execute if entity @s[tag=aj.dino.bone.tail_1] run data modify entity @s {} merge value {transformation:[-1.1532806203035044f,0.46162349827191207f,0.8628463401299021f,-0.008429924567147092f,0.15935966436038274f,1.4044281539372485f,-0.5383700472754398f,0.7733284167797894f,-0.9655074097112415f,-0.31959592655666785f,-1.1195133476297074f,-0.93990279261575f,0f,0f,0f,1f],start_interpolation:0}
execute if entity @s[tag=aj.dino.bone.tail_0] run data modify entity @s {} merge value {transformation:[-1.2751559923788953f,0.06359267916475747f,-0.061391227719200456f,0.011044623665950042f,0.06447842169668529f,1.2764749024239497f,-0.01703153549449684f,0.8091090405369559f,0.060460274724209846f,-0.020087588766303066f,-1.2766271031675056f,-0.5673274307955591f,0f,0f,0f,1f],start_interpolation:0}
execute if entity @s[tag=aj.dino.bone.body_1] run data modify entity @s {} merge value {transformation:[-1.2028586924526061f,0.19843342948134057f,-0.20581480780481007f,0.04552778381705738f,0.12499230859924391f,1.1654955309258699f,0.39319420804369226f,0.6391925f,0.257123479749494f,0.36173047495662963f,-1.1539684461480795f,-0.3234110460958482f,0f,0f,0f,1f],start_interpolation:0}