execute if entity @s[tag=aj.dino.bone.head_lower] run data modify entity @s {} merge value {transformation:[-0.5487397429211711f,-0.07915124828933567f,0.8322378112252814f,0.17474956881275416f,0.022216305936273016f,0.9937755696701298f,0.10916296476990095f,0.26385732552714625f,-0.8356979898799283f,0.0783913070502634f,-0.5435657022748936f,0.4975661659984151f,0f,0f,0f,1f],start_interpolation:0}
execute if entity @s[tag=aj.dino.bone.head_upper] run data modify entity @s {} merge value {transformation:[-0.5711829697650875f,-0.5325289594883834f,0.6882113519407117f,0.21005793775622977f,0.023124943592272445f,0.8136460896901824f,0.6487813347340048f,0.3268599880282881f,-0.8698776894585216f,0.371301616777523f,-0.43464911980148774f,0.47567004551748315f,0f,0f,0f,1f],start_interpolation:0}
execute if entity @s[tag=aj.dino.bone.neck_0] run data modify entity @s {} merge value {transformation:[-0.7500241369858965f,0.08661628454576513f,0.6557144296033514f,0.2512940690844903f,0.04458584492307071f,0.9957540822229362f,-0.08053514865481923f,0.30547507171834054f,-0.6599059754018424f,-0.031167723494746863f,-0.7507014564000111f,0.4278474244915306f,0f,0f,0f,1f],start_interpolation:0}
execute if entity @s[tag=aj.dino.bone.neck_1] run data modify entity @s {} merge value {transformation:[-0.8897600715932996f,-0.14256189792370283f,0.43359326592865605f,0.2873683447767655f,-0.06955344438943303f,0.981224583546097f,0.179890619595227f,0.3252345472657624f,-0.4510979199374039f,0.12990158546061079f,-0.8829701267443689f,0.35364670613988797f,0f,0f,0f,1f],start_interpolation:0}
execute if entity @s[tag=aj.dino.bone.neck_2] run data modify entity @s {} merge value {transformation:[-0.9912074834968221f,-0.13051437585328257f,0.021765163806541005f,0.28799731905385845f,-0.11283367195183017f,0.9196591653140345f,0.37615898517483304f,0.3671929335748694f,-0.06911068755094424f,0.3703957577369395f,-0.9262994631957389f,0.27612233188356045f,0f,0f,0f,1f],start_interpolation:0}
execute if entity @s[tag=aj.dino.bone.body_0] run data modify entity @s {} merge value {transformation:[-0.945028806830525f,-0.21631753357941527f,-0.24520864366207157f,0.17037070992407696f,-0.26015182757559996f,0.951701502912673f,0.16304991862259482f,0.45310389522662525f,0.19809487845360751f,0.21787834683574692f,-0.9556607374537118f,-0.17220142634906443f,0f,0f,0f,1f],start_interpolation:0}
execute if entity @s[tag=aj.dino.bone.leg_left_3] run data modify entity @s {} merge value {transformation:[-0.86541128606055f,0.07497701197294997f,-0.49542078441929854f,0.4057236661334759f,0.058237018319402395f,0.9970911395981887f,0.04917020471840561f,0.022150253365796457f,0.49766630954515134f,0.013700620803176689f,-0.8672603630590505f,-0.3668626272888417f,0f,0f,0f,1f],start_interpolation:0}
execute if entity @s[tag=aj.dino.bone.leg_left_2] run data modify entity @s {} merge value {transformation:[-0.9521413878226266f,-0.3785318638402972f,-0.04693192041124514f,0.3145609002470579f,-0.3456751441937899f,0.9096805438353305f,-0.3241175748933607f,0.22364250959538254f,0.1612379353083482f,-0.2850563728909451f,-0.9720120328434483f,-0.46309823848066894f,0f,0f,0f,1f],start_interpolation:0}
execute if entity @s[tag=aj.dino.bone.leg_left_1] run data modify entity @s {} merge value {transformation:[-0.9997830517672347f,-0.013510119892547773f,0.015853266524089662f,0.32996112939716293f,0.010019837827494948f,0.35531109341766565f,0.9346944044682483f,0.27039719276358065f,-0.018260674930175583f,0.9346504713286307f,-0.35509864009351316f,-0.18998614024309313f,0f,0f,0f,1f],start_interpolation:0}
execute if entity @s[tag=aj.dino.bone.leg_left_0] run data modify entity @s {} merge value {transformation:[-0.9992345774742108f,-0.03848744633484591f,0.0069982608237774135f,0.1980933799364861f,-0.03249188229756114f,0.7169525526478928f,-0.6963643549438986f,0.6048064627391808f,0.02178386477869987f,-0.6960587286474417f,-0.7176543105904197f,-0.40232694030519955f,0f,0f,0f,1f],start_interpolation:0}
execute if entity @s[tag=aj.dino.bone.leg_right_3] run data modify entity @s {} merge value {transformation:[-0.8155570976573469f,0.006902627701355597f,0.5786354415273413f,-0.16399771117861273f,0.025371651222654057f,0.9993938277204937f,0.02383812971726354f,0.0024789094878691076f,-0.5781201430282128f,0.03412229249328891f,-0.8152378606149513f,-0.22566481108616843f,0f,0f,0f,1f],start_interpolation:0}
execute if entity @s[tag=aj.dino.bone.leg_right_2] run data modify entity @s {} merge value {transformation:[-0.9994031707343993f,0.19325403825578033f,-0.1261284207645393f,-0.12129795622356475f,0.2151675347204448f,0.9829757441390723f,-0.19880598063755106f,0.2251313267096018f,0.08341722741166588f,-0.22016757852319102f,-0.99831357951241f,-0.30796732683212846f,0f,0f,0f,1f],start_interpolation:0}
execute if entity @s[tag=aj.dino.bone.leg_right_1] run data modify entity @s {} merge value {transformation:[-0.9682549906111683f,0.11605937015258366f,-0.2213876594491028f,-0.09731008425235815f,-0.21330888940544634f,0.07808912090710496f,0.9738590282461682f,0.19044768983764765f,0.13031343314171948f,0.9901678200162546f,-0.05085368567840026f,-0.03367731062411351f,0f,0f,0f,1f],start_interpolation:0}
execute if entity @s[tag=aj.dino.bone.leg_right_0] run data modify entity @s {} merge value {transformation:[-0.9808517412799931f,-0.18790046680793787f,-0.05121792851496926f,-0.05286730554348456f,-0.15927110914863477f,0.9252529752447635f,-0.3442958692625818f,0.600279262008295f,0.11208289529883286f,-0.32954566659883777f,-0.9374631076513672f,-0.0997848021604189f,0f,0f,0f,1f],start_interpolation:0}
execute if entity @s[tag=aj.dino.bone.tail_4] run data modify entity @s {} merge value {transformation:[0.24385368000832433f,-1.7500596127694699f,2.122142329368974f,-0.35228856766296784f,2.675632203525869f,-0.34332070454153946f,-0.5905798310884003f,0.3445616210970128f,0.6381136464625246f,2.1083366849690486f,1.6653494313843036f,0.4274916982511455f,0f,0f,0f,1f],start_interpolation:0}
execute if entity @s[tag=aj.dino.bone.tail_3] run data modify entity @s {} merge value {transformation:[0.46338685609668495f,-1.5136649405281244f,1.3527884518494626f,-0.5668590982129309f,1.905491492958292f,-0.15430889694286887f,-0.8253704990077476f,0.48602399058100243f,0.7002287611237153f,1.4216021729670754f,1.3508043788627875f,0.18453370008222691f,0f,0f,0f,1f],start_interpolation:0}
execute if entity @s[tag=aj.dino.bone.tail_2] run data modify entity @s {} merge value {transformation:[0.5393905610513652f,-1.686086471844118f,0.8276135010472737f,-0.720712999932456f,1.78855966043533f,0.19817426584936934f,-0.7619417145827476f,0.6290369887728513f,0.5734858661858434f,0.967787809812717f,1.5978969276726689f,-0.1118574995897566f,0f,0f,0f,1f],start_interpolation:0}
execute if entity @s[tag=aj.dino.bone.tail_1] run data modify entity @s {} merge value {transformation:[1.068873162145188f,-0.7911444687246842f,-0.7205947840860948f,-0.5569992896435071f,0.7323200087151871f,1.28341757289047f,-0.322804876715523f,0.6821129047572936f,0.7803036704265434f,-0.1207725680867696f,1.290037371054262f,-0.3887283091827267f,0f,0f,0f,1f],start_interpolation:0}
execute if entity @s[tag=aj.dino.bone.tail_0] run data modify entity @s {} merge value {transformation:[0.2846740678867482f,-0.012309002891481806f,-1.2460517164647127f,-0.19317105532248194f,-0.07080526170149383f,1.2759286898931954f,-0.02878037190247356f,0.7213136304998755f,1.2440992752076587f,0.07543330391331939f,0.2834828507556088f,-0.469748246931909f,0f,0f,0f,1f],start_interpolation:0}
execute if entity @s[tag=aj.dino.bone.body_1] run data modify entity @s {} merge value {transformation:[-0.789299708871384f,0.3182084577923482f,-0.896857815944765f,-0.006097773889032801f,-0.014238557772730065f,1.1611205459909484f,0.42450080825186287f,0.5444134302325582f,0.9515292050716843f,0.281330855263598f,-0.7375972592333511f,-0.3172168458168081f,0f,0f,0f,1f],start_interpolation:0}