execute if entity @s[tag=aj.dino.bone.head_lower] run data modify entity @s {} merge value {transformation:[-0.3403413837440154f,0.06413910501296594f,0.9381118897654718f,0.15942411685333163f,0.1914818751426834f,0.981493304093503f,0.002363368667822663f,0.2414026338987338f,-0.9205989539441428f,0.18043577590864288f,-0.3463242653485246f,0.4535839396646375f,0f,0f,0f,1f],start_interpolation:0}
execute if entity @s[tag=aj.dino.bone.head_upper] run data modify entity @s {} merge value {transformation:[-0.3542612045302358f,-0.384541225829229f,0.9000549912011196f,0.21272679234138936f,0.1993134040519045f,0.9087975033045347f,0.46672605191503247f,0.29404617860949356f,-0.9582510675775608f,0.33119040778486514f,-0.23566872482632475f,0.44447688317541356f,0f,0f,0f,1f],start_interpolation:0}
execute if entity @s[tag=aj.dino.bone.neck_0] run data modify entity @s {} merge value {transformation:[-0.712362124906867f,0.21878722417616475f,0.6668375765772817f,0.2525246155005186f,0.26870758131923134f,0.9627900650047598f,-0.02883620068072107f,0.2764668616819889f,-0.6483335860031791f,0.1586424951436998f,-0.7446449623779368f,0.3939611713378683f,0f,0f,0f,1f],start_interpolation:0}
execute if entity @s[tag=aj.dino.bone.neck_1] run data modify entity @s {} merge value {transformation:[-0.8954265707046045f,0.015266423879738077f,0.44494740450767467f,0.29028783110351375f,0.1610145967340314f,0.9428662109650141f,0.2916806607559963f,0.3055197087323337f,-0.4150729527622454f,0.332821640706252f,-0.8467255750022132f,0.3237656695580376f,0f,0f,0f,1f],start_interpolation:0}
execute if entity @s[tag=aj.dino.bone.neck_2] run data modify entity @s {} merge value {transformation:[-0.9931106110040732f,0.08302122502628104f,0.08269698003102799f,0.298345536462855f,0.11104464937165387f,0.8921381212165387f,0.43790256738017747f,0.35261784769712834f,-0.037421920809107f,0.44406874340282043f,-0.8952108974848308f,0.2496861913975135f,0f,0f,0f,1f],start_interpolation:0}
execute if entity @s[tag=aj.dino.bone.body_0] run data modify entity @s {} merge value {transformation:[-0.9671895053699492f,0.0016189126671778131f,-0.25405086070314553f,0.17862774067098589f,-0.05482108907196395f,0.9750915004983741f,0.21492141319280672f,0.46319846918622126f,0.2480707739641992f,0.2217970801827774f,-0.9430095155019367f,-0.19263776253777495f,0f,0f,0f,1f],start_interpolation:0}
execute if entity @s[tag=aj.dino.bone.leg_left_3] run data modify entity @s {} merge value {transformation:[-0.7751245733800443f,0.07650106356704109f,-0.627159854435467f,0.38059153101588533f,0.06916227628746599f,0.9969510022908316f,0.036128639194479784f,0.018030704620495025f,0.6280115247996179f,-0.015371607086449801f,-0.778052208026197f,-0.42769695342842506f,0f,0f,0f,1f],start_interpolation:0}
execute if entity @s[tag=aj.dino.bone.leg_left_2] run data modify entity @s {} merge value {transformation:[-0.9037338911151346f,-0.4144982912782767f,-0.25202860964180535f,0.2747817351013086f,-0.32749725705214283f,0.9144347228192578f,-0.32957075693466287f,0.22049082609726195f,0.3578726032737284f,-0.20991070418287974f,-0.9380441863772881f,-0.5050614049946589f,0f,0f,0f,1f],start_interpolation:0}
execute if entity @s[tag=aj.dino.bone.leg_left_1] run data modify entity @s {} merge value {transformation:[-0.9834473707642644f,0.17477657979549804f,-0.04779556560857451f,0.3443839366735117f,0.023158666039789364f,0.38286174672042145f,0.9235153269358594f,0.2750613891850648f,0.17970794396495968f,0.907121838593459f,-0.38057197062147247f,-0.2420196348509262f,0f,0f,0f,1f],start_interpolation:0}
execute if entity @s[tag=aj.dino.bone.leg_left_0] run data modify entity @s {} merge value {transformation:[-0.9754595442520071f,-0.16747016347239385f,-0.14294202277215856f,0.17684391358511575f,-0.018972527602781647f,0.7107267366120682f,-0.7032123072452032f,0.6091556389797392f,0.21935979741973755f,-0.6832431852651659f,-0.6964625108824467f,-0.42808051596817387f,0f,0f,0f,1f],start_interpolation:0}
execute if entity @s[tag=aj.dino.bone.leg_right_3] run data modify entity @s {} merge value {transformation:[-0.8775646656093381f,0.017216693402407564f,0.479149082376517f,-0.18501776742261017f,0.008759602410379597f,0.9997639984346196f,-0.019880060352892942f,0.02080396724444697f,-0.47937827134694255f,-0.013248883058963545f,-0.8775083703635582f,-0.1864180813062107f,0f,0f,0f,1f],start_interpolation:0}
execute if entity @s[tag=aj.dino.bone.leg_right_2] run data modify entity @s {} merge value {transformation:[-0.9759390791733963f,0.17767609541456592f,-0.26083772419094603f,-0.1501487308645372f,0.23661535147389184f,0.9728954731178378f,-0.22259778375895933f,0.24033814096675f,0.20884991905616018f,-0.27197022448376196f,-0.9666830441283132f,-0.28001278694490117f,0f,0f,0f,1f],start_interpolation:0}
execute if entity @s[tag=aj.dino.bone.leg_right_1] run data modify entity @s {} merge value {transformation:[-0.9417372671410064f,0.28480136301522213f,-0.17893882558701724f,-0.08204214254826128f,-0.15465186496731065f,0.10578685100761856f,0.982289134021152f,0.21390020191395703f,0.29868665912611836f,0.9527315077074778f,-0.05557835803183142f,-0.012289209973570955f,0f,0f,0f,1f],start_interpolation:0}
execute if entity @s[tag=aj.dino.bone.leg_right_0] run data modify entity @s {} merge value {transformation:[-0.9541717392163626f,-0.18859759768163264f,-0.2323515401918805f,-0.02622990591653003f,-0.10007048645302427f,0.9328072854943641f,-0.34620292585374157f,0.6199694987249834f,0.28203224961319073f,-0.30708551622854696f,-0.9089314032977241f,-0.09166174296840032f,0f,0f,0f,1f],start_interpolation:0}
execute if entity @s[tag=aj.dino.bone.tail_4] run data modify entity @s {} merge value {transformation:[0.48106685478287176f,-1.7771566283676743f,2.0581424467412734f,-0.2566996746881739f,2.6441844700898005f,-0.1819358569429516f,-0.7751446082469741f,0.3133462006099976f,0.6344481861942992f,2.105771828524467f,1.6699885738613565f,0.4862511653069477f,0f,0f,0f,1f],start_interpolation:0}
execute if entity @s[tag=aj.dino.bone.tail_3] run data modify entity @s {} merge value {transformation:[0.7294685014525301f,-1.4576067582706036f,1.2958409507639845f,-0.46216258682190103f,1.7949543491131819f,-0.03941132974823031f,-1.054765925564338f,0.49258119443321174f,0.7628631043855234f,1.4865311336718734f,1.2426627050957724f,0.2609946178738345f,0f,0f,0f,1f],start_interpolation:0}
execute if entity @s[tag=aj.dino.bone.tail_2] run data modify entity @s {} merge value {transformation:[0.7513602433646508f,-1.4393031698293741f,1.0874916298587796f,-0.6641118023576791f,1.7170952809468123f,0.20948461802898455f,-0.9091060806980749f,0.6629015742121178f,0.5530058370794804f,1.30510400165318f,1.3452367687614162f,0.01163751140683672f,0f,0f,0f,1f],start_interpolation:0}
execute if entity @s[tag=aj.dino.bone.tail_1] run data modify entity @s {} merge value {transformation:[1.2266252089890517f,-0.7642687551885474f,-0.4460270356324985f,-0.559961247883432f,0.6944833933626333f,1.3039013462390483f,-0.3243306115979814f,0.71609156639147f,0.5483973586881027f,0.05823056859199165f,1.4083770048766653f,-0.2926652387179288f,0f,0f,0f,1f],start_interpolation:0}
execute if entity @s[tag=aj.dino.bone.tail_0] run data modify entity @s {} merge value {transformation:[0.5051518245243032f,0.050435890407177816f,-1.1730786724353275f,-0.21594328703362012f,-0.06262366583618456f,1.276375737003676f,0.027910052841024827f,0.7387368204590629f,1.1724912056135146f,0.04644260469855298f,0.5068956241789907f,-0.43967117867183925f,0f,0f,0f,1f],start_interpolation:0}
execute if entity @s[tag=aj.dino.bone.body_1] run data modify entity @s {} merge value {transformation:[-0.6386901052071026f,0.39557374346167956f,-0.9819373493510183f,-0.014301306869787783f,0.03401081062706323f,1.1538832821581608f,0.4427202626632876f,0.5580883333333333f,1.0580750490051642f,0.20169129801722652f,-0.6069616182536552f,-0.3121464448284589f,0f,0f,0f,1f],start_interpolation:0}