execute if entity @s[tag=aj.dino.bone.head_lower] run data modify entity @s {} merge value {transformation:[-0.8430079960143066f,0.32637606514694767f,0.4275700910437242f,-0.14288576144103282f,0.3083745756640011f,0.9445310653189487f,-0.11298755564883711f,0.7715448951372873f,-0.44072966741528796f,0.03660233253014561f,-0.8968933211443613f,0.576110564132521f,0f,0f,0f,1f],start_interpolation:0}
execute if entity @s[tag=aj.dino.bone.head_upper] run data modify entity @s {} merge value {transformation:[-0.8774866717979602f,0.09214555725193885f,0.5522664933518746f,-0.10301725717642042f,0.32098696731925225f,0.9240232445850048f,0.35583753717293054f,0.8169237387298353f,-0.45875532717521184f,0.4702788346596486f,-0.8073743308051319f,0.5308698809623642f,0f,0f,0f,1f],start_interpolation:0}
execute if entity @s[tag=aj.dino.bone.neck_0] run data modify entity @s {} merge value {transformation:[-0.8742941502658489f,0.35862971486849904f,0.3271000862492342f,-0.08740507869260966f,0.3292213081142529f,0.9333137882434256f,-0.14331330349359117f,0.7924010194317674f,-0.3566834298007935f,-0.017609664620463206f,-0.934059329281335f,0.47087294457795625f,0f,0f,0f,1f],start_interpolation:0}
execute if entity @s[tag=aj.dino.bone.neck_1] run data modify entity @s {} merge value {transformation:[-0.8246246838727508f,-0.014013794382925547f,0.565506626234175f,-0.03956380497510359f,0.0013357777185814147f,0.9996420666412249f,0.026719923262376273f,0.7992697736768414f,-0.565678660058564f,0.022789299424374805f,-0.8243108038756338f,0.4011479878641749f,0f,0f,0f,1f],start_interpolation:0}
execute if entity @s[tag=aj.dino.bone.neck_2] run data modify entity @s {} merge value {transformation:[-0.9377024059223519f,0.009311718897269103f,0.3473146841390543f,-0.009045266236562793f,-0.004795085042794224f,0.9991987392675183f,-0.039735206122957334f,0.8055714517630654f,-0.34740639759058156f,-0.03892520182837578f,-0.9369064113217258f,0.3186868573801558f,0f,0f,0f,1f],start_interpolation:0}
execute if entity @s[tag=aj.dino.bone.body_0] run data modify entity @s {} merge value {transformation:[-0.9631218382196527f,0.18517265084613319f,0.1952112038870037f,0.08472104307849043f,0.06563897147044523f,0.8652929706563824f,-0.49695029968494314f,0.5796036362468909f,-0.26093648684823545f,-0.4658102234937195f,-0.845537098843115f,-0.08424903118204069f,0f,0f,0f,1f],start_interpolation:0}
execute if entity @s[tag=aj.dino.bone.leg_left_3] run data modify entity @s {} merge value {transformation:[-0.9891165189697475f,-0.03364908104494174f,0.14323495120256f,0.337095241575676f,-0.03765602479778804f,0.998969027526859f,-0.025355587914103028f,0.02508104714049275f,-0.1422340876780149f,-0.03047328972842267f,-0.9893638576962116f,-0.18382876695474362f,0f,0f,0f,1f],start_interpolation:0}
execute if entity @s[tag=aj.dino.bone.leg_left_2] run data modify entity @s {} merge value {transformation:[-0.9222656155084554f,0.051118783628673274f,0.44595426212990597f,0.36136215715734954f,-0.16136197748841147f,0.9131520718591688f,-0.43838089075714837f,0.22413720269578918f,-0.4188682921546264f,-0.4643300153127366f,-0.8130247168492689f,-0.31783934791652124f,0f,0f,0f,1f],start_interpolation:0}
execute if entity @s[tag=aj.dino.bone.leg_left_1] run data modify entity @s {} merge value {transformation:[-0.7840121257472551f,-0.4726523229293836f,0.40239876777983297f,0.22722966124669958f,0.17199409145101865f,0.4574644823845937f,0.872435831372448f,0.2987199121054276f,-0.596441966319615f,0.7532104811976884f,-0.2773642944337601f,-0.08662672140650007f,0f,0f,0f,1f],start_interpolation:0}
execute if entity @s[tag=aj.dino.bone.leg_left_0] run data modify entity @s {} merge value {transformation:[-0.8141284162180424f,0.4217279630779748f,0.39917470744575545f,0.2656551592558934f,0.11047189904335945f,0.7873514320870901f,-0.6065259119874122f,0.6700798623932908f,-0.5700797149768231f,-0.44969239213990553f,-0.6875942633729819f,-0.27350247421941665f,0f,0f,0f,1f],start_interpolation:0}
execute if entity @s[tag=aj.dino.bone.leg_right_3] run data modify entity @s {} merge value {transformation:[-0.9041515618221414f,0.13209506072405985f,0.4062768122682976f,-0.2463390622602844f,0.17559313093648585f,0.981860212343096f,0.07153723356052705f,0.13961317144094398f,-0.3894573219526176f,0.13601991894527127f,-0.9109454297748126f,-0.15945950108817122f,0f,0f,0f,1f],start_interpolation:0}
execute if entity @s[tag=aj.dino.bone.leg_right_2] run data modify entity @s {} merge value {transformation:[-0.9503929909877332f,0.3434963980229318f,0.17557216956954316f,-0.15937016511587093f,0.23827103264707344f,0.8898277063376349f,-0.45110505155218134f,0.33271990265873014f,-0.3033847016304253f,-0.37719898870472884f,-0.9042902439136691f,-0.2748599922217958f,0f,0f,0f,1f],start_interpolation:0}
execute if entity @s[tag=aj.dino.bone.leg_right_1] run data modify entity @s {} merge value {transformation:[-0.9153773569520758f,-0.32974118879564207f,-0.23098710524847282f,-0.2549301640133114f,-0.3504352642616044f,0.3701476901474396f,0.8603405215613266f,0.3806690906600054f,-0.19819036288712863f,0.8684822599743492f,-0.4543777549226153f,-0.018769094998748737f,0f,0f,0f,1f],start_interpolation:0}
execute if entity @s[tag=aj.dino.bone.leg_right_0] run data modify entity @s {} merge value {transformation:[-0.9315779288909699f,0.14598515262271383f,0.3329427842992458f,-0.1163954661925311f,-0.13996048030488561f,0.7012182386149748f,-0.6990737055465168f,0.7291731218978964f,-0.335519934364617f,-0.697840466759728f,-0.6328072823510552f,-0.20223668416669216f,0f,0f,0f,1f],start_interpolation:0}
execute if entity @s[tag=aj.dino.bone.tail_4] run data modify entity @s {} merge value {transformation:[1.423972038086017f,-2.195026470698649f,-0.8830763043369416f,-1.0551416799824986f,2.2440976934861854f,0.9264387545798661f,1.315826017261587f,0.8439272689150416f,-0.749660262011491f,-1.3961487594610902f,2.261512649669712f,-0.9036515765031027f,0f,0f,0f,1f],start_interpolation:0}
execute if entity @s[tag=aj.dino.bone.tail_3] run data modify entity @s {} merge value {transformation:[0.8072926707779724f,-1.1595956731407957f,-1.529562664484773f,-0.7844368217212155f,1.8969184152886815f,0.228583506485186f,0.8278862436023798f,0.7013114867502623f,-0.2931289741586291f,-1.7143608084182644f,1.144983820458887f,-1.0810221541816811f,0f,0f,0f,1f],start_interpolation:0}
execute if entity @s[tag=aj.dino.bone.tail_2] run data modify entity @s {} merge value {transformation:[0.45858494695464747f,-0.05275320319061485f,-1.8988656669134103f,-0.4311152960519614f,1.899598146624229f,0.013533609441324815f,0.4583858612130827f,0.6175064250370099f,0.0007763833930728054f,-1.9534092801999778f,0.054456002976784906f,-1.0916096514841227f,0f,0f,0f,1f],start_interpolation:0}
execute if entity @s[tag=aj.dino.bone.tail_1] run data modify entity @s {} merge value {transformation:[-0.7322769830486314f,0.377644950326372f,-1.2683891207315632f,-0.16208883125482904f,1.0182110915748621f,1.0867669551254608f,-0.26427260213889614f,0.6601175669220524f,0.8453832521946029f,-0.9818238776584766f,-0.7803879036534012f,-0.9124847542061668f,0f,0f,0f,1f],start_interpolation:0}
execute if entity @s[tag=aj.dino.bone.tail_0] run data modify entity @s {} merge value {transformation:[-1.1253192977409354f,0.07602193010952916f,-0.601425690221409f,0.015496278456165392f,0.18786554316108126f,1.2494272614524002f,-0.19358143665231844f,0.7468374674412243f,0.5763668384012637f,-0.2588202099257427f,-1.1111476423542257f,-0.5940273803495386f,0f,0f,0f,1f],start_interpolation:0}
execute if entity @s[tag=aj.dino.bone.body_1] run data modify entity @s {} merge value {transformation:[-1.2015923803516977f,0.21447893998247586f,-0.19692417535941317f,0.046831712102514717f,0.185854977380387f,1.2086422445536047f,0.18233608287887088f,0.62303625f,0.22413896118240395f,0.1476052303973954f,-1.206888154343912f,-0.3233850500216737f,0f,0f,0f,1f],start_interpolation:0}