execute if entity @s[tag=aj.dino.bone.head_lower] run data modify entity @s {} merge value {transformation:[-0.4656159627120332f,0.027686122059624063f,0.8845537032385573f,0.1906279099784321f,0.14554403183610196f,0.9882966986149468f,0.04567899192942915f,0.23243904749405067f,-0.8729368305121727f,0.15001038014783097f,-0.4641962686011869f,0.46260202465384065f,0f,0f,0f,1f],start_interpolation:0}
execute if entity @s[tag=aj.dino.bone.head_upper] run data modify entity @s {} merge value {transformation:[-0.48465946158030426f,-0.43218476630222785f,0.8135069001923001f,0.2368538856294635f,0.15149672209485193f,0.8693187650951738f,0.5520919945366213f,0.29006616709392274f,-0.9086395831564413f,0.37546391972225246f,-0.34186678032765555f,0.4471835048309407f,0f,0f,0f,1f],start_interpolation:0}
execute if entity @s[tag=aj.dino.bone.neck_0] run data modify entity @s {} merge value {transformation:[-0.7555208936602072f,0.1964972270769617f,0.6249616140163703f,0.27431968465579243f,0.2051910058612475f,0.9769355765872906f,-0.05910609369352576f,0.27032045774578695f,-0.6221614182481351f,0.08358061347659132f,-0.7784147035445473f,0.3956941164100771f,0f,0f,0f,1f],start_interpolation:0}
execute if entity @s[tag=aj.dino.bone.neck_1] run data modify entity @s {} merge value {transformation:[-0.9138001333851514f,-0.010524811739804352f,0.40602776329103557f,0.3086670788288525f,0.09709278662155646f,0.9650212316776626f,0.2435303126869184f,0.295396403752408f,-0.3943885229204068f,0.26196039920027814f,-0.8808146469260661f,0.3222843739372642f,0f,0f,0f,1f],start_interpolation:0}
execute if entity @s[tag=aj.dino.bone.neck_2] run data modify entity @s {} merge value {transformation:[-0.9987884773461077f,0.03830354931716037f,0.030893617955037922f,0.31174860715138186f,0.047803923052038025f,0.9042038568652192f,0.4244174480047884f,0.3414312762146086f,-0.011677433856751018f,0.4253800927873451f,-0.9049394533330674f,0.24716962775033358f,0f,0f,0f,1f],start_interpolation:0}
execute if entity @s[tag=aj.dino.bone.body_0] run data modify entity @s {} merge value {transformation:[-0.9580580528454286f,-0.052101290314801985f,-0.2817981953908841f,0.17844184449002956f,-0.1155054396177104f,0.9701282620905299f,0.21332990533895546f,0.45121454497045316f,0.26226563022391175f,0.23693165816484077f,-0.9354571762312337f,-0.1914507612344432f,0f,0f,0f,1f],start_interpolation:0}
execute if entity @s[tag=aj.dino.bone.leg_left_3] run data modify entity @s {} merge value {transformation:[-0.8069401059171196f,0.06911983553742741f,-0.58657490041575f,0.39948048679561105f,0.0656646193131605f,0.9974708321875778f,0.027204718441424358f,0.022744113633664825f,0.5869717397225572f,-0.016564639153886784f,-0.8094379466622351f,-0.39326691119042523f,0f,0f,0f,1f],start_interpolation:0}
execute if entity @s[tag=aj.dino.bone.leg_left_2] run data modify entity @s {} merge value {transformation:[-0.9197782006462564f,-0.42227274567057643f,-0.1666012886518656f,0.29447367291566023f,-0.34559205590931336f,0.8954462334256736f,-0.36166887264021097f,0.2197579983777825f,0.2943406054369725f,-0.2681864478460831f,-0.9452522608718745f,-0.48453667794167987f,0f,0f,0f,1f],start_interpolation:0}
execute if entity @s[tag=aj.dino.bone.leg_left_1] run data modify entity @s {} merge value {transformation:[-0.9940137894823773f,0.10153527608701714f,-0.040338245237214534f,0.3439934295862473f,0.00258796980677577f,0.3909914287470632f,0.9203906806669702f,0.27711253981250455f,0.10922403000788646f,0.9147766341333075f,-0.3889136419728329f,-0.21756919689602103f,0f,0f,0f,1f],start_interpolation:0}
execute if entity @s[tag=aj.dino.bone.leg_left_0] run data modify entity @s {} merge value {transformation:[-0.9878765391934928f,-0.1351395700624482f,-0.07640183187872006f,0.18228686695251978f,-0.03834321928657f,0.6893018267213403f,-0.7234589063750374f,0.6021905341027061f,0.15043184784422997f,-0.7117585884848598f,-0.6861267892104277f,-0.4236821848271486f,0f,0f,0f,1f],start_interpolation:0}
execute if entity @s[tag=aj.dino.bone.leg_right_3] run data modify entity @s {} merge value {transformation:[-0.8527115341309601f,0.028206742576237426f,0.5216199950474125f,-0.1680510103776435f,0.02857150229842688f,0.9995647665613737f,-0.007344842102932764f,0.009326310053454606f,-0.5216001426537723f,0.008640435309860778f,-0.8531463145681522f,-0.2133413801201475f,0f,0f,0f,1f],start_interpolation:0}
execute if entity @s[tag=aj.dino.bone.leg_right_2] run data modify entity @s {} merge value {transformation:[-0.9863890871843295f,0.17209022766039928f,-0.22244936890931313f,-0.13328144744251158f,0.21315905562896825f,0.9866838609746246f,-0.1818801116017587f,0.2333692850028793f,0.18347202835235163f,-0.2211382181729197f,-0.9846309475007752f,-0.2956025187891872f,0f,0f,0f,1f],start_interpolation:0}
execute if entity @s[tag=aj.dino.bone.leg_right_1] run data modify entity @s {} merge value {transformation:[-0.9507908316206165f,0.2351241230850858f,-0.2017757201688203f,-0.07763973694633097f,-0.193294875721959f,0.058825241530603034f,0.9793756592740595f,0.1935582642694723f,0.2421443485316332f,0.9701836103039134f,-0.010482212164199589f,-0.026655556841317013f,0f,0f,0f,1f],start_interpolation:0}
execute if entity @s[tag=aj.dino.bone.leg_right_0] run data modify entity @s {} merge value {transformation:[-0.9641882095003833f,-0.2038666968697207f,-0.16964511949323607f,-0.03176266811899729f,-0.13878579713216968f,0.9329069529219901f,-0.3322997437618572f,0.6030365347808955f,0.22600796263590617f,-0.29685516181673055f,-0.9277916866020787f,-0.09396171628634062f,0f,0f,0f,1f],start_interpolation:0}
execute if entity @s[tag=aj.dino.bone.tail_4] run data modify entity @s {} merge value {transformation:[0.3984311013380618f,-1.6957632978177464f,2.142732094047414f,-0.27395489037679954f,2.649354794224561f,-0.2905751510036811f,-0.7225971128772373f,0.31209825809443353f,0.6692033797029646f,2.1600032988385607f,1.5849965038449332f,0.469064806313962f,0f,0f,0f,1f],start_interpolation:0}
execute if entity @s[tag=aj.dino.bone.tail_3] run data modify entity @s {} merge value {transformation:[0.6345697260778275f,-1.4378907458511163f,1.3659198335867566f,-0.49149352799315227f,1.8375567294137853f,-0.11323993319186336f,-0.9728861751311182f,0.4781719428837784f,0.7460911840894959f,1.5018629919439603f,1.234382851670223f,0.24506218177738193f,0f,0f,0f,1f],start_interpolation:0}
execute if entity @s[tag=aj.dino.bone.tail_2] run data modify entity @s {} merge value {transformation:[0.6773223848154061f,-1.5159343087772468f,1.0305102782130786f,-0.6829230162380082f,1.7431776365085776f,0.19294559272337378f,-0.8619034753542708f,0.6397328123846314f,0.5668685823073241f,1.2179856504587614f,1.4191352439680325f,-0.018042969152016308f,0f,0f,0f,1f],start_interpolation:0}
execute if entity @s[tag=aj.dino.bone.tail_1] run data modify entity @s {} merge value {transformation:[1.1852321284836471f,-0.7803072821814022f,-0.5234516185711882f,-0.5618759551335817f,0.7038249023372903f,1.295506972155513f,-0.33756250080001216f,0.6958638474278561f,0.6225042638087125f,0.020939925289453487f,1.378298302643098f,-0.31548807820877256f,0f,0f,0f,1f],start_interpolation:0}
execute if entity @s[tag=aj.dino.bone.tail_0] run data modify entity @s {} merge value {transformation:[0.44991336118248454f,0.02742609848800519f,-1.1961026265062846f,-0.21168512704511272f,-0.0788846195380554f,1.2757792746092376f,-0.00041935890488299806f,0.7267732203443098f,1.1938135955055307f,0.07396464143954953f,0.45074831956082045f,-0.4454223149957147f,0f,0f,0f,1f],start_interpolation:0}
execute if entity @s[tag=aj.dino.bone.body_1] run data modify entity @s {} merge value {transformation:[-0.6732099706887655f,0.37265419220189494f,-0.9677405558598002f,-0.01179990807677581f,0.002660767712372252f,1.1543967292680528f,0.4426801405378981f,0.546099476744186f,1.0370081247206613f,0.23895949352521154f,-0.6293783478749185f,-0.31519628296475705f,0f,0f,0f,1f],start_interpolation:0}