execute if entity @s[tag=aj.dino.bone.head_lower] run data modify entity @s {} merge value {transformation:[-0.03406423804469316f,-0.011969148124995277f,0.9993479710189024f,-0.26067871621176375f,-0.3937976897016628f,0.9191939686900816f,-0.002414023489870243f,0.5146819899551681f,-0.9185657337785181f,-0.3936231540660922f,-0.03602506503802544f,0.48106579163184504f,0f,0f,0f,1f],start_interpolation:0}
execute if entity @s[tag=aj.dino.bone.head_upper] run data modify entity @s {} merge value {transformation:[-0.035457451187288595f,-0.5229256138104035f,0.8993128010652475f,-0.21043562440625585f,-0.40990385112809014f,0.8340604865972641f,0.4688217999528206f,0.5656026916002362f,-0.9561346895543372f,-0.3381772459844909f,-0.23433853356348264f,0.45702061827846446f,0f,0f,0f,1f],start_interpolation:0}
execute if entity @s[tag=aj.dino.bone.neck_0] run data modify entity @s {} merge value {transformation:[-0.36185776403600195f,0.12619787911300057f,0.9236520199264687f,-0.15264205585929613f,-0.20158773480378284f,0.9567599009729236f,-0.20969710791272464f,0.5365784143397258f,-0.910176545393005f,-0.26207744503803f,-0.3207710538979375f,0.44082706961210455f,0f,0f,0f,1f],start_interpolation:0}
execute if entity @s[tag=aj.dino.bone.neck_1] run data modify entity @s {} merge value {transformation:[-0.49667244680059675f,-0.17990744810522327f,0.849087622513351f,-0.08154200108235961f,-0.3445588793139126f,0.9387609927579313f,-0.0026414318245132837f,0.5406794049439085f,-0.796615126190213f,-0.2938726060598525f,-0.5282454279334008f,0.3947239142828619f,0f,0f,0f,1f],start_interpolation:0}
execute if entity @s[tag=aj.dino.bone.neck_2] run data modify entity @s {} merge value {transformation:[-0.7969813839859924f,-0.2721923775696104f,0.5391956817082039f,-0.036969348893750587f,-0.2825329064240062f,0.9570184620198652f,0.06550435207476962f,0.5557878863480122f,-0.5338500073685264f,-0.10013477391063638f,-0.8396292019019408f,0.32018571695641873f,0f,0f,0f,1f],start_interpolation:0}
execute if entity @s[tag=aj.dino.bone.body_0] run data modify entity @s {} merge value {transformation:[-0.9041700924616359f,-0.23806087766103914f,0.354687838000082f,0.12792587164047708f,-0.320474422986942f,0.9270210621088133f,-0.19475136615139318f,0.4728333321913978f,-0.2824404151482276f,-0.2897567409636972f,-0.9144771418449964f,-0.11356422585945161f,0f,0f,0f,1f],start_interpolation:0}
execute if entity @s[tag=aj.dino.bone.leg_left_3] run data modify entity @s {} merge value {transformation:[-0.9836247103564618f,0.08255504551218001f,-0.16020953041766423f,0.40499591836539833f,0.07714700780338296f,0.996229085093074f,0.0396982266808055f,0.014645814919394373f,0.1628826828215671f,0.026688470827264887f,-0.9862844200136944f,-0.2397315961746861f,0f,0f,0f,1f],start_interpolation:0}
execute if entity @s[tag=aj.dino.bone.leg_left_2] run data modify entity @s {} merge value {transformation:[-0.9360409374558437f,-0.21966667041430527f,0.3572619722508572f,0.36338077801515617f,-0.32791900695899934f,0.928049899914082f,-0.2885389187703788f,0.22154702770129656f,-0.2614549440773746f,-0.37753428543544004f,-0.9171539538370543f,-0.3564840707053068f,0f,0f,0f,1f],start_interpolation:0}
execute if entity @s[tag=aj.dino.bone.leg_left_1] run data modify entity @s {} merge value {transformation:[-0.9024048039788375f,-0.396574770185663f,0.1685052563218853f,0.26467887469091933f,0.03491305190341602f,0.32248310624893706f,0.9459311417808516f,0.2582916543044738f,-0.429472523641158f,0.8594958393361917f,-0.277164668745981f,-0.09973292201122275f,0f,0f,0f,1f],start_interpolation:0}
execute if entity @s[tag=aj.dino.bone.leg_left_0] run data modify entity @s {} merge value {transformation:[-0.9188056820107295f,0.2585609977179725f,0.29823200559947405f,0.23508567149224013f,-0.008979876116908175f,0.7416835141521936f,-0.6706898885921703f,0.6030549147101252f,-0.39460800869942175f,-0.6189117669700095f,-0.6791411813285493f,-0.3333347524050785f,0f,0f,0f,1f],start_interpolation:0}
execute if entity @s[tag=aj.dino.bone.leg_right_3] run data modify entity @s {} merge value {transformation:[-0.671407053107387f,-0.029076072429110256f,0.7405181638891459f,-0.17149421079209343f,-0.01261707453175498f,0.9995336914100317f,0.027806638892459046f,-0.0020901290785653726f,-0.7409813617547438f,0.009326400609699637f,-0.6714608252040865f,-0.2060708517305181f,0f,0f,0f,1f],start_interpolation:0}
execute if entity @s[tag=aj.dino.bone.leg_right_2] run data modify entity @s {} merge value {transformation:[-0.9577163402239156f,0.3238768200310038f,0.1730474403607539f,-0.08916527294743246f,0.24970618550310714f,0.9288123015867247f,-0.35639406398445145f,0.20301310817980273f,-0.26923675843073797f,-0.29064361917728426f,-0.9460972751477156f,-0.3026404128019195f,0f,0f,0f,1f],start_interpolation:0}
execute if entity @s[tag=aj.dino.bone.leg_right_1] run data modify entity @s {} merge value {transformation:[-0.9437599823827856f,-0.2690162051359692f,-0.19221700504140304f,-0.1708496698919799f,-0.25874407392465143f,0.23899684817734068f,0.9359123948159741f,0.21315074948126628f,-0.20583634242212684f,0.933011676205362f,-0.29516201009401843f,-0.03761537024100588f,0f,0f,0f,1f],start_interpolation:0}
execute if entity @s[tag=aj.dino.bone.leg_right_0] run data modify entity @s {} merge value {transformation:[-0.9492080804102934f,-0.06100079304286049f,0.30867932119263897f,-0.10955922695246194f,-0.20870924235302168f,0.856211845005382f,-0.47259044491917923f,0.6120669602199179f,-0.23546649918880996f,-0.513010896298141f,-0.8254546311210229f,-0.14446394055734904f,0f,0f,0f,1f],start_interpolation:0}
execute if entity @s[tag=aj.dino.bone.tail_4] run data modify entity @s {} merge value {transformation:[-0.025027292026569285f,-2.4135763476291787f,1.341523082327997f,-0.6968889815248096f,2.7561660935478987f,0.060305277607376986f,0.1599158211985766f,0.5295380459920385f,-0.16906635097125294f,1.3404006189411033f,2.4084028071133727f,0.2003247870714428f,0f,0f,0f,1f],start_interpolation:0}
execute if entity @s[tag=aj.dino.bone.tail_3] run data modify entity @s {} merge value {transformation:[0.1205232660978754f,-1.9812165775655985f,0.6294446291396893f,-0.7842317704567211f,2.0725417673913813f,0.06562297659344292f,-0.1902886581109638f,0.5611617981121272f,0.16121504517803342f,0.6375108028627575f,1.9757366250302626f,-0.14092567660327288f,0f,0f,0f,1f],start_interpolation:0}
execute if entity @s[tag=aj.dino.bone.tail_2] run data modify entity @s {} merge value {transformation:[0.25994599574126526f,-1.9279060018856415f,-0.18541953023934488f,-0.7500292198024152f,1.9178529868352023f,0.2823260449717133f,-0.24679100514544808f,0.6085250340405296f,0.2702626041244927f,-0.1491453225103871f,1.9296340773804492f,-0.49947608223722384f,0f,0f,0f,1f],start_interpolation:0}
execute if entity @s[tag=aj.dino.bone.tail_1] run data modify entity @s {} merge value {transformation:[0.5176495900812857f,-0.5571871055653751f,-1.3073781707219823f,-0.462379535027525f,0.8920627306705141f,1.2105396988345012f,-0.16270824224464436f,0.6278881835043155f,1.1063088341133964f,-0.7153966850198255f,0.742929738686844f,-0.6516582240626613f,0f,0f,0f,1f],start_interpolation:0}
execute if entity @s[tag=aj.dino.bone.tail_0] run data modify entity @s {} merge value {transformation:[-0.3569964881586925f,-0.07735994302581985f,-1.2249100633276837f,-0.10629917819439673f,0.06745626685857141f,1.2725093947380295f,-0.10002604135417503f,0.6878260360810715f,1.2254953594721987f,-0.09257967434876752f,-0.3513201451576757f,-0.5512284246659663f,0f,0f,0f,1f],start_interpolation:0}
execute if entity @s[tag=aj.dino.bone.body_1] run data modify entity @s {} merge value {transformation:[-1.083947142900683f,0.16568274345966075f,-0.5711500809536639f,0.015325306550424536f,0.02834390129119573f,1.2004596971193613f,0.29444478923549705f,0.5385122674418605f,0.5940200415081056f,0.24505170713141655f,-1.0562643827067808f,-0.32216772307718633f,0f,0f,0f,1f],start_interpolation:0}