execute if entity @s[tag=aj.dino.bone.head_lower] run data modify entity @s {} merge value {transformation:[0.2897056432038493f,0.25988022052359017f,0.9211584615452729f,-0.6029918749143598f,-0.47656762367408984f,0.8738099531850316f,-0.09664091152510834f,0.7587256057273417f,-0.8300324935576164f,-0.4109968816127234f,0.37699817366022076f,0.06750740893580232f,0f,0f,0f,1f],start_interpolation:0}
execute if entity @s[tag=aj.dino.bone.head_upper] run data modify entity @s {} merge value {transformation:[0.30155448330020207f,-0.17856154425935103f,0.9801288747388126f,-0.5393403136037085f,-0.49605904091251696f,0.8611626650212308f,0.30950966848548084f,0.7992455759583f,-0.8639804766972508f,-0.5567643863150319f,0.16438703294586188f,0.06606961653231935f,0f,0f,0f,1f],start_interpolation:0}
execute if entity @s[tag=aj.dino.bone.neck_0] run data modify entity @s {} merge value {transformation:[0.13479213794697026f,0.3450836955048093f,0.9288424638464957f,-0.4849245284313205f,-0.36948630849488734f,0.8872927781556126f,-0.2760278856704803f,0.7671140601185689f,-0.9194079330648096f,-0.3059881842974317f,0.24710379132634744f,0.08731165664645418f,0f,0f,0f,1f],start_interpolation:0}
execute if entity @s[tag=aj.dino.bone.neck_1] run data modify entity @s {} merge value {transformation:[0.04516996728535555f,0.12762263688814401f,0.9907936902348322f,-0.4004033571659319f,-0.5766741957669532f,0.8131982891167758f,-0.0784564497927756f,0.7642140719483921f,-0.8157245527700985f,-0.5678212792166789f,0.11032882160504012f,0.0940420742464933f,0f,0f,0f,1f],start_interpolation:0}
execute if entity @s[tag=aj.dino.bone.neck_2] run data modify entity @s {} merge value {transformation:[-0.33367807562462054f,0.09259097774069633f,0.9381289104853723f,-0.3173097050991421f,-0.4207930266084895f,0.8758890708563037f,-0.23611769165428498f,0.7521038927111419f,-0.8435592276806156f,-0.4735454005641939f,-0.2533033418638214f,0.06721449628675971f,0f,0f,0f,1f],start_interpolation:0}
execute if entity @s[tag=aj.dino.bone.body_0] run data modify entity @s {} merge value {transformation:[-0.5484421922486524f,0.31186098492425784f,0.7758568732978808f,0.05131959553050898f,-0.3588071074032403f,0.7503173741537867f,-0.5552308508358356f,0.49757338571343573f,-0.7552937318940305f,-0.5828949855034251f,-0.29960776765055663f,-0.0795423244334709f,0f,0f,0f,1f],start_interpolation:0}
execute if entity @s[tag=aj.dino.bone.leg_left_3] run data modify entity @s {} merge value {transformation:[-0.9568634181933429f,0.06567400525868355f,0.2830182396182852f,0.3656268582733472f,0.07245352819272641f,0.9972798441165676f,0.013542480247699523f,0.010334075263644271f,-0.2813589969696667f,0.0334639739438691f,-0.9590189139282429f,-0.09538343891195439f,0f,0f,0f,1f],start_interpolation:0}
execute if entity @s[tag=aj.dino.bone.leg_left_2] run data modify entity @s {} merge value {transformation:[-0.6620234580052978f,-0.02748831884809181f,0.7829633023828808f,0.38238939528405846f,-0.33013904017922013f,0.9394007583886969f,-0.24616382510226278f,0.22118729276195703f,-0.7104895176573297f,-0.4108926951971035f,-0.6151699259825767f,-0.21127567372339154f,0f,0f,0f,1f],start_interpolation:0}
execute if entity @s[tag=aj.dino.bone.leg_left_1] run data modify entity @s {} merge value {transformation:[-0.5595344527733686f,-0.7886047655146675f,0.2549974901193393f,0.16576949209331845f,0.03962951340001747f,0.2818597116945519f,0.9586368470860804f,0.24612801830429998f,-0.8278591050579106f,0.5464957700943526f,-0.1264581964195892f,-0.039615650972543937f,0f,0f,0f,1f],start_interpolation:0}
execute if entity @s[tag=aj.dino.bone.leg_left_0] run data modify entity @s {} merge value {transformation:[-0.5899343590455298f,0.5128356861578788f,0.6236802153511984f,0.24775899580077484f,-0.005863412923034772f,0.769664886688586f,-0.6384211639564746f,0.599613167803129f,-0.8074299179535234f,-0.3802834747942953f,-0.4510447942188699f,-0.24609385546407986f,0f,0f,0f,1f],start_interpolation:0}
execute if entity @s[tag=aj.dino.bone.leg_right_3] run data modify entity @s {} merge value {transformation:[-0.42715396122981586f,-0.00425773023977119f,0.9041688808728607f,-0.2311006391741778f,-0.00175808444120637f,0.999990933576705f,0.0038783892902438666f,0.014697219389878391f,-0.9041771964304202f,0.00006706410683338104f,-0.4271575739204808f,-0.20768335725278966f,0f,0f,0f,1f],start_interpolation:0}
execute if entity @s[tag=aj.dino.bone.leg_right_2] run data modify entity @s {} merge value {transformation:[-0.7197501328905422f,0.569011760674005f,0.4585276021347121f,-0.08317766248978661f,0.30366135217601453f,0.8182712059060723f,-0.5387803042802792f,0.18831323111222872f,-0.6646891972188017f,-0.24232220141865823f,-0.7426509417626388f,-0.28608836671308724f,0f,0f,0f,1f],start_interpolation:0}
execute if entity @s[tag=aj.dino.bone.leg_right_1] run data modify entity @s {} merge value {transformation:[-0.7711948718705438f,-0.6355704297831458f,0.03617593655791157f,-0.273119750571303f,-0.30756116864198196f,0.42174117144638923f,0.8529598535984007f,0.2515240630479613f,-0.557372942601409f,0.6466719516820671f,-0.5207214128145226f,-0.0938911254191716f,0f,0f,0f,1f],start_interpolation:0}
execute if entity @s[tag=aj.dino.bone.leg_right_0] run data modify entity @s {} merge value {transformation:[-0.759612857260317f,0.22966907746896376f,0.6084738465533025f,-0.14415332084697072f,-0.2639202468372454f,0.7462268589485798f,-0.6111395734961891f,0.6249550528001686f,-0.5944193893154769f,-0.6248180453846477f,-0.506229196873831f,-0.22888829006087352f,0f,0f,0f,1f],start_interpolation:0}
execute if entity @s[tag=aj.dino.bone.tail_4] run data modify entity @s {} merge value {transformation:[0.7056774024364131f,-2.648612621599964f,0.33545777080276445f,-0.9004691292877389f,2.4714962367996223f,0.7793109332568183f,0.9539612950176195f,0.7017565231935255f,-1.0096470109775508f,0.05645335780757655f,2.5696473032726392f,-0.3917645243969111f,0f,0f,0f,1f],start_interpolation:0}
execute if entity @s[tag=aj.dino.bone.tail_3] run data modify entity @s {} merge value {transformation:[0.4809495878332454f,-1.9166754453448316f,-0.6564969590330684f,-0.7703953313626515f,1.9891082546797585f,0.31855732162767547f,0.5271765454254316f,0.6092495289586659f,-0.3848134238463121f,-0.74888049520203f,1.904479498124904f,-0.7073654853361022f,0f,0f,0f,1f],start_interpolation:0}
execute if entity @s[tag=aj.dino.bone.tail_2] run data modify entity @s {} merge value {transformation:[0.4068304077905896f,-1.2930798099464405f,-1.4075537287821716f,-0.5087410308347766f,1.911176989879287f,0.25578470016333776f,0.31741231154615984f,0.5517173484878564f,-0.025795496809861467f,-1.442668592322577f,1.3178830752662027f,-0.9527194321042015f,0f,0f,0f,1f],start_interpolation:0}
execute if entity @s[tag=aj.dino.bone.tail_1] run data modify entity @s {} merge value {transformation:[-0.24220428059220306f,0.14588406946111493f,-1.4858368600691927f,-0.19055740294511414f,1.0498718789560104f,1.0868645344185854f,-0.06442648213621795f,0.5512923944037629f,1.0614906378485824f,-1.0416811278412108f,-0.2753076527437513f,-0.8817569395054534f,0f,0f,0f,1f],start_interpolation:0}
execute if entity @s[tag=aj.dino.bone.tail_0] run data modify entity @s {} merge value {transformation:[-1.011510520593248f,0.008980452926039087f,-0.7814099658811927f,0.038005465069088404f,0.1790957726563252f,1.2467766278313475f,-0.2175050829156762f,0.6449393758873945f,0.7606621375682093f,-0.28160807577689345f,-0.9878895285969106f,-0.59986836306982f,0f,0f,0f,1f],start_interpolation:0}
execute if entity @s[tag=aj.dino.bone.body_1] run data modify entity @s {} merge value {transformation:[-1.2326085133277325f,0.08501630587456455f,-0.04531087798409544f,0.042813157977703326f,0.0797030913912284f,1.2265814637737475f,0.13322884449541053f,0.5313465697674419f,0.05411344704348995f,0.12990279257330567f,-1.2283328516273504f,-0.3230480562032129f,0f,0f,0f,1f],start_interpolation:0}