execute if entity @s[tag=aj.dino.bone.head_lower] run data modify entity @s {} merge value {transformation:[-0.17520770467448377f,-0.07142219953394113f,0.981937436722133f,-0.16487802229420706f,-0.3132998245974449f,0.9495630043481279f,0.013165131240048866f,0.46535005129615226f,-0.9333517451260853f,-0.3053341942644016f,-0.18874731702198977f,0.5160572327654949f,0f,0f,0f,1f],start_interpolation:0}
execute if entity @s[tag=aj.dino.bone.head_upper] run data modify entity @s {} merge value {transformation:[-0.1823736267924599f,-0.5768006253362583f,0.8470612973367235f,-0.11949236762344267f,-0.3261136568818868f,0.8483093737138813f,0.5074377122837767f,0.5192787980691855f,-0.9715254426051818f,-0.17647715904436803f,-0.32934187296780426f,0.4890889344618747f,0f,0f,0f,1f],start_interpolation:0}
execute if entity @s[tag=aj.dino.bone.neck_0] run data modify entity @s {} merge value {transformation:[-0.4540657137633301f,0.10617399064732826f,0.8846193595522419f,-0.06386790413417429f,-0.1658550723947002f,0.9654472382590372f,-0.2010067787387952f,0.4906638958979765f,-0.8753950094360523f,-0.23798889437958926f,-0.4207669944356785f,0.4660272196609308f,0f,0f,0f,1f],start_interpolation:0}
execute if entity @s[tag=aj.dino.bone.neck_1] run data modify entity @s {} merge value {transformation:[-0.5964748363949788f,-0.1952197152770077f,0.7785287613921192f,0.0011843473199146803f,-0.296933454307022f,0.9548236605117987f,0.011928999964343295f,0.4960731920141012f,-0.7456864577427184f,-0.22405588609544194f,-0.6274955510958649f,0.411837913143747f,0f,0f,0f,1f],start_interpolation:0}
execute if entity @s[tag=aj.dino.bone.neck_2] run data modify entity @s {} merge value {transformation:[-0.8593860715851964f,-0.28244894947032273f,0.4262372237480844f,0.03576057315351712f,-0.25399956709490445f,0.9592800714341815f,0.12355551167322697f,0.5162895329523988f,-0.4437789989183407f,-0.002082184512194052f,-0.8961338430316602f,0.3333094816026111f,0f,0f,0f,1f],start_interpolation:0}
execute if entity @s[tag=aj.dino.bone.body_0] run data modify entity @s {} merge value {transformation:[-0.9326463742945622f,-0.28207440527506605f,0.2249550408502219f,0.13909392902157192f,-0.31387392260729297f,0.9418058611096678f,-0.12035314988228704f,0.4685394228215849f,-0.17791543278287664f,-0.1828544499545881f,-0.9669076217041039f,-0.12413237180683157f,0f,0f,0f,1f],start_interpolation:0}
execute if entity @s[tag=aj.dino.bone.leg_left_3] run data modify entity @s {} merge value {transformation:[-0.9681683051647857f,0.08271440487262456f,-0.23623814277316388f,0.4076605086347421f,0.07474969071224843f,0.9962966761359653f,0.04249019720887831f,0.015954327879920627f,0.23887782779648922f,0.023478934111107547f,-0.9707657405575436f,-0.2663150132011741f,0f,0f,0f,1f],start_interpolation:0}
execute if entity @s[tag=aj.dino.bone.leg_left_2] run data modify entity @s {} merge value {transformation:[-0.9558516607300624f,-0.2546707345483373f,0.2712058611919845f,0.3551957185440998f,-0.33039520949661444f,0.9248024277037531f,-0.2960433663428817f,0.22186279703445816f,-0.17102282807264046f,-0.363243012566722f,-0.9438579901659897f,-0.38042119268850627f,0f,0f,0f,1f],start_interpolation:0}
execute if entity @s[tag=aj.dino.bone.leg_left_1] run data modify entity @s {} merge value {transformation:[-0.9383019232920765f,-0.315721145649944f,0.14110159083396873f,0.2806275195510073f,0.031037067528224178f,0.32949341142120125f,0.9436475996203597f,0.26071020764513453f,-0.34442154576280287f,0.8898057372367888f,-0.29936524313095475f,-0.11595220008722293f,0f,0f,0f,1f],start_interpolation:0}
execute if entity @s[tag=aj.dino.bone.leg_left_0] run data modify entity @s {} merge value {transformation:[-0.9513589669069055f,0.1993825890874319f,0.2348674078168736f,0.22917207056683125f,-0.012569623170654048f,0.7365927107472838f,-0.6762197742208638f,0.6035074203526023f,-0.3078280699662933f,-0.6462799406161083f,-0.6982579163160748f,-0.34865305159894605f,0f,0f,0f,1f],start_interpolation:0}
execute if entity @s[tag=aj.dino.bone.leg_right_3] run data modify entity @s {} merge value {transformation:[-0.7063143767930529f,-0.026457894529178502f,0.707403690231062f,-0.1664193524965465f,-0.008082188544135865f,0.9995375660464723f,0.029314370029594777f,-0.0024911514320185846f,-0.7078521592562803f,0.014987790997269324f,-0.7062015907354248f,-0.20991447357546827f,0f,0f,0f,1f],start_interpolation:0}
execute if entity @s[tag=aj.dino.bone.leg_right_2] run data modify entity @s {} merge value {transformation:[-0.9779943490169067f,0.2882899243264143f,0.1117057398863702f,-0.09424994281055524f,0.24115652469022728f,0.9432114769450709f,-0.3228898261932773f,0.20701720747152766f,-0.19347553693173417f,-0.28160828963591117f,-0.9671226330295497f,-0.30514522449729015f,0f,0f,0f,1f],start_interpolation:0}
execute if entity @s[tag=aj.dino.bone.leg_right_1] run data modify entity @s {} merge value {transformation:[-0.958820729466348f,-0.18947660060941046f,-0.21156896409237871f,-0.1535995036707969f,-0.24937064207425588f,0.2051195269165951f,0.9464355564691057f,0.20758000797420567f,-0.13593046611077908f,0.9602211190652985f,-0.24392275597797777f,-0.034053545279619804f,0f,0f,0f,1f],start_interpolation:0}
execute if entity @s[tag=aj.dino.bone.leg_right_0] run data modify entity @s {} merge value {transformation:[-0.9664140957960456f,-0.09830980710991355f,0.23744257679010078f,-0.09915803578020406f,-0.19837657274772594f,0.8727377630806582f,-0.44606673522897355f,0.6096241978833056f,-0.1633723686293907f,-0.4781882251990114f,-0.8629284387766125f,-0.13256179112079922f,0f,0f,0f,1f],start_interpolation:0}
execute if entity @s[tag=aj.dino.bone.tail_4] run data modify entity @s {} merge value {transformation:[-0.02531460646830391f,-2.300160793772133f,1.5278353396531021f,-0.6238950146636328f,2.7610954903043012f,-0.04158143811252947f,-0.01685256733391587f,0.4920181789687083f,0.0370431602405243f,1.5274791777297805f,2.300238356666836f,0.2713449357067507f,0f,0f,0f,1f],start_interpolation:0}
execute if entity @s[tag=aj.dino.bone.tail_3] run data modify entity @s {} merge value {transformation:[0.14719958748704903f,-1.8960516753111767f,0.8480954262568385f,-0.7491463041656282f,2.0565062483974907f,0.0136563639230614f,-0.3264063113221363f,0.5472309890663916f,0.2916502319391585f,0.860666645292198f,1.8735363871395059f,-0.054759899452083094f,0f,0f,0f,1f],start_interpolation:0}
execute if entity @s[tag=aj.dino.bone.tail_2] run data modify entity @s {} merge value {transformation:[0.2879187052333041f,-1.9319761570105027f,0.05783444408381953f,-0.7601444202636228f,1.9019334105879764f,0.2727726353183509f,-0.3563962206778401f,0.6149555502572662f,0.3442760460281015f,0.1087984060875366f,1.920523570791789f,-0.411500574484997f,0f,0f,0f,1f],start_interpolation:0}
execute if entity @s[tag=aj.dino.bone.tail_1] run data modify entity @s {} merge value {transformation:[0.6508231093009529f,-0.6424222199066519f,-1.2047320124285112f,-0.49366836254593316f,0.8595061727931518f,1.229739329571044f,-0.1914329392675886f,0.6402963420073916f,1.0608179246837361f,-0.6022384267683099f,0.8942205868762593f,-0.5975786009565378f,0f,0f,0f,1f],start_interpolation:0}
execute if entity @s[tag=aj.dino.bone.tail_0] run data modify entity @s {} merge value {transformation:[-0.2168654205986616f,-0.0744112820755981f,-1.2574848178139009f,-0.1279977489028905f,0.040738609877340556f,1.2749020195860974f,-0.08246770704087525f,0.6951609795038145f,1.2590256040279146f,-0.05406956758827959f,-0.21393159384950378f,-0.5363676119832492f,0f,0f,0f,1f],start_interpolation:0}
execute if entity @s[tag=aj.dino.bone.body_1] run data modify entity @s {} merge value {transformation:[-1.0326352785409034f,0.19289269339906245f,-0.6519673192747132f,0.010582828458716068f,0.019237956395367142f,1.1933815978276288f,0.3226063515437284f,0.5397768023255815f,0.6796314277626737f,0.2593016888797314f,-0.9997341404581712f,-0.32140923725037573f,0f,0f,0f,1f],start_interpolation:0}