execute if entity @s[tag=aj.dino.bone.head_lower] run data modify entity @s {} merge value {transformation:[0.2771830316757131f,0.24652687582124191f,0.9286517465922729f,-0.5946661924808634f,-0.47834460710368787f,0.873635741980658f,-0.08914610024405967f,0.7459845597801174f,-0.833280267260589f,-0.4195057685321189f,0.3600818050976715f,0.09781367312940664f,0f,0f,0f,1f],start_interpolation:0}
execute if entity @s[tag=aj.dino.bone.head_upper] run data modify entity @s {} merge value {transformation:[0.28851970217831996f,-0.19790869917525733f,0.980336916998028f,-0.5314387709033559f,-0.49790870222397576f,0.8564568399268844f,0.3194378627770954f,0.7870827113231118f,-0.8673610829914359f,-0.5574816326272283f,0.14272674444094438f,0.09486552248771944f,0f,0f,0f,1f],start_interpolation:0}
execute if entity @s[tag=aj.dino.bone.neck_0] run data modify entity @s {} merge value {transformation:[0.10864173315171272f,0.3291172393147518f,0.9380185587735611f,-0.47616202685718645f,-0.36151231994398847f,0.8920756659364604f,-0.27112699749884017f,0.755187884270076f,-0.9260160993991989f,-0.30964955842025255f,0.21589658316804222f,0.11415121223965961f,0f,0f,0f,1f],start_interpolation:0}
execute if entity @s[tag=aj.dino.bone.neck_1] run data modify entity @s {} merge value {transformation:[0.01797566699043035f,0.10196989217371424f,0.9946250632707434f,-0.3914344669971913f,-0.5650781170648483f,0.8217093771513595f,-0.07402986637817466f,0.7527020953327126f,-0.8248415587315509f,-0.5607101217131772f,0.07239172879341493f,0.11770062036793487f,0f,0f,0f,1f],start_interpolation:0}
execute if entity @s[tag=aj.dino.bone.neck_2] run data modify entity @s {} merge value {transformation:[-0.3632861538691762f,0.06117350959832765f,0.9296671297461069f,-0.30938972703554807f,-0.4140291873950236f,0.8832996297742477f,-0.21991270091946435f,0.7420841488246691f,-0.8346274632385144f,-0.4648005655806593f,-0.2955629067456562f,0.08725640497782661f,0f,0f,0f,1f],start_interpolation:0}
execute if entity @s[tag=aj.dino.bone.body_0] run data modify entity @s {} merge value {transformation:[-0.5767083053214112f,0.27241525660651106f,0.7701931306765303f,0.05619450306630837f,-0.35665936476530374f,0.7642212874899417f,-0.5373638630131601f,0.49610673834100405f,-0.7349841005753228f,-0.5845987955129783f,-0.3435733112252156f,-0.08023744247845588f,0f,0f,0f,1f],start_interpolation:0}
execute if entity @s[tag=aj.dino.bone.leg_left_3] run data modify entity @s {} merge value {transformation:[-0.9639838226127615f,0.0671318476656429f,0.25734899411088413f,0.36912276295953045f,0.07361593536075f,0.9971641328449775f,0.015632857335919736f,0.01043585931059507f,-0.2555697239538539f,0.03401480848866101f,-0.9661920663106429f,-0.10359534975923694f,0f,0f,0f,1f],start_interpolation:0}
execute if entity @s[tag=aj.dino.bone.leg_left_2] run data modify entity @s {} merge value {transformation:[-0.6850321051095464f,-0.03821306805740693f,0.7624519498955439f,0.3827157887207632f,-0.3291854649990778f,0.9390686728063355f,-0.24869490724134624f,0.22113492572250354f,-0.6887888966172571f,-0.41079433867092274f,-0.6394373047558255f,-0.22018096263587028f,0f,0f,0f,1f],start_interpolation:0}
execute if entity @s[tag=aj.dino.bone.leg_left_1] run data modify entity @s {} merge value {transformation:[-0.5854146121166092f,-0.7701817345616236f,0.2531991857570006f,0.17171164218840518f,0.04021477276517421f,0.2843383111045849f,0.9578802100939539f,0.24677748265095034f,-0.8097360705636161f,0.570939419365873f,-0.13548311866189872f,-0.041762647768567085f,0f,0f,0f,1f],start_interpolation:0}
execute if entity @s[tag=aj.dino.bone.leg_left_0] run data modify entity @s {} merge value {transformation:[-0.6152622496127667f,0.502393668680351f,0.6074972970074315f,0.24797364485940135f,-0.005183022989027425f,0.768025631738245f,-0.6403981302797229f,0.599859057560062f,-0.7883054614006761f,-0.39716146673987335f,-0.46993326000922675f,-0.2511063531259613f,0f,0f,0f,1f],start_interpolation:0}
execute if entity @s[tag=aj.dino.bone.leg_right_3] run data modify entity @s {} merge value {transformation:[-0.44389890185196446f,-0.006966763902396783f,0.896049791660792f,-0.22647894567477767f,-0.004022997026250669f,0.9999751927926623f,0.005781807174723208f,0.013026860201274082f,-0.8960678436533404f,-0.0010382677916442873f,-0.4439159172303308f,-0.20598265157843088f,0f,0f,0f,1f],start_interpolation:0}
execute if entity @s[tag=aj.dino.bone.leg_right_2] run data modify entity @s {} merge value {transformation:[-0.7394707149939365f,0.5539082436210326f,0.4454558550695161f,-0.08244995833767788f,0.30042412718682315f,0.826113962215771f,-0.5285293414153f,0.18879282986075216f,-0.6441976443383558f,-0.25056651528390084f,-0.757817930606086f,-0.28680991667090217f,0f,0f,0f,1f],start_interpolation:0}
execute if entity @s[tag=aj.dino.bone.leg_right_1] run data modify entity @s {} merge value {transformation:[-0.7849583443887552f,-0.6192855909681434f,0.018048667366371896f,-0.2672806703910818f,-0.30490676256831345f,0.4115079410629169f,0.858890610370302f,0.24896193194686195f,-0.5393257491670269f,0.6686901907919666f,-0.5118409567668739f,-0.08874257283111461f,0f,0f,0f,1f],start_interpolation:0}
execute if entity @s[tag=aj.dino.bone.leg_right_0] run data modify entity @s {} merge value {transformation:[-0.7745477202918136f,0.20986266625511474f,0.5966854198847571f,-0.14339466927590813f,-0.2608474037959178f,0.753417807548527f,-0.6035894624674129f,0.6242443988541445f,-0.5762243147626488f,-0.6231526848061117f,-0.528815913617632f,-0.22336280654109117f,0f,0f,0f,1f],start_interpolation:0}
execute if entity @s[tag=aj.dino.bone.tail_4] run data modify entity @s {} merge value {transformation:[0.6396039513788282f,-2.653836200156854f,0.4167991599291195f,-0.9011570480072449f,2.505011834838129f,0.7439559392661613f,0.8928082657275943f,0.6938304793927598f,-0.9703008936930334f,0.1713018235969325f,2.579696337271282f,-0.3514910458208366f,0f,0f,0f,1f],start_interpolation:0}
execute if entity @s[tag=aj.dino.bone.tail_3] run data modify entity @s {} merge value {transformation:[0.44155977065902613f,-1.9480227360563445f,-0.5883688594644912f,-0.7823285003052718f,2.000859446540403f,0.30590007701252786f,0.4888068576832847f,0.6079534273559404f,-0.3708530304177455f,-0.6690127717284089f,1.93670737777773f,-0.6733382325714294f,0f,0f,0f,1f],start_interpolation:0}
execute if entity @s[tag=aj.dino.bone.tail_2] run data modify entity @s {} merge value {transformation:[0.38782448438550376f,-1.3560907607275237f,-1.352547186971065f,-0.530928843231152f,1.9152003761320366f,0.2606519484967151f,0.2878227857751162f,0.555926008347103f,-0.019327792879699164f,-1.3826974670610666f,1.3807780509582581f,-0.9303651651357705f,0f,0f,0f,1f],start_interpolation:0}
execute if entity @s[tag=aj.dino.bone.tail_1] run data modify entity @s {} merge value {transformation:[-0.20068861358773968f,0.099158761554377f,-1.4958435313839593f,-0.21006038560171827f,1.041990573915023f,1.094252228801914f,-0.06726034221059117f,0.556028091979025f,1.0777921758152045f,-1.039440161706794f,-0.21350509591689182f,-0.872744860760763f,0f,0f,0f,1f],start_interpolation:0}
execute if entity @s[tag=aj.dino.bone.tail_0] run data modify entity @s {} merge value {transformation:[-0.9825084452498587f,-0.00018632927571881288f,-0.8176263430676232f,0.02886453878956215f,0.17448214811330934f,1.2487239729224417f,-0.2099526994886867f,0.647515084397507f,0.7987921203833311f,-0.2729910645318314f,-0.9598139109657177f,-0.5988526885038274f,0f,0f,0f,1f],start_interpolation:0}
execute if entity @s[tag=aj.dino.bone.body_1] run data modify entity @s {} merge value {transformation:[-1.230897563965804f,0.0861025255147748f,-0.077988057927337f,0.041196053699481754f,0.07669465337703224f,1.2257018704082816f,0.14274960622456068f,0.5317680813953489f,0.08725658841988379f,0.13728027911491075f,-1.2256202543201158f,-0.3231599485865853f,0f,0f,0f,1f],start_interpolation:0}