execute if entity @s[tag=aj.dino.bone.head_lower] run data modify entity @s {} merge value {transformation:[0.33964573989116553f,0.2854964038321107f,0.8961766426172437f,-0.6201414645427077f,-0.4651448291109978f,0.8791303972693443f,-0.10377876732908731f,0.8075915858246466f,-0.8174845927141886f,-0.3816039150689846f,0.4313900702136524f,-0.05486974128148807f,0f,0f,0f,1f],start_interpolation:0}
execute if entity @s[tag=aj.dino.bone.head_upper] run data modify entity @s {} merge value {transformation:[0.35353710913365594f,-0.10272533677027013f,0.9736174609333786f,-0.5552197640584032f,-0.4841690588112922f,0.8813614428812305f,0.2688015477552342f,0.8457624946671283f,-0.8509193719376187f,-0.544170428056557f,0.2515685001615638f,-0.050010624472634144f,0f,0f,0f,1f],start_interpolation:0}
execute if entity @s[tag=aj.dino.bone.neck_0] run data modify entity @s {} merge value {transformation:[0.2341618955902231f,0.4094590651920519f,0.881766114446254f,-0.5049250657131706f,-0.39868897463041425f,0.8676524036391495f,-0.29702930489659535f,0.8126012238981749f,-0.8866878301644507f,-0.2819974829519884f,0.36641794640410386f,-0.021453494125782055f,0f,0f,0f,1f],start_interpolation:0}
execute if entity @s[tag=aj.dino.bone.neck_1] run data modify entity @s {} merge value {transformation:[0.14503961213960412f,0.2346776950106425f,0.9611919113137006f,-0.4224183643748621f,-0.6202797525227937f,0.778427221173327f,-0.09645771066448477f,0.8080161067019834f,-0.7708544217429478f,-0.5822176919339223f,0.2584686048217103f,-0.0022400150264730145f,0f,0f,0f,1f],start_interpolation:0}
execute if entity @s[tag=aj.dino.bone.neck_2] run data modify entity @s {} merge value {transformation:[-0.21539827523860638f,0.22290570462083886f,0.95074530231378f,-0.33694355913810414f,-0.44590091482031224f,0.8437234906853499f,-0.2988361514745771f,0.7900963988626657f,-0.8687784281315012f,-0.48830699166939573f,-0.08234272706282234f,-0.01423468612794243f,0f,0f,0f,1f],start_interpolation:0}
execute if entity @s[tag=aj.dino.bone.body_0] run data modify entity @s {} merge value {transformation:[-0.4291445182843689f,0.4675668198693396f,0.7727976781692278f,0.031727247009540084f,-0.36707198064178925f,0.691466969117978f,-0.6221989968221668f,0.5034434321211766f,-0.8252836745351205f,-0.5506856631292208f,-0.125108580719866f,-0.07844386036242229f,0f,0f,0f,1f],start_interpolation:0}
execute if entity @s[tag=aj.dino.bone.leg_left_3] run data modify entity @s {} merge value {transformation:[-0.9214825363740707f,0.059877862038857116f,0.38377672779268956f,0.3500277727742084f,0.06667082641591437f,0.997765285232314f,0.004408683510650047f,0.010133033641147982f,-0.38265511372857436f,0.029649236464598702f,-0.9234153922880199f,-0.062909162414593f,0f,0f,0f,1f],start_interpolation:0}
execute if entity @s[tag=aj.dino.bone.leg_left_2] run data modify entity @s {} merge value {transformation:[-0.562937172552982f,0.014508025992369392f,0.8572942647892567f,0.37903047677951485f,-0.3350416507912211f,0.9402941322401289f,-0.23591574048920455f,0.22150360120053808f,-0.7892471295442525f,-0.40951027039291804f,-0.5113242674170384f,-0.17539204287209836f,0f,0f,0f,1f],start_interpolation:0}
execute if entity @s[tag=aj.dino.bone.leg_left_1] run data modify entity @s {} merge value {transformation:[-0.45046358789661706f,-0.8545754271436273f,0.25842483491644735f,0.14213441844855565f,0.036155209054338174f,0.27175723365393195f,0.9616864389264304f,0.243607253188925f,-0.8920624175681564f,0.4425481276415576f,-0.09151938528753106f,-0.03254572063803926f,0f,0f,0f,1f],start_interpolation:0}
execute if entity @s[tag=aj.dino.bone.leg_left_0] run data modify entity @s {} merge value {transformation:[-0.482706572574577f,0.5484232255340524f,0.6828076819193898f,0.2457513792740873f,-0.009721746911173557f,0.776251228164689f,-0.6303487276181391f,0.5985726374407728f,-0.8757281841018363f,-0.31091155730792275f,-0.36936993800533147f,-0.22637652308355183f,0f,0f,0f,1f],start_interpolation:0}
execute if entity @s[tag=aj.dino.bone.leg_right_3] run data modify entity @s {} merge value {transformation:[-0.35698154946437366f,0.007079086610703111f,0.9340846106615681f,-0.25032889766763305f,0.009126690973071533f,0.9999499852895345f,-0.004090284995146631f,0.022221886562721144f,-0.9340668481719587f,0.007064945308891624f,-0.3570283037714031f,-0.21705543520781595f,0f,0f,0f,1f],start_interpolation:0}
execute if entity @s[tag=aj.dino.bone.leg_right_2] run data modify entity @s {} merge value {transformation:[-0.6341589680185848f,0.6281244617432283f,0.5053357926587804f,-0.08731303771905938f,0.31641096505504274f,0.7852864137294069f,-0.5790263803192714f,0.18688562763075445f,-0.7414773792741316f,-0.20210667597207382f,-0.6792837308908399f,-0.284008805912526f,0f,0f,0f,1f],start_interpolation:0}
execute if entity @s[tag=aj.dino.bone.leg_right_1] run data modify entity @s {} merge value {transformation:[-0.7123724551883108f,-0.6926574190731701f,0.1129211445738712f,-0.2956626696686594f,-0.3178882910027497f,0.4619210244883213f,0.8279951700215473f,0.2621304321206591f,-0.6256776482601318f,0.5539446424856502f,-0.5492474975173907f,-0.11685009114267644f,0f,0f,0f,1f],start_interpolation:0}
execute if entity @s[tag=aj.dino.bone.leg_right_0] run data modify entity @s {} merge value {transformation:[-0.6959903737507703f,0.31062016510022267f,0.6473889964151178f,-0.14547789248250997f,-0.27596994612813447f,0.7166315580521572f,-0.6405308726656133f,0.6277350666577729f,-0.6629011905859707f,-0.6244632279300744f,-0.4130468357012971f,-0.25133080526549473f,0f,0f,0f,1f],start_interpolation:0}
execute if entity @s[tag=aj.dino.bone.tail_4] run data modify entity @s {} merge value {transformation:[0.9969287192938755f,-2.563159793501145f,0.249010709059354f,-0.879775849507425f,2.373635952523583f,1.018147675852881f,0.9771842234926026f,0.7304679210847004f,-0.9988227195726666f,-0.13873901662670793f,2.5707520284404954f,-0.5538438376763756f,0f,0f,0f,1f],start_interpolation:0}
execute if entity @s[tag=aj.dino.bone.tail_3] run data modify entity @s {} merge value {transformation:[0.6492274283960326f,-1.7574038409290103f,-0.9088349752021436f,-0.7084734466588816f,1.9356639072090676f,0.36623920360211787f,0.6745514139911478f,0.6125049906023343f,-0.4094563598124285f,-1.0551521746541084f,1.74784006813447f,-0.8398874309363776f,0f,0f,0f,1f],start_interpolation:0}
execute if entity @s[tag=aj.dino.bone.tail_2] run data modify entity @s {} merge value {transformation:[0.488247312854026f,-1.0163864992892255f,-1.5960410146848334f,-0.41165372806750883f,1.8918948853124382f,0.23303841494633465f,0.4303495266532924f,0.5339583579131328f,-0.03349894658397146f,-1.652702470568938f,1.0422217803115952f,-1.0340522194992543f,0f,0f,0f,1f],start_interpolation:0}
execute if entity @s[tag=aj.dino.bone.tail_1] run data modify entity @s {} merge value {transformation:[-0.39994898299216997f,0.3322170742508866f,-1.4203270315598837f,-0.1096941080128731f,1.0794700986210497f,1.0579255318919845f,-0.0565165918480894f,0.5321567557927176f,0.9810409610136525f,-1.0286309515794494f,-0.5168493477466782f,-0.9111953145850904f,0f,0f,0f,1f],start_interpolation:0}
execute if entity @s[tag=aj.dino.bone.tail_0] run data modify entity @s {} merge value {transformation:[-1.1124994011368057f,0.049435403868711036f,-0.6274846132763849f,0.07486444444257645f,0.19504490752907122f,1.2386197517558806f,-0.24822230196177886f,0.634583182666314f,0.598446558266695f,-0.31178994209012895f,-1.0855802436919204f,-0.601487582853643f,0f,0f,0f,1f],start_interpolation:0}
execute if entity @s[tag=aj.dino.bone.body_1] run data modify entity @s {} merge value {transformation:[-1.230460259976024f,0.08518645987107218f,0.08553017438670538f,0.04924196438701996f,0.09171913460045736f,1.2292835905102928f,0.0951527693055555f,0.529660523255814f,-0.07848403674715777f,0.10104314035602459f,-1.2297296999012075f,-0.32239862595089824f,0f,0f,0f,1f],start_interpolation:0}