execute if entity @s[tag=aj.dino.bone.head_lower] run data modify entity @s {} merge value {transformation:[-0.002848254456949681f,0.2519860089643111f,0.9677266859670591f,-0.5796535657990387f,-0.2689474936973446f,0.9318810966219941f,-0.24344376638662826f,0.8864668138420415f,-0.9631506284483572f,-0.26096105656750523f,0.06511677107094743f,0.10837086230896051f,0f,0f,0f,1f],start_interpolation:0}
execute if entity @s[tag=aj.dino.bone.head_upper] run data modify entity @s {} merge value {transformation:[-0.002964746877466233f,-0.16054473310409167f,1.0284398580043443f,-0.5123615413246314f,-0.27994733412811035f,0.9906735146760707f,0.15384219192872103f,0.9192306974984412f,-1.0025430878391333f,-0.2761581405198937f,-0.04599979384821264f,0.09868748161405132f,0f,0f,0f,1f],start_interpolation:0}
execute if entity @s[tag=aj.dino.bone.neck_0] run data modify entity @s {} merge value {transformation:[-0.09181410037005526f,0.398216535887715f,0.9126849190815118f,-0.4597797567748778f,-0.2176342970346069f,0.8863729437245735f,-0.4086298048200683f,0.8784907563942015f,-0.9717023637552242f,-0.23614951869233786f,0.00528404143504998f,0.10317628843583194f,0f,0f,0f,1f],start_interpolation:0}
execute if entity @s[tag=aj.dino.bone.neck_1] run data modify entity @s {} merge value {transformation:[-0.10260969860204167f,0.14567122579805844f,0.9839975323786587f,-0.37575116168644457f,-0.4968286492818933f,0.8494888137959126f,-0.17756702534069602f,0.867361987559693f,-0.8617613028011456f,-0.507098263860275f,-0.014792152796917313f,0.09958706063260628f,0f,0f,0f,1f],start_interpolation:0}
execute if entity @s[tag=aj.dino.bone.neck_2] run data modify entity @s {} merge value {transformation:[-0.427873413069769f,0.19053407002989367f,0.8835276512627495f,-0.29648206534905674f,-0.32241724215040857f,0.8810424006806014f,-0.3461378485041587f,0.8456636717510284f,-0.8443763760031138f,-0.4329677313158647f,-0.3155431496436606f,0.06770408945578485f,0f,0f,0f,1f],start_interpolation:0}
execute if entity @s[tag=aj.dino.bone.body_0] run data modify entity @s {} merge value {transformation:[-0.5869480588443117f,0.4602944238857536f,0.6660488116936901f,0.021809121674677218f,-0.22979295332878868f,0.694120305749204f,-0.6821965990439008f,0.5307593364215277f,-0.776329295350451f,-0.5534672930592321f,-0.30164015099843466f,-0.07973025035971665f,0f,0f,0f,1f],start_interpolation:0}
execute if entity @s[tag=aj.dino.bone.leg_left_3] run data modify entity @s {} merge value {transformation:[-0.8831295275835382f,0.04171665107646716f,0.46727075505860616f,0.3260679404361294f,0.04199253730715996f,0.9990695720903018f,-0.009829391324359726f,0.011975711561193536f,-0.467246042594887f,0.010941258897627953f,-0.8840596272498544f,-0.06769594776474104f,0f,0f,0f,1f],start_interpolation:0}
execute if entity @s[tag=aj.dino.bone.leg_left_2] run data modify entity @s {} merge value {transformation:[-0.5773976074306455f,0.0946955832955955f,0.8424410655579216f,0.3732807836314092f,-0.280775593067092f,0.9403916579687028f,-0.29814559440211524f,0.221530018188219f,-0.7998995366743773f,-0.39844507228459314f,-0.5034525351023034f,-0.17737280073518366f,0f,0f,0f,1f],start_interpolation:0}
execute if entity @s[tag=aj.dino.bone.leg_left_1] run data modify entity @s {} merge value {transformation:[-0.4345262508731834f,-0.8367898837936938f,0.33312104058829933f,0.13693749296467622f,0.08155611948579397f,0.3317873226415108f,0.9398222022855158f,0.26019737902798545f,-0.8969590496095762f,0.43554547743595495f,-0.07592496564748473f,-0.03715842978030237f,0f,0f,0f,1f],start_interpolation:0}
execute if entity @s[tag=aj.dino.bone.leg_left_0] run data modify entity @s {} merge value {transformation:[-0.46875642781747384f,0.55844385510282f,0.6844032963667708f,0.24598104744123256f,0.03016083618602739f,0.7844682932266337f,-0.6194350820567495f,0.6221379833950269f,-0.8828124009892254f,-0.26972200062285023f,-0.38456768850183715f,-0.21440340348052375f,0f,0f,0f,1f],start_interpolation:0}
execute if entity @s[tag=aj.dino.bone.leg_right_3] run data modify entity @s {} merge value {transformation:[-0.4642038537749572f,0.038836733423922576f,0.8848765395677738f,-0.26413239917692083f,0.08705625678344739f,0.9962014948287592f,0.0019467551979194808f,0.06395115434322449f,-0.8814397258436523f,0.07793773051549108f,-0.4658215536734664f,-0.23176833448025616f,0f,0f,0f,1f],start_interpolation:0}
execute if entity @s[tag=aj.dino.bone.leg_right_2] run data modify entity @s {} merge value {transformation:[-0.6612472771128275f,0.6003476189550214f,0.5043778092130964f,-0.1075788627170268f,0.3043199371752992f,0.8045645282736018f,-0.5586837165894432f,0.23375603310579623f,-0.7226365710709557f,-0.2105251903207963f,-0.696805374471164f,-0.3012547751456448f,0f,0f,0f,1f],start_interpolation:0}
execute if entity @s[tag=aj.dino.bone.leg_right_1] run data modify entity @s {} merge value {transformation:[-0.7216560885219429f,-0.6877986472939401f,0.07839330762148011f,-0.312962180578372f,-0.3367784908181771f,0.44776437168861594f,0.8283038787598005f,0.3047623345359027f,-0.604808017491039f,0.571349357422344f,-0.5547676754747288f,-0.1286593419463618f,0f,0f,0f,1f],start_interpolation:0}
execute if entity @s[tag=aj.dino.bone.leg_right_0] run data modify entity @s {} merge value {transformation:[-0.6980754472510926f,0.35641951445669373f,0.6210119158757276f,-0.1424053879189373f,-0.23936535723779984f,0.7012439548002185f,-0.6715364037865479f,0.6625931185059215f,-0.6748295308443515f,-0.6174318145112088f,-0.40420670297483796f,-0.2597119614760048f,0f,0f,0f,1f],start_interpolation:0}
execute if entity @s[tag=aj.dino.bone.tail_4] run data modify entity @s {} merge value {transformation:[1.4000513131910253f,-2.337185482690756f,0.45064583824957494f,-0.8115311886532146f,2.226734461607862f,1.4707867580136547f,0.7100009024921237f,0.8392153185336511f,-0.8409347712635216f,0.003415194176116186f,2.63030005484711f,-0.686181338073891f,0f,0f,0f,1f],start_interpolation:0}
execute if entity @s[tag=aj.dino.bone.tail_3] run data modify entity @s {} merge value {transformation:[0.9592060382772086f,-1.6205098868967114f,-0.8887164950910915f,-0.6449797513813345f,1.8254663797698878f,0.6740976045924512f,0.7410873375365317f,0.7069577180527814f,-0.2890359813359018f,-1.1204845612489147f,1.731160904000684f,-0.9687574327678323f,0f,0f,0f,1f],start_interpolation:0}
execute if entity @s[tag=aj.dino.bone.tail_2] run data modify entity @s {} merge value {transformation:[0.6896863321485202f,-0.6004919766160999f,-1.7269962432703745f,-0.3235678254413862f,1.8262790743268809f,0.315464298663157f,0.6196457810293646f,0.5931924193174584f,0.08838201698337764f,-1.832666237286929f,0.6725302645868793f,-1.0941500746427704f,0f,0f,0f,1f],start_interpolation:0}
execute if entity @s[tag=aj.dino.bone.tail_1] run data modify entity @s {} merge value {transformation:[-0.4707752100013227f,0.5313561660814722f,-1.3355476690913766f,-0.042218382592824594f,1.0739928103528742f,1.064045263307767f,0.04475903196720004f,0.5695278583394214f,0.95528341080464f,-0.9344113400422238f,-0.708495097119204f,-0.9311802720370457f,0f,0f,0f,1f],start_interpolation:0}
execute if entity @s[tag=aj.dino.bone.tail_0] run data modify entity @s {} merge value {transformation:[-1.1859575197796468f,0.09622947712075222f,-0.4669907553637473f,0.09656935870013736f,0.19393254119150644f,1.2410332158453834f,-0.23677508994718754f,0.668667384992082f,0.4355808160710722f,-0.2905377109525728f,-1.1660587068279735f,-0.5974420086888561f,0f,0f,0f,1f],start_interpolation:0}
execute if entity @s[tag=aj.dino.bone.body_1] run data modify entity @s {} merge value {transformation:[-1.2215192183312829f,0.11285484343704998f,0.15414012656145218f,0.05313236385459784f,0.12723597046410706f,1.2247273522302848f,0.11161772070465754f,0.5602237499999999f,-0.1425005337661527f,0.126139970144459f,-1.22163288301542f,-0.32192589787948095f,0f,0f,0f,1f],start_interpolation:0}