execute if entity @s[tag=aj.dino.bone.head_lower] run data modify entity @s {} merge value {transformation:[-0.688658350541513f,-0.5245125769992611f,0.5006358285211279f,0.37134579834732734f,-0.402296034302423f,0.8508244167742235f,0.33801732589520644f,0.8109755992946112f,-0.6032475254934625f,0.03137464566168842f,-0.7969366691247288f,0.5079517372795445f,0f,0f,0f,1f],start_interpolation:0}
execute if entity @s[tag=aj.dino.bone.head_upper] run data modify entity @s {} merge value {transformation:[-0.7168241901376816f,-0.458471141873208f,0.5995325137859f,0.40215861933350516f,-0.41874977448204453f,0.9294982888004995f,0.21012734251326629f,0.8462028711741166f,-0.6279200979330095f,-0.09648360363257273f,-0.8245478806142063f,0.44874814050875667f,0f,0f,0f,1f],start_interpolation:0}
execute if entity @s[tag=aj.dino.bone.neck_0] run data modify entity @s {} merge value {transformation:[-0.8887227092132285f,-0.20710798050882928f,0.4089966143359296f,0.4322540266616546f,-0.387063928793285f,0.8170526779722517f,-0.4273247435446241f,0.8054340251173575f,-0.2456694143677749f,-0.5380810402048434f,-0.8062972981576138f,0.40542489151644384f,0f,0f,0f,1f],start_interpolation:0}
execute if entity @s[tag=aj.dino.bone.neck_1] run data modify entity @s {} merge value {transformation:[-0.9409135560354749f,-0.3383850680036933f,-0.013312618856278657f,0.4295673754062458f,-0.325858604938513f,0.9153832276821519f,-0.23641005914666968f,0.7896240463326365f,0.09218378195866572f,-0.2181033980256648f,-0.9715621740853517f,0.32211604852610026f,0f,0f,0f,1f],start_interpolation:0}
execute if entity @s[tag=aj.dino.bone.neck_2] run data modify entity @s {} merge value {transformation:[-0.8811422423046446f,-0.22194790603359127f,-0.41752541938622967f,0.39081600850985654f,-0.16563429291598414f,0.9719268788669853f,-0.167103031528762f,0.7845003390963876f,0.44289234565136126f,-0.07808501228266918f,-0.8931680138810673f,0.24310333067663462f,0f,0f,0f,1f],start_interpolation:0}
execute if entity @s[tag=aj.dino.bone.body_0] run data modify entity @s {} merge value {transformation:[-0.7416056154255998f,-0.39642488787364627f,-0.541173188030952f,0.1319866718022176f,-0.12260979734402118f,0.8732244889186161f,-0.47164163254326874f,0.5705359611224281f,0.6595361618322951f,-0.2834189482500925f,-0.6961937596735092f,-0.08771009728665888f,0f,0f,0f,1f],start_interpolation:0}
execute if entity @s[tag=aj.dino.bone.leg_left_3] run data modify entity @s {} merge value {transformation:[-0.9034802455273271f,0.04608577580902753f,-0.42614498379068244f,0.3545571081316115f,0.0042467299707352815f,0.9951166926128583f,0.09861406272840384f,0.04717548916679734f,0.42860869242986266f,0.08728613493176299f,-0.8992639876155594f,-0.551086894714242f,0f,0f,0f,1f],start_interpolation:0}
execute if entity @s[tag=aj.dino.bone.leg_left_2] run data modify entity @s {} merge value {transformation:[-0.9618669734706317f,-0.2907183466337938f,-0.20580808482091978f,0.278938472436545f,-0.3139365787564422f,0.9719096931002382f,0.09432694459800518f,0.27615431817939046f,0.16827937890853348f,0.15144831094802041f,-1.000403748116651f,-0.5464404051087348f,0f,0f,0f,1f],start_interpolation:0}
execute if entity @s[tag=aj.dino.bone.leg_left_1] run data modify entity @s {} merge value {transformation:[-0.9963389249763728f,0.06275165261863694f,0.05806011256065388f,0.31274955722182196f,0.06882662017874003f,0.18592302207925818f,0.9801507670841701f,0.27330954690561987f,0.050711368860417806f,0.9805584429061558f,-0.18956132810717763f,-0.2710096452401096f,0f,0f,0f,1f],start_interpolation:0}
execute if entity @s[tag=aj.dino.bone.leg_left_0] run data modify entity @s {} merge value {transformation:[-0.997264750307419f,-0.014357532769590675f,-0.07250433812573748f,0.19705704737974988f,0.0146264161368251f,0.9232179524609092f,-0.38399828151292426f,0.6687554754074587f,0.07245057449926517f,-0.3840084289526165f,-0.920482721591269f,-0.33842655233479746f,0f,0f,0f,1f],start_interpolation:0}
execute if entity @s[tag=aj.dino.bone.leg_right_3] run data modify entity @s {} merge value {transformation:[-0.8933752852072847f,-0.07074011409053078f,0.4437076019624426f,-0.2671474667530858f,-0.0688057297997427f,0.9974197901528485f,0.02048252323744204f,0.038265969993061366f,-0.4440116792692817f,-0.012231045331705104f,-0.8959375146753071f,-0.046179174933186656f,0f,0f,0f,1f],start_interpolation:0}
execute if entity @s[tag=aj.dino.bone.leg_right_2] run data modify entity @s {} merge value {transformation:[-0.9917335326131848f,0.2616372429309341f,0.008529531216130358f,-0.2043580507191822f,0.21228447062556946f,0.8233635208854302f,-0.5736462459626698f,0.21213323928604544f,-0.15317344196201008f,-0.552883952640463f,-0.8502466883739468f,-0.2010944226292671f,0f,0f,0f,1f],start_interpolation:0}
execute if entity @s[tag=aj.dino.bone.leg_right_1] run data modify entity @s {} merge value {transformation:[-0.9897310458509443f,0.037481179645716976f,-0.13794063234290885f,-0.20657084399423348f,-0.0971403549049328f,0.5315707013263439f,0.841425184398686f,0.3099837399352783f,0.10486280717079717f,0.846184229741836f,-0.5224710910744019f,0.058585705082465994f,0f,0f,0f,1f],start_interpolation:0}
execute if entity @s[tag=aj.dino.bone.leg_right_0] run data modify entity @s {} merge value {transformation:[-0.9961685013777147f,-0.08164154737738938f,-0.031352425818482965f,-0.12024357032759327f,-0.04898411111914972f,0.8178624699679758f,-0.573324983823092f,0.6834710212747767f,0.07244911124882625f,-0.5695925192273047f,-0.818727969669748f,-0.10682932163327258f,0f,0f,0f,1f],start_interpolation:0}
execute if entity @s[tag=aj.dino.bone.tail_4] run data modify entity @s {} merge value {transformation:[0.43299595272093283f,-2.414692568427592f,-1.2678468505729885f,-1.1668468487803088f,2.5559630754711673f,-0.08855457695236657f,1.041571973187048f,0.5127509267587558f,-0.9514350179362042f,-1.336816823084352f,2.2211153774091503f,0.14212352969509506f,0f,0f,0f,1f],start_interpolation:0}
execute if entity @s[tag=aj.dino.bone.tail_3] run data modify entity @s {} merge value {transformation:[0.1258962279800275f,-1.9129669919514654f,-0.8128056062362056f,-1.0103051706670745f,2.0782387672639713f,0.1033490938120624f,0.07866458602063855f,0.498400967932203f,-0.031926353784512786f,-0.8159790307090187f,1.9154906565738294f,-0.17468790496270642f,0f,0f,0f,1f],start_interpolation:0}
execute if entity @s[tag=aj.dino.bone.tail_2] run data modify entity @s {} merge value {transformation:[0.1442025098278095f,-1.7376791194593635f,-0.8822985826561589f,-0.8465946471516916f,1.869663536137884f,0.3729692662450661f,-0.42898259064416183f,0.5796191570419267f,0.5498525009477724f,-0.8124894333062572f,1.6900582898142695f,-0.48865279825047053f,0f,0f,0f,1f],start_interpolation:0}
execute if entity @s[tag=aj.dino.bone.tail_1] run data modify entity @s {} merge value {transformation:[0.14423571742155156f,-0.6007368708685629f,-1.3805678251353455f,-0.5423062653131122f,0.9555168597546418f,1.10832298784487f,-0.38244468271796955f,0.6474560082948119f,1.1635462339522735f,-0.8356982808368508f,0.48520593036546217f,-0.5839597722291933f,0f,0f,0f,1f],start_interpolation:0}
execute if entity @s[tag=aj.dino.bone.tail_0] run data modify entity @s {} merge value {transformation:[-0.25420187247857245f,0.020920718347978772f,-1.25250926070677f,-0.17578909411020446f,0.2760161929479727f,1.2475628678066883f,-0.035180515693861346f,0.6878424869901941f,1.2218969620401396f,-0.27746158472441385f,-0.2526234346677319f,-0.5168329753982176f,0f,0f,0f,1f],start_interpolation:0}
execute if entity @s[tag=aj.dino.bone.body_1] run data modify entity @s {} merge value {transformation:[-0.9979462906794798f,0.07408742065583679f,-0.7260983749299281f,-0.011971706499238354f,0.04628205428568845f,1.2339294999304298f,0.062294106533330326f,0.5902460714285714f,0.7283994559487357f,0.023100613806875583f,-0.9987518156537096f,-0.286193158816447f,0f,0f,0f,1f],start_interpolation:0}