execute if entity @s[tag=aj.dino.bone.head_lower] run data modify entity @s {} merge value {transformation:[0.10034234390272262f,0.06445629564696348f,0.9928629311096162f,-0.34916524403458027f,-0.4683949539696557f,0.8834624155775347f,-0.01001635451009214f,0.5625975433058139f,-0.8778027005631002f,-0.46404692242636275f,0.11883969316162489f,0.4306795998848834f,0f,0f,0f,1f],start_interpolation:0}
execute if entity @s[tag=aj.dino.bone.head_upper] run data modify entity @s {} merge value {transformation:[0.10444630395903402f,-0.4405369832737035f,0.9372780156073802f,-0.29441148531132105f,-0.4875521124224505f,0.8101975458743631f,0.43513769879783226f,0.6106362114916374f,-0.9137044652650058f,-0.48267902959500036f,-0.12504817922515016f,0.4109370378321929f,0f,0f,0f,1f],start_interpolation:0}
execute if entity @s[tag=aj.dino.bone.neck_0] run data modify entity @s {} merge value {transformation:[-0.26912402746795944f,0.15302547227545504f,0.9508708969541021f,-0.2353233198677525f,-0.23573856829194098f,0.9467980351328947f,-0.21909086719476886f,0.5811772508918042f,-0.9338091803249156f,-0.2831195604393378f,-0.21873209466730142f,0.4016907088748264f,0f,0f,0f,1f],start_interpolation:0}
execute if entity @s[tag=aj.dino.bone.neck_1] run data modify entity @s {} merge value {transformation:[-0.39461858294610974f,-0.1510595479679117f,0.9063427535768873f,-0.1592401053461942f,-0.3904823694417966f,0.9204606935292952f,-0.016602133076489424f,0.5840112796747317f,-0.8317449688147951f,-0.3604623761716323f,-0.4222169847554408f,0.36426278355888997f,0f,0f,0f,1f],start_interpolation:0}
execute if entity @s[tag=aj.dino.bone.neck_2] run data modify entity @s {} merge value {transformation:[-0.7262333437698556f,-0.24272782001477172f,0.6431705339859182f,-0.105269999852855f,-0.31009328885290993f,0.9506669258132782f,0.008634139975515098f,0.5940753184631773f,-0.6135367002920367f,-0.19317246583198028f,-0.7656742883492641f,0.2952926941690455f,0f,0f,0f,1f],start_interpolation:0}
execute if entity @s[tag=aj.dino.bone.body_0] run data modify entity @s {} merge value {transformation:[-0.8640929824977202f,-0.17301629667919938f,0.4726612726695618f,0.11584528898029677f,-0.3272536426604381f,0.906604932081887f,-0.2664067388229351f,0.4771553667154437f,-0.38242433364479933f,-0.3848803167326338f,-0.8400111730376678f,-0.1042678877589826f,0f,0f,0f,1f],start_interpolation:0}
execute if entity @s[tag=aj.dino.bone.leg_left_3] run data modify entity @s {} merge value {transformation:[-0.9932426564769633f,0.08138934978829074f,-0.08273330100766102f,0.40104711728109504f,0.07860172798129461f,0.9962407632218515f,0.03641579401161746f,0.013499090380214074f,0.08538614473636486f,0.02966673956101812f,-0.9959061656857429f,-0.21350226111572837f,0f,0f,0f,1f],start_interpolation:0}
execute if entity @s[tag=aj.dino.bone.leg_left_2] run data modify entity @s {} merge value {transformation:[-0.9072577020306756f,-0.18468034637197736f,0.4414055179431253f,0.37023230440568744f,-0.32624874070005494f,0.9309246012959712f,-0.28107533757741693f,0.22130364118439447f,-0.3500106009799428f,-0.38901768066060577f,-0.8821677974375371f,-0.3319876527829799f,0f,0f,0f,1f],start_interpolation:0}
execute if entity @s[tag=aj.dino.bone.leg_left_1] run data modify entity @s {} merge value {transformation:[-0.8585620452037012f,-0.475222197678918f,0.1924449982952455f,0.2480215226806767f,0.03792315804084767f,0.3154593938247785f,0.9481809979808242f,0.255960872532012f,-0.5113052401646658f,0.8213703389342241f,-0.25281953583382505f,-0.0852554359866218f,0f,0f,0f,1f],start_interpolation:0}
execute if entity @s[tag=aj.dino.bone.leg_left_0] run data modify entity @s {} merge value {transformation:[-0.8780842106574056f,0.31415574001680124f,0.36093529892303f,0.23988709669804897f,-0.0062530124437082946f,0.7466981937597528f,-0.6651336010692148f,0.6025578103754039f,-0.47846527442390185f,-0.5863002459921186f,-0.6536994743152555f,-0.31787459331458173f,0f,0f,0f,1f],start_interpolation:0}
execute if entity @s[tag=aj.dino.bone.leg_right_3] run data modify entity @s {} merge value {transformation:[-0.634195610875611f,-0.02916351538729138f,0.7726224281732732f,-0.1784138381022224f,-0.015165256472312927f,0.9995653344046469f,0.02528155953762795f,-0.0009237367725753176f,-0.773023894936139f,0.004316436815344882f,-0.6343622200533219f,-0.20301327623595355f,0f,0f,0f,1f],start_interpolation:0}
execute if entity @s[tag=aj.dino.bone.leg_right_2] run data modify entity @s {} merge value {transformation:[-0.9309685602674663f,0.3627820952931244f,0.23183806984389924f,-0.08524073922480753f,0.25870591978627655f,0.9128726043565996f,-0.38961141510924635f,0.19942345327782518f,-0.34413803387848774f,-0.2951524335841116f,-0.9200631794003707f,-0.2997130650180587f,0f,0f,0f,1f],start_interpolation:0}
execute if entity @s[tag=aj.dino.bone.leg_right_1] run data modify entity @s {} merge value {transformation:[-0.9237014321096167f,-0.34529149897701983f,-0.16598025500897762f,-0.18863877017165903f,-0.26790273746270604f,0.27245566613514804f,0.9241190579415841f,0.2190938836846431f,-0.27386819380612837f,0.8980766619420943f,-0.3441722267939609f,-0.04293435284804634f,0f,0f,0f,1f],start_interpolation:0}
execute if entity @s[tag=aj.dino.bone.leg_right_0] run data modify entity @s {} merge value {transformation:[-0.9267025147291605f,-0.01874569067308207f,0.3753279209915493f,-0.11880006204387135f,-0.21888008140574838f,0.8387829791438841f,-0.49853247021866437f,0.6144614189125965f,-0.30547333624796547f,-0.5441430997262574f,-0.7814053543851857f,-0.15745223572782968f,0f,0f,0f,1f],start_interpolation:0}
execute if entity @s[tag=aj.dino.bone.tail_4] run data modify entity @s {} merge value {transformation:[0.020122858647345875f,-2.510862864074828f,1.1492711081245406f,-0.7615563138039542f,2.736836648415968f,0.17104742577900212f,0.325774875675869f,0.5652296900104758f,-0.3673983696848829f,1.1366493687783963f,2.4897204626239797f,0.11682362117179795f,0f,0f,0f,1f],start_interpolation:0}
execute if entity @s[tag=aj.dino.bone.tail_3] run data modify entity @s {} merge value {transformation:[0.12425147659163309f,-2.03980386482468f,0.3996339445737072f,-0.8093583804862189f,2.078329556084254f,0.11566741290628321f,-0.05579275887281783f,0.5735581837009821f,0.03245539887093963f,0.4022023976585784f,2.0428229009011676f,-0.23349951829877308f,0f,0f,0f,1f],start_interpolation:0}
execute if entity @s[tag=aj.dino.bone.tail_2] run data modify entity @s {} merge value {transformation:[0.2506125280540887f,-1.8899634192002928f,-0.42895863421762653f,-0.7298803153633756f,1.9279109662222176f,0.28726636999123245f,-0.13932413285196676f,0.600952175679301f,0.1978043025447895f,-0.40532725267316266f,1.9014092539845209f,-0.5869175290692508f,0f,0f,0f,1f],start_interpolation:0}
execute if entity @s[tag=aj.dino.bone.tail_1] run data modify entity @s {} merge value {transformation:[0.38128052245009864f,-0.45641729881237747f,-1.3906705801680688f,-0.42540855698232355f,0.9233363057050542f,1.1900509732544304f,-0.13742269689948022f,0.6150947335056152f,1.1356634535667347f,-0.8143206864626469f,0.5786247400793373f,-0.702561869204459f,0f,0f,0f,1f],start_interpolation:0}
execute if entity @s[tag=aj.dino.bone.tail_0] run data modify entity @s {} merge value {transformation:[-0.492424286933584f,-0.07433471950811678f,-1.1772121251913898f,-0.08319364224340046f,0.09215361599844998f,1.2693516601056711f,-0.11870042388051978f,0.6804134729279114f,1.1759514230104868f,-0.1306002643437387f,-0.48365022305069194f,-0.5643796499745773f,0f,0f,0f,1f],start_interpolation:0}
execute if entity @s[tag=aj.dino.bone.body_1] run data modify entity @s {} merge value {transformation:[-1.128111638001949f,0.1420916269981816f,-0.48557048592127106f,0.020123814543470023f,0.03743819369538217f,1.2067973142622574f,0.2661638949941924f,0.5372477325581395f,0.5045464388078036f,0.22815522541169658f,-1.1054332540954028f,-0.3227497765845112f,0f,0f,0f,1f],start_interpolation:0}