execute if entity @s[tag=aj.dino.bone.head_lower] run data modify entity @s {} merge value {transformation:[-0.3179286557052278f,-0.10995062288462021f,0.9417177020788934f,-0.06462372257797849f,-0.22772833809960877f,0.9730319192852255f,0.036724488811973655f,0.4149287713684268f,-0.9203592634986935f,-0.20278003989395652f,-0.334393602679161f,0.534385573606351f,0f,0f,0f,1f],start_interpolation:0}
execute if entity @s[tag=aj.dino.bone.head_upper] run data modify entity @s {} merge value {transformation:[-0.33093180525329846f,-0.5987822824928232f,0.7844844555681048f,-0.024091659526829894f,-0.23704233224107524f,0.8514206198964669f,0.5498779894888821f,0.47188075153924913f,-0.9580015738927636f,-0.003827371331407208f,-0.4070507071989767f,0.5059412365383712f,0f,0f,0f,1f],start_interpolation:0}
execute if entity @s[tag=aj.dino.bone.neck_0] run data modify entity @s {} merge value {transformation:[-0.5441697074364154f,0.09328440907445505f,0.8337729598231142f,0.028483317348802384f,-0.12872528298616812f,0.9727485837762644f,-0.19284707485830022f,0.4436629590294276f,-0.8290410912787721f,-0.21226919650505516f,-0.5173322502864107f,0.4762029742035225f,0f,0f,0f,1f],start_interpolation:0}
execute if entity @s[tag=aj.dino.bone.neck_1] run data modify entity @s {} merge value {transformation:[-0.6912860232337893f,-0.1965348216017253f,0.6953399873296454f,0.08648232925669057f,-0.24787596897334851f,0.9684074626263008f,0.027285350194072577f,0.45043571844047336f,-0.6787349542252387f,-0.15349609189705f,-0.718162803050392f,0.41465802159000603f,0f,0f,0f,1f],start_interpolation:0}
execute if entity @s[tag=aj.dino.bone.neck_2] run data modify entity @s {} merge value {transformation:[-0.9116795827486306f,-0.2726664950640061f,0.3073976591791058f,0.11074309427998805f,-0.2247210287291787f,0.9571711305783146f,0.18254831150774992f,0.47579962324120695f,-0.34400697325226237f,0.09734685026718243f,-0.933907272215436f,0.3337938267452893f,0f,0f,0f,1f],start_interpolation:0}
execute if entity @s[tag=aj.dino.bone.body_0] run data modify entity @s {} merge value {transformation:[-0.9489415973964715f,-0.30299206418038077f,0.08778185333168398f,0.14922797442186236f,-0.307539050691374f,0.9505332916226126f,-0.04365997958004253f,0.4642778563593762f,-0.07021094665706834f,-0.06842711860653833f,-0.9951824719159423f,-0.13588379417305013f,0f,0f,0f,1f],start_interpolation:0}
execute if entity @s[tag=aj.dino.bone.leg_left_3] run data modify entity @s {} merge value {transformation:[-0.9470906101608774f,0.08185523770514713f,-0.31035317978930255f,0.4090065477965967f,0.07142963174460146f,0.9964376689254001f,0.04483056608324673f,0.01742508608215665f,0.3129172156560386f,0.020290194842523812f,-0.9495636493354851f,-0.29326207205645827f,0f,0f,0f,1f],start_interpolation:0}
execute if entity @s[tag=aj.dino.bone.leg_left_2] run data modify entity @s {} merge value {transformation:[-0.96664381743781f,-0.28942320003573496f,0.1841090464671069f,0.3457325840483862f,-0.33363609978267816f,0.9211806996516697f,-0.30360380599023523f,0.2222506563901346f,-0.07967987595218148f,-0.3460094353786161f,-0.9622841511206084f,-0.40377887315754557f,0f,0f,0f,1f],start_interpolation:0}
execute if entity @s[tag=aj.dino.bone.leg_left_1] run data modify entity @s {} merge value {transformation:[-0.9660605563336351f,-0.23349148606020023f,0.1104931103451569f,0.29567980343845796f,0.026330838977372116f,0.33650652751238885f,0.9413129362015062f,0.26322086075864004f,-0.2569702091976722f,0.9122746751274821f,-0.3189376564564795f,-0.1339093729042141f,0f,0f,0f,1f],start_interpolation:0}
execute if entity @s[tag=aj.dino.bone.leg_left_0] run data modify entity @s {} merge value {transformation:[-0.975584050810459f,0.1371974653663665f,0.17150106501506265f,0.22215008343701753f,-0.01698537783066889f,0.7314054696332462f,-0.6817312783865209f,0.6039166202724461f,-0.2189686204555472f,-0.6679991725201578f,-0.7112171600630706f,-0.36375074927120715f,0f,0f,0f,1f],start_interpolation:0}
execute if entity @s[tag=aj.dino.bone.leg_right_3] run data modify entity @s {} merge value {transformation:[-0.7389922150460333f,-0.021136625696728664f,0.6733823201982021f,-0.16324354429401314f,-0.0015595863118548214f,0.9995587292688854f,0.029663351680248917f,-0.0021323136632599993f,-0.6737121594508243f,0.020870788114650596f,-0.7386990838031273f,-0.21423050213519984f,0f,0f,0f,1f],start_interpolation:0}
execute if entity @s[tag=aj.dino.bone.leg_right_2] run data modify entity @s {} merge value {transformation:[-0.9919280179370389f,0.2565209238638576f,0.048353100750880604f,-0.10041570641210804f,0.23315304471013995f,0.9560757824405057f,-0.2891728816363316f,0.21142911720766985f,-0.11739107493580239f,-0.2686602191458597f,-0.9829054998699566f,-0.30704887368664263f,0f,0f,0f,1f],start_interpolation:0}
execute if entity @s[tag=aj.dino.bone.leg_right_1] run data modify entity @s {} merge value {transformation:[-0.9686785924183412f,-0.10752590158779275f,-0.22383021484632906f,-0.13704785804907466f,-0.2397912312208377f,0.17087059986109648f,0.9556690868353457f,0.2023886226377305f,-0.06451317710372259f,0.9794087086558099f,-0.19130246048899185f,-0.03211298918965162f,0f,0f,0f,1f],start_interpolation:0}
execute if entity @s[tag=aj.dino.bone.leg_right_0] run data modify entity @s {} merge value {transformation:[-0.9780950164719986f,-0.13031832483322303f,0.16231843076281804f,-0.0877001931287738f,-0.18789217552572596f,0.8883381100884001f,-0.41898917950321724f,0.6071346536828115f,-0.08959168002025053f,-0.4403095915117362f,-0.8933648719834002f,-0.12185003217983006f,0f,0f,0f,1f],start_interpolation:0}
execute if entity @s[tag=aj.dino.bone.tail_4] run data modify entity @s {} merge value {transformation:[0.012352286354265394f,-2.1549881523268772f,1.7267121404428165f,-0.5447899214569176f,2.751698585954087f,-0.13524822675618697f,-0.18847848900493225f,0.452933273486445f,0.2316541488514673f,1.7214515131394492f,2.1467655612175727f,0.3289493269947495f,0f,0f,0f,1f],start_interpolation:0}
execute if entity @s[tag=aj.dino.bone.tail_3] run data modify entity @s {} merge value {transformation:[0.20434411752459924f,-1.786678557217852f,1.0497469889718531f,-0.7053041659632504f,2.0297281946544588f,-0.04000356248645611f,-0.46319401643111235f,0.5318653280067039f,0.4176032369394259f,1.0687024722581921f,1.7376501628151118f,0.023849980036192986f,0f,0f,0f,1f],start_interpolation:0}
execute if entity @s[tag=aj.dino.bone.tail_2] run data modify entity @s {} merge value {transformation:[0.334943681877344f,-1.9025260395574912f,0.29492587844899715f,-0.7603352817458288f,1.8797462964039127f,0.25846799517829494f,-0.46746340137711484f,0.6202172255228471f,0.4161015094048536f,0.36381704093813055f,1.8743720467390672f,-0.3241974340759678f,0f,0f,0f,1f],start_interpolation:0}
execute if entity @s[tag=aj.dino.bone.tail_1] run data modify entity @s {} merge value {transformation:[0.77890576278916f,-0.7100807907469545f,-1.0847798547659413f,-0.5189669004827482f,0.8257583739472912f,1.2473180232862253f,-0.22355560078259834f,0.6522878159655431f,0.9995424806128862f,-0.4771155723695495f,1.0300154416574128f,-0.540967955028253f,0f,0f,0f,1f],start_interpolation:0}
execute if entity @s[tag=aj.dino.bone.tail_0] run data modify entity @s {} merge value {transformation:[-0.07398141312631402f,-0.0653172077535545f,-1.2744003018938517f,-0.14813373302605304f,0.012073730675512404f,1.2764472911237215f,-0.06612302620506577f,0.7024134479908783f,1.2760159450898083f,-0.0158648018651234f,-0.07326208106770847f,-0.5199419181007512f,0f,0f,0f,1f],start_interpolation:0}
execute if entity @s[tag=aj.dino.bone.body_1] run data modify entity @s {} merge value {transformation:[-0.9745141260646415f,0.2234250108430671f,-0.7273294148365609f,0.005910907646605283f,0.01012107864258523f,1.1855642665755748f,0.35062733584602307f,0.5410413372093024f,0.7608050847121287f,0.2704130718089357f,-0.9362996255084567f,-0.32047961000981995f,0f,0f,0f,1f],start_interpolation:0}