execute if entity @s[tag=aj.dino.bone.head_lower] run data modify entity @s {} merge value {transformation:[-0.19180678022786773f,-0.16812583379414137f,0.9669249521393287f,0.09502549541602592f,0.08380882775701134f,0.9788131372080122f,0.1868178867748068f,0.39588909037658826f,-0.9778477588298776f,0.11686978411905143f,-0.17365256724664974f,0.5242039589312335f,0f,0f,0f,1f],start_interpolation:0}
execute if entity @s[tag=aj.dino.bone.head_upper] run data modify entity @s {} merge value {transformation:[-0.19965159761969578f,-0.423747257373732f,0.9295425993571518f,0.14952860309341096f,0.08723657389192822f,0.9365966076052101f,0.4457000307174289f,0.44767258626496814f,-1.0178413247294535f,0.16339216344169985f,-0.14413181877135792f,0.5176208518470081f,0f,0f,0f,1f],start_interpolation:0}
execute if entity @s[tag=aj.dino.bone.neck_0] run data modify entity @s {} merge value {transformation:[-0.6576444323892507f,-0.009581674231333645f,0.7532675434839502f,0.19860432472735678f,0.06498870683019412f,0.9954697037429687f,0.06940127458789891f,0.4359808635338741f,-0.7505199987555027f,0.09459524538162825f,-0.6540424076611777f,0.47403629701409095f,0f,0f,0f,1f],start_interpolation:0}
execute if entity @s[tag=aj.dino.bone.neck_1] run data modify entity @s {} merge value {transformation:[-0.8641711040536527f,-0.22222945867120358f,0.45146690977013454f,0.235825714150662f,-0.05798998369684308f,0.9351996687026936f,0.3493404377526485f,0.46988293167852363f,-0.4998454408209913f,0.2757093530460583f,-0.8210596128987183f,0.40575192991996434f,0f,0f,0f,1f],start_interpolation:0}
execute if entity @s[tag=aj.dino.bone.neck_2] run data modify entity @s {} merge value {transformation:[-0.987282829258273f,-0.13096761162558473f,0.0901115961287434f,0.24243791103593915f,-0.09007974053962536f,0.9279282070951718f,0.36171104879648563f,0.510656529488553f,-0.13098952399369035f,0.3489938784308829f,-0.9279251141238052f,0.3278755986753754f,0f,0f,0f,1f],start_interpolation:0}
execute if entity @s[tag=aj.dino.bone.body_0] run data modify entity @s {} merge value {transformation:[-0.9635927953920194f,-0.1956656121582159f,-0.18221935376722365f,0.15469465339020105f,-0.20331154968038223f,0.9788178482061431f,0.02408389087454693f,0.5313316404696099f,0.1736471665048278f,0.06025436292789302f,-0.9829629053596065f,-0.13481713438487017f,0f,0f,0f,1f],start_interpolation:0}
execute if entity @s[tag=aj.dino.bone.leg_left_3] run data modify entity @s {} merge value {transformation:[-0.8331122992733878f,0.14129904095070306f,-0.5347508558439347f,0.30010676456988333f,0.045046820837190235f,0.9809400982379376f,0.1890166860396389f,0.04066466339869493f,0.5512664335254513f,0.13338329991178383f,-0.8235983332746442f,-0.5713809775638575f,0f,0f,0f,1f],start_interpolation:0}
execute if entity @s[tag=aj.dino.bone.leg_left_2] run data modify entity @s {} merge value {transformation:[-0.9568992163926824f,-0.233679687466214f,-0.286006805571926f,0.23531296468895596f,-0.25769563989372335f,0.9914317834025828f,0.05213612509223384f,0.27297742898626837f,0.26457332886655294f,0.12049490456264611f,-0.9836382115023814f,-0.5732821635250673f,0f,0f,0f,1f],start_interpolation:0}
execute if entity @s[tag=aj.dino.bone.leg_left_1] run data modify entity @s {} merge value {transformation:[-0.97907822406099f,0.1776334361613255f,0.09925821642110103f,0.2978050894245091f,0.12883150043520294f,0.16355629778995726f,0.9780857743310946f,0.26297080246177146f,0.15750643055187338f,0.9704100678634588f,-0.18301919168230613f,-0.3030822608022853f,0f,0f,0f,1f],start_interpolation:0}
execute if entity @s[tag=aj.dino.bone.leg_left_0] run data modify entity @s {} merge value {transformation:[-0.9804277307404368f,-0.008457055200163599f,-0.19669759279792706f,0.19649714095316112f,0.0757089950973572f,0.9060590831454262f,-0.4163232949415854f,0.6614134743767736f,0.18174050967383698f,-0.42306668040276024f,-0.8876851756543436f,-0.3757968765147667f,0f,0f,0f,1f],start_interpolation:0}
execute if entity @s[tag=aj.dino.bone.leg_right_3] run data modify entity @s {} merge value {transformation:[-0.9076361866495009f,-0.05796380410185918f,0.4157363949648789f,-0.27173215564955594f,-0.04250910816318515f,0.9980207144788387f,0.04634252037080344f,0.055049191244237655f,-0.41759972271006496f,0.024389565088147935f,-0.908303705104899f,-0.11257212049540877f,0f,0f,0f,1f],start_interpolation:0}
execute if entity @s[tag=aj.dino.bone.leg_right_2] run data modify entity @s {} merge value {transformation:[-0.9772693920774259f,0.2675792129060595f,-0.15939918327860494f,-0.21276986384820165f,0.3105451281185347f,0.877307534135137f,-0.43122547866778704f,0.24573973188315554f,0.023842361694167338f,-0.45912422596830266f,-0.9168962244542974f,-0.24796649970808052f,0f,0f,0f,1f],start_interpolation:0}
execute if entity @s[tag=aj.dino.bone.leg_right_1] run data modify entity @s {} merge value {transformation:[-0.9742290060024444f,0.19270354517479688f,-0.11723134197199192f,-0.17360320139700147f,-0.040283228584837204f,0.3627327396335438f,0.9310221378102269f,0.2941026933127533f,0.22193491243666638f,0.9117512288310933f,-0.3456220354183463f,0.02247828610587929f,0f,0f,0f,1f],start_interpolation:0}
execute if entity @s[tag=aj.dino.bone.leg_right_0] run data modify entity @s {} merge value {transformation:[-0.9799123033651518f,-0.0715026403219623f,-0.18616994961752256f,-0.07258214884319025f,0.013126851738754997f,0.9083654063268614f,-0.4179712601986708f,0.6832556137227266f,0.19899639061307484f,-0.4120190056485554f,-0.8891798330525409f,-0.09004740003627312f,0f,0f,0f,1f],start_interpolation:0}
execute if entity @s[tag=aj.dino.bone.tail_4] run data modify entity @s {} merge value {transformation:[0.2110305165702765f,-2.509179220920651f,1.1336432816261546f,-0.5000106618557957f,2.65413663246385f,-0.1171297765314382f,-0.7533264121635138f,0.3065508644726588f,0.7325886901185001f,1.1471536881995061f,2.402709628390566f,0.4222407688320897f,0f,0f,0f,1f],start_interpolation:0}
execute if entity @s[tag=aj.dino.bone.tail_3] run data modify entity @s {} merge value {transformation:[0.432006344643768f,-1.918858083964297f,0.6835932254176026f,-0.5971452785176016f,1.7412264609999797f,-0.014774874379437529f,-1.141865859304412f,0.5003137012991573f,1.0570933997265626f,0.8085238912588687f,1.6014956095982906f,0.14277425429827761f,0f,0f,0f,1f],start_interpolation:0}
execute if entity @s[tag=aj.dino.bone.tail_2] run data modify entity @s {} merge value {transformation:[0.5084273973321773f,-1.7378001121734383f,0.7350688585260505f,-0.7338305342890353f,1.7076501012053746f,0.09995209610142794f,-0.9448357451647258f,0.6772430998930956f,0.8026248117882232f,0.888163399165769f,1.5445818407863678f,-0.14355529838014514f,0f,0f,0f,1f],start_interpolation:0}
execute if entity @s[tag=aj.dino.bone.tail_1] run data modify entity @s {} merge value {transformation:[0.9988058250235865f,-0.8285854721046555f,-0.7768457307059482f,-0.5574876299280507f,0.759434394220338f,1.2564384644874822f,-0.36370047543483724f,0.7394231798559524f,0.8445724212725293f,-0.14988245518886914f,1.2457483392934607f,-0.41060116473305f,0f,0f,0f,1f],start_interpolation:0}
execute if entity @s[tag=aj.dino.bone.tail_0] run data modify entity @s {} merge value {transformation:[0.22584389605684993f,-0.0021513521629604945f,-1.258103979360117f,-0.18989232206199086f,0.03623073123538074f,1.2776949546611047f,0.004318973458486863f,0.7689941306988751f,1.2575840271377658f,-0.03642377110427243f,0.2258128432364535f,-0.47746789638551934f,0f,0f,0f,1f],start_interpolation:0}
execute if entity @s[tag=aj.dino.bone.body_1] run data modify entity @s {} merge value {transformation:[-0.8462847664501199f,0.300236258115648f,-0.8498616819479687f,-0.012534428283981278f,0.06869599592428932f,1.183854146499043f,0.3498211185981237f,0.6079246428571429f,0.8987143869298445f,0.19222940510230618f,-0.8270217056375108f,-0.29814494914211276f,0f,0f,0f,1f],start_interpolation:0}