execute if entity @s[tag=aj.dino.bone.head_lower] run data modify entity @s {} merge value {transformation:[-0.5439322157091753f,-0.11966997621983638f,0.8305521305163519f,0.1039146184035554f,-0.07661784951605616f,0.9927269562508299f,0.09285954699705451f,0.3295149360398421f,-0.8356239883160623f,-0.013125819003283579f,-0.5491450291373405f,0.5262624590416033f,0f,0f,0f,1f],start_interpolation:0}
execute if entity @s[tag=aj.dino.bone.head_upper] run data modify entity @s {} merge value {transformation:[-0.5661788166932574f,-0.5602330307036085f,0.6701137525972588f,0.1373548523630375f,-0.07975148763715889f,0.8284043794118137f,0.625186233833164f,0.3911904721548619f,-0.8698006612615276f,0.2887162587446108f,-0.493519679637025f,0.49845354878864917f,0f,0f,0f,1f],start_interpolation:0}
execute if entity @s[tag=aj.dino.bone.neck_0] run data modify entity @s {} merge value {transformation:[-0.6849751033211835f,0.08769645840376934f,0.7232692714429185f,0.18292065421392859f,-0.06427868089898424f,0.9815838909040036f,-0.17989251318396787f,0.36364610798352237f,-0.7257254019338312f,-0.1697126875080159f,-0.666723514424672f,0.4583312113894043f,0f,0f,0f,1f],start_interpolation:0}
execute if entity @s[tag=aj.dino.bone.neck_1] run data modify entity @s {} merge value {transformation:[-0.8304071284119853f,-0.16782557476274435f,0.5312801309461096f,0.2271539029120476f,-0.16379922878165082f,0.9849529981072166f,0.055112649819636345f,0.37285242811992964f,-0.5325352699428435f,-0.04125733844008769f,-0.845401690494964f,0.386524524906267f,0f,0f,0f,1f],start_interpolation:0}
execute if entity @s[tag=aj.dino.bone.neck_2] run data modify entity @s {} merge value {transformation:[-0.9716390369087459f,-0.21174068481258082f,0.10527803355944906f,0.23430397459486385f,-0.17498009008826362f,0.9432626475263859f,0.2822012506248269f,0.40681050504248223f,-0.1590583227239252f,0.2557761915750028f,-0.9535612144983873f,0.30548961958273846f,0f,0f,0f,1f],start_interpolation:0}
execute if entity @s[tag=aj.dino.bone.body_0] run data modify entity @s {} merge value {transformation:[-0.9479838949401849f,-0.2836506882794957f,-0.1444604512404875f,0.1635181782826917f,-0.29781013718525495f,0.9505764030215061f,0.08782724069669279f,0.4572585826899645f,0.11240843884574042f,0.12628059651927337f,-0.9856051713637668f,-0.1578194211290205f,0f,0f,0f,1f],start_interpolation:0}
execute if entity @s[tag=aj.dino.bone.leg_left_3] run data modify entity @s {} merge value {transformation:[-0.900166963561557f,0.07827138119889022f,-0.4284542316252513f,0.40817652215671096f,0.06390576136963685f,0.9968087702489405f,0.047836484178508054f,0.02024019292895518f,0.43083116342267225f,0.015680128826373596f,-0.9022963161754866f,-0.3389779968546755f,0f,0f,0f,1f],start_interpolation:0}
execute if entity @s[tag=aj.dino.bone.leg_left_2] run data modify entity @s {} merge value {transformation:[-0.964808786811537f,-0.34596513380297744f,0.03891440073587484f,0.32723839767002305f,-0.3406163839362506f,0.9143081555173203f,-0.3163594083465858f,0.2230587488695915f,0.07201863221512236f,-0.3105010828449668f,-0.9749177368715058f,-0.44137294515168835f,0f,0f,0f,1f],start_interpolation:0}
execute if entity @s[tag=aj.dino.bone.leg_left_1] run data modify entity @s {} merge value {transformation:[-0.9939973991167373f,-0.09556092005053343f,0.053266134722327885f,0.31824852538516196f,0.016746926847778572f,0.3482352962824849f,0.9372575520443698f,0.2676212451569178f,-0.10811434220452319f,0.9325236130962821f,-0.34454462704784355f,-0.16760890116360452f,0f,0f,0f,1f],start_interpolation:0}
execute if entity @s[tag=aj.dino.bone.leg_left_0] run data modify entity @s {} merge value {transformation:[-0.9973080796272077f,0.028581856235758596f,0.06752534194218965f,0.2080110859099637f,-0.02607243853694613f,0.722491985970064f,-0.6908875148370897f,0.6045060525068583f,-0.06853336602727433f,-0.6907882509880658f,-0.7198018963838733f,-0.38820720596035163f,0f,0f,0f,1f],start_interpolation:0}
execute if entity @s[tag=aj.dino.bone.leg_right_3] run data modify entity @s {} merge value {transformation:[-0.7886331141395324f,-0.0059899210136576606f,0.6148348820039679f,-0.16217831083044157f,0.013676168517584325f,0.9995342773229295f,0.027279862008576072f,0.00013383543351860872f,-0.6147119436754596f,0.029922387985895443f,-0.7881839106451993f,-0.22161830861696852f,0f,0f,0f,1f],start_interpolation:0}
execute if entity @s[tag=aj.dino.bone.leg_right_2] run data modify entity @s {} merge value {transformation:[-1.001509704152103f,0.21311790040678794f,-0.06017700986309958f,-0.11280685641684438f,0.2212760392744564f,0.974137454831998f,-0.2327129842469906f,0.2196687053635697f,0.008799229106592994f,-0.2402065342998258f,-0.997138703464814f,-0.3084398061846633f,0f,0f,0f,1f],start_interpolation:0}
execute if entity @s[tag=aj.dino.bone.leg_right_1] run data modify entity @s {} merge value {transformation:[-0.9730713624457973f,0.032018726481099845f,-0.2282694126299189f,-0.11138113973424817f,-0.22339255060498692f,0.113093358652786f,0.9681454748966345f,0.19459682903344466f,0.05681453970664612f,0.9930683226159016f,-0.10289516361210138f,-0.03206550562653711f,0f,0f,0f,1f],start_interpolation:0}
execute if entity @s[tag=aj.dino.bone.leg_right_0] run data modify entity @s {} merge value {transformation:[-0.9847690989483808f,-0.17116758517234343f,0.03052014978112938f,-0.06656698510163851f,-0.17010912202945672f,0.912223629653643f,-0.37270757451908654f,0.6028857437737993f,0.03595425369495864f,-0.3722226582138729f,-0.9274468094470092f,-0.10689285496593981f,0f,0f,0f,1f],start_interpolation:0}
execute if entity @s[tag=aj.dino.bone.tail_4] run data modify entity @s {} merge value {transformation:[0.13750128445939455f,-1.8085242066564648f,2.082305194324218f,-0.40571900379631043f,2.71132599059311f,-0.2934398699736845f,-0.43389600948166823f,0.38512300926871956f,0.5054365450838569f,2.0661061367334037f,1.761079402595539f,0.3938463720351897f,0f,0f,0f,1f],start_interpolation:0}
execute if entity @s[tag=aj.dino.bone.tail_3] run data modify entity @s {} merge value {transformation:[0.36372675161872814f,-1.5579550708535164f,1.3328257100623269f,-0.6164711773490639f,1.9602248260910933f,-0.13252697924449605f,-0.6898556059009133f,0.5033939075515522f,0.6009717192825926f,1.3751938492512925f,1.4434751108517183f,0.13562898416805258f,0f,0f,0f,1f],start_interpolation:0}
execute if entity @s[tag=aj.dino.bone.tail_2] run data modify entity @s {} merge value {transformation:[0.45455033982583226f,-1.7820351053811434f,0.6606880858288673f,-0.7393795748988259f,1.8278895339415726f,0.2238409937100609f,-0.6538263808110913f,0.6263436910839797f,0.5205551990652459f,0.7700778971811134f,1.7189462446516564f,-0.18335120410422778f,0f,0f,0f,1f],start_interpolation:0}
execute if entity @s[tag=aj.dino.bone.tail_1] run data modify entity @s {} merge value {transformation:[0.9760452139665935f,-0.7793175296331087f,-0.8530276538890489f,-0.5472236754842741f,0.7671263486834977f,1.272112772265347f,-0.2844336650168173f,0.6712674869293735f,0.8640076130731901f,-0.24909743604847223f,1.2161815497308146f,-0.4428403944105952f,0f,0f,0f,1f],start_interpolation:0}
execute if entity @s[tag=aj.dino.bone.tail_0] run data modify entity @s {} merge value {transformation:[0.16477329384026873f,-0.03636789320986439f,-1.2670291451125075f,-0.17784593283209382f,-0.039799358047094655f,1.2769111959990262f,-0.041827326180421f,0.7143045455739168f,1.2669259999384714f,0.044842953290791146f,0.16347274024770117f,-0.4895287882273356f,0f,0f,0f,1f],start_interpolation:0}
execute if entity @s[tag=aj.dino.bone.body_1] run data modify entity @s {} merge value {transformation:[-0.8635790546133999f,0.2807041448622889f,-0.8390715074094746f,-0.0016809770508692656f,-0.0050960540247141336f,1.1708980991761953f,0.3969587719590033f,0.5431488953488373f,0.8847654162107909f,0.28072659200537814f,-0.8166929250793362f,-0.3185680513382456f,0f,0f,0f,1f],start_interpolation:0}