execute if entity @s[tag=aj.dino.bone.head_lower] run data modify entity @s {} merge value {transformation:[-0.3648899961344465f,-0.11757386849462587f,0.9235971395409432f,-0.030745640035328287f,-0.19824495469809866f,0.9790577607026891f,0.04631240810609066f,0.39794329761909186f,-0.9097000762106995f,-0.16619953867277942f,-0.3805568087516015f,0.5366529481376282f,0f,0f,0f,1f],start_interpolation:0}
execute if entity @s[tag=aj.dino.bone.head_upper] run data modify entity @s {} merge value {transformation:[-0.379813844938847f,-0.5986498184334803f,0.7621232056996022f,0.008232697423448385f,-0.20635309074318647f,0.8497478618965034f,0.564640519026542f,0.4558849331635381f,-0.9469064302860187f,0.054944596416659525f,-0.4287438001780397f,0.5080362996409723f,0f,0f,0f,1f],start_interpolation:0}
execute if entity @s[tag=aj.dino.bone.neck_0] run data modify entity @s {} merge value {transformation:[-0.5734439783730351f,0.09059165561033895f,0.8142205816616799f,0.05959654855288501f,-0.11607194444015713f,0.974857231926417f,-0.19021220012040496f,0.4277992006714491f,-0.8109804605424148f,-0.20358420688879983f,-0.548510859804864f,0.47613516044763354f,0f,0f,0f,1f],start_interpolation:0}
execute if entity @s[tag=aj.dino.bone.neck_1] run data modify entity @s {} merge value {transformation:[-0.7212869290329565f,-0.19384819855459f,0.664957172999395f,0.11503411424911317f,-0.23125803602764497f,0.9723457850288817f,0.032609739483845185f,0.43504114909696645f,-0.6528896436449605f,-0.1302557110214676f,-0.7461692589268527f,0.4123247589662937f,0f,0f,0f,1f],start_interpolation:0}
execute if entity @s[tag=aj.dino.bone.neck_2] run data modify entity @s {} merge value {transformation:[-0.9265592693103317f,-0.26490591529579843f,0.2670445215622295f,0.13583562269493327f,-0.21483957693341582f,0.9554518113403109f,0.20237537495849095f,0.4621252201490462f,-0.3087586057718484f,0.13014104751312794f,-0.9421950069460198f,0.3310555720885785f,0f,0f,0f,1f],start_interpolation:0}
execute if entity @s[tag=aj.dino.bone.body_0] run data modify entity @s {} merge value {transformation:[-0.9515896645692126f,-0.30459610277162014f,0.041210732356930235f,0.15235642769048002f,-0.3055016294599604f,0.9520275307274659f,-0.01767300580753267f,0.46286525105032034f,-0.03385062307200415f,-0.029407395554600202f,-0.9989941643494884f,-0.14004677354312103f,0f,0f,0f,1f],start_interpolation:0}
execute if entity @s[tag=aj.dino.bone.leg_left_3] run data modify entity @s {} merge value {transformation:[-0.9388581170355884f,0.08134707543794789f,-0.3345565563459814f,0.40915392181899934f,0.07012160274682225f,0.9964994454586553f,0.045517205854579745f,0.017951575064474784f,0.33708811445170483f,0.01927455624091423f,-0.9412757802987969f,-0.302325662087618f,0f,0f,0f,1f],start_interpolation:0}
execute if entity @s[tag=aj.dino.bone.leg_left_2] run data modify entity @s {} merge value {transformation:[-0.9682449515713527f,-0.3009006502687713f,0.15499261893752703f,0.3423022690942401f,-0.3348788002808935f,0.9198899885252068f,-0.306138526870137f,0.22239602035579392f,-0.0491945360757912f,-0.33959300225360756f,-0.9666016190454897f,-0.411432936746591f,0f,0f,0f,1f],start_interpolation:0}
execute if entity @s[tag=aj.dino.bone.leg_left_1] run data modify entity @s {} merge value {transformation:[-0.9734844064660303f,-0.20591618059244354f,0.0996325094419513f,0.3004646934115511f,0.024584125467052458f,0.3388472041351532f,0.9405201715140454f,0.26407894557396927f,-0.22742851875369674f,0.9180310990483977f,-0.32480020018080247f,-0.1402770098963433f,0f,0f,0f,1f],start_interpolation:0}
execute if entity @s[tag=aj.dino.bone.leg_left_0] run data modify entity @s {} merge value {transformation:[-0.9817939947265029f,0.11590748991263028f,0.1504858986786768f,0.21956453789729f,-0.01863411229307138f,0.7296514940111483f,-0.6835652618048611f,0.6040436273369063f,-0.18903259448577825f,-0.6739244401781647f,-0.7142076218807262f,-0.3687205665050741f,0f,0f,0f,1f],start_interpolation:0}
execute if entity @s[tag=aj.dino.bone.leg_right_3] run data modify entity @s {} merge value {transformation:[-0.7493991877967886f,-0.018741225493207357f,0.66185317389624f,-0.16260997293559482f,0.001054004955472615f,0.9995643020913709f,0.029497373749967137f,-0.0018450492828213927f,-0.6621176227854593f,0.022802904455445916f,-0.7490529227933954f,-0.21571956473077844f,0f,0f,0f,1f],start_interpolation:0}
execute if entity @s[tag=aj.dino.bone.leg_right_2] run data modify entity @s {} merge value {transformation:[-0.9951899865228921f,0.24685275560517536f,0.026885075327993387f,-0.10269416863371315f,0.23062264692207443f,0.9600245450816763f,-0.2778997428355623f,0.21298914851343054f,-0.09204501589937765f,-0.2635882952476203f,-0.9869706810018377f,-0.30752063181670697f,0f,0f,0f,1f],start_interpolation:0}
execute if entity @s[tag=aj.dino.bone.leg_right_1] run data modify entity @s {} merge value {transformation:[-0.9707765219312652f,-0.07982476864969756f,-0.22632046035888626f,-0.1317104964056941f,-0.23655387977725326f,0.15937994396989377f,0.9584572475715769f,0.2007436021083447f,-0.0404376857567872f,0.9839847761882174f,-0.17360516639910073f,-0.03180069242958991f,0f,0f,0f,1f],start_interpolation:0}
execute if entity @s[tag=aj.dino.bone.leg_right_0] run data modify entity @s {} merge value {transformation:[-0.9807261419779538f,-0.1397595835939332f,0.13654117779881997f,-0.08366541125399891f,-0.18436543637517278f,0.8933287775990116f,-0.40984519148533155f,0.6062946798412623f,-0.06469637015498342f,-0.42711936728168415f,-0.9018777221894682f,-0.1185605432068273f,0f,0f,0f,1f],start_interpolation:0}
execute if entity @s[tag=aj.dino.bone.tail_4] run data modify entity @s {} merge value {transformation:[0.029006967260980284f,-2.090233208309795f,1.8043683277893294f,-0.5174642640024103f,2.7462004281945442f,-0.1666595593343374f,-0.23721115291357134f,0.43960705837849856f,0.2884495374141231f,1.7968892725378003f,2.0769321457871834f,0.3450636820152767f,0f,0f,0f,1f],start_interpolation:0}
execute if entity @s[tag=aj.dino.bone.tail_3] run data modify entity @s {} merge value {transformation:[0.23000413697640806f,-1.7452960064023784f,1.1121984863566807f,-0.6889729353722892f,2.0183445655141075f,-0.05822438757354475f,-0.5087638564165083f,0.5264443788445929f,0.4575246855393154f,1.134238641896863f,1.685265377142293f,0.048205536002785876f,0f,0f,0f,1f],start_interpolation:0}
execute if entity @s[tag=aj.dino.bone.tail_2] run data modify entity @s {} merge value {transformation:[0.3548234153282485f,-1.8854189546833482f,0.3715771578801973f,-0.758234585934684f,1.8708942826901047f,0.25262672882400716f,-0.5046862331032383f,0.621707983955479f,0.4388949782522598f,0.4473801249577475f,1.8509446498640947f,-0.295450037605137f,0f,0f,0f,1f],start_interpolation:0}
execute if entity @s[tag=aj.dino.bone.tail_1] run data modify entity @s {} merge value {transformation:[0.8201459128785489f,-0.728421952536078f,-1.0413541139555462f,-0.5260261375171239f,0.8142608173628161f,1.2527599294835698f,-0.23500666030553355f,0.6561871774087861f,0.9757029532066872f,-0.4331861818477707f,1.0714521589692654f,-0.5216514936153647f,0f,0f,0f,1f],start_interpolation:0}
execute if entity @s[tag=aj.dino.bone.tail_0] run data modify entity @s {} merge value {transformation:[-0.026089281986427813f,-0.0609052025570123f,-1.2764974039342776f,-0.15447367855834013f,0.0021000729920748556f,1.2767596121705977f,-0.06096063490024264f,0.7048117755729271f,1.2779478297813602f,-0.0033414989902776295f,-0.025959493940317137f,-0.5141461624542231f,0f,0f,0f,1f],start_interpolation:0}
execute if entity @s[tag=aj.dino.bone.body_1] run data modify entity @s {} merge value {transformation:[-0.9536924483946662f,0.23428093492474183f,-0.7511243255693602f,0.004371722020182777f,0.007079814445614546f,1.1827945253135113f,0.35993274673479153f,0.5414628488372093f,0.7867815358526489f,0.27333889126032684f,-0.9137096149336356f,-0.3201327900894066f,0f,0f,0f,1f],start_interpolation:0}