execute if entity @s[tag=aj.dino.bone.head_lower] run data modify entity @s {} merge value {transformation:[-0.2228764126288636f,-0.08676417704374295f,0.9709778999934093f,-0.13180581777815653f,-0.28529382473916326f,0.9582284953607085f,0.020139122236393026f,0.44864639124386163f,-0.9321660465064086f,-0.27252546350877876f,-0.23831981344390368f,0.524065098844133f,0f,0f,0f,1f],start_interpolation:0}
execute if entity @s[tag=aj.dino.bone.head_upper] run data modify entity @s {} merge value {transformation:[-0.23199196504021222f,-0.5877976937498179f,0.8271309098097374f,-0.08805645073201698f,-0.2969622232985681f,0.8506539153274886f,0.5212228859663518f,0.5035871470740987f,-0.9702912494060014f,-0.11980705381535992f,-0.35728574525963247f,0.49644331896554267f,0f,0f,0f,1f],start_interpolation:0}
execute if entity @s[tag=aj.dino.bone.neck_0] run data modify entity @s {} merge value {transformation:[-0.4844163293301539f,0.10107613765108184f,0.8689789607785908f,-0.033350769997942106f,-0.15362422803433737f,0.9680401137586271f,-0.19823706695529492f,0.47510530033743653f,-0.8612435291130804f,-0.22952549433935154f,-0.4534066949319588f,0.4711291103824634f,0f,0f,0f,1f],start_interpolation:0}
execute if entity @s[tag=aj.dino.bone.neck_1] run data modify entity @s {} merge value {transformation:[-0.6287729722360655f,-0.19722324660673288f,0.752161911016055f,0.029458633145988403f,-0.28072551961394854f,0.959638382172265f,0.016951640017302566f,0.48096226080904714f,-0.7251466968985671f,-0.2004923102258473f,-0.6587602762138894f,0.41439982574685f,0f,0f,0f,1f],start_interpolation:0}
execute if entity @s[tag=aj.dino.bone.neck_2] run data modify entity @s {} merge value {transformation:[-0.8780281494542722f,-0.28143660418890404f,0.38711756171546174f,0.06061759468108874f,-0.24431074620737442f,0.9590759284822374f,0.14312799409455151f,0.502891299313982f,-0.4115565915563764f,0.03109342741725732f,-0.9108536494508574f,0.33490663874039106f,0f,0f,0f,1f],start_interpolation:0}
execute if entity @s[tag=aj.dino.bone.body_0] run data modify entity @s {} merge value {transformation:[-0.9394555985886315f,-0.29169152945031857f,0.17983111501464377f,0.14259259838838295f,-0.3117284586929273f,0.9454081858613969f,-0.09501963032549815f,0.46711509859575057f,-0.14229738690997817f,-0.14532519999365678f,-0.9790975640483411f,-0.12792277576616648f,0f,0f,0f,1f],start_interpolation:0}
execute if entity @s[tag=aj.dino.bone.leg_left_3] run data modify entity @s {} merge value {transformation:[-0.9617552389505648f,0.08254044027222464f,-0.2611779777676692f,0.408257872893101f,0.07374449503561326f,0.9963359137003082f,0.043318547100673926f,0.016426508868269823f,0.26379653106719203f,0.02240140153290099f,-0.9643181878437618f,-0.2752567131293707f,0f,0f,0f,1f],start_interpolation:0}
execute if entity @s[tag=aj.dino.bone.leg_left_2] run data modify entity @s {} merge value {transformation:[-0.9604501931818673f,-0.26629702731777727f,0.24224681454938216f,0.3521809125224581f,-0.3313926592640079f,0.9236368534715333f,-0.2985566408503211f,0.22198406550013455f,-0.14062905568742554f,-0.35783104344314964f,-0.9509167221926129f,-0.3882723646699543f,0f,0f,0f,1f],start_interpolation:0}
execute if entity @s[tag=aj.dino.bone.leg_left_1] run data modify entity @s {} merge value {transformation:[-0.948466024610056f,-0.28842371282508894f,0.13124009311405913f,0.28575401427186137f,0.029558739752984172f,0.3318300946592375f,0.9428759564134914f,0.26153664680886324f,-0.31549719660341163f,0.8981651018374248f,-0.3062041292614391f,-0.12174573155351151f,0f,0f,0f,1f],start_interpolation:0}
execute if entity @s[tag=aj.dino.bone.leg_left_0] run data modify entity @s {} merge value {transformation:[-0.9603645873353772f,0.17895837075246834f,0.21371420385592618f,0.2269542222483953f,-0.013951658189367416f,0.7348753421945241f,-0.678058686743447f,0.6036485667950083f,-0.2783975765446197f,-0.6541652184059491f,-0.703251488730724f,-0.3537140423760108f,0f,0f,0f,1f],start_interpolation:0}
execute if entity @s[tag=aj.dino.bone.leg_right_3] run data modify entity @s {} merge value {transformation:[-0.7174516245242444f,-0.02499124634691107f,0.69615989835206f,-0.16514833561648662f,-0.006128396758307564f,0.9995440279848306f,0.029566516078705113f,-0.0024556445589792586f,-0.6965813730072714f,0.016946200927864696f,-0.7172776429343221f,-0.21131625896733233f,0f,0f,0f,1f],start_interpolation:0}
execute if entity @s[tag=aj.dino.bone.leg_right_2] run data modify entity @s {} merge value {transformation:[-0.9833364783748413f,0.27725400056254135f,0.09078429913881461f,-0.09618966230194331f,0.23842337352355644f,0.9476696860959608f,-0.31167075658958343f,0.20844287607843798f,-0.16812455131748627f,-0.2776951291030203f,-0.9729757191304647f,-0.305855073396447f,0f,0f,0f,1f],start_interpolation:0}
execute if entity @s[tag=aj.dino.bone.leg_right_1] run data modify entity @s {} merge value {transformation:[-0.9626942023143303f,-0.16238458209072565f,-0.21645119618425612f,-0.14799737570714228f,-0.24619994970655756f,0.19374216578747444f,0.9496576003805088f,0.20580706429865847f,-0.11227402903104317f,0.9675201396845435f,-0.22649353569128072f,-0.03323372612563634f,0f,0f,0f,1f],start_interpolation:0}
execute if entity @s[tag=aj.dino.bone.leg_right_0] run data modify entity @s {} merge value {transformation:[-0.9709319379050546f,-0.10958360529548339f,0.21279709914935113f,-0.0954507565535766f,-0.1948981271406258f,0.8780418085058126f,-0.4371010209927654f,0.6087994712116149f,-0.13894564402316312f,-0.46586909745795047f,-0.873876474131615f,-0.12885407621119746f,0f,0f,0f,1f],start_interpolation:0}
execute if entity @s[tag=aj.dino.bone.tail_4] run data modify entity @s {} merge value {transformation:[-0.015227172337983508f,-2.2593198597882513f,1.5877352537463496f,-0.5980923082786866f,2.7593849814481017f,-0.07336456812442375f,-0.07793263695378831f,0.4791498830110774f,0.10594332910213668f,1.586112462251751f,2.258026704826239f,0.2920721839478825f,0f,0f,0f,1f],start_interpolation:0}
execute if entity @s[tag=aj.dino.bone.tail_3] run data modify entity @s {} merge value {transformation:[0.162893137855006f,-1.862157246080141f,0.9174866443471638f,-0.735441467676199f,2.048795322081985f,-0.004053978564021866f,-0.37197690723648547f,0.5422630917592093f,0.3344384545759782f,0.9318258861898349f,1.831883447158089f,-0.027666200874892688f,0f,0f,0f,1f],start_interpolation:0}
execute if entity @s[tag=aj.dino.bone.tail_2] run data modify entity @s {} merge value {transformation:[0.30147630742888026f,-1.925846868837472f,0.13783957650373369f,-0.7613008795661182f,1.8952528599796066f,0.26853783725238983f,-0.3932911157218091f,0.6168403857731745f,0.36864957317341873f,0.19435828450439246f,1.9092135093923732f,-0.38226597809338264f,0f,0f,0f,1f],start_interpolation:0}
execute if entity @s[tag=aj.dino.bone.tail_1] run data modify entity @s {} merge value {transformation:[0.6941757682143083f,-0.6670197271095271f,-1.1665594440365257f,-0.5027798714713366f,0.8483846196229536f,1.2357954206008959f,-0.2017658682955856f,0.6443413043282242f,1.0421227327005642f,-0.5617389180647782f,0.9413213308536683f,-0.5789567629591575f,0f,0f,0f,1f],start_interpolation:0}
execute if entity @s[tag=aj.dino.bone.tail_0] run data modify entity @s {} merge value {transformation:[-0.16944470529488193f,-0.07206834390647955f,-1.2648835370254987f,-0.1348906408408326f,0.031396121053129104f,1.2755153754277708f,-0.07687995326610103f,0.6975878716692344f,1.2665458902125792f,-0.04126011921890198f,-0.16731654769237303f,-0.5310586591002737f,0f,0f,0f,1f],start_interpolation:0}
execute if entity @s[tag=aj.dino.bone.body_1] run data modify entity @s {} merge value {transformation:[-1.0140000830026061f,0.20271735402154487f,-0.6777271583059524f,0.009016977644096565f,0.01620017632911819f,1.1908578772101348f,0.33196334982905407f,0.5401983139534884f,0.7072099978180902f,0.26337764848469036f,-0.9793318274829332f,-0.3211180811476798f,0f,0f,0f,1f],start_interpolation:0}