execute if entity @s[tag=aj.dino.bone.head_lower] run data modify entity @s {} merge value {transformation:[-0.7953250803046581f,-0.5297679144951969f,0.294625140491776f,0.44435798933644605f,-0.45602346101317237f,0.8431055149382465f,0.284983672666141f,0.9169247840679826f,-0.3993752867215954f,0.09229868608016292f,-0.9121295592753911f,0.4315284193420965f,0f,0f,0f,1f],start_interpolation:0}
execute if entity @s[tag=aj.dino.bone.head_upper] run data modify entity @s {} merge value {transformation:[-0.8278535447036686f,-0.43937371611578147f,0.4528589059427744f,0.4654538791733232f,-0.47467463055883574f,0.9258628990881097f,0.030558628560537697f,0.9396740694958895f,-0.4157095695421392f,-0.18221024192475307f,-0.9367267072696922f,0.36273241701414993f,0f,0f,0f,1f],start_interpolation:0}
execute if entity @s[tag=aj.dino.bone.neck_0] run data modify entity @s {} merge value {transformation:[-0.9089554612680082f,-0.29151988814402124f,0.29802034200295724f,0.48975005389316567f,-0.4160196513883072f,0.6805250160654795f,-0.603169422441017f,0.8897602330528932f,-0.026974415467503066f,-0.6722364593843273f,-0.7398449321206507f,0.32581303078114776f,0f,0f,0f,1f],start_interpolation:0}
execute if entity @s[tag=aj.dino.bone.neck_1] run data modify entity @s {} merge value {transformation:[-0.9109693452442902f,-0.3823484019226262f,-0.1547402713336215f,0.47488009065103937f,-0.2875781771389728f,0.8576791546313193f,-0.426245539266197f,0.8576028620598356f,0.2956918058699199f,-0.34379669465851415f,-0.8912744743810775f,0.24872655642588937f,0f,0f,0f,1f],start_interpolation:0}
execute if entity @s[tag=aj.dino.bone.neck_2] run data modify entity @s {} merge value {transformation:[-0.7953872138847025f,-0.23772911868429877f,-0.5575338968334723f,0.4237084231315824f,-0.07458498195074993f,0.9512676157475611f,-0.2992106343319979f,0.8407032709130235f,0.6014950211399398f,-0.19640465717374667f,-0.7743571205744326f,0.17896414063852298f,0f,0f,0f,1f],start_interpolation:0}
execute if entity @s[tag=aj.dino.bone.body_0] run data modify entity @s {} merge value {transformation:[-0.638300369790856f,-0.43659569020454864f,-0.6340006634221058f,0.12074716826942072f,-0.007949043297130103f,0.8272993066976879f,-0.5617051449365453f,0.583854802519152f,0.7697463547399992f,-0.3534969030024719f,-0.5315359714376293f,-0.07491426931236608f,0f,0f,0f,1f],start_interpolation:0}
execute if entity @s[tag=aj.dino.bone.leg_left_3] run data modify entity @s {} merge value {transformation:[-0.9239840605601739f,0.02588809357645058f,-0.381553747775736f,0.36887199038766094f,-0.0010031107071458954f,0.9975386699816268f,0.07011130907490395f,0.04737258038775988f,0.38242966621281116f,0.06516447269996477f,-0.9216838622315645f,-0.5417359621214787f,0f,0f,0f,1f],start_interpolation:0}
execute if entity @s[tag=aj.dino.bone.leg_left_2] run data modify entity @s {} merge value {transformation:[-0.9636719192084837f,-0.30445938036092396f,-0.17522305025302579f,0.29099275409082404f,-0.3250152749222105f,0.9668922278696033f,0.10745552686246447f,0.2755703902880923f,0.1332805413290778f,0.1564803658491768f,-1.0048942192626198f,-0.5361095799331799f,0f,0f,0f,1f],start_interpolation:0}
execute if entity @s[tag=aj.dino.bone.leg_left_1] run data modify entity @s {} merge value {transformation:[-0.9983624599257841f,0.021408791615562903f,0.053047735601990845f,0.3138784131466729f,0.0562059187342892f,0.19456486799242512f,0.9792780028379707f,0.27537097579120157f,0.010643933021764335f,0.9806559925808089f,-0.1954495610257965f,-0.25954206104637434f,0f,0f,0f,1f],start_interpolation:0}
execute if entity @s[tag=aj.dino.bone.leg_left_0] run data modify entity @s {} merge value {transformation:[-0.999495647843781f,-0.010238251620869526f,-0.03006040826549633f,0.19608866678968936f,0.0017437725081017163f,0.9274797556354676f,-0.37386931158335723f,0.6701677278300643f,0.03170818819769661f,-0.3737331683034316f,-0.9269941260391559f,-0.32713184427709163f,0f,0f,0f,1f],start_interpolation:0}
execute if entity @s[tag=aj.dino.bone.leg_right_3] run data modify entity @s {} merge value {transformation:[-0.8849791707458626f,-0.06423404403323799f,0.4611787667847484f,-0.2732649955753133f,-0.06844692008554581f,0.9976257701908069f,0.007605378491659265f,0.037260293610846096f,-0.4605723466262041f,-0.024835664644509425f,-0.8872746492968776f,-0.023879165470819003f,0f,0f,0f,1f],start_interpolation:0}
execute if entity @s[tag=aj.dino.bone.leg_right_2] run data modify entity @s {} merge value {transformation:[-0.986377235877371f,0.2739430651749496f,0.06385409216459646f,-0.20590564314666782f,0.18164013562235756f,0.7981082396591027f,-0.6181361487730948f,0.20391319720185241f,-0.2147766495099107f,-0.5831300320953258f,-0.816022399199002f,-0.18469147666338875f,0f,0f,0f,1f],start_interpolation:0}
execute if entity @s[tag=aj.dino.bone.leg_right_1] run data modify entity @s {} merge value {transformation:[-0.9918829129736715f,-0.014422324774103115f,-0.12633401560535606f,-0.2228774237936842f,-0.11089628696335499f,0.5842213708628525f,0.8039822158262397f,0.317779116088281f,0.06221173915432097f,0.8114661954605622f,-0.5810785774197458f,0.0678157446939111f,0f,0f,0f,1f],start_interpolation:0}
execute if entity @s[tag=aj.dino.bone.leg_right_0] run data modify entity @s {} merge value {transformation:[-0.997535574475171f,-0.06739996112442542f,0.019494175974288208f,-0.13493871441094246f,-0.06489495470270153f,0.7806933396008352f,-0.6215356420649013f,0.6824472810283551f,0.02667250476848565f,-0.6212689874308237f,-0.7831432964317924f,-0.1154632542006423f,0f,0f,0f,1f],start_interpolation:0}
execute if entity @s[tag=aj.dino.bone.tail_4] run data modify entity @s {} merge value {transformation:[1.4427353379877126f,-1.3673640924688961f,-1.9168963234218461f,-1.4141632088818499f,2.2226126867652325f,0.048727102257000596f,1.6380719904008703f,0.6403090701975828f,-0.7772830377357483f,-2.398666804650523f,1.1260062038532201f,-0.285414413533559f,0f,0f,0f,1f],start_interpolation:0}
execute if entity @s[tag=aj.dino.bone.tail_3] run data modify entity @s {} merge value {transformation:[0.6175125491369747f,-1.2491662959728067f,-1.5473226369146085f,-1.1395703967376782f,1.9859605886897906f,0.3035546494201421f,0.5475040100590669f,0.5445021020701856f,-0.10288011408284385f,-1.6381036798278181f,1.281396715426299f,-0.4866618130490738f,0f,0f,0f,1f],start_interpolation:0}
execute if entity @s[tag=aj.dino.bone.tail_2] run data modify entity @s {} merge value {transformation:[0.22647556229143534f,-1.0259363889627886f,-1.647706654865953f,-0.833341986716843f,1.879486602957076f,0.5302328039188111f,-0.07181335499781775f,0.5593679953096494f,0.4847811918715755f,-1.5764141506765177f,1.0481791338111939f,-0.681532667933648f,0f,0f,0f,1f],start_interpolation:0}
execute if entity @s[tag=aj.dino.bone.tail_1] run data modify entity @s {} merge value {transformation:[-0.3058404294212165f,-0.2522090641431169f,-1.4596261403850987f,-0.5158715397760056f,0.9775385576479383f,1.0854106405932322f,-0.3923752790359995f,0.6296008409582606f,1.1128954353590617f,-1.0227074749169693f,-0.05647495644905342f,-0.6579415740609276f,0f,0f,0f,1f],start_interpolation:0}
execute if entity @s[tag=aj.dino.bone.tail_0] run data modify entity @s {} merge value {transformation:[-0.45584944743086225f,0.12481152410521114f,-1.187627501075796f,-0.1658072565215138f,0.3394890020476086f,1.232307711025968f,-0.0007996365961902003f,0.6595722935875319f,1.1448948490362438f,-0.3157142780751316f,-0.47262669820250564f,-0.5274478159052536f,0f,0f,0f,1f],start_interpolation:0}
execute if entity @s[tag=aj.dino.bone.body_1] run data modify entity @s {} merge value {transformation:[-1.0411185126881888f,0.01401025380109621f,-0.6666937455703429f,-0.011753989585398951f,0.0386205821280126f,1.235286614828988f,-0.03435149074906244f,0.5843532142857143f,0.6657216296848687f,-0.04975225692386586f,-1.0406459627351439f,-0.2821610391268706f,0f,0f,0f,1f],start_interpolation:0}