execute if entity @s[tag=aj.dino.bone.head_lower] run data modify entity @s {} merge value {transformation:[-0.27051980479366844f,-0.0996459626380905f,0.9575435850885972f,-0.09834940293994471f,-0.25675764666657935f,0.9660702662056442f,0.027995564498604852f,0.4318346462620435f,-0.9278440311241085f,-0.23828328284477654f,-0.28692600269769997f,0.5301833191544512f,0f,0f,0f,1f],start_interpolation:0}
execute if entity @s[tag=aj.dino.bone.head_upper] run data modify entity @s {} merge value {transformation:[-0.2815839520931442f,-0.595148373751464f,0.8062138883249906f,-0.056222452596072614f,-0.2672589274328897f,0.8517073417556507f,0.5353869743376763f,0.4877847121934971f,-0.965792465395405f,-0.06216880088933611f,-0.38321259969494037f,0.5020698585210145f,0f,0f,0f,1f],start_interpolation:0}
execute if entity @s[tag=aj.dino.bone.neck_0] run data modify entity @s {} merge value {transformation:[-0.5144721896574196f,0.0967788576144422f,0.8520282969408606f,-0.002533368855977096f,-0.14124519647091313f,0.9704750882798802f,-0.19551955785049213f,0.45943506051425f,-0.8457943961406893f,-0.22093427924838255f,-0.48561289491734505f,0.47452869312970875f,0f,0f,0f,1f],start_interpolation:0}
execute if entity @s[tag=aj.dino.bone.neck_1] run data modify entity @s {} merge value {transformation:[-0.6604122304246263f,-0.1976617062967715f,0.7244208278131012f,0.05792398050996164f,-0.26436916504143915f,0.9641690406126352f,0.022068205622638712f,0.4657463334246586f,-0.7028261737306478f,-0.17694041649086162f,-0.6890046868717061f,0.41534581058393877f,0f,0f,0f,1f],start_interpolation:0}
execute if entity @s[tag=aj.dino.bone.neck_2] run data modify entity @s {} merge value {transformation:[-0.8954810456314215f,-0.2781777125795615f,0.34746346158820574f,0.08564085205382611f,-0.23454805330019685f,0.9583761195147206f,0.16279565177545208f,0.4893915546827004f,-0.37828680601885095f,0.06428354196766922f,-0.923453690568264f,0.33507371744055675f,0f,0f,0f,1f],start_interpolation:0}
execute if entity @s[tag=aj.dino.bone.body_0] run data modify entity @s {} merge value {transformation:[-0.9448924828034262f,-0.2986791856774467f,0.13404827482901066f,0.14597200870714847f,-0.30961574881378334f,0.9483221735059124f,-0.06944885401144071f,0.4656945243256716f,-0.10637802417819636f,-0.10712515708310288f,-0.9885382727501568f,-0.1318411645157322f,0f,0f,0f,1f],start_interpolation:0}
execute if entity @s[tag=aj.dino.bone.leg_left_3] run data modify entity @s {} merge value {transformation:[-0.95472622812389f,0.08225362998440458f,-0.28588838676434286f,0.40870717843138754f,0.07263753964552744f,0.9963830280689796f,0.044098176950239015f,0.01691674721536257f,0.28848157162386306f,0.02133545711905105f,-0.9572477114639375f,-0.2842390541576073f,0f,0f,0f,1f],start_interpolation:0}
execute if entity @s[tag=aj.dino.bone.leg_left_2] run data modify entity @s {} merge value {transformation:[-0.9640467906936296f,-0.2778848699028823f,0.2132040898600801f,0.34902597881654646f,-0.3324734992521696f,0.9224296327617254f,-0.30107664206772916f,0.22211334633585106f,-0.11016967436197952f,-0.35208773222425666f,-0.9570575067198671f,-0.39605847191648574f,0f,0f,0f,1f],start_interpolation:0}
execute if entity @s[tag=aj.dino.bone.leg_left_1] run data modify entity @s {} merge value {transformation:[-0.9577201809681923f,-0.26100384819617634f,0.1210332441647328f,0.29077383621516434f,0.02798952537420988f,0.3341676389590268f,0.942097964938825f,0.26237347901803365f,-0.2863365876649001f,0.9056538965296489f,-0.3127337178256991f,-0.1277318141678997f,0f,0f,0f,1f],start_interpolation:0}
execute if entity @s[tag=aj.dino.bone.leg_left_0] run data modify entity @s {} merge value {transformation:[-0.9684404521557792f,0.15822229005071892f,0.19258452056023478f,0.22461344703695077f,-0.015424063117470826f,0.733146508500511f,-0.6798957974207948f,0.6037849501966237f,-0.2487673389037589f,-0.6614090292735775f,-0.7075683056003329f,-0.35874759028700187f,0f,0f,0f,1f],start_interpolation:0}
execute if entity @s[tag=aj.dino.bone.leg_right_3] run data modify entity @s {} merge value {transformation:[-0.7283435829357089f,-0.023218859723781f,0.6848185962351643f,-0.16408960828153488f,-0.003953994185770693f,0.9995514940609961f,0.029684619761911585f,-0.0023359422161364496f,-0.6852006940498184f,0.018912833567653442f,-0.7281087237494749f,-0.21275883850650484f,0f,0f,0f,1f],start_interpolation:0}
execute if entity @s[tag=aj.dino.bone.leg_right_2] run data modify entity @s {} merge value {transformation:[-0.9879790093894328f,0.2666593053283348f,0.06965982621553582f,-0.09824618155412515f,0.23575440813594753f,0.9519576525436637f,-0.30043083448394636f,0.20991360168750736f,-0.1427569106945013f,-0.27337088752473465f,-0.9782387345651341f,-0.3064916840597206f,0f,0f,0f,1f],start_interpolation:0}
execute if entity @s[tag=aj.dino.bone.leg_right_1] run data modify entity @s {} merge value {transformation:[-0.9659823776042102f,-0.13505680076364152f,-0.22053958085932435f,-0.14247844424020625f,-0.2430067008631028f,0.18232526696842577f,0.9527356613250724f,0.20407652201340726f,-0.08846349243471555f,0.9739184553094691f,-0.20894270246618019f,-0.03258874304171443f,0f,0f,0f,1f],start_interpolation:0}
execute if entity @s[tag=aj.dino.bone.leg_right_0] run data modify entity @s {} merge value {transformation:[-0.9748279959921105f,-0.1202565510791983f,0.18774647840250264f,-0.09163007678778315f,-0.1914032006854299f,0.8832421910781458f,-0.4280748143337205f,0.6079696037429505f,-0.1143468101757909f,-0.45323459027529267f,-0.8840267038843392f,-0.12528232762494732f,0f,0f,0f,1f],start_interpolation:0}
execute if entity @s[tag=aj.dino.bone.tail_4] run data modify entity @s {} merge value {transformation:[-0.00004068870400339213f,-2.217138940564862f,1.646194474591429f,-0.5716950825701833f,2.755948395330516f,-0.10398846103804368f,-0.1399863344976573f,0.46611795668246947f,0.1743839792514784f,1.6429067684448384f,2.212715279826701f,0.31128040097111875f,0f,0f,0f,1f],start_interpolation:0}
execute if entity @s[tag=aj.dino.bone.tail_3] run data modify entity @s {} merge value {transformation:[0.1819551065670554f,-1.8256664329137928f,0.9847740557967813f,-0.7208107916564219f,2.039874111416033f,-0.021943663402932065f,-0.417585453836158f,0.5371397541205543f,0.37649897053413417f,1.0012023159245738f,1.7865575764073351f,-0.0014512939802205915f,0f,0f,0f,1f],start_interpolation:0}
execute if entity @s[tag=aj.dino.bone.tail_2] run data modify entity @s {} merge value {transformation:[0.3171548282527626f,-1.916017441702915f,0.2169420498864898f,-0.7613612482333607f,1.8878615955983413f,0.2637707584967176f,-0.4303225044425706f,0.6185945026425328f,0.39263887451909385f,0.27942087440822605f,1.893814289777141f,-0.35315041024832217f,0f,0f,0f,1f],start_interpolation:0}
execute if entity @s[tag=aj.dino.bone.tail_1] run data modify entity @s {} merge value {transformation:[0.7368929642528959f,-0.6895937377876498f,-1.1265458206565047f,-0.5112155923054679f,0.8371341716706765f,1.2416590893648154f,-0.21247431472765557f,0.6483388304640771f,1.0216904559874436f,-0.5199994544245163f,0.9866131103641259f,-0.5600781821439206f,0f,0f,0f,1f],start_interpolation:0}
execute if entity @s[tag=aj.dino.bone.tail_0] run data modify entity @s {} merge value {transformation:[-0.12179172874657594f,-0.06903784489999894f,-1.2705259805940652f,-0.14160437718225236f,0.021840140246004204f,1.2760315029243168f,-0.07143058450532096f,0.7000054206739657f,1.2722128358364346f,-0.028514840001315246f,-0.1204039900366432f,-0.5255814516900826f,0f,0f,0f,1f],start_interpolation:0}
execute if entity @s[tag=aj.dino.bone.body_1] run data modify entity @s {} merge value {transformation:[-0.9946216109903188f,0.21289918789983744f,-0.7028558755526358f,0.007459497298241391f,0.013161208176995315f,1.1882520766754099f,0.3413039406923805f,0.5406198255813954f,0.7342746275111204f,0.26708712646703126f,-0.9581804805595027f,-0.32080812528041064f,0f,0f,0f,1f],start_interpolation:0}