execute if entity @s[tag=aj.dino.bone.head_lower] run data modify entity @s {} merge value {transformation:[0.32713540603622f,0.27948283581750216f,0.9027024817739921f,-0.6182647688785043f,-0.46866926756184085f,0.8774847288567538f,-0.10183156812225497f,0.7956923562328223f,-0.8205678178923208f,-0.38975619957429414f,0.4180413390238315f,-0.024288906969908788f,0f,0f,0f,1f],start_interpolation:0}
execute if entity @s[tag=aj.dino.bone.head_upper] run data modify entity @s {} merge value {transformation:[0.34051510783668226f,-0.1213582666184917f,0.9761114562599063f,-0.5535935788429567f,-0.48783764532625873f,0.8761193729237368f,0.279107898085592f,0.8344549095853312f,-0.8541286997408594f,-0.5487795168321983f,0.22973277686894192f,-0.021039579535369796f,0f,0f,0f,1f],start_interpolation:0}
execute if entity @s[tag=aj.dino.bone.neck_0] run data modify entity @s {} merge value {transformation:[0.2101175802116828f,0.3933951399085334f,0.8950367961052398f,-0.5021722563925078f,-0.39179984724584926f,0.8726288429058638f,-0.2915678003945265f,0.801563786948394f,-0.8957362793725149f,-0.28941175930690655f,0.33748681661772373f,0.005770081100785449f,0f,0f,0f,1f],start_interpolation:0}
execute if entity @s[tag=aj.dino.bone.neck_1] run data modify entity @s {} merge value {transformation:[0.12144924979339963f,0.2074037722706049f,0.9706872590966379f,-0.4189868220233679f,-0.609797363127438f,0.7872106728403279f,-0.09190501884609864f,0.7974048067671984f,-0.7831968179502797f,-0.5807607354274232f,0.2220804190791137f,0.02190771528926456f,0f,0f,0f,1f],start_interpolation:0}
execute if entity @s[tag=aj.dino.bone.neck_2] run data modify entity @s {} merge value {transformation:[-0.2448777730297046f,0.18987203294367883f,0.950780462242387f,-0.33383235680492873f,-0.43992003465775054f,0.8521227748431297f,-0.28347334918889394f,0.7809132298705809f,-0.8640053468484648f,-0.4876836963642311f,-0.12513741613835724f,0.006170010915207344f,0f,0f,0f,1f],start_interpolation:0}
execute if entity @s[tag=aj.dino.bone.body_0] run data modify entity @s {} merge value {transformation:[-0.45981296475636724f,0.429263417458326f,0.7773705396231315f,0.036628734010491895f,-0.3650597081309992f,0.7066342119310408f,-0.6061348860013804f,0.5019757052653608f,-0.8095081512506649f,-0.5624953412790151f,-0.16821279409763926f,-0.07846651938989135f,0f,0f,0f,1f],start_interpolation:0}
execute if entity @s[tag=aj.dino.bone.leg_left_3] run data modify entity @s {} merge value {transformation:[-0.9313548966439182f,0.06129958971779381f,0.3589156123628867f,0.3541756127065251f,0.06828689756612163f,0.9976424819366295f,0.006810128935267945f,0.01015168927547394f,-0.35765200421385884f,0.030851880586944727f,-0.9333451694555763f,-0.07096913062513009f,0f,0f,0f,1f],start_interpolation:0}
execute if entity @s[tag=aj.dino.bone.leg_left_2] run data modify entity @s {} merge value {transformation:[-0.5887094676528248f,0.004144164833647348f,0.8399203462796058f,0.38018560124236533f,-0.33365159288787266f,0.9401367832665697f,-0.23849872706843897f,0.22140790966839657f,-0.7708177325152861f,-0.4101071252096359f,-0.5382512132758968f,-0.18439470934385613f,0f,0f,0f,1f],start_interpolation:0}
execute if entity @s[tag=aj.dino.bone.leg_left_1] run data modify entity @s {} merge value {transformation:[-0.4785096312153047f,-0.8392890116630707f,0.2581133234372427f,0.14801746017914738f,0.03719495606784535f,0.27431348989414867f,0.9609207274823472f,0.24422591984620323f,-0.8772941741954657f,0.46941033666049414f,-0.10004432896959886f,-0.03409275211594498f,0f,0f,0f,1f],start_interpolation:0}
execute if entity @s[tag=aj.dino.bone.leg_left_0] run data modify entity @s {} merge value {transformation:[-0.5103468550814155f,0.5404576445434836f,0.6689182475930959f,0.24642367066586515f,-0.008585422008285062f,0.7745994861553307f,-0.6323938065610994f,0.5988413855995485f,-0.8599257979834356f,-0.3284831357960514f,-0.390674354751044f,-0.23125098235408365f,0f,0f,0f,1f],start_interpolation:0}
execute if entity @s[tag=aj.dino.bone.leg_right_3] run data modify entity @s {} merge value {transformation:[-0.37500701606350395f,0.004203731311675507f,0.9270124414193184f,-0.2454330643813404f,0.006139339954030348f,0.9999790506325825f,-0.0020510487286363177f,0.02021477585840975f,-0.9270016431528457f,0.004922086855962016f,-0.3750249680393382f,-0.21431509864479834f,0f,0f,0f,1f],start_interpolation:0}
execute if entity @s[tag=aj.dino.bone.leg_right_2] run data modify entity @s {} merge value {transformation:[-0.6565410860136403f,0.6136072249664914f,0.4944716122748049f,-0.08610217995148664f,0.31326149657485375f,0.7937721466826854f,-0.5690827825678245f,0.18716871668334975f,-0.7231066564763506f,-0.213246693105372f,-0.6954889005152497f,-0.28439450343563966f,0f,0f,0f,1f],start_interpolation:0}
execute if entity @s[tag=aj.dino.bone.leg_right_1] run data modify entity @s {} merge value {transformation:[-0.7276208888465464f,-0.6796250611864108f,0.09315373487697051f,-0.2901666203284756f,-0.3153505914870461f,0.45199193752128697f,0.8344203334438364f,0.259425871826641f,-0.6091977072863389f,0.577765579299356f,-0.5431989403652662f,-0.11075696900258486f,0f,0f,0f,1f],start_interpolation:0}
execute if entity @s[tag=aj.dino.bone.leg_right_0] run data modify entity @s {} merge value {transformation:[-0.7124529465731961f,0.2901753815964323f,0.6389123937086644f,-0.1454048852182704f,-0.2729944000048543f,0.724153014579847f,-0.633305983740016f,0.6270495400445629f,-0.6464401414556186f,-0.6256202197741731f,-0.43670869481217706f,-0.2456797512831736f,0f,0f,0f,1f],start_interpolation:0}
execute if entity @s[tag=aj.dino.bone.tail_4] run data modify entity @s {} merge value {transformation:[0.9235824737377701f,-2.59105717314438f,0.24306269006467282f,-0.8876550035894806f,2.398924655310568f,0.9476221665935873f,0.9863235063221125f,0.7237414680761064f,-1.0088692898227665f,-0.11872778309026184f,2.5678293948732223f,-0.5133551831658181f,0f,0f,0f,1f],start_interpolation:0}
execute if entity @s[tag=aj.dino.bone.tail_3] run data modify entity @s {} merge value {transformation:[0.6059545562285514f,-1.8022093356411097f,-0.8490030108064005f,-0.7260594339234797f,1.9499276519854596f,0.35476039183296953f,0.6386491544294366f,0.611978563263491f,-0.4081014014344675f,-0.9808833268839837f,1.7908843265919425f,-0.8074242709784145f,0f,0f,0f,1f],start_interpolation:0}
execute if entity @s[tag=aj.dino.bone.tail_2] run data modify entity @s {} merge value {transformation:[0.4673291859637275f,-1.0889810329946623f,-1.553865379216338f,-0.4371128157317413f,1.8971550022423915f,0.23918865029144862f,0.40294610314681356f,0.5385315201847999f,-0.03435410333464531f,-1.6048934464170543f,1.1144104702641837f,-1.0149980353796395f,0f,0f,0f,1f],start_interpolation:0}
execute if entity @s[tag=aj.dino.bone.tail_1] run data modify entity @s {} merge value {transformation:[-0.36187097976910687f,0.2859246074435012f,-1.4404696327445525f,-0.13028923370406056f,1.0723639099418913f,1.0650488175312338f,-0.05799061070087327f,0.5369668247206512f,1.0033649827730118f,-1.0351687713284248f,-0.4575375134470544f,-0.9048457851137661f,0f,0f,0f,1f],start_interpolation:0}
execute if entity @s[tag=aj.dino.bone.tail_0] run data modify entity @s {} merge value {transformation:[-1.0895705235121f,0.03879534510565668f,-0.667208147489019f,0.06562069513760085f,0.19143407287839895f,1.2407095871831586f,-0.24047543033959126f,0.6371798671037712f,0.6403317785482642f,-0.304910409881258f,-1.0634098795437663f,-0.6014507337066026f,0f,0f,0f,1f],start_interpolation:0}
execute if entity @s[tag=aj.dino.bone.body_1] run data modify entity @s {} merge value {transformation:[-1.2323450762630552f,0.08447610795416449f,0.05285825622711214f,0.047641825636088486f,0.08871783263050534f,1.22873027748829f,0.10466922381075412f,0.530082034883721f,-0.04538010841547579f,0.10812163254740673f,-1.2307944399418342f,-0.322591026340614f,0f,0f,0f,1f],start_interpolation:0}