execute if entity @s[tag=aj.dino.bone.head_lower] run data modify entity @s {} merge value {transformation:[0.11540102878847167f,0.07815884091244024f,0.9902392630782655f,-0.37601778768805455f,-0.47103986971961304f,0.8819890870841554f,-0.014720441535083506f,0.5777762761171601f,-0.8745307562853879f,-0.46474341937426256f,0.13859837827054838f,0.41138035477112245f,0f,0f,0f,1f],start_interpolation:0}
execute if entity @s[tag=aj.dino.bone.head_upper] run data modify entity @s {} merge value {transformation:[0.12012088278215817f,-0.423429233891713f,0.9432659222027578f,-0.32046222263160457f,-0.4903052041245329f,0.8127214226209375f,0.4272664725963251f,0.6253281410523861f,-0.9102986998296453f,-0.49362284760977493f,-0.10566316287894145f,0.3927294613813289f,0f,0f,0f,1f],start_interpolation:0}
execute if entity @s[tag=aj.dino.bone.neck_0] run data modify entity @s {} merge value {transformation:[-0.2383447968432359f,0.163385454824163f,0.9573384725214263f,-0.2611339591057771f,-0.24674057123046145f,0.9432152716319578f,-0.22240513004226597f,0.5957165839940922f,-0.9393140307302039f,-0.2892233471076514f,-0.18449663184249385f,0.3857977162987212f,0f,0f,0f,1f],start_interpolation:0}
execute if entity @s[tag=aj.dino.bone.neck_1] run data modify entity @s {} merge value {transformation:[-0.36054504449065533f,-0.138576675574282f,0.922390251401223f,-0.1836338038623302f,-0.40537145282180703f,0.913907363290404f,-0.021149859590994663f,0.5981351702790864f,-0.8400483653518822f,-0.3815361533463918f,-0.3856797992626392f,0.35136788588736273f,0f,0f,0f,1f],start_interpolation:0}
execute if entity @s[tag=aj.dino.bone.neck_2] run data modify entity @s {} merge value {transformation:[-0.7010972419069462f,-0.22887251586806856f,0.6753369743103759f,-0.12671002486110472f,-0.31902879936186157f,0.9476920096878263f,-0.010023968853592857f,0.6065354925100952f,-0.6377172434301914f,-0.2224797209951266f,-0.7374411781137048f,0.28458429235739835f,0f,0f,0f,1f],start_interpolation:0}
execute if entity @s[tag=aj.dino.bone.body_0] run data modify entity @s {} merge value {transformation:[-0.8482781840646991f,-0.14712741931732992f,0.5087019214873467f,0.11163771052540451f,-0.3295382882520508f,0.8986254376942877f,-0.28961498459965423f,0.4786015669003056f,-0.4145221815727169f,-0.41331083365158994f,-0.8107684723584307f,-0.10146515061243214f,0f,0f,0f,1f],start_interpolation:0}
execute if entity @s[tag=aj.dino.bone.leg_left_3] run data modify entity @s {} merge value {transformation:[-0.9951191196661687f,0.08078610707966062f,-0.05667047359730387f,0.3994488727903318f,0.07887401491752602f,0.9962627261508983f,0.03520611102024046f,0.013152850567391128f,0.05930284517305173f,0.03056444642543421f,-0.9977720116184292f,-0.20483536365004562f,0f,0f,0f,1f],start_interpolation:0}
execute if entity @s[tag=aj.dino.bone.leg_left_2] run data modify entity @s {} merge value {transformation:[-0.8956935426952732f,-0.17306392593186667f,0.46887541481264966f,0.3722087138934952f,-0.32587778056917427f,0.9318001664213236f,-0.2785934699327969f,0.22123877065735295f,-0.37894451995772954f,-0.3922493172701979f,-0.8686792983580089f,-0.32370207753414637f,0f,0f,0f,1f],start_interpolation:0}
execute if entity @s[tag=aj.dino.bone.leg_left_1] run data modify entity @s {} merge value {transformation:[-0.8422283078022018f,-0.5008024168878236f,0.19962068223496757f,0.24234271803499025f,0.038728332856868775f,0.31311192411864014f,0.9489262559381788f,0.25520270659720495f,-0.5377281783306199f,0.8069435309946025f,-0.2443164833063775f,-0.08081391430893281f,0f,0f,0f,1f],start_interpolation:0}
execute if entity @s[tag=aj.dino.bone.leg_left_0] run data modify entity @s {} merge value {transformation:[-0.8627362662368137f,0.3317992071277005f,0.38156968048993484f,0.24124051485832143f,-0.005541799595123659f,0.7483563450068087f,-0.6632737514369897f,0.6023819818444605f,-0.505623796292272f,-0.5743449025084836f,-0.6437953941940804f,-0.31270314336323973f,0f,0f,0f,1f],start_interpolation:0}
execute if entity @s[tag=aj.dino.bone.leg_right_3] run data modify entity @s {} merge value {transformation:[-0.6212642159676139f,-0.02866851251902207f,0.7830765545897113f,-0.18111462823911048f,-0.015575801715788679f,0.9995848795725053f,0.02423763459853201f,-0.00036416470184436056f,-0.7834463404465277f,0.002860929913194421f,-0.6214528515671771f,-0.2022219688905777f,0f,0f,0f,1f],start_interpolation:0}
execute if entity @s[tag=aj.dino.bone.leg_right_2] run data modify entity @s {} merge value {transformation:[-0.9205995896089415f,0.3763889864329703f,0.25077863945022194f,-0.08420052055106922f,0.2617887341342153f,0.9072168481108557f,-0.40060759938486623f,0.198320062820738f,-0.36881601618279575f,-0.29555223040346235f,-0.9103218248571686f,-0.2986756133567209f,0f,0f,0f,1f],start_interpolation:0}
execute if entity @s[tag=aj.dino.bone.leg_right_1] run data modify entity @s {} merge value {transformation:[-0.9159433872219084f,-0.36984898922402376f,-0.1557544110913884f,-0.19465788827821895f,-0.27090642001005444f,0.28350763315003813f,0.9199093072379472f,0.22115641646705608f,-0.29606996301852906f,0.8847797167180268f,-0.3598714074257294f,-0.045118802115738516f,0f,0f,0f,1f],start_interpolation:0}
execute if entity @s[tag=aj.dino.bone.leg_right_0] run data modify entity @s {} merge value {transformation:[-0.9180658991755098f,-0.003633158076769616f,0.39641115641900376f,-0.12160604370121132f,-0.22223268444140842f,0.8327767526083545f,-0.5070458699970338f,0.6152485819188543f,-0.32827981774246806f,-0.5535970379955737f,-0.7653513446682506f,-0.16200366725174425f,0f,0f,0f,1f],start_interpolation:0}
execute if entity @s[tag=aj.dino.bone.tail_4] run data modify entity @s {} merge value {transformation:[0.044742443124557045f,-2.5391234345272458f,1.0846712080708194f,-0.7809034424673543f,2.727361411282403f,0.20970471522148873f,0.3783979337437458f,0.5766797542750527f,-0.43030126380352113f,1.0651466792176743f,2.51116799631579f,0.08643069985494906f,0f,0f,0f,1f],start_interpolation:0}
execute if entity @s[tag=aj.dino.bone.tail_3] run data modify entity @s {} merge value {transformation:[0.13207362571531786f,-2.0530710087369344f,0.3215610618821282f,-0.8153374039416513f,2.078080874617902f,0.13188534623877934f,-0.01147432086079724f,0.5773347734181566f,-0.009053285710139372f,0.32163832883508897f,2.0572827587588605f,-0.2655559144954755f,0f,0f,0f,1f],start_interpolation:0}
execute if entity @s[tag=aj.dino.bone.tail_2] run data modify entity @s {} merge value {transformation:[0.25147569473535375f,-1.8698270397362415f,-0.50919612275758f,-0.720937935174758f,1.9300370566669913f,0.2879183473529828f,-0.10408583070005584f,0.5981797692584723f,0.17461617866728435f,-0.48951378094136266f,1.8837885559209941f,-0.6157354547517363f,0f,0f,0f,1f],start_interpolation:0}
execute if entity @s[tag=aj.dino.bone.tail_1] run data modify entity @s {} merge value {transformation:[0.33544357026650434f,-0.41976962193847844f,-1.4138342638599788f,-0.4118857991554775f,0.9334604737269253f,1.1829919018678183f,-0.12976114250678755f,0.6107502635692561f,1.1418342284046168f,-0.8437889988692608f,0.5214316544196809f,-0.7187181566658483f,0f,0f,0f,1f],start_interpolation:0}
execute if entity @s[tag=aj.dino.bone.tail_0] run data modify entity @s {} merge value {transformation:[-0.5361982505590751f,-0.07204200515500651f,-1.158074739459704f,-0.07520794604012777f,0.09992587361351454f,1.2681429691059194f,-0.12515568814011846f,0.6779262133755893f,1.1560025832427847f,-0.14303522637622065f,-0.5263408288699825f,-0.5683608279783604f,0f,0f,0f,1f],start_interpolation:0}
execute if entity @s[tag=aj.dino.bone.body_1] run data modify entity @s {} merge value {transformation:[-1.1411934203490217f,0.13507448583044798f,-0.4561107932136565f,0.021733199111534138f,0.040466910876740314f,1.208745178722354f,0.2567140765439417f,0.5368262209302326f,0.4739668780963969f,0.22202380784356193f,-1.120118485819447f,-0.32290384943499945f,0f,0f,0f,1f],start_interpolation:0}