execute if entity @s[tag=aj.dino.bone.head_lower] run data modify entity @s {} merge value {transformation:[-0.9178033614708341f,-0.21275514292310233f,0.33521968741797925f,0.25433351134237303f,-0.15420487138887978f,0.9690405193419996f,0.19282460816329167f,0.8382518526484066f,-0.3658658870580537f,0.12528256476125554f,-0.9221965255053094f,0.6591635898122621f,0f,0f,0f,1f],start_interpolation:0}
execute if entity @s[tag=aj.dino.bone.head_upper] run data modify entity @s {} merge value {transformation:[-0.955341136536924f,-0.17945102401976482f,0.3722802511577846f,0.2756714405551371f,-0.16051178637665522f,1.0251547121232618f,0.0822540286499979f,0.8668919793131136f,-0.3808296493946085f,0.018085595739080338f,-0.9685626628939651f,0.5926813183909465f,0f,0f,0f,1f],start_interpolation:0}
execute if entity @s[tag=aj.dino.bone.neck_0] run data modify entity @s {} merge value {transformation:[-0.9689041351207968f,-0.09741060053285491f,0.2274553843056903f,0.2922733660233738f,-0.21820343115497137f,0.7698148265820531f,-0.5998102995169736f,0.8156820896474998f,-0.11667064574269934f,-0.6307902247802135f,-0.7671320960197854f,0.553353725971887f,0f,0f,0f,1f],start_interpolation:0}
execute if entity @s[tag=aj.dino.bone.neck_1] run data modify entity @s {} merge value {transformation:[-0.9855134833964809f,-0.16401119435364891f,-0.04316830052739501f,0.28786086531377103f,-0.13685861314451403f,0.9194082454452577f,-0.36872509843436707f,0.7886818331539276f,0.10016433522913307f,-0.35747560243177856f,-0.9285355672316181f,0.4730477309820962f,0f,0f,0f,1f],start_interpolation:0}
execute if entity @s[tag=aj.dino.bone.neck_2] run data modify entity @s {} merge value {transformation:[-0.9439059157774434f,-0.07072050812790365f,-0.3225526807987752f,0.25891043335580255f,-0.018878511985941246f,0.9867569195737598f,-0.16110364197777036f,0.7842289128050619f,0.3296744211271813f,-0.14597736606555162f,-0.9327407917803434f,0.3899034324165641f,0f,0f,0f,1f],start_interpolation:0}
execute if entity @s[tag=aj.dino.bone.body_0] run data modify entity @s {} merge value {transformation:[-0.8931590142798854f,-0.18726442090539136f,-0.4088997577323221f,0.06441358322100069f,-0.005455221710351775f,0.9136334983257159f,-0.40650224020687165f,0.6013494324923894f,0.44970792273060317f,-0.3608405013299958f,-0.8170415637121794f,0.0013973505190830182f,0f,0f,0f,1f],start_interpolation:0}
execute if entity @s[tag=aj.dino.bone.leg_left_3] run data modify entity @s {} merge value {transformation:[-0.9811413954308872f,0.06058537801340883f,-0.1835510123723199f,0.31157171481288765f,0.0629343980696135f,0.9979931592544367f,-0.006993970329040082f,0.019471963672920783f,0.1827589223856023f,-0.018413746286956786f,-0.9829853051984716f,-0.36599727249231034f,0f,0f,0f,1f],start_interpolation:0}
execute if entity @s[tag=aj.dino.bone.leg_left_2] run data modify entity @s {} merge value {transformation:[-1.0056981879376263f,-0.18963356636015036f,-0.06835542984430341f,0.2636956985442691f,-0.18650076781143823f,1.0073315823317266f,-0.050623574977454386f,0.2524256644775157f,0.07649063920123164f,-0.03720743537633896f,-1.022167788754858f,-0.40614116883665946f,0f,0f,0f,1f],start_interpolation:0}
execute if entity @s[tag=aj.dino.bone.leg_left_1] run data modify entity @s {} merge value {transformation:[-0.9796895734121426f,-0.03589518466655334f,0.1972812091033712f,0.262992173229065f,0.17627520176605113f,0.3147872293242423f,0.9326500166175438f,0.28496862732499173f,-0.09557924978713749f,0.9484832818622163f,-0.3020663354927308f,-0.13054391507493512f,0f,0f,0f,1f],start_interpolation:0}
execute if entity @s[tag=aj.dino.bone.leg_left_0] run data modify entity @s {} merge value {transformation:[-0.9896749535860763f,0.1423884854138106f,0.016401386098698068f,0.2024882711161388f,0.12334062386029061f,0.9043465796440148f,-0.4085882455381285f,0.6876476307476538f,-0.07301079885983874f,-0.4023465957451767f,-0.9125714438563785f,-0.22271862199659692f,0f,0f,0f,1f],start_interpolation:0}
execute if entity @s[tag=aj.dino.bone.leg_right_3] run data modify entity @s {} merge value {transformation:[-0.9163694814235895f,0.04033039028587036f,0.39829691579881804f,-0.2878132667335338f,0.041174839302658556f,0.9991312190274877f,-0.0064373731480116825f,0.031750252363123344f,-0.3982105047884369f,0.01050079920938718f,-0.9172339543933719f,-0.03569393798685214f,0f,0f,0f,1f],start_interpolation:0}
execute if entity @s[tag=aj.dino.bone.leg_right_2] run data modify entity @s {} merge value {transformation:[-0.9808292153148275f,0.2636015914173556f,0.14335428451159515f,-0.22041619186584974f,0.14050692709572152f,0.8364651937425954f,-0.5767546988070181f,0.2086867915826856f,-0.2651302572768931f,-0.5318856833569542f,-0.8359819172786506f,-0.18509998690823856f,0f,0f,0f,1f],start_interpolation:0}
execute if entity @s[tag=aj.dino.bone.leg_right_1] run data modify entity @s {} merge value {transformation:[-0.9883052868619545f,-0.08002700991223116f,-0.12980114654816188f,-0.2549555810349884f,-0.15203010532488714f,0.5830452259428848f,0.7980884108794679f,0.3217265682601895f,0.01181130964853054f,0.8084886778364421f,-0.5883931940247682f,0.06598251973905553f,0f,0f,0f,1f],start_interpolation:0}
execute if entity @s[tag=aj.dino.bone.leg_right_0] run data modify entity @s {} merge value {transformation:[-0.9941212212653848f,-0.06934876329121137f,0.08314894142320364f,-0.17336093652226167f,-0.10573276491385483f,0.7871648550606816f,-0.6076117785074346f,0.6925506128822599f,-0.023314799023181176f,-0.6128313307813787f,-0.7898697235362505f,-0.10762370273417146f,0f,0f,0f,1f],start_interpolation:0}
execute if entity @s[tag=aj.dino.bone.tail_4] run data modify entity @s {} merge value {transformation:[-2.0004763906821075f,0.38969587320257343f,1.863301550563507f,0.3292379842366058f,1.572367679420342f,1.8618912663966383f,1.2987232670704771f,0.8042356962806991f,-1.0730402707437303f,2.001789042363058f,-1.570696195588891f,-1.685537545665183f,0f,0f,0f,1f],start_interpolation:0}
execute if entity @s[tag=aj.dino.bone.tail_3] run data modify entity @s {} merge value {transformation:[-1.0849764718363866f,0.9274762685876498f,1.5161000470986865f,0.06308735898684209f,1.426695488146836f,1.5137601930934745f,0.09495044998057425f,0.7733222768871222f,-1.0598639373558156f,1.0882386572148512f,-1.4242087576195739f,-1.4546936403626556f,0f,0f,0f,1f],start_interpolation:0}
execute if entity @s[tag=aj.dino.bone.tail_2] run data modify entity @s {} merge value {transformation:[-1.1120415381945377f,1.1112554810736865f,1.1607104497317111f,-0.15324404557194826f,1.3478077714678671f,1.4136236477134145f,-0.06209886310568778f,0.7861993254520953f,-0.8749581152852545f,0.7652145538421798f,-1.5708815544423984f,-1.1631350887970793f,0f,0f,0f,1f],start_interpolation:0}
execute if entity @s[tag=aj.dino.bone.tail_1] run data modify entity @s {} merge value {transformation:[-1.2948382390221773f,0.707582912733553f,0.3322297493805265f,-0.23214859900749352f,0.737798218094471f,1.3186401619577492f,0.06706834311853045f,0.7549430808617461f,-0.25827112525903934f,0.21947846108341026f,-1.4740357800874062f,-0.8483751872529441f,0f,0f,0f,1f],start_interpolation:0}
execute if entity @s[tag=aj.dino.bone.tail_0] run data modify entity @s {} merge value {transformation:[-1.1305241862079907f,0.3953349495344204f,-0.4466106342883082f,-0.09209845491188119f,0.25498270309132753f,1.1855774150520917f,0.40401204267529933f,0.665491466824525f,0.53919811025914f,0.26823904857243513f,-1.127452405779488f,-0.5124343037842667f,0f,0f,0f,1f],start_interpolation:0}
execute if entity @s[tag=aj.dino.bone.body_1] run data modify entity @s {} merge value {transformation:[-1.1820882207153771f,-0.003164412642652882f,-0.36230100744385285f,-0.0076554000621876115f,0.015420432742462803f,1.2347606765389099f,-0.06109727476294635f,0.5965258333333334f,0.3619865242743697f,-0.06293372086608894f,-1.1805124726481973f,-0.2337426575301288f,0f,0f,0f,1f],start_interpolation:0}