execute if entity @s[tag=aj.dino.bone.head_lower] run data modify entity @s {} merge value {transformation:[-0.9696386383030497f,-0.21724751602696724f,0.1122694432600443f,0.17227652400256818f,-0.2424543371823859f,0.9139220257875564f,-0.32551870170824104f,1.3318509445377777f,-0.03188738765182209f,-0.3428557241180052f,-0.9388467111026491f,0.26084504016519117f,0f,0f,0f,1f],start_interpolation:0}
execute if entity @s[tag=aj.dino.bone.head_upper] run data modify entity @s {} merge value {transformation:[-1.0092964545935452f,-0.11977926111200299f,0.22460084135165118f,0.18475698815732813f,-0.252370618550505f,0.5906467051143819f,-0.8190955275262262f,1.2885691293754273f,-0.0331915685203701f,-0.8486821200711692f,-0.6017548682263987f,0.20029440860340852f,0f,0f,0f,1f],start_interpolation:0}
execute if entity @s[tag=aj.dino.bone.neck_0] run data modify entity @s {} merge value {transformation:[-0.9954954835199863f,-0.03200528417642671f,0.08924350999425759f,0.1913688160953417f,-0.09430262060196565f,0.23710604141059016f,-0.9668959307361888f,1.2222296214725157f,0.009785603655917505f,-0.9709564289459057f,-0.23905617551049296f,0.20059386947648594f,0f,0f,0f,1f],start_interpolation:0}
execute if entity @s[tag=aj.dino.bone.neck_1] run data modify entity @s {} merge value {transformation:[-0.9606738891136467f,-0.2218246685086734f,-0.16703141984751918f,0.17619714402713543f,0.04500923480402742f,0.46917765173890474f,-0.8819560646036302f,1.149677809921595f,0.27400702100058855f,-0.8547901190057031f,-0.4407425607909893f,0.15931927860188438f,0f,0f,0f,1f],start_interpolation:0}
execute if entity @s[tag=aj.dino.bone.neck_2] run data modify entity @s {} merge value {transformation:[-0.88374504548453f,-0.4475435339439702f,-0.13674604128269569f,0.15983543430344146f,-0.1435096758579837f,0.5373174386767714f,-0.8310805875659534f,1.0821295908944555f,0.445420775802704f,-0.7148389716004412f,-0.5390784517716702f,0.10509324283197216f,0f,0f,0f,1f],start_interpolation:0}
execute if entity @s[tag=aj.dino.bone.body_0] run data modify entity @s {} merge value {transformation:[-0.9821433252971198f,-0.14457930674810648f,-0.12037986806170356f,0.10172355528955668f,0.04968211610739438f,0.417829840889259f,-0.9071658676347716f,0.6585660708719626f,0.18145571336667135f,-0.8969476284168957f,-0.4031857834347573f,-0.09347125229934747f,0f,0f,0f,1f],start_interpolation:0}
execute if entity @s[tag=aj.dino.bone.leg_left_3] run data modify entity @s {} merge value {transformation:[-0.95606442597804f,-0.0324677668129931f,-0.29135314911196375f,0.4599727352767887f,-0.030665879697631675f,0.9994718805813985f,-0.010750058113939209f,0.07963416239190443f,0.29154831023631655f,-0.0013431475197403474f,-0.9565551624203849f,-0.26782980164630227f,0f,0f,0f,1f],start_interpolation:0}
execute if entity @s[tag=aj.dino.bone.leg_left_2] run data modify entity @s {} merge value {transformation:[-0.9780633701112114f,-0.2930113365541115f,-0.09797244611709638f,0.3871270844685875f,-0.2927053649848392f,0.9828934409225688f,-0.017500074319247435f,0.3077502689456351f,0.09888282386990306f,0.011271199708117232f,-1.0208610810004208f,-0.29659827666866356f,0f,0f,0f,1f],start_interpolation:0}
execute if entity @s[tag=aj.dino.bone.leg_left_1] run data modify entity @s {} merge value {transformation:[-0.9943094385572383f,0.0472557494267587f,0.095475832240966f,0.41470360865024486f,0.10515238856946149f,0.5790488583499702f,0.8084833918032781f,0.4200866456553683f,-0.017079683080392944f,0.8139221791975639f,-0.5807228001690324f,-0.044341543474972545f,0f,0f,0f,1f],start_interpolation:0}
execute if entity @s[tag=aj.dino.bone.leg_left_0] run data modify entity @s {} merge value {transformation:[-0.992314611928112f,-0.12133934627919571f,-0.02425848302137068f,0.25365462820716334f,-0.04135132102238158f,0.5099473546580778f,-0.8592111287261893f,0.6854455556345693f,0.11662666592021156f,-0.851604637447311f,-0.5110457536019348f,-0.32354604443680746f,0f,0f,0f,1f],start_interpolation:0}
execute if entity @s[tag=aj.dino.bone.leg_right_3] run data modify entity @s {} merge value {transformation:[-0.8742512190517296f,0.015195683359331856f,0.48523591910925973f,-0.24210512047614488f,0.013525852075429043f,0.9998844171978449f,-0.006942879126086848f,0.024056688848997643f,-0.48528533597482476f,0.0004934087238463447f,-0.8743557052113474f,-0.23066506259285377f,0f,0f,0f,1f],start_interpolation:0}
execute if entity @s[tag=aj.dino.bone.leg_right_2] run data modify entity @s {} merge value {transformation:[-1.0083968772442298f,0.18720865679804508f,0.012282356640836553f,-0.1965230695383704f,0.1785173961904515f,0.9781127652926426f,-0.25197054813937175f,0.24398938772446763f,-0.057701618020314226f,-0.24558203658278016f,-0.994194239616377f,-0.318545416846086f,0f,0f,0f,1f],start_interpolation:0}
execute if entity @s[tag=aj.dino.bone.leg_right_1] run data modify entity @s {} merge value {transformation:[-0.9714090324908496f,0.09998794874618845f,-0.21532975108126942f,-0.17728540398934595f,-0.130212337700101f,0.5340122025072125f,0.8353895586396028f,0.34216462569694067f,0.19851760301259613f,0.8395435531757273f,-0.5057246124277598f,-0.05969233007090813f,0f,0f,0f,1f],start_interpolation:0}
execute if entity @s[tag=aj.dino.bone.leg_right_0] run data modify entity @s {} merge value {transformation:[-0.9799622756791967f,-0.18215736494838974f,-0.08057687410609532f,-0.12830111834372435f,-0.10128247697127024f,0.8040400060374832f,-0.585885252033031f,0.7173282679771492f,0.1715103440152065f,-0.5659844194731012f,-0.8063782231741394f,-0.23621445286374387f,0f,0f,0f,1f],start_interpolation:0}
execute if entity @s[tag=aj.dino.bone.tail_4] run data modify entity @s {} merge value {transformation:[-0.8818866210297052f,1.9892071539579566f,-1.70029180374761f,-0.5011062233348342f,-1.5540704695363226f,1.0454719860331292f,2.0291659946231846f,0.5275445449054816f,2.1054221180000847f,1.6049001703104262f,0.7855918023844213f,-1.6213660794981974f,0f,0f,0f,1f],start_interpolation:0}
execute if entity @s[tag=aj.dino.bone.tail_3] run data modify entity @s {} merge value {transformation:[-1.0988008909029303f,1.1893487172307438f,-1.3092103562899882f,-0.29075123854733326f,-0.08662029838419963f,1.5032339525754324f,1.4383080802723454f,0.26895032155080933f,1.7666575933392423f,0.8134388967159574f,-0.7437631580353832f,-1.50321147121985f,0f,0f,0f,1f],start_interpolation:0}
execute if entity @s[tag=aj.dino.bone.tail_2] run data modify entity @s {} merge value {transformation:[-1.4793630554257695f,0.7955935334951841f,-0.9986439579273272f,-0.1060101017739701f,0.7639475541161905f,1.776194435001096f,0.2833572632451909f,0.21726237299858828f,1.0230556973127123f,-0.17589239191779102f,-1.655654789400319f,-1.1947142227276002f,0f,0f,0f,1f],start_interpolation:0}
execute if entity @s[tag=aj.dino.bone.tail_1] run data modify entity @s {} merge value {transformation:[-1.5042376415323724f,-0.11299869938448447f,-0.11025725252581997f,-0.07946557243264651f,-0.051267830609210384f,1.3486600948048697f,-0.6827472506173461f,0.3477449673331289f,0.14932172427933196f,-0.6752803067011023f,-1.3451229609369966f,-0.8971468227379451f,0f,0f,0f,1f],start_interpolation:0}
execute if entity @s[tag=aj.dino.bone.tail_0] run data modify entity @s {} merge value {transformation:[-1.2553215869930763f,-0.13025350324883947f,-0.20257703400093832f,-0.02341110382889277f,0.010311822808409657f,1.0450916118052922f,-0.7358756048603676f,0.588004844673829f,0.24061815418538293f,-0.7243295275008803f,-1.0253220743019231f,-0.6150032437031498f,0f,0f,0f,1f],start_interpolation:0}
execute if entity @s[tag=aj.dino.bone.body_1] run data modify entity @s {} merge value {transformation:[-1.201293975499716f,0.012080398834370489f,-0.2921496935619487f,0.043695906968942454f,0.10027473236255902f,1.177420694684789f,-0.3636345429601763f,0.5932371428571429f,0.2746677220460299f,-0.37701348350986286f,-1.1449991575429448f,-0.3234124448693538f,0f,0f,0f,1f],start_interpolation:0}