execute if entity @s[tag=aj.dino.bone.head_lower] run data modify entity @s {} merge value {transformation:[-0.9993088462792554f,-0.027778762246627123f,0.024701621729529798f,0.12033564167478707f,-0.02369929667096907f,0.9880403620986076f,0.15236333614539183f,0.28843688264101547f,-0.028638664167953257f,0.15167261859708775f,-0.9880158114537324f,0.5888701071175464f,0f,0f,0f,1f],start_interpolation:0}
execute if entity @s[tag=aj.dino.bone.head_upper] run data modify entity @s {} merge value {transformation:[-1.0401801617133912f,-0.0386511636232065f,-0.001805910291992854f,0.1190203436436228f,-0.02466858803010476f,0.6250071224144842f,0.8320033054497283f,0.3598197104747792f,-0.029809973599645812f,0.831471062073266f,-0.6254911518097201f,0.5644116040288182f,0f,0f,0f,1f],start_interpolation:0}
execute if entity @s[tag=aj.dino.bone.neck_0] run data modify entity @s {} merge value {transformation:[-0.9999509175455449f,-0.009853483528259155f,0.0010350662690794543f,0.1195703226225079f,-0.009371406416657995f,0.9745543382420288f,0.22395539411993423f,0.35848527011158415f,-0.0032154691099249635f,0.2239347018128266f,-0.9745988457218712f,0.49775837420207425f,0f,0f,0f,1f],start_interpolation:0}
execute if entity @s[tag=aj.dino.bone.neck_1] run data modify entity @s {} merge value {transformation:[-0.9988312889446501f,0.014750494936730547f,-0.04602693911493721f,0.11573919046225849f,-0.00132181997311883f,0.9435999181043944f,0.3310852569132893f,0.3908795837388539f,0.04831468738517628f,0.33075915324069505f,-0.942477624949458f,0.41944191542411347f,0f,0f,0f,1f],start_interpolation:0}
execute if entity @s[tag=aj.dino.bone.neck_2] run data modify entity @s {} merge value {transformation:[-0.9973033403783962f,0.056588288086481114f,-0.04673128418451618f,0.11219921419111019f,0.0326327417435635f,0.9122745740460002f,0.4082771187753321f,0.435579459673483f,0.06573546559042902f,0.40565116442656757f,-0.9116611110291912f,0.34354514307133743f,0f,0f,0f,1f],start_interpolation:0}
execute if entity @s[tag=aj.dino.bone.body_0] run data modify entity @s {} merge value {transformation:[-0.9943080443503463f,0.04910453862108852f,-0.09455293346586138f,0.06810455333318936f,0.026807742014665834f,0.9742124885237776f,0.22403431025711987f,0.5504465816877997f,0.10311575004946966f,0.22022436625205297f,-0.969983696048865f,-0.11150662306862377f,0f,0f,0f,1f],start_interpolation:0}
execute if entity @s[tag=aj.dino.bone.leg_left_3] run data modify entity @s {} merge value {transformation:[-0.8927742336509555f,0.030698862342912844f,-0.44945716990587614f,0.3164679695839313f,-0.05528056520542863f,0.9826707571877563f,0.17692439650486375f,0.10141493592211606f,0.4470997951682792f,0.18279978889181653f,-0.8756060817180239f,-0.2843352240899839f,0f,0f,0f,1f],start_interpolation:0}
execute if entity @s[tag=aj.dino.bone.leg_left_2] run data modify entity @s {} merge value {transformation:[-0.976041830540966f,-0.15624111728310214f,-0.2738489689684116f,0.2700710221486856f,-0.12456101013708624f,1.0095147202679458f,-0.13201054433890758f,0.3324583931086278f,0.28963614983037406f,-0.09236310049556563f,-0.9796132695502742f,-0.3356900313236911f,0f,0f,0f,1f],start_interpolation:0}
execute if entity @s[tag=aj.dino.bone.leg_left_1] run data modify entity @s {} merge value {transformation:[-0.9675542844542081f,0.18815771942040171f,0.16862793142542717f,0.33151364975474845f,0.2122092401359008f,0.24293310834544812f,0.9465467464793076f,0.3440281574554055f,0.13713476960730545f,0.9516197651857241f,-0.2749797764793244f,-0.06531190771605078f,0f,0f,0f,1f],start_interpolation:0}
execute if entity @s[tag=aj.dino.bone.leg_left_0] run data modify entity @s {} merge value {transformation:[-0.9670544152984124f,-0.018558846903169335f,-0.25389235327884613f,0.23245041113431342f,0.18211743681423082f,0.6464270529030556f,-0.7409219287369518f,0.6793279218545796f,0.1778735423272959f,-0.7627500471823618f,-0.6217502460500075f,-0.2934956523438007f,0f,0f,0f,1f],start_interpolation:0}
execute if entity @s[tag=aj.dino.bone.leg_right_3] run data modify entity @s {} merge value {transformation:[-0.9940616665846244f,-0.022223916422429026f,0.10652464769173056f,-0.190571699767819f,-0.01863768266236171f,0.9992293785086969f,0.034543970676524205f,0.009646220040682468f,-0.10721025982607973f,0.0323534644817578f,-0.99370982360247f,-0.19994683177973688f,0f,0f,0f,1f],start_interpolation:0}
execute if entity @s[tag=aj.dino.bone.leg_right_2] run data modify entity @s {} merge value {transformation:[-1.0104719423816295f,0.12451003837993359f,0.12452270276065378f,-0.15613265710355925f,0.05281337114842142f,0.906210872882431f,-0.4775508362449973f,0.20604226538048231f,-0.16798631190704133f,-0.464048816088334f,-0.8991671117203854f,-0.33564361796596975f,0f,0f,0f,1f],start_interpolation:0}
execute if entity @s[tag=aj.dino.bone.leg_right_1] run data modify entity @s {} merge value {transformation:[-0.9573857005343993f,-0.02587061004240186f,-0.28765140699862923f,-0.1669718760532904f,-0.2639423833874441f,0.4827069309169159f,0.835061936084101f,0.28763352278222626f,0.11724776613655612f,0.8753997546154589f,-0.46896506368298013f,-0.07061764997806147f,0f,0f,0f,1f],start_interpolation:0}
execute if entity @s[tag=aj.dino.bone.leg_right_0] run data modify entity @s {} merge value {transformation:[-0.9682086210554134f,-0.24989312265304633f,0.011202382098647462f,-0.15342091890747422f,-0.2176438213097402f,0.8194929178814894f,-0.5301533029113149f,0.6778575395276327f,0.12330139155609086f,-0.5157371276074586f,-0.8478278021199467f,-0.21843127208362423f,0f,0f,0f,1f],start_interpolation:0}
execute if entity @s[tag=aj.dino.bone.tail_4] run data modify entity @s {} merge value {transformation:[-2.3426888305284583f,0.4216668733350112f,1.3998812174070623f,0.11638096665266864f,1.2624746709939993f,1.9169164685618016f,1.5353339341182903f,0.9865886065778238f,-0.7373113860614101f,1.9424957225405752f,-1.8189952225049342f,-1.9129663879367953f,0f,0f,0f,1f],start_interpolation:0}
execute if entity @s[tag=aj.dino.bone.tail_3] run data modify entity @s {} merge value {transformation:[-1.8374318063757726f,0.43749899567354317f,0.876575445553747f,-0.03653510696980325f,0.8559747933358897f,1.6232005830885199f,0.9841100275269601f,0.8038356208149753f,-0.4765469925796306f,1.228722923156468f,-1.6121688708127262f,-1.651626142170062f,0f,0f,0f,1f],start_interpolation:0}
execute if entity @s[tag=aj.dino.bone.tail_2] run data modify entity @s {} merge value {transformation:[-1.8013854368235205f,0.6475186070337233f,0.3930700148167197f,-0.11078391073470023f,0.7171894643353608f,1.7842892494743368f,0.3474550639427237f,0.7401993822601742f,-0.2437696766402005f,0.46454860107225693f,-1.8824305610022698f,-1.30175612594801f,0f,0f,0f,1f],start_interpolation:0}
execute if entity @s[tag=aj.dino.bone.tail_1] run data modify entity @s {} merge value {transformation:[-1.4196909085712281f,0.5057714076872205f,-0.12778598235443722f,-0.0881119932093436f,0.5065722275052094f,1.4250912754126352f,0.012477382065124465f,0.7196101553381343f,0.1245734820923441f,-0.031086812459240835f,-1.507040579297888f,-0.9771968172087528f,0f,0f,0f,1f],start_interpolation:0}
execute if entity @s[tag=aj.dino.bone.tail_0] run data modify entity @s {} merge value {transformation:[-1.2388749149705784f,0.257824271850949f,-0.1804198062442074f,-0.02916737352495194f,0.2568903976584732f,1.2518856882757536f,0.02500527274879495f,0.7425132651610497f,0.18174703637622494f,-0.012024346921895458f,-1.2651715877435714f,-0.6077744428572753f,0f,0f,0f,1f],start_interpolation:0}
execute if entity @s[tag=aj.dino.bone.body_1] run data modify entity @s {} merge value {transformation:[-1.2136089279533968f,0.041215653289229236f,-0.2325064192060063f,0.02211094530861602f,-0.004624518539105942f,1.2130060714837183f,0.23916412654946362f,0.605206388888889f,0.23608595654197334f,0.23563135513727462f,-1.1905233641789998f,-0.3468658811866858f,0f,0f,0f,1f],start_interpolation:0}