execute if entity @s[tag=aj.dino.bone.head_lower] run data modify entity @s {} merge value {transformation:[-0.9464175825141923f,-0.15991655485350698f,0.2805716574990729f,-1.0444590404991585f,-0.020105847886290294f,0.8962812633829556f,0.44303008000521427f,0.4771883892849026f,-0.3223189637436265f,0.4136503262327231f,-0.8514716044700471f,0.47273728761118333f,0f,0f,0f,1f],start_interpolation:0}
execute if entity @s[tag=aj.dino.bone.head_upper] run data modify entity @s {} merge value {transformation:[-0.9851256672983635f,-0.27639531336440964f,0.19132431357161792f,-1.03778184125268f,-0.02092816868740295f,0.6417148135320586f,0.819289968468072f,0.5480711210815384f,-0.3355016750611726f,0.7715436937900614f,-0.6128873446135451f,0.44770710912468664f,0f,0f,0f,1f],start_interpolation:0}
execute if entity @s[tag=aj.dino.bone.neck_0] run data modify entity @s {} merge value {transformation:[-0.8474263394971424f,0.3651199668979189f,0.38542964195678575f,-1.0185119949499166f,0.38857482618540684f,0.9212344383579311f,-0.018349769435289404f,0.5318056700942027f,-0.36177092694335544f,0.1342181781868976f,-0.9225547555905478f,0.38599127337774614f,0f,0f,0f,1f],start_interpolation:0}
execute if entity @s[tag=aj.dino.bone.neck_1] run data modify entity @s {} merge value {transformation:[-0.695235020005067f,0.31059854677022014f,0.6482104671345418f,-0.9621691719410879f,0.269142832236827f,0.9487014224745378f,-0.16591487832719445f,0.5221210511327736f,-0.666491112329409f,0.059111367257201786f,-0.7431658249993005f,0.3233076926288853f,0f,0f,0f,1f],start_interpolation:0}
execute if entity @s[tag=aj.dino.bone.neck_2] run data modify entity @s {} merge value {transformation:[-0.30973742239587343f,0.20623759854229493f,0.9281857476362515f,-0.8788339440668167f,0.3367120784178828f,0.9367243164468865f,-0.09577333253376333f,0.5229017054135348f,-0.889206222096466f,0.2828667670911879f,-0.35958126572488414f,0.29457511933344466f,0f,0f,0f,1f],start_interpolation:0}
execute if entity @s[tag=aj.dino.bone.body_0] run data modify entity @s {} merge value {transformation:[-0.10504748806816577f,0.04153129193447892f,0.9935996059987249f,-0.41015853828834936f,0.24983883475221963f,0.9681854230607214f,-0.014055007021874316f,0.5255008096968339f,-0.9625723774866083f,0.24676332459055755f,-0.11208157625940762f,0.2441022218691776f,0f,0f,0f,1f],start_interpolation:0}
execute if entity @s[tag=aj.dino.bone.leg_left_3] run data modify entity @s {} merge value {transformation:[0.34860610803233816f,-0.0346085660585215f,0.9366301450401424f,-0.6185685360585892f,0.09717858314497359f,0.9952667760952371f,0.0006061179165370162f,0.04294467331684204f,-0.9322178417196705f,0.09080909401797926f,0.35031928868269957f,0.5785653951158896f,0f,0f,0f,1f],start_interpolation:0}
execute if entity @s[tag=aj.dino.bone.leg_left_2] run data modify entity @s {} merge value {transformation:[0.5666315792425372f,0.24010674146333247f,0.8205727302376448f,-0.5363615704964947f,-0.3124628054647819f,0.9744824712853151f,-0.06937656563593395f,0.2674663278528026f,-0.7958378277682457f,-0.21164797509595887f,0.6114813864964282f,0.5468934276442753f,0f,0f,0f,1f],start_interpolation:0}
execute if entity @s[tag=aj.dino.bone.leg_left_1] run data modify entity @s {} merge value {transformation:[0.7004746235063773f,-0.6986893722129461f,0.145493858909157f,-0.7478404774822105f,0.058039680978443406f,0.2589594082029063f,0.9641428422879676f,0.28552708923924436f,-0.7113133608020582f,-0.6669131773026227f,0.2219462022306332f,0.3681090142911125f,0f,0f,0f,1f],start_interpolation:0}
execute if entity @s[tag=aj.dino.bone.leg_left_0] run data modify entity @s {} merge value {transformation:[0.6786871320148731f,0.6631305642846219f,0.3156606271757452f,-0.4342558436772673f,0.063080548164783f,0.37558270923263837f,-0.924639644925904f,0.5155992435799803f,-0.7317134830523875f,0.6474530741582974f,0.21307251226357957f,0.5198942566662699f,0f,0f,0f,1f],start_interpolation:0}
execute if entity @s[tag=aj.dino.bone.leg_right_3] run data modify entity @s {} merge value {transformation:[0.9752481688603373f,-0.08178765388263252f,-0.2054307396835572f,-0.022240321485134967f,0.07873998259085803f,0.9966302642094061f,-0.022981114060917573f,0.006635236923149157f,0.20661806377020897f,0.006236676539969954f,0.9784017986438834f,0.07073096443605265f,0f,0f,0f,1f],start_interpolation:0}
execute if entity @s[tag=aj.dino.bone.leg_right_2] run data modify entity @s {} merge value {transformation:[0.9909329129696556f,-0.2638882778891227f,0.02184349529906337f,-0.08461454587137672f,0.24611154654815437f,0.8866733084954879f,-0.45310236167783946f,0.19893279315179757f,0.09768965221477018f,0.44298489849550526f,0.9199365799096039f,0.20226870832243757f,0f,0f,0f,1f],start_interpolation:0}
execute if entity @s[tag=aj.dino.bone.leg_right_1] run data modify entity @s {} merge value {transformation:[0.9266650330723784f,-0.2777470554420972f,0.25327552126925396f,-0.1550474118051463f,-0.04870930381338663f,0.5793949799562731f,0.8135901062104215f,0.3122164586135324f,-0.3727188219059819f,-0.7662623769928381f,0.5233762025563473f,-0.041081673217585934f,0f,0f,0f,1f],start_interpolation:0}
execute if entity @s[tag=aj.dino.bone.leg_right_0] run data modify entity @s {} merge value {transformation:[0.8971467661023974f,0.35285471622737075f,0.2657465508865761f,-0.1424549135393986f,0.03075552923745198f,0.5502448050712282f,-0.8344367872484111f,0.5926127033683118f,-0.4406606148651525f,0.7567854410123305f,0.48279811389279276f,0.26799219089793264f,0f,0f,0f,1f],start_interpolation:0}
execute if entity @s[tag=aj.dino.bone.tail_4] run data modify entity @s {} merge value {transformation:[1.2237983730639759f,-1.6065508379307119f,-1.8833409884644066f,-0.33404049496336274f,2.32792177957325f,1.461383921806049f,0.26607997458524635f,0.10079755555167022f,0.8418782939798825f,-1.7055828240900222f,2.001971403365848f,1.903948531856351f,0f,0f,0f,1f],start_interpolation:0}
execute if entity @s[tag=aj.dino.bone.tail_3] run data modify entity @s {} merge value {transformation:[1.093361527890695f,-1.51925913261111f,-0.9123364419723154f,-0.16447480567395262f,1.701649435738671f,1.1994045678704959f,0.04199293352572504f,0.08193999053208169f,0.49486896571034916f,-0.7676105109973216f,1.8713162042337053f,1.5941541279493325f,0f,0f,0f,1f],start_interpolation:0}
execute if entity @s[tag=aj.dino.bone.tail_2] run data modify entity @s {} merge value {transformation:[1.278386460547342f,-1.3463175544291988f,-0.6098614392858386f,-0.05047795980722293f,1.3124788388033732f,1.4048481909680695f,-0.35010674519333107f,0.14832886338132995f,0.6796331585387541f,-0.1805671010242439f,1.8232575700775557f,1.2556741127883426f,0f,0f,0f,1f],start_interpolation:0}
execute if entity @s[tag=aj.dino.bone.tail_1] run data modify entity @s {} merge value {transformation:[1.2718186292089164f,-0.8089943305869866f,-0.12514710334348952f,-0.014873639264851558f,0.7688508724454998f,1.259851681131222f,-0.33060297562276697f,0.20333601136813473f,0.28107287371239953f,0.21437855449868926f,1.4706107999855385f,0.9363259907836846f,0f,0f,0f,1f],start_interpolation:0}
execute if entity @s[tag=aj.dino.bone.tail_0] run data modify entity @s {} merge value {transformation:[1.2352051866534304f,-0.31726241315828063f,0.08630425624194919f,-0.047749856019186326f,0.31626274248242126f,1.0547372294806971f,-0.6491093675559677f,0.41847354347017696f,0.08989850480396906f,0.6486213491154876f,1.0977451074314304f,0.6311917449938258f,0f,0f,0f,1f],start_interpolation:0}
execute if entity @s[tag=aj.dino.bone.body_1] run data modify entity @s {} merge value {transformation:[0.9177468923697243f,0.12240590150514187f,0.8193668481691683f,-0.24648607683636914f,0.242216031861132f,1.1297235844169882f,-0.4400688716300321f,0.44468849125364435f,-0.7922604562335612f,0.48718170444403597f,0.8146053961273785f,0.40899225612167467f,0f,0f,0f,1f],start_interpolation:0}