execute if entity @s[tag=aj.dino.bone.head_lower] run data modify entity @s {} merge value {transformation:[-0.6661850463855897f,0.5157679219313088f,0.5386844481502036f,-1.0799644578630632f,0.49481388204175836f,0.8461003860482894f,-0.19817507125695805f,0.6953917315299741f,-0.5579934642188871f,0.13452727394694014f,-0.8188685526098867f,0.333682066191973f,0f,0f,0f,1f],start_interpolation:0}
execute if entity @s[tag=aj.dino.bone.head_upper] run data modify entity @s {} merge value {transformation:[-0.6934317372056578f,0.15274281880888455f,0.7611136575582962f,-1.0242807489049148f,0.5150515636448155f,0.8540963195852664f,0.29784779039207304f,0.735262967338807f,-0.5808151644081628f,0.5750313476296105f,-0.6445654634094975f,0.30197929654108074f,0f,0f,0f,1f],start_interpolation:0}
execute if entity @s[tag=aj.dino.bone.neck_0] run data modify entity @s {} merge value {transformation:[-0.523977870044998f,0.6303766447423794f,0.5727761146088821f,-0.997306855930209f,0.47010895451778056f,0.7748168029049796f,-0.4226777647550263f,0.6952031971003563f,-0.7102427490550725f,0.047793385519818585f,-0.7023325634734927f,0.256018877042032f,0f,0f,0f,1f],start_interpolation:0}
execute if entity @s[tag=aj.dino.bone.neck_1] run data modify entity @s {} merge value {transformation:[-0.3567703027554193f,0.5174942761911464f,0.7777625763568262f,-0.929036126135343f,0.3031942866502121f,0.8516251470829633f,-0.4275603272037642f,0.6629065562563707f,-0.8836221905398685f,0.08327234213904587f,-0.46073586947425993f,0.2173721270104672f,0f,0f,0f,1f],start_interpolation:0}
execute if entity @s[tag=aj.dino.bone.neck_2] run data modify entity @s {} merge value {transformation:[0.01711820227708241f,0.44462189276194336f,0.8955547664032546f,-0.8462256857188474f,0.1972044499999511f,0.8765902757363908f,-0.4389759599165026f,0.6330313365163673f,-0.9802129217935345f,0.1841218644300156f,-0.07267576616587729f,0.21280785295502525f,0f,0f,0f,1f],start_interpolation:0}
execute if entity @s[tag=aj.dino.bone.body_0] run data modify entity @s {} merge value {transformation:[0.1579970135536321f,0.2418674224176676f,0.9573594380801638f,-0.3927216831167527f,0.15157278736297725f,0.9521062256560622f,-0.2655549381916766f,0.5169462919098045f,-0.9757369695974173f,0.18706652570676827f,0.1137694208513339f,0.2682089968574448f,0f,0f,0f,1f],start_interpolation:0}
execute if entity @s[tag=aj.dino.bone.leg_left_3] run data modify entity @s {} merge value {transformation:[0.3341115964322811f,-0.002858298428245157f,0.9425291885451439f,-0.5801467901540677f,0.05248613440670819f,0.9985001493751688f,-0.015577464261118612f,0.04342146183335244f,-0.9410710105111695f,0.05467432512487512f,0.33376049998108837f,0.637678633273741f,0f,0f,0f,1f],start_interpolation:0}
execute if entity @s[tag=aj.dino.bone.leg_left_2] run data modify entity @s {} merge value {transformation:[0.5082106641957815f,0.34238888491622976f,0.8225290096915717f,-0.4741281806014799f,-0.3782824456444487f,0.9402680433019502f,-0.15767243755035565f,0.2571369337918964f,-0.8066514189013937f,-0.22522890074685534f,0.5921550727245577f,0.6022269261203699f,0f,0f,0f,1f],start_interpolation:0}
execute if entity @s[tag=aj.dino.bone.leg_left_1] run data modify entity @s {} merge value {transformation:[0.6847452921320668f,-0.6815956534361245f,0.25797528974681455f,-0.6866155921953573f,-0.024676544147326424f,0.33209397065627083f,0.9429234660473229f,0.2978388118060039f,-0.728364574284002f,-0.652028342843112f,0.21058035771968386f,0.4284286444832245f,0f,0f,0f,1f],start_interpolation:0}
execute if entity @s[tag=aj.dino.bone.leg_left_0] run data modify entity @s {} merge value {transformation:[0.6624700445600298f,0.6706668703839899f,0.3336755745180892f,-0.37342414097243326f,-0.02254272437051174f,0.463089413686512f,-0.8860248419256864f,0.5491695564479022f,-0.7487491339818615f,0.5794429600062694f,0.3219015229236818f,0.5426707131054304f,0f,0f,0f,1f],start_interpolation:0}
execute if entity @s[tag=aj.dino.bone.leg_right_3] run data modify entity @s {} merge value {transformation:[0.9997921533286809f,-0.017923739386952735f,-0.009715436623647378f,-0.10007525505637867f,0.017837775766600325f,0.9998016042137937f,-0.008863744537447593f,0.03760600311225751f,0.009872380569041966f,0.00868860045768266f,0.9999135184224619f,0.04484838470486878f,0f,0f,0f,1f],start_interpolation:0}
execute if entity @s[tag=aj.dino.bone.leg_right_2] run data modify entity @s {} merge value {transformation:[1.004645923531465f,-0.12165065772642698f,0.16718219195545903f,-0.12482375405118472f,0.17214229331884717f,0.9515363062271945f,-0.3420641581386876f,0.24856936207279867f,-0.1145242274945882f,0.3631005024878494f,0.9524202989807251f,0.15909830829173846f,0f,0f,0f,1f],start_interpolation:0}
execute if entity @s[tag=aj.dino.bone.leg_right_1] run data modify entity @s {} merge value {transformation:[0.8394260995958127f,-0.3791458557076816f,0.3893741689134639f,-0.23175908509024476f,-0.17773826303590212f,0.4855373189466824f,0.8559571378071733f,0.3315381532445951f,-0.5135882915043345f,-0.7877194500643983f,0.3401839720208775f,-0.08317096406202737f,0f,0f,0f,1f],start_interpolation:0}
execute if entity @s[tag=aj.dino.bone.leg_right_0] run data modify entity @s {} merge value {transformation:[0.817073303174267f,0.5537980622854017f,0.16030883771279375f,-0.1223758177174313f,-0.08752888211944239f,0.39398867818235106f,-0.9149380395737434f,0.5708900631890665f,-0.5698507804985558f,0.7335397928354388f,0.3703909560074714f,0.24094821554515714f,0f,0f,0f,1f],start_interpolation:0}
execute if entity @s[tag=aj.dino.bone.tail_4] run data modify entity @s {} merge value {transformation:[2.7198734612028557f,-0.20443986287808089f,-0.43145570932691496f,0.08374106026339152f,0.23619015500472468f,2.7448896536990848f,0.18829851644280474f,0.0436685829006806f,0.41492637578640884f,-0.22236560678780515f,2.7210385831874286f,1.9294644510666659f,0f,0f,0f,1f],start_interpolation:0}
execute if entity @s[tag=aj.dino.bone.tail_3] run data modify entity @s {} merge value {transformation:[2.068721844033321f,-0.20831187195831058f,-0.1137612502790171f,0.1050692595682089f,0.19656090494411388f,2.0630093561010274f,-0.20322827886792647f,0.05794042272932455f,0.13303859857714898f,0.1911650770546051f,2.069227433282234f,1.576729244520615f,0f,0f,0f,1f],start_interpolation:0}
execute if entity @s[tag=aj.dino.bone.tail_2] run data modify entity @s {} merge value {transformation:[1.943600019847923f,-0.17548122216613593f,-0.10197636254059202f,0.12542187168412172f,0.13527005259586178f,1.851994590750028f,-0.6087626168763369f,0.17164877581375854f,0.15131044484979825f,0.5984114399829705f,1.8541258783533663f,1.2323055728776433f,0f,0f,0f,1f],start_interpolation:0}
execute if entity @s[tag=aj.dino.bone.tail_1] run data modify entity @s {} merge value {transformation:[1.5062891862822128f,-0.06869356774445112f,0.11844969835254557f,0.09933345968302888f,0.10022987161312044f,1.4445726790675557f,-0.43682948358370105f,0.24789544148617654f,-0.09329046106482627f,0.44288510772222184f,1.4431929604984182f,0.9164218636871757f,0f,0f,0f,1f],start_interpolation:0}
execute if entity @s[tag=aj.dino.bone.tail_0] run data modify entity @s {} merge value {transformation:[1.2466015548794982f,0.07992618270983105f,0.27098355166592747f,0.022074528807312005f,0.054873970164748286f,1.134156135642376f,-0.586953510907924f,0.44678610731719115f,-0.27714459647340034f,0.5840696721164479f,1.1026736631222354f,0.6082896324194647f,0f,0f,0f,1f],start_interpolation:0}
execute if entity @s[tag=aj.dino.bone.body_1] run data modify entity @s {} merge value {transformation:[0.7895753395749983f,0.2377993019158361f,0.9212094605460895f,-0.20811123720602073f,0.06831344764042017f,1.1798650904635135f,-0.36312014021981043f,0.45173416666666666f,-0.9489513428320526f,0.2827975519167665f,0.7403522733289729f,0.4171196775610703f,0f,0f,0f,1f],start_interpolation:0}