execute if entity @s[tag=aj.dino.bone.head_lower] run data modify entity @s {} merge value {transformation:[-0.9871566196247564f,0.004936568311527556f,0.15967917404699164f,-0.4742931062480542f,-0.019673043132414074f,0.9881584183347702f,-0.1521706661877884f,0.6809908847985041f,-0.15853952095592455f,-0.15335765571835902f,-0.9753700065757791f,0.8005032036249592f,0f,0f,0f,1f],start_interpolation:0}
execute if entity @s[tag=aj.dino.bone.head_upper] run data modify entity @s {} merge value {transformation:[-1.027530914052151f,-0.09129814963468498f,0.13898493128372225f,-0.4670809020441812f,-0.020477662399428505f,0.9328354949417113f,0.46137896278765766f,0.7337373525870766f,-0.16502372130488815f,0.45271904072354036f,-0.9226508462883191f,0.7470125433360117f,0f,0f,0f,1f],start_interpolation:0}
execute if entity @s[tag=aj.dino.bone.neck_0] run data modify entity @s {} merge value {transformation:[-0.9371778287225387f,0.30366723336336465f,0.1717088487304824f,-0.4606041489188208f,0.23908993016915908f,0.9175413531635844f,-0.31773238822387134f,0.698221508130725f,-0.2540348846962057f,-0.2567178930580768f,-0.9325031907404969f,0.6909642363517481f,0f,0f,0f,1f],start_interpolation:0}
execute if entity @s[tag=aj.dino.bone.neck_1] run data modify entity @s {} merge value {transformation:[-0.9049320028655593f,0.28113901796917523f,0.3194666223020102f,-0.4322459606970161f,0.16996382486856657f,0.9270002872742938f,-0.33433929716595345f,0.6741691559059303f,-0.3901414723222524f,-0.24825656077675834f,-0.8866556894339094f,0.6147091751573438f,0f,0f,0f,1f],start_interpolation:0}
execute if entity @s[tag=aj.dino.bone.neck_2] run data modify entity @s {} merge value {transformation:[-0.7437925768548046f,0.2892785421817917f,0.60256993589862f,-0.3766240973107291f,0.23139233658032135f,0.9571918477184377f,-0.17390041182602867f,0.6683056820109499f,-0.6270806879402276f,0.010084229992442554f,-0.7788890287569024f,0.5465713854847932f,0f,0f,0f,1f],start_interpolation:0}
execute if entity @s[tag=aj.dino.bone.body_0] run data modify entity @s {} merge value {transformation:[-0.7055288619944065f,0.23595560777725605f,0.6682469424182527f,-0.05943404716645265f,0.16202102149253517f,0.9716754586408985f,-0.17203485597260476f,0.596482722859649f,-0.6899117432595226f,-0.01310550393785484f,-0.7237748491617692f,0.20533416692364778f,0f,0f,0f,1f],start_interpolation:0}
execute if entity @s[tag=aj.dino.bone.leg_left_3] run data modify entity @s {} merge value {transformation:[-0.7106455724862133f,0.301868477404563f,0.6354984599943531f,0.055825841273549726f,0.13359158327421364f,0.9447379499277185f,-0.29937183375304516f,0.17422075436233223f,-0.6907504319101303f,-0.12785002274471008f,-0.7117009291128864f,0.6007035935701985f,0f,0f,0f,1f],start_interpolation:0}
execute if entity @s[tag=aj.dino.bone.leg_left_2] run data modify entity @s {} merge value {transformation:[-0.5145862956586714f,0.18617724015544462f,0.8675258953305567f,0.12523560356092828f,-0.31303442668640324f,0.9002859579105873f,-0.37888895629039643f,0.37188110334009006f,-0.8302244223883658f,-0.4548465991274563f,-0.3948470327010017f,0.4811889776974266f,0f,0f,0f,1f],start_interpolation:0}
execute if entity @s[tag=aj.dino.bone.leg_left_1] run data modify entity @s {} merge value {transformation:[-0.3356330555244758f,-0.8586564975187071f,0.3873751041409497f,-0.12189511459492278f,-0.011311348750826192f,0.4148734135268459f,0.9098088283469338f,0.43656166910871197f,-0.9419248937302492f,0.300980182100899f,-0.14895779453848168f,0.5896150733358383f,0f,0f,0f,1f],start_interpolation:0}
execute if entity @s[tag=aj.dino.bone.leg_left_0] run data modify entity @s {} merge value {transformation:[-0.3623748449626485f,0.9114503610058917f,0.19478888869883343f,0.1779775247197735f,-0.001149056457199201f,0.20855663173501005f,-0.9780096170430053f,0.5979302689480943f,-0.9320317330475153f,-0.3546299067782883f,-0.07452836916817614f,0.34807034923537583f,0f,0f,0f,1f],start_interpolation:0}
execute if entity @s[tag=aj.dino.bone.leg_right_3] run data modify entity @s {} merge value {transformation:[0.4995014568947383f,-0.0766547477607657f,0.8629150272221289f,-0.004050757453573292f,0.01938661766668432f,0.996817237285244f,0.07732757920987854f,0.03923035329597052f,-0.8660960995267671f,-0.021896234761885763f,0.49939773856894143f,-0.187910429874644f,0f,0f,0f,1f],start_interpolation:0}
execute if entity @s[tag=aj.dino.bone.leg_right_2] run data modify entity @s {} merge value {transformation:[0.49872144214120023f,0.33876765554262983f,0.8298045542219241f,0.09978646309943492f,0.21609569503772166f,0.8761534232101834f,-0.4875654100568824f,0.22805724291956664f,-0.8698515811536242f,0.41189058505375176f,0.35463583040819857f,-0.07959002806168997f,0f,0f,0f,1f],start_interpolation:0}
execute if entity @s[tag=aj.dino.bone.leg_right_1] run data modify entity @s {} merge value {transformation:[0.0819856631253724f,-0.8520804957655146f,0.516949881301745f,-0.15748146750457118f,-0.10884259414278133f,0.5079385538232674f,0.8544891545480247f,0.3185617062016689f,-0.990672317541054f,-0.12632202609174356f,-0.05109897241544255f,-0.13092753548576141f,0f,0f,0f,1f],start_interpolation:0}
execute if entity @s[tag=aj.dino.bone.leg_right_0] run data modify entity @s {} merge value {transformation:[-0.0033029796308652326f,0.7406866706241088f,0.6718425011007648f,0.07902806911495616f,-0.042083691611288845f,0.671148005800149f,-0.7401279059803441f,0.6472205704796181f,-0.9991086293421374f,-0.030718240025369534f,0.028954041234683675f,-0.029173574462132895f,0f,0f,0f,1f],start_interpolation:0}
execute if entity @s[tag=aj.dino.bone.tail_4] run data modify entity @s {} merge value {transformation:[1.217229688841182f,-1.190234315111314f,2.1742482589012466f,1.7015087069514359f,2.4411766497385394f,0.9955876722103649f,-0.8216587389628784f,0.03835349762259929f,-0.4297322200800382f,2.284252348947956f,1.4910341233354896f,0.5106666156941164f,0f,0f,0f,1f],start_interpolation:0}
execute if entity @s[tag=aj.dino.bone.tail_3] run data modify entity @s {} merge value {transformation:[0.8010289668133975f,-0.5350933693665582f,1.8460696645658448f,1.3937198204365688f,1.8305623239235589f,0.8220936286146828f,-0.5560118434594429f,0.12458772778873775f,-0.5859519592952004f,1.8367859640947648f,0.7866531316578019f,0.3593049219920522f,0f,0f,0f,1f],start_interpolation:0}
execute if entity @s[tag=aj.dino.bone.tail_2] run data modify entity @s {} merge value {transformation:[0.9326161627326945f,-0.23522326459111847f,1.7010793584685044f,1.0781265293851507f,1.438954442429119f,1.1635204621597721f,-0.6280160202986794f,0.24267542501111783f,-0.9372358724600892f,1.5523092555716418f,0.7284907476717656f,0.2235564252151409f,0f,0f,0f,1f],start_interpolation:0}
execute if entity @s[tag=aj.dino.bone.tail_1] run data modify entity @s {} merge value {transformation:[0.578155242929984f,0.01913807455868685f,1.3975072447664658f,0.7766122658702335f,0.91246747448642f,1.1404054013558833f,-0.393109245074066f,0.31245612490909846f,-1.0586764723355981f,0.9933607122594057f,0.4243758620168454f,0.12110409572657724f,0f,0f,0f,1f],start_interpolation:0}
execute if entity @s[tag=aj.dino.bone.tail_0] run data modify entity @s {} merge value {transformation:[0.4251480336239757f,0.34767241608470584f,1.154213479900282f,0.44771421535038636f,0.3994492542394349f,1.1141136727499361f,-0.4827284268232353f,0.48040613842212626f,-1.1373324753022989f,0.5212584117973537f,0.26191644724467833f,0.05714491635411166f,0f,0f,0f,1f],start_interpolation:0}
execute if entity @s[tag=aj.dino.bone.body_1] run data modify entity @s {} merge value {transformation:[-0.3112072169889636f,0.4870182377748803f,1.0929628992902205f,0.16081151680060965f,0.15502356703643738f,1.1362168611988661f,-0.4621509851195234f,0.5113175000000001f,-1.1864747602935066f,0.02071413667756689f,-0.34706362930220697f,0.13643710447683402f,0f,0f,0f,1f],start_interpolation:0}