execute if entity @s[tag=aj.dino.bone.head_lower] run data modify entity @s {} merge value {transformation:[-0.4290337637094406f,0.442727721631938f,0.7873513790525195f,-1.0319366621064454f,0.7207038730883223f,0.6932369436405332f,0.002909860378665141f,0.8616539028365474f,-0.5445327877298141f,0.5686956167147106f,-0.616497638776234f,0.3168669215016605f,0f,0f,0f,1f],start_interpolation:0}
execute if entity @s[tag=aj.dino.bone.head_upper] run data modify entity @s {} merge value {transformation:[-0.44658106588108853f,0.5171825312861874f,0.785213043391683f,-0.9663315780607793f,0.7501803612043543f,0.7200253950775217f,-0.04758990113742835f,0.8747740377881063f,-0.566803951859302f,0.545488407172304f,-0.6816506586080641f,0.2819485667579038f,0f,0f,0f,1f],start_interpolation:0}
execute if entity @s[tag=aj.dino.bone.neck_0] run data modify entity @s {} merge value {transformation:[-0.3608431104811092f,0.7407504028335791f,0.5666401771143728f,-0.9415987322731519f,0.5450069576382239f,0.660520684614483f,-0.5164105356422752f,0.8304843697229588f,-0.7568088700221772f,0.1224796550383144f,-0.6420584617910199f,0.2386883321743814f,0f,0f,0f,1f],start_interpolation:0}
execute if entity @s[tag=aj.dino.bone.neck_1] run data modify entity @s {} merge value {transformation:[-0.22720409314661294f,0.6651944192605637f,0.7112627395288087f,-0.8782809753713745f,0.35599829732015276f,0.7365464829491633f,-0.575121283522328f,0.7851572261204078f,-0.9064455374497561f,0.12253841454751668f,-0.40415445636242064f,0.20501566435176324f,0f,0f,0f,1f],start_interpolation:0}
execute if entity @s[tag=aj.dino.bone.neck_2] run data modify entity @s {} merge value {transformation:[0.11485690828264868f,0.566987170980708f,0.8156797401940569f,-0.8012701537614406f,0.18225792271448552f,0.795147609727187f,-0.5783790524845637f,0.7422718753463516f,-0.9765192984409227f,0.21509492483188486f,-0.012009707907103928f,0.20606943761472382f,0f,0f,0f,1f],start_interpolation:0}
execute if entity @s[tag=aj.dino.bone.body_0] run data modify entity @s {} merge value {transformation:[0.24625804317146066f,0.4574080408433614f,0.8544792919346849f,-0.3941998844208844f,0.14530904252993282f,0.8542404786642708f,-0.499157777431617f,0.5151583950443714f,-0.9582495803977151f,0.2470851852768096f,0.1438980642132739f,0.2762418509069422f,0f,0f,0f,1f],start_interpolation:0}
execute if entity @s[tag=aj.dino.bone.leg_left_3] run data modify entity @s {} merge value {transformation:[0.32368593670052836f,0.029619716939373736f,0.9457008442159353f,-0.5814851959963627f,0.04622126958461582f,0.9978215209266468f,-0.047072355088944084f,0.03757445621431396f,-0.9450349245505628f,0.05894815301656822f,0.3216117327394127f,0.6499367235360465f,0f,0f,0f,1f],start_interpolation:0}
execute if entity @s[tag=aj.dino.bone.leg_left_2] run data modify entity @s {} merge value {transformation:[0.46343069624510946f,0.4157891022400438f,0.815115704508805f,-0.4586556773630884f,-0.4003876227667559f,0.9137249018496044f,-0.23845073867742866f,0.2425720556258833f,-0.8227903383084013f,-0.21044815442061673f,0.5751433151728332f,0.6173796098152713f,0f,0f,0f,1f],start_interpolation:0}
execute if entity @s[tag=aj.dino.bone.leg_left_1] run data modify entity @s {} merge value {transformation:[0.6697546428770662f,-0.6611019072101761f,0.3381907547933283f,-0.6695313578459492f,-0.06442548469668326f,0.4019767472775173f,0.9133805622903219f,0.3046173700347246f,-0.7397824513099854f,-0.6335289756051057f,0.2266339820118208f,0.4479829982772478f,0f,0f,0f,1f],start_interpolation:0}
execute if entity @s[tag=aj.dino.bone.leg_left_0] run data modify entity @s {} merge value {transformation:[0.64712697650516f,0.6902683692725289f,0.3236607091710911f,-0.3496124733060143f,-0.0625986279354693f,0.4712141502281665f,-0.8797946558176766f,0.5539734489870037f,-0.7598079284002547f,0.5490781392539595f,0.34814524114731576f,0.5468805804960345f,0f,0f,0f,1f],start_interpolation:0}
execute if entity @s[tag=aj.dino.bone.leg_right_3] run data modify entity @s {} merge value {transformation:[0.9949634504761824f,0.039052617636229414f,0.09231806579585197f,-0.1574773491348591f,-0.03851657691360545f,0.9992291983593685f,-0.00758171807390523f,0.05507319509811759f,-0.09254299281624268f,0.003987756493608996f,0.9957007041670505f,0.031845150713904535f,0f,0f,0f,1f],start_interpolation:0}
execute if entity @s[tag=aj.dino.bone.leg_right_2] run data modify entity @s {} merge value {transformation:[0.9945772485574916f,-0.03430939878727151f,0.24839718458017832f,-0.15934120011616124f,0.10596284090943399f,0.9783837021637733f,-0.2891356207515863f,0.2740330413154206f,-0.22726674305517133f,0.3060235219649937f,0.9522403220857273f,0.13295985721117978f,0f,0f,0f,1f],start_interpolation:0}
execute if entity @s[tag=aj.dino.bone.leg_right_1] run data modify entity @s {} merge value {transformation:[0.7711343789934778f,-0.434480942440771f,0.4653795012569013f,-0.2867004551047618f,-0.2581632758983432f,0.4547823308216846f,0.8523642147285584f,0.34723550407687365f,-0.5819823816162984f,-0.7774312459813891f,0.23853126683947712f,-0.10248526436531907f,0f,0f,0f,1f],start_interpolation:0}
execute if entity @s[tag=aj.dino.bone.leg_right_0] run data modify entity @s {} merge value {transformation:[0.7580582634077517f,0.6499435128072479f,0.05404719640275485f,-0.1240549867587828f,-0.16243575766748647f,0.26841424671472836f,-0.9495095664560491f,0.5488069931895425f,-0.6316346205760203f,0.7110043757392349f,0.30904770468237985f,0.2249634567619307f,0f,0f,0f,1f],start_interpolation:0}
execute if entity @s[tag=aj.dino.bone.tail_4] run data modify entity @s {} merge value {transformation:[2.716554825268754f,0.4584281231344337f,-0.1893010006008594f,0.13917517591119533f,-0.43445354327416064f,2.7078719203138824f,0.32301875102249766f,0.05571888443125249f,0.23925160740436596f,-0.28798376811037124f,2.735961503614292f,1.9107320564161845f,0f,0f,0f,1f],start_interpolation:0}
execute if entity @s[tag=aj.dino.bone.tail_3] run data modify entity @s {} merge value {transformation:[2.0581210243222454f,0.31564132971640474f,-0.021305545335769414f,0.13969901086241346f,-0.3163589181150108f,2.053160318407199f,-0.14281200191718582f,0.05984273688581046f,-0.0006404812990686372f,0.14439107983997596f,2.0772809949284174f,1.5570889837106068f,0f,0f,0f,1f],start_interpolation:0}
execute if entity @s[tag=aj.dino.bone.tail_2] run data modify entity @s {} merge value {transformation:[1.9314833638062974f,0.28487047969443563f,-0.0836343239402803f,0.1567424604805967f,-0.29689312732817685f,1.8521461296217037f,-0.5478896426064417f,0.16191541216549032f,-0.0006010720260668334f,0.5542358697601424f,1.8739253225212618f,1.208861796725584f,0f,0f,0f,1f],start_interpolation:0}
execute if entity @s[tag=aj.dino.bone.tail_1] run data modify entity @s {} merge value {transformation:[1.4893385300428843f,0.22309962837071684f,0.14054731854627642f,0.12234821095492524f,-0.18068903641801023f,1.4506689811115732f,-0.3880299335863678f,0.22785482017275982f,-0.19203766570137082f,0.3652975678286923f,1.4551066874598613f,0.891457154242137f,0f,0f,0f,1f],start_interpolation:0}
execute if entity @s[tag=aj.dino.bone.tail_0] run data modify entity @s {} merge value {transformation:[1.2159182999259317f,0.2599514816195273f,0.2963167759224439f,0.04203065430215683f,-0.10019578453585595f,1.133135277529359f,-0.5829244926778547f,0.4255434781090859f,-0.38123379867281404f,0.5312865390787748f,1.0982855369744342f,0.5833334843992559f,0f,0f,0f,1f],start_interpolation:0}
execute if entity @s[tag=aj.dino.bone.body_1] run data modify entity @s {} merge value {transformation:[0.7094037782252546f,0.34145752943610164f,0.9532878002405031f,-0.20259499357768115f,-0.016249087178870154f,1.1676416319292695f,-0.4061447791215047f,0.44131750000000003f,-1.0124657236972703f,0.22050934228099306f,0.6744578440208228f,0.41167861426797864f,0f,0f,0f,1f],start_interpolation:0}