execute if entity @s[tag=aj.dino.bone.head_lower] run data modify entity @s {} merge value {transformation:[-0.5014368378212022f,0.04992083761018151f,0.863752862599118f,-0.991322944253049f,0.6892950218865957f,0.6264263408936955f,0.36395386003845787f,0.9242139224918234f,-0.5229086636098418f,0.7778804210203734f,-0.3485234283587483f,0.36677319458010044f,0f,0f,0f,1f],start_interpolation:0}
execute if entity @s[tag=aj.dino.bone.head_upper] run data modify entity @s {} merge value {transformation:[-0.5219453955560737f,0.5011614833771959f,0.7482527074595114f,-0.928648952032885f,0.7174869010754985f,0.7540977427188685f,-0.0045917093650026395f,0.9410531760792101f,-0.5442954100728745f,0.5134644141408274f,-0.7235805031702588f,0.32825220381398207f,0f,0f,0f,1f],start_interpolation:0}
execute if entity @s[tag=aj.dino.bone.neck_0] run data modify entity @s {} merge value {transformation:[-0.4019338961293293f,0.6684289885692372f,0.6258209251715732f,-0.8989021784957019f,0.561072350219568f,0.7199073911062425f,-0.4085721063040088f,0.9027673943257162f,-0.7236345493143536f,0.18691183876606227f,-0.6643922061310634f,0.28249125284103727f,0f,0f,0f,1f],start_interpolation:0}
execute if entity @s[tag=aj.dino.bone.neck_1] run data modify entity @s {} merge value {transformation:[-0.2585427138569138f,0.6190325564450829f,0.7415890770315908f,-0.8332280447060172f,0.38844103235358074f,0.7695118448246254f,-0.5069172368924598f,0.8633698959523171f,-0.8844598518279877f,0.1570038685372657f,-0.4394093259920033f,0.24599081287897856f,0f,0f,0f,1f],start_interpolation:0}
execute if entity @s[tag=aj.dino.bone.neck_2] run data modify entity @s {} merge value {transformation:[0.08540572499278741f,0.5615812845712626f,0.8230020188053895f,-0.7556286635792684f,0.22407523980072022f,0.7940334373580521f,-0.5650674183366142f,0.8216398357230258f,-0.9708224086035023f,0.23267436725313578f,-0.05802145962182273f,0.24318572533204746f,0f,0f,0f,1f],start_interpolation:0}
execute if entity @s[tag=aj.dino.bone.body_0] run data modify entity @s {} merge value {transformation:[0.21674032243827657f,0.6129372455459798f,0.7598233779319105f,-0.3916877614622438f,0.15270522012603044f,0.7474570047979052f,-0.6465207975964926f,0.5240574705607458f,-0.9642119831113967f,0.256156122318112f,0.06840535522410474f,0.27786511998931884f,0f,0f,0f,1f],start_interpolation:0}
execute if entity @s[tag=aj.dino.bone.leg_left_3] run data modify entity @s {} merge value {transformation:[0.32193181444103935f,0.018225243766472443f,0.9465874219216905f,-0.5789542694156367f,0.04285887895444117f,0.9985091893108261f,-0.033801114724310605f,0.03992956029502798f,-0.9457922728302808f,0.05145132992926549f,0.3206707615343835f,0.6542409892084672f,0f,0f,0f,1f],start_interpolation:0}
execute if entity @s[tag=aj.dino.bone.leg_left_2] run data modify entity @s {} merge value {transformation:[0.4609049382667955f,0.4174229741421911f,0.8157125094298011f,-0.45572937207510034f,-0.40371225255029936f,0.9121990913851067f,-0.2386868959906349f,0.24455903942548843f,-0.8225844968893705f,-0.21380616884264203f,0.5741984562351131f,0.6208722461661172f,0f,0f,0f,1f],start_interpolation:0}
execute if entity @s[tag=aj.dino.bone.leg_left_1] run data modify entity @s {} merge value {transformation:[0.6681461195717581f,-0.6614475819002612f,0.3406873336352542f,-0.666799336001576f,-0.06798614024310387f,0.401703163860055f,0.9132428225174658f,0.30660824765093186f,-0.7409174364502744f,-0.6333416649353801f,0.22342714208626083f,0.45171920378603625f,0f,0f,0f,1f],start_interpolation:0}
execute if entity @s[tag=aj.dino.bone.leg_left_0] run data modify entity @s {} merge value {transformation:[0.6454838067639997f,0.6923953884124483f,0.32239615585585046f,-0.34613343266450247f,-0.06613680214313311f,0.47119412662388793f,-0.8795464845233774f,0.5555248585736225f,-0.7609051048637635f,0.546410762284498f,0.3499409953862772f,0.5492957266193156f,0f,0f,0f,1f],start_interpolation:0}
execute if entity @s[tag=aj.dino.bone.leg_right_3] run data modify entity @s {} merge value {transformation:[0.9940120151609929f,0.016605247477592608f,0.10800175679955268f,-0.14731705905686032f,-0.021024649293478845f,0.9989820377390706f,0.03991055495455395f,0.054586504328494684f,-0.1072290904450281f,-0.041942270216359934f,0.9933492679472966f,0.05199813566792162f,0f,0f,0f,1f],start_interpolation:0}
execute if entity @s[tag=aj.dino.bone.leg_right_2] run data modify entity @s {} merge value {transformation:[0.9885986287505166f,-0.049189048641516936f,0.2689152063886212f,-0.1520059609371515f,0.11536923010431219f,0.9897802626107477f,-0.2430785305040988f,0.27761164975545327f,-0.24784045569363866f,0.2645329256267286f,0.9595101037934035f,0.14369803082847576f,0f,0f,0f,1f],start_interpolation:0}
execute if entity @s[tag=aj.dino.bone.leg_right_1] run data modify entity @s {} merge value {transformation:[0.7677734612634655f,-0.4559108377285737f,0.4501879832038478f,-0.2844482824190458f,-0.2662997122352206f,0.4120020010860325f,0.8714004902250996f,0.33802037893180886f,-0.5827592774404853f,-0.7889231009057445f,0.19491527752925977f,-0.09257131246334863f,0f,0f,0f,1f],start_interpolation:0}
execute if entity @s[tag=aj.dino.bone.leg_right_0] run data modify entity @s {} merge value {transformation:[0.7531600652212298f,0.65437443866066f,0.06740927372030181f,-0.12058130412904683f,-0.17215821169491757f,0.2949666941858017f,-0.9398703099189312f,0.5503630105672624f,-0.6349105970937645f,0.6962677239026994f,0.33481306776975367f,0.22737477483994714f,0f,0f,0f,1f],start_interpolation:0}
execute if entity @s[tag=aj.dino.bone.tail_4] run data modify entity @s {} merge value {transformation:[2.702527427279937f,0.5392722591748582f,-0.17661332589621984f,0.12767720547544034f,-0.5182019999888737f,2.6956150518944058f,0.30130965933380294f,0.024077926067729828f,0.23124342932764905f,-0.2617369941081415f,2.7392848617673957f,1.903856570963205f,0f,0f,0f,1f],start_interpolation:0}
execute if entity @s[tag=aj.dino.bone.tail_3] run data modify entity @s {} merge value {transformation:[2.04768528222078f,0.3773374670880301f,-0.023386897024524747f,0.12795021561894387f,-0.378004397006673f,2.0412157796122083f,-0.1627769730342441f,0.03170398652498792f,-0.006571671360281678f,0.1643170807863846f,2.0757895452434036f,1.5502714014465389f,0f,0f,0f,1f],start_interpolation:0}
execute if entity @s[tag=aj.dino.bone.tail_2] run data modify entity @s {} merge value {transformation:[1.9216897403897197f,0.340975181854867f,-0.09807314638934608f,0.1476839192241767f,-0.35474551575724284f,1.837146935267234f,-0.5637558268356212f,0.13667980303809896f,-0.006167311715289574f,0.5721896002200909f,1.868511413042199f,1.2030508046228956f,0f,0f,0f,1f],start_interpolation:0}
execute if entity @s[tag=aj.dino.bone.tail_1] run data modify entity @s {} merge value {transformation:[1.483033312539497f,0.2669700492241123f,0.13036654753195218f,0.11495021128705446f,-0.22341547318606367f,1.4396065112055771f,-0.40654012008109913f,0.20677844356396502f,-0.1958416968859617f,0.3793630658245243f,1.4509948118615188f,0.8863626899738917f,0f,0f,0f,1f],start_interpolation:0}
execute if entity @s[tag=aj.dino.bone.tail_0] run data modify entity @s {} merge value {transformation:[1.2125063732783505f,0.2953149900658532f,0.27650147917472906f,0.04127652934768494f,-0.12979474119569998f,1.1114118116734097f,-0.6178614946853366f,0.4141522795702901f,-0.38316750449555265f,0.5580220050313983f,1.084264645731574f,0.5829814248464952f,0f,0f,0f,1f],start_interpolation:0}
execute if entity @s[tag=aj.dino.bone.body_1] run data modify entity @s {} merge value {transformation:[0.7093869266728818f,0.3775821137038491f,0.9395778470849483f,-0.20259499357768115f,-0.01623459515527776f,1.151293128362596f,-0.45040555676130545f,0.44131750000000003f,-1.0124777633321125f,0.24609037984498883f,0.6655320418747709f,0.41167861426797864f,0f,0f,0f,1f],start_interpolation:0}