execute if entity @s[tag=aj.dino.bone.head_lower] run data modify entity @s {} merge value {transformation:[-0.9768106411284299f,-0.20569929337901777f,-0.059403468599386444f,0.4247525550090983f,-0.2057449184031832f,0.9785906813362661f,-0.005413589667639274f,0.28753302409942144f,0.05924525237968854f,0.006933909805793836f,-0.998219375170244f,0.07135350296607007f,0f,0f,0f,1f],start_interpolation:0}
execute if entity @s[tag=aj.dino.bone.head_upper] run data modify entity @s {} merge value {transformation:[-1.016761789346149f,-0.11608635259714825f,-0.19024028240573776f,0.40871557083207877f,-0.21415979983882408f,0.7548084364552285f,0.6840115108479644f,0.35156951820582044f,0.061668358516495984f,0.7072906938311933f,-0.7611890898858032f,0.034780301672445f,0f,0f,0f,1f],start_interpolation:0}
execute if entity @s[tag=aj.dino.bone.neck_0] run data modify entity @s {} merge value {transformation:[-0.9781083754432038f,-0.12392076739289684f,-0.16717550447542223f,0.4002332069336677f,-0.14607143859108676f,0.9810322881292008f,0.12743148934197807f,0.34393268310243286f,0.1482131597253994f,0.14906137345650577f,-0.977657182363774f,-0.030904281804924244f,0f,0f,0f,1f],start_interpolation:0}
execute if entity @s[tag=aj.dino.bone.neck_1] run data modify entity @s {} merge value {transformation:[-0.9373329340138167f,-0.007202181702467524f,-0.34836058817233406f,0.37068931333192073f,-0.10838178584903069f,0.9562160696411433f,0.2718532998810551f,0.37136739358274723f,0.3311500555778676f,0.29257299386438373f,-0.8970733994228157f,-0.10555032561329512f,0f,0f,0f,1f],start_interpolation:0}
execute if entity @s[tag=aj.dino.bone.neck_2] run data modify entity @s {} merge value {transformation:[-0.9229778154156986f,0.14822613383580643f,-0.3551632941318039f,0.3410255715328549f,0.02055147450112963f,0.9405204608863729f,0.3391148766272484f,0.4102846832742346f,0.3843040321754303f,0.30569637862129495f,-0.8711257859525982f,-0.1788745192991983f,0f,0f,0f,1f],start_interpolation:0}
execute if entity @s[tag=aj.dino.bone.body_0] run data modify entity @s {} merge value {transformation:[-0.8656348299864447f,0.06784117634785018f,-0.49605837953418236f,0.1078813894835017f,0.0037321788028167498f,0.9916242635558344f,0.12910224927836364f,0.4805765498663913f,0.5006619737464819f,0.10990402503588682f,-0.8586376961939117f,-0.58250027240553f,0f,0f,0f,1f],start_interpolation:0}
execute if entity @s[tag=aj.dino.bone.leg_left_3] run data modify entity @s {} merge value {transformation:[-0.10238752413073221f,-0.050230050206605814f,-0.9934755844803741f,0.39254989092237f,-0.04429769735526731f,0.9979637618939275f,-0.04589165453044683f,0.037505915000675044f,0.9937577717489308f,0.03930994788552385f,-0.10440411431470309f,-0.9677449938640814f,0f,0f,0f,1f],start_interpolation:0}
execute if entity @s[tag=aj.dino.bone.leg_left_2] run data modify entity @s {} merge value {transformation:[-0.6215945496246922f,-0.4195777323815162f,-0.6997406247082953f,0.2721574828824269f,-0.37881668947121766f,0.9275302417063348f,-0.21965374114489816f,0.246335895183911f,0.7226204613458143f,0.12531710462050907f,-0.7170617069922153f,-0.9595731195975035f,0f,0f,0f,1f],start_interpolation:0}
execute if entity @s[tag=aj.dino.bone.leg_left_1] run data modify entity @s {} merge value {transformation:[-0.7719612936492998f,0.5290548422068304f,-0.35238719477984076f,0.4499485375441805f,-0.16399094488068883f,0.3698410319180045f,0.9145078354541116f,0.30157406199732173f,0.6141520423351522f,0.7637529607453784f,-0.19874275797681257f,-0.7537759586133908f,0f,0f,0f,1f],start_interpolation:0}
execute if entity @s[tag=aj.dino.bone.leg_left_0] run data modify entity @s {} merge value {transformation:[-0.7523699616028444f,-0.565251977104322f,-0.3382745087312811f,0.16806761235357692f,-0.16954130207078968f,0.6623752315223959f,-0.7297361163857752f,0.6013356649509735f,0.6365494385904961f,-0.4916800331977162f,-0.5941847837035351f,-0.824439980384018f,0f,0f,0f,1f],start_interpolation:0}
execute if entity @s[tag=aj.dino.bone.leg_right_3] run data modify entity @s {} merge value {transformation:[-0.9927664530331329f,-0.05195472009475833f,-0.10823805611654516f,-0.22594337311687285f,-0.05137634173393415f,0.998646293221757f,-0.00812727165056698f,0.04188315797992334f,0.10851378365005572f,-0.0025076072897096124f,-0.9940917818107285f,-0.299549965094184f,0f,0f,0f,1f],start_interpolation:0}
execute if entity @s[tag=aj.dino.bone.leg_right_2] run data modify entity @s {} merge value {transformation:[-1.0016595241844282f,0.21248714665679552f,0.05991335090756972f,-0.17300738401058235f,0.06654369935982211f,0.5559934827943133f,-0.8593633589270915f,0.1448230201099328f,-0.21050494812908696f,-0.8353338608583978f,-0.5567469867159295f,-0.5111444780381849f,0f,0f,0f,1f],start_interpolation:0}
execute if entity @s[tag=aj.dino.bone.leg_right_1] run data modify entity @s {} merge value {transformation:[-0.9564425837885644f,0.10766985508193158f,-0.27133887709373933f,-0.1484142043802942f,-0.10929307556410378f,0.7298198125928215f,0.6748466972436908f,0.30512427826753685f,0.2706891345244479f,0.6751075791706198f,-0.6862631776489182f,-0.2859510771390306f,0f,0f,0f,1f],start_interpolation:0}
execute if entity @s[tag=aj.dino.bone.leg_right_0] run data modify entity @s {} merge value {transformation:[-0.9384741090377179f,-0.3013039101873015f,-0.1687670002450257f,-0.14385555970853442f,-0.031109298915045686f,0.5604540945836095f,-0.8276010025280786f,0.596165917845846f,0.34394557445455864f,-0.7714318904286424f,-0.5353450104771826f,-0.5852523657342842f,0f,0f,0f,1f],start_interpolation:0}
execute if entity @s[tag=aj.dino.bone.tail_4] run data modify entity @s {} merge value {transformation:[-1.0711566067705456f,-0.8654518859478144f,-2.3935910027574017f,-1.4406850211210998f,2.5452468047040857f,-0.36614635230326037f,-1.0066364206796115f,0.33083648596953275f,-0.0018864027813535215f,-2.596649998248587f,0.9397162123110142f,-1.457870430847712f,0f,0f,0f,1f],start_interpolation:0}
execute if entity @s[tag=aj.dino.bone.tail_3] run data modify entity @s {} merge value {transformation:[-0.6406272364324878f,-0.2458189058744132f,-1.96598965803486f,-1.104920295573344f,1.9747858944252354f,0.0881656664371578f,-0.6545173889861591f,0.4409556777607716f,0.16050838347089735f,-2.065852222890312f,0.20600285934705248f,-1.4725849173100496f,0f,0f,0f,1f],start_interpolation:0}
execute if entity @s[tag=aj.dino.bone.tail_2] run data modify entity @s {} merge value {transformation:[-0.75963121160821f,0.1902833234886749f,-1.7903984344708093f,-0.7726055641098893f,1.7184662412845704f,0.6564381204740208f,-0.6593456199570844f,0.5649535010251947f,0.537222556226654f,-1.8307526118494046f,-0.4225052358144933f,-1.3940805031207977f,0f,0f,0f,1f],start_interpolation:0}
execute if entity @s[tag=aj.dino.bone.tail_1] run data modify entity @s {} merge value {transformation:[-0.5838067714566534f,0.4087696874167639f,-1.3340664324727465f,-0.48996838661499054f,1.1960972247447716f,0.8912559500018403f,-0.25034078881431393f,0.6067866447706539f,0.718454822907617f,-1.1516190447520045f,-0.6672724280271639f,-1.2370999598011971f,0f,0f,0f,1f],start_interpolation:0}
execute if entity @s[tag=aj.dino.bone.tail_0] run data modify entity @s {} merge value {transformation:[-0.785250527335734f,0.38759838049427836f,-0.9311201970428912f,-0.20851998442496658f,0.5809829272591571f,1.138435933488241f,-0.016067985566516594f,0.6389545706286203f,0.8244247474065544f,-0.43308987215703565f,-0.8755528054221913f,-0.991694310413372f,0f,0f,0f,1f],start_interpolation:0}
execute if entity @s[tag=aj.dino.bone.body_1] run data modify entity @s {} merge value {transformation:[-0.9810336165921598f,0.08387662559825067f,-0.7477582161705805f,-0.04032635955350484f,-0.016259438713325546f,1.2260120116718682f,0.15885456539009696f,0.5194425f,0.752272071012267f,0.1358817646735568f,-0.9717136781276494f,-0.7749370929241061f,0f,0f,0f,1f],start_interpolation:0}