execute if entity @s[tag=aj.dino.bone.head_lower] run data modify entity @s {} merge value {transformation:[-0.9116225506585941f,-0.2896193618002305f,0.29165896249069095f,-1.040047754107986f,-0.08815357086403187f,0.8308368219007439f,0.5494898755371127f,0.49592184888392116f,-0.4014639125433804f,0.4752165828801628f,-0.7829405636962888f,0.4657939507352716f,0f,0f,0f,1f],start_interpolation:0}
execute if entity @s[tag=aj.dino.bone.head_upper] run data modify entity @s {} merge value {transformation:[-0.9489075331378013f,-0.38409974738214764f,0.18845110824511005f,-1.0359758575185893f,-0.09175901518171627f,0.6305251381033122f,0.8230979746884255f,0.5667938454726611f,-0.41788361928977447f,0.7337420370022946f,-0.608660698951813f,0.44018074614295705f,0f,0f,0f,1f],start_interpolation:0}
execute if entity @s[tag=aj.dino.bone.neck_0] run data modify entity @s {} merge value {transformation:[-0.8373788013042206f,0.3065420841751648f,0.4525800412698874f,-1.0114163582299003f,0.330433047277062f,0.9434251111446252f,-0.02762355749982756f,0.5495873247961899f,-0.4354431586252121f,0.12641602070662328f,-0.8912958236832488f,0.38063662052845215f,0f,0f,0f,1f],start_interpolation:0}
execute if entity @s[tag=aj.dino.bone.neck_1] run data modify entity @s {} merge value {transformation:[-0.6556858624427949f,0.21465221014553212f,0.7238787733262294f,-0.9491054493196546f,0.24997216694504276f,0.9663835923593908f,-0.060138741019069256f,0.5489447925229495f,-0.7124534830748236f,0.14151742330256445f,-0.6873011373163549f,0.32306514644980666f,0f,0f,0f,1f],start_interpolation:0}
execute if entity @s[tag=aj.dino.bone.neck_2] run data modify entity @s {} merge value {transformation:[-0.2737548702465727f,0.20652672132380698f,0.9393641383380146f,-0.864788079889246f,0.3099084619438453f,0.9435243641518672f,-0.11712608363389784f,0.5479213623787672f,-0.9105026173668489f,0.2590530594898525f,-0.32229876843864064f,0.2973656484543863f,0f,0f,0f,1f],start_interpolation:0}
execute if entity @s[tag=aj.dino.bone.body_0] run data modify entity @s {} merge value {transformation:[-0.08101892924265319f,0.06043121587629921f,0.9948788877306051f,-0.3953297080273993f,0.21416451993970279f,0.9759012036166687f,-0.04183777215070275f,0.5375000560967398f,-0.9734318114297327f,0.2096781078874223f,-0.0920086929011592f,0.2559997425979309f,0f,0f,0f,1f],start_interpolation:0}
execute if entity @s[tag=aj.dino.bone.leg_left_3] run data modify entity @s {} merge value {transformation:[0.35331696217994f,-0.0590386483759015f,0.933638882134782f,-0.594722507975392f,0.07970927037010761f,0.9962772112358599f,0.03283520350420246f,0.059507423583202046f,-0.9321016878286424f,0.06281843972946134f,0.356707565348637f,0.6023035409867366f,0f,0f,0f,1f],start_interpolation:0}
execute if entity @s[tag=aj.dino.bone.leg_left_2] run data modify entity @s {} merge value {transformation:[0.5800030065583408f,0.21840247443882005f,0.8172876305456848f,-0.5176555556964442f,-0.3206372705780262f,0.9737488322278495f,-0.032667291774295365f,0.2849798672204211f,-0.7828476560610328f,-0.2370142831025041f,0.6188990034778271f,0.564968114208527f,0f,0f,0f,1f],start_interpolation:0}
execute if entity @s[tag=aj.dino.bone.leg_left_1] run data modify entity @s {} merge value {transformation:[0.7043171233944764f,-0.6995412063762684f,0.1207455600631539f,-0.7281298482266797f,0.05517515605197439f,0.22352173252769625f,0.9731360322393046f,0.2929934032869553f,-0.7077380107412419f,-0.6787342157792341f,0.1960274788966535f,0.3842757206680881f,0f,0f,0f,1f],start_interpolation:0}
execute if entity @s[tag=aj.dino.bone.leg_left_0] run data modify entity @s {} merge value {transformation:[0.6825724278269547f,0.6490033842080065f,0.3359903094688462f,-0.4212952024534813f,0.05912396703542544f,0.4091996613727431f,-0.9105273162593345f,0.5346557798896487f,-0.7284224305253172f,0.6413659208431538f,0.24093675163536746f,0.5317852947723707f,0f,0f,0f,1f],start_interpolation:0}
execute if entity @s[tag=aj.dino.bone.leg_right_3] run data modify entity @s {} merge value {transformation:[0.9731121008951048f,-0.1024581194703005f,-0.20628905168749218f,0.008769171737309733f,0.10366391937759982f,0.9945998933769976f,-0.004984366934650708f,0.018648205310527355f,0.20568575767609634f,-0.016534383843203604f,0.9784784020304873f,0.10216929250674153f,0f,0f,0f,1f],start_interpolation:0}
execute if entity @s[tag=aj.dino.bone.leg_right_2] run data modify entity @s {} merge value {transformation:[0.9841433752286064f,-0.28753069674876425f,0.029156730295261314f,-0.0588795212981308f,0.2714561075640154f,0.8841576691103346f,-0.4434399590928498f,0.210618662168488f,0.09917458424684335f,0.43318992841621423f,0.9244312236499347f,0.23156044402166634f,0f,0f,0f,1f],start_interpolation:0}
execute if entity @s[tag=aj.dino.bone.leg_right_1] run data modify entity @s {} merge value {transformation:[0.931106797920793f,-0.2844570833198004f,0.22830746508793698f,-0.1297226195251956f,-0.034848672646552045f,0.5536932468611324f,0.8319912009120954f,0.31622008800114265f,-0.363078091986367f,-0.7826288750931503f,0.5056345943366317f,-0.015103254068398131f,0f,0f,0f,1f],start_interpolation:0}
execute if entity @s[tag=aj.dino.bone.leg_right_0] run data modify entity @s {} merge value {transformation:[0.8995058368925439f,0.3270336681932793f,0.2897209506823629f,-0.1294942723156126f,0.04012991460034035f,0.5984704600711133f,-0.8001391743793322f,0.6116692396779803f,-0.43506187990952894f,0.7313563346894032f,0.5252038388657003f,0.27988322900403345f,0f,0f,0f,1f],start_interpolation:0}
execute if entity @s[tag=aj.dino.bone.tail_4] run data modify entity @s {} merge value {transformation:[1.6436339177710129f,-1.9542905572317082f,-1.0511314351058523f,-0.06545584956778078f,2.063370474528118f,1.8272831970813543f,-0.1708792969020904f,0.008214383194459201f,0.8164748378231381f,-0.6837001295737205f,2.5478587683822975f,1.9467551500000222f,0f,0f,0f,1f],start_interpolation:0}
execute if entity @s[tag=aj.dino.bone.tail_3] run data modify entity @s {} merge value {transformation:[1.2804028508213632f,-1.5888905329379162f,-0.4146576177923591f,0.02040330034472855f,1.5818875685186575f,1.3345644694563439f,-0.22916134812677566f,0.03401191832706081f,0.44061977511126293f,-0.17409789559157715f,2.0276808581667702f,1.604639092218238f,0f,0f,0f,1f],start_interpolation:0}
execute if entity @s[tag=aj.dino.bone.tail_2] run data modify entity @s {} merge value {transformation:[1.3357865786887448f,-1.4147744956454968f,-0.18127663299174568f,0.054753321511637004f,1.303794880012184f,1.3118354474509828f,-0.6308569922477458f,0.15256309494649342f,0.5784176709366768f,0.31028174339604103f,1.8406336171726518f,1.2629708634682975f,0f,0f,0f,1f],start_interpolation:0}
execute if entity @s[tag=aj.dino.bone.tail_1] run data modify entity @s {} merge value {transformation:[1.2419992254254615f,-0.8533747106902253f,0.12979128320857233f,0.036068738541640305f,0.8483553207104835f,1.164799242567335f,-0.45955655183750405f,0.2364055753473751f,0.1593343147748365f,0.45016727743022106f,1.43513701383049f,0.9484903365063038f,0f,0f,0f,1f],start_interpolation:0}
execute if entity @s[tag=aj.dino.bone.tail_0] run data modify entity @s {} merge value {transformation:[1.2162820841809432f,-0.33195921272087686f,0.2104677870226782f,-0.03344560768926805f,0.39305157153328407f,1.0307203623660537f,-0.645725726065823f,0.4499747589770817f,-0.002017523160579147f,0.6791570748197755f,1.082856091041912f,0.6484438888142652f,0f,0f,0f,1f],start_interpolation:0}
execute if entity @s[tag=aj.dino.bone.body_1] run data modify entity @s {} merge value {transformation:[0.9177468923697243f,0.09168319864087365f,0.8233707716994463f,-0.23104329257980938f,0.24221603186113203f,1.145388274798054f,-0.397519419551844f,0.4652424271137027f,-0.7922604562335612f,0.45638195198579656f,0.8322520522332604f,0.4242163814861062f,0f,0f,0f,1f],start_interpolation:0}