execute if entity @s[tag=aj.dino.bone.head_lower] run data modify entity @s {} merge value {transformation:[-0.47131904414130704f,0.053135636947384435f,0.8803607003472614f,-1.0053140184554092f,0.7035851538447769f,0.6245465441331352f,0.3389831050370793f,0.9071926988428594f,-0.5318141497919613f,0.7791779118388518f,-0.3317461254988515f,0.3502033403419146f,0f,0f,0f,1f],start_interpolation:0}
execute if entity @s[tag=aj.dino.bone.head_upper] run data modify entity @s {} merge value {transformation:[-0.49059579666375147f,0.5390106978944383f,0.7431387316206288f,-0.9421329443374014f,0.7323614934765477f,0.737865300571299f,-0.051704774142574655f,0.920424224166213f,-0.5535651269292234f,0.49849193408889186f,-0.7270098929723416f,0.3111068558105772f,0f,0f,0f,1f],start_interpolation:0}
execute if entity @s[tag=aj.dino.bone.neck_0] run data modify entity @s {} merge value {transformation:[-0.380087643665666f,0.7060174323125781f,0.5975556613433062f,-0.9148310457473373f,0.5594298266549278f,0.6899537298138299f,-0.4593496704742718f,0.8793418047318546f,-0.7365946321970582f,0.1596973261727903f,-0.6572100971772588f,0.2662562437624211f,0f,0f,0f,1f],start_interpolation:0}
execute if entity @s[tag=aj.dino.bone.neck_1] run data modify entity @s {} merge value {transformation:[-0.24378805093863004f,0.6468964206320803f,0.7225596218949317f,-0.8506405912299998f,0.37893017907679116f,0.7493509970219396f,-0.5430331505967715f,0.836791935940612f,-0.8927369744803757f,0.14141465353925442f,-0.4278113955471471f,0.23066648316703484f,0f,0f,0f,1f],start_interpolation:0}
execute if entity @s[tag=aj.dino.bone.neck_2] run data modify entity @s {} merge value {transformation:[0.09703008272940278f,0.572000450758645f,0.81449410518274f,-0.773684556996994f,0.20722455365091325f,0.7888105875455274f,-0.5786500162794949f,0.793820803298094f,-0.973469643804934f,0.22492963634876287f,-0.04199418152920996f,0.2291896796295917f,0f,0f,0f,1f],start_interpolation:0}
execute if entity @s[tag=aj.dino.bone.body_0] run data modify entity @s {} merge value {transformation:[0.22886952224385865f,0.5591276426503512f,0.7968657484244941f,-0.39279832830528866f,0.15005059202107981f,0.7885473752657122f,-0.5963873378901329f,0.5202575868366165f,-0.9618230407003105f,0.25606506240761756f,0.0965770272486764f,0.27714541020880124f,0f,0f,0f,1f],start_interpolation:0}
execute if entity @s[tag=aj.dino.bone.leg_left_3] run data modify entity @s {} merge value {transformation:[0.3227005947453996f,0.023115958460977554f,0.9462187794666704f,-0.580049773463017f,0.044290827001632144f,0.9982378068121649f,-0.039491818068440515f,0.03894109110315988f,-0.9454642504053111f,0.054652845445316484f,0.3211081090384571f,0.6523920683151396f,0f,0f,0f,1f],start_interpolation:0}
execute if entity @s[tag=aj.dino.bone.leg_left_2] run data modify entity @s {} merge value {transformation:[0.46199986306132995f,0.4167321463126268f,0.8154462853319512f,-0.45699243596104194f,-0.40229680293544795f,0.9128508598644693f,-0.23858497331833564f,0.24372784228473046f,-0.8226637274001594f,-0.2123671946772026f,0.5746188003761326f,0.6193716156616986f,0f,0f,0f,1f],start_interpolation:0}
execute if entity @s[tag=aj.dino.bone.leg_left_1] run data modify entity @s {} merge value {transformation:[0.6688486797407159f,-0.6612868548827935f,0.33961910895637826f,-0.6679760726733308f,-0.06646925488985625f,0.4018187944547614f,0.913303615769318f,0.3057750297633327f,-0.7404210165598275f,-0.633436146728418f,0.22480072565355738f,0.45011016929715364f,0f,0f,0f,1f],start_interpolation:0}
execute if entity @s[tag=aj.dino.bone.leg_left_0] run data modify entity @s {} merge value {transformation:[0.6462015342316594f,0.6914777749806388f,0.32292733526983186f,-0.3476302413063098f,-0.0646296104191144f,0.4712048481951874f,-0.8796527749597701f,0.5548797526889093f,-0.760425269578624f,0.5475623048979681f,0.349183235051601f,0.5482563047605377f,0f,0f,0f,1f],start_interpolation:0}
execute if entity @s[tag=aj.dino.bone.leg_right_3] run data modify entity @s {} merge value {transformation:[0.994445329697714f,0.024140156277703745f,0.10244871447359905f,-0.15102469685934827f,-0.02643304939115819f,0.9994282489604058f,0.021082435338968808f,0.05606189593304553f,-0.10188120603079606f,-0.02367336129123329f,0.9945148524898384f,0.04380252721017201f,0f,0f,0f,1f],start_interpolation:0}
execute if entity @s[tag=aj.dino.bone.leg_right_2] run data modify entity @s {} merge value {transformation:[0.9907048120332949f,-0.044551592442629434f,0.26188037445672474f,-0.1548532897366095f,0.11288395918862597f,0.985938676780171f,-0.2593151304639986f,0.2776936452113132f,-0.240464938551692f,0.2792888840259948f,0.957202450941043f,0.13885925582235867f,0f,0f,0f,1f],start_interpolation:0}
execute if entity @s[tag=aj.dino.bone.leg_right_1] run data modify entity @s {} merge value {transformation:[0.7691222064939711f,-0.4486469975417302f,0.45515591073239503f,-0.2855588719768989f,-0.26293258033876216f,0.4269888699774323f,0.865186085828821f,0.34257048556714675f,-0.5825096477091563f,-0.7851091494258531f,0.21044270910052446f,-0.09719250124891643f,0f,0f,0f,1f],start_interpolation:0}
execute if entity @s[tag=aj.dino.bone.leg_right_0] run data modify entity @s {} merge value {transformation:[0.7552964364464292f,0.652588560304964f,0.06046043375976928f,-0.12207581646679774f,-0.16801866941399413f,0.28197629725498247f,-0.9445946720761877f,0.5497159299205964f,-0.6334800863639487f,0.7032905080729186f,0.3226227540562816f,0.2263369935566517f,0f,0f,0f,1f],start_interpolation:0}
execute if entity @s[tag=aj.dino.bone.tail_4] run data modify entity @s {} merge value {transformation:[2.7088363701414497f,0.5046886169883259f,-0.182088580864648f,0.13268185188600728f,-0.4823805074461236f,2.701193554977308f,0.31068272591998247f,0.037583894318428734f,0.2348955032241175f,-0.27295441017038213f,2.737878982740768f,1.9068758912284753f,0f,0f,0f,1f],start_interpolation:0}
execute if entity @s[tag=aj.dino.bone.tail_3] run data modify entity @s {} merge value {transformation:[2.0523841635282793f,0.35093874254261154f,-0.022511559816663546f,0.13306476943074302f,-0.3516387787549025f,2.0465856851080573f,-0.1542164998662245f,0.04370586613021177f,-0.0038653096291929815f,0.1558029477828929f,2.0764527509404287f,1.5532615840093595f,0f,0f,0f,1f],start_interpolation:0}
execute if entity @s[tag=aj.dino.bone.tail_2] run data modify entity @s {} merge value {transformation:[1.9260994961653422f,0.3169658419327563f,-0.09190898172784476f,0.15165011596882905f,-0.33000219287780613f,1.843805790392176f,-0.5570032630199754f,0.14744627659866072f,-0.003627474359631047f,0.5645234604220795f,1.8708484650194483f,1.2056065882175004f,0f,0f,0f,1f],start_interpolation:0}
execute if entity @s[tag=aj.dino.bone.tail_1] run data modify entity @s {} merge value {transformation:[1.4859008607656101f,0.2481967226906605f,0.13473406704183552f,0.11820331150964296f,-0.2051391889564759f,1.4445274980672143f,-0.3986407787494328f,0.2157674523739754f,-0.19409480964285925f,0.3733563233337426f,1.452786464246006f,0.8886046872595162f,0f,0f,0f,1f],start_interpolation:0}
execute if entity @s[tag=aj.dino.bone.tail_0] run data modify entity @s {} merge value {transformation:[1.2140818855108784f,0.2802484922392824f,0.2851344848593147f,0.041643283228351785f,-0.11712778321146426f,1.1209367670435304f,-0.603007100517062f,0.4190303432963886f,-0.3822590407803928f,0.546623511634502f,1.090374467260696f,0.583162924325545f,0f,0f,0f,1f],start_interpolation:0}
execute if entity @s[tag=aj.dino.bone.body_1] run data modify entity @s {} merge value {transformation:[0.7093941488085712f,0.3621643148222194f,0.9456223060830181f,-0.20259499357768115f,-0.016240806004724457f,1.1585064292044598f,-0.4315132498180085f,0.44131750000000003f,-1.0124726035368707f,0.23516899799406885f,0.6694769335279492f,0.41167861426797864f,0f,0f,0f,1f],start_interpolation:0}