execute if entity @s[tag=aj.dino.bone.head_lower] run data modify entity @s {} merge value {transformation:[-0.5525043233766284f,0.6758730731279006f,0.4877853643466372f,-1.0719983320147146f,0.6099849016469253f,0.7266883126270844f,-0.3159786639220938f,0.7460352077768674f,-0.5680293939691191f,0.1229621295840656f,-0.8137708045114587f,0.31083121901044775f,0f,0f,0f,1f],start_interpolation:0}
execute if entity @s[tag=aj.dino.bone.head_upper] run data modify entity @s {} merge value {transformation:[-0.5751015199925977f,0.2948896174632373f,0.8159474847060295f,-1.0093059216006735f,0.634933029963909f,0.8101829154421649f,0.1547114526141842f,0.7750901523088422f,-0.591261559503542f,0.5831943926526786f,-0.6275077778126896f,0.28048441742414937f,0f,0f,0f,1f],start_interpolation:0}
execute if entity @s[tag=aj.dino.bone.neck_0] run data modify entity @s {} merge value {transformation:[-0.44548790816078826f,0.6998687618946335f,0.5583227022131536f,-0.9844199627996582f,0.49789375883131526f,0.7119625433480914f,-0.4951879863103921f,0.7313529997074072f,-0.7440714539608069f,0.057385128677994474f,-0.6656309926733136f,0.23675242923278256f,0f,0f,0f,1f],start_interpolation:0}
execute if entity @s[tag=aj.dino.bone.neck_1] run data modify entity @s {} merge value {transformation:[-0.29445401249019953f,0.5973705207860398f,0.7459526093688774f,-0.9184759748401701f,0.3145091224617007f,0.7976508257240907f,-0.514623330320388f,0.6914323268458176f,-0.9024305216562615f,0.08307599603671385f,-0.4227499644774858f,0.2013226793774974f,0f,0f,0f,1f],start_interpolation:0}
execute if entity @s[tag=aj.dino.bone.neck_2] run data modify entity @s {} merge value {transformation:[0.06746544749813688f,0.4991231772178357f,0.8639007277215646f,-0.8379050639793546f,0.17598422184385584f,0.8463444303212095f,-0.5027232428745263f,0.6556762412838011f,-0.9820783915023732f,0.1859493458666648f,-0.03073879821773759f,0.2004502904270128f,0f,0f,0f,1f],start_interpolation:0}
execute if entity @s[tag=aj.dino.bone.body_0] run data modify entity @s {} merge value {transformation:[0.2015581012891794f,0.2914708411818816f,0.9351037806283466f,-0.39441753470758334f,0.14301076446066388f,0.935709031470454f,-0.3224849293734541f,0.5126041015496227f,-0.9689800065290705f,0.19872935657660531f,0.14691626792690815f,0.27158452209804773f,0f,0f,0f,1f],start_interpolation:0}
execute if entity @s[tag=aj.dino.bone.leg_left_3] run data modify entity @s {} merge value {transformation:[0.3292416137276804f,0.01701657379811522f,0.9440923662471623f,-0.5815183214650935f,0.05030658214390934f,0.9981014925463129f,-0.03553390451133617f,0.039346837516402444f,-0.9429046651613251f,0.059193300237408084f,0.32776050040237154f,0.6426116607195812f,0f,0f,0f,1f],start_interpolation:0}
execute if entity @s[tag=aj.dino.bone.leg_left_2] run data modify entity @s {} merge value {transformation:[0.4868640535549335f,0.37823848200948773f,0.8197324219426186f,-0.46726276663726113f,-0.3886643787990818f,0.9284262921490943f,-0.1975520695910393f,0.24905344891278725f,-0.8148408393726205f,-0.21684665151700513f,0.5840155269486247f,0.6088495903795461f,0f,0f,0f,1f],start_interpolation:0}
execute if entity @s[tag=aj.dino.bone.leg_left_1] run data modify entity @s {} merge value {transformation:[0.6780011110415046f,-0.6723420286182625f,0.29710383703339227f,-0.679177174378397f,-0.043372869994121946f,0.36689267522647945f,0.9292516123277001f,0.3003065003653826f,-0.7337801357184305f,-0.6429198716936941f,0.21959223803769873f,0.43715569366715035f,0f,0f,0f,1f],start_interpolation:0}
execute if entity @s[tag=aj.dino.bone.leg_left_0] run data modify entity @s {} merge value {transformation:[0.6555630747010114f,0.6795461869632847f,0.32932360205763644f,-0.3629482493677579f,-0.04141964639959595f,0.46781077259950266f,-0.8828575728462599f,0.5510382425551806f,-0.7540036259731704f,0.5651283578298976f,0.3348260312397985f,0.5441142791548861f,0f,0f,0f,1f],start_interpolation:0}
execute if entity @s[tag=aj.dino.bone.leg_right_3] run data modify entity @s {} merge value {transformation:[0.9992279954180172f,0.010102628624601491f,0.0379651164592448f,-0.12961523451266227f,-0.009632889244604585f,0.9998750259614837f,-0.01253554559337211f,0.04332713198053734f,-0.038087013767054506f,0.012160154332725992f,0.9992004353626516f,0.03496494635117117f,0f,0f,0f,1f],start_interpolation:0}
execute if entity @s[tag=aj.dino.bone.leg_right_2] run data modify entity @s {} merge value {transformation:[1.0021552842151777f,-0.07883095592187575f,0.20379564815945855f,-0.14324713947123285f,0.1410931614650113f,0.963918200384478f,-0.3209620261900959f,0.2578770118368389f,-0.16685234672637583f,0.3416278426251099f,0.9526347206751961f,0.14429743139958973f,0f,0f,0f,1f],start_interpolation:0}
execute if entity @s[tag=aj.dino.bone.leg_right_1] run data modify entity @s {} merge value {transformation:[0.8087097183996568f,-0.40370980485243624f,0.4277931565978536f,-0.2595050628343479f,-0.2146260490995657f,0.4746121755599655f,0.8536269336531899f,0.33726672493693277f,-0.547653403544485f,-0.782151952165463f,0.29717683844791315f,-0.09485681666836021f,0f,0f,0f,1f],start_interpolation:0}
execute if entity @s[tag=aj.dino.bone.leg_right_0] run data modify entity @s {} merge value {transformation:[0.7903334615330788f,0.6020754027293471f,0.11348228500270852f,-0.1242453767338915f,-0.12150557639138024f,0.3355708214320194f,-0.9341459300929584f,0.559196189440363f,-0.6005076306650399f,0.7244980560579403f,0.3383683677315682f,0.2318837664640077f,0f,0f,0f,1f],start_interpolation:0}
execute if entity @s[tag=aj.dino.bone.tail_4] run data modify entity @s {} merge value {transformation:[2.7418134999959f,0.09843499100227189f,-0.3137365381759269f,0.11622353421940207f,-0.06842097943674363f,2.747938719206441f,0.26422092396133584f,0.06078419403683752f,0.3216187687513722f,-0.2545676327274308f,2.7308273507408707f,1.9228714467288912f,0f,0f,0f,1f],start_interpolation:0}
execute if entity @s[tag=aj.dino.bone.tail_3] run data modify entity @s {} merge value {transformation:[2.081040361259356f,0.03201700690837919f,-0.06474142508936749f,0.12688797590368656f,-0.0371376967934408f,2.0752148943733997f,-0.1674797291976673f,0.0688749601237453f,0.06194620513681041f,0.16853361529343125f,2.0745372048314095f,1.5694573657665516f,0f,0f,0f,1f],start_interpolation:0}
execute if entity @s[tag=aj.dino.bone.tail_2] run data modify entity @s {} merge value {transformation:[1.95195330763562f,0.035530439336268885f,-0.08596364169642844f,0.1443202458198935f,-0.05928260501327287f,1.866871499222778f,-0.5745000027287337f,0.17607364708606435f,0.07167797818005495f,0.5764566490839067f,1.8658332921710208f,1.222793203430345f,0f,0f,0f,1f],start_interpolation:0}
execute if entity @s[tag=aj.dino.bone.tail_1] run data modify entity @s {} merge value {transformation:[1.505349060943274f,0.0624638615384211f,0.13296135047039906f,0.11350672227946208f,-0.024473702414567398f,1.4564642124078988f,-0.4071477445168559f,0.24590691025131084f,-0.14484989681503596f,0.4030713509749219f,1.4505889298543284f,0.905853904633959f,0f,0f,0f,1f],start_interpolation:0}
execute if entity @s[tag=aj.dino.bone.tail_0] run data modify entity @s {} merge value {transformation:[1.2347235873956341f,0.1577669657996028f,0.2905218818183413f,0.03241667397730855f,-0.01152284687190182f,1.1431302345524885f,-0.5718008459559739f,0.440586176195321f,-0.33039461756035027f,0.5497259025536159f,1.105656612756777f,0.5960212098152278f,0f,0f,0f,1f],start_interpolation:0}
execute if entity @s[tag=aj.dino.bone.body_1] run data modify entity @s {} merge value {transformation:[0.7507475026071795f,0.2771273249696107f,0.9424347341543184f,-0.20535269227497938f,0.02565766462243959f,1.1802120271938472f,-0.3674858502981612f,0.4465258333333334f,-0.9820002375923621f,0.2427027228492255f,0.7108976837396268f,0.41439970571370494f,0f,0f,0f,1f],start_interpolation:0}