execute if entity @s[tag=aj.dino.bone.head_lower] run data modify entity @s {} merge value {transformation:[-0.9623077320825536f,-0.1838320305902082f,0.20042358469804183f,-0.087851722517252f,-0.22901943650891946f,0.9452134324344265f,-0.23264063455610373f,0.5889014177938775f,-0.14667626418500523f,-0.26977277786057363f,-0.9516873025579988f,0.7938070760060513f,0f,0f,0f,1f],start_interpolation:0}
execute if entity @s[tag=aj.dino.bone.head_upper] run data modify entity @s {} merge value {transformation:[-1.0016657173631751f,-0.27894769908426964f,0.048227734950077185f,-0.0911016720608026f,-0.23838623603736908f,0.9268092306341595f,0.4094735584415189f,0.6378667005274166f,-0.1526752622750619f,0.38299448268926267f,-0.9557601336644735f,0.736472135467268f,0f,0f,0f,1f],start_interpolation:0}
execute if entity @s[tag=aj.dino.bone.neck_0] run data modify entity @s {} merge value {transformation:[-0.9801576983749789f,0.03422871597998024f,0.19524159730607088f,-0.07871586708390721f,-0.02489043471111288f,0.9559280938151479f,-0.29254392100132526f,0.6034417994695392f,-0.19665033072984137f,-0.29159882451289076f,-0.9361083126254913f,0.6807383550775747f,0f,0f,0f,1f],start_interpolation:0}
execute if entity @s[tag=aj.dino.bone.neck_1] run data modify entity @s {} merge value {transformation:[-0.9696258069360552f,0.03602107136166513f,0.24192618076918015f,-0.058055599718505796f,-0.019304524875683314f,0.9747407949906671f,-0.2225032986278771f,0.5890833587198863f,-0.24383012497008735f,-0.22041521045272705f,-0.9444384602281675f,0.5997165964188041f,0f,0f,0f,1f],start_interpolation:0}
execute if entity @s[tag=aj.dino.bone.neck_2] run data modify entity @s {} merge value {transformation:[-0.9045441416276173f,0.10297132246187723f,0.4137593534865519f,-0.020799023553954354f,0.08861111833428324f,0.9946118338436657f,-0.053808639507871195f,0.5941071898199262f,-0.41707069611122893f,-0.012008610602083823f,-0.9087947115364958f,0.5199817919246945f,0f,0f,0f,1f],start_interpolation:0}
execute if entity @s[tag=aj.dino.bone.body_0] run data modify entity @s {} merge value {transformation:[-0.9041853791994761f,0.09265696428646608f,0.41696940776406655f,0.17659976809600503f,0.04934568411179968f,0.9923115746459874f,-0.11350216862747393f,0.5500670515169014f,-0.42428033598251813f,-0.08205136070058557f,-0.9018058386957495f,0.09418244014440896f,0f,0f,0f,1f],start_interpolation:0}
execute if entity @s[tag=aj.dino.bone.leg_left_3] run data modify entity @s {} merge value {transformation:[-0.9780430666547891f,0.13712683077003635f,0.15693308144384743f,0.500473327310317f,0.08063232908466603f,0.9433711697225498f,-0.3217907140404929f,0.16931131503984048f,-0.19217228539744635f,-0.30207129691394713f,-0.9337144875741453f,0.37390344128302155f,0f,0f,0f,1f],start_interpolation:0}
execute if entity @s[tag=aj.dino.bone.leg_left_2] run data modify entity @s {} merge value {transformation:[-0.8448935825150723f,-0.09806103620712739f,0.5732373565143197f,0.49402029451373325f,-0.3585701328167655f,0.8838156257134806f,-0.37730571039562893f,0.3631107397803116f,-0.4578695158855938f,-0.511190935388498f,-0.7623001597140192f,0.23047675825645111f,0f,0f,0f,1f],start_interpolation:0}
execute if entity @s[tag=aj.dino.bone.leg_left_1] run data modify entity @s {} merge value {transformation:[-0.7723147586785488f,-0.6110110367360879f,0.17376831274425714f,0.33419280136646107f,-0.06272735448948902f,0.34556470457837907f,0.9362960610556939f,0.4085814936183288f,-0.6321354226161077f,0.7122152398933549f,-0.30521182732260976f,0.4527400450121067f,0f,0f,0f,1f],start_interpolation:0}
execute if entity @s[tag=aj.dino.bone.leg_left_0] run data modify entity @s {} merge value {transformation:[-0.790820585707572f,0.5750756092556752f,0.2095014197096215f,0.45097829270328954f,-0.054579107111476274f,0.2746709607470678f,-0.9599880126278645f,0.5882290439755101f,-0.6096096474696304f,-0.7706126828449538f,-0.1858283367800947f,0.09441730609042903f,0f,0f,0f,1f],start_interpolation:0}
execute if entity @s[tag=aj.dino.bone.leg_right_3] run data modify entity @s {} merge value {transformation:[-0.0956291634156359f,-0.07433695257978945f,0.9926374366230478f,-0.012025423373317218f,-0.014468053019134012f,0.9972060700389367f,0.07328525990493595f,0.018328179781412685f,-0.995311880038745f,-0.007353322966432804f,-0.0964374932020226f,-0.2565053052118102f,0f,0f,0f,1f],start_interpolation:0}
execute if entity @s[tag=aj.dino.bone.leg_right_2] run data modify entity @s {} merge value {transformation:[-0.012656938827432872f,0.6035460966697499f,0.829237065376917f,0.15430707073419378f,0.1900947470240824f,0.816311731980597f,-0.5912371291498711f,0.19004247489238177f,-1.0078521660214175f,0.14638806278600833f,-0.12192926646376208f,-0.22458706082817564f,0f,0f,0f,1f],start_interpolation:0}
execute if entity @s[tag=aj.dino.bone.leg_right_1] run data modify entity @s {} merge value {transformation:[-0.43860283527182375f,-0.7760080267235538f,0.4532538972277389f,-0.0892839964738158f,-0.10823992780399391f,0.5462986780657292f,0.8305671991913854f,0.2922489184588653f,-0.8921388181894698f,0.3152289593363099f,-0.32360320189275527f,-0.13955400531609957f,0f,0f,0f,1f],start_interpolation:0}
execute if entity @s[tag=aj.dino.bone.leg_right_0] run data modify entity @s {} merge value {transformation:[-0.5162892262386706f,0.617610998711737f,0.5932976395875563f,0.16494387046686354f,-0.04178125479182876f,0.6737800802565428f,-0.7377497747864832f,0.6217124599381086f,-0.8553945064225602f,-0.4056809802292652f,-0.32206083379126904f,-0.1731582471792963f,0f,0f,0f,1f],start_interpolation:0}
execute if entity @s[tag=aj.dino.bone.tail_4] run data modify entity @s {} merge value {transformation:[0.6695522661700117f,1.493973960062719f,2.223826185006624f,1.7265113925319364f,2.5375947697553403f,0.3813542437469804f,-1.0202171616310467f,0.11961305727050354f,-0.8590540605671699f,2.2909107531788946f,-1.280396568877148f,-0.9694107580161075f,0f,0f,0f,1f],start_interpolation:0}
execute if entity @s[tag=aj.dino.bone.tail_3] run data modify entity @s {} merge value {transformation:[0.23688243656779073f,1.2499638820798236f,1.6484606549099337f,1.4347615049967566f,1.9440495650595062f,0.4329139579964699f,-0.6076202100063984f,0.21840658786875894f,-0.7074627381580574f,1.6081421966083147f,-1.1177301443774956f,-0.795621964160154f,0f,0f,0f,1f],start_interpolation:0}
execute if entity @s[tag=aj.dino.bone.tail_2] run data modify entity @s {} merge value {transformation:[0.03955780839687676f,1.0997312520529348f,1.6148684863033573f,1.1348519155349217f,1.6274610651317187f,0.8751331691381747f,-0.6358351144418518f,0.3380186053042621f,-1.0810085736375752f,1.3577580729036516f,-0.898157755736595f,-0.6291326629934328f,0f,0f,0f,1f],start_interpolation:0}
execute if entity @s[tag=aj.dino.bone.tail_1] run data modify entity @s {} merge value {transformation:[-0.2859431869737722f,0.7426951602302239f,1.2861946364348924f,0.8492716808789f,1.0967006039364522f,0.9888633700390229f,-0.3271899612159392f,0.3952906444051437f,-1.0015690336410688f,0.8707521945798756f,-0.7254697350583468f,-0.4827068452225668f,0f,0f,0f,1f],start_interpolation:0}
execute if entity @s[tag=aj.dino.bone.tail_0] run data modify entity @s {} merge value {transformation:[-0.4240379306221128f,0.5149468656261755f,1.090347318774858f,0.5430734374683069f,0.5438040727896967f,1.1132568459246113f,-0.314280196645211f,0.5139954932014303f,-1.0762456412897023f,0.3596173482575499f,-0.5883930650688821f,-0.3020865088667202f,0f,0f,0f,1f],start_interpolation:0}
execute if entity @s[tag=aj.dino.bone.body_1] run data modify entity @s {} merge value {transformation:[-0.8996105735311447f,0.2716776415556146f,0.8034280740215606f,0.3379882473753191f,0.1053091260918146f,1.1979364026081103f,-0.2871636438067463f,0.5000675f,-0.8415553451847322f,-0.1405141609994117f,-0.8947876656536389f,-0.08459628467966585f,0f,0f,0f,1f],start_interpolation:0}