execute if entity @s[tag=aj.dino.bone.head_lower] run data modify entity @s {} merge value {transformation:[-0.9629660439702322f,-0.25582932131942515f,0.08513375660431488f,0.29068325768643777f,-0.2607683082538943f,0.9639505666292072f,-0.05290741446746999f,0.3501995873516329f,-0.06852946498202399f,-0.07314822929143894f,-0.9949638430519998f,0.2701017658026717f,0f,0f,0f,1f],start_interpolation:0}
execute if entity @s[tag=aj.dino.bone.head_upper] run data modify entity @s {} merge value {transformation:[-1.002350953932763f,-0.25751537532679897f,-0.11158108802070492f,0.2768975533551534f,-0.27143362340801686f,0.7843353912614851f,0.6281828751898569f,0.4110326429300367f,-0.07133229154584503f,0.6340155897677109f,-0.8224401976422524f,0.22761941420954412f,0f,0f,0f,1f],start_interpolation:0}
execute if entity @s[tag=aj.dino.bone.neck_0] run data modify entity @s {} merge value {transformation:[-0.9841475559857512f,-0.1766269821926118f,-0.016015530237960013f,0.2790469489164533f,-0.17720973190372746f,0.9829537813921763f,0.04897524441420373f,0.3983015520467287f,0.0070921763853771524f,0.05103697491380843f,-0.9986715817653798f,0.16221271976670515f,0f,0f,0f,1f],start_interpolation:0}
execute if entity @s[tag=aj.dino.bone.neck_1] run data modify entity @s {} merge value {transformation:[-0.9787292832447051f,-0.09256416281977167f,-0.1830870445465224f,0.2631106416983129f,-0.12659962170397662f,0.9747473952956105f,0.18395665562526725f,0.41837563461599636f,0.16143582596101616f,0.2032225162866998f,-0.9657324075386444f,0.08133873034005137f,0f,0f,0f,1f],start_interpolation:0}
execute if entity @s[tag=aj.dino.bone.neck_2] run data modify entity @s {} merge value {transformation:[-0.983025598994923f,0.0580633540329982f,-0.1740382677433655f,0.2484320606825653f,0.009763400544711621f,0.9638120150712461f,0.26640397071760724f,0.4511509424906961f,0.18320848160081504f,0.2601827175712156f,-0.948018779216309f,0.0008325265590792275f,0f,0f,0f,1f],start_interpolation:0}
execute if entity @s[tag=aj.dino.bone.body_0] run data modify entity @s {} merge value {transformation:[-0.956443249491797f,0.018026845398835825f,-0.2913611905291067f,0.11128635242664246f,-0.003307451177550223f,0.9973582045362998f,0.07256495442592524f,0.49485161698901947f,0.2918995910724783f,0.07036792372306404f,-0.953856899142961f,-0.4480463106102597f,0f,0f,0f,1f],start_interpolation:0}
execute if entity @s[tag=aj.dino.bone.leg_left_3] run data modify entity @s {} merge value {transformation:[-0.4199837111306185f,-0.094696985714752f,-0.9025775109548724f,0.49464935792277664f,-0.017858186150245897f,0.995210870942195f,-0.09610623052591682f,0.06027185657144521f,0.9073559211094486f,-0.024244654153391665f,-0.41966347133459964f,-0.7124555238125291f,0f,0f,0f,1f],start_interpolation:0}
execute if entity @s[tag=aj.dino.bone.leg_left_2] run data modify entity @s {} merge value {transformation:[-0.7935107605617217f,-0.4518771045604321f,-0.46712948392017856f,0.3736500321944442f,-0.37638041372149444f,0.9205146829773453f,-0.2511029710908418f,0.26649837771577806f,0.5298496546571382f,-0.022847325836773676f,-0.8779519022489296f,-0.7440918512860295f,0f,0f,0f,1f],start_interpolation:0}
execute if entity @s[tag=aj.dino.bone.leg_left_1] run data modify entity @s {} merge value {transformation:[-0.9113376378149564f,0.3124844146917795f,-0.26798731402174825f,0.49090518335463607f,-0.14544305799933122f,0.36459489344048673f,0.9197373976070142f,0.3196645835212712f,0.38511040856052986f,0.877168201801602f,-0.28682036009754547f,-0.49825050052010533f,0f,0f,0f,1f],start_interpolation:0}
execute if entity @s[tag=aj.dino.bone.leg_left_0] run data modify entity @s {} merge value {transformation:[-0.8987988104197061f,-0.41421257534795564f,-0.14348742388005697f,0.235444244033758f,-0.148305117445308f,0.595352644199449f,-0.7896586738485545f,0.6004582617912436f,0.4125121701570201f,-0.688464357442227f,-0.5965320930209935f,-0.6720374312409364f,0f,0f,0f,1f],start_interpolation:0}
execute if entity @s[tag=aj.dino.bone.leg_right_3] run data modify entity @s {} merge value {transformation:[-0.9789338874083949f,-0.05795447254542105f,0.1957797823971364f,-0.28642160039713643f,-0.06306196583484223f,0.9978101825051997f,-0.01995064294665011f,0.045659348925740056f,-0.19419483141559987f,-0.031876618404742096f,-0.9804449238231308f,-0.27930499355920935f,0f,0f,0f,1f],start_interpolation:0}
execute if entity @s[tag=aj.dino.bone.leg_right_2] run data modify entity @s {} merge value {transformation:[-0.9045313442729422f,0.429744995957234f,0.2218208402702403f,-0.17799013798577715f,0.06828886028416765f,0.5792413062897454f,-0.8437288309341651f,0.15449871449756994f,-0.47877121706465176f,-0.729287972640548f,-0.5394250403651704f,-0.4652288557374439f,0f,0f,0f,1f],start_interpolation:0}
execute if entity @s[tag=aj.dino.bone.leg_right_1] run data modify entity @s {} merge value {transformation:[-0.9936492772887091f,-0.08413135637781644f,-0.07471966687328685f,-0.2166722938645377f,-0.11248118783854137f,0.7248765040154257f,0.6796337515962589f,0.3131396495331666f,-0.0030159784576318446f,0.6837221429794441f,-0.7297362092383383f,-0.24084050887565045f,0f,0f,0f,1f],start_interpolation:0}
execute if entity @s[tag=aj.dino.bone.leg_right_0] run data modify entity @s {} merge value {transformation:[-0.9968342399082237f,-0.07861062776689498f,-0.011910808061937894f,-0.13066024268570228f,-0.03389238982366995f,0.5556466263959083f,-0.8307274718503572f,0.602871840636367f,0.07192220838262714f,-0.8276939022228811f,-0.5565518845214932f,-0.5288760328219182f,0f,0f,0f,1f],start_interpolation:0}
execute if entity @s[tag=aj.dino.bone.tail_4] run data modify entity @s {} merge value {transformation:[-0.9070881608190573f,0.6128891917446823f,-2.5351960947320125f,-1.0241729951812293f,2.5507112763897055f,-0.35212787527124595f,-0.9977671449568576f,0.28293192285402424f,-0.5447241362380599f,-2.6694632662202915f,-0.45044735241778555f,-1.8784418897527515f,0f,0f,0f,1f],start_interpolation:0}
execute if entity @s[tag=aj.dino.bone.tail_3] run data modify entity @s {} merge value {transformation:[-0.6095306925443402f,0.7605312278450133f,-1.840111440202309f,-0.7196004897657722f,1.982673846175713f,0.05514276779536367f,-0.6339631068880245f,0.3898890229552765f,-0.18281761562187263f,-1.937652459208531f,-0.7402879120895538f,-1.733954966061894f,0f,0f,0f,1f],start_interpolation:0}
execute if entity @s[tag=aj.dino.bone.tail_2] run data modify entity @s {} merge value {transformation:[-0.8929825161460103f,0.9747215677844506f,-1.4391921227397466f,-0.45248619118016054f,1.7340097529290521f,0.6118881541196634f,-0.6614959853224626f,0.514287487223191f,0.12069083481045334f,-1.5793304363389664f,-1.1445186631282616f,-1.5214780083746149f,0f,0f,0f,1f],start_interpolation:0}
execute if entity @s[tag=aj.dino.bone.tail_1] run data modify entity @s {} merge value {transformation:[-0.8130479914861694f,0.841822502150976f,-0.9580939872541606f,-0.2558287018337965f,1.2151040163320135f,0.8564779036070697f,-0.27861098349966334f,0.5626110285885093f,0.3874679896896204f,-0.9194763322158486f,-1.1367005240874906f,-1.2660032655276412f,0f,0f,0f,1f],start_interpolation:0}
execute if entity @s[tag=aj.dino.bone.tail_0] run data modify entity @s {} merge value {transformation:[-1.0264723536594553f,0.5175526003860701f,-0.5588645002059642f,-0.0800260394677743f,0.6129053276789821f,1.11804418142273f,-0.09033263127754607f,0.6159887206921368f,0.4522579828588601f,-0.3405175925035624f,-1.146013177376264f,-0.9393288753598628f,0f,0f,0f,1f],start_interpolation:0}
execute if entity @s[tag=aj.dino.bone.body_1] run data modify entity @s {} merge value {transformation:[-1.1514399724862088f,0.03295641100664023f,-0.4491151965707351f,0.022167104476834534f,0.007590978149229167f,1.2342973964643145f,0.07111194828158514f,0.5163175f,0.4502587721165979f,0.06346973382035187f,-1.1497144106590458f,-0.676311516800609f,0f,0f,0f,1f],start_interpolation:0}