execute if entity @s[tag=aj.dino.bone.head_lower] run data modify entity @s {} merge value {transformation:[-0.9404227688877438f,-0.14321913130983316f,0.30837200940481957f,-1.0461437581464843f,-0.004277705673176783f,0.9118688145821088f,0.41045945747027607f,0.47925065321579835f,-0.339980465603074f,0.38468629481627814f,-0.8581548447622027f,0.4608308045292369f,0f,0f,0f,1f],start_interpolation:0}
execute if entity @s[tag=aj.dino.bone.head_upper] run data modify entity @s {} merge value {transformation:[-0.9788856682924323f,-0.27788537023976856f,0.21916777135768012f,-1.0375786260336066f,-0.00445266205283235f,0.654216014084293f,0.8096008419584373f,0.5497512677794745f,-0.3538855249877124f,0.7604295302694879f,-0.6164283472406213f,0.43530124617367977f,0f,0f,0f,1f],start_interpolation:0}
execute if entity @s[tag=aj.dino.bone.neck_0] run data modify entity @s {} merge value {transformation:[-0.8359932502163552f,0.37202089023663165f,0.40338039468997333f,-1.0172637596434464f,0.39603091022239456f,0.9178758632407503f,-0.025756898657816496f,0.5330589646525685f,-0.37983523235886946f,0.13821851145049746f,-0.9146697979879362f,0.3740361706888139f,0f,0f,0f,1f],start_interpolation:0}
execute if entity @s[tag=aj.dino.bone.neck_1] run data modify entity @s {} merge value {transformation:[-0.6830780156195824f,0.32436521190156015f,0.6543635334317381f,-0.960336269854823f,0.2720702260272563f,0.9444888563877302f,-0.18417000914610218f,0.5218084897467948f,-0.6777774093953643f,0.05223035006060715f,-0.7334096903135756f,0.3121473626110042f,0f,0f,0f,1f],start_interpolation:0}
execute if entity @s[tag=aj.dino.bone.neck_2] run data modify entity @s {} merge value {transformation:[-0.29655842636251006f,0.20296689132523815f,0.9331974821971823f,-0.8765939987128522f,0.33976459477768306f,0.9356466624186163f,-0.0955266624585035f,0.5226002032697038f,-0.8925318593131275f,0.2887382276919232f,-0.346434865422605f,0.28462399784898956f,0f,0f,0f,1f],start_interpolation:0}
execute if entity @s[tag=aj.dino.bone.body_0] run data modify entity @s {} merge value {transformation:[-0.09376115594145001f,0.040253047199414846f,0.994780648096697f,-0.4073741491014259f,0.2544003146696214f,0.9669803276355047f,-0.0151501109543703f,0.5246717091359628f,-0.9625431551533263f,0.25165201798732656f,-0.10090558116568915f,0.2394648758778814f,0f,0f,0f,1f],start_interpolation:0}
execute if entity @s[tag=aj.dino.bone.leg_left_3] run data modify entity @s {} merge value {transformation:[0.3478617279309857f,-0.030520039620811637f,0.9370489557234525f,-0.6173058078505002f,0.10010089690187754f,0.9949659333351977f,-0.004754149961718093f,0.04140809406759749f,-0.9321866919669625f,0.09545322772941146f,0.34916565214197154f,0.571949075792334f,0f,0f,0f,1f],start_interpolation:0}
execute if entity @s[tag=aj.dino.bone.leg_left_2] run data modify entity @s {} merge value {transformation:[0.5644132049135628f,0.24374324193147145f,0.8210293329915995f,-0.5342405097767224f,-0.31103442651194363f,0.9744856889566037f,-0.075481302611002f,0.26574405087769837f,-0.7979708761253641f,-0.20743450419880383f,0.6101439230412847f,0.5412146194928219f,0f,0f,0f,1f],start_interpolation:0}
execute if entity @s[tag=aj.dino.bone.leg_left_1] run data modify entity @s {} merge value {transformation:[0.6998384503497241f,-0.698456437079269f,0.1496153364953935f,-0.7458620534954512f,0.058535617909063045f,0.264830726923781f,0.9625166323305928f,0.28547623726580973f,-0.7118986759701839f,-0.6648483222356469f,0.22622330466232726f,0.36277597817818785f,0f,0f,0f,1f],start_interpolation:0}
execute if entity @s[tag=aj.dino.bone.leg_left_0] run data modify entity @s {} merge value {transformation:[0.6780465744482018f,0.6654106776026745f,0.3122202315856689f,-0.43117658462606623f,0.06375779385586869f,0.3699315549805791f,-0.9268687007080794f,0.5135897710229513f,-0.7322484459537567f,0.6483666206414394f,0.20840570682279316f,0.5152376125775929f,0f,0f,0f,1f],start_interpolation:0}
execute if entity @s[tag=aj.dino.bone.leg_right_3] run data modify entity @s {} merge value {transformation:[0.9761829591998017f,-0.07744598077361167f,-0.2026547562479896f,-0.022378025743148525f,0.07282627181053507f,0.9968883400661109f,-0.0301657351047791f,0.006236845674725322f,0.20436037850350702f,0.0146886861988067f,0.9787855118439669f,0.06177355937718343f,0f,0f,0f,1f],start_interpolation:0}
execute if entity @s[tag=aj.dino.bone.leg_right_2] run data modify entity @s {} merge value {transformation:[0.9922150328361464f,-0.2590206337932997f,0.02190523645106595f,-0.0836176903329286f,0.24107921189214426f,0.884602323979987f,-0.45980619994010824f,0.1978522868447686f,0.09722315417698746f,0.44994359555306224f,0.916602759440181f,0.19483105917391239f,0f,0f,0f,1f],start_interpolation:0}
execute if entity @s[tag=aj.dino.bone.leg_right_1] run data modify entity @s {} merge value {transformation:[0.9258987118694124f,-0.2763122583302289f,0.2576103865433457f,-0.15390593349291418f,-0.05092755179385261f,0.5843984177862496f,0.8098671951358521f,0.3126485014550185f,-0.37432333593679107f,-0.7629744590649f,0.5270218353994218f,-0.047851403407143944f,0f,0f,0f,1f],start_interpolation:0}
execute if entity @s[tag=aj.dino.bone.leg_right_0] run data modify entity @s {} merge value {transformation:[0.8967278289255654f,0.3568476397734428f,0.261799470623157f,-0.1393756544881975f,0.02921402243349565f,0.5425119086465526f,-0.8395399751470622f,0.5906032308112829f,-0.4416171891171101f,0.7604870748177102f,0.47606057105320626f,0.26333554680925575f,0f,0f,0f,1f],start_interpolation:0}
execute if entity @s[tag=aj.dino.bone.tail_4] run data modify entity @s {} merge value {transformation:[1.1729516017435473f,-1.5163661748562083f,-1.9875813179136088f,-0.3618067388023738f,2.3504677359407804f,1.4167501776045512f,0.3062379600227552f,0.107807459245748f,0.8515558078415474f,-1.8218435414736982f,1.8924587573106846f,1.8918595387059718f,0f,0f,0f,1f],start_interpolation:0}
execute if entity @s[tag=aj.dino.bone.tail_3] run data modify entity @s {} merge value {transformation:[1.084915454168406f,-1.4947952652339787f,-0.9615046013332874f,-0.18414334479975722f,1.701094299356979f,1.1996964029781683f,0.054334624512165954f,0.08685434367564358f,0.5149584138997952f,-0.8137943117027606f,1.8462129281961168f,1.5867736674924027f,0f,0f,0f,1f],start_interpolation:0}
execute if entity @s[tag=aj.dino.bone.tail_2] run data modify entity @s {} merge value {transformation:[1.2934384441579025f,-1.3088590481717899f,-0.6577832912107123f,-0.06121788785420055f,1.289142492636437f,1.4337854477285703f,-0.31803270046282217f,0.14727035142290668f,0.6956310084062345f,-0.22343042967196203f,1.8124431627621054f,1.2503056571084297f,0f,0f,0f,1f],start_interpolation:0}
execute if entity @s[tag=aj.dino.bone.tail_1] run data modify entity @s {} merge value {transformation:[1.2838815124023746f,-0.7830891165497159f,-0.16148048691026834f,-0.018123217560386526f,0.7406325744574744f,1.2798454526007987f,-0.31798625301976696f,0.1993450772381267f,0.3012771178896354f,0.19084890096210488f,1.4698520487578575f,0.9313891330423893f,0f,0f,0f,1f],start_interpolation:0}
execute if entity @s[tag=aj.dino.bone.tail_0] run data modify entity @s {} merge value {transformation:[1.238908169946092f,-0.3074770931636364f,0.0663332511225942f,-0.04492730524701272f,0.2979175377507843f,1.0605132376073159f,-0.6483768426958096f,0.4144079339157197f,0.10093266926700502f,0.6438984598702787f,1.0995649531680007f,0.6256091143005788f,0f,0f,0f,1f],start_interpolation:0}
execute if entity @s[tag=aj.dino.bone.body_1] run data modify entity @s {} merge value {transformation:[0.9177468923697244f,0.1275108651871548f,0.8185879402124043f,-0.24382629640634002f,0.242216031861132f,1.1269585654110326f,-0.4471022039896523f,0.4424442766034986f,-0.7922604562335612f,0.4922499021454252f,0.8115528315412736f,0.4037779248534532f,0f,0f,0f,1f],start_interpolation:0}