execute if entity @s[tag=aj.dino.bone.head_lower] run data modify entity @s {} merge value {transformation:[-0.8737147339146913f,-0.29686666206323314f,0.385347568690675f,-1.0487094002301314f,-0.05786332355308823f,0.8499842554097471f,0.5236206655040738f,0.5147460712125003f,-0.48298488540302265f,0.4351975993855811f,-0.7598214592660941f,0.42524093559724646f,0f,0f,0f,1f],start_interpolation:0}
execute if entity @s[tag=aj.dino.bone.head_upper] run data modify entity @s {} merge value {transformation:[-0.9094493024839965f,-0.4153220735735345f,0.28962300322567475f,-1.0383518198588284f,-0.0602299093766914f,0.6799037638491958f,0.7858595119381583f,0.584169517809766f,-0.502738765972304f,0.6698584848233128f,-0.6180738516410219f,0.39751798331568977f,0f,0f,0f,1f],start_interpolation:0}
execute if entity @s[tag=aj.dino.bone.neck_0] run data modify entity @s {} merge value {transformation:[-0.786310898618151f,0.30060847945948044f,0.5397682028346753f,-1.0080747583515683f,0.31593715286985985f,0.9464228338439674f,-0.0668396215970842f,0.564383238224386f,-0.5309415091616052f,0.11797610629196786f,-0.8391559760815528f,0.34151317154963123f,0f,0f,0f,1f],start_interpolation:0}
execute if entity @s[tag=aj.dino.bone.neck_1] run data modify entity @s {} merge value {transformation:[-0.5849973384626861f,0.1826261386636947f,0.7902061803531801f,-0.9402925876269805f,0.24425681253657877f,0.9687538488324859f,-0.04306494980510281f,0.5651979996357678f,-0.7733800640830124f,0.1678203618427583f,-0.6113261017083447f,0.2904989545093139f,0f,0f,0f,1f],start_interpolation:0}
execute if entity @s[tag=aj.dino.bone.neck_2] run data modify entity @s {} merge value {transformation:[-0.19964674791777576f,0.2099965698984866f,0.9571011527924969f,-0.8543873507165494f,0.2891144165016443f,0.945904632816838f,-0.14723206100084602f,0.5615603643973086f,-0.9362446422900215f,0.24731733915460327f,-0.24955981955578704f,0.2710570339412408f,0f,0f,0f,1f],start_interpolation:0}
execute if entity @s[tag=aj.dino.bone.body_0] run data modify entity @s {} merge value {transformation:[-0.018399001082443744f,0.07254561394546413f,0.9971953723601228f,-0.38372182355102197f,0.19767590868340354f,0.9779408525191179f,-0.06749758588551058f,0.5390651143317248f,-0.9800947463818787f,0.19587961321040231f,-0.032333654961730074f,0.2576843017743291f,0f,0f,0f,1f],start_interpolation:0}
execute if entity @s[tag=aj.dino.bone.leg_left_3] run data modify entity @s {} merge value {transformation:[0.35668819694486276f,-0.07521751637613892f,0.9311905580440707f,-0.5772148267889439f,0.06813284564068116f,0.9961936534115745f,0.054370214708080636f,0.06441607711174799f,-0.9317357165554648f,0.044051448701545995f,0.3604553014760208f,0.6118445978987751f,0f,0f,0f,1f],start_interpolation:0}
execute if entity @s[tag=aj.dino.bone.leg_left_2] run data modify entity @s {} merge value {transformation:[0.5889692037025073f,0.20405252990862713f,0.8145796717501717f,-0.5035626038373475f,-0.3257061120262487f,0.9725798434121125f,-0.00813488032545817f,0.2903663288604513f,-0.7740109851801029f,-0.25399451318296956f,0.6232623697883314f,0.5706996607253932f,0f,0f,0f,1f],start_interpolation:0}
execute if entity @s[tag=aj.dino.bone.leg_left_1] run data modify entity @s {} merge value {transformation:[0.7069012112981126f,-0.6995889595861857f,0.10423993999604603f,-0.7132259369558015f,0.053372628028766425f,0.19971368979634008f,0.9783996140050516f,0.2916687015519499f,-0.7052957110620793f,-0.6860683127306267f,0.1785167505428734f,0.3888948856758961f,0f,0f,0f,1f],start_interpolation:0}
execute if entity @s[tag=aj.dino.bone.leg_left_0] run data modify entity @s {} merge value {transformation:[0.6852007285981868f,0.6391667796599475f,0.3492360080341743f,-0.4110261371517896f,0.056589917069945435f,0.43131886410623727f,-0.900423022113563f,0.5408985950830804f,-0.7261525616663006f,0.6367337475312872f,0.2593696048889156f,0.5333490989523857f,0f,0f,0f,1f],start_interpolation:0}
execute if entity @s[tag=aj.dino.bone.leg_right_3] run data modify entity @s {} merge value {transformation:[0.9723601525449354f,-0.11703967838240886f,-0.2020332829682587f,0.024945965464709313f,0.11770588660914794f,0.9930098957815794f,-0.008756205651498927f,0.031084075078605694f,0.2016458727580223f,-0.015266321233329494f,0.9793395128532578f,0.10624685745141033f,0f,0f,0f,1f],start_interpolation:0}
execute if entity @s[tag=aj.dino.bone.leg_right_2] run data modify entity @s {} merge value {transformation:[0.9804084350597311f,-0.299320864442415f,0.03561628944554906f,-0.045245574925534576f,0.2855758987787992f,0.8835389943671802f,-0.43573782366235725f,0.22312644509841692f,0.09647748960822293f,0.4264130216618295f,0.9278611040758298f,0.23416850472361483f,0f,0f,0f,1f],start_interpolation:0}
execute if entity @s[tag=aj.dino.bone.leg_right_1] run data modify entity @s {} merge value {transformation:[0.9326660718865505f,-0.28935829615730224f,0.21541999627856026f,-0.11670562258443185f,-0.02854917122105012f,0.5360810029067126f,0.8436836511069323f,0.32344850942771064f,-0.3596094314312448f,-0.7930251791509999f,0.4917236236527799f,-0.014512678032666038f,0f,0f,0f,1f],start_interpolation:0}
execute if entity @s[tag=aj.dino.bone.leg_right_0] run data modify entity @s {} merge value {transformation:[0.9009302536309189f,0.32094810020499676f,0.29209073088225757f,-0.11922520701392089f,0.04649441639110706f,0.5978148306763462f,-0.8002847602371683f,0.6179120548714119f,-0.4314660442456375f,0.7345813400830536f,0.5236671724146994f,0.2814470331840485f,0f,0f,0f,1f],start_interpolation:0}
execute if entity @s[tag=aj.dino.bone.tail_4] run data modify entity @s {} merge value {transformation:[2.247799936716775f,-1.3129209376185589f,-0.9215722368099336f,-0.06810045278405738f,1.3460668929760584f,2.4067728648860838f,-0.14563525700122934f,-0.025092780869672288f,0.8724452393874597f,-0.33067252684617887f,2.599068355364922f,1.9422508197366537f,0f,0f,0f,1f],start_interpolation:0}
execute if entity @s[tag=aj.dino.bone.tail_3] run data modify entity @s {} merge value {transformation:[1.7331779271922862f,-1.0956452974932631f,-0.3627687704568743f,0.004133474269577962f,1.048038705976768f,1.7681986283163889f,-0.3332176580540529f,0.014105408441480116f,0.4833783916482352f,0.09476560001068647f,2.0231931043740294f,1.5982646787775987f,0f,0f,0f,1f],start_interpolation:0}
execute if entity @s[tag=aj.dino.bone.tail_2] run data modify entity @s {} merge value {transformation:[1.6777768929349413f,-0.9795534830257552f,-0.21050782985072614f,0.04427395621224596f,0.8466792198989045f,1.605699240623804f,-0.723628442126413f,0.14963450881797083f,0.5356984890101271f,0.5300743321035535f,1.8030036623146428f,1.2636124882428734f,0f,0f,0f,1f],start_interpolation:0}
execute if entity @s[tag=aj.dino.bone.tail_1] run data modify entity @s {} merge value {transformation:[1.3927677338386948f,-0.5874353486287739f,0.05266878353652798f,0.03879040074710942f,0.567376234667573f,1.297598693807749f,-0.5310160903050601f,0.24749938804285515f,0.16105433217480974f,0.5087372514469678f,1.4152399658990382f,0.952695983321395f,0f,0f,0f,1f],start_interpolation:0}
execute if entity @s[tag=aj.dino.bone.tail_0] run data modify entity @s {} merge value {transformation:[1.241561016948152f,-0.23715867868498958f,0.19004662297206967f,-0.02246870095758363f,0.30187296918629747f,1.0547772087555185f,-0.6558608594424538f,0.46461082776451784f,-0.03513784645288881f,0.6819358603258339f,1.0805390000977964f,0.6533937005016641f,0f,0f,0f,1f],start_interpolation:0}
execute if entity @s[tag=aj.dino.bone.body_1] run data modify entity @s {} merge value {transformation:[0.9177468923697243f,0.07112749895713523f,0.8254005788064764f,-0.21915371532033417f,0.24221603186113203f,1.1549427016149374f,-0.3688405413618287f,0.47256750000000003f,-0.7922604562335612f,0.43549148089801076f,0.8433712910753465f,0.42798824737531904f,0f,0f,0f,1f],start_interpolation:0}