execute if entity @s[tag=aj.dino.bone.head_lower] run data modify entity @s {} merge value {transformation:[-0.5272035275949727f,0.05719505034811906f,0.8478119878293141f,-0.9897748552819394f,0.671433561640377f,0.63954438023135f,0.37437943054796247f,0.9223447739879013f,-0.5208007419295165f,0.7666235790335274f,-0.37557272967494626f,0.36459578477707816f,0f,0f,0f,1f],start_interpolation:0}
execute if entity @s[tag=aj.dino.bone.head_upper] run data modify entity @s {} merge value {transformation:[-0.5487659322054707f,0.42190028267512103f,0.777385390725103f,-0.9268806478002753f,0.6988949145474845f,0.767541182447813f,0.07680087401706336f,0.9450911152441593f,-0.5421012752741247f,0.562452333365925f,-0.6879284284145417f,0.32963324601765587f,0f,0f,0f,1f],start_interpolation:0}
execute if entity @s[tag=aj.dino.bone.neck_0] run data modify entity @s {} merge value {transformation:[-0.4172559512683697f,0.6256955200578589f,0.6590922449177001f,-0.8942838930863232f,0.5523241741602108f,0.7505265363260263f,-0.3628331915752737f,0.9092687180940654f,-0.7216893221943699f,0.21263827136708885f,-0.6587484252585711f,0.2838190157083266f,0f,0f,0f,1f],start_interpolation:0}
execute if entity @s[tag=aj.dino.bone.neck_1] run data modify entity @s {} merge value {transformation:[-0.2610394153291272f,0.5803288670165172f,0.7714122307508178f,-0.8262616498069636f,0.38774872754439305f,0.7948538354502785f,-0.46675293738517154f,0.8733904104284282f,-0.8840301736549107f,0.17727319700763355f,-0.43250996022098875f,0.24799642084384557f,0f,0f,0f,1f],start_interpolation:0}
execute if entity @s[tag=aj.dino.bone.neck_2] run data modify entity @s {} merge value {transformation:[0.09017409647476093f,0.5342831846493724f,0.8404820705558715f,-0.7473981505060322f,0.23513253370518333f,0.8086414686820935f,-0.5392695677683359f,0.8340634571494794f,-0.9677713179870238f,0.24625282481342547f,-0.052708845112249755f,0.24578969975861312f,0f,0f,0f,1f],start_interpolation:0}
execute if entity @s[tag=aj.dino.bone.body_0] run data modify entity @s {} merge value {transformation:[0.22248812240741306f,0.6294717226768064f,0.7444893456174625f,-0.3905266087534183f,0.15610778179987017f,0.7307750945597589f,-0.6645284957266315f,0.5278352153399268f,-0.9623561689152036f,0.26407027761842f,0.06432334435788123f,0.27862065022410365f,0f,0f,0f,1f],start_interpolation:0}
execute if entity @s[tag=aj.dino.bone.leg_left_3] run data modify entity @s {} merge value {transformation:[0.3211377589242015f,0.013323118128344857f,0.9469387700989325f,-0.577842832961709f,0.04144099187091024f,0.9987455613354409f,-0.028106011910434187f,0.04088640966918583f,-0.9461253532095502f,0.04826798355113335f,0.32018278807270545f,0.6560957322811747f,0f,0f,0f,1f],start_interpolation:0}
execute if entity @s[tag=aj.dino.bone.leg_left_2] run data modify entity @s {} merge value {transformation:[0.45979167307100516f,0.41809944927553716f,0.8159942814693937f,-0.4544532693271197f,-0.405113211612404f,0.9115508000986573f,-0.23878991628055551f,0.2453594158361836f,-0.8225187551979244f,-0.21524448623758904f,0.5737550940886427f,0.6223781196564334f,0f,0f,0f,1f],start_interpolation:0}
execute if entity @s[tag=aj.dino.bone.leg_left_1] run data modify entity @s {} merge value {transformation:[0.6674239748469971f,-0.6616270941006717f,0.3417525803140854f,-0.6656141158343267f,-0.06948891280242779f,0.40159006467121267f,0.9131794516714156f,0.3074111881531538f,-0.741428707831691f,-0.633225874636588f,0.22205508977223817f,0.4533394846807325f,0f,0f,0f,1f],start_interpolation:0}
execute if entity @s[tag=aj.dino.bone.leg_left_0] run data modify entity @s {} merge value {transformation:[0.6447460223405647f,0.6933217122419082f,0.3218812980121217f,-0.34462838135489193f,-0.06762979095874724f,0.471180194910249f,-0.8794404103173881f,0.5561400957213043f,-0.7613992238312932f,0.5452469415396002f,0.35068075894011613f,0.5503413782968122f,0f,0f,0f,1f],start_interpolation:0}
execute if entity @s[tag=aj.dino.bone.leg_right_3] run data modify entity @s {} merge value {transformation:[0.9937370257290615f,0.022445450432475728f,0.10946654945708881f,-0.14878772128188195f,-0.02720313705947603f,0.9987402838360643f,0.04216437805992801f,0.05297207107386914f,-0.10838225421756725f,-0.04487813719329767f,0.993095785799526f,0.0540674809737553f,0f,0f,0f,1f],start_interpolation:0}
execute if entity @s[tag=aj.dino.bone.leg_right_2] run data modify entity @s {} merge value {transformation:[0.9890487373025312f,-0.04248645989839938f,0.26840211524178453f,-0.15193081456114357f,0.10924527192399935f,0.9897814180216467f,-0.2458869955935113f,0.27592019225042114f,-0.24881773510586805f,0.2656874945590284f,0.9589380008282217f,0.14602034006198017f,0f,0f,0f,1f],start_interpolation:0}
execute if entity @s[tag=aj.dino.bone.leg_right_1] run data modify entity @s {} merge value {transformation:[0.7655935777706004f,-0.4542064383282688f,0.4555908087939876f,-0.2842400633393489f,-0.2701714666158995f,0.4157022278503556f,0.8684463347765736f,0.3374137263251261f,-0.5838440308019132f,-0.7879645735319573f,0.1955453363176307f,-0.09004362079294506f,0f,0f,0f,1f],start_interpolation:0}
execute if entity @s[tag=aj.dino.bone.leg_right_0] run data modify entity @s {} merge value {transformation:[0.7509667098434228f,0.6569338594879804f,0.06698436358711074f,-0.11907854914343535f,-0.17625688343552698f,0.29717173497243743f,-0.938414871458816f,0.550980222468404f,-0.6363823628515636f,0.6929118733227895f,0.3389551947673367f,0.22841878596497892f,0f,0f,0f,1f],start_interpolation:0}
execute if entity @s[tag=aj.dino.bone.tail_4] run data modify entity @s {} merge value {transformation:[2.695774323876824f,0.5737530314971826f,-0.17108356196386973f,0.12255825482856504f,-0.5539078833488515f,2.689550700864497f,0.2918294293646319f,0.01065544026526605f,0.22726236619917414f,-0.2505709838091484f,2.740661841705844f,1.9007289706524444f,0f,0f,0f,1f],start_interpolation:0}
execute if entity @s[tag=aj.dino.bone.tail_3] run data modify entity @s {} merge value {transformation:[2.0426480519251644f,0.40366693795195996f,-0.02423768172212505f,0.12271787207405467f,-0.404281780066944f,2.0354710517012764f,-0.17134574998069527f,0.019790665313553446f,-0.009523881387214586f,0.17278925584373653f,2.0750900449842495f,1.5471795036461742f,0f,0f,0f,1f],start_interpolation:0}
execute if entity @s[tag=aj.dino.bone.tail_2] run data modify entity @s {} merge value {transformation:[1.916962454481523f,0.36492605705800407f,-0.10420074851482859f,0.14359288714292878f,-0.3794060326197012f,1.8301429722398337f,-0.5704398641186488f,0.12598912804965678f,-0.008937870145088818f,0.579809924927146f,1.8661496297017621f,1.200397721789769f,0f,0f,0f,1f],start_interpolation:0}
execute if entity @s[tag=aj.dino.bone.tail_1] run data modify entity @s {} merge value {transformation:[1.4799186702094462f,0.2856969335392964f,0.12599302255183586f,0.11157437181296595f,-0.2416336105399551f,1.4344163561868721f,-0.41439011252804003f,0.19785784874743076f,-0.19776293338977832f,0.3853352167526596f,1.4491593573197017f,0.8840334085998038f,0f,0f,0f,1f],start_interpolation:0}
execute if entity @s[tag=aj.dino.bone.tail_0] run data modify entity @s {} merge value {transformation:[1.2107614354380594f,0.3102426114285387f,0.26766020453925915f,0.040844545907126995f,-0.14243046080371896f,1.101567645173986f,-0.6325330058780388f,0.4092814840484348f,-0.3841952978307225f,0.5693276400666559f,1.0780054396731595f,0.5827540540727818f,0f,0f,0f,1f],start_interpolation:0}
execute if entity @s[tag=aj.dino.bone.body_1] run data modify entity @s {} merge value {transformation:[0.709379704474471f,0.39289907856867406f,0.9332820281114648f,-0.20259499357768115f,-0.016228384332543172f,1.1437717654178845f,-0.4691773473123583f,0.44131750000000003f,-1.0124829230549606f,0.25694563189319425f,0.6614090019264478f,0.41167861426797864f,0f,0f,0f,1f],start_interpolation:0}