execute if entity @s[tag=aj.dino.bone.head_lower] run data modify entity @s {} merge value {transformation:[-0.845262612625242f,0.04139437484968178f,0.5327453626534483f,-1.0713256930733261f,0.18171156494870813f,0.9598447142809605f,0.21372653469046132f,0.5925496016751387f,-0.5025057441083051f,0.2774610426667238f,-0.8188426875416626f,0.39805318218222896f,0f,0f,0f,1f],start_interpolation:0}
execute if entity @s[tag=aj.dino.bone.head_upper] run data modify entity @s {} merge value {transformation:[-0.8798335012888593f,-0.1809265385128322f,0.5259567855395144f,-1.039403401003258f,0.18914349224195826f,0.8283057906851283f,0.6013370095408297f,0.6526622940070517f,-0.5230580196649414f,0.6038601223485088f,-0.6672594722332088f,0.36545121933642943f,0f,0f,0f,1f],start_interpolation:0}
execute if entity @s[tag=aj.dino.bone.neck_0] run data modify entity @s {} merge value {transformation:[-0.6938026326044795f,0.4491014918499209f,0.562979357533888f,-1.0100656744611825f,0.38715762444610063f,0.8917592916296979f,-0.23425272597208258f,0.6229150478626146f,-0.6072453217805351f,0.05543659270080538f,-0.7925780109020051f,0.3134980153691902f,0f,0f,0f,1f],start_interpolation:0}
execute if entity @s[tag=aj.dino.bone.neck_1] run data modify entity @s {} merge value {transformation:[-0.5024837158607771f,0.3247208625507213f,0.8012905070691038f,-0.9406899031508608f,0.269361104672826f,0.9394602927226314f,-0.21179932409463134f,0.6093008413817073f,-0.8215562735346742f,0.10941078476011126f,-0.5595306690378964f,0.266602465670691f,0f,0f,0f,1f],start_interpolation:0}
execute if entity @s[tag=aj.dino.bone.neck_2] run data modify entity @s {} merge value {transformation:[-0.11647114955681537f,0.3208806783730662f,0.9399308812714661f,-0.8552032860781744f,0.24264352732726868f,0.9268880843566054f,-0.28636095705232456f,0.5932882874876496f,-0.9630984321278354f,0.19471535461946257f,-0.18581534034713598f,0.25223003326005045f,0f,0f,0f,1f],start_interpolation:0}
execute if entity @s[tag=aj.dino.bone.body_0] run data modify entity @s {} merge value {transformation:[0.04488003981570221f,0.1548137002045499f,0.9869237560496338f,-0.3885950268044937f,0.1664428392223385f,0.9729520222513082f,-0.16019096000928645f,0.5270594729533444f,-0.9850292195147043f,0.17145576871620788f,0.017898493684845362f,0.26229885673109954f,0f,0f,0f,1f],start_interpolation:0}
execute if entity @s[tag=aj.dino.bone.leg_left_3] run data modify entity @s {} merge value {transformation:[0.34495118753701004f,-0.04033272468395341f,0.9377536720996481f,-0.5782629657180556f,0.058785895191849305f,0.9980433184154709f,0.021301480998448516f,0.05301660668640218f,-0.9367779335270975f,0.04777871791711f,0.3466472232268679f,0.6259225975735158f,0f,0f,0f,1f],start_interpolation:0}
execute if entity @s[tag=aj.dino.bone.leg_left_2] run data modify entity @s {} merge value {transformation:[0.5496218281613885f,0.2722225774064087f,0.8221149030758649f,-0.48854857393787404f,-0.35422875058661796f,0.9591956743660006f,-0.08079511146159069f,0.2735572520643737f,-0.7902531479007665f,-0.24062569714903503f,0.6079978911190108f,0.5873969735059485f,0f,0f,0f,1f],start_interpolation:0}
execute if entity @s[tag=aj.dino.bone.leg_left_1] run data modify entity @s {} merge value {transformation:[0.6968535749496455f,-0.6941348762903268f,0.18047678132466588f,-0.7005734142832086f,0.013602174625885255f,0.26438160784532294f,0.964322221188835f,0.29396654277814277f,-0.7170844273342891f,-0.669536510543327f,0.19367701237916693f,0.409514108707616f,0f,0f,0f,1f],start_interpolation:0}
execute if entity @s[tag=aj.dino.bone.leg_left_0] run data modify entity @s {} merge value {transformation:[0.6748849437551766f,0.6540647582370063f,0.34165714499324973f,-0.393106691416101f,0.01620841239657796f,0.4497474844847319f,-0.8930086716080857f,0.5451331524348598f,-0.7377449424158422f,0.6082158270153961f,0.2929264544349371f,0.5386916109569033f,0f,0f,0f,1f],start_interpolation:0}
execute if entity @s[tag=aj.dino.bone.leg_right_3] run data modify entity @s {} merge value {transformation:[0.9915184528082801f,-0.07179619759351666f,-0.10833496089345701f,-0.03459479159118301f,0.07272301745010662f,0.997341458959226f,0.004623523984369271f,0.0244076047573889f,0.10771499651221059f,-0.012462754599015524f,0.9941036964392491f,0.07723172335609603f,0f,0f,0f,1f],start_interpolation:0}
execute if entity @s[tag=aj.dino.bone.leg_right_2] run data modify entity @s {} merge value {transformation:[0.9986514040409746f,-0.2127202489880739f,0.09750727346273141f,-0.08271544737928867f,0.23388185749234636f,0.9211218802516985f,-0.38587039010294616f,0.2268318149819683f,-0.0075398570022132015f,0.3979281051807245f,0.9453351644598641f,0.19921497494209672f,0f,0f,0f,1f],start_interpolation:0}
execute if entity @s[tag=aj.dino.bone.leg_right_1] run data modify entity @s {} merge value {transformation:[0.8931570510762221f,-0.33230537184098774f,0.30305712655941536f,-0.17127766499876187f,-0.1013717663685874f,0.507754561834337f,0.855516843738177f,0.31738057481400705f,-0.4381714813815926f,-0.7948323375291437f,0.41981818460116427f,-0.04770817375596764f,0f,0f,0f,1f],start_interpolation:0}
execute if entity @s[tag=aj.dino.bone.leg_right_0] run data modify entity @s {} merge value {transformation:[0.863692143459122f,0.4382515976534308f,0.24894059227294119f,-0.11989750846111946f,-0.01982719832833156f,0.5230707132139867f,-0.8520586313067078f,0.594423454452435f,-0.5036295896126799f,0.7309805511311682f,0.4604613668208627f,0.26037395964398774f,0f,0f,0f,1f],start_interpolation:0}
execute if entity @s[tag=aj.dino.bone.tail_4] run data modify entity @s {} merge value {transformation:[2.5588183587832503f,-0.7904572934307016f,-0.6732660734182295f,0.012549173493606125f,0.8218356868599236f,2.636178888404043f,0.028430683008007537f,0.010112121406902059f,0.6345833610781715f,-0.22671450592106743f,2.6779779353549f,1.939066193112672f,0f,0f,0f,1f],start_interpolation:0}
execute if entity @s[tag=aj.dino.bone.tail_3] run data modify entity @s {} merge value {transformation:[1.956702190597962f,-0.6751508064489282f,-0.22678944398922607f,0.05761116306578053f,0.6455958263005007f,1.9613476593923496f,-0.2688250622690706f,0.036501591141705536f,0.30077914225716235f,0.18229721224406523f,2.052375491969131f,1.5892752320835473f,0f,0f,0f,1f],start_interpolation:0}
execute if entity @s[tag=aj.dino.bone.tail_2] run data modify entity @s {} merge value {transformation:[1.8567205373889006f,-0.5915341217851429f,-0.14645853954251886f,0.08606967114319419f,0.5092695384922433f,1.7641058058654082f,-0.6688416239130403f,0.16163413907260193f,0.33467485445570205f,0.5973206538188807f,1.8302935975736832f,1.2494172577244478f,0f,0f,0f,1f],start_interpolation:0}
execute if entity @s[tag=aj.dino.bone.tail_1] run data modify entity @s {} merge value {transformation:[1.473006325521771f,-0.3318647425533189f,0.0881726013162231f,0.06974534587293532f,0.34238367300198597f,1.3899545363995056f,-0.48831962606893514f,0.24939721236393655f,0.026115808134526207f,0.49552843449438394f,1.4287847231731676f,0.9358764527727499f,0f,0f,0f,1f],start_interpolation:0}
execute if entity @s[tag=aj.dino.bone.tail_0] run data modify entity @s {} merge value {transformation:[1.2547255554984125f,-0.07826554193091552f,0.231028140947132f,0.0003448665499893311f,0.1828922248486531f,1.1029060055744941f,-0.6196648235470942f,0.4570927627239989f,-0.16139991032567977f,0.6413334268522121f,1.093836011993063f,0.6317086649793061f,0f,0f,0f,1f],start_interpolation:0}
execute if entity @s[tag=aj.dino.bone.body_1] run data modify entity @s {} merge value {transformation:[0.8592737470210899f,0.15615182417388715f,0.8751398919851348f,-0.21363083306799693f,0.1550235685651238f,1.1721723225373843f,-0.3613645451934913f,0.4621508333333334f,-0.875340457151342f,0.3608784409475466f,0.7950788828723839f,0.42255623802294606f,0f,0f,0f,1f],start_interpolation:0}