execute if entity @s[tag=aj.dino.bone.head_lower] run data modify entity @s {} merge value {transformation:[-0.44905959843035625f,0.21728075325254664f,0.8666801897606597f,-1.0182964854608945f,0.7114415073449205f,0.673771564909219f,0.19970693514890756f,0.887079760165307f,-0.5405519944319461f,0.7062725766910309f,-0.4571461349829578f,0.33362649710696046f,0f,0f,0f,1f],start_interpolation:0}
execute if entity @s[tag=aj.dino.bone.head_upper] run data modify entity @s {} merge value {transformation:[-0.4674259488979919f,0.537405403257678f,0.759065450030346f,-0.9540463192183848f,0.7405391685613665f,0.729013244413578f,-0.06011132904483598f,0.8995355277440604f,-0.5626603457742151f,0.5130370986610506f,-0.7097029049357195f,0.2960468951448479f,0f,0f,0f,1f],start_interpolation:0}
execute if entity @s[tag=aj.dino.bone.neck_0] run data modify entity @s {} merge value {transformation:[-0.3674778319124634f,0.7261230210568898f,0.5811242563721901f,-0.9281373320313593f,0.5537662725601533f,0.6728378763366001f,-0.49054266638253635f,0.856715763137484f,-0.7471967334161393f,0.1415434578427054f,-0.6493554428155514f,0.2520022769006535f,0f,0f,0f,1f],start_interpolation:0}
execute if entity @s[tag=aj.dino.bone.neck_1] run data modify entity @s {} merge value {transformation:[-0.23333515743498004f,0.6589457994123553f,0.7150840074715733f,-0.8645246501912512f,0.368619046342361f,0.7404367652335154f,-0.5620261518507628f,0.8125158711053165f,-0.899819261284421f,0.1324531242641714f,-0.4156699013570967f,0.21739977557509663f,0f,0f,0f,1f],start_interpolation:0}
execute if entity @s[tag=aj.dino.bone.neck_2] run data modify entity @s {} merge value {transformation:[0.10740807102163334f,0.5717309360037032f,0.8133801344363785f,-0.7876688468683049f,0.19471558082799212f,0.7901727023625515f,-0.5811307452061718f,0.7693407439587352f,-0.9749612037728626f,0.22079591766468898f,-0.026453995546579803f,0.21724393719163548f,0f,0f,0f,1f],start_interpolation:0}
execute if entity @s[tag=aj.dino.bone.body_0] run data modify entity @s {} merge value {transformation:[0.2392685503833904f,0.5103464786944514f,0.8260127314282781f,-0.39351045595123724f,0.14811575717808784f,0.8215819748290697f,-0.5505131979449064f,0.5177125334795085f,-0.9595896431668031f,0.25406599599344215f,0.1209883730234751f,0.276685599885533f,0f,0f,0f,1f],start_interpolation:0}
execute if entity @s[tag=aj.dino.bone.leg_left_3] run data modify entity @s {} merge value {transformation:[0.3231989635700142f,0.02637025365461057f,0.94596355092015f,-0.5807711246547793f,0.0452530727222413f,0.9980374399764292f,-0.04328311234754925f,0.03826469029315055f,-0.9452484273229251f,0.05679681441319165f,0.3213713311981161f,0.651162925212792f,0f,0f,0f,1f],start_interpolation:0}
execute if entity @s[tag=aj.dino.bone.leg_left_2] run data modify entity @s {} merge value {transformation:[0.46271946999847163f,0.4162637305959187f,0.8152774976505823f,-0.45782707408906065f,-0.4013452982703308f,0.9132871920091169f,-0.2385176219257095f,0.2431567074674967f,-0.8227240382663719f,-0.2114076890824096f,0.5748862020923813f,0.61837430226615f,0f,0f,0f,1f],start_interpolation:0}
execute if entity @s[tag=aj.dino.bone.leg_left_1] run data modify entity @s {} merge value {transformation:[0.6693060813338955f,-0.661190178477649f,0.3389054696728259f,-0.6687557075303613f,-0.06545035634644511f,0.4018972425794665f,0.913342683367609f,0.305202842849864f,-0.7400983855836922f,-0.633487296077605f,0.225717135735629f,0.4490439318700986f,0f,0f,0f,1f],start_interpolation:0}
execute if entity @s[tag=aj.dino.bone.leg_left_0] run data modify entity @s {} merge value {transformation:[0.6466687823048856f,0.6908710232541236f,0.32329045024577563f,-0.34862333687736724f,-0.06361712509603715f,0.47121021227232596f,-0.8797237050601654f,0.5544331734036871f,-0.7601133779817529f,0.5483230481003598f,0.3486681624913565f,0.5475669553548616f,0f,0f,0f,1f],start_interpolation:0}
execute if entity @s[tag=aj.dino.bone.leg_right_3] run data modify entity @s {} merge value {transformation:[0.994722175834697f,0.03201921808134517f,0.09748108829996213f,-0.1544933736352979f,-0.03272720026889945f,0.9994482266738045f,0.0056720861370945785f,0.05620811897949854f,-0.0972456850726301f,-0.008832432963035763f,0.9952212140336981f,0.03736600036744388f,0f,0f,0f,1f],start_interpolation:0}
execute if entity @s[tag=aj.dino.bone.leg_right_2] run data modify entity @s {} merge value {transformation:[0.9926867376778273f,-0.03905712987907504f,0.2551661829962106f,-0.15725178857288347f,0.10922428637701385f,0.9822112296089076f,-0.2745785046144074f,0.27650497664315954f,-0.23389163218182618f,0.29291268415085947f,0.9547560229501326f,0.13551261374031778f,0f,0f,0f,1f],start_interpolation:0}
execute if entity @s[tag=aj.dino.bone.leg_right_1] run data modify entity @s {} merge value {transformation:[0.7699905568301295f,-0.44151633990115824f,0.46062768478752075f,-0.2862931026023483f,-0.26065946067809875f,0.44127025848381984f,0.858683413451445f,0.3456517719194043f,-0.582384055371908f,-0.781245083554391f,0.22468852100332756f,-0.1002424405773781f,0f,0f,0f,1f],start_interpolation:0}
execute if entity @s[tag=aj.dino.bone.leg_right_0] run data modify entity @s {} merge value {transformation:[0.756689593735458f,0.6513859870876882f,0.05583148357571671f,-0.12306738117956373f,-0.1652362959626829f,0.2731747942539703f,-0.9476668709419116f,0.5492680341226872f,-0.6325486741974882f,0.7078642720254349f,0.31434113183116974f,0.22564873788075165f,0f,0f,0f,1f],start_interpolation:0}
execute if entity @s[tag=aj.dino.bone.tail_4] run data modify entity @s {} merge value {transformation:[2.7127948380072513f,0.48157885923620025f,-0.18570756801479246f,0.1359542850562433f,-0.4584395292851548f,2.7046415233456775f,0.31687341286888865f,0.046633445426941894f,0.23714699338177345f,-0.28045920225788895f,2.736926245078383f,1.908828283901507f,0f,0f,0f,1f],start_interpolation:0}
execute if entity @s[tag=aj.dino.bone.tail_3] run data modify entity @s {} merge value {transformation:[2.055328202627759f,0.33330357831768975f,-0.021914155425477443f,0.13640847881946364f,-0.33401597910791614f,2.049956754949147f,-0.1485131461635174f,0.0517553506483054f,-0.0021980054523480018f,0.15010514169551184f,2.076874849684749f,1.555198161839352f,0f,0f,0f,1f],start_interpolation:0}
execute if entity @s[tag=aj.dino.bone.tail_2] run data modify entity @s {} merge value {transformation:[1.928862386430706f,0.3009294304273578f,-0.08777953701337829f,0.15422439769933838f,-0.3134637367133759f,1.8480529210700831f,-0.5524624527447968f,0.15466487430004422f,-0.002062760602799705f,0.5593887323049825f,1.8723925513074704f,1.2072560589754149f,0f,0f,0f,1f],start_interpolation:0}
execute if entity @s[tag=aj.dino.bone.tail_1] run data modify entity @s {} merge value {transformation:[1.4876748909791913f,0.23565715593456243f,0.13764219413713577f,0.12030338512616794f,-0.1929251735943171f,1.4476582898932602f,-0.39334667037731946f,0.22179687739732087f,-0.19302731968209635f,0.3693337658001964f,1.4539564207004942f,0.890050548202058f,0f,0f,0f,1f],start_interpolation:0}
execute if entity @s[tag=aj.dino.bone.tail_0] run data modify entity @s {} merge value {transformation:[1.2150378928845877f,0.27012919866268686f,0.2907728520141851f,0.04185149833443577f,-0.10866746689143034f,1.1271079960179702f,-0.5930047753060531f,0.422285779165643f,-0.381719814887842f,0.5389744872684025f,1.0943638341885127f,0.5832584149467697f,0f,0f,0f,1f],start_interpolation:0}
execute if entity @s[tag=aj.dino.bone.body_1] run data modify entity @s {} merge value {transformation:[0.7093989635308512f,0.35183179910808793f,0.9495115011067374f,-0.20259499357768115f,-0.01624494658586172f,1.1631431942822847f,-0.4188539200741421f,0.44131750000000003f,-1.012469163633158f,0.22785278095169126f,0.6720073645138156f,0.41167861426797864f,0f,0f,0f,1f],start_interpolation:0}