execute if entity @s[tag=aj.dino.bone.head_lower] run data modify entity @s {} merge value {transformation:[-0.7911180653538717f,0.3994459160736123f,0.46322258883053197f,-1.0817714551769124f,0.5146231230738604f,0.8439959993236504f,0.1511085514568209f,0.6658860965833082f,-0.3305983180060869f,0.35792976022927314f,-0.8732645869802356f,0.19573745384415575f,0f,0f,0f,1f],start_interpolation:0}
execute if entity @s[tag=aj.dino.bone.head_upper] run data modify entity @s {} merge value {transformation:[-0.823474464594318f,0.06242390178496326f,0.6336126618294099f,-1.0369457853491593f,0.5356709943812801f,0.6278149073703967f,0.6343319087398785f,0.7238789725988221f,-0.34411965146323675f,0.8279031592843141f,-0.5288004982102223f,0.17776686265356412f,0f,0f,0f,1f],start_interpolation:0}
execute if entity @s[tag=aj.dino.bone.neck_0] run data modify entity @s {} merge value {transformation:[-0.48405007222179075f,0.25642635353063614f,0.836624798100714f,-0.9868539290700991f,0.3049356598731655f,0.9455977005889564f,-0.11339855368828614f,0.7010990534837054f,-0.8201888629576705f,0.2002261567724335f,-0.5359101745855779f,0.14012888351116592f,0f,0f,0f,1f],start_interpolation:0}
execute if entity @s[tag=aj.dino.bone.neck_1] run data modify entity @s {} merge value {transformation:[-0.2039468669925686f,0.19408827799022335f,0.9595495900633304f,-0.9046733442676992f,0.20571028332660077f,0.966763912132561f,-0.15182495688072933f,0.6926912474310543f,-0.9571253600117412f,0.1664249937507447f,-0.23709442565665556f,0.12081057293679592f,0f,0f,0f,1f],start_interpolation:0}
execute if entity @s[tag=aj.dino.bone.neck_2] run data modify entity @s {} merge value {transformation:[0.1919170188603482f,0.2264198166793253f,0.9549355603843945f,-0.8187970356436473f,0.16206632939176302f,0.9523524012106472f,-0.25837842167215685f,0.6793794850825138f,-0.9679371688024162f,0.20435011750232737f,0.14607760515406745f,0.13560878209950214f,0f,0f,0f,1f],start_interpolation:0}
execute if entity @s[tag=aj.dino.bone.body_0] run data modify entity @s {} merge value {transformation:[0.35396956711806493f,0.274477898896802f,0.894073502890812f,-0.39480880142247776f,0.1342721573038995f,0.9311482820691074f,-0.33901897376504875f,0.5284714653902587f,-0.9255682218654693f,0.24005157740982838f,0.2927434147096164f,0.27586444700363955f,0f,0f,0f,1f],start_interpolation:0}
execute if entity @s[tag=aj.dino.bone.leg_left_3] run data modify entity @s {} merge value {transformation:[0.3241052468365685f,-0.00040933659013814294f,0.9460209413203083f,-0.5821160129117555f,0.04704372776963764f,0.998769678249885f,-0.01568494456978259f,0.05255118898894817f,-0.9448506107584113f,0.04958792445925628f,0.3237257498211714f,0.648855567361985f,0f,0f,0f,1f],start_interpolation:0}
execute if entity @s[tag=aj.dino.bone.leg_left_2] run data modify entity @s {} merge value {transformation:[0.46402188431595154f,0.41537652864829655f,0.8149897114839292f,-0.4593856411761603f,-0.39955201210194313f,0.9141030329653207f,-0.2384030919463604f,0.2576396990602159f,-0.8228633422396799f,-0.20961914052010328f,0.5753415815204481f,0.6164977096392349f,0f,0f,0f,1f],start_interpolation:0}
execute if entity @s[tag=aj.dino.bone.leg_left_1] run data modify entity @s {} merge value {transformation:[0.6701221548996539f,-0.6610404729967052f,0.3375822723025249f,-0.6702196795051623f,-0.0635339768450382f,0.4020554777910958f,0.9134083569600333f,0.3196871730281585f,-0.7395266941083996f,-0.6335431207411737f,0.22742775306157312f,0.4470500631054219f,0f,0f,0f,1f],start_interpolation:0}
execute if entity @s[tag=aj.dino.bone.leg_left_0] run data modify entity @s {} merge value {transformation:[0.6475038037218414f,0.6897344463144738f,0.3240450859572061f,-0.3504979053236641f,-0.061647359194397094f,0.4712363545863453f,-0.8798499310794593f,0.5691670792522909f,-0.7595646300810116f,0.5497296532691666f,0.3476476392073699f,0.5462722484728395f,0f,0f,0f,1f],start_interpolation:0}
execute if entity @s[tag=aj.dino.bone.leg_right_3] run data modify entity @s {} merge value {transformation:[0.994118402483503f,0.044414920203612845f,0.09877204415701332f,-0.16122714180402817f,-0.04457500541179751f,0.9990058682887065f,-0.0005865298507157779f,0.062047036963601115f,-0.09869990241224444f,-0.0038196842846307533f,0.9951099131632539f,0.03452881301570501f,0f,0f,0f,1f],start_interpolation:0}
execute if entity @s[tag=aj.dino.bone.leg_right_2] run data modify entity @s {} merge value {transformation:[0.9938817797181733f,-0.02607976659794093f,0.2521528370237545f,-0.16105553205305376f,0.10043998448499872f,0.9772707052164583f,-0.2948151586046312f,0.28058049008895064f,-0.23275097628492245f,0.31036110258957633f,0.9495078559646002f,0.1365786659368124f,0f,0f,0f,1f],start_interpolation:0}
execute if entity @s[tag=aj.dino.bone.leg_right_1] run data modify entity @s {} merge value {transformation:[0.7668142261724723f,-0.43648724188250404f,0.47061112419206264f,-0.2893233401085364f,-0.2590006945044217f,0.46043777523312607f,0.8490675446538964f,0.3554775256676751f,-0.5872942897608829f,-0.7729656802291893f,0.24001973752607605f,-0.09783803384783768f,0f,0f,0f,1f],start_interpolation:0}
execute if entity @s[tag=aj.dino.bone.leg_right_0] run data modify entity @s {} merge value {transformation:[0.7520796681409285f,0.6555240692748924f,0.06829617390686687f,-0.12495155484894718f,-0.16425998565186972f,0.2867858602697532f,-0.9438074631316417f,0.5640102337397613f,-0.6382748858310802f,0.698600075114957f,0.32336218883273576f,0.22434716823188328f,0f,0f,0f,1f],start_interpolation:0}
execute if entity @s[tag=aj.dino.bone.tail_4] run data modify entity @s {} merge value {transformation:[2.690441621640503f,0.5704562871410632f,0.24852532387193968f,0.14435152522774036f,-0.6120007021318032f,2.625217671481808f,0.5994569621998014f,0.052465731603430925f,-0.1124293232862316f,-0.6391190291337496f,2.684128880188977f,1.903780478998625f,0f,0f,0f,1f],start_interpolation:0}
execute if entity @s[tag=aj.dino.bone.tail_3] run data modify entity @s {} merge value {transformation:[2.053050857742912f,0.34729512669544127f,0.017714303235953535f,0.13794927855196015f,-0.345910326716865f,2.0504446487130292f,-0.10939979195216626f,0.0509506829269204f,-0.035689598431052225f,0.1049207490544307f,2.079342063015638f,1.5501741734838959f,0f,0f,0f,1f],start_interpolation:0}
execute if entity @s[tag=aj.dino.bone.tail_2] run data modify entity @s {} merge value {transformation:[1.931975773062391f,0.27830895379964604f,-0.09374227188253997f,0.156870576391011f,-0.2936605429474654f,1.8252216489779984f,-0.6333271608107555f,0.16890198979414778f,-0.0026406095041702315f,0.6402217844932793f,1.8463160533463556f,1.2070984418071424f,0f,0f,0f,1f],start_interpolation:0}
execute if entity @s[tag=aj.dino.bone.tail_1] run data modify entity @s {} merge value {transformation:[1.4907654908965968f,0.2183671818410709f,0.1326283342525948f,0.12423688992466639f,-0.16946666274562389f,1.4327340701911693f,-0.45410393560429274f,0.2492683000641302f,-0.19119506104941736f,0.4327182778763051f,1.4366125401868362f,0.8928485799455446f,0f,0f,0f,1f],start_interpolation:0}
execute if entity @s[tag=aj.dino.bone.tail_0] run data modify entity @s {} merge value {transformation:[1.2166280010903248f,0.25049039829594993f,0.30150718715898717f,0.04217426167816038f,-0.09257743755812024f,1.1389836163774305f,-0.5726966529175722f,0.4441092763396941f,-0.3808955783441974f,0.5232653233010516f,1.1022466495356258f,0.5833738147222035f,0f,0f,0f,1f],start_interpolation:0}
execute if entity @s[tag=aj.dino.bone.body_1] run data modify entity @s {} merge value {transformation:[0.709368754019065f,0.3320526837783131f,0.956630326235432f,-0.20259499357768115f,-0.01621886174700908f,1.1715815185724592f,-0.39463690770039755f,0.45694250000000003f,-1.012490747810231f,0.21387462587067277f,0.6765535640757565f,0.41167861426797864f,0f,0f,0f,1f],start_interpolation:0}