execute if entity @s[tag=aj.dino.bone.head_lower] run data modify entity @s {} merge value {transformation:[-0.43054554715532944f,0.7021498878317779f,0.5671120408195711f,-1.050324620272804f,0.7129437049356f,0.6498826824918874f,-0.26337002978670265f,0.8181646844211736f,-0.5534815312342571f,0.2909261659166631f,-0.7803974375711469f,0.30160152072888236f,0f,0f,0f,1f],start_interpolation:0}
execute if entity @s[tag=aj.dino.bone.head_upper] run data modify entity @s {} merge value {transformation:[-0.44815468064000447f,0.4552445176315216f,0.8218161314858727f,-0.9835875059850429f,0.7421028054075891f,0.7299008434395653f,0.0003571216939646123f,0.8348094038873751f,-0.5761186952444336f,0.5860623947125095f,-0.6388192710596614f,0.270544035604832f,0f,0f,0f,1f],start_interpolation:0}
execute if entity @s[tag=aj.dino.bone.neck_0] run data modify entity @s {} merge value {transformation:[-0.3715052403849881f,0.7490403807543872f,0.5485639109217944f,-0.9601546221470648f,0.526424787152599f,0.656636769439152f,-0.5400973028000183f,0.7890571526345943f,-0.7647619236323373f,0.08812866173859837f,-0.6382574238834444f,0.22808973411917413f,0f,0f,0f,1f],start_interpolation:0}
execute if entity @s[tag=aj.dino.bone.neck_1] run data modify entity @s {} merge value {transformation:[-0.2362933812457737f,0.6619577903363809f,0.711320829016285f,-0.8968468550481488f,0.3336969987662858f,0.7428110218938326f,-0.580412007773283f,0.7433106751950824f,-0.9125852020462597f,0.10021810997028338f,-0.3964146559351349f,0.19496990212447843f,0f,0f,0f,1f],start_interpolation:0}
execute if entity @s[tag=aj.dino.bone.neck_2] run data modify entity @s {} merge value {transformation:[0.10997418604345205f,0.5535861605580081f,0.8254986621689481f,-0.8191070264989693f,0.16505063665269745f,0.8088338393546705f,-0.5643988905511086f,0.7017840881995581f,-0.9801346671476422f,0.1983183883391205f,-0.002418905114791592f,0.19669964886546704f,0f,0f,0f,1f],start_interpolation:0}
execute if entity @s[tag=aj.dino.bone.body_0] run data modify entity @s {} merge value {transformation:[0.2406278180132107f,0.38332008413416285f,0.891719667999747f,-0.39519128796796044f,0.13749949186015392f,0.895986595802682f,-0.4222581081283351f,0.5113108176148445f,-0.9608288832754772f,0.22421804842897808f,0.16289298272884506f,0.275606457960733f,0f,0f,0f,1f],start_interpolation:0}
execute if entity @s[tag=aj.dino.bone.leg_left_3] run data modify entity @s {} merge value {transformation:[0.32439489362835117f,0.03448506846256216f,0.9452929350423511f,-0.5825424836153381f,0.047684458863435183f,0.9974684900326741f,-0.05275228691571751f,0.036513366356349136f,-0.9447190827810942f,0.06218835457759919f,0.3219292828932759f,0.6481032438880767f,0f,0f,0f,1f],start_interpolation:0}
execute if entity @s[tag=aj.dino.bone.leg_left_2] run data modify entity @s {} merge value {transformation:[0.4644816249383908f,0.4150656608233106f,0.8148861986808921f,-0.4598870604960304f,-0.3989397787039244f,0.9143839036611902f,-0.2383512726915495f,0.2416698982316964f,-0.8229010101846697f,-0.20900902715271868f,0.5755096467535696f,0.6158927382366775f,0f,0f,0f,1f],start_interpolation:0}
execute if entity @s[tag=aj.dino.bone.leg_left_1] run data modify entity @s {} merge value {transformation:[0.6704107956423933f,-0.6609853035333351f,0.3371168841797718f,-0.6706871770258471f,-0.06287724244762176f,0.402097923831085f,0.9134351164877088f,0.30371440496128216f,-0.739321186946726f,-0.6335737432719857f,0.2280098558571718f,0.44640180716523714f,0f,0f,0f,1f],start_interpolation:0}
execute if entity @s[tag=aj.dino.bone.leg_left_0] run data modify entity @s {} merge value {transformation:[0.6477971740836611f,0.6893722675824563f,0.32422939092168196f,-0.35108849773918505f,-0.061059876019553275f,0.4712173864325728f,-0.8799010548147628f,0.5532593354366875f,-0.7593619116005882f,0.5502000103706628f,0.3473462765000124f,0.5458567740432141f,0f,0f,0f,1f],start_interpolation:0}
execute if entity @s[tag=aj.dino.bone.leg_right_3] run data modify entity @s {} merge value {transformation:[0.9953972247766466f,0.0423061575510241f,0.08599159226469799f,-0.1586199543364411f,-0.041151136558120124f,0.9990378995924417f,-0.015161106090829046f,0.04964084719395079f,-0.08655026786165973f,0.011552671171220663f,0.9961804991676382f,0.028545289906295776f,0f,0f,0f,1f],start_interpolation:0}
execute if entity @s[tag=aj.dino.bone.leg_right_2] run data modify entity @s {} merge value {transformation:[0.9963518881642712f,-0.03340587799627842f,0.2413071937748311f,-0.16049506154345938f,0.10578493577154922f,0.9745493293281878f,-0.3018697592845012f,0.2673136407501416f,-0.2194417048238444f,0.3181192410433096f,0.9501093022188173f,0.13240149330513828f,0f,0f,0f,1f],start_interpolation:0}
execute if entity @s[tag=aj.dino.bone.leg_right_1] run data modify entity @s {} merge value {transformation:[0.7739221678379691f,-0.42792772514634436f,0.4668215292593662f,-0.2860949713816443f,-0.2536319205687939f,0.46599528878240215f,0.8476551419658772f,0.34390231011838013f,-0.58027176994712f,-0.7744199460781477f,0.25210795330325486f,-0.1029115408277124f,0f,0f,0f,1f],start_interpolation:0}
execute if entity @s[tag=aj.dino.bone.leg_right_0] run data modify entity @s {} merge value {transformation:[0.7600660482658892f,0.6468845996295819f,0.061967064119177906f,-0.12552871493443082f,-0.1582007743187821f,0.2766777789300455f,-0.9478512128236555f,0.5480909048574573f,-0.630295261983154f,0.7106262881489906f,0.31263103063063824f,0.2239412909383007f,0f,0f,0f,1f],start_interpolation:0}
execute if entity @s[tag=aj.dino.bone.tail_4] run data modify entity @s {} merge value {transformation:[2.721821803919258f,0.42362936453632377f,-0.1946421352438039f,0.1439092303161271f,-0.3983957730356532f,2.7123082457293917f,0.3321537592376072f,0.06941325450356657f,0.24213262344640965f,-0.29930498367200753f,2.734492576514344f,1.9134961250296278f,0f,0f,0f,1f],start_interpolation:0}
execute if entity @s[tag=aj.dino.bone.tail_3] run data modify entity @s {} merge value {transformation:[2.0620260614343815f,0.28910042160430677f,-0.020371407365903635f,0.14453439361009546f,-0.28981343860301073f,2.0576508719814948f,-0.1342631218292548f,0.07204358921952018f,0.00148956871423501f,0.13579160985293037f,2.0778604250341357f,1.5598389549554108f,0f,0f,0f,1f],start_interpolation:0}
execute if entity @s[tag=aj.dino.bone.tail_2] run data modify entity @s {} merge value {transformation:[1.935148121188396f,0.2607428115267163f,-0.07738740401990511f,0.16041352309737217f,-0.2719810101806571f,1.8579969467658701f,-0.540969084987849f,0.17284956131259677f,0.001397914484518082f,0.5464745255257784f,1.8762029511194267f,1.2111879930949323f,0f,0f,0f,1f],start_interpolation:0}
execute if entity @s[tag=aj.dino.bone.tail_1] run data modify entity @s {} merge value {transformation:[1.4916265615864093f,0.20423201064987495f,0.14489905657324043f,0.1253112793149989f,-0.16229662012734922f,1.4549594810907298f,-0.38001179650036354f,0.2369935371498895f,-0.19069939136018438f,0.35921921470058377f,1.4567949574064125f,0.8934930767930567f,0f,0f,0f,1f],start_interpolation:0}
execute if entity @s[tag=aj.dino.bone.tail_0] run data modify entity @s {} merge value {transformation:[1.2170969350303544f,0.24457828165868264f,0.3044539890765606f,0.04224485715216042f,-0.08746915856853527f,1.1419045593222794f,-0.5676608497001807f,0.43043342223883774f,-0.380604668419946f,0.5196837096964891f,1.104040146388285f,0.5834077793882606f,0f,0f,0f,1f],start_interpolation:0}
execute if entity @s[tag=aj.dino.bone.body_1] run data modify entity @s {} merge value {transformation:[0.7094110002145901f,0.32582053582489906f,0.9587395925200755f,-0.20259499357768115f,-0.016255298090640594f,1.1741287587411064f,-0.38699097952963096f,0.44131750000000003f,-1.0124605637331112f,0.20944505577381026f,0.6779830164195755f,0.41167861426797864f,0f,0f,0f,1f],start_interpolation:0}