execute if entity @s[tag=aj.dino.bone.head_lower] run data modify entity @s {} merge value {transformation:[-0.9999523269422435f,-0.009358620758919271f,-0.0027856884756080704f,0.04925488001633711f,-0.009608658614825651f,0.9938610247658795f,0.11021768066394722f,0.368421461097768f,0.00173710172878479f,0.11023919297966045f,-0.9939035681638219f,0.727262887674576f,0f,0f,0f,1f],start_interpolation:0}
execute if entity @s[tag=aj.dino.bone.head_upper] run data modify entity @s {} merge value {transformation:[-1.0408499604673784f,-0.004870579456321476f,-0.008920753013245493f,0.048207429635660735f,-0.010001648748564265f,0.6533590195509106f,0.8102431123911455f,0.4389453859431134f,0.001808148465699701f,0.8102902020947431f,-0.6533746716638881f,0.7004163727442361f,0f,0f,0f,1f],start_interpolation:0}
execute if entity @s[tag=aj.dino.bone.neck_0] run data modify entity @s {} merge value {transformation:[-0.9999457874708811f,-0.0031306542717156978f,-0.009930816838016044f,0.04793920827001628f,-0.004703007982155574f,0.986697561830196f,0.16249862520731212f,0.4334384199069622f,0.009289985745899492f,0.16253652045671976f,-0.986658793951923f,0.6339758908324334f,0f,0f,0f,1f],start_interpolation:0}
execute if entity @s[tag=aj.dino.bone.neck_1] run data modify entity @s {} merge value {transformation:[-0.999688380127309f,0.0054391875018185f,-0.024363043277815324f,0.04590039639636474f,-0.0009610774178682213f,0.9668631144125203f,0.2552935453918074f,0.45951935143964073f,0.0249443173615456f,0.2552374056204184f,-0.966556593171618f,0.5532717081585297f,0f,0f,0f,1f],start_interpolation:0}
execute if entity @s[tag=aj.dino.bone.neck_2] run data modify entity @s {} merge value {transformation:[-0.9995152370550535f,0.01927323100345301f,-0.024450633150645742f,0.04394703452991273f,0.009897726303081587f,0.9413150500910138f,0.337384071180282f,0.4982927891178647f,0.029518230109700113f,0.3369785142094965f,-0.9410494966006577f,0.4741279446507698f,0f,0f,0f,1f],start_interpolation:0}
execute if entity @s[tag=aj.dino.bone.body_0] run data modify entity @s {} merge value {transformation:[-0.9991119163462197f,0.014506880599926348f,-0.03955918389254358f,0.025441135679611586f,0.009153573523832545f,0.9911686651696976f,0.13229092666340997f,0.5700831272599276f,0.04112895217153473f,0.13181133335559347f,-0.9904212142781941f,0.008601808155389218f,0f,0f,0f,1f],start_interpolation:0}
execute if entity @s[tag=aj.dino.bone.leg_left_3] run data modify entity @s {} merge value {transformation:[-0.9647830416257613f,0.013750713778458289f,-0.26268726741493814f,0.22192192212988535f,-0.0037433356503165597f,0.9978139103773511f,0.06598020684772657f,0.0425758222686555f,0.26302028444504694f,0.06463991126264515f,-0.9626224658932518f,-0.18818961407362653f,0f,0f,0f,1f],start_interpolation:0}
execute if entity @s[tag=aj.dino.bone.leg_left_2] run data modify entity @s {} merge value {transformation:[-1.0020036270877237f,-0.08732171365303135f,-0.20106180425042922f,0.19379916046011428f,-0.03182320362900397f,0.9887849046652673f,-0.27083924294234f,0.2646406323367571f,0.21688295118456608f,-0.2583438215469667f,-0.9686498102279674f,-0.27800833412406406f,0f,0f,0f,1f],start_interpolation:0}
execute if entity @s[tag=aj.dino.bone.leg_left_1] run data modify entity @s {} merge value {transformation:[-0.9526262330380578f,0.1324251308544455f,0.2738007393085392f,0.234225712590124f,0.3035642721789432f,0.3584547214322389f,0.8828130862982292f,0.30915481068355344f,0.018761470736276334f,0.9241070270272375f,-0.38167290945873134f,-0.007088479796709735f,0f,0f,0f,1f],start_interpolation:0}
execute if entity @s[tag=aj.dino.bone.leg_left_0] run data modify entity @s {} merge value {transformation:[-0.9646704030820592f,0.18939200655561847f,-0.18314388133468634f,0.2113285721566063f,0.25867508302705955f,0.81275409010105f,-0.522032556882191f,0.700842800749743f,0.04998214519646947f,-0.5509641157796493f,-0.8330308087248084f,-0.14978927854124868f,0f,0f,0f,1f],start_interpolation:0}
execute if entity @s[tag=aj.dino.bone.leg_right_3] run data modify entity @s {} merge value {transformation:[-0.9895866117923441f,-0.015080499171591537f,0.14314648548282255f,-0.18293108078035633f,-0.011753983507655531f,0.9996415160640857f,0.02405583573270531f,0.02207050490453033f,-0.14345794377813337f,0.022122791547017073f,-0.9894091168273709f,-0.1659586970901486f,0f,0f,0f,1f],start_interpolation:0}
execute if entity @s[tag=aj.dino.bone.leg_right_2] run data modify entity @s {} merge value {transformation:[-1.0130172193886937f,0.06937963756995859f,0.1450681860828029f,-0.16070395835111734f,0.012152495122500828f,0.9557060765344847f,-0.3722101713253607f,0.23332238913279574f,-0.16034534475622034f,-0.365888727164992f,-0.9447100133105851f,-0.28019384275267595f,0f,0f,0f,1f],start_interpolation:0}
execute if entity @s[tag=aj.dino.bone.leg_right_1] run data modify entity @s {} merge value {transformation:[-0.9452870102500431f,-0.07160701157818664f,-0.3182843133825104f,-0.18210272087567672f,-0.3174558331046432f,0.42676506110635104f,0.8468136611124846f,0.29802696746688007f,0.07519482881403164f,0.9015231658208981f,-0.42614753220908663f,-0.01117935213034621f,0f,0f,0f,1f],start_interpolation:0}
execute if entity @s[tag=aj.dino.bone.leg_right_0] run data modify entity @s {} merge value {transformation:[-0.9611817618501232f,-0.2669864750260306f,0.06962645215625828f,-0.18083630630445582f,-0.26917777590618375f,0.8519336098676741f,-0.4491686201595501f,0.7003877376577143f,0.060604831860944286f,-0.45047457922840506f,-0.8907298736564855f,-0.12258619828454587f,0f,0f,0f,1f],start_interpolation:0}
execute if entity @s[tag=aj.dino.bone.tail_4] run data modify entity @s {} merge value {transformation:[-2.755040982483401f,0.1776999753106486f,0.06191312632622807f,-0.06248123765787429f,0.18641523338994237f,2.701325899698557f,0.5419862322771258f,0.702646795242842f,-0.02568807499728107f,0.5449058946206916f,-2.7070424858894553f,-1.9021530680269332f,0f,0f,0f,1f],start_interpolation:0}
execute if entity @s[tag=aj.dino.bone.tail_3] run data modify entity @s {} merge value {transformation:[-2.0780705098626884f,0.13254231170936953f,0.0010088063270990153f,-0.0639493245056535f,0.13251342883358516f,2.0771451851854463f,0.0620773459816782f,0.6717942750497601f,0.0029450402774227956f,0.06201565376660105f,-2.081367557994049f,-1.5498369171716133f,0f,0f,0f,1f],start_interpolation:0}
execute if entity @s[tag=aj.dino.bone.tail_2] run data modify entity @s {} merge value {transformation:[-1.9500977931202643f,0.11251654082326397f,-0.05685508166747918f,-0.05479530542629907f,0.1194376348766848f,1.9310076123597797f,-0.27516927042535605f,0.7234954478163722f,0.040337620719530454f,-0.2780710413770656f,-1.9338622617200374f,-1.190372486889016f,0f,0f,0f,1f],start_interpolation:0}
execute if entity @s[tag=aj.dino.bone.tail_1] run data modify entity @s {} merge value {transformation:[-1.5077030428332476f,0.07758214365859996f,-0.09202605944351828f,-0.03450026860855113f,0.08720585194197349f,1.5011381968517732f,-0.16320387048009138f,0.7401819221596128f,0.08296338962723382f,-0.1679921871336408f,-1.500850409282556f,-0.8654319537858237f,0f,0f,0f,1f],start_interpolation:0}
execute if entity @s[tag=aj.dino.bone.tail_0] run data modify entity @s {} merge value {transformation:[-1.2748650482227024f,0.043240472596997766f,-0.08176238092021562f,-0.009563930939220188f,0.04319000350765021f,1.277484098715612f,0.0021720289587324956f,0.7703751717554248f,0.08178905184169405f,-0.0005963575912954036f,-1.2755962966160133f,-0.49268745946931825f,0f,0f,0f,1f],start_interpolation:0}
execute if entity @s[tag=aj.dino.bone.body_1] run data modify entity @s {} merge value {transformation:[-1.233402848764542f,0.01652130926522635f,-0.08395864491477079f,0.008842450507792388f,-0.0014312248365491544f,1.2089507962247872f,0.25892183947896424f,0.6287480555555556f,0.08555676075699141f,0.25839816892514167f,-1.2060327615952873f,-0.22970668662467267f,0f,0f,0f,1f],start_interpolation:0}