execute if entity @s[tag=aj.dino.bone.head_lower] run data modify entity @s {} merge value {transformation:[-0.9963472550203357f,-0.08195418520090844f,0.02399289356242037f,0.26250483502261607f,-0.07915538963289502f,0.9917731179297855f,0.10060072983779195f,0.2593487252104159f,-0.03204015770103197f,0.09833409418857236f,-0.9946375391139255f,0.4128751356587404f,0f,0f,0f,1f],start_interpolation:0}
execute if entity @s[tag=aj.dino.bone.head_upper] run data modify entity @s {} merge value {transformation:[-1.037097442605978f,-0.07903071598927693f,-0.04068148293597494f,0.257603802221437f,-0.08239281208746808f,0.6759895550745758f,0.7872239125750076f,0.3287714574708067f,-0.03335058680093847f,0.7875685430131184f,-0.6797760447380694f,0.3836874564981644f,0f,0f,0f,1f],start_interpolation:0}
execute if entity @s[tag=aj.dino.bone.neck_0] run data modify entity @s {} merge value {transformation:[-0.9986342062270243f,-0.04240093902568173f,-0.030526750941787084f,0.2566408156879176f,-0.047712671441932815f,0.978188986479472f,0.20216282475800862f,0.32598126057700416f,0.021289037958434162f,0.2033432248687021f,-0.9788760441255066f,0.31708397526387033f,0f,0f,0f,1f],start_interpolation:0}
execute if entity @s[tag=aj.dino.bone.neck_1] run data modify entity @s {} merge value {transformation:[-0.990974343326808f,0.014222718511110684f,-0.1332950304630882f,0.24541449939676005f,-0.030993138564750736f,0.9431051316167847f,0.33104703001234326f,0.3583700564645356f,0.13041961597055893f,0.33219034452590707f,-0.9341521818065036f,0.2394793841109111f,0f,0f,0f,1f],start_interpolation:0}
execute if entity @s[tag=aj.dino.bone.neck_2] run data modify entity @s {} merge value {transformation:[-0.9851440213742448f,0.10464195181115102f,-0.13616651229922258f,0.23450980177995695f,0.04126216960341587f,0.913914435386545f,0.40380420769441144f,0.40269412710908026f,0.16669940164919772f,0.3921867752911171f,-0.9046550960319376f,0.1640645664321277f,0f,0f,0f,1f],start_interpolation:0}
execute if entity @s[tag=aj.dino.bone.body_0] run data modify entity @s {} merge value {transformation:[-0.9700604008307602f,0.08445322185132273f,-0.22770698728628425f,0.12799687507779467f,0.02785296365719519f,0.9700916147840425f,0.24113579440058164f,0.5255818579961818f,0.24126133373496828f,0.22757397092949772f,-0.9433997331989258f,-0.2783882635349594f,0f,0f,0f,1f],start_interpolation:0}
execute if entity @s[tag=aj.dino.bone.leg_left_3] run data modify entity @s {} merge value {transformation:[-0.6701390806436781f,0.11833828664418893f,-0.7327411974961988f,0.41449081646872565f,-0.11623069894739238f,0.9582978618474451f,0.2610663375481714f,0.19303276647971462f,0.7330784659340677f,0.26011777696407623f,-0.6284383063523582f,-0.47362677960969113f,0f,0f,0f,1f],start_interpolation:0}
execute if entity @s[tag=aj.dino.bone.leg_left_2] run data modify entity @s {} merge value {transformation:[-0.906843018486268f,-0.18652475176913202f,-0.4414821132286922f,0.35596153633029715f,-0.21375778479545607f,1.0030633775634983f,0.015286253005260157f,0.4269861779092402f,0.4289586795517111f,0.10552050544356278f,-0.9257008553895157f,-0.4769729285872662f,0f,0f,0f,1f],start_interpolation:0}
execute if entity @s[tag=aj.dino.bone.leg_left_1] run data modify entity @s {} merge value {transformation:[-0.9413413801458942f,0.3334761141997145f,0.05167288731319175f,0.46256344118399473f,0.09991671335403697f,0.1291743104992769f,0.9865752114763294f,0.40776464802063767f,0.3223244582986994f,0.9338670562587026f,-0.15491696103769442f,-0.22147351111225438f,0f,0f,0f,1f],start_interpolation:0}
execute if entity @s[tag=aj.dino.bone.leg_left_0] run data modify entity @s {} merge value {transformation:[-0.9276244610293704f,-0.299484293840754f,-0.2232084609567364f,0.255286623985846f,0.08808506045806601f,0.4053332756081027f,-0.9099153574970062f,0.6512266078850011f,0.3629791749178854f,-0.8637210738586331f,-0.3496169691940315f,-0.489931838820041f,0f,0f,0f,1f],start_interpolation:0}
execute if entity @s[tag=aj.dino.bone.leg_right_3] run data modify entity @s {} merge value {transformation:[-0.9983593183302609f,-0.034748134230791164f,0.04551086321545188f,-0.1876589811671316f,-0.03336345804305062f,0.9989673687966686f,0.030839515996046674f,0.012784206919025543f,-0.04653548291944819f,0.029270518392056633f,-0.9984876992644994f,-0.21866289957254703f,0f,0f,0f,1f],start_interpolation:0}
execute if entity @s[tag=aj.dino.bone.leg_right_2] run data modify entity @s {} merge value {transformation:[-1.0016731712689393f,0.19623326772938346f,0.10102258211394388f,-0.13724126708949647f,0.08881283476232579f,0.7881601804685834f,-0.650367595907041f,0.17626614653011774f,-0.2020528095380021f,-0.6263850525520802f,-0.786688392947183f,-0.3886710805351014f,0f,0f,0f,1f],start_interpolation:0}
execute if entity @s[tag=aj.dino.bone.leg_right_1] run data modify entity @s {} merge value {transformation:[-0.9678047382706388f,0.028642593649278625f,-0.2500671717957843f,-0.13547178067650606f,-0.18695426144012273f,0.5834071119007335f,0.7903696893941613f,0.2891180719591756f,0.16852920432458673f,0.8116746537946635f,-0.5592693122968881f,-0.1351465304328397f,0f,0f,0f,1f],start_interpolation:0}
execute if entity @s[tag=aj.dino.bone.leg_right_0] run data modify entity @s {} merge value {transformation:[-0.9690045055254655f,-0.23796017747356676f,-0.06637184800874929f,-0.11082799229864454f,-0.13561466410533252f,0.7369440095278263f,-0.6622100797335003f,0.6481429599114277f,0.2064919638895078f,-0.6326835549923828f,-0.7463729550909883f,-0.34680921512174057f,0f,0f,0f,1f],start_interpolation:0}
execute if entity @s[tag=aj.dino.bone.tail_4] run data modify entity @s {} merge value {transformation:[-1.2538340196844484f,0.6382824145911064f,2.376164376028242f,0.18955809625114994f,2.19235899078396f,1.5003208009465177f,0.7538308042100272f,0.8788619030735458f,-1.1167468997989989f,2.2287427812717517f,-1.187957620590221f,-1.9239776321966247f,0f,0f,0f,1f],start_interpolation:0}
execute if entity @s[tag=aj.dino.bone.tail_3] run data modify entity @s {} merge value {transformation:[-1.1812737306396333f,0.5366180871847831f,1.6286739783797464f,-0.09185605351879494f,1.5253020704267441f,1.2325227947191524f,0.7002047418391442f,0.7480718511574496f,-0.7835760928570084f,1.59024341377296f,-1.0922819771922956f,-1.7543287534387337f,0f,0f,0f,1f],start_interpolation:0}
execute if entity @s[tag=aj.dino.bone.tail_2] run data modify entity @s {} merge value {transformation:[-1.3796240353368008f,1.1322770488855158f,0.7958392304296665f,-0.2405515557335578f,1.3128727690156974f,1.4262835650806447f,0.24668635827844024f,0.703523581446677f,-0.43792292529717275f,0.7088284359072579f,-1.7676423945332418f,-1.4258830452067395f,0f,0f,0f,1f],start_interpolation:0}
execute if entity @s[tag=aj.dino.bone.tail_1] run data modify entity @s {} merge value {transformation:[-1.1265987660620371f,0.9660378945627786f,-0.2918942558122876f,-0.1884716630375996f,0.9803822283835962f,1.1514286948114139f,0.026812255304227317f,0.682742227315521f,0.23933691018543257f,-0.16923060312366225f,-1.4838244830131666f,-1.1047405579894902f,0f,0f,0f,1f],start_interpolation:0}
execute if entity @s[tag=aj.dino.bone.tail_0] run data modify entity @s {} merge value {transformation:[-1.1101698688743076f,0.4898797987481063f,-0.4017167678926842f,-0.059259014504929146f,0.5084838746953603f,1.1724661762769353f,0.024554658323084646f,0.7038604828489072f,0.377892482066557f,-0.13847947446854741f,-1.2132008999883404f,-0.7535568139989968f,0f,0f,0f,1f],start_interpolation:0}
execute if entity @s[tag=aj.dino.bone.body_1] run data modify entity @s {} merge value {transformation:[-1.151471831112647f,0.06616379131375348f,-0.4453533091033766f,0.03982279057949705f,-0.00969842126127594f,1.2190164178833858f,0.20617834176277527f,0.5738175000000001f,0.45013682123925f,0.19551450254648378f,-1.134793160234443f,-0.5029025893787007f,0f,0f,0f,1f],start_interpolation:0}