execute if entity @s[tag=aj.dino.bone.head_lower] run data modify entity @s {} merge value {transformation:[-0.5909817429463651f,0.7474030388975241f,0.303528049693635f,-1.0552643301915716f,0.7289790125836437f,0.6559334267452837f,-0.19580842395250891f,0.8128072918602602f,-0.34544200485269855f,0.10554637428607072f,-0.9324858090922418f,0.2577099589488573f,0f,0f,0f,1f],start_interpolation:0}
execute if entity @s[tag=aj.dino.bone.head_upper] run data modify entity @s {} merge value {transformation:[-0.6151526499904786f,0.35646146244601423f,0.7602594199245721f,-0.9950407617645769f,0.7587939504570596f,0.6395695701378153f,0.31409305673161036f,0.8490569566873848f,-0.35957043891700524f,0.7398364233586272f,-0.6378268642135209f,0.23024106567597355f,0f,0f,0f,1f],start_interpolation:0}
execute if entity @s[tag=aj.dino.bone.neck_0] run data modify entity @s {} merge value {transformation:[-0.46237066684296785f,0.6024979850072198f,0.6505455745029924f,-0.9626055336029266f,0.45133472104201866f,0.7914434473744194f,-0.4122065491838016f,0.8094104596907931f,-0.7632236474488405f,0.10302158837027478f,-0.6378684945226198f,0.1875696759130678f,0f,0f,0f,1f],start_interpolation:0}
execute if entity @s[tag=aj.dino.bone.neck_1] run data modify entity @s {} merge value {transformation:[-0.22851582437667187f,0.4623435267563602f,0.8567490771958498f,-0.8878976830979742f,0.2923964686988399f,0.8719989769036541f,-0.39258386285152974f,0.7801706441307916f,-0.9285929264763425f,0.16079877967656064f,-0.3344531796120805f,0.15997788178006467f,0f,0f,0f,1f],start_interpolation:0}
execute if entity @s[tag=aj.dino.bone.neck_2] run data modify entity @s {} merge value {transformation:[0.15991395654510843f,0.3965600828434144f,0.9039732447353256f,-0.8048202759987353f,0.18448965160131653f,0.8876159155585646f,-0.42202079913098606f,0.7518887715441893f,-0.9697376423312203f,0.23426072471149628f,0.06878094142660812f,0.16829716701397474f,0f,0f,0f,1f],start_interpolation:0}
execute if entity @s[tag=aj.dino.bone.body_0] run data modify entity @s {} merge value {transformation:[0.3156771269665948f,0.39146557386134284f,0.864351002771169f,-0.39372569078594716f,0.13816653323655198f,0.8822569985085843f,-0.4500362181825111f,0.5481929902826324f,-0.9387534077719819f,0.2614905219391965f,0.22442091331348213f,0.2765569259648172f,0f,0f,0f,1f],start_interpolation:0}
execute if entity @s[tag=aj.dino.bone.leg_left_3] run data modify entity @s {} merge value {transformation:[0.3233393553787792f,0.002625501930422991f,0.9462794344182106f,-0.5809819113560428f,0.04550244665528527f,0.9987962427880386f,-0.018319190508324285f,0.06929763034798592f,-0.9451884407945426f,0.0489813447356308f,0.3228306665362987f,0.6508095802044082f,0f,0f,0f,1f],start_interpolation:0}
execute if entity @s[tag=aj.dino.bone.leg_left_2] run data modify entity @s {} merge value {transformation:[0.46290247589801725f,0.41613680723892293f,0.8152384037624669f,-0.45806837070542644f,-0.4010822503818099f,0.9134056237823455f,-0.23850659188404363f,0.27421800276119124f,-0.822749369940107f,-0.2111457401996876f,0.5749462150143936f,0.6180838325310836f,0f,0f,0f,1f],start_interpolation:0}
execute if entity @s[tag=aj.dino.bone.leg_left_1] run data modify entity @s {} merge value {transformation:[0.6694201173529676f,-0.661170903999369f,0.3387177913659041f,-0.6689840852182927f,-0.06517043958091105f,0.40192566656732365f,0.9133501915252679f,0.33626588713094946f,-0.7400199458717109f,-0.6334893797523916f,0.22596832842892037f,0.4487380115713391f,0f,0f,0f,1f],start_interpolation:0}
execute if entity @s[tag=aj.dino.bone.leg_left_0] run data modify entity @s {} merge value {transformation:[0.6467864019336481f,0.6906934233191456f,0.32343460738981644f,-0.3489195050684293f,-0.06329003164960284f,0.471226485543224f,-0.8797385811798719f,0.5855418511038459f,-0.7600406056044096f,0.5485327650252636f,0.3484968917023814f,0.5473657809029426f,0f,0f,0f,1f],start_interpolation:0}
execute if entity @s[tag=aj.dino.bone.leg_right_3] run data modify entity @s {} merge value {transformation:[0.9935879575392248f,0.03968848696507782f,0.10586687222854538f,-0.1593458542851107f,-0.04124707357308646f,0.9990698714975096f,0.012572620554511749f,0.07930560451385155f,-0.10526941414622096f,-0.01685870304543638f,0.9943008270020387f,0.04046382148836131f,0f,0f,0f,1f],start_interpolation:0}
execute if entity @s[tag=aj.dino.bone.leg_right_2] run data modify entity @s {} merge value {transformation:[0.9917804272055822f,-0.02777074580271306f,0.2601202979203449f,-0.15931891910990245f,0.10120491598365106f,0.9812206099508661f,-0.28111541951498914f,0.29918197130049085f,-0.24122883056000974f,0.29748462109142243f,0.9515112984202754f,0.13958725297264402f,0f,0f,0f,1f],start_interpolation:0}
execute if entity @s[tag=aj.dino.bone.leg_right_1] run data modify entity @s {} merge value {transformation:[0.7637158753415303f,-0.4438989334394177f,0.46871291708536067f,-0.289561283952642f,-0.26362137582997425f,0.4483117015516453f,0.8541196569903899f,0.370424762750329f,-0.589272290165448f,-0.7758674855561465f,0.22536151601360813f,-0.09487975265154036f,0f,0f,0f,1f],start_interpolation:0}
execute if entity @s[tag=aj.dino.bone.leg_right_0] run data modify entity @s {} merge value {transformation:[0.7489320318712707f,0.6591517912310617f,0.06796857916753063f,-0.12337247551832092f,-0.1691284429885641f,0.28931714121524993f,-0.9421736366356784f,0.5803844132196709f,-0.6406999152563032f,0.6941285960943533f,0.32816019056955703f,0.22544118592479645f,0f,0f,0f,1f],start_interpolation:0}
execute if entity @s[tag=aj.dino.bone.tail_4] run data modify entity @s {} merge value {transformation:[2.70382795642229f,0.5574241871416585f,-0.06522261309333735f,0.12130361520585613f,-0.5535002618800465f,2.7016035162180234f,0.1436566491922157f,-0.01960688850703829f,0.09280718597167925f,-0.1275854550796314f,2.7569494209151064f,1.8871507380934294f,0f,0f,0f,1f],start_interpolation:0}
execute if entity @s[tag=aj.dino.bone.tail_3] run data modify entity @s {} merge value {transformation:[2.05181806939996f,0.35127666216423015f,-0.05091996413020537f,0.12650024150558745f,-0.35481347126172363f,2.021599058903758f,-0.3509845747252891f,0.020124191161823124f,-0.009774289716912224f,0.35452429776059535f,2.051868054140502f,1.5357604425270703f,0f,0f,0f,1f],start_interpolation:0}
execute if entity @s[tag=aj.dino.bone.tail_2] run data modify entity @s {} merge value {transformation:[1.9255682342141374f,0.31150508203953936f,-0.11800607718149164f,0.14993528884635343f,-0.3329815442811789f,1.780944537388236f,-0.7322115274412861f,0.15641827422452603f,-0.009172870670934368f,0.7416030026997731f,1.8079587162966722f,1.1998345497361547f,0f,0f,0f,1f],start_interpolation:0}
execute if entity @s[tag=aj.dino.bone.tail_1] run data modify entity @s {} merge value {transformation:[1.4881512159364871f,0.24485525005799605f,0.11449067658893035f,0.12088333228152601f,-0.18946477153324756f,1.401835216037504f,-0.5353665822825887f,0.25466821161324404f,-0.19278306163822878f,0.51240626810776f,1.4099399836692585f,0.8903517382236306f,0f,0f,0f,1f],start_interpolation:0}
execute if entity @s[tag=aj.dino.bone.tail_0] run data modify entity @s {} merge value {transformation:[1.215296206143714f,0.26729343164273417f,0.2923098857674397f,0.04191385639343767f,-0.10613811339227516f,1.1285589027724967f,-0.5906989253778065f,0.4545183034041443f,-0.3816091571257838f,0.537349738026937f,1.0952010896744755f,0.5832757313622826f,0f,0f,0f,1f],start_interpolation:0}
execute if entity @s[tag=aj.dino.bone.body_1] run data modify entity @s {} merge value {transformation:[0.7093708897878915f,0.34869939146456913f,0.9506872620215462f,-0.20259499357768115f,-0.016220724822759273f,1.1645151478351765f,-0.4150252445392829f,0.47256750000000003f,-1.0124892216038694f,0.22564972836435315f,0.6727201284942604f,0.41167861426797864f,0f,0f,0f,1f],start_interpolation:0}