execute if entity @s[tag=aj.dino.bone.head_lower] run data modify entity @s {} merge value {transformation:[-0.8800961226450671f,-0.30939647692165556f,0.36014529703105397f,-1.0452479712155895f,-0.0745547395445737f,0.8391722282008633f,0.5387314379427282f,0.510776425379465f,-0.4689055402920289f,0.44728491086204325f,-0.7616191980239033f,0.4355247328993022f,0f,0f,0f,1f],start_interpolation:0}
execute if entity @s[tag=aj.dino.bone.head_upper] run data modify entity @s {} merge value {transformation:[-0.9160916873545326f,-0.4200814875282656f,0.2603449764821123f,-1.0370176742428403f,-0.07760399732747196f,0.6638000682268921f,0.7980094182428419f,0.5806704568658966f,-0.4880835815126645f,0.6829150429164085f,-0.6155269321481851f,0.4082750894867558f,0f,0f,0f,1f],start_interpolation:0}
execute if entity @s[tag=aj.dino.bone.neck_0] run data modify entity @s {} merge value {transformation:[-0.7993923675840487f,0.2965884059254641f,0.5225008709265094f,-1.007787670512255f,0.31526186196529793f,0.9473842052382192f,-0.055435783166847455f,0.5616061841986861f,-0.5114506828996733f,0.12040965549215915f,-0.8508347159264934f,0.35146930946502647f,0f,0f,0f,1f],start_interpolation:0}
execute if entity @s[tag=aj.dino.bone.neck_1] run data modify entity @s {} merge value {transformation:[-0.6018149387104311f,0.18370705578552218f,0.7772197226007421f,-0.9411006435564913f,0.2441574981590945f,0.9689118900414136f,-0.039960798654025714f,0.5626846360306423f,-0.7603985110701172f,0.1657150173973104f,-0.6279591048558475f,0.29903635969125725f,0f,0f,0f,1f],start_interpolation:0}
execute if entity @s[tag=aj.dino.bone.neck_2] run data modify entity @s {} merge value {transformation:[-0.21820776323136337f,0.20739064797143242f,0.9536112893624709f,-0.8555266584608733f,0.2939991087400255f,0.9457319977429154f,-0.13840344108895916f,0.5598187639058432f,-0.9305642890878821f,0.2501601638534475f,-0.2673387295084278f,0.2780647063000753f,0f,0f,0f,1f],start_interpolation:0}
execute if entity @s[tag=aj.dino.bone.body_0] run data modify entity @s {} merge value {transformation:[-0.03499955584443254f,0.07027591261796011f,0.9969134000485723f,-0.38501564553065454f,0.20026686668699126f,0.9777842339494258f,-0.06189647766480175f,0.539961803152874f,-0.979116036636142f,0.1974823737593998f,-0.04829595072348619f,0.25718427229693697f,0f,0f,0f,1f],start_interpolation:0}
execute if entity @s[tag=aj.dino.bone.leg_left_3] run data modify entity @s {} merge value {transformation:[0.3558282321975341f,-0.07118159730016654f,0.9318366001488534f,-0.5799749631904481f,0.07102121090872317f,0.9962713393943045f,0.048983730998538165f,0.06445441421129652f,-0.9318488379411309f,0.04875036930398992f,0.35955687272042f,0.6093835819305983f,0f,0f,0f,1f],start_interpolation:0}
execute if entity @s[tag=aj.dino.bone.leg_left_2] run data modify entity @s {} merge value {transformation:[0.5867241521587659f,0.2076304193935053f,0.8152953929201048f,-0.5054701033290395f,-0.32446768922185704f,0.9729230421250968f,-0.014271378832102678f,0.2902969410538957f,-0.7762330110381159f,-0.24974499503537215f,0.6222153562314068f,0.5691933966561142f,0f,0f,0f,1f],start_interpolation:0}
execute if entity @s[tag=aj.dino.bone.leg_left_1] run data modify entity @s {} merge value {transformation:[0.706253620343976f,-0.6996160415471921f,0.10836613013697582f,-0.7153467342432535f,0.05381514295304182f,0.20567838193241517f,0.9771388507241983f,0.29327778739740207f,-0.7059105850884873f,-0.6842761121181278f,0.1829110391543627f,0.387654695517925f,0f,0f,0f,1f],start_interpolation:0}
execute if entity @s[tag=aj.dino.bone.leg_left_0] run data modify entity @s {} merge value {transformation:[0.684540909951091f,0.6416568935309926f,0.3459482238536402f,-0.4119783094493996f,0.057215541890204266f,0.42581194223348406f,-0.9030008702197125f,0.5406280822907111f,-0.7267256183523066f,0.6379346524805688f,0.2547729475335897f,0.5328879872204196f,0f,0f,0f,1f],start_interpolation:0}
execute if entity @s[tag=aj.dino.bone.leg_right_3] run data modify entity @s {} merge value {transformation:[0.9726757418198767f,-0.11300238853086453f,-0.20281114728109015f,0.02328327402139284f,0.11393636250407477f,0.9934626596883981f,-0.007102753282632046f,0.02794278366429298f,0.20228792987841024f,-0.01619888857833801f,0.9791921105862397f,0.10624020514167534f,0f,0f,0f,1f],start_interpolation:0}
execute if entity @s[tag=aj.dino.bone.leg_right_2] run data modify entity @s {} merge value {transformation:[0.9812917212801994f,-0.2965668623862305f,0.034305296705091706f,-0.04630819834703638f,0.282144491740598f,0.8827173707170924f,-0.43962111950569094f,0.2196789465792232f,0.0975871048247531f,0.4300236494303355f,0.9260770040354277f,0.23494662638890418f,0f,0f,0f,1f],start_interpolation:0}
execute if entity @s[tag=aj.dino.bone.leg_right_1] run data modify entity @s {} merge value {transformation:[0.9324509353125009f,-0.28796950810580607f,0.2181944445583856f,-0.1175423866038822f,-0.029685991395573492f,0.540812948008532f,0.8406188774832402f,0.3214264361352081f,-0.36007498545400823f,-0.7903131769543144f,0.49573287885985007f,-0.013219697781416462f,0f,0f,0f,1f],start_interpolation:0}
execute if entity @s[tag=aj.dino.bone.leg_right_0] run data modify entity @s {} merge value {transformation:[0.9005853362677981f,0.3208046918057521f,0.2933093960561664f,-0.12017737931153097f,0.04489494904271729f,0.6025157670454141f,-0.796843268160137f,0.6176415420790426f,-0.43235459480600935f,0.7307934729984201f,0.5282143543799609f,0.2809859214520825f,0f,0f,0f,1f],start_interpolation:0}
execute if entity @s[tag=aj.dino.bone.tail_4] run data modify entity @s {} merge value {transformation:[2.1201753808845587f,-1.4952290461947393f,-0.9459428023440867f,-0.06149234083240471f,1.5442721458881445f,2.284400444477094f,-0.14966455928803155f,-0.016121129534682102f,0.8635630986355547f,-0.4140845810802706f,2.5900683516051335f,1.9438246461831385f,0f,0f,0f,1f],start_interpolation:0}
execute if entity @s[tag=aj.dino.bone.tail_3] run data modify entity @s {} merge value {transformation:[1.6368049416159556f,-1.2342182843230545f,-0.365404345607285f,0.012544527836139685f,1.1957919253964109f,1.6767973407059098f,-0.3072098230896562f,0.01956152541847811f,0.47633683492123274f,0.03164539285090921f,2.0268318417799187f,1.5998391906068656f,0f,0f,0f,1f],start_interpolation:0}
execute if entity @s[tag=aj.dino.bone.tail_2] run data modify entity @s {} merge value {transformation:[1.6058409314464617f,-1.0963564943781121f,-0.19506720669778005f,0.04973364535818596f,0.9696895130130939f,1.5450297536699031f,-0.7009701731385749f,0.1509550259451477f,0.5474952294279529f,0.4792278920434741f,1.8136602427808735f,1.2632025890222784f,0f,0f,0f,1f],start_interpolation:0}
execute if entity @s[tag=aj.dino.bone.tail_1] run data modify entity @s {} merge value {transformation:[1.360751511458281f,-0.6559086325422959f,0.07612778612635351f,0.0400695768266046f,0.6406221947918527f,1.2691072054014234f,-0.5163587461622583f,0.24594411012311285f,0.16004617335029928f,0.4967967561837392f,1.4195895376626444f,0.9514970281715351f,0f,0f,0f,1f],start_interpolation:0}
execute if entity @s[tag=aj.dino.bone.tail_0] run data modify entity @s {} merge value {transformation:[1.235899311792971f,-0.260479370085358f,0.19631379333511698f,-0.02358370754641892f,0.3249691917946326f,1.0493656597380003f,-0.6535001554177338f,0.46223510694326475f,-0.027993429193853864f,0.681775569015636f,1.0808488136642433f,0.6521003425121022f,0f,0f,0f,1f],start_interpolation:0}
execute if entity @s[tag=aj.dino.bone.body_1] run data modify entity @s {} merge value {transformation:[0.9177468923697243f,0.07627106875098998f,0.8249411861905945f,-0.22050837548797264f,0.24221603186113205f,1.152621178687427f,-0.37603245525739354f,0.4720201694606414f,-0.7922604562335612f,0.4407399886203184f,0.8406403672057398f,0.42697626669018784f,0f,0f,0f,1f],start_interpolation:0}