execute if entity @s[tag=aj.dino.bone.head_lower] run data modify entity @s {} merge value {transformation:[-0.979320110894673f,-0.18823919976120762f,0.07414933627825673f,0.3829883614222016f,-0.1911826330627992f,0.9809385810161249f,-0.03476637871918581f,0.29624723170109385f,-0.06619154940338601f,-0.048223479212214926f,-0.9966409457975565f,0.08954521626530076f,0f,0f,0f,1f],start_interpolation:0}
execute if entity @s[tag=aj.dino.bone.head_upper] run data modify entity @s {} merge value {transformation:[-1.019373895380219f,-0.19611775504168108f,-0.07672437786177944f,0.3729789697846633f,-0.19900192309563727f,0.7729974625412159f,0.6680906376327888f,0.35959931796322014f,-0.06889875619417225f,0.6689429659139557f,-0.7945062695363977f,0.04977359652107424f,0f,0f,0f,1f],start_interpolation:0}
execute if entity @s[tag=aj.dino.bone.neck_0] run data modify entity @s {} merge value {transformation:[-0.9894238818957416f,-0.13580171442096806f,-0.050973290012394784f,0.37220696532264747f,-0.14130648032693255f,0.9817463104119069f,0.12730538327274993f,0.35194119900736814f,0.03275455009576686f,0.13316184270628503f,-0.9905529077717606f,-0.01644946198172774f,0f,0f,0f,1f],start_interpolation:0}
execute if entity @s[tag=aj.dino.bone.neck_1] run data modify entity @s {} merge value {transformation:[-0.9614788642980092f,-0.022899535429852506f,-0.273923355676926f,0.3488965665554852f,-0.102883828070697f,0.9540690457423302f,0.2813666182720306f,0.38017192134697814f,0.25489862971332355f,0.2987103400175768f,-0.9196732144282845f,-0.09298173275707429f,0f,0f,0f,1f],start_interpolation:0}
execute if entity @s[tag=aj.dino.bone.neck_2] run data modify entity @s {} merge value {transformation:[-0.9435468835491728f,0.13937782901098306f,-0.3004881018024326f,0.3239361512339892f,0.03129519182630951f,0.9406165241258663f,0.3380253918124023f,0.41899470451670306f,0.3297573191199832f,0.3095389722176496f,-0.8918776458490496f,-0.16808632361592651f,0f,0f,0f,1f],start_interpolation:0}
execute if entity @s[tag=aj.dino.bone.body_0] run data modify entity @s {} merge value {transformation:[-0.8854394655049741f,0.06771404617022495f,-0.45979534673322064f,0.1078813894835017f,0.01857057460181236f,0.9936937776506638f,0.11057942854487737f,0.4805765498663913f,0.46438355557149585f,0.08937272631854624f,-0.8811131761046169f,-0.58250027240553f,0f,0f,0f,1f],start_interpolation:0}
execute if entity @s[tag=aj.dino.bone.leg_right_3] run data modify entity @s {} merge value {transformation:[-0.9933826195019794f,-0.05391744709762428f,-0.10140946785118607f,-0.23281943232421293f,-0.0492267652703742f,0.9976237408214762f,-0.048203706604160124f,0.07019222707625106f,0.10376751347315476f,-0.042892664266041436f,-0.9936762664468544f,-0.2619015856968338f,0f,0f,0f,1f],start_interpolation:0}
execute if entity @s[tag=aj.dino.bone.leg_right_2] run data modify entity @s {} merge value {transformation:[-0.9916812022930944f,0.24726901829184147f,0.08653684251349975f,-0.1709685344519123f,0.037460044374053016f,0.46917548622312677f,-0.9113360015403109f,0.15133387256122177f,-0.25928235110533704f,-0.8779490846404343f,-0.4626448602167836f,-0.48044579602142057f,0f,0f,0f,1f],start_interpolation:0}
execute if entity @s[tag=aj.dino.bone.leg_right_1] run data modify entity @s {} merge value {transformation:[-0.9648154250655935f,0.07875408835524081f,-0.25085651102340045f,-0.15548392327811164f,-0.09869842862260907f,0.7758346663203646f,0.6231686695614571f,0.32708773632357635f,0.24370025798699158f,0.6260018882582575f,-0.7407643485982369f,-0.26623983940684465f,0f,0f,0f,1f],start_interpolation:0}
execute if entity @s[tag=aj.dino.bone.leg_right_0] run data modify entity @s {} merge value {transformation:[-0.9472704860162632f,-0.2823328567774499f,-0.15154796041648563f,-0.14385555970853442f,-0.011535230857921693f,0.5026834921314278f,-0.8643935707694773f,0.596165917845846f,0.3202273641829617f,-0.8170663771826845f,-0.4794340105853945f,-0.5852523657342842f,0f,0f,0f,1f],start_interpolation:0}
execute if entity @s[tag=aj.dino.bone.tail_4] run data modify entity @s {} merge value {transformation:[-0.9705643424351559f,-2.385690203838296f,-0.9960664837767622f,-1.473731471139915f,2.481915058048487f,-0.5619879516353093f,-1.072347200513398f,0.37099407124820194f,0.7237152985985478f,-1.2721293665059137f,2.3417054411363694f,-0.9588605266144553f,0f,0f,0f,1f],start_interpolation:0}
execute if entity @s[tag=aj.dino.bone.tail_3] run data modify entity @s {} merge value {transformation:[-0.5360788245313396f,-1.297855576351118f,-1.537574688549421f,-1.200315087978854f,1.9240195455473448f,0.13500710556205203f,-0.7847721935976004f,0.5027412841935239f,0.5888240894234281f,-1.6227413566020028f,1.1644493150552355f,-1.140428301109352f,0f,0f,0f,1f],start_interpolation:0}
execute if entity @s[tag=aj.dino.bone.tail_2] run data modify entity @s {} merge value {transformation:[-0.4711639715187834f,-0.6015462714855652f,-1.7985884660497626f,-0.8664529600146476f,1.6725148053860108f,0.741944805973345f,-0.6862842018118633f,0.6317332989906411f,0.8941323239375797f,-1.7048266372724727f,0.3359574364990189f,-1.2026265615266074f,0f,0f,0f,1f],start_interpolation:0}
execute if entity @s[tag=aj.dino.bone.tail_1] run data modify entity @s {} merge value {transformation:[-0.24355205727538487f,0.006597544419930808f,-1.4927475063802835f,-0.5450783166355286f,1.1701432074323033f,0.9399685534237713f,-0.1867625301672289f,0.659314445304414f,0.9268783736267501f,-1.1849353741795587f,-0.15646370033007703f,-1.1553582215960518f,0f,0f,0f,1f],start_interpolation:0}
execute if entity @s[tag=aj.dino.bone.tail_0] run data modify entity @s {} merge value {transformation:[-0.47823306359198714f,0.38953834097465995f,-1.119548451109714f,-0.20851998442496658f,0.5472203905085831f,1.1434410892718323f,0.16409764215401568f,0.6389545706286203f,1.0515125760936406f,-0.41789720369916705f,-0.5945745924956434f,-0.991694310413372f,0f,0f,0f,1f],start_interpolation:0}