execute if entity @s[tag=aj.dino.bone.head_lower] run data modify entity @s {} merge value {transformation:[-0.9001642036224708f,-0.3037723683689878f,0.3121325915892444f,-1.041045497143887f,-0.0888313221978579f,0.8296197221083983f,0.5512169381335843f,0.5011303061778909f,-0.426395828677184f,0.4684586053263183f,-0.7737784775905945f,0.45642608454437095f,0f,0f,0f,1f],start_interpolation:0}
execute if entity @s[tag=aj.dino.bone.head_upper] run data modify entity @s {} merge value {transformation:[-0.9369805444822118f,-0.4024381677868905f,0.20876523406366f,-1.035981280142972f,-0.09246448626269939f,0.6388712862800036f,0.8165572490221462f,0.5717385939236451f,-0.44383524040515226f,0.716490714007356f,-0.6108381771788963f,0.430267340316536f,0f,0f,0f,1f],start_interpolation:0}
execute if entity @s[tag=aj.dino.bone.neck_0] run data modify entity @s {} merge value {transformation:[-0.8258915576526833f,0.3001879329495483f,0.4772738625878242f,-1.0097256040941298f,0.3231199413259527f,0.9456857790524976f,-0.03566385867209658f,0.5539778404662736f,-0.46205696457854273f,0.1247622226851855f,-0.878030608393076f,0.3716164122237802f,0f,0f,0f,1f],start_interpolation:0}
execute if entity @s[tag=aj.dino.bone.neck_1] run data modify entity @s {} merge value {transformation:[-0.6382078733654015f,0.20096513138123814f,0.7431713976892091f,-0.9458434113456273f,0.2473188110276309f,0.9676797741857256f,-0.049287527263415176f,0.5542605197679689f,-0.7290570046891327f,0.1523445785080144f,-0.6672833081330037f,0.3157905903616097f,0f,0f,0f,1f],start_interpolation:0}
execute if entity @s[tag=aj.dino.bone.neck_2] run data modify entity @s {} merge value {transformation:[-0.25612483969614724f,0.2060088835519555f,0.9444365549830752f,-0.8610867301294216f,0.3045476870589017f,0.9444666134526649f,-0.12342415638896476f,0.5526945564244576f,-0.9174152673667993f,0.256013976124217f,-0.3046408889682618f,0.29160830051631387f,0f,0f,0f,1f],start_interpolation:0}
execute if entity @s[tag=aj.dino.bone.body_0] run data modify entity @s {} merge value {transformation:[-0.06689279131381543f,0.06404100180115097f,0.9957028193987154f,-0.3912056546389715f,0.20872926804485564f,0.9767551852469352f,-0.04879959789469612f,0.539000303018638f,-0.9756830669493578f,0.204567979365125f,-0.07870511220222409f,0.2564636419930034f,0f,0f,0f,1f],start_interpolation:0}
execute if entity @s[tag=aj.dino.bone.leg_left_3] run data modify entity @s {} merge value {transformation:[0.35414258206783256f,-0.06309200614300667f,0.9330607859765507f,-0.5891149279627911f,0.07680953572361882f,0.9963131191181047f,0.0382160162114667f,0.06182108395152164f,-0.9320318271326633f,0.05813404711529861f,0.35768296825225754f,0.6047346264430024f,0f,0f,0f,1f],start_interpolation:0}
execute if entity @s[tag=aj.dino.bone.leg_left_2] run data modify entity @s {} merge value {transformation:[0.5822409664915281f,0.21480553104998718f,0.8166493986222225f,-0.5129026702679723f,-0.32193321926042434f,0.9735075478881988f,-0.026537822857569154f,0.2874247020970831f,-0.7806514323155533f,-0.24125471505388918f,0.620033630691623f,0.5664492333706329f,0f,0f,0f,1f],start_interpolation:0}
execute if entity @s[tag=aj.dino.bone.leg_left_1] run data modify entity @s {} merge value {transformation:[0.7049615512910441f,-0.6995921644783719f,0.11661910050154994f,-0.7231847887655121f,0.05471642447390355f,0.21758263456282412f,0.9745070087123499f,0.2937611953184889f,-0.7071317586518909f,-0.6806089924010457f,0.19166657342561627f,0.3854667337923386f,0f,0f,0f,1f],start_interpolation:0}
execute if entity @s[tag=aj.dino.bone.leg_left_0] run data modify entity @s {} merge value {transformation:[0.6832267340348895f,0.6465752913550733f,0.3393252459059301f,-0.41749889596545536f,0.05848259148800347f,0.41475212600693007f,-0.9080531154429122f,0.5373276582388167f,-0.7278605748306922f,0.6402507841321502f,0.24555634185518624f,0.5322277355876582f,0f,0f,0f,1f],start_interpolation:0}
execute if entity @s[tag=aj.dino.bone.leg_right_3] run data modify entity @s {} merge value {transformation:[0.9730111248952888f,-0.10578647271455774f,-0.20508186906846892f,0.014744419223254104f,0.10701647377281653f,0.9942440812503378f,-0.005116760684649169f,0.021666406284336553f,0.20444271855763552f,-0.016968473392855732f,0.9787314472006503f,0.10426252742030151f,0f,0f,0f,1f],start_interpolation:0}
execute if entity @s[tag=aj.dino.bone.leg_right_2] run data modify entity @s {} merge value {transformation:[0.9831560913226015f,-0.29070046636568836f,0.03097641765488379f,-0.0535853743667485f,0.2751104061913268f,0.8832187262201403f,-0.4430588511247808f,0.21342410566158432f,0.09889673402697212f,0.4329897458480265f,0.9245547660847107f,0.23361126573462881f,0f,0f,0f,1f],start_interpolation:0}
execute if entity @s[tag=aj.dino.bone.leg_right_1] run data modify entity @s {} merge value {transformation:[0.9316558252925212f,-0.2855506978261452f,0.22467359028046083f,-0.12452191216372575f,-0.03288243695002398f,0.5495524024909882f,0.8348118963315094f,0.31779015318561316f,-0.36185103086593334f,-0.78514518140748f,0.5026040942669259f,-0.013550870098018142f,0f,0f,0f,1f],start_interpolation:0}
execute if entity @s[tag=aj.dino.bone.leg_right_0] run data modify entity @s {} merge value {transformation:[0.8998731140622211f,0.32402759995573466f,0.29194947003700283f,-0.12569796582758663f,0.041712636324326924f,0.6023700624041759f,-0.7971263161444764f,0.6143411180271482f,-0.4341525475669066f,0.72949052247861f,0.5285405784375022f,0.28032566981932105f,0f,0f,0f,1f],start_interpolation:0}
execute if entity @s[tag=aj.dino.bone.tail_4] run data modify entity @s {} merge value {transformation:[1.8166908048440478f,-1.8174915458200818f,-1.0109502124573777f,-0.06054696232623095f,1.9042356271999776f,1.9933392495669975f,-0.16169923882934872f,0.0005935376654287589f,0.8361713504404439f,-0.5907490572216016f,2.564662620247426f,1.9462554383196955f,0f,0f,0f,1f],start_interpolation:0}
execute if entity @s[tag=aj.dino.bone.tail_3] run data modify entity @s {} merge value {transformation:[1.4093613059316117f,-1.4820423232432522f,-0.3914036120208023f,0.020323573924381604f,1.4636486436835494f,1.459079638881699f,-0.254489255742957f,0.02946727127381525f,0.4553887166262401f,-0.10287218069546596f,2.0292816357649595f,1.6031709482756016f,0f,0f,0f,1f],start_interpolation:0}
execute if entity @s[tag=aj.dino.bone.tail_2] run data modify entity @s {} merge value {transformation:[1.4343589789554525f,-1.314840208315815f,-0.18050878396541625f,0.05462752215508696f,1.1989078968450513f,1.3976884793134845f,-0.6541105752697424f,0.15228410900992653f,0.5692170494417971f,0.3693724629600335f,1.8325746394715796f,1.2630081233322703f,0f,0f,0f,1f],start_interpolation:0}
execute if entity @s[tag=aj.dino.bone.tail_1] run data modify entity @s {} merge value {transformation:[1.2852119917648488f,-0.7891083469742484f,0.1148668923554587f,0.03832762741660771f,0.7813447421863565f,1.2026296056732024f,-0.4804567362583805f,0.24022565883006952f,0.15933229453430828f,0.46759629841765005f,1.429553486800877f,0.9495160592451966f,0f,0f,0f,1f],start_interpolation:0}
execute if entity @s[tag=aj.dino.bone.tail_0] run data modify entity @s {} merge value {transformation:[1.2232624701686274f,-0.3079062342014645f,0.20653909218559235f,-0.029458221653246547f,0.37058620651321267f,1.0373381182562336f,-0.6484066691041903f,0.4547379745646281f,-0.011424062461412953f,0.6804109757613536f,1.0820102178096047f,0.64974705423491f,0f,0f,0f,1f],start_interpolation:0}
execute if entity @s[tag=aj.dino.bone.body_1] run data modify entity @s {} merge value {transformation:[0.9177468923697244f,0.08654911826523065f,0.8239262629200955f,-0.22683923372412426f,0.242216031861132f,1.1478438724699305f,-0.390372172931078f,0.46817860604956274f,-0.7922604562335612f,0.4511854270884593f,0.8350806397754913f,0.4252119627543278f,0f,0f,0f,1f],start_interpolation:0}