execute if entity @s[tag=aj.dino.bone.head_lower] run data modify entity @s {} merge value {transformation:[-0.9433278290640704f,-0.24718731058963092f,0.22142953822092798f,0.009580428520832601f,-0.29331530408874784f,0.9331394610133781f,-0.20788669675327376f,0.5335574672864701f,-0.1552376864701141f,-0.26105397867706887f,-0.9527602431442439f,0.7456954153588657f,0f,0f,0f,1f],start_interpolation:0}
execute if entity @s[tag=aj.dino.bone.head_upper] run data modify entity @s {} merge value {transformation:[-0.9819095442195289f,-0.3449685685411543f,0.017952054834231845f,0.0027670050610836133f,-0.3053117778112676f,0.8919887586652991f,0.4411493118298714f,0.583903732911983f,-0.1615868431643724f,0.4108828101988606f,-0.9426223798440002f,0.6898896155695937f,0f,0f,0f,1f],start_interpolation:0}
execute if entity @s[tag=aj.dino.bone.neck_0] run data modify entity @s {} merge value {transformation:[-0.9783654535587611f,-0.07566301668486677f,0.19255167407453305f,0.016762044307264676f,-0.1187555123235291f,0.967506556459346f,-0.2232222916757071f,0.5538036883792259f,-0.16940533514484066f,-0.24125955134320357f,-0.9555603912417782f,0.6320721229750443f,0f,0f,0f,1f],start_interpolation:0}
execute if entity @s[tag=aj.dino.bone.neck_1] run data modify entity @s {} merge value {transformation:[-0.9824971229188789f,-0.05994789125351256f,0.1763679500090154f,0.03142655206085361f,-0.0832896397702035f,0.9882614127799015f,-0.1280711361596477f,0.547507179008842f,-0.16662004490179227f,-0.140519145829066f,-0.975957033015488f,0.5487483987026329f,0f,0f,0f,1f],start_interpolation:0}
execute if entity @s[tag=aj.dino.bone.neck_2] run data modify entity @s {} merge value {transformation:[-0.9550640190453058f,0.03376313602834358f,0.29447032137476836f,0.057554922944371145f,0.04286207503760728f,0.9987805912357872f,0.0244984304428226f,0.5594321114799296f,-0.2932840978445615f,0.03601917845013767f,-0.9553465636800494f,0.4654055248940463f,0f,0f,0f,1f],start_interpolation:0}
execute if entity @s[tag=aj.dino.bone.body_0] run data modify entity @s {} merge value {transformation:[-0.9632824777778909f,0.03505973755954109f,0.26619106447877455f,0.18334376124165236f,0.016033769391492658f,0.9971799326804747f,-0.07331507415575955f,0.5343783772955455f,-0.26801079501614755f,-0.06635508014930126f,-0.961128096089794f,0.01179734235501445f,0f,0f,0f,1f],start_interpolation:0}
execute if entity @s[tag=aj.dino.bone.leg_left_3] run data modify entity @s {} merge value {transformation:[-0.9885489901544676f,0.018371077824957515f,-0.1497778273448101f,0.586361477486933f,0.05764678715084676f,0.9632558830907059f,-0.2623260406866426f,0.13744727574321586f,0.13945516123746504f,-0.267956353144863f,-0.9532846641027741f,0.17558763692253038f,0f,0f,0f,1f],start_interpolation:0}
execute if entity @s[tag=aj.dino.bone.leg_left_2] run data modify entity @s {} merge value {transformation:[-0.9345803896684154f,-0.24849535763899452f,0.34186510787121205f,0.5375528457901637f,-0.3642706857940499f,0.8943243428249014f,-0.3457644238533456f,0.3346621905020518f,-0.21430950100044543f,-0.43645873408991576f,-0.9031264644103081f,0.04560661163587609f,0f,0f,0f,1f],start_interpolation:0}
execute if entity @s[tag=aj.dino.bone.leg_left_1] run data modify entity @s {} merge value {transformation:[-0.9118849438609471f,-0.4045991703333623f,0.06903159077750101f,0.4421354768133696f,-0.08471294007932874f,0.35009083446094635f,0.9328773367434514f,0.3819817253829215f,-0.40160872368865896f,0.8448289288323367f,-0.3535173462012486f,0.3018677537857739f,0f,0f,0f,1f],start_interpolation:0}
execute if entity @s[tag=aj.dino.bone.leg_left_0] run data modify entity @s {} merge value {transformation:[-0.923889192598473f,0.3233452829512346f,0.2046376988556307f,0.4450067626491212f,-0.07930152258605107f,0.36138079031486914f,-0.9290399307386819f,0.5902803912957755f,-0.37435281261835857f,-0.8745580325996594f,-0.308234033325552f,-0.05994808343121119f,0f,0f,0f,1f],start_interpolation:0}
execute if entity @s[tag=aj.dino.bone.leg_right_3] run data modify entity @s {} merge value {transformation:[-0.4034971729629981f,-0.0606434395012409f,0.9129690053097793f,-0.12354296196654893f,-0.03965893057627946f,0.9980225996792871f,0.04876535404304455f,0.021275668697561284f,-0.9141209989035448f,-0.01653069190496745f,-0.4051043514808609f,-0.24657101266819573f,0f,0f,0f,1f],start_interpolation:0}
execute if entity @s[tag=aj.dino.bone.leg_right_2] run data modify entity @s {} merge value {transformation:[-0.2751053969914294f,0.6834581661626887f,0.7136274624427068f,0.05825122179029871f,0.15783264087611715f,0.7616524670434859f,-0.6686079392449182f,0.17790791465820233f,-0.9754322516305033f,-0.06951729319241756f,-0.30945349881192297f,-0.270825627559436f,0f,0f,0f,1f],start_interpolation:0}
execute if entity @s[tag=aj.dino.bone.leg_right_1] run data modify entity @s {} merge value {transformation:[-0.6641915732056033f,-0.6392142522548698f,0.3876270034413412f,-0.1491893880633552f,-0.11016060183322562f,0.596550090353012f,0.7949796421944118f,0.29561527573257396f,-0.7394012414693443f,0.48531755522962594f,-0.4666397697362836f,-0.12895682833910954f,0f,0f,0f,1f],start_interpolation:0}
execute if entity @s[tag=aj.dino.bone.leg_right_0] run data modify entity @s {} merge value {transformation:[-0.7274037130636098f,0.5041494465785396f,0.4655289182594631f,0.09543842738212571f,-0.04053250238958151f,0.6456552956380802f,-0.7625525263642772f,0.615910012244697f,-0.685011645500507f,-0.5735525910751824f,-0.4492176207581714f,-0.23793293690174125f,0f,0f,0f,1f],start_interpolation:0}
execute if entity @s[tag=aj.dino.bone.tail_4] run data modify entity @s {} merge value {transformation:[0.3398357795291053f,2.518573459382317f,1.0802595541104147f,1.195125432556431f,2.5496428761134524f,0.1085165769949153f,-1.0550861047332711f,0.15657095118124792f,-1.0047358751611122f,1.1272414177150758f,-2.312032426016543f,-1.5930149902197195f,0f,0f,0f,1f],start_interpolation:0}
execute if entity @s[tag=aj.dino.bone.tail_3] run data modify entity @s {} merge value {transformation:[0.0020768891209138936f,1.9060077892786016f,0.8384959867437185f,1.0342957165362923f,1.9681204924596714f,0.27203794088396355f,-0.623251644140918f,0.2595892934881077f,-0.6800315726025697f,0.7931426050675603f,-1.8012294119114214f,-1.2953545678791036f,0f,0f,0f,1f],start_interpolation:0}
execute if entity @s[tag=aj.dino.bone.tail_2] run data modify entity @s {} merge value {transformation:[-0.3504170910427425f,1.6416181575627218f,1.000535637580338f,0.8484298404321041f,1.6821425665892842f,0.7542129866628032f,-0.6483309582461463f,0.3815359216502521f,-0.9307943505288024f,0.74500098692037f,-1.5483440449441839f,-1.008031787805809f,0f,0f,0f,1f],start_interpolation:0}
execute if entity @s[tag=aj.dino.bone.tail_1] run data modify entity @s {} merge value {transformation:[-0.6210473069564952f,1.0748410161488802f,0.8641025879640266f,0.6499391144129243f,1.1566158901443344f,0.9220850336516271f,-0.31568199723979673f,0.43709063009368543f,-0.7511299322938173f,0.531161209728008f,-1.2005531408865522f,-0.7554614351256652f,0f,0f,0f,1f],start_interpolation:0}
execute if entity @s[tag=aj.dino.bone.tail_0] run data modify entity @s {} merge value {transformation:[-0.7848374217957734f,0.6066788501121109f,0.8061058930188006f,0.42901647818546795f,0.5911954394020372f,1.10413145182647f,-0.25537698819946825f,0.5383623803291375f,-0.817529137317578f,0.2160329291988751f,-0.9585466080074345f,-0.47013857815949f,0f,0f,0f,1f],start_interpolation:0}
execute if entity @s[tag=aj.dino.bone.body_1] run data modify entity @s {} merge value {transformation:[-1.0994319079468517f,0.16078856122609897f,0.5422186951991201f,0.29212797619205677f,0.0806080534677305f,1.2177973025369622f,-0.19767818975823395f,0.5022925f,-0.5597824725379841f,-0.14043277241723132f,-1.0934014884417897f,-0.20647890440926936f,0f,0f,0f,1f],start_interpolation:0}