execute if entity @s[tag=aj.dino.bone.head_lower] run data modify entity @s {} merge value {transformation:[-0.8892848521653435f,-0.311028136602191f,0.33531172056913294f,-1.0427402912261612f,-0.08457496533608903f,0.8323465533079842f,0.5477648130673587f,0.5061628533613814f,-0.449465824004076f,0.45875997366606436f,-0.7664983754805021f,0.44613474866096936f,0f,0f,0f,1f],start_interpolation:0}
execute if entity @s[tag=aj.dino.bone.head_upper] run data modify entity @s {} merge value {transformation:[-0.9256562320835511f,-0.41511979428876566f,0.23304085259465437f,-1.0362838242189127f,-0.08803404617876619f,0.650016626735464f,0.8082081008405883f,0.5764472138366917f,-0.4678487889284161f,0.6990177994447699f,-0.6131586820237588f,0.4194162307724745f,0f,0f,0f,1f],start_interpolation:0}
execute if entity @s[tag=aj.dino.bone.neck_0] run data modify entity @s {} merge value {transformation:[-0.8129312196760992f,0.29665267857554606f,0.5011387236782684f,-1.0084318055074646f,0.3178669488615265f,0.9470673299147121f,-0.04498972582358939f,0.5580627045355923f,-0.4879584356247916f,0.12272188436530702f,-0.8641966814333611f,0.3617013182649447f,0f,0f,0f,1f],start_interpolation:0}
execute if entity @s[tag=aj.dino.bone.neck_1] run data modify entity @s {} merge value {transformation:[-0.6199133134061089f,0.19024518460812861f,0.7612583356491269f,-0.9430667971774865f,0.2452856209132586f,0.9685275431053944f,-0.042300856012921745f,0.5589411521577063f,-0.7453471996560106f,0.16050285972420486f,-0.647067526603905f,0.3076256226121993f,0f,0f,0f,1f],start_interpolation:0}
execute if entity @s[tag=aj.dino.bone.neck_2] run data modify entity @s {} merge value {transformation:[-0.2373255712500816f,0.20617964086925955f,0.9492979136824465f,-0.8578825526581659f,0.2991955165313937f,0.9452263274563144f,-0.1304961025125305f,0.5567630713690919f,-0.9242070201628718f,0.2530556175516985f,-0.2860144022723217f,0.28504618852071895f,0f,0f,0f,1f],start_interpolation:0}
execute if entity @s[tag=aj.dino.bone.body_0] run data modify entity @s {} merge value {transformation:[-0.05136067495813912f,0.06737983669015501f,0.9964045557279696f,-0.3876389448913882f,0.2040226189946025f,0.9773873012403342f,-0.055577282343773016f,0.5398805423937212f,-0.9776179478745404f,0.20043458030425848f,-0.06394628223617149f,0.25681793542199316f,0f,0f,0f,1f],start_interpolation:0}
execute if entity @s[tag=aj.dino.bone.leg_left_3] run data modify entity @s {} merge value {transformation:[0.35497968291530746f,-0.06713970820775175f,0.932460017533795f,-0.584070371645657f,0.0739134783952213f,0.9963111618122362f,0.04359892842571472f,0.06352974857984112f,-0.9319475427452271f,0.05344462957238445f,0.3586327496771645f,0.6070541157389403f,0f,0f,0f,1f],start_interpolation:0}
execute if entity @s[tag=aj.dino.bone.leg_left_2] run data modify entity @s {} merge value {transformation:[0.5844813773747469f,0.21121479952995756f,0.8159853108128434f,-0.5087121558177046f,-0.3232100420116499f,0.9732322809555282f,-0.02040577245832961f,0.2892567293915792f,-0.7784465220846197f,-0.24549834065898188f,0.6211390959267822f,0.5678171241766334f,0f,0f,0f,1f],start_interpolation:0}
execute if entity @s[tag=aj.dino.bone.leg_left_1] run data modify entity @s {} merge value {transformation:[0.705607058634421f,-0.6996171098584238f,0.11249257041523564f,-0.7187950511963564f,0.054263080902834986f,0.2116347739980674f,0.9758412988215445f,0.293915637644937f,-0.7065226088783098f,-0.6824563151060534f,0.187294370218792f,0.3865525184120915f,0f,0f,0f,1f],start_interpolation:0}
execute if entity @s[tag=aj.dino.bone.leg_left_0] run data modify entity @s {} merge value {transformation:[0.683882903241231f,0.6441264294132631f,0.3426445936909927f,-0.41426458035372216f,0.05784644153391064f,0.4202896246787542f,-0.9055442676033323f,0.5393780978845831f,-0.7272949634475746f,0.6391070131978778f,0.2501684668879729f,0.5325547495796893f,0f,0f,0f,1f],start_interpolation:0}
execute if entity @s[tag=aj.dino.bone.leg_right_3] run data modify entity @s {} merge value {transformation:[0.9728791203912865f,-0.10927741279306218f,-0.2038741380360227f,0.01973354410484794f,0.11040772671508159f,0.9938691213578966f,-0.005856918378356113f,0.024786392883445557f,0.2032642393247874f,-0.016811206516415267f,0.978979587298519f,0.10560066050986919f,0f,0f,0f,1f],start_interpolation:0}
execute if entity @s[tag=aj.dino.bone.leg_right_2] run data modify entity @s {} merge value {transformation:[0.9822063987861241f,-0.2937036079726883f,0.03272583609494403f,-0.04924073923532897f,0.27866501795458093f,0.8826730125828053f,-0.44192347768257667f,0.21644646078152102f,0.09837986304453164f,0.4320749275559914f,0.925037760864668f,0.23475188457309576f,0f,0f,0f,1f],start_interpolation:0}
execute if entity @s[tag=aj.dino.bone.leg_right_1] run data modify entity @s {} merge value {transformation:[0.9321088604749087f,-0.28671165677240235f,0.22129052870602334f,-0.12030422591980575f,-0.031145496192168318f,0.5452810554875475f,0.8376744765082258f,0.31953488854719214f,-0.3608365700578459f,-0.7876960050661743f,0.4993315264547983f,-0.012909461988722115f,0f,0f,0f,1f],start_interpolation:0}
execute if entity @s[tag=aj.dino.bone.leg_right_0] run data modify entity @s {} merge value {transformation:[0.9002329518477015f,0.3218894425513552f,0.2932026929984643f,-0.12246365021585344f,0.04330100170997454f,0.6038724954327874f,-0.7959039090937367f,0.6163915576729146f,-0.4332501075112234f,0.7291948957814749f,0.5296877838007569f,0.2806526838113521f,0f,0f,0f,1f],start_interpolation:0}
execute if entity @s[tag=aj.dino.bone.tail_4] run data modify entity @s {} merge value {transformation:[1.9760296844769394f,-1.6639669847644745f,-0.9757980791535659f,-0.05909575733552081f,1.730788564761685f,2.1461740399357234f,-0.15482010850067723f,-0.007538370829670085f,0.851668340233539f,-0.5008115369276154f,2.5786644167716064f,1.9452176370271834f,0f,0f,0f,1f],start_interpolation:0}
execute if entity @s[tag=aj.dino.bone.tail_3] run data modify entity @s {} merge value {transformation:[1.5285313555169768f,-1.3634322404800066f,-0.37495325957450504f,0.017824714272288496f,1.33465662239076f,1.5734754224067684f,-0.2807353227414994f,0.02466627329136975f,0.4671499989878674f,-0.03425122984588581f,2.0289266269986515f,1.6015218334749215f,0f,0f,0f,1f],start_interpolation:0}
execute if entity @s[tag=aj.dino.bone.tail_2] run data modify entity @s {} merge value {transformation:[1.524550202571347f,-1.2084149720889124f,-0.1850778486848008f,0.05307005729646712f,1.0873263173078942f,1.4755686436501496f,-0.6776374639649779f,0.15179273161921739f,0.5587862154098767f,0.42568099336309045f,1.8235480614341086f,1.2630427154229114f,0f,0f,0f,1f],start_interpolation:0}
execute if entity @s[tag=aj.dino.bone.tail_1] run data modify entity @s {} merge value {transformation:[1.32485109992368f,-0.7232094918150087f,0.0969218446981494f,0.03978832108339843f,0.7120247971270417f,1.2374273437861698f,-0.49945020485179425f,0.24346232389738504f,0.1595195953706326f,0.4831126678105024f,1.4243636821029273f,0.9504775888755803f,0f,0f,0f,1f],start_interpolation:0}
execute if entity @s[tag=aj.dino.bone.tail_0] run data modify entity @s {} merge value {transformation:[1.2298007022203314f,-0.28407061355705404f,0.2018163420432705f,-0.026042234642362272f,0.3478828887032303f,1.043553200325455f,-0.6510068589669576f,0.45888445654540666f,-0.020085944087927476f,0.6812755104859172f,1.0813398865510682f,0.6509253330019232f,0f,0f,0f,1f],start_interpolation:0}
execute if entity @s[tag=aj.dino.bone.body_1] run data modify entity @s {} merge value {transformation:[0.9177468923697243f,0.08141167509829601f,0.8244497411969108f,-0.22319890482470736f,0.24221603186113203f,1.150254871658819f,-0.38320975873645396f,0.470497529154519f,-0.7922604562335612f,0.44597137177076024f,0.8378767809802024f,0.42609138148610626f,0f,0f,0f,1f],start_interpolation:0}