execute if entity @s[tag=aj.dino.bone.head_lower] run data modify entity @s {} merge value {transformation:[-0.42367393289052435f,0.5490168261422412f,0.7204727081588691f,-1.0384891033014694f,0.7223772599826641f,0.6846704205439366f,-0.09694075248381057f,0.8475932922380435f,-0.5465084563380642f,0.4793818309499107f,-0.6866742803586697f,0.30984206564426564f,0f,0f,0f,1f],start_interpolation:0}
execute if entity @s[tag=aj.dino.bone.head_upper] run data modify entity @s {} merge value {transformation:[-0.44100202021494145f,0.5003452255478928f,0.7991519355049297f,-0.972299454110233f,0.7519221889254302f,0.7189212292438362f,-0.035174287876634514f,0.8615450738197814f,-0.5688604244904343f,0.5623867565985767f,-0.6660261977089212f,0.27637962965354f,0f,0f,0f,1f],start_interpolation:0}
execute if entity @s[tag=aj.dino.bone.neck_0] run data modify entity @s {} merge value {transformation:[-0.3610918038448606f,0.7455506449428225f,0.560149038222334f,-0.948064174105094f,0.5395358707441958f,0.6569585735694579f,-0.5265989715085717f,0.8166561899743736f,-0.760600915971291f,0.11206992655893241f,-0.6394736727846647f,0.23345672708995652f,0f,0f,0f,1f],start_interpolation:0}
execute if entity @s[tag=aj.dino.bone.neck_1] run data modify entity @s {} merge value {transformation:[-0.2271903292890321f,0.6659181145902183f,0.7105896276601212f,-0.884800104639266f,0.3489747880274685f,0.7368820399238092f,-0.5789831228618922f,0.7710034437621578f,-0.9091760839346383f,0.11643849835142323f,-0.3998011061802368f,0.20012474361406457f,0f,0f,0f,1f],start_interpolation:0}
execute if entity @s[tag=aj.dino.bone.neck_2] run data modify entity @s {} merge value {transformation:[0.11600153713712004f,0.5632462102167172f,0.8181059528314963f,-0.8076133549496776f,0.17626327432903047f,0.7989194061924224f,-0.5750295997007075f,0.7284484584176307f,-0.9774839648324847f,0.21090635145877584f,-0.006603742099219684f,0.20161111127535827f,0f,0f,0f,1f],start_interpolation:0}
execute if entity @s[tag=aj.dino.bone.body_0] run data modify entity @s {} merge value {transformation:[0.24708449338132737f,0.43122109127595176f,0.8677543566985243f,-0.3945360607957331f,0.1433113824406263f,0.8694102934805719f,-0.4728504935526476f,0.513878013803888f,-0.9583376757664539f,0.2411931011219084f,0.15301891117684624f,0.27602601607165156f,0f,0f,0f,1f],start_interpolation:0}
execute if entity @s[tag=aj.dino.bone.leg_left_3] run data modify entity @s {} merge value {transformation:[0.3239251303591815f,0.03124266741239143f,0.9455667113719397f,-0.5818394774042036f,0.04670756198530397f,0.9977077304542166f,-0.048966194923490136f,0.03722417996290403f,-0.9449290521384004f,0.06002649685642958f,0.321723337822995f,0.6493247697248826f,0f,0f,0f,1f],start_interpolation:0}
execute if entity @s[tag=aj.dino.bone.leg_left_2] run data modify entity @s {} merge value {transformation:[0.4637831384105269f,0.4155494796463997f,0.8150374408531071f,-0.4590676863759836f,-0.399906505097503f,0.9139442525170359f,-0.23841746993975024f,0.24227468424508303f,-0.8228257331947493f,-0.2099684089509115f,0.5752680067028239f,0.6168832825924655f,0f,0f,0f,1f],start_interpolation:0}
execute if entity @s[tag=aj.dino.bone.leg_left_1] run data modify entity @s {} merge value {transformation:[0.6699755921970262f,-0.6610609298346041f,0.33783302518618913f,-0.6699176622933681f,-0.0639108467317336f,0.40201688707531746f,0.9133990508952285f,0.3043196734796253f,-0.7396270070314336f,-0.6335462647293251f,0.2270925382244942f,0.4474545582677823f,0f,0f,0f,1f],start_interpolation:0}
execute if entity @s[tag=aj.dino.bone.leg_left_0] run data modify entity @s {} merge value {transformation:[0.6473526615026958f,0.6899686069793378f,0.3238485032053843f,-0.3501055201159772f,-0.06208716286406335f,0.4712155848241139f,-0.8798301295286265f,0.5537386744035232f,-0.7596576306816557f,0.5494535412588222f,0.3478808562500566f,0.5465385340584519f,0f,0f,0f,1f],start_interpolation:0}
execute if entity @s[tag=aj.dino.bone.leg_right_3] run data modify entity @s {} merge value {transformation:[0.995087079380931f,0.04143310949379442f,0.08991663854261772f,-0.15844442977701878f,-0.04049638213487837f,0.9991049815003487f,-0.012217977540254887f,0.053837347783522865f,-0.09034239028891322f,0.008516653031768434f,0.9958743490712182f,0.02988974515712277f,0f,0f,0f,1f],start_interpolation:0}
execute if entity @s[tag=aj.dino.bone.leg_right_2] run data modify entity @s {} merge value {transformation:[0.9953583620029125f,-0.03290813814462584f,0.24544039018757152f,-0.16007423893010142f,0.1050427225724207f,0.9767208289611813f,-0.29503330016906715f,0.2722287434128038f,-0.2242542243217426f,0.31144128855681863f,0.9511974380519624f,0.13223042183670627f,0f,0f,0f,1f],start_interpolation:0}
execute if entity @s[tag=aj.dino.bone.leg_right_1] run data modify entity @s {} merge value {transformation:[0.7718893762514804f,-0.4315413614597494f,0.4668606260754556f,-0.28669841869195567f,-0.2567798283715154f,0.46015641873200486f,0.8498942228543684f,0.34704972924793265f,-0.5815934237692129f,-0.775904712995869f,0.24437873430231785f,-0.10310236983938528f,0f,0f,0f,1f],start_interpolation:0}
execute if entity @s[tag=aj.dino.bone.leg_right_0] run data modify entity @s {} merge value {transformation:[0.7587335154150735f,0.6490770980739017f,0.05497611610369213f,-0.12454726814735553f,-0.16102866215103837f,0.2686697684525269f,-0.9496769584893129f,0.5485715603464159f,-0.6311839847078906f,0.7116990067968537f,0.3083687746394583f,0.22462195719818737f,0f,0f,0f,1f],start_interpolation:0}
execute if entity @s[tag=aj.dino.bone.tail_4] run data modify entity @s {} merge value {transformation:[2.7183602653985752f,0.4468379847875183f,-0.1910879756897641f,0.14076620138774015f,-0.42244447174090755f,2.7094053383585197f,0.32607470366450747f,0.060274908135942155f,0.24024876149051871f,-0.29175307954738167f,2.735474731153057f,1.9116656489417805f,0f,0f,0f,1f],start_interpolation:0}
execute if entity @s[tag=aj.dino.bone.tail_3] run data modify entity @s {} merge value {transformation:[2.059460632607298f,0.3068005125187039f,-0.020997007011667977f,0.14132423397784122f,-0.3075181610335307f,2.054699181173349f,-0.1399620718786597f,0.06390045879237172f,0.00009705535967419573f,0.14152825318031798f,2.0774781034168397f,1.5580171689269051f,0f,0f,0f,1f],start_interpolation:0}
execute if entity @s[tag=aj.dino.bone.tail_2] run data modify entity @s {} merge value {transformation:[1.9327405450342328f,0.2768329833367056f,-0.08155586993251791f,0.1579803206064992f,-0.28859634836108244f,1.854134955623864f,-0.5455910456093612f,0.1655524381693415f,0.00009108347388884862f,0.551652916853855f,1.8746874208873359f,1.2096482067099714f,0f,0f,0f,1f],start_interpolation:0}
execute if entity @s[tag=aj.dino.bone.tail_1] run data modify entity @s {} merge value {transformation:[1.490128888460948f,0.2168144649428164f,0.1419987097325126f,0.1233498224345016f,-0.17456313878705063f,1.4521292380679178f,-0.3853629931961563f,0.23089424771653216f,-0.19157206568534707f,0.3632745707310766f,1.4556744072453842f,0.8921456814912165f,0f,0f,0f,1f],start_interpolation:0}
execute if entity @s[tag=aj.dino.bone.tail_0] run data modify entity @s {} merge value {transformation:[1.2163301204986412f,0.254841130793082f,0.299053093292631f,0.04210932837949863f,-0.0959559965511098f,1.1360946881081255f,-0.5778555381428924f,0.42717305517327053f,-0.3810107626795745f,0.5274282645939934f,1.1002208601066081f,0.583363358211789f,0f,0f,0f,1f],start_interpolation:0}
execute if entity @s[tag=aj.dino.bone.body_1] run data modify entity @s {} merge value {transformation:[0.7094061855620023f,0.3362551221404873f,0.9551334732784238f,-0.20259499357768115f,-0.016251157479825994f,1.1698388101447341f,-0.3997720015408391f,0.44131750000000003f,-1.0124640037172608f,0.2168276877377258f,0.6756530101045769f,0.41167861426797864f,0f,0f,0f,1f],start_interpolation:0}