execute if entity @s[tag=aj.dino.bone.head_lower] run data modify entity @s {} merge value {transformation:[-0.9283467682248591f,-0.12952355303032567f,0.34841918307817177f,-1.0476459399290525f,0.01092687068111021f,0.9274139743418316f,0.37387688306795214f,0.4837766540932099f,-0.3715546816063261f,0.35089452746643f,-0.8595464787726912f,0.443583831822561f,0f,0f,0f,1f],start_interpolation:0}
execute if entity @s[tag=aj.dino.bone.head_upper] run data modify entity @s {} merge value {transformation:[-0.9663157642341025f,-0.28918515962084307f,0.25705588853639894f,-1.036718732560965f,0.011373775139104834f,0.6700102771335724f,0.796510394381634f,0.5537344166686069f,-0.3867511132695742f,0.7422466669335527f,-0.6188419866123208f,0.41746938971907993f,0f,0f,0f,1f],start_interpolation:0}
execute if entity @s[tag=aj.dino.bone.neck_0] run data modify entity @s {} merge value {transformation:[-0.8188165128122564f,0.3764617126390914f,0.4333775458682857f,-1.0145418272383644f,0.4014146748236178f,0.9151668136890038f,-0.036550813377618396f,0.5363863921020844f,-0.4103727295791292f,0.14403569710026234f,-0.9004709549888972f,0.3570378816438331f,0f,0f,0f,1f],start_interpolation:0}
execute if entity @s[tag=aj.dino.bone.neck_1] run data modify entity @s {} merge value {transformation:[-0.6626916683961235f,0.33664705366901887f,0.6689607715661143f,-0.9563211788812163f,0.27471613037447484f,0.9402732635378057f,-0.20104038795236864f,0.5236873539783876f,-0.6966855821318804f,0.0505465244298068f,-0.7155936336480573f,0.29665057022713365f,0f,0f,0f,1f],start_interpolation:0}
execute if entity @s[tag=aj.dino.bone.neck_2] run data modify entity @s {} merge value {transformation:[-0.2755698135202294f,0.19803569842708968f,0.9406610122806838f,-0.8719733259879234f,0.3422599041383518f,0.9346366538705625f,-0.09650120859784439f,0.5243838013354535f,-0.8982869451882468f,0.29535772783208697f,-0.3253373275759093f,0.2710403170555832f,0f,0f,0f,1f],start_interpolation:0}
execute if entity @s[tag=aj.dino.bone.body_0] run data modify entity @s {} merge value {transformation:[-0.07658581771175654f,0.04000557171096865f,0.9962600899150282f,-0.4020585785087962f,0.2580582985423109f,0.9659434752364003f,-0.018950387902977123f,0.5246543736117057f,-0.9630890545940543f,0.2556418527555773f,-0.08430134068226042f,0.2337447195218742f,0f,0f,0f,1f],start_interpolation:0}
execute if entity @s[tag=aj.dino.bone.leg_left_3] run data modify entity @s {} merge value {transformation:[0.34712907282638206f,-0.026427123036388826f,0.9374449391653439f,-0.613517111171918f,0.10302598301113657f,0.9946272777307862f,-0.010110648764269217f,0.0406985280657369f,-0.9321411125056577f,0.10009088650753854f,0.34798672505549655f,0.5642485692917106f,0f,0f,0f,1f],start_interpolation:0}
execute if entity @s[tag=aj.dino.bone.leg_left_2] run data modify entity @s {} merge value {transformation:[0.5621979742169091f,0.24738482991863264f,0.8214599096810669f,-0.5295930941381637f,-0.3095873450911185f,0.9744548860300456f,-0.08158155644689284f,0.26484102456169956f,-0.8000945650649868f,-0.20322554101045984f,0.6087776818635598f,0.5344496985833918f,0f,0f,0f,1f],start_interpolation:0}
execute if entity @s[tag=aj.dino.bone.leg_left_1] run data modify entity @s {} merge value {transformation:[0.6992035556935452f,-0.6981975333512473f,0.1537354615166481f,-0.741350173461502f,0.059036794455220316f,0.27069144726092126f,0.9608542018850933f,0.2862435733504644f,-0.7124809082396211f,-0.6627566256191041f,0.23048776668626722f,0.3563647303194769f,0f,0f,0f,1f],start_interpolation:0}
execute if entity @s[tag=aj.dino.bone.leg_left_0] run data modify entity @s {} merge value {transformation:[0.6774080811505669f,0.6676692899991732f,0.3087653004855087f,-0.42557088818271716f,0.06444006017684842f,0.3642671762307609f,-0.929062378403771f,0.5123909979359212f,-0.7327794826796878f,0.6492512175674894f,0.20373287965083484f,0.509492336931211f,0f,0f,0f,1f],start_interpolation:0}
execute if entity @s[tag=aj.dino.bone.leg_right_3] run data modify entity @s {} merge value {transformation:[0.9773510233998037f,-0.07260254587737386f,-0.19878090298486872f,-0.019890586960577293f,0.06616062201494728f,0.9970516553511886f,-0.03886860759083105f,0.006443577853115917f,0.20101678823907052f,0.02483680522085241f,0.979272885335069f,0.051567500623828866f,0f,0f,0f,1f],start_interpolation:0}
execute if entity @s[tag=aj.dino.bone.leg_right_2] run data modify entity @s {} merge value {transformation:[0.9935400809867809f,-0.2538419000432401f,0.022463231199290258f,-0.07990790734627375f,0.23574090029542277f,0.8811856380567513f,-0.4690418944093524f,0.19698545190894734f,0.09678086020168783f,0.459497944027662f,0.911897639010908f,0.18670738204684917f,0f,0f,0f,1f],start_interpolation:0}
execute if entity @s[tag=aj.dino.bone.leg_right_1] run data modify entity @s {} merge value {transformation:[0.9251794449751124f,-0.2746907584182834f,0.26189307328589495f,-0.1499971019465473f,-0.05300536698705186f,0.5897644601156279f,0.8058339237430316f,0.313411981132967f,-0.3758103586466329f,-0.759422720771581f,0.5310778714179109f,-0.05525491615867534f,0f,0f,0f,1f],start_interpolation:0}
execute if entity @s[tag=aj.dino.bone.leg_right_0] run data modify entity @s {} merge value {transformation:[0.8963015745718752f,0.36034743198743435f,0.25844383467213583f,-0.13376995804484848f,0.027678644914055958f,0.5362115994938622f,-0.8436296658984648f,0.5894044577242528f,-0.4425803656238023f,0.7632999730304563f,0.47063337231438046f,0.2575902711628738f,0f,0f,0f,1f],start_interpolation:0}
execute if entity @s[tag=aj.dino.bone.tail_4] run data modify entity @s {} merge value {transformation:[1.125541014081637f,-1.4900871550957397f,-2.034320286345974f,-0.3717553793726095f,2.3659005597188476f,1.3948606738222267f,0.2872970131175188f,0.1029004344397102f,0.8725441528897698f,-1.860017554337294f,1.8451728185768899f,1.8827008949411177f,0f,0f,0f,1f],start_interpolation:0}
execute if entity @s[tag=aj.dino.bone.tail_3] run data modify entity @s {} merge value {transformation:[1.0739909588329808f,-1.4934536025559524f,-0.9757485759160025f,-0.19168986287701273f,1.7003812564866811f,1.2014930904339016f,0.03261076927659503f,0.08561329993417363f,0.5396225801226587f,-0.8136069178028682f,1.8392380977919975f,1.5787958634188886f,0f,0f,0f,1f],start_interpolation:0}
execute if entity @s[tag=aj.dino.bone.tail_2] run data modify entity @s {} merge value {transformation:[1.3065302285057734f,-1.2845754082596885f,-0.6794252405510731f,-0.06472575580129174f,1.2679681692021176f,1.4540849132801483f,-0.3109142355442585f,0.14469517366967236f,0.7099361653653511f,-0.23297416266250429f,1.8056820195263679f,1.2435930417131218f,0f,0f,0f,1f],start_interpolation:0}
execute if entity @s[tag=aj.dino.bone.tail_1] run data modify entity @s {} merge value {transformation:[1.2924459756546343f,-0.7639137288677376f,-0.18350875963160357f,-0.017133428540495547f,0.7189462415777113f,1.2924563586153976f,-0.3167477115874883f,0.19636994240193575f,0.3167900751845364f,0.18343561792088256f,1.4675325115112647f,0.9252514552667442f,0f,0f,0f,1f],start_interpolation:0}
execute if entity @s[tag=aj.dino.bone.tail_0] run data modify entity @s {} merge value {transformation:[1.2417448334631784f,-0.29863512792111624f,0.05217801762302833f,-0.03958765562843186f,0.2833892487715593f,1.0652991201413442f,-0.6470425294297101f,0.41115837360169644f,0.10768481244921138f,0.640148858923957f,1.101112680959656f,0.6189286699415087f,0f,0f,0f,1f],start_interpolation:0}
execute if entity @s[tag=aj.dino.bone.body_1] run data modify entity @s {} merge value {transformation:[0.9177468923697243f,0.1326108745445524f,0.8177772267277271f,-0.2386416890812671f,0.24221603186113208f,1.1241497594026695f,-0.4541181645790197f,0.44101502186588926f,-0.7922604562335612f,0.4972989739017159f,0.8084687347703311f,0.39747439897881753f,0f,0f,0f,1f],start_interpolation:0}