execute if entity @s[tag=aj.dino.bone.head_lower] run data modify entity @s {} merge value {transformation:[-0.46061204727852956f,0.12188269655637785f,0.8791934657298287f,-1.011601054976776f,0.7066199264603636f,0.6497852007514175f,0.2801204605408004f,0.8979226339067509f,-0.537145065537264f,0.7502824809127464f,-0.3854236336868594f,0.34220774436130225f,0f,0f,0f,1f],start_interpolation:0}
execute if entity @s[tag=aj.dino.bone.head_upper] run data modify entity @s {} merge value {transformation:[-0.4794508880905351f,0.5404931864562317f,0.749310285453959f,-0.9479577816094592f,0.7355203870276232f,0.7341710422408408f,-0.058945598523044054f,0.910573022890045f,-0.5591140749072943f,0.502326525989713f,-0.7200912824851956f,0.30367259280507775f,0f,0f,0f,1f],start_interpolation:0}
execute if entity @s[tag=aj.dino.bone.neck_0] run data modify entity @s {} merge value {transformation:[-0.37328743567852346f,0.716669820299742f,0.5891017391215949f,-0.9213776350288202f,0.5570072358940272f,0.680946320751065f,-0.47545246599137897f,0.8685963564424293f,-0.7418890951660143f,0.15065349955153162f,-0.6533789815617188f,0.25921821691254904f,0f,0f,0f,1f],start_interpolation:0}
execute if entity @s[tag=aj.dino.bone.neck_1] run data modify entity @s {} merge value {transformation:[-0.23829387502954752f,0.6536086906873676f,0.7183395496430273f,-0.8575137534305564f,0.3741018368675937f,0.7443453334650466f,-0.5531707152417787f,0.8251646424039198f,-0.8962498785359441f,0.13691495172826662f,-0.42188914565031377f,0.22410941904917397f,0f,0f,0f,1f],start_interpolation:0}
execute if entity @s[tag=aj.dino.bone.neck_2] run data modify entity @s {} merge value {transformation:[0.10230215402743452f,0.5724902411463169f,0.8135042673972761f,-0.7806396410573262f,0.20101414110189383f,0.7890266686403131f,-0.5805430485773106f,0.7820297815033397f,-0.9742317919049935f,0.2229166659687012f,-0.03435950632624815f,0.223281762081447f,0f,0f,0f,1f],start_interpolation:0}
execute if entity @s[tag=aj.dino.bone.body_0] run data modify entity @s {} merge value {transformation:[0.23421559642945267f,0.5356074345315938f,0.811337001783895f,-0.3931572243071266f,0.14914521955332177f,0.8048752311035323f,-0.5743966972749992f,0.5189862147355473f,-0.9606761982445422f,0.2555397003021645f,0.10863104388660133f,0.2769135007687911f,0f,0f,0f,1f],start_interpolation:0}
execute if entity @s[tag=aj.dino.bone.leg_left_3] run data modify entity @s {} merge value {transformation:[0.32295119966923036f,0.024743716156260892f,0.9460921049998161f,-0.580411354144476f,0.04477119845323477f,0.9981395676391683f,-0.041387719219055624f,0.038604625463953796f,-0.9453560506080584f,0.0557238909613529f,0.3212425649798941f,0.6517771378985387f,0f,0f,0f,1f],start_interpolation:0}
execute if entity @s[tag=aj.dino.bone.leg_left_2] run data modify entity @s {} merge value {transformation:[0.462360708447491f,0.4164987192674101f,0.815361019201455f,-0.4574105034454745f,-0.40182182875911104f,0.913068849542064f,-0.23855123858263655f,0.24344396914192373f,-0.8226931339918379f,-0.2118874520712197f,0.5747537859276343f,0.6188726385874095f,0f,0f,0f,1f],start_interpolation:0}
execute if entity @s[tag=aj.dino.bone.leg_left_1] run data modify entity @s {} merge value {transformation:[0.6690784822242705f,-0.6612374673458767f,0.3392624299896426f,-0.6683663828525807f,-0.06596055978963777f,0.4018578847041385f,0.9133232971151855f,0.3054906014140764f,-0.7402588663276544f,-0.6334629052116044f,0.2252588700676847f,0.44957639519428383f,0f,0f,0f,1f],start_interpolation:0}
execute if entity @s[tag=aj.dino.bone.leg_left_0] run data modify entity @s {} merge value {transformation:[0.6464362865886577f,0.6911738925242574f,0.3231079969210492f,-0.34812727662462906f,-0.0641241268045971f,0.47120770856139926f,-0.8796882355436291f,0.5546581095487497f,-0.7602685208155172f,0.5479433781744074f,0.34892668366263374f,0.5479112633577857f,0f,0f,0f,1f],start_interpolation:0}
execute if entity @s[tag=aj.dino.bone.leg_right_3] run data modify entity @s {} merge value {transformation:[0.9945891091396722f,0.028019685625935153f,0.1000369991461961f,-0.15275135705416978f,-0.029499617891503273f,0.9994757029904084f,0.013345099328382848f,0.05625973795844047f,-0.09961062455886696f,-0.016223943702222215f,0.9948942190633834f,0.04056095778504093f,0f,0f,0f,1f],start_interpolation:0}
execute if entity @s[tag=aj.dino.bone.leg_right_2] run data modify entity @s {} merge value {transformation:[0.9916793607553773f,-0.04185183716939208f,0.25861683757645454f,-0.15605301069824612f,0.11111391111416573f,0.9841385678676339f,-0.26680925301242936f,0.2772430285230669f,-0.2372508033904477f,0.285975352891965f,0.9560294730444232f,0.1371350559711491f,0f,0f,0f,1f],start_interpolation:0}
execute if entity @s[tag=aj.dino.bone.leg_right_1] run data modify entity @s {} merge value {transformation:[0.7695379930626717f,-0.4451755700458859f,0.45785367648124803f,-0.2859503132993392f,-0.2618135161377978f,0.4340036711859061f,0.8620292896211353f,0.34421528265055223f,-0.5824645568621649f,-0.7832365704124624f,0.217429332813872f,-0.09877762620979935f,0f,0f,0f,1f],start_interpolation:0}
execute if entity @s[tag=aj.dino.bone.leg_right_0] run data modify entity @s {} merge value {transformation:[0.7559960963540924f,0.6520066149023114f,0.057942009121211335f,-0.12257208635486339f,-0.16662975124545193f,0.2772941818812401f,-0.9462253762686207f,0.5494936285245651f,-0.6330121865313909f,0.7056878281637302f,0.31827701909548045f,0.225992499017509f,0f,0f,0f,1f],start_interpolation:0}
execute if entity @s[tag=aj.dino.bone.tail_4] run data modify entity @s {} merge value {transformation:[2.7108403888208894f,0.49313897949699187f,-0.18390123664095667f,0.13432449288496473f,-0.4704158040773062f,2.702944696527899f,0.3137837956077488f,0.04210415324416059f,0.23603959246640988f,-0.276704257307996f,2.737404134645799f,1.9078581528024208f,0f,0f,0f,1f],start_interpolation:0}
execute if entity @s[tag=aj.dino.bone.tail_3] run data modify entity @s {} merge value {transformation:[2.0538750655071323f,0.34212463861983f,-0.022214251771499792f,0.13474325089851935f,-0.34283178576149054f,2.0482921368655593f,-0.15136450961421608f,0.04772583393189356f,-0.003017947001567569f,0.15295613668112612f,2.0766657984114643f,1.5542355788867601f,0f,0f,0f,1f],start_interpolation:0}
execute if entity @s[tag=aj.dino.bone.tail_2] run data modify entity @s {} merge value {transformation:[1.9274986618777517f,0.30895053979774795f,-0.08984624322103488f,0.1529442661952787f,-0.32173710047026144f,1.8459485838938225f,-0.5547368194055241f,0.15105153894777923f,-0.002832250561308186f,0.5619584189082393f,1.871621913949953f,1.206436778293259f,0f,0f,0f,1f],start_interpolation:0}
execute if entity @s[tag=aj.dino.bone.tail_1] run data modify entity @s {} merge value {transformation:[1.4868016614582595f,0.24192925151106637f,0.13618849712165237f,0.11926023737086872f,-0.1990350397455094f,1.4461078958990559f,-0.3959965358079655f,0.21877855268048774f,-0.1935513431585085f,0.37134679301389f,1.4533738978252762f,0.8893325134026178f,0f,0f,0f,1f],start_interpolation:0}
execute if entity @s[tag=aj.dino.bone.tail_0] run data modify entity @s {} merge value {transformation:[1.2145693323931934f,0.2751962314436447f,0.28796542777423095f,0.04175102171979253f,-0.11289910885558845f,1.1240403244089696f,-0.5980157664361538f,0.4206577541427925f,-0.3819827805197429f,0.5428039239779151f,1.0923775776189344f,0.5832132216112013f,0f,0f,0f,1f],start_interpolation:0}
execute if entity @s[tag=aj.dino.bone.body_1] run data modify entity @s {} merge value {transformation:[0.7093965561731957f,0.357003353110865f,0.9475809870472596f,-0.20259499357768115f,-0.016242876293809144f,1.160842068593443f,-0.4251899055829644f,0.44131750000000003f,-1.0124708835890361f,0.23151434665597967f,0.6707521242852242f,0.41167861426797864f,0f,0f,0f,1f],start_interpolation:0}