execute if entity @s[tag=aj.dino.bone.head_lower] run data modify entity @s {} merge value {transformation:[-0.9324131047890887f,-0.24833281449419342f,0.2625578322255196f,-1.0398011076548188f,-0.07498366239240135f,0.8436406816425004f,0.5316463586370165f,0.4860540372682165f,-0.35352970510523435f,0.47602648405647485f,-0.8052425312196547f,0.47953408799870745f,0f,0f,0f,1f],start_interpolation:0}
execute if entity @s[tag=aj.dino.bone.head_upper] run data modify entity @s {} merge value {transformation:[-0.9705484122695022f,-0.3390709840416916f,0.16290669048769646f,-1.036485784897801f,-0.07805046294105791f,0.6224743078885492f,0.8306056849292959f,0.5572670718840185f,-0.3679889227399947f,0.7622522852593998f,-0.6058279862642431f,0.4547718419854264f,0f,0f,0f,1f],start_interpolation:0}
execute if entity @s[tag=aj.dino.bone.neck_0] run data modify entity @s {} merge value {transformation:[-0.8533276276369641f,0.32495341502255f,0.4077220106600241f,-1.015120586933543f,0.3490779427544849f,0.936954350096052f,-0.0161596942539443f,0.5409008340524138f,-0.387268059351358f,0.1285372471358664f,-0.9129631023787139f,0.39377667144312617f,0f,0f,0f,1f],start_interpolation:0}
execute if entity @s[tag=aj.dino.bone.neck_1] run data modify entity @s {} merge value {transformation:[-0.6845478691572942f,0.24672600542919024f,0.6859449635919509f,-0.955875409623396f,0.25624394826540253f,0.9623726723676488f,-0.09043162310446237f,0.5376736192654263f,-0.6824465208421575f,0.11386447086297405f,-0.722012207975412f,0.333137320401586f,0f,0f,0f,1f],start_interpolation:0}
execute if entity @s[tag=aj.dino.bone.neck_2] run data modify entity @s {} merge value {transformation:[-0.30222565541085905f,0.20828135683133603f,0.9302034882798353f,-0.8723434028646935f,0.32016390830687214f,0.9413285604572684f,-0.10675023693236141f,0.5375376928206015f,-0.8978611947451262f,0.2655549240062105f,-0.3511778143717374f,0.3049714587068623f,0f,0f,0f,1f],start_interpolation:0}
execute if entity @s[tag=aj.dino.bone.body_0] run data modify entity @s {} merge value {transformation:[-0.1028012251793004f,0.05302678157102306f,0.9932875054775698f,-0.40370557998331935f,0.22632432818976989f,0.9736333876628639f,-0.02855389461324892f,0.5333554244257054f,-0.968612000013981f,0.22186975202662082f,-0.11209195584234272f,0.2542565269884442f,0f,0f,0f,1f],start_interpolation:0}
execute if entity @s[tag=aj.dino.bone.leg_left_3] run data modify entity @s {} merge value {transformation:[0.3517002931505663f,-0.050915595907109916f,0.9347269686337445f,-0.6060822425604854f,0.08551932081210958f,0.9960918069588751f,0.022080712788262402f,0.05378112627317999f,-0.9321981278492469f,0.07217142234171443f,0.35468004769303346f,0.5966202884797519f,0f,0f,0f,1f],start_interpolation:0}
execute if entity @s[tag=aj.dino.bone.leg_left_2] run data modify entity @s {} merge value {transformation:[0.5755347872594594f,0.22561443756244526f,0.8184864285486254f,-0.5273040758192437f,-0.31798819757274793f,0.9741294169492403f,-0.04491753264886402f,0.2789678060572308f,-0.7872137031069375f,-0.22854365906366425f,0.6165424405855187f,0.5611797501268989f,0f,0f,0f,1f],start_interpolation:0}
execute if entity @s[tag=aj.dino.bone.leg_left_1] run data modify entity @s {} merge value {transformation:[0.703031606053613f,-0.6993612609362622f,0.12899762630110073f,-0.7381415395634451f,0.0561087117259906f,0.235372717973114f,0.9702842346974405f,0.29033354082864915f,-0.7089417277591488f,-0.674902593220377f,0.20471471932004037f,0.38109152281932646f,0f,0f,0f,1f],start_interpolation:0}
execute if entity @s[tag=aj.dino.bone.leg_left_0] run data modify entity @s {} merge value {transformation:[0.6812695060229444f,0.6537968860920628f,0.3292741895435706f,-0.42902957307117545f,0.060422295027815376f,0.39805069773527346f,-0.9153713936408725f,0.5281637740390648f,-0.7295347876741897f,0.6435101193988979f,0.23167589387847662f,0.5300675306421108f,0f,0f,0f,1f],start_interpolation:0}
execute if entity @s[tag=aj.dino.bone.leg_right_3] run data modify entity @s {} merge value {transformation:[0.9733809002804316f,-0.09600985055265554f,-0.2081147077121484f,-0.004312769398721772f,0.09668176682441622f,0.9952909737849813f,-0.006965160863379172f,0.013207365274169908f,0.20780341415136916f,-0.013341143091963326f,0.9780796260877916f,0.09550910885427052f,0f,0f,0f,1f],start_interpolation:0}
execute if entity @s[tag=aj.dino.bone.leg_right_2] run data modify entity @s {} merge value {transformation:[0.986237654897161f,-0.28060164221633266f,0.025694473124381934f,-0.07045655815767302f,0.2637554719723583f,0.8864084794277355f,-0.44359357310937536f,0.20570968198675987f,0.09914907245295333f,0.4331338424607358f,0.9244602400577387f,0.22488812312981896f,0f,0f,0f,1f],start_interpolation:0}
execute if entity @s[tag=aj.dino.bone.leg_right_1] run data modify entity @s {} merge value {transformation:[0.9297798814770889f,-0.2823632140007172f,0.23617871915063682f,-0.14117470569274113f,-0.03927036230524855f,0.5618442294996268f,0.8263104140832216f,0.3137387020014299f,-0.3660153147682004f,-0.7775616227394171f,0.5113029553972668f,-0.020758086089138816f,0f,0f,0f,1f],start_interpolation:0}
execute if entity @s[tag=aj.dino.bone.leg_right_0] run data modify entity @s {} merge value {transformation:[0.8987490217700446f,0.33488868970659835f,0.28301901238960153f,-0.13722864293330672f,0.03698164789682844f,0.5852818126679341f,-0.8099861464734889f,0.6051772338273963f,-0.43690107986387816f,0.7384407662546366f,0.5136367209877447f,0.2781654648737735f,0f,0f,0f,1f],start_interpolation:0}
execute if entity @s[tag=aj.dino.bone.tail_4] run data modify entity @s {} merge value {transformation:[1.486495797722811f,-1.9869146790845909f,-1.2116771983455816f,-0.13565826212840074f,2.1821979279393555f,1.6896508886219213f,-0.09355965731197088f,0.03186262758685f,0.8087050007571398f,-0.9071445663273999f,2.479666568136343f,1.9437326643420112f,0f,0f,0f,1f],start_interpolation:0}
execute if entity @s[tag=aj.dino.bone.tail_3] run data modify entity @s {} merge value {transformation:[1.1723814226977127f,-1.634139100027846f,-0.5394967354098732f,-0.028188218436638816f,1.6645741117528692f,1.2424830537830167f,-0.14619990967377278f,0.04449405746755569f,0.4366467133047917f,-0.34895671488976f,2.0058699820621264f,1.6070260559678582f,0f,0f,0f,1f],start_interpolation:0}
execute if entity @s[tag=aj.dino.bone.tail_2] run data modify entity @s {} merge value {transformation:[1.2663066588107132f,-1.4598766285329385f,-0.2898302094636163f,0.02627956673872047f,1.3577924556452976f,1.2889619923212934f,-0.560134363118896f,0.14993253723217714f,0.6096236283537053f,0.16158925340875346f,1.8496004487289794f,1.2636786060979677f,0f,0f,0f,1f],start_interpolation:0}
execute if entity @s[tag=aj.dino.bone.tail_1] run data modify entity @s {} merge value {transformation:[1.2265594022995479f,-0.8818971632953259f,0.07393021034890314f,0.019979071695671688f,0.86461011163837f,1.1671646143648131f,-0.4217017522222587f,0.22558464350563132f,0.18883229989401085f,0.38424003740669027f,1.4506406192336008f,0.9466395870838553f,0f,0f,0f,1f],start_interpolation:0}
execute if entity @s[tag=aj.dino.bone.tail_0] run data modify entity @s {} merge value {transformation:[1.2179580354905357f,-0.34224717884151384f,0.1824302851587079f,-0.04159033178730667f,0.38698673504162434f,1.0327749424594777f,-0.6461059523899112f,0.43931451878208605f,0.02559701681615271f,0.6708789036680729f,1.0877049259460334f,0.6449764301192658f,0f,0f,0f,1f],start_interpolation:0}
execute if entity @s[tag=aj.dino.bone.body_1] run data modify entity @s {} merge value {transformation:[0.9177468923697244f,0.10194047323564595f,0.8221638380021684f,-0.23959832173432832f,0.24221603186113203f,1.1403436673749787f,-0.41176729987151844f,0.45823440962099127f,-0.7922604562335612f,0.4667216035823995f,0.8264979790019532f,0.42139021530534815f,0f,0f,0f,1f],start_interpolation:0}