execute if entity @s[tag=aj.dino.bone.head_lower] run data modify entity @s {} merge value {transformation:[-0.945527572578658f,-0.20143389370918646f,0.25573813942911705f,-1.0414619502600648f,-0.0505787554647874f,0.8669362739758089f,0.4958460309013013f,0.47892134551494125f,-0.32158886639487966f,0.45590117715366474f,-0.8299004263649699f,0.4831917513006056f,0f,0f,0f,1f],start_interpolation:0}
execute if entity @s[tag=aj.dino.bone.head_upper] run data modify entity @s {} merge value {transformation:[-0.9841992563273033f,-0.29758297854532106f,0.16207448074383876f,-1.0372766332659302f,-0.05264740548881577f,0.6261024430385088f,0.8298770536049382f,0.5501735048581475f,-0.3347417170350693f,0.7764741105051812f,-0.6070484998540957f,0.45867503450602204f,0f,0f,0f,1f],start_interpolation:0}
execute if entity @s[tag=aj.dino.bone.neck_0] run data modify entity @s {} merge value {transformation:[-0.8573713654350996f,0.34628757178039443f,0.3807876827871285f,-1.017998046176746f,0.3697471796911953f,0.9290501421646509f,-0.012363513022141906f,0.5341743565907624f,-0.3580521817310428f,0.13019504973031798f,-0.9245798419732933f,0.39689235417520563f,0f,0f,0f,1f],start_interpolation:0}
execute if entity @s[tag=aj.dino.bone.neck_1] run data modify entity @s {} merge value {transformation:[-0.6998615480019306f,0.27990779693540513f,0.657149479831727f,-0.9610393599160691f,0.2628312632245017f,0.9563868762223203f,-0.1274514419750704f,0.5277835014456947f,-0.6641637905668708f,0.08352106443574611f,-0.7429069195366036f,0.3343431585408589f,0f,0f,0f,1f],start_interpolation:0}
execute if entity @s[tag=aj.dino.bone.neck_2] run data modify entity @s {} merge value {transformation:[-0.3163438949730243f,0.2089311852771068f,0.9253509063766023f,-0.8779261134998272f,0.3292278744065602f,0.9389975756148544f,-0.09946134778477536f,0.5282633145583943f,-0.8896828349625694f,0.2731873218290503f,-0.36583212046625485f,0.304968195669894f,0f,0f,0f,1f],start_interpolation:0}
execute if entity @s[tag=aj.dino.bone.body_0] run data modify entity @s {} merge value {transformation:[-0.11227822581163727f,0.04633930130435976f,0.9925957229220841f,-0.4096780317515593f,0.23875603464686737f,0.9709067644235652f,-0.018319681118069864f,0.528878418110842f,-0.9645668229460802f,0.2349313175189457f,-0.12007547676573033f,0.25061508821675804f,0f,0f,0f,1f],start_interpolation:0}
execute if entity @s[tag=aj.dino.bone.leg_left_3] run data modify entity @s {} merge value {transformation:[0.3501299270818645f,-0.042771813245886f,0.9357241079256784f,-0.6150605826562238f,0.09134272675201684f,0.9957549777958953f,0.011337127687478146f,0.047782873194623904f,-0.9322368478188117f,0.08150212381499543f,0.3525505118170879f,0.5890317701821963f,0f,0f,0f,1f],start_interpolation:0}
execute if entity @s[tag=aj.dino.bone.leg_left_2] run data modify entity @s {} merge value {transformation:[0.5710774139065748f,0.2328495680533093f,0.8195815185104283f,-0.5345689893898503f,-0.3152632347015971f,0.9743739759711122f,-0.057154591210384256f,0.2726526068588575f,-0.7915439846729669f,-0.22008778500481954f,0.6140697734951691f,0.5554791494018022f,0f,0f,0f,1f],start_interpolation:0}
execute if entity @s[tag=aj.dino.bone.leg_left_1] run data modify entity @s {} merge value {transformation:[0.701750706400557f,-0.699077301504633f,0.13724748663388747f,-0.7457413419681322f,0.05706360283629301f,0.24718588851296702f,0.9672863494081763f,0.28736759024477865f,-0.7101335728563046f,-0.6709620429212484f,0.21335474136115182f,0.37602694843934126f,0f,0f,0f,1f],start_interpolation:0}
execute if entity @s[tag=aj.dino.bone.leg_left_0] run data modify entity @s {} merge value {transformation:[0.6799743403228415f,0.6585061900831544f,0.32249727770119985f,-0.4343792628981704f,0.0617412237313861f,0.38684446648295306f,-0.9200757469054763f,0.5213342158803024f,-0.7306318620171633f,0.6455392756244098f,0.22238733289386095f,0.526428252856592f,0f,0f,0f,1f],start_interpolation:0}
execute if entity @s[tag=aj.dino.bone.leg_right_3] run data modify entity @s {} merge value {transformation:[0.9739981840975148f,-0.0893431759762098f,-0.20819542329558338f,-0.015857559853642803f,0.08865266111467893f,0.9959820874019698f,-0.012664408857123277f,0.009035119827020127f,0.20849039079062873f,-0.006121967077543922f,0.9780052548258995f,0.08519213701790185f,0f,0f,0f,1f],start_interpolation:0}
execute if entity @s[tag=aj.dino.bone.leg_right_2] run data modify entity @s {} merge value {transformation:[0.9884990551255877f,-0.27276374804428893f,0.02305981936932738f,-0.0802592777503996f,0.2553750772761626f,0.8878017072831631f,-0.4457060667659671f,0.20180991157606099f,0.09856666486550246f,0.43528182341860605f,0.9235131543618421f,0.21504347688036182f,0f,0f,0f,1f],start_interpolation:0}
execute if entity @s[tag=aj.dino.bone.leg_right_1] run data modify entity @s {} merge value {transformation:[0.9282523093605128f,-0.2802092307711414f,0.24460261069236325f,-0.15086944952518197f,-0.04401570949460202f,0.5702463500512162f,0.8202936776368281f,0.3123461237615677f,-0.369337606377365f,-0.7722058580740703f,0.5169988832401164f,-0.02951599461355109f,0f,0f,0f,1f],start_interpolation:0}
execute if entity @s[tag=aj.dino.bone.leg_right_0] run data modify entity @s {} merge value {transformation:[0.8979626241006544f,0.34395812909929374f,0.27451034797395196f,-0.14257833276030174f,0.03385669088742814f,0.5679406821960172f,-0.8223728509556207f,0.5983476756686339f,-0.43876742153494f,0.7477540952300001f,0.49834422126311867f,0.27452618708825477f,0f,0f,0f,1f],start_interpolation:0}
execute if entity @s[tag=aj.dino.bone.tail_4] run data modify entity @s {} merge value {transformation:[1.3424977912460945f,-1.8463976458646663f,-1.5537621264031292f,-0.24201774310284332f,2.2661489211523493f,1.5757272570511163f,0.0855219863322271f,0.06786632663669694f,0.8294155045930846f,-1.3166475140794456f,2.2812651261984027f,1.9288365209322018f,0f,0f,0f,1f],start_interpolation:0}
execute if entity @s[tag=aj.dino.bone.tail_3] run data modify entity @s {} merge value {transformation:[1.1168228888483707f,-1.5936702471086406f,-0.7408557919524599f,-0.10080066396615764f,1.6956145425975733f,1.2079116602516804f,-0.04226428757350122f,0.0632124240858848f,0.4621076540379369f,-0.5806118243311595f,1.945582676621798f,1.6046193388059051f,0f,0f,0f,1f],start_interpolation:0}
execute if entity @s[tag=aj.dino.bone.tail_2] run data modify entity @s {} merge value {transformation:[1.2556469508039056f,-1.4250992217745355f,-0.4595833091369204f,-0.01477575520851757f,1.3513478019009686f,1.3368474634032759f,-0.4532900317593855f,0.14879540503236927f,0.6449680055917895f,-0.026550756912313032f,1.8444742351339876f,1.2622062076110079f,0f,0f,0f,1f],start_interpolation:0}
execute if entity @s[tag=aj.dino.bone.tail_1] run data modify entity @s {} merge value {transformation:[1.2439089320599699f,-0.8600274478512421f,-0.026450097994216906f,0.0002405622264357865f,0.8280648370293241f,1.2091806615575775f,-0.37396123247039753f,0.2136955956539308f,0.23378503890759098f,0.2930719479200603f,1.4653018934422073f,0.943083735091748f,0f,0f,0f,1f],start_interpolation:0}
execute if entity @s[tag=aj.dino.bone.tail_0] run data modify entity @s {} merge value {transformation:[1.2261401222638095f,-0.33481309295641865f,0.13533776244594276f,-0.047387913852742075f,0.35619890790190534f,1.042349655918624f,-0.6484329181957404f,0.42833651931419026f,0.05948491546945127f,0.6597295689714918f,1.0931853261182707f,0.6395500245134548f,0f,0f,0f,1f],start_interpolation:0}
execute if entity @s[tag=aj.dino.bone.body_1] run data modify entity @s {} merge value {transformation:[0.9177468923697243f,0.11218190474789143f,0.8208291276807242f,-0.24577543543695224f,0.242216031861132f,1.135121833397448f,-0.4259511853606155f,0.4509056924198251f,-0.7922604562335612f,0.47698871962322276f,0.8206154555557909f,0.41663985087386135f,0f,0f,0f,1f],start_interpolation:0}