execute if entity @s[tag=aj.dino.bone.head_lower] run data modify entity @s {} merge value {transformation:[-0.51079306934204f,0.07076299186930068f,0.8567864607321025f,-0.9891383531599534f,0.6826691157248331f,0.6391433748290144f,0.3542013902395812f,0.9257813732508976f,-0.5225450399225045f,0.7658252707986875f,-0.3747777152640012f,0.3685503432738988f,0f,0f,0f,1f],start_interpolation:0}
execute if entity @s[tag=aj.dino.bone.head_upper] run data modify entity @s {} merge value {transformation:[-0.5316842930476839f,0.4772674812189056f,0.7569673087266403f,-0.9264031560220698f,0.710589998112514f,0.7603588394361306f,0.019703615335891784f,0.9444339327923916f,-0.543916914328235f,0.5268226734355775f,-0.7142017947648613f,0.330975969634159f,0f,0f,0f,1f],start_interpolation:0}
execute if entity @s[tag=aj.dino.bone.neck_0] run data modify entity @s {} merge value {transformation:[-0.408313082942511f,0.6545331078442559f,0.6362914717593828f,-0.8957517198365622f,0.5594463498031905f,0.7302262618506854f,-0.39215990130998885f,0.907042425768015f,-0.7213183818466489f,0.19584692297637435f,-0.6643370942306456f,0.28507280071840074f,0f,0f,0f,1f],start_interpolation:0}
execute if entity @s[tag=aj.dino.bone.neck_1] run data modify entity @s {} merge value {transformation:[-0.261345404378498f,0.6072934784578989f,0.750262094626101f,-0.8293969480881688f,0.3895355584706618f,0.7775275505536698f,-0.49367292493812115f,0.8688038218030733f,-0.8831537965140549f,0.16323461383087767f,-0.4397656564015603f,0.24857087915854048f,0f,0f,0f,1f],start_interpolation:0}
execute if entity @s[tag=aj.dino.bone.neck_2] run data modify entity @s {} merge value {transformation:[0.08454817744032471f,0.5545909495305581f,0.8278166973372264f,-0.75144420476095f,0.22862121258008167f,0.7978305600425655f,-0.5578518966720283f,0.8277430715922953f,-0.9698370723219092f,0.23642181828452352f,-0.05933613560982254f,0.24568730602274488f,0f,0f,0f,1f],start_interpolation:0}
execute if entity @s[tag=aj.dino.bone.body_0] run data modify entity @s {} merge value {transformation:[0.21590594807113833f,0.6233512758071449f,0.7515436171887214f,-0.39130631617731226f,0.15372417731300858f,0.7383980586510417f,-0.6566103747960517f,0.5253192287460462f,-0.9642372627610598f,0.2572965097508659f,0.06360037085647352f,0.2781129931820243f,0f,0f,0f,1f],start_interpolation:0}
execute if entity @s[tag=aj.dino.bone.leg_left_3] run data modify entity @s {} merge value {transformation:[0.32166992648528653f,0.016592485373408128f,0.946706473952768f,-0.5785855473890882f,0.0423846679095146f,0.9985918705188608f,-0.031903229614601764f,0.040252037734682666f,-0.9459027425275548f,0.050388149031047894f,0.3205137065962612f,0.6548586136716196f,0f,0f,0f,1f],start_interpolation:0}
execute if entity @s[tag=aj.dino.bone.leg_left_2] run data modify entity @s {} merge value {transformation:[0.46053587219738523f,0.4176500714562119f,0.8158047117617723f,-0.45530543709042537f,-0.40418086672258163f,0.9119825967243822f,-0.2387211129077795f,0.2448292678202113f,-0.8225610839904047f,-0.214285698508247f,0.5740532222887144f,0.6213736409032597f,0f,0f,0f,1f],start_interpolation:0}
execute if entity @s[tag=aj.dino.bone.leg_left_1] run data modify entity @s {} merge value {transformation:[0.6679075714417999f,-0.661505336094633f,0.34104276319699683f,-0.6664051908426866f,-0.06848865230661405f,0.4016651783868098f,0.9132219823113739f,0.30687926970781526f,-0.741086216654945f,-0.6333054356231421f,0.22296960486631634f,0.4522580683167927f,0f,0f,0f,1f],start_interpolation:0}
execute if entity @s[tag=aj.dino.bone.leg_left_0] run data modify entity @s {} merge value {transformation:[0.6452400976254529f,0.6927032104052614f,0.32222271600639846f,-0.3456326449316781f,-0.0666360630559044f,0.4711898392982478f,-0.8795110973958777f,0.555733264679103f,-0.7610682305264787f,0.5460241731245381f,0.3501895927165152f,0.5496435987669237f,0f,0f,0f,1f],start_interpolation:0}
execute if entity @s[tag=aj.dino.bone.leg_right_3] run data modify entity @s {} merge value {transformation:[0.9938979259862005f,0.01660511566724754f,0.10904670033525213f,-0.14704046355678743f,-0.021420364527254418f,0.9988395649490384f,0.04313573316793187f,0.0539872147277021f,-0.10820388488334634f,-0.04520833580317665f,0.9931002596264178f,0.05361484057212318f,0f,0f,0f,1f],start_interpolation:0}
execute if entity @s[tag=aj.dino.bone.leg_right_2] run data modify entity @s {} merge value {transformation:[0.988384190986324f,-0.04860396869849444f,0.26980834815802046f,-0.15156504939659185f,0.11456556186273588f,0.9903113944480649f,-0.2412887762870437f,0.2771927244300828f,-0.24906549850205967f,0.262646522447527f,0.9597110925704856f,0.1448831298488172f,0f,0f,0f,1f],start_interpolation:0}
execute if entity @s[tag=aj.dino.bone.leg_right_1] run data modify entity @s {} merge value {transformation:[0.7671825191488179f,-0.4566171608280606f,0.4504794676228811f,-0.28422648501409087f,-0.2675026096011695f,0.410554850614807f,0.8717150156405575f,0.3371676703454393f,-0.5829865660279298f,-0.7892689548398402f,0.19282422243325145f,-0.0913737960224042f,0f,0f,0f,1f],start_interpolation:0}
execute if entity @s[tag=aj.dino.bone.leg_right_0] run data modify entity @s {} merge value {transformation:[0.7524353361353032f,0.6550945303570038f,0.06849979000909107f,-0.12008128183533967f,-0.1735289830593157f,0.2974817260963082f,-0.9388249648774584f,0.55057207492484f,-0.6353965352229682f,0.6945183791197305f,0.3375136502299565f,0.22772210013417604f,0f,0f,0f,1f],start_interpolation:0}
execute if entity @s[tag=aj.dino.bone.tail_4] run data modify entity @s {} merge value {transformation:[2.700325667481866f,0.5507775943143979f,-0.17477603594274277f,0.1259835392942074f,-0.53011723030385f,2.6936474695735146f,0.2981616397110405f,0.019594408057582967f,0.2299529153404872f,-0.25800907515327026f,2.739747124364758f,1.90282603526436f,0f,0f,0f,1f],start_interpolation:0}
execute if entity @s[tag=aj.dino.bone.tail_3] run data modify entity @s {} merge value {transformation:[2.0460437399629994f,0.38612189771659583f,-0.023673198060291292f,0.12621913296333204f,-0.38677365792477647f,2.039342451423022f,-0.16563221125092442f,0.027722943390566468f,-0.007528461871801115f,0.16714596008314855f,2.0755604246405763f,1.5492520333302116f,0f,0f,0f,1f],start_interpolation:0}
execute if entity @s[tag=aj.dino.bone.tail_2] run data modify entity @s {} merge value {transformation:[1.9201492034026237f,0.34896553237604266f,-0.10011977271524274f,0.14633406211706038f,-0.36297519777109394f,1.8348505858719246f,-0.5659913500498633f,0.13310770696634627f,-0.007065230221445487f,0.5747349473816055f,1.867726879868402f,1.2021772212214126f,0f,0f,0f,1f],start_interpolation:0}
execute if entity @s[tag=aj.dino.bone.tail_1] run data modify entity @s {} merge value {transformation:[1.482022512242241f,0.27321768261080576f,0.12890935232161344f,0.11383852115745569f,-0.22949489380678834f,1.4379063323988897f,-0.4091622208413003f,0.20379718535812746f,-0.19646276218105002f,0.3813577417018763f,1.4503878467224678f,0.8855959291947538f,0f,0f,0f,1f],start_interpolation:0}
execute if entity @s[tag=aj.dino.bone.tail_0] run data modify entity @s {} merge value {transformation:[1.2119435303997361f,0.30030651275386366f,0.27357740057224117f,0.041139777281721884f,-0.1340102861605463f,1.108165748283163f,-0.6227725380258937f,0.4125278090798692f,-0.3834968564531129f,0.561801022884133f,1.0821947552824995f,0.5829107285978229f,0f,0f,0f,1f],start_interpolation:0}
execute if entity @s[tag=aj.dino.bone.body_1] run data modify entity @s {} merge value {transformation:[0.7093845192803807f,0.3826991753579684f,0.9375070879955649f,-0.20259499357768115f,-0.016232524878064845f,1.1488201388109878f,-0.45667645971150705f,0.44131750000000003f,-1.0124794832477721f,0.24971628881369295f,0.6641774357501843f,0.41167861426797864f,0f,0f,0f,1f],start_interpolation:0}