execute if entity @s[tag=aj.dino.bone.head_lower] run data modify entity @s {} merge value {transformation:[-0.9226539550832257f,-0.2705171853260797f,0.2748274578941051f,-1.0396564180589773f,-0.0833026330699312f,0.8356615473275186f,0.5428908266325685f,0.49080134151646365f,-0.37652403707186777f,0.47800651748844636f,-0.7935612255810324f,0.47367331446455f,0f,0f,0f,1f],start_interpolation:0}
execute if entity @s[tag=aj.dino.bone.head_upper] run data modify entity @s {} merge value {transformation:[-0.9603901174069818f,-0.36224437728075687f,0.17292130030446604f,-1.036167913479372f,-0.08670967605306094f,0.6250497595273413f,0.8278080530999279f,0.5618766577827503f,-0.3919237133030917f,0.749375574613155f,-0.6068805431939853f,0.4485419347721761f,0f,0f,0f,1f],start_interpolation:0}
execute if entity @s[tag=aj.dino.bone.neck_0] run data modify entity @s {} merge value {transformation:[-0.846690592164658f,0.3150314030994539f,0.42880095172591415f,-1.0132808033975815f,0.33925777267425045f,0.9404578408196566f,-0.021052632161706324f,0.5451403383307392f,-0.4099014574504063f,0.12764899021151258f,-0.9031536582874555f,0.388202792769649f,0f,0f,0f,1f],start_interpolation:0}
execute if entity @s[tag=aj.dino.bone.neck_1] run data modify entity @s {} merge value {transformation:[-0.6714166316629868f,0.2302134907384471f,0.704415683675731f,-0.9525469847592533f,0.25300857064518406f,0.9646223783142854f,-0.07409676400067995f,0.5433072646189507f,-0.6965532068021867f,0.12847340556438303f,-0.7059094943094899f,0.3289948544597818f,0f,0f,0f,1f],start_interpolation:0}
execute if entity @s[tag=aj.dino.bone.neck_2] run data modify entity @s {} merge value {transformation:[-0.28938985723050126f,0.20739227981758998f,0.9344741584464346f,-0.8686495398835681f,0.3151488249842422f,0.9424614446892942f,-0.11156900727899408f,0.5427602693956675f,-0.903844416170815f,0.2622114939247156f,-0.33809821621920344f,0.3019421293900646f,0f,0f,0f,1f],start_interpolation:0}
execute if entity @s[tag=aj.dino.bone.body_0] run data modify entity @s {} merge value {transformation:[-0.09317369894466782f,0.05671013756749299f,0.994033511568923f,-0.39962503855880077f,0.22010361065955583f,0.9748489484582047f,-0.03498468614350292f,0.5355587728040575f,-0.9710165098491348f,0.2155307123985089f,-0.10331238847977608f,0.2553045875699892f,0f,0f,0f,1f],start_interpolation:0}
execute if entity @s[tag=aj.dino.bone.leg_left_3] run data modify entity @s {} merge value {transformation:[0.35250285533037806f,-0.05497979239615386f,0.9341942835470607f,-0.6005069875444425f,0.08261256966800075f,0.9962034395606719f,0.027456699370755712f,0.056767770255390426f,-0.9321571221187874f,0.06749762540684023f,0.35570657886474016f,0.5996392861366729f,0f,0f,0f,1f],start_interpolation:0}
execute if entity @s[tag=aj.dino.bone.leg_left_2] run data modify entity @s {} merge value {transformation:[0.5777675845291865f,0.22200548994032526f,0.8178999817852788f,-0.5225847211725235f,-0.31932224631742323f,0.9739561245995855f,-0.03879394105328361f,0.2821012326387738f,-0.7850351079886796f,-0.23277720956315068f,0.6177352583703548f,0.5632521565467251f,0f,0f,0f,1f],start_interpolation:0}
execute if entity @s[tag=aj.dino.bone.leg_left_1] run data modify entity @s {} merge value {transformation:[0.7036737999834073f,-0.6994642375320459f,0.12487178877002253f,-0.7332441311825062f,0.05563925781342782f,0.2294518371341583f,0.9717284226705166f,0.2917912042674644f,-0.7083413415909608f,-0.6768320580834459f,0.20037691719268522f,0.3828578576239299f,0f,0f,0f,1f],start_interpolation:0}
execute if entity @s[tag=aj.dino.bone.leg_left_0] run data modify entity @s {} merge value {transformation:[0.6819200100399296f,0.6514106136306103f,0.3326399139558177f,-0.42526744605425226f,0.059770543256083025f,0.4036324465124149f,-0.9129667739196619f,0.5315414795358382f,-0.7289805087010316f,0.642452380003214f,0.23630987571870746f,0.5311057766332854f,0f,0f,0f,1f],start_interpolation:0}
execute if entity @s[tag=aj.dino.bone.leg_right_3] run data modify entity @s {} merge value {transformation:[0.9732221327536034f,-0.09922293588121599f,-0.2073487142801691f,0.0022642561403941747f,0.10025220782953354f,0.9949464952085391f,-0.005564754940520833f,0.01580401606217119f,0.20685302788170878f,-0.01537142372573741f,0.9782512684319977f,0.09926873349621068f,0f,0f,0f,1f],start_interpolation:0}
execute if entity @s[tag=aj.dino.bone.leg_right_2] run data modify entity @s {} merge value {transformation:[0.9851701076334738f,-0.2841711206922036f,0.027364807521350835f,-0.06465829588447622f,0.2676788194870057f,0.8852885046257248f,-0.4434800025663893f,0.20804269151687815f,0.09924771092668297f,0.433097260719551f,0.9244667945003373f,0.2286392701570515f,0f,0f,0f,1f],start_interpolation:0}
execute if entity @s[tag=aj.dino.bone.leg_right_1] run data modify entity @s {} merge value {transformation:[0.9304764739143226f,-0.28340353280274855f,0.23215505397662545f,-0.13543179234225075f,-0.03699460796155128f,0.5577690091262844f,0.8291713522789206f,0.31485819114346725f,-0.3644789849548802f,-0.7801129213474189f,0.5085065382795544f,-0.017521138719821194f,0f,0f,0f,1f],start_interpolation:0}
execute if entity @s[tag=aj.dino.bone.leg_right_0] run data modify entity @s {} merge value {transformation:[0.899131134608907f,0.3307173839263733f,0.2866866141726799f,-0.13346651591638356f,0.03855289803330175f,0.5926245269402615f,-0.8045556811818964f,0.6085549393241697f,-0.4359780692077678f,0.7344536622808324f,0.5200970497245103f,0.2792037108649482f,0f,0f,0f,1f],start_interpolation:0}
execute if entity @s[tag=aj.dino.bone.tail_4] run data modify entity @s {} merge value {transformation:[1.558762378376184f,-1.9895721108948867f,-1.112440557921312f,-0.09276548831960126f,2.1339537093801204f,1.74746375794924f,-0.135178816671641f,0.018540920423590963f,0.8013505759540223f,-0.7833483017171752f,2.5238589548972366f,1.946326698248488f,0f,0f,0f,1f],start_interpolation:0}
execute if entity @s[tag=aj.dino.bone.tail_3] run data modify entity @s {} merge value {transformation:[1.2202139513134975f,-1.623118430399744f,-0.46098806921764696f,0.0012845409009785563f,1.631687178312117f,1.2799652316807488f,-0.18770051642106328f,0.03784252705328983f,0.4296747504755033f,-0.2512391144498843f,2.0219307708768604f,1.6059405301689285f,0f,0f,0f,1f],start_interpolation:0}
execute if entity @s[tag=aj.dino.bone.tail_2] run data modify entity @s {} merge value {transformation:[1.2924567058621625f,-1.448732720085345f,-0.22249279590319151f,0.04325643621613509f,1.340400460990793f,1.2882709549152345f,-0.6020452025390095f,0.15105911546939055f,0.5930060224402215f,0.24557143050176566f,1.8457552396982975f,1.2633155922554524f,0f,0f,0f,1f],start_interpolation:0}
execute if entity @s[tag=aj.dino.bone.tail_1] run data modify entity @s {} merge value {transformation:[1.2288524375969732f,-0.8748552356794623f,0.11048191352528546f,0.029002151465911327f,0.8649992502742565f,1.1591159196591938f,-0.44258652466788506f,0.23130340696711021f,0.17133077259193916f,0.4227704476389688f,1.442070443829356f,0.9476665053771334f,0f,0f,0f,1f],start_interpolation:0}
execute if entity @s[tag=aj.dino.bone.tail_0] run data modify entity @s {} merge value {transformation:[1.2159172176238122f,-0.3397227217506791f,0.19992375745844915f,-0.03761833156264835f,0.3940481402028833f,1.0305421255899176f,-0.645402748035125f,0.4447739077386299f,0.01034889717037127f,0.6755790969937959f,1.0850444694188492f,0.646894219682159f,0f,0f,0f,1f],start_interpolation:0}
execute if entity @s[tag=aj.dino.bone.body_1] run data modify entity @s {} merge value {transformation:[0.9177468923697243f,0.09681371674496306f,0.8227832891180943f,-0.23542501178534875f,0.24221603186113203f,1.1428881740533179f,-0.4046512208986527f,0.4618680193148688f,-0.7922604562335612f,0.46156074455628177f,0.829391128255837f,0.4229830086726951f,0f,0f,0f,1f],start_interpolation:0}