execute if entity @s[tag=aj.dino.bone.head_lower] run data modify entity @s {} merge value {transformation:[-0.4236204561467014f,0.6375730979876604f,0.6434642599682422f,-1.04466015257558f,0.7202658726554474f,0.6678600828250484f,-0.187563275874585f,0.8330001491423327f,-0.5493293928254224f,0.3840097062462565f,-0.7421413367322401f,0.30453914194786563f,0f,0f,0f,1f],start_interpolation:0}
execute if entity @s[tag=aj.dino.bone.head_upper] run data modify entity @s {} merge value {transformation:[-0.4409463562945781f,0.47953673883820425f,0.8118391278809255f,-0.9780631135556869f,0.749724446736275f,0.7218160186078161f,-0.019152854373533375f,0.848120725628873f,-0.5717967361047351f,0.5766264769927648f,-0.6511699787262855f,0.2724196921970624f,0f,0f,0f,1f],start_interpolation:0}
execute if entity @s[tag=aj.dino.bone.neck_0] run data modify entity @s {} merge value {transformation:[-0.3644606437955815f,0.7483947908534428f,0.5541422887197308f,-0.9542613185005354f,0.5333440743908185f,0.6555624487002163f,-0.5345857968243982f,0.802740061131805f,-0.763356101329066f,0.10071302238344049f,-0.6380786391081285f,0.2297722292449242f,0f,0f,0f,1f],start_interpolation:0}
execute if entity @s[tag=aj.dino.bone.neck_1] run data modify entity @s {} merge value {transformation:[-0.2300160587357658f,0.6648867560932924f,0.7106463355955641f,-0.8909971964679592f,0.3415303193610193f,0.7389317339172554f,-0.58080713973504f,0.7569422394342281f,-0.9112901040178285f,0.10911230078124408f,-0.397045151257887f,0.1966399604464325f,0f,0f,0f,1f],start_interpolation:0}
execute if entity @s[tag=aj.dino.bone.neck_2] run data modify entity @s {} merge value {transformation:[0.11458990063681058f,0.558744056201187f,0.8213855576596721f,-0.8135672077000446f,0.17051064511787767f,0.8034989654435405f,-0.5703643856629242f,0.7148407985758092f,-0.9786701561678126f,0.20541297960694843f,-0.003198942866688592f,0.19837083051270338f,0f,0f,0f,1f],start_interpolation:0}
execute if entity @s[tag=aj.dino.bone.body_0] run data modify entity @s {} merge value {transformation:[0.2453935693423901f,0.40625906026995084f,0.8801906453001973f,-0.394866531912085f,0.14075257293382767f,0.8834002730980295f,-0.44698173419373f,0.5125954752834075f,-0.9591510357279028f,0.23357554118293977f,0.15959873816289316f,0.2758142163128008f,0f,0f,0f,1f],start_interpolation:0}
execute if entity @s[tag=aj.dino.bone.leg_left_3] run data modify entity @s {} merge value {transformation:[0.3241614518532303f,0.03286444705879921f,0.9454307384742283f,-0.5821919097943798f,0.04719529681912425f,0.9975900533223023f,-0.05085950717968715f,0.036870479492222774f,-0.9448237703881927f,0.06110657601212216f,0.3218291927055626f,0.6487136040033454f,0f,0f,0f,1f],start_interpolation:0}
execute if entity @s[tag=aj.dino.bone.leg_left_2] run data modify entity @s {} merge value {transformation:[0.4641334516811382f,0.41530832960709324f,0.8149609376468374f,-0.45947815131352887f,-0.3994238858061964f,0.9141639225628624f,-0.23838431498874627f,0.24197396190471748f,-0.8228626240015553f,-0.2094886955044144f,0.5753901180745352f,0.6163876539355367f,0f,0f,0f,1f],start_interpolation:0}
execute if entity @s[tag=aj.dino.bone.leg_left_1] run data modify entity @s {} merge value {transformation:[0.6701943119162641f,-0.6610220611746312f,0.33747506413885897f,-0.6703029388589564f,-0.06339476090616093f,0.40205728044998523f,0.9134172362763977f,0.30401868210067207f,-0.7394732507432136f,-0.6335611871615903f,0.22755116690023872f,0.44692748955465156f,0f,0f,0f,1f],start_interpolation:0}
execute if entity @s[tag=aj.dino.bone.leg_left_0] run data modify entity @s {} merge value {transformation:[0.6475760628868408f,0.6896699027077335f,0.3240380657809872f,-0.35059753312933906f,-0.06157424045891528f,0.4712166634667664f,-0.8798655971130795f,0.5535006341910131f,-0.7595089569504009f,0.5498275014678269f,0.3476145321210848f,0.54619726185673f,0f,0f,0f,1f],start_interpolation:0}
execute if entity @s[tag=aj.dino.bone.leg_right_3] run data modify entity @s {} merge value {transformation:[0.995227938965471f,0.042625048920411135f,0.08777502325304762f,-0.15887414156566418f,-0.04147364981655354f,0.9990284819184198f,-0.014900627056311011f,0.0520515142278874f,-0.08832488818806644f,0.011189169777508778f,0.9960288733798107f,0.028724249557082984f,0f,0f,0f,1f],start_interpolation:0}
execute if entity @s[tag=aj.dino.bone.leg_right_2] run data modify entity @s {} merge value {transformation:[0.9959659844205326f,-0.032517145675155214f,0.243015622162597f,-0.16048868978686195f,0.1049050638416976f,0.975398598962598f,-0.2994239473102716f,0.2699992228621012f,-0.22160524578245602f,0.31559849156742764f,0.9504477401008197f,0.13200668562998394f,0f,0f,0f,1f],start_interpolation:0}
execute if entity @s[tag=aj.dino.bone.leg_right_1] run data modify entity @s {} merge value {transformation:[0.7728083779317148f,-0.4292833270682654f,0.4674216898045622f,-0.28651088639148964f,-0.25527735642533433f,0.46403663938666034f,0.848235503031574f,0.34599223833925935f,-0.581034148992161f,-0.7748456765110942f,0.24902508969382994f,-0.10327368588748584f,0f,0f,0f,1f],start_interpolation:0}
execute if entity @s[tag=aj.dino.bone.leg_right_0] run data modify entity @s {} merge value {transformation:[0.7594027642881738f,0.6480734303173236f,0.057517566953211585f,-0.12503851574154312f,-0.15961700453698505f,0.2712775344572325f,-0.9491738045065535f,0.5483328618733161f,-0.630737547204953f,0.7116244291868723f,0.30945244922336246f,0.22428123187286234f,0f,0f,0f,1f],start_interpolation:0}
execute if entity @s[tag=aj.dino.bone.tail_4] run data modify entity @s {} merge value {transformation:[2.7201159401473918f,0.4352383186420647f,-0.19286837413556482f,0.14234423162415774f,-0.4104251081385487f,2.71088413746622f,0.32911966736050546f,0.06483971886346482f,0.24120910920926777f,-0.2955268698776095f,2.7349850760863053f,1.9125870132138072f,0f,0f,0f,1f],start_interpolation:0}
execute if entity @s[tag=aj.dino.bone.tail_3] run data modify entity @s {} merge value {transformation:[2.060762323458744f,0.2979534811309714f,-0.020685631227909063f,0.14293604153556766f,-0.29866958479357614f,2.056196045052072f,-0.13711247016917555f,0.06796743438632366f,0.0008070790507548615f,0.13866172304784002f,2.0776712447423566f,1.558933834815249f,0f,0f,0f,1f],start_interpolation:0}
execute if entity @s[tag=aj.dino.bone.tail_2] run data modify entity @s {} merge value {transformation:[1.9339621419154045f,0.2687903697403604f,-0.07947355393837481f,0.15920401970953835f,-0.2802922313539341f,1.8560852345543464f,-0.5432842185401172f,0.16919718416183374f,0.0007574188987855743f,0.5490657649197891f,1.8754466367008245f,1.2104236131349382f,0f,0f,0f,1f],start_interpolation:0}
execute if entity @s[tag=aj.dino.bone.tail_1] run data modify entity @s {} merge value {transformation:[1.490891573459472f,0.2105252142269323f,0.14344929544003898f,0.12433752262252688f,-0.16843227099276978f,1.4535594106516203f,-0.38269029226560275f,0.23394051864695675f,-0.19112596965289033f,0.36124842405305846f,1.4562371681300488f,0.8928243294149383f,0f,0f,0f,1f],start_interpolation:0}
execute if entity @s[tag=aj.dino.bone.tail_0] run data modify entity @s {} merge value {transformation:[1.2167230027267208f,0.24971667484209897f,0.30176552739752255f,0.04218073002872627f,-0.09171374576390519f,1.1390178142897844f,-0.57276760047379f,0.42880305270396546f,-0.38080105049441937f,0.5235606150393234f,1.10213908328578f,0.5833881234655348f,0f,0f,0f,1f],start_interpolation:0}
execute if entity @s[tag=aj.dino.bone.body_1] run data modify entity @s {} merge value {transformation:[0.7094085928917809f,0.3310427392914748f,0.9569507553421701f,-0.20259499357768115f,-0.016253227783749467f,1.1720012071786758f,-0.39338733840146184f,0.44131750000000003f,-1.0124622837292079f,0.21313955566804896f,0.676828079272509f,0.41167861426797864f,0f,0f,0f,1f],start_interpolation:0}