execute if entity @s[tag=aj.dino.bone.head_lower] run data modify entity @s {} merge value {transformation:[-0.4460531795736037f,0.7397366092680663f,0.5038117802323231f,-1.0553524171704476f,0.6988146050443103f,0.6395578805481406f,-0.3203495984163791f,0.8033974594262466f,-0.559191120073489f,0.2091780732709687f,-0.8022155725823341f,0.30168393016142775f,0f,0f,0f,1f],start_interpolation:0}
execute if entity @s[tag=aj.dino.bone.head_upper] run data modify entity @s {} merge value {transformation:[-0.4642965687626726f,0.4278182415423235f,0.8275700520332705f,-0.9888395034426387f,0.7273958312178705f,0.7441912462681155f,0.02338025423899248f,0.8219456547477982f,-0.5820618038881947f,0.588746875800671f,-0.6309145071028858f,0.2712298130416116f,0f,0f,0f,1f],start_interpolation:0}
execute if entity @s[tag=aj.dino.bone.neck_0] run data modify entity @s {} merge value {transformation:[-0.3827557152084126f,0.7472119542147958f,0.5432976697481798f,-0.9657138305324342f,0.5187713482771885f,0.6604455143147144f,-0.5428517392697944f,0.775955946415023f,-0.7644438178715063f,0.07406765893477711f,-0.6404214481245588f,0.22886371534294014f,0f,0f,0f,1f],start_interpolation:0}
execute if entity @s[tag=aj.dino.bone.neck_1] run data modify entity @s {} merge value {transformation:[-0.2466229451620229f,0.6569638019836788f,0.7124434614780035f,-0.9023339684095518f,0.325510566650964f,0.7485964731847761f,-0.5776211486206886f,0.7304725442266782f,-0.9128088485100143f,0.08945324599177439f,-0.3984697264076117f,0.1955201995236847f,0f,0f,0f,1f],start_interpolation:0}
execute if entity @s[tag=aj.dino.bone.neck_2] run data modify entity @s {} merge value {transformation:[0.10149873656518722f,0.5478713126871286f,0.8303824608035463f,-0.8242222344039276f,0.15992951202203526f,0.8148507436438919f,-0.5571721607971727f,0.6896379822116283f,-0.9818964088232854f,0.18935493211817633f,-0.004914470719866032f,0.19694355816236359f,0f,0f,0f,1f],start_interpolation:0}
execute if entity @s[tag=aj.dino.bone.body_0] run data modify entity @s {} merge value {transformation:[0.23222222097262268f,0.3632116624559012f,0.9023026811123652f,-0.3955103193312535f,0.13341628383566215f,0.906999669668672f,-0.39943922494968154f,0.5100240789931181f,-0.9634692186541427f,0.21314053457036436f,0.16216712746125495f,0.275402747225576f,0f,0f,0f,1f],start_interpolation:0}
execute if entity @s[tag=aj.dino.bone.leg_left_3] run data modify entity @s {} merge value {transformation:[0.32462544822323336f,0.03610454430127655f,0.9451533104458036f,-0.5828911893799152f,0.048175032846062726f,0.9973430411057972f,-0.054644529169173034f,0.0361528521988366f,-0.9446149927754405f,0.06327179654978189f,0.3220235941436858f,0.6474937068656037f,0f,0f,0f,1f],start_interpolation:0}
execute if entity @s[tag=aj.dino.bone.leg_left_2] run data modify entity @s {} merge value {transformation:[0.46482764712312374f,0.41482148205777325f,0.8148132276749485f,-0.4602944022959497f,-0.39845419765646695f,0.9146041874978056f,-0.23831834189192033f,0.24136250294576406f,-0.822940891158421f,-0.20852941695493626f,0.5756265902688238f,0.6153985498628953f,0f,0f,0f,1f],start_interpolation:0}
execute if entity @s[tag=aj.dino.bone.leg_left_1] run data modify entity @s {} merge value {transformation:[0.6706250370491241f,-0.6609506591299108f,0.33675849785654577f,-0.6710703663088744f,-0.06235830662570826f,0.40213881362568776f,0.9134526896180767f,0.30340685121057354f,-0.7391708200934577f,-0.6335839334858961f,0.22846859292013064f,0.44587752608536224f,0f,0f,0f,1f],start_interpolation:0}
execute if entity @s[tag=aj.dino.bone.leg_left_0] run data modify entity @s {} merge value {transformation:[0.6480159885873058f,0.689075712693412f,0.3244224725743935f,-0.3515783993698057f,-0.06054408488837896f,0.4712177540382679f,-0.879936498881686f,0.5530147853246417f,-0.7592164989778906f,0.5505710584976266f,0.34707609716682836f,0.5455170807469784f,0f,0f,0f,1f],start_interpolation:0}
execute if entity @s[tag=aj.dino.bone.leg_right_3] run data modify entity @s {} merge value {transformation:[0.9956013623596074f,0.04015242464542121f,0.08465051720330607f,-0.1575278741772933f,-0.039230207827814556f,0.9991516289886452f,-0.012530486148670972f,0.04653940860921499f,-0.08508183155927054f,0.00915451169802739f,0.9963319109885467f,0.029556656131503156f,0f,0f,0f,1f],start_interpolation:0}
execute if entity @s[tag=aj.dino.bone.leg_right_2] run data modify entity @s {} merge value {transformation:[0.9964640289416334f,-0.03584525931360424f,0.2404927356716659f,-0.15999694200377984f,0.10791758792324996f,0.9742966708132448f,-0.30193044059807583f,0.26414812395778886f,-0.21788857873447437f,0.31862723381352875f,0.9502965077438214f,0.1335346479106634f,0f,0f,0f,1f],start_interpolation:0}
execute if entity @s[tag=aj.dino.bone.leg_right_1] run data modify entity @s {} merge value {transformation:[0.7752606863544482f,-0.4276887401565105f,0.46481524258200274f,-0.28539886373388573f,-0.25181628836607217f,0.46560044943259427f,0.8484130941950981f,0.3406254883195846f,-0.57927491323789f,-0.7747893668807682f,0.25326273287187845f,-0.10192013846335585f,0f,0f,0f,1f],start_interpolation:0}
execute if entity @s[tag=aj.dino.bone.leg_right_0] run data modify entity @s {} merge value {transformation:[0.760723404902825f,0.6454391633349321f,0.0686162347156637f,-0.12601785115030906f,-0.15677995931128036f,0.285301485810073f,-0.945527951227735f,0.5478456964829346f,-0.6298570834652935f,0.7085275920019397f,0.3182274434748313f,0.2236021445235769f,0f,0f,0f,1f],start_interpolation:0}
execute if entity @s[tag=aj.dino.bone.tail_4] run data modify entity @s {} merge value {transformation:[2.7234778124712307f,0.41201136272947536f,-0.19640919927212358f,0.14546116128067915f,-0.38635678727581524f,2.713677592905023f,0.3351770969071613f,0.07399545272479766f,0.24301927804770282f,-0.30308726523396334f,2.7339972698871096f,1.914392960284721f,0f,0f,0f,1f],start_interpolation:0}
execute if entity @s[tag=aj.dino.bone.tail_3] run data modify entity @s {} merge value {transformation:[2.063251812174793f,0.2802415201777229f,-0.02005432547738816f,0.14611925050910268f,-0.28094997188863713f,2.0590636251992622f,-0.13141395177640153f,0.07612884858904335f,0.002144504056433028f,0.13291803411951056f,2.0780456499684026f,1.5607325031009704f,0f,0f,0f,1f],start_interpolation:0}
execute if entity @s[tag=aj.dino.bone.tail_2] run data modify entity @s {} merge value {transformation:[1.9362984506079488f,0.25269048135310274f,-0.07529744889150053f,0.1616087964328621f,-0.2636629189206443f,1.8598700738267917f,-0.5386455686929458f,0.17650948056474283f,0.002012551186089521f,0.5438793102516757f,1.8769563448627837f,1.2119413239401788f,0f,0f,0f,1f],start_interpolation:0}
execute if entity @s[tag=aj.dino.bone.tail_1] run data modify entity @s {} merge value {transformation:[1.4923338302351594f,0.19793498868832568f,0.1463479736402608f,0.1262710607469683f,-0.15615637343073033f,1.4563294325583933f,-0.37732747170211595f,0.24005320719391984f,-0.19029234396743422f,0.3571870296036815f,1.4573477621042545f,0.8941519027167869f,0f,0f,0f,1f],start_interpolation:0}
execute if entity @s[tag=aj.dino.bone.tail_0] run data modify entity @s {} merge value {transformation:[1.2174519063938833f,0.23942611959491578f,0.30711838996980856f,0.04230170786831458f,-0.08322236142890399f,1.1447548276232395f,-0.5625354564607566f,0.4320641153044958f,-0.38042162236145716f,0.5157976681539342f,1.1059239898613593f,0.5834223253597652f,0f,0f,0f,1f],start_interpolation:0}
execute if entity @s[tag=aj.dino.bone.body_1] run data modify entity @s {} merge value {transformation:[0.7094134075304301f,0.3205886669679298f,0.9604999317459838f,-0.20259499357768115f,-0.01625736840049931f,1.1762214015780492f,-0.3805831150993306f,0.44131750000000003f,-1.0124588437289705f,0.20574429794710158f,0.6791177870395533f,0.41167861426797864f,0f,0f,0f,1f],start_interpolation:0}