execute if entity @s[tag=aj.dino.bone.head_lower] run data modify entity @s {} merge value {transformation:[-0.5194204431970184f,0.1399263213257193f,0.8429845952265463f,-0.988561657795415f,0.6764603844580764f,0.670088431828229f,0.3055860628183432f,0.9251794429844932f,-0.5221146918521301f,0.7289733315631213f,-0.4427122433612143f,0.3679356091351754f,0f,0f,0f,1f],start_interpolation:0}
execute if entity @s[tag=aj.dino.bone.head_upper] run data modify entity @s {} merge value {transformation:[-0.5406645228985919f,0.4502957876704191f,0.767064221476026f,-0.9257388360624573f,0.7041273323239183f,0.7651505062604407f,0.047131149225337766f,0.9458283738694829f,-0.543468965201094f,0.5433694405827174f,-0.7020420767216052f,0.3315711867609263f,0f,0f,0f,1f],start_interpolation:0}
execute if entity @s[tag=aj.dino.bone.neck_0] run data modify entity @s {} merge value {transformation:[-0.41356481060896383f,0.6402247695394049f,0.6473610985332588f,-0.8941376689308764f,0.5565651423694082f,0.7404704371623283f,-0.3767476263866184f,0.9092681022566823f,-0.7205549179106979f,0.2044890612156211f,-0.6625593061136954f,0.2856424481562463f,0f,0f,0f,1f],start_interpolation:0}
execute if entity @s[tag=aj.dino.bone.neck_1] run data modify entity @s {} merge value {transformation:[-0.26233646851779335f,0.594379538905719f,0.7601924368315154f,-0.8270011597672174f,0.3893559417378829f,0.7860083560488698f,-0.4802008068035284f,0.8722098335301068f,-0.8829391416847592f,0.17001125830831781f,-0.4376238614717018f,0.24935318389203046f,0f,0f,0f,1f],start_interpolation:0}
execute if entity @s[tag=aj.dino.bone.neck_2] run data modify entity @s {} merge value {transformation:[0.08597973527993752f,0.5455521706979832f,0.8336547931655586f,-0.7486254507537258f,0.23236560752196606f,0.8026965945938455f,-0.5492580463392334f,0.8319496105818879f,-0.9688207829945327f,0.2409377639021368f,-0.057751920865878215f,0.2466526137794774f,0f,0f,0f,1f],start_interpolation:0}
execute if entity @s[tag=aj.dino.bone.body_0] run data modify entity @s {} merge value {transformation:[0.21763168679883182f,0.6290625230764034f,0.7462685783026406f,-0.39091926144640343f,0.1548546458766711f,0.7326563260898669f,-0.662747875508409f,0.5265784894857215f,-0.9636682455863667f,0.25979809449117935f,0.062035977845490864f,0.2783648391007869f,0f,0f,0f,1f],start_interpolation:0}
execute if entity @s[tag=aj.dino.bone.leg_left_3] run data modify entity @s {} merge value {transformation:[0.3214052384903687f,0.01495844735025692f,0.9468235936666443f,-0.5782150651760547f,0.04191203398252215f,0.9986706613081622f,-0.03000486043569775f,0.040570991070753376f,-0.9460137705543175f,0.04932702195741552f,0.32035104311741414f,0.6554768672935277f,0f,0f,0f,1f],start_interpolation:0}
execute if entity @s[tag=aj.dino.bone.leg_left_2] run data modify entity @s {} merge value {transformation:[0.4601647799024624f,0.4178755658547036f,0.8158986372703558f,-0.45488006544611465f,-0.4046478574916689f,0.9117664968233157f,-0.23875545270974416f,0.2450960628500744f,-0.822539170049314f,-0.2147651420339068f,0.5739054338498942f,0.6218756036075459f,0f,0f,0f,1f],start_interpolation:0}
execute if entity @s[tag=aj.dino.bone.leg_left_1] run data modify entity @s {} merge value {transformation:[0.6676668541859103f,-0.6615651745380051f,0.34139784952455243f,-0.6660101138461292f,-0.06898958142102946f,0.40162747754899497f,0.91320085793487f,0.30714691927230287f,-0.7412566421131357f,-0.6332668387939875f,0.22251225001565228f,0.4527981670891237f,0f,0f,0f,1f],start_interpolation:0}
execute if entity @s[tag=aj.dino.bone.leg_left_0] run data modify entity @s {} merge value {transformation:[0.6449941670697446f,0.6930119888284239f,0.32205109499282686f,-0.3451309561968239f,-0.06713373094310669f,0.47118519535090303f,-0.8794757380688737f,0.555938345764094f,-0.7612329384726234f,0.5456362295726005f,0.35043618300930524f,0.5499921527821956f,0f,0f,0f,1f],start_interpolation:0}
execute if entity @s[tag=aj.dino.bone.leg_right_3] run data modify entity @s {} merge value {transformation:[0.9938086688729834f,0.018436826342829143f,0.10956465263629978f,-0.14748226657853994f,-0.023384334656944693f,0.9987558754335799f,0.044044002764905166f,0.05342748086032728f,-0.10861630892992402f,-0.04633340826344767f,0.9930033800109301f,0.0543672674168216f,0f,0f,0f,1f],start_interpolation:0}
execute if entity @s[tag=aj.dino.bone.leg_right_2] run data modify entity @s {} merge value {transformation:[0.9885168612734302f,-0.04646534711916668f,0.2696990656192847f,-0.15151192597508104f,0.11259723015993657f,0.9903451561120798f,-0.24207547382241057f,0.27661960150706666f,-0.24943632101025312f,0.26290614824140124f,0.959543682423283f,0.14569147665169427f,0f,0f,0f,1f],start_interpolation:0}
execute if entity @s[tag=aj.dino.bone.leg_right_1] run data modify entity @s {} merge value {transformation:[0.7664668354248806f,-0.4561237162254108f,0.4521943671591785f,-0.2841445132433804f,-0.26878542410846085f,0.41164101368685235f,0.8708077122061423f,0.3369121959056036f,-0.5833377974901025f,-0.788988486194559f,0.19290977858007738f,-0.09050078722453031f,0f,0f,0f,1f],start_interpolation:0}
execute if entity @s[tag=aj.dino.bone.leg_right_0] run data modify entity @s {} merge value {transformation:[0.7517042323296796f,0.6559372515323666f,0.06846217313094627f,-0.11958035854181837f,-0.17489520928940214f,0.2983623315556801f,-0.9382918441914939f,0.550777814260984f,-0.6358871070129218f,0.6933442443410222f,0.3390005102856244f,0.22807010729862626f,0f,0f,0f,1f],start_interpolation:0}
execute if entity @s[tag=aj.dino.bone.tail_4] run data modify entity @s {} merge value {transformation:[2.6980746133306712f,0.5622712634740085f,-0.17293275794913188f,0.12427720992251434f,-0.5420192972079648f,2.6916259897813455f,0.29500160031392464f,0.015120226152383433f,0.2286258820753562f,-0.2542870209132482f,2.7402061325090723f,1.901783493444569f,0f,0f,0f,1f],start_interpolation:0}
execute if entity @s[tag=aj.dino.bone.tail_3] run data modify entity @s {} merge value {transformation:[2.044364647795165f,0.394898449270992f,-0.023956787204520956f,0.12447500438359736f,-0.3955328678226292f,2.037427525129408f,-0.1684884457804344f,0.02375181236903938f,-0.00851254144210308f,0.16997005810690755f,2.0753272614288507f,1.5482213913585263f,0f,0f,0f,1f],start_interpolation:0}
execute if entity @s[tag=aj.dino.bone.tail_2] run data modify entity @s {} merge value {transformation:[1.91857342697833f,0.3569492147464683f,-0.10216231392878261f,0.1449703720280252f,-0.3711954472111682f,1.83251592092971f,-0.5682193366224122f,0.12954411981983266f,-0.007988758671054431f,0.5772750926844088f,1.8669396139414574f,1.2012928518024715f,0f,0f,0f,1f],start_interpolation:0}
execute if entity @s[tag=aj.dino.bone.tail_1] run data modify entity @s {} merge value {transformation:[1.4809842875113663f,0.27946002193397307f,0.12745150562121432f,0.11271322915432119f,-0.23556766802511198f,1.436176271656844f,-0.41177887331801977f,0.20082362259371425f,-0.19710318091208454f,0.38334848750257294f,1.4497760251859f,0.8848194939715764f,0f,0f,0f,1f],start_interpolation:0}
execute if entity @s[tag=aj.dino.bone.tail_0] run data modify entity @s {} merge value {transformation:[1.211361878719724f,0.30528244087398276f,0.2706302766925229f,0.04099578138314941f,-0.1382222345270713f,1.1048843233609804f,-0.6276630963004912f,0.4109041944817253f,-0.38383945765253435f,0.5655696065642136f,1.0801083313556266f,0.5828349375764246f,0f,0f,0f,1f],start_interpolation:0}
execute if entity @s[tag=aj.dino.bone.body_1] run data modify entity @s {} merge value {transformation:[0.7093821118809104f,0.3878048809031399f,0.9354084609128414f,-0.20259499357768115f,-0.01623045460381995f,1.146312992982776f,-0.4629337852419864f,0.44131750000000003f,-1.0124812031553885f,0.25333474203674006f,0.6628030754231949f,0.41167861426797864f,0f,0f,0f,1f],start_interpolation:0}