execute if entity @s[tag=aj.dino.bone.head_lower] run data modify entity @s {} merge value {transformation:[-0.9478053365813455f,-0.17950040567667885f,0.26352352515445354f,-1.0428435049517248f,-0.035774127770130185f,0.8811300844404175f,0.4715188077651937f,0.47720290000120746f,-0.3168363232494162f,0.43748071803901367f,-0.8415612667024667f,0.47999212903426786f,0f,0f,0f,1f],start_interpolation:0}
execute if entity @s[tag=aj.dino.bone.head_upper] run data modify entity @s {} merge value {transformation:[-0.9865701799286324f,-0.2834939045718349f,0.17257586369393677f,-1.0376186198537776f,-0.03723727469004194f,0.6323776759670245f,0.8259441887293055f,0.5483296304430995f,-0.32979479685518265f,0.7766605587981583f,-0.6095126831806604f,0.4553112602457395f,0f,0f,0f,1f],start_interpolation:0}
execute if entity @s[tag=aj.dino.bone.neck_0] run data modify entity @s {} merge value {transformation:[-0.8543196187999152f,0.3563393309562577f,0.37836526022775097f,-1.0186608161434292f,0.37963687349913805f,0.9250297987499196f,-0.01398984290414658f,0.5322873827406286f,-0.35498427178308417f,0.1316896071766099f,-0.9255506545556019f,0.39344055456502697f,0f,0f,0f,1f],start_interpolation:0}
execute if entity @s[tag=aj.dino.bone.neck_1] run data modify entity @s {} merge value {transformation:[-0.7004753388235025f,0.2957007092868665f,0.6495347490529993f,-0.9622744415499629f,0.2660438776797832f,0.9527150947352566f,-0.14681486100764995f,0.5242392764202884f,-0.6622348185116842f,0.06996455381716582f,-0.7460227921182845f,0.3305649504773282f,0f,0f,0f,1f],start_interpolation:0}
execute if entity @s[tag=aj.dino.bone.neck_2] run data modify entity @s {} merge value {transformation:[-0.3160413182746564f,0.20813557184198728f,0.9256335499954751f,-0.8791442229856687f,0.33318452001313315f,0.9378461797548524f,-0.09712166979025294f,0.5249127899878012f,-0.8883163629962216f,0.27771230950974746f,-0.36574569359040543f,0.3012418617064006f,0f,0f,0f,1f],start_interpolation:0}
execute if entity @s[tag=aj.dino.bone.body_0] run data modify entity @s {} merge value {transformation:[-0.11102959945641477f,0.04362174926621924f,0.9928592906527605f,-0.41079781083441547f,0.24456205769427836f,0.9695137569108208f,-0.015247134058773815f,0.5269627033094255f,-0.9632558476235107f,0.24112282793551681f,-0.11831294885806265f,0.24777840892277458f,0f,0f,0f,1f],start_interpolation:0}
execute if entity @s[tag=aj.dino.bone.leg_left_3] run data modify entity @s {} merge value {transformation:[0.34936218420819376f,-0.03869254349335233f,0.9361885233879417f,-0.6176914196838578f,0.09425915528440335f,0.9955297943219182f,0.005969946601913766f,0.045129266340103336f,-0.9322345605534856f,0.08615866581704928f,0.3514475898541275f,0.5842191017980878f,0f,0f,0f,1f],start_interpolation:0}
execute if entity @s[tag=aj.dino.bone.leg_left_2] run data modify entity @s {} merge value {transformation:[0.5688530110108126f,0.23647546980730327f,0.8200901191601087f,-0.5363423668353839f,-0.313872426451202f,0.9744452331411992f,-0.06326758271597512f,0.2698288487985201f,-0.7936955028713852f,-0.21586578999114997f,0.6127900202630013f,0.5516077339996498f,0f,0f,0f,1f],start_interpolation:0}
execute if entity @s[tag=aj.dino.bone.leg_left_1] run data modify entity @s {} merge value {transformation:[0.7011120504455464f,-0.6988963297017856f,0.14137118889439337f,-0.7476715415017108f,0.05754900293256274f,0.2530777192233187f,0.9657327685722333f,0.2862171875240521f,-0.7107249854771602f,-0.6689511105918694f,0.2176566255743085f,0.37248546305482305f,0f,0f,0f,1f],start_interpolation:0}
execute if entity @s[tag=aj.dino.bone.leg_left_0] run data modify entity @s {} merge value {transformation:[0.6793297289622697f,0.660829038636851f,0.31908635358213644f,-0.43519471864425474f,0.062408349417388084f,0.3812204194162175f,-0.9223752976652835f,0.5182403977597798f,-0.7311746147611023f,0.646510613613124f,0.21773311464849657f,0.5235839198744423f,0f,0f,0f,1f],start_interpolation:0}
execute if entity @s[tag=aj.dino.bone.leg_right_3] run data modify entity @s {} merge value {transformation:[0.9745283198710635f,-0.08572181438820005f,-0.20723494953138852f,-0.01991870348856166f,0.0839835778492769f,0.9963188958530489f,-0.017187682153080086f,0.007585457565137621f,0.2079454553985649f,-0.0006544495059412903f,0.9781402043035177f,0.07851312786073902f,0f,0f,0f,1f],start_interpolation:0}
execute if entity @s[tag=aj.dino.bone.leg_right_2] run data modify entity @s {} merge value {transformation:[0.9896942424707899f,-0.2684636233679382f,0.02224384968978075f,-0.08334513987238719f,0.2508672719687486f,0.8876610390512293f,-0.44853727950544287f,0.20024695590979683f,0.09814844764855758f,0.43823208711748135f,0.9221614389820951f,0.20901104466118076f,0f,0f,0f,1f],start_interpolation:0}
execute if entity @s[tag=aj.dino.bone.leg_right_1] run data modify entity @s {} merge value {transformation:[0.9274565117313641f,-0.279033711250366f,0.24892691062425837f,-0.1538811531877809f,-0.04639128641553568f,0.5746971579062139f,0.8170501975027187f,0.3121170244259076f,-0.3710421369491637f,-0.7693265656925978f,0.5200618885554205f,-0.034962610177895814f,0f,0f,0f,1f],start_interpolation:0}
execute if entity @s[tag=aj.dino.bone.leg_right_0] run data modify entity @s {} merge value {transformation:[0.8975583698249298f,0.3485086836251872f,0.2700567906849479f,-0.143393788506386f,0.03230310543200858f,0.5588908656833208f,-0.8286117967028932f,0.5952538575481112f,-0.43971068003479646f,0.7524511264484808f,0.4903792615616501f,0.2716818541061052f,0f,0f,0f,1f],start_interpolation:0}
execute if entity @s[tag=aj.dino.bone.tail_4] run data modify entity @s {} merge value {transformation:[1.2799349103563087f,-1.7271595508809217f,-1.7333054672076702f,-0.29259330647046855f,2.2996029927718133f,1.5175333533376802f,0.18595679267672166f,0.08620082575682662f,0.8362141068447155f,-1.52959920858652f,2.1416660711243916f,1.9169644777064556f,0f,0f,0f,1f],start_interpolation:0}
execute if entity @s[tag=aj.dino.bone.tail_3] run data modify entity @s {} merge value {transformation:[1.1028079033392395f,-1.555941212205626f,-0.8359468873900073f,-0.13562149978226917f,1.7004814490044748f,1.2017763808127007f,0.006472878556900373f,0.07334293939564641f,0.47762233612823785f,-0.6860947461723188f,1.9071173087543907f,1.6003018337174129f,0f,0f,0f,1f],start_interpolation:0}
execute if entity @s[tag=aj.dino.bone.tail_2] run data modify entity @s {} merge value {transformation:[1.2646220429869368f,-1.3879003522538145f,-0.5415141508844072f,-0.0343503383262727f,1.3343472714407278f,1.3710995079018597f,-0.3979665483840811f,0.1486369850323116f,0.6625875961659763f,-0.11221687327578318f,1.8349819960321072f,1.2596459332574943f,0f,0f,0f,1f],start_interpolation:0}
execute if entity @s[tag=aj.dino.bone.tail_1] run data modify entity @s {} merge value {transformation:[1.257825497668984f,-0.8362707953497732f,-0.07862839346464025f,-0.00840952989119341f,0.7993593630825169f,1.2352580831411946f,-0.35045445736451225f,0.20818743478059334f,0.25798425546161796f,0.2498897254378414f,1.4692363659583558f,0.9401815449583601f,0f,0f,0f,1f],start_interpolation:0}
execute if entity @s[tag=aj.dino.bone.tail_0] run data modify entity @s {} merge value {transformation:[1.2308367909727849f,-0.32676459491126986f,0.11000640928745166f,-0.04844137122706549f,0.33637079461600367f,1.0484938888017528f,-0.6491155292078631f,0.42317610452841126f,0.07570468348287913f,0.6540039611821014f,1.095620069294509f,0.6357981767200406f,0f,0f,0f,1f],start_interpolation:0}
execute if entity @s[tag=aj.dino.bone.body_1] run data modify entity @s {} merge value {transformation:[0.9177468923697244f,0.11729618184747179f,0.820113920334223f,-0.2470070999777686f,0.242216031861132f,1.1324447089881087f,-0.43301844077421797f,0.44756863884839654f,-0.7922604562335612f,0.4820945777179957f,0.8176263099238837f,0.4132390217922287f,0f,0f,0f,1f],start_interpolation:0}