execute if entity @s[tag=aj.dino.bone.head_lower] run data modify entity @s {} merge value {transformation:[-0.5340733093756289f,0.1334901527050199f,0.8348329649357132f,-0.9929018451490413f,0.6683239933800427f,0.6714328268888862f,0.32018900488391544f,0.917205587718306f,-0.517792178470394f,0.7289433023951792f,-0.4478090238127119f,0.3581593161243571f,0f,0f,0f,1f],start_interpolation:0}
execute if entity @s[tag=aj.dino.bone.head_upper] run data modify entity @s {} merge value {transformation:[-0.5559166851985466f,0.3938253311847003f,0.7869753428276058f,-0.9299791670472191f,0.6956581662409559f,0.7667678100287284f,0.10769765006501202f,0.9420635006645226f,-0.5389696628230922f,0.583472944192373f,-0.6727131398563234f,0.32471866367483626f,0f,0f,0f,1f],start_interpolation:0}
execute if entity @s[tag=aj.dino.bone.neck_0] run data modify entity @s {} merge value {transformation:[-0.4189017134822678f,0.6111761238823038f,0.6715542420667315f,-0.8963403874206534f,0.546623396901674f,0.7602844766089247f,-0.350956374193672f,0.9068525331920778f,-0.7250684218756841f,0.2200710344949927f,-0.6525676389271912f,0.2791845387882562f,0f,0f,0f,1f],start_interpolation:0}
execute if entity @s[tag=aj.dino.bone.neck_1] run data modify entity @s {} merge value {transformation:[-0.25693208649749394f,0.5652003740371907f,0.783922470730533f,-0.8273280576942064f,0.38455645730166743f,0.8039619103224563f,-0.453609499347465f,0.8721296069982855f,-0.8866240658112294f,0.18491561302087603f,-0.4239150645889793f,0.24412525204708252f,0f,0f,0f,1f],start_interpolation:0}
execute if entity @s[tag=aj.dino.bone.neck_2] run data modify entity @s {} merge value {transformation:[0.09762887029033412f,0.5206059173414186f,0.8481969597416231f,-0.7479225852341712f,0.2367345922136101f,0.8156573863876905f,-0.527882336208229f,0.833868950827525f,-0.9666567832148539f,0.25233411751148876f,-0.04361372036881635f,0.24277487175913237f,0f,0f,0f,1f],start_interpolation:0}
execute if entity @s[tag=aj.dino.bone.body_0] run data modify entity @s {} merge value {transformation:[0.2310394353881291f,0.6239149307081531f,0.7465594005402214f,-0.3901283697486584f,0.15748805493428497f,0.7332188089185996f,-0.6615041124596324f,0.5290893689441827f,-0.9601136869394948f,0.27040772453358414f,0.07114331074682356f,0.27888041891253307f,0f,0f,0f,1f],start_interpolation:0}
execute if entity @s[tag=aj.dino.bone.leg_left_3] run data modify entity @s {} merge value {transformation:[0.32086749634433f,0.011686486248167816f,0.9470519921466259f,-0.5774688609934909f,0.040971556216674004f,0.998816570270308f,-0.026206688738624778f,0.0411982829904258f,-0.9462374867711093f,0.047211068539386225f,0.3200089586815722f,0.6567151908164183f,0f,0f,0f,1f],start_interpolation:0}
execute if entity @s[tag=aj.dino.bone.leg_left_2] run data modify entity @s {} merge value {transformation:[0.4594165634466638f,0.41832171372277316f,0.8160916398049879f,-0.45402506096723927f,-0.40557691589806216f,0.9113355149735958f,-0.23882450447791603f,0.2456193181963684f,-0.8224998395271381f,-0.21572371792769585f,0.5736022062387647f,0.6228811744065207f,0f,0f,0f,1f],start_interpolation:0}
execute if entity @s[tag=aj.dino.bone.leg_left_1] run data modify entity @s {} merge value {transformation:[0.6671789405319359f,-0.6616910915715921f,0.34210694328744407f,-0.6652172076590893f,-0.06998663171367073f,0.4015529430514517f,0.9131577658368203f,0.307672068247837f,-0.7416024087690509f,-0.6331825433960674f,0.2215981363785106f,0.4538820056319267f,0f,0f,0f,1f],start_interpolation:0}
execute if entity @s[tag=aj.dino.bone.leg_left_0] run data modify entity @s {} merge value {transformation:[0.6444956707474289f,0.6936323691774884f,0.3217133301823942f,-0.3441249353272181f,-0.06812422830463727f,0.47117483814525846f,-0.8794051179159054f,0.5563385085424825f,-0.7615670816846796f,0.5448563189759426f,0.35092331322707315f,0.5506912649225448f,0f,0f,0f,1f],start_interpolation:0}
execute if entity @s[tag=aj.dino.bone.leg_right_3] run data modify entity @s {} merge value {transformation:[0.9936587657063572f,0.028972536575018498f,0.10864091981996091f,-0.1511022249916209f,-0.03317004231492902f,0.998763493013773f,0.037030167644123674f,0.05269962346285098f,-0.10743372667716544f,-0.04039897458272032f,0.9933911199648005f,0.0525240492573702f,0f,0f,0f,1f],start_interpolation:0}
execute if entity @s[tag=aj.dino.bone.leg_right_2] run data modify entity @s {} merge value {transformation:[0.990018822311531f,-0.03639013926388433f,0.2657079011507522f,-0.15290904303440556f,0.10427781425606855f,0.988483494728566f,-0.253157495650181f,0.2751282159929593f,-0.24708514407701626f,0.2713638478394824f,0.9577957993032149f,0.14576207100628397f,0f,0f,0f,1f],start_interpolation:0}
execute if entity @s[tag=aj.dino.bone.leg_right_1] run data modify entity @s {} merge value {transformation:[0.7645294201874293f,-0.450617898711544f,0.46091026787072686f,-0.28454671526543585f,-0.27168259742920825f,0.42316174847092425f,0.8643625980369282f,0.33883475967830756f,-0.5845368524926311f,-0.7860519346657842f,0.20109456503393042f,-0.09009039389715567f,0f,0f,0f,1f],start_interpolation:0}
execute if entity @s[tag=aj.dino.bone.leg_right_0] run data modify entity @s {} merge value {transformation:[0.7502227242561537f,0.6581045548941404f,0.06375153988148202f,-0.11857586856152615f,-0.17761399674181405f,0.29346916226364866f,-0.9393237561999968f,0.551179293538848f,-0.6368823534775274f,0.6933788615380896f,0.3370558146673467f,0.228768125745005f,0f,0f,0f,1f],start_interpolation:0}
execute if entity @s[tag=aj.dino.bone.tail_4] run data modify entity @s {} merge value {transformation:[2.6934248595079353f,0.5852226637423267f,-0.1692285189529104f,0.12082671159214192f,-0.5657826717421656f,2.687421692791242f,0.28864501567037204f,0.0062001100912530555f,0.2258624053289005f,-0.2468611159283463f,2.741114206832991f,1.8996624921277823f,0f,0f,0f,1f],start_interpolation:0}
execute if entity @s[tag=aj.dino.bone.tail_3] run data modify entity @s {} merge value {transformation:[2.0408939996305824f,0.41242718022248204f,-0.024515899536025607f,0.12094777844960547f,-0.41302014832024353f,2.033473083389396f,-0.1742041970125567f,0.015839573813192634f,-0.010562452265078362f,0.17560343444533785f,2.0748487642374314f,1.5461263984729263f,0f,0f,0f,1f],start_interpolation:0}
execute if entity @s[tag=aj.dino.bone.tail_2] run data modify entity @s {} merge value {transformation:[1.915316330280762f,0.3728958875091249f,-0.10623505561439549f,0.14220164599096025f,-0.3876067228165371f,1.827731772815121f,-0.5726530101835628f,0.12244281785773717f,-0.009912537013082246f,0.5823393329697503f,1.8653569411480175f,1.1994918568547337f,0f,0f,0f,1f],start_interpolation:0}
execute if entity @s[tag=aj.dino.bone.tail_1] run data modify entity @s {} merge value {transformation:[1.478825693035149f,0.2919282838770504f,0.12453391783651596f,0.11042198609561367f,-0.2476925362605784f,1.4326266141374961f,-0.41699597353659873f,0.1948999570459263f,-0.1984419993346013f,0.3873178430404852f,1.4485378529270656f,0.8832376976782453f,0f,0f,0f,1f],start_interpolation:0}
execute if entity @s[tag=aj.dino.bone.tail_0] run data modify entity @s {} merge value {transformation:[1.2101422183139507f,0.31518686193841344f,0.264667281883563f,0.04068607532397617f,-0.14663483960981158f,1.098215823121815f,-0.637382103797641f,0.40765972602569367f,-0.3845643663300369f,0.5730750077348667f,1.0758861465057017f,0.5826680805288942f,0f,0f,0f,1f],start_interpolation:0}
execute if entity @s[tag=aj.dino.bone.body_1] run data modify entity @s {} merge value {transformation:[0.7093772970610626f,0.3979816169253688f,0.9311278526926685f,-0.20259499357768115f,-0.01622631406423451f,1.1411965316695423f,-0.4754069602914394f,0.44131750000000003f,-1.0124846429464893f,0.26054885098792196f,0.6599952568788989f,0.41167861426797864f,0f,0f,0f,1f],start_interpolation:0}