execute if entity @s[tag=aj.dino.bone.head_lower] run data modify entity @s {} merge value {transformation:[-0.9369660891502674f,-0.09041939923387496f,-0.33751871062896494f,-0.44165780973712193f,-0.13838170858205265f,0.9829819515329379f,0.12081798579023179f,0.19898844203939922f,0.3208505111611413f,0.15990877150013344f,-0.9335331457880607f,0.7199616661620918f,0f,0f,0f,1f],start_interpolation:0}
execute if entity @s[tag=aj.dino.bone.head_upper] run data modify entity @s {} merge value {transformation:[-0.9752876117939763f,0.12822386186779236f,-0.34035960117560876f,-0.462544828199678f,-0.14404146280401336f,0.7582580881459613f,0.6984043752282906f,0.2641163700518636f,0.33397316337991906f,0.7014807592460737f,-0.6927182783304258f,0.688062732882984f,0f,0f,0f,1f],start_interpolation:0}
execute if entity @s[tag=aj.dino.bone.neck_0] run data modify entity @s {} merge value {transformation:[-0.9819168236865247f,-0.18167954510051076f,-0.05321554522353856f,-0.46271956359319727f,-0.1855545910374528f,0.9793504978645984f,0.08026266926340625f,0.2534695672036434f,0.03753458546848011f,0.08868565399451456f,-0.9953522038300187f,0.622249730285091f,0f,0f,0f,1f],start_interpolation:0}
execute if entity @s[tag=aj.dino.bone.neck_1] run data modify entity @s {} merge value {transformation:[-0.9729238341026449f,-0.22438647164348888f,0.055406898292500395f,-0.459059592518835f,-0.20239571339676593f,0.9428960604041801f,0.26454299172892687f,0.2802236350181244f,-0.1116028146312803f,0.246166063090879f,-0.9627809102535809f,0.5418236069690675f,0f,0f,0f,1f],start_interpolation:0}
execute if entity @s[tag=aj.dino.bone.neck_2] run data modify entity @s {} merge value {transformation:[-0.913831497243234f,-0.15617400271701057f,0.37486220871346454f,-0.42774789266432134f,-0.03726704614754392f,0.9514492900754659f,0.305541184926564f,0.31630661758222356f,-0.4043799722014268f,0.2652431512598188f,-0.8752844730669763f,0.46773901872265555f,0f,0f,0f,1f],start_interpolation:0}
execute if entity @s[tag=aj.dino.bone.body_0] run data modify entity @s {} merge value {transformation:[-0.8158926051621569f,-0.17095529105072094f,0.5523527363048657f,-0.1690546822079712f,0.009581137009420641f,0.9511627767765221f,0.3085410408493215f,0.4707818675078729f,-0.5781240858633343f,0.2570285208620616f,-0.7744087298114253f,0.10521160634212987f,0f,0f,0f,1f],start_interpolation:0}
execute if entity @s[tag=aj.dino.bone.leg_left_3] run data modify entity @s {} merge value {transformation:[-0.8523035050987566f,-0.5047193046174097f,0.13724852911012436f,0.5031780998403718f,-0.44151235728930405f,0.834921905860334f,0.3285913107119388f,0.15402913436036345f,-0.2804381813470054f,0.2194626042428793f,-0.9344466767995476f,0.21637791803633233f,0f,0f,0f,1f],start_interpolation:0}
execute if entity @s[tag=aj.dino.bone.leg_left_2] run data modify entity @s {} merge value {transformation:[-0.33498960239047476f,-0.687214226629008f,0.6837987807167112f,0.3636022109575043f,-0.4353456683386028f,0.7530572497700464f,0.5435449632995267f,0.34568827405173186f,-0.866209163452905f,-0.11271018049920475f,-0.537624683085468f,0.17214650972348738f,0f,0f,0f,1f],start_interpolation:0}
execute if entity @s[tag=aj.dino.bone.leg_left_1] run data modify entity @s {} merge value {transformation:[-0.4540942765409809f,-0.8194754071244733f,-0.3496547513346594f,0.16856429957996683f,-0.05115456748728482f,-0.36782221163243256f,0.928488034847523f,0.19753772524024543f,-0.8894838943105785f,0.4395075400354416f,0.1251060510690139f,0.30262644562211094f,0f,0f,0f,1f],start_interpolation:0}
execute if entity @s[tag=aj.dino.bone.leg_left_0] run data modify entity @s {} merge value {transformation:[-0.46993133886066846f,0.06351207038510877f,0.8804151030462942f,0.06718835043997462f,-0.07494717233581524f,0.9909355060314627f,-0.11148876286439993f,0.5869725631087441f,-0.8795154678091146f,-0.11837668605585219f,-0.460911598989382f,0.19140278557284374f,0f,0f,0f,1f],start_interpolation:0}
execute if entity @s[tag=aj.dino.bone.leg_right_3] run data modify entity @s {} merge value {transformation:[0.24349646975950717f,0.029579416819677573f,0.9694506317060534f,-0.267979356078884f,0.05492225054940977f,0.9975105119170522f,-0.044230362982561944f,0.013338447582965263f,-0.9683455042541612f,0.06401434773227885f,0.2412657200581254f,-0.2898395067100988f,0f,0f,0f,1f],start_interpolation:0}
execute if entity @s[tag=aj.dino.bone.leg_right_2] run data modify entity @s {} merge value {transformation:[0.2598204865548667f,0.5175256208538208f,0.8465947944719212f,-0.1215843939723601f,0.2508184089920999f,0.8124615731182846f,-0.5736362239412092f,0.18460501769046317f,-0.9600237705274588f,0.35232885698836086f,0.0792523567864781f,-0.20377354886695043f,0f,0f,0f,1f],start_interpolation:0}
execute if entity @s[tag=aj.dino.bone.leg_right_1] run data modify entity @s {} merge value {transformation:[-0.14865861433570116f,-0.8936710336099738f,0.42338245130174046f,-0.3897821333333711f,-0.10705587616104609f,0.44016739686538997f,0.8915109097011304f,0.25477026401933117f,-0.9830766276151521f,0.08720519722601107f,-0.1611074107966249f,-0.1911166744890421f,0f,0f,0f,1f],start_interpolation:0}
execute if entity @s[tag=aj.dino.bone.leg_right_0] run data modify entity @s {} merge value {transformation:[-0.2331868914911317f,0.7179501829800038f,0.655874537084405f,-0.13416989309906358f,-0.03977646038354654f,0.6668616793037471f,-0.7441191664481855f,0.5818028160036168f,-0.9716180869230767f,-0.19960720286393913f,-0.1269458850407325f,-0.14617926079513544f,0f,0f,0f,1f],start_interpolation:0}
execute if entity @s[tag=aj.dino.bone.tail_4] run data modify entity @s {} merge value {transformation:[2.7025498662521414f,-0.07571895809005418f,-0.5622741247881597f,0.8786910590697548f,-0.14518808089792506f,2.5533256082866664f,-1.0416861767503225f,0.20857636653409162f,0.5484578134968195f,1.049026362420546f,2.4948745558366263f,0.838531933827587f,0f,0f,0f,1f],start_interpolation:0}
execute if entity @s[tag=aj.dino.bone.tail_3] run data modify entity @s {} merge value {transformation:[2.0602143124049417f,-0.06811030925853365f,0.2946582745808879f,0.8293944173873241f,0.1838309819798635f,1.8930035280264872f,-0.8477554712227088f,0.3337998407392113f,-0.24014304710026046f,0.8647798301859408f,1.8789445676436072f,0.5114698203665512f,0f,0f,0f,1f],start_interpolation:0}
execute if entity @s[tag=aj.dino.bone.tail_2] run data modify entity @s {} merge value {transformation:[1.8974236389476122f,-0.44008235914948596f,0.15774956903586584f,0.8013674386007593f,0.46146207461484395f,1.6574208869669333f,-0.9267052563467445f,0.5068079377559679f,0.0749010217403116f,0.9370471682972762f,1.7132151984882373f,0.1932652151266543f,0f,0f,0f,1f],start_interpolation:0}
execute if entity @s[tag=aj.dino.bone.tail_1] run data modify entity @s {} merge value {transformation:[1.2742865402339851f,-0.3144337839093926f,0.7516524854711265f,0.6422464205586516f,0.6001124889520372f,1.3059993684183837f,-0.4710487239071716f,0.5916345439232065f,-0.5511034966159183f,0.6950922925966055f,1.2250664842327963f,-0.07832570059443457f,0f,0f,0f,1f],start_interpolation:0}
execute if entity @s[tag=aj.dino.bone.tail_0] run data modify entity @s {} merge value {transformation:[0.30075230310045065f,-0.09833742205866383f,1.2384318795099951f,0.27797478436392864f,0.29962049799701684f,1.2423337956522005f,0.025884627570124448f,0.6140501816450121f,-1.2056580468540083f,0.2842045182386808f,0.3153604008954281f,-0.16362297810272045f,0f,0f,0f,1f],start_interpolation:0}
execute if entity @s[tag=aj.dino.bone.body_1] run data modify entity @s {} merge value {transformation:[-0.6332944249823568f,-0.11404349793351853f,1.0557162719791735f,0.040217178253011895f,-0.01625943871332555f,1.2301135877465394f,0.12312914744411416f,0.5025675000000001f,-1.061733675172472f,0.0491857385496482f,-0.6315908178435876f,-0.020099968669827377f,0f,0f,0f,1f],start_interpolation:0}