execute if entity @s[tag=aj.dino.bone.head_lower] run data modify entity @s {} merge value {transformation:[-0.9792133953897617f,-0.13714515805221303f,-0.14944006126901682f,0.46495934801734656f,-0.17250843599746432f,0.9506331720983175f,0.257948466977416f,0.2887279265386434f,0.10668629620978864f,0.2783662654294229f,-0.9545314329407457f,0.03211658962900048f,0f,0f,0f,1f],start_interpolation:0}
execute if entity @s[tag=aj.dino.bone.head_upper] run data modify entity @s {} merge value {transformation:[-1.0192628152556216f,-0.06650592125942396f,-0.2003801847941226f,0.44933588477347947f,-0.17956395915124562f,0.7926902814749366f,0.6502852026708146f,0.35130078416696636f,0.11104972127214559f,0.6713352535627248f,-0.7876857744765725f,-0.007075263813902943f,0f,0f,0f,1f],start_interpolation:0}
execute if entity @s[tag=aj.dino.bone.neck_0] run data modify entity @s {} merge value {transformation:[-0.9621129877327931f,-0.03260468535166203f,-0.2706945387867982f,0.4326723862794685f,-0.13740954992593085f,0.9155038464918474f,0.3781154885055425f,0.36093449708282066f,0.23549355495433716f,0.40098583709621355f,-0.8852983361687842f,-0.07090516000441766f,0f,0f,0f,1f],start_interpolation:0}
execute if entity @s[tag=aj.dino.bone.neck_1] run data modify entity @s {} merge value {transformation:[-0.9020227620139796f,0.050673883661179156f,-0.42870397050104936f,0.3965889814862084f,-0.11624145379399697f,0.9278944620703301f,0.35425949765542025f,0.3952196199900917f,0.41574374466554437f,0.36938330332312797f,-0.8310915196279918f,-0.1396078170876069f,0f,0f,0f,1f],start_interpolation:0}
execute if entity @s[tag=aj.dino.bone.neck_2] run data modify entity @s {} merge value {transformation:[-0.8863399325719286f,0.1506082544941757f,-0.4378569145355668f,0.3597039807876908f,0.014889650354526746f,0.9544050655310031f,0.29814303480222637f,0.4306834080062423f,0.46279565927168f,0.257736541000649f,-0.8481698256789804f,-0.2113904532690437f,0f,0f,0f,1f],start_interpolation:0}
execute if entity @s[tag=aj.dino.bone.body_0] run data modify entity @s {} merge value {transformation:[-0.8187052619286624f,0.05226865595975953f,-0.5718301161135888f,0.0907005157101285f,0.0037321788028167498f,0.996311818003885f,0.08572532967085891f,0.4805765498663913f,0.5742018503381053f,0.06804960624393014f,-0.8158808038913172f,-0.5952637590285257f,0f,0f,0f,1f],start_interpolation:0}
execute if entity @s[tag=aj.dino.bone.leg_left_3] run data modify entity @s {} merge value {transformation:[0.0732368940138094f,0.1167687320258291f,-0.9904551582864766f,0.08458747317814262f,-0.12279400921534853f,0.9866214309816415f,0.10723704224081493f,0.08345226063077313f,0.9897262190404126f,0.11376825193707443f,0.0865955899289999f,-1.2443524926529985f,0f,0f,0f,1f],start_interpolation:0}
execute if entity @s[tag=aj.dino.bone.leg_left_2] run data modify entity @s {} merge value {transformation:[-0.6315022160658402f,-0.06359106200336881f,-0.8057439589831936f,0.04388369276351067f,-0.41973476449943287f,0.8996322961700474f,0.25796639056107173f,0.3004763921960033f,0.6907169304970253f,0.48854898221343757f,-0.5799070730760886f,-1.1473225970314394f,0f,0f,0f,1f],start_interpolation:0}
execute if entity @s[tag=aj.dino.bone.leg_left_1] run data modify entity @s {} merge value {transformation:[-0.7107571344464978f,0.7022890109595857f,-0.040180106007941585f,0.2509598452126124f,-0.14727176663852978f,-0.09270745962672342f,0.9847417700497552f,0.22599667109919502f,0.6878483281833062f,0.7058296338458492f,0.16931983168094852f,-0.9782497609755443f,0f,0f,0f,1f],start_interpolation:0}
execute if entity @s[tag=aj.dino.bone.leg_left_0] run data modify entity @s {} merge value {transformation:[-0.6940280276362839f,-0.24406489270929443f,-0.6773163404215862f,0.1295712768824489f,-0.16954130207078968f,0.9697328034647515f,-0.1757100929842523f,0.6013356649509735f,0.6997005386216525f,-0.007114635000750685f,-0.7144008246225472f,-0.8415283883319781f,0f,0f,0f,1f],start_interpolation:0}
execute if entity @s[tag=aj.dino.bone.leg_right_3] run data modify entity @s {} merge value {transformation:[-0.9795310775425753f,-0.05197556907509309f,-0.19446698523811637f,-0.2171931986897016f,-0.05137634173393415f,0.998646293221757f,-0.00812727165056698f,0.04188315797992334f,0.1946261535311212f,0.00203008713220032f,-0.9808753942820239f,-0.2842954179295363f,0f,0f,0f,1f],start_interpolation:0}
execute if entity @s[tag=aj.dino.bone.leg_right_2] run data modify entity @s {} merge value {transformation:[-1.0161946223918754f,0.13887442582675985f,0.011161665369283707f,-0.18290032394073608f,0.06654369935982211f,0.5559934827943133f,-0.8593633589270915f,0.1448230201099328f,-0.12240353343771453f,-0.8506746384148475f,-0.5598501889438147f,-0.4996984253182959f,0f,0f,0f,1f],start_interpolation:0}
execute if entity @s[tag=aj.dino.bone.leg_right_1] run data modify entity @s {} merge value {transformation:[-0.9292109184261386f,0.16609964127411575f,-0.3301181277153106f,-0.1387738306665881f,-0.10929307556410378f,0.7298198125928215f,0.6748466972436908f,0.30512427826753685f,0.35301854442988f,0.6631545448201261f,-0.6600029977000257f,-0.2775053901345139f,0f,0f,0f,1f],start_interpolation:0}
execute if entity @s[tag=aj.dino.bone.leg_right_0] run data modify entity @s {} merge value {transformation:[-0.904926099713392f,-0.3673920772324398f,-0.2147831828713347f,-0.16031835912694742f,-0.031109298915045686f,0.5604540945836095f,-0.8276010025280786f,0.596165917845846f,0.42443016572638015f,-0.7422359930987579f,-0.5185988478295898f,-0.5760650590274228f,0f,0f,0f,1f],start_interpolation:0}
execute if entity @s[tag=aj.dino.bone.tail_4] run data modify entity @s {} merge value {transformation:[-0.1757058414567775f,-1.2971796782125726f,-2.431483841466007f,-1.0607074092996218f,-1.2466994054039584f,2.210274846620191f,-1.0890762262410771f,0.6836917246678703f,2.457748844256341f,1.028431483585764f,-0.7262648509505346f,-2.0914952223308036f,0f,0f,0f,1f],start_interpolation:0}
execute if entity @s[tag=aj.dino.bone.tail_3] run data modify entity @s {} merge value {transformation:[-0.7944478165926586f,-1.0792962434136244f,-1.5937119600821348f,-0.779910994046339f,-1.2943954208511061f,1.5756174701253336f,-0.4218004366521855f,0.7397948375513866f,1.4245485906894466f,0.8297558272368594f,-1.2720503551257827f,-1.8839223017933429f,0f,0f,0f,1f],start_interpolation:0}
execute if entity @s[tag=aj.dino.bone.tail_2] run data modify entity @s {} merge value {transformation:[-1.3207048472386222f,-1.005987110622436f,-1.030777626234052f,-0.5895076508190876f,-1.126201903105091f,1.5930919665537355f,-0.11180847260918664f,0.7601261048757769f,0.8978763026863195f,0.518480273844869f,-1.6564329825594726f,-1.5752077241880567f,0f,0f,0f,1f],start_interpolation:0}
execute if entity @s[tag=aj.dino.bone.tail_1] run data modify entity @s {} merge value {transformation:[-1.4123339798855108f,-0.16522588115505726f,-0.5154312635621643f,-0.47522357367170487f,-0.25946928151018983f,1.4707001377748246f,0.23952671396255126f,0.6908527282312317f,0.4750207060890505f,0.312086146673714f,-1.401646822791324f,-1.2778577183066675f,0f,0f,0f,1f],start_interpolation:0}
execute if entity @s[tag=aj.dino.bone.tail_0] run data modify entity @s {} merge value {transformation:[-1.0414575731948625f,0.16602699241654498f,-0.7222443337321602f,-0.26016046575691854f,0.004220720685636902f,1.2470341139421248f,0.28057765549933017f,0.6389545706286203f,0.741069514509934f,0.22622261831594886f,-1.016599733528548f,-0.9753244934333178f,0f,0f,0f,1f],start_interpolation:0}
execute if entity @s[tag=aj.dino.bone.body_1] run data modify entity @s {} merge value {transformation:[-0.9117356564014865f,0.09540032584079004f,-0.8296031977589479f,-0.07371523212094372f,-0.016259438713325546f,1.2260120116718682f,0.15885456539009696f,0.5194425f,0.8349121621794285f,0.12805436393196476f,-0.9028445914879822f,-0.7740511428984851f,0f,0f,0f,1f],start_interpolation:0}