execute if entity @s[tag=aj.dino.bone.head_lower] run data modify entity @s {} merge value {transformation:[-0.9783620910163532f,-0.20171097996599147f,0.04604670914700894f,0.37918506362130455f,-0.19008988148566808f,0.9642012872360721f,0.1848829755522839f,0.30728892010371f,-0.08169122241021068f,0.17212948107009757f,-0.9816812038170358f,0.039835029294804036f,0f,0f,0f,1f],start_interpolation:0}
execute if entity @s[tag=aj.dino.bone.head_upper] run data modify entity @s {} merge value {transformation:[-1.0183766928880509f,-0.21138602212738355f,-0.041192276157865325f,0.3712826261237224f,-0.19786447843431462f,0.8397531924537449f,0.5823539872973892f,0.3662298829318022f,-0.08503235936877897f,0.5775832996169576f,-0.8617650332006249f,-0.006629697910799259f,0f,0f,0f,1f],start_interpolation:0}
execute if entity @s[tag=aj.dino.bone.neck_0] run data modify entity @s {} merge value {transformation:[-0.9894756617798749f,-0.12212502025405866f,-0.07761052875238575f,0.3685662262012007f,-0.13745684520493381f,0.9608724633870458f,0.2404781171142552f,0.3662273029073458f,0.045205425023839674f,0.24861534251219547f,-0.9675468366006671f,-0.07324319068141807f,0f,0f,0f,1f],start_interpolation:0}
execute if entity @s[tag=aj.dino.bone.neck_1] run data modify entity @s {} merge value {transformation:[-0.9587557077071784f,-0.010402200328304023f,-0.2840409955750007f,0.3444563042012938f,-0.11654394003894669f,0.9258474566317721f,0.3594773944056529f,0.40094501985607667f,0.25923927746216635f,0.3777542604350197f,-0.8888738469232208f,-0.1468022053265141f,0f,0f,0f,1f],start_interpolation:0}
execute if entity @s[tag=aj.dino.bone.neck_2] run data modify entity @s {} merge value {transformation:[-0.942824525940723f,0.11010462494074129f,-0.31457731140581313f,0.31797496548586945f,0.012842996330345564f,0.9551571030606673f,0.29582083415137095f,0.4362127285961463f,0.33304199544488367f,0.2748670224661607f,-0.9019596161861557f,-0.22312951245971002f,0f,0f,0f,1f],start_interpolation:0}
execute if entity @s[tag=aj.dino.bone.body_0] run data modify entity @s {} merge value {transformation:[-0.8793162212497163f,0.035098229699922164f,-0.474943256946608f,0.09447034403482554f,0.003686705853931948f,0.9977523298611929f,0.06690811951107326f,0.4772511125486071f,0.47622409771773067f,0.05708241873373079f,-0.8774692052855418f,-0.6361336770098038f,0f,0f,0f,1f],start_interpolation:0}
execute if entity @s[tag=aj.dino.bone.leg_left_3] run data modify entity @s {} merge value {transformation:[-0.000930224169501559f,0.107940310853767f,-0.9941569413205273f,0.13688085661924967f,-0.12279400921534853f,0.9866214309816415f,0.10723704224081493f,0.0801268233129889f,0.9924317437405026f,0.12217627110257406f,0.012336644424437826f,-1.2838642551281647f,0f,0f,0f,1f],start_interpolation:0}
execute if entity @s[tag=aj.dino.bone.leg_left_2] run data modify entity @s {} merge value {transformation:[-0.6813537486469565f,-0.09992255965890579f,-0.7601544256114323f,0.08903983904966964f,-0.41973476449943287f,0.8996322961700474f,0.25796639056107173f,0.2971509548782191f,0.6415933261623281f,0.48243073415746884f,-0.6384988567452097f,-1.190147472093959f,0f,0f,0f,1f],start_interpolation:0}
execute if entity @s[tag=aj.dino.bone.leg_left_1] run data modify entity @s {} merge value {transformation:[-0.7601726832820663f,0.6475785538541424f,-0.05272104114981657f,0.2829021357162036f,-0.14727176663852978f,-0.09270745962672342f,0.9847417700497552f,0.2226712337814108f,0.6328100175747138f,0.75633811454781f,0.16584371600803424f,-1.0060725777267914f,0f,0f,0f,1f],start_interpolation:0}
execute if entity @s[tag=aj.dino.bone.leg_left_0] run data modify entity @s {} merge value {transformation:[-0.7443760712427351f,-0.2428507604288864f,-0.622035186079005f,0.15163579347005934f,-0.16954130207078968f,0.9697328034647515f,-0.1757100929842523f,0.5980102276331892f,0.6458792545463677f,-0.025333733311632883f,-0.76301912853029f,-0.8788048848424392f,0f,0f,0f,1f],start_interpolation:0}
execute if entity @s[tag=aj.dino.bone.leg_right_3] run data modify entity @s {} merge value {transformation:[-0.9892402041476193f,-0.052674950470067226f,-0.1364887104890108f,-0.23327259506374556f,-0.05158653855632393f,0.9986022934956614f,-0.011501672268922736f,0.04382788988360496f,0.13690378934768008f,-0.004336936497203681f,-0.9905748550433056f,-0.3358314067294953f,0f,0f,0f,1f],start_interpolation:0}
execute if entity @s[tag=aj.dino.bone.leg_right_2] run data modify entity @s {} merge value {transformation:[-1.003626489692076f,0.20181674778769249f,0.0637657353243523f,-0.1827017529997317f,0.04966302919386013f,0.5249484432232753f,-0.8797868577044349f,0.1389262090783143f,-0.20574171239772002f,-0.8577653127578385f,-0.5234225974390057f,-0.5516321752297334f,0f,0f,0f,1f],start_interpolation:0}
execute if entity @s[tag=aj.dino.bone.leg_right_1] run data modify entity @s {} merge value {transformation:[-0.9538589826982982f,0.10538614817558638f,-0.28115262918649997f,-0.15815704653016371f,-0.10856108662349218f,0.7519822914575711f,0.6501823773414248f,0.3065710012196682f,0.2799420147046434f,0.6507045359507905f,-0.7058442287758477f,-0.3318455361636369f,0f,0f,0f,1f],start_interpolation:0}
execute if entity @s[tag=aj.dino.bone.leg_right_0] run data modify entity @s {} merge value {transformation:[-0.935247727179265f,-0.31012626295077483f,-0.17068506037203796f,-0.15728135176467406f,-0.028759139753358358f,0.5471411769207164f,-0.836546140029622f,0.5928404805280618f,0.3528237530080226f,-0.7774691206382411f,-0.5206315066986762f,-0.6357473244762955f,0f,0f,0f,1f],start_interpolation:0}
execute if entity @s[tag=aj.dino.bone.tail_4] run data modify entity @s {} merge value {transformation:[1.1164231108409617f,-0.04706837597265515f,2.525281239221384f,0.5006253939139003f,0.18556500991371927f,2.7550472342246572f,-0.03068706383455815f,0.7890372758812144f,-2.5188938834885266f,0.18210062266330054f,1.1169934192060968f,-1.9868845991653419f,0f,0f,0f,1f],start_interpolation:0}
execute if entity @s[tag=aj.dino.bone.tail_3] run data modify entity @s {} merge value {transformation:[-0.5361053422022074f,0.028735406241454042f,2.0118923590825726f,0.15920159903104786f,0.13210820035054124f,2.078091061520519f,0.005521727366261145f,0.7677652424992539f,-2.007755964131807f,0.12906332748346708f,-0.5368465069612538f,-1.897118256261365f,0f,0f,0f,1f],start_interpolation:0}
execute if entity @s[tag=aj.dino.bone.tail_2] run data modify entity @s {} merge value {transformation:[-1.0968741179869308f,0.22405440235753762f,1.6016993066981635f,-0.1393085674453493f,0.41355809133297816f,1.909839222864536f,0.01605375046476603f,0.7655411405736741f,-1.5635251035356594f,0.34797649718791f,-1.1194085416064212f,-1.690095992120527f,0f,0f,0f,1f],start_interpolation:0}
execute if entity @s[tag=aj.dino.bone.tail_1] run data modify entity @s {} merge value {transformation:[-1.3290068395927435f,0.2719858455292746f,0.6688951862193617f,-0.2853023988335083f,0.3998374440825227f,1.4438864164473395f,0.20731204670355266f,0.70289788782687f,-0.601271227172284f,0.35898741792796324f,-1.3406182137895002f,-1.4054237225178592f,0f,0f,0f,1f],start_interpolation:0}
execute if entity @s[tag=aj.dino.bone.tail_0] run data modify entity @s {} merge value {transformation:[-1.2514652517100193f,0.18355711584877005f,-0.18432912295046494f,-0.22700758471623417f,0.13120217614681487f,1.227472587834376f,0.3315610828694286f,0.635629133310836f,0.22462508613408824f,0.30570173031975f,-1.2206251428439412f,-1.0413515584985877f,0f,0f,0f,1f],start_interpolation:0}
execute if entity @s[tag=aj.dino.bone.body_1] run data modify entity @s {} merge value {transformation:[-0.9715793226051506f,0.08556405257997193f,-0.7598137981429784f,-0.056124866090029f,-0.016259438713325546f,1.2260120116718682f,0.15885456539009696f,0.5161170626822158f,0.7644434875091124f,0.1348255732368336f,-0.9623163795044304f,-0.8267079393155147f,0f,0f,0f,1f],start_interpolation:0}