execute if entity @s[tag=aj.dino.bone.head_lower] run data modify entity @s {} merge value {transformation:[-0.9911225965351182f,-0.09037351492886898f,-0.09751218609428745f,0.37218350803199085f,-0.1128400025260837f,0.9596655963253712f,0.25750548937718387f,0.24072495849390177f,0.07030741402867037f,0.26622278457876414f,-0.9613440052882891f,0.20478459892544365f,0f,0f,0f,1f],start_interpolation:0}
execute if entity @s[tag=aj.dino.bone.head_upper] run data modify entity @s {} merge value {transformation:[-1.0316590977656561f,-0.032420422147034805f,-0.1345375962646421f,0.3618605920895004f,-0.11745511161273281f,0.7402599921560542f,0.7222820663374288f,0.3071030623008788f,0.07318295796768715f,0.7310512997214584f,-0.7373467260537429f,0.1703921399666643f,0f,0f,0f,1f],start_interpolation:0}
execute if entity @s[tag=aj.dino.bone.neck_0] run data modify entity @s {} merge value {transformation:[-0.9815249914763577f,-0.009200368817108725f,-0.19111264824957333f,0.3499693844169315f,-0.084021884010232f,0.918106671285436f,0.3873247515309954f,0.3172727638150816f,0.1718982667588801f,0.3962265682091564f,-0.9019176750294273f,0.1055854072493243f,0f,0f,0f,1f],start_interpolation:0}
execute if entity @s[tag=aj.dino.bone.neck_1] run data modify entity @s {} merge value {transformation:[-0.9427820448876749f,0.07417083756198257f,-0.3250549225788902f,0.322774661905934f,-0.07871637846497898f,0.8978629629243619f,0.43318106095493614f,0.35810522761671193f,0.32398417800684726f,0.43398247276133145f,-0.8406506204941431f,0.03637056915827881f,0f,0f,0f,1f],start_interpolation:0}
execute if entity @s[tag=aj.dino.bone.neck_2] run data modify entity @s {} merge value {transformation:[-0.9269253420160819f,0.17209541447421456f,-0.33345551224311487f,0.2952463797844319f,0.025600280172590577f,0.9155637651667655f,0.4013572194052831f,0.4022310717040962f,0.3743715213306892f,0.36349162332934715f,-0.8530649469916938f,-0.03480550801063714f,0f,0f,0f,1f],start_interpolation:0}
execute if entity @s[tag=aj.dino.bone.body_0] run data modify entity @s {} merge value {transformation:[-0.8818897989559716f,0.09584308365939352f,-0.4616107514043131f,0.0786039888636072f,0.004350450323992746f,0.9807308498153554f,0.195315318913876f,0.5036251363338136f,0.47143552695928054f,0.17023837268697412f,-0.8653134925479414f,-0.44100277882507555f,0f,0f,0f,1f],start_interpolation:0}
execute if entity @s[tag=aj.dino.bone.leg_left_3] run data modify entity @s {} merge value {transformation:[-0.26904877695275364f,0.25972435821140794f,-0.9274459625077354f,0.20278137757859152f,-0.09285602317534827f,0.9514725679219806f,0.293390032980009f,0.08347571392143124f,0.9586399295774646f,0.16505517333190098f,-0.2318755596782235f,-0.9679994316974863f,0f,0f,0f,1f],start_interpolation:0}
execute if entity @s[tag=aj.dino.bone.leg_left_2] run data modify entity @s {} merge value {transformation:[-0.7589417369373201f,-0.11389008240406304f,-0.6805135476720896f,0.1540254422671827f,-0.34730815942162263f,0.9371841909589925f,0.2304886854411675f,0.3085163145369922f,0.5961934936196658f,0.4009701246317842f,-0.732009888470807f,-0.896231340511271f,0f,0f,0f,1f],start_interpolation:0}
execute if entity @s[tag=aj.dino.bone.leg_left_1] run data modify entity @s {} merge value {transformation:[-0.8250377186372085f,0.5648283484457891f,-0.016783909494284127f,0.3247929510891651f,-0.04772868278172331f,-0.04005937367251783f,0.9980567215448662f,0.2456507953155872f,0.5630583767832887f,0.824235514505998f,0.060009007333903464f,-0.686708620780157f,0f,0f,0f,1f],start_interpolation:0}
execute if entity @s[tag=aj.dino.bone.leg_left_0] run data modify entity @s {} merge value {transformation:[-0.8094847267476121f,-0.30065868950766944f,-0.5043201657537351f,0.1536760491439023f,-0.07216488088006934f,0.9033773089541717f,-0.4227312002139f,0.6263680317135681f,0.5826892028602464f,-0.3058002454058037f,-0.7529671326026395f,-0.6777269537526907f,0f,0f,0f,1f],start_interpolation:0}
execute if entity @s[tag=aj.dino.bone.leg_right_3] run data modify entity @s {} merge value {transformation:[-0.9942993950127185f,-0.044201824210666665f,-0.09703046848176841f,-0.24619651831092398f,-0.04550133236738687f,0.9989012657310381f,0.011220074586305584f,0.030860325977763392f,0.09642791001641937f,0.015571128969313563f,-0.9952181660884645f,-0.22756857038325706f,0f,0f,0f,1f],start_interpolation:0}
execute if entity @s[tag=aj.dino.bone.leg_right_2] run data modify entity @s {} merge value {transformation:[-1.0102549763570239f,0.17387061662318293f,0.034872495202344145f,-0.20302252609156352f,0.0857963313390131f,0.6557567758881762f,-0.7840180099374023f,0.15935350752862756f,-0.15519688068814308f,-0.7692946503469997f,-0.6604255209127311f,-0.4270593740730384f,0f,0f,0f,1f],start_interpolation:0}
execute if entity @s[tag=aj.dino.bone.leg_right_1] run data modify entity @s {} merge value {transformation:[-0.9498250418619758f,0.12101964526176345f,-0.2884209342482145f,-0.1737648649131674f,-0.1353159860333422f,0.6723686753445808f,0.7277430510415047f,0.30072340027350036f,0.2819964073808746f,0.7302565370307142f,-0.6222567125778469f,-0.19005319620537398f,0f,0f,0f,1f],start_interpolation:0}
execute if entity @s[tag=aj.dino.bone.leg_right_0] run data modify entity @s {} merge value {transformation:[-0.9368202853677071f,-0.306333414954337f,-0.1689011302685151f,-0.17136234763049626f,-0.07058327680603572f,0.6384376496918553f,-0.7664302763404264f,0.6219941000746454f,0.34261604451468763f,-0.706085834965094f,-0.6197233573964723f,-0.45667398295022277f,0f,0f,0f,1f],start_interpolation:0}
execute if entity @s[tag=aj.dino.bone.tail_4] run data modify entity @s {} merge value {transformation:[-2.286680323904118f,0.6580035748287179f,-1.40135139182947f,-0.5717904121194964f,0.2409791927978533f,2.6204357864482732f,0.8372016778170698f,0.803859900169795f,1.529275467830521f,0.5709719049251457f,-2.2273232721986926f,-2.2077218303182855f,0f,0f,0f,1f],start_interpolation:0}
execute if entity @s[tag=aj.dino.bone.tail_3] run data modify entity @s {} merge value {transformation:[-1.9602372544719313f,0.032736291489106686f,-0.7016721224648526f,-0.4531331001428362f,-0.09067506330090466f,2.0508351333826322f,0.3489968690737247f,0.7246138962329032f,0.6965582998717105f,0.35909485786826f,-1.929197487033624f,-1.884115253423944f,0f,0f,0f,1f],start_interpolation:0}
execute if entity @s[tag=aj.dino.bone.tail_2] run data modify entity @s {} merge value {transformation:[-1.9203321760742178f,-0.19431756846866816f,-0.3055141422606534f,-0.39780490683009057f,-0.19451903422186748f,1.9444122079776225f,-0.01404940553033365f,0.7275444924100506f,0.30538590973099977f,0.01660491056248996f,-1.9300874586623677f,-1.5250864431594549f,0f,0f,0f,1f],start_interpolation:0}
execute if entity @s[tag=aj.dino.bone.tail_1] run data modify entity @s {} merge value {transformation:[-1.505325643365024f,0.1111738584386612f,-0.0963915485275477f,-0.37698336077898f,0.10700552731349014f,1.5072096628494982f,0.06726885860087703f,0.6945426733918773f,0.10099888391482362f,0.06013032024663934f,-1.5079256679408959f,-1.2014291859252606f,0f,0f,0f,1f],start_interpolation:0}
execute if entity @s[tag=aj.dino.bone.tail_0] run data modify entity @s {} merge value {transformation:[-1.1334983346759862f,0.22982746840582888f,-0.5442394478875655f,-0.21239779859025712f,0.16408535772817226f,1.2536712301559332f,0.18767034566642307f,0.6699543565264501f,0.5675325869498704f,0.09655826235752547f,-1.1412357255644037f,-0.8656034592551191f,0f,0f,0f,1f],start_interpolation:0}
execute if entity @s[tag=aj.dino.bone.body_1] run data modify entity @s {} merge value {transformation:[-1.0222824800441894f,0.08869286818675749f,-0.689693193517058f,-0.05802788624110528f,-0.013756509162470388f,1.2234499977109545f,0.17772297716665186f,0.5462282142857144f,0.6952365672967832f,0.15462300375468666f,-1.0106148807827409f,-0.641064612516806f,0f,0f,0f,1f],start_interpolation:0}