execute if entity @s[tag=aj.dino.bone.head_lower] run data modify entity @s {} merge value {transformation:[-0.9802539677070031f,-0.18000293657623095f,-0.08186025664882218f,0.4267405912664173f,-0.1893364086448494f,0.9738000103562514f,0.12595739038117343f,0.30387059306468817f,0.0570428186202985f,0.13896935868779886f,-0.9886524334617065f,0.0805489664455451f,0f,0f,0f,1f],start_interpolation:0}
execute if entity @s[tag=aj.dino.bone.head_upper] run data modify entity @s {} merge value {transformation:[-1.0203459465470663f,-0.12731923158924213f,-0.16172787396117927f,0.412415833457488f,-0.1970801888682535f,0.8402497386339589f,0.5819035302047276f,0.36279189584668736f,0.059375846134027625f,0.6010342191394729f,-0.8477643062212397f,0.035620825108690746f,0f,0f,0f,1f],start_interpolation:0}
execute if entity @s[tag=aj.dino.bone.neck_0] run data modify entity @s {} merge value {transformation:[-0.9789764730389487f,-0.09983268954864385f,-0.1778721432200792f,0.4028510906771272f,-0.13740954992593088f,0.9672543514642983f,0.21339549002388225f,0.36093449708282066f,0.15074375882726754f,0.23335049533023025f,-0.960637218466869f,-0.030332203780621153f,0f,0f,0f,1f],start_interpolation:0}
execute if entity @s[tag=aj.dino.bone.neck_1] run data modify entity @s {} merge value {transformation:[-0.9348247479354173f,0.018287178075273847f,-0.3546382237795678f,0.37289282523980627f,-0.11624145379399697f,0.9278944620703301f,0.35425949765542025f,0.3952196199900917f,0.33554525040200117f,0.37239420830251363f,-0.8652929784503065f,-0.10191830245733058f,0f,0f,0f,1f],start_interpolation:0}
execute if entity @s[tag=aj.dino.bone.neck_2] run data modify entity @s {} merge value {transformation:[-0.923302440959366f,0.1275719249518263f,-0.3622678656499388f,0.3424044520776107f,0.014889650354526746f,0.9544050655310031f,0.29814303480222637f,0.4306834080062423f,0.38378496691610586f,0.26988214993372056f,-0.8831040280263456f,-0.17664252366845384f,0f,0f,0f,1f],start_interpolation:0}
execute if entity @s[tag=aj.dino.bone.body_0] run data modify entity @s {} merge value {transformation:[-0.8656348299864447f,0.046138843967618554f,-0.4985454324248401f,0.1078813894835017f,0.0037321788028167498f,0.996311818003885f,0.08572532967085891f,0.4805765498663913f,0.5006619737464819f,0.0723461704800288f,-0.862614409606721f,-0.58250027240553f,0f,0f,0f,1f],start_interpolation:0}
execute if entity @s[tag=aj.dino.bone.leg_left_3] run data modify entity @s {} merge value {transformation:[-0.013302118216034942f,0.10640883524834832f,-0.9942334803415422f,0.15836341961210598f,-0.12279400921534853f,0.9866214309816415f,0.10723704224081493f,0.08345226063077313f,0.9923430278647536f,0.12351239496029293f,-0.000057787413310805835f,-1.2296518141956385f,0f,0f,0f,1f],start_interpolation:0}
execute if entity @s[tag=aj.dino.bone.leg_left_2] run data modify entity @s {} merge value {transformation:[-0.6892991065838291f,-0.10592892822720422f,-0.7521356282799432f,0.10935781674913425f,-0.41973476449943287f,0.8996322961700474f,0.25796639056107173f,0.3004763921960033f,0.6330494993553307f,0.481147579598129f,-0.6479255647939208f,-1.1365387148357207f,0f,0f,0f,1f],start_interpolation:0}
execute if entity @s[tag=aj.dino.bone.leg_left_1] run data modify entity @s {} merge value {transformation:[-0.7680024209070343f,0.6380994832548923f,-0.05478440426593728f,0.3009103133152628f,-0.14727176663852978f,-0.09270745962672342f,0.9847417700497552f,0.22599667109919502f,0.6232842916615987f,0.7643522593669742f,0.16517359161954592f,-0.9500613760934743f,0f,0f,0f,1f],start_interpolation:0}
execute if entity @s[tag=aj.dino.bone.leg_left_0] run data modify entity @s {} merge value {transformation:[-0.7523699616028444f,-0.24251607080946094f,-0.6124748127693702f,0.16806761235357692f,-0.16954130207078968f,0.9697328034647515f,-0.1757100929842523f,0.6013356649509735f,0.6365494385904961f,-0.028359218669311903f,-0.7707143225259216f,-0.824439980384018f,0f,0f,0f,1f],start_interpolation:0}
execute if entity @s[tag=aj.dino.bone.leg_right_3] run data modify entity @s {} merge value {transformation:[-0.9927664530331329f,-0.05195472009475833f,-0.10823805611654516f,-0.22594337311687285f,-0.05137634173393415f,0.998646293221757f,-0.00812727165056698f,0.04188315797992334f,0.10851378365005572f,-0.0025076072897096124f,-0.9940917818107285f,-0.299549965094184f,0f,0f,0f,1f],start_interpolation:0}
execute if entity @s[tag=aj.dino.bone.leg_right_2] run data modify entity @s {} merge value {transformation:[-1.0016595241844282f,0.21248714665679552f,0.05991335090756972f,-0.17300738401058235f,0.06654369935982211f,0.5559934827943133f,-0.8593633589270915f,0.1448230201099328f,-0.21050494812908696f,-0.8353338608583978f,-0.5567469867159295f,-0.5111444780381849f,0f,0f,0f,1f],start_interpolation:0}
execute if entity @s[tag=aj.dino.bone.leg_right_1] run data modify entity @s {} merge value {transformation:[-0.9564425837885644f,0.10766985508193158f,-0.27133887709373933f,-0.1484142043802942f,-0.10929307556410378f,0.7298198125928215f,0.6748466972436908f,0.30512427826753685f,0.2706891345244479f,0.6751075791706198f,-0.6862631776489182f,-0.2859510771390306f,0f,0f,0f,1f],start_interpolation:0}
execute if entity @s[tag=aj.dino.bone.leg_right_0] run data modify entity @s {} merge value {transformation:[-0.9384741090377179f,-0.3013039101873015f,-0.1687670002450257f,-0.14385555970853442f,-0.031109298915045686f,0.5604540945836095f,-0.8276010025280786f,0.596165917845846f,0.34394557445455864f,-0.7714318904286424f,-0.5353450104771826f,-0.5852523657342842f,0f,0f,0f,1f],start_interpolation:0}
execute if entity @s[tag=aj.dino.bone.tail_4] run data modify entity @s {} merge value {transformation:[2.136423689158835f,0.516479634903393f,1.6717068937858137f,0.6468420624580195f,-0.2990869889363809f,2.7073768413801402f,-0.45422345096600103f,0.5834744486354605f,-1.7239205680801897f,0.17035479766813624f,2.1505205066358997f,-1.702906632773219f,0f,0f,0f,1f],start_interpolation:0}
execute if entity @s[tag=aj.dino.bone.tail_3] run data modify entity @s {} merge value {transformation:[0.2186284802506554f,0.4554745737679857f,2.020071787417122f,0.299855361021501f,0.10573413049837277f,2.0261940758864987f,-0.46829839475985285f,0.6430526511037628f,-2.068083027181328f,0.15174322237837667f,0.1896104247956447f,-1.736542480489846f,0f,0f,0f,1f],start_interpolation:0}
execute if entity @s[tag=aj.dino.bone.tail_2] run data modify entity @s {} merge value {transformation:[-0.5126545926750213f,0.5326281016803717f,1.8089406980087406f,-0.03667510324737164f,0.5386284705509727f,1.8378587259487136f,-0.3884952369963738f,0.7161086770569481f,-1.8071631122629481f,0.3966818419808401f,-0.6289506156460611f,-1.6208638408883826f,0f,0f,0f,1f],start_interpolation:0}
execute if entity @s[tag=aj.dino.bone.tail_1] run data modify entity @s {} merge value {transformation:[-1.1491551662019528f,0.4060571945479615f,0.8956652325211706f,-0.23327802749401877f,0.5271964187860967f,1.4172409797345613f,0.03388497277756461f,0.6909890334406393f,-0.8301581716820464f,0.3379375831671594f,-1.2183151685309765f,-1.3620338374477365f,0f,0f,0f,1f],start_interpolation:0}
execute if entity @s[tag=aj.dino.bone.tail_0] run data modify entity @s {} merge value {transformation:[-1.2590830047350565f,0.20976867118023426f,-0.06740035877240214f,-0.20851998442496658f,0.19037392722137753f,1.2325894522379766f,0.2798512580818999f,0.6389545706286203f,0.11092101516700703f,0.2656239134697614f,-1.245381942044832f,-0.991694310413372f,0f,0f,0f,1f],start_interpolation:0}
execute if entity @s[tag=aj.dino.bone.body_1] run data modify entity @s {} merge value {transformation:[-0.9810336165921598f,0.08387662559825067f,-0.7477582161705805f,-0.04032635955350484f,-0.016259438713325546f,1.2260120116718682f,0.15885456539009696f,0.5194425f,0.752272071012267f,0.1358817646735568f,-0.9717136781276494f,-0.7749370929241061f,0f,0f,0f,1f],start_interpolation:0}