execute if entity @s[tag=aj.dino.bone.head_lower] run data modify entity @s {} merge value {transformation:[-0.9831364794301458f,-0.17120674621736284f,-0.06427217798832233f,0.06309519081193948f,-0.17648903104224287f,0.9803380842053981f,0.08825453290488555f,0.2630994505319901f,0.047898692419201576f,0.09810958518999457f,-0.9940222455047866f,0.5355267391378983f,0f,0f,0f,1f],start_interpolation:0}
execute if entity @s[tag=aj.dino.bone.head_upper] run data modify entity @s {} merge value {transformation:[-1.0233463517986392f,-0.11502669042240694f,-0.1516675553122404f,0.049739059217497175f,-0.18370735887477435f,0.814028517909018f,0.6221584371441161f,0.3242111812745039f,0.049857728981358415f,0.638434315419231f,-0.8206020803894581f,0.49330794467046585f,0f,0f,0f,1f],start_interpolation:0}
execute if entity @s[tag=aj.dino.bone.neck_0] run data modify entity @s {} merge value {transformation:[-0.9879386691156022f,-0.15482950139211704f,0.002238652443219663f,0.05271621547731624f,-0.15284843448319663f,0.9774085313881595f,0.14597917264348678f,0.31783468433354667f,-0.02478996051084071f,0.14387629501870483f,-0.9892851305814526f,0.4270115414372325f,0f,0f,0f,1f],start_interpolation:0}
execute if entity @s[tag=aj.dino.bone.neck_1] run data modify entity @s {} merge value {transformation:[-0.9902224585302616f,-0.1236863187334153f,-0.06450718704501512f,0.04668180266815849f,-0.13785270038541333f,0.9384346274045099f,0.31676029278400425f,0.34899168963531874f,0.02135686350412945f,0.32255564581376434f,-0.9463095369565561f,0.348332676885148f,0f,0f,0f,1f],start_interpolation:0}
execute if entity @s[tag=aj.dino.bone.neck_2] run data modify entity @s {} merge value {transformation:[-0.9970170057473055f,-0.01433005280964441f,0.07584022571927466f,0.05318567506957042f,0.008779811593465699f,0.9551775764507687f,0.2959032145043695f,0.38426681595944867f,-0.07668119169040721f,0.2956863998091702f,-0.9522024720661203f,0.267807553471747f,0f,0f,0f,1f],start_interpolation:0}
execute if entity @s[tag=aj.dino.bone.body_0] run data modify entity @s {} merge value {transformation:[-0.9961075763243016f,-0.011939199672743676f,0.08733356686005697f,0.09423192182895707f,0.003445523720489752f,0.9847533027253283f,0.17392257224940427f,0.4756168782010341f,-0.08807851472190724f,0.17354650178765357f,-0.980879088859402f,-0.1928238354484513f,0f,0f,0f,1f],start_interpolation:0}
execute if entity @s[tag=aj.dino.bone.leg_left_3] run data modify entity @s {} merge value {transformation:[-0.7470713341547233f,-0.11862094954703274f,-0.654074530931179f,0.624669086272711f,-0.39982826923009307f,0.8662516550461008f,0.29957540829373674f,0.17684993331183044f,0.5310572255498928f,0.4853216876036462f,-0.6945797886008479f,-0.6809052761732575f,0f,0f,0f,1f],start_interpolation:0}
execute if entity @s[tag=aj.dino.bone.leg_left_2] run data modify entity @s {} merge value {transformation:[-0.8917733338114713f,-0.506566152159412f,-0.013901585876278202f,0.5047761526489478f,-0.4380215116355121f,0.7563756375324654f,0.5367450510182573f,0.3690682853801531f,-0.25483264301892167f,0.4725979559143882f,-0.8739414715060881f,-0.5981474266286864f,0f,0f,0f,1f],start_interpolation:0}
execute if entity @s[tag=aj.dino.bone.leg_left_1] run data modify entity @s {} merge value {transformation:[-0.974910275339831f,-0.14961097078274382f,-0.1648226697340494f,0.49228905100011067f,-0.0979479065540101f,-0.3765906747075348f,0.921187098978818f,0.21985475201894988f,-0.19989037655300337f,0.9142188037580328f,0.35248803698385256f,-0.36449644885619276f,0f,0f,0f,1f],start_interpolation:0}
execute if entity @s[tag=aj.dino.bone.leg_left_0] run data modify entity @s {} merge value {transformation:[-0.9750919045525617f,-0.12377532859385693f,0.18405283401116246f,0.3153283626429725f,-0.12375275123371059f,0.9922446382004769f,0.011654806926409023f,0.5941040423056764f,-0.18406801525019262f,-0.01141253669817828f,-0.982847251493317f,-0.31037009612018807f,0f,0f,0f,1f],start_interpolation:0}
execute if entity @s[tag=aj.dino.bone.leg_right_3] run data modify entity @s {} merge value {transformation:[-0.6674580855640321f,-0.009600107464042884f,0.7445854833072397f,-0.3085728366424837f,-0.03248879512211079f,0.9993401729434732f,-0.016238747883437488f,0.023075334018976407f,-0.7439382919346945f,-0.03502936879230256f,-0.6673295745846287f,-0.30655944775250515f,0f,0f,0f,1f],start_interpolation:0}
execute if entity @s[tag=aj.dino.bone.leg_right_2] run data modify entity @s {} merge value {transformation:[-0.5186622855760744f,0.7060669247010464f,0.533405222007531f,-0.12670040969734997f,0.14443059439796874f,0.677531583812944f,-0.7564079295185018f,0.15740650291319086f,-0.8730357589603912f,-0.3073803023614622f,-0.442027276078438f,-0.3905155639479117f,0f,0f,0f,1f],start_interpolation:0}
execute if entity @s[tag=aj.dino.bone.leg_right_1] run data modify entity @s {} merge value {transformation:[-0.8358998767094956f,-0.4804134069293198f,0.26547006339625884f,-0.28794072457297204f,-0.10930910940970026f,0.619670831742817f,0.7772126986142359f,0.28235429696525544f,-0.5378874554375741f,0.6206537027439125f,-0.570496333514215f,-0.20235872702695706f,0f,0f,0f,1f],start_interpolation:0}
execute if entity @s[tag=aj.dino.bone.leg_right_0] run data modify entity @s {} merge value {transformation:[-0.8808312447283689f,0.35689432730663384f,0.31106712691413974f,-0.07071601740678529f,-0.03544532694509807f,0.6054912243360999f,-0.795062265517441f,0.588934295200549f,-0.47210162794469085f,-0.7113415609876285f,-0.5206853526878366f,-0.3843735886264015f,0f,0f,0f,1f],start_interpolation:0}
execute if entity @s[tag=aj.dino.bone.tail_4] run data modify entity @s {} merge value {transformation:[2.6695058947219836f,0.5898854321964995f,-0.38914622769201945f,1.2252832248154382f,-0.6779036572783542f,2.567093617649843f,-0.7590377601081967f,0.33045991627416804f,0.1996152326181837f,0.8292929920744456f,2.6264211817229546f,-0.39527158065495716f,0f,0f,0f,1f],start_interpolation:0}
execute if entity @s[tag=aj.dino.bone.tail_3] run data modify entity @s {} merge value {transformation:[1.754639990564432f,0.46169421147569106f,1.0217741847621387f,1.04751004153453f,-0.016527520733997877f,1.908012138170992f,-0.8337637841109367f,0.4531640463627386f,-1.1211203640175667f,0.6944592585072514f,1.611446863443881f,-0.6753092481215776f,0f,0f,0f,1f],start_interpolation:0}
execute if entity @s[tag=aj.dino.bone.tail_2] run data modify entity @s {} merge value {transformation:[1.4278289549595335f,0.22710706995315746f,1.3147245830055945f,0.8042154548518183f,0.47413859019701315f,1.713578923797306f,-0.8109338716605882f,0.6046732323797588f,-1.2471050267190538f,0.9115061852218745f,1.1969375094954249f,-0.8985225869086872f,0f,0f,0f,1f],start_interpolation:0}
execute if entity @s[tag=aj.dino.bone.tail_1] run data modify entity @s {} merge value {transformation:[0.24149083578083572f,0.1680582283501795f,1.4836087281078096f,0.48267435743586007f,0.6127574584166973f,1.3593416787024855f,-0.25372179192378935f,0.6420693722200979f,-1.3615677446930738f,0.6415628437075421f,0.14895181833502014f,-0.9371169957836939f,0f,0f,0f,1f],start_interpolation:0}
execute if entity @s[tag=aj.dino.bone.tail_0] run data modify entity @s {} merge value {transformation:[-0.7895347712418512f,0.03902962910303308f,1.0044636626758505f,0.1900885837698269f,0.25982053725388077f,1.2417732274568474f,0.15597517936049002f,0.6264559996139069f,-0.9710632574684359f,0.3005189781153794f,-0.7749581991122526f,-0.7034041400292654f,0f,0f,0f,1f],start_interpolation:0}
execute if entity @s[tag=aj.dino.bone.body_1] run data modify entity @s {} merge value {transformation:[-1.214153189779307f,-0.04241394459043992f,0.2294290393765864f,0.13960642606217813f,-0.016259438713325546f,1.2281927032845708f,0.1410067704314789f,0.51094640625f,-0.23274934469878053f,0.13545602961502773f,-1.206683057658253f,-0.4319911569184419f,0f,0f,0f,1f],start_interpolation:0}