execute if entity @s[tag=aj.dino.bone.head_lower] run data modify entity @s {} merge value {transformation:[-0.9293513153382054f,-0.05947671011682634f,-0.3643743317425456f,-0.8052164528075474f,-0.09900652774178781f,0.9909382388045089f,0.0907695672542978f,0.16610602960430768f,0.35567378332351446f,0.12043225410452513f,-0.926818338202067f,0.7061446602669592f,0f,0f,0f,1f],start_interpolation:0}
execute if entity @s[tag=aj.dino.bone.head_upper] run data modify entity @s {} merge value {transformation:[-0.9673613969058233f,0.19232326332453165f,-0.33270953209086784f,-0.8241343000217584f,-0.10305585347370705f,0.7383383081189493f,0.7264351150738517f,0.2327317526843172f,0.3702206928640365f,0.7080538452206566f,-0.6671344193091995f,0.6761682600053781f,0f,0f,0f,1f],start_interpolation:0}
execute if entity @s[tag=aj.dino.bone.neck_0] run data modify entity @s {} merge value {transformation:[-0.978621959455144f,-0.20313092559994064f,0.03220073814504684f,-0.8184387269032941f,-0.2021478908019591f,0.9788535387246519f,0.031336559647571094f,0.21893472414050766f,-0.03788523084915388f,0.02415733410660159f,-0.9989900562529983f,0.6111918126993702f,0f,0f,0f,1f],start_interpolation:0}
execute if entity @s[tag=aj.dino.bone.neck_1] run data modify entity @s {} merge value {transformation:[-0.9248614356935538f,-0.30094218062786854f,0.2325190931639845f,-0.8001277109075868f,-0.2515605850981084f,0.9426391751670067f,0.21942802342809986f,0.24186577856777272f,-0.28521675405199415f,0.14444787765629769f,-0.9475158119253926f,0.5315902406006359f,0f,0f,0f,1f],start_interpolation:0}
execute if entity @s[tag=aj.dino.bone.neck_2] run data modify entity @s {} merge value {transformation:[-0.7507293890761321f,-0.26174830624592144f,0.6065420088953188f,-0.7495527613741292f,-0.08119809112211519f,0.9477540120329726f,0.30849506101966817f,0.2781713637501137f,-0.6556006821042077f,0.18234625538462662f,-0.7327602532695823f,0.469180230518946f,0f,0f,0f,1f],start_interpolation:0}
execute if entity @s[tag=aj.dino.bone.body_0] run data modify entity @s {} merge value {transformation:[-0.5282200008321137f,-0.31667245511813086f,0.7878465503449116f,-0.3812603375967053f,0.01678980301021283f,0.9237757376083292f,0.38256566641697687f,0.46727324633157713f,-0.8489415369952162f,0.21530662501568043f,-0.4826399527479642f,0.2437648954252089f,0f,0f,0f,1f],start_interpolation:0}
execute if entity @s[tag=aj.dino.bone.leg_left_3] run data modify entity @s {} merge value {transformation:[-0.6456546649069259f,-0.21670779008561666f,0.7322347898045639f,-0.11689618365881035f,-0.18029469477792923f,0.9750385843045191f,0.12959005421857472f,0.042040494291440494f,-0.7420403470963413f,-0.04834762490183078f,-0.6686094752899432f,0.6717721860032587f,0f,0f,0f,1f],start_interpolation:0}
execute if entity @s[tag=aj.dino.bone.leg_left_2] run data modify entity @s {} merge value {transformation:[0.06182915285182125f,-0.16862592389278439f,1.0098537781033579f,-0.12489771626702939f,-0.417855198475706f,0.9194443013675299f,0.17911283954618737f,0.2612487634985253f,-0.9346851814729648f,-0.4221962505456138f,-0.013271663828273104f,0.5714986488502816f,0f,0f,0f,1f],start_interpolation:0}
execute if entity @s[tag=aj.dino.bone.leg_left_1] run data modify entity @s {} merge value {transformation:[0.13819803441107645f,-0.9896418703251859f,0.03886221537925283f,-0.39856589252541075f,-0.026151305615696865f,0.03557878187972868f,0.99902465409746f,0.21845070498334007f,-0.9900592974663232f,-0.1390795411957605f,-0.02096350927844489f,0.5545445593581275f,0f,0f,0f,1f],start_interpolation:0}
execute if entity @s[tag=aj.dino.bone.leg_left_0] run data modify entity @s {} merge value {transformation:[0.11056840157132523f,0.5742704375413485f,0.8111646522994146f,-0.22626611743574965f,-0.03812634345605404f,0.8180190557904081f,-0.573926133137741f,0.5819195817673943f,-0.9931369545579467f,0.0325313530280735f,0.11234189139199009f,0.44269447362797154f,0f,0f,0f,1f],start_interpolation:0}
execute if entity @s[tag=aj.dino.bone.leg_right_3] run data modify entity @s {} merge value {transformation:[0.758209378564983f,-0.054509632958201215f,0.6497285880818727f,-0.2119478441311538f,0.12843475999666093f,0.9894611374579456f,-0.06686680704974546f,0.015300143821359802f,-0.6392363026930667f,0.13414677549307694f,0.7572196457726832f,-0.12793063972769195f,0f,0f,0f,1f],start_interpolation:0}
execute if entity @s[tag=aj.dino.bone.leg_right_2] run data modify entity @s {} merge value {transformation:[0.6961729465757476f,0.140758077082261f,0.7399949943701236f,-0.15734820846511646f,0.304505872048213f,0.8690425486934699f,-0.45177806714050334f,0.20343833048319054f,-0.6889714085830358f,0.5263215859122217f,0.5480567359851034f,0.01276042100734448f,0f,0f,0f,1f],start_interpolation:0}
execute if entity @s[tag=aj.dino.bone.leg_right_1] run data modify entity @s {} merge value {transformation:[0.40035274980490465f,-0.8492475982360016f,0.3442327593562731f,-0.39834578136896903f,-0.10685284920403337f,0.32982495364351283f,0.9379754626700179f,0.24116672095136982f,-0.9101099627740767f,-0.41230330685605354f,0.041301801594256435f,-0.11956540438928193f,0f,0f,0f,1f],start_interpolation:0}
execute if entity @s[tag=aj.dino.bone.leg_right_0] run data modify entity @s {} merge value {transformation:[0.32052076794634243f,0.6919113558675041f,0.6469351690368048f,-0.2166122146591646f,-0.04265721709331853f,0.6928179734821321f,-0.7198497186565853f,0.5767498346622669f,-0.9462805076429188f,0.20313033067886152f,0.2515775618240943f,0.049739536730241146f,0f,0f,0f,1f],start_interpolation:0}
execute if entity @s[tag=aj.dino.bone.tail_4] run data modify entity @s {} merge value {transformation:[2.659104608590134f,-0.008982091148424787f,-0.744810938569856f,0.41524181461829135f,-0.18265111465065464f,2.669092516122175f,-0.6842843285487907f,0.09042227157543062f,0.7221236614954402f,0.7081848586486419f,2.5695666862506648f,1.3992023172916717f,0f,0f,0f,1f],start_interpolation:0}
execute if entity @s[tag=aj.dino.bone.tail_3] run data modify entity @s {} merge value {transformation:[2.0653372289135588f,-0.057420421850966914f,-0.25890259184211195f,0.4597040305818367f,-0.03274155476186052f,1.962131423929292f,-0.6963575172750195f,0.18929777683909094f,0.26316467753078515f,0.694758012856354f,1.9452509303728533f,1.0625608919660998f,0f,0f,0f,1f],start_interpolation:0}
execute if entity @s[tag=aj.dino.bone.tail_2] run data modify entity @s {} merge value {transformation:[1.8917507451780275f,-0.4518794993626362f,-0.189361852485991f,0.4961973049616034f,0.2691736306573914f,1.5896209172268572f,-1.1042756771188702f,0.3951575073129069f,0.4093880184859725f,1.0429209618055406f,1.601090626026369f,0.7654725275634671f,0f,0f,0f,1f],start_interpolation:0}
execute if entity @s[tag=aj.dino.bone.tail_1] run data modify entity @s {} merge value {transformation:[1.4418173013668258f,-0.34383503834618134f,0.3009926674933528f,0.43425259750613265f,0.44993261199845497f,1.242297022800858f,-0.7361487633626591f,0.5379528572447304f,-0.07987342574055337f,0.7912849193214821f,1.2865242564036108f,0.47903052949940467f,0f,0f,0f,1f],start_interpolation:0}
execute if entity @s[tag=aj.dino.bone.tail_0] run data modify entity @s {} merge value {transformation:[0.7972861627488691f,-0.12895138955465138f,0.9907280304933014f,0.1416270135975024f,0.35924963137166327f,1.2197481604790537f,-0.1303450956166607f,0.6054774195888091f,-0.9322607970050737f,0.35975224908805914f,0.7970594972946343f,0.2547926816165036f,0f,0f,0f,1f],start_interpolation:0}
execute if entity @s[tag=aj.dino.bone.body_1] run data modify entity @s {} merge value {transformation:[0.030362614911009063f,-0.11077438674723054f,1.2310206098651602f,-0.1371065932869101f,-0.01625943871332555f,1.2312496371575479f,0.11119602829411034f,0.4966925f,-1.2358876718070875f,-0.018919865127214164f,0.028780139594426005f,0.24937608948737305f,0f,0f,0f,1f],start_interpolation:0}