execute if entity @s[tag=aj.dino.bone.head_lower] run data modify entity @s {} merge value {transformation:[-0.9970884982571975f,-0.030388220968502168f,-0.06993627577714195f,0.2273272043604273f,-0.048332474900141725f,0.961250925418969f,0.2714049193570437f,0.19292097704807049f,0.0589787971497735f,0.2739949167549385f,-0.9599209796015608f,0.413087701199581f,0f,0f,0f,1f],start_interpolation:0}
execute if entity @s[tag=aj.dino.bone.head_upper] run data modify entity @s {} merge value {transformation:[-1.037869002382376f,0.016552178476031465f,-0.07762668268718309f,0.22202531593673508f,-0.050309252985026316f,0.6502076741292706f,0.8112773275218536f,0.2634329226982856f,0.06139100537870043f,0.8126671818614365f,-0.6475145856021238f,0.386717035838982f,0f,0f,0f,1f],start_interpolation:0}
execute if entity @s[tag=aj.dino.bone.neck_0] run data modify entity @s {} merge value {transformation:[-0.9936716210526766f,0.011615593723158603f,-0.1117219203961549f,0.2149337043625065f,-0.028476863759535724f,0.9360915655514142f,0.3506018384634113f,0.2709181752577944f,0.1086543958842305f,0.35156458707606136f,-0.9298368477152706f,0.3208503804381077f,0f,0f,0f,1f],start_interpolation:0}
execute if entity @s[tag=aj.dino.bone.neck_1] run data modify entity @s {} merge value {transformation:[-0.9786112713809249f,0.07554869155164075f,-0.1913436038414796f,0.19907243311072473f,-0.032349612838767396f,0.8620380338960733f,0.5058101725605908f,0.31773823709959625f,0.20315876076456038f,0.5011814275503709f,-0.8411561654075779f,0.25190229324246105f,0f,0f,0f,1f],start_interpolation:0}
execute if entity @s[tag=aj.dino.bone.neck_2] run data modify entity @s {} merge value {transformation:[-0.9699976955933746f,0.14651059589842436f,-0.19400803033130254f,0.18351030489644315f,0.025575144979816316f,0.8550789506595023f,0.5178666817804617f,0.37147899977497884f,0.24176513913880213f,0.4973677044486634f,-0.8331716414212995f,0.1837797493480122f,0f,0f,0f,1f],start_interpolation:0}
execute if entity @s[tag=aj.dino.bone.body_0] run data modify entity @s {} merge value {transformation:[-0.9534589186071866f,0.10104668659059492f,-0.28408741200108917f,0.05058356894625848f,0.004557492350799359f,0.9468970299771441f,0.32150465608438084f,0.5320233163769069f,0.3014885068985f,0.3052467555102357f,-0.9032879377355747f,-0.23902861147231827f,0f,0f,0f,1f],start_interpolation:0}
execute if entity @s[tag=aj.dino.bone.leg_left_3] run data modify entity @s {} merge value {transformation:[-0.6852052367936711f,0.33769794726789215f,-0.6453323793841286f,0.28985560519642634f,-0.06673068173992187f,0.8531862847070173f,0.517320190696596f,0.12848699997905058f,0.7252867016463589f,0.39753397338955687f,-0.5620728959984256f,-0.5709979414110061f,0f,0f,0f,1f],start_interpolation:0}
execute if entity @s[tag=aj.dino.bone.leg_left_2] run data modify entity @s {} merge value {transformation:[-0.9092392345046367f,-0.14222591792932368f,-0.4528995497980516f,0.24129575153936764f,-0.2473436468813f,0.9771893522348426f,0.18969525488794461f,0.3617471286539284f,0.40517568323577274f,0.27737151556838835f,-0.9005331240806275f,-0.5335449702418167f,0f,0f,0f,1f],start_interpolation:0}
execute if entity @s[tag=aj.dino.bone.leg_left_1] run data modify entity @s {} merge value {transformation:[-0.9392683933461744f,0.33588031706851373f,0.0704222824598206f,0.3475151207450997f,0.08583780874156659f,0.03125191807670602f,0.9958188531088237f,0.3157132869150179f,0.3322751207227865f,0.9413860686362856f,-0.0581851692974778f,-0.2813313372239741f,0f,0f,0f,1f],start_interpolation:0}
execute if entity @s[tag=aj.dino.bone.leg_left_0] run data modify entity @s {} merge value {transformation:[-0.9287226262336743f,-0.21719121809903885f,-0.30050334158255665f,0.178713836138572f,0.06132127718265222f,0.7093376539150826f,-0.702196406785833f,0.6585156493859519f,0.3656692282463965f,-0.6705729397454855f,-0.6454594859437596f,-0.4495572126533668f,0f,0f,0f,1f],start_interpolation:0}
execute if entity @s[tag=aj.dino.bone.leg_right_3] run data modify entity @s {} merge value {transformation:[-0.9993583112226304f,-0.030090248159832578f,0.019430459488443234f,-0.25212704111691714f,-0.029418184143684276f,0.9989889774620002f,0.03399401934334578f,0.010075899835257307f,-0.02043370333396818f,0.033400596927407766f,-0.9992331379077417f,-0.20472347819547887f,0f,0f,0f,1f],start_interpolation:0}
execute if entity @s[tag=aj.dino.bone.leg_right_2] run data modify entity @s {} merge value {transformation:[-1.0113896349272418f,0.15521075490849018f,0.07115354821210045f,-0.212179628240048f,0.08353362837385753f,0.8225873080224723f,-0.6069880172719517f,0.18293156622210294f,-0.1489138636700203f,-0.5927241700333921f,-0.8237505198576734f,-0.3681131806507441f,0f,0f,0f,1f],start_interpolation:0}
execute if entity @s[tag=aj.dino.bone.leg_right_1] run data modify entity @s {} merge value {transformation:[-0.9585250558229339f,0.051901886209417436f,-0.28024259413505737f,-0.20230611697257153f,-0.20515709733250548f,0.5568960684790992f,0.8048461556885412f,0.2874509712845351f,0.19783903248283102f,0.8289589634719122f,-0.5231507948056948f,-0.11122489092072962f,0f,0f,0f,1f],start_interpolation:0}
execute if entity @s[tag=aj.dino.bone.leg_right_0] run data modify entity @s {} merge value {transformation:[-0.9610333741449382f,-0.26420992007294836f,-0.08128943298265595f,-0.1876812942873075f,-0.1561779294751639f,0.761590746634395f,-0.6289578594673222f,0.6558370372206564f,0.22808618573786144f,-0.591753878547417f,-0.7731778832194067f,-0.3071460473842044f,0f,0f,0f,1f],start_interpolation:0}
execute if entity @s[tag=aj.dino.bone.tail_4] run data modify entity @s {} merge value {transformation:[-1.501907893191251f,1.4971031669380523f,1.7687894503060193f,0.07285804242500794f,2.1221663502988504f,1.735223436356423f,0.33327306998715617f,0.7078680811421318f,-0.9307760168961567f,1.5405658262675637f,-2.094271776276295f,-2.0551350874148238f,0f,0f,0f,1f],start_interpolation:0}
execute if entity @s[tag=aj.dino.bone.tail_3] run data modify entity @s {} merge value {transformation:[-1.623559730776062f,0.9318040038656944f,0.9119981496837949f,-0.09090157536897485f,1.087902506123761f,1.7709331614104227f,0.1273161459948026f,0.6689499963584031f,-0.718656707904717f,0.5757452233767902f,-1.8676176000420452f,-1.7440902776341416f,0f,0f,0f,1f],start_interpolation:0}
execute if entity @s[tag=aj.dino.bone.tail_2] run data modify entity @s {} merge value {transformation:[-1.7879593513187764f,0.6002744709954718f,0.511513237859611f,-0.18717002962847654f,0.5544136710071553f,1.8581003758330312f,-0.2426156419777861f,0.7149038130648916f,-0.560892783368521f,-0.07685979314979915f,-1.8703651335407374f,-1.3968265228111925f,0f,0f,0f,1f],start_interpolation:0}
execute if entity @s[tag=aj.dino.bone.tail_1] run data modify entity @s {} merge value {transformation:[-1.4697579797077522f,0.2840289672315546f,0.21632215988835707f,-0.23578794015597268f,0.2738635112300215f,1.4848423020849995f,-0.08887274697950856f,0.7156159319411585f,-0.22905568821173464f,-0.047192517545648335f,-1.4943100775895053f,-1.0744719530258788f,0f,0f,0f,1f],start_interpolation:0}
execute if entity @s[tag=aj.dino.bone.tail_0] run data modify entity @s {} merge value {transformation:[-1.2146677163666828f,0.22906800954801734f,-0.32549332159398436f,-0.13514340729832547f,0.20754179483726376f,1.2564701060755987f,0.10974968117552326f,0.7138653861464133f,0.3396239962021273f,0.05144352363622952f,-1.2311965000208593f,-0.7134462961868284f,0f,0f,0f,1f],start_interpolation:0}
execute if entity @s[tag=aj.dino.bone.body_1] run data modify entity @s {} merge value {transformation:[-1.1523540797792426f,0.07004555590123607f,-0.44246840561883277f,-0.0369937662548824f,-0.008424537884105422f,1.2175561137968174f,0.21468752169998384f,0.5819424999999999f,0.4478992041004587f,0.20311406871688764f,-1.1343436750437221f,-0.4634084552889456f,0f,0f,0f,1f],start_interpolation:0}