execute if entity @s[tag=aj.dino.bone.head_lower] run data modify entity @s {} merge value {transformation:[-0.9962548106044453f,-0.03738927710381957f,-0.07796405777763724f,0.2633117290404502f,-0.05784462098775795f,0.9583882580861209f,0.2795459650673444f,0.1918777157176898f,0.0642678159756779f,0.2830088138562192f,-0.9569616811081896f,0.3589304243557388f,0f,0f,0f,1f],start_interpolation:0}
execute if entity @s[tag=aj.dino.bone.head_upper] run data modify entity @s {} merge value {transformation:[-1.0370012172519962f,0.01289294522181626f,-0.0890740701040032f,0.25713879015651425f,-0.060210441884231844f,0.6663144405025f,0.797415645475716f,0.2617926730957411f,0.06689634287082648f,0.799581628681434f,-0.6630731791960532f,0.33119506691875367f,0f,0f,0f,1f],start_interpolation:0}
execute if entity @s[tag=aj.dino.bone.neck_0] run data modify entity @s {} merge value {transformation:[-0.9915221704245402f,0.012629763348542766f,-0.1293223671078172f,0.24889194428124978f,-0.035842050636588414f,0.9300681203943384f,0.36563457007277966f,0.27035012195235203f,0.1248964889929796f,0.3671699613311279f,-0.9217304847586004f,0.265594031435516f,0f,0f,0f,1f],start_interpolation:0}
execute if entity @s[tag=aj.dino.bone.neck_1] run data modify entity @s {} merge value {transformation:[-0.9715745601002757f,0.08429956865015659f,-0.22121586039738078f,0.2305404150227491f,-0.04046003000809673f,0.8615712641524373f,0.5060216821031631f,0.3171859510786098f,0.23325063802206383f,0.5005881935405272f,-0.8336699588866878f,0.19727739123372023f,0f,0f,0f,1f],start_interpolation:0}
execute if entity @s[tag=aj.dino.bone.neck_2] run data modify entity @s {} merge value {transformation:[-0.9602933073764646f,0.16426721012224f,-0.2255062027675223f,0.21239265901789645f,0.028350081114325992f,0.8615585497164067f,0.506865996404743f,0.3700264105344556f,0.27754826014367695f,0.48034690494393495f,-0.832005897937028f,0.12909033094641875f,0f,0f,0f,1f],start_interpolation:0}
execute if entity @s[tag=aj.dino.bone.body_0] run data modify entity @s {} merge value {transformation:[-0.9377478688953264f,0.11156494587542393f,-0.3289106219538791f,0.05844111187151134f,0.004516846611142846f,0.950842052568363f,0.30964332572215064f,0.5250181078881131f,0.3472873917650413f,0.2888817299854669f,-0.89215403019974f,-0.28862655832883144f,0f,0f,0f,1f],start_interpolation:0}
execute if entity @s[tag=aj.dino.bone.leg_left_3] run data modify entity @s {} merge value {transformation:[-0.5926338253282919f,0.3371111682497814f,-0.731533464250285f,0.27641474171477076f,-0.07172541779558833f,0.8825099915836965f,0.46479197410991413f,0.11266737158337725f,0.8022721567640272f,0.3279209889534525f,-0.49882583281641035f,-0.6706271480420636f,0f,0f,0f,1f],start_interpolation:0}
execute if entity @s[tag=aj.dino.bone.leg_left_2] run data modify entity @s {} merge value {transformation:[-0.8764092045717531f,-0.14000744901438583f,-0.5141663348208296f,0.22652952365700002f,-0.27251291357385465f,0.9682225728373541f,0.20085806153698776f,0.3441432906712167f,0.45793647766703416f,0.3082290758014107f,-0.8644947765910515f,-0.6247857260769432f,0f,0f,0f,1f],start_interpolation:0}
execute if entity @s[tag=aj.dino.bone.leg_left_1] run data modify entity @s {} merge value {transformation:[-0.9174218072290931f,0.39555251243403056f,0.0433063220284437f,0.34996300402722846f,0.05267547752904891f,0.012850413701985974f,0.9985289985447462f,0.2936270478423848f,0.39441414995863394f,0.9183534596084526f,-0.03262516724239517f,-0.38142247742604984f,0f,0f,0f,1f],start_interpolation:0}
execute if entity @s[tag=aj.dino.bone.leg_left_0] run data modify entity @s {} merge value {transformation:[-0.9051696293021488f,-0.2521937203841039f,-0.3421494842723499f,0.1735474951844371f,0.02773427622196098f,0.7682036514848611f,-0.6396045338861894f,0.6505413949223182f,0.42414473014698f,-0.5884398671437467f,-0.6883602041405323f,-0.5071085771057553f,0f,0f,0f,1f],start_interpolation:0}
execute if entity @s[tag=aj.dino.bone.leg_right_3] run data modify entity @s {} merge value {transformation:[-0.999406935635079f,-0.03372678075111399f,-0.00694847211027913f,-0.2550694828762571f,-0.03392240873557988f,0.9989656865222734f,0.030279156802321294f,0.013631586301266846f,0.005920066729125324f,0.030496908224434793f,-0.9995173292137929f,-0.20764881196425328f,0f,0f,0f,1f],start_interpolation:0}
execute if entity @s[tag=aj.dino.bone.leg_right_2] run data modify entity @s {} merge value {transformation:[-1.0102605006354421f,0.16645197495838482f,0.06107094553855664f,-0.2128151072256159f,0.08933356764455752f,0.78304753808862f,-0.65644365050318f,0.1757331912406487f,-0.15315167008039904f,-0.641242927934881f,-0.7857571334870467f,-0.38116742618320876f,0f,0f,0f,1f],start_interpolation:0}
execute if entity @s[tag=aj.dino.bone.leg_right_1] run data modify entity @s {} merge value {transformation:[-0.9582695839841802f,0.07073268770602459f,-0.27697705915954157f,-0.19799395950206455f,-0.18446152634628135f,0.5871983830785577f,0.7881446594426227f,0.28978273819361766f,0.2183880713518628f,0.8063466660189089f,-0.5496468907320445f,-0.1286076905170799f,0f,0f,0f,1f],start_interpolation:0}
execute if entity @s[tag=aj.dino.bone.leg_right_0] run data modify entity @s {} merge value {transformation:[-0.9571371373897095f,-0.26957591243983525f,-0.10591188630962323f,-0.18392461558750603f,-0.13272426203867033f,0.7332481430860169f,-0.666881871793797f,0.6474007386307621f,0.25743498304566653f,-0.624240328794238f,-0.737598292711649f,-0.3435930339468251f,0f,0f,0f,1f],start_interpolation:0}
execute if entity @s[tag=aj.dino.bone.tail_4] run data modify entity @s {} merge value {transformation:[-1.8765953046656334f,1.5147602359448207f,1.3451962019375796f,-0.018378720095647616f,1.9444935108813695f,1.8612270934545294f,0.6167982038973938f,0.7314452266148321f,-0.5683277049793937f,1.3663807909185481f,-2.3314520122794f,-2.1092428755453807f,0f,0f,0f,1f],start_interpolation:0}
execute if entity @s[tag=aj.dino.bone.tail_3] run data modify entity @s {} merge value {transformation:[-1.766397608689505f,0.8462842218868367f,0.7068154142672857f,-0.1465100501067989f,0.9675726164625724f,1.8297877266166824f,0.22721274928834834f,0.675012431379195f,-0.5287610480474285f,0.5211769539732064f,-1.9454387327180063f,-1.784468484119222f,0f,0f,0f,1f],start_interpolation:0}
execute if entity @s[tag=aj.dino.bone.tail_2] run data modify entity @s {} merge value {transformation:[-1.835301454018289f,0.5164120008722203f,0.4286736442053357f,-0.22743376703686813f,0.48411913065664963f,1.8830962556093407f,-0.1958342014182103f,0.7122236493581476f,-0.4648345030367069f,-0.07772395041432643f,-1.896486685247589f,-1.4322779657007307f,0f,0f,0f,1f],start_interpolation:0}
execute if entity @s[tag=aj.dino.bone.tail_1] run data modify entity @s {} merge value {transformation:[-1.4737137855582154f,0.28106992968451505f,0.19189482244921857f,-0.27075523664096085f,0.2740725819721975f,1.4857481288145684f,-0.07136503019758614f,0.7091570303806651f,-0.20176260324145392f,-0.03476265742360817f,-1.4985792136494094f,-1.1091827427118774f,0f,0f,0f,1f],start_interpolation:0}
execute if entity @s[tag=aj.dino.bone.tail_0] run data modify entity @s {} merge value {transformation:[-1.1967681437393698f,0.24784127681039947f,-0.3743747163252911f,-0.15537339175282855f,0.2202732648775355f,1.2528476520280998f,0.12525240984466765f,0.7027888106828566f,0.39123064232603555f,0.052755842337095515f,-1.2157265820029146f,-0.7526460868840752f,0f,0f,0f,1f],start_interpolation:0}
execute if entity @s[tag=aj.dino.bone.body_1] run data modify entity @s {} merge value {transformation:[-1.1242901748626786f,0.07640420904170825f,-0.5086635377184106f,-0.04226261015549185f,-0.009877718862017711f,1.2192193478960398f,0.20496635685470121f,0.5730139285714285f,0.5142748568942301f,0.19044992416096346f,-1.1080860945836983f,-0.5078597456261615f,0f,0f,0f,1f],start_interpolation:0}