execute if entity @s[tag=aj.dino.bone.head_lower] run data modify entity @s {} merge value {transformation:[-0.9724648592134323f,-0.22128209540034693f,0.0731186149364902f,0.3834684491939401f,-0.19052293410183346f,0.935554265941401f,0.2973873350700652f,0.29788195777538595f,-0.13421292477338934f,0.27526795987560654f,-0.9519529615951063f,0.02248420375140553f,0f,0f,0f,1f],start_interpolation:0}
execute if entity @s[tag=aj.dino.bone.head_upper] run data modify entity @s {} merge value {transformation:[-1.0122382667615704f,-0.2425808104299742f,-0.00042929963367764064f,0.3776775387243857f,-0.1983152427220426f,0.8264639898971802f,0.6009162008889748f,0.35780400524511957f,-0.13970217747456898f,0.5844516801223845f,-0.849924395340252f,-0.023027004480913035f,0f,0f,0f,1f],start_interpolation:0}
execute if entity @s[tag=aj.dino.bone.neck_0] run data modify entity @s {} merge value {transformation:[-0.9893310335395517f,-0.13227015918515694f,-0.06106317273689138f,0.37619574976210546f,-0.14464197839496626f,0.9418666401900845f,0.30325885013142206f,0.3621717669739948f,0.017401268963851635f,0.3088556897422734f,-0.9509497141028396f,-0.08953612575948598f,0f,0f,0f,1f],start_interpolation:0}
execute if entity @s[tag=aj.dino.bone.neck_1] run data modify entity @s {} merge value {transformation:[-0.9617385458924995f,-0.022281355792672385f,-0.2730613676971178f,0.3529612205667412f,-0.12353060450541094f,0.9248885317596262f,0.35961283843885633f,0.39689654016302056f,0.24453866584879358f,0.3795849641431594f,-0.8922533809974208f,-0.16337299747390605f,0f,0f,0f,1f],start_interpolation:0}
execute if entity @s[tag=aj.dino.bone.neck_2] run data modify entity @s {} merge value {transformation:[-0.9446225105688999f,0.10447202613029641f,-0.31108504991840913f,0.3267306834868461f,0.01125986794233425f,0.9577310219138366f,0.2874447860682108f,0.4314556445449166f,0.3279657419616103f,0.2680240388847779f,-0.9058706235878617f,-0.2401099352741734f,0f,0f,0f,1f],start_interpolation:0}
execute if entity @s[tag=aj.dino.bone.body_0] run data modify entity @s {} merge value {transformation:[-0.8750932254153261f,0.02901161375444962f,-0.4830840228154558f,0.09933136698453565f,0.00403289377503584f,0.9986040556936154f,0.052665697755389665f,0.4657897422862164f,0.4839375813056891f,0.044139168769080944f,-0.8739886447662659f,-0.6515970253386102f,0f,0f,0f,1f],start_interpolation:0}
execute if entity @s[tag=aj.dino.bone.leg_left_3] run data modify entity @s {} merge value {transformation:[0.023812074835186048f,0.1109527000148817f,-0.9935403783699235f,0.12558032624590132f,-0.12279400921534853f,0.9866214309816415f,0.10723704224081493f,0.06866545305059821f,0.9921464692236039f,0.11944726990243525f,0.03711783021662857f,-1.3001836005503664f,0f,0f,0f,1f],start_interpolation:0}
execute if entity @s[tag=aj.dino.bone.leg_left_2] run data modify entity @s {} merge value {transformation:[-0.6651466062023078f,-0.08786417001058726f,-0.7758363741064198f,0.0800906027541908f,-0.41973476449943287f,0.8996322961700474f,0.25796639056107173f,0.2856895846158284f,0.6583805276804984f,0.4847719245344687f,-0.6193492241498246f,-1.2053032367176904f,0f,0f,0f,1f],start_interpolation:0}
execute if entity @s[tag=aj.dino.bone.leg_left_1] run data modify entity @s {} merge value {transformation:[-0.7441600164526947f,0.6662333071672658f,-0.04857005594079869f,0.2784817579777439f,-0.14727176663852978f,-0.09270745962672342f,0.9847417700497552f,0.2112098635190201f,0.6515649596657968f,0.7399584497460153f,0.16710654082106377f,-1.0261186772987179f,0f,0f,0f,1f],start_interpolation:0}
execute if entity @s[tag=aj.dino.bone.leg_left_0] run data modify entity @s {} merge value {transformation:[-0.7280424891665194f,-0.24340686553719648f,-0.6408644410306876f,0.15042908729297225f,-0.16954130207078968f,0.9697328034647515f,-0.1757100929842523f,0.5865488573707985f,0.6642363140181058f,-0.019271421684723983f,-0.7472742009770509f,-0.8956179807899057f,0f,0f,0f,1f],start_interpolation:0}
execute if entity @s[tag=aj.dino.bone.leg_right_3] run data modify entity @s {} merge value {transformation:[-0.986415289011584f,-0.05064627684422691f,-0.1562684620965189f,-0.22680949646209736f,-0.048858018620157095f,0.9986890631464407f,-0.015265947995362072f,0.044014661244308376f,0.15683676743897f,-0.007423597073025978f,-0.9875966375934014f,-0.328087814166967f,0f,0f,0f,1f],start_interpolation:0}
execute if entity @s[tag=aj.dino.bone.leg_right_2] run data modify entity @s {} merge value {transformation:[-1.003337680956558f,0.20265520370350926f,0.06562443055219627f,-0.1759862175852075f,0.03999001647797011f,0.48957064512002924f,-0.9004352178360999f,0.13024334675445173f,-0.2092283347338564f,-0.8782446420840507f,-0.4867977527637632f,-0.5475250037803284f,0f,0f,0f,1f],start_interpolation:0}
execute if entity @s[tag=aj.dino.bone.leg_right_1] run data modify entity @s {} merge value {transformation:[-0.9526829136796633f,0.10728539034713283f,-0.2844030783955945f,-0.15072973258253308f,-0.10112376540218887f,0.7704820879579112f,0.6293896537177117f,0.30416484247504355f,0.2866517923434463f,0.6283686793229604f,-0.7231760178491877f,-0.332753476450965f,0f,0f,0f,1f],start_interpolation:0}
execute if entity @s[tag=aj.dino.bone.leg_right_0] run data modify entity @s {} merge value {transformation:[-0.9319836590072745f,-0.31666451274871943f,-0.17643708711330616f,-0.15233244782066932f,-0.01705905697651676f,0.5244963529585935f,-0.8512417778212057f,0.5813791102656711f,0.36209867152267217f,-0.7903335764718282f,-0.4942240281317423f,-0.6449344489679087f,0f,0f,0f,1f],start_interpolation:0}
execute if entity @s[tag=aj.dino.bone.tail_4] run data modify entity @s {} merge value {transformation:[-2.1706133239908794f,-1.5675064350433374f,0.6760345445396954f,-0.32601781467253543f,-1.2025260224956427f,2.1802429983459923f,1.1942080911566806f,1.07401708566369f,-1.211623000167162f,0.6443022395281597f,-2.3963525744774965f,-2.358596658079893f,0f,0f,0f,1f],start_interpolation:0}
execute if entity @s[tag=aj.dino.bone.tail_3] run data modify entity @s {} merge value {transformation:[-1.7117024741054505f,-1.1656599399327738f,0.2173869145593774f,-0.35147170440826303f,-1.0394261769872464f,1.6587456266817424f,0.7100011933809081f,0.9373949925625156f,-0.5706254364987605f,0.47512669515041867f,-1.9454014395030363f,-2.0333779522698783f,0f,0f,0f,1f],start_interpolation:0}
execute if entity @s[tag=aj.dino.bone.tail_2] run data modify entity @s {} merge value {transformation:[-1.798987012207828f,-0.7379811696025679f,0.19443096004071847f,-0.389121851915846f,-0.6524259419752322f,1.7454880027660689f,0.5885455780483152f,0.8279185658790299f,-0.3959292804883981f,0.47689548175100227f,-1.8532632245151242f,-1.6890396558774885f,0f,0f,0f,1f],start_interpolation:0}
execute if entity @s[tag=aj.dino.bone.tail_1] run data modify entity @s {} merge value {transformation:[-1.5064994609044589f,-0.12043882551848481f,-0.06008422090951858f,-0.37328089046201246f,-0.13291304746964916f,1.4376063315115275f,0.4508640675528474f,0.7134513779618223f,0.021207218273659015f,0.45435533991106114f,-1.442486647767458f,-1.3842069085727198f,0f,0f,0f,1f],start_interpolation:0}
execute if entity @s[tag=aj.dino.bone.tail_0] run data modify entity @s {} merge value {transformation:[-1.1811090288206691f,0.12386869671363678f,-0.4727300758326984f,-0.2321490027300797f,-0.03526297846720611f,1.211647226614353f,0.4055899865275217f,0.6241677630484453f,0.4874153269768452f,0.3878185926386704f,-1.1161804311202754f,-1.0486742906739495f,0f,0f,0f,1f],start_interpolation:0}
execute if entity @s[tag=aj.dino.bone.body_1] run data modify entity @s {} merge value {transformation:[-0.9522192333257831f,0.08889875253712345f,-0.7835688473504107f,-0.055968183625175555f,-0.016259438713325546f,1.2260120116718682f,0.15885456539009696f,0.5046556924198251f,0.7884280293047904f,0.13265049600318982f,-0.9430745906729342f,-0.8383576109725621f,0f,0f,0f,1f],start_interpolation:0}