execute if entity @s[tag=aj.dino.bone.head_lower] run data modify entity @s {} merge value {transformation:[-0.984268401908229f,0.030891519038482626f,-0.1739581186852637f,-1.0078215716707934f,-0.02463783444787975f,0.9509773646917388f,0.3082775193841974f,0.174429565908428f,0.17495339413323774f,0.30771377267754924f,-0.935255870864123f,0.514149670209248f,0f,0f,0f,1f],start_interpolation:0}
execute if entity @s[tag=aj.dino.bone.head_upper] run data modify entity @s {} merge value {transformation:[-1.0245245694344416f,0.11256524260606734f,-0.14543182377222943f,-1.0156376774173284f,-0.02564551161103368f,0.7276481819659978f,0.7438698633492913f,0.24204118102928796f,0.18210891505603963f,0.7357507268240531f,-0.7134277494031871f,0.48154546061133635f,0f,0f,0f,1f],start_interpolation:0}
execute if entity @s[tag=aj.dino.bone.neck_0] run data modify entity @s {} merge value {transformation:[-0.9469788267367298f,-0.13040665188212647f,0.29364128942848056f,-0.9942275440595567f,-0.0936517949766503f,0.9862746577512734f,0.1359839724940391f,0.23485533393666633f,-0.3073441767952963f,0.10127390889316962f,-0.9461940352631268f,0.41881822533461804f,0f,0f,0f,1f],start_interpolation:0}
execute if entity @s[tag=aj.dino.bone.neck_1] run data modify entity @s {} merge value {transformation:[-0.7980554031334518f,-0.26053387862622585f,0.5433504132854587f,-0.9493988795922003f,-0.15310643347751104f,0.9597798032973844f,0.23533199784608613f,0.2592126284680172f,-0.5828087109483696f,0.10461752850459069f,-0.8058468707963633f,0.3510343785146165f,0f,0f,0f,1f],start_interpolation:0}
execute if entity @s[tag=aj.dino.bone.neck_2] run data modify entity @s {} merge value {transformation:[-0.4410429565513418f,-0.24331301522592425f,0.8638749256102531f,-0.8760991435364963f,0.022552635126605353f,0.9592411969818836f,0.2816872461820188f,0.2932821147321092f,-0.8972025909042493f,0.1437188318712346f,-0.4175792239087934f,0.3158584038443162f,0f,0f,0f,1f],start_interpolation:0}
execute if entity @s[tag=aj.dino.bone.body_0] run data modify entity @s {} merge value {transformation:[-0.08513151059992474f,-0.3331482697552621f,0.9390233523518199f,-0.436714612615411f,0.13627109591945213f,0.9296956310289475f,0.34219325250886873f,0.4634130244199316f,-0.9870069981108982f,0.1570931698221218f,-0.03374791364442553f,0.30144964750739256f,0f,0f,0f,1f],start_interpolation:0}
execute if entity @s[tag=aj.dino.bone.leg_left_3] run data modify entity @s {} merge value {transformation:[0.002404122085287619f,-0.06810840267240556f,0.9976750300986854f,-0.49375794327569567f,-0.04442100932402171f,0.9966858259343454f,0.0681479149512811f,0.03613035390105021f,-0.9990100070207675f,-0.044481567721758104f,-0.0006292895839330459f,0.7311534263040909f,0f,0f,0f,1f],start_interpolation:0}
execute if entity @s[tag=aj.dino.bone.leg_left_2] run data modify entity @s {} merge value {transformation:[0.43333971150351996f,0.1796726662479982f,0.9121384910955552f,-0.4230150668635228f,-0.4059603504344801f,0.9419154547240373f,0.007325948936390044f,0.25528608536176306f,-0.8363462726705095f,-0.36410878684266856f,0.46905426448844906f,0.6594785850355707f,0f,0f,0f,1f],start_interpolation:0}
execute if entity @s[tag=aj.dino.bone.leg_left_1] run data modify entity @s {} merge value {transformation:[0.5766446621815952f,-0.7984516927232507f,0.17307752010255362f,-0.6605930616368318f,-0.02993091917440608f,0.1910581531892237f,0.9811222768734273f,0.25575166162134244f,-0.8164466140874423f,-0.5709392931716113f,0.08627427112327196f,0.5160566017205791f,0f,0f,0f,1f],start_interpolation:0}
execute if entity @s[tag=aj.dino.bone.leg_left_0] run data modify entity @s {} merge value {transformation:[0.5517380675583146f,0.67047933140228f,0.49602678452818305f,-0.3735670773363884f,-0.03311017605915279f,0.6118838243647108f,-0.7902543272403812f,0.556478872202994f,-0.8333599588703242f,0.4195898612254204f,0.35979928753192936f,0.5546118570899016f,0f,0f,0f,1f],start_interpolation:0}
execute if entity @s[tag=aj.dino.bone.leg_right_3] run data modify entity @s {} merge value {transformation:[0.9718415800452128f,-0.08474992476664145f,0.2198667631709551f,-0.15885944288956447f,0.10330686929306887f,0.9918702562925424f,-0.07430400688409333f,0.02197722378874195f,-0.21178204374329967f,0.09492547041871946f,0.9726960064756593f,0.029905617419259012f,0f,0f,0f,1f],start_interpolation:0}
execute if entity @s[tag=aj.dino.bone.leg_right_2] run data modify entity @s {} merge value {transformation:[0.933595852901295f,-0.0871948766810609f,0.41576199492831556f,-0.16778389447972653f,0.26019209804687804f,0.9108980255180316f,-0.3932264725600378f,0.22175011528659805f,-0.3357991290342513f,0.46338325400107067f,0.8512209491970413f,0.16474707266361732f,0f,0f,0f,1f],start_interpolation:0}
execute if entity @s[tag=aj.dino.bone.leg_right_1] run data modify entity @s {} merge value {transformation:[0.7426274114389281f,-0.5813956741113929f,0.3323907307734019f,-0.3285697993750184f,-0.15922537641235832f,0.32881131080506454f,0.930876147182319f,0.2585366201307608f,-0.6505011969903357f,-0.7442191827756222f,0.15161134754010264f,-0.05843005767934195f,0f,0f,0f,1f],start_interpolation:0}
execute if entity @s[tag=aj.dino.bone.leg_right_0] run data modify entity @s {} merge value {transformation:[0.6984054409773197f,0.6264954932942141f,0.3460249079117209f,-0.19196342691690493f,-0.0807201607769922f,0.5493425100285879f,-0.8316892823161948f,0.5513168359825583f,-0.7111357786368311f,0.5529251337726746f,0.43423461490887366f,0.20600466540759138f,0f,0f,0f,1f],start_interpolation:0}
execute if entity @s[tag=aj.dino.bone.tail_4] run data modify entity @s {} merge value {transformation:[2.697261851685266f,0.24130077424191637f,-0.5405680081114896f,0.19137022418561261f,-0.2466973973224468f,2.7504166022058247f,-0.0032000101408813536f,0.05894052765202859f,0.5381265921674032f,0.05141772321702658f,2.7080320013141415f,1.8139829758327106f,0f,0f,0f,1f],start_interpolation:0}
execute if entity @s[tag=aj.dino.bone.tail_3] run data modify entity @s {} merge value {transformation:[2.0611931783296473f,0.11418174572222059f,-0.27274665276699217f,0.23650061935845385f,-0.15950818469783007f,2.0466986602486865f,-0.34860760059855356f,0.09802294104404946f,0.2489685656185837f,0.3659680985065557f,2.034705760117115f,1.4653907845407024f,0f,0f,0f,1f],start_interpolation:0}
execute if entity @s[tag=aj.dino.bone.tail_2] run data modify entity @s {} merge value {transformation:[1.9505893348838925f,-0.061579116161322174f,-0.10091151615540354f,0.2566875504063305f,0.008187050120842317f,1.734473058322179f,-0.9001722375010254f,0.2657817706460939f,0.11793258180125943f,0.8981008280867322f,1.7315544125849445f,1.1437995115332387f,0f,0f,0f,1f],start_interpolation:0}
execute if entity @s[tag=aj.dino.bone.tail_1] run data modify entity @s {} merge value {transformation:[1.5023867959493384f,-0.04822780836800538f,0.1678220601026599f,0.21972831247328367f,0.11962095777861467f,1.3432459085500266f,-0.6848631291168631f,0.3966225989140275f,-0.12720452750279249f,0.6935566001874925f,1.3380786600641825f,0.8475034275422455f,0f,0f,0f,1f],start_interpolation:0}
execute if entity @s[tag=aj.dino.bone.tail_0] run data modify entity @s {} merge value {transformation:[1.1195067670831258f,0.0011162105719025749f,0.6168784881263691f,0.03948901680220174f,0.2008538950061716f,1.2079027383221217f,-0.36669388350338966f,0.5329279191981087f,-0.5832649722895806f,0.418097411391062f,1.0577486673459604f,0.5484941178894729f,0f,0f,0f,1f],start_interpolation:0}
execute if entity @s[tag=aj.dino.bone.body_1] run data modify entity @s {} merge value {transformation:[0.5711639977868922f,0.050718892327698294f,1.0953555936997796f,-0.21858209256977224f,-0.016235187109809427f,1.2353000028172592f,-0.048733118055786055f,0.4610514650145773f,-1.0964090027849345f,0.008129702145900015f,0.5713368547638203f,0.4151187091794989f,0f,0f,0f,1f],start_interpolation:0}