execute if entity @s[tag=aj.dino.bone.head_lower] run data modify entity @s {} merge value {transformation:[-0.9980252630293435f,-0.027245098983443877f,-0.056597517053243146f,0.16014284428230144f,-0.03940173832024234f,0.9732634745762219f,0.22628679164538773f,0.23516101707434792f,0.04891909006260184f,0.2280699753084618f,-0.9724150394714411f,0.5328125978298665f,0f,0f,0f,1f],start_interpolation:0}
execute if entity @s[tag=aj.dino.bone.head_upper] run data modify entity @s {} merge value {transformation:[-1.038844080443384f,0.01483518648390235f,-0.06367759694927781f,0.15576371178673515f,-0.04101325300014929f,0.641648600092214f,0.8185822681084383f,0.30598724008275846f,0.050919860463208066f,0.8194747914519379f,-0.639796980743671f,0.5071235763470221f,0f,0f,0f,1f],start_interpolation:0}
execute if entity @s[tag=aj.dino.bone.neck_0] run data modify entity @s {} merge value {transformation:[-0.9964982729830071f,0.0008337650965859582f,-0.08360919074867265f,0.1506658446793238f,-0.024074389087525266f,0.9547442487024536f,0.2964520928575983f,0.3096668779896717f,0.0800725654137961f,0.2974268387441714f,-0.9513809225871107f,0.44075183333746976f,0f,0f,0f,1f],start_interpolation:0}
execute if entity @s[tag=aj.dino.bone.neck_1] run data modify entity @s {} merge value {transformation:[-0.9891363425633487f,0.04553693547054441f,-0.13977010885147492f,0.13903526494652108f,-0.022434800298227257f,0.8929093425586454f,0.449677201675898f,0.3518739607123921f,0.14527895771921115f,0.4479277770795634f,-0.882187469285628f,0.36808252325647617f,0f,0f,0f,1f],start_interpolation:0}
execute if entity @s[tag=aj.dino.bone.neck_2] run data modify entity @s {} merge value {transformation:[-0.9854492671847369f,0.09593529953558985f,-0.14030737724040634f,0.1276825529369478f,0.016096880593043157f,0.8744496011047107f,0.48484924003548324f,0.40291179863461657f,0.1692058871323287f,0.47553581719028176f,-0.8632699776599049f,0.2971093915488146f,0f,0f,0f,1f],start_interpolation:0}
execute if entity @s[tag=aj.dino.bone.body_0] run data modify entity @s {} merge value {transformation:[-0.977865911208339f,0.06329317531586985f,-0.1994297712356895f,0.0342949962265623f,0.0040244859081841515f,0.9586622363176102f,0.2845180489383644f,0.5461365442853048f,0.20919384123310064f,0.2774178988763221f,-0.9376978437498867f,-0.14218133358442236f,0f,0f,0f,1f],start_interpolation:0}
execute if entity @s[tag=aj.dino.bone.leg_left_3] run data modify entity @s {} merge value {transformation:[-0.8376076928232778f,0.2240022907150318f,-0.4982332051135131f,0.2751048691974355f,-0.019012731342266765f,0.8995535286763048f,0.4363965686080891f,0.09870164735654507f,0.5459412687919575f,0.3750018970624363f,-0.7492140603521806f,-0.41576976898463097f,0f,0f,0f,1f],start_interpolation:0}
execute if entity @s[tag=aj.dino.bone.leg_left_2] run data modify entity @s {} merge value {transformation:[-0.9573688212707384f,-0.148984340060116f,-0.33661670483834155f,0.2284886307142175f,-0.17682533975163808f,1.0087666734233827f,0.056434008476571554f,0.3353134349137772f,0.3228621049009766f,0.11070530478648137f,-0.9672469158450374f,-0.4193559040437993f,0f,0f,0f,1f],start_interpolation:0}
execute if entity @s[tag=aj.dino.bone.leg_left_1] run data modify entity @s {} merge value {transformation:[-0.9636043854395885f,0.2328588540936037f,0.13131390799076392f,0.3039754908683544f,0.16614099972142032f,0.13681066581782814f,0.9765654150798343f,0.3173784481400695f,0.2094367603195773f,0.9628393405904725f,-0.17051876037006508f,-0.15290993230982405f,0f,0f,0f,1f],start_interpolation:0}
execute if entity @s[tag=aj.dino.bone.leg_left_0] run data modify entity @s {} merge value {transformation:[-0.9600361345922178f,-0.07055885997153027f,-0.27083586829803585f,0.18669072011192525f,0.13505302820550436f,0.7307877628701815f,-0.6691112950860407f,0.6744826910735316f,0.2451352684738699f,-0.6789482255067124f,-0.6920534713672999f,-0.334646337006252f,0f,0f,0f,1f],start_interpolation:0}
execute if entity @s[tag=aj.dino.bone.leg_right_3] run data modify entity @s {} merge value {transformation:[-0.9975380874026956f,-0.023253460701219864f,0.06615920757074531f,-0.23800306616159347f,-0.02092794307752147f,0.9991459362724877f,0.03562891001304691f,0.008636418458811856f,-0.06693119885013385f,0.03415661862056346f,-0.9971727734073437f,-0.19761290221087757f,0f,0f,0f,1f],start_interpolation:0}
execute if entity @s[tag=aj.dino.bone.leg_right_2] run data modify entity @s {} merge value {transformation:[-1.0140252002281431f,0.12331855977756619f,0.09277729041826761f,-0.20481731841582201f,0.061748990597457254f,0.889361369905045f,-0.5072332948274503f,0.2001736856711077f,-0.14142897497742057f,-0.49587406267690853f,-0.8866616933768078f,-0.34038283420433063f,0f,0f,0f,1f],start_interpolation:0}
execute if entity @s[tag=aj.dino.bone.leg_right_1] run data modify entity @s {} merge value {transformation:[-0.9555609667867357f,0.011382232491996522f,-0.2945737319196968f,-0.20513262933214804f,-0.24983529802636636f,0.4991434454389665f,0.8297217272889714f,0.28679440649801885f,0.15647863308987592f,0.8664446119971063f,-0.4741183098420775f,-0.07673508253134931f,0f,0f,0f,1f],start_interpolation:0}
execute if entity @s[tag=aj.dino.bone.leg_right_0] run data modify entity @s {} merge value {transformation:[-0.9644900869832388f,-0.2625420519746977f,-0.028819143914763035f,-0.19372242544951188f,-0.20344848213419978f,0.8080832978583605f,-0.5528201324478391f,0.6727332852669289f,0.16842680080187625f,-0.5273263265448362f,-0.832802112211763f,-0.2355691710212145f,0f,0f,0f,1f],start_interpolation:0}
execute if entity @s[tag=aj.dino.bone.tail_4] run data modify entity @s {} merge value {transformation:[-1.3252016708459002f,1.4403226430353298f,1.9480689277196939f,0.12245897472783161f,2.097956940186371f,1.7927345231525549f,0.10169040377942304f,0.6978342933333151f,-1.2116429095699248f,1.5288018004491968f,-1.9545710133510685f,-1.9845847866079556f,0f,0f,0f,1f],start_interpolation:0}
execute if entity @s[tag=aj.dino.bone.tail_3] run data modify entity @s {} merge value {transformation:[-1.6229175288481583f,0.9235798783841644f,0.9214577737724746f,-0.04282416621513575f,1.050596712911552f,1.7971601907874413f,0.04906446282936375f,0.6719281502194198f,-0.7735184337953904f,0.5031510537971523f,-1.866669166104692f,-1.6729904052341007f,0f,0f,0f,1f],start_interpolation:0}
execute if entity @s[tag=aj.dino.bone.tail_2] run data modify entity @s {} merge value {transformation:[-1.8164792120361772f,0.5624633380099607f,0.4503466893826343f,-0.1277519788454235f,0.5091777147186677f,1.8662147680889198f,-0.2770457890015141f,0.7242509373989989f,-0.5098187933737645f,-0.14018312225189272f,-1.8812781200985162f,-1.3236752516081296f,0f,0f,0f,1f],start_interpolation:0}
execute if entity @s[tag=aj.dino.bone.tail_1] run data modify entity @s {} merge value {transformation:[-1.4856484179495544f,0.22580187467663707f,0.17180960868503087f,-0.16606433764888445f,0.2150458990011518f,1.4935591876310026f,-0.10340437304972748f,0.7280397378491089f,-0.18509535263418572f,-0.0771408869247502f,-1.499148172796035f,-0.9999554883052193f,0f,0f,0f,1f],start_interpolation:0}
execute if entity @s[tag=aj.dino.bone.tail_0] run data modify entity @s {} merge value {transformation:[-1.246077607228978f,0.1647947779826615f,-0.23231227797122095f,-0.094200499037144f,0.15302131228322333f,1.266640108051699f,0.07773693617534135f,0.7358894804527872f,0.240230704394032f,0.047971183104590365f,-1.2545212994771835f,-0.6321975767087139f,0f,0f,0f,1f],start_interpolation:0}
execute if entity @s[tag=aj.dino.bone.body_1] run data modify entity @s {} merge value {transformation:[-1.196442321107916f,0.05365253902279353f,-0.3070045152348088f,-0.02644012894142425f,-0.005502078906138807f,1.2140829060411442f,0.23361724988247579f,0.5997996428571428f,0.3116088805632198f,0.22743943671084862f,-1.1746385840925877f,-0.3744302200579668f,0f,0f,0f,1f],start_interpolation:0}