execute if entity @s[tag=aj.dino.bone.head_lower] run data modify entity @s {} merge value {transformation:[-0.9826879236529318f,-0.1852120201474799f,-0.0045773681935277755f,0.17217314163691388f,-0.1848745685216768f,0.9786882773849915f,0.0893904336219618f,0.2828253904486088f,-0.01207636620070216f,0.0886891385801441f,-0.9959861435167153f,0.40528774536621137f,0f,0f,0f,1f],start_interpolation:0}
execute if entity @s[tag=aj.dino.bone.head_upper] run data modify entity @s {} merge value {transformation:[-1.0228794502770353f,-0.16331702792774888f,-0.10255301640275663f,0.16111863513707292f,-0.1924358613431432f,0.8283306883306855f,0.6002571554111147f,0.3427457464073931f,-0.012570284546491629f,0.6088249023668195f,-0.8441837292840704f,0.3607590431662322f,0f,0f,0f,1f],start_interpolation:0}
execute if entity @s[tag=aj.dino.bone.neck_0] run data modify entity @s {} merge value {transformation:[-0.9890500489864252f,-0.1474203066719821f,-0.0068741385415575645f,0.16338663523740607f,-0.14647862474555262f,0.9749189070088617f,0.167562338397679f,0.33780321045948797f,-0.018000363679697456f,0.16673445336038217f,-0.9858375165157864f,0.2943123444653528f,0f,0f,0f,1f],start_interpolation:0}
execute if entity @s[tag=aj.dino.bone.neck_1] run data modify entity @s {} merge value {transformation:[-0.988058626923837f,-0.08983085062713439f,-0.12518213944883436f,0.15236822551052667f,-0.12689407368539163f,0.9352632207465087f,0.3304248809977752f,0.3701031754566392f,0.08739590279245563f,0.34236402584744946f,-0.9354938962818619f,0.21664096136446642f,0f,0f,0f,1f],start_interpolation:0}
execute if entity @s[tag=aj.dino.bone.neck_2] run data modify entity @s {} merge value {transformation:[-0.9986302150178521f,0.02792256703822042f,-0.04424956387801633f,0.14876501122599192f,0.013655262086298758f,0.9554753730107248f,0.2947547207210952f,0.40528060072609573f,0.05050967700107631f,0.29374673073927554f,-0.9545478671649918f,0.1358913731774536f,0f,0f,0f,1f],start_interpolation:0}
execute if entity @s[tag=aj.dino.bone.body_0] run data modify entity @s {} merge value {transformation:[-0.9952578175888269f,0.01610134086653247f,-0.09593030465199795f,0.10370680378057753f,0.0029563703785574266f,0.9907563915635158f,0.13562091450151142f,0.4786364222273606f,0.09722724105162198f,0.134694169875096f,-0.986105645556879f,-0.32757338934155994f,0f,0f,0f,1f],start_interpolation:0}
execute if entity @s[tag=aj.dino.bone.leg_left_3] run data modify entity @s {} merge value {transformation:[-0.557905353583044f,0.02553048427953703f,-0.829511790643045f,0.480198292839902f,-0.31216152536364616f,0.9196680180878855f,0.23825599381535487f,0.14453707473482327f,0.768958255385831f,0.39186596034709753f,-0.5051180758943665f,-0.9156048519576949f,0f,0f,0f,1f],start_interpolation:0}
execute if entity @s[tag=aj.dino.bone.leg_left_2] run data modify entity @s {} merge value {transformation:[-0.9258006546664757f,-0.348835861802224f,-0.2706822654710114f,0.3890835984835547f,-0.43717401871623873f,0.8123816528047001f,0.44830472565710466f,0.34707846023857264f,0.061921116586452794f,0.5200113375761127f,-0.8819388774817016f,-0.8215507627505444f,0f,0f,0f,1f],start_interpolation:0}
execute if entity @s[tag=aj.dino.bone.leg_left_1] run data modify entity @s {} merge value {transformation:[-0.9892126569316196f,0.12102369023228282f,-0.08253233165763729f,0.4460399468249274f,-0.11421999401802924f,-0.28448376381791324f,0.9518522895336834f,0.2215851983044494f,0.09171756828878078f,0.9510111747642899f,0.2952382650345965f,-0.5806756887961906f,0f,0f,0f,1f],start_interpolation:0}
execute if entity @s[tag=aj.dino.bone.leg_left_0] run data modify entity @s {} merge value {transformation:[-0.984340032961513f,-0.14356872114226926f,-0.10228744702504225f,0.28354228586029717f,-0.13895363893591767f,0.988988069087131f,-0.050936091622491186f,0.5978836513356476f,0.10847389425937531f,-0.035925221125019086f,-0.9934499447638642f,-0.5012951937624336f,0f,0f,0f,1f],start_interpolation:0}
execute if entity @s[tag=aj.dino.bone.leg_right_3] run data modify entity @s {} merge value {transformation:[-0.8693050402860956f,-0.03353660761807778f,0.49313694130805247f,-0.32083882336093483f,-0.045387205230690154f,0.9988964621775533f,-0.012077228594163325f,0.030877204350860443f,-0.4921877167651965f,-0.03288090325157689f,-0.8698678621875995f,-0.3001666889678267f,0f,0f,0f,1f],start_interpolation:0}
execute if entity @s[tag=aj.dino.bone.leg_right_2] run data modify entity @s {} merge value {transformation:[-0.7379300328173649f,0.606678311965217f,0.37344730814117866f,-0.16673698652825253f,0.11175084298469466f,0.6295980846654681f,-0.8019851621934654f,0.15267730221066625f,-0.7035859686343009f,-0.5362927158532961f,-0.5190559769083909f,-0.44012536898500454f,0f,0f,0f,1f],start_interpolation:0}
execute if entity @s[tag=aj.dino.bone.leg_right_1] run data modify entity @s {} merge value {transformation:[-0.9527795824346457f,-0.28172471975023616f,0.1133236496822853f,-0.26825825127378666f,-0.10978008537185448f,0.6675123588129463f,0.7364615289936906f,0.2927740535591054f,-0.2831243545712921f,0.689244828137018f,-0.6669199102853073f,-0.22314675546319582f,0f,0f,0f,1f],start_interpolation:0}
execute if entity @s[tag=aj.dino.bone.leg_right_0] run data modify entity @s {} merge value {transformation:[-0.9772741932394459f,0.15009944200312786f,0.14968402967097066f,-0.10787638003660868f,-0.03400012571554767f,0.585992596504363f,-0.8096027842673231f,0.5927139042305203f,-0.209234659364832f,-0.7962931836656804f,-0.5675720420951497f,-0.4652645365576948f,0f,0f,0f,1f],start_interpolation:0}
execute if entity @s[tag=aj.dino.bone.tail_4] run data modify entity @s {} merge value {transformation:[2.6728988647288436f,0.693344161110351f,-0.023385140269946165f,1.122620541431479f,-0.681113081002067f,2.6050852965054903f,-0.6125984822204295f,0.3995314049763048f,-0.13174961639083813f,0.5987201381155351f,2.6925522402352353f,-0.8492435437963803f,0f,0f,0f,1f],start_interpolation:0}
execute if entity @s[tag=aj.dino.bone.tail_3] run data modify entity @s {} merge value {transformation:[1.4672909154137714f,0.5536427152177649f,1.3698476701717468f,0.8849271694824931f,-0.0258037012625445f,1.9398843759521787f,-0.7563916333370067f,0.5088041826455092f,-1.477273523958856f,0.5160173232241066f,1.3738029638879288f,-1.0872393933962072f,0f,0f,0f,1f],start_interpolation:0}
execute if entity @s[tag=aj.dino.bone.tail_2] run data modify entity @s {} merge value {transformation:[0.9444497325344701f,0.4088253830085434f,1.6612195471779954f,0.5769057338009753f,0.49715999043959297f,1.7500714895373888f,-0.7133411528975927f,0.6421968019708216f,-1.6369546486156699f,0.7673887298619133f,0.7418004385677103f,-1.2261663102963154f,0f,0f,0f,1f],start_interpolation:0}
execute if entity @s[tag=aj.dino.bone.tail_1] run data modify entity @s {} merge value {transformation:[-0.25797009623984024f,0.28655162449490573f,1.4625306307716566f,0.2589291193455797f,0.5969847974277459f,1.3798631426196775f,-0.16505486748321402f,0.6602770239912051f,-1.3655463489337014f,0.5491103023428705f,-0.348449845422208f,-1.156591492797406f,0f,0f,0f,1f],start_interpolation:0}
execute if entity @s[tag=aj.dino.bone.tail_0] run data modify entity @s {} merge value {transformation:[-1.0600364797112947f,0.09168480778500358f,0.708344742541893f,0.05414683984528941f,0.24028858517087814f,1.2395303255367385f,0.1991524152386625f,0.6319921343103718f,-0.6726215682699234f,0.2983189311462516f,-1.04518981902901f,-0.8439637679885058f,0f,0f,0f,1f],start_interpolation:0}
execute if entity @s[tag=aj.dino.bone.body_1] run data modify entity @s {} merge value {transformation:[-1.231055925944666f,-0.0026041295773207825f,-0.11445139038873908f,0.08093059150928777f,-0.016259438713325542f,1.2274946518914724f,0.1469595362227662f,0.515145625f,0.1133204875805724f,0.14783332893237386f,-1.2222554434354238f,-0.5697641222633267f,0f,0f,0f,1f],start_interpolation:0}