execute if entity @s[tag=aj.dino.bone.head_lower] run data modify entity @s {} merge value {transformation:[-0.9820975569792784f,-0.1824792678468858f,-0.04675152811832323f,0.42307172550969374f,-0.1874314912605093f,0.9218321043441035f,0.3392565511296487f,0.28713015442463624f,-0.01881022751578154f,0.34194573868756845f,-0.9395314189180785f,-0.012839423221574352f,0f,0f,0f,1f],start_interpolation:0}
execute if entity @s[tag=aj.dino.bone.head_upper] run data modify entity @s {} merge value {transformation:[-1.0222649378524156f,-0.166244156156021f,-0.1039673985683853f,0.41185417810117936f,-0.19509736115660944f,0.8072820647226743f,0.6274588673613043f,0.34845225725676254f,-0.01957955798358221f,0.6357125852966701f,-0.8239891336589936f,-0.05537438326834915f,0f,0f,0f,1f],start_interpolation:0}
execute if entity @s[tag=aj.dino.bone.neck_0] run data modify entity @s {} merge value {transformation:[-0.9809094342182815f,-0.09221710979246789f,-0.17120948140536948f,0.40259726497567494f,-0.14882174316141072f,0.9226894608438017f,0.35566310971223014f,0.3565212088326111f,0.12517496005180384f,0.3743529931886464f,-0.9187987080240866f,-0.12090252862704493f,0f,0f,0f,1f],start_interpolation:0}
execute if entity @s[tag=aj.dino.bone.neck_1] run data modify entity @s {} merge value {transformation:[-0.9350272676587909f,0.007401073317420837f,-0.35449856536844654f,0.37260067951493625f,-0.12685869492540533f,0.9266213569232393f,0.35394877089143517f,0.3907741440684094f,0.33110554247302987f,0.37592297749337555f,-0.8654773450161222f,-0.19248798897312397f,0f,0f,0f,1f],start_interpolation:0}
execute if entity @s[tag=aj.dino.bone.neck_2] run data modify entity @s {} merge value {transformation:[-0.9187469754616879f,0.12356639720082829f,-0.3750137871636299f,0.3409564514135929f,0.013038911327281898f,0.958747038744047f,0.2839614454303966f,0.42503802912515637f,0.394631450687094f,0.2559989476195712f,-0.882457113375076f,-0.2672914608365931f,0f,0f,0f,1f],start_interpolation:0}
execute if entity @s[tag=aj.dino.bone.body_0] run data modify entity @s {} merge value {transformation:[-0.847354052818212f,0.036489236955187215f,-0.5297732012465141f,0.09162393390915982f,0.004275921681042568f,0.9980728765371417f,0.061905166300180434f,0.46372159359816967f,0.5310111351622757f,0.05019032483759798f,-0.8458771220610992f,-0.6654720508427973f,0f,0f,0f,1f],start_interpolation:0}
execute if entity @s[tag=aj.dino.bone.leg_left_3] run data modify entity @s {} merge value {transformation:[0.048539571396960635f,0.11389611698355107f,-0.9923061949542935f,0.10169502254947047f,-0.12279400921534853f,0.9866214309816415f,0.10723704224081493f,0.06659730436255148f,0.9912444407457828f,0.11664401597941831f,0.06187594222937537f,-1.3145114383847392f,0f,0f,0f,1f],start_interpolation:0}
execute if entity @s[tag=aj.dino.bone.leg_left_2] run data modify entity @s {} merge value {transformation:[-0.6485259846830519f,-0.07575116083122341f,-0.7910360347824201f,0.058584871185307724f,-0.41973476449943287f,0.8996322961700474f,0.25796639056107173f,0.28362143592778166f,0.6747584561620382f,0.48681176323218f,-0.599814581781147f,-1.2185264748032894f,0f,0f,0f,1f],start_interpolation:0}
execute if entity @s[tag=aj.dino.bone.leg_left_1] run data modify entity @s {} merge value {transformation:[-0.7276847529685504f,0.6844739058733429f,-0.04438887783656531f,0.2613815578820353f,-0.14727176663852978f,-0.09270745962672342f,0.9847417700497552f,0.20914171483097338f,0.6699148655226765f,0.7231188001345622f,0.16826548619275625f,-1.0443436379049986f,0f,0f,0f,1f],start_interpolation:0}
execute if entity @s[tag=aj.dino.bone.leg_left_0] run data modify entity @s {} merge value {transformation:[-0.7112563296706967f,-0.24381166017563896f,-0.6592953115757522f,0.13662216090842105f,-0.16954130207078968f,0.9697328034647515f,-0.1757100929842523f,0.5844807086827518f,0.6821804602856273f,-0.013197130248356115f,-0.7310647408798331f,-0.9106910617024885f,0f,0f,0f,1f],start_interpolation:0}
execute if entity @s[tag=aj.dino.bone.leg_right_3] run data modify entity @s {} merge value {transformation:[-0.9855205759488663f,-0.05022181652070051f,-0.16194740975630337f,-0.2329896746097872f,-0.048543697295011845f,0.9987186178649508f,-0.014304956583373385f,0.044054176733377734f,0.16245831414349107f,-0.006236303014048372f,-0.9866957001479086f,-0.3367457953739402f,0f,0f,0f,1f],start_interpolation:0}
execute if entity @s[tag=aj.dino.bone.leg_right_2] run data modify entity @s {} merge value {transformation:[-1.0054865508565445f,0.1958387103345195f,0.05202110227413835f,-0.18417238050491175f,0.05062593712688745f,0.497771190420408f,-0.8953898904824468f,0.13233382032396762f,-0.19620400107370026f,-0.8751761200025149f,-0.4976273188247501f,-0.5558226047121542f,0f,0f,0f,1f],start_interpolation:0}
execute if entity @s[tag=aj.dino.bone.leg_right_1] run data modify entity @s {} merge value {transformation:[-0.9484900586301116f,0.12445461627738097f,-0.291337702961868f,-0.1538002635443f,-0.09691920050213346f,0.7615271804296628f,0.6408455524078128f,0.3032987061409294f,0.3016177668073866f,0.6360718528233249f,-0.7102389181057508f,-0.33934644438799794f,0f,0f,0f,1f],start_interpolation:0}
execute if entity @s[tag=aj.dino.bone.leg_right_0] run data modify entity @s {} merge value {transformation:[-0.9254352769399298f,-0.3284871561778283f,-0.18885374346652142f,-0.15979555661498118f,-0.011629728567855935f,0.5228087354964835f,-0.8523706796353367f,0.5793109615776244f,0.3787272073782839f,-0.7866175781882648f,-0.4876458633851778f,-0.6525373923322167f,0f,0f,0f,1f],start_interpolation:0}
execute if entity @s[tag=aj.dino.bone.tail_4] run data modify entity @s {} merge value {transformation:[-0.12586499120541553f,-2.0699185218287486f,-1.823528625653887f,-0.9844522671320084f,-2.1283710072659634f,1.234161137489517f,-1.2540113531145767f,0.7578424265710232f,1.7549519056140912f,1.3483118820587743f,-1.651623507122793f,-2.221522433241608f,0f,0f,0f,1f],start_interpolation:0}
execute if entity @s[tag=aj.dino.bone.tail_3] run data modify entity @s {} merge value {transformation:[-0.5402809804314574f,-1.5393784735630558f,-1.2939690503868886f,-0.7499789068093732f,-1.79825783609289f,0.9695872151184631f,-0.40263496278115873f,0.8166262651470986f,0.9001726185343484f,1.0129955939953272f,-1.5809727098946118f,-1.9633608422640978f,0f,0f,0f,1f],start_interpolation:0}
execute if entity @s[tag=aj.dino.bone.tail_2] run data modify entity @s {} merge value {transformation:[-1.1434528067526624f,-1.2864361384917833f,-0.9254034878444033f,-0.5791000512789988f,-1.48736717486751f,1.2649990941777332f,0.07930985978385012f,0.8010839194072494f,0.5468349301744343f,0.7507551054202972f,-1.7193348149296739f,-1.6431572567272192f,0f,0f,0f,1f],start_interpolation:0}
execute if entity @s[tag=aj.dino.bone.tail_1] run data modify entity @s {} merge value {transformation:[-1.3525904587944613f,-0.36888001075291654f,-0.5675234254593537f,-0.45117393801835326f,-0.5284026545182674f,1.367996155637758f,0.37018023023706215f,0.7052077452351868f,0.4230200178197704f,0.5293111616310806f,-1.3522351898602984f,-1.3590457543712235f,0f,0f,0f,1f],start_interpolation:0}
execute if entity @s[tag=aj.dino.bone.tail_0] run data modify entity @s {} merge value {transformation:[-1.07687202202387f,0.09927258459882349f,-0.6814156724887678f,-0.24965281663844457f,-0.13156711349341585f,1.2119003186087673f,0.3844781254987164f,0.6220996143603986f,0.6759234123872768f,0.39405366168463085f,-1.0107843335171462f,-1.0541618625024263f,0f,0f,0f,1f],start_interpolation:0}
execute if entity @s[tag=aj.dino.bone.body_1] run data modify entity @s {} merge value {transformation:[-0.9322672102926427f,0.09217818982948792f,-0.8068368019551309f,-0.06828341739421881f,-0.016259438713325546f,1.2260120116718682f,0.15885456539009696f,0.5025875437317784f,0.8119224558553307f,0.1303929584460291f,-0.9232465527267301f,-0.8483028627018842f,0f,0f,0f,1f],start_interpolation:0}