execute if entity @s[tag=aj.dino.bone.head_lower] run data modify entity @s {} merge value {transformation:[-0.9712186200589694f,-0.2215735527083456f,0.08740453529967929f,0.3751627195755144f,-0.19055916582164587f,0.9429573111753378f,0.2729811598303742f,0.30072200357320517f,-0.1429041509967761f,0.2484686500168174f,-0.9580405699064685f,0.024045649712202785f,0f,0f,0f,1f],start_interpolation:0}
execute if entity @s[tag=aj.dino.bone.head_upper] run data modify entity @s {} merge value {transformation:[-1.0109410569449564f,-0.24777041413411685f,0.008941132273352477f,0.36990165350663434f,-0.19835295630409877f,0.8307789331167753f,0.5949238704223293f,0.3603278347695482f,-0.148748871229148f,0.5760973257642047f,-0.8540828924284185f,-0.021942637524971012f,0f,0f,0f,1f],start_interpolation:0}
execute if entity @s[tag=aj.dino.bone.neck_0] run data modify entity @s {} merge value {transformation:[-0.9897661045649949f,-0.1345042276248651f,-0.04766204994829537f,0.3693228099729498f,-0.14255333419202754f,0.9470694902577299f,0.2876420128105419f,0.3636006556105855f,0.006450206583627133f,0.29149269866328087f,-0.9565513062355967f,-0.08852859579098135f,0f,0f,0f,1f],start_interpolation:0}
execute if entity @s[tag=aj.dino.bone.neck_1] run data modify entity @s {} merge value {transformation:[-0.9644457683638256f,-0.02424950565949617f,-0.26316595782961716f,0.34691748485019963f,-0.12163559472718027f,0.9247731112516879f,0.36055439922602306f,0.39840465962841715f,0.23462553565303795f,0.3797455123910529f,-0.8948431168860728f,-0.16258411249974425f,0f,0f,0f,1f],start_interpolation:0}
execute if entity @s[tag=aj.dino.bone.neck_2] run data modify entity @s {} merge value {transformation:[-0.9474452022404485f,0.10280608715026722f,-0.3029496611590896f,0.32138335825721026f,0.01125754307975347f,0.9570872792491574f,0.2895810898923701f,0.4331446176045618f,0.3197199657127517f,0.27095174541659095f,-0.9079450948049335f,-0.2394741254603982f,0f,0f,0f,1f],start_interpolation:0}
execute if entity @s[tag=aj.dino.bone.body_0] run data modify entity @s {} merge value {transformation:[-0.8791267558267819f,0.02903529954212719f,-0.4757027418146512f,0.09746303744751016f,0.003930712515492218f,0.9985502396363521f,0.053683968010052374f,0.4679581096331552f,0.47657181692647166f,0.04532516191568129f,-0.8779663621168631f,-0.6528246007285186f,0f,0f,0f,1f],start_interpolation:0}
execute if entity @s[tag=aj.dino.bone.leg_left_3] run data modify entity @s {} merge value {transformation:[0.017627287088034183f,0.11020599644271216f,-0.9937524425620217f,0.12775430745317776f,-0.12279400921534853f,0.9866214309816415f,0.10723704224081493f,0.07083382039753702f,0.992275622017762f,0.12013654845968585f,0.030924095353893788f,-1.3012349587338974f,0f,0f,0f,1f],start_interpolation:0}
execute if entity @s[tag=aj.dino.bone.leg_left_2] run data modify entity @s {} merge value {transformation:[-0.6692375534705785f,-0.09088418142960636f,-0.771960725744049f,0.08167405197173333f,-0.41973476449943287f,0.8996322961700474f,0.25796639056107173f,0.2878579519627672f,0.6542216933089381f,0.48421482500474156f,-0.6241731961165166f,-1.2066399882590457f,0f,0f,0f,1f],start_interpolation:0}
execute if entity @s[tag=aj.dino.bone.leg_left_1] run data modify entity @s {} merge value {transformation:[-0.7482069453891995f,0.6616079971913914f,-0.04961073395706417f,0.2789444457943193f,-0.14727176663852978f,-0.09270745962672342f,0.9847417700497552f,0.21337823086595892f,0.6469137451179482f,0.744096892200172f,0.16680054375065922f,-1.026222282569751f,0f,0f,0f,1f],start_interpolation:0}
execute if entity @s[tag=aj.dino.bone.leg_left_0] run data modify entity @s {} merge value {transformation:[-0.7321687152986123f,-0.24328201271898447f,-0.6361940227834425f,0.15008081562585407f,-0.16954130207078968f,0.9697328034647515f,-0.1757100929842523f,0.5887172247177374f,0.6596853183375546f,-0.020788270052921165f,-0.7512543701024881f,-0.8965223092521257f,0f,0f,0f,1f],start_interpolation:0}
execute if entity @s[tag=aj.dino.bone.leg_right_3] run data modify entity @s {} merge value {transformation:[-0.9867095340472956f,-0.05116420893366709f,-0.15422878831255993f,-0.22841991689478744f,-0.04948043028008027f,0.9986663367743304f,-0.014738887781555465f,0.04366423964862995f,0.1547772025831532f,-0.006911694288032899f,-0.9879252229002973f,-0.33356411660760626f,0f,0f,0f,1f],start_interpolation:0}
execute if entity @s[tag=aj.dino.bone.leg_right_2] run data modify entity @s {} merge value {transformation:[-1.0035358553308578f,0.20144978671160949f,0.0663021115795316f,-0.1778563681459346f,0.0399916733146763f,0.49465988969017055f,-0.8976494076742291f,0.1311653121204599f,-0.2082754249342679f,-0.8756664755865952f,-0.49182493877689343f,-0.5525571802425477f,0f,0f,0f,1f],start_interpolation:0}
execute if entity @s[tag=aj.dino.bone.leg_right_1] run data modify entity @s {} merge value {transformation:[-0.9528628383545514f,0.105656655017906f,-0.2844100605346703f,-0.15304557264011187f,-0.10318437440035975f,0.7686773943938936f,0.6312590975403211f,0.30445634239036595f,0.2853163089669323f,0.6308500095888416f,-0.7215420079518893f,-0.3372248117650511f,0f,0f,0f,1f],start_interpolation:0}
execute if entity @s[tag=aj.dino.bone.leg_right_0] run data modify entity @s {} merge value {transformation:[-0.9327485692471984f,-0.3154540206444575f,-0.17455333691038505f,-0.154237417960862f,-0.020121862924516405f,0.5289566009882196f,-0.8484102927849452f,0.5835474776126099f,0.35996557779842114f,-0.7878411484114265f,-0.4997310353280185f,-0.6477308444110265f,0f,0f,0f,1f],start_interpolation:0}
execute if entity @s[tag=aj.dino.bone.tail_4] run data modify entity @s {} merge value {transformation:[-1.7635225839441728f,-1.220459107546906f,1.7395772458631085f,-0.0753706815908396f,-0.4867894730800937f,2.4324999457513528f,1.2131122596108213f,1.066489740530817f,-2.0684983530129464f,0.4680650727468103f,-1.7685844573718417f,-2.3257518857402806f,0f,0f,0f,1f],start_interpolation:0}
execute if entity @s[tag=aj.dino.bone.tail_3] run data modify entity @s {} merge value {transformation:[-1.6791447803559154f,-0.8988873441073513f,0.8416768235205012f,-0.20929164908116812f,-0.6264485335675288f,1.848848208882155f,0.7247537936077224f,0.9255058485911382f,-1.0601794977450854f,0.33122102765573935f,-1.7613226818059486f,-2.030337904834229f,0f,0f,0f,1f],start_interpolation:0}
execute if entity @s[tag=aj.dino.bone.tail_2] run data modify entity @s {} merge value {transformation:[-1.7863448957216073f,-0.4950158426272415f,0.6186316384409855f,-0.3257326137407611f,-0.31795250466997654f,1.845446676222755f,0.5585755499440085f,0.8218718948390648f,-0.7257079256189948f,0.40995091873199263f,-1.767501662213461f,-1.7022022783807804f,0f,0f,0f,1f],start_interpolation:0}
execute if entity @s[tag=aj.dino.bone.tail_1] run data modify entity @s {} merge value {transformation:[-1.5067578531978323f,-0.019000467273913916f,0.13029199541811104f,-0.35209822228557885f,0.018462893596652596f,1.451394372326667f,0.4251702571188634f,0.7126205633850934f,-0.13036925782828857f,0.425146572633315f,-1.4456522743701015f,-1.396186464638379f,0f,0f,0f,1f],start_interpolation:0}
execute if entity @s[tag=aj.dino.bone.tail_0] run data modify entity @s {} merge value {transformation:[-1.2058179602148484f,0.13730416671176598f,-0.4012310172592809f,-0.23153579943728647f,0.0067510372267420675f,1.2154259147971644f,0.39563870604361645f,0.6263361303953842f,0.4240202670907289f,0.3711106681666422f,-1.1473096363463715f,-1.051960361442565f,0f,0f,0f,1f],start_interpolation:0}
execute if entity @s[tag=aj.dino.bone.body_1] run data modify entity @s {} merge value {transformation:[-0.9571152258962858f,0.08807017802454252f,-0.7776751784366511f,-0.05666936542428362f,-0.016259438713325546f,1.2260120116718682f,0.15885456539009696f,0.5068240597667639f,0.7824772648879195f,0.13320204966619084f,-0.9479404722631566f,-0.8405495834848955f,0f,0f,0f,1f],start_interpolation:0}