execute if entity @s[tag=aj.dino.bone.head_lower] run data modify entity @s {} merge value {transformation:[-0.9369007731439818f,0.013533583889651507f,-0.34933334136510796f,-0.9445131175250698f,-0.049117996255027496f,0.9842427436548464f,0.1698636041259901f,0.15691297188486253f,0.34612766969154696f,0.17630389578759087f,-0.9214730449687707f,0.6391055212730724f,0f,0f,0f,1f],start_interpolation:0}
execute if entity @s[tag=aj.dino.bone.head_upper] run data modify entity @s {} merge value {transformation:[-0.9752196243902486f,0.22404202414193639f,-0.28674692362087123f,-0.9595526266296602f,-0.051126901836026355f,0.7277299151311039f,0.7424736716648158f,0.2244222623736291f,0.3602841471620689f,0.7097085913423675f,-0.6708062248235633f,0.6089100687115833f,0f,0f,0f,1f],start_interpolation:0}
execute if entity @s[tag=aj.dino.bone.neck_0] run data modify entity @s {} merge value {transformation:[-0.9777163719824645f,-0.17869843467833718f,0.11017061949975285f,-0.9492122525458033f,-0.1774266774270624f,0.9839030350950337f,0.021321155408974696f,0.20988766817690022f,-0.11220726400122405f,0.0012988357450145899f,-0.9936839753820464f,0.544671774138648f,0f,0f,0f,1f],start_interpolation:0}
execute if entity @s[tag=aj.dino.bone.neck_1] run data modify entity @s {} merge value {transformation:[-0.8792887494974776f,-0.30614051374931484f,0.3648688543140781f,-0.9197134227609669f,-0.24970896142621618f,0.9486494685968444f,0.19418965037912056f,0.23070838982381503f,-0.4055819640844533f,0.07963775217966736f,-0.9105828346927958f,0.4679003378100356f,0f,0f,0f,1f],start_interpolation:0}
execute if entity @s[tag=aj.dino.bone.neck_2] run data modify entity @s {} merge value {transformation:[-0.606338983632084f,-0.2845887854937697f,0.7425377162805892f,-0.85744785185989f,-0.08011499179549564f,0.9508783134456886f,0.2990184293790106f,0.26621433986321597f,-0.791160302983927f,0.1218181275092658f,-0.5993544183473726f,0.41658507120931354f,0f,0f,0f,1f],start_interpolation:0}
execute if entity @s[tag=aj.dino.bone.body_0] run data modify entity @s {} merge value {transformation:[-0.2977771029101947f,-0.3722643504720697f,0.8790608911503341f,-0.4466960336077639f,0.04770672436057715f,0.9138806566867703f,0.4031702044850801f,0.4649328009545297f,-0.9534426387744548f,0.16199197110155017f,-0.2543732215966124f,0.29824310178511726f,0f,0f,0f,1f],start_interpolation:0}
execute if entity @s[tag=aj.dino.bone.leg_left_3] run data modify entity @s {} merge value {transformation:[-0.31415902790755157f,-0.04413554540332897f,0.9483439032419274f,-0.4470297748165112f,-0.04113069339899349f,0.9986136218089852f,0.03284966359128312f,0.03150143319412074f,-0.9484789777558071f,-0.02868602394012103f,-0.31553881026873115f,0.7264803073084976f,0f,0f,0f,1f],start_interpolation:0}
execute if entity @s[tag=aj.dino.bone.leg_left_2] run data modify entity @s {} merge value {transformation:[0.31097263430117533f,0.14047997107471225f,0.9672763813633264f,-0.3839084885912293f,-0.39055062873590335f,0.9483586975424888f,-0.012173195562410633f,0.2515803706040098f,-0.8960069344656172f,-0.36461398495265923f,0.34101380451114294f,0.6506381251153679f,0f,0f,0f,1f],start_interpolation:0}
execute if entity @s[tag=aj.dino.bone.leg_left_1] run data modify entity @s {} merge value {transformation:[0.4663651061619377f,-0.8591220328768683f,0.21074373153212217f,-0.6377701071592239f,-0.019001676857158194f,0.2284538733947427f,0.9733692844997506f,0.26239872237742623f,-0.8843882202015022f,-0.45794995398674054f,0.09021815566925387f,0.5390557450425697f,0f,0f,0f,1f],start_interpolation:0}
execute if entity @s[tag=aj.dino.bone.leg_left_0] run data modify entity @s {} merge value {transformation:[0.43961514373775357f,0.6959461403434357f,0.5678005769083979f,-0.3596250243272071f,-0.02331989625359597f,0.6407942806065923f,-0.7673583728484376f,0.5737516147855651f,-0.8978834600521138f,0.32410131083189875f,0.29793226156609687f,0.537652944304938f,0f,0f,0f,1f],start_interpolation:0}
execute if entity @s[tag=aj.dino.bone.leg_right_3] run data modify entity @s {} merge value {transformation:[0.9293634313128425f,-0.11899190908590519f,0.349463214245093f,-0.1625215943572269f,0.15772505633234926f,0.9838654102013976f,-0.08444916349019221f,0.017266754747870455f,-0.333776001449141f,0.13360306950563539f,0.9331365391384562f,0.00991569241308976f,0f,0f,0f,1f],start_interpolation:0}
execute if entity @s[tag=aj.dino.bone.leg_right_2] run data modify entity @s {} merge value {transformation:[0.8674128360281097f,-0.07098734020112504f,0.5427872225149892f,-0.1636397693356998f,0.3145044210605973f,0.8970550112219465f,-0.38528103440946415f,0.21397415038143172f,-0.4480447974563534f,0.4922553238650223f,0.7803862858223047f,0.14947221233887026f,0f,0f,0f,1f],start_interpolation:0}
execute if entity @s[tag=aj.dino.bone.leg_right_1] run data modify entity @s {} merge value {transformation:[0.6668352358230049f,-0.687241747120896f,0.28814848477667976f,-0.35234375030614934f,-0.11967752385150285f,0.28288927295248467f,0.9516569495008103f,0.2379705569789246f,-0.7355324999955138f,-0.6690832835026097f,0.10639314445825912f,-0.05258808978917687f,0f,0f,0f,1f],start_interpolation:0}
execute if entity @s[tag=aj.dino.bone.leg_right_0] run data modify entity @s {} merge value {transformation:[0.604512146676126f,0.6095174289213946f,0.5128874811906358f,-0.22506967258570332f,-0.0533220884040748f,0.6733664614879259f,-0.7373834575249554f,0.5685837954137126f,-0.7948092975105727f,0.41840902521848444f,0.4395589473625439f,0.16832699407004043f,0f,0f,0f,1f],start_interpolation:0}
execute if entity @s[tag=aj.dino.bone.tail_4] run data modify entity @s {} merge value {transformation:[2.634220220228715f,0.38287101387790795f,-0.7348162693287924f,0.2566985796440692f,-0.4428261867908191f,2.720415311976824f,-0.1700200877965326f,0.053061332289851965f,0.7003214485009612f,0.2800208004669317f,2.656463730540166f,1.656803342071486f,0f,0f,0f,1f],start_interpolation:0}
execute if entity @s[tag=aj.dino.bone.tail_3] run data modify entity @s {} merge value {transformation:[2.0259858157370774f,0.20867663363758276f,-0.4333371240158174f,0.3281344775971839f,-0.3009473343063199f,2.013463729705545f,-0.4374243216587294f,0.10752900931615339f,0.3751768948783149f,0.4882247410551475f,1.9891768211538023f,1.3147347991188252f,0f,0f,0f,1f],start_interpolation:0}
execute if entity @s[tag=aj.dino.bone.tail_2] run data modify entity @s {} merge value {transformation:[1.9435750735253778f,-0.1747795607691809f,-0.10364320388203138f,0.34879710039378736f,0.08252919686574423f,1.589806014857219f,-1.1333488614682063f,0.3186554120122435f,0.18568451803609132f,1.1228280434972746f,1.5885692680838832f,1.0198277254957697f,0f,0f,0f,1f],start_interpolation:0}
execute if entity @s[tag=aj.dino.bone.tail_1] run data modify entity @s {} merge value {transformation:[1.4839853312981286f,-0.13571643577395934f,0.2588915517215608f,0.2933277622604151f,0.257877595173951f,1.238596985522724f,-0.8288744798588753f,0.48163301469079434f,-0.13763332590359278f,0.8573883638788402f,1.2383854452818321f,0.7429917983637839f,0f,0f,0f,1f],start_interpolation:0}
execute if entity @s[tag=aj.dino.bone.tail_0] run data modify entity @s {} merge value {transformation:[0.9703255019237f,-0.10554461579202647f,0.825326887346984f,0.04960108380577166f,0.3450199270093024f,1.2047872601754337f,-0.2515643541312942f,0.584219628595712f,-0.7571429104647568f,0.41374352971413725f,0.9430729671328045f,0.4773883267039213f,0f,0f,0f,1f],start_interpolation:0}
execute if entity @s[tag=aj.dino.bone.body_1] run data modify entity @s {} merge value {transformation:[0.4231917830218546f,-0.05721002869329237f,1.1602759682316732f,-0.2162933245075317f,-0.01625337577438432f,1.2344548399805704f,0.06679573998939639f,0.4855412609329446f,-1.1615718391967715f,-0.03811634454806831f,0.42178501836785626f,0.3818966244981208f,0f,0f,0f,1f],start_interpolation:0}