execute if entity @s[tag=aj.dino.bone.head_lower] run data modify entity @s {} merge value {transformation:[-0.9590700725559915f,-0.12140563250707696f,-0.255822728315922f,-0.24769007976821597f,-0.15319659563488408f,0.9822565790217492f,0.10817955469667928f,0.21917711336928103f,0.2381499506893235f,0.14294294443604622f,-0.960651818101973f,0.682685248622954f,0f,0f,0f,1f],start_interpolation:0}
execute if entity @s[tag=aj.dino.bone.head_upper] run data modify entity @s {} merge value {transformation:[-0.9982956389110015f,0.04800746510661037f,-0.2908144480744045f,-0.26696996623897035f,-0.15946227256443601f,0.7757585851067306f,0.675457136941565f,0.2831113012022323f,0.24789018444337071f,0.6923625087414454f,-0.7366522622848521f,0.6475261517117336f,0f,0f,0f,1f],start_interpolation:0}
execute if entity @s[tag=aj.dino.bone.neck_0] run data modify entity @s {} merge value {transformation:[-0.9846536513195433f,-0.16980752755162107f,-0.04028139185650098f,-0.26650017579166185f,-0.1731502934095631f,0.979407357210076f,0.10382776379637818f,0.2739833304786069f,0.02182115568144228f,0.10920912154934564f,-0.9937792536248412f,0.5814868020654723f,0f,0f,0f,1f],start_interpolation:0}
execute if entity @s[tag=aj.dino.bone.neck_1] run data modify entity @s {} merge value {transformation:[-0.982263628960669f,-0.18718591740178567f,0.010935974920847746f,-0.2664360973044256f,-0.1763919203168843f,0.9422537895077729f,0.2846817286113799f,0.3024404547662174f,-0.0635928743487782f,0.27770349022778473f,-0.958559710110626f,0.5015635587894502f,0f,0f,0f,1f],start_interpolation:0}
execute if entity @s[tag=aj.dino.bone.neck_2] run data modify entity @s {} merge value {transformation:[-0.9554853338230525f,-0.10430775706407597f,0.2759849065896758f,-0.243278987734376f,-0.016768203076434042f,0.953106278444771f,0.30217089428789473f,0.33824439754494257f,-0.2945617154598301f,0.28409208684055304f,-0.912428124281547f,0.4244094509791778f,0f,0f,0f,1f],start_interpolation:0}
execute if entity @s[tag=aj.dino.bone.body_0] run data modify entity @s {} merge value {transformation:[-0.9055049093976542f,-0.10576534981177863f,0.4109434873993485f,-0.05061041032478529f,0.006890532138827461f,0.9646467482349367f,0.2634562044944214f,0.47159978484776954f,-0.42427983645654227f,0.24139250588813796f,-0.8727635868191657f,0.015378810733972542f,0f,0f,0f,1f],start_interpolation:0}
execute if entity @s[tag=aj.dino.bone.leg_left_3] run data modify entity @s {} merge value {transformation:[-0.8306664624761151f,-0.5167150400587338f,-0.20736150919232327f,0.6924029408198329f,-0.5532673403218713f,0.7243436987415086f,0.4113653561332468f,0.24876840448186388f,-0.06235766392817732f,0.4564337558403974f,-0.8875695737680789f,-0.1424358905520021f,0f,0f,0f,1f],start_interpolation:0}
execute if entity @s[tag=aj.dino.bone.leg_left_2] run data modify entity @s {} merge value {transformation:[-0.5230544055531328f,-0.7903425745331346f,0.3922179282140093f,0.5194850697526059f,-0.4215494978463461f,0.6244051959981085f,0.6960433690343952f,0.4151732241103988f,-0.7750950323654816f,0.19374974991363034f,-0.6432347353116538f,-0.11835440521599758f,0f,0f,0f,1f],start_interpolation:0}
execute if entity @s[tag=aj.dino.bone.leg_left_1] run data modify entity @s {} merge value {transformation:[-0.7010626178629698f,-0.568873870761573f,-0.42999270342630813f,0.4017071170911186f,-0.0660060572962945f,-0.5486349275145284f,0.8334524081861701f,0.22323762074736403f,-0.71003831321649f,0.6126844501665383f,0.3470783172265427f,0.043825937884829164f,0f,0f,0f,1f],start_interpolation:0}
execute if entity @s[tag=aj.dino.bone.leg_left_0] run data modify entity @s {} merge value {transformation:[-0.7081360288638668f,-0.1618084524064006f,0.6872855224393706f,0.19988756349941839f,-0.09361551238626187f,0.986309979808837f,0.1357525674532496f,0.5885586642380082f,-0.6998424826098877f,0.031790697685597f,-0.7135894135110837f,0.033024015120489664f,0f,0f,0f,1f],start_interpolation:0}
execute if entity @s[tag=aj.dino.bone.leg_right_3] run data modify entity @s {} merge value {transformation:[-0.0765019517058052f,0.033800643450758894f,0.9964963461486036f,-0.2799611436192275f,0.018982779143319167f,0.999293459217842f,-0.03243819446941876f,0.01380564087791572f,-0.9968887126862253f,0.016434684869340493f,-0.07708953010653845f,-0.3231909274735434f,0f,0f,0f,1f],start_interpolation:0}
execute if entity @s[tag=aj.dino.bone.leg_right_2] run data modify entity @s {} merge value {transformation:[0.00031566511149588996f,0.653803217287484f,0.7903185768541487f,-0.10313666869822585f,0.21657264694610118f,0.7724580232364743f,-0.6391143015400711f,0.17377700383928715f,-1.0025758766552244f,0.16706931167281505f,-0.13781021786092282f,-0.28695089205401253f,0f,0f,0f,1f],start_interpolation:0}
execute if entity @s[tag=aj.dino.bone.leg_right_1] run data modify entity @s {} merge value {transformation:[-0.41707116432881597f,-0.8060974712075438f,0.4198315266844662f,-0.3527006837935454f,-0.10775865345976252f,0.5025241954100338f,0.8578213716340004f,0.26265541419695343f,-0.9024631385768312f,0.3125320782580601f,-0.2964523293377088f,-0.20429609061112533f,0f,0f,0f,1f],start_interpolation:0}
execute if entity @s[tag=aj.dino.bone.leg_right_0] run data modify entity @s {} merge value {transformation:[-0.49357937909756333f,0.6497830493632365f,0.5780669384161994f,-0.08724175157819715f,-0.038333791273840165f,0.6477731393666577f,-0.7608682411309061f,0.5833889171328808f,-0.8688555213476161f,-0.39770837139200216f,-0.2948188161371046f,-0.23542250971113948f,0f,0f,0f,1f],start_interpolation:0}
execute if entity @s[tag=aj.dino.bone.tail_4] run data modify entity @s {} merge value {transformation:[2.705429590260231f,0.16351195955044576f,-0.5287493761966344f,1.0977035836446374f,-0.35234191097522694f,2.5433547594440027f,-1.0162987144456415f,0.23767148386646558f,0.4268105452243209f,1.0631423885338753f,2.5126126545466194f,0.45002376590927795f,0f,0f,0f,1f],start_interpolation:0}
execute if entity @s[tag=aj.dino.bone.tail_3] run data modify entity @s {} merge value {transformation:[2.0114196838958294f,0.1217374706100125f,0.5247059838903333f,1.0075415421070528f,0.11371401641438779f,1.8867276921837757f,-0.8736551173445024f,0.3673479949356696f,-0.5265030899736057f,0.8725732804990106f,1.815862299969876f,0.13358180886587445f,0f,0f,0f,1f],start_interpolation:0}
execute if entity @s[tag=aj.dino.bone.tail_2] run data modify entity @s {} merge value {transformation:[1.867787867718566f,-0.22731681814936086f,0.5277020185602473f,0.910769925132148f,0.45934885418921423f,1.6688978251512743f,-0.9069468310563632f,0.5366842122063253f,-0.34516805524434824f,0.99089908083244f,1.6485605540128148f,-0.17290144294026955f,0f,0f,0f,1f],start_interpolation:0}
execute if entity @s[tag=aj.dino.bone.tail_1] run data modify entity @s {} merge value {transformation:[1.0411843125039348f,-0.1489946187648655f,1.086918617457085f,0.6777037524919389f,0.6132613847136109f,1.321547307887752f,-0.4062996886951552f,0.6073749288188997f,-0.9096713425269887f,0.7203954237734636f,0.9701467579657213f,-0.3896032167089056f,0f,0f,0f,1f],start_interpolation:0}
execute if entity @s[tag=aj.dino.bone.tail_0] run data modify entity @s {} merge value {transformation:[-0.06920252089417135f,-0.05405449546617259f,1.2751960003096845f,0.30375741162366726f,0.28889918839461565f,1.2432607585927935f,0.06837881011125829f,0.6173951480124897f,-1.243215181145586f,0.29191867745520617f,-0.05509279177877231f,-0.3664593047810554f,0f,0f,0f,1f],start_interpolation:0}
execute if entity @s[tag=aj.dino.bone.body_1] run data modify entity @s {} merge value {transformation:[-0.9030541352154916f,-0.0999817676659062f,0.838511460900119f,0.11554972421135763f,-0.01625943871332555f,1.229502186601404f,0.129091436010852f,0.5045675000000001f,-0.8442946491475467f,0.08326232240946106f,-0.8993545052670023f,-0.1629802885412688f,0f,0f,0f,1f],start_interpolation:0}