execute if entity @s[tag=aj.dino.bone.head_lower] run data modify entity @s {} merge value {transformation:[-0.9817701606108267f,-0.19005489604133644f,-0.002547199424457025f,0.2840054849588449f,-0.1893232329780859f,0.976626627888245f,0.10177005038006731f,0.2972167242696297f,-0.016854233560638886f,0.10039704273708894f,-0.9948046886805122f,0.25146787898791495f,0f,0f,0f,1f],start_interpolation:0}
execute if entity @s[tag=aj.dino.bone.head_upper] run data modify entity @s {} merge value {transformation:[-1.0219241511089092f,-0.17164228988329733f,-0.09839662741913385f,0.27305086396103784f,-0.19706647432220922f,0.8371795189690183f,0.5863166382600146f,0.35637331838089137f,-0.0175435646906717f,0.5942569477304653f,-0.8544137440347753f,0.20590528310327827f,0f,0f,0f,1f],start_interpolation:0}
execute if entity @s[tag=aj.dino.bone.neck_0] run data modify entity @s {} merge value {transformation:[-0.9893284679006661f,-0.1322038058304703f,-0.06124815364775987f,0.27155603591784044f,-0.14159996332073216f,0.971446094315995f,0.19037314996019353f,0.35296056612294624f,0.03433122469250996f,0.19701431308952747f,-0.9797993301941853f,0.1393406163089192f,0f,0f,0f,1f],start_interpolation:0}
execute if entity @s[tag=aj.dino.bone.neck_1] run data modify entity @s {} merge value {transformation:[-0.9747234593629005f,-0.045176542736869614f,-0.21879958353242734f,0.2528127167627891f,-0.12019498729622295f,0.9315745277921477f,0.3431064910457073f,0.38631783658993507f,0.18832775365431592f,0.3607325590450369f,-0.913457540364268f,0.06362062331779908f,0f,0f,0f,1f],start_interpolation:0}
execute if entity @s[tag=aj.dino.bone.neck_2] run data modify entity @s {} merge value {transformation:[-0.9792080074140562f,0.07388418298692526f,-0.18892539723538457f,0.2369848073535465f,0.015062209435506676f,0.9552247929581115f,0.29549741921894007f,0.4215578744827139f,0.20229880885243562f,0.28650780516852875f,-0.9364766251831372f,-0.01561666214295454f,0f,0f,0f,1f],start_interpolation:0}
execute if entity @s[tag=aj.dino.bone.body_0] run data modify entity @s {} merge value {transformation:[-0.9555498635679683f,0.034093428183835865f,-0.29285166277470626f,0.09928969940179909f,0.003194790280439926f,0.9944304928110512f,0.10534604065950359f,0.4806802618800267f,0.2948122310052632f,0.09972779513377103f,-0.9503368430864163f,-0.46255682061802783f,0f,0f,0f,1f],start_interpolation:0}
execute if entity @s[tag=aj.dino.bone.leg_left_3] run data modify entity @s {} merge value {transformation:[-0.30210739211488397f,0.10273442329650963f,-0.9477218800362675f,0.3110449672092579f,-0.21924922130281913f,0.9600352994896063f,0.17395977320061606f,0.11364202350421293f,0.9277181159100274f,0.2603418176241301f,-0.26750931835828273f,-1.1025578546073822f,0f,0f,0f,1f],start_interpolation:0}
execute if entity @s[tag=aj.dino.bone.leg_left_2] run data modify entity @s {} merge value {transformation:[-0.8545818929123528f,-0.21060443382025956f,-0.5266856370381504f,0.24435065439861092f,-0.4308805116882523f,0.8604209124190315f,0.35507750931305976f,0.3245099157222746f,0.36890916558728126f,0.5170916992448671f,-0.8053473794695345f,-1.0063410539110218f,0f,0f,0f,1f],start_interpolation:0}
execute if entity @s[tag=aj.dino.bone.leg_left_1] run data modify entity @s {} merge value {transformation:[-0.9180648281844009f,0.393682120943858f,-0.046597842223559754f,0.3720569937462169f,-0.130667834900828f,-0.18953176524242818f,0.9731411135526127f,0.22401063418936273f,0.37427648626794086f,0.899495468367259f,0.22544403787567588f,-0.7813869008896378f,0f,0f,0f,1f],start_interpolation:0}
execute if entity @s[tag=aj.dino.bone.leg_left_0] run data modify entity @s {} merge value {transformation:[-0.9077121311636281f,-0.18611303866461293f,-0.37605933544775677f,0.22405175099789437f,-0.15422172969430087f,0.981496240388485f,-0.11349356014050804f,0.6006848139150969f,0.39022345525158036f,-0.04502296016804558f,-0.9196187188336394f,-0.6788281908187299f,0f,0f,0f,1f],start_interpolation:0}
execute if entity @s[tag=aj.dino.bone.leg_right_3] run data modify entity @s {} merge value {transformation:[-0.9792036966498343f,-0.04800040963339752f,0.19711945906562753f,-0.3002158278911969f,-0.05089448649694958f,0.9986575161520388f,-0.009639329709739242f,0.03793712817336871f,-0.19639213760105403f,-0.0194711609327049f,-0.9803320877031527f,-0.2975932739462598f,0f,0f,0f,1f],start_interpolation:0}
execute if entity @s[tag=aj.dino.bone.leg_right_2] run data modify entity @s {} merge value {transformation:[-0.9040638954384284f,0.4348669411087303f,0.21359170394967406f,-0.19084548986341981f,0.08491905355423332f,0.5874189376018116f,-0.8365344855957267f,0.14887922550532506f,-0.47698996510287556f,-0.7196470904396055f,-0.5537606323256128f,-0.48171565787958864f,0f,0f,0f,1f],start_interpolation:0}
execute if entity @s[tag=aj.dino.bone.leg_right_1] run data modify entity @s {} merge value {transformation:[-0.9939314680271166f,-0.08228335810745424f,-0.07300469741065466f,-0.22912217791615602f,-0.1098255911801629f,0.7048247841098949f,0.7008283407699551f,0.3010015411959721f,-0.006210989243954336f,0.7045931256285438f,-0.7095843508206836f,-0.2527897268879373f,0f,0f,0f,1f],start_interpolation:0}
execute if entity @s[tag=aj.dino.bone.leg_right_0] run data modify entity @s {} merge value {transformation:[-0.9970093089171328f,-0.07612083542374351f,-0.013343775589106682f,-0.14199554457396057f,-0.0325546808600499f,0.5702772843111135f,-0.8208069272081234f,0.5955150668099695f,0.07009016112609084f,-0.8179177448943951f,-0.571049850626183f,-0.5355935662489351f,0f,0f,0f,1f],start_interpolation:0}
execute if entity @s[tag=aj.dino.bone.tail_4] run data modify entity @s {} merge value {transformation:[2.59138062489109f,0.6635174029178755f,0.6856766326514149f,0.9299701723344861f,-0.5452290990471381f,2.658281626963032f,-0.5117864329024571f,0.48610098423063186f,-0.7830281081106291f,0.3448837186297624f,2.625563469835151f,-1.298913533741511f,0f,0f,0f,1f],start_interpolation:0}
execute if entity @s[tag=aj.dino.bone.tail_3] run data modify entity @s {} merge value {transformation:[0.9692532852608419f,0.5497655798616434f,1.7590484365857866f,0.6263206737896831f,0.020518438682419187f,1.9841448109179276f,-0.6314221163579401f,0.573750426856241f,-1.842843614832671f,0.3112437992174224f,0.9181504423369865f,-1.4576436842349678f,0f,0f,0f,1f],start_interpolation:0}
execute if entity @s[tag=aj.dino.bone.tail_2] run data modify entity @s {} merge value {transformation:[0.26272027231440587f,0.5128476762002491f,1.8672812307024953f,0.2795134721729899f,0.5223368738063894f,1.7957703318718592f,-0.566698315185228f,0.679911954030545f,-1.864649061829059f,0.5752999662676962f,0.10434414231366793f,-1.4782829435229932f,0f,0f,0f,1f],start_interpolation:0}
execute if entity @s[tag=aj.dino.bone.tail_1] run data modify entity @s {} merge value {transformation:[-0.745824011191978f,0.3652024356827053f,1.2641321035797362f,0.003734664238129362f,0.5689021270342478f,1.3997436373189887f,-0.06873405008375565f,0.6770488216845091f,-1.1864877429562506f,0.4415893802577538f,-0.8275880044189595f,-1.3044596753278963f,0f,0f,0f,1f],start_interpolation:0}
execute if entity @s[tag=aj.dino.bone.tail_0] run data modify entity @s {} merge value {transformation:[-1.22372320117242f,0.14909349064168578f,0.33779931104818756f,-0.09138025412067448f,0.21708496167867167f,1.2364363169827521f,0.24069705034155384f,0.6365489601015542f,-0.29868271277280567f,0.28780563176983237f,-1.209046017319553f,-0.9442030656478783f,0f,0f,0f,1f],start_interpolation:0}
execute if entity @s[tag=aj.dino.bone.body_1] run data modify entity @s {} merge value {transformation:[-1.1512600998656484f,0.040699037532338105f,-0.4489413835430282f,0.010250959887713905f,-0.016259438713325546f,1.2267677489921032f,0.15290884782060796f,0.51836828125f,0.45048907663373444f,0.14828713171762264f,-1.1417859315374734f,-0.6887420210786559f,0f,0f,0f,1f],start_interpolation:0}