execute if entity @s[tag=aj.dino.bone.head_lower] run data modify entity @s {} merge value {transformation:[-0.9999194805111956f,-0.011229393960555974f,0.005910431921541695f,-0.0030696064963330483f,-0.01169796480969291f,0.9961965745955268f,-0.08634548270436843f,0.2703114028436947f,-0.0049183445926181705f,-0.0864076702348685f,-0.9962477224119763f,0.8009773602906689f,0f,0f,0f,1f],start_interpolation:0}
execute if entity @s[tag=aj.dino.bone.head_upper] run data modify entity @s {} merge value {transformation:[-1.0408157706309866f,-0.012288249169017978f,-0.004844906778497986f,-0.004002629974664162f,-0.012176406696257348f,0.7446137588615674f,0.7272372568959335f,0.337161548634673f,-0.005119502837146008f,0.72723537567277f,-0.7446975504486988f,0.7659681619749306f,0f,0f,0f,1f],start_interpolation:0}
execute if entity @s[tag=aj.dino.bone.neck_0] run data modify entity @s {} merge value {transformation:[-0.9999194805111956f,-0.011977953013297788f,0.0041906008914928275f,-0.00321413424543566f,-0.01169796480969291f,0.9980421072823937f,0.061441921443183944f,0.3249381836535267f,-0.0049183445926181705f,0.061387952669318124f,-0.9981018631149516f,0.7004341717307866f,0f,0f,0f,1f],start_interpolation:0}
execute if entity @s[tag=aj.dino.bone.neck_1] run data modify entity @s {} merge value {transformation:[-0.9999194805111956f,-0.012552963959290961f,0.0018589217458764135f,-0.003114489111051972f,-0.01169796480969291f,0.9685941046289892f,0.2483719350032893f,0.35044073839571493f,-0.0049183445926181705f,0.24833019062088232f,-0.9686629580574785f,0.6195197316289103f,0f,0f,0f,1f],start_interpolation:0}
execute if entity @s[tag=aj.dino.bone.neck_2] run data modify entity @s {} merge value {transformation:[-0.9999194805111956f,-0.012682220442400843f,0.00044020321545872845f,-0.0032000908723725527f,-0.01169796480969291f,0.9346516969388559f,0.355372147232487f,0.3907248280547271f,-0.0049183445926181705f,0.355338383367133f,-0.9347247954304521f,0.5411098139728907f,0f,0f,0f,1f],start_interpolation:0}
execute if entity @s[tag=aj.dino.bone.body_0] run data modify entity @s {} merge value {transformation:[-0.9999194805111956f,-0.012545487341663959f,0.0019087277387567414f,-0.0024200260956140467f,-0.01169796480969291f,0.9695722231693559f,0.24452578939192474f,0.515205303014398f,-0.0049183445926181705f,0.2444837720704442f,-0.9696409103790306f,0.08645070259835366f,0f,0f,0f,1f],start_interpolation:0}
execute if entity @s[tag=aj.dino.bone.leg_left_3] run data modify entity @s {} merge value {transformation:[-0.9983623193040038f,-0.04913847814516921f,-0.029293162333680615f,0.21105373994524315f,-0.05013847544245048f,0.9981482705332944f,0.034440721707018326f,0.05289105289434179f,0.027546554670910148f,0.03585303330222168f,-0.9989773507586611f,-0.20405390183975963f,0f,0f,0f,1f],start_interpolation:0}
execute if entity @s[tag=aj.dino.bone.leg_left_2] run data modify entity @s {} merge value {transformation:[-1.0242252613991343f,-0.04805297891963721f,-0.026753030286654485f,0.19743691103286398f,-0.04895455071829295f,1.0239324701214882f,0.03504209034250343f,0.29257523552001f,0.02506522245143353f,0.03626854489155842f,-1.0247529101083852f,-0.22723032596972298f,0f,0f,0f,1f],start_interpolation:0}
execute if entity @s[tag=aj.dino.bone.leg_left_1] run data modify entity @s {} merge value {transformation:[-0.9397294455748412f,-0.029905625854298817f,0.34060860626511563f,0.1899631830845572f,0.3395552843698788f,0.035305936396626825f,0.9399232413934918f,0.24555429540682666f,-0.0401344985778134f,0.9989289986767932f,-0.02302341474428704f,0.04616784564302355f,0f,0f,0f,1f],start_interpolation:0}
execute if entity @s[tag=aj.dino.bone.leg_left_0] run data modify entity @s {} merge value {transformation:[-0.9569943362515664f,0.266083664139965f,-0.11559119369690019f,0.19257100838776922f,0.2897157824209944f,0.855890799296196f,-0.42838733069070745f,0.6501651294738958f,-0.015053431456480942f,-0.44345284231580806f,-0.896171284322041f,-0.056742556004193756f,0f,0f,0f,1f],start_interpolation:0}
execute if entity @s[tag=aj.dino.bone.leg_right_3] run data modify entity @s {} merge value {transformation:[-0.9979807150445078f,0.02983170699115898f,0.056076391264476826f,-0.20577700121238274f,0.03216171084702357f,0.9986365485493748f,0.041117736523120035f,0.038848880142393155f,-0.05477332155936401f,0.042838220777547925f,-0.997579455525207f,-0.14600615408216125f,0f,0f,0f,1f],start_interpolation:0}
execute if entity @s[tag=aj.dino.bone.leg_right_2] run data modify entity @s {} merge value {transformation:[-1.0237787236883666f,0.03770105742780734f,0.05017922570684534f,-0.19384990855083092f,0.03097374196585801f,1.0167076333724916f,-0.13194095289724986f,0.2717163348728124f,-0.054588934156528365f,-0.13017840839258624f,-1.0159408593794825f,-0.20766298706954825f,0f,0f,0f,1f],start_interpolation:0}
execute if entity @s[tag=aj.dino.bone.leg_right_1] run data modify entity @s {} merge value {transformation:[-0.9344063286893403f,0.0029355435780754613f,-0.35619684935328927f,-0.19277035398469494f,-0.3533943506067448f,0.11781771064612823f,0.9280255492266054f,0.2474666606529357f,0.0446905567714904f,0.9930309006481152f,-0.1090522099429796f,0.06878623706018996f,0f,0f,0f,1f],start_interpolation:0}
execute if entity @s[tag=aj.dino.bone.leg_right_0] run data modify entity @s {} merge value {transformation:[-0.9520955762698042f,-0.2731710066402197f,0.13744677071011324f,-0.20050968723697446f,-0.30535061598585006f,0.8248788037024064f,-0.4757477908719586f,0.6455745648661808f,0.016583575143236468f,-0.49492682321092263f,-0.8687763951108554f,-0.05674255600419381f,0f,0f,0f,1f],start_interpolation:0}
execute if entity @s[tag=aj.dino.bone.tail_4] run data modify entity @s {} merge value {transformation:[-2.758174567312463f,-0.11159062880900517f,0.0753785074986088f,0.015066367044154108f,-0.11166581754447705f,2.759201072771433f,-0.0012315880396844363f,0.5195182762161805f,-0.07526707794800172f,-0.004278221474719244f,-2.7604307445393705f,-1.8122168808517243f,0f,0f,0f,1f],start_interpolation:0}
execute if entity @s[tag=aj.dino.bone.tail_3] run data modify entity @s {} merge value {transformation:[-2.080549216067252f,-0.06804869754254635f,0.051282163850126745f,0.00703671707082399f,-0.07503043886153424f,2.0570473757755456f,-0.31443926775075565f,0.55270573271231f,-0.04038463582395877f,-0.31602372477734775f,-2.057776375754096f,-1.460201510608621f,0f,0f,0f,1f],start_interpolation:0}
execute if entity @s[tag=aj.dino.bone.tail_2] run data modify entity @s {} merge value {transformation:[-1.9534984186978186f,-0.0431110903885379f,0.027554256175952814f,0.00045967798645047504f,-0.04883273296805242f,1.8850849974923787f,-0.512682934592919f,0.6484248227851228f,-0.015269817902306698f,-0.5131957337288061f,-1.885516069023693f,-1.1098215991958005f,0f,0f,0f,1f],start_interpolation:0}
execute if entity @s[tag=aj.dino.bone.tail_1] run data modify entity @s {} merge value {transformation:[-1.5122528493489837f,-0.016683931925127685f,0.021661395416689457f,-0.0025529049189648035f,-0.020100005800753575f,1.4906984769896425f,-0.2550887893804237f,0.685114038305158f,-0.018535355477846727f,-0.25533497041392145f,-1.4906766059347119f,-0.7859057107191922f,0f,0f,0f,1f],start_interpolation:0}
execute if entity @s[tag=aj.dino.bone.tail_0] run data modify entity @s {} merge value {transformation:[-1.2781172176160287f,-0.014414906369708215f,0.006656207016119464f,-0.004845860682322532f,-0.014536830140503358f,1.2779104523687148f,-0.023859440066374023f,0.722924576850869f,-0.006385545157231735f,-0.02393329866874364f,-1.277975797349819f,-0.413029032942837f,0f,0f,0f,1f],start_interpolation:0}
execute if entity @s[tag=aj.dino.bone.body_1] run data modify entity @s {} merge value {transformation:[-1.2362831972115143f,-0.014071227550471365f,-0.00323294044938673f,-0.003146450282210934f,-0.014437844324081945f,1.2048905497458047f,0.276830104650445f,0.577407526267343f,-1.514010260304737e-16f,0.276848981837979f,-1.2049727118534779f,-0.1515375f,0f,0f,0f,1f],start_interpolation:0}