execute if entity @s[tag=aj.dino.bone.head_lower] run data modify entity @s {} merge value {transformation:[-1f,-7.188059934988653e-17f,9.91502761656248e-17f,-9.980080997729068e-17f,0f,0.8096234459981202f,0.586949636417068f,0.37843392773019074f,-1.2246467991473532e-16f,0.586949636417068f,-0.8096234459981202f,0.8150833211591905f,0f,0f,0f,1f],start_interpolation:0}
execute if entity @s[tag=aj.dino.bone.head_upper] run data modify entity @s {} merge value {transformation:[-1.0408995833333334f,-8.840033127517952e-17f,9.184148235808876e-17f,-0.00032312500000009547f,0f,0.7499426154711086f,0.7218434844783594f,0.4450356790321803f,-1.2747343429629804e-16f,0.7218434844783594f,-0.7499426154711086f,0.7795930576276361f,0f,0f,0f,1f],start_interpolation:0}
execute if entity @s[tag=aj.dino.bone.neck_0] run data modify entity @s {} merge value {transformation:[-1f,-1.2003637716617337e-17f,1.2187497900794394e-16f,-8.739710806091755e-17f,0f,0.9951847266721967f,0.09801714032956058f,0.4352199370227755f,-1.2246467991473532e-16f,0.09801714032956058f,-0.9951847266721967f,0.7136515452599623f,0f,0f,0f,1f],start_interpolation:0}
execute if entity @s[tag=aj.dino.bone.neck_1] run data modify entity @s {} merge value {transformation:[-1f,-3.298464349559937e-17f,1.1793901441035867e-16f,-7.755808172029984e-17f,0f,0.9630451367077625f,0.26934005395322597f,0.46247320324499247f,-1.2246467991473532e-16f,0.26934005395322597f,-0.9630451367077625f,0.6333097981744514f,0f,0f,0f,1f],start_interpolation:0}
execute if entity @s[tag=aj.dino.bone.neck_2] run data modify entity @s {} merge value {transformation:[-1f,-3.0727369060568864e-17f,1.1854714934250494e-16f,-6.747330248198497e-17f,0f,0.9680109352757226f,0.25090800941105995f,0.49393205874265583f,-1.2246467991473532e-16f,0.25090800941105995f,-0.9680109352757226f,0.5509613263919236f,0f,0f,0f,1f],start_interpolation:0}
execute if entity @s[tag=aj.dino.bone.body_0] run data modify entity @s {} merge value {transformation:[-1f,-7.67628836644008e-18f,1.2222386192365971e-16f,-9.942780938897152e-18f,0f,0.9980335718735941f,0.062681651328241f,0.5329812032715241f,-1.2246467991473532e-16f,0.062681651328241f,-0.9980335718735941f,0.081188967674759f,0f,0f,0f,1f],start_interpolation:0}
execute if entity @s[tag=aj.dino.bone.leg_left_3] run data modify entity @s {} merge value {transformation:[-0.9984509396244112f,-0.03458591766713416f,-0.04358366049625034f,0.21958759093149025f,-0.05083070545709299f,0.8855613353230658f,0.4617329972652621f,0.10093368580558137f,0.02262654515971125f,0.4632331331845238f,-0.8859475739422649f,-0.17364545312743096f,0f,0f,0f,1f],start_interpolation:0}
execute if entity @s[tag=aj.dino.bone.leg_left_2] run data modify entity @s {} merge value {transformation:[-1.0242330547878993f,-0.04942238398557267f,-0.023796574159427073f,0.20574291133272354f,-0.05094819964098557f,1.0220221945502077f,0.07026460204692997f,0.34125802644349706f,0.020325597995748613f,0.07134606722625841f,-1.023014568937391f,-0.18859898815344256f,0f,0f,0f,1f],start_interpolation:0}
execute if entity @s[tag=aj.dino.bone.leg_left_1] run data modify entity @s {} merge value {transformation:[-0.9399389650153398f,-0.032064924471024575f,0.3398331688704903f,0.197727868430462f,0.3404326543416851f,-0.01541572461373153f,0.940142522861565f,0.2804284928476001f,-0.024906824441635264f,0.9993668976173371f,0.02540578758732892f,0.08204637498722935f,0f,0f,0f,1f],start_interpolation:0}
execute if entity @s[tag=aj.dino.bone.leg_left_0] run data modify entity @s {} merge value {transformation:[-0.9561733076250295f,0.24785306969170642f,-0.15588926079050072f,0.19655375000000003f,0.29276393845603027f,0.817792628766199f,-0.4954840993163995f,0.6758972695430567f,0.0046778333792833054f,-0.5194074240709965f,-0.8545139236401055f,-0.0517831683481768f,0f,0f,0f,1f],start_interpolation:0}
execute if entity @s[tag=aj.dino.bone.leg_right_3] run data modify entity @s {} merge value {transformation:[-0.9789953217950998f,-0.010374299181559993f,0.20361859890442308f,-0.1927697099688206f,-0.01670982895024014f,0.9994274549820382f,-0.02942012652215903f,0.03390662216304477f,-0.20319680489555583f,-0.032204598190594125f,-0.9786081556658006f,0.005958720102426485f,0f,0f,0f,1f],start_interpolation:0}
execute if entity @s[tag=aj.dino.bone.leg_right_2] run data modify entity @s {} merge value {transformation:[-1.0047835524205757f,0.08796975534492f,0.186369349492714f,-0.16494564066725398f,-0.016529200980088615f,0.8901738161698913f,-0.5092931984831399f,0.22569104825713787f,-0.20542394651243148f,-0.5019104488360269f,-0.8706027240074373f,-0.13762271024731126f,0f,0f,0f,1f],start_interpolation:0}
execute if entity @s[tag=aj.dino.bone.leg_right_1] run data modify entity @s {} merge value {transformation:[-0.9411363244468923f,-0.13380999721968f,-0.31041472814714f,-0.20357772033529686f,-0.33661694377077284f,0.45479753085781915f,0.8245291014221726f,0.29881145659228153f,0.030845615134374185f,0.8804851450022881f,-0.4730691888691143f,0.12728171396109922f,0f,0f,0f,1f],start_interpolation:0}
execute if entity @s[tag=aj.dino.bone.leg_right_0] run data modify entity @s {} merge value {transformation:[-0.9561733076250295f,-0.2269065895868144f,0.18505676260945342f,-0.19655374999999997f,-0.29276393845603027f,0.750989904448337f,-0.5918643761508133f,0.6758972695430567f,-0.0046778333792835275f,-0.620102864869014f,-0.7845065677584332f,-0.05178316834817685f,0f,0f,0f,1f],start_interpolation:0}
execute if entity @s[tag=aj.dino.bone.tail_4] run data modify entity @s {} merge value {transformation:[-2.555952905302628f,-0.8015802018639171f,0.6709957208916144f,0.17152564004187998f,-0.6984665789338879f,2.6283321693817028f,0.47924500738730946f,0.7096310043934642f,-0.7777599344189995f,0.2738622262618069f,-2.6354791399363195f,-1.798172337358032f,0f,0f,0f,1f],start_interpolation:0}
execute if entity @s[tag=aj.dino.bone.tail_3] run data modify entity @s {} merge value {transformation:[-1.986016043155905f,-0.4302257078647237f,0.45452353367466397f,0.09866534155740242f,-0.45871290992822394f,2.0294273386747106f,-0.08338266815896114f,0.7039100838403923f,-0.4257561140335943f,-0.17965534608361583f,-2.03036972348167f,-1.4521385941948197f,0f,0f,0f,1f],start_interpolation:0}
execute if entity @s[tag=aj.dino.bone.tail_2] run data modify entity @s {} merge value {transformation:[-1.9321014958498168f,-0.19398499647211254f,0.21937982104421383f,0.05640826990266398f,-0.23680865528962666f,1.896175037485127f,-0.4089202403904374f,0.7802035567441374f,-0.1722769442426803f,-0.43088736737663685f,-1.8982704249185394f,-1.0994841884991127f,0f,0f,0f,1f],start_interpolation:0}
execute if entity @s[tag=aj.dino.bone.tail_1] run data modify entity @s {} merge value {transformation:[-1.5013184615572497f,0.008986810234059232f,0.18335311349740163f,0.01827718855440367f,-0.004765479165183051f,1.5082694392808047f,-0.1129461762960285f,0.7860758307790202f,-0.18351135440538888f,-0.11268888930761699f,-1.4970908613143412f,-0.7757741113749987f,0f,0f,0f,1f],start_interpolation:0}
execute if entity @s[tag=aj.dino.bone.tail_0] run data modify entity @s {} merge value {transformation:[-1.2766760967529547f,0.0018064987730201359f,0.06269447444433318f,4.9173341257786453e-17f,0.008453865044191725f,1.2709825226346914f,0.1355273991006928f,0.7771426471398057f,-0.062148151456681795f,0.13577879180257485f,-1.2694634471110928f,-0.4015308029386338f,0f,0f,0f,1f],start_interpolation:0}
execute if entity @s[tag=aj.dino.bone.body_1] run data modify entity @s {} merge value {transformation:[-1.2363675f,-4.4741998490533034e-17f,1.4464975120492923e-16f,1.8557991432579204e-17f,0f,1.1811548546539297f,0.36534614324460046f,0.6126456250000001f,-1.5141135014448153e-16f,0.36534614324460046f,-1.1811548546539297f,-0.1515375f,0f,0f,0f,1f],start_interpolation:0}