execute if entity @s[tag=aj.dino.bone.head_lower] run data modify entity @s {} merge value {transformation:[-0.9998080635915327f,-0.011887570538001904f,0.015573106435571481f,-0.010752719058173696f,-0.012152130952846552f,0.9997815494524025f,-0.017005266474200087f,0.3214826158044415f,-0.015367553177213255f,-0.017191248973175755f,-0.9997341142864377f,0.8013237506202919f,0f,0f,0f,1f],start_interpolation:0}
execute if entity @s[tag=aj.dino.bone.head_upper] run data modify entity @s {} merge value {transformation:[-1.0406997968057334f,-0.020392452526416596f,0.00015294433714586948f,-0.011523145590143986f,-0.01264914804543008f,0.651618359003382f,0.8116067125443035f,0.3920606357199276f,-0.01599607969901412f,0.8114490770671962f,-0.6517411014694143f,0.7746103450050404f,0f,0f,0f,1f],start_interpolation:0}
execute if entity @s[tag=aj.dino.bone.neck_0] run data modify entity @s {} merge value {transformation:[-0.9998080635915327f,-0.014230054399482455f,0.013466310895615724f,-0.01009834523349693f,-0.012152130952846552f,0.9895803547240265f,0.14346793111206121f,0.3852787231849824f,-0.015367553177213255f,0.143276750019178f,-0.9895633437093795f,0.7083026391134253f,0f,0f,0f,1f],start_interpolation:0}
execute if entity @s[tag=aj.dino.bone.neck_1] run data modify entity @s {} merge value {transformation:[-0.9998080635915327f,-0.0157217881318143f,0.011690224774911377f,-0.009180458073561519f,-0.012152130952846552f,0.9656903752528752f,0.25941168990094937f,0.41170311294551587f,-0.015367553177213255f,0.25921983821054234f,-0.9656960773387484f,0.6276896999939745f,0f,0f,0f,1f],start_interpolation:0}
execute if entity @s[tag=aj.dino.bone.neck_2] run data modify entity @s {} merge value {transformation:[-0.9998080635915327f,-0.016728594464877837f,0.010197553852727002f,-0.008450859269591432f,-0.012152130952846552f,0.937797717157507f,0.34696940413741606f,0.45128186079302984f,-0.015367553177213255f,0.3467788860663208f,-0.9378210077024013f,0.5489247280930795f,0f,0f,0f,1f],start_interpolation:0}
execute if entity @s[tag=aj.dino.bone.body_0] run data modify entity @s {} merge value {transformation:[-0.9998080635915327f,-0.014726987503900797f,0.012920983569742608f,-0.0025015411315691617f,-0.012152130952846552f,0.9834769414883284f,0.1806251125233368f,0.5457786461949596f,-0.015367553177213255f,0.18043342650358096f,-0.9834671407370571f,0.08713920659471194f,0f,0f,0f,1f],start_interpolation:0}
execute if entity @s[tag=aj.dino.bone.leg_left_3] run data modify entity @s {} merge value {transformation:[-0.9940290249866615f,-0.010103833398536849f,-0.1086471814393809f,0.18089369690672694f,-0.01252171271184165f,0.9996883777847351f,0.021595231716466406f,0.0371110928472978f,0.10839512994055255f,0.02282673592041537f,-0.9938457807589622f,-0.1602438167722447f,0f,0f,0f,1f],start_interpolation:0}
execute if entity @s[tag=aj.dino.bone.leg_left_2] run data modify entity @s {} merge value {transformation:[-1.0201299332144032f,-0.02592337635756723f,-0.10356204622783063f,0.17006785699371224f,-0.008291413677321545f,1.0112350756398378f,-0.17145574868058042f,0.26751690700588104f,0.10643482193296963f,-0.16968735914796584f,-1.005952299230029f,-0.23072100498313924f,0f,0f,0f,1f],start_interpolation:0}
execute if entity @s[tag=aj.dino.bone.leg_left_1] run data modify entity @s {} merge value {transformation:[-0.933267946291059f,0.04666904329347478f,0.3561361268163351f,0.1824448674359365f,0.3569766451147807f,0.23019710499287108f,0.9053049031655014f,0.2749308766045377f,-0.03973179165686853f,0.9720243274995608f,-0.23149533792446525f,0.046416557117469795f,0f,0f,0f,1f],start_interpolation:0}
execute if entity @s[tag=aj.dino.bone.leg_left_0] run data modify entity @s {} merge value {transformation:[-0.9514268073159875f,0.2814231148427266f,-0.12485215557900642f,0.19247672770210578f,0.30753347181967716f,0.8496209508842897f,-0.4284476671998711f,0.6791566391548559f,-0.014498069907498884f,-0.44603281297533853f,-0.8948991762865044f,-0.05754580739328467f,0f,0f,0f,1f],start_interpolation:0}
execute if entity @s[tag=aj.dino.bone.leg_right_3] run data modify entity @s {} merge value {transformation:[-0.9916845873838591f,0.00137733514337441f,0.12868481687133196f,-0.18283610669792819f,0.0028867150341097872f,0.9999292047370001f,0.011543499917401168f,0.01852233177320578f,-0.12865980732776355f,0.011818987348077847f,-0.9916183567867475f,-0.14068353864787447f,0f,0f,0f,1f],start_interpolation:0}
execute if entity @s[tag=aj.dino.bone.leg_right_2] run data modify entity @s {} merge value {transformation:[-1.0170671162813723f,0.03251120945655128f,0.12876219064407182f,-0.1697006067050721f,-0.0022186954646977114f,0.9901919945555737f,-0.26753895194753347f,0.24106993808895916f,-0.13278462964599086f,-0.2655654997894527f,-0.9817868439493626f,-0.23272208290560253f,0f,0f,0f,1f],start_interpolation:0}
execute if entity @s[tag=aj.dino.bone.leg_right_1] run data modify entity @s {} merge value {transformation:[-0.9322970592274562f,-0.07207562445860423f,-0.3544394133201604f,-0.189050442792686f,-0.3590473535180441f,0.3027420063342313f,0.8828546174384623f,0.2693415298682434f,0.04367140125443388f,0.9503432968983507f,-0.3081240444250458f,0.04266797973539699f,0f,0f,0f,1f],start_interpolation:0}
execute if entity @s[tag=aj.dino.bone.leg_right_0] run data modify entity @s {} merge value {transformation:[-0.9507378624889451f,-0.28636465511170905f,0.11871310430067866f,-0.20060286271574507f,-0.30941150352214414f,0.8531009211823739f,-0.42009920229149633f,0.6744723939451509f,0.019027304541580234f,-0.43613541770938213f,-0.8996798647859942f,-0.05754580739328473f,0f,0f,0f,1f],start_interpolation:0}
execute if entity @s[tag=aj.dino.bone.tail_4] run data modify entity @s {} merge value {transformation:[-2.76064449653291f,-0.0612394870408596f,0.027441220627586353f,0.004036072097820238f,-0.061683685391429856f,2.760400428167058f,-0.045231965816806066f,0.5234547802798534f,-0.02642760524698717f,-0.04583157211021682f,-2.7609531651730017f,-1.8105536449110011f,0f,0f,0f,1f],start_interpolation:0}
execute if entity @s[tag=aj.dino.bone.tail_3] run data modify entity @s {} merge value {transformation:[-2.0817985399959613f,-0.040140779117537856f,0.02119157301772661f,0.0008355734668469028f,-0.04313415683730715f,2.0521899240582084f,-0.3501449502025462f,0.5627441350259289f,-0.014135396317867796f,-0.35050072680416233f,-2.0525337895209264f,-1.4590898390263614f,0f,0f,0f,1f],start_interpolation:0}
execute if entity @s[tag=aj.dino.bone.tail_2] run data modify entity @s {} merge value {transformation:[-1.9538887911460159f,-0.029820481926281204f,0.014255023480223188f,-0.0032662934269823397f,-0.0326206202176389f,1.875593396785584f,-0.5475939919992804f,0.6649628438320149f,-0.005325596056212502f,-0.5477536159577368f,-1.8758228832260913f,-1.110512739624891f,0f,0f,0f,1f],start_interpolation:0}
execute if entity @s[tag=aj.dino.bone.tail_1] run data modify entity @s {} merge value {transformation:[-1.5123666730557261f,-0.017433008710467927f,0.009969274680512091f,-0.0037535969654209906f,-0.01896280180738759f,1.4868570085880213f,-0.27668194404459284f,0.7063445368504273f,-0.006611231199140444f,-0.27678254319949847f,-1.486944506497149f,-0.7871491748606779f,0f,0f,0f,1f],start_interpolation:0}
execute if entity @s[tag=aj.dino.bone.tail_0] run data modify entity @s {} merge value {transformation:[-1.2781243917548473f,-0.015046508265469268f,0.0027126323648266073f,-0.00490939023731315f,-0.015117814461298585f,1.277605901575714f,-0.03647366897980523f,0.7478338969134553f,-0.0022819884406567715f,-0.036503142768148346f,-1.2776924628723583f,-0.4146586267332733f,0f,0f,0f,1f],start_interpolation:0}
execute if entity @s[tag=aj.dino.bone.body_1] run data modify entity @s {} merge value {transformation:[-1.236279721210972f,-0.01439478336896993f,-0.00313627016244008f,-0.003210660544293703f,-0.014732480401187886f,1.2079417915836863f,0.2631808830881775f,0.6052845763571157f,-1.514006003431799e-16f,0.2631995695543683f,-1.2080275583125766f,-0.1515375f,0f,0f,0f,1f],start_interpolation:0}