execute if entity @s[tag=aj.dino.bone.head_lower] run data modify entity @s {} merge value {transformation:[-0.982164376317245f,0.18177463200839078f,-0.04807412039310821f,0.4275820113279539f,0.18612933381577956f,0.976157431134095f,-0.11168052979359366f,0.23804315452941677f,0.026627222661235184f,-0.11863664189405315f,-0.992580645697593f,0.7399927696853306f,0f,0f,0f,1f],start_interpolation:0}
execute if entity @s[tag=aj.dino.bone.head_upper] run data modify entity @s {} merge value {transformation:[-1.0223344900734637f,0.16684763428571037f,0.10230346975054125f,0.4380637006721134f,0.19374194601495587f,0.7857093839181934f,0.6546730214089606f,0.3008776274417469f,0.027716264973403598f,0.6620381964355693f,-0.8027510060409574f,0.6995277268196787f,0f,0f,0f,1f],start_interpolation:0}
execute if entity @s[tag=aj.dino.bone.neck_0] run data modify entity @s {} merge value {transformation:[-0.9305107421579584f,0.12911164989499918f,-0.34275346911451765f,0.4141055658178345f,0.10494254843002326f,0.9905563996593998f,0.08823310389428196f,0.2904704481559381f,0.3509085639559935f,0.04613242845545984f,-0.9352726761683694f,0.6381890388005003f,0f,0f,0f,1f],start_interpolation:0}
execute if entity @s[tag=aj.dino.bone.neck_1] run data modify entity @s {} merge value {transformation:[-0.8937087583633172f,0.10809231583961501f,-0.4354316323846108f,0.37771675930221654f,0.09634396937201375f,0.9941390834114873f,0.049044086283793475f,0.29920500045769916f,0.43818089277185773f,0.0018799176036836118f,-0.8988848486427283f,0.5620503548022333f,0f,0f,0f,1f],start_interpolation:0}
execute if entity @s[tag=aj.dino.bone.neck_2] run data modify entity @s {} merge value {transformation:[-0.8839089869934832f,0.03664707647619456f,-0.4662208645029761f,0.3372311126983968f,-0.17057387399214113f,0.9029822781194135f,0.3943698250545891f,0.34259551577288205f,0.43544167947437873f,0.42811213155903677f,-0.7919031169205675f,0.4968651878246598f,0f,0f,0f,1f],start_interpolation:0}
execute if entity @s[tag=aj.dino.bone.body_0] run data modify entity @s {} merge value {transformation:[-0.8492165674609824f,-0.006964786769826294f,-0.5279987815279858f,0.08832091865972178f,-0.22535838412250014f,0.9090576299176052f,0.35046800737625405f,0.5164296836412855f,0.4775403859941927f,0.41661219045274855f,-0.7735563731950503f,0.13625972185353258f,0f,0f,0f,1f],start_interpolation:0}
execute if entity @s[tag=aj.dino.bone.leg_left_3] run data modify entity @s {} merge value {transformation:[-0.1869384397025406f,0.01572634082335117f,-0.9822457441831387f,0.25508931500660775f,-0.048544250130171225f,0.9985024452698861f,0.025225434968653038f,0.04475421278125491f,0.9811714812105368f,0.05239798654878041f,-0.18589506573536302f,-0.25484830103212913f,0f,0f,0f,1f],start_interpolation:0}
execute if entity @s[tag=aj.dino.bone.leg_left_2] run data modify entity @s {} merge value {transformation:[-0.2756540084363574f,0.19336494086761985f,-0.9688586412769024f,0.26979268666502726f,-0.32930033319190727f,0.9303625623918008f,0.27937249785932017f,0.2697433673937327f,0.9314710718499858f,0.3861317154077335f,-0.18795249443307144f,-0.16920506875629443f,0f,0f,0f,1f],start_interpolation:0}
execute if entity @s[tag=aj.dino.bone.leg_left_1] run data modify entity @s {} merge value {transformation:[-0.5400540926789916f,0.6762155984291522f,-0.501072890328119f,0.4908298748899518f,-0.03915013185345999f,0.5745311015124288f,0.8175458889694034f,0.3832456447685779f,0.8407192421709685f,0.461136073015351f,-0.2838039429032886f,-0.04562036051086199f,0f,0f,0f,1f],start_interpolation:0}
execute if entity @s[tag=aj.dino.bone.leg_left_0] run data modify entity @s {} merge value {transformation:[-0.5008974746401735f,-0.6931505525705886f,-0.5183088185340708f,0.2026278508918615f,-0.0768495223043105f,0.6321034873542897f,-0.7710637666212468f,0.6852637007818367f,0.8620880876225444f,-0.34639210837666756f,-0.3698873293770292f,-0.05127418840259898f,0f,0f,0f,1f],start_interpolation:0}
execute if entity @s[tag=aj.dino.bone.leg_right_3] run data modify entity @s {} merge value {transformation:[-0.9809185952447323f,0.0947627896855759f,0.16976078226171246f,-0.3464492304924279f,0.08497697485891945f,0.9943235770368866f,-0.0640276338185164f,0.03392728612968349f,-0.17486458545665517f,-0.04838013889581892f,-0.9834031416024125f,0.16517567833335206f,0f,0f,0f,1f],start_interpolation:0}
execute if entity @s[tag=aj.dino.bone.leg_right_2] run data modify entity @s {} merge value {transformation:[-0.9762638421212868f,0.314564775681028f,-0.00448463688854961f,-0.27174867885029363f,0.31383977357931186f,0.9728021412116344f,-0.0849869994436838f,0.2575726896409034f,-0.021810698910486356f,-0.08226296527295208f,-1.0221640266895684f,0.11444469038042415f,0f,0f,0f,1f],start_interpolation:0}
execute if entity @s[tag=aj.dino.bone.leg_right_1] run data modify entity @s {} merge value {transformation:[-0.9762851771193201f,0.18605549224523443f,-0.11068245905508887f,-0.23477636275290265f,-0.01124985673630255f,0.4669708392146835f,0.8842011513488024f,0.3373153125755206f,0.2161959612493041f,0.8644776394612638f,-0.45380361083950355f,0.37766996954195864f,0f,0f,0f,1f],start_interpolation:0}
execute if entity @s[tag=aj.dino.bone.leg_right_0] run data modify entity @s {} merge value {transformation:[-0.9856338388146858f,-0.1329067357398438f,-0.10421964967512269f,-0.1638705451875845f,0.019946862562325703f,0.5211443493631336f,-0.853235424604954f,0.6090728836998647f,0.16771421662263963f,-0.8430565619944225f,-0.5110064332479572f,0.06875660606209229f,0f,0f,0f,1f],start_interpolation:0}
execute if entity @s[tag=aj.dino.bone.tail_4] run data modify entity @s {} merge value {transformation:[1.1212539761967402f,-0.2987445436120651f,2.5058337036054525f,0.7649656905469362f,0.2871953904041463f,2.739333242153222f,0.19807455102796756f,0.4034182766099782f,-2.507183611184791f,0.18018439914803894f,1.1433395181266366f,-1.1591620545509422f,0f,0f,0f,1f],start_interpolation:0}
execute if entity @s[tag=aj.dino.bone.tail_3] run data modify entity @s {} merge value {transformation:[-0.3035187111052646f,-0.07501410984319455f,2.0586876405559624f,0.4166224156698832f,-0.02431691051191681f,2.080897845702005f,0.0722382838968016f,0.37080611410585373f,-2.059910339290669f,-0.01351166613088843f,-0.3041913131669168f,-1.1074502267017923f,0f,0f,0f,1f],start_interpolation:0}
execute if entity @s[tag=aj.dino.bone.tail_2] run data modify entity @s {} merge value {transformation:[-1.0300311748150668f,0.4752978424775301f,1.5911950272823487f,0.12017418257648206f,0.011082435975339958f,1.8743455471229653f,-0.5527022929172114f,0.4740064639722485f,-1.6606284453557698f,-0.2823023307011391f,-0.9906525301833936f,-0.9245852031122745f,0f,0f,0f,1f],start_interpolation:0}
execute if entity @s[tag=aj.dino.bone.tail_1] run data modify entity @s {} merge value {transformation:[-1.22511410030471f,0.44578690900594464f,0.7668283530187883f,-0.0491175683224082f,0.12682903177955582f,1.3822039913905402f,-0.6009016332827879f,0.5862966063890483f,-0.8778758955185192f,-0.42242444051331496f,-1.1569562455532065f,-0.6696187268993594f,0f,0f,0f,1f],start_interpolation:0}
execute if entity @s[tag=aj.dino.bone.tail_0] run data modify entity @s {} merge value {transformation:[-1.2633909149525702f,-0.04199667129613171f,0.1895135673227112f,-0.10551129188809569f,-0.09526107413004052f,1.221470791953527f,-0.3643763833511204f,0.7222521205684136f,-0.16912847292790778f,-0.3742740982067772f,-1.2104338790865883f,-0.32493371502996804f,0f,0f,0f,1f],start_interpolation:0}
execute if entity @s[tag=aj.dino.bone.body_1] run data modify entity @s {} merge value {transformation:[-1.1526788619264565f,-0.1340115745832736f,-0.4265875457650993f,0.0026909675231752304f,-0.23962872760910214f,1.1809884871032346f,0.27649387206646364f,0.578423212890625f,0.37751040943081515f,0.34045805360363396f,-1.1270220936450417f,-0.08584913129119696f,0f,0f,0f,1f],start_interpolation:0}