execute if entity @s[tag=aj.dino.bone.head_lower] run data modify entity @s {} merge value {transformation:[-0.7901787774241168f,-0.5153941738010797f,-0.3316418931926883f,0.7441062162724753f,-0.46357676886981003f,0.14866407575147286f,0.8734961774073124f,0.8041861401848673f,-0.40089160514128336f,0.8439596188164825f,-0.3563959634092149f,0.6435204120550322f,0f,0f,0f,1f],start_interpolation:0}
execute if entity @s[tag=aj.dino.bone.head_upper] run data modify entity @s {} merge value {transformation:[-0.822496760179606f,-0.5425445055861042f,0.33558379212335104f,0.7548024588197216f,-0.4825368655595983f,0.8872627144413726f,0.2517836204393619f,0.8413168961247814f,-0.41728790475339306f,0.04338522333657171f,-0.9526071958189617f,0.5786948472638337f,0f,0f,0f,1f],start_interpolation:0}
execute if entity @s[tag=aj.dino.bone.neck_0] run data modify entity @s {} merge value {transformation:[-0.967176489316152f,0.0225377280671034f,0.2531041076862573f,0.771115334311258f,0.0826079703593822f,0.9698424660427677f,0.22930659452616386f,0.8403752360977876f,-0.2403030622925697f,0.2426883636964416f,-0.9398706274690983f,0.5140594109777833f,0f,0f,0f,1f],start_interpolation:0}
execute if entity @s[tag=aj.dino.bone.neck_1] run data modify entity @s {} merge value {transformation:[-0.9837786284611142f,0.09842491801004283f,-0.14997381670773458f,0.7588640149239261f,0.044186203410436456f,0.9432331990307651f,0.3291788445121598f,0.8726063621440866f,0.1738596836858401f,0.3172123386012994f,-0.9322816863093224f,0.4365442735426448f,0f,0f,0f,1f],start_interpolation:0}
execute if entity @s[tag=aj.dino.bone.neck_2] run data modify entity @s {} merge value {transformation:[-0.953137311724133f,0.1335242096664691f,-0.2714784529796751f,0.736387751819775f,-0.09508886657470822f,0.7196454090645005f,0.6877998201991079f,0.9399085632253021f,0.2872061497475815f,0.6813822500222122f,-0.6732242248328836f,0.3842359403572217f,0f,0f,0f,1f],start_interpolation:0}
execute if entity @s[tag=aj.dino.bone.body_0] run data modify entity @s {} merge value {transformation:[-0.848128379937707f,-0.028658398227194404f,-0.5290150728999052f,0.4867919247024613f,-0.27967253192801333f,0.8722866369045272f,0.401122547312868f,1.137265736139116f,0.4499572491128628f,0.488154401074948f,-0.7478260189923481f,0.03643862281693948f,0f,0f,0f,1f],start_interpolation:0}
execute if entity @s[tag=aj.dino.bone.leg_left_3] run data modify entity @s {} merge value {transformation:[0.2044635191824626f,0.34318832680935946f,-0.9167422983943282f,0.6065377325894312f,-0.024257177110239118f,0.9380159782234156f,0.3457421205988809f,0.7078313856885277f,0.9785735836829875f,-0.048454070410655664f,0.200114827982521f,-0.4904147534996665f,0f,0f,0f,1f],start_interpolation:0}
execute if entity @s[tag=aj.dino.bone.leg_left_2] run data modify entity @s {} merge value {transformation:[0.22226605283948048f,0.08225331720114475f,-0.9979450851952025f,0.595214707069691f,-0.4390308274640619f,0.9267449851259327f,-0.021397770464471437f,0.9225119063056642f,0.8999510729990118f,0.4317873595348026f,0.23602953597925969f,-0.3810752124971079f,0f,0f,0f,1f],start_interpolation:0}
execute if entity @s[tag=aj.dino.bone.leg_left_1] run data modify entity @s {} merge value {transformation:[-0.15783147422959456f,0.4531243749451275f,-0.8773639647108267f,0.7679898466329135f,-0.310729742943116f,0.8205741557552422f,0.47969269512582413f,1.1261835368169306f,0.9373026472772911f,0.3483336844710244f,0.011286791830404808f,-0.30570941300186744f,0f,0f,0f,1f],start_interpolation:0}
execute if entity @s[tag=aj.dino.bone.leg_left_0] run data modify entity @s {} merge value {transformation:[-0.10914296138885826f,-0.8450718790955996f,-0.5233940514957185f,0.4661040430186435f,-0.3427095626185509f,0.5262465323065036f,-0.778212530691444f,1.3563076236524156f,0.9330798302766339f,0.09443572627566704f,-0.347050319022639f,-0.13188437223169036f,0f,0f,0f,1f],start_interpolation:0}
execute if entity @s[tag=aj.dino.bone.leg_right_3] run data modify entity @s {} merge value {transformation:[-0.8957908542105346f,0.3868567203075508f,-0.2188621106213815f,-0.14637487452289036f,-0.027210289168061914f,0.4437511830952418f,0.8957368406317581f,0.7633080382325561f,0.4436421369484089f,0.8083481709353081f,-0.3869817681356457f,-0.337723633503057f,0f,0f,0f,1f],start_interpolation:0}
execute if entity @s[tag=aj.dino.bone.leg_right_2] run data modify entity @s {} merge value {transformation:[-0.8469849092082062f,0.4867310060070757f,-0.31268465083147406f,-0.04126794599458844f,0.0814864262433446f,0.6492342488974607f,0.7898842015747196f,0.9389281425577081f,0.5727466502847037f,0.6274153467604884f,-0.5747812251089638f,-0.2101258882322851f,0f,0f,0f,1f],start_interpolation:0}
execute if entity @s[tag=aj.dino.bone.leg_right_1] run data modify entity @s {} merge value {transformation:[-0.7916190801361898f,0.586792045085457f,-0.17033592630082361f,0.11141350543215606f,-0.3145821344287917f,-0.1524207324481936f,0.9369130167834054f,0.8415647398920606f,0.5238103785365066f,0.7952628597793203f,0.305253454023142f,0.0001646913744944023f,0f,0f,0f,1f],start_interpolation:0}
execute if entity @s[tag=aj.dino.bone.leg_right_0] run data modify entity @s {} merge value {transformation:[-0.7934627689867245f,-0.017461350921009533f,-0.6083682564499343f,0.24634296932145228f,-0.2620684117916492f,0.9119758794538594f,0.31562658765598683f,1.2044143008541892f,0.549305909100678f,0.40987204895963936f,-0.7281949750641682f,0.1565025129295829f,0f,0f,0f,1f],start_interpolation:0}
execute if entity @s[tag=aj.dino.bone.tail_4] run data modify entity @s {} merge value {transformation:[2.757796135294749f,0.09184451192335638f,-0.10856515731533854f,-0.9964270019052965f,-0.13936312130131648f,2.1648511819129426f,-1.708700855091754f,1.1887431644640827f,0.028279465597817292f,1.7119127540268217f,2.166614023315137f,0.48289041516732767f,0f,0f,0f,1f],start_interpolation:0}
execute if entity @s[tag=aj.dino.bone.tail_3] run data modify entity @s {} merge value {transformation:[1.8848270587680689f,0.3255458006672798f,-0.8230385265879445f,-0.8600558037004169f,-0.6714908413532376f,1.78741789916033f,-0.8307724296005728f,1.312120180673495f,0.5766043136838946f,1.0173999761517676f,1.7228958993543257f,0.18079488126092658f,0f,0f,0f,1f],start_interpolation:0}
execute if entity @s[tag=aj.dino.bone.tail_2] run data modify entity @s {} merge value {transformation:[1.3929204661836443f,-0.0630509136803586f,-1.369149747899618f,-0.6045188710484531f,-0.6149933527921603f,1.7158017611473277f,-0.7046852967587469f,1.443073164440243f,1.2248794332141315f,0.9331788540952788f,1.2031714239297848f,-0.04174427498478267f,0f,0f,0f,1f],start_interpolation:0}
execute if entity @s[tag=aj.dino.bone.tail_1] run data modify entity @s {} merge value {transformation:[0.6420824029028098f,0.07016969867422067f,-1.3676485847141158f,-0.3116873340698264f,-0.6020369216132587f,1.371181817758016f,-0.21229276404120495f,1.4725700866524984f,1.230015440105117f,0.6345020772525435f,0.6100208037970694f,-0.18194520055079844f,0f,0f,0f,1f],start_interpolation:0}
execute if entity @s[tag=aj.dino.bone.tail_0] run data modify entity @s {} merge value {transformation:[-0.21604146044862524f,0.2366593303929634f,-1.2373981433997738f,0.05562017445418785f,-0.6937358473347447f,1.0256223333125796f,0.3172776703728634f,1.4046042710390725f,1.0516141773835102f,0.7252081820639102f,-0.04490468992866272f,-0.1513224411933496f,0f,0f,0f,1f],start_interpolation:0}
execute if entity @s[tag=aj.dino.bone.body_1] run data modify entity @s {} merge value {transformation:[-0.6911734049447343f,0.11336617713872614f,-1.0188385687803065f,0.28484985350783804f,-0.47772166080458006f,1.0515815753645297f,0.4410927342500873f,1.2312249074074075f,0.9070093352063506f,0.6402568978863525f,-0.5440677950529038f,-0.06796014567150915f,0f,0f,0f,1f],start_interpolation:0}