execute if entity @s[tag=aj.dino.bone.head_lower] run data modify entity @s {} merge value {transformation:[-0.4382617026363374f,-0.19746138371579636f,-0.8768897775338365f,0.6310417585546509f,-0.18279491495476008f,0.9747644192639998f,-0.12814189792413275f,1.0487158605709528f,0.8800640312323759f,0.1041313059457139f,-0.46329685089913947f,0.2309738763373849f,0f,0f,0f,1f],start_interpolation:0}
execute if entity @s[tag=aj.dino.bone.head_upper] run data modify entity @s {} merge value {transformation:[-0.45618642366512085f,-0.2678480407378137f,-0.8964503982485857f,0.5630867595530911f,-0.19027115081186188f,1.0030509159264551f,-0.20287358579010722f,1.057194467613049f,0.9160582834164338f,0.07495485118069954f,-0.48856006207233377f,0.19926129484169802f,0f,0f,0f,1f],start_interpolation:0}
execute if entity @s[tag=aj.dino.bone.neck_0] run data modify entity @s {} merge value {transformation:[-0.41687381417305197f,-0.6904460415784478f,-0.5911856618063936f,0.5362015223799246f,-0.029012588867215264f,0.6601704844883425f,-0.7505552618546144f,0.997955727000287f,0.9085012343106824f,-0.2957350082068056f,-0.2952394150124387f,0.18467733491809077f,0f,0f,0f,1f],start_interpolation:0}
execute if entity @s[tag=aj.dino.bone.neck_1] run data modify entity @s {} merge value {transformation:[-0.37287320416439135f,-0.6664730493393097f,-0.6455844236972743f,0.47844169036802936f,0.11242144262480422f,0.6581860686377646f,-0.7444142115041338f,0.9379262537943165f,0.9210466833197641f,-0.3501496445172058f,-0.17049408667204982f,0.16862115239849537f,0f,0f,0f,1f],start_interpolation:0}
execute if entity @s[tag=aj.dino.bone.neck_2] run data modify entity @s {} merge value {transformation:[-0.5371748397463532f,-0.530977453720362f,-0.6553671758519193f,0.41582800937675135f,0.07233614605653486f,0.745125304871453f,-0.6629900165265774f,0.8871385983594714f,0.8403634175267076f,-0.40354829163417955f,-0.3618537035902323f,0.13296906406843317f,0f,0f,0f,1f],start_interpolation:0}
execute if entity @s[tag=aj.dino.bone.body_0] run data modify entity @s {} merge value {transformation:[-0.6697478355278623f,-0.3954979279610446f,-0.6285055495254308f,0.1158480886449877f,0.09425026351491575f,0.7942531096092227f,-0.6002323597603253f,0.611817591761194f,0.736583141697604f,-0.4612411374266179f,-0.49467351709211926f,-0.10456260789680383f,0f,0f,0f,1f],start_interpolation:0}
execute if entity @s[tag=aj.dino.bone.leg_left_3] run data modify entity @s {} merge value {transformation:[-0.7370938141479475f,0.16839605243469505f,-0.654473436183045f,0.21008938803703123f,-0.16418627587163948f,0.8948151389959564f,0.4151490501483163f,0.08193448728085331f,0.6555421999842824f,0.41345935295752934f,-0.6319143830391174f,-0.4962565367732468f,0f,0f,0f,1f],start_interpolation:0}
execute if entity @s[tag=aj.dino.bone.leg_left_2] run data modify entity @s {} merge value {transformation:[-0.7072996955404711f,-0.20763092405822242f,-0.7132171755950495f,0.13855202639648603f,-0.19340238770295895f,1.0023263240574714f,-0.09999828014983947f,0.31218486308011534f,0.7172062859595177f,0.06552510188363005f,-0.7303312973603069f,-0.5024405807433439f,0f,0f,0f,1f],start_interpolation:0}
execute if entity @s[tag=aj.dino.bone.leg_left_1] run data modify entity @s {} merge value {transformation:[-0.8071514906498017f,0.58730181776976f,-0.05985854981653663f,0.3173531765214043f,0.16660042457980054f,0.32388589142420937f,0.9313121001394623f,0.34746328539417237f,0.5663486290895682f,0.7417374900735982f,-0.3592697122604211f,-0.29315855262625223f,0f,0f,0f,1f],start_interpolation:0}
execute if entity @s[tag=aj.dino.bone.leg_left_0] run data modify entity @s {} merge value {transformation:[-0.7985170628433799f,-0.17980427086485634f,-0.5744918837779514f,0.20067533549957917f,0.11436582446124453f,0.891654443551892f,-0.43803288859338585f,0.7465123712569874f,0.5910084251034681f,-0.41547897356295077f,-0.691437823657193f,-0.33128186637244267f,0f,0f,0f,1f],start_interpolation:0}
execute if entity @s[tag=aj.dino.bone.leg_right_3] run data modify entity @s {} merge value {transformation:[-0.7211019724626816f,0.25540106672765983f,-0.6440358999503082f,-0.43767619410987413f,0.2401553520702161f,0.9640847823787035f,0.1134281237517328f,0.18318318807321948f,0.649874874250775f,-0.07287542452830892f,-0.7565393712936284f,-0.12926779545938855f,0f,0f,0f,1f],start_interpolation:0}
execute if entity @s[tag=aj.dino.bone.leg_right_2] run data modify entity @s {} merge value {transformation:[-0.6732027010618734f,0.45091378969053775f,-0.6289173849168185f,-0.3509608165763748f,0.3571595775768632f,0.9205374140208921f,0.2776870631367973f,0.40578680715691234f,0.686511004229946f,-0.0367399395119324f,-0.7611931538161291f,-0.1624211382181582f,0f,0f,0f,1f],start_interpolation:0}
execute if entity @s[tag=aj.dino.bone.leg_right_1] run data modify entity @s {} merge value {transformation:[-0.6480734287786662f,0.7599184698827237f,-0.05024689087060799f,-0.15475659647550644f,-0.03806942034411432f,0.03356984592877765f,0.9987110616584663f,0.36118061939465135f,0.7606257622153789f,0.6491509720977223f,0.007173930502587189f,0.028700754006917767f,0f,0f,0f,1f],start_interpolation:0}
execute if entity @s[tag=aj.dino.bone.leg_right_0] run data modify entity @s {} merge value {transformation:[-0.6635975971643348f,-0.2570201700834745f,-0.7025516786742333f,-0.12131874545495065f,0.01677770454020519f,0.9337781006519063f,-0.3574590429311866f,0.754960811631f,0.7479015561342837f,-0.2489961664628196f,-0.6153406954027474f,-0.10593337571465175f,0f,0f,0f,1f],start_interpolation:0}
execute if entity @s[tag=aj.dino.bone.tail_4] run data modify entity @s {} merge value {transformation:[-2.2955081143504903f,-0.6204511330102975f,1.4040456616852939f,-0.1687346111359875f,-1.2239515052174554f,2.2641937581649807f,-1.0005152022646453f,0.5653571850469022f,-0.9264159656585054f,-1.4540042464287979f,-2.1571477560751475f,-1.8255508376380223f,0f,0f,0f,1f],start_interpolation:0}
execute if entity @s[tag=aj.dino.bone.tail_3] run data modify entity @s {} merge value {transformation:[-1.8981028210228197f,-0.5629409070207028f,0.6451734201533462f,-0.2726233626533831f,-0.7124966796369141f,1.908574461050081f,-0.43085674438055266f,0.6197376675044854f,-0.4748680747071025f,-0.6135035353398907f,-1.9323714057587043f,-1.4918884425878713f,0f,0f,0f,1f],start_interpolation:0}
execute if entity @s[tag=aj.dino.bone.tail_2] run data modify entity @s {} merge value {transformation:[-1.9194172671026206f,-0.09122100751014126f,0.3553729836944814f,-0.34012743393989786f,-0.21144288935525304f,1.8218927842926191f,-0.6743681947470281f,0.7453784162610797f,-0.29983851369059555f,-0.7008275717564899f,-1.7993641808640335f,-1.1577790494532751f,0f,0f,0f,1f],start_interpolation:0}
execute if entity @s[tag=aj.dino.bone.tail_1] run data modify entity @s {} merge value {transformation:[-1.5121511352684418f,0.031488987284470776f,-0.00797732951318305f,-0.33735105526709286f,0.03248163036759703f,1.4699927612512165f,-0.3545736532198738f,0.8036785354912774f,0.0003712075245264277f,-0.3546631860636552f,-1.470329941426805f,-0.8370454141450367f,0f,0f,0f,1f],start_interpolation:0}
execute if entity @s[tag=aj.dino.bone.tail_0] run data modify entity @s {} merge value {transformation:[-1.1223971939332342f,-0.05888116572042725f,-0.6087637176756129f,-0.16087705539350503f,-0.05369602969823543f,1.2768524726660058f,-0.024499306630617102f,0.841650526984091f,0.6092429663356617f,0.004060536188531132f,-1.1236735453860314f,-0.5085838996087552f,0f,0f,0f,1f],start_interpolation:0}
execute if entity @s[tag=aj.dino.bone.body_1] run data modify entity @s {} merge value {transformation:[-1.012707762849983f,0.21048902186909849f,-0.6772901548023736f,-0.01759451108284375f,0.026571299464184704f,1.191095370898753f,0.3304396745619339f,0.6845992055393586f,0.7087464625410259f,0.2561069779455498f,-0.9801491022999664f,-0.297963585452314f,0f,0f,0f,1f],start_interpolation:0}