execute if entity @s[tag=aj.dino.bone.head_lower] run data modify entity @s {} merge value {transformation:[-0.9888905564374099f,0.00033797398467753925f,-0.14864505764570765f,0.0357160675684791f,-0.02893684406360121f,0.9804285077641497f,0.19473725945232284f,0.38916149270449857f,0.14580166818163945f,0.19687515571282238f,-0.9695267126894972f,0.8063757123581449f,0f,0f,0f,1f],start_interpolation:0}
execute if entity @s[tag=aj.dino.bone.head_upper] run data modify entity @s {} merge value {transformation:[-1.0293357681579682f,0.10303638303567537f,-0.11542669858000147f,0.029752974546925392f,-0.030120348928784145f,0.6282275250848014f,0.8293942873505582f,0.4604350826122296f,0.15176489565957343f,0.8235202627016881f,-0.6182667191016255f,0.7822930755615285f,0f,0f,0f,1f],start_interpolation:0}
execute if entity @s[tag=aj.dino.bone.neck_0] run data modify entity @s {} merge value {transformation:[-0.9956113269025971f,0.014356861212344228f,-0.09247684185448371f,0.023861916691950272f,-0.003128728096689154f,0.9825038466664612f,0.18621600990812703f,0.45652929031206474f,0.09353233025936374f,0.18568810360854077f,-0.978147039751446f,0.7159999652245245f,0f,0f,0f,1f],start_interpolation:0}
execute if entity @s[tag=aj.dino.bone.neck_1] run data modify entity @s {} merge value {transformation:[-0.9993712164814832f,-0.017799466624160258f,-0.030665137472637438f,0.021182177150284375f,-0.025260216374458487f,0.9643335413335097f,0.2634819586383241f,0.4832922344926687f,0.02488158228561615f,0.2640908935330171f,-0.9641768026746426f,0.6355381689525921f,0f,0f,0f,1f],start_interpolation:0}
execute if entity @s[tag=aj.dino.bone.neck_2] run data modify entity @s {} merge value {transformation:[-0.9990604587910952f,-0.024788193254419104f,-0.03554919345509674f,0.017825109280085436f,-0.03605825774309504f,0.9304873990826946f,0.3645449247992002f,0.5243391571836588f,0.02404166651168026f,0.3654842618000173f,-0.9305069868882433f,0.5575970974494661f,0f,0f,0f,1f],start_interpolation:0}
execute if entity @s[tag=aj.dino.bone.body_0] run data modify entity @s {} merge value {transformation:[-0.9990358013899955f,-0.03393643149575547f,-0.027852938056570582f,0.004374837092004996f,-0.03650532389680243f,0.994555990768831f,0.09759991061992994f,0.5798120180662284f,0.024389113723930326f,0.09852258544700639f,-0.9948359016886144f,0.08967321839786804f,0f,0f,0f,1f],start_interpolation:0}
execute if entity @s[tag=aj.dino.bone.leg_left_3] run data modify entity @s {} merge value {transformation:[-0.9838359633318053f,-0.0006642340717035872f,-0.17907081294302693f,0.1980395559160877f,-0.006897989588659562f,0.9993915019131407f,0.03419128022509249f,0.03638636814754678f,0.1789391376826582f,0.034873839721115074f,-0.9832418829100454f,-0.11577954705367773f,0f,0f,0f,1f],start_interpolation:0}
execute if entity @s[tag=aj.dino.bone.leg_left_2] run data modify entity @s {} merge value {transformation:[-1.0090706246939587f,-0.06863882976844086f,-0.17066746886403766f,0.1752001048705673f,-0.019353318549553016f,0.9859540283113158f,-0.28210335449707463f,0.2574625390562299f,0.18293201726750238f,-0.27430924994502415f,-0.9712633587002723f,-0.20945322637882008f,0f,0f,0f,1f],start_interpolation:0}
execute if entity @s[tag=aj.dino.bone.leg_left_1] run data modify entity @s {} merge value {transformation:[-0.9478598306844415f,0.10423959018994776f,0.3011575156158212f,0.20642369969087795f,0.3172913907546221f,0.3970361679616573f,0.861213361881549f,0.31333027499307553f,-0.029797898044318812f,0.9118642383421742f,-0.40940895948279643f,0.06057875111190879f,0f,0f,0f,1f],start_interpolation:0}
execute if entity @s[tag=aj.dino.bone.leg_left_0] run data modify entity @s {} merge value {transformation:[-0.9634048343389013f,0.2362688054627362f,-0.12660243574926017f,0.19747624174616168f,0.26803867873066367f,0.8446848702869705f,-0.46331710157580386f,0.7138642800197619f,-0.002528216120894114f,-0.4802962850923328f,-0.8771026659688992f,-0.05689351105266789f,0f,0f,0f,1f],start_interpolation:0}
execute if entity @s[tag=aj.dino.bone.leg_right_3] run data modify entity @s {} merge value {transformation:[-0.9855665227190755f,-0.011552438121751003f,0.1688939622037239f,-0.18870367015965023f,-0.006258882846590395f,0.9994733393366473f,0.03184133070026335f,0.02892523401955646f,-0.1691728574001825f,0.03032466205407719f,-0.9851197689572389f,-0.11843133265686076f,0f,0f,0f,1f],start_interpolation:0}
execute if entity @s[tag=aj.dino.bone.leg_right_2] run data modify entity @s {} merge value {transformation:[-1.0124058160602523f,0.05358466906534099f,0.15564493679277394f,-0.16983241150182515f,0.005866573168413588f,0.9809640633422344f,-0.29956182876168747f,0.2483196293293729f,-0.16450606805625245f,-0.2947887195483315f,-0.9685554005323708f,-0.2168236441924939f,0f,0f,0f,1f],start_interpolation:0}
execute if entity @s[tag=aj.dino.bone.leg_right_1] run data modify entity @s {} merge value {transformation:[-0.9432530773620362f,-0.09234608498138813f,-0.318976225815747f,-0.19678812868853057f,-0.3283466332223502f,0.4028922914365401f,0.8543221230616478f,0.3059236044120763f,0.04961975915495475f,0.9105767414609404f,-0.41035091983786276f,0.05330328342744421f,0f,0f,0f,1f],start_interpolation:0}
execute if entity @s[tag=aj.dino.bone.leg_right_0] run data modify entity @s {} merge value {transformation:[-0.9601558145814182f,-0.25998187897674196f,0.10251943390994674f,-0.19556846901475927f,-0.27838638797269505f,0.8575665739949263f,-0.43252813799580797f,0.710212157262878f,0.024532238320409412f,-0.44383442156994457f,-0.8957729486385841f,-0.05089151984286183f,0f,0f,0f,1f],start_interpolation:0}
execute if entity @s[tag=aj.dino.bone.tail_4] run data modify entity @s {} merge value {transformation:[-2.6934410485578653f,0.09593241584812048f,-0.6015260768520746f,-0.06234981203939062f,0.0275952847247615f,2.743415360476976f,0.31396176799086156f,0.6420263716798655f,0.6085023827434565f,0.30021735973879243f,-2.676799529047142f,-1.811318727606645f,0f,0f,0f,1f],start_interpolation:0}
execute if entity @s[tag=aj.dino.bone.tail_3] run data modify entity @s {} merge value {transformation:[-2.0572587456864704f,0.022773445814859697f,-0.32111267416078715f,-0.00812382498633274f,0.04275047677061748f,2.078006736511898f,-0.12651452798593057f,0.6431436331074317f,0.3190679803378257f,-0.13158609053139142f,-2.053491234640715f,-1.461834825989146f,0f,0f,0f,1f],start_interpolation:0}
execute if entity @s[tag=aj.dino.bone.tail_2] run data modify entity @s {} merge value {transformation:[-1.9489336536182136f,0.015540704446522747f,-0.14209143289601578f,0.016853230755471325f,0.04522192767794379f,1.9098406556341476f,-0.4113848834689956f,0.7201070756536382f,0.13559670369971363f,-0.41357107199973975f,-1.9050843491440304f,-1.1076819505708486f,0f,0f,0f,1f],start_interpolation:0}
execute if entity @s[tag=aj.dino.bone.tail_1] run data modify entity @s {} merge value {transformation:[-1.5112400105055128f,0.023371743117745442f,0.05712829658703017f,0.005717959537953777f,0.014970619541473561f,1.496870254823032f,-0.216359817841894f,0.7483532995004715f,-0.0598812257543382f,-0.21561412720337036f,-1.4958546175857088f,-0.7830978573497928f,0f,0f,0f,1f],start_interpolation:0}
execute if entity @s[tag=aj.dino.bone.tail_0] run data modify entity @s {} merge value {transformation:[-1.2776637093567333f,-0.008573330079459283f,0.036574039811986175f,-0.00517671468174658f,-0.0092419071025687f,1.2779703289781144f,-0.023283942722527592f,0.7859971092757534f,-0.03641084357616013f,-0.023538327190926106f,-1.2774802989506933f,-0.41035644435677665f,0f,0f,0f,1f],start_interpolation:0}
execute if entity @s[tag=aj.dino.bone.body_1] run data modify entity @s {} merge value {transformation:[-1.2361700207492938f,-0.007030790576412256f,-0.020948576104622182f,0.00016710945905596067f,-0.011486338679932621f,1.2057676879790462f,0.27312440701197926f,0.6412825f,0.01887694044781618f,0.27327540259925714f,-1.2056404150947304f,-0.14846897384176824f,0f,0f,0f,1f],start_interpolation:0}