execute if entity @s[tag=aj.dino.bone.head_lower] run data modify entity @s {} merge value {transformation:[-0.9487673135331801f,0.20156245285122723f,0.24333754821570286f,0.14614727955351173f,0.2205953434127558f,0.9739031787282786f,0.053388134707655466f,0.12351089510865948f,-0.22622616832639206f,0.10433204715499067f,-0.9684712410292873f,0.7419248629341109f,0f,0f,0f,1f],start_interpolation:0}
execute if entity @s[tag=aj.dino.bone.head_upper] run data modify entity @s {} merge value {transformation:[-0.9875715013369734f,-0.027159923532528316f,0.32777554955220706f,0.1678268230652145f,0.22961760104361112f,0.6857632819042956f,0.7486497318949186f,0.19059074838563378f,-0.23547872435003805f,0.7826001548230512f,-0.6446384340333132f,0.7149851678864557f,0f,0f,0f,1f],start_interpolation:0}
execute if entity @s[tag=aj.dino.bone.neck_0] run data modify entity @s {} merge value {transformation:[-0.9816340574824854f,0.1888614818021176f,0.026942863284758173f,0.16682061366297288f,0.19075789983412006f,0.9699014237962543f,0.15133622094156585f,0.18457147486736297f,0.0024496614763219737f,0.15369635262265352f,-0.9881150896272886f,0.6485962219447707f,0f,0f,0f,1f],start_interpolation:0}
execute if entity @s[tag=aj.dino.bone.neck_1] run data modify entity @s {} merge value {transformation:[-0.9599121369249727f,0.16001288086576892f,-0.2301403209808529f,0.14806186722472026f,0.049138253089979475f,0.9043953683103939f,0.42385663833656306f,0.22464413166523295f,0.2759603621308645f,0.3955564381169193f,-0.8760028440575167f,0.5762095625816207f,0f,0f,0f,1f],start_interpolation:0}
execute if entity @s[tag=aj.dino.bone.neck_2] run data modify entity @s {} merge value {transformation:[-0.9599121369249727f,0.21832884481409898f,-0.17578738551521225f,0.13479914969445433f,0.049138253089979475f,0.7484988551612874f,0.6613130090248543f,0.28990838270719144f,0.2759603621308645f,0.6261644986298593f,-0.729221433577085f,0.5184548376339142f,0f,0f,0f,1f],start_interpolation:0}
execute if entity @s[tag=aj.dino.bone.body_0] run data modify entity @s {} merge value {transformation:[-0.9599121369249727f,0.14584161724377606f,-0.23937191160170126f,0.023373389107509555f,0.049138253089979475f,0.9283122389637207f,0.3685401186756048f,0.472443293079987f,0.2759603621308645f,0.34200381528556617f,-0.8982645873364475f,0.09836411995981317f,0f,0f,0f,1f],start_interpolation:0}
execute if entity @s[tag=aj.dino.bone.leg_left_3] run data modify entity @s {} merge value {transformation:[-0.9964644928918949f,0.0062488558495980215f,-0.08378225472180875f,0.27355054828237624f,-0.021900107647442137f,0.943434613429932f,0.33083457417166223f,0.1491512415799011f,0.08111041665981963f,0.3314997465804244f,-0.9399622430323386f,-0.23313133341586778f,0f,0f,0f,1f],start_interpolation:0}
execute if entity @s[tag=aj.dino.bone.leg_left_2] run data modify entity @s {} merge value {transformation:[-1.014011592422025f,-0.11283225690795991f,-0.10541144024962325f,0.24241871180112357f,-0.15406162520231648f,0.786353207389657f,0.6402935642099757f,0.35199796372331643f,0.010378129622657486f,0.6488294957303881f,-0.7943392092780517f,-0.10642265913114402f,0f,0f,0f,1f],start_interpolation:0}
execute if entity @s[tag=aj.dino.bone.leg_left_1] run data modify entity @s {} merge value {transformation:[-0.9692617512598318f,-0.030763982306370716f,0.2441008704150347f,0.24041835795931446f,0.24582602049387725f,-0.08052331852820305f,0.9659635411449801f,0.27399543173445884f,-0.010061073146941902f,0.9962778591165515f,0.0856107600788184f,0.15989480039338755f,0f,0f,0f,1f],start_interpolation:0}
execute if entity @s[tag=aj.dino.bone.leg_left_0] run data modify entity @s {} merge value {transformation:[-0.9777224310937598f,0.11374638608819873f,-0.1764103380983745f,0.18575450322896356f,0.2072910837694658f,0.6553861457118153f,-0.7262915438022748f,0.6145489039005291f,0.033003853196084426f,-0.7466798240617498f,-0.6643643473376077f,-0.07535501181930235f,0f,0f,0f,1f],start_interpolation:0}
execute if entity @s[tag=aj.dino.bone.leg_right_3] run data modify entity @s {} merge value {transformation:[-0.9946955210058327f,-0.02548882892572049f,-0.09965510569424164f,-0.3076294297335679f,-0.021585953670897308f,0.9989645669556607f,-0.040047978366039294f,0.012978459725493025f,0.10057269557416165f,-0.03768439421145359f,-0.994215781074643f,0.13548802467539658f,0f,0f,0f,1f],start_interpolation:0}
execute if entity @s[tag=aj.dino.bone.leg_right_2] run data modify entity @s {} merge value {transformation:[-1.018343474007705f,0.07019058342219738f,-0.10055869154610365f,-0.29279598468193285f,0.10207185192887798f,0.9513201328242608f,-0.3696397454654111f,0.2231479255777836f,0.06797135786801721f,-0.37699534000140683f,-0.9514812702452401f,0.018100475943520433f,0f,0f,0f,1f],start_interpolation:0}
execute if entity @s[tag=aj.dino.bone.leg_right_1] run data modify entity @s {} merge value {transformation:[-0.9742871571460231f,0.17349315634225493f,-0.1437520786727012f,-0.25744278224640915f,-0.050793450717712525f,0.4524667908508129f,0.8903335490372997f,0.29783747705765595f,0.21950981933505365f,0.8747422065269105f,-0.43202026727449205f,0.28302500790885954f,0f,0f,0f,1f],start_interpolation:0}
execute if entity @s[tag=aj.dino.bone.leg_right_0] run data modify entity @s {} merge value {transformation:[-0.9853094137038735f,-0.16063817652647733f,-0.05797185100354836f,-0.20122781219888217f,-0.023200311855356218f,0.46221547142743646f,-0.8864641016436744f,0.5541796421784957f,0.1691954632853479f,-0.8720964592379451f,-0.45915211094831687f,-0.041683861831664865f,0f,0f,0f,1f],start_interpolation:0}
execute if entity @s[tag=aj.dino.bone.tail_4] run data modify entity @s {} merge value {transformation:[-1.9694005732295075f,-1.2245396497903323f,-1.4992082443258696f,-0.587359947264205f,-0.4656761140574951f,2.3756054396932673f,-1.3286481412684363f,0.9954356057878623f,1.8789008676775891f,-0.6947393558674569f,-1.9007183085479222f,-1.55639276690928f,0f,0f,0f,1f],start_interpolation:0}
execute if entity @s[tag=aj.dino.bone.tail_3] run data modify entity @s {} merge value {transformation:[-1.481207510407669f,-0.5537251041690359f,-1.354753979942244f,-0.352225101163421f,-0.35616544908402703f,2.0059376627895698f,-0.4304715924721833f,1.0487980053493826f,1.4195478188617432f,-0.07448575742888223f,-1.521604872478252f,-1.2976559085049102f,0f,0f,0f,1f],start_interpolation:0}
execute if entity @s[tag=aj.dino.bone.tail_2] run data modify entity @s {} merge value {transformation:[-1.741993641707711f,-0.06554492026597282f,-0.8831397911316253f,-0.1893550479768466f,-0.16595188983099043f,1.938445688056347f,0.1834725039891695f,1.0150294140426765f,0.869880450127606f,0.23854989600890678f,-1.733544295540991f,-0.9746938178730472f,0f,0f,0f,1f],start_interpolation:0}
execute if entity @s[tag=aj.dino.bone.tail_1] run data modify entity @s {} merge value {transformation:[-1.4636325615239536f,0.15778171577873248f,-0.34719001283555173f,-0.11517403587755722f,-0.049218047031121745f,1.2873090007890107f,0.7925082777700445f,0.8288014735702388f,0.3781713351025876f,0.7782009487616415f,-1.24058291728252f,-0.7176082122274814f,0f,0f,0f,1f],start_interpolation:0}
execute if entity @s[tag=aj.dino.bone.tail_0] run data modify entity @s {} merge value {transformation:[-1.2527254267643158f,-0.05006852565794874f,-0.24901378367598548f,-0.043614663382007327f,-0.20106611919365572f,0.9611840549163286f,0.8182501725456797f,0.6128848386932348f,0.15520031389979144f,0.8411028901965986f,-0.9498918397651189f,-0.4197304280739549f,0f,0f,0f,1f],start_interpolation:0}
execute if entity @s[tag=aj.dino.bone.body_1] run data modify entity @s {} merge value {transformation:[-1.2171031025094587f,-0.17781585039632133f,-0.12508459643750447f,-0.002557087473012544f,-0.18986814851437872f,1.2158929047048963f,0.11899212379087014f,0.5033218210169832f,0.10589957081037726f,0.1363472137316088f,-1.2242545949540296f,-0.14429233625442864f,0f,0f,0f,1f],start_interpolation:0}