execute if entity @s[tag=aj.dino.bone.head_lower] run data modify entity @s {} merge value {transformation:[-0.9903279085361979f,-0.13228775512432944f,0.0418399739302742f,0.40596468890571474f,-0.1243912969781286f,0.9801136195473028f,0.15460950169373183f,0.24317596971074806f,-0.06146087219052084f,0.14790957582945935f,-0.9870893164083633f,0.7319891040825348f,0f,0f,0f,1f],start_interpolation:0}
execute if entity @s[tag=aj.dino.bone.head_upper] run data modify entity @s {} merge value {transformation:[-1.0308319073587f,-0.1371497358459879f,-0.04524899238776632f,0.39944568180934775f,-0.129478849194827f,0.7331801725219065f,0.7274297250012802f,0.3097462315539033f,-0.0639745962544164f,0.7260225390176469f,-0.7431490203559181f,0.6970411531210244f,0f,0f,0f,1f],start_interpolation:0}
execute if entity @s[tag=aj.dino.bone.neck_0] run data modify entity @s {} merge value {transformation:[-0.9993468898390448f,-0.01018749581321162f,0.03466999708803209f,0.40217578494968675f,-0.006825975422647221f,0.9953839500343709f,0.0957298181002281f,0.2997815588750173f,-0.0354852057702611f,0.09543063943529435f,-0.9948033942585908f,0.6311777483385304f,0f,0f,0f,1f],start_interpolation:0}
execute if entity @s[tag=aj.dino.bone.neck_1] run data modify entity @s {} merge value {transformation:[-0.9587592477112515f,-0.00017168463549468993f,-0.2842194142780209f,0.37809787925087085f,-0.06321894256275926f,0.9750772987397984f,0.21266787905921397f,0.3222893787278773f,0.27709938691632247f,0.2218653465656227f,-0.9348752311211985f,0.5530036519436159f,0f,0f,0f,1f],start_interpolation:0}
execute if entity @s[tag=aj.dino.bone.neck_2] run data modify entity @s {} merge value {transformation:[-0.8857450158826403f,-0.10376751375510213f,-0.45242465663151704f,0.33744613733066664f,-0.35297137230849474f,0.7835562623565531f,0.5113225929415663f,0.37475657832014025f,0.3014414987517798f,0.6125943901236066f,-0.7306580157771262f,0.49499021177722524f,0f,0f,0f,1f],start_interpolation:0}
execute if entity @s[tag=aj.dino.bone.body_0] run data modify entity @s {} merge value {transformation:[-0.768517357023888f,-0.2483568678628924f,-0.5896608670569481f,0.05717527230249964f,-0.4821871892636223f,0.8305838410877704f,0.278614424310611f,0.5139788610098024f,0.4205669821360987f,0.49844693710486304f,-0.758072598388647f,0.14246176906349506f,0f,0f,0f,1f],start_interpolation:0}
execute if entity @s[tag=aj.dino.bone.leg_left_3] run data modify entity @s {} merge value {transformation:[-0.21403367449523145f,0.06374335728515573f,-0.9747442590670059f,0.23284840172612692f,0.09289388726531665f,0.9946744102684754f,0.044649112710097694f,0.008679023283726772f,0.9723992553940008f,-0.080991369657991f,-0.21881518720169918f,-0.26461222065284334f,0f,0f,0f,1f],start_interpolation:0}
execute if entity @s[tag=aj.dino.bone.leg_left_2] run data modify entity @s {} merge value {transformation:[-0.3379238722107412f,0.23248694195798258f,-0.9401167363204522f,0.2574627045236145f,-0.3381327232327194f,0.9047176926823902f,0.3452743221372991f,0.22971335517668165f,0.9074887974900945f,0.42367194604690533f,-0.22142349483174584f,-0.17129002453399778f,0f,0f,0f,1f],start_interpolation:0}
execute if entity @s[tag=aj.dino.bone.leg_left_1] run data modify entity @s {} merge value {transformation:[-0.6245191696497732f,0.5402982446344353f,-0.5639624221390162f,0.4465929948698725f,-0.0872630455075101f,0.6693006006586997f,0.7378494879354852f,0.3741465409180469f,0.7761191710225382f,0.510014228039622f,-0.37084298506030294f,-0.02852387381924997f,0f,0f,0f,1f],start_interpolation:0}
execute if entity @s[tag=aj.dino.bone.leg_left_0] run data modify entity @s {} merge value {transformation:[-0.5900668148833383f,-0.6152334073368457f,-0.5227896407448479f,0.17898032056325425f,-0.1296067845653874f,0.7113199812792571f,-0.6908154352846343f,0.6946004676167338f,0.7968834515586662f,-0.3398701792296172f,-0.49946473939846286f,-0.02865027914182535f,0f,0f,0f,1f],start_interpolation:0}
execute if entity @s[tag=aj.dino.bone.leg_right_3] run data modify entity @s {} merge value {transformation:[-0.9895800479494516f,0.06470733297433974f,0.1286246079088653f,-0.34461555632716767f,0.05754735653542594f,0.9966198652910502f,-0.05862717682981511f,0.04355124673390656f,-0.13198344765971978f,-0.05061427828782869f,-0.9899588700432236f,0.05382539433580104f,0f,0f,0f,1f],start_interpolation:0}
execute if entity @s[tag=aj.dino.bone.leg_right_2] run data modify entity @s {} merge value {transformation:[-0.9879437179252172f,0.2577798308749878f,0.09787220497596015f,-0.27997008808215135f,0.2702300218490323f,0.9775582784251617f,0.1530285825413042f,0.27572870173254094f,-0.05481920287878389f,0.1731807453996887f,-1.0094877334169232f,0.06308092737044341f,0f,0f,0f,1f],start_interpolation:0}
execute if entity @s[tag=aj.dino.bone.leg_right_1] run data modify entity @s {} merge value {transformation:[-0.9890026741362765f,0.08018823079068056f,-0.12427211350079653f,-0.27129113116097436f,-0.09646359029430439f,0.28718845392631426f,0.9530044950990244f,0.3012839126814847f,0.11210926054000563f,0.9545117283585747f,-0.2762949042727702f,0.33927830708263573f,0f,0f,0f,1f],start_interpolation:0}
execute if entity @s[tag=aj.dino.bone.leg_right_0] run data modify entity @s {} merge value {transformation:[-0.9958798940981343f,-0.08841672257788619f,0.020142484942882607f,-0.19184957704222338f,-0.06457916334691924f,0.5355622151268203f,-0.8420229482560826f,0.5876179573238778f,0.06366135556600291f,-0.8398545093628053f,-0.5390655200534163f,0.04600517002030838f,0f,0f,0f,1f],start_interpolation:0}
execute if entity @s[tag=aj.dino.bone.tail_4] run data modify entity @s {} merge value {transformation:[-2.361964463432136f,0.4775616655427728f,-1.3485992958205766f,-0.5502998104782102f,0.42989309232402817f,2.719684723804481f,0.21016247019063233f,0.6769894335794251f,1.3645428297623439f,-0.030185928982829655f,-2.4005776402848578f,-1.6597420725080458f,0f,0f,0f,1f],start_interpolation:0}
execute if entity @s[tag=aj.dino.bone.tail_3] run data modify entity @s {} merge value {transformation:[-1.8579002533504048f,0.1400327169789765f,-0.9298080516001315f,-0.3940090552423884f,0.027452880534450958f,2.066273191330849f,0.25633369693084207f,0.6133046058344029f,0.9398928204829033f,0.21645198776485627f,-1.8454526677868976f,-1.3489396497734911f,0f,0f,0f,1f],start_interpolation:0}
execute if entity @s[tag=aj.dino.bone.tail_2] run data modify entity @s {} merge value {transformation:[-1.8320301847807547f,0.045893219777228475f,-0.6784785106644496f,-0.2692251471309828f,0.13179079666553487f,1.9367092965367134f,-0.22486031580807636f,0.6556639450351102f,0.667136015344123f,-0.2565634192349392f,-1.8187574395570232f,-1.0104043537878815f,0f,0f,0f,1f],start_interpolation:0}
execute if entity @s[tag=aj.dino.bone.tail_1] run data modify entity @s {} merge value {transformation:[-1.4210677261606646f,-0.05836292071322556f,-0.5146032813249259f,-0.1564171878432363f,0.011281437083162451f,1.4990205506488796f,-0.20116254102011344f,0.6806171238624572f,0.5177793901285542f,-0.1928403697832794f,-1.40796780678393f,-0.7055627880745217f,0f,0f,0f,1f],start_interpolation:0}
execute if entity @s[tag=aj.dino.bone.tail_0] run data modify entity @s {} merge value {transformation:[-1.2021525067194012f,-0.3650954268266777f,-0.23530915086866838f,-0.09646478787565954f,-0.3702949018337801f,1.2233873663649713f,-0.006383892113610972f,0.7120051619372233f,0.22703909982247292f,0.0621642800396907f,-1.2563536787159002f,-0.33692690796418023f,0f,0f,0f,1f],start_interpolation:0}
execute if entity @s[tag=aj.dino.bone.body_1] run data modify entity @s {} merge value {transformation:[-1.1663019235902148f,-0.2680465256790468f,-0.3106372130917463f,-0.006191151470923591f,-0.3364720815413156f,1.1605172624950257f,0.26189848577369795f,0.5729483593750001f,0.23479982203841032f,0.33159514257403355f,-1.1676978633397799f,-0.08778879759471536f,0f,0f,0f,1f],start_interpolation:0}