execute if entity @s[tag=aj.dino.bone.head_lower] run data modify entity @s {} merge value {transformation:[-0.9647552220713624f,-0.21510986950298036f,-0.15157541201806732f,0.4241227257222875f,-0.2361068280764697f,0.4532560995346083f,0.8595420140809533f,0.27181939431972735f,-0.11619349044462239f,0.8650356364203058f,-0.4880700979380027f,0.7226665957819228f,0f,0f,0f,1f],start_interpolation:0}
execute if entity @s[tag=aj.dino.bone.head_upper] run data modify entity @s {} merge value {transformation:[-1.0042133086727387f,-0.26097089622026287f,-0.08319714294403784f,0.41221556484997257f,-0.24576349896695232f,0.7188485622018217f,0.711567979731664f,0.3369382786297338f,-0.1209457557898531f,0.7061323378304334f,-0.755129914789538f,0.6864283988348109f,0f,0f,0f,1f],start_interpolation:0}
execute if entity @s[tag=aj.dino.bone.neck_0] run data modify entity @s {} merge value {transformation:[-0.9867062777070964f,-0.04871934432745768f,0.15503917898940525f,0.4233503246350775f,-0.024407782612873935f,0.9876114934990421f,0.15500902572596909f,0.3309385533288152f,-0.1606704132107992f,0.14916421620782255f,-0.9756715917365724f,0.6209703460441999f,0f,0f,0f,1f],start_interpolation:0}
execute if entity @s[tag=aj.dino.bone.neck_1] run data modify entity @s {} merge value {transformation:[-0.9692825601699553f,-0.04429953287996238f,-0.24192740633709553f,0.40265181561058094f,-0.11715044730740617f,0.9480499456951382f,0.29576523318862247f,0.36036129809215145f,0.21625700276765975f,0.31502198630264305f,-0.9241179886247672f,0.5441366902722294f,0f,0f,0f,1f],start_interpolation:0}
execute if entity @s[tag=aj.dino.bone.neck_2] run data modify entity @s {} merge value {transformation:[-0.8852999128403932f,-0.13332249807265817f,-0.44549879442312545f,0.36231746939546433f,-0.39406989914897317f,0.7237188055026131f,0.5665156706981627f,0.41707797914296485f,0.24688657093797198f,0.6770939388811104f,-0.6932465788021985f,0.49003226346517365f,0f,0f,0f,1f],start_interpolation:0}
execute if entity @s[tag=aj.dino.bone.body_0] run data modify entity @s {} merge value {transformation:[-0.7438234054473657f,-0.30783313689073005f,-0.5932668045160598f,0.07978055375725696f,-0.5421791766809732f,0.7969672934713896f,0.26624213323670254f,0.5501490078088549f,0.39085608845485026f,0.5196940378423645f,-0.7597036429745966f,0.13693752074790322f,0f,0f,0f,1f],start_interpolation:0}
execute if entity @s[tag=aj.dino.bone.leg_left_3] run data modify entity @s {} merge value {transformation:[-0.20049109376252333f,0.11801654306605708f,-0.9725612663912977f,0.260630491034711f,0.10374677830143202f,0.9896935235686395f,0.09870833499945264f,0.04491530040924005f,0.9741868030896232f,-0.08110995604134012f,-0.21066857315933774f,-0.286617892012075f,0f,0f,0f,1f],start_interpolation:0}
execute if entity @s[tag=aj.dino.bone.leg_left_2] run data modify entity @s {} merge value {transformation:[-0.3116943821630848f,0.21291427899543547f,-0.9537171076522226f,0.2803028139831208f,-0.35739020292452084f,0.9068676441184552f,0.31925776169939357f,0.26561687897537706f,0.9094949447260479f,0.42932596631416403f,-0.2013960269391293f,-0.19135570122137185f,0f,0f,0f,1f],start_interpolation:0}
execute if entity @s[tag=aj.dino.bone.leg_left_1] run data modify entity @s {} merge value {transformation:[-0.613830888914288f,0.5009674879858357f,-0.6101173787033579f,0.4609831888581624f,-0.12468244488374f,0.7016289986346697f,0.7015490262360312f,0.4215031512718865f,0.7795292988416203f,0.5067033888342095f,-0.3682197007106214f,-0.04969604604644718f,0f,0f,0f,1f],start_interpolation:0}
execute if entity @s[tag=aj.dino.bone.leg_left_0] run data modify entity @s {} merge value {transformation:[-0.5785757746268423f,-0.6286040769544821f,-0.5197181807972019f,0.18920684696425877f,-0.1673014687608208f,0.7151151269046392f,-0.6786903372103021f,0.7380771437562159f,0.7982858457754475f,-0.3057241725941296f,-0.5189146738397491f,-0.03466920892905089f,0f,0f,0f,1f],start_interpolation:0}
execute if entity @s[tag=aj.dino.bone.leg_right_3] run data modify entity @s {} merge value {transformation:[-0.9984161884435391f,0.019114275281206024f,0.052912750205882535f,-0.30491551463453387f,0.019921447193501664f,0.9996924505475926f,0.014769572094894629f,0.058402961620012434f,-0.052614167251723874f,0.015800278435016135f,-0.9984899101171647f,0.0047868005309898536f,0f,0f,0f,1f],start_interpolation:0}
execute if entity @s[tag=aj.dino.bone.leg_right_2] run data modify entity @s {} merge value {transformation:[-0.9997220567037346f,0.22325726603949556f,0.052670693951374824f,-0.24969586262338436f,0.22934411336123176f,0.9683234648642385f,0.24862249407598128f,0.2914455045407603f,0.004391640615993564f,0.25410245975704493f,-0.9937176927773872f,0.03330057416435156f,0f,0f,0f,1f],start_interpolation:0}
execute if entity @s[tag=aj.dino.bone.leg_right_1] run data modify entity @s {} merge value {transformation:[-0.9787574530196372f,0.10701340311968796f,-0.17487704169288748f,-0.23084140906242248f,-0.14928090417591416f,0.21268573190406842f,0.9656500355164147f,0.2950380922665878f,0.14053134812892915f,0.9712429721738912f,-0.19219268767539477f,0.31014888742292174f,0f,0f,0f,1f],start_interpolation:0}
execute if entity @s[tag=aj.dino.bone.leg_right_0] run data modify entity @s {} merge value {transformation:[-0.988994941377359f,-0.14613938274616545f,0.02307134024203976f,-0.17510262661959403f,-0.11171599981360106f,0.6354135988929817f,-0.7640478347116211f,0.6197102388792556f,0.09699763561882163f,-0.7582168813422969f,-0.6447469422431715f,0.05365626782117483f,0f,0f,0f,1f],start_interpolation:0}
execute if entity @s[tag=aj.dino.bone.tail_4] run data modify entity @s {} merge value {transformation:[0.26570615704474126f,-0.4111113844641706f,-2.7177286471008224f,-1.1905874059161732f,0.029806276583929585f,2.7306677081346358f,-0.4101545869875626f,0.6984432118887003f,2.748485611311203f,0.010130593007750186f,0.2671807386407071f,-1.0892676370850742f,0f,0f,0f,1f],start_interpolation:0}
execute if entity @s[tag=aj.dino.bone.tail_3] run data modify entity @s {} merge value {transformation:[-0.32407861975629004f,-0.11771887250717074f,-2.05354835378107f,-0.8412295206182774f,-0.3074011779507396f,2.0583057732772683f,-0.06947938926335007f,0.6900822108644712f,2.0338198273337293f,0.2923442094407735f,-0.33772370244786387f,-1.034862995032941f,0f,0f,0f,1f],start_interpolation:0}
execute if entity @s[tag=aj.dino.bone.tail_2] run data modify entity @s {} merge value {transformation:[-0.8872853679235589f,-0.3564846482682295f,-1.7042350913006714f,-0.5251568647035673f,-0.14088864763349798f,1.9211978721317897f,-0.3285163619777006f,0.751505660209872f,1.7354103087856585f,-0.02629271131200265f,-0.8980164967833858f,-0.866646705623518f,0f,0f,0f,1f],start_interpolation:0}
execute if entity @s[tag=aj.dino.bone.tail_1] run data modify entity @s {} merge value {transformation:[-0.9336849355023272f,-0.24857129643443948f,-1.1636584558215168f,-0.27082000431503395f,-0.200753773073032f,1.4908337928434174f,-0.15738098586885343f,0.7673401839791106f,1.1728540462533934f,0.057298889212730235f,-0.9533029284975634f,-0.6633274829623705f,0f,0f,0f,1f],start_interpolation:0}
execute if entity @s[tag=aj.dino.bone.tail_0] run data modify entity @s {} merge value {transformation:[-1.0613697820378003f,-0.3618497879286386f,-0.6135100922862307f,-0.10027017600933152f,-0.4797713984447229f,1.1769467375714202f,0.1358362938923655f,0.7560474830987606f,0.52644971991203f,0.3430697079020784f,-1.113099090157096f,-0.3297751748119043f,0f,0f,0f,1f],start_interpolation:0}
execute if entity @s[tag=aj.dino.bone.body_1] run data modify entity @s {} merge value {transformation:[-1.1457944533777253f,-0.28133767148348526f,-0.36960625031151767f,0.004608188514836173f,-0.37227728869448007f,1.1445540869620978f,0.2828606678152608f,0.6131925f,0.2777936032153665f,0.3734295806157556f,-1.1454194242241635f,-0.08863433574556145f,0f,0f,0f,1f],start_interpolation:0}