execute if entity @s[tag=aj.dino.bone.head_lower] run data modify entity @s {} merge value {transformation:[-0.9588695174968531f,0.13497822232906057f,0.24970007591556423f,0.15566346383950336f,0.18848087505033007f,0.9605379148489193f,0.20455286328465744f,0.08785605832246503f,-0.2122362083990704f,0.24320319412905878f,-0.946471340405936f,0.7159243262999776f,0f,0f,0f,1f],start_interpolation:0}
execute if entity @s[tag=aj.dino.bone.head_upper] run data modify entity @s {} merge value {transformation:[-0.9980868812335089f,-0.1139610143923879f,0.27259385042904466f,0.17158656656561835f,0.19618966430619064f,0.4624379065460644f,0.9116648182266465f,0.1611486529249116f,-0.2209165808908389f,0.925546331834046f,-0.42193814060777896f,0.7075513418970378f,0f,0f,0f,1f],start_interpolation:0}
execute if entity @s[tag=aj.dino.bone.neck_0] run data modify entity @s {} merge value {transformation:[-0.9940284037140554f,0.10529654133589203f,0.02863862762747854f,0.17205042905649148f,0.10864692046095299f,0.9305575228638007f,0.3496548917374645f,0.1686181938999693f,0.010167560377885604f,0.3506783925825563f,-0.9364407539677435f,0.6413038736925216f,0f,0f,0f,1f],start_interpolation:0}
execute if entity @s[tag=aj.dino.bone.neck_1] run data modify entity @s {} merge value {transformation:[-0.9677833905656076f,0.08899289015698636f,-0.23553253373333163f,0.15250771120561502f,-0.045496816196683845f,0.8582452066869797f,0.5112193315151418f,0.215879009419584f,0.2476395539111263f,0.5054655583720119f,-0.8265465628979217f,0.5736131480356548f,0f,0f,0f,1f],start_interpolation:0}
execute if entity @s[tag=aj.dino.bone.neck_2] run data modify entity @s {} merge value {transformation:[-0.9677833905656076f,0.13195354363568648f,-0.21443780279447333f,0.13501325906045633f,-0.045496816196683845f,0.7460051510826003f,0.6643841917702374f,0.2813879041824132f,0.2476395539111263f,0.6527362230489522f,-0.7159679283728332f,0.5172796833345205f,0f,0f,0f,1f],start_interpolation:0}
execute if entity @s[tag=aj.dino.bone.body_0] run data modify entity @s {} merge value {transformation:[-0.9677833905656076f,0.049382190809454274f,-0.24689412341365094f,0.019123411643764025f,-0.045496816196683845f,0.9301382264696625f,0.36438018521296667f,0.46197964832749644f,0.2476395539111263f,0.36387398765332135f,-0.8979255940488435f,0.09755707265516061f,0f,0f,0f,1f],start_interpolation:0}
execute if entity @s[tag=aj.dino.bone.leg_left_3] run data modify entity @s {} merge value {transformation:[-0.9977136935628862f,0.00994251786764035f,-0.06684707933451559f,0.24453808466399543f,-0.007868655777524537f,0.965302230362601f,0.2610166437475639f,0.0926304742871871f,0.06712279741904541f,0.26094587637178623f,-0.9630170194089003f,-0.3421225705573314f,0f,0f,0f,1f],start_interpolation:0}
execute if entity @s[tag=aj.dino.bone.leg_left_2] run data modify entity @s {} merge value {transformation:[-1.0152630591740968f,-0.11664078049351015f,-0.0877385234832097f,0.21306271765375145f,-0.14586282688425167f,0.832845175311708f,0.5806506257587597f,0.3044838921408653f,0.005211133320470309f,0.5872189044867079f,-0.840957193799804f,-0.23122395613270985f,0f,0f,0f,1f],start_interpolation:0}
execute if entity @s[tag=aj.dino.bone.leg_left_1] run data modify entity @s {} merge value {transformation:[-0.9671863011257213f,-0.03456049705050275f,0.2517066366990904f,0.20958625418838753f,0.25388349564726076f,-0.0936977022013617f,0.9626857801173297f,0.2229156623072014f,-0.009686565576768155f,0.9950006596207899f,0.09939747381860292f,0.034007874052398565f,0f,0f,0f,1f],start_interpolation:0}
execute if entity @s[tag=aj.dino.bone.leg_left_0] run data modify entity @s {} merge value {transformation:[-0.9791909454554415f,0.1755257563663897f,-0.10186167674884092f,0.17293950867057695f,0.20237873288674213f,0.8819056277969871f,-0.4257761291279238f,0.627373025378136f,0.015097708873707927f,-0.437530767503279f,-0.8990766856474236f,-0.06283496804298858f,0f,0f,0f,1f],start_interpolation:0}
execute if entity @s[tag=aj.dino.bone.leg_right_3] run data modify entity @s {} merge value {transformation:[-0.9997051644224068f,-0.014615440418978724f,0.01939002652209223f,-0.301483735412882f,-0.01573136156819424f,0.9981513852738946f,-0.05870550518491496f,0.007353437833539339f,-0.018496175020227698f,-0.05899322823142178f,-0.9980870155114017f,0.22748442177675463f,0f,0f,0f,1f],start_interpolation:0}
execute if entity @s[tag=aj.dino.bone.leg_right_2] run data modify entity @s {} merge value {transformation:[-1.020189051742108f,0.08820164652085526f,0.05913516514936171f,-0.2775138190527621f,0.04313686017901577f,0.8661543047109973f,-0.5477025937725685f,0.1922593636944463f,-0.09703457888880763f,-0.5422724310550125f,-0.8652092813407939f,0.07449320059976924f,0f,0f,0f,1f],start_interpolation:0}
execute if entity @s[tag=aj.dino.bone.leg_right_1] run data modify entity @s {} merge value {transformation:[-0.9866847553157879f,0.022504056801550473f,-0.1610799834085411f,-0.2825075353815907f,-0.10526176187155678f,0.6666414275905906f,0.7379086450961763f,0.33213274587144226f,0.12398852815933803f,0.7450387737879496f,-0.655396117197401f,0.31412601432810827f,0f,0f,0f,1f],start_interpolation:0}
execute if entity @s[tag=aj.dino.bone.leg_right_0] run data modify entity @s {} merge value {transformation:[-0.9937176721738229f,-0.09097033598952824f,0.06518884858156816f,-0.20798708212628603f,-0.08868616053242845f,0.2847928145768236f,-0.9544777722374822f,0.5319641555317429f,0.068263847968413f,-0.9542627786597166f,-0.29107146257436867f,-0.04479095145124043f,0f,0f,0f,1f],start_interpolation:0}
execute if entity @s[tag=aj.dino.bone.tail_4] run data modify entity @s {} merge value {transformation:[-2.1282309587046417f,-0.6836337154410808f,-1.6214004012344831f,-0.5877952934284519f,-0.9986565252944423f,2.5642959249430985f,0.22963642003621235f,1.319193117596726f,1.4487855129376288f,0.7633430971931564f,-2.223508305599421f,-1.4603565953854054f,0f,0f,0f,1f],start_interpolation:0}
execute if entity @s[tag=aj.dino.bone.tail_3] run data modify entity @s {} merge value {transformation:[-1.601860281612153f,-0.3985880936557547f,-1.2692977175721023f,-0.36866880890436815f,-0.7585308812304961f,1.9057334199374911f,0.3588266439347621f,1.239700281274334f,1.0929867640815984f,0.7384126148527455f,-1.6112331519098066f,-1.1943769416742551f,0f,0f,0f,1f],start_interpolation:0}
execute if entity @s[tag=aj.dino.bone.tail_2] run data modify entity @s {} merge value {transformation:[-1.760151219196275f,-0.13894146312482922f,-0.8374585544308288f,-0.21432168929575496f,-0.476741979309444f,1.7568858290113774f,0.7105231480999721f,1.1076811115068386f,0.7023949357225998f,0.8442874680146052f,-1.616352034869727f,-0.8931803456583534f,0f,0f,0f,1f],start_interpolation:0}
execute if entity @s[tag=aj.dino.bone.tail_1] run data modify entity @s {} merge value {transformation:[-1.4561979260359794f,0.02450993023475987f,-0.40809694133673513f,-0.12541217866414972f,-0.2625782765093243f,1.1011510035955105f,1.003082930761955f,0.8786192826688731f,0.31336320606271595f,1.0365915206099687f,-1.055906137156901f,-0.6789317645954132f,0f,0f,0f,1f],start_interpolation:0}
execute if entity @s[tag=aj.dino.bone.tail_0] run data modify entity @s {} merge value {transformation:[-1.2371410266008125f,-0.15097575110717903f,-0.2837677209668821f,-0.046131969036080654f,-0.3134885028360972f,0.8160278140608047f,0.9325552433248953f,0.6257971707481698f,0.07101236142177883f,0.972183442484388f,-0.8268327008945248f,-0.4138515137541519f,0f,0f,0f,1f],start_interpolation:0}
execute if entity @s[tag=aj.dino.bone.body_1] run data modify entity @s {} merge value {transformation:[-1.1980571643813474f,-0.28771310408061207f,-0.10239529125440197f,-0.002946978834738888f,-0.3000716747704138f,1.1860812473733036f,0.178249431096195f,0.5044656858656272f,0.05675047075799416f,0.1975779325378648f,-1.2191582914859984f,-0.14372256453815507f,0f,0f,0f,1f],start_interpolation:0}