execute if entity @s[tag=aj.dino.bone.head_lower] run data modify entity @s {} merge value {transformation:[-0.951331040941032f,0.2838189592399333f,-0.1200668518701714f,0.22753114108645628f,0.19121150439008966f,0.8491750634894312f,0.4922802780292935f,0.89600418611345f,0.24167625272444818f,0.44536334595887106f,-0.862116047261265f,0.8041755152887776f,0f,0f,0f,1f],start_interpolation:0}
execute if entity @s[tag=aj.dino.bone.head_upper] run data modify entity @s {} merge value {transformation:[-0.9902400841275866f,0.14040993341450608f,-0.2884121512159837f,0.2104942363076672f,0.1990319752481842f,1.0028898622657156f,-0.1951157081758577f,0.9051348352068279f,0.2515607107624395f,-0.2407673510812757f,-0.9809282512179519f,0.7312246303421991f,0f,0f,0f,1f],start_interpolation:0}
execute if entity @s[tag=aj.dino.bone.neck_0] run data modify entity @s {} merge value {transformation:[-0.9561607061216292f,0.03149562570139633f,-0.2911438298000924f,0.19146605674684603f,0.18299298800531624f,0.840448929017883f,-0.5100580006759811f,0.8584523369554163f,0.22862692407035937f,-0.5409746974437628f,-0.8093677200851017f,0.687596554589251f,0f,0f,0f,1f],start_interpolation:0}
execute if entity @s[tag=aj.dino.bone.neck_1] run data modify entity @s {} merge value {transformation:[-0.9603225345505945f,0.12405266793416542f,-0.24978303627896367f,0.17087765030625587f,0.17956732649013069f,0.9603122923756896f,-0.2134382261201927f,0.8447953565182564f,0.21339213877626617f,-0.24982241030492724f,-0.94448534049922f,0.6064353492623995f,0f,0f,0f,1f],start_interpolation:0}
execute if entity @s[tag=aj.dino.bone.neck_2] run data modify entity @s {} merge value {transformation:[-0.9603225345505945f,0.1783127446232456f,-0.21444158817553932f,0.15383675208549427f,0.17956732649013069f,0.983649192617347f,0.013778284378978378f,0.855632977943457f,0.21339213877626617f,-0.02527510570039987f,-0.9766396285940503f,0.5206269339185982f,0f,0f,0f,1f],start_interpolation:0}
execute if entity @s[tag=aj.dino.bone.body_0] run data modify entity @s {} merge value {transformation:[-0.9603225345505945f,0.10977652373403632f,-0.2563781279110856f,0.03405246042820066f,0.17956732649013069f,0.946755266576553f,-0.2672265714085088f,0.7387091242964945f,0.21339213877626617f,-0.30266083335382304f,-0.9289026940762204f,0.07995535482184143f,0f,0f,0f,1f],start_interpolation:0}
execute if entity @s[tag=aj.dino.bone.leg_left_3] run data modify entity @s {} merge value {transformation:[-0.9855638005413226f,-0.019859459655753364f,-0.16813565036816605f,0.3509219768154914f,-0.007169089193313967f,0.9971010608041584f,-0.07575010695279838f,0.04271999874432686f,0.1691525915340434f,-0.07345118382574645f,-0.9828490852475337f,-0.061658819721313374f,0f,0f,0f,1f],start_interpolation:0}
execute if entity @s[tag=aj.dino.bone.leg_left_2] run data modify entity @s {} merge value {transformation:[-1.003592370842269f,-0.12817750298911915f,-0.16862704532595826f,0.3142757045591807f,-0.05687055021754298f,0.9496538300593168f,-0.38338693649147554f,0.2521463263812146f,0.20403502935977025f,-0.365773605228479f,-0.9362913948194831f,-0.17553917838012223f,0f,0f,0f,1f],start_interpolation:0}
execute if entity @s[tag=aj.dino.bone.leg_left_1] run data modify entity @s {} merge value {transformation:[-0.9792774833745161f,0.02322763162474034f,0.20118669857816104f,0.329418661295499f,0.13920581026088447f,0.7987265507673603f,0.5853696605469796f,0.4353171876458332f,-0.1470964069761227f,0.6012456854135261f,-0.7854083478206315f,0.03238511578634949f,0f,0f,0f,1f],start_interpolation:0}
execute if entity @s[tag=aj.dino.bone.leg_left_0] run data modify entity @s {} merge value {transformation:[-0.9882664427765623f,0.12639275956049728f,0.08575726448786886f,0.25715209085104884f,0.0851940156398586f,0.9221514338750502f,-0.3773310386137678f,0.8380069027837151f,-0.1267730956509129f,-0.365597597548003f,-0.9220992239917638f,-0.050836363909831914f,0f,0f,0f,1f],start_interpolation:0}
execute if entity @s[tag=aj.dino.bone.leg_right_3] run data modify entity @s {} merge value {transformation:[-0.9603440102978623f,0.24689115817182875f,0.1295536101449621f,-0.3068775069020922f,0.27693623171243426f,0.8985294839715758f,0.3405159173940208f,0.4555917055838865f,-0.03233736924885505f,0.3628905102787169f,-0.9312705149953563f,-0.11945925456010009f,0f,0f,0f,1f],start_interpolation:0}
execute if entity @s[tag=aj.dino.bone.leg_right_2] run data modify entity @s {} merge value {transformation:[-0.9775081904884801f,0.308019054599751f,0.04079459562377723f,-0.23230149178869633f,0.30648340676014646f,0.9337341264156925f,0.293718746504396f,0.6818455279011295f,0.051067195040716495f,0.29210792983227013f,-0.9818998413384503f,-0.08179364793204114f,0f,0f,0f,1f],start_interpolation:0}
execute if entity @s[tag=aj.dino.bone.leg_right_1] run data modify entity @s {} merge value {transformation:[-0.9961380168832962f,0.06664365508525945f,-0.05716357718592469f,-0.2310034627382172f,-0.06589967043828651f,-0.1372698968938778f,0.9883391163173045f,0.5908233530174847f,0.05801969282872341f,0.9882892282341349f,0.14113155777656328f,0.1803640612046558f,0f,0f,0f,1f],start_interpolation:0}
execute if entity @s[tag=aj.dino.bone.leg_right_0] run data modify entity @s {} merge value {transformation:[-0.9995083650415659f,-0.03119262487318536f,-0.0031699156860168706f,-0.1267741902369871f,-0.019194996109509817f,0.6887213091308592f,-0.7247720403502271f,0.9224706065040732f,0.024790730854325774f,-0.7243548705590348f,-0.6889814519717581f,-0.05083636390983197f,0f,0f,0f,1f],start_interpolation:0}
execute if entity @s[tag=aj.dino.bone.tail_4] run data modify entity @s {} merge value {transformation:[-2.6841980681961997f,-0.15015932547063393f,0.63102633801292f,0.30699878256794666f,0.6419182225061689f,-0.22900869307637647f,2.6760338835130564f,1.9173437995395834f,-0.0931829271181806f,2.747847981069851f,0.2575067894717216f,-1.3396066324134304f,0f,0f,0f,1f],start_interpolation:0}
execute if entity @s[tag=aj.dino.bone.tail_3] run data modify entity @s {} merge value {transformation:[-2.0240335701951717f,0.11790356253493108f,0.47469188186549427f,0.22535480230664928f,0.48404178777522716f,0.7731582495818673f,1.8718641496741448f,1.5923788524105067f,-0.0702650727943455f,1.9298369353625502f,-0.778933725358025f,-1.2264132268667514f,0f,0f,0f,1f],start_interpolation:0}
execute if entity @s[tag=aj.dino.bone.tail_2] run data modify entity @s {} merge value {transformation:[-1.9099761154036676f,0.24171989144494718f,0.33516653721715156f,0.16169327074775958f,0.41102550183607833f,1.2750154587128872f,1.422732403470991f,1.3285033304074267f,-0.0426983656677068f,1.4610547385795598f,-1.2970234290275169f,-0.9849833151815601f,0f,0f,0f,1f],start_interpolation:0}
execute if entity @s[tag=aj.dino.bone.tail_1] run data modify entity @s {} merge value {transformation:[-1.480703768031652f,0.22413021255508067f,0.21198643625685756f,0.11475101726762421f,0.30830481152567374f,1.1120895532598118f,0.9776815528179468f,1.1042284765687513f,-0.010988381454387186f,1.0003393041115636f,-1.1343971007202929f,-0.7530913321966461f,0f,0f,0f,1f],start_interpolation:0}
execute if entity @s[tag=aj.dino.bone.tail_0] run data modify entity @s {} merge value {transformation:[-1.2482765279133718f,0.25118456807946293f,0.11201669162807212f,0.08807866753755596f,0.27502850643625987f,1.1416804987389995f,0.5047382252519987f,0.9842830201021953f,-0.0008643448415366588f,0.5170180539805461f,-1.168985586459556f,-0.3990100074509209f,0f,0f,0f,1f],start_interpolation:0}
execute if entity @s[tag=aj.dino.bone.body_1] run data modify entity @s {} merge value {transformation:[-1.2074915292461026f,0.252566442344073f,0.08233464675831548f,0.05192487326272867f,0.2656478907410306f,1.1480303451744591f,0.37424874049180706f,0.8199474395892747f,-1.4733887469708205e-16f,0.38319853055109765f,-1.1754843602701526f,-0.1515375f,0f,0f,0f,1f],start_interpolation:0}