execute if entity @s[tag=aj.dino.bone.head_lower] run data modify entity @s {} merge value {transformation:[-0.9980967228334805f,-0.054973678953816066f,0.027943272738704224f,0.41000197955205236f,-0.05287917251566283f,0.9960841176569727f,0.07085353671898759f,0.23009348187198217f,-0.031728929750712405f,0.06924106566058102f,-0.9970952561531226f,0.7310674357550704f,0f,0f,0f,1f],start_interpolation:0}
execute if entity @s[tag=aj.dino.bone.head_upper] run data modify entity @s {} merge value {transformation:[-1.0389184629237354f,-0.062276825313527615f,-0.015555288764884854f,0.4072087192712015f,-0.055041908638564896f,0.7345192208828809f,0.735475251133943f,0.2972715564227994f,-0.033026629757129146f,0.7348979886800486f,-0.7364143742108863f,0.6967926565662101f,0f,0f,0f,1f],start_interpolation:0}
execute if entity @s[tag=aj.dino.bone.neck_0] run data modify entity @s {} merge value {transformation:[-0.9983169914938151f,0.022105534106167883f,-0.053614642184942385f,0.40370566289152593f,0.01713910915395603f,0.9956682362108974f,0.09138388445502511f,0.28701350931015357f,0.055402485793934586f,0.090311177395501f,-0.9943713872619682f,0.6310109165486913f,0f,0f,0f,1f],start_interpolation:0}
execute if entity @s[tag=aj.dino.bone.neck_1] run data modify entity @s {} merge value {transformation:[-0.9479330832123921f,0.0328540733536489f,-0.31677038942350916f,0.3770224079051746f,-0.025633584846675578f,0.9835660762427245f,0.17871959319671482f,0.30668457051606673f,0.31743627561977994f,0.17753417566362822f,-0.9315126555190106f,0.5529174462781379f,0f,0f,0f,1f],start_interpolation:0}
execute if entity @s[tag=aj.dino.bone.neck_2] run data modify entity @s {} merge value {transformation:[-0.887745587276203f,-0.06969975553336692f,-0.45502716001379373f,0.3364762118152473f,-0.31595154581332746f,0.8111402546307185f,0.49216471634584075f,0.3577434609588289f,0.3347870860260274f,0.5806835897424706f,-0.7421079272140942f,0.49358848131555144f,0f,0f,0f,1f],start_interpolation:0}
execute if entity @s[tag=aj.dino.bone.body_0] run data modify entity @s {} merge value {transformation:[-0.787230089516997f,-0.19549516484010818f,-0.5848507730038492f,0.058975899874873824f,-0.434249052203017f,0.8491282339385982f,0.3006808989428805f,0.507542248915795f,0.4378316420952721f,0.49067594484797833f,-0.7533528856569817f,0.1432103930983453f,0f,0f,0f,1f],start_interpolation:0}
execute if entity @s[tag=aj.dino.bone.leg_left_3] run data modify entity @s {} merge value {transformation:[-0.19915868616665805f,0.040687385711357715f,-0.9791222366836259f,0.2282713392593386f,0.07409294984755604f,0.9969030191360541f,0.026355364165722872f,0.00575688226168769f,0.9771622447205265f,-0.06729715507653747f,-0.2015565439556511f,-0.2592718027729865f,0f,0f,0f,1f],start_interpolation:0}
execute if entity @s[tag=aj.dino.bone.leg_left_2] run data modify entity @s {} merge value {transformation:[-0.3210428418171357f,0.2373185364185864f,-0.9448140586860531f,0.253892900273395f,-0.332387719605887f,0.9084151698743919f,0.3411194548805043f,0.2275335993850442f,0.9157030616274416f,0.4129455059870666f,-0.20742736442405502f,-0.1680046377068723f,0f,0f,0f,1f],start_interpolation:0}
execute if entity @s[tag=aj.dino.bone.leg_left_1] run data modify entity @s {} merge value {transformation:[-0.6045143784220751f,0.571876040330896f,-0.5545450033824377f,0.4507040184084431f,-0.07361409659138819f,0.6530613549912937f,0.7537186686025293f,0.3664416203735922f,0.7931855590364755f,0.4964561018986385f,-0.35268684101282066f,-0.030224627751716165f,0f,0f,0f,1f],start_interpolation:0}
execute if entity @s[tag=aj.dino.bone.leg_left_0] run data modify entity @s {} merge value {transformation:[-0.5692749934903177f,-0.6282211066196426f,-0.5303434952784757f,0.1810244642611621f,-0.1152667382427664f,0.6996871212171959f,-0.7050897187292314f,0.6851575218793152f,0.8140267568338724f,-0.3402589801906552f,-0.4707273792314858f,-0.03084974115827887f,0f,0f,0f,1f],start_interpolation:0}
execute if entity @s[tag=aj.dino.bone.leg_right_3] run data modify entity @s {} merge value {transformation:[-0.985460763241776f,0.08373519065603248f,0.14783606446579367f,-0.3547559668668263f,0.07260692170813639f,0.9942159055546168f,-0.07913891623141013f,0.041124793171806645f,-0.15360767894543867f,-0.06725437523322549f,-0.9858405195471447f,0.08305207067924276f,0f,0f,0f,1f],start_interpolation:0}
execute if entity @s[tag=aj.dino.bone.leg_right_2] run data modify entity @s {} merge value {transformation:[-0.9824081535648558f,0.2806804777944334f,0.09030442234505245f,-0.285014857209859f,0.28874764751517173f,0.9794236270568155f,0.09703790145103468f,0.2719779675503913f,-0.059675919468736814f,0.11836396262653244f,-1.0170992854621423f,0.07930219479312511f,0f,0f,0f,1f],start_interpolation:0}
execute if entity @s[tag=aj.dino.bone.leg_right_1] run data modify entity @s {} merge value {transformation:[-0.9897650935214565f,0.09507635567342652f,-0.10642154968953786f,-0.27325317303544533f,-0.06942769298413458f,0.3307214060183201f,0.9411711571484577f,0.31052575384022874f,0.12467900823058965f,0.9389269610534816f,-0.32073557132552505f,0.35387298096182884f,0f,0f,0f,1f],start_interpolation:0}
execute if entity @s[tag=aj.dino.bone.leg_right_0] run data modify entity @s {} merge value {transformation:[-0.9964013350473977f,-0.0846404597208123f,-0.004513545614396597f,-0.1902611495306346f,-0.03915724103475622f,0.5068857978833741f,-0.8611233932362315f,0.5841994507829015f,0.07517373204989694f,-0.857847760667582f,-0.5083759726101398f,0.04969817891412445f,0f,0f,0f,1f],start_interpolation:0}
execute if entity @s[tag=aj.dino.bone.tail_4] run data modify entity @s {} merge value {transformation:[-2.6737194592893094f,0.6264547180733143f,0.2905857374706582f,-0.1418273444987804f,0.6504990518351914f,2.6748085208362498f,0.2188873957616305f,0.6209458358675726f,-0.23181149276771984f,0.2803840128564328f,-2.7373910149548104f,-1.7349130136331228f,0f,0f,0f,1f],start_interpolation:0}
execute if entity @s[tag=aj.dino.bone.tail_3] run data modify entity @s {} merge value {transformation:[-2.0749936538486913f,0.17025238546189758f,0.03689156782566476f,-0.14974884435705907f,0.17348485811359385f,2.059578383297566f,0.2529533812842494f,0.5578996986920549f,-0.015807167279697346f,0.25514022486147137f,-2.0665427953866997f,-1.3870004702231347f,0f,0f,0f,1f],start_interpolation:0}
execute if entity @s[tag=aj.dino.bone.tail_2] run data modify entity @s {} merge value {transformation:[-1.9416795164780314f,0.2205475599599086f,-0.0036474769561083364f,-0.15045407163534338f,0.21891252282774115f,1.9227946775364213f,-0.27149919040317666f,0.6089902135152824f,-0.027052497881128915f,-0.2701726796626875f,-1.935212846310465f,-1.0273329210631859f,0f,0f,0f,1f],start_interpolation:0}
execute if entity @s[tag=aj.dino.bone.tail_1] run data modify entity @s {} merge value {transformation:[-1.5029298525706956f,0.06628623361261543f,-0.15641049672346546f,-0.1161707015945844f,0.09353237079220278f,1.485402861744376f,-0.2692327690598036f,0.6486792279036636f,0.14180904014137224f,-0.27720159370947595f,-1.4801032810513968f,-0.7055781857843474f,0f,0f,0f,1f],start_interpolation:0}
execute if entity @s[tag=aj.dino.bone.tail_0] run data modify entity @s {} merge value {transformation:[-1.2355943374528153f,-0.3156016439412669f,-0.08682138089281956f,-0.09841550604435596f,-0.3096941088460424f,1.2369368119203772f,-0.0889527899862464f,0.7045227892740193f,0.10598070005723655f,-0.06495107575592088f,-1.2721576810904984f,-0.3353915288324393f,0f,0f,0f,1f],start_interpolation:0}
execute if entity @s[tag=aj.dino.bone.body_1] run data modify entity @s {} merge value {transformation:[-1.1677352024820926f,-0.24626811459075706f,-0.3230342205963174f,-0.006726669586389195f,-0.3175245396393998f,1.1666158780018987f,0.2584379131956002f,0.565859736328125f,0.2533323087707997f,0.32705351853484643f,-1.16510228409487f,-0.08655094367049351f,0f,0f,0f,1f],start_interpolation:0}