execute if entity @s[tag=aj.dino.bone.head_lower] run data modify entity @s {} merge value {transformation:[-0.9997427977937127f,0.022360411628704543f,0.0037881725666719327f,0.4173530099750388f,0.022395613873776463f,0.9997038579344433f,0.009520131837713108f,0.22135599074888093f,-0.0035741766627723215f,0.009602521688890642f,-0.9999475070414433f,0.7295985792402238f,0f,0f,0f,1f],start_interpolation:0}
execute if entity @s[tag=aj.dino.bone.head_upper] run data modify entity @s {} merge value {transformation:[-1.0406318616639765f,0.013880567889412086f,0.019094525611840815f,0.41865797885706424f,0.02331158514970814f,0.736929607488562f,0.7347538813698566f,0.2885627837280668f,-0.0037203589990394336f,0.7349925346731956f,-0.7370509314064372f,0.6952911379852035f,0f,0f,0f,1f],start_interpolation:0}
execute if entity @s[tag=aj.dino.bone.neck_0] run data modify entity @s {} merge value {transformation:[-0.9876224453423894f,0.059266294018200674f,-0.14522193997212515f,0.40862477835376376f,0.0454294483132641f,0.994265323221721f,0.09681235595087737f,0.2786693823531622f,0.15012684863764997f,0.08901670310764781f,-0.9846511848801955f,0.6301283284141568f,0f,0f,0f,1f],start_interpolation:0}
execute if entity @s[tag=aj.dino.bone.neck_1] run data modify entity @s {} merge value {transformation:[-0.9336511415777281f,0.06463016261389642f,-0.3523045385899911f,0.37907770301851446f,0.012865282776077527f,0.9890025836888443f,0.14733761894330416f,0.2957070237616402f,0.3579525531822575f,0.13302943861150457f,-0.9242148766023034f,0.5524480480406897f,0f,0f,0f,1f],start_interpolation:0}
execute if entity @s[tag=aj.dino.bone.neck_2] run data modify entity @s {} merge value {transformation:[-0.8883439427780317f,-0.03242599859113546f,-0.4580323066607297f,0.33863316692027823f,-0.27470641457991457f,0.8368346290727919f,0.47354428449011077f,0.34538618870537346f,0.3679421491460705f,0.5464946094884839f,-0.7523046036558597f,0.49189104626193214f,0f,0f,0f,1f],start_interpolation:0}
execute if entity @s[tag=aj.dino.bone.body_0] run data modify entity @s {} merge value {transformation:[-0.8056835808009141f,-0.13766758493962233f,-0.5761263782233104f,0.06579550950651931f,-0.37976423148116656f,0.8664765528223063f,0.32403319567089417f,0.5063560909619056f,0.4545911307046542f,0.47986041664849266f,-0.7503871563523719f,0.1428076637189933f,0f,0f,0f,1f],start_interpolation:0}
execute if entity @s[tag=aj.dino.bone.leg_left_3] run data modify entity @s {} merge value {transformation:[-0.18045567608856694f,0.023081748929977663f,-0.983312250423919f,0.22923495346725606f,0.04836223653312435f,0.9987236168560885f,0.014568157447235608f,0.010150123197364858f,0.9823934257948453f,-0.044926272939414806f,-0.181341630506734f,-0.25671381881865507f,0f,0f,0f,1f],start_interpolation:0}
execute if entity @s[tag=aj.dino.bone.leg_left_2] run data modify entity @s {} merge value {transformation:[-0.29656240664153705f,0.23669733391200307f,-0.9529361524187357f,0.2544986824182436f,-0.3293008661189093f,0.9138252270385756f,0.3294641004751907f,0.23283250301111405f,0.9250264201853968f,0.40119823784201747f,-0.18822405641188392f,-0.16757699261314207f,0f,0f,0f,1f],start_interpolation:0}
execute if entity @s[tag=aj.dino.bone.leg_left_1] run data modify entity @s {} merge value {transformation:[-0.5776553692266251f,0.6052374260123203f,-0.547724321678007f,0.45947638916457734f,-0.06292251330573173f,0.6359876282178919f,0.7691296991230223f,0.36607185315847457f,0.8138519716280975f,0.47875609124872953f,-0.3292986082103847f,-0.036257531111471626f,0f,0f,0f,1f],start_interpolation:0}
execute if entity @s[tag=aj.dino.bone.leg_left_0] run data modify entity @s {} merge value {transformation:[-0.5412278213105822f,-0.6478414918578592f,-0.5360726134273082f,0.18582082260923696f,-0.10365770209806638f,0.6840571082898672f,-0.7220255905394584f,0.6813794373614321f,0.8344624175091105f,-0.3352122820325777f,-0.43738449874151053f,-0.03523929645106879f,0f,0f,0f,1f],start_interpolation:0}
execute if entity @s[tag=aj.dino.bone.leg_right_3] run data modify entity @s {} merge value {transformation:[-0.9826479758642022f,0.09607431052010137f,0.1586590129430845f,-0.35860232005310416f,0.08255659544279871f,0.9925402955192902f,-0.08971159523369507f,0.040179470211247986f,-0.16609444325106357f,-0.07505656952304306f,-0.9832492803417412f,0.11245714698794324f,0f,0f,0f,1f],start_interpolation:0}
execute if entity @s[tag=aj.dino.bone.leg_right_2] run data modify entity @s {} merge value {transformation:[-0.9782625691060386f,0.30041670335333437f,0.06938551529723164f,-0.2849136441701f,0.30352499546379247f,0.9789020803853019f,0.04105476399551521f,0.26915801785796367f,-0.054195225947056676f,0.0596885321007083f,-1.0225274353878748f,0.09485385666408758f,0f,0f,0f,1f],start_interpolation:0}
execute if entity @s[tag=aj.dino.bone.leg_right_1] run data modify entity @s {} merge value {transformation:[-0.9880460967677618f,0.1201144388557877f,-0.09663038983854992f,-0.26683494674206243f,-0.04518544929879055f,0.3736433944457457f,0.9264712024443759f,0.3206287969984646f,0.1473878754635446f,0.9197625429236724f,-0.3637494725782053f,0.3669518266192875f,0f,0f,0f,1f],start_interpolation:0}
execute if entity @s[tag=aj.dino.bone.leg_right_0] run data modify entity @s {} merge value {transformation:[-0.9951155930759913f,-0.09254462561582982f,-0.03435765834052443f,-0.18466635880272983f,-0.0157243264954288f,0.4921991593423758f,-0.8703405845408589f,0.5865617025301992f,0.09745615410677502f,-0.8655492359261168f,-0.49125026026907304f,0.05576813251569418f,0f,0f,0f,1f],start_interpolation:0}
execute if entity @s[tag=aj.dino.bone.tail_4] run data modify entity @s {} merge value {transformation:[-2.0667521564170364f,0.4814750865038822f,1.7670253525690032f,0.22596856239554364f,0.70997112951387f,2.666613358168919f,0.10380522574459138f,0.5466180764179511f,-1.6882351290037567f,0.5319927355811965f,-2.1195535402736363f,-1.6651886376947365f,0f,0f,0f,1f],start_interpolation:0}
execute if entity @s[tag=aj.dino.bone.tail_3] run data modify entity @s {} merge value {transformation:[-1.8544393003126753f,0.12305227681157711f,0.9390732371182589f,0.06553228087992155f,0.22591153106840592f,2.0625188984339133f,0.17585590629185874f,0.49661604668212056f,-0.9197632236780328f,0.25849459727214674f,-1.8501788242207693f,-1.3539962534201484f,0f,0f,0f,1f],start_interpolation:0}
execute if entity @s[tag=aj.dino.bone.tail_2] run data modify entity @s {} merge value {transformation:[-1.8227751513455068f,0.34251123906768516f,0.6155896959440277f,-0.05017083949532135f,0.23664988302571427f,1.9061198119824536f,-0.35983047429959086f,0.5641363022241325f,-0.6635220083042137f,-0.26108846869034985f,-1.8194354154560277f,-1.0163199483643834f,0f,0f,0f,1f],start_interpolation:0}
execute if entity @s[tag=aj.dino.bone.tail_1] run data modify entity @s {} merge value {transformation:[-1.4910708277299558f,0.18865674678171507f,0.16962508242133537f,-0.08755387138626033f,0.14412742691586194f,1.4621311927894463f,-0.359243524482662f,0.6234307619443353f,-0.20878534791339604f,-0.33799002495022235f,-1.4593929119777274f,-0.6979438296432106f,0f,0f,0f,1f],start_interpolation:0}
execute if entity @s[tag=aj.dino.bone.tail_0] run data modify entity @s {} merge value {transformation:[-1.253840626880854f,-0.2469421068853397f,0.027184459054474478f,-0.10145695507548921f,-0.24833442233807854f,1.241855054202285f,-0.17309464352856477f,0.7039812145057246f,0.007029484267555035f,-0.17507523178136167f,-1.2661496618297785f,-0.33217034761250497f,0f,0f,0f,1f],start_interpolation:0}
execute if entity @s[tag=aj.dino.bone.body_1] run data modify entity @s {} merge value {transformation:[-1.1652240424422324f,-0.21908354378040998f,-0.35051380402981264f,-0.005210574156114731f,-0.2982124883624819f,1.1715565904067282f,0.2590927677791651f,0.564833125f,0.2862286459379797f,0.3287280812091187f,-1.1569855685899162f,-0.08532957878802411f,0f,0f,0f,1f],start_interpolation:0}