execute if entity @s[tag=aj.dino.bone.head_lower] run data modify entity @s {} merge value {transformation:[-0.82906620669826f,-0.3904754721168643f,-0.4002226012934177f,0.6269616168234483f,-0.4683190477789841f,0.09385402876240423f,0.8785605788859703f,0.6566505933767159f,-0.30549385329060835f,0.9158167540289804f,-0.2606783048922151f,0.6834894188312016f,0f,0f,0f,1f],start_interpolation:0}
execute if entity @s[tag=aj.dino.bone.head_upper] run data modify entity @s {} merge value {transformation:[-0.8629746691079662f,-0.5728354330310661f,0.1029865511880775f,0.6209304780941657f,-0.487473101700208f,0.8120126889878859f,0.4318301872553013f,0.7045020335165165f,-0.3179884246010887f,0.30978525169911f,-0.9414820243812116f,0.6254435616666106f,0f,0f,0f,1f],start_interpolation:0}
execute if entity @s[tag=aj.dino.bone.neck_0] run data modify entity @s {} merge value {transformation:[-0.9679845908794495f,-0.034965432381879324f,0.24856236714010632f,0.6378833213565549f,0.03248492241379847f,0.9644720656240546f,0.26218002297398374f,0.705789398688801f,-0.24889869753719945f,0.2618607514867729f,-0.932458248499668f,0.5609789973655084f,0f,0f,0f,1f],start_interpolation:0}
execute if entity @s[tag=aj.dino.bone.neck_1] run data modify entity @s {} merge value {transformation:[-0.9845960736425801f,-0.001574180145804821f,-0.17483733504170007f,0.6230650522873413f,-0.06935602541520816f,0.9214392250393852f,0.3822819591576642f,0.7424186534100223f,0.16050019783857006f,0.38851933866370886f,-0.907354621952241f,0.48590401188504684f,0f,0f,0f,1f],start_interpolation:0}
execute if entity @s[tag=aj.dino.bone.neck_2] run data modify entity @s {} merge value {transformation:[-0.9311835301907199f,-0.026087025447257772f,-0.36361614403772363f,0.5909541426650369f,-0.28526460306972506f,0.6731842335850513f,0.6822368312308998f,0.8087786109890271f,0.2269831256658095f,0.7390145159303851f,-0.6342997760579441f,0.43757000824908143f,0f,0f,0f,1f],start_interpolation:0}
execute if entity @s[tag=aj.dino.bone.body_0] run data modify entity @s {} merge value {transformation:[-0.8022165316987007f,-0.20207065422328443f,-0.5617971938084786f,0.3242562563927831f,-0.46560528039309873f,0.8007515589788389f,0.3768403689402493f,0.9940102232579052f,0.37371159888257593f,0.5638833137225583f,-0.736461302015181f,0.0958502517565587f,0f,0f,0f,1f],start_interpolation:0}
execute if entity @s[tag=aj.dino.bone.leg_left_3] run data modify entity @s {} merge value {transformation:[0.01332750868492796f,0.18761568442473353f,-0.9821520923309648f,0.4984750628592433f,0.05447713456486267f,0.9806442218380291f,0.18806688168119456f,0.5218258413217886f,0.9984260710347338f,-0.05601129469602879f,0.0028487794964857094f,-0.3804106114189765f,0f,0f,0f,1f],start_interpolation:0}
execute if entity @s[tag=aj.dino.bone.leg_left_2] run data modify entity @s {} merge value {transformation:[-0.0049418741887229155f,0.10865053456335996f,-1.0199180549040658f,0.4922736417515388f,-0.40155429292863853f,0.9383134508598612f,0.10190297967544631f,0.743071640246467f,0.9438177404619911f,0.399781351209945f,0.03801504326798281f,-0.2845831054489195f,0f,0f,0f,1f],start_interpolation:0}
execute if entity @s[tag=aj.dino.bone.leg_left_1] run data modify entity @s {} merge value {transformation:[-0.37079682825579885f,0.45078346891669907f,-0.811975354494745f,0.6651862017503561f,-0.23931565124547288f,0.798396822949114f,0.5525310237205838f,0.935433054401059f,0.8973503948984448f,0.3991951618647057f,-0.18816347020454496f,-0.1840260639308508f,0f,0f,0f,1f],start_interpolation:0}
execute if entity @s[tag=aj.dino.bone.leg_left_0] run data modify entity @s {} merge value {transformation:[-0.3256264742225475f,-0.7910452534936456f,-0.5178945898641597f,0.3588935609073685f,-0.27565756714598133f,0.6033787377966789f,-0.7482960673757716f,1.201202877497944f,0.904422636249531f,-0.10090344741415036f,-0.4145337010900181f,-0.08473609534926599f,0f,0f,0f,1f],start_interpolation:0}
execute if entity @s[tag=aj.dino.bone.leg_right_3] run data modify entity @s {} merge value {transformation:[-0.9733777051703196f,0.1403444260454775f,-0.18121612829802924f,-0.14905715418646737f,-0.026762075201782837f,0.715625497461648f,0.6979713022135386f,0.5286002522759412f,0.22763926376672455f,0.6842394240766418f,-0.6928179963966072f,-0.2665054435528847f,0f,0f,0f,1f],start_interpolation:0}
execute if entity @s[tag=aj.dino.bone.leg_right_2] run data modify entity @s {} merge value {transformation:[-0.9560574514411198f,0.3205008370410066f,-0.18787113269637606f,-0.07867172714870287f,0.12398012862048295f,0.764217275847413f,0.6728024097045893f,0.7273384576345698f,0.35020747672180513f,0.6044115884503438f,-0.7510682755221212f,-0.149372657973617f,0f,0f,0f,1f],start_interpolation:0}
execute if entity @s[tag=aj.dino.bone.leg_right_1] run data modify entity @s {} merge value {transformation:[-0.8978608416810526f,0.3811693449859247f,-0.22035389585571855f,0.018685356825915683f,-0.2746505733232538f,-0.09373015682444014f,0.9569648479828682f,0.6456512383495978f,0.3441118590647519f,0.9197415876998644f,0.18884501663092235f,0.09732996070971525f,0f,0f,0f,1f],start_interpolation:0}
execute if entity @s[tag=aj.dino.bone.leg_right_0] run data modify entity @s {} merge value {transformation:[-0.9132246146325556f,-0.2414042888960436f,-0.32824498858598855f,0.05680914379980255f,-0.21830288585368418f,0.9700965031658991f,-0.10609724111987079f,1.0605629366557379f,0.34404164465537235f,-0.025233783859940406f,-0.938615258183531f,0.12382784817149894f,0f,0f,0f,1f],start_interpolation:0}
execute if entity @s[tag=aj.dino.bone.tail_4] run data modify entity @s {} merge value {transformation:[2.395965763125512f,-0.5445809868337733f,-1.2603336630867001f,-1.2738371380104232f,-0.06492333803262672f,2.4871636411964166f,-1.1981082228618916f,1.084981116361403f,1.3714205604806597f,1.069163178513801f,2.1451706402058512f,-0.12090839153104979f,0f,0f,0f,1f],start_interpolation:0}
execute if entity @s[tag=aj.dino.bone.tail_3] run data modify entity @s {} merge value {transformation:[1.3616455358662127f,-0.05856796845840113f,-1.5743051653890727f,-1.0063200254832794f,-0.5379294464967522f,1.9385040305965373f,-0.5373821359117922f,1.1571314843351468f,1.4807089083583436f,0.7581012085968988f,1.2524892064511413f,-0.3407028917833503f,0f,0f,0f,1f],start_interpolation:0}
execute if entity @s[tag=aj.dino.bone.tail_2] run data modify entity @s {} merge value {transformation:[0.6178753866404743f,-0.3994267879308463f,-1.810376237877063f,-0.6694131968610881f,-0.44482364718266726f,1.820589693555256f,-0.5534970330817177f,1.2601296658287562f,1.7997599296833375f,0.5870990408835645f,0.4847192864974578f,-0.42934062306009024f,0f,0f,0f,1f],start_interpolation:0}
execute if entity @s[tag=aj.dino.bone.tail_1] run data modify entity @s {} merge value {transformation:[0.020189278617856125f,-0.18608637235845654f,-1.5008732474967235f,-0.34418659388522255f,-0.45260075875235145f,1.4314715933885038f,-0.18356982458610463f,1.2825659845976003f,1.4430527350743931f,0.4515719093834863f,-0.036576829415168974f,-0.4283683495853461f,0f,0f,0f,1f],start_interpolation:0}
execute if entity @s[tag=aj.dino.bone.tail_0] run data modify entity @s {} merge value {transformation:[-0.625799815860793f,-0.09253668173818698f,-1.1106967496060798f,-0.02184826362605119f,-0.6134188620949041f,1.092115656621377f,0.2546299447682444f,1.2345118928133583f,0.9305523127040297f,0.6576899510250798f,-0.5790958799938383f,-0.2432718439205922f,0f,0f,0f,1f],start_interpolation:0}
execute if entity @s[tag=aj.dino.bone.body_1] run data modify entity @s {} merge value {transformation:[-0.9500896206972357f,-0.1183698552502156f,-0.7822550000272774f,0.16798811599527896f,-0.4423285031682844f,1.0930175185907238f,0.3718370535529396f,1.0744425f,0.6559571655104758f,0.5656022246049512f,-0.8822805197858802f,-0.0762513054719921f,0f,0f,0f,1f],start_interpolation:0}