execute if entity @s[tag=aj.dino.bone.head_lower] run data modify entity @s {} merge value {transformation:[-0.9523478259511658f,0.17448425788429828f,0.2501776611863133f,0.14818126943652543f,0.2099548125975586f,0.9699775399559691f,0.12272957527869993f,0.09332321687796198f,-0.22125233348647907f,0.16940724816704789f,-0.9603898110638496f,0.7265718957887894f,0f,0f,0f,1f],start_interpolation:0}
execute if entity @s[tag=aj.dino.bone.head_upper] run data modify entity @s {} merge value {transformation:[-0.9912984552209745f,-0.07536600806923187f,0.3084141373019814f,0.16744247635689966f,0.21854187695162686f,0.5714914076539048f,0.8420860772983516f,0.16427494269472426f,-0.2303014617376038f,0.866711877378506f,-0.528435143528566f,0.709533263115057f,0f,0f,0f,1f],start_interpolation:0}
execute if entity @s[tag=aj.dino.bone.neck_0] run data modify entity @s {} merge value {transformation:[-0.988197849195512f,0.1490821637966792f,0.03520680733983772f,0.1676184429148014f,0.15309179960404615f,0.9532443991492418f,0.26055328895370977f,0.16560039517670028f,0.005283156192933736f,0.2628680732388416f,-0.9648173217414479f,0.6428778172326282f,0f,0f,0f,1f],start_interpolation:0}
execute if entity @s[tag=aj.dino.bone.neck_1] run data modify entity @s {} merge value {transformation:[-0.9653773930856532f,0.12456979274170524f,-0.22919174430034986f,0.1487767714948548f,-0.0007253974442529808f,0.8773245599441883f,0.47989695802045246f,0.21029569075069948f,0.260856210809128f,0.463447929389079f,-0.8468589339596526f,0.5732727971824417f,0f,0f,0f,1f],start_interpolation:0}
execute if entity @s[tag=aj.dino.bone.neck_2] run data modify entity @s {} merge value {transformation:[-0.9653773930856532f,0.1754917438588316f,-0.19300035429121523f,0.13358666681100503f,-0.0007253974442529808f,0.7380608190378051f,0.674733800249989f,0.2766335088624925f,0.260856210809128f,0.6515127590758532f,-0.7123799281588957f,0.5172416897330883f,0f,0f,0f,1f],start_interpolation:0}
execute if entity @s[tag=aj.dino.bone.body_0] run data modify entity @s {} merge value {transformation:[-0.9653773930856532f,0.09836829609668396f,-0.2415991871720256f,0.020658956874472317f,-0.0007253974442529808f,0.9251581370942454f,0.3795812102394598f,0.46434199752230554f,0.260856210809128f,0.36661437463817514f,-0.8930553944694382f,0.0998404914637683f,0f,0f,0f,1f],start_interpolation:0}
execute if entity @s[tag=aj.dino.bone.leg_left_3] run data modify entity @s {} merge value {transformation:[-0.9979278569403328f,0.00008431876510922934f,-0.06434271701459884f,0.2653702247910029f,-0.020675682740288023f,0.9465440274693243f,0.3219113545766508f,0.1322746969613386f,0.06093035766920994f,0.3225746378010792f,-0.9445809094840977f,-0.2755083607209834f,0f,0f,0f,1f],start_interpolation:0}
execute if entity @s[tag=aj.dino.bone.leg_left_2] run data modify entity @s {} merge value {transformation:[-1.01384482734285f,-0.12825823143467308f,-0.08792435180364484f,0.23118330412076216f,-0.15497642984694385f,0.7857533746561448f,0.6408089730247775f,0.3349961081983907f,-0.012773870311560088f,0.646686678219387f,-0.7960498526798012f,-0.1493879581401149f,0f,0f,0f,1f],start_interpolation:0}
execute if entity @s[tag=aj.dino.bone.leg_left_1] run data modify entity @s {} merge value {transformation:[-0.969304181697076f,-0.046427966215583816f,0.24144118807205756f,0.2250694399566565f,0.24545399546362182f,-0.12600309869413368f,0.9611844543220729f,0.24489901513608453f,-0.014203501522737149f,0.9909428152383777f,0.1335312602798785f,0.11302111210417116f,0f,0f,0f,1f],start_interpolation:0}
execute if entity @s[tag=aj.dino.bone.leg_left_0] run data modify entity @s {} merge value {transformation:[-0.9794419068438549f,0.14293303546921537f,-0.14235061815682276f,0.17889260514539101f,0.2005513174602539f,0.7659962601019376f,-0.6107609176877653f,0.6186930274683425f,0.02174212922024936f,-0.62675344185844f,-0.7789142462014476f,-0.06712609113756089f,0f,0f,0f,1f],start_interpolation:0}
execute if entity @s[tag=aj.dino.bone.leg_right_3] run data modify entity @s {} merge value {transformation:[-0.9987985712992087f,-0.025197429473036624f,-0.0420297932258827f,-0.30079350330185534f,-0.022515815464847096f,0.9977532314624513f,-0.06309934357969615f,0.006082766360025277f,0.04352530326846738f,-0.06207719914901921f,-0.9971218427660691f,0.1851953162184552f,0f,0f,0f,1f],start_interpolation:0}
execute if entity @s[tag=aj.dino.bone.leg_right_2] run data modify entity @s {} merge value {transformation:[-1.0230608939947232f,0.07084593358314291f,-0.019734750420128313f,-0.2833021567743598f,0.07209748360829281f,0.9118577709703346f,-0.4640900320832785f,0.20418117763319438f,-0.01451066975586607f,-0.4642827357510075f,-0.9144906676656089f,0.04873233840499458f,0f,0f,0f,1f],start_interpolation:0}
execute if entity @s[tag=aj.dino.bone.leg_right_1] run data modify entity @s {} merge value {transformation:[-0.9819688356842687f,0.09559917306734027f,-0.16308894460913678f,-0.26823774598077005f,-0.08089482304851077f,0.5672348137723975f,0.8195734827631647f,0.313202975361751f,0.1708602743437792f,0.8179886699419707f,-0.5492734314507982f,0.3034884900623026f,0f,0f,0f,1f],start_interpolation:0}
execute if entity @s[tag=aj.dino.bone.leg_right_0] run data modify entity @s {} merge value {transformation:[-0.9913246809811138f,-0.13092666274748485f,0.011557934914996022f,-0.20531780017214113f,-0.05921310332118929f,0.3663644976820619f,-0.9285854097675907f,0.539527280608657f,0.11734217175750193f,-0.9212140162958753f,-0.3709387427962414f,-0.041657374520192f,0f,0f,0f,1f],start_interpolation:0}
execute if entity @s[tag=aj.dino.bone.tail_4] run data modify entity @s {} merge value {transformation:[-2.044625968310127f,-0.9786609422218167f,-1.5771457578427497f,-0.5872949515017842f,-0.7744229415739852f,2.582224531746418f,-0.5983702088263464f,1.161581391755293f,1.6868417498022072f,-0.0007479415055756071f,-2.1863727228694874f,-1.514454328837083f,0f,0f,0f,1f],start_interpolation:0}
execute if entity @s[tag=aj.dino.bone.tail_3] run data modify entity @s {} merge value {transformation:[-1.5382243287276824f,-0.4898729898930107f,-1.3152322587010998f,-0.3594863718989534f,-0.5895084104844223f,1.9963709753266214f,-0.05411366635155572f,1.1512210125728286f,1.2736919857339315f,0.3323746510959583f,-1.6134377406117788f,-1.244127458109621f,0f,0f,0f,1f],start_interpolation:0}
execute if entity @s[tag=aj.dino.bone.tail_2] run data modify entity @s {} merge value {transformation:[-1.7509242670582792f,-0.11002695858912766f,-0.8607741599355961f,-0.2007912290379355f,-0.34158991890831575f,1.8692904172182487f,0.45589860539270377f,1.0666626736718916f,0.7977182543538884f,0.5589465801688286f,-1.6941068981002747f,-0.9284738141835986f,0f,0f,0f,1f],start_interpolation:0}
execute if entity @s[tag=aj.dino.bone.tail_1] run data modify entity @s {} merge value {transformation:[-1.4619283475601732f,0.08773719303719482f,-0.37778822315939864f,-0.11917122968960832f,-0.16498584673130767f,1.1926559462500557f,0.9154276127869084f,0.8552515008304048f,0.3510006082307195f,0.926029280764026f,-1.1432080275213812f,-0.6941232888951023f,0f,0f,0f,1f],start_interpolation:0}
execute if entity @s[tag=aj.dino.bone.tail_0] run data modify entity @s {} merge value {transformation:[-1.2464146182959839f,-0.10479569344284985f,-0.26325686794067993f,-0.044770360978379775f,-0.2619877689447853f,0.8785886765690258f,0.8906627099593026f,0.616181065886911f,0.10792925833821948f,0.9224616613304577f,-0.8782092433777057f,-0.41522949338913473f,0f,0f,0f,1f],start_interpolation:0}
execute if entity @s[tag=aj.dino.bone.body_1] run data modify entity @s {} merge value {transformation:[-1.208385132047656f,-0.23660443395977798f,-0.11148232834396729f,-0.0029152935678558524f,-0.24898521786163424f,1.2019870077838797f,0.14777749984825034f,0.5008625123369587f,0.08010199116634724f,0.16688370203701197f,-1.2224312234485255f,-0.14227215909265803f,0f,0f,0f,1f],start_interpolation:0}