execute if entity @s[tag=aj.dino.bone.head_lower] run data modify entity @s {} merge value {transformation:[-0.9982110069313297f,0.05902308223506512f,-0.00954260994766886f,0.4211943611294102f,0.05916494646442523f,0.998130371236754f,-0.015338550278357566f,0.21936077509788426f,0.00861944029518788f,-0.015875697724910653f,-0.9998368204215848f,0.7293118942498097f,0f,0f,0f,1f],start_interpolation:0}
execute if entity @s[tag=aj.dino.bone.head_upper] run data modify entity @s {} merge value {transformation:[-1.0390374211935682f,0.050157336198664006f,0.03684320247183234f,0.42453795723801935f,0.061584768122759204f,0.7398148183356114f,0.7296254473973751f,0.2862906950874984f,0.008971971811827609f,0.7304999786310797f,-0.7414588508645013f,0.6946036435442035f,0f,0f,0f,1f],start_interpolation:0}
execute if entity @s[tag=aj.dino.bone.neck_0] run data modify entity @s {} merge value {transformation:[-0.9789074536293879f,0.07796486014710677f,-0.18884299778140987f,0.4113778085275062f,0.059663869259960034f,0.9931226069187172f,0.10073584432515495f,0.27666494275833764f,0.1953981062696305f,0.08734396492725496f,-0.9768268075032689f,0.629959296286986f,0f,0f,0f,1f],start_interpolation:0}
execute if entity @s[tag=aj.dino.bone.neck_1] run data modify entity @s {} merge value {transformation:[-0.9257303027733558f,0.07846623500223018f,-0.3699546681577699f,0.38039927661589945f,0.031282500710440114f,0.9907742786344603f,0.13186255702687677f,0.2923998052894592f,0.3768883278591313f,0.11049605767148352f,-0.9196443929925349f,0.5525623873935456f,0f,0f,0f,1f],start_interpolation:0}
execute if entity @s[tag=aj.dino.bone.neck_2] run data modify entity @s {} merge value {transformation:[-0.887948547465591f,-0.014621238061699127f,-0.4597103397263216f,0.3399820519694279f,-0.2538706960973244f,0.8490285203358091f,0.46335757393124244f,0.3413059238045534f,0.3835323281247707f,0.5281446686788857f,-0.7576055452735698f,0.4913613259827755f,0f,0f,0f,1f],start_interpolation:0}
execute if entity @s[tag=aj.dino.bone.body_0] run data modify entity @s {} merge value {transformation:[-0.8141991610078255f,-0.10921501409604147f,-0.5702208404733682f,0.07019869865444882f,-0.3513905847686315f,0.8745337910511133f,0.33423839582807824f,0.507162253891343f,0.46217354224372476f,0.47250685604102016f,-0.7504218066155317f,0.14219156104401098f,0f,0f,0f,1f],start_interpolation:0}
execute if entity @s[tag=aj.dino.bone.leg_left_3] run data modify entity @s {} merge value {transformation:[-0.17223551617731778f,0.01692469493976012f,-0.9849103927100824f,0.2314996867691358f,0.03347923779252512f,0.9993753198315753f,0.011318601873396616f,0.014416713477162668f,0.9844867026039327f,-0.03102458400580011f,-0.17269454995251765f,-0.2562401128163536f,0f,0f,0f,1f],start_interpolation:0}
execute if entity @s[tag=aj.dino.bone.leg_left_2] run data modify entity @s {} merge value {transformation:[-0.28448395316303277f,0.23397001126928635f,-0.9572821494836711f,0.2560121082468413f,-0.3286271819851173f,0.9168148606969766f,0.32174040151401384f,0.23755832080149852f,0.9290507279766524f,0.3959428551350916f,-0.1793214984719288f,-0.1680469365495535f,0f,0f,0f,1f],start_interpolation:0}
execute if entity @s[tag=aj.dino.bone.leg_left_1] run data modify entity @s {} merge value {transformation:[-0.5641643227894307f,0.6212457161836084f,-0.5438495904338427f,0.4648645833369971f,-0.058465464286205f,0.6269710078740295f,0.7768456376727764f,0.3678501476080284f,0.8235899503863201f,0.4700650118961623f,-0.317393254833368f,-0.039913922942994326f,0f,0f,0f,1f],start_interpolation:0}
execute if entity @s[tag=aj.dino.bone.leg_left_0] run data modify entity @s {} merge value {transformation:[-0.527093924668038f,-0.6584583397711884f,-0.5372193307800966f,0.18877727486862417f,-0.09868977645741786f,0.6753183089343802f,-0.7308936377071523f,0.6810261582966077f,0.8440570612232501f,-0.3322315403506706f,-0.4209392842149461f,-0.03794847227470935f,0f,0f,0f,1f],start_interpolation:0}
execute if entity @s[tag=aj.dino.bone.leg_right_3] run data modify entity @s {} merge value {transformation:[-0.9817893611771471f,0.099498811385787f,0.16183212540217373f,-0.3584781057172638f,0.0854917636105171f,0.9921429904613115f,-0.09134245909350774f,0.039873279691853614f,-0.16964907495808149f,-0.07584374075229432f,-0.9825817616639164f,0.1261958430178704f,0f,0f,0f,1f],start_interpolation:0}
execute if entity @s[tag=aj.dino.bone.leg_right_2] run data modify entity @s {} merge value {transformation:[-0.976790970429284f,0.30791839374254326f,0.05592729551412129f,-0.2834589989751753f,0.30909663917896707f,0.9779131359492321f,0.014400197460456666f,0.2677889166040605f,-0.04899864525452866f,0.03056731642857856f,-1.024073713865496f,0.10174859080953819f,0f,0f,0f,1f],start_interpolation:0}
execute if entity @s[tag=aj.dino.bone.leg_right_1] run data modify entity @s {} merge value {transformation:[-0.9863929186011354f,0.13422551491146315f,-0.09493429980932251f,-0.26160379333232536f,-0.034813951839560084f,0.39381365655734474f,0.9185307793788111f,0.32536701075648944f,0.16067669056476902f,0.9093372944379252f,-0.3837820814648165f,0.3723414560514886f,0f,0f,0f,1f],start_interpolation:0}
execute if entity @s[tag=aj.dino.bone.leg_right_0] run data modify entity @s {} merge value {transformation:[-0.9938355406175876f,-0.09919961156535823f,-0.04950106332827031f,-0.18096424025117097f,-0.005471504359372867f,0.4898449302860353f,-0.8717924104470711f,0.5893016038490544f,0.11072931339709799f,-0.8661474362591803f,-0.48736807221673434f,0.059063509792281144f,0f,0f,0f,1f],start_interpolation:0}
execute if entity @s[tag=aj.dino.bone.tail_4] run data modify entity @s {} merge value {transformation:[-1.5264419245595946f,0.3384154538487849f,2.276205474719521f,0.3768214960351949f,0.6706811612886245f,2.6782809102227287f,0.05157012147603875f,0.5095429996958998f,-2.2013230481779225f,0.5813326742346696f,-1.562654949445918f,-1.5911111483172f,0f,0f,0f,1f],start_interpolation:0}
execute if entity @s[tag=aj.dino.bone.tail_3] run data modify entity @s {} merge value {transformation:[-1.6243192325224323f,0.0836275745692594f,1.300207285656346f,0.1555360269435393f,0.21215866996984645f,2.067241728331064f,0.13208278255648892f,0.46691705754972546f,-1.285504280684746f,0.23550709429421018f,-1.6210986024677014f,-1.318537353428912f,0f,0f,0f,1f],start_interpolation:0}
execute if entity @s[tag=aj.dino.bone.tail_2] run data modify entity @s {} merge value {transformation:[-1.704056051552213f,0.38440907637648264f,0.8758975454757459f,-0.00845999815630051f,0.21861699276327717f,1.8985742410904567f,-0.4079170706721077f,0.5433613765088883f,-0.9312214874272385f,-0.2577195919404485f,-1.6985820640424252f,-1.0035245698478912f,0f,0f,0f,1f],start_interpolation:0}
execute if entity @s[tag=aj.dino.bone.tail_1] run data modify entity @s {} merge value {transformation:[-1.4596105502001784f,0.24517720172545937f,0.3115789330144222f,-0.07711087535017289f,0.15621333939119023f,1.4481117110811201f,-0.4077083698257408f,0.6132447573632144f,-0.36440456136083876f,-0.36127117513549767f,-1.422796086470451f,-0.6925904174301981f,0f,0f,0f,1f],start_interpolation:0}
execute if entity @s[tag=aj.dino.bone.tail_0] run data modify entity @s {} merge value {transformation:[-1.258949735668374f,-0.20926428629566426f,0.07134240061649604f,-0.1030087029618986f,-0.2184163521261803f,1.241152602149452f,-0.21370594723957667f,0.7056458253441347f,-0.03428668500235598f,-0.22267553355238318f,-1.2582033804487802f,-0.330287703582013f,0f,0f,0f,1f],start_interpolation:0}
execute if entity @s[tag=aj.dino.bone.body_1] run data modify entity @s {} merge value {transformation:[-1.1628788377094645f,-0.2043494052950161f,-0.3668224698942362f,-0.003963234464787336f,-0.28848408659446945f,1.173627212580397f,0.26073107357730163f,0.5659773815917969f,0.3051136438206086f,0.330824850189025f,-1.151549034087637f,-0.0848520851461001f,0f,0f,0f,1f],start_interpolation:0}