execute if entity @s[tag=aj.dino.bone.head_lower] run data modify entity @s {} merge value {transformation:[-0.9708968666264512f,-0.21605886789263318f,-0.10333363431086909f,0.1916225060967705f,-0.22310831790172148f,0.9728041984170167f,0.06224684751286039f,0.5027895686144604f,0.08707440989178827f,0.08348986254138038f,-0.9926970786674141f,0.8508544099145342f,0f,0f,0f,1f],start_interpolation:0}
execute if entity @s[tag=aj.dino.bone.head_upper] run data modify entity @s {} merge value {transformation:[-1.010606143931112f,-0.1927710076635828f,-0.1580711961002452f,0.17608315120854726f,-0.23223335514210278f,0.9679529718539567f,0.3043134167631157f,0.5454311700912704f,0.0906357169753583f,0.3307239414783375f,-0.9827913226748103f,0.7905578199201768f,0f,0f,0f,1f],start_interpolation:0}
execute if entity @s[tag=aj.dino.bone.neck_0] run data modify entity @s {} merge value {transformation:[-0.9646167694457467f,-0.2600091181921921f,0.04370064714589206f,0.18344104429069708f,-0.26181129711712237f,0.9250458625126304f,-0.2752180897944629f,0.5127044213370507f,0.031134110006566074f,-0.2769213077846878f,-0.9603880759822652f,0.7329422180430227f,0f,0f,0f,1f],start_interpolation:0}
execute if entity @s[tag=aj.dino.bone.neck_1] run data modify entity @s {} merge value {transformation:[-0.9597413677168487f,-0.18502210253567736f,-0.21133700259601954f,0.16468565267403612f,-0.1930449389036084f,0.9810284921390824f,0.0177974485536547f,0.5187315744557808f,0.20403469963879878f,0.05787848637097523f,-0.9772512072945779f,0.6504228533149765f,0f,0f,0f,1f],start_interpolation:0}
execute if entity @s[tag=aj.dino.bone.neck_2] run data modify entity @s {} merge value {transformation:[-0.9353012265759205f,-0.21449365323342645f,-0.2814322090453709f,0.13793005349640525f,-0.29194984228123155f,0.9171677171164603f,0.2712354480361013f,0.5514734791499969f,0.1999422545575168f,0.33585093628268964f,-0.9204494790266862f,0.5730727661541888f,0f,0f,0f,1f],start_interpolation:0}
execute if entity @s[tag=aj.dino.bone.body_0] run data modify entity @s {} merge value {transformation:[-0.9353079102476165f,-0.294632177372949f,-0.195936196463828f,0.04277931908404081f,-0.29457719415232564f,0.9551533914447801f,-0.03010440992409036f,0.5463844136395611f,0.19601885040367867f,0.029561442251854808f,-0.9801544426356545f,0.11141126260841648f,0f,0f,0f,1f],start_interpolation:0}
execute if entity @s[tag=aj.dino.bone.leg_left_3] run data modify entity @s {} merge value {transformation:[-0.9415000665279508f,-0.08449684729687984f,-0.32624822991819025f,0.3525891871055397f,-0.14566240797023586f,0.9749935490697238f,0.16783933441460244f,0.12912931193117982f,0.303908024955211f,0.2055428472832661f,-0.9302645055566244f,-0.07425246068082615f,0f,0f,0f,1f],start_interpolation:0}
execute if entity @s[tag=aj.dino.bone.leg_left_2] run data modify entity @s {} merge value {transformation:[-0.951611254908844f,-0.21895660556477706f,-0.3139366558894652f,0.29037236239119824f,-0.2595960900230576f,0.9874353245535828f,0.09820157518693617f,0.3619311891877671f,0.2812616025628994f,0.17056284532103005f,-0.9715258237537685f,-0.06408266548675295f,0f,0f,0f,1f],start_interpolation:0}
execute if entity @s[tag=aj.dino.bone.leg_left_1] run data modify entity @s {} merge value {transformation:[-0.9902992688012934f,0.12649977731854417f,0.057490560529383415f,0.34141174390494977f,0.09759031054877926f,0.3386748482495893f,0.9358287655602977f,0.40236214147220234f,0.09891152358859308f,0.9323610639132656f,-0.34773460713582527f,0.20568335404097238f,0f,0f,0f,1f],start_interpolation:0}
execute if entity @s[tag=aj.dino.bone.leg_left_0] run data modify entity @s {} merge value {transformation:[-0.9870996473880196f,-0.08566860268674355f,-0.13525966375881804f,0.20401081982609162f,0.06415481435936496f,0.5623840490347156f,-0.8243836128804563f,0.6977420162272691f,0.14669166956907637f,-0.8224263322055171f,-0.5496330431970202f,-0.055427722354515f,0f,0f,0f,1f],start_interpolation:0}
execute if entity @s[tag=aj.dino.bone.leg_right_3] run data modify entity @s {} merge value {transformation:[-0.9852712859391287f,0.023979277767401167f,0.16930885192927608f,-0.27064947250859506f,0.030284510215021737f,0.9989368331457789f,0.03475703994471943f,0.0027226462740606583f,-0.16829539965457158f,0.03937254909751717f,-0.9849499788479981f,-0.005518576496117672f,0f,0f,0f,1f],start_interpolation:0}
execute if entity @s[tag=aj.dino.bone.leg_right_2] run data modify entity @s {} merge value {transformation:[-1.0111717258742414f,0.1593297215133127f,0.06486894585001637f,-0.22993649491853818f,0.14420944520212695f,0.9959581024018086f,-0.19832623042698605f,0.22852614162692178f,-0.09379539545039997f,-0.18639661371219543f,-1.0042514255352712f,-0.07985771160137428f,0f,0f,0f,1f],start_interpolation:0}
execute if entity @s[tag=aj.dino.bone.leg_right_1] run data modify entity @s {} merge value {transformation:[-0.9734027648827495f,0.03050099502064622f,-0.22706110768110263f,-0.22899378249463917f,-0.19263938202756462f,0.4274804797386613f,0.8832612908615675f,0.2939778288767747f,0.1240045394760078f,0.903509894104738f,-0.41023498807901393f,0.18982464523569975f,0f,0f,0f,1f],start_interpolation:0}
execute if entity @s[tag=aj.dino.bone.leg_right_0] run data modify entity @s {} merge value {transformation:[-0.9850738549718882f,-0.17084364441591002f,0.02102259293031168f,-0.18324384200848645f,-0.1472317272631249f,0.7729948972157547f,-0.6170913282209707f,0.6648352999031772f,0.08917577438935022f,-0.6109757262290337f,-0.7866106681332035f,0.003601774207816613f,0f,0f,0f,1f],start_interpolation:0}
execute if entity @s[tag=aj.dino.bone.tail_4] run data modify entity @s {} merge value {transformation:[-2.337378115356942f,0.7882902375247423f,-1.2413393487977478f,-0.0689889047674833f,0.2707295806773988f,2.521984030870871f,1.0917707514760375f,0.680683532832405f,1.4453478375798237f,0.8024066182774772f,-2.211961703770622f,-1.7039718419836543f,0f,0f,0f,1f],start_interpolation:0}
execute if entity @s[tag=aj.dino.bone.tail_3] run data modify entity @s {} merge value {transformation:[-1.8572938913068169f,0.5122728532464813f,-0.789924965541371f,0.05994018636449798f,0.3553526720512073f,1.9992793120122454f,0.4610338784410023f,0.5829447065234755f,0.8718540048797705f,0.2764132457589444f,-1.8706714938194133f,-1.3894800062765889f,0f,0f,0f,1f],start_interpolation:0}
execute if entity @s[tag=aj.dino.bone.tail_2] run data modify entity @s {} merge value {transformation:[-1.8801623576608761f,0.3572273575237644f,-0.3951607253693891f,0.13209442875667338f,0.40117842398950326f,1.9032593645603946f,-0.18823798325852653f,0.6186872719170229f,0.35045578317837983f,-0.2622332573350066f,-1.9045178754181011f,-1.035237549344843f,0f,0f,0f,1f],start_interpolation:0}
execute if entity @s[tag=aj.dino.bone.tail_1] run data modify entity @s {} merge value {transformation:[-1.4104935822362143f,0.25197169550398296f,0.48443200672055087f,0.02611751798888718f,0.1375833840121595f,1.4625432223552122f,-0.3601310666779461f,0.6781739361742375f,-0.5284268321293065f,-0.291777033722123f,-1.3868264115159132f,-0.7327364614815193f,0f,0f,0f,1f],start_interpolation:0}
execute if entity @s[tag=aj.dino.bone.tail_0] run data modify entity @s {} merge value {transformation:[-1.251669920714943f,-0.015829233592124188f,0.25866495998755196f,-0.049852382856369455f,-0.05429088590748444f,1.2635344682118466f,-0.18538841369409678f,0.7628400769903354f,-0.25339815679845895f,-0.19252480252819137f,-1.2379657875428758f,-0.3756200517974334f,0f,0f,0f,1f],start_interpolation:0}
execute if entity @s[tag=aj.dino.bone.body_1] run data modify entity @s {} merge value {transformation:[-1.217959662727785f,-0.05408810055746296f,-0.20555615389074613f,0.001579760948611253f,-0.10349534057433811f,1.1952658174019506f,0.2987188231198343f,0.6128825f,0.18565443572312543f,0.3114782467280546f,-1.1819976004069532f,-0.12180243717259572f,0f,0f,0f,1f],start_interpolation:0}