execute if entity @s[tag=aj.dino.bone.head_lower] run data modify entity @s {} merge value {transformation:[-0.9956624076308789f,-0.05054110528753611f,0.0781150862957699f,0.15604310953687078f,-0.009085271185415134f,0.888392213931932f,0.4589953508180752f,0.3628955741581382f,-0.09259496680796887f,0.4562947193442356f,-0.8849979102915422f,0.7880346543892743f,0f,0f,0f,1f],start_interpolation:0}
execute if entity @s[tag=aj.dino.bone.head_upper] run data modify entity @s {} merge value {transformation:[-1.0363845852436455f,-0.07973100119664352f,0.05497182461083901f,0.1577206603291181f,-0.009456854991368953f,0.6713379819595204f,0.7954167614877738f,0.43280129140060497f,-0.09638206236917864f,0.791467133878727f,-0.6691503692196277f,0.7596474563600115f,0f,0f,0f,1f],start_interpolation:0}
execute if entity @s[tag=aj.dino.bone.neck_0] run data modify entity @s {} merge value {transformation:[-0.9976421008029851f,-0.026771562963638727f,-0.06319432032936445f,0.15439131285467317f,-0.038339761076915266f,0.9811065905252303f,0.18963101209592076f,0.42915037719709115f,0.05692364557871751f,0.1916067364276165f,-0.9798196554109264f,0.6931619502314583f,0f,0f,0f,1f],start_interpolation:0}
execute if entity @s[tag=aj.dino.bone.neck_1] run data modify entity @s {} merge value {transformation:[-0.9773013073039045f,-0.0164480267452542f,-0.21121462344796693f,0.1364228880534856f,-0.08385637788251044f,0.945589033449151f,0.3143715758606778f,0.46013798627789476f,0.19455143954878526f,0.32494744534599396f,-0.9255046705082627f,0.6162565496528865f,0f,0f,0f,1f],start_interpolation:0}
execute if entity @s[tag=aj.dino.bone.neck_2] run data modify entity @s {} merge value {transformation:[-0.9773013073039045f,0.006601578121873661f,-0.21175120757242416f,0.1179365277118839f,-0.08385637788251044f,0.9058273540181145f,0.415264870415217f,0.5053869193507295f,0.19455143954878526f,0.42359559001344926f,-0.8847126728439314f,0.5428963497401871f,0f,0f,0f,1f],start_interpolation:0}
execute if entity @s[tag=aj.dino.bone.body_0] run data modify entity @s {} merge value {transformation:[-0.9773013073039045f,-0.06394550121947865f,-0.20197308636516081f,0.022138208676065436f,-0.08385637788251044f,0.9922579982491508f,0.09160880306506416f,0.5580143024581037f,0.19455143954878526f,0.10646613444836706f,-0.9750972769857977f,0.08435088272485805f,0f,0f,0f,1f],start_interpolation:0}
execute if entity @s[tag=aj.dino.bone.leg_left_3] run data modify entity @s {} merge value {transformation:[-0.9876992869003781f,-0.06263101870504327f,-0.14327412241034046f,0.28921030336446324f,-0.05314903791084519f,0.996194314680302f,-0.06908015031682024f,0.038314462335470395f,0.14705542637263086f,-0.06061553344326398f,-0.9872691926114946f,-0.39439041026701377f,0f,0f,0f,1f],start_interpolation:0}
execute if entity @s[tag=aj.dino.bone.leg_left_2] run data modify entity @s {} merge value {transformation:[-0.9975914972484817f,-0.1616554077274565f,-0.17533092502663872f,0.24456250983602607f,-0.167777251871133f,1.0116494851206304f,0.021870356888436124f,0.27454409447148864f,0.16948214617710447f,0.0499504545357395f,-1.0103677319271285f,-0.41370898940573747f,0f,0f,0f,1f],start_interpolation:0}
execute if entity @s[tag=aj.dino.bone.leg_left_1] run data modify entity @s {} merge value {transformation:[-0.9834367287365161f,0.03547978181624516f,0.17774528307184903f,0.264360071643742f,0.17717873033836354f,0.39490634059325386f,0.9014747249229622f,0.33048834235644176f,-0.03820861274248963f,0.918036038095192f,-0.39465166244522254f,-0.14261549384595423f,0f,0f,0f,1f],start_interpolation:0}
execute if entity @s[tag=aj.dino.bone.leg_left_0] run data modify entity @s {} merge value {transformation:[-0.9919660377621193f,0.11781921679942046f,0.04606530233584509f,0.19152825074589896f,0.11949535620584284f,0.9922000519585051f,0.035495305869627375f,0.7310631867410221f,-0.041523966233494386f,0.040714727634000386f,-0.9983076034879874f,-0.05018931532803206f,0f,0f,0f,1f],start_interpolation:0}
execute if entity @s[tag=aj.dino.bone.leg_right_3] run data modify entity @s {} merge value {transformation:[-0.979980855544645f,0.023677101160346936f,0.19767882447704974f,-0.303083598467464f,0.0470133991742994f,0.9923438854388783f,0.11420750119912271f,0.11991998529402609f,-0.1934612701913836f,0.12121471821817842f,-0.9735911508550308f,0.15668626382609813f,0f,0f,0f,1f],start_interpolation:0}
execute if entity @s[tag=aj.dino.bone.leg_right_2] run data modify entity @s {} merge value {transformation:[-0.992824507107388f,0.16269127005226516f,0.1997329422915686f,-0.25744761070675226f,0.07042480867968011f,0.936383341147157f,-0.41266061630013945f,0.32532726562433356f,-0.2477943581078806f,-0.38572009096177673f,-0.9175402808700204f,0.03880378898600059f,0f,0f,0f,1f],start_interpolation:0}
execute if entity @s[tag=aj.dino.bone.leg_right_1] run data modify entity @s {} merge value {transformation:[-0.9855421588975818f,-0.09588857438204099f,-0.13968548363546351f,-0.2957168336752367f,-0.1691731313307167f,0.6023315074834736f,0.7801135857863555f,0.44421842554016455f,0.009332988334591124f,0.7924658581892758f,-0.6098448646443457f,0.2866217550962532f,0f,0f,0f,1f],start_interpolation:0}
execute if entity @s[tag=aj.dino.bone.leg_right_0] run data modify entity @s {} merge value {transformation:[-0.9880936017731747f,-0.0018269296012281104f,0.15384309039780403f,-0.1940667335849101f,-0.14739677528125292f,0.2978864805484608f,-0.9431531346197919f,0.6550955511480627f,-0.04410470237517257f,-0.9545995532340688f,-0.2946090090165503f,-0.05907373751455655f,0f,0f,0f,1f],start_interpolation:0}
execute if entity @s[tag=aj.dino.bone.tail_4] run data modify entity @s {} merge value {transformation:[-2.682649232806777f,0.21343420302875254f,-0.6192739832244614f,-0.24010418540785378f,-0.6037185602777817f,0.20721065590546847f,2.6866799168593465f,1.8198171511919488f,0.25412265797707106f,2.7453908495252017f,-0.15463534410335075f,-1.2932092544202685f,0f,0f,0f,1f],start_interpolation:0}
execute if entity @s[tag=aj.dino.bone.tail_3] run data modify entity @s {} merge value {transformation:[-2.0227447200449125f,-0.02460433505235188f,-0.49380557942524655f,-0.15613223455721187f,-0.4559972944790167f,0.8966406974550317f,1.8231970417756862f,1.5018959744178888f,0.19109105421941847f,1.879195469451869f,-0.8763869708258593f,-1.1629958132411804f,0f,0f,0f,1f],start_interpolation:0}
execute if entity @s[tag=aj.dino.bone.tail_2] run data modify entity @s {} merge value {transformation:[-1.9185474380636243f,-0.12533289151023116f,-0.34963018921134986f,-0.0925852296529599f,-0.34666360907913013f,1.264563776098753f,1.4489570985097764f,1.2325825824539285f,0.13331895980134148f,1.4845686233675168f,-1.26374678336799f,-0.9276162069756719f,0f,0f,0f,1f],start_interpolation:0}
execute if entity @s[tag=aj.dino.bone.tail_1] run data modify entity @s {} merge value {transformation:[-1.4917556178283131f,-0.12693367112163798f,-0.2149634150576596f,-0.04335068668489337f,-0.24322478542250123f,1.032415076938848f,1.078247217787058f,0.9881679735715967f,0.05624171435728107f,1.098026958705904f,-1.038667375785539f,-0.717582553142648f,0f,0f,0f,1f],start_interpolation:0}
execute if entity @s[tag=aj.dino.bone.tail_0] run data modify entity @s {} merge value {transformation:[-1.2539192681143836f,-0.21042999526917527f,-0.1313065220258724f,-0.010057919735404812f,-0.24604349400246278f,0.9696438737547363f,0.7956689473223123f,0.7790542480397802f,-0.03138127936487148f,0.8058198879184799f,-0.991718327008481f,-0.40833353897472463f,0f,0f,0f,1f],start_interpolation:0}
execute if entity @s[tag=aj.dino.bone.body_1] run data modify entity @s {} merge value {transformation:[-1.212739789471383f,-0.23811423888951833f,-0.03418197371746217f,0.01392759410628689f,-0.23892679661155813f,1.1719007716914003f,0.31331639316558185f,0.6272767421317144f,-0.027942511520888846f,0.3139343651201884f,-1.1955203994506909f,-0.1515375f,0f,0f,0f,1f],start_interpolation:0}