execute if entity @s[tag=aj.dino.bone.head_lower] run data modify entity @s {} merge value {transformation:[-0.8953793687048561f,-0.2500518796773207f,0.3684695965307477f,0.2914486108630917f,-0.32703430024513447f,0.9308495330562107f,-0.16299605293445013f,0.4947684513572635f,-0.30223228245981343f,-0.2664454996408713f,-0.915239008762333f,0.8350480054574254f,0f,0f,0f,1f],start_interpolation:0}
execute if entity @s[tag=aj.dino.bone.head_upper] run data modify entity @s {} merge value {transformation:[-0.9320000118101479f,-0.3840220894688795f,0.2595668610769626f,0.3004300324626378f,-0.3404098668608687f,0.9626969223028251f,0.20200916047531461f,0.5302058626422476f,-0.3145934568823021f,0.0959875677998547f,-0.9875673578537406f,0.7690254302329845f,0f,0f,0f,1f],start_interpolation:0}
execute if entity @s[tag=aj.dino.bone.neck_0] run data modify entity @s {} merge value {transformation:[-0.9465652411868126f,-0.30247594238103187f,0.11190419320855616f,0.3128815779966599f,-0.32077258350346405f,0.8469777121561762f,-0.42395012063119253f,0.489148066225298f,0.033454354716006496f,-0.4371922453468224f,-0.8987456518721741f,0.7179964911739037f,0f,0f,0f,1f],start_interpolation:0}
execute if entity @s[tag=aj.dino.bone.neck_1] run data modify entity @s {} merge value {transformation:[-0.9431212237507772f,-0.16697320757478273f,-0.2874757472605731f,0.2877593843888605f,-0.09316962849871685f,0.962819961712149f,-0.253568810491407f,0.4721030510971508f,0.3191265855992689f,-0.21236211828102602f,-0.9236127722606201f,0.6387760412121375f,0f,0f,0f,1f],start_interpolation:0}
execute if entity @s[tag=aj.dino.bone.neck_2] run data modify entity @s {} merge value {transformation:[-0.8969038554508327f,-0.22685695941669642f,-0.3796042597780524f,0.2522821327820656f,-0.2730846389366263f,0.9592965426321195f,0.07193693954370552f,0.48779737924093364f,0.3478336585988828f,0.16818461064637763f,-0.9223479184599715f,0.5596180783992651f,0f,0f,0f,1f],start_interpolation:0}
execute if entity @s[tag=aj.dino.bone.body_0] run data modify entity @s {} merge value {transformation:[-0.8948716334333762f,-0.23723286422832718f,-0.37805466245809666f,0.07184644849769381f,-0.2801379320648541f,0.9579573596950857f,0.06197125159658595f,0.5261299390240064f,0.34745862875270267f,0.16136376649063516f,-0.9237067912326116f,0.1258157231723339f,0f,0f,0f,1f],start_interpolation:0}
execute if entity @s[tag=aj.dino.bone.leg_left_3] run data modify entity @s {} merge value {transformation:[-0.6913667278672088f,-0.006291208056648498f,-0.7224766212822231f,0.36447030989374885f,-0.15427828374062552f,0.9781843492375423f,0.13911718108405344f,0.13891059297763467f,0.7058401084978354f,0.20764344345033914f,-0.6772547095649093f,-0.1679018906856094f,0f,0f,0f,1f],start_interpolation:0}
execute if entity @s[tag=aj.dino.bone.leg_left_2] run data modify entity @s {} merge value {transformation:[-0.7240799038606769f,-0.06852498542468555f,-0.7232391158519802f,0.3250225852816794f,-0.3426272152205852f,0.9326397351630502f,0.254660392063386f,0.3636461634635044f,0.6406068089834781f,0.42136640856650776f,-0.681274882493449f,-0.08974261454172072f,0f,0f,0f,1f],start_interpolation:0}
execute if entity @s[tag=aj.dino.bone.leg_left_1] run data modify entity @s {} merge value {transformation:[-0.8768630144529164f,0.4349482728800233f,-0.20477122308378548f,0.4715080116421455f,-0.005849716243229261f,0.41626476301611653f,0.909224630050798f,0.428626927270664f,0.4807047271500649f,0.7984633034709994f,-0.36246285093200986f,0.1368250483292111f,0f,0f,0f,1f],start_interpolation:0}
execute if entity @s[tag=aj.dino.bone.leg_left_0] run data modify entity @s {} merge value {transformation:[-0.8509637744085479f,-0.47197789790126154f,-0.23042898805719836f,0.20600616473174682f,-0.03521231356790702f,0.4890047276194332f,-0.871570117282046f,0.6874829970798882f,0.5240426963688679f,-0.7335606588814249f,-0.4327447424566776f,-0.05503318833146065f,0f,0f,0f,1f],start_interpolation:0}
execute if entity @s[tag=aj.dino.bone.leg_right_3] run data modify entity @s {} merge value {transformation:[-0.9829803274690946f,0.06314950595794205f,0.17251613172691815f,-0.32132235243450596f,0.061120171145389514f,0.9979846899834718f,-0.01705529940377762f,0.010563765849177814f,-0.17324549196994932f,-0.006220808296518748f,-0.9848590259809917f,0.1046961113537917f,0f,0f,0f,1f],start_interpolation:0}
execute if entity @s[tag=aj.dino.bone.leg_right_2] run data modify entity @s {} merge value {transformation:[-0.9942060339032972f,0.2521533758339808f,0.005936051423074513f,-0.2608199264082858f,0.24830356207898638f,0.9827237026135669f,-0.15704032883646013f,0.23439677175850385f,-0.04429337094709714f,-0.1507812948535185f,-1.0135903008183993f,0.038293445921197766f,0f,0f,0f,1f],start_interpolation:0}
execute if entity @s[tag=aj.dino.bone.leg_right_1] run data modify entity @s {} merge value {transformation:[-0.978724596735599f,0.13125919181306236f,-0.15769967758153705f,-0.23628901836414956f,-0.07980382699290385f,0.46454910098168134f,0.8819441490108081f,0.31223589187089096f,0.18902251966902175f,0.8757654693704777f,-0.44419064568750277f,0.30353426402886596f,0f,0f,0f,1f],start_interpolation:0}
execute if entity @s[tag=aj.dino.bone.leg_right_0] run data modify entity @s {} merge value {transformation:[-0.988418052040141f,-0.1381163824855217f,-0.06287781238470413f,-0.17047042523370387f,-0.0415667946058893f,0.6448917510284362f,-0.7631427330726994f,0.6323991454428093f,0.14595189614172469f,-0.7516904245396441f,-0.6431637036307667f,0.04378307072068219f,0f,0f,0f,1f],start_interpolation:0}
execute if entity @s[tag=aj.dino.bone.tail_4] run data modify entity @s {} merge value {transformation:[-0.023897854423739786f,-0.3509552999420299f,2.7389634173527293f,0.7155943285260085f,0.5399511696303849f,2.6855972893568585f,0.34882841830028444f,0.4699910300508748f,-2.7080515058928856f,0.5385711730511561f,0.04538132423784601f,-1.3768186770798874f,0f,0f,0f,1f],start_interpolation:0}
execute if entity @s[tag=aj.dino.bone.tail_3] run data modify entity @s {} merge value {transformation:[-1.0097014227568257f,0.03446347924938431f,1.8207857731005352f,0.406519094757279f,0.2937516295923849f,2.057739573391471f,0.12394899860407271f,0.4288372631320238f,-1.7972641828732654f,0.3169631567566825f,-1.00265713993577f,-1.2099068117917666f,0f,0f,0f,1f],start_interpolation:0}
execute if entity @s[tag=aj.dino.bone.tail_2] run data modify entity @s {} merge value {transformation:[-1.4470456477948919f,0.4818391534852345f,1.2217462086576212f,0.17844378737783756f,0.2498542818404746f,1.8856975603418835f,-0.447762686888298f,0.5127088293313758f,-1.2893430908980823f,-0.17535568451601466f,-1.4579501544511313f,-0.9398721871300733f,0f,0f,0f,1f],start_interpolation:0}
execute if entity @s[tag=aj.dino.bone.tail_1] run data modify entity @s {} merge value {transformation:[-1.1859468083771318f,0.4336039991437327f,0.8325707114874128f,-0.004883481417101473f,0.1277571516985808f,1.4035480575040291f,-0.5489874410827025f,0.6135658209363732f,-0.9299809287775535f,-0.36013424191991206f,-1.1371433726258136f,-0.6898808737621768f,0f,0f,0f,1f],start_interpolation:0}
execute if entity @s[tag=aj.dino.bone.tail_0] run data modify entity @s {} merge value {transformation:[-1.2489730580140688f,0.025637278450834487f,0.27063766717263754f,-0.08335142477174029f,-0.04664969406952665f,1.2334307126116235f,-0.33212678274061275f,0.7403858664571016f,-0.2678167712863265f,-0.3344056275304664f,-1.2042768659563923f,-0.34603298701486107f,0f,0f,0f,1f],start_interpolation:0}
execute if entity @s[tag=aj.dino.bone.body_1] run data modify entity @s {} merge value {transformation:[-1.184061409014352f,-0.08703981073173957f,-0.345003255183166f,0.002719748262846839f,-0.17324493666212482f,1.1881353531582195f,0.29483074729881825f,0.5918125000000001f,0.3107882987825219f,0.3307008451450136f,-1.1500661630604083f,-0.10093376270134916f,0f,0f,0f,1f],start_interpolation:0}