execute if entity @s[tag=aj.dino.bone.head_lower] run data modify entity @s {} merge value {transformation:[-1f,-8.295822629576675e-17f,9.00862393292057e-17f,-9.952975943416931e-17f,0f,0.7356099684572505f,0.6774053249763563f,0.41763902962449007f,-1.2246467991473532e-16f,0.6774053249763563f,-0.7356099684572505f,0.8128220079481564f,0f,0f,0f,1f],start_interpolation:0}
execute if entity @s[tag=aj.dino.bone.head_upper] run data modify entity @s {} merge value {transformation:[-1.0408995833333334f,-8.986746651218286e-17f,9.040638757286072e-17f,-0.0003231250000000953f,0f,0.7382241772550681f,0.7338235528378637f,0.48480352084483014f,-1.2747343429629804e-16f,0.7338235528378637f,-0.7382241772550681f,0.7784085919429978f,0f,0f,0f,1f],start_interpolation:0}
execute if entity @s[tag=aj.dino.bone.neck_0] run data modify entity @s {} merge value {transformation:[-1f,-2.012184215364166e-17f,1.2080028681655727e-16f,-8.718977078247504e-17f,0f,0.9864091989679241f,0.164307310219169f,0.4794166687833108f,-1.2246467991473532e-16f,0.164307310219169f,-0.9864091989679241f,0.71195850789942f,0f,0f,0f,1f],start_interpolation:0}
execute if entity @s[tag=aj.dino.bone.neck_1] run data modify entity @s {} merge value {transformation:[-1f,-4.0748825478309717e-17f,1.1548649725728472e-16f,-7.759427344988191e-17f,0f,0.9430188143854288f,0.33273941112393085f,0.5119484339108006f,-1.2246467991473532e-16f,0.33273941112393085f,-0.9430188143854288f,0.6336053260736569f,0f,0f,0f,1f],start_interpolation:0}
execute if entity @s[tag=aj.dino.bone.neck_2] run data modify entity @s {} merge value {transformation:[-1f,-4.035928039236492e-17f,1.156232083659204e-16f,-6.785995580255604e-17f,0f,0.9441351453041136f,0.32955853410521807f,0.5500639063444166f,-1.2246467991473532e-16f,0.32955853410521807f,-0.9441351453041136f,0.5541185903544007f,0f,0f,0f,1f],start_interpolation:0}
execute if entity @s[tag=aj.dino.bone.body_0] run data modify entity @s {} merge value {transformation:[-1f,-5.404089522470054e-18f,1.2234538668479375e-16f,-1.0250514561026239e-17f,0f,0.9990258968543041f,0.044127739738776844f,0.5803781150541863f,-1.2246467991473532e-16f,0.044127739738776844f,-0.9990258968543041f,0.08370180339476693f,0f,0f,0f,1f],start_interpolation:0}
execute if entity @s[tag=aj.dino.bone.leg_left_3] run data modify entity @s {} merge value {transformation:[-0.9940796151929435f,-0.01772323114354029f,-0.10719890734369468f,0.1944603238426742f,-0.027633915772038557f,0.995404558575511f,0.09168495768770382f,0.0820281009639521f,0.10508132734674262f,0.09410447303356431f,-0.9900011428266746f,-0.20572163198040608f,0f,0f,0f,1f],start_interpolation:0}
execute if entity @s[tag=aj.dino.bone.leg_left_2] run data modify entity @s {} merge value {transformation:[-1.0199599789171792f,-0.04724748181077087f,-0.09752700328884599f,0.1788506394316914f,-0.027936670232448745f,1.006520065491978f,-0.19544589972430346f,0.3105629727562076f,0.10470617634258793f,-0.19169567737760784f,-1.0021734298070117f,-0.2812148250080063f,0f,0f,0f,1f],start_interpolation:0}
execute if entity @s[tag=aj.dino.bone.leg_left_1] run data modify entity @s {} merge value {transformation:[-0.9381942627483254f,0.042970826767876356f,0.3434312644373124f,0.19099488894172068f,0.3453449002648591f,0.18212640952722392f,0.9206339505002933f,0.30433629488789804f,-0.022987501107788518f,0.9823357262156391f,-0.1857097083978442f,-0.004037749212896402f,0f,0f,0f,1f],start_interpolation:0}
execute if entity @s[tag=aj.dino.bone.leg_left_0] run data modify entity @s {} merge value {transformation:[-0.9561733076250295f,0.2787277172008527f,-0.08968536920486027f,0.19655375000000003f,0.2927581111052925f,0.9048190309273283f,-0.3091847500343312f,0.7188078564485418f,-0.005029330718084091f,-0.32189032438974f,-0.9467636056042692f,-0.053934665807705395f,0f,0f,0f,1f],start_interpolation:0}
execute if entity @s[tag=aj.dino.bone.leg_right_3] run data modify entity @s {} merge value {transformation:[-0.9376408038633761f,0.06597971957375497f,0.3412863893204804f,-0.21402548848133363f,-0.16000356250124037f,0.7897009056877123f,-0.5922595204324864f,0.1570408956144807f,-0.30859128781829465f,-0.6099337309585163f,-0.7298988018360293f,0.29690082146752694f,0f,0f,0f,1f],start_interpolation:0}
execute if entity @s[tag=aj.dino.bone.leg_right_2] run data modify entity @s {} merge value {transformation:[-0.9627962479649654f,0.1789322453199616f,0.30507185381486135f,-0.16139489396270668f,-0.16223032183729205f,0.5627455421387297f,-0.8420575853112722f,0.26244439394242686f,-0.3142720272023073f,-0.838667339228397f,-0.4999323819582086f,0.08644608731582828f,0f,0f,0f,1f],start_interpolation:0}
execute if entity @s[tag=aj.dino.bone.leg_right_1] run data modify entity @s {} merge value {transformation:[-0.9469044347718499f,-0.24694501828141038f,-0.2058886819507017f,-0.23642076842358986f,-0.316300926880565f,0.8303515861628936f,0.4587700589742777f,0.45739419722863717f,0.057669013030385914f,0.4995341843185116f,-0.8643725375284322f,0.26914550718303354f,0f,0f,0f,1f],start_interpolation:0}
execute if entity @s[tag=aj.dino.bone.leg_right_0] run data modify entity @s {} merge value {transformation:[-0.9561733076250295f,-0.12691881119161263f,0.26386402019054894f,-0.19655374999999997f,-0.2927581111052925f,0.39892646090286277f,-0.8689938821266685f,0.7188078564485418f,0.005029330718083855f,-0.9081570867186056f,-0.4185993450488231f,-0.05393466580770545f,0f,0f,0f,1f],start_interpolation:0}
execute if entity @s[tag=aj.dino.bone.tail_4] run data modify entity @s {} merge value {transformation:[-2.142534974326226f,1.3767565800709198f,-1.067589122565581f,-0.3013191489597783f,1.2645642305652534f,2.392937837548566f,0.548075856066746f,0.6645073324027337f,1.1983666059114917f,-0.06364869566468022f,-2.4870721044988535f,-1.7637545201278184f,0f,0f,0f,1f],start_interpolation:0}
execute if entity @s[tag=aj.dino.bone.tail_3] run data modify entity @s {} merge value {transformation:[-1.7908302630930806f,0.729635138035304f,-0.7723374004789725f,-0.17749931952920056f,0.8382699214571666f,1.900318147700528f,-0.148458756375877f,0.6710843463738375f,0.6528215940167794f,-0.43859893856310206f,-1.9280561359880461f,-1.4325354141544882f,0f,0f,0f,1f],start_interpolation:0}
execute if entity @s[tag=aj.dino.bone.tail_2] run data modify entity @s {} merge value {transformation:[-1.889273052595906f,0.2956245316464159f,-0.402526202906794f,-0.10399724637818905f,0.4169950402421774f,1.8005182409379612f,-0.634840984393627f,0.7898366822079542f,0.27483876027800164f,-0.6996528248647912f,-1.803808042866631f,-1.097174695009289f,0f,0f,0f,1f],start_interpolation:0}
execute if entity @s[tag=aj.dino.bone.tail_1] run data modify entity @s {} merge value {transformation:[-1.4771336605437535f,-0.031107455491659913f,-0.3236737942766548f,-0.03255478858576782f,0.013472800628616489f,1.4984148220020894f,-0.2054939289800739f,0.8157272382386804f,0.32488595311560237f,-0.2035720939060178f,-1.4631007381759078f,-0.7801536683693735f,0f,0f,0f,1f],start_interpolation:0}
execute if entity @s[tag=aj.dino.bone.tail_0] run data modify entity @s {} merge value {transformation:[-1.2733518376807091f,-3.112652123691578e-8f,-0.1114038332338144f,4.9824289219185377e-17f,-0.011379069778605762f,1.2715305117099995f,0.1300630275885802f,0.8084040949116595f,0.11082116598449104f,0.1305598497798354f,-1.2666919559937737f,-0.406846196420674f,0f,0f,0f,1f],start_interpolation:0}
execute if entity @s[tag=aj.dino.bone.body_1] run data modify entity @s {} merge value {transformation:[-1.2363675f,-3.992253362340392e-17f,1.460533747013843e-16f,1.8557991432579204e-17f,0f,1.1926163102951184f,0.3259922260948997f,0.652284296875f,-1.5141135014448153e-16f,0.3259922260948997f,-1.1926163102951184f,-0.1515375f,0f,0f,0f,1f],start_interpolation:0}