execute if entity @s[tag=aj.dino.bone.head_lower] run data modify entity @s {} merge value {transformation:[-0.9824517408861505f,0.18384515172151572f,-0.031456907322001945f,0.4161163319103828f,0.18647374051462304f,0.9717845302383046f,-0.14443812131152328f,0.2579361945908886f,0.004015087577773746f,-0.14776937090618658f,-0.989013696615842f,0.7522915278005843f,0f,0f,0f,1f],start_interpolation:0}
execute if entity @s[tag=aj.dino.bone.head_upper] run data modify entity @s {} merge value {transformation:[-1.022633607733502f,0.158468161748602f,0.11216188581460163f,0.4270893827902354f,0.19410043880427927f,0.8215701813492584f,0.608949422659419f,0.3184239590788959f,0.004179302986751535f,0.6191786667943855f,-0.8367032058004676f,0.7085162037763306f,0f,0f,0f,1f],start_interpolation:0}
execute if entity @s[tag=aj.dino.bone.neck_0] run data modify entity @s {} merge value {transformation:[-0.9280457976811358f,0.10739863343551709f,-0.3566462265923581f,0.4025845626723782f,0.09658115350216963f,0.9941641676236994f,0.04805921973218977f,0.305363202054244f,0.3597263935195395f,0.010155852955806895f,-0.9330025618700978f,0.6479054236194035f,0f,0f,0f,1f],start_interpolation:0}
execute if entity @s[tag=aj.dino.bone.neck_1] run data modify entity @s {} merge value {transformation:[-0.8933933115878178f,0.09539388895981682f,-0.43903120248938393f,0.36583232525919646f,0.10026117441286954f,0.9948869865875366f,0.012148284822261435f,0.3109756412112633f,0.4379453021959529f,-0.03316458755800783f,-0.8983896829419864f,0.5716472410003224f,0f,0f,0f,1f],start_interpolation:0}
execute if entity @s[tag=aj.dino.bone.neck_2] run data modify entity @s {} merge value {transformation:[-0.8860129467145231f,0.027266372679142618f,-0.46285808103042736f,0.325549440755335f,-0.15844328797348445f,0.9203694542617288f,0.3575133454265994f,0.35130748380885546f,0.43574853155277415f,0.390098208894747f,-0.8111390784980782f,0.5044046794572621f,0f,0f,0f,1f],start_interpolation:0}
execute if entity @s[tag=aj.dino.bone.body_0] run data modify entity @s {} merge value {transformation:[-0.8630810334216651f,-0.00006663276302665971f,-0.505065466358437f,0.08751334569574376f,-0.19698449460057285f,0.9208517433088472f,0.3364954319630711f,0.5186687829548768f,0.4650679935608851f,0.3899128907911764f,-0.7947827998642905f,0.13354093399262093f,0f,0f,0f,1f],start_interpolation:0}
execute if entity @s[tag=aj.dino.bone.leg_left_3] run data modify entity @s {} merge value {transformation:[-0.24055178490677007f,0.026669833685428107f,-0.9702698381117277f,0.26748442210665296f,-0.07745384541941866f,0.9959073634724775f,0.04657708890692561f,0.055122751977140616f,0.9675410795454176f,0.08635533192855228f,-0.23750161270946724f,-0.249574561028243f,0f,0f,0f,1f],start_interpolation:0}
execute if entity @s[tag=aj.dino.bone.leg_left_2] run data modify entity @s {} merge value {transformation:[-0.3190436198173325f,0.1635756351980553f,-0.9609975961073473f,0.2754195776711058f,-0.32808993047265345f,0.9341484667172654f,0.2679287949305306f,0.28064261150513375f,0.9179489994967026f,0.3907324573157821f,-0.2382435321759389f,-0.16443409866951594f,0f,0f,0f,1f],start_interpolation:0}
execute if entity @s[tag=aj.dino.bone.leg_left_1] run data modify entity @s {} merge value {transformation:[-0.57079382425102f,0.6769406121580857f,-0.4646997071313169f,0.4953368331987703f,-0.028971273549297235f,0.5489959124529725f,0.8353227839696823f,0.3860622378148104f,0.8205821564632194f,0.49026002867964324f,-0.29375164471574977f,-0.032008690345910286f,0f,0f,0f,1f],start_interpolation:0}
execute if entity @s[tag=aj.dino.bone.leg_left_0] run data modify entity @s {} merge value {transformation:[-0.5321597493511709f,-0.6848073961802966f,-0.4978401664261946f,0.2051092868104917f,-0.06594072052445224f,0.6197543013033834f,-0.7820207333521738f,0.6853919953538304f,0.8440721666701343f,-0.3833320181679553f,-0.37496498676552137f,-0.053847786790685186f,0f,0f,0f,1f],start_interpolation:0}
execute if entity @s[tag=aj.dino.bone.leg_right_3] run data modify entity @s {} merge value {transformation:[-0.9804918284417466f,0.08717211652797721f,0.1761726325482846f,-0.3412321729354075f,0.08166822594313589f,0.9959246143976327f,-0.03826830683775147f,0.027009836295362882f,-0.1787905904410551f,-0.02313405578276645f,-0.9836151382694247f,0.1573764010171589f,0f,0f,0f,1f],start_interpolation:0}
execute if entity @s[tag=aj.dino.bone.leg_right_2] run data modify entity @s {} merge value {transformation:[-0.9797257084451851f,0.3035371321214589f,-0.008058854493914682f,-0.2692072376647561f,0.3028379145654196f,0.9747979311128101f,-0.10060015159306535f,0.250655007245169f,-0.02211183425095777f,-0.09847031239089275f,-1.0207236961413177f,0.10291248382323925f,0f,0f,0f,1f],start_interpolation:0}
execute if entity @s[tag=aj.dino.bone.leg_right_1] run data modify entity @s {} merge value {transformation:[-0.9754934407800908f,0.18330517944195962f,-0.12170356685311334f,-0.2323818094562559f,-0.01982804238427049f,0.4776404434175209f,0.878331631872109f,0.33343668559036627f,0.2191332830270811f,0.8592198892027962f,-0.46230053673785426f,0.36521854022945066f,0f,0f,0f,1f],start_interpolation:0}
execute if entity @s[tag=aj.dino.bone.leg_right_0] run data modify entity @s {} merge value {transformation:[-0.9850528859587901f,-0.1365463502067733f,-0.10500431471833874f,-0.16290869683586498f,0.012971255783509938f,0.5490635638679944f,-0.8356799323640456f,0.6155382139515146f,0.17176308796612116f,-0.8245509669376334f,-0.5390854705281496f,0.0653860988833018f,0f,0f,0f,1f],start_interpolation:0}
execute if entity @s[tag=aj.dino.bone.tail_4] run data modify entity @s {} merge value {transformation:[1.6216769960479158f,-0.37858631603577897f,2.2028384991640824f,0.8170435245695657f,0.21546321795728668f,2.735363178126121f,0.3114887109659998f,0.3902647513835739f,-2.2247248490086355f,-0.011046115255005403f,1.6358907852119202f,-1.0574823636559063f,0f,0f,0f,1f],start_interpolation:0}
execute if entity @s[tag=aj.dino.bone.tail_3] run data modify entity @s {} merge value {transformation:[0.0019743735005330093f,-0.08481518874114224f,2.0805643493178794f,0.46508667957266625f,-0.07603189712892204f,2.079174939486823f,0.08483070006422971f,0.35553424042911325f,-2.080903836921039f,-0.07604919995118108f,-0.001125485907448905f,-1.0565473217123487f,0f,0f,0f,1f],start_interpolation:0}
execute if entity @s[tag=aj.dino.bone.tail_2] run data modify entity @s {} merge value {transformation:[-0.8733937372732729f,0.4968052952523596f,1.6760494483468615f,0.1529851374671095f,-0.03446535207419049f,1.8683347868413231f,-0.5717614352050743f,0.46224253285725836f,-1.7477898598518655f,-0.2851026094068239f,-0.8262693162106365f,-0.9043058959717063f,0f,0f,0f,1f],start_interpolation:0}
execute if entity @s[tag=aj.dino.bone.tail_1] run data modify entity @s {} merge value {transformation:[-1.1452349160659978f,0.49332103366471963f,0.8559950903873692f,-0.03615167037453525f,0.11048721472468216f,1.3661819986547463f,-0.6395276162403822f,0.5830560206778553f,-0.9817768648759704f,-0.4217076644972157f,-1.0704826403536933f,-0.667857072589302f,0f,0f,0f,1f],start_interpolation:0}
execute if entity @s[tag=aj.dino.bone.tail_0] run data modify entity @s {} merge value {transformation:[-1.2582089178845057f,0.008654457324857692f,0.22510250089312858f,-0.10172300553258176f,-0.06208126978105506f,1.2144896400008682f,-0.3936960081801203f,0.7274109430512882f,-0.21654549517895902f,-0.39846672544015727f,-1.1950598452875594f,-0.3282485219123018f,0f,0f,0f,1f],start_interpolation:0}
execute if entity @s[tag=aj.dino.bone.body_1] run data modify entity @s {} merge value {transformation:[-1.1574581365043581f,-0.1146835553801632f,-0.41921705526072506f,0.003463838826039628f,-0.21969803445095212f,1.1833542254099763f,0.2828606475262923f,0.5819425f,0.37500404125088704f,0.33930083169065495f,-1.1282072104519554f,-0.08881046800870748f,0f,0f,0f,1f],start_interpolation:0}