execute if entity @s[tag=aj.dino.bone.head_lower] run data modify entity @s {} merge value {transformation:[-0.9550943468117965f,0.27024316398417075f,-0.12150481886728694f,0.23193160923401757f,0.17936805159249397f,0.8537218772061658f,0.48886200348103603f,0.8906075409035851f,0.23584293662533132f,0.44511525327650225f,-0.8638579284491954f,0.8038321122969934f,0f,0f,0f,1f],start_interpolation:0}
execute if entity @s[tag=aj.dino.bone.head_upper] run data modify entity @s {} merge value {transformation:[-0.9941573076404212f,0.12877893656880957f,-0.28024841791678745f,0.21519510374339593f,0.18670413016593884f,1.0041161919778676f,-0.20090839547005832f,0.899362567389717f,0.24548881446541712f,-0.24215408542409464f,-0.9821245254387507f,0.7307657357138728f,0f,0f,0f,1f],start_interpolation:0}
execute if entity @s[tag=aj.dino.bone.neck_0] run data modify entity @s {} merge value {transformation:[-0.9574499663125757f,0.02321872627109907f,-0.2876637842315145f,0.1965267166432638f,0.17520882939011384f,0.8388139656986452f,-0.5154541658117215f,0.8523601967592987f,0.22932821045783608f,-0.5439228085852437f,-0.8071905290505748f,0.687326067983821f,0f,0f,0f,1f],start_interpolation:0}
execute if entity @s[tag=aj.dino.bone.neck_1] run data modify entity @s {} merge value {transformation:[-0.9595571669894064f,0.11509488592308545f,-0.25691089995096794f,0.17529321921444188f,0.17345664030761565f,0.9605122966560241f,-0.2175521130804386f,0.8383556374965586f,0.22172694291055106f,-0.25331659086392555f,-0.9416304304665498f,0.6063906137543682f,0f,0f,0f,1f],start_interpolation:0}
execute if entity @s[tag=aj.dino.bone.neck_2] run data modify entity @s {} merge value {transformation:[-0.9595571669894064f,0.1712402192728447f,-0.22344312605818148f,0.15739447432011794f,0.17345664030761565f,0.9847925333798936f,0.009821411935427515f,0.8488578012398141f,0.22172694291055106f,-0.02933348773328842f,-0.9746674865229386f,0.5207152387504711f,0f,0f,0f,1f],start_interpolation:0}
execute if entity @s[tag=aj.dino.bone.body_0] run data modify entity @s {} merge value {transformation:[-0.9595571669894064f,0.10337836419862806f,-0.26184529229084896f,0.03497257812523412f,0.17345664030761565f,0.9497106817005554f,-0.26069602029386735f,0.7350399258669404f,0.22172694291055106f,-0.2955715393597325f,-0.9292333549265542f,0.07995535482184143f,0f,0f,0f,1f],start_interpolation:0}
execute if entity @s[tag=aj.dino.bone.leg_left_3] run data modify entity @s {} merge value {transformation:[-0.9841423498660296f,-0.0252740075575442f,-0.17557066879792424f,0.3554027227319507f,-0.022044298331635754f,0.9995504349673722f,-0.020321832289507735f,0.040028476580163924f,0.17600535250734578f,-0.016129243581713526f,-0.9842570616410362f,-0.07602838156889681f,0f,0f,0f,1f],start_interpolation:0}
execute if entity @s[tag=aj.dino.bone.leg_left_2] run data modify entity @s {} merge value {transformation:[-1.003011109198895f,-0.13193789088905228f,-0.16918424061373188f,0.3178635914425488f,-0.06456086071360395f,0.9569461115879471f,-0.36352198596690266f,0.25175660982170883f,0.20460403121203458f,-0.3448314544312209f,-0.9440819127317969f,-0.1852670344446224f,0f,0f,0f,1f],start_interpolation:0}
execute if entity @s[tag=aj.dino.bone.leg_left_1] run data modify entity @s {} merge value {transformation:[-0.9802375974037012f,0.01927021312481049f,0.1968829894184453f,0.33217881510764874f,0.1348273424171214f,0.7933675912685012f,0.593623999566689f,0.43312102999378865f,-0.1447613220890013f,0.608437773326854f,-0.7802868931464273f,0.024292997829733376f,0f,0f,0f,1f],start_interpolation:0}
execute if entity @s[tag=aj.dino.bone.leg_left_0] run data modify entity @s {} merge value {transformation:[-0.9888299487330211f,0.11962885326876334f,0.08890596129760657f,0.25693466961916317f,0.08035144477788685f,0.9302480581222297f,-0.3580254120616676f,0.8368550713363119f,-0.1255347673386024f,-0.3468825274144281f,-0.9294694908192639f,-0.050836363909831914f,0f,0f,0f,1f],start_interpolation:0}
execute if entity @s[tag=aj.dino.bone.leg_right_3] run data modify entity @s {} merge value {transformation:[-0.9568452528476429f,0.2603861703545601f,0.12902017048127173f,-0.31182866292766637f,0.28907600603504474f,0.8982571611499358f,0.3310122885599323f,0.4404969134739851f,-0.02970226990916852f,0.354024172523492f,-0.9347644946355733f,-0.12222422443289806f,0f,0f,0f,1f],start_interpolation:0}
execute if entity @s[tag=aj.dino.bone.leg_right_2] run data modify entity @s {} merge value {transformation:[-0.9744038311366067f,0.31796391385395206f,0.038708175540499185f,-0.2350038113230099f,0.3168851032364598f,0.938835110345134f,0.26501823792099943f,0.6670366565042358f,0.04672477623077122f,0.2637229314462623f,-0.9901157559680928f,-0.09142229154345036f,0f,0f,0f,1f],start_interpolation:0}
execute if entity @s[tag=aj.dino.bone.leg_right_1] run data modify entity @s {} merge value {transformation:[-0.9964789274065339f,0.06597507753137133f,-0.051740084841960125f,-0.23418184504284056f,-0.05945914778729211f,-0.12098489641181942f,0.9908719718432999f,0.5804325412203318f,0.05911308636108127f,0.990459461050754f,0.1244817216940563f,0.17222982251424515f,0f,0f,0f,1f],start_interpolation:0}
execute if entity @s[tag=aj.dino.bone.leg_right_0] run data modify entity @s {} merge value {transformation:[-0.9996397480192254f,-0.026403354776657756f,-0.004820480950830323f,-0.12792250648400513f,-0.015226039536924932f,0.7057730870875719f,-0.7082743234530662f,0.9169703667432747f,0.022102983963242943f,-0.7079457693915662f,-0.7059208494587081f,-0.050836363909831955f,0f,0f,0f,1f],start_interpolation:0}
execute if entity @s[tag=aj.dino.bone.tail_4] run data modify entity @s {} merge value {transformation:[-2.6881247826203465f,-0.10158305458471277f,0.6239610305808774f,0.30092695126339686f,0.6269470428346937f,-0.07854282072942363f,2.6882019571439746f,1.9348153629601919f,-0.0811411741543342f,2.7584729906114913f,0.09951985492227822f,-1.332047481378011f,0f,0f,0f,1f],start_interpolation:0}
execute if entity @s[tag=aj.dino.bone.tail_3] run data modify entity @s {} merge value {transformation:[-2.026994529711987f,0.13086247819068633f,0.4583816252468194f,0.22192177463005563f,0.47275269156450955f,0.8088468306916644f,1.859628248640842f,1.6115759316953402f,-0.06118492608997019f,1.914311192655543f,-0.8170768559551309f,-1.212234478847086f,0f,0f,0f,1f],start_interpolation:0}
execute if entity @s[tag=aj.dino.bone.tail_2] run data modify entity @s {} merge value {transformation:[-1.912246256533563f,0.23844503274785459f,0.32439496872489426f,0.16026019622072993f,0.40108140906010864f,1.2649779838060824f,1.434481885140078f,1.3455064651566104f,-0.0349547233218686f,1.470288591347478f,-1.2867802844595178f,-0.9727008221451374f,0f,0f,0f,1f],start_interpolation:0}
execute if entity @s[tag=aj.dino.bone.tail_1] run data modify entity @s {} merge value {transformation:[-1.4824239554820986f,0.2143351856917572f,0.21008544544372537f,0.11384839225750801f,0.30006987938000546f,1.0789058537638592f,1.0166496329625792f,1.1132596191070803f,-0.005790829101045981f,1.0381131137253583f,-1.0999744903450102f,-0.7486829122545364f,0f,0f,0f,1f],start_interpolation:0}
execute if entity @s[tag=aj.dino.bone.tail_0] run data modify entity @s {} merge value {transformation:[-1.251348659404307f,0.23448842357391486f,0.11391851649706276f,0.08621737738970822f,0.26069534406668354f,1.1264771918765355f,0.5449062216087607f,0.9812092576370777f,-0.00043217244794634975f,0.5566866551084216f,-1.150623960221236f,-0.3990100074509209f,0f,0f,0f,1f],start_interpolation:0}
execute if entity @s[tag=aj.dino.bone.body_1] run data modify entity @s {} merge value {transformation:[-1.2104192992393528f,0.2395636734717807f,0.07809584776330987f,0.05192487326272869f,0.25197165532091903f,1.1508139413443146f,0.37515617065250373f,0.8164752173670526f,-1.4850170650986369e-16f,0.3831985305510977f,-1.1754843602701526f,-0.1515375f,0f,0f,0f,1f],start_interpolation:0}