execute if entity @s[tag=aj.dino.bone.head_lower] run data modify entity @s {} merge value {transformation:[-0.9999684454245269f,-0.007923929147210993f,0.000565245190104563f,0.00031479487682831023f,-0.007944064152243248f,0.9974339279162528f,-0.07115090502797866f,0.25724982356926585f,-1.2246081559375016e-16f,-0.0711531502354279f,-0.9974654025135785f,0.8026755366855276f,0f,0f,0f,1f],start_interpolation:0}
execute if entity @s[tag=aj.dino.bone.head_upper] run data modify entity @s {} merge value {transformation:[-1.0408667381888712f,-0.006248262826533828f,-0.005416191209466716f,-0.0005220009701439689f,-0.008268973066043267f,0.7865074533025361f,0.681769457050915f,0.3219074638388918f,-1.2746941192619472e-16f,0.6817909706755562f,-0.786532271994475f,0.7637635100193283f,0f,0f,0f,1f],start_interpolation:0}
execute if entity @s[tag=aj.dino.bone.neck_0] run data modify entity @s {} merge value {transformation:[-0.9999684454245269f,-0.00794304056888434f,-0.00012752166880096558f,-0.00007820151478990853f,-0.007944064152243248f,0.9998396006618769f,0.016051940475953624f,0.306718707915191f,-1.2246081559375016e-16f,0.016052447004104048f,-0.9998711511715801f,0.6988494053129506f,0f,0f,0f,1f],start_interpolation:0}
execute if entity @s[tag=aj.dino.bone.neck_1] run data modify entity @s {} merge value {transformation:[-0.9999684454245269f,-0.0077271580510294025f,-0.0018436875302956688f,-0.00026998409825112286f,-0.007944064152243248f,0.9726651340870063f,0.23207634256048393f,0.3308595668216572f,-1.2246081559375016e-16f,0.23208366586203438f,-0.9726958270908947f,0.6175184825637895f,0f,0f,0f,1f],start_interpolation:0}
execute if entity @s[tag=aj.dino.bone.neck_2] run data modify entity @s {} merge value {transformation:[-0.9999684454245269f,-0.007480513937444578f,-0.002673960823694633f,-0.0005774820278817443f,-0.007944064152243248f,0.9416185153654172f,0.33658797269922275f,0.3695662314169039f,-1.2246081559375016e-16f,0.33659859392495883f,-0.9416482286755181f,0.5383185459787455f,0f,0f,0f,1f],start_interpolation:0}
execute if entity @s[tag=aj.dino.bone.body_0] run data modify entity @s {} merge value {transformation:[-0.9999684454245269f,-0.007673376730348959f,-0.0020560750981166455f,-0.0016196010164199878f,-0.007944064152243248f,0.9658953469096813f,0.2588108781774282f,0.500744188309631f,-1.2246081559375016e-16f,0.25881904510252074f,-0.9659258262890683f,0.0855469011989641f,0f,0f,0f,1f],start_interpolation:0}
execute if entity @s[tag=aj.dino.bone.leg_left_3] run data modify entity @s {} merge value {transformation:[-0.998029772842816f,-0.06086732018045368f,0.015223069774765853f,0.22667288621335635f,-0.05849365829823399f,0.9904112157456318f,0.12515636485672404f,0.0710064606156385f,-0.02269503157536243f,0.12401932534613369f,-0.9920202328997546f,-0.24327499167918476f,0f,0f,0f,1f],start_interpolation:0}
execute if entity @s[tag=aj.dino.bone.leg_left_2] run data modify entity @s {} merge value {transformation:[-1.0237006619336293f,-0.06217689698590565f,0.015270485864816056f,0.21106332123692723f,-0.05850046805210629f,1.0077879657985642f,0.18166813350164368f,0.31144397488662634f,-0.026016331313772217f,0.1804429244206895f,-1.0093689617935435f,-0.2324483911762193f,0f,0f,0f,1f],start_interpolation:0}
execute if entity @s[tag=aj.dino.bone.leg_left_1] run data modify entity @s {} merge value {transformation:[-0.9412647363051341f,-0.07238955595414935f,0.3298188114361998f,0.19265086363375225f,0.33575428297591986f,-0.0967604086003701f,0.9369666401696568f,0.22877724227108426f,-0.035913196067077546f,0.9926717360317309f,0.11538226394033524f,0.031825289661368786f,0f,0f,0f,1f],start_interpolation:0}
execute if entity @s[tag=aj.dino.bone.leg_left_0] run data modify entity @s {} merge value {transformation:[-0.958466915186436f,0.265122178041077f,-0.10512565435588318f,0.19385799289824918f,0.28491254620013384f,0.8734182055043678f,-0.3949246501692272f,0.6369873350263785f,-0.012884623034987941f,-0.4084738290322715f,-0.9126790878972526f,-0.05575519661329141f,0f,0f,0f,1f],start_interpolation:0}
execute if entity @s[tag=aj.dino.bone.leg_right_3] run data modify entity @s {} merge value {transformation:[-0.9984504748052127f,0.0389749697044271f,0.03971902689876401f,-0.2146350391969917f,0.04099932829333529f,0.9978312776281322f,0.051495596573948865f,0.04655084826341849f,-0.03762584804015876f,0.053044256272951174f,-0.9978830605014348f,-0.12625730085995357f,0f,0f,0f,1f],start_interpolation:0}
execute if entity @s[tag=aj.dino.bone.leg_right_2] run data modify entity @s {} merge value {transformation:[-1.0242481909771566f,0.045159452523978065f,0.030634402694543306f,-0.20157269972119635f,0.041406808136057814f,1.0182134561008305f,-0.11657201017346394f,0.2802280916228499f,-0.03554319935937989f,-0.1151702268975493f,-1.0185944724552372f,-0.18452730420105423f,0f,0f,0f,1f],start_interpolation:0}
execute if entity @s[tag=aj.dino.bone.leg_right_1] run data modify entity @s {} merge value {transformation:[-0.9369544609916511f,0.020643649692938193f,-0.34884119274420555f,-0.19612327019218498f,-0.3466952443404995f,0.0702168640123505f,0.9353459250779648f,0.24279192650352016f,0.04380348821185264f,0.9973181196266454f,-0.058632948798843065f,0.09039490828591878f,0f,0f,0f,1f],start_interpolation:0}
execute if entity @s[tag=aj.dino.bone.leg_right_0] run data modify entity @s {} merge value {transformation:[-0.9538193567780214f,-0.2587739863028396f,0.15252756684776486f,-0.19923710276147305f,-0.3001043503930055f,0.7991652249132242f,-0.5208380959228963f,0.6338644638276506f,0.012884623034987691f,-0.5425596440045406f,-0.8399184598441165f,-0.05575519661329145f,0f,0f,0f,1f],start_interpolation:0}
execute if entity @s[tag=aj.dino.bone.tail_4] run data modify entity @s {} merge value {transformation:[-2.7570850362221933f,-0.1241822565907616f,0.09339272877313776f,0.02010499849953392f,-0.11978094934145735f,2.7558749714575894f,0.12832379930663945f,0.5574642677607334f,-0.09897453619252712f,0.12406949843397334f,-2.7568953792887783f,-1.816126188396837f,0f,0f,0f,1f],start_interpolation:0}
execute if entity @s[tag=aj.dino.bone.tail_3] run data modify entity @s {} merge value {transformation:[-2.080088488802462f,-0.07313922042152445f,0.06187131186637673f,0.010329635098130284f,-0.07954280506291375f,2.0680805222344336f,-0.2294807655593831f,0.5761379338527032f,-0.05338864072682587f,-0.23160123927805062f,-2.0686846171059177f,-1.4630873238226632f,0f,0f,0f,1f],start_interpolation:0}
execute if entity @s[tag=aj.dino.bone.tail_2] run data modify entity @s {} merge value {transformation:[-1.9534642957311796f,-0.04245948012409509f,0.03079468872800228f,0.003150386964473386f,-0.048332510628647546f,1.902823886484418f,-0.44237891048674904f,0.658792250304416f,-0.020373726281528587f,-0.44298117857839403f,-1.903188498731925f,-1.1094092126293407f,0f,0f,0f,1f],start_interpolation:0}
execute if entity @s[tag=aj.dino.bone.tail_1] run data modify entity @s {} merge value {transformation:[-1.51224455929493f,-0.011281160362507167f,0.02540429695462503f,-0.0007336778133225246f,-0.014684692765406905f,1.4979237490278734f,-0.20896184315962277f,0.6854619665127659f,-0.023600904246849935f,-0.20917319981096186f,-1.497780297573571f,-0.7845241294429991f,0f,0f,0f,1f],start_interpolation:0}
execute if entity @s[tag=aj.dino.bone.tail_0] run data modify entity @s {} merge value {transformation:[-1.2781545258402234f,-0.009561661717786003f,0.008080797199291646f,-0.0033258145000121192f,-0.00954472254689407f,1.278177331546088f,0.0027062847692964575f,0.7155158230865561f,-0.008100798089340708f,0.002645813852926846f,-1.2781874249590313f,-0.41094420782886737f,0f,0f,0f,1f],start_interpolation:0}
execute if entity @s[tag=aj.dino.bone.body_1] run data modify entity @s {} merge value {transformation:[-1.2363284869484088f,-0.009540310771798243f,-0.0023344991937800613f,-0.0021404685053407835f,-0.009821782735748606f,1.2008978714815652f,0.2938578396286f,0.5663089978562981f,-1.514065724236059e-16f,0.29386711248057984f,-1.2009357664998475f,-0.1515375f,0f,0f,0f,1f],start_interpolation:0}