execute if entity @s[tag=aj.dino.bone.head_lower] run data modify entity @s {} merge value {transformation:[-1f,-6.728233089486296e-17f,1.0232636891814714e-16f,-9.990923019453923e-17f,0f,0.8355582114728157f,0.5494019250424493f,0.3572211969377285f,-1.2246467991473532e-16f,0.5494019250424493f,-0.8355582114728157f,0.8158389025918431f,0f,0f,0f,1f],start_interpolation:0}
execute if entity @s[tag=aj.dino.bone.head_upper] run data modify entity @s {} merge value {transformation:[-1.0408995833333334f,-8.665945071779643e-17f,9.348591365859581e-17f,-0.0003231250000000954f,0f,0.763370416055342f,0.7076281159443859f,0.42314449589642916f,-1.2747343429629804e-16f,0.7076281159443859f,-0.763370416055342f,0.7791037595210312f,0f,0f,0f,1f],start_interpolation:0}
execute if entity @s[tag=aj.dino.bone.neck_0] run data modify entity @s {} merge value {transformation:[-1f,-2.819946972549306e-18f,1.2243220869399765e-16f,-8.745022332879977e-17f,0f,0.999734852361021f,0.023026614486010732f,0.4084058688073292f,-1.2246467991473532e-16f,0.023026614486010732f,-0.999734852361021f,0.7140852643365092f,0f,0f,0f,1f],start_interpolation:0}
execute if entity @s[tag=aj.dino.bone.neck_1] run data modify entity @s {} merge value {transformation:[-1f,-2.403723556909986e-17f,1.2008250968735698e-16f,-7.738839521495338e-17f,0f,0.9805481039183139f,0.19627892373405553f,0.4295505323547164f,-1.2246467991473532e-16f,0.19627892373405553f,-0.9805481039183139f,0.6319242027075415f,0f,0f,0f,1f],start_interpolation:0}
execute if entity @s[tag=aj.dino.bone.neck_2] run data modify entity @s {} merge value {transformation:[-1f,-1.9472829765967e-17f,1.2090660332473265e-16f,-6.698672113810928e-17f,0f,0.9872773391390277f,0.1590077218960172f,0.45314686354922984f,-1.2246467991473532e-16f,0.1590077218960172f,-0.9872773391390277f,0.5469880881961072f,0f,0f,0f,1f],start_interpolation:0}
execute if entity @s[tag=aj.dino.bone.body_0] run data modify entity @s {} merge value {transformation:[-1f,-9.970960998888075e-18f,1.2205809175706964e-16f,-9.556186078062112e-18f,0f,0.9966799557394934f,0.08141907532710857f,0.5010139908577269f,-1.2246467991473532e-16f,0.08141907532710857f,-0.9966799557394934f,0.07803218107225288f,0f,0f,0f,1f],start_interpolation:0}
execute if entity @s[tag=aj.dino.bone.leg_left_3] run data modify entity @s {} merge value {transformation:[-0.9915288139500418f,-0.11474157860603319f,0.06086855711957767f,0.25008787125096643f,-0.02235793629640791f,0.6124065916800328f,0.7902267327491597f,0.18731958669547782f,-0.12794816837840833f,0.7821716797518568f,-0.6097841664087131f,-0.40029815695264026f,0f,0f,0f,1f],start_interpolation:0}
execute if entity @s[tag=aj.dino.bone.leg_left_2] run data modify entity @s {} merge value {transformation:[-1.0168049476907692f,-0.08740631568684318f,0.10261595309852505f,0.23130742943758728f,-0.02053463522807944f,0.872163391886734f,0.5394177843836554f,0.40725817569454825f,-0.1332224703581062f,0.5326850414000507f,-0.8663490171755283f,-0.30311079079629305f,0f,0f,0f,1f],start_interpolation:0}
execute if entity @s[tag=aj.dino.bone.leg_left_1] run data modify entity @s {} merge value {transformation:[-0.937621674407924f,-0.15872351570916965f,0.3093096203505509f,0.19045590963633524f,0.3475036985535392f,-0.45432752809527355f,0.8202607370260077f,0.2334072771857144f,0.010333207250990755f,0.8765804827714104f,0.48114434637866066f,-0.0906951508886707f,0f,0f,0f,1f],start_interpolation:0}
execute if entity @s[tag=aj.dino.bone.leg_left_0] run data modify entity @s {} merge value {transformation:[-0.9561733076250295f,0.2891896703733113f,-0.04584692284969849f,0.19655375000000003f,0.2923815910737635f,0.9514062558254068f,-0.09663923415184544f,0.6488241838218534f,0.015671980940046557f,-0.10580865241395065f,-0.9942630024735701f,-0.04947757468368509f,0f,0f,0f,1f],start_interpolation:0}
execute if entity @s[tag=aj.dino.bone.leg_right_3] run data modify entity @s {} merge value {transformation:[-0.974562901799832f,-0.03186430837097594f,0.2218373644982527f,-0.20554315914605875f,-0.02199433328608071f,0.998661096464132f,0.04682161586659339f,0.03676645265710579f,-0.22303228407293882f,0.040751444895823885f,-0.9739588903029281f,0.08020825779968696f,0f,0f,0f,1f],start_interpolation:0}
execute if entity @s[tag=aj.dino.bone.leg_right_2] run data modify entity @s {} merge value {transformation:[-1.000293872249907f,0.10900739291604186f,0.19897677484980086f,-0.17243258635038777f,-0.021721961391682875f,0.8494081322265806f,-0.5745399731971178f,0.2170400953612272f,-0.22583738626117447f,-0.5645222871576413f,-0.8260594783486972f,-0.07655964638144638f,0f,0f,0f,1f],start_interpolation:0}
execute if entity @s[tag=aj.dino.bone.leg_right_1] run data modify entity @s {} merge value {transformation:[-0.9434786618697597f,-0.1498040067649129f,-0.2956463667181209f,-0.21623964622164923f,-0.3303431757024712f,0.4973272698795372f,0.8022088087904371f,0.30302323536650233f,0.026858906590812172f,0.8545316531242971f,-0.5187043984249626f,0.1836349477208036f,0f,0f,0f,1f],start_interpolation:0}
execute if entity @s[tag=aj.dino.bone.leg_right_0] run data modify entity @s {} merge value {transformation:[-0.9561733076250296f,-0.18617008399122975f,0.22599403888622607f,-0.19655374999999997f,-0.2923815910737634f,0.6483982808539988f,-0.7029172601286396f,0.6488241838218534f,-0.015671980940046806f,-0.7381872182666654f,-0.6744138342302428f,-0.04947757468368513f,0f,0f,0f,1f],start_interpolation:0}
execute if entity @s[tag=aj.dino.bone.tail_4] run data modify entity @s {} merge value {transformation:[-2.7499083782519795f,-0.1915050112816742f,0.16428960245120125f,0.04008394803617159f,-0.15516985279292678f,2.7013573478173227f,0.5515905435897023f,0.7763504248707783f,-0.19896622729445657f,0.5400515175863944f,-2.7008180483603192f,-1.8080512715866457f,0f,0f,0f,1f],start_interpolation:0}
execute if entity @s[tag=aj.dino.bone.tail_3] run data modify entity @s {} merge value {transformation:[-2.076881265066493f,-0.10462984976162693f,0.10752828185695144f,0.0228750102681061f,-0.10265586145115019f,2.079366107205804f,0.040544942445995304f,0.7491272711406276f,-0.10941440019472244f,0.03513848014764147f,-2.0791198383660783f,-1.4558532366735515f,0f,0f,0f,1f],start_interpolation:0}
execute if entity @s[tag=aj.dino.bone.tail_2] run data modify entity @s {} merge value {transformation:[-1.9529011545802013f,-0.04948086071845019f,0.05002599189075996f,0.012119450534359234f,-0.05499118609438719f,1.9400654866583493f,-0.22780639133222988f,0.791896962958852f,-0.04389675265922896f,-0.22906642465110832f,-1.940199866819475f,-1.095261285341123f,0f,0f,0f,1f],start_interpolation:0}
execute if entity @s[tag=aj.dino.bone.tail_1] run data modify entity @s {} merge value {transformation:[-1.5118855517318068f,0.0007887412116701926f,0.043101117757099655f,0.004279342300163516f,0.000016707239681558662f,1.512257416398573f,-0.027087935845730195f,0.7792401839043787f,-0.043108330812947286f,-0.02707645535913558f,-1.5116430753917098f,-0.7696003947729271f,0f,0f,0f,1f],start_interpolation:0}
execute if entity @s[tag=aj.dino.bone.tail_0] run data modify entity @s {} merge value {transformation:[-1.2781310960277925f,0.000695376588217485f,0.014701510202101177f,4.839499937878106e-17f,0.002528442430086003f,1.2681806081462235f,0.1598351296955097f,0.763136101233357f,-0.014499135481112894f,0.15985361477709292f,-1.2680979116365678f,-0.39517515917630736f,0f,0f,0f,1f],start_interpolation:0}
execute if entity @s[tag=aj.dino.bone.body_1] run data modify entity @s {} merge value {transformation:[-1.2363675f,-5.014407541804428e-17f,1.4286696137681474e-16f,1.8557991432579204e-17f,0f,1.1665972709542398f,0.4094574488983807f,0.589364375f,-1.5141135014448153e-16f,0.4094574488983807f,-1.1665972709542398f,-0.1515375f,0f,0f,0f,1f],start_interpolation:0}