execute if entity @s[tag=aj.dino.bone.head_lower] run data modify entity @s {} merge value {transformation:[-0.8206377487286924f,-0.36369897143200874f,0.4407683558750587f,0.22452791693302637f,-0.4433427525078809f,0.8918722664863042f,-0.08950454776891674f,0.5525842939529648f,-0.3605563605876883f,-0.2688622666940852f,-0.8931473520018293f,0.8451340743541816f,0f,0f,0f,1f],start_interpolation:0}
execute if entity @s[tag=aj.dino.bone.head_upper] run data modify entity @s {} merge value {transformation:[-0.8542014907193007f,-0.4782682153000883f,0.3536541673303171f,0.23790334859314993f,-0.4614752863593064f,0.9233324617299694f,0.13405098947332472f,0.58241534724102f,-0.3753029655039079f,-0.04678270976386251f,-0.9697582197303768f,0.7771144993817707f,0f,0f,0f,1f],start_interpolation:0}
execute if entity @s[tag=aj.dino.bone.neck_0] run data modify entity @s {} merge value {transformation:[-0.8938538018196536f,-0.3330276379845538f,0.3001965577933574f,0.2630091103896378f,-0.4410077707956205f,0.7737863982365805f,-0.4547161268329256f,0.5405950464303271f,-0.08085497554528737f,-0.5388387534712854f,-0.838519690101003f,0.7316667335508956f,0f,0f,0f,1f],start_interpolation:0}
execute if entity @s[tag=aj.dino.bone.neck_1] run data modify entity @s {} merge value {transformation:[-0.9465260551657141f,-0.2294349948115287f,-0.2268215378844467f,0.24273737075641807f,-0.165274931721065f,0.9486122143387128f,-0.26985007643504766f,0.522105341068957f,0.2770787321990431f,-0.21793221414751307f,-0.9358060302219329f,0.6513876938679005f,0f,0f,0f,1f],start_interpolation:0}
execute if entity @s[tag=aj.dino.bone.neck_2] run data modify entity @s {} merge value {transformation:[-0.8991768383895521f,-0.2833182484360879f,-0.33348430758714337f,0.2107477815533828f,-0.31320051713406905f,0.9489137226633135f,0.038316876284525625f,0.5347526452240041f,0.3055919654878397f,0.13890110526687371f,-0.9419766629725598f,0.5702234020002854f,0f,0f,0f,1f],start_interpolation:0}
execute if entity @s[tag=aj.dino.bone.body_0] run data modify entity @s {} merge value {transformation:[-0.9006636389033741f,-0.30998072248935576f,-0.3044945996931794f,0.06428766471512201f,-0.3170288383842001f,0.9480210846116213f,-0.027363091283146984f,0.5308876087711307f,0.29714933146500144f,0.07188862786826639f,-0.9521209481957218f,0.12217719861042753f,0f,0f,0f,1f],start_interpolation:0}
execute if entity @s[tag=aj.dino.bone.leg_left_3] run data modify entity @s {} merge value {transformation:[-0.8174238066568387f,-0.042830545043985375f,-0.5744422205251616f,0.3799641183847302f,-0.17010967536894808f,0.9707052764340751f,0.16968784472942677f,0.15811372590285228f,0.5503462715931801f,0.23642506363387553f,-0.800763492317928f,-0.1289962135542146f,0f,0f,0f,1f],start_interpolation:0}
execute if entity @s[tag=aj.dino.bone.leg_left_2] run data modify entity @s {} merge value {transformation:[-0.8350652852347938f,-0.15422632520371193f,-0.5752759420578837f,0.32494008040912864f,-0.33680292082647173f,0.9393762578736916f,0.23706167587080046f,0.38388472657810196f,0.49121478135249985f,0.3819014090810268f,-0.8154272204332138f,-0.06441384316591403f,0f,0f,0f,1f],start_interpolation:0}
execute if entity @s[tag=aj.dino.bone.leg_left_1] run data modify entity @s {} merge value {transformation:[-0.9468966735631243f,0.3023028707097446f,-0.10954297766510313f,0.43173411122987804f,0.01100451489965823f,0.37095330390090286f,0.9285863163846582f,0.43519324914282603f,0.3213496386288819f,0.8780698267709992f,-0.3545811459559506f,0.1865360644910678f,0f,0f,0f,1f],start_interpolation:0}
execute if entity @s[tag=aj.dino.bone.leg_left_0] run data modify entity @s {} merge value {transformation:[-0.9291593198741377f,-0.33338765761819716f,-0.15973612001949147f,0.20580021962749773f,-0.017272341902968325f,0.47077235635886105f,-0.8820856277558958f,0.6898327071354186f,0.3692758108734129f,-0.8168390650771898f,-0.44318090805855576f,-0.05516602822452219f,0f,0f,0f,1f],start_interpolation:0}
execute if entity @s[tag=aj.dino.bone.leg_right_3] run data modify entity @s {} merge value {transformation:[-0.9837786880808171f,0.05237783049309629f,0.17156939048333378f,-0.30965241236466234f,0.05290114607373361f,0.9985985916804293f,-0.0015236265778902636f,0.005920932299517401f,-0.1714087559667581f,0.007577306031818526f,-0.9851708597046647f,0.07530410415208402f,0f,0f,0f,1f],start_interpolation:0}
execute if entity @s[tag=aj.dino.bone.leg_right_2] run data modify entity @s {} merge value {transformation:[-0.9999470203565214f,0.22756847781507392f,0.019512659627509105f,-0.2544522059243336f,0.2213779649631384f,0.9872122390180522f,-0.16871867490718997f,0.23048106811190727f,-0.05621345576984431f,-0.16027096598756976f,-1.0115411332973647f,0.006771231172165049f,0f,0f,0f,1f],start_interpolation:0}
execute if entity @s[tag=aj.dino.bone.leg_right_1] run data modify entity @s {} merge value {transformation:[-0.9789027962884127f,0.10480568495748763f,-0.17539978283714652f,-0.236172690768874f,-0.10975257062920962f,0.4543717520807792f,0.8840252734799631f,0.3048484975849634f,0.17234758094910033f,0.8846253892533466f,-0.4332830853257005f,0.2735084247148298f,0f,0f,0f,1f],start_interpolation:0}
execute if entity @s[tag=aj.dino.bone.leg_right_0] run data modify entity @s {} merge value {transformation:[-0.988900696110719f,-0.14298283750048024f,-0.04038962010277647f,-0.17403938569908073f,-0.06929447891057915f,0.6843058273708371f,-0.7258951782584214f,0.6406788685496201f,0.1314294047169303f,-0.7150394694047492f,-0.6866184302573941f,0.03337368565507162f,0f,0f,0f,1f],start_interpolation:0}
execute if entity @s[tag=aj.dino.bone.tail_4] run data modify entity @s {} merge value {transformation:[-1.547256067106333f,-0.06556852372623516f,2.2863422235306343f,0.5235457208540376f,0.6990329128703795f,2.614700339307595f,0.5480478573525344f,0.5390772558344329f,-2.1778459498152283f,0.8858353322831015f,-1.4484281530515388f,-1.574218050163858f,0f,0f,0f,1f],start_interpolation:0}
execute if entity @s[tag=aj.dino.bone.tail_3] run data modify entity @s {} merge value {transformation:[-1.6588134928200777f,0.21171734224177996f,1.24074940623664f,0.31108865196257857f,0.4338930946326726f,2.0229945828589537f,0.23489407442048402f,0.47945131094499444f,-1.1815329468586901f,0.4456615428347506f,-1.6556905540498845f,-1.2978352648662619f,0f,0f,0f,1f],start_interpolation:0}
execute if entity @s[tag=aj.dino.bone.tail_2] run data modify entity @s {} merge value {transformation:[-1.7312704472282692f,0.4743066771984623f,0.7723403974425772f,0.16634494234439579f,0.3603020656497378f,1.888153942940913f,-0.3518962691589565f,0.5455837740382725f,-0.8316603483666494f,-0.16935683843416044f,-1.7602366889804975f,-0.9712663750124917f,0f,0f,0f,1f],start_interpolation:0}
execute if entity @s[tag=aj.dino.bone.tail_1] run data modify entity @s {} merge value {transformation:[-1.2633954439973032f,0.38110923560949056f,0.739083183829809f,0.0038508329630164567f,0.14464582517110988f,1.4245255072607557f,-0.48729961463565336f,0.6328936710280394f,-0.8188808138840634f,-0.33636153123779977f,-1.2263569557661165f,-0.7024740326684122f,0f,0f,0f,1f],start_interpolation:0}
execute if entity @s[tag=aj.dino.bone.tail_0] run data modify entity @s {} merge value {transformation:[-1.2494407657898827f,0.010778102660936813f,0.2694760135326497f,-0.0746362265797841f,-0.051001830552075585f,1.2447054271051958f,-0.2862567546787979f,0.7465815071753343f,-0.26482504157793657f,-0.29056487885140286f,-1.2162546876026177f,-0.35406799268452793f,0f,0f,0f,1f],start_interpolation:0}
execute if entity @s[tag=aj.dino.bone.body_1] run data modify entity @s {} merge value {transformation:[-1.1946384722718557f,-0.07790067473554696f,-0.30882843214309613f,0.002409221161370934f,-0.1545943756548203f,1.1899526110708365f,0.29785559836579373f,0.5971825f,0.278467403191312f,0.32641823377025864f,-1.1595307831525827f,-0.10647991251017758f,0f,0f,0f,1f],start_interpolation:0}