execute if entity @s[tag=aj.dino.bone.head_lower] run data modify entity @s {} merge value {transformation:[-0.9845073941624645f,0.16878898659025804f,-0.047491776606770356f,0.42928570735381244f,0.1726508095312819f,0.9804374079292286f,-0.09452082892785157f,0.23052810689488856f,0.03060863942789227f,-0.101255948659073f,-0.994389432794579f,0.7357734359982795f,0f,0f,0f,1f],start_interpolation:0}
execute if entity @s[tag=aj.dino.bone.head_upper] run data modify entity @s {} merge value {transformation:[-1.024773336372295f,0.15648091418263155f,0.09394293555382309f,0.43895750444918546f,0.17971215570327403f,0.7715851995018663f,0.6751531408396574f,0.2944529152096586f,0.0318605200268933f,0.6809125832217672f,-0.7866478906457344f,0.6968436053453894f,0f,0f,0f,1f],start_interpolation:0}
execute if entity @s[tag=aj.dino.bone.neck_0] run data modify entity @s {} merge value {transformation:[-0.9374365880460421f,0.12863946010203087f,-0.3235189835191325f,0.41625300993781295f,0.10177170523458266f,0.9898981348076396f,0.09871272824717849f,0.284735077535302f,0.33294919042736804f,0.05961184453625018f,-0.9410585872222549f,0.6349177963945586f,0f,0f,0f,1f],start_interpolation:0}
execute if entity @s[tag=aj.dino.bone.neck_1] run data modify entity @s {} merge value {transformation:[-0.8975237202096958f,0.10865627589863508f,-0.42736984611550105f,0.3805497406236303f,0.08858244524868716f,0.9938368514656191f,0.0666443025521935f,0.29495920681303944f,0.4319772239999587f,0.02195737636295897f,-0.9016171868196308f,0.558640141833591f,0f,0f,0f,1f],start_interpolation:0}
execute if entity @s[tag=aj.dino.bone.neck_2] run data modify entity @s {} merge value {transformation:[-0.8842187888095148f,0.03369050973533762f,-0.46585629014751717f,0.3400670868314092f,-0.18242593423918863f,0.8932635279923914f,0.41085404716948504f,0.3396987109791907f,0.4299743155505845f,0.44826913691705267f,-0.7836943720956832f,0.49437147214884697f,0f,0f,0f,1f],start_interpolation:0}
execute if entity @s[tag=aj.dino.bone.body_0] run data modify entity @s {} merge value {transformation:[-0.8427383561675814f,-0.01927818406776806f,-0.5379780800952878f,0.08633638629932482f,-0.24588771155309042f,0.902801445958829f,0.3528296791397115f,0.5145863279210052f,0.47888547310515356f,0.4296253027856912f,-0.765565675076382f,0.1376559583972919f,0f,0f,0f,1f],start_interpolation:0}
execute if entity @s[tag=aj.dino.bone.leg_left_3] run data modify entity @s {} merge value {transformation:[-0.17268616997402175f,0.012249978728037736f,-0.9849007182050715f,0.24920949453249208f,-0.032374419233634176f,0.999311806330999f,0.018105543536732882f,0.038525898419165816f,0.984444708289393f,0.035012165723334564f,-0.172170742498177f,-0.2558264523597489f,0f,0f,0f,1f],start_interpolation:0}
execute if entity @s[tag=aj.dino.bone.leg_left_2] run data modify entity @s {} merge value {transformation:[-0.26638242039547494f,0.20522982197714373f,-0.9690115199398678f,0.26668821185542335f,-0.3291656695418148f,0.9280712191182585f,0.2870469887320406f,0.2632183292987519f,0.9342122711675498f,0.38552137673062087f,-0.175165350410375f,-0.16992605648066633f,0f,0f,0f,1f],start_interpolation:0}
execute if entity @s[tag=aj.dino.bone.leg_left_1] run data modify entity @s {} merge value {transformation:[-0.5353713737268544f,0.670082306549619f,-0.5141665047851359f,0.4866603532771647f,-0.043249157663528694f,0.5862094333691322f,0.8090043328625849f,0.3804278912571618f,0.8435087448006785f,0.45535502926637733f,-0.2848592543109679f,-0.047911462092877166f,0f,0f,0f,1f],start_interpolation:0}
execute if entity @s[tag=aj.dino.bone.leg_left_0] run data modify entity @s {} merge value {transformation:[-0.49634381204732686f,-0.6909155403637428f,-0.5256220470320907f,0.20046069018081822f,-0.08140195723671367f,0.6398403247491781f,-0.7641845851513226f,0.6843943354952962f,0.8643011868558091f,-0.3365116267066325f,-0.37382266315847695f,-0.04910820150312324f,0f,0f,0f,1f],start_interpolation:0}
execute if entity @s[tag=aj.dino.bone.leg_right_3] run data modify entity @s {} merge value {transformation:[-0.9809219517518879f,0.09782466024400867f,0.16799541785242542f,-0.3494713327595346f,0.08640358998287637f,0.9935069660236384f,-0.07401572873772153f,0.03618530940595366f,-0.17414518141291682f,-0.058088245890621115f,-0.9830051940249414f,0.16308650223876692f,0f,0f,0f,1f],start_interpolation:0}
execute if entity @s[tag=aj.dino.bone.leg_right_2] run data modify entity @s {} merge value {transformation:[-0.9753700856475938f,0.317337336419427f,0.00352284525961721f,-0.2738784207242882f,0.31634097986318765f,0.9730981726358f,-0.07120765670038026f,0.26032168050548354f,-0.02537281978216179f,-0.06662702775739253f,-1.0232200441201353f,0.11597311914668851f,0f,0f,0f,1f],start_interpolation:0}
execute if entity @s[tag=aj.dino.bone.leg_right_1] run data modify entity @s {} merge value {transformation:[-0.9778342111978117f,0.18090342028805573f,-0.10542394386113862f,-0.23861550348368862f,-0.01131546094575984f,0.4571105600781125f,0.8893378976568237f,0.33711183342220463f,0.20907466550191675f,0.870817942163089f,-0.4449313383569471f,0.3803084833007775f,0f,0f,0f,1f],start_interpolation:0}
execute if entity @s[tag=aj.dino.bone.leg_right_0] run data modify entity @s {} merge value {transformation:[-0.9869090448380852f,-0.12808591138022576f,-0.09800273732235935f,-0.16617469374183538f,0.01922845620179256f,0.509880925047649f,-0.860030062698188f,0.6050836772548515f,0.16012746075821638f,-0.8506558890517661f,-0.5007432023828933f,0.0684580406823178f,0f,0f,0f,1f],start_interpolation:0}
execute if entity @s[tag=aj.dino.bone.tail_4] run data modify entity @s {} merge value {transformation:[0.7385179801995989f,-0.21839946606074748f,2.6518963399322923f,0.7276127865558328f,0.3439429899079262f,2.736889538850925f,0.12961559868152717f,0.4120765333032678f,-2.6385518270852866f,0.2956326385106268f,0.7591488196869861f,-1.229580427553235f,0f,0f,0f,1f],start_interpolation:0}
execute if entity @s[tag=aj.dino.bone.tail_3] run data modify entity @s {} merge value {transformation:[-0.5188262779038586f,-0.05606676748586692f,2.0158425873526333f,0.3863490347806647f,0.01871225932366696f,2.081264948017553f,0.06270242059874886f,0.38107770844062855f,-2.016535313539507f,0.03373810578002713f,-0.5180662076520178f,-1.1420656972717704f,0f,0f,0f,1f],start_interpolation:0}
execute if entity @s[tag=aj.dino.bone.tail_2] run data modify entity @s {} merge value {transformation:[-1.1389213415202017f,0.46733339259326845f,1.5176401263144919f,0.10349208367038833f,0.04994518252159916f,1.8772442386311332f,-0.5405861839446868f,0.48205512672781714f,-1.5871791113719604f,-0.2762742182981623f,-1.106032955987764f,-0.9376959583821944f,0f,0f,0f,1f],start_interpolation:0}
execute if entity @s[tag=aj.dino.bone.tail_1] run data modify entity @s {} merge value {transformation:[-1.2690196349273921f,0.4183862408056104f,0.7086595583729177f,-0.052905500635051714f,0.13811390385611072f,1.3922504986339117f,-0.574647151402711f,0.5885620081438163f,-0.8112767503943241f,-0.4174299373046632f,-1.2063326787049466f,-0.6722289042430993f,0f,0f,0f,1f],start_interpolation:0}
execute if entity @s[tag=aj.dino.bone.tail_0] run data modify entity @s {} merge value {transformation:[-1.2641024076687901f,-0.06883612397599913f,0.1764721154912482f,-0.1061358926674981f,-0.11481418120854774f,1.2255857135728094f,-0.34437345870967756f,0.7187715032204914f,-0.15066029106372508f,-0.3564224506203505f,-1.218236524643062f,-0.32483298593557125f,0f,0f,0f,1f],start_interpolation:0}
execute if entity @s[tag=aj.dino.bone.body_1] run data modify entity @s {} merge value {transformation:[-1.1531097041699572f,-0.14633797399468174f,-0.42134048294990106f,0.0016767686134639731f,-0.24944098052591993f,1.179791726973546f,0.27290158162842426f,0.5758583630371095f,0.3697591140723804f,0.3395309608683128f,-1.1298679211432188f,-0.0850243408923352f,0f,0f,0f,1f],start_interpolation:0}