execute if entity @s[tag=aj.dino.bone.head_lower] run data modify entity @s {} merge value {transformation:[-0.9999302454395982f,-0.006103177963980896f,0.010112144868675585f,0.1573207971029102f,-0.0007106867635283434f,0.8856878449311422f,0.46428066540138613f,0.49401832030739895f,-0.011789791322548912f,0.4642410931401588f,-0.8856304016126598f,0.8146733415637051f,0f,0f,0f,1f],start_interpolation:0}
execute if entity @s[tag=aj.dino.bone.head_upper] run data modify entity @s {} merge value {transformation:[-1.0408269758404756f,-0.0075290815632396094f,0.009719150018981987f,0.15749864370300612f,-0.0007397535560371679f,0.8597386210944088f,0.5867886320872863f,0.5537749565337475f,-0.012271988875228113f,0.5867407936329349f,-0.859684001223442f,0.7685802912275042f,0f,0f,0f,1f],start_interpolation:0}
execute if entity @s[tag=aj.dino.bone.neck_0] run data modify entity @s {} merge value {transformation:[-0.9953525746302162f,-0.0007644544792316868f,-0.09629469241006512f,0.15160608016945049f,-0.001199675724636192f,0.9999893262085873f,0.004461865871114773f,0.5378321550478389f,0.09629025368725325f,0.004556652087364443f,-0.9953428675419336f,0.7041144783490427f,0f,0f,0f,1f],start_interpolation:0}
execute if entity @s[tag=aj.dino.bone.neck_1] run data modify entity @s {} merge value {transformation:[-0.9802798010903736f,0.018105766203425126f,-0.19678336516180542f,0.13501935736025622f,-0.01947743367834042f,0.982092815141652f,0.1873881853918517f,0.5582307726582176f,0.1966523357387941f,0.18752568804655012f,-0.9623730956189208f,0.6234527534073596f,0f,0f,0f,1f],start_interpolation:0}
execute if entity @s[tag=aj.dino.bone.neck_2] run data modify entity @s {} merge value {transformation:[-0.9802798010903736f,0.04504790009472111f,-0.19241153362330848f,0.1186037110252171f,-0.01947743367834042f,0.9469047773156283f,0.3209236237395844f,0.5956168786103891f,0.1966523357387941f,0.3183426289297374f,-0.927354209272045f,0.5453263428199241f,0f,0f,0f,1f],start_interpolation:0}
execute if entity @s[tag=aj.dino.bone.body_0] run data modify entity @s {} merge value {transformation:[-0.9802798010903736f,-0.019686278645257384f,-0.19663153868929276f,0.025744467797279146f,-0.01947743367834042f,0.9998058077299946f,-0.0029960651993661824f,0.6037292443930602f,0.1966523357387941f,0.0008928955562022556f,-0.9804728765172457f,0.08324165883692541f,0f,0f,0f,1f],start_interpolation:0}
execute if entity @s[tag=aj.dino.bone.leg_left_3] run data modify entity @s {} merge value {transformation:[-0.9865078236664001f,-0.060117684485823414f,-0.15227664908660687f,0.31237427569564086f,-0.04696236786100402f,0.9949628542303056f,-0.0885632808040161f,0.029675830277316767f,0.1568338287802423f,-0.08021709739167988f,-0.9843619087694236f,-0.3174902431599627f,0f,0f,0f,1f],start_interpolation:0}
execute if entity @s[tag=aj.dino.bone.leg_left_2] run data modify entity @s {} merge value {transformation:[-0.9972880077847944f,-0.1617279732288933f,-0.1769827440871127f,0.2676589894734577f,-0.14815897881497694f,1.011032398974211f,-0.08902024894173943f,0.2623650394775109f,0.18848805274030828f,-0.06098975652042271f,-1.006386954940514f,-0.3625163152279562f,0f,0f,0f,1f],start_interpolation:0}
execute if entity @s[tag=aj.dino.bone.leg_left_1] run data modify entity @s {} merge value {transformation:[-0.9840064562296682f,0.03229092354607155f,0.1751815925115187f,0.2867375531535745f,0.1668722491198177f,0.5112061109047191f,0.8431025825173145f,0.3532054001409465f,-0.06232933957634665f,0.8588513308077327f,-0.5084185726325925f,-0.10098730547529745f,0f,0f,0f,1f],start_interpolation:0}
execute if entity @s[tag=aj.dino.bone.leg_left_0] run data modify entity @s {} merge value {transformation:[-0.9922255392861318f,0.11260048415985854f,0.053005755869626754f,0.21126151821525135f,0.10910066391833623f,0.9919130591434707f,-0.06485004420368512f,0.7606276511310709f,-0.05987924783197661f,-0.05856290692586141f,-0.9964862576129535f,-0.0498232935862542f,0f,0f,0f,1f],start_interpolation:0}
execute if entity @s[tag=aj.dino.bone.leg_right_3] run data modify entity @s {} merge value {transformation:[-0.981367338201697f,0.06814777044267697f,0.17964973947826282f,-0.3003496882617206f,0.0965187755623269f,0.9833068613126335f,0.15424572104096068f,0.19026647293219978f,-0.16613931947273824f,0.16871128557150214f,-0.9715627764822737f,0.08081665116376843f,0f,0f,0f,1f],start_interpolation:0}
execute if entity @s[tag=aj.dino.bone.leg_right_2] run data modify entity @s {} merge value {transformation:[-0.9991502592756645f,0.17902139151469126f,0.14735094254944517f,-0.2525161976817778f,0.14108321910963614f,0.9866833010750817f,-0.2421028462574024f,0.4125599820110505f,-0.18400131569021064f,-0.2155680965737199f,-0.9857667630147342f,0.00038888813156046087f,0f,0f,0f,1f],start_interpolation:0}
execute if entity @s[tag=aj.dino.bone.leg_right_1] run data modify entity @s {} merge value {transformation:[-0.9886752210198481f,-0.045113814998516494f,-0.143129490454043f,-0.27687124492068627f,-0.1483472934240206f,0.4379370654682635f,0.8866815703637989f,0.48155310266367696f,0.022680120703424914f,0.8978729700716712f,-0.4396700373456807f,0.2680830543667778f,0f,0f,0f,1f],start_interpolation:0}
execute if entity @s[tag=aj.dino.bone.leg_right_0] run data modify entity @s {} merge value {transformation:[-0.9925862126071375f,-0.022770798885017502f,0.11939054091659154f,-0.18011735459812134f,-0.11863938795032056f,0.39493210176891697f,-0.9110177444041138f,0.7245736883503996f,-0.02640655541700901f,-0.9184280732373785f,-0.39470567277464425f,-0.05731970868907646f,0f,0f,0f,1f],start_interpolation:0}
execute if entity @s[tag=aj.dino.bone.tail_4] run data modify entity @s {} merge value {transformation:[-2.747846759536584f,0.12997596095644737f,-0.24105137891690973f,-0.0791659944463787f,-0.2488398860494332f,-0.17000040913674716f,2.744966284602462f,1.8744670971325585f,0.11436008401186427f,2.7531559058772506f,0.1808747100011846f,-1.2918923442643822f,0f,0f,0f,1f],start_interpolation:0}
execute if entity @s[tag=aj.dino.bone.tail_3] run data modify entity @s {} merge value {transformation:[-2.0720166566103666f,0.010953294686379211f,-0.20633110795310372f,-0.04428704991114542f,-0.1878389271268905f,0.7663799214693254f,1.9269986713718652f,1.5402197038336949f,0.08607577028096075f,1.9361010736396558f,-0.7616095590697085f,-1.1816977766315422f,0f,0f,0f,1f],start_interpolation:0}
execute if entity @s[tag=aj.dino.bone.tail_2] run data modify entity @s {} merge value {transformation:[-1.9480824940471653f,-0.04213737285534859f,-0.1482326320302025f,-0.01818145394292486f,-0.14091064001822426f,1.2480760650694387f,1.497071876141295f,1.2621100995025833f,0.06239120867082554f,1.5030982844153646f,-1.2472276293728255f,-0.9494370829981224f,0f,0f,0f,1f],start_interpolation:0}
execute if entity @s[tag=aj.dino.bone.tail_1] run data modify entity @s {} merge value {transformation:[-1.5089492766691839f,-0.05039065071974317f,-0.09049371668567827f,0.0033493656344860227f,-0.09937159747613322f,1.077041183135113f,1.0572435033831886f,1.0215323142804937f,0.029216708483131786f,1.0607069916574312f,-1.0778234140129148f,-0.730495469628742f,0f,0f,0f,1f],start_interpolation:0}
execute if entity @s[tag=aj.dino.bone.tail_0] run data modify entity @s {} merge value {transformation:[-1.2726238686160667f,-0.11059167514886718f,-0.04509641893178844f,0.01385881326152658f,-0.11657261439851593f,1.0452018688206497f,0.7264981731361368f,0.8344552456599416f,-0.025981362262184105f,0.7274326438823163f,-1.0507152011907948f,-0.4058978214430274f,0f,0f,0f,1f],start_interpolation:0}
execute if entity @s[tag=aj.dino.bone.body_1] run data modify entity @s {} merge value {transformation:[-1.230930772201211f,-0.11554771935119584f,-0.007921720590738158f,0.023483461215285856f,-0.11339378624989757f,1.1851190659781408f,0.3335254769148258f,0.677089064940585f,-0.023577072428377973f,0.3327853949080199f,-1.1905051858970923f,-0.1515375f,0f,0f,0f,1f],start_interpolation:0}