execute if entity @s[tag=aj.dino.bone.head_lower] run data modify entity @s {} merge value {transformation:[-0.8530035662073626f,-0.31706686589709265f,0.41455219042687097f,0.2570855939954399f,-0.3990384667807775f,0.9081697210923517f,-0.12647553012455193f,0.5282182492668991f,-0.3363825472089299f,-0.273306348702761f,-0.9011938868478839f,0.8411927290600115f,0f,0f,0f,1f],start_interpolation:0}
execute if entity @s[tag=aj.dino.bone.head_upper] run data modify entity @s {} merge value {transformation:[-0.8878910566470912f,-0.4444474568458657f,0.3123905763829335f,0.26836540039196005f,-0.4153589738060835f,0.9411839535310457f,0.15849804755243785f,0.560149784684552f,-0.3501404532303805f,0.01054354316252443f,-0.9801849005635165f,0.7737494232000148f,0f,0f,0f,1f],start_interpolation:0}
execute if entity @s[tag=aj.dino.bone.neck_0] run data modify entity @s {} merge value {transformation:[-0.9197609484705326f,-0.32657765949108963f,0.21768516253963704f,0.28803949666457923f,-0.391501486994624f,0.8025389630872688f,-0.45017529742069334f,0.5181403976611703f,-0.0276836296316888f,-0.4992777233645953f,-0.8659996371836898f,0.7258654217791611f,0f,0f,0f,1f],start_interpolation:0}
execute if entity @s[tag=aj.dino.bone.neck_1] run data modify entity @s {} merge value {transformation:[-0.945511818350431f,-0.20342343854559647f,-0.2542170450814573f,0.2655668299940134f,-0.13226478157463611f,0.9534461527588004f,-0.271010076093964f,0.4995746944537535f,0.29751206515816386f,-0.22261926789864409f,-0.928400362260591f,0.6461921467011339f,0f,0f,0f,1f],start_interpolation:0}
execute if entity @s[tag=aj.dino.bone.neck_2] run data modify entity @s {} merge value {transformation:[-0.8974386824747091f,-0.2607970437539109f,-0.35579307633409485f,0.231843322002571f,-0.29560758563281625f,0.9541914185165185f,0.04620489309339133f,0.5129647199823462f,0.3274446006798639f,0.14664119066161205f,-0.9334218739064076f,0.5658530987901996f,0f,0f,0f,1f],start_interpolation:0}
execute if entity @s[tag=aj.dino.bone.body_0] run data modify entity @s {} merge value {transformation:[-0.8977454239956136f,-0.27808095118950454f,-0.3416491450018226f,0.06817629248623674f,-0.30052253170127624f,0.953679986826509f,0.01344212283997731f,0.5283849360433728f,0.3220859537992792f,0.11474087027790078f,-0.9397314355990646f,0.1240542474007288f,0f,0f,0f,1f],start_interpolation:0}
execute if entity @s[tag=aj.dino.bone.leg_left_3] run data modify entity @s {} merge value {transformation:[-0.7602974757876844f,-0.02430276778557712f,-0.6491202691249415f,0.3744241374549828f,-0.1639406483717309f,0.9741294364132845f,0.15554840058513367f,0.15049405169588814f,0.6285469052682802f,0.224680254119264f,-0.7446123631034951f,-0.1480506479851248f,0f,0f,0f,1f],start_interpolation:0}
execute if entity @s[tag=aj.dino.bone.leg_left_2] run data modify entity @s {} merge value {transformation:[-0.784754157211204f,-0.11430015094038166f,-0.6505064086812933f,0.3264599259356168f,-0.3414076966229837f,0.9349907910500235f,0.24757868413685136f,0.3755606853352655f,0.5653882709492799f,0.4059432172697952f,-0.7533979074342632f,-0.075832112264858f,0f,0f,0f,1f],start_interpolation:0}
execute if entity @s[tag=aj.dino.bone.leg_left_1] run data modify entity @s {} merge value {transformation:[-0.9167190132522561f,0.3679411130499905f,-0.15570994852399309f,0.452933332047224f,0.0012392853907609463f,0.39234712933540195f,0.919816391609755f,0.43334084628527925f,0.3995306182428708f,0.8430202058253435f,-0.3601280573027681f,0.16433307298663655f,0f,0f,0f,1f],start_interpolation:0}
execute if entity @s[tag=aj.dino.bone.leg_left_0] run data modify entity @s {} merge value {transformation:[-0.8948516619304495f,-0.40359717297085657f,-0.19065630099801426f,0.20593914326061208f,-0.02735204780595738f,0.4759101090665905f,-0.8790685033426273f,0.6885799160799355f,0.44552482379900393f,-0.7814210709074582f,-0.4369081611971881f,-0.05510750329873335f,0f,0f,0f,1f],start_interpolation:0}
execute if entity @s[tag=aj.dino.bone.leg_right_3] run data modify entity @s {} merge value {transformation:[-0.9833900145929234f,0.05786897824512501f,0.1720327310595137f,-0.3158062000451038f,0.057092134561265356f,0.9983240538312328f,-0.009464233366367425f,0.008063413819319992f,-0.17229209897777725f,0.0005146832423286174f,-0.9850457693584562f,0.09045275765069427f,0f,0f,0f,1f],start_interpolation:0}
execute if entity @s[tag=aj.dino.bone.leg_right_2] run data modify entity @s {} merge value {transformation:[-0.9971067585032402f,0.24018623947137516f,0.012283404106946947f,-0.2578926343797922f,0.235250301370603f,0.9849542227475028f,-0.16304807357831128f,0.23225093505650474f,-0.0499760678014577f,-0.1556854166617964f,-1.012584141287351f,0.022946859393785213f,0f,0f,0f,1f],start_interpolation:0}
execute if entity @s[tag=aj.dino.bone.leg_right_1] run data modify entity @s {} merge value {transformation:[-0.9789451771342664f,0.11842488153016825f,-0.1662584963246251f,-0.23639887271326107f,-0.09437373745156875f,0.4596375428435492f,0.8830780978419562f,0.30840542904227886f,0.18099706584633382f,0.8801754805965177f,-0.4387837571192762f,0.28893914671610355f,0f,0f,0f,1f],start_interpolation:0}
execute if entity @s[tag=aj.dino.bone.leg_right_0] run data modify entity @s {} merge value {transformation:[-0.9887668145777246f,-0.14013967071468086f,-0.05197171424727513f,-0.1722219602679167f,-0.05502539013747282f,0.6645905727469973f,-0.745178889298427f,0.6364056176824178f,0.138969035508053f,-0.7339483928096031f,-0.6648363436682464f,0.0387302765186842f,0f,0f,0f,1f],start_interpolation:0}
execute if entity @s[tag=aj.dino.bone.tail_4] run data modify entity @s {} merge value {transformation:[-0.7921258561431204f,-0.23235367998911727f,2.635186848598225f,0.6309049115084379f,0.634819046476015f,2.653714667074498f,0.42481122346869515f,0.5023811009086452f,-2.568112680133178f,0.7276479675977947f,-0.7078043719771632f,-1.4811545370806338f,0f,0f,0f,1f],start_interpolation:0}
execute if entity @s[tag=aj.dino.bone.tail_3] run data modify entity @s {} merge value {transformation:[-1.3554690512540708f,0.11689860892754517f,1.5763831680044165f,0.3624646354182345f,0.3749499600604533f,2.0411031303998644f,0.17104404276964255f,0.453404555510924f,-1.5355981585647662f,0.3951939427004463f,-1.3497057342657404f,-1.2561616047287796f,0f,0f,0f,1f],start_interpolation:0}
execute if entity @s[tag=aj.dino.bone.tail_2] run data modify entity @s {} merge value {transformation:[-1.601020075988647f,0.4800679753307468f,1.0124442356722276f,0.17318383059533846f,0.3115719515307603f,1.8868271777519456f,-0.40197014232243555f,0.5288092933104508f,-1.0763045620563905f,-0.1679041850617278f,-1.6223903813010407f,-0.9553985976748501f,0f,0f,0f,1f],start_interpolation:0}
execute if entity @s[tag=aj.dino.bone.tail_1] run data modify entity @s {} merge value {transformation:[-1.223977610690392f,0.4083708411125245f,0.7891567110895588f,-0.0004564468355457707f,0.13735963678821644f,1.4141114080741608f,-0.5187268122392789f,0.6230162352143294f,-0.877876636384663f,-0.348106925647227f,-1.1814442134973566f,-0.6960710381103623f,0f,0f,0f,1f],start_interpolation:0}
execute if entity @s[tag=aj.dino.bone.tail_0] run data modify entity @s {} merge value {transformation:[-1.2490804678427583f,0.018610375479593468f,0.2707163743888663f,-0.0791169619541176f,-0.048659105008768105f,1.2391748894411585f,-0.30969921127162453f,0.7434210403058104f,-0.2669569121365656f,-0.31294562448935f,-1.2102209549332341f,-0.3499682823095095f,0f,0f,0f,1f],start_interpolation:0}
execute if entity @s[tag=aj.dino.bone.body_1] run data modify entity @s {} merge value {transformation:[-1.1893593944832097f,-0.08248895046669279f,-0.32745136869722635f,0.002567110601250006f,-0.1640940630081925f,1.1890214855467245f,0.296488853837668f,0.5944025f,0.29513041913067295f,0.3286762465031725f,-1.1547616878579707f,-0.1036410431683089f,0f,0f,0f,1f],start_interpolation:0}