execute if entity @s[tag=aj.dino.bone.head_lower] run data modify entity @s {} merge value {transformation:[-1f,-6.886005710338557e-17f,1.0127136990451474e-16f,-9.996344030316351e-17f,0f,0.826943490768308f,0.5622850372150452f,0.378648220517553f,-1.2246467991473532e-16f,0.5622850372150452f,-0.826943490768308f,0.8166047130503521f,0f,0f,0f,1f],start_interpolation:0}
execute if entity @s[tag=aj.dino.bone.head_upper] run data modify entity @s {} merge value {transformation:[-1.0408995833333334f,-8.60241140221651e-17f,9.407086827490301e-17f,-0.0003231250000000954f,0f,0.7681469329801767f,0.702440198121274f,0.4443211335141804f,-1.2747343429629804e-16f,0.702440198121274f,-0.7681469329801767f,0.779423796163209f,0f,0f,0f,1f],start_interpolation:0}
execute if entity @s[tag=aj.dino.bone.neck_0] run data modify entity @s {} merge value {transformation:[-1f,-1.324172519546158e-18f,1.2245752077253996e-16f,-8.751205901123572e-17f,0f,0.9999415411676218f,0.01081268918081607f,0.42878937616686397f,-1.2246467991473532e-16f,0.01081268918081607f,-0.9999415411676218f,0.7145901910017239f,0f,0f,0f,1f],start_interpolation:0}
execute if entity @s[tag=aj.dino.bone.neck_1] run data modify entity @s {} merge value {transformation:[-1f,-2.2292906139912817e-17f,1.2041853745356492e-16f,-7.7413729027588e-17f,0f,0.9832919788579447f,0.18203539302461744f,0.4487400664056837f,-1.2246467991473532e-16f,0.18203539302461744f,-0.9832919788579447f,0.6321310689864739f,0f,0f,0f,1f],start_interpolation:0}
execute if entity @s[tag=aj.dino.bone.neck_2] run data modify entity @s {} merge value {transformation:[-1f,-1.6617894587573494e-17f,1.2133195542022257e-16f,-6.694683931730731e-17f,0f,0.9907506025794423f,0.1356954070279163f,0.4703280693952613f,-1.2246467991473532e-16f,0.1356954070279163f,-0.9907506025794423f,0.546662428415428f,0f,0f,0f,1f],start_interpolation:0}
execute if entity @s[tag=aj.dino.bone.body_0] run data modify entity @s {} merge value {transformation:[-1f,-8.980900421426522e-18f,1.221349305245596e-16f,-9.470658869711462e-18f,0f,0.9973073918912349f,0.07333461719476486f,0.5143909990163433f,-1.2246467991473532e-16f,0.07333461719476486f,-0.9973073918912349f,0.07733379841686025f,0f,0f,0f,1f],start_interpolation:0}
execute if entity @s[tag=aj.dino.bone.leg_left_3] run data modify entity @s {} merge value {transformation:[-0.9885344949597359f,-0.1309515394506595f,0.07517477362920555f,0.2581667594667802f,-0.009002913742348507f,0.5480925268513477f,0.8363692543092747f,0.23595665685242634f,-0.1507265730349089f,0.8261030664058855f,-0.5429873146363043f,-0.45030538142817206f,0f,0f,0f,1f],start_interpolation:0}
execute if entity @s[tag=aj.dino.bone.leg_left_2] run data modify entity @s {} merge value {transformation:[-1.0136891517608255f,-0.09839315213368113f,0.12171807883921969f,0.2374204770542933f,-0.00667732882628993f,0.8241320842925944f,0.6105930890699497f,0.4469203514322705f,-0.15637108550770437f,0.6026502258801838f,-0.8151214562041658f,-0.3352619835241672f,0f,0f,0f,1f],start_interpolation:0}
execute if entity @s[tag=aj.dino.bone.leg_left_1] run data modify entity @s {} merge value {transformation:[-0.9374546303324973f,-0.1779051978875279f,0.29921322937457207f,0.1918900415614845f,0.34754213007393314f,-0.527288634726974f,0.7753587321436683f,0.25562886885487857f,0.019831386533324984f,0.8308528366999556f,0.5561387235715588f,-0.13943569877938594f,0f,0f,0f,1f],start_interpolation:0}
execute if entity @s[tag=aj.dino.bone.leg_left_0] run data modify entity @s {} merge value {transformation:[-0.9561733076250296f,0.2925554532305629f,-0.011996356549824465f,0.19655375000000003f,0.2922500038528086f,0.9560846347925515f,0.02218347045948743f,0.66319444793721f,0.017959427425282323f,0.017705307075944365f,-0.9996819399528544f,-0.04901541822608632f,0f,0f,0f,1f],start_interpolation:0}
execute if entity @s[tag=aj.dino.bone.leg_right_3] run data modify entity @s {} merge value {transformation:[-0.9667830620914779f,-0.03764813761009621f,0.252810459806387f,-0.2117676508391227f,-0.0440034372916719f,0.9988404733155112f,-0.01952962809077602f,0.0669329078319631f,-0.2517820652062881f,-0.030005442861877063f,-0.9673186987953449f,0.14002649964594788f,0f,0f,0f,1f],start_interpolation:0}
execute if entity @s[tag=aj.dino.bone.leg_right_2] run data modify entity @s {} merge value {transformation:[-0.9924061774032501f,0.13148860583897187f,0.22338962618502814f,-0.172674510296206f,-0.04399480936082724f,0.7856788641631931f,-0.6579022561575798f,0.2298096363597012f,-0.2554537831034562f,-0.6461282136251695f,-0.7545355496968809f,-0.03350727151289282f,0f,0f,0f,1f],start_interpolation:0}
execute if entity @s[tag=aj.dino.bone.leg_right_1] run data modify entity @s {} merge value {transformation:[-0.9449494240103431f,-0.17612027041822603f,-0.2757756994557929f,-0.2247140334426812f,-0.3259835229714438f,0.5797836538737363f,0.7467165844227286f,0.3412235238277437f,0.02837831590575982f,0.7955077404077415f,-0.6052785359962158f,0.2152741975914428f,0f,0f,0f,1f],start_interpolation:0}
execute if entity @s[tag=aj.dino.bone.leg_right_0] run data modify entity @s {} merge value {transformation:[-0.9561733076250296f,-0.1606947508274517f,0.2447647908542277f,-0.19655374999999997f,-0.29225000385280864f,0.5750512517317261f,-0.7641374177003823f,0.66319444793721f,-0.017959427425282545f,-0.8021803132328033f,-0.596811698970687f,-0.04901541822608638f,0f,0f,0f,1f],start_interpolation:0}
execute if entity @s[tag=aj.dino.bone.tail_4] run data modify entity @s {} merge value {transformation:[-2.7499083782519795f,0.19150501128167405f,-0.1642896024512008f,-0.04008464800093332f,0.15360816378408448f,2.6970486630570067f,0.5727079296825703f,0.8043963745742881f,0.20017436109164824f,0.5611734770607214f,-2.6964190856402737f,-1.8065205493443497f,0f,0f,0f,1f],start_interpolation:0}
execute if entity @s[tag=aj.dino.bone.tail_3] run data modify entity @s {} merge value {transformation:[-2.076881265066493f,0.10462984976162688f,-0.10752828185695107f,-0.0228757102328679f,0.10179653566518182f,2.079027480084013f,0.05681310083538639f,0.7744180560891267f,0.11021434655622603f,0.05140873115360666f,-2.078738912470444f,-1.4545463225656512f,0f,0f,0f,1f],start_interpolation:0}
execute if entity @s[tag=aj.dino.bone.tail_2] run data modify entity @s {} merge value {transformation:[-1.9529011545802013f,0.04948086071845011f,-0.050025991890759534f,-0.015008276481139098f,0.05464600428755758f,1.9417985643366906f,-0.2126170848218669f,0.8144455720654646f,0.04432572230090828f,-0.2138781311057912f,-1.9419230804488556f,-1.0935651798170767f,0f,0f,0f,1f],start_interpolation:0}
execute if entity @s[tag=aj.dino.bone.tail_1] run data modify entity @s {} merge value {transformation:[-1.5118855517318068f,-0.0007887412116702015f,-0.04310111775709934f,-0.004279342300163336f,-0.0003540353676791206f,1.5124229928238038f,-0.01525829075774436f,0.7992415155680213f,0.04310688023469993f,-0.015242003319460544f,-1.5118087604625265f,-0.7680956672107636f,0f,0f,0f,1f],start_interpolation:0}
execute if entity @s[tag=aj.dino.bone.tail_0] run data modify entity @s {} merge value {transformation:[-1.2781310960277925f,-0.0006953765882175304f,-0.014701510202100898f,4.822755989215662e-17f,-0.0026418227537941185f,1.2668909038336023f,0.1697532772592144f,0.7802079967972184f,0.014478906152035571f,0.16977240888644637f,-1.2668083545041695f,-0.39380791200968734f,0f,0f,0f,1f],start_interpolation:0}
execute if entity @s[tag=aj.dino.bone.body_1] run data modify entity @s {} merge value {transformation:[-1.2363675f,-5.1260493858745995e-17f,1.4247020292654973e-16f,1.8557991432579204e-17f,0f,1.1633574923458994f,0.41857369728509103f,0.6045350925925927f,-1.5141135014448153e-16f,0.41857369728509103f,-1.1633574923458994f,-0.1515375f,0f,0f,0f,1f],start_interpolation:0}