execute if entity @s[tag=aj.dino.bone.head_lower] run data modify entity @s {} merge value {transformation:[-0.971476727419709f,-0.22778083452825382f,-0.06594588314295766f,0.4150338045716118f,-0.21337994959044423f,0.7183579586978698f,0.6621411030046459f,0.26500640766051553f,-0.10345030301875321f,0.6573262010577714f,-0.7464719018210173f,0.7271868231861648f,0f,0f,0f,1f],start_interpolation:0}
execute if entity @s[tag=aj.dino.bone.head_upper] run data modify entity @s {} merge value {transformation:[-1.0112097207892055f,-0.23471006865054134f,-0.07640698161151545f,0.4041822475877857f,-0.2221071006203811f,0.7246564429149838f,0.713451763036099f,0.3303929130774696f,-0.1076813773079273f,0.7094055018107542f,-0.7540692922836779f,0.6910993584347822f,0f,0f,0f,1f],start_interpolation:0}
execute if entity @s[tag=aj.dino.bone.neck_0] run data modify entity @s {} merge value {transformation:[-0.989862209397162f,-0.04308264041093849f,0.13533917578657997f,0.41395269371533233f,-0.024929205975313742f,0.9907931486129699f,0.13306942305066846f,0.3229230561876327f,-0.13982611021125266f,0.12834649491442723f,-0.9818227111583697f,0.6255747380634215f,0f,0f,0f,1f],start_interpolation:0}
execute if entity @s[tag=aj.dino.bone.neck_1] run data modify entity @s {} merge value {transformation:[-0.9677865844546014f,-0.03842387951816888f,-0.248822692760266f,0.39269713183074006f,-0.10812842618740824f,0.9559341385758433f,0.2729435219152392f,0.35044882396223015f,0.2273705574605709f,0.29105588499123936f,-0.9292949485561813f,0.5481921170046822f,0f,0f,0f,1f],start_interpolation:0}
execute if entity @s[tag=aj.dino.bone.neck_2] run data modify entity @s {} merge value {transformation:[-0.884059949703014f,-0.1332542760474183f,-0.4479746680853536f,0.3521465484500257f,-0.38986521693202136f,0.7388844820010408f,0.5495951554413498f,0.4058316224241497f,0.25776562602032943f,0.6605248066296465f,-0.705169385232524f,0.49288094077283223f,0f,0f,0f,1f],start_interpolation:0}
execute if entity @s[tag=aj.dino.bone.body_0] run data modify entity @s {} merge value {transformation:[-0.7470573514002673f,-0.30138638718331756f,-0.5925129191329122f,0.07002634951522582f,-0.533190838331173f,0.8039730644465782f,0.26331509938489894f,0.5375898897378141f,0.39700484082504417f,0.5126339408047087f,-0.7613104485664938f,0.1389616603562167f,0f,0f,0f,1f],start_interpolation:0}
execute if entity @s[tag=aj.dino.bone.leg_left_3] run data modify entity @s {} merge value {transformation:[-0.21183826850026924f,0.10391939347209514f,-0.9717640185040809f,0.2513445739332484f,0.10480456201164198f,0.9910122253180702f,0.08313105948846236f,0.031381023638371225f,0.9716689517424932f,-0.08423496263736464f,-0.22082554039133712f,-0.279360841118057f,0f,0f,0f,1f],start_interpolation:0}
execute if entity @s[tag=aj.dino.bone.leg_left_2] run data modify entity @s {} merge value {transformation:[-0.32865830206562924f,0.21856641072365932f,-0.9467178270675f,0.27252439224478836f,-0.351727604880671f,0.9048664494055334f,0.33100845941731494f,0.25198806064658885f,0.9057227014649343f,0.43070596971053726f,-0.21499059329994327f,-0.18420295870802922f,0f,0f,0f,1f],start_interpolation:0}
execute if entity @s[tag=aj.dino.bone.leg_left_1] run data modify entity @s {} merge value {transformation:[-0.6252555841391226f,0.5064521477013616f,-0.5937690431401109f,0.4540552533027431f,-0.11405188410366889f,0.6933658715362304f,0.7115025902420923f,0.40488988556212213f,0.7720412050112662f,0.5125914457708804f,-0.3757690613758278f,-0.0403941826169201f,0f,0f,0f,1f],start_interpolation:0}
execute if entity @s[tag=aj.dino.bone.leg_left_0] run data modify entity @s {} merge value {transformation:[-0.5905732576763578f,-0.6191108051383025f,-0.5176147585594298f,0.18444003189865255f,-0.15677609259189287f,0.7172202450085867f,-0.67898186790329f,0.723537992943278f,0.7916087948659695f,-0.31983891431598105f,-0.5206328694771605f,-0.03154575823267701f,0f,0f,0f,1f],start_interpolation:0}
execute if entity @s[tag=aj.dino.bone.leg_right_3] run data modify entity @s {} merge value {transformation:[-0.9965504125232187f,0.02983006958281102f,0.07744315494920706f,-0.31707886572431104f,0.029303211138366453f,0.9995391051100194f,-0.007930899875931985f,0.052930010494131874f,-0.07764404108998044f,-0.005634208422342496f,-0.9969652243577363f,0.01544479217854857f,0f,0f,0f,1f],start_interpolation:0}
execute if entity @s[tag=aj.dino.bone.leg_right_2] run data modify entity @s {} merge value {transformation:[-0.99722668042133f,0.22869950347831708f,0.07278519399795447f,-0.25997287919356893f,0.23932148234634715f,0.9709812672398945f,0.22799738212850157f,0.28593919627431624f,-0.018065864056160997f,0.23865061340519153f,-0.9973874416584184f,0.040278191269729424f,0f,0f,0f,1f],start_interpolation:0}
execute if entity @s[tag=aj.dino.bone.leg_right_1] run data modify entity @s {} merge value {transformation:[-0.9826481734500639f,0.09138962386836354f,-0.16140168482532055f,-0.24615508673683f,-0.13705102263761562f,0.22858773432524865f,0.9638281303790803f,0.29419205387125386f,0.12497833575959014f,0.9692242177975379f,-0.2120962781981679f,0.317323935891214f,0f,0f,0f,1f],start_interpolation:0}
execute if entity @s[tag=aj.dino.bone.leg_right_0] run data modify entity @s {} merge value {transformation:[-0.9916634904695298f,-0.12500212179467085f,0.03127285111113337f,-0.18247449571411567f,-0.10120193033618444f,0.6053334002648636f,-0.7895122822477231f,0.6079041720785229f,0.07976020916483931f,-0.7860953784819047f,-0.6129374886261831f,0.049300116462120375f,0f,0f,0f,1f],start_interpolation:0}
execute if entity @s[tag=aj.dino.bone.tail_4] run data modify entity @s {} merge value {transformation:[-0.475240077454482f,-0.18170477728051054f,-2.7141834083743306f,-1.0721341090362855f,0.08641206085649658f,2.752893625683865f,-0.1994266105806269f,0.7025755761643158f,2.718886013815142f,-0.1192534745094839f,-0.46807989093511093f,-1.2704473859588377f,0f,0f,0f,1f],start_interpolation:0}
execute if entity @s[tag=aj.dino.bone.tail_3] run data modify entity @s {} merge value {transformation:[-0.7827512257489528f,-0.04631778813842322f,-1.9290154761263372f,-0.7445911134497558f,-0.23745386969565963f,2.0681829818955197f,0.04669410250510697f,0.6744191877856137f,1.9149051424024934f,0.23752756038861f,-0.7827288672974616f,-1.1400498887802648f,0f,0f,0f,1f],start_interpolation:0}
execute if entity @s[tag=aj.dino.bone.tail_2] run data modify entity @s {} merge value {transformation:[-1.1957787757354676f,-0.26417218486980365f,-1.5228591698658405f,-0.462441993070451f,-0.07107375133933203f,1.9327746077633525f,-0.27947220337369916f,0.7267798141591344f,1.5439674596227466f,-0.11562546142225713f,-1.1922957314776188f,-0.917290550829871f,0f,0f,0f,1f],start_interpolation:0}
execute if entity @s[tag=aj.dino.bone.tail_1] run data modify entity @s {} merge value {transformation:[-1.0930184943536452f,-0.21414298124146153f,-1.0232837361093499f,-0.2385808339815554f,-0.146140172886231f,1.4971912561467338f,-0.1572184543447378f,0.7424494732374745f,1.0351859112592643f,-0.014743680096399392f,-1.1026463635397992f,-0.6808221169225671f,0f,0f,0f,1f],start_interpolation:0}
execute if entity @s[tag=aj.dino.bone.tail_0] run data modify entity @s {} merge value {transformation:[-1.108382879060776f,-0.3783300501201169f,-0.5120444152269241f,-0.09807933287801904f,-0.454317000840228f,1.1902149018300916f,0.10402051140594075f,0.7407742679059636f,0.4460035568653159f,0.27219584350559634f,-1.1665444554862845f,-0.3333621434356465f,0f,0f,0f,1f],start_interpolation:0}
execute if entity @s[tag=aj.dino.bone.body_1] run data modify entity @s {} merge value {transformation:[-1.153987642612464f,-0.2832572286127029f,-0.3415881411768109f,0.0004145095383014082f,-0.3636814306977229f,1.1490301557864318f,0.2758081092268969f,0.5992574108886719f,0.25426940972054696f,0.3579100984721016f,-1.1557906487544816f,-0.08876479268742662f,0f,0f,0f,1f],start_interpolation:0}