execute if entity @s[tag=aj.dino.bone.head_lower] run data modify entity @s {} merge value {transformation:[-0.9999936101716669f,-0.003530692562957802f,-0.0005602016264735213f,0.00006825560178014289f,-0.003574858855455571f,0.9876389936487351f,0.15670494123886952f,0.27461189216037163f,-1.2246389738645379e-16f,0.1567059425629413f,-0.9876453045326851f,0.8079830784869508f,0f,0f,0f,1f],start_interpolation:0}
execute if entity @s[tag=aj.dino.bone.head_upper] run data modify entity @s {} merge value {transformation:[-1.040892932163684f,-0.0027939728786040485f,-0.002457655539206382f,-0.000487029554077593f,-0.0037210690931191812f,0.7815567379207333f,0.6874788445028789f,0.3395533673536162f,-1.2747261976293586e-16f,0.6874832374027479f,-0.7815617319660324f,0.7695415261000121f,0f,0f,0f,1f],start_interpolation:0}
execute if entity @s[tag=aj.dino.bone.neck_0] run data modify entity @s {} merge value {transformation:[-0.9999936101716669f,-0.0035748335111909007f,-0.00001346119220772097f,-0.0001067507940192979f,-0.003574858855455571f,0.9999865206322612f,0.00376549305508761f,0.3235663501165375f,-1.2246389738645379e-16f,0.003765517116095518f,-0.9999929104152931f,0.7048189881227134f,0f,0f,0f,1f],start_interpolation:0}
execute if entity @s[tag=aj.dino.bone.neck_1] run data modify entity @s {} merge value {transformation:[-0.9999936101716669f,-0.0034925905656798175f,-0.000762513591323755f,-0.00018743563135757227f,-0.003574858855455571f,0.9769807396159573f,0.2132975733655231f,0.346136282256066f,-1.2246389738645379e-16f,0.21329893630910973f,-0.9769869823950585f,0.6230380092969171f,0f,0f,0f,1f],start_interpolation:0}
execute if entity @s[tag=aj.dino.bone.neck_2] run data modify entity @s {} merge value {transformation:[-0.9999936101716669f,-0.0034490482673858293f,-0.0009400435551994006f,-0.0003035588353125784f,-0.003574858855455571f,0.9648006727023409f,0.2629579478496024f,0.37861937225847647f,-1.2246389738645379e-16f,0.2629596281164846f,-0.9648068376524082f,0.5410882333763116f,0f,0f,0f,1f],start_interpolation:0}
execute if entity @s[tag=aj.dino.bone.body_0] run data modify entity @s {} merge value {transformation:[-0.9999936101716669f,-0.0034956984245432463f,-0.0007481365925250443f,-0.0006894537029742147f,-0.003574858855455571f,0.9778500995348817f,0.2092759021573813f,0.4865655646713113f,-1.2246389738645379e-16f,0.2092772394030151f,-0.9778563478690789f,0.08222183088878218f,0f,0f,0f,1f],start_interpolation:0}
execute if entity @s[tag=aj.dino.bone.leg_left_3] run data modify entity @s {} merge value {transformation:[-0.9930327704366022f,-0.08980357009970509f,0.07629702246060789f,0.24662522160187772f,-0.03856362697841568f,0.8594805937893757f,0.5097116396294397f,0.13527298509452096f,-0.11134973512890259f,0.5032180717112703f,-0.8569555465658145f,-0.35010809465481924f,0f,0f,0f,1f],start_interpolation:0}
execute if entity @s[tag=aj.dino.bone.leg_left_2] run data modify entity @s {} merge value {transformation:[-1.0183897556853703f,-0.08551540624750889f,0.08735914554361418f,0.2278115857059122f,-0.037341514970285455f,0.9155465197997202f,0.46091472187709376f,0.3628719481353153f,-0.1164049667132412f,0.4544489904022651f,-0.9121338708476653f,-0.27254630513739786f,0f,0f,0f,1f],start_interpolation:0}
execute if entity @s[tag=aj.dino.bone.leg_left_1] run data modify entity @s {} merge value {transformation:[-0.9390793937474617f,-0.14472725455649632f,0.311743346404441f,0.19066236836497635f,0.34350628286910967f,-0.36473807043464856f,0.8654302823480678f,0.21104369333597456f,-0.011546682135893266f,0.9197935430106847f,0.392232727302942f,-0.04323973664162191f,0f,0f,0f,1f],start_interpolation:0}
execute if entity @s[tag=aj.dino.bone.leg_left_0] run data modify entity @s {} merge value {transformation:[-0.9572139172143699f,0.2817108123877838f,-0.06618560927374366f,0.1953584646819644f,0.2893801401843623f,0.9324757809210483f,-0.2162129794035503f,0.6284129349055526f,0.000806943616712158f,-0.22611487385728557f,-0.9741003093431925f,-0.05262810367055035f,0f,0f,0f,1f],start_interpolation:0}
execute if entity @s[tag=aj.dino.bone.leg_right_3] run data modify entity @s {} merge value {transformation:[-0.9945267558318643f,0.02263515356915199f,0.10200089096399209f,-0.21138311360860992f,0.03262188536170551f,0.994717378810915f,0.09733010267636646f,0.03290570149730637f,-0.09925897707509916f,0.1001248526313277f,-0.9900114491032725f,-0.04981841151594153f,0f,0f,0f,1f],start_interpolation:0}
execute if entity @s[tag=aj.dino.bone.leg_right_2] run data modify entity @s {} merge value {transformation:[-1.0203968990508998f,0.05838975768272277f,0.0862728468624681f,-0.193523306883751f,0.033299457431154984f,0.9876922306903098f,-0.2746222916470673f,0.25459660747049107f,-0.09870923990586024f,-0.27040135564092366f,-0.9844804682295399f,-0.14312029562636563f,0f,0f,0f,1f],start_interpolation:0}
execute if entity @s[tag=aj.dino.bone.leg_right_1] run data modify entity @s {} merge value {transformation:[-0.9400131938195356f,-0.035394410461001224f,-0.33929696602432863f,-0.20386477367953257f,-0.33926995511826696f,0.20094205609075488f,0.9189767068038615f,0.2536904331049678f,0.03565239121356858f,0.9789634956432948f,-0.2008964439670764f,0.13419832721079028f,0f,0f,0f,1f],start_interpolation:0}
execute if entity @s[tag=aj.dino.bone.leg_right_0] run data modify entity @s {} merge value {transformation:[-0.9551204784691044f,-0.22808288542704744f,0.18900547342397628f,-0.19774652342859414f,-0.2962165094165896f,0.7371631558778452f,-0.607327145091727f,0.6270076310780316f,-0.00080694361671238f,-0.6360571350055657f,-0.7716415423307063f,-0.05262810367055039f,0f,0f,0f,1f],start_interpolation:0}
execute if entity @s[tag=aj.dino.bone.tail_4] run data modify entity @s {} merge value {transformation:[-2.7580401975800437f,-0.10736997444173492f,0.0857163270387731f,0.01938756147156023f,-0.09541831668642421f,2.7365410569516158f,0.35763070346220216f,0.6599489367434908f,-0.09884809038805947f,0.35422600667726445f,-2.736862130765836f,-1.8163681947080783f,0f,0f,0f,1f],start_interpolation:0}
execute if entity @s[tag=aj.dino.bone.tail_3] run data modify entity @s {} merge value {transformation:[-2.080630349303878f,-0.06143467468860011f,0.05611288930338765f,0.010474075570544916f,-0.06337600207156091f,2.0800618836890887f,-0.07260556748399655f,0.6519051193999781f,-0.053910647941699495f,-0.07425541605939288f,-2.0802704875253113f,-1.462904547063229f,0f,0f,0f,1f],start_interpolation:0}
execute if entity @s[tag=aj.dino.bone.tail_2] run data modify entity @s {} merge value {transformation:[-1.953708091201154f,-0.0330257803108844f,0.026605774049581626f,0.004075602029234108f,-0.03681076877726166f,1.9293681697795697f,-0.3081514363851651f,0.7096216775703504f,-0.02106031053776677f,-0.30858003545121093f,-1.9295358768480462f,-1.1042970423753768f,0f,0f,0f,1f],start_interpolation:0}
execute if entity @s[tag=aj.dino.bone.tail_1] run data modify entity @s {} merge value {transformation:[-1.5123213816712495f,-0.0050992764428010665f,0.02267787291002872f,0.0007027395363196631f,-0.006753724700493054f,1.5083905445648378f,-0.11121421793126898f,0.7151216726155671f,-0.02224130712511004f,-0.11130234699750816f,-1.5082351812002706f,-0.7783598538682435f,0f,0f,0f,1f],start_interpolation:0}
execute if entity @s[tag=aj.dino.bone.tail_0] run data modify entity @s {} merge value {transformation:[-1.2781882860178735f,-0.004074508486176429f,0.007336242315723115f,-0.0015394061263413338f,-0.003643652509227928f,1.2760729910890733f,0.07389290759880877f,0.724322361983743f,-0.007559488548237058f,0.0738704025818878f,-1.2760571046545317f,-0.4036836851588378f,0f,0f,0f,1f],start_interpolation:0}
execute if entity @s[tag=aj.dino.bone.body_1] run data modify entity @s {} merge value {transformation:[-1.2363595998239185f,-0.004239359629321131f,-0.0012501237634335973f,-0.0009632189071610693f,-0.004419839305972466f,1.185874103552702f,0.3496965407318683f,0.5631457783086794f,-1.514103826519464e-16f,0.3496987752470104f,-1.1858816811330677f,-0.1515375f,0f,0f,0f,1f],start_interpolation:0}