execute if entity @s[tag=aj.dino.bone.head_lower] run data modify entity @s {} merge value {transformation:[-0.7981431662850123f,-0.5573425998586898f,-0.22877218470629448f,0.7639053023068093f,-0.41135831470406453f,0.22671197516992114f,0.8828284189118429f,0.8126672879349841f,-0.4401724923667611f,0.7987308099086382f,-0.4102161262875026f,0.6078683419079343f,0f,0f,0f,1f],start_interpolation:0}
execute if entity @s[tag=aj.dino.bone.head_upper] run data modify entity @s {} merge value {transformation:[-0.8307868892264167f,-0.47302116629646185f,0.41172328511821504f,0.7814089556231045f,-0.428182698376163f,0.9271709570915351f,0.20121017797512475f,0.8472246461160248f,-0.45817536389935654f,-0.008771268152813f,-0.9345963531676071f,0.5431005442927067f,0f,0f,0f,1f],start_interpolation:0}
execute if entity @s[tag=aj.dino.bone.neck_0] run data modify entity @s {} merge value {transformation:[-0.9756404690374412f,0.0311609058430794f,0.21715126783751473f,0.7952598176581316f,0.07719135107883959f,0.9753214705594975f,0.20685628920649773f,0.8447441229814039f,-0.20534646453013158f,0.21857956677763285f,-0.9539684494218232f,0.47793355203311144f,0f,0f,0f,1f],start_interpolation:0}
execute if entity @s[tag=aj.dino.bone.neck_1] run data modify entity @s {} merge value {transformation:[-0.9767333194420862f,0.12912139946986428f,-0.17122992405122073f,0.7813492418454228f,0.07703386283145541f,0.9563835616558727f,0.28177343198337873f,0.8730199704672943f,0.20014446449729179f,0.2620269970697122f,-0.9440784110113531f,0.3991648452134309f,0f,0f,0f,1f],start_interpolation:0}
execute if entity @s[tag=aj.dino.bone.neck_2] run data modify entity @s {} merge value {transformation:[-0.9453073501835969f,0.2052383345315389f,-0.2535177305980517f,0.7611485988310768f,-0.01072493168691696f,0.7572527846218372f,0.6530338398756868f,0.9376446106386418f,0.32600458513520525f,0.6200366490951913f,-0.7136354561326317f,0.34271557330783897f,0f,0f,0f,1f],start_interpolation:0}
execute if entity @s[tag=aj.dino.bone.body_0] run data modify entity @s {} merge value {transformation:[-0.8461300743148654f,0.04637000678147188f,-0.5309554781815575f,0.5113530053242539f,-0.18503901588386437f,0.9086846473524098f,0.37423625461298843f,1.1226771111736293f,0.4998244291155157f,0.414900029087867f,-0.7602851477717001f,-0.011651524365560856f,0f,0f,0f,1f],start_interpolation:0}
execute if entity @s[tag=aj.dino.bone.leg_left_3] run data modify entity @s {} merge value {transformation:[0.2815407649415261f,0.4634979786005361f,-0.8401811837391729f,0.5788214347660063f,-0.07535768400248757f,0.8835757272458393f,0.46218519414166437f,0.7089210317359933f,0.9565856036643672f,-0.06680986495423916f,0.28369072033972964f,-0.554220365425632f,0f,0f,0f,1f],start_interpolation:0}
execute if entity @s[tag=aj.dino.bone.leg_left_2] run data modify entity @s {} merge value {transformation:[0.29115861072089316f,0.11733790769830263f,-0.9764838341318092f,0.5764467035546009f,-0.46400495770596123f,0.9143030770791908f,-0.02848652257660166f,0.9204435431371889f,0.867172567675006f,0.4498265200732421f,0.3126180404446113f,-0.43835984631657443f,0f,0f,0f,1f],start_interpolation:0}
execute if entity @s[tag=aj.dino.bone.leg_left_1] run data modify entity @s {} merge value {transformation:[-0.0818315276708288f,0.4967289284785643f,-0.8640393351529756f,0.7588475628504883f,-0.3303598101164435f,0.8044152541028213f,0.49373929844252956f,1.1193712709265624f,0.9403010140050289f,0.32584731175695064f,0.09827274536657109f,-0.3737760147141951f,0f,0f,0f,1f],start_interpolation:0}
execute if entity @s[tag=aj.dino.bone.leg_left_0] run data modify entity @s {} merge value {transformation:[-0.03368414153669913f,-0.8340041172050391f,-0.5507290723159433f,0.47230658523543245f,-0.3622217908030736f,0.523764887341113f,-0.7710160290525522f,1.3456663465563345f,0.9314830931779438f,0.17351505777192638f,-0.3197370354682971f,-0.17131099191376947f,0f,0f,0f,1f],start_interpolation:0}
execute if entity @s[tag=aj.dino.bone.leg_right_3] run data modify entity @s {} merge value {transformation:[-0.8781053812422407f,0.3895072632208319f,-0.2778759279456158f,-0.11752023154042673f,-0.040042995733720194f,0.5189000218951881f,0.8538965544899699f,0.7012222853346718f,0.47678873510821207f,0.7609381441190807f,-0.44005186387347645f,-0.3311669673933655f,0f,0f,0f,1f],start_interpolation:0}
execute if entity @s[tag=aj.dino.bone.leg_right_2] run data modify entity @s {} merge value {transformation:[-0.8337210744552317f,0.4664392270741147f,-0.3733708839162622f,-0.019039340868290067f,0.070453277265029f,0.713258917036452f,0.7337303677041717f,0.890048158444102f,0.5933023725155038f,0.5707524544101272f,-0.6117974583577351f,-0.21795311716778729f,0f,0f,0f,1f],start_interpolation:0}
execute if entity @s[tag=aj.dino.bone.leg_right_1] run data modify entity @s {} merge value {transformation:[-0.7459518751835859f,0.6207588816985271f,-0.24127621246713535f,0.14754173628340364f,-0.322628483169873f,-0.019881431817243667f,0.9463168552426842f,0.8280325495151064f,0.5826376762256273f,0.7837494111393581f,0.21510508776202997f,-0.004837668070559714f,0f,0f,0f,1f],start_interpolation:0}
execute if entity @s[tag=aj.dino.bone.leg_right_0] run data modify entity @s {} merge value {transformation:[-0.7462419652926373f,0.006920888815377141f,-0.6656388138729498f,0.29121601276868175f,-0.2701992589793178f,0.9107176503613781f,0.3123871344458317f,1.1915972199194962f,0.6083710131845613f,0.41297150339733596f,-0.6777457102029747f,0.14174238266838757f,0f,0f,0f,1f],start_interpolation:0}
execute if entity @s[tag=aj.dino.bone.tail_4] run data modify entity @s {} merge value {transformation:[2.7253298527302254f,0.44418243362644494f,-0.030667426940263143f,-0.8846161862449321f,-0.3412822714977478f,1.9618852514055012f,-1.9131633498159306f,1.1706384898806852f,-0.2859456881626035f,1.8919221859197224f,1.9911119600479403f,0.653527287047114f,0f,0f,0f,1f],start_interpolation:0}
execute if entity @s[tag=aj.dino.bone.tail_3] run data modify entity @s {} merge value {transformation:[1.9081092450080186f,0.5375320927036457f,-0.6372784983608131f,-0.7818174765179682f,-0.7836726170220552f,1.6995229461546038f,-0.9129208678019273f,1.308804966603504f,0.28446768619506985f,1.0763951555316755f,1.7596582425866694f,0.34462090410360824f,0f,0f,0f,1f],start_interpolation:0}
execute if entity @s[tag=aj.dino.bone.tail_2] run data modify entity @s {} merge value {transformation:[1.574463426054335f,0.131435357843036f,-1.1500276265067266f,-0.5668343480369469f,-0.6862337393173288f,1.66952664896433f,-0.7486907895942545f,1.447874785730337f,0.9321598843774486f,1.0070647397806085f,1.3912844550453414f,0.08691307759132849f,0f,0f,0f,1f],start_interpolation:0}
execute if entity @s[tag=aj.dino.bone.tail_1] run data modify entity @s {} merge value {transformation:[0.8269660394864448f,0.20565032475275205f,-1.2495964802548027f,-0.30123905015350805f,-0.6589650595881476f,1.3443438452494572f,-0.21485093898303925f,1.4783046526805803f,1.0814566425789307f,0.6618941151490866f,0.824623526557977f,-0.09966087004988436f,0f,0f,0f,1f],start_interpolation:0}
execute if entity @s[tag=aj.dino.bone.tail_0] run data modify entity @s {} merge value {transformation:[-0.05492122319925588f,0.3804780712337135f,-1.2190388890993586f,0.06417405996224365f,-0.7212437835484488f,0.9976900029637544f,0.3438862882740891f,1.4018891235862005f,1.0538627901767117f,0.702628502041075f,0.1718200342931504f,-0.13291500016240984f,0f,0f,0f,1f],start_interpolation:0}
execute if entity @s[tag=aj.dino.bone.body_1] run data modify entity @s {} merge value {transformation:[-0.5695503096590256f,0.22272331027789863f,-1.0745284393083383f,0.29898487485363184f,-0.4845648096949851f,1.0351699072197602f,0.4714072585866133f,1.2225675f,0.9845882312057264f,0.6382963146546737f,-0.3895746715659155f,-0.08533813255342924f,0f,0f,0f,1f],start_interpolation:0}