execute if entity @s[tag=aj.dino.bone.head_lower] run data modify entity @s {} merge value {transformation:[-1f,-8.090189044425312e-17f,9.193738058681381e-17f,-9.974659986866641e-17f,0f,0.7507256839345368f,0.6606140684855435f,0.4252601472765291f,-1.2246467991473532e-16f,0.6606140684855435f,-0.7507256839345368f,0.8142190952361725f,0f,0f,0f,1f],start_interpolation:0}
execute if entity @s[tag=aj.dino.bone.head_upper] run data modify entity @s {} merge value {transformation:[-1.0408995833333334f,-8.91806101426637e-17f,9.10840009325175e-17f,-0.00032312500000009547f,0f,0.7437573102378068f,0.7282149449519217f,0.4921622408837644f,-1.2747343429629804e-16f,0.7282149449519217f,-0.7437573102378068f,0.7792982998128153f,0f,0f,0f,1f],start_interpolation:0}
execute if entity @s[tag=aj.dino.bone.neck_0] run data modify entity @s {} merge value {transformation:[-1f,-1.7157942913708086e-17f,1.2125676402406802e-16f,-8.731732154181262e-17f,0f,0.9901366182354919f,0.14010523626611462f,0.4851499343379282f,-1.2246467991473532e-16f,0.14010523626611462f,-0.9901366182354919f,0.713000038889632f,0f,0f,0f,1f],start_interpolation:0}
execute if entity @s[tag=aj.dino.bone.neck_1] run data modify entity @s {} merge value {transformation:[-1f,-3.780514279563805e-17f,1.1648334217741176e-16f,-7.762381718273643e-17f,0f,0.9511586708797345f,0.30870241788864733f,0.5156829499542405f,-1.2246467991473532e-16f,0.30870241788864733f,-0.9511586708797345f,0.633846568959974f,0f,0f,0f,1f],start_interpolation:0}
execute if entity @s[tag=aj.dino.bone.neck_2] run data modify entity @s {} merge value {transformation:[-1f,-3.642446328528693e-17f,1.1692243711536877e-16f,-6.773715303400428e-17f,0f,0.9547441531450106f,0.2974283141118489f,0.5510874429571797f,-1.2246467991473532e-16f,0.2974283141118489f,-0.9547441531450106f,0.5531158296511738f,0f,0f,0f,1f],start_interpolation:0}
execute if entity @s[tag=aj.dino.bone.body_0] run data modify entity @s {} merge value {transformation:[-1f,-5.621971635197996e-18f,1.223355682602227e-16f,-1.0134414778632094e-17f,0f,0.9989457233334336f,0.04590688220564684f,0.5822393910867979f,-1.2246467991473532e-16f,0.04590688220564684f,-0.9989457233334336f,0.0827537767272006f,0f,0f,0f,1f],start_interpolation:0}
execute if entity @s[tag=aj.dino.bone.leg_left_3] run data modify entity @s {} merge value {transformation:[-0.9976390416721095f,-0.025131784897771757f,-0.06391193878616976f,0.20376028454323594f,-0.04099194980263912f,0.9645847600594958f,0.26056841848609125f,0.113938340467833f,0.055099932694449676f,0.2625731022949933f,-0.9633376165022571f,-0.27226301125526803f,0f,0f,0f,1f],start_interpolation:0}
execute if entity @s[tag=aj.dino.bone.leg_left_2] run data modify entity @s {} merge value {transformation:[-1.0234763606589818f,-0.04245673369644256f,-0.052495375384594097f,0.1906535403284479f,-0.04113370417896489f,1.024529261736976f,-0.026646007691565207f,0.3518673289056415f,0.053538369917821425f,-0.024482996328286735f,-1.0240099732610155f,-0.3095333987373554f,0f,0f,0f,1f],start_interpolation:0}
execute if entity @s[tag=aj.dino.bone.leg_left_1] run data modify entity @s {} merge value {transformation:[-0.9378905980705277f,-0.0019191587133444987f,0.34692584637172935f,0.19041119640230775f,0.34662104466176435f,0.03708788467142812f,0.9372717536596236f,0.30533039438685033f,-0.014665519032579828f,0.9993101648839723f,-0.03411915753756517f,-0.03595043023459782f,0f,0f,0f,1f],start_interpolation:0}
execute if entity @s[tag=aj.dino.bone.leg_left_0] run data modify entity @s {} merge value {transformation:[-0.9561733076250295f,0.28421736850632995f,-0.07037821555529561f,0.19655375000000003f,0.29279864392284044f,0.9271078359049065f,-0.2339658409269752f,0.7224346888270258f,-0.001248960510316352f,-0.24431853806671727f,-0.9696942260602492f,-0.05308388170579835f,0f,0f,0f,1f],start_interpolation:0}
execute if entity @s[tag=aj.dino.bone.leg_right_3] run data modify entity @s {} merge value {transformation:[-0.9383879695486232f,0.05035813397068242f,0.34189483317155084f,-0.2166823645196444f,-0.153703079472191f,0.825270268976656f,-0.5434191260012511f,0.16407588571117804f,-0.30952121408261696f,-0.5624882589762998f,-0.7666834917660834f,0.2936056986762447f,0f,0f,0f,1f],start_interpolation:0}
execute if entity @s[tag=aj.dino.bone.leg_right_2] run data modify entity @s {} merge value {transformation:[-0.9635515338951077f,0.18432216075427155f,0.2994260878479954f,-0.16296869626140087f,-0.1557545493926543f,0.5593428192196984f,-0.8455402594977639f,0.26856853766275457f,-0.3152319168050251f,-0.8397756552454534f,-0.49746144271208953f,0.08297046991242732f,0f,0f,0f,1f],start_interpolation:0}
execute if entity @s[tag=aj.dino.bone.leg_right_1] run data modify entity @s {} merge value {transformation:[-0.9470751217673442f,-0.24522450886570737f,-0.2071561101704283f,-0.23746334177823294f,-0.3164605394199973f,0.8215063540688985f,0.47432060593487874f,0.46028744632280955f,0.05386502315393813f,0.5147739799912179f,-0.8556321106670945f,0.26927074772028436f,0f,0f,0f,1f],start_interpolation:0}
execute if entity @s[tag=aj.dino.bone.leg_right_0] run data modify entity @s {} merge value {transformation:[-0.9561733076250295f,-0.12397395848255319f,0.2652603690783394f,-0.19655374999999997f,-0.29279864392284044f,0.40098191281901263f,-0.8680336742943513f,0.7224346888270258f,0.00124896051031613f,-0.9076585058325473f,-0.41970760880340463f,-0.05308388170579839f,0f,0f,0f,1f],start_interpolation:0}
execute if entity @s[tag=aj.dino.bone.tail_4] run data modify entity @s {} merge value {transformation:[-2.211342573131563f,1.2932695274924564f,-1.0310573626696617f,-0.28358780342646334f,1.1709295690536954f,2.4398993930413027f,0.549068509161118f,0.6990921864868372f,1.168139246910062f,0.0024925280588640884f,-2.5022201779084647f,-1.7709893003549435f,0f,0f,0f,1f],start_interpolation:0}
execute if entity @s[tag=aj.dino.bone.tail_3] run data modify entity @s {} merge value {transformation:[-1.8234674483337512f,0.6872096834215484f,-0.7339310879934831f,-0.16586509894156753f,0.7757107846710974f,1.9285922722424127f,-0.12145020393660814f,0.7008128635360945f,0.6396755188817161f,-0.37976337962334994f,-1.9448754541319355f,-1.4374940117015358f,0f,0f,0f,1f],start_interpolation:0}
execute if entity @s[tag=aj.dino.bone.tail_2] run data modify entity @s {} merge value {transformation:[-1.895995500431345f,0.28971768465463477f,-0.37421731727063157f,-0.09763196223163566f,0.39101396309965936f,1.8294714536275343f,-0.5647266206102137f,0.8065187702051356f,0.26661398689485355f,-0.6227934959222771f,-1.832980937825518f,-1.096697907969201f,0f,0f,0f,1f],start_interpolation:0}
execute if entity @s[tag=aj.dino.bone.tail_1] run data modify entity @s {} merge value {transformation:[-1.481431632600387f,-0.02507632012856411f,-0.30395352621702376f,-0.03050270434369602f,0.010263354776969798f,1.5024261142886666f,-0.17397322969980716f,0.8255804557380493f,0.3048134371704686f,-0.17246216765502384f,-1.4713945151617411f,-0.7782532630481616f,0f,0f,0f,1f],start_interpolation:0}
execute if entity @s[tag=aj.dino.bone.tail_0] run data modify entity @s {} merge value {transformation:[-1.2739404740948046f,-0.0008765324450071014f,-0.10445389766784773f,4.9574825600874505e-17f,-0.012005222668761844f,1.2709298642539104f,0.13575297919470458f,0.8165800816118645f,0.10376540693220358f,0.13627996339314635f,-1.2666871075706836f,-0.40480917139039946f,0f,0f,0f,1f],start_interpolation:0}
execute if entity @s[tag=aj.dino.bone.body_1] run data modify entity @s {} merge value {transformation:[-1.2363675f,-4.180497625223153e-17f,1.455257396927607e-16f,1.8557991432579204e-17f,0f,1.1883078434866394f,0.3413635366649207f,0.657176875f,-1.5141135014448153e-16f,0.3413635366649207f,-1.1883078434866394f,-0.1515375f,0f,0f,0f,1f],start_interpolation:0}