execute if entity @s[tag=aj.dino.bone.head_lower] run data modify entity @s {} merge value {transformation:[-0.9999984727509039f,-0.0016598639159116821f,-0.0005471267133095725f,-0.0000017370198108580055f,-0.001747711606576611f,0.9497341407128881f,0.3130527231449883f,0.2987388808847869f,-1.2246449288066362e-16f,0.313053201255207f,-0.949735591195711f,0.8112811036695384f,0f,0f,0f,1f],start_interpolation:0}
execute if entity @s[tag=aj.dino.bone.head_upper] run data modify entity @s {} merge value {transformation:[-1.0408979936203857f,-0.0013493000530684642f,-0.0012201843834354306f,-0.0004392759991349998f,-0.0018191922830724252f,0.7720369809719783f,0.6981601056595957f,0.36420352085318913f,-1.2747323961261073e-16f,0.6981611719256146f,-0.7720381600665601f,0.7737358514364543f,0f,0f,0f,1f],start_interpolation:0}
execute if entity @s[tag=aj.dino.bone.neck_0] run data modify entity @s {} merge value {transformation:[-0.9999984727509039f,-0.0017477061382819654f,-0.000004371953126227008f,-0.0000880656437405924f,-0.001747711606576611f,0.9999953439244582f,0.0025015262431378193f,0.3481340395365812f,-1.2246449288066362e-16f,0.0025015300635974347f,-0.9999968711687757f,0.7090335742292466f,0f,0f,0f,1f],start_interpolation:0}
execute if entity @s[tag=aj.dino.bone.neck_1] run data modify entity @s {} merge value {transformation:[-0.9999984727509039f,-0.001712969590673296f,-0.00034674348038738845f,-0.00012533080432061732f,-0.001747711606576611f,0.9801199283086212f,0.19839826520522796f,0.36945626657142155f,-1.2246449288066362e-16f,0.19839856820926194f,-0.9801214251981817f,0.626918422825174f,0f,0f,0f,1f],start_interpolation:0}
execute if entity @s[tag=aj.dino.bone.neck_2] run data modify entity @s {} merge value {transformation:[-0.9999984727509039f,-0.0017087978500084724f,-0.00036675027957592724f,-0.00017419107838880467f,-0.001747711606576611f,0.9777329588121437f,0.20984567366660534f,0.3974129381770389f,-1.2246449288066362e-16f,0.20984599415371022f,-0.9777344520562017f,0.5433160752531714f,0f,0f,0f,1f],start_interpolation:0}
execute if entity @s[tag=aj.dino.bone.body_0] run data modify entity @s {} merge value {transformation:[-0.9999984727509039f,-0.001724143872832942f,-0.00028604853702688743f,-0.0003254293067761376f,-0.001747711606576611f,0.9865135833325331f,0.1636700809694484f,0.4839478085983578f,-1.2246449288066362e-16f,0.1636703309348134f,-0.9865150899868125f,0.07993437726404193f,0f,0f,0f,1f],start_interpolation:0}
execute if entity @s[tag=aj.dino.bone.leg_left_3] run data modify entity @s {} merge value {transformation:[-0.9885188897365795f,-0.11857229303800325f,0.09365370231694109f,0.2575018391723352f,-0.018069778915377612f,0.7081453526382309f,0.705835421771127f,0.1814406104850327f,-0.15001295851995472f,0.6960393457704709f,-0.7021576328827484f,-0.4041730352809936f,0f,0f,0f,1f],start_interpolation:0}
execute if entity @s[tag=aj.dino.bone.leg_left_2] run data modify entity @s {} merge value {transformation:[-1.0136846561379036f,-0.10184510858950373f,0.11888309916748718f,0.2358633041263148f,-0.016033604247265718f,0.8423980056304222f,0.5849536076864758f,0.39585517486790656f,-0.1557194302138189f,0.5762424606595504f,-0.8341212652172367f,-0.29587141734487865f,0f,0f,0f,1f],start_interpolation:0}
execute if entity @s[tag=aj.dino.bone.leg_left_1] run data modify entity @s {} merge value {transformation:[-0.9381799189174521f,-0.1767366363718622f,0.2976282935206321f,0.19074883390942324f,0.3461263380667313f,-0.48860675112099894f,0.8009119807166684f,0.21374529916045898f,0.003872704037013431f,0.8544165284701262f,0.5195742468988426f,-0.09138654404948592f,0f,0f,0f,1f],start_interpolation:0}
execute if entity @s[tag=aj.dino.bone.leg_left_0] run data modify entity @s {} merge value {transformation:[-0.956683327632762f,0.2884437233789907f,-0.039461741887174835f,0.19597469470694842f,0.2909856020130234f,0.9516591546132733f,-0.09834751070499209f,0.6292382469675488f,0.009186405751112972f,-0.10557022252517251f,-0.9943694173019209f,-0.05082080399765196f,0f,0f,0f,1f],start_interpolation:0}
execute if entity @s[tag=aj.dino.bone.leg_right_3] run data modify entity @s {} merge value {transformation:[-0.9887138604910356f,0.00031455368206832757f,0.1498158974504853f,-0.20939880664344362f,0.018106856572069428f,0.9929182141244551f,0.11741193212353401f,0.028322080340377365f,-0.1487180009884201f,0.11879949964492242f,-0.9817176962172602f,0.003198942526890361f,0f,0f,0f,1f],start_interpolation:0}
execute if entity @s[tag=aj.dino.bone.leg_right_2] run data modify entity @s {} merge value {transformation:[-1.014578869887587f,0.07462629011881855f,0.13085424372722124f,-0.18638554889710537f,0.018795805301818513f,0.9467416758605857f,-0.39419426225205334f,0.23679466262082907f,-0.14946114539028937f,-0.38752201939049413f,-0.9378434037763612f,-0.11588356866277402f,0f,0f,0f,1f],start_interpolation:0}
execute if entity @s[tag=aj.dino.bone.leg_right_1] run data modify entity @s {} merge value {transformation:[-0.9417238043280631f,-0.08055730280696753f,-0.3265988324019954f,-0.20970389146963653f,-0.3350173036714767f,0.3121333821129493f,0.8890085252748847f,0.267769790985684f,0.030326269183230524f,0.9466167507155142f,-0.32093152643862854f,0.1589075920069544f,0f,0f,0f,1f],start_interpolation:0}
execute if entity @s[tag=aj.dino.bone.leg_right_0] run data modify entity @s {} merge value {transformation:[-0.9556603669876578f,-0.20771764901250278f,0.20872623519273797f,-0.19713220491997754f,-0.2943278323882935f,0.6958996960162438f,-0.6550532346047215f,0.6285512084271665f,-0.009186405751113222f,-0.6874423549456481f,-0.7261808442641251f,-0.050820803997652014f,0f,0f,0f,1f],start_interpolation:0}
execute if entity @s[tag=aj.dino.bone.tail_4] run data modify entity @s {} merge value {transformation:[-2.759322721355879f,-0.08406175997322039f,0.06879732203646403f,0.01592814350813305f,-0.07098907163089545f,2.7193012872139093f,0.47541812404005046f,0.7221398785602777f,-0.08221923569437903f,0.47328158792306924f,-2.719357620360892f,-1.8130880812576566f,0f,0f,0f,1f],start_interpolation:0}
execute if entity @s[tag=aj.dino.bone.tail_3] run data modify entity @s {} merge value {transformation:[-2.081268243574862f,-0.04745901166952491f,0.04489617514447471f,0.008779834990153983f,-0.04727009789825781f,2.081736165109145f,0.009252176274067494f,0.7001996286987839f,-0.04509503493668204f,0.008228434387487932f,-2.0817887156808292f,-1.4601741674541446f,0f,0f,0f,1f],start_interpolation:0}
execute if entity @s[tag=aj.dino.bone.tail_2] run data modify entity @s {} merge value {transformation:[-1.953900947178553f,-0.02458782325443512f,0.020985770539539653f,0.0034279730563846257f,-0.02695675757967579f,1.939503522088072f,-0.23743061308839342f,0.7447790385177372f,-0.01784087549197468f,-0.23768761380927791f,-1.9395773190069294f,-1.099680730949156f,0f,0f,0f,1f],start_interpolation:0}
execute if entity @s[tag=aj.dino.bone.tail_1] run data modify entity @s {} merge value {transformation:[-1.512389895902795f,-0.0024841422506528283f,0.01807987301978006f,0.0010126469825104396f,-0.00316923860794798f,1.5114054402431194f,-0.057443895499423595f,0.7386679815900442f,-0.01797244273265995f,-0.057477597729735735f,-1.5113006210087525f,-0.7737459243052329f,0f,0f,0f,1f],start_interpolation:0}
execute if entity @s[tag=aj.dino.bone.tail_0] run data modify entity @s {} merge value {transformation:[-1.2782007266510302f,-0.0018583609004376193f,0.00593004785559419f,-0.0007650963869365341f,-0.0013129726792078117f,1.2729488262238589f,0.11591064878634656f,0.7355147187366476f,-0.006074131670417299f,0.11590318759245516f,-1.2729356906829137f,-0.3989675793296046f,0f,0f,0f,1f],start_interpolation:0}
execute if entity @s[tag=aj.dino.bone.body_1] run data modify entity @s {} merge value {transformation:[-1.2363656117588533f,-0.0020542387558817317f,-0.0006702384207480761f,-0.000470907784555f,-0.002160813829744108f,1.175385922263917f,0.3834942759463891f,0.5671870884941854f,-1.5141111890163388e-16f,0.3834948616385699f,-1.1753877173737457f,-0.1515375f,0f,0f,0f,1f],start_interpolation:0}