execute if entity @s[tag=aj.dino.bone.head_lower] run data modify entity @s {} merge value {transformation:[-0.8793023077168791f,-0.32544258376227125f,-0.3477277330296057f,0.7671909197389856f,-0.4159783915769739f,0.1692496150235967f,0.8934856157518138f,0.6000965067896609f,-0.2319254823964052f,0.930291186934769f,-0.28419865961452623f,0.45579011153140486f,0f,0f,0f,1f],start_interpolation:0}
execute if entity @s[tag=aj.dino.bone.head_upper] run data modify entity @s {} merge value {transformation:[-0.915265405726538f,-0.49438027243657434f,-0.03673317151135083f,0.7532733287745228f,-0.4329917344681424f,0.7596544776460734f,0.5647257520762163f,0.6559506398304917f,-0.24141113799080052f,0.5118448626305796f,-0.8736174458172047f,0.4069836265545092f,0f,0f,0f,1f],start_interpolation:0}
execute if entity @s[tag=aj.dino.bone.neck_0] run data modify entity @s {} merge value {transformation:[-0.9955957120643772f,-0.051775332748794416f,-0.07815684894990282f,0.749381672971053f,-0.07560285111258447f,0.9363779835257454f,0.3427542572629947f,0.6629390315592731f,0.055438136897578816f,0.3471535494374358f,-0.9361682680428315f,0.34079636455909723f,0f,0f,0f,1f],start_interpolation:0}
execute if entity @s[tag=aj.dino.bone.neck_1] run data modify entity @s {} merge value {transformation:[-0.9178898772936229f,0.0718727037614215f,-0.3902723249423683f,0.7166515932863105f,-0.04934585886706977f,0.9551568219845376f,0.29195964041125566f,0.6920721331566669f,0.39375520234603834f,0.2872451215781067f,-0.8731821578313478f,0.2681496776444307f,0f,0f,0f,1f],start_interpolation:0}
execute if entity @s[tag=aj.dino.bone.neck_2] run data modify entity @s {} merge value {transformation:[-0.8825441205920291f,0.2669228836180601f,-0.3871279496619455f,0.6853496232937246f,0.005331312779592333f,0.8289012432645236f,0.5593695612192113f,0.7491925632260158f,0.47019937506603326f,0.4916044173067877f,-0.7329649681751271f,0.2087495636932225f,0f,0f,0f,1f],start_interpolation:0}
execute if entity @s[tag=aj.dino.bone.body_0] run data modify entity @s {} merge value {transformation:[-0.7868459260046746f,0.1092008787684372f,-0.6074114394757869f,0.4001191645330521f,-0.07583689813092831f,0.9596530876671544f,0.2707669038357087f,0.8859458848542852f,0.612472247217558f,0.25911603463911254f,-0.7468176664897374f,-0.14075439783216054f,0f,0f,0f,1f],start_interpolation:0}
execute if entity @s[tag=aj.dino.bone.leg_left_3] run data modify entity @s {} merge value {transformation:[0.28040051399572724f,0.7265282975010858f,-0.6273214364909789f,0.2885632417754162f,-0.23379692105244085f,0.6855504908628866f,0.689463214525658f,0.5041037881717149f,0.9309750541541544f,-0.046660019372355865f,0.36208878902120206f,-0.6871126764384283f,0f,0f,0f,1f],start_interpolation:0}
execute if entity @s[tag=aj.dino.bone.leg_left_2] run data modify entity @s {} merge value {transformation:[0.24698817030845804f,0.2375044293146661f,-0.9667733391464045f,0.31443072500645397f,-0.5601594618216855f,0.8565923222607092f,0.06732882203290495f,0.7049859577252835f,0.822970485837745f,0.5117650232290339f,0.33597371912110396f,-0.5561611612400205f,0f,0f,0f,1f],start_interpolation:0}
execute if entity @s[tag=aj.dino.bone.leg_left_1] run data modify entity @s {} merge value {transformation:[-0.048080489732768114f,0.771675052712486f,-0.6341970352565823f,0.5586637074975003f,-0.3157664762328288f,0.5906261410675444f,0.7425983395989808f,0.832344678726095f,0.9476179604643211f,0.23596265490293752f,0.21527151808030145f,-0.5223470797305168f,0f,0f,0f,1f],start_interpolation:0}
execute if entity @s[tag=aj.dino.bone.leg_left_0] run data modify entity @s {} merge value {transformation:[-0.00895515277508907f,-0.6814211213523715f,-0.7318367718375809f,0.3496504502896244f,-0.3569605326462717f,0.6858248149097588f,-0.6342109281515771f,1.111744714702212f,0.9340765404246404f,0.2555573881320423f,-0.24938211242882632f,-0.29309534740914067f,0f,0f,0f,1f],start_interpolation:0}
execute if entity @s[tag=aj.dino.bone.leg_right_3] run data modify entity @s {} merge value {transformation:[-0.8072278768081079f,0.10265157707709832f,-0.5812450504111488f,0.010514483331508714f,-0.14801272932888584f,0.9180901128949437f,0.36769930182305666f,0.23071453684569856f,0.5713802471738837f,0.38284879303470953f,-0.7259141924576058f,-0.18310510054109969f,0f,0f,0f,1f],start_interpolation:0}
execute if entity @s[tag=aj.dino.bone.leg_right_2] run data modify entity @s {} merge value {transformation:[-0.8040782977403365f,0.15490460149545604f,-0.6176769827662607f,0.02878096521502413f,-0.015422865733988165f,0.9898627983915255f,0.2683206571878949f,0.4697663547851219f,0.6366179590745529f,0.21963242997500704f,-0.7736545542990871f,-0.15680612631259405f,0f,0f,0f,1f],start_interpolation:0}
execute if entity @s[tag=aj.dino.bone.leg_right_1] run data modify entity @s {} merge value {transformation:[-0.5783739773784928f,0.5815740696229024f,-0.5720621852855146f,0.2055978195730113f,-0.330853100073388f,0.4737606511128353f,0.8161415757262773f,0.5485980837553701f,0.7456673309614762f,0.6613035966932267f,-0.08159524825252146f,0.04202733209487144f,0f,0f,0f,1f],start_interpolation:0}
execute if entity @s[tag=aj.dino.bone.leg_right_0] run data modify entity @s {} merge value {transformation:[-0.5972996761514171f,-0.31773328077077256f,-0.7363957218507273f,0.21024401459949535f,-0.27608842836317804f,0.9435183574123545f,-0.18316192003209242f,0.9660669348378852f,0.752999519650154f,0.09390778198069472f,-0.6512856914519954f,0.04436181535114911f,0f,0f,0f,1f],start_interpolation:0}
execute if entity @s[tag=aj.dino.bone.tail_4] run data modify entity @s {} merge value {transformation:[2.380457048315321f,0.5095534174988521f,-1.303626053529598f,-1.0895520686917401f,-1.326530513480786f,1.6418699975786673f,-1.780517070812698f,1.077232801965642f,0.446544924425656f,2.1610829593900993f,1.6601142745917874f,0.6268681588799843f,0f,0f,0f,1f],start_interpolation:0}
execute if entity @s[tag=aj.dino.bone.tail_3] run data modify entity @s {} merge value {transformation:[1.553226665740502f,0.7392752092440626f,-1.1734157898521034f,-0.8978185015902677f,-1.247504563202844f,1.5144885541578519f,-0.6971386592044548f,1.1806212969430887f,0.6059412642040218f,1.2230053599091264f,1.5725897748659134f,0.34824697916169856f,0f,0f,0f,1f],start_interpolation:0}
execute if entity @s[tag=aj.dino.bone.tail_2] run data modify entity @s {} merge value {transformation:[1.4074810658823593f,0.3679114907432386f,-1.3047651356334304f,-0.6541372122222382f,-0.9500050732980944f,1.6094260413833616f,-0.570974651825929f,1.2864447287079481f,0.9670890780550248f,1.045544273237124f,1.3380395221407f,0.10047225391599583f,0f,0f,0f,1f],start_interpolation:0}
execute if entity @s[tag=aj.dino.bone.tail_1] run data modify entity @s {} merge value {transformation:[0.7755594997900925f,0.37218368312582417f,-1.2440430130426514f,-0.39172354442665586f,-0.7554434674627166f,1.3079045846162713f,-0.07966815554314308f,1.2883223739768885f,1.0561576017589656f,0.6622092973936826f,0.8565431785334092f,-0.09295012948660299f,0f,0f,0f,1f],start_interpolation:0}
execute if entity @s[tag=aj.dino.bone.tail_0] run data modify entity @s {} merge value {transformation:[0.09099235491627228f,0.5643215521145848f,-1.1432835578935812f,-0.044011432124870076f,-0.7373647072550626f,0.9583525143229279f,0.4143542727782662f,1.1903651783075584f,1.0401198952166404f,0.630029650646647f,0.3937625673735594f,-0.19281296579727564f,0f,0f,0f,1f],start_interpolation:0}
execute if entity @s[tag=aj.dino.bone.body_1] run data modify entity @s {} merge value {transformation:[-0.4384489901060541f,0.37532219546870194f,-1.0933893760777929f,0.18490566853104626f,-0.4581730760578415f,1.017203173341426f,0.5328974869297832f,0.997958125f,1.0613409021171882f,0.5941679466185773f,-0.2216405553151018f,-0.1813060690904013f,0f,0f,0f,1f],start_interpolation:0}