execute if entity @s[tag=aj.dino.bone.head_lower] run data modify entity @s {} merge value {transformation:[-0.683510839619803f,-0.17347910577437403f,-0.7090260446428999f,0.5693013938695466f,-0.12994871833337307f,0.9847507387497844f,-0.11566898086897642f,1.0904403933261326f,0.7182800726219164f,0.01307602353460477f,-0.6956311917120858f,0.3064235829818272f,0f,0f,0f,1f],start_interpolation:0}
execute if entity @s[tag=aj.dino.bone.head_upper] run data modify entity @s {} merge value {transformation:[-0.7114661481640698f,-0.4010225618812069f,-0.6453439140972219f,0.5155873695420188f,-0.13526356676790874f,0.9368335709503232f,-0.43303414464588863f,1.0815825207534928f,0.7476574283087892f,-0.21212191726977817f,-0.6924482686035021f,0.2541569762828508f,0f,0f,0f,1f],start_interpolation:0}
execute if entity @s[tag=aj.dino.bone.neck_0] run data modify entity @s {} merge value {transformation:[-0.6550615734414759f,-0.6394900921317105f,-0.4024260889477151f,0.5001575340918814f,0.040677963883581775f,0.5019879942921194f,-0.8639174479317228f,1.0175586482830823f,0.7544797136137352f,-0.5822889966777247f,-0.3028198905180841f,0.24378392532514354f,0f,0f,0f,1f],start_interpolation:0}
execute if entity @s[tag=aj.dino.bone.neck_1] run data modify entity @s {} merge value {transformation:[-0.5927720433249735f,-0.5879646686161324f,-0.5503806438379328f,0.4508243900801271f,0.19776896702869712f,0.5561946088633518f,-0.8071771755641663f,0.9517424663510755f,0.7807104074704896f,-0.5873202750888689f,-0.2134154496206806f,0.2229991245721956f,0f,0f,0f,1f],start_interpolation:0}
execute if entity @s[tag=aj.dino.bone.neck_2] run data modify entity @s {} merge value {transformation:[-0.6771895961005026f,-0.40403617214684334f,-0.6149544881779174f,0.3929939981091549f,0.17351480470863634f,0.724495953280693f,-0.6670818737057869f,0.9003943592929846f,0.7150572448973312f,-0.5584446125416791f,-0.42051486447331654f,0.18069134679818358f,0f,0f,0f,1f],start_interpolation:0}
execute if entity @s[tag=aj.dino.bone.body_0] run data modify entity @s {} merge value {transformation:[-0.7426772094664111f,-0.2641688748075522f,-0.615341667792858f,0.10046923886599975f,0.1892402564295274f,0.798651478190983f,-0.5712652113772063f,0.6387673610595668f,0.6423540206814862f,-0.5407130680557566f,-0.5431488655498227f,-0.08044364459176814f,0f,0f,0f,1f],start_interpolation:0}
execute if entity @s[tag=aj.dino.bone.leg_left_3] run data modify entity @s {} merge value {transformation:[-0.776860714831478f,0.10093031924535478f,-0.6215307718919116f,0.26067858766998797f,-0.08189857633201854f,0.9624890445337206f,0.2586647682761488f,0.0327354137347102f,0.6243236764261895f,0.2518489821492159f,-0.7394538776990018f,-0.3260730650981887f,0f,0f,0f,1f],start_interpolation:0}
execute if entity @s[tag=aj.dino.bone.leg_left_2] run data modify entity @s {} merge value {transformation:[-0.7548502456925148f,-0.18574657388685623f,-0.6691498459746804f,0.1955305452574769f,-0.06816183808337939f,1.0033748257086423f,-0.2016311544973659f,0.2602835781711627f,0.6910985963722825f,-0.10392001214463048f,-0.7507633186756095f,-0.3724264630042154f,0f,0f,0f,1f],start_interpolation:0}
execute if entity @s[tag=aj.dino.bone.leg_left_1] run data modify entity @s {} merge value {transformation:[-0.8777096952732186f,0.46254273161573484f,-0.12521945636700285f,0.34531025851977926f,0.2125373154577469f,0.6099703009191684f,0.7633898882842194f,0.3812732969233199f,0.429480593695929f,0.6434208991212776f,-0.6336844374075782f,-0.1725742398214296f,0f,0f,0f,1f],start_interpolation:0}
execute if entity @s[tag=aj.dino.bone.leg_left_0] run data modify entity @s {} merge value {transformation:[-0.8690362750844377f,-0.18083525013558233f,-0.4605155425127004f,0.21074956952047985f,0.1674324062631671f,0.7683898087073844f,-0.6176920682731444f,0.7527204111069863f,0.46555594929105054f,-0.6139020395657848f,-0.6374809361045067f,-0.30758439094019985f,0f,0f,0f,1f],start_interpolation:0}
execute if entity @s[tag=aj.dino.bone.leg_right_3] run data modify entity @s {} merge value {transformation:[-0.7222296328584367f,0.5391833664836528f,-0.4332039412661464f,-0.5604622777774841f,0.31846479528762134f,0.815224886644547f,0.4837236384112302f,0.2918258854403608f,0.6139743737189536f,0.21139934130157584f,-0.7604904910080585f,-0.24330233858294287f,0f,0f,0f,1f],start_interpolation:0}
execute if entity @s[tag=aj.dino.bone.leg_right_2] run data modify entity @s {} merge value {transformation:[-0.6570167758359635f,0.6137286155312653f,-0.4936885073088961f,-0.4316409332036748f,0.4214060807277328f,0.8170426093382452f,0.45488513841643247f,0.4956815594100808f,0.6654382547588477f,0.0885480688921093f,-0.7755084577873222f,-0.2476609436995741f,0f,0f,0f,1f],start_interpolation:0}
execute if entity @s[tag=aj.dino.bone.leg_right_1] run data modify entity @s {} merge value {transformation:[-0.7193620554324366f,0.6782730424253908f,0.14987966213941128f,-0.2696509437756349f,0.024397417363072767f,-0.19096353809808556f,0.9812938872443224f,0.39224447560720627f,0.6942067409857325f,0.7095622643828129f,0.12082381277671592f,-0.047477531101960874f,0f,0f,0f,1f],start_interpolation:0}
execute if entity @s[tag=aj.dino.bone.leg_right_0] run data modify entity @s {} merge value {transformation:[-0.7206994449013409f,-0.012176393589023504f,-0.6931407112254078f,-0.1342060272152274f,0.08248957443929601f,0.9912360353488214f,-0.10318232568988558f,0.7802441176330814f,0.6883224391429665f,-0.13154032714386468f,-0.7133788349167376f,-0.12108616463220656f,0f,0f,0f,1f],start_interpolation:0}
execute if entity @s[tag=aj.dino.bone.tail_4] run data modify entity @s {} merge value {transformation:[-2.6504131210861877f,-0.7400874526460819f,0.23074267401155887f,-0.32321461273207625f,-0.765751112592376f,2.3712704811915786f,-1.1901104445357151f,0.4513636959259154f,0.12081743556999314f,-1.2062372067986016f,-2.4811401169214524f,-1.8321642639923128f,0f,0f,0f,1f],start_interpolation:0}
execute if entity @s[tag=aj.dino.bone.tail_3] run data modify entity @s {} merge value {transformation:[-2.0306429046582957f,-0.4608978700709431f,-0.00284133233383758f,-0.3182225802742894f,-0.43836791321922897f,1.935271141198039f,-0.6312722936659763f,0.5394660013866974f,0.1423674557796899f,-0.6150156822834291f,-1.984296536338435f,-1.489682488098761f,0f,0f,0f,1f],start_interpolation:0}
execute if entity @s[tag=aj.dino.bone.tail_2] run data modify entity @s {} merge value {transformation:[-1.9500391952382763f,-0.021835760280004526f,0.12507682283391092f,-0.3429212310662219f,-0.07699297616276153f,1.734095564134114f,-0.8976405355568371f,0.7066911173566686f,-0.10096085211026987f,-0.9006717765235897f,-1.731291752512495f,-1.1681281051290546f,0f,0f,0f,1f],start_interpolation:0}
execute if entity @s[tag=aj.dino.bone.tail_1] run data modify entity @s {} merge value {transformation:[-1.5060868113304406f,0.07495904926819917f,-0.1172173522534671f,-0.3171747885787001f,0.10555917793980524f,1.445710503584825f,-0.43178078903210276f,0.7818323600911924f,0.09064230077164999f,-0.4381307233661209f,-1.4448119921129883f,-0.8519515858579736f,0f,0f,0f,1f],start_interpolation:0}
execute if entity @s[tag=aj.dino.bone.tail_0] run data modify entity @s {} merge value {transformation:[-1.102130469712564f,-0.012039109646103654f,-0.6473014785663012f,-0.1283087770170825f,0.020863248103674074f,1.2766705895560881f,-0.05926759000585857f,0.829960062912902f,0.647077174063307f,-0.061668324004038745f,-1.1006015924051742f,-0.5318183867069117f,0f,0f,0f,1f],start_interpolation:0}
execute if entity @s[tag=aj.dino.bone.body_1] run data modify entity @s {} merge value {transformation:[-1.0849243241279665f,0.18800443734714037f,-0.5623149806909916f,-0.010241853812388074f,0.08656516659794582f,1.2102283152891253f,0.23760995741038582f,0.6932016107871721f,0.5865579919356612f,0.16913412271472794f,-1.0751502061043259f,-0.2932534076672747f,0f,0f,0f,1f],start_interpolation:0}