execute if entity @s[tag=aj.dino.bone.head_lower] run data modify entity @s {} merge value {transformation:[-0.9991397218264235f,0.030765864587574923f,-0.0278078737913581f,0.02593720504141233f,0.026508994710437103f,0.9894747593557519f,0.14225671793387695f,0.4912081792285075f,0.03189184014852569f,0.1413971788051503f,-0.9894391079585874f,0.8260557216766201f,0f,0f,0f,1f],start_interpolation:0}
execute if entity @s[tag=aj.dino.bone.head_upper] run data modify entity @s {} merge value {transformation:[-1.040004120140907f,0.04264834760061098f,-0.006670166443406401f,0.02611219168892352f,0.02759320154867952f,0.780499712199334f,0.6881357112289389f,0.5561809226953314f,0.033196203122333665f,0.6873669036891442f,-0.7809588301533996f,0.7876634245603449f,0f,0f,0f,1f],start_interpolation:0}
execute if entity @s[tag=aj.dino.bone.neck_0] run data modify entity @s {} merge value {transformation:[-0.9991397218264235f,0.027474415233920052f,-0.031064010947899807f,0.023980420244851863f,0.026508994710437103f,0.9991654771141631f,0.031074467697268154f,0.5419633611935154f,0.03189184014852569f,0.0302242593090499f,-0.999034235990519f,0.7225630962220853f,0f,0f,0f,1f],start_interpolation:0}
execute if entity @s[tag=aj.dino.bone.neck_1] run data modify entity @s {} merge value {transformation:[-0.9991397218264235f,0.030775569492126918f,-0.027797132784738145f,0.021767417462320787f,0.026508994710437103f,0.9894250421122909f,0.14260210110841065f,0.5586017883008559f,0.03189184014852569f,0.14174254958736504f,-0.9893896907530491f,0.6394017938837412f,0f,0f,0f,1f],start_interpolation:0}
execute if entity @s[tag=aj.dino.bone.neck_2] run data modify entity @s {} merge value {transformation:[-0.9991397218264235f,0.033538131768460225f,-0.024392826529504454f,0.019958782183482807f,0.026508994710437103f,0.9688415394909385f,0.2462586943770114f,0.5896614610660685f,0.03189184014852569f,0.24540021408774215f,-0.9688971284185081f,0.5569217601768695f,0f,0f,0f,1f],start_interpolation:0}
execute if entity @s[tag=aj.dino.bone.body_0] run data modify entity @s {} merge value {transformation:[-0.9991397218264235f,0.027215417645944675f,-0.03129116985626937f,0.005470632044459696f,0.026508994710437103f,0.9993891384318093f,0.022773299804112884f,0.6099148626438586f,0.03189184014852569f,0.02192421097514788f,-0.9992508391315256f,0.08618744239963022f,0f,0f,0f,1f],start_interpolation:0}
execute if entity @s[tag=aj.dino.bone.leg_left_3] run data modify entity @s {} merge value {transformation:[-0.9816141414040271f,0.006203043851962187f,-0.1907752595139242f,0.2013327396726696f,0.005167945451188388f,0.9999691059074676f,0.005922800894304914f,0.033647585448695616f,0.19080610507907778f,0.004827988979965725f,-0.9816158723181697f,-0.11621871307187676f,0f,0f,0f,1f],start_interpolation:0}
execute if entity @s[tag=aj.dino.bone.leg_left_2] run data modify entity @s {} merge value {transformation:[-1.0068919031016326f,-0.06750445183291003f,-0.18350488808695162f,0.17836435674375692f,0.0007543856873416982f,0.9612854476941728f,-0.3577595819182808f,0.2466666243868082f,0.19552576779366207f,-0.35133408108927716f,-0.9436080950768421f,-0.22697255951311487f,0f,0f,0f,1f],start_interpolation:0}
execute if entity @s[tag=aj.dino.bone.leg_left_1] run data modify entity @s {} merge value {transformation:[-0.9483052671402646f,0.1145024686622803f,0.29598362283118734f,0.2126593299466626f,0.31303316270731835f,0.49095583653867325f,0.8130022174718007f,0.33069114286704215f,-0.052224126220403504f,0.8636269745896402f,-0.501419075626028f,0.035281364703363655f,0f,0f,0f,1f],start_interpolation:0}
execute if entity @s[tag=aj.dino.bone.leg_left_0] run data modify entity @s {} merge value {transformation:[-0.9646265966568484f,0.2501803310320871f,-0.08309832120386693f,0.20549042106322282f,0.2620295994131954f,0.8753521083098244f,-0.4063239785059525f,0.7379277963485184f,-0.02891397678608195f,-0.41372513634322583f,-0.9099425770367013f,-0.05644754770206112f,0f,0f,0f,1f],start_interpolation:0}
execute if entity @s[tag=aj.dino.bone.leg_right_3] run data modify entity @s {} merge value {transformation:[-0.9871532787553798f,0.021303249380004864f,0.15834953681130956f,-0.20019022515456147f,0.029591097054657657f,0.9983023968793607f,0.05016663592494203f,0.07791012473374734f,-0.15701200978780197f,0.05420789564977782f,-0.9861078707887989f,-0.1264219569501982f,0f,0f,0f,1f],start_interpolation:0}
execute if entity @s[tag=aj.dino.bone.leg_right_2] run data modify entity @s {} merge value {transformation:[-1.0136419650288135f,0.07567019285426699f,0.13735424327853019f,-0.17673420958962632f,0.03628186874484037f,0.9871761331100933f,-0.27609619287284687f,0.2994305521124979f,-0.15256405944258897f,-0.2679916111222438f,-0.9782468520957259f,-0.21888593725479483f,0f,0f,0f,1f],start_interpolation:0}
execute if entity @s[tag=aj.dino.bone.leg_right_1] run data modify entity @s {} merge value {transformation:[-0.9514868763650853f,-0.07302658704796253f,-0.2988977110804611f,-0.19967029330252983f,-0.30440661822728743f,0.36493733164672815f,0.8798621225794374f,0.3458455852745135f,0.04482560523226571f,0.928163704070943f,-0.3694628581615053f,0.053754790480900136f,0f,0f,0f,1f],start_interpolation:0}
execute if entity @s[tag=aj.dino.bone.leg_right_0] run data modify entity @s {} merge value {transformation:[-0.9668952430075984f,-0.234361335922514f,0.10093737302848468f,-0.18747875486199098f,-0.25449370547759237f,0.8568101741751336f,-0.4484520925386143f,0.7483553238075261f,0.018615663339280067f,-0.45929412107558254f,-0.8880891663700481f,-0.05644754770206116f,0f,0f,0f,1f],start_interpolation:0}
execute if entity @s[tag=aj.dino.bone.tail_4] run data modify entity @s {} merge value {transformation:[-2.7604817901015206f,0.06869235840795543f,0.026133848056804913f,0.012973280725835937f,0.07317353973762399f,2.6605983031845724f,0.7358828940623919f,0.8466663491132803f,-0.00687395084136698f,0.7363147157212929f,-2.661476041562671f,-1.8256438409209599f,0f,0f,0f,1f],start_interpolation:0}
execute if entity @s[tag=aj.dino.bone.tail_3] run data modify entity @s {} merge value {transformation:[-2.0815557090511767f,0.05466885072600352f,0.009092465078010321f,0.010896557029823856f,0.05517688975109405f,2.076301263851128f,0.14789894729865072f,0.8012699152320257f,-0.0051833385276772136f,0.1480874894613026f,-2.077014384762706f,-1.4749081078621211f,0f,0f,0f,1f],start_interpolation:0}
execute if entity @s[tag=aj.dino.bone.tail_2] run data modify entity @s {} merge value {transformation:[-1.9534947879288385f,0.05125992774873659f,-0.002099605875583808f,0.009854564673937952f,0.05127010728062031f,1.9477506817547487f,-0.14970815884955294f,0.8296017193050492f,-0.0018342947070099686f,-0.14971164461685535f,-1.9484242181393203f,-1.1127372820091286f,0f,0f,0f,1f],start_interpolation:0}
execute if entity @s[tag=aj.dino.bone.tail_1] run data modify entity @s {} merge value {transformation:[-1.5119677914740521f,0.04011962112951664f,-0.00025208233128964653f,0.01086288059965285f,0.04012041307212211f,1.5119379465243004f,-0.009499911305119495f,0.813125784834973f,-1.8516265162425906e-16f,-0.009503255247907693f,-1.5124701445449078f,-0.7871544140919731f,0f,0f,0f,1f],start_interpolation:0}
execute if entity @s[tag=aj.dino.bone.tail_0] run data modify entity @s {} merge value {transformation:[-1.277766063174985f,0.03383437786085351f,0.002199831151898287f,0.01103652261667203f,0.03390581634952735f,1.2750738502670012f,0.08290228324349876f,0.8196696141945488f,-1.56481211932636e-16f,0.08293146462038493f,-1.2755226727737714f,-0.4124157592316238f,0f,0f,0f,1f],start_interpolation:0}
execute if entity @s[tag=aj.dino.bone.body_1] run data modify entity @s {} merge value {transformation:[-1.2359324551572197f,0.03193186437983913f,0.007477792623791579f,0.007147202908552258f,0.03279575193979962f,1.2033762059539204f,0.2818062111716156f,0.6730976903499156f,-1.513580725170619e-16f,0.28190540618694354f,-1.203799791086053f,-0.1515375f,0f,0f,0f,1f],start_interpolation:0}