execute if entity @s[tag=aj.dino.bone.head_lower] run data modify entity @s {} merge value {transformation:[-0.9665818510676933f,0.014403464395239152f,-0.25595324846535317f,0.06024941461346532f,-0.05744425327318285f,0.9608626613757671f,0.2710038814108839f,0.37299948382014947f,0.24983931426506553f,0.2766504765715994f,-0.9279250135976878f,0.7996532514923762f,0f,0f,0f,1f],start_interpolation:0}
execute if entity @s[tag=aj.dino.bone.head_upper] run data modify entity @s {} merge value {transformation:[-1.006114646033924f,0.1801800856892697f,-0.1968258070999491f,0.05041433145036592f,-0.059793699296950505f,0.5960238194696601f,0.8512650954507011f,0.4450484524654363f,0.26005763811879246f,0.8341239032238034f,-0.5657554962263026f,0.7794623191681307f,0f,0f,0f,1f],start_interpolation:0}
execute if entity @s[tag=aj.dino.bone.neck_0] run data modify entity @s {} merge value {transformation:[-0.9866517532372261f,0.028944578202494665f,-0.16025145623858664f,0.0399011588909526f,-0.008587434382365589f,0.9734595487633726f,0.22869797308270945f,0.44403819331531513f,0.1626178766453324f,0.22702140496898263f,-0.9602170108268615f,0.7136353578719985f,0f,0f,0f,1f],start_interpolation:0}
execute if entity @s[tag=aj.dino.bone.neck_1] run data modify entity @s {} merge value {transformation:[-0.9982074311870786f,-0.028107757484048566f,-0.052838227564064505f,0.03529557858928024f,-0.04262875157638184f,0.9535950511907619f,0.2980591684272229f,0.473680810109141f,0.042008497496733646f,0.2997773045340598f,-0.9530838650529977f,0.6342776818461062f,0f,0f,0f,1f],start_interpolation:0}
execute if entity @s[tag=aj.dino.bone.neck_2] run data modify entity @s {} merge value {transformation:[-0.9973992403243819f,-0.03851434229652986f,-0.06092126753287182f,0.029581339161347198f,-0.0601598266257871f,0.9103702205591111f,0.4093981641135082f,0.5184602532123768f,0.039693206732402564f,0.41199843076961046f,-0.9103195825547626f,0.5585605811536936f,0f,0f,0f,1f],start_interpolation:0}
execute if entity @s[tag=aj.dino.bone.body_0] run data modify entity @s {} merge value {transformation:[-0.997332382008188f,-0.05628570517739759f,-0.04647622177583903f,0.007141078425279743f,-0.060891805312801764f,0.9926587880943794f,0.10450224143407619f,0.5771680834969355f,0.040253047631474345f,0.10705349042269095f,-0.9934380918530843f,0.09137675216931854f,0f,0f,0f,1f],start_interpolation:0}
execute if entity @s[tag=aj.dino.bone.leg_left_3] run data modify entity @s {} merge value {transformation:[-0.983043079026861f,-0.009506104526093961f,-0.18312820305492994f,0.21059883644360644f,-0.018147207486663174f,0.9987963843329856f,0.04556820716015797f,0.03882663147901405f,0.18247461094032955f,0.04811877616995325f,-0.9820323822268191f,-0.10861237460361699f,0f,0f,0f,1f],start_interpolation:0}
execute if entity @s[tag=aj.dino.bone.leg_left_2] run data modify entity @s {} merge value {transformation:[-1.0077183427458345f,-0.08297129553348753f,-0.17228379294576168f,0.184370654685044f,-0.03838316676838357f,0.9930754807962593f,-0.2537518895511973f,0.2624094673855569f,0.18733038649165765f,-0.24285603360729419f,-0.9787698773144347f,-0.195179516381796f,0f,0f,0f,1f],start_interpolation:0}
execute if entity @s[tag=aj.dino.bone.leg_left_1] run data modify entity @s {} merge value {transformation:[-0.9534146421459639f,0.10146457032695279f,0.2840870660731505f,0.21585634349952046f,0.3007623563978251f,0.39243835704077545f,0.8692146690531426f,0.3169329484991729f,-0.02329216854891987f,0.91416468805763f,-0.4046731990048081f,0.07509668876193612f,0f,0f,0f,1f],start_interpolation:0}
execute if entity @s[tag=aj.dino.bone.leg_left_0] run data modify entity @s {} merge value {transformation:[-0.9676296736159119f,0.2132365153307198f,-0.13499260449215555f,0.19805742624631265f,0.252301961435783f,0.8301473218823037f,-0.49719125517983065f,0.7126868107297811f,0.006044418385626138f,-0.5151559108670408f,-0.8570751731937689f,-0.05669617006821184f,0f,0f,0f,1f],start_interpolation:0}
execute if entity @s[tag=aj.dino.bone.leg_right_3] run data modify entity @s {} merge value {transformation:[-0.9856831143073639f,-0.010357277667238811f,0.16829000258084098f,-0.19466518209628306f,-0.00402288773101043f,0.999272029024745f,0.037937163613961156f,0.02560704105316647f,-0.16856041808099387f,0.03671700979236303f,-0.9850072317746035f,-0.11258435615941653f,0f,0f,0f,1f],start_interpolation:0}
execute if entity @s[tag=aj.dino.bone.leg_right_2] run data modify entity @s {} merge value {transformation:[-1.0130840942512032f,0.05959190758079826f,0.148901383562392f,-0.17460099859665007f,0.015801193240714866f,0.9847227951933744f,-0.2865894946075501f,0.24626308217636747f,-0.15960306941936478f,-0.2807704056308696f,-0.9735281398369994f,-0.2078703053982465f,0f,0f,0f,1f],start_interpolation:0}
execute if entity @s[tag=aj.dino.bone.leg_right_1] run data modify entity @s {} merge value {transformation:[-0.9461403874328624f,-0.0840382539685089f,-0.31265946193633243f,-0.19969225776980426f,-0.3192309282080372f,0.40306737619951644f,0.8576877664506308f,0.30391766617625937f,0.05394424662396883f,0.9113036058929874f,-0.4081859332983077f,0.062425390676756926f,0f,0f,0f,1f],start_interpolation:0}
execute if entity @s[tag=aj.dino.bone.leg_right_0] run data modify entity @s {} merge value {transformation:[-0.9626025783291009f,-0.2524250486857297f,0.09837617084525084f,-0.19488375443394754f,-0.2694426882955858f,0.8541769332855648f,-0.44472733710321377f,0.7068284927038118f,0.028229663799180495f,-0.45460242128575906f,-0.8902470020409563f,-0.04687704629061684f,0f,0f,0f,1f],start_interpolation:0}
execute if entity @s[tag=aj.dino.bone.tail_4] run data modify entity @s {} merge value {transformation:[-2.553345147066874f,0.17802220256748608f,-1.0365317105342533f,-0.10984431955672215f,0.0385741843301037f,2.735632519363832f,0.37481739941251746f,0.643351243550616f,1.051000439511474f,0.33209056895990924f,-2.5319508805967335f,-1.7972986576702967f,0f,0f,0f,1f],start_interpolation:0}
execute if entity @s[tag=aj.dino.bone.tail_3] run data modify entity @s {} merge value {transformation:[-2.005325653970232f,0.04820432359544912f,-0.5588299300860774f,-0.015559131636466817f,0.07280459191200575f,2.079408491502319f,-0.08188615822604152f,0.6368874653963228f,0.5561600839415134f,-0.09839814377923631f,-2.0042328438520847f,-1.4564919289433247f,0f,0f,0f,1f],start_interpolation:0}
execute if entity @s[tag=aj.dino.bone.tail_2] run data modify entity @s {} merge value {transformation:[-1.9377673890931981f,0.028050576472396987f,-0.2510868095485582f,0.029691160163111237f,0.07939278078187563f,1.9113131948973372f,-0.39918984502844085f,0.7116094947934237f,0.23985038488488764f,-0.4060405289791598f,-1.8964115472912713f,-1.1038724266693118f,0f,0f,0f,1f],start_interpolation:0}
execute if entity @s[tag=aj.dino.bone.tail_1] run data modify entity @s {} merge value {transformation:[-1.5089693756857174f,0.03998073428639931f,0.09523242162508211f,0.010151109306380756f,0.025166905716894134f,1.4948805603550304f,-0.22881212190193903f,0.7425498962574106f,-0.1001713536860416f,-0.22669340784096753f,-1.4920563155397841f,-0.7799317608544254f,0f,0f,0f,1f],start_interpolation:0}
execute if entity @s[tag=aj.dino.bone.tail_0] run data modify entity @s {} merge value {transformation:[-1.276621228648219f,-0.012817810855225462f,0.06252726504189543f,-0.00843012741657322f,-0.01471394969250948f,1.2775504654156946f,-0.03852303965961045f,0.7846367922915918f,-0.06210841193579237f,-0.039194752519301476f,-1.2761042406973628f,-0.40797028149824954f,0f,0f,0f,1f],start_interpolation:0}
execute if entity @s[tag=aj.dino.bone.body_1] run data modify entity @s {} merge value {transformation:[-1.2358444069489938f,-0.01105220130408267f,-0.034220545224673174f,0.0002701141843943863f,-0.01842507205274045f,1.2049726919752897f,0.2762352681500412f,0.6392525f,0.030882253625524016f,0.2766283707366399f,-1.204627588083077f,-0.1465441252743762f,0f,0f,0f,1f],start_interpolation:0}