execute if entity @s[tag=aj.dino.bone.head_lower] run data modify entity @s {} merge value {transformation:[-0.7895085568813873f,0.14409356265275025f,-0.5965846828515686f,0.16741916174593865f,-0.19569327831735975f,0.8622084897654307f,0.46722656281275265f,0.3372005562256631f,0.5817047184203282f,0.485626981724093f,-0.6525228388256414f,0.7749042920530383f,0f,0f,0f,1f],start_interpolation:0}
execute if entity @s[tag=aj.dino.bone.head_upper] run data modify entity @s {} merge value {transformation:[-0.8217991278959375f,0.41832520698672404f,-0.48282725396615483f,0.14327259487096322f,-0.2036970518616738f,0.574050046842432f,0.8440651618012505f,0.4082150934413791f,0.6054961990267537f,0.7608827159971653f,-0.37135399290224136f,0.766577509722096f,0f,0f,0f,1f],start_interpolation:0}
execute if entity @s[tag=aj.dino.bone.neck_0] run data modify entity @s {} merge value {transformation:[-0.9173334407720775f,0.06422689121451726f,-0.3929049056529832f,0.11712051747296004f,-0.05907829014853909f,0.9540140831038395f,0.2938824337599398f,0.4117517349651832f,0.39371196841648864f,0.29280033416042883f,-0.8713546064841541f,0.7053541704730986f,0f,0f,0f,1f],start_interpolation:0}
execute if entity @s[tag=aj.dino.bone.neck_1] run data modify entity @s {} merge value {transformation:[-0.9848736289888304f,-0.060667002349733344f,-0.16230665343191794f,0.10309152835600038f,-0.11747842542413467f,0.9223316298512048f,0.36810757141885314f,0.44718434420350567f,0.12736857729533332f,0.3816069698025933f,-0.915507163333988f,0.6295567133162004f,0f,0f,0f,1f],start_interpolation:0}
execute if entity @s[tag=aj.dino.bone.neck_2] run data modify entity @s {} merge value {transformation:[-0.9795029152204416f,-0.07893041316761833f,-0.18532142065029922f,0.08608320391996006f,-0.16711609457266338f,0.8320738381385562f,0.5288906681159652f,0.5016656563320004f,0.11245554681489356f,0.5490201433122108f,-0.8282092925269571f,0.5623746180617611f,0f,0f,0f,1f],start_interpolation:0}
execute if entity @s[tag=aj.dino.bone.body_0] run data modify entity @s {} merge value {transformation:[-0.9788672273929003f,-0.15402805961613766f,-0.1345150846077244f,0.021219439172988616f,-0.169587648981273f,0.9790076667462487f,0.1130664307611692f,0.5642797129359656f,0.11427589618611723f,0.13348912054153805f,-0.9844397768517414f,0.09968349361525738f,0f,0f,0f,1f],start_interpolation:0}
execute if entity @s[tag=aj.dino.bone.leg_left_3] run data modify entity @s {} merge value {transformation:[-0.9753703228660575f,-0.05186133839057228f,-0.2143901463512283f,0.27481798598279267f,-0.07503105123688267f,0.9920138459116029f,0.10138476645906194f,0.06572727859646604f,0.20742004392645094f,0.11497361045043682f,-0.9714720759123963f,-0.07901065894513275f,0f,0f,0f,1f],start_interpolation:0}
execute if entity @s[tag=aj.dino.bone.leg_left_2] run data modify entity @s {} merge value {transformation:[-0.9951602208297122f,-0.15274479665764026f,-0.19592692891195126f,0.23161450601426348f,-0.13379800305132375f,1.0111135294387645f,-0.10867255617706106f,0.29785033417724566f,0.20932374150662086f,-0.0798790158965089f,-1.0009321223548424f,-0.12823888715280654f,0f,0f,0f,1f],start_interpolation:0}
execute if entity @s[tag=aj.dino.bone.leg_left_1] run data modify entity @s {} merge value {transformation:[-0.9763293367785453f,0.09110332335110596f,0.1961662830864408f,0.26540471690634126f,0.21604117874171883f,0.36734535477447894f,0.9046455656297114f,0.345364984046628f,0.010355444628528242f,0.9256120001382849f,-0.37833211595970745f,0.14308004944289918f,0f,0f,0f,1f],start_interpolation:0}
execute if entity @s[tag=aj.dino.bone.leg_left_0] run data modify entity @s {} merge value {transformation:[-0.9836910954529092f,0.09509983438265464f,-0.15266908733285556f,0.2007929235895575f,0.17301740852410802f,0.7322908502651102f,-0.6586464051109698f,0.7066218125414298f,0.04916101172939104f,-0.674319013611802f,-0.7368019155833876f,-0.05598300236410922f,0f,0f,0f,1f],start_interpolation:0}
execute if entity @s[tag=aj.dino.bone.leg_right_3] run data modify entity @s {} merge value {transformation:[-0.9858491231092478f,0.0002669540518611818f,0.16763482693122456f,-0.22548496148352543f,0.008639281957664465f,0.9987507666745354f,0.049216550816607474f,0.012550674292529929f,-0.16741227336125444f,0.04996833800079736f,-0.9846198738221033f,-0.07580254776644091f,0f,0f,0f,1f],start_interpolation:0}
execute if entity @s[tag=aj.dino.bone.leg_right_2] run data modify entity @s {} merge value {transformation:[-1.0147454037976547f,0.09564198729631641f,0.11491986441969279f,-0.19806516057422743f,0.06652025204836703f,0.994861827581293f,-0.2405975884952414f,0.2369127806003799f,-0.13389929439564285f,-0.23057483338021748f,-0.9904385012067777f,-0.15995046418280331f,0f,0f,0f,1f],start_interpolation:0}
execute if entity @s[tag=aj.dino.bone.leg_right_1] run data modify entity @s {} merge value {transformation:[-0.9593271556031088f,-0.04036560993125755f,-0.27939582326392554f,-0.2133187285189666f,-0.27101543852692517f,0.4086872764732896f,0.871507511229194f,0.29632141005544077f,0.07900658581730757f,0.9117814033987107f,-0.4030045059472287f,0.1106993632159817f,0f,0f,0f,1f],start_interpolation:0}
execute if entity @s[tag=aj.dino.bone.leg_right_0] run data modify entity @s {} merge value {transformation:[-0.9736656013972902f,-0.2161031826972522f,0.07262720622309218f,-0.19086659356247324f,-0.2224529263700829f,0.8308318688777425f,-0.5101304746890781f,0.6899266658144991f,0.049899821693468946f,-0.5128526299876367f,-0.857025196659774f,-0.026698172566851003f,0f,0f,0f,1f],start_interpolation:0}
execute if entity @s[tag=aj.dino.bone.tail_4] run data modify entity @s {} merge value {transformation:[-1.5005549875956512f,0.6296438151742588f,-2.2310411755085604f,-0.2540047507443499f,-0.013222137257322734f,2.655281449380622f,0.7582657392111898f,0.6733873256028526f,2.318150391128273f,0.42271789906265805f,-1.4398436281499079f,-1.6856461402261393f,0f,0f,0f,1f],start_interpolation:0}
execute if entity @s[tag=aj.dino.bone.tail_3] run data modify entity @s {} merge value {transformation:[-1.5766892526700527f,0.2834580047896804f,-1.3302812056403144f,-0.031212076758552115f,0.19076314646813208f,2.0625277190379885f,0.21338780704148674f,0.6170211861419952f,1.3467018781114004f,0.03970508487650324f,-1.5876911172424635f,-1.4168209439083408f,0f,0f,0f,1f],start_interpolation:0}
execute if entity @s[tag=aj.dino.bone.tail_2] run data modify entity @s {} merge value {transformation:[-1.834218741952395f,0.14699565975578685f,-0.6578812641246977f,0.08976528750826977f,0.25623585461948645f,1.9160257912375134f,-0.2862904628569721f,0.6708873540832198f,0.6235051471165021f,-0.3549807295169681f,-1.817691912342025f,-1.0785394084153124f,0f,0f,0f,1f],start_interpolation:0}
execute if entity @s[tag=aj.dino.bone.tail_1] run data modify entity @s {} merge value {transformation:[-1.4802768042318428f,0.13245889388609683f,0.280876261516765f,0.029118891497426604f,0.07829830852657996f,1.4830084007358377f,-0.28672584157834513f,0.714384506514184f,-0.3005099128731678f,-0.26607700911090665f,-1.4582705741691273f,-0.7611962355249513f,0f,0f,0f,1f],start_interpolation:0}
execute if entity @s[tag=aj.dino.bone.tail_0] run data modify entity @s {} merge value {transformation:[-1.2648701963815718f,-0.020553111355930184f,0.18307559231984638f,-0.024876034840256602f,-0.036416116810647464f,1.2730666933944665f,-0.10867739962908614f,0.7768639356644633f,-0.18059061250825068f,-0.11275850463400776f,-1.260360371834431f,-0.3956107049529323f,0f,0f,0f,1f],start_interpolation:0}
execute if entity @s[tag=aj.dino.bone.body_1] run data modify entity @s {} merge value {transformation:[-1.2318134303529273f,-0.029360465434695136f,-0.10187360270384992f,0.000785786469926872f,-0.052508122640520266f,1.2010254761135415f,0.28876512573241764f,0.6288325f,0.09210409825394235f,0.2920280189501496f,-1.1978485155849756f,-0.13679786371588448f,0f,0f,0f,1f],start_interpolation:0}