execute if entity @s[tag=aj.dino.bone.head_lower] run data modify entity @s {} merge value {transformation:[-0.9959860590436062f,0.07411332499309424f,-0.05018949341499626f,0.1707617486693472f,0.04208463581611353f,0.8826229984387992f,0.468193897925986f,0.630003798397284f,0.07899780768484047f,0.46420238871140196f,-0.8821992341277664f,0.827033605127211f,0f,0f,0f,1f],start_interpolation:0}
execute if entity @s[tag=aj.dino.bone.head_upper] run data modify entity @s {} merge value {transformation:[-1.0367214738642985f,0.06768839056278923f,-0.06402194932335944f,0.1675463410728679f,0.04380587988572766f,0.9854002848586189f,0.33247445927694547f,0.6750642132288485f,0.08222878510339725f,0.3284455860063877f,-0.9842935875625967f,0.7665796833272757f,0f,0f,0f,1f],start_interpolation:0}
execute if entity @s[tag=aj.dino.bone.neck_0] run data modify entity @s {} merge value {transformation:[-0.9884593962999435f,0.026540713942393622f,-0.14914292597967627f,0.15779107022734154f,0.053889277381728086f,0.9817369112446136f,-0.18245159051967966f,0.647313707490151f,0.14157672001295377f,-0.18838319352668836f,-0.9718373345097727f,0.7067509245546433f,0f,0f,0f,1f],start_interpolation:0}
execute if entity @s[tag=aj.dino.bone.neck_1] run data modify entity @s {} merge value {transformation:[-0.9780848835939803f,0.0610896520440283f,-0.19904274640913086f,0.14121096956120188f,0.051392691298438785f,0.9972428518537485f,0.05353023171728258f,0.6564425938640299f,0.20176409929928907f,0.04212776803655924f,-0.9785277202993303f,0.6240508608303346f,0f,0f,0f,1f],start_interpolation:0}
execute if entity @s[tag=aj.dino.bone.neck_2] run data modify entity @s {} merge value {transformation:[-0.9780848835939803f,0.09403156394303058f,-0.185763358785789f,0.1258573338871056f,0.051392691298438785f,0.9736342516581064f,0.222250163732814f,0.6854458629283926f,0.20176409929928907f,0.20783264657071326f,-0.9571294788341645f,0.5422339515187018f,0f,0f,0f,1f],start_interpolation:0}
execute if entity @s[tag=aj.dino.bone.body_0] run data modify entity @s {} merge value {transformation:[-0.9780848835939803f,0.030684867796790707f,-0.20593299729097206f,0.029094196234459486f,0.051392691298438785f,0.9940563616546925f,-0.09597260616935765f,0.6496839629532605f,0.20176409929928907f,-0.10445280629130427f,-0.9738484787130992f,0.08226777188708073f,0f,0f,0f,1f],start_interpolation:0}
execute if entity @s[tag=aj.dino.bone.leg_left_3] run data modify entity @s {} merge value {transformation:[-0.9858162595002256f,-0.04821066094269941f,-0.16075457902172524f,0.32831589035893877f,-0.03270242206233675f,0.9946726503401296f,-0.09775924639950606f,0.025750022827989494f,0.16461122105203163f,-0.0911155905255001f,-0.9821410769675346f,-0.2320348323712902f,0f,0f,0f,1f],start_interpolation:0}
execute if entity @s[tag=aj.dino.bone.leg_left_2] run data modify entity @s {} merge value {transformation:[-0.9985029667212055f,-0.1531773614929229f,-0.1777377868538706f,0.2855685202531448f,-0.11926664013812571f,1.0004513399689587f,-0.19218424598590916f,0.2528293958900099f,0.202063092869055f,-0.16642118789708235f,-0.9917341852632741f,-0.3011629217764926f,0f,0f,0f,1f],start_interpolation:0}
execute if entity @s[tag=aj.dino.bone.leg_left_1] run data modify entity @s {} merge value {transformation:[-0.9831390989905673f,0.031201126252782027f,0.18017769494744243f,0.30406877156550804f,0.1606812475679415f,0.6177524374145439f,0.7697814382981705f,0.37662704009383563f,-0.08728716237812732f,0.7857534064761973f,-0.6123500106107832f,-0.05348314938736916f,0f,0f,0f,1f],start_interpolation:0}
execute if entity @s[tag=aj.dino.bone.leg_left_0] run data modify entity @s {} merge value {transformation:[-0.9915403693962297f,0.11582468277281961f,0.058586164904045654f,0.22948405017330967f,0.10360414101277063f,0.9781355177264045f,-0.1803249592460916f,0.7874010487200233f,-0.07819128994072339f,-0.17272970741211352f,-0.9818607693327661f,-0.05046458408677415f,0f,0f,0f,1f],start_interpolation:0}
execute if entity @s[tag=aj.dino.bone.leg_right_3] run data modify entity @s {} merge value {transformation:[-0.9795764296073353f,0.12318742737854954f,0.15891782874680832f,-0.3011998332998933f,0.15389840681902395f,0.967986081381454f,0.1982882412810778f,0.2736513498568405f,-0.12940362798743882f,0.21869568808650833f,-0.9671746983229331f,0.007156486094020725f,0f,0f,0f,1f],start_interpolation:0}
execute if entity @s[tag=aj.dino.bone.leg_right_2] run data modify entity @s {} merge value {transformation:[-0.9989537877218398f,0.21201716118033356f,0.0959283736019537f,-0.24726456922925458f,0.20770161244404045f,1.003004398611465f,-0.053892634514312844f,0.5054624713067959f,-0.1049455558136175f,-0.03306205123370588f,-1.0197820995604328f,-0.03190325440383812f,0f,0f,0f,1f],start_interpolation:0}
execute if entity @s[tag=aj.dino.bone.leg_right_1] run data modify entity @s {} merge value {transformation:[-0.991732536139808f,0.007758362517944949f,-0.12808740989162207f,-0.2581145619791525f,-0.12218882355771968f,0.24781094550385663f,0.9610721235610075f,0.5193798329057675f,0.03919780809286038f,0.9687773444396418f,-0.24481419227894152f,0.2450479513404522f,0f,0f,0f,1f],start_interpolation:0}
execute if entity @s[tag=aj.dino.bone.leg_right_0] run data modify entity @s {} merge value {transformation:[-0.9963731542602868f,-0.038469686386970674f,0.07589875294558313f,-0.1635437327316249f,-0.0849832126874814f,0.4948403911608458f,-0.8648183860424657f,0.7939533506967426f,-0.004288476503472978f,-0.8681319430277111f,-0.49631495893657085f,-0.05490707886870616f,0f,0f,0f,1f],start_interpolation:0}
execute if entity @s[tag=aj.dino.bone.tail_4] run data modify entity @s {} merge value {transformation:[-2.7597403726455956f,0.01314580596506389f,0.09654840742072232f,0.06898339371476152f,0.0940000964990751f,-0.3613556115711166f,2.736100772165424f,1.9002211456214135f,0.02565909289342613f,2.737683444332378f,0.360683103541451f,-1.3039297117528834f,0f,0f,0f,1f],start_interpolation:0}
execute if entity @s[tag=aj.dino.bone.tail_3] run data modify entity @s {} merge value {transformation:[-2.080996639346857f,0.04240924618749635f,0.059999740910592965f,0.05839464712648752f,0.07088126363326432f,0.7109718207784722f,1.955873319662892f,1.561619890773986f,0.019348372987970833f,1.9566977415894353f,-0.711972692289505f,-1.2023532770044514f,0f,0f,0f,1f],start_interpolation:0}
execute if entity @s[tag=aj.dino.bone.tail_2] run data modify entity @s {} merge value {transformation:[-1.9529514258564509f,0.05665799555859452f,0.03929980645390026f,0.049658280712635006f,0.06651988872146258f,1.2547738305260483f,1.4966267449281565f,1.283748012582789f,0.018157853742003037f,1.497032524953632f,-1.2559210909054814f,-0.9685106393578493f,0f,0f,0f,1f],start_interpolation:0}
execute if entity @s[tag=aj.dino.bone.tail_1] run data modify entity @s {} merge value {transformation:[-1.5115581299843066f,0.04744764513989934f,0.02443339209000962f,0.045264589057006116f,0.05148549895883015f,1.1140669913384111f,1.0216947842712825f,1.0502231882091833f,0.014053934513375905f,1.0218902630815403f,-1.1149883529184665f,-0.7410825652910358f,0f,0f,0f,1f],start_interpolation:0}
execute if entity @s[tag=aj.dino.bone.tail_0] run data modify entity @s {} merge value {transformation:[-1.2779457020499512f,0.010918818654374933f,0.02390143500457066f,0.03854352477193465f,0.02155440128637758f,1.1005854040165086f,0.6496790691064568f,0.8869309505895812f,-0.01503020230305122f,0.6499448164644744f,-1.1005369349339067f,-0.4037957678487988f,0f,0f,0f,1f],start_interpolation:0}
execute if entity @s[tag=aj.dino.bone.body_1] run data modify entity @s {} merge value {transformation:[-1.2361167807297413f,0.015831409477790454f,0.0192162933090032f,0.03300964797914647f,0.02060772998276912f,1.186060505876648f,0.3484829879934418f,0.7260239454077149f,-0.013972147993361422f,0.3487326166704608f,-1.186083865587453f,-0.1515375f,0f,0f,0f,1f],start_interpolation:0}