execute if entity @s[tag=aj.dino.bone.head_lower] run data modify entity @s {} merge value {transformation:[-0.9937406598209318f,0.035475162980852355f,0.10592928693303387f,0.2990994832894315f,0.023228865561804618f,0.9931308236722389f,-0.11468036831477169f,0.6696881497782701f,-0.1092699447394877f,-0.11150192771240339f,-0.9877385277962216f,0.7263197959018453f,0f,0f,0f,1f],start_interpolation:0}
execute if entity @s[tag=aj.dino.bone.head_upper] run data modify entity @s {} merge value {transformation:[-1.0343842387489999f,0.04017969143892357f,0.10911820016400692f,0.3072029264339659f,0.024178916484588444f,1.0297548204855913f,-0.1499744387148227f,0.6824796852079013f,-0.11373903995018912f,-0.14650100568278598f,-1.0242425634138863f,0.652386262763271f,0f,0f,0f,1f],start_interpolation:0}
execute if entity @s[tag=aj.dino.bone.neck_0] run data modify entity @s {} merge value {transformation:[-0.9816164590850902f,0.07419328790352352f,-0.17585358478948987f,0.2949447925592589f,0.17399839054679617f,0.7265368203363439f,-0.6647321331052678f,0.6276475810280225f,0.07844544180750104f,-0.6831102434641277f,-0.7260900136580906f,0.6164987334611085f,0f,0f,0f,1f],start_interpolation:0}
execute if entity @s[tag=aj.dino.bone.neck_1] run data modify entity @s {} merge value {transformation:[-0.9033449518650416f,0.09878646053015272f,-0.4173836761971775f,0.26004201389996273f,0.27799893832307426f,0.8758944671910712f,-0.39436717996723925f,0.5982746411391012f,0.326625914818756f,-0.4722818200608551f,-0.8186973764516514f,0.5449685769627949f,0f,0f,0f,1f],start_interpolation:0}
execute if entity @s[tag=aj.dino.bone.neck_2] run data modify entity @s {} merge value {transformation:[-0.8989811484326581f,0.24442395785320176f,-0.3634416371167115f,0.23059486398861692f,0.2660883649575811f,0.9638974985369063f,-0.009929468691514266f,0.6068419041573223f,0.34789348484399685f,-0.10563399614551591f,-0.9315640515076937f,0.46232235647682235f,0f,0f,0f,1f],start_interpolation:0}
execute if entity @s[tag=aj.dino.bone.body_0] run data modify entity @s {} merge value {transformation:[-0.8966002238904865f,0.20504521677443951f,-0.3925105063529545f,0.04755944625516581f,0.2522908464745811f,0.9649530389556358f,-0.07221468960968075f,0.5819997756367169f,0.3639469292419829f,-0.16377451477017507f,-0.9169081420770158f,0.02862683055012827f,0f,0f,0f,1f],start_interpolation:0}
execute if entity @s[tag=aj.dino.bone.leg_left_3] run data modify entity @s {} merge value {transformation:[-0.9502939006223666f,0.05248228160989056f,-0.30689918956710827f,0.2268889704808409f,0.03660688394325263f,0.9976878315274367f,0.05726191465578093f,0.027925697849888187f,0.30919482286722216f,0.04318102522058536f,-0.9500178738176491f,-0.09936423233716019f,0f,0f,0f,1f],start_interpolation:0}
execute if entity @s[tag=aj.dino.bone.leg_left_2] run data modify entity @s {} merge value {transformation:[-0.9582792605460284f,0.03609041298845408f,-0.3639512884966534f,0.22256721471091528f,0.008705981213009353f,1.022656464543318f,0.07848669262731037f,0.26874453152984856f,0.36563269027696377f,0.07023843049768376f,-0.9557413343487592f,-0.11196120967715359f,0f,0f,0f,1f],start_interpolation:0}
execute if entity @s[tag=aj.dino.bone.leg_left_1] run data modify entity @s {} merge value {transformation:[-0.9585635685172227f,0.2324879436818969f,0.1646366944338078f,0.29608560344513246f,0.2772908711615692f,0.6289470986208106f,0.7263162671363776f,0.39556629149940203f,0.06531200411858332f,0.7418725653230662f,-0.6673525597006332f,0.12367553061585573f,0f,0f,0f,1f],start_interpolation:0}
execute if entity @s[tag=aj.dino.bone.leg_left_0] run data modify entity @s {} merge value {transformation:[-0.9613725655077271f,0.015939382950943826f,-0.2747885120601554f,0.21292922961925148f,0.24936572538147111f,0.47309031822707853f,-0.8449865595409041f,0.6790992685556311f,0.11653122025476134f,-0.8808697332017628f,-0.45879078874252865f,-0.17128437679227881f,0f,0f,0f,1f],start_interpolation:0}
execute if entity @s[tag=aj.dino.bone.leg_right_3] run data modify entity @s {} merge value {transformation:[-0.9102306041028219f,0.40906777428111374f,-0.06437238071803811f,-0.49998978846861386f,0.25106041213203145f,0.6687661575842074f,0.6998003257573902f,0.19338699369983237f,0.329315831406124f,0.6208183168325101f,-0.711432147622345f,-0.25290118090022035f,0f,0f,0f,1f],start_interpolation:0}
execute if entity @s[tag=aj.dino.bone.leg_right_2] run data modify entity @s {} merge value {transformation:[-0.8697280128807543f,0.46208659749863906f,-0.28655079745713463f,-0.3997844994981343f,0.3756087865885397f,0.9014518965745193f,0.31363149889700337f,0.41262402874033116f,0.39313283066754146f,0.16100513679701983f,-0.9335877692413248f,-0.24483305875133116f,0f,0f,0f,1f],start_interpolation:0}
execute if entity @s[tag=aj.dino.bone.leg_right_1] run data modify entity @s {} merge value {transformation:[-0.9026742801768215f,0.4049942271102058f,0.14546071605304436f,-0.31545223742480344f,0.0811115123323183f,-0.17183752698890767f,0.9817804168374414f,0.31548657741046193f,0.42261101082960617f,0.8980264697244416f,0.1222636217353103f,0.0010648281499147233f,0f,0f,0f,1f],start_interpolation:0}
execute if entity @s[tag=aj.dino.bone.leg_right_0] run data modify entity @s {} merge value {transformation:[-0.9033886382188027f,0.007772157909213276f,-0.42875233165384863f,-0.17245543760902798f,0.1371841670602262f,0.9525307102318503f,-0.271782542436409f,0.6956547143257505f,0.40628742614701907f,-0.30434329239633456f,-0.8615716381869761f,-0.09553424783561656f,0f,0f,0f,1f],start_interpolation:0}
execute if entity @s[tag=aj.dino.bone.tail_4] run data modify entity @s {} merge value {transformation:[-2.0282068974650245f,-1.3378228381369195f,-1.3123521503143043f,-0.5940274810240765f,0.7150534735599513f,1.2350445858946713f,-2.3641118273893267f,0.49825284590716895f,1.7322634449254963f,-2.0761879144748767f,-0.5606856808973408f,-1.6766706874634858f,0f,0f,0f,1f],start_interpolation:0}
execute if entity @s[tag=aj.dino.bone.tail_3] run data modify entity @s {} merge value {transformation:[-1.5293800023219979f,-0.33901066181805245f,-1.3718651922531226f,-0.35809235502825154f,0.5391898057443271f,1.728558275281408f,-1.0282539415834986f,0.655691416420134f,1.3062222965190136f,-1.1104519738261054f,-1.1817890048340884f,-1.4654162998855376f,0f,0f,0f,1f],start_interpolation:0}
execute if entity @s[tag=aj.dino.bone.tail_2] run data modify entity @s {} merge value {transformation:[-1.7813941482559787f,0.1799624072517899f,-0.7829574033996195f,-0.2138167042389476f,0.5030977810870214f,1.7347206844409968f,-0.7459293831460521f,0.795142854472732f,0.6263396732025275f,-0.8815506530832338f,-1.6276796167624181f,-1.162580837986628f,0f,0f,0f,1f],start_interpolation:0}
execute if entity @s[tag=aj.dino.bone.tail_1] run data modify entity @s {} merge value {transformation:[-1.4481814721911879f,0.3497168317012435f,-0.2610073010990478f,-0.1605422202113622f,0.3453772846282011f,1.4714993709014164f,0.055320725768793065f,0.7649209280837876f,0.2667230864867444f,-0.0066324250150009735f,-1.4887817355386268f,-0.8423853640714525f,0f,0f,0f,1f],start_interpolation:0}
execute if entity @s[tag=aj.dino.bone.tail_0] run data modify entity @s {} merge value {transformation:[-1.2152004126792588f,0.14768959902983747f,-0.36784705510115645f,-0.04948474803928529f,0.05055930838970801f,1.2342423470127994f,0.32851986509116654f,0.6987042544352823f,0.39315064535536726f,0.29777395413764735f,-1.1792366000417036f,-0.4905992055795969f,0f,0f,0f,1f],start_interpolation:0}
execute if entity @s[tag=aj.dino.bone.body_1] run data modify entity @s {} merge value {transformation:[-1.212078318422721f,0.0627900051582919f,-0.23564413915482982f,0.0010698610292808825f,0.05206874734821451f,1.2337671849122414f,0.06092597179824788f,0.6014368441033939f,0.23824271366693867f,0.049805057395758204f,-1.2121734449733952f,-0.2121405835254688f,0f,0f,0f,1f],start_interpolation:0}