execute if entity @s[tag=aj.dino.bone.head_lower] run data modify entity @s {} merge value {transformation:[-0.8626689824121458f,0.017041641372147448f,-0.5054817595555117f,0.21042150606780488f,-0.16136145619353956f,0.9379288248753322f,0.3070048858293285f,0.4080185456847065f,0.4793377798996168f,0.3464088652550936f,-0.8063722408624847f,0.81587681841267f,0f,0f,0f,1f],start_interpolation:0}
execute if entity @s[tag=aj.dino.bone.head_upper] run data modify entity @s {} merge value {transformation:[-0.8979517843473933f,0.18277829162103942f,-0.49370703021420925f,0.18021213239702624f,-0.16796107251791526f,0.8256746543405786f,0.6111647780113847f,0.46863880154240883f,0.4989424953734362f,0.6068981824615787f,-0.6827905425669488f,0.7825896615205166f,0f,0f,0f,1f],start_interpolation:0}
execute if entity @s[tag=aj.dino.bone.neck_0] run data modify entity @s {} merge value {transformation:[-0.9572473555941876f,-0.11003829707188821f,-0.2675239678710191f,0.1650089694621065f,-0.11533136718122966f,0.9933186014341844f,0.004102656327885479f,0.45281793006741644f,0.2652850842999726f,0.03478116188909203f,-0.9635424717289848f,0.7196349149413829f,0f,0f,0f,1f],start_interpolation:0}
execute if entity @s[tag=aj.dino.bone.neck_1] run data modify entity @s {} merge value {transformation:[-0.9699045448584048f,-0.11728150251445504f,-0.21337812219382446f,0.1463927407025395f,-0.16286689789445677f,0.9639340348488243f,0.2104888358804392f,0.47508982073925476f,0.1809959873401822f,0.2389063114026452f,-0.9540252758385048f,0.6399170640094592f,0f,0f,0f,1f],start_interpolation:0}
execute if entity @s[tag=aj.dino.bone.neck_2] run data modify entity @s {} merge value {transformation:[-0.9560830620163089f,-0.1393767616725373f,-0.2578357943172278f,0.12243980574464275f,-0.2420671685531218f,0.8714849410142517f,0.4265178583530367f,0.5209883662655361f,0.1652533341091598f,0.47020008070082586f,-0.8669505289661824f,0.5685692482081659f,0f,0f,0f,1f],start_interpolation:0}
execute if entity @s[tag=aj.dino.bone.body_0] run data modify entity @s {} merge value {transformation:[-0.9552005400213274f,-0.23246153385782692f,-0.18317631839140996f,0.03389500711105209f,-0.24510496764038592f,0.9682378752901775f,0.04938594629617174f,0.5534874536171063f,0.16587791649574748f,0.09207090816337901f,-0.9818388180801372f,0.10670938563145649f,0f,0f,0f,1f],start_interpolation:0}
execute if entity @s[tag=aj.dino.bone.leg_left_3] run data modify entity @s {} merge value {transformation:[-0.9598871662596042f,-0.07766235974983078f,-0.26941638021507747f,0.32506503575470885f,-0.12010690197084066f,0.9821431211768915f,0.14480753303568306f,0.1025976552733237f,0.25335934983551356f,0.1713576593064967f,-0.9520743628771463f,-0.06965687292047502f,0f,0f,0f,1f],start_interpolation:0}
execute if entity @s[tag=aj.dino.bone.leg_left_2] run data modify entity @s {} merge value {transformation:[-0.9735841238904739f,-0.20130286301466505f,-0.25233571001983085f,0.26883292971109923f,-0.21196879789845285f,1.0034092346020709f,0.017359036075343306f,0.33669851915293925f,0.24344482316656058f,0.06862408293069758f,-0.9940259316617533f,-0.08400287747692112f,0f,0f,0f,1f],start_interpolation:0}
execute if entity @s[tag=aj.dino.bone.leg_left_1] run data modify entity @s {} merge value {transformation:[-0.9881104943191001f,0.10209278261255146f,0.11495527284509469f,0.31015038982146603f,0.14368841642255142f,0.34723940240293416f,0.9267029925520001f,0.37902211734743996f,0.05469268691921532f,0.93220269317208f,-0.35778044781720153f,0.187133557156391f,0f,0f,0f,1f],start_interpolation:0}
execute if entity @s[tag=aj.dino.bone.leg_left_0] run data modify entity @s {} merge value {transformation:[-0.9893123934427301f,-0.010481868597806296f,-0.14543424153656279f,0.20284120690652427f,0.10643744837026439f,0.6298011466604848f,-0.7694293893851247f,0.7013149581259033f,0.09965970983825034f,-0.7766856803725927f,-0.6219544164479572f,-0.05559951147977321f,0f,0f,0f,1f],start_interpolation:0}
execute if entity @s[tag=aj.dino.bone.leg_right_3] run data modify entity @s {} merge value {transformation:[-0.9856153241862603f,0.01346058919929876f,0.168467341842926f,-0.2525728339786657f,0.021167615467412897f,0.99880567196657f,0.04403591378446245f,0.005295444364694174f,-0.16767338722837719f,0.046968523351459374f,-0.984723104750542f,-0.03611661919285897f,0f,0f,0f,1f],start_interpolation:0}
execute if entity @s[tag=aj.dino.bone.leg_right_2] run data modify entity @s {} merge value {transformation:[-1.013565822954411f,0.13228600902535465f,0.08512892490561631f,-0.21753386825369112f,0.11221574240329102f,0.9969994193232644f,-0.2132181618123712f,0.23093107613306693f,-0.11024585795539223f,-0.2013821471380025f,-0.9996765882616551f,-0.11378195652829451f,0f,0f,0f,1f],start_interpolation:0}
execute if entity @s[tag=aj.dino.bone.leg_right_1] run data modify entity @s {} merge value {transformation:[-0.9685844118609329f,0.0007656768295683791f,-0.24868383710849362f,-0.2234265635581209f,-0.22554796100764846f,0.418504854057703f,0.8797623567847361f,0.2934745417978881f,0.10474900660771623f,0.9082142373191108f,-0.40518458108072597f,0.15652708272945617f,0f,0f,0f,1f],start_interpolation:0}
execute if entity @s[tag=aj.dino.bone.leg_right_0] run data modify entity @s {} merge value {transformation:[-0.981251667293762f,-0.18768108276876944f,0.043828947100686286f,-0.18658855561637075f,-0.17863820162021438f,0.8003115055235783f,-0.5723546864038758f,0.6750673662227065f,0.07234333663239537f,-0.5694535146061757f,-0.8188340102533396f,-0.008812434878484293f,0f,0f,0f,1f],start_interpolation:0}
execute if entity @s[tag=aj.dino.bone.tail_4] run data modify entity @s {} merge value {transformation:[-1.7170664899747408f,0.8429392617267686f,-1.991682053352231f,-0.19163459355862483f,0.05619080227589197f,2.5596041637040745f,1.0348576957670843f,0.6927974821571252f,2.161986723905912f,0.6029438263953766f,-1.6087055291339944f,-1.6703401263558222f,0f,0f,0f,1f],start_interpolation:0}
execute if entity @s[tag=aj.dino.bone.tail_3] run data modify entity @s {} merge value {transformation:[-1.62071835898544f,0.47565195278590866f,-1.2177736845173417f,0.01020019379632299f,0.2763302240262107f,2.020400949770073f,0.4213871563090858f,0.6015745830044483f,1.277833766255069f,0.1663753227602745f,-1.635666727618816f,-1.3946196071369412f,0f,0f,0f,1f],start_interpolation:0}
execute if entity @s[tag=aj.dino.bone.tail_2] run data modify entity @s {} merge value {transformation:[-1.829560414504002f,0.2884908591775165f,-0.6231015879082163f,0.12474920598637265f,0.3670333698282218f,1.9096062429964054f,-0.19355716763910003f,0.6382822350250703f,0.580318076674561f,-0.2982463677615361f,-1.8420244051055803f,-1.0518331487425678f,0f,0f,0f,1f],start_interpolation:0}
execute if entity @s[tag=aj.dino.bone.tail_1] run data modify entity @s {} merge value {transformation:[-1.438143835983291f,0.21222216398117136f,0.41756473766161706f,0.033673698715071684f,0.12041615581238367f,1.4705425225844764f,-0.3326573141992428f,0.6917754721800798f,-0.452657162146623f,-0.28305952092454856f,-1.4151448869890788f,-0.7434171917092437f,0f,0f,0f,1f],start_interpolation:0}
execute if entity @s[tag=aj.dino.bone.tail_0] run data modify entity @s {} merge value {transformation:[-1.2535532205321687f,-0.01600498670198126f,0.24936695907462447f,-0.039583351393397734f,-0.04786740961895694f,1.2673486802444405f,-0.15928512285544463f,0.7689056684469673f,-0.2452524229723879f,-0.16555023306348002f,-1.2434951089340194f,-0.3840340413891182f,0f,0f,0f,1f],start_interpolation:0}
execute if entity @s[tag=aj.dino.bone.body_1] run data modify entity @s {} merge value {transformation:[-1.224800600131072f,-0.04419158625268314f,-0.16283485093581138f,0.0012500874357071568f,-0.08255164193604987f,1.1975900262136474f,0.2959188243142152f,0.6194425f,0.1471506418214968f,0.3040227423636541f,-1.1893365611942885f,-0.12800804005680327f,0f,0f,0f,1f],start_interpolation:0}