execute if entity @s[tag=aj.dino.bone.head_lower] run data modify entity @s {} merge value {transformation:[-0.9997347899953845f,-0.015934362148258177f,0.01662665858832495f,0.4134907848162206f,-0.01529463127121624f,0.9991637710462198f,0.03791876689680901f,0.22501966747201962f,-0.01721696625895787f,0.037654411848084435f,-0.9991424930114885f,0.7302651134861109f,0f,0f,0f,1f],start_interpolation:0}
execute if entity @s[tag=aj.dino.bone.head_upper] run data modify entity @s {} merge value {transformation:[-1.0406235263500332f,-0.02393040605111897f,0.0013980903251698245f,0.41272677523362783f,-0.015920175317445957f,0.7353272038584266f,0.7365544065899794f,0.29230242370594417f,-0.017921133005213308f,0.7363376817164007f,-0.7354981944640198f,0.6960905104200787f,0f,0f,0f,1f],start_interpolation:0}
execute if entity @s[tag=aj.dino.bone.neck_0] run data modify entity @s {} merge value {transformation:[-0.9941967377195491f,0.04036906259842263f,-0.09971552282734461f,0.4059449668039173f,0.031045523375027473f,0.9951497201159764f,0.09334457687227668f,0.28217508161963917f,0.10300010769983053f,0.08970715321543973f,-0.9906278839583534f,0.6305452568086497f,0f,0f,0f,1f],start_interpolation:0}
execute if entity @s[tag=aj.dino.bone.neck_1] run data modify entity @s {} merge value {transformation:[-0.9411413427832864f,0.04923073619204399f,-0.3344088927018268f,0.3778429443231506f,-0.006258597469293678f,0.9866289132178675f,0.1628625726195156f,0.30051695516635835f,0.33795532672498285f,0.15536963093384437f,-0.9282491448537354f,0.5526261394380205f,0f,0f,0f,1f],start_interpolation:0}
execute if entity @s[tag=aj.dino.bone.neck_2] run data modify entity @s {} merge value {transformation:[-0.8882739095539233f,-0.05104887280091404f,-0.4564684810493979f,0.33735308149934895f,-0.29558207817237575f,0.8242112674882187f,0.48301865554941414f,0.3509025554731556f,0.35156890742653574f,0.5639767718011267f,-0.7472144967810059f,0.4926862304926939f,0f,0f,0f,1f],start_interpolation:0}
execute if entity @s[tag=aj.dino.bone.body_0] run data modify entity @s {} merge value {transformation:[-0.7966341688681204f,-0.166734269047864f,-0.5810109160049175f,0.061936463246649184f,-0.4075735421204523f,0.8579971840092988f,0.3126094048417313f,0.5064076913639639f,0.4463830291971086f,0.4858400104532232f,-0.751466350203138f,0.1431511910403482f,0f,0f,0f,1f],start_interpolation:0}
execute if entity @s[tag=aj.dino.bone.leg_left_3] run data modify entity @s {} merge value {transformation:[-0.18978049569817626f,0.031072497142187905f,-0.9813347356401398f,0.2281154246398171f,0.06198490100343815f,0.9978844369191775f,0.01960924787159135f,0.0071720366616499776f,0.9798679684019416f,-0.057106483658550165f,-0.1913050287473051f,-0.257687317209511f,0f,0f,0f,1f],start_interpolation:0}
execute if entity @s[tag=aj.dino.bone.leg_left_2] run data modify entity @s {} merge value {transformation:[-0.3091569465938676f,0.23777360515520596f,-0.9486558356774848f,0.25374277291853625f,-0.33053088097639594f,0.9109797043245417f,0.33604689335036547f,0.2293926588289736f,0.9204528877647233f,0.4069912658779801f,-0.19795653665720495f,-0.1675080170914439f,0f,0f,0f,1f],start_interpolation:0}
execute if entity @s[tag=aj.dino.bone.leg_left_1] run data modify entity @s {} merge value {transformation:[-0.5914520764775829f,0.5886117823688647f,-0.5511085291364157f,0.45465806755896787f,-0.06793684458454237f,0.6446626754316493f,0.7614424601066079f,0.36549631408074545f,0.8034731024609668f,0.48779729864140886f,-0.34129865083221905f,-0.03288920315215458f,0f,0f,0f,1f],start_interpolation:0}
execute if entity @s[tag=aj.dino.bone.leg_left_0] run data modify entity @s {} merge value {transformation:[-0.5556484837130566f,-0.6375379622530336f,-0.5336666649076279f,0.18317537081075225f,-0.1091525467503367f,0.6922575209063193f,-0.7133479139147688f,0.6826783131813828f,0.8242211378539722f,-0.3381196111361871f,-0.4542407340604946f,-0.03283108867228961f,0f,0f,0f,1f],start_interpolation:0}
execute if entity @s[tag=aj.dino.bone.leg_right_3] run data modify entity @s {} merge value {transformation:[-0.9838706384634238f,0.09081740609434452f,0.15411283372863424f,-0.3574149703900693f,0.0782667843238446f,0.9932464387602575f,-0.08564941541931585f,0.04054522296066984f,-0.16085048101009683f,-0.07220602911364586f,-0.9843339941902135f,0.09792540525093257f,0f,0f,0f,1f],start_interpolation:0}
execute if entity @s[tag=aj.dino.bone.leg_right_2] run data modify entity @s {} merge value {transformation:[-0.980141948927034f,0.29120771018714914f,0.08112970468186684f,-0.28550703375844155f,0.2966926075601332f,0.9794412303806184f,0.06877915636559588f,0.2705168532121778f,-0.05794355937788366f,0.08919162101201916f,-1.0201713572574775f,0.08727787056626912f,0f,0f,0f,1f],start_interpolation:0}
execute if entity @s[tag=aj.dino.bone.leg_right_1] run data modify entity @s {} merge value {transformation:[-0.9891965327417469f,0.10676633482914931f,-0.10045481252212808f,-0.2708746776800833f,-0.05681562614277194f,0.3524753313131018f,0.9340948160875979f,0.3156009809817185f,0.13513772322231385f,0.9297107563983911f,-0.3426013794476319f,0.36071287424835347f,0f,0f,0f,1f],start_interpolation:0}
execute if entity @s[tag=aj.dino.bone.leg_right_0] run data modify entity @s {} merge value {transformation:[-0.9959839181394816f,-0.08745992545405218f,-0.019151925414899115f,-0.1878465478609977f,-0.027047692075965607f,0.4978380349496041f,-0.8668481489343335f,0.584780217664195f,0.08534903139983477f,-0.8628488004262903f,-0.49820426578063504f,0.05256332165702249f,0f,0f,0f,1f],start_interpolation:0}
execute if entity @s[tag=aj.dino.bone.tail_4] run data modify entity @s {} merge value {transformation:[-2.4695000454993066f,0.5847870035147902f,1.088694179923415f,0.051309502415044644f,0.7045025195391614f,2.6648790128743425f,0.166605457008005f,0.5847345687746797f,-1.0153359330004519f,0.42673802134572575f,-2.5323208595863274f,-1.715690206867065f,0f,0f,0f,1f],start_interpolation:0}
execute if entity @s[tag=aj.dino.bone.tail_3] run data modify entity @s {} merge value {transformation:[-2.012667848727456f,0.15405263126277913f,0.5112547736151256f,-0.03688794015405769f,0.21335009350065068f,2.0596964130477846f,0.21926684593389625f,0.5273992681242927f,-0.4894848254507005f,0.26431798827085057f,-2.0066106081585415f,-1.378029759289376f,0f,0f,0f,1f],start_interpolation:0}
execute if entity @s[tag=aj.dino.bone.tail_2] run data modify entity @s {} merge value {transformation:[-1.9061934397674372f,0.2882942058654443f,0.3195104005424167f,-0.097625150526987f,0.23711152480759334f,1.9143558345005032f,-0.3127199045792873f,0.586164072795182f,-0.359135865646667f,-0.2662744163097033f,-1.9023388867990692f,-1.0247180371837439f,0f,0f,0f,1f],start_interpolation:0}
execute if entity @s[tag=aj.dino.bone.tail_1] run data modify entity @s {} merge value {transformation:[-1.5069704927925056f,0.12858983367405066f,0.012682213071587867f,-0.1004863818959665f,0.12321200789493753f,1.4747542401424854f,-0.31236994460456674f,0.6352375393853855f,-0.03892280775086823f,-0.31019483531716346f,-1.479837973961794f,-0.7024444186067628f,0f,0f,0f,1f],start_interpolation:0}
execute if entity @s[tag=aj.dino.bone.tail_0] run data modify entity @s {} merge value {transformation:[-1.2462571812357401f,-0.2828975189501171f,-0.025450905175328324f,-0.09987585693963108f,-0.27890985424581266f,1.240494944634902f,-0.13121471763433745f,0.7035168823537584f,0.05374056202678708f,-0.12238056500583537f,-1.271208348731995f,-0.333921054511803f,0f,0f,0f,1f],start_interpolation:0}
execute if entity @s[tag=aj.dino.bone.body_1] run data modify entity @s {} merge value {transformation:[-1.1669058515377977f,-0.23317297134200707f,-0.33550811337229486f,-0.0061690659700682935f,-0.3079005707328064f,1.169224794320277f,0.2582928840393565f,0.5647118176269532f,0.26857506817556465f,0.3273352117302628f,-1.1616039286143298f,-0.0859127620306738f,0f,0f,0f,1f],start_interpolation:0}