execute if entity @s[tag=aj.dino.bone.head_lower] run data modify entity @s {} merge value {transformation:[-0.9879295171499078f,0.14900723804348262f,-0.04233334565803252f,0.4290732546576599f,0.15191256788862018f,0.9854180014964531f,-0.07664159473955001f,0.22482063425056917f,0.03029588852360865f,-0.08214746093087094f,-0.996159602574395f,0.7327125724561971f,0f,0f,0f,1f],start_interpolation:0}
execute if entity @s[tag=aj.dino.bone.head_upper] run data modify entity @s {} merge value {transformation:[-1.0283354227640404f,0.13826751841257096f,0.08294753898843812f,0.43757697532034034f,0.15812572861836147f,0.7600693672644872f,0.6933705744250915f,0.28973601842924124f,0.03153497774093736f,0.6976020304455103f,-0.7718995367796818f,0.6951741105321467f,0f,0f,0f,1f],start_interpolation:0}
execute if entity @s[tag=aj.dino.bone.neck_0] run data modify entity @s {} merge value {transformation:[-0.946846902192998f,0.12204438852361117f,-0.2976341899671824f,0.41665633117926054f,0.09488226518137388f,0.9900288919582384f,0.10411603547001758f,0.2803676724477077f,0.30737322518653837f,0.0703417395138928f,-0.9489856374680206f,0.6325698215689337f,0f,0f,0f,1f],start_interpolation:0}
execute if entity @s[tag=aj.dino.bone.neck_1] run data modify entity @s {} merge value {transformation:[-0.9031371761217634f,0.10567211113809644f,-0.416144981988759f,0.3818902075089234f,0.07768129734987878f,0.9934600222760803f,0.08368273526390829f,0.2920334446005842f,0.4222663343777793f,0.04325030712986244f,-0.9054394257951917f,0.5560664670702764f,0f,0f,0f,1f],start_interpolation:0}
execute if entity @s[tag=aj.dino.bone.neck_2] run data modify entity @s {} merge value {transformation:[-0.8850556046606798f,0.026439478266739425f,-0.4647338277419678f,0.3414348977119242f,-0.19730330084382836f,0.8829546406001233f,0.4259841665118982f,0.337997530246401f,0.42160168896109534f,0.46871319229534125f,-0.7762473569896794f,0.4926503718411196f,0f,0f,0f,1f],start_interpolation:0}
execute if entity @s[tag=aj.dino.bone.body_0] run data modify entity @s {} merge value {transformation:[-0.83621562816325f,-0.03647158190402129f,-0.5471866655255402f,0.08320043679261968f,-0.26956065074762064f,0.8962631562959703f,0.3522064880647489f,0.5125291541896514f,0.477577720150407f,0.44202056329972156f,-0.7593005615934554f,0.13900566293036404f,0f,0f,0f,1f],start_interpolation:0}
execute if entity @s[tag=aj.dino.bone.leg_left_3] run data modify entity @s {} merge value {transformation:[-0.1652679512878129f,0.01047716861189707f,-0.9861930506827795f,0.24376676633145344f,-0.015678503494327048f,0.9997893014821038f,0.013249044120437592f,0.032054669152415116f,0.9861240737378373f,0.017651673569517627f,-0.16506886325072856f,-0.2561642323850442f,0f,0f,0f,1f],start_interpolation:0}
execute if entity @s[tag=aj.dino.bone.leg_left_2] run data modify entity @s {} merge value {transformation:[-0.2638625465070162f,0.21517763077088647f,-0.967541907757672f,0.26361363031729323f,-0.32884402061185053f,0.9255244612862119f,0.29551358880666495f,0.256415609343571f,0.9350403018904372f,0.3862191842430796f,-0.16910521891397862f,-0.16991260879172404f,0f,0f,0f,1f],start_interpolation:0}
execute if entity @s[tag=aj.dino.bone.leg_left_1] run data modify entity @s {} merge value {transformation:[-0.5365392894006595f,0.6610279479569572f,-0.524564241012719f,0.48170070216670574f,-0.04701773189059345f,0.5972310910663461f,0.8006899254715061f,0.3771354297715968f,0.8425644923786545f,0.4542654244860776f,-0.2893579103794885f,-0.047936628747536486f,0f,0f,0f,1f],start_interpolation:0}
execute if entity @s[tag=aj.dino.bone.leg_left_0] run data modify entity @s {} merge value {transformation:[-0.49782831546033457f,-0.6856173992850314f,-0.531126868199638f,0.19785677673345486f,-0.08566420790232893f,0.6482865343622402f,-0.7565621011186473f,0.6833020167047956f,0.8630345368583996f,-0.3311394738810608f,-0.3814682647709793f,-0.04654896712733357f,0f,0f,0f,1f],start_interpolation:0}
execute if entity @s[tag=aj.dino.bone.leg_right_3] run data modify entity @s {} merge value {transformation:[-0.9809142115506368f,0.10009552531287629f,0.1666979165746598f,-0.35246467285001093f,0.08740180037401439f,0.9928060764277107f,-0.08183532183352188f,0.037774529886239555f,-0.17369005403123655f,-0.06570373216609922f,-0.9826061188034972f,0.15762539410028836f,0f,0f,0f,1f],start_interpolation:0}
execute if entity @s[tag=aj.dino.bone.leg_right_2] run data modify entity @s {} merge value {transformation:[-0.9750065414247854f,0.3181414832720112f,0.014506560621232503f,-0.2763454333434173f,0.31700773900113244f,0.9739913484998036f,-0.05393649934523936f,0.2626518207092652f,-0.030504706078945475f,-0.04678727572442801f,-1.0241789947260287f,0.11511495402905603f,0f,0f,0f,1f],start_interpolation:0}
execute if entity @s[tag=aj.dino.bone.leg_right_1] run data modify entity @s {} merge value {transformation:[-0.9798585889152991f,0.17236591035135335f,-0.10083223035155145f,-0.24368573476853694f,-0.013961789653724157f,0.44456825646084025f,0.8956361614947412f,0.3356478820945132f,0.1992039511620798f,0.8790045837742364f,-0.4332074878684555f,0.3808560023655988f,0f,0f,0f,1f],start_interpolation:0}
execute if entity @s[tag=aj.dino.bone.leg_right_0] run data modify entity @s {} merge value {transformation:[-0.9885757766048808f,-0.12177359554794029f,-0.08882074834960281f,-0.16932017569258584f,0.016054972701321918f,0.500863264484287f,-0.865377506144979f,0.6008834134115505f,0.14986718040190333f,-0.8569172548837315f,-0.4931862189081459f,0.06712497885223433f,0f,0f,0f,1f],start_interpolation:0}
execute if entity @s[tag=aj.dino.bone.tail_4] run data modify entity @s {} merge value {transformation:[0.25708776877013073f,-0.11015788704203267f,2.747259079641239f,0.6738863154798429f,0.4206554723071965f,2.728333834950984f,0.07003420792487118f,0.42681819545158084f,-2.7170970141617703f,0.41197215510770835f,0.2707842141800473f,-1.3140297141219204f,0f,0f,0f,1f],start_interpolation:0}
execute if entity @s[tag=aj.dino.bone.tail_3] run data modify entity @s {} merge value {transformation:[-0.7753876485118547f,-0.03011826940762668f,1.932307535157794f,0.346533095167025f,0.07158689787024429f,2.080163851928221f,0.061148926637394393f,0.39609356084643826f,-1.9312158959145447f,0.0892007008015065f,-0.7735592571923292f,-1.1837355491951138f,0f,0f,0f,1f],start_interpolation:0}
execute if entity @s[tag=aj.dino.bone.tail_2] run data modify entity @s {} merge value {transformation:[-1.269969624960196f,0.4555955919208438f,1.4136419926217285f,0.08290947392300313f,0.09593395597116204f,1.8812377189360243f,-0.5201107535389788f,0.4932995977709835f,-1.4821429427598947f,-0.26860971031862807f,-1.2449397558726931f,-0.9534638473367373f,0f,0f,0f,1f],start_interpolation:0}
execute if entity @s[tag=aj.dino.bone.tail_1] run data modify entity @s {} merge value {transformation:[-1.3179135427440902f,0.3842375198181846f,0.6349186343270227f,-0.05715574155496153f,0.14900679990476728f,1.4046459225414891f,-0.5407615517672372f,0.5923527481890203f,-0.7270193377303401f,-0.408641175912976f,-1.2617890164027419f,-0.6762511387460213f,0f,0f,0f,1f],start_interpolation:0}
execute if entity @s[tag=aj.dino.bone.tail_0] run data modify entity @s {} merge value {transformation:[-1.2643228395609334f,-0.09996868019434504f,0.1591531869891621f,-0.10607642418907948f,-0.13735638625363583f,1.2302827214346381f,-0.3183918420417688f,0.7150831581730692f,-0.1282836587564779f,-0.33203374061021174f,-1.227653295754331f,-0.3255148780364383f,0f,0f,0f,1f],start_interpolation:0}
execute if entity @s[tag=aj.dino.bone.body_1] run data modify entity @s {} merge value {transformation:[-1.1548129982984372f,-0.15993146276292644f,-0.41162296004442533f,0.00039266707183068916f,-0.25921581884640044f,1.1785025219069492f,0.2693391174244862f,0.573085078125f,0.3575174027610601f,0.3378732427016406f,-1.1342960696597315f,-0.08456509140908032f,0f,0f,0f,1f],start_interpolation:0}