execute if entity @s[tag=aj.dino.bone.head_lower] run data modify entity @s {} merge value {transformation:[-0.999999886402933f,-0.00042579233025363686f,-0.00021423121279886203f,-0.000010320796415256737f,-0.000476648844580676f,0.8933039211694844f,0.44945286430181186f,0.3259678275691605f,-1.2246466600310687e-16f,0.44945291535834464f,-0.8933040226462011f,0.8136672120814441f,0f,0f,0f,1f],start_interpolation:0}
execute if entity @s[tag=aj.dino.bone.head_upper] run data modify entity @s {} merge value {transformation:[-1.0408994650901937f,-0.0003648075646644007f,-0.00033626462262701913f,-0.0003648186143298583f,-0.0004961435837203404f,0.7653590843048795f,0.7054765541795475f,0.3917873045308499f,-1.2747341981568978e-16f,0.7054766343196239f,-0.7653591712474365f,0.7767466585159354f,0f,0f,0f,1f],start_interpolation:0}
execute if entity @s[tag=aj.dino.bone.neck_0] run data modify entity @s {} merge value {transformation:[-0.999999886402933f,-0.00047664798853940866f,-9.033611842262598e-7f,-0.000034015173494911694f,-0.000476648844580676f,0.9999980904452168f,0.0018952339694104092f,0.37567816392568815f,-1.2246466600310687e-16f,0.0018952341847034981f,-0.9999982040420797f,0.71205413644156f,0f,0f,0f,1f],start_interpolation:0}
execute if entity @s[tag=aj.dino.bone.neck_1] run data modify entity @s {} merge value {transformation:[-0.999999886402933f,-0.00046850184941174447f,-0.00008775043098394747f,-0.00004360711618116744f,-0.000476648844580676f,0.9829076510264966f,0.18409867560483278f,0.39580187072935746f,-1.2246466600310687e-16f,0.18409869651790478f,-0.9829077626819355f,0.6296370679605359f,0f,0f,0f,1f],start_interpolation:0}
execute if entity @s[tag=aj.dino.bone.neck_2] run data modify entity @s {} merge value {transformation:[-0.999999886402933f,-0.0004703855338148932f,-0.00007701669051427364f,-0.00005495972426240314f,-0.000476648844580676f,0.9868595837975235f,0.1615794995439011f,0.4196194188482675f,-1.2246466600310687e-16f,0.16157951789886046f,-0.9868596959018904f,0.5447627216192396f,0f,0f,0f,1f],start_interpolation:0}
execute if entity @s[tag=aj.dino.bone.body_0] run data modify entity @s {} merge value {transformation:[-0.999999886402933f,-0.0004732563462724685f,-0.00005676752375193789f,-0.00008622240359715548f,-0.000476648844580676f,0.9928824917812619f,0.11909714656578169f,0.48520790424775195f,-1.2246466600310687e-16f,0.11909716009486979f,-0.9928826045698136f,0.07795542271660735f,0f,0f,0f,1f],start_interpolation:0}
execute if entity @s[tag=aj.dino.bone.leg_left_3] run data modify entity @s {} merge value {transformation:[-0.9850794506331033f,-0.1429180159609274f,0.09587969886360559f,0.26499072929236533f,-0.0007668743405236931f,0.5607552401115985f,0.8279812634299946f,0.2203119368940809f,-0.1720984829803258f,0.8155538004332858f,-0.5524980640280059f,-0.4421948683891167f,0f,0f,0f,1f],start_interpolation:0}
execute if entity @s[tag=aj.dino.bone.leg_left_2] run data modify entity @s {} merge value {transformation:[-1.0101136945158191f,-0.11313038198718785f,0.1376010186144333f,0.2413056208660889f,0.0018744549422724532f,0.7855066050550954f,0.6595741499893568f,0.42379908957202705f,-0.17812638791309413f,0.6498023465538932f,-0.7733628513464957f,-0.3149036023891535f,0f,0f,0f,1f],start_interpolation:0}
execute if entity @s[tag=aj.dino.bone.leg_left_1] run data modify entity @s {} merge value {transformation:[-0.937632115068594f,-0.1956823996077026f,0.2873228415489555f,0.19157983150422606f,0.34724767645569593f,-0.5659286374906779f,0.7477592048674931f,0.2234799654001649f,0.016280908700531567f,0.8008952339424404f,0.5985831239353216f,-0.1293962439822069f,0f,0f,0f,1f],start_interpolation:0}
execute if entity @s[tag=aj.dino.bone.leg_left_0] run data modify entity @s {} merge value {transformation:[-0.9563125558190148f,0.2918119043306257f,-0.01766658070588186f,0.19639699899370527f,0.2919120884604812f,0.9564393621658647f,-0.003328529764656085f,0.6332223669227055f,0.015925708572739977f,-0.008340203276167524f,-0.9998383933495293f,-0.04942601291856341f,0f,0f,0f,1f],start_interpolation:0}
execute if entity @s[tag=aj.dino.bone.leg_right_3] run data modify entity @s {} merge value {transformation:[-0.9806892780818035f,-0.02448560685307219f,0.19403348915181534f,-0.20926939440537481f,-0.002453517083766084f,0.993593819187464f,0.11298363919784116f,0.03040038353229993f,-0.19555694850684924f,0.11032577907952917f,-0.974466881100217f,0.057253701506939925f,0f,0f,0f,1f],start_interpolation:0}
execute if entity @s[tag=aj.dino.bone.leg_right_2] run data modify entity @s {} merge value {transformation:[-1.0064891508888363f,0.09634258501850514f,0.17251056476551066f,-0.17991928315866978f,-0.0019089973757289347f,0.890729137034777f,-0.5085864328381112f,0.22231341487143916f,-0.1975807287484859f,-0.4993815277419934f,-0.8738662053644047f,-0.08585126499682677f,0f,0f,0f,1f],start_interpolation:0}
execute if entity @s[tag=aj.dino.bone.leg_right_1] run data modify entity @s {} merge value {transformation:[-0.9432598411523001f,-0.12342339390794725f,-0.308265369293375f,-0.21588593238416248f,-0.33100571981229615f,0.42325888766056285f,0.843378401115351f,0.2859778142937839f,0.02638343269707184f,0.8975625771235041f,-0.4400969604831785f,0.18185497334932776f,0f,0f,0f,1f],start_interpolation:0}
execute if entity @s[tag=aj.dino.bone.leg_right_0] run data modify entity @s {} merge value {transformation:[-0.9560338421940776f,-0.18754171511658088f,0.22544932395276876f,-0.19671045635043571f,-0.292823606265078f,0.6522449914952454f,-0.6991643631387985f,0.6330349926870344f,-0.015925708572740213f,-0.7344416764866346f,-0.6784849266166182f,-0.04942601291856345f,0f,0f,0f,1f],start_interpolation:0}
execute if entity @s[tag=aj.dino.bone.tail_4] run data modify entity @s {} merge value {transformation:[-2.76072673542803f,-0.04873740182534379f,0.04091319538007137f,0.009689627731320658f,-0.03937485082495947f,2.7031388146884354f,0.5631620559371127f,0.7730231251789503f,-0.0499884488197534f,0.5624291473493515f,-2.7031159688027584f,-1.8089856604008105f,0f,0f,0f,1f],start_interpolation:0}
execute if entity @s[tag=aj.dino.bone.tail_3] run data modify entity @s {} merge value {transformation:[-2.081945773699823f,-0.027161509171313984f,0.026637827190405517f,0.005438633308251943f,-0.026257958329468395f,2.0809635779505813f,0.06961776290523518f,0.7408546629542724f,-0.027528912841904646f,0.06927023680555945f,-2.080958750022472f,-1.4568098200606756f,0f,0f,0f,1f],start_interpolation:0}
execute if entity @s[tag=aj.dino.bone.tail_2] run data modify entity @s {} merge value {transformation:[-1.9540823038203043f,-0.013558992175660476f,0.012344173941139196f,0.0016957155466680762f,-0.014672618766112828f,1.9452411777451661f,-0.18599825178189405f,0.77588335787829f,-0.01099723409103561f,-0.18608274809491848f,-1.9452573471668386f,-1.0952431387034318f,0f,0f,0f,1f],start_interpolation:0}
execute if entity @s[tag=aj.dino.bone.tail_1] run data modify entity @s {} merge value {transformation:[-1.512461945676412f,-0.0006475916972792314f,0.010709505390862394f,0.0008440292562397503f,-0.000763491654306387f,1.5124112046237355f,-0.01637117005824773f,0.7609193158714919f,-0.010701867183678751f,-0.016376164189940094f,-1.5123734794306622f,-0.7695868335654695f,0f,0f,0f,1f],start_interpolation:0}
execute if entity @s[tag=aj.dino.bone.tail_0] run data modify entity @s {} merge value {transformation:[-1.2782107613564206f,-0.00040063122290069387f,0.0035784956742469652f,-0.00021135829682335727f,0.000021863761224805298f,1.2693928856117633f,0.14992470798452287f,0.7477405431787778f,-0.003600785836912861f,0.1499241742911788f,-1.2693878417916618f,-0.39502426548343617f,0f,0f,0f,1f],start_interpolation:0}
execute if entity @s[tag=aj.dino.bone.body_1] run data modify entity @s {} merge value {transformation:[-1.2363673595522784f,-0.000555887662422598f,-0.00019564990201375616f,-0.00012842945630591024f,-0.0005893131403520989f,1.166241365306094f,0.4104696403088184f,0.5737574693921224f,-1.5141133294459625e-16f,0.41046968693697095f,-1.1662414977877074f,-0.1515375f,0f,0f,0f,1f],start_interpolation:0}