execute if entity @s[tag=aj.dino.bone.head_lower] run data modify entity @s {} merge value {transformation:[-0.98322984720051f,-0.015454545651485088f,0.18171467907895578f,0.17235426012902014f,0.0610288369280164f,0.9110729220499203f,0.4077028473908831f,0.1891221860437306f,-0.1718561859150706f,0.4119554438602872f,-0.8948509169893041f,0.7315162946824985f,0f,0f,0f,1f],start_interpolation:0}
execute if entity @s[tag=aj.dino.bone.head_upper] run data modify entity @s {} merge value {transformation:[-1.023443538271908f,-0.1451219033168401f,0.12237197281519371f,0.17721388142009414f,0.06352489092969023f,0.37049404341437875f,0.9706547762259984f,0.26437563485751375f,-0.17888503231225286f,0.9618449664866315f,-0.35542418072281184f,0.7285567314823749f,0f,0f,0f,1f],start_interpolation:0}
execute if entity @s[tag=aj.dino.bone.neck_0] run data modify entity @s {} merge value {transformation:[-0.9992536288897356f,-0.015454545651485142f,-0.03540257292063362f,0.17549842475725344f,-0.02866083707875211f,0.9110729220499203f,0.41124771990293824f,0.2761885227622946f,0.025898678897577965f,0.41195544386028743f,-0.9108358637566012f,0.6629651989336999f,0f,0f,0f,1f],start_interpolation:0}
execute if entity @s[tag=aj.dino.bone.neck_1] run data modify entity @s {} merge value {transformation:[-0.9676424331102381f,-0.012310198901350381f,-0.25202496036604677f,0.15409189123908082f,-0.13383948636186055f,0.8717634140396633f,0.47129135556713153f,0.32012919135592643f,0.2139044495443973f,0.4897724052505614f,-0.8452028617557966f,0.5936217435048621f,0f,0f,0f,1f],start_interpolation:0}
execute if entity @s[tag=aj.dino.bone.neck_2] run data modify entity @s {} merge value {transformation:[-0.9676424331102381f,0.00970206773367184f,-0.2521388338320567f,0.13209762766104388f,-0.13383948636186055f,0.8273703429116677f,0.5454771375233092f,0.37601755244506935f,0.2139044495443973f,0.5615729565710238f,-0.7993001319361754f,0.5290952074241917f,0f,0f,0f,1f],start_interpolation:0}
execute if entity @s[tag=aj.dino.bone.body_0] run data modify entity @s {} merge value {transformation:[-0.9676424331102381f,-0.07728150060503099f,-0.2401992741636262f,0.01815640759986632f,-0.13383948636186055f,0.9641924990252063f,0.22895374361193802f,0.493107732026676f,0.2139044495443973f,0.2536935050169048f,-0.9433368920896427f,0.08692081544785574f,0f,0f,0f,1f],start_interpolation:0}
execute if entity @s[tag=aj.dino.bone.leg_left_3] run data modify entity @s {} merge value {transformation:[-0.9903426203062531f,-0.024579464503582067f,-0.1364453895507722f,0.23238656580022501f,-0.024491023187387436f,0.9996973414073875f,-0.0023270939466340512f,0.04216366579067707f,0.13646129190425998f,0.0010370668824916662f,-0.9906448608376776f,-0.47493897360277676f,0f,0f,0f,1f],start_interpolation:0}
execute if entity @s[tag=aj.dino.bone.leg_left_2] run data modify entity @s {} merge value {transformation:[-1.0044231552882108f,-0.12107010139879842f,-0.16893299017318653f,0.19738627460804337f,-0.1571402708525294f,0.9880267398232158f,0.22621294430557157f,0.27921847350663626f,0.13602668818273467f,0.24740127615331045f,-0.9860788752226897f,-0.44753332051390216f,0f,0f,0f,1f],start_interpolation:0}
execute if entity @s[tag=aj.dino.bone.leg_left_1] run data modify entity @s {} merge value {transformation:[-0.9751965095580357f,0.047034673294877455f,0.216285707465538f,0.21811479064181877f,0.22133854509052484f,0.2027756259872897f,0.9538822222699576f,0.27930784287613725f,0.001008068962830844f,0.9780949775014218f,-0.20815666884214687f,-0.1707957077903713f,0f,0f,0f,1f],start_interpolation:0}
execute if entity @s[tag=aj.dino.bone.leg_left_0] run data modify entity @s {} merge value {transformation:[-0.9863973568451884f,0.1633373620755071f,0.01847053218076812f,0.16604876153106732f,0.16430932644484875f,0.9829954635136904f,0.08199002350740647f,0.6776944784787302f,-0.004764415186170101f,0.08390962317708053f,-0.9964619789466199f,-0.057285815048204375f,0f,0f,0f,1f],start_interpolation:0}
execute if entity @s[tag=aj.dino.bone.leg_right_3] run data modify entity @s {} merge value {transformation:[-0.9821648085151562f,-0.005746462155161003f,0.1879342094646031f,-0.3135408871066774f,0.004785409058902637f,0.9984450776215084f,0.055538516666537974f,0.04212988521056471f,-0.18796113634080053f,0.05544731865545566f,-0.9806101193029753f,0.2607198506114847f,0f,0f,0f,1f],start_interpolation:0}
execute if entity @s[tag=aj.dino.bone.leg_right_2] run data modify entity @s {} merge value {transformation:[-0.9871777826892787f,0.15990015910390168f,0.22797842876886426f,-0.2676913514137385f,-0.004781279766940421f,0.8298840863269513f,-0.6027700574230327f,0.21695378370862997f,-0.27842299515155616f,-0.581194065593002f,-0.7979701080811288f,0.1010154466124224f,0f,0f,0f,1f],start_interpolation:0}
execute if entity @s[tag=aj.dino.bone.leg_right_1] run data modify entity @s {} merge value {transformation:[-0.9855429807791192f,-0.11772594969104246f,-0.12184266004298541f,-0.3128394396567413f,-0.16780973582123263f,0.7773621215171538f,0.6062573913726397f,0.39264312521539135f,0.02334364154575051f,0.617939101206334f,-0.7858793429017533f,0.31103518632440336f,0f,0f,0f,1f],start_interpolation:0}
execute if entity @s[tag=aj.dino.bone.leg_right_0] run data modify entity @s {} merge value {transformation:[-0.9870286480724472f,0.005777362161871122f,0.1604402380038358f,-0.20886452468519132f,-0.15689967964425497f,0.17701537535331668f,-0.9716213498148619f,0.559484773400104f,-0.03401379737411096f,-0.9841911292909394f,-0.17381278035063466f,-0.057285815048204416f,0f,0f,0f,1f],start_interpolation:0}
execute if entity @s[tag=aj.dino.bone.tail_4] run data modify entity @s {} merge value {transformation:[-2.446029387026254f,0.106254288522156f,-1.277228090661421f,-0.49399942673300506f,-1.07784372657605f,1.318413690179174f,2.173867423333076f,1.6482216243452097f,0.6934367097901739f,2.4240785258152804f,-1.1263437138798238f,-1.334654224428398f,0f,0f,0f,1f],start_interpolation:0}
execute if entity @s[tag=aj.dino.bone.tail_3] run data modify entity @s {} merge value {transformation:[-1.8435713609993616f,-0.12759318008269324f,-0.9596406323951652f,-0.33003123872515994f,-0.8154571467138562f,1.3171287019546134f,1.3914550479282812f,1.3993931298449989f,0.5217468781130401f,1.6077429797477534f,-1.216095486504064f,-1.1441823969027816f,0f,0f,0f,1f],start_interpolation:0}
execute if entity @s[tag=aj.dino.bone.tail_2] run data modify entity @s {} merge value {transformation:[-1.8276290025427997f,-0.18653522503619682f,-0.6661461655581935f,-0.20759193922118163f,-0.5908691429420634f,1.3995426563115108f,1.2291980654419403f,1.1707840041989253f,0.3597495795495808f,1.3510214054514433f,-1.3653187455787328f,-0.889785129666175f,0f,0f,0f,1f],start_interpolation:0}
execute if entity @s[tag=aj.dino.bone.tail_1] run data modify entity @s {} merge value {transformation:[-1.451563522138278f,-0.14049025703086707f,-0.40110108311611226f,-0.11817532997036839f,-0.39308732380001377f,0.9864708178471676f,1.0770394288992786f,0.9273340935723836f,0.1615609701173541f,1.1378901806480899f,-0.983239665452629f,-0.6922668064532528f,0f,0f,0f,1f],start_interpolation:0}
execute if entity @s[tag=aj.dino.bone.tail_0] run data modify entity @s {} merge value {transformation:[-1.2192567306042172f,-0.26396508938054114f,-0.27851601937530646f,-0.04315642361363633f,-0.38372517457067645f,0.8340366468388628f,0.8893669539141409f,0.6875671888215942f,-0.0019318025383225827f,0.9319554817168774f,-0.8748091019307263f,-0.4141375085070512f,0f,0f,0f,1f],start_interpolation:0}
execute if entity @s[tag=aj.dino.bone.body_1] run data modify entity @s {} merge value {transformation:[-1.1791446421042084f,-0.3629701388857826f,-0.08046854248974446f,1.8557991432579204e-17f,-0.3717828775685994f,1.1511942059032017f,0.25521361111421736f,0.5506925f,-1.4440357116846702e-16f,0.2675989043856174f,-1.2070606535828543f,-0.1515375f,0f,0f,0f,1f],start_interpolation:0}