execute if entity @s[tag=aj.dino.bone.head_lower] run data modify entity @s {} merge value {transformation:[-0.9756832204334083f,0.03547879391163393f,0.21629495728580728f,0.17058992563765646f,0.11315667910630756f,0.9266710249158548f,0.3584360159847656f,0.1388086810954579f,-0.1877173922105395f,0.37419522546923895f,-0.9081520323699663f,0.7170561860901873f,0f,0f,0f,1f],start_interpolation:0}
execute if entity @s[tag=aj.dino.bone.head_upper] run data modify entity @s {} merge value {transformation:[-1.0155882576144595f,-0.14732481984021628f,0.1742062887446409f,0.17897584070569839f,0.11778474013313925f,0.3421184806529964f,0.975988546434312f,0.21380950402324111f,-0.19539495533637052f,0.9719682532049287f,-0.3171284736102467f,0.716958818622502f,0f,0f,0f,1f],start_interpolation:0}
execute if entity @s[tag=aj.dino.bone.neck_0] run data modify entity @s {} merge value {transformation:[-0.9996926109702577f,0.021338219716247258f,-0.01262394355224325f,0.17813621920547928f,0.013775303302248451f,0.9014008084069159f,0.4327664770084317f,0.2271571194719112f,0.02061369909550756f,0.4324595506896563f,-0.9014176681355324f,0.6516451718718598f,0f,0f,0f,1f],start_interpolation:0}
execute if entity @s[tag=aj.dino.bone.neck_1] run data modify entity @s {} merge value {transformation:[-0.9677745119788389f,0.02011508737026049f,-0.25101369927597006f,0.1569647320151305f,-0.11354020401512875f,0.8548762175895352f,0.5062561354413518f,0.27398196663047913f,0.2247690281963316f,0.518441931039433f,-0.8250435431562267f,0.5841415522410808f,0f,0f,0f,1f],start_interpolation:0}
execute if entity @s[tag=aj.dino.bone.neck_2] run data modify entity @s {} merge value {transformation:[-0.9677745119788389f,0.04674251336605877f,-0.24744217790898979f,0.13574457983389324f,-0.11354020401512875f,0.7960767011005059f,0.5944497523232208f,0.33385431175884794f,0.2247690281963316f,0.6033879543122811f,-0.765115586401504f,0.5230192336955997f,0f,0f,0f,1f],start_interpolation:0}
execute if entity @s[tag=aj.dino.bone.body_0] run data modify entity @s {} merge value {transformation:[-0.9677745119788389f,-0.041744148053570615f,-0.24833429096160264f,0.018307894566885707f,-0.11354020401512875f,0.9525687348817687f,0.2823498315883143f,0.4759991364852194f,0.2247690281963316f,0.30144689653242085f,-0.9266113816129439f,0.08918242283219227f,0f,0f,0f,1f],start_interpolation:0}
execute if entity @s[tag=aj.dino.bone.leg_left_3] run data modify entity @s {} merge value {transformation:[-0.993088634649292f,0.00778441987604845f,-0.1171083538335281f,0.2171380412799666f,-0.0010255195497516963f,0.9971844144003856f,0.07498127757389134f,0.04459376930582162f,0.11736231098635769f,0.07458315147641081f,-0.9902845255156663f,-0.4635885533740396f,0f,0f,0f,1f],start_interpolation:0}
execute if entity @s[tag=aj.dino.bone.leg_left_2] run data modify entity @s {} merge value {transformation:[-1.0114352588578543f,-0.09556244917982416f,-0.14116917137460638f,0.1889306947180872f,-0.1389826343101695f,0.9541039616195722f,0.34990235392568814f,0.27759195281771637f,0.09871546991249719f,0.3641643148762456f,-0.9537828931530298f,-0.4080253988009679f,0f,0f,0f,1f],start_interpolation:0}
execute if entity @s[tag=aj.dino.bone.leg_left_1] run data modify entity @s {} merge value {transformation:[-0.968088330351164f,0.030500697445579927f,0.24874624035998763f,0.20330429743111367f,0.25055180453652237f,0.09654864165561279f,0.9632767790401409f,0.24774271775590428f,0.005364501970158737f,0.9948608280808876f,-0.10110961808266763f,-0.13249716363978076f,0f,0f,0f,1f],start_interpolation:0}
execute if entity @s[tag=aj.dino.bone.leg_left_0] run data modify entity @s {} merge value {transformation:[-0.9810614203774061f,0.1934262123983811f,-0.010236689127007252f,0.1660095154270958f,0.1936082654394172f,0.9808407141486715f,-0.021617886618824328f,0.6571244126055803f,0.005859095545114934f,-0.023190382177544017f,-0.9997138976596518f,-0.05953823189230632f,0f,0f,0f,1f],start_interpolation:0}
execute if entity @s[tag=aj.dino.bone.leg_right_3] run data modify entity @s {} merge value {transformation:[-0.9899887274847453f,0.00004167231710355823f,0.14114644067971685f,-0.3126063662085666f,0.0011686285365449037f,0.999968100382167f,0.00790142553119244f,0.02778410293412706f,-0.1411416088914903f,0.007987269965350596f,-0.9899571959221385f,0.2700653049473258f,0f,0f,0f,1f],start_interpolation:0}
execute if entity @s[tag=aj.dino.bone.leg_right_2] run data modify entity @s {} merge value {transformation:[-0.998485297340539f,0.14373108307204835f,0.18555507606747335f,-0.2718193480478234f,-0.00002374208651506734f,0.8108242892033345f,-0.6281927816959667f,0.1973721336038119f,-0.23471112017069667f,-0.6115288605597768f,-0.789306874587681f,0.10348982335069665f,0f,0f,0f,1f],start_interpolation:0}
execute if entity @s[tag=aj.dino.bone.leg_right_1] run data modify entity @s {} merge value {transformation:[-0.9881673228727337f,-0.08458884140228468f,-0.12794557404128368f,-0.30769370924387063f,-0.1457787542743365f,0.7773098163388062f,0.6119951014718622f,0.3731817195677731f,0.04768539408201493f,0.6234053074313302f,-0.780443416179349f,0.3151910405217885f,0f,0f,0f,1f],start_interpolation:0}
execute if entity @s[tag=aj.dino.bone.leg_right_0] run data modify entity @s {} merge value {transformation:[-0.9907970312507163f,-0.01564094341052564f,0.1344492608904779f,-0.20957431804504772f,-0.1350005046556978f,0.18613161060271774f,-0.9732059839916449f,0.5411853568562212f,-0.009803397751491347f,-0.982400317805154f,-0.1865301824607992f,-0.05420663339221592f,0f,0f,0f,1f],start_interpolation:0}
execute if entity @s[tag=aj.dino.bone.tail_4] run data modify entity @s {} merge value {transformation:[-2.3339050423766317f,-0.09063508490830548f,-1.4732053034633692f,-0.5474508754387031f,-1.1393811399476326f,1.8627557198673113f,1.6904475968314565f,1.564082702072513f,0.9382745881140373f,2.0365627270195423f,-1.6117426555794065f,-1.3630887431754568f,0f,0f,0f,1f],start_interpolation:0}
execute if entity @s[tag=aj.dino.bone.tail_3] run data modify entity @s {} merge value {transformation:[-1.7584216399115873f,-0.19701657049712512f,-1.0977628766198277f,-0.35938289662037587f,-0.8630095625569274f,1.5386266025765096f,1.1062496096377217f,1.361446979540659f,0.7064795519124306f,1.3891573614381705f,-1.3809684985314452f,-1.1425215136694662f,0f,0f,0f,1f],start_interpolation:0}
execute if entity @s[tag=aj.dino.bone.tail_2] run data modify entity @s {} merge value {transformation:[-1.7980722486610714f,-0.17009002734443363f,-0.7461765516254613f,-0.2220403543675059f,-0.597614193600735f,1.5022720018680507f,1.0976383662268185f,1.1573139717851462f,0.4780871669524691f,1.2381526925238682f,-1.4342888292788287f,-0.8752422118121264f,0f,0f,0f,1f],start_interpolation:0}
execute if entity @s[tag=aj.dino.bone.tail_1] run data modify entity @s {} merge value {transformation:[-1.448566616831551f,-0.08929177894823667f,-0.4258379795338299f,-0.12792935266045635f,-0.3776822538657706f,0.993017770732815f,1.0765352163880673f,0.9138778147589143f,0.21602574317906414f,1.1373649085588535f,-0.9733397110273698f,-0.6798998615425965f,0f,0f,0f,1f],start_interpolation:0}
execute if entity @s[tag=aj.dino.bone.tail_0] run data modify entity @s {} merge value {transformation:[-1.2211784542594513f,-0.23108404715497166f,-0.29859514829783046f,-0.046249380028848194f,-0.37714718869920366f,0.7943715206142001f,0.9276689074650495f,0.661960998807302f,0.01785770121857277f,0.9743766042817272f,-0.8271076424018982f,-0.4146863415017009f,0f,0f,0f,1f],start_interpolation:0}
execute if entity @s[tag=aj.dino.bone.body_1] run data modify entity @s {} merge value {transformation:[-1.1812535889810558f,-0.3538756614321923f,-0.0895352993045378f,-0.001597640056212282f,-0.36464142889462986f,1.157889909300373f,0.23437615350181645f,0.529479723854483f,0.016768479636131418f,0.2503349141501297f,-1.210642739995739f,-0.15009069582452253f,0f,0f,0f,1f],start_interpolation:0}