execute if entity @s[tag=aj.dino.bone.head_lower] run data modify entity @s {} merge value {transformation:[-0.15554666304434145f,0.3935716287729088f,-0.9060389664031065f,0.8400238458498253f,-0.8042502902310977f,0.4821093792561938f,0.34749390943785224f,0.513467442266055f,0.5735736276006465f,0.7827336197316728f,0.2415395915016582f,0.008965817381647513f,0f,0f,0f,1f],start_interpolation:0}
execute if entity @s[tag=aj.dino.bone.head_upper] run data modify entity @s {} merge value {transformation:[-0.16190845675174542f,0.7923545734614915f,-0.6553104791855789f,0.8125903193323918f,-0.8371437919972621f,0.28360831704225364f,0.5497531597075291f,0.5574744531755774f,0.5970325499805015f,0.6125459125670705f,0.5931370683447982f,0.06379501676868325f,0f,0f,0f,1f],start_interpolation:0}
execute if entity @s[tag=aj.dino.bone.neck_0] run data modify entity @s {} merge value {transformation:[-0.13786982884678017f,0.14900231377809703f,-0.9791783396207929f,0.7469007741896138f,-0.6272163056369274f,0.7519936079199309f,0.202744468705633f,0.5585806936921661f,0.7665452473513381f,0.6421089659367314f,-0.010220549238541106f,0.05246381448687468f,0f,0f,0f,1f],start_interpolation:0}
execute if entity @s[tag=aj.dino.bone.neck_1] run data modify entity @s {} merge value {transformation:[-0.033591869524717544f,-0.027403293884792568f,-0.9990598809811642f,0.6621410460600559f,-0.5082513378341567f,0.8611840143390024f,-0.006532307153721231f,0.5619946886457725f,0.8605534056010844f,0.5075540886755068f,-0.04285654182445636f,0.05117154114449876f,0f,0f,0f,1f],start_interpolation:0}
execute if entity @s[tag=aj.dino.bone.neck_2] run data modify entity @s {} merge value {transformation:[-0.3430227817490108f,-0.09591766944348498f,-0.9344170224742809f,0.5793400128312451f,-0.3453733832298231f,0.937969485638267f,0.030503609095818382f,0.5738503410749616f,0.8735288188477565f,0.33318620124491205f,-0.35487231216654325f,0.023344166207931782f,0f,0f,0f,1f],start_interpolation:0}
execute if entity @s[tag=aj.dino.bone.body_0] run data modify entity @s {} merge value {transformation:[-0.5392342064507869f,-0.16861539386311064f,-0.8251032175102568f,0.18886568815993834f,-0.16368356347646054f,0.9820514438750794f,-0.09371580779419963f,0.5390376998630495f,0.8260957339443401f,0.0845210656301722f,-0.5571552995563287f,-0.23843586833913316f,0f,0f,0f,1f],start_interpolation:0}
execute if entity @s[tag=aj.dino.bone.leg_left_3] run data modify entity @s {} merge value {transformation:[-0.34907591921701964f,0.8063802783785612f,-0.47738543051176824f,-0.09614284527057292f,-0.2777701872293711f,0.39749835986099447f,0.8745506143125044f,0.37403504628948236f,0.8949802934754225f,0.4378880000067745f,0.0852312955475511f,-0.772844457319917f,0f,0f,0f,1f],start_interpolation:0}
execute if entity @s[tag=aj.dino.bone.leg_left_2] run data modify entity @s {} merge value {transformation:[-0.3768738843288923f,0.16245213117890236f,-0.9400199890890507f,-0.08791099145997655f,-0.5108077451816699f,0.8192453080486868f,0.34637374641176855f,0.5749119822796803f,0.805669735235205f,0.5954062729064407f,-0.22011326041470164f,-0.6396087067270432f,0f,0f,0f,1f],start_interpolation:0}
execute if entity @s[tag=aj.dino.bone.leg_left_1] run data modify entity @s {} merge value {transformation:[-0.2601035733328694f,0.8552528913049358f,0.44820600515167114f,0.12584345194165333f,-0.15450994016384847f,-0.4950669551791235f,0.8550060749960992f,0.39814860748192554f,0.9531383999871356f,0.1531378522907344f,0.2609137571415975f,-0.6308261720169797f,0f,0f,0f,1f],start_interpolation:0}
execute if entity @s[tag=aj.dino.bone.leg_left_0] run data modify entity @s {} merge value {transformation:[-0.2612363675281548f,-0.0026024925505347407f,-0.965271354238392f,0.1730253280592087f,-0.21178347228298772f,0.9757854724462058f,0.05468521400429899f,0.7521967231852483f,0.9417554465722277f,0.21871428575989135f,-0.255461817217534f,-0.41465244350815433f,0f,0f,0f,1f],start_interpolation:0}
execute if entity @s[tag=aj.dino.bone.leg_right_3] run data modify entity @s {} merge value {transformation:[-0.6803359514298041f,-0.21494414394817926f,-0.7006725399032611f,0.14044964285607758f,-0.15037969861851377f,0.9766259480497244f,-0.15358288914908974f,0.0017306839917874128f,0.7173067261886706f,0.0008789643683368847f,-0.6967569791441854f,0.02995320405122509f,0f,0f,0f,1f],start_interpolation:0}
execute if entity @s[tag=aj.dino.bone.leg_right_2] run data modify entity @s {} merge value {transformation:[-0.71133602924858f,-0.2144504003693127f,-0.7071593022615191f,0.06971072726699412f,-0.025532858844679103f,0.9881058527706463f,-0.2739655020989048f,0.22362957358817376f,0.7385196856636765f,-0.1723950376389315f,-0.690601784232701f,-0.03272024074947846f,0f,0f,0f,1f],start_interpolation:0}
execute if entity @s[tag=aj.dino.bone.leg_right_1] run data modify entity @s {} merge value {transformation:[-0.410360376257657f,0.5231313130081721f,-0.7469524690018899f,0.24327213167347803f,-0.2558238041121212f,0.7201655379154275f,0.6449153271931014f,0.37997726359611994f,0.8753048285296258f,0.4557359184322959f,-0.1616979585628533f,0.11709706262163982f,0f,0f,0f,1f],start_interpolation:0}
execute if entity @s[tag=aj.dino.bone.leg_right_0] run data modify entity @s {} merge value {transformation:[-0.4592467947395008f,-0.8288200196476445f,-0.31960875543822764f,-0.0027321863558503294f,-0.22873238433442875f,0.45799575251105923f,-0.8590235078497652f,0.6563271642760392f,0.8583553331098853f,-0.32139891990034186f,-0.3999110606231234f,-0.07634514184671515f,0f,0f,0f,1f],start_interpolation:0}
execute if entity @s[tag=aj.dino.bone.tail_4] run data modify entity @s {} merge value {transformation:[-2.1669558800203577f,-0.9972405283413862f,-1.3912134538878593f,-1.305828166805793f,-1.1102382403372495f,2.527109517100862f,-0.08215759168266609f,1.3197339984886922f,1.30281794404976f,0.49486376793178266f,-2.3839959285725127f,-1.122836788111152f,0f,0f,0f,1f],start_interpolation:0}
execute if entity @s[tag=aj.dino.bone.tail_3] run data modify entity @s {} merge value {transformation:[-1.5539424447308356f,-0.25290240976829625f,-1.3628091486491372f,-1.0722712479938012f,-0.8140497602295206f,1.8235649656606174f,0.5898129618191641f,1.2018785013835345f,1.1218428554742677f,0.9729320187932062f,-1.459731968709586f,-0.8848410929569949f,0f,0f,0f,1f],start_interpolation:0}
execute if entity @s[tag=aj.dino.bone.tail_2] run data modify entity @s {} merge value {transformation:[-1.1961387143249649f,0.01037002057864947f,-1.5452891359771461f,-0.785887383948392f,-0.5384611322521663f,1.828860610143006f,0.42907150071269323f,1.1221520668251947f,1.4484770140218013f,0.6884295216965395f,-1.1165809457938722f,-0.6760362510203771f,0f,0f,0f,1f],start_interpolation:0}
execute if entity @s[tag=aj.dino.bone.tail_1] run data modify entity @s {} merge value {transformation:[-0.9043294444901845f,0.15250261664258719f,-1.2027416421431656f,-0.5280710175815785f,-0.29769104960559156f,1.4266176561399055f,0.4047200911427599f,1.017906297279545f,1.1752550977608212f,0.4787079120999012f,-0.8229644221229478f,-0.5059180046031384f,0f,0f,0f,1f],start_interpolation:0}
execute if entity @s[tag=aj.dino.bone.tail_0] run data modify entity @s {} merge value {transformation:[-0.683842505805792f,0.2587629300656534f,-1.0484449865687377f,-0.21544661392934378f,-0.4576255171526818f,1.05460597939023f,0.5587672421224618f,0.8800710430707258f,0.9781482658002437f,0.6743023734514355f,-0.4715697147334259f,-0.35184225622249266f,0f,0f,0f,1f],start_interpolation:0}
execute if entity @s[tag=aj.dino.bone.body_1] run data modify entity @s {} merge value {transformation:[-0.5527772395682111f,0.4442001279767781f,-1.0127823876712179f,-0.009908926500183903f,-0.30152059392069985f,1.0288217173996208f,0.6158050018511162f,0.6676065625000002f,1.0640146850082979f,0.5223185954650272f,-0.3516541340214616f,-0.305269459987824f,0f,0f,0f,1f],start_interpolation:0}