execute if entity @s[tag=aj.dino.bone.head_lower] run data modify entity @s {} merge value {transformation:[-1f,-8.27318135569569e-17f,9.029421272814499e-17f,-9.985502008591496e-17f,0f,0.7373082001358376f,0.6755565246612983f,0.36701886452927673f,-1.2246467991473532e-16f,0.6755565246612983f,-0.7373082001358376f,0.8157557297706948f,0f,0f,0f,1f],start_interpolation:0}
execute if entity @s[tag=aj.dino.bone.head_upper] run data modify entity @s {} merge value {transformation:[-1.0408995833333334f,-8.634670985103463e-17f,9.377484816939911e-17f,-0.00032312500000009536f,0f,0.7657297453820056f,0.7050743929690795f,0.43281909467028684f,-1.2747343429629804e-16f,0.7050743929690795f,-0.7657297453820056f,0.7788005975774345f,0f,0f,0f,1f],start_interpolation:0}
execute if entity @s[tag=aj.dino.bone.neck_0] run data modify entity @s {} merge value {transformation:[-1f,-1.1839706445541253e-18f,1.2245895655333426e-16f,-8.743792209493689e-17f,0f,0.9999532652075271f,0.009667853991685238f,0.417213119829925f,-1.2246467991473532e-16f,0.009667853991685238f,-0.9999532652075271f,0.7139848171392321f,0f,0f,0f,1f],start_interpolation:0}
execute if entity @s[tag=aj.dino.bone.neck_1] run data modify entity @s {} merge value {transformation:[-1f,-2.2430758114576057e-17f,1.2039293549467077e-16f,-7.734239600004899e-17f,0f,0.9830829229986393f,0.18316103982138543f,0.43725820403233334f,-1.2246467991473532e-16f,0.18316103982138543f,-0.9830829229986393f,0.6315485906132102f,0f,0f,0f,1f],start_interpolation:0}
execute if entity @s[tag=aj.dino.bone.neck_2] run data modify entity @s {} merge value {transformation:[-1f,-1.7450970249109858e-17f,1.2121493911223674e-16f,-6.689391412736889e-17f,0f,0.9897950919124704f,0.14249798604185226f,0.4594328089162505f,-1.2246467991473532e-16f,0.14249798604185226f,-0.9897950919124704f,0.5462302614430794f,0f,0f,0f,1f],start_interpolation:0}
execute if entity @s[tag=aj.dino.bone.body_0] run data modify entity @s {} merge value {transformation:[-1f,-1.0378598335416088e-17f,1.220241063200656e-16f,-9.483279531513446e-18f,0f,0.9964024435863755f,0.0847476867831776f,0.5088660546715513f,-1.2246467991473532e-16f,0.0847476867831776f,-0.9964024435863755f,0.07743685394120228f,0f,0f,0f,1f],start_interpolation:0}
execute if entity @s[tag=aj.dino.bone.leg_left_3] run data modify entity @s {} merge value {transformation:[-0.9708994986217236f,0.037699242629979215f,-0.23650143906795074f,0.21432238517901347f,0.03100457445989816f,0.9990080191546993f,0.031963948866885306f,0.06750454379744325f,0.23747185083425437f,0.0237011554513743f,-0.9711052338915817f,0.13014983458047807f,0f,0f,0f,1f],start_interpolation:0}
execute if entity @s[tag=aj.dino.bone.leg_left_2] run data modify entity @s {} merge value {transformation:[-0.9965794798072184f,-0.12273168129359267f,-0.20935251212898343f,0.17769780636084656f,0.030787807094216142f,0.813762450826417f,-0.6236224691750668f,0.23796642550580216f,0.24071487461766375f,-0.6122007902090011f,-0.7869744221421503f,-0.03650087551957806f,0f,0f,0f,1f],start_interpolation:0}
execute if entity @s[tag=aj.dino.bone.leg_left_1] run data modify entity @s {} merge value {transformation:[-0.9450631170418196f,0.16170366113180482f,0.2840908847248892f,0.2253820453062932f,0.3255959275123322f,0.5428445229000602f,0.7741492853092294f,0.33789789705956347f,-0.02903440708166592f,0.8241187717398367f,-0.5656723904093601f,0.21796582172990295f,0f,0f,0f,1f],start_interpolation:0}
execute if entity @s[tag=aj.dino.bone.leg_left_0] run data modify entity @s {} merge value {transformation:[-0.9561733076250295f,0.1587280008845387f,-0.24604476730995217f,0.19655375000000003f,0.29227037397357186f,0.5679846171801847f,-0.7693968437315216f,0.6575247494773423f,0.017624820077352582f,-0.8075883211029473f,-0.5894832222679149f,-0.04908264422279582f,0f,0f,0f,1f],start_interpolation:0}
execute if entity @s[tag=aj.dino.bone.leg_right_3] run data modify entity @s {} merge value {transformation:[-0.9855477616651984f,0.1450786360757735f,-0.08745169427238603f,-0.26497941376550715f,-0.0009590192729966814f,0.5114637299391086f,0.8593043309787332f,0.25161619198808655f,0.16939507005444876f,0.8469693278455648f,-0.5039328010063254f,-0.46492059284782705f,0f,0f,0f,1f],start_interpolation:0}
execute if entity @s[tag=aj.dino.bone.leg_right_2] run data modify entity @s {} merge value {transformation:[-1.0105942336990013f,0.11010447568776668f,-0.13652288727002912f,-0.24196557511852002f,-0.0036458359402897797f,0.7850432601904532f,0.6601181614003171f,0.45501490012214396f,0.17535165295861782f,0.6508811593246194f,-0.7730897190763919f,-0.337365111483275f,0f,0f,0f,1f],start_interpolation:0}
execute if entity @s[tag=aj.dino.bone.leg_right_1] run data modify entity @s {} merge value {transformation:[-0.9374497631909623f,0.19371975366357494f,-0.28924141911858453f,-0.19266758951575072f,-0.3474517386387134f,-0.5721429482133753f,0.742919737338188f,0.25326014510797246f,-0.021569209770965922f,0.7969473657966574f,0.6036635365330801f,-0.15330503133430184f,0f,0f,0f,1f],start_interpolation:0}
execute if entity @s[tag=aj.dino.bone.leg_right_0] run data modify entity @s {} merge value {transformation:[-0.9561733076250296f,-0.29279854277281975f,0.0012724525625208401f,-0.19655374999999997f,-0.2922703739735718f,0.9546920647373691f,0.05604542822431946f,0.6575247494773423f,-0.017624820077352776f,0.053217242296197065f,-0.998427408898428f,-0.04908264422279586f,0f,0f,0f,1f],start_interpolation:0}
execute if entity @s[tag=aj.dino.bone.tail_4] run data modify entity @s {} merge value {transformation:[-2.7454361582937774f,-0.25196305025077537f,0.1573412013473575f,0.04713825328508264f,-0.20469226761915302f,2.66461619669855f,0.6954012737036658f,0.7040711042214416f,-0.2152735652838811f,0.6797032272985593f,-2.6678309816196917f,-1.7847846158572627f,0f,0f,0f,1f],start_interpolation:0}
execute if entity @s[tag=aj.dino.bone.tail_3] run data modify entity @s {} merge value {transformation:[-2.0747701707485837f,-0.13459611123103354f,0.11470898595062433f,0.029004976853293216f,-0.1356276386672304f,2.0778169282315884f,-0.015082520619598578f,0.6862954724953202f,-0.1134874805689529f,-0.02249945866399192f,-2.0790766922262347f,-1.4320298644543208f,0f,0f,0f,1f],start_interpolation:0}
execute if entity @s[tag=aj.dino.bone.tail_2] run data modify entity @s {} merge value {transformation:[-1.9525813348056356f,-0.041339611643289344f,0.06701524065912716f,0.015093326603180964f,-0.061868873412551664f,1.8342640206989484f,-0.6711345765751939f,0.8114486442258386f,-0.048705733482623706f,-0.6727112410843787f,-1.834083207667365f,-1.0912738908276645f,0f,0f,0f,1f],start_interpolation:0}
execute if entity @s[tag=aj.dino.bone.tail_1] run data modify entity @s {} merge value {transformation:[-1.5115838515783824f,0.007678139436186566f,0.05207260145471693f,0.005238151160327216f,0.0029085443707260986f,1.5062193659226768f,-0.13766267500354948f,0.8226573615024972f,-0.05255520922902721f,-0.13747915439908628f,-1.5053217868909643f,-0.7656146867924789f,0f,0f,0f,1f],start_interpolation:0}
execute if entity @s[tag=aj.dino.bone.tail_0] run data modify entity @s {} merge value {transformation:[-1.2780906844315418f,-0.0005880373036077097f,0.017876609451178287f,4.825217140493664e-17f,0.003190439675818023f,1.2495418895560206f,0.2692036476786155f,0.7741434704344092f,-0.017599433173126833f,0.2692219104027879f,-1.2494180803458406f,-0.39400888026271474f,0f,0f,0f,1f],start_interpolation:0}
execute if entity @s[tag=aj.dino.bone.body_1] run data modify entity @s {} merge value {transformation:[-1.2363675f,-5.1097346835490725e-17f,1.425287974373893e-16f,1.8557991432579204e-17f,0f,1.1638359528365516f,0.41724150074181954f,0.5987480555555555f,-1.5141135014448153e-16f,0.41724150074181954f,-1.1638359528365516f,-0.1515375f,0f,0f,0f,1f],start_interpolation:0}