execute if entity @s[tag=aj.dino.bone.head_lower] run data modify entity @s {} merge value {transformation:[-0.9846688395924773f,-0.16921584587737606f,0.04234706412030045f,0.4064369268998594f,-0.15700948792150615f,0.9655595911811328f,0.207467338587909f,0.25047932239977033f,-0.07599537511079953f,0.19763773268818802f,-0.9773249355151241f,0.7315232643253572f,0f,0f,0f,1f],start_interpolation:0}
execute if entity @s[tag=aj.dino.bone.head_upper] run data modify entity @s {} merge value {transformation:[-1.0249413848531266f,-0.17223584067744419f,-0.05746229533352185f,0.3982899462517178f,-0.1634311105568758f,0.7316197755092776f,0.7221459123815679f,0.3166397540658508f,-0.0791035542880916f,0.7200967031263197f,-0.747445856520125f,0.6961413412590007f,0f,0f,0f,1f],start_interpolation:0}
execute if entity @s[tag=aj.dino.bone.neck_0] run data modify entity @s {} merge value {transformation:[-0.996990063406495f,-0.02347745001421902f,0.07388926044793814f,0.4037709998228326f,-0.015742647381181057f,0.994497173488672f,0.10357384310951173f,0.30719956599728127f,-0.07591431039102697f,0.10209887983651819f,-0.9918733972710344f,0.6303722211852344f,0f,0f,0f,1f],start_interpolation:0}
execute if entity @s[tag=aj.dino.bone.neck_1] run data modify entity @s {} merge value {transformation:[-0.9626725603913397f,-0.015313642886315454f,-0.27023514540328153f,0.38080798813231936f,-0.08036273387845026f,0.9695486205338391f,0.23133807171434426f,0.3312635262848993f,0.25846348382927076f,0.2444196488878913f,-0.9345884991611851f,0.552326319602201f,0f,0f,0f,1f],start_interpolation:0}
execute if entity @s[tag=aj.dino.bone.neck_2] run data modify entity @s {} merge value {transformation:[-0.8846879318669223f,-0.11743060147553093f,-0.45115110223307986f,0.3401340489608634f,-0.3684474219739725f,0.7690319306887292f,0.5223374262121172f,0.38455350559817675f,0.285611205049384f,0.6283310778707835f,-0.7236202706751507f,0.49508351069830636f,0f,0f,0f,1f],start_interpolation:0}
execute if entity @s[tag=aj.dino.bone.body_0] run data modify entity @s {} merge value {transformation:[-0.7599871387381866f,-0.27054393151286027f,-0.590953069265326f,0.05904281436255066f,-0.5025016519414917f,0.8212502969098332f,0.27025920820868005f,0.5197490925958341f,0.4122033948775972f,0.5023484158898837f,-0.7600884358443485f,0.14164217781337032f,0f,0f,0f,1f],start_interpolation:0}
execute if entity @s[tag=aj.dino.bone.leg_left_3] run data modify entity @s {} merge value {transformation:[-0.21756079555591706f,0.07663065731007734f,-0.9730339370223948f,0.23742952822915211f,0.09920747719133775f,0.9934863873616955f,0.056059562933869767f,0.01353959142241154f,0.9709918520288453f,-0.08433587900313698f,-0.22374602299563123f,-0.2685251522568167f,0f,0f,0f,1f],start_interpolation:0}
execute if entity @s[tag=aj.dino.bone.leg_left_2] run data modify entity @s {} merge value {transformation:[-0.3405963030066551f,0.2285221304183097f,-0.9401244565417762f,0.26111525467286256f,-0.34203211914425014f,0.9038790695120963f,0.34362604190068924f,0.2343214527916768f,0.9050250755380134f,0.42760082215510065f,-0.22394050334941612f,-0.17436874982356815f,0f,0f,0f,1f],start_interpolation:0}
execute if entity @s[tag=aj.dino.bone.leg_left_1] run data modify entity @s {} merge value {transformation:[-0.6295959342777937f,0.52663171390473f,-0.5711987372628188f,0.4470176696574746f,-0.09533233605844325f,0.6772842918195692f,0.7295188371495996f,0.3815260893734729f,0.77105168778916f,0.5137558038253496f,-0.3762104049508159f,-0.030200539973143523f,0f,0f,0f,1f],start_interpolation:0}
execute if entity @s[tag=aj.dino.bone.leg_left_0] run data modify entity @s {} merge value {transformation:[-0.5952889459176488f,-0.6128490988420414f,-0.5196605169884974f,0.17947921557530586f,-0.1379040565533222f,0.7150649565046205f,-0.6853207855925452f,0.7020383457446435f,0.7915892508456598f,-0.3363005947475308f,-0.5101846410056505f,-0.02866832992312627f,0f,0f,0f,1f],start_interpolation:0}
execute if entity @s[tag=aj.dino.bone.leg_right_3] run data modify entity @s {} merge value {transformation:[-0.9919373469190609f,0.053393888944286386f,0.11493212088263173f,-0.33704828011709004f,0.04855583421693832f,0.9978290142031259f,-0.044492576660782795f,0.04572661048592594f,-0.11705823657766187f,-0.03855322344271156f,-0.9923764498472871f,0.04009122978511361f,0f,0f,0f,1f],start_interpolation:0}
execute if entity @s[tag=aj.dino.bone.leg_right_2] run data modify entity @s {} merge value {transformation:[-0.9910613181435848f,0.24667594516942684f,0.09492439757493638f,-0.2750773753829607f,0.26008267879431357f,0.9757663652668151f,0.1797197821773023f,0.27832699311893133f,-0.047081454643719024f,0.19771994838521748f,-1.0053618045956756f,0.05518232091294756f,0f,0f,0f,1f],start_interpolation:0}
execute if entity @s[tag=aj.dino.bone.leg_right_1] run data modify entity @s {} merge value {transformation:[-0.9876288920454629f,0.07867461008305993f,-0.13564467304442807f,-0.2661791042673488f,-0.11030068138977214f,0.2663043495007742f,0.9575571800795614f,0.297691613867572f,0.11145820419333552f,0.9606728366958486f,-0.25433200654410115f,0.3318756852970254f,0f,0f,0f,1f],start_interpolation:0}
execute if entity @s[tag=aj.dino.bone.leg_right_0] run data modify entity @s {} merge value {transformation:[-0.9949624547086129f,-0.09613803984147096f,0.028411107258450752f,-0.19054898362288522f,-0.07729910643481525f,0.5552797440671395f,-0.828063556723221f,0.5921100388071625f,0.0638322948403906f,-0.8260883022559826f,-0.559913881781152f,0.0456849194224995f,0f,0f,0f,1f],start_interpolation:0}
execute if entity @s[tag=aj.dino.bone.tail_4] run data modify entity @s {} merge value {transformation:[-1.8666306858733732f,0.2942041730964233f,-2.0136521841391954f,-0.7457124027180015f,0.29800624994049285f,2.742511047578303f,0.12444581353891039f,0.6933841786370136f,2.013093015524197f,-0.133185547427664f,-1.8855713861861845f,-1.5631157596282403f,0f,0f,0f,1f],start_interpolation:0}
execute if entity @s[tag=aj.dino.bone.tail_3] run data modify entity @s {} merge value {transformation:[-1.5806286714460642f,0.09194106979070968f,-1.352444220192772f,-0.5172875569169749f,-0.06351268088498989f,2.070193823871175f,0.2149632457349081f,0.6366758841385394f,1.3540770540903118f,0.20442577463672487f,-1.568639844035183f,-1.299132876488789f,0f,0f,0f,1f],start_interpolation:0}
execute if entity @s[tag=aj.dino.bone.tail_2] run data modify entity @s {} merge value {transformation:[-1.6790852491922716f,-0.05609902211890863f,-0.9981480354461486f,-0.3329889573308661f,0.06939958696807823f,1.9398417094488996f,-0.22576916222949375f,0.6791587864026952f,0.9973115352167365f,-0.229436084787135f,-1.66478306686606f,-0.9889704784213349f,0f,0f,0f,1f],start_interpolation:0}
execute if entity @s[tag=aj.dino.bone.tail_1] run data modify entity @s {} merge value {transformation:[-1.339043375445f,-0.11671472192345575f,-0.6935393012390803f,-0.1810410362220528f,-0.038416022843259665f,1.5014382903105978f,-0.17850355620573996f,0.699253929691901f,0.7022416235639749f,-0.14041717870517104f,-1.3322146854237544f,-0.7012471886345603f,0f,0f,0f,1f],start_interpolation:0}
execute if entity @s[tag=aj.dino.bone.tail_0] run data modify entity @s {} merge value {transformation:[-1.1776905942310807f,-0.378934423714887f,-0.32138650153287174f,-0.09626879341355325f,-0.39945091740240485f,1.2137579339470894f,0.032655151980932405f,0.7190014763728663f,0.2954988078318579f,0.1305223999487716f,-1.2367215023058309f,-0.3366986835627644f,0f,0f,0f,1f],start_interpolation:0}
execute if entity @s[tag=aj.dino.bone.body_1] run data modify entity @s {} merge value {transformation:[-1.163780491525014f,-0.2759411321828486f,-0.31317096636133784f,-0.00487433709380546f,-0.3457369447988809f,1.1570076622088916f,0.26533719989345844f,0.5793816174316407f,0.2338493694735612f,0.33733419070087345f,-1.1662438472451868f,-0.08828517718623657f,0f,0f,0f,1f],start_interpolation:0}