execute if entity @s[tag=aj.dino.bone.head_lower] run data modify entity @s {} merge value {transformation:[-0.9671119087360414f,0.08717884497322323f,0.2389443553843994f,0.16427334202536306f,0.15610881264429333f,0.9451209260811105f,0.28701302008510543f,0.1040748968238535f,-0.20080984685946138f,0.3148750292937168f,-0.9276470887851482f,0.7122508132064146f,0f,0f,0f,1f],start_interpolation:0}
execute if entity @s[tag=aj.dino.bone.head_upper] run data modify entity @s {} merge value {transformation:[-1.0066663828400502f,-0.13805753564695034f,0.2259089486813842f,0.17643436627954848f,0.16249359803610633f,0.37903571833334465f,0.9557194658519378f,0.1785212684574986f,-0.20902288592524385f,0.9595540545806286f,-0.3450179590700545f,0.7099478300386116f,0f,0f,0f,1f],start_interpolation:0}
execute if entity @s[tag=aj.dino.bone.neck_0] run data modify entity @s {} merge value {transformation:[-0.9980231401052543f,0.061899622911653095f,0.010874212516018056f,0.17645525253548008f,0.06091678727291139f,0.9102144775103682f,0.40963245715992114f,0.19021469983929015f,0.015458228966969023f,0.4094850932743743f,-0.9121858371753433f,0.6443124776697812f,0f,0f,0f,1f],start_interpolation:0}
execute if entity @s[tag=aj.dino.bone.neck_1] run data modify entity @s {} merge value {transformation:[-0.9681954224838232f,0.05408400346955069f,-0.24427964395355822f,0.1560107187657706f,-0.08360681885424287f,0.8502912172061068f,0.519629431213467f,0.23815131815062185f,0.2358124757565752f,0.5235262806305556f,-0.8187262727961595f,0.5773674367156959f,0f,0f,0f,1f],start_interpolation:0}
execute if entity @s[tag=aj.dino.bone.neck_2] run data modify entity @s {} merge value {transformation:[-0.9681954224838232f,0.08846620885794426f,-0.2340328049049409f,0.1363738292861608f,-0.08360681885424287f,0.7672290502933038f,0.6359005301358924f,0.30137262576503f,0.2358124757565752f,0.6352427207582452f,-0.7354312761918796f,0.5191575644496395f,0f,0f,0f,1f],start_interpolation:0}
execute if entity @s[tag=aj.dino.bone.body_0] run data modify entity @s {} merge value {transformation:[-0.9681954224838232f,0.0016506971975271054f,-0.25018972616822943f,0.018476074508725338f,-0.08360681885424287f,0.9403589925670233f,0.32974970043869184f,0.4657405178733504f,0.2358124757565752f,0.3401797176450931f,-0.9103132625533144f,0.0933709745182135f,0f,0f,0f,1f],start_interpolation:0}
execute if entity @s[tag=aj.dino.bone.leg_left_3] run data modify entity @s {} merge value {transformation:[-0.995946532271392f,0.017344320519305664f,-0.08825916044418927f,0.2243225356621957f,0.0020211565506498535f,0.9853002387953265f,0.1708196544782538f,0.05963494278127407f,0.08992452269980258f,0.16994885694112777f,-0.9813414116614139f,-0.4131598002616078f,0f,0f,0f,1f],start_interpolation:0}
execute if entity @s[tag=aj.dino.bone.leg_left_2] run data modify entity @s {} merge value {transformation:[-1.0152189757235561f,-0.09866722646790839f,-0.10796948296921081f,0.1964116191237449f,-0.13794847736583057f,0.8975674196336565f,0.4768701545550137f,0.28338001855726724f,0.04860913930483808f,0.4865179391697745f,-0.9016649299727324f,-0.32754324888283337f,0f,0f,0f,1f],start_interpolation:0}
execute if entity @s[tag=aj.dino.bone.leg_left_1] run data modify entity @s {} merge value {transformation:[-0.9659154223057421f,-0.0037796831732519395f,0.2588302744020297f,0.2008942195122747f,0.25885650102606084f,-0.01085153485124915f,0.9658548317774865f,0.22405138832354105f,-0.0008419195122413637f,0.9999339769137169f,0.011460060429724972f,-0.0564834665688351f,0f,0f,0f,1f],start_interpolation:0}
execute if entity @s[tag=aj.dino.bone.leg_left_0] run data modify entity @s {} merge value {transformation:[-0.9790765496167775f,0.19604560380030267f,-0.054545680132168914f,0.16846571659012208f,0.2031957855587637f,0.9563380724933013f,-0.21006895018292004f,0.6402684390108067f,0.010981016422128384f,-0.21675703525000517f,-0.9761638207534457f,-0.06084666263080432f,0f,0f,0f,1f],start_interpolation:0}
execute if entity @s[tag=aj.dino.bone.leg_right_3] run data modify entity @s {} merge value {transformation:[-0.9965960515615446f,-0.003690691095262308f,0.08235708112347594f,-0.3068941797140132f,-0.00640692685548163f,0.9994433229314716f,-0.032741342916359495f,0.015477520979232967f,-0.08219039664223525f,-0.03315754886805561f,-0.9960649153809479f,0.25740794758491287f,0f,0f,0f,1f],start_interpolation:0}
execute if entity @s[tag=aj.dino.bone.leg_right_2] run data modify entity @s {} merge value {transformation:[-1.0109523834383332f,0.11598398468402427f,0.1287835129892965f,-0.2743101243203804f,0.017707856951585454f,0.8273011605067488f,-0.6060704753797722f,0.18956245636261507f,-0.17240623458341198f,-0.5951325101367738f,-0.8174078450539651f,0.09368932716352041f,0f,0f,0f,1f],start_interpolation:0}
execute if entity @s[tag=aj.dino.bone.leg_right_1] run data modify entity @s {} merge value {transformation:[-0.9886357623787457f,-0.03831290675635991f,-0.1453666073129412f,-0.2966981431857705f,-0.12598194257481926f,0.7387556515612815f,0.6620941303404989f,0.35263528183234105f,0.0820236520210561f,0.6728835028904671f,-0.7351869912117488f,0.31711586064683095f,0f,0f,0f,1f],start_interpolation:0}
execute if entity @s[tag=aj.dino.bone.leg_right_0] run data modify entity @s {} merge value {transformation:[-0.9932580220342698f,-0.04997352641843576f,0.10459994417721298f,-0.2093427657046347f,-0.11318954879971974f,0.22323496776619922f,-0.9681705816688192f,0.532260907257936f,0.02503253297383269f,-0.9734828174260345f,-0.2273864034395726f,-0.049505130678059284f,0f,0f,0f,1f],start_interpolation:0}
execute if entity @s[tag=aj.dino.bone.tail_4] run data modify entity @s {} merge value {transformation:[-2.224936176302387f,-0.3698910683785493f,-1.5932673788522411f,-0.5775962263596017f,-1.118596376775177f,2.3066327582646404f,1.0265713788947681f,1.4550009050472001f,1.19334089381298f,1.4725105254748552f,-2.0083106321282584f,-1.4061154895440164f,0f,0f,0f,1f],start_interpolation:0}
execute if entity @s[tag=aj.dino.bone.tail_3] run data modify entity @s {} merge value {transformation:[-1.6755232991677083f,-0.29346888735913573f,-1.2010175736194684f,-0.3710762049756462f,-0.848344845207489f,1.7443575228319124f,0.7572802534029532f,1.3095242509080602f,0.8993765749676192f,1.098652980124457f,-1.5231641184414793f,-1.158594324180694f,0f,0f,0f,1f],start_interpolation:0}
execute if entity @s[tag=aj.dino.bone.tail_2] run data modify entity @s {} merge value {transformation:[-1.7749792113115734f,-0.1558319880238184f,-0.8024581396702679f,-0.22325056965920165f,-0.5616088689297513f,1.6263901503680604f,0.9264040328754942f,1.137279489952949f,0.5939849768756513f,1.0720752516950844f,-1.5220415161721872f,-0.8749558080444916f,0f,0f,0f,1f],start_interpolation:0}
execute if entity @s[tag=aj.dino.bone.tail_1] run data modify entity @s {} merge value {transformation:[-1.450599517589641f,-0.03342459579092194f,-0.42696614147367207f,-0.12957777651343333f,-0.33421992310734405f,1.031219211141366f,1.0547702269077848f,0.898018419996099f,0.2677953184184206f,1.1059502633342932f,-0.9964014916006423f,-0.6743162675092282f,0f,0f,0f,1f],start_interpolation:0}
execute if entity @s[tag=aj.dino.bone.tail_0] run data modify entity @s {} merge value {transformation:[-1.2278824212348192f,-0.19212676674259627f,-0.298710196859067f,-0.046924075445599525f,-0.35267292147773194f,0.7866406870723044f,0.9437446458035149f,0.6412173408824284f,0.041979598174685266f,0.9889992171521049f,-0.8086742102933934f,-0.41413655506679986f,0f,0f,0f,1f],start_interpolation:0}
execute if entity @s[tag=aj.dino.bone.body_1] run data modify entity @s {} merge value {transformation:[-1.188250360864554f,-0.32781962542813153f,-0.09591646441392149f,-0.002543862902303199f,-0.3396958898379383f,1.1704593382272857f,0.20793324659612714f,0.5140370311419487f,0.03567039933500505f,0.2261942214048674f,-1.2149767042501587f,-0.14690727643895424f,0f,0f,0f,1f],start_interpolation:0}