execute if entity @s[tag=aj.dino.bone.head_lower] run data modify entity @s {} merge value {transformation:[-0.9999489087214017f,-0.009843363301215576f,0.0022995968772857155f,-0.0006290272120072012f,-0.010006101486946485f,0.99615929242553f,-0.08698587268804281f,0.26180164716964544f,-0.0014345312511992042f,-0.08700443846832057f,-0.9962068910657571f,0.8017720271317836f,0f,0f,0f,1f],start_interpolation:0}
execute if entity @s[tag=aj.dino.bone.head_upper] run data modify entity @s {} merge value {transformation:[-1.0408464024427286f,-0.008717343601883643f,-0.005892115584694739f,-0.0015540682749280881f,-0.010415346868553645f,0.7708923983839083f,0.6993485348858752f,0.32731984452626733f,-0.001493202981651897f,0.6993717613815552f,-0.7709402391303903f,0.7643291826088642f,0f,0f,0f,1f],start_interpolation:0}
execute if entity @s[tag=aj.dino.bone.neck_0] run data modify entity @s {} merge value {transformation:[-0.9999489087214017f,-0.010049817456466959f,0.0010867915942957029f,-0.0009975584208498961f,-0.010006101486946485f,0.9993486521317181f,0.03467202641252859f,0.3133437335828734f,-0.0014345312511992042f,0.03465938042737984f,-0.9993981536247099f,0.6991441009261882f,0f,0f,0f,1f],start_interpolation:0}
execute if entity @s[tag=aj.dino.bone.neck_1] run data modify entity @s {} merge value {transformation:[-0.9999489087214017f,-0.010057861966399803f,-0.0010096333703815785f,-0.0011294229316056602f,-0.010006101486946485f,0.9707041172028072f,0.24006956237422372f,0.338152688958915f,-0.0014345312511992042f,0.2400673994072981f,-0.9707551626758963f,0.6180143579866741f,0f,0f,0f,1f],start_interpolation:0}
execute if entity @s[tag=aj.dino.bone.neck_2] run data modify entity @s {} merge value {transformation:[-0.9999489087214017f,-0.009878449175737313f,-0.002143872374959526f,-0.0014139584221561307f,-0.010006101486946485f,0.9372119078782271f,0.34861686371184963f,0.3778700311821212f,-0.0014345312511992042f,0.34862050423510055f,-0.9372628692885222f,0.5393163137897566f,0f,0f,0f,1f],start_interpolation:0}
execute if entity @s[tag=aj.dino.bone.body_0] run data modify entity @s {} merge value {transformation:[-0.9999489087214017f,-0.010041006826880782f,-0.0011653878239767678f,-0.002058854474676614f,-0.010006101486946485f,0.966866962623854f,0.25508460267047833f,0.5073010642561531f,-0.0014345312511992042f,0.25508323106081554f,-0.96691803548784f,0.0860414562368638f,0f,0f,0f,1f],start_interpolation:0}
execute if entity @s[tag=aj.dino.bone.leg_left_3] run data modify entity @s {} merge value {transformation:[-0.9983652566027468f,-0.05691066043522033f,-0.005290665114977279f,0.22025103022987869f,-0.057138919798661404f,0.9960472201561046f,0.06800793382789108f,0.061307932398279474f,0.0013993758515699764f,0.06819906119679128f,-0.997670752201899f,-0.22236333022492133f,0f,0f,0f,1f],start_interpolation:0}
execute if entity @s[tag=aj.dino.bone.leg_left_2] run data modify entity @s {} merge value {transformation:[-1.024120173966345f,-0.056735578268119764f,-0.0045981446714972f,0.20529514824646933f,-0.056903094355462445f,1.0183286552848403f,0.10877034145040056f,0.30195207592174095f,-0.0014514229608650255f,0.10885781315571888f,-1.01990689250884f,-0.22851067501545086f,0f,0f,0f,1f],start_interpolation:0}
execute if entity @s[tag=aj.dino.bone.leg_left_1] run data modify entity @s {} merge value {transformation:[-0.9412040431006079f,-0.05234680851019419f,0.3337585368044783f,0.1921175217852946f,0.3355977647804144f,-0.03127050260159614f,0.9414862165435207f,0.23684031998173233f,-0.03884700149894155f,0.9981392524622209f,0.04699939540781983f,0.04093355865642456f,0f,0f,0f,1f],start_interpolation:0}
execute if entity @s[tag=aj.dino.bone.leg_left_0] run data modify entity @s {} merge value {transformation:[-0.9583193357883623f,0.26356142228122403f,-0.11026979341256932f,0.19314777257074253f,0.2853294700765113f,0.8632880793015015f,-0.4163181303303777f,0.6428630370393515f,-0.014530800391223994f,-0.430428935854715f,-0.9025074997023392f,-0.056286657250148045f,0f,0f,0f,1f],start_interpolation:0}
execute if entity @s[tag=aj.dino.bone.leg_right_3] run data modify entity @s {} merge value {transformation:[-0.9984625662646304f,0.0359117610202191f,0.042223798842300514f,-0.21171898469966127f,0.03796362146188533f,0.998084803648991f,0.048841459544663846f,0.04489631089972865f,-0.04038894915378535f,0.050369337353007124f,-0.9979136549025024f,-0.1388418210707759f,0f,0f,0f,1f],start_interpolation:0}
execute if entity @s[tag=aj.dino.bone.leg_right_2] run data modify entity @s {} merge value {transformation:[-1.024266153907137f,0.04181141530727359f,0.034537675239916334f,-0.1993164113657237f,0.03787147745619558f,1.0190275166824228f,-0.11050280964768605f,0.27895636071501506f,-0.03881747874682365f,-0.10907302734750944f,-1.0191459549788158f,-0.1957025396836945f,0f,0f,0f,1f],start_interpolation:0}
execute if entity @s[tag=aj.dino.bone.leg_right_1] run data modify entity @s {} merge value {transformation:[-0.9357435929402634f,0.017531274093983862f,-0.35224506057557137f,-0.19450787344590356f,-0.34986145746801267f,0.07989805629272739f,0.9333880549798149f,0.2441910539756803f,0.044507177506603775f,0.9966488624532137f,-0.06863057715850757f,0.07958210767274493f,0f,0f,0f,1f],start_interpolation:0}
execute if entity @s[tag=aj.dino.bone.leg_right_0] run data modify entity @s {} merge value {transformation:[-0.9530251452717132f,-0.26605041420276876f,0.14477655052654406f,-0.19994003435948934f,-0.3025200238888001f,0.8124269276208339f,-0.49844169410563177f,0.6389282436482391f,0.01499025103691047f,-0.5188252734583267f,-0.8547488683787436f,-0.05628665725014809f,0f,0f,0f,1f],start_interpolation:0}
execute if entity @s[tag=aj.dino.bone.tail_4] run data modify entity @s {} merge value {transformation:[-2.757448956789798f,-0.12081861870376119f,0.08682996990306213f,0.018077713486193508f,-0.11903781881982074f,2.7582892374699353f,0.057721848100557895f,0.5356128885922996f,-0.08925570003910697f,0.053895040885404984f,-2.7594909088776665f,-1.814202965724568f,0f,0f,0f,1f],start_interpolation:0}
execute if entity @s[tag=aj.dino.bone.tail_3] run data modify entity @s {} merge value {transformation:[-2.0802240863685277f,-0.07234422960688969f,0.0581342324216471f,0.008928241048865942f,-0.07942531759986059f,2.06246039249532f,-0.27548915469879487f,0.5621428746640934f,-0.04800932681083686f,-0.27743281686758137f,-2.0631702941610355f,-1.4616506285774222f,0f,0f,0f,1f],start_interpolation:0}
execute if entity @s[tag=aj.dino.bone.tail_2] run data modify entity @s {} merge value {transformation:[-1.9534481292934582f,-0.043807512539952874f,0.02991960908379775f,0.0019113594957589877f,-0.04982021363666112f,1.893592438395835f,-0.4802077660410025f,0.6518261960157415f,-0.01822710826935658f,-0.48079356703054454f,-1.8940114026660344f,-1.1096859297598458f,0f,0f,0f,1f],start_interpolation:0}
execute if entity @s[tag=aj.dino.bone.tail_1] run data modify entity @s {} merge value {transformation:[-1.5122401892241353f,-0.014239767221866111f,0.024147238451201078f,-0.0016660385797322014f,-0.017806286996535237f,1.4941823360163966f,-0.23400498473319323f,0.6839336340761558f,-0.021651702906448633f,-0.2342490678018849f,-1.4940933130146856f,-0.7852895801456212f,0f,0f,0f,1f],start_interpolation:0}
execute if entity @s[tag=aj.dino.bone.tail_0] run data modify entity @s {} merge value {transformation:[-1.2781350438317935f,-0.012220883284424885f,0.007561502818573449f,-0.004170597132242066f,-0.01229118639510955f,1.2781009799850513f,-0.011938520941891788f,0.718265200756532f,-0.0074466804770651745f,-0.012010476969204018f,-1.27813771244607f,-0.4120778680886318f,0f,0f,0f,1f],start_interpolation:0}
execute if entity @s[tag=aj.dino.bone.body_1] run data modify entity @s {} merge value {transformation:[-1.2363055630706956f,-0.012042863424173135f,-0.0028494240202240643f,-0.002696973647882129f,-0.012375369760145229f,1.203088015564158f,0.2846588696764014f,0.5710494854368087f,-1.5140376505825937e-16f,0.28467313063001487f,-1.2031482883475155f,-0.1515375f,0f,0f,0f,1f],start_interpolation:0}