execute if entity @s[tag=aj.dino.bone.head_lower] run data modify entity @s {} merge value {transformation:[-0.9999323683125936f,-0.006400802745648249f,0.009710227854123697f,-0.007296032584443839f,-0.00586924650430651f,0.9985336115668395f,0.0538161547934789f,0.37778917134716583f,-0.010040455479677392f,0.05375552339523171f,-0.998503646942897f,0.8069513607188294f,0f,0f,0f,1f],start_interpolation:0}
execute if entity @s[tag=aj.dino.bone.head_upper] run data modify entity @s {} merge value {transformation:[-1.040829185538092f,-0.011997718365330616f,0.0016136510296534449f,-0.00777730047467776f,-0.00610929624081327f,0.6403619945459119f,0.8205919418469392f,0.4487358807675425f,-0.01045110592527308f,0.820526972913575f,-0.6403891033502453f,0.7812260950168909f,0f,0f,0f,1f],start_interpolation:0}
execute if entity @s[tag=aj.dino.bone.neck_0] run data modify entity @s {} merge value {transformation:[-0.9999323683125936f,-0.007336371534238321f,0.009024214840046504f,-0.006751591610509205f,-0.00586924650430651f,0.9882040016066246f,0.153030726176562f,0.4425926271264288f,-0.010040455479677392f,0.1529674111089216f,-0.9881802266754759f,0.7148488051481128f,0f,0f,0f,1f],start_interpolation:0}
execute if entity @s[tag=aj.dino.bone.neck_1] run data modify entity @s {} merge value {transformation:[-0.9999323683125936f,-0.008102079997658983f,0.00834356641246608f,-0.006082107295853381f,-0.00586924650430651f,0.9709024105484942f,0.2394035528905007f,0.46734607627048147f,-0.010040455479677392f,0.23933839117624783f,-0.9708842998848659f,0.6337047641422788f,0f,0f,0f,1f],start_interpolation:0}
execute if entity @s[tag=aj.dino.bone.neck_2] run data modify entity @s {} merge value {transformation:[-0.9999323683125936f,-0.008772623900202683f,0.0076354351986832126f,-0.005499075377557663f,-0.00586924650430651f,0.9474315633860899f,0.31990464930235224f,0.5046480699845143f,-0.010040455479677392f,0.31983819935976204f,-0.947418975682916f,0.5538351721007444f,0f,0f,0f,1f],start_interpolation:0}
execute if entity @s[tag=aj.dino.bone.body_0] run data modify entity @s {} merge value {transformation:[-0.9999323683125936f,-0.007031255957514651f,0.009263921438981044f,-0.0012000054451365666f,-0.00586924650430651f,0.9927588698586128f,0.11998074121508547f,0.5706518125753951f,-0.010040455479677392f,0.1199182544765789f,-0.9927329960755062f,0.08710620507080113f,0f,0f,0f,1f],start_interpolation:0}
execute if entity @s[tag=aj.dino.bone.leg_left_3] run data modify entity @s {} merge value {transformation:[-0.9880600147570056f,0.011411246256031286f,-0.15364631690108882f,0.17411408076074641f,0.0072792260292921926f,0.9995972550552177f,0.027428827070936523f,0.034514663339662355f,0.15389743372389314f,0.025982901011185833f,-0.9877451436216945f,-0.13677619597582286f,0f,0f,0f,1f],start_interpolation:0}
execute if entity @s[tag=aj.dino.bone.leg_left_2] run data modify entity @s {} merge value {transformation:[-1.014116024559518f,-0.032578629505147845f,-0.15023155837526178f,0.1603039438850292f,0.010124998417585322f,0.9860693397202168f,-0.28218246077932f,0.25566100045271545f,0.15338961059777578f,-0.2804783229841387f,-0.9746105566826994f,-0.23203715212769743f,0f,0f,0f,1f],start_interpolation:0}
execute if entity @s[tag=aj.dino.bone.leg_left_1] run data modify entity @s {} merge value {transformation:[-0.9343542846963363f,0.09137557495572271f,0.34443079852288006f,0.1854687637267781f,0.35399922646876186f,0.348746660971313f,0.8677904782381965f,0.2973301013093633f,-0.040824237030420686f,0.9327519878096593f,-0.35819981980455096f,0.041173029849286044f,0f,0f,0f,1f],start_interpolation:0}
execute if entity @s[tag=aj.dino.bone.leg_left_0] run data modify entity @s {} merge value {transformation:[-0.952478446005329f,0.2809028728059271f,-0.11780656155176875f,0.1946005247267765f,0.30416733707194116f,0.8563475458557133f,-0.41731416434798996f,0.7028992075216358f,-0.016341387757397977f,-0.43331565487098916f,-0.9010940585143641f,-0.05750619588577144f,0f,0f,0f,1f],start_interpolation:0}
execute if entity @s[tag=aj.dino.bone.leg_right_3] run data modify entity @s {} merge value {transformation:[-0.9861186133696372f,-0.012795091888989432f,0.16554868163019626f,-0.17656355186153636f,-0.011711486163981849f,0.9999031401110137f,0.007520072337796446f,0.02306936306840307f,-0.16562886661984552f,0.005476862211809819f,-0.9861729475718435f,-0.12815679961908735f,0f,0f,0f,1f],start_interpolation:0}
execute if entity @s[tag=aj.dino.bone.leg_right_2] run data modify entity @s {} merge value {transformation:[-1.0115426882514582f,0.039862085580270545f,0.1650896831388892f,-0.1606004615611686f,-0.015419251271467569f,0.971374559728648f,-0.32902266016628323f,0.2393510097256682f,-0.16913259897469488f,-0.32696280881143225f,-0.9573670587182838f,-0.2336958972715681f,0f,0f,0f,1f],start_interpolation:0}
execute if entity @s[tag=aj.dino.bone.leg_right_1] run data modify entity @s {} merge value {transformation:[-0.9351531198507979f,-0.10558500526096122f,-0.33814264607908046f,-0.18997494889857433f,-0.3516064351914667f,0.3929151722497921f,0.8497002896009069f,0.29402640453159773f,0.04314576648141027f,0.9134930071324896f,-0.40456021647558527f,0.03678723779649108f,0f,0f,0f,1f],start_interpolation:0}
execute if entity @s[tag=aj.dino.bone.leg_right_0] run data modify entity @s {} merge value {transformation:[-0.953282567619613f,-0.2810761792529079f,0.11067306686427865f,-0.19850054484693655f,-0.3014619862078633f,0.8617612655764901f,-0.4080296460106989f,0.7006507288686781f,0.019313651756411428f,-0.4223312711706218f,-0.9062357751971827f,-0.057506195885771494f,0f,0f,0f,1f],start_interpolation:0}
execute if entity @s[tag=aj.dino.bone.tail_4] run data modify entity @s {} merge value {transformation:[-2.761388443253375f,-0.01966145375438267f,0.0029367163585136357f,-0.0004645654989473806f,-0.019544068733245552f,2.7596298344716383f,0.09860292932460121f,0.5874584378557344f,-0.003636817847550729f,0.09857958982622307f,-2.7596974779177583f,-1.8163709168212774f,0f,0f,0f,1f],start_interpolation:0}
execute if entity @s[tag=aj.dino.bone.tail_3] run data modify entity @s {} merge value {transformation:[-2.082243190227789f,-0.013949344473099501f,0.003773404724744857f,-0.0009678902105886922f,-0.01431820266292629f,2.06503385984789f,-0.2671622593082233f,0.61255130678406f,-0.0019524003045710144f,-0.2671817724227118f,-2.0650800504248137f,-1.4635950701027893f,0f,0f,0f,1f],start_interpolation:0}
execute if entity @s[tag=aj.dino.bone.tail_2] run data modify entity @s {} merge value {transformation:[-1.9541287034044805f,-0.011845091171939973f,0.0038182913234897486f,-0.003125491497472324f,-0.012423236742588934f,1.8922736225137382f,-0.48777051543768996f,0.7036678659219583f,-0.0007407579498025818f,-0.4877848976307492f,-1.8923105506030966f,-1.1119352893818526f,0f,0f,0f,1f],start_interpolation:0}
execute if entity @s[tag=aj.dino.bone.tail_1] run data modify entity @s {} merge value {transformation:[-1.5124743216578176f,-0.008520478630770125f,0.0022533906959397213f,-0.0020612665173554505f,-0.008769029500260057f,1.493601533228775f,-0.23818861026144147f,0.7366740392914412f,-0.0008834293121279846f,-0.238197630929772f,-1.4936255749591645f,-0.7876111660984874f,0f,0f,0f,1f],start_interpolation:0}
execute if entity @s[tag=aj.dino.bone.tail_0] run data modify entity @s {} merge value {transformation:[-1.2781949754409647f,-0.007290555329919196f,0.0004112717852404106f,-0.002357383778943769f,-0.007295804907863696f,1.2780574307259098f,-0.018753441845717242f,0.7729960333322143f,-0.00030425687558383925f,-0.018755483286113737f,-1.2780781884761534f,-0.41457961734657456f,0f,0f,0f,1f],start_interpolation:0}
execute if entity @s[tag=aj.dino.bone.body_1] run data modify entity @s {} merge value {transformation:[-1.2363472755828309f,-0.006908786886249882f,-0.0015092643645473298f,-0.0015411451306565254f,-0.007071719392178311f,1.2078618184206955f,0.2638643845662756f,0.6302931950166042f,-1.5140887336770643e-16f,0.2638687009129f,-1.2078815768670323f,-0.1515375f,0f,0f,0f,1f],start_interpolation:0}