execute if entity @s[tag=aj.dino.bone.head_lower] run data modify entity @s {} merge value {transformation:[-0.9948457923383037f,0.07953128026442782f,-0.06290170845274166f,0.06961094259931368f,0.06381176397391469f,0.9731435051426831f,0.22117815709773475f,0.5910268394477541f,0.07880297104367373f,0.2160242899724793f,-0.9732027527173234f,0.8369133382971062f,0f,0f,0f,1f],start_interpolation:0}
execute if entity @s[tag=aj.dino.bone.head_upper] run data modify entity @s {} merge value {transformation:[-1.0355345707258603f,0.09752601976926294f,-0.04035803368699629f,0.06869722752910085f,0.06642163853221282f,0.9114667674024753f,0.49828550093203106f,0.6458646936446921f,0.08202597972478873f,0.49314191666532897f,-0.9129921857613794f,0.7850728969058265f,0f,0f,0f,1f],start_interpolation:0}
execute if entity @s[tag=aj.dino.bone.neck_0] run data modify entity @s {} merge value {transformation:[-0.9948457923383037f,0.05427177802431736f,-0.08565292509221097f,0.06259927562313478f,0.06381176397391469f,0.9915563304552911f,-0.11288977948678432f,0.6224495912470971f,0.07880297104367373f,-0.11777358636008595f,-0.9899088211095874f,0.722949759375921f,0f,0f,0f,1f],start_interpolation:0}
execute if entity @s[tag=aj.dino.bone.neck_1] run data modify entity @s {} merge value {transformation:[-0.9948457923383037f,0.06721494516723489f,-0.07592101562109327f,0.056477419987215456f,0.06381176397391469f,0.9968827992897201f,0.04639766436825027f,0.6309725968344105f,0.07880297104367373f,0.04131386724160552f,-0.9960337625443392f,0.6387629545674308f,0f,0f,0f,1f],start_interpolation:0}
execute if entity @s[tag=aj.dino.bone.neck_2] run data modify entity @s {} merge value {transformation:[-0.9948457923383037f,0.07681591642900601f,-0.06619036523501473f,0.05143072339667664f,0.06381176397391469f,0.9815833145341861f,0.18006180996151927f,0.6563576759894757f,0.07880297104367373f,0.17491001003731274f,-0.9814257894224285f,0.554495173037627f,0f,0f,0f,1f],start_interpolation:0}
execute if entity @s[tag=aj.dino.bone.body_0] run data modify entity @s {} merge value {transformation:[-0.9948457923383037f,0.05927883954419941f,-0.08226705688831795f,0.013223273031883647f,0.06381176397391469f,0.9965210146888187f,-0.05360901101591481f,0.6405850584476457f,0.07880297104367373f,-0.05858230505758655f,-0.9951674257575103f,0.08491842747240419f,0f,0f,0f,1f],start_interpolation:0}
execute if entity @s[tag=aj.dino.bone.leg_left_3] run data modify entity @s {} merge value {transformation:[-0.9794908262750439f,-0.004985792868969802f,-0.20142706648437086f,0.23718789137058036f,-0.008067293074210414f,0.9998626098816448f,0.014480336429812168f,0.03248115199459928f,0.20132719643775457f,0.015808327872785355f,-0.9793964757667757f,-0.11205734212307203f,0f,0f,0f,1f],start_interpolation:0}
execute if entity @s[tag=aj.dino.bone.leg_left_2] run data modify entity @s {} merge value {transformation:[-1.003764014359767f,-0.09156463096799221f,-0.19009450631923816f,0.20841231943859576f,-0.018718270120817518f,0.9590860603425098f,-0.363133246510234f,0.24479123717378026f,0.21016571875723117f,-0.35189777878394407f,-0.9402449273709894f,-0.2228159366302782f,0f,0f,0f,1f],start_interpolation:0}
execute if entity @s[tag=aj.dino.bone.leg_left_1] run data modify entity @s {} merge value {transformation:[-0.960516060391794f,0.10508946357691618f,0.2576142511091791f,0.24242822648655826f,0.26987928121735605f,0.5769954617528577f,0.7708705537807302f,0.35528397505590426f,-0.06763188078880018f,0.8099582963102004f,-0.5825748766804546f,0.029468939259621796f,0f,0f,0f,1f],start_interpolation:0}
execute if entity @s[tag=aj.dino.bone.leg_left_0] run data modify entity @s {} merge value {transformation:[-0.9749394010551918f,0.21793642672840438f,-0.04468644285461262f,0.2182732180978137f,0.21774628734989782f,0.8936127653162257f,-0.39248284040098314f,0.7634145310133587f,-0.045603932017749f,-0.39237729237144026f,-0.9186731419910881f,-0.055108028220016966f,0f,0f,0f,1f],start_interpolation:0}
execute if entity @s[tag=aj.dino.bone.leg_right_3] run data modify entity @s {} merge value {transformation:[-0.9872709145788865f,0.0786988689741312f,0.13821226157169128f,-0.23247440058614915f,0.09499365470951544f,0.988748342043127f,0.11555484270205879f,0.14663005640103885f,-0.12756310905390514f,0.12721322309084376f,-0.9836383731226339f,-0.12948325280272083f,0f,0f,0f,1f],start_interpolation:0}
execute if entity @s[tag=aj.dino.bone.leg_right_2] run data modify entity @s {} merge value {transformation:[-1.0135580050790738f,0.12713245109816715f,0.09273461984930342f,-0.19840168381918177f,0.1104089288080146f,1.005237512404611f,-0.17137564469536318f,0.37548189995397896f,-0.11212599288429737f,-0.15936462290312936f,-1.007021786351889f,-0.19757844896628513f,0f,0f,0f,1f],start_interpolation:0}
execute if entity @s[tag=aj.dino.bone.leg_right_1] run data modify entity @s {} merge value {transformation:[-0.9677866967180043f,-0.022609813378336223f,-0.25075427413037377f,-0.21051907411788517f,-0.2472496895343365f,0.27326038687588694f,0.9296216176432299f,0.39549043106420456f,0.04750263867226761f,0.9616743509647321f,-0.27004803649672127f,0.07894679978132157f,0f,0f,0f,1f],start_interpolation:0}
execute if entity @s[tag=aj.dino.bone.leg_right_0] run data modify entity @s {} merge value {transformation:[-0.9799636337742649f,-0.17910087033699246f,0.08714444746781365f,-0.1739881152727773f,-0.19839054472528075f,0.8388829189700096f,-0.5068694506714357f,0.7891934545474408f,0.01767677129865919f,-0.5140022631320688f,-0.8576066728119405f,-0.05510802822001701f,0f,0f,0f,1f],start_interpolation:0}
execute if entity @s[tag=aj.dino.bone.tail_4] run data modify entity @s {} merge value {transformation:[-2.7551053708526485f,0.146112829012297f,0.11707590826858134f,0.05039843069847932f,0.18569698302756335f,2.3530568190288537f,1.4332834920267077f,1.1406526359180091f,-0.023923996182720623f,1.43785812207597f,-2.357467496019153f,-1.7900829426514715f,0f,0f,0f,1f],start_interpolation:0}
execute if entity @s[tag=aj.dino.bone.tail_3] run data modify entity @s {} merge value {transformation:[-2.0775015920409245f,0.1278536548428273f,0.05988408849769914f,0.03899315386758467f,0.14002577976085417f,1.9787941621596596f,0.6330181441709709f,1.01395209694322f,-0.0180400142525951f,0.635588414613283f,-1.9828382312078778f,-1.460086584309937f,0f,0f,0f,1f],start_interpolation:0}
execute if entity @s[tag=aj.dino.bone.tail_2] run data modify entity @s {} merge value {transformation:[-1.9500009180540399f,0.12529490740471125f,0.023905663965325955f,0.03313703900916391f,0.1273746772801226f,1.9322105681407644f,0.26289139764493f,0.9656351219655968f,-0.006781311006203689f,0.2638889568480745f,-1.9362568288523736f,-1.100082890138728f,0f,0f,0f,1f],start_interpolation:0}
execute if entity @s[tag=aj.dino.bone.tail_1] run data modify entity @s {} merge value {transformation:[-1.5092443332244208f,0.09759654679891643f,0.017683514438623725f,0.029580616663087447f,0.09918564729825631f,1.4850640108805957f,0.26907868915479677f,0.8894842576207175f,-1.8482912418145684e-16f,0.2696591323136762f,-1.4882675170680288f,-0.7831206294223263f,0f,0f,0f,1f],start_interpolation:0}
execute if entity @s[tag=aj.dino.bone.tail_0] run data modify entity @s {} merge value {transformation:[-1.2754644648569016f,0.0827177824962333f,0.013560380902874546f,0.027614085631123407f,0.08382192715110529f,1.2586634043323426f,0.20633961254984554f,0.8595608171134758f,-1.5619934743131965e-16f,0.20678471809457152f,-1.2613785303970322f,-0.4095264220733751f,0f,0f,0f,1f],start_interpolation:0}
execute if entity @s[tag=aj.dino.bone.body_1] run data modify entity @s {} merge value {transformation:[-1.2337062103522936f,0.07856899001125606f,0.020012381243716116f,0.017669308279114348f,0.0810776269659682f,1.1955338919660305f,0.3045155605586898f,0.7082375231436834f,-1.5108543615961475e-16f,0.3051724463732218f,-1.1981128381879702f,-0.1515375f,0f,0f,0f,1f],start_interpolation:0}