execute if entity @s[tag=aj.dino.bone.head_lower] run data modify entity @s {} merge value {transformation:[-0.8791657423249167f,-0.3030290833909689f,-0.3677512367640758f,0.5631135928722449f,-0.41811057361243636f,0.12034985560017464f,0.9003885053078455f,0.537002089184913f,-0.2285850952178588f,0.9453514091999051f,-0.23250713401527312f,0.7040974373947391f,0f,0f,0f,1f],start_interpolation:0}
execute if entity @s[tag=aj.dino.bone.head_upper] run data modify entity @s {} merge value {transformation:[-0.9151232548669466f,-0.4954378213599068f,-0.023722060437104855f,0.550069250773319f,-0.435211121860446f,0.7781591672520191f,0.5371513124010058f,0.5913701419524472f,-0.23793413036847957f,0.48216347660446035f,-0.8912786736021472f,0.6534080255884291f,0f,0f,0f,1f],start_interpolation:0}
execute if entity @s[tag=aj.dino.bone.neck_0] run data modify entity @s {} merge value {transformation:[-0.9735712208394685f,-0.05707420547346991f,0.22113709101532258f,0.5656093962801189f,-0.00203491363668723f,0.9703997503731967f,0.24149572170564107f,0.5912349582057921f,-0.22837455436111562f,0.2346632897263851f,-0.9448694107521698f,0.588575766200999f,0f,0f,0f,1f],start_interpolation:0}
execute if entity @s[tag=aj.dino.bone.neck_1] run data modify entity @s {} merge value {transformation:[-0.9783411456755591f,-0.03854851375131295f,-0.20337800954331162f,0.5482030213511371f,-0.11263047805617751f,0.9234690908017291f,0.3667686106343678f,0.6265593800322248f,0.17367492073143856f,0.38173138516683747f,-0.9078095458230963f,0.5134309714445344f,0f,0f,0f,1f],start_interpolation:0}
execute if entity @s[tag=aj.dino.bone.neck_2] run data modify entity @s {} merge value {transformation:[-0.9087605502256609f,-0.08594294689498952f,-0.4083724675251247f,0.5115850952379859f,-0.3535965083081242f,0.6782931049930127f,0.6441179806768635f,0.6896298594554454f,0.22163883158385553f,0.7297480891362051f,-0.6467951412435011f,0.4639115559932436f,0f,0f,0f,1f],start_interpolation:0}
execute if entity @s[tag=aj.dino.bone.body_0] run data modify entity @s {} merge value {transformation:[-0.7698807707215451f,-0.26574692587507137f,-0.5802259648284873f,0.2355952022090705f,-0.5223351592299974f,0.7847601429567403f,0.3336427722260585f,0.8543502681570325f,0.3666736700465047f,0.5599375763551377f,-0.742980706532923f,0.11908164051867957f,0f,0f,0f,1f],start_interpolation:0}
execute if entity @s[tag=aj.dino.bone.leg_left_3] run data modify entity @s {} merge value {transformation:[-0.07738597853033856f,0.15105207678205687f,-0.985492100641466f,0.4161886633027684f,0.07956171782334776f,0.9862395274012952f,0.14491903825332042f,0.3648162115623575f,0.9938215852877718f,-0.06719274284546607f,-0.08833907360281243f,-0.33448002400905524f,0f,0f,0f,1f],start_interpolation:0}
execute if entity @s[tag=aj.dino.bone.leg_left_2] run data modify entity @s {} merge value {transformation:[-0.1306966226285504f,0.14858553804715202f,-1.0064307875941707f,0.4195177573092799f,-0.386100544888706f,0.931541204827978f,0.18766873059989886f,0.5871579302387269f,0.9412263073091556f,0.4027598801911274f,-0.06276716369483334f,-0.24107686916324916f,0f,0f,0f,1f],start_interpolation:0}
execute if entity @s[tag=aj.dino.bone.leg_left_1] run data modify entity @s {} merge value {transformation:[-0.4761160350705595f,0.47050638959295f,-0.7429248000308623f,0.5962237338735986f,-0.19650528397597913f,0.7665386902617549f,0.6113952156349547f,0.7668899540897398f,0.8571459587014394f,0.43708371473208646f,-0.2725043702361311f,-0.12495287031445404f,0f,0f,0f,1f],start_interpolation:0}
execute if entity @s[tag=aj.dino.bone.leg_left_0] run data modify entity @s {} merge value {transformation:[-0.4345231267747835f,-0.733022260201086f,-0.5233240089538762f,0.30049276825640503f,-0.23567014281837387f,0.6533368056651833f,-0.71945159819628f,1.0545763809556952f,0.8692808729529442f,-0.1892865140809188f,-0.4566414123853217f,-0.061023265774188575f,0f,0f,0f,1f],start_interpolation:0}
execute if entity @s[tag=aj.dino.bone.leg_right_3] run data modify entity @s {} merge value {transformation:[-0.9931142742735969f,0.03923429592994424f,-0.11038436599858051f,-0.17633531375528344f,-0.016914589617498584f,0.8843552934837223f,0.4665078901212613f,0.35112413943345644f,0.1159221070033608f,0.4651627509917368f,-0.8776022334735146f,-0.16445505690354295f,0f,0f,0f,1f],start_interpolation:0}
execute if entity @s[tag=aj.dino.bone.leg_right_2] run data modify entity @s {} merge value {transformation:[-0.9896096067458195f,0.25022498335122917f,-0.10061055334285705f,-0.11958229133780965f,0.16172975613044863f,0.8568117864062855f,0.5401659450187039f,0.5672883659547355f,0.21582055444063794f,0.5052951809416361f,-0.8661180450139516f,-0.0737732302514818f,0f,0f,0f,1f],start_interpolation:0}
execute if entity @s[tag=aj.dino.bone.leg_right_1] run data modify entity @s {} merge value {transformation:[-0.9359997491463625f,0.26674205825016284f,-0.22968052585801305f,-0.05357643601511675f,-0.23489178059094695f,0.01265954361550442f,0.9719390862426829f,0.51450154736376f,0.2621646829928873f,0.9636848085945497f,0.050806187372455014f,0.19055642095308667f,0f,0f,0f,1f],start_interpolation:0}
execute if entity @s[tag=aj.dino.bone.leg_right_0] run data modify entity @s {} merge value {transformation:[-0.9527106377355488f,-0.2607633625844236f,-0.15602855340990862f,-0.032481882702170534f,-0.18225560227427873f,0.9011844012756927f,-0.39325509575466555f,0.9215411385006097f,0.24315701960906705f,-0.3462212350954744f,-0.9060935493555841f,0.1001071554385093f,0f,0f,0f,1f],start_interpolation:0}
execute if entity @s[tag=aj.dino.bone.tail_4] run data modify entity @s {} merge value {transformation:[1.8489861189725627f,-0.6584247624130708f,-1.9425211699459215f,-1.314219344107444f,-0.056675135751344995f,2.5979083085923644f,-0.9345168167209874f,0.9672929503157384f,2.0502925626442554f,0.6655904025660625f,1.7259638336818066f,-0.4771287524937739f,0f,0f,0f,1f],start_interpolation:0}
execute if entity @s[tag=aj.dino.bone.tail_3] run data modify entity @s {} merge value {transformation:[0.8496606671377782f,-0.15411670054321636f,-1.8948008653621369f,-0.9914229851485179f,-0.4723812789470448f,1.993229941963801f,-0.3739463220888545f,1.0111951078869479f,1.8414337359958908f,0.5824328005161624f,0.7783568300359162f,-0.6148088695703461f,0f,0f,0f,1f],start_interpolation:0}
execute if entity @s[tag=aj.dino.bone.tail_2] run data modify entity @s {} merge value {transformation:[0.0862495830842188f,-0.46094448428221924f,-1.8970674913746148f,-0.638808188201482f,-0.3446575201957706f,1.865496539813131f,-0.4689432041521819f,1.0985596703148945f,1.9215998746339147f,0.35528399535837835f,0.0010389667403135144f,-0.6134965529489977f,0f,0f,0f,1f],start_interpolation:0}
execute if entity @s[tag=aj.dino.bone.tail_1] run data modify entity @s {} merge value {transformation:[-0.34472646079861774f,-0.25506621009240477f,-1.4504348126318387f,-0.32324353616592894f,-0.36645884997381756f,1.457642947012881f,-0.16923711265402466f,1.1175095340657113f,1.4263687561430693f,0.312849033069788f,-0.3940227201649323f,-0.5338942285587265f,0f,0f,0f,1f],start_interpolation:0}
execute if entity @s[tag=aj.dino.bone.tail_0] run data modify entity @s {} merge value {transformation:[-0.8155352078319351f,-0.22633892191423272f,-0.9578667620276075f,-0.048794566779800125f,-0.5668672474423827f,1.1249387478605455f,0.2168180202913775f,1.0812970451053063f,0.8046114373706397f,0.5631333967832832f,-0.8181179186790266f,-0.28123174589268923f,0f,0f,0f,1f],start_interpolation:0}
execute if entity @s[tag=aj.dino.bone.body_1] run data modify entity @s {} merge value {transformation:[-1.0472428960755689f,-0.20452837587762177f,-0.624543877671031f,0.11017957386234234f,-0.4184108675771585f,1.1135619768045633f,0.3369223423352819f,0.9279610185185196f,0.5067733789070171f,0.4967418467697539f,-1.0124390723175345f,-0.07931293209689703f,0f,0f,0f,1f],start_interpolation:0}