execute if entity @s[tag=aj.dino.bone.head_lower] run data modify entity @s {} merge value {transformation:[-1f,-7.830075169498203e-17f,9.416257276975469e-17f,-9.985502008591496e-17f,0f,0.7688957570077701f,0.6393741587329346f,0.4293119475646697f,-1.2246467991473532e-16f,0.6393741587329346f,-0.7688957570077701f,0.8156965186818119f,0f,0f,0f,1f],start_interpolation:0}
execute if entity @s[tag=aj.dino.bone.head_upper] run data modify entity @s {} merge value {transformation:[-1.0408995833333334f,-8.826076109404642e-17f,9.197561906501244e-17f,-0.0003231250000000955f,0f,0.7510379248045187f,0.7207038074610326f,0.49585972741714696f,-1.2747343429629804e-16f,0.7207038074610326f,-0.7510379248045187f,0.7801051562642609f,0f,0f,0f,1f],start_interpolation:0}
execute if entity @s[tag=aj.dino.bone.neck_0] run data modify entity @s {} merge value {transformation:[-1f,-1.3076795357629665e-17f,1.2176450734837823e-16f,-8.744954600049426e-17f,0f,0.9942826571151404f,0.10678013747910198f,0.48662525951434266f,-1.2246467991473532e-16f,0.10678013747910198f,-0.9942826571151404f,0.7140797335311702f,0f,0f,0f,1f],start_interpolation:0}
execute if entity @s[tag=aj.dino.bone.neck_1] run data modify entity @s {} merge value {transformation:[-1f,-3.3752845480274986e-17f,1.1772146468933888e-16f,-7.763248798710515e-17f,0f,0.9612687084251649f,0.27561289919489457f,0.5144017342765783f,-1.2246467991473532e-16f,0.27561289919489457f,-0.9612687084251649f,0.6339173714507391f,0f,0f,0f,1f],start_interpolation:0}
execute if entity @s[tag=aj.dino.bone.neck_2] run data modify entity @s {} merge value {transformation:[-1f,-3.104865787918702e-17f,1.184634064617415e-16f,-6.755819087155654e-17f,0f,0.9673271227607855f,0.2535315317102392f,0.546083735052163f,-1.2246467991473532e-16f,0.2535315317102392f,-0.9673271227607855f,0.5516544926961241f,0f,0f,0f,1f],start_interpolation:0}
execute if entity @s[tag=aj.dino.bone.body_0] run data modify entity @s {} merge value {transformation:[-1f,-6.042121892423092e-18f,1.223155369920587e-16f,-9.968895734140688e-18f,0f,0.9987821556159664f,0.04933766941317161f,0.5788510421402671f,-1.2246467991473532e-16f,0.04933766941317161f,-0.9987821556159664f,0.08140221116064997f,0f,0f,0f,1f],start_interpolation:0}
execute if entity @s[tag=aj.dino.bone.leg_left_3] run data modify entity @s {} merge value {transformation:[-0.9989286652628327f,-0.042607761531606426f,-0.018058249457834595f,0.21662419043165182f,-0.04617517867784829f,0.8918996982656636f,0.44986973793275703f,0.15452043529760517f,-0.0030617952714764034f,0.4502216197506338f,-0.8929115961386274f,-0.336845138770958f,0f,0f,0f,1f],start_interpolation:0}
execute if entity @s[tag=aj.dino.bone.leg_left_2] run data modify entity @s {} merge value {transformation:[-1.0246555855894324f,-0.046270834309968076f,-0.001462980974380793f,0.20420368504585817f,-0.04591580525364304f,1.0116435160075785f,0.1628844217487631f,0.3952956954690033f,-0.005905018965377822f,0.16278392399981895f,-1.0126839212404501f,-0.33020607246817985f,0f,0f,0f,1f],start_interpolation:0}
execute if entity @s[tag=aj.dino.bone.leg_left_1] run data modify entity @s {} merge value {transformation:[-0.9376735454556114f,-0.052603910825702656f,0.34351295567786816f,0.19036856205487218f,0.3474839682018805f,-0.12821800184937396f,0.9288783751624478f,0.3042782850501562f,-0.00481809042858015f,0.990349924303322f,0.13850564406198948f,-0.06840881115279275f,0f,0f,0f,1f],start_interpolation:0}
execute if entity @s[tag=aj.dino.bone.leg_left_0] run data modify entity @s {} merge value {transformation:[-0.9561733076250296f,0.28821507675000796f,-0.05162049321149153f,0.19655375000000003f,0.2927754521659017f,0.943456230475095f,-0.155476286895386f,0.7214092536274942f,0.0038910659802190994f,-0.16377548873904058f,-0.9864899639093273f,-0.051953505981864184f,0f,0f,0f,1f],start_interpolation:0}
execute if entity @s[tag=aj.dino.bone.leg_right_3] run data modify entity @s {} merge value {transformation:[-0.9433284619916034f,0.02428730396568335f,0.3309706024145269f,-0.21677251936925146f,-0.13236640811875225f,0.8870155586782266f,-0.4423601843119401f,0.15603861126208904f,-0.3043198100654906f,-0.46110034214781526f,-0.8335321995417283f,0.2689088962887176f,0f,0f,0f,1f],start_interpolation:0}
execute if entity @s[tag=aj.dino.bone.leg_right_2] run data modify entity @s {} merge value {transformation:[-0.9685758976847505f,0.17862795269049245f,0.2863825840418328f,-0.16478147074537264f,-0.13396507461217189f,0.5953474274339389f,-0.824425253696562f,0.2695426296502328f,-0.30980040140230525f,-0.8159140240650903f,-0.5388601081222996f,0.06254794858118976f,0f,0f,0f,1f],start_interpolation:0}
execute if entity @s[tag=aj.dino.bone.leg_right_1] run data modify entity @s {} merge value {transformation:[-0.9468373942784878f,-0.23556128185261332f,-0.21911145859556763f,-0.23601211811915815f,-0.3181282441886315f,0.7869434355687304f,0.5286912610065936f,0.4489550444071651f,0.04788913285268377f,0.5702901995539089f,-0.8200461689730528f,0.26192388987191706f,0f,0f,0f,1f],start_interpolation:0}
execute if entity @s[tag=aj.dino.bone.leg_right_0] run data modify entity @s {} merge value {transformation:[-0.9561733076250296f,-0.12807562240974102f,0.2633044639381719f,-0.19655374999999997f,-0.29277545216590173f,0.430157768192751f,-0.8539595008385841f,0.7214092536274942f,-0.003891065980219377f,-0.8936223639814468f,-0.44880277427590465f,-0.051953505981864226f,0f,0f,0f,1f],start_interpolation:0}
execute if entity @s[tag=aj.dino.bone.tail_4] run data modify entity @s {} merge value {transformation:[-2.375796774719346f,1.0890734842175929f,-0.8917230303223689f,-0.23644252754057388f,0.961938246703518f,2.533406338663964f,0.5312141417038995f,0.7382123961352565f,1.0275825155977099f,0.1463987731895383f,-2.558965201882683f,-1.7838759403390965f,0f,0f,0f,1f],start_interpolation:0}
execute if entity @s[tag=aj.dino.bone.tail_3] run data modify entity @s {} merge value {transformation:[-1.9012519423935372f,0.580942475224655f,-0.6194291065724132f,-0.13709521972511512f,0.6350818088206508f,1.9809750177979177f,-0.09140350655239522f,0.734325657368574f,0.5637886782246848f,-0.27237721157401285f,-1.9859251010461783f,-1.4444710064822863f,0f,0f,0f,1f],start_interpolation:0}
execute if entity @s[tag=aj.dino.bone.tail_2] run data modify entity @s {} merge value {transformation:[-1.9130910870670177f,0.2538901428001407f,-0.30723958562730525f,-0.0813342635524088f,0.3241692825019322f,1.8675809181337235f,-0.47521538854266665f,0.8233512617932709f,0.2318849798277078f,-0.5161929722637644f,-1.8704406022428461f,-1.0967115472397466f,0f,0f,0f,1f],start_interpolation:0}
execute if entity @s[tag=aj.dino.bone.tail_1] run data modify entity @s {} merge value {transformation:[-1.491118381255626f,-0.01675305305383622f,-0.25286668087151726f,-0.025290813699718605f,0.00563124102920589f,1.5066283593010672f,-0.13302453185125684f,0.8335543017020153f,0.2533584658267281f,-0.1320854729451745f,-1.4852673717653588f,-0.7757260231050005f,0f,0f,0f,1f],start_interpolation:0}
execute if entity @s[tag=aj.dino.bone.tail_0] run data modify entity @s {} merge value {transformation:[-1.2752726008951145f,-0.0015894861239418873f,-0.08667746837615557f,4.922736698200303e-17f,-0.011464076183602432f,1.2698693773359138f,0.1453824475161392f,0.8217143816842177f,0.08593069851627072f,0.1458250822814381f,-1.2669596193305235f,-0.40197195645533906f,0f,0f,0f,1f],start_interpolation:0}
execute if entity @s[tag=aj.dino.bone.body_1] run data modify entity @s {} merge value {transformation:[-1.2363675f,-4.435311670460111e-17f,1.4476946498195957e-16f,1.8557991432579204e-17f,0f,1.1821323918272086f,0.3621706824815243f,0.657889765625f,-1.5141135014448153e-16f,0.3621706824815243f,-1.1821323918272086f,-0.1515375f,0f,0f,0f,1f],start_interpolation:0}