execute if entity @s[tag=aj.dino.bone.head_lower] run data modify entity @s {} merge value {transformation:[-0.9660582500047674f,0.2294983630809732f,-0.11858313092881265f,0.2101301706722896f,0.15373580251802785f,0.8796773360347313f,0.4500367623772266f,0.8395215008973301f,0.2075975930059501f,0.4165312543015135f,-0.8851016628433956f,0.8154546999640933f,0f,0f,0f,1f],start_interpolation:0}
execute if entity @s[tag=aj.dino.bone.head_upper] run data modify entity @s {} merge value {transformation:[-1.0055696299056918f,0.1351527818606486f,-0.23245513018680658f,0.1968279888251998f,0.16002353278443082f,1.0239505284550412f,-0.09690060276045369f,0.8558836429640795f,0.21608824806089638f,-0.1293483027158725f,-1.0099736769926249f,0.7429923734979127f,0f,0f,0f,1f],start_interpolation:0}
execute if entity @s[tag=aj.dino.bone.neck_0] run data modify entity @s {} merge value {transformation:[-0.9660582500047674f,0.03449723912585713f,-0.25601054292825437f,0.18002606979838764f,0.15373580251802785f,0.8732107254480874f,-0.4624590057362521f,0.8117566533172164f,0.2075975930059501f,-0.4861203240506598f,-0.8488758860534429f,0.6959260314261204f,0f,0f,0f,1f],start_interpolation:0}
execute if entity @s[tag=aj.dino.bone.neck_1] run data modify entity @s {} merge value {transformation:[-0.9660582500047674f,0.10988445670110865f,-0.23378807448890185f,0.16072737537716492f,0.15373580251802785f,0.971859975492868f,-0.17847546346526177f,0.8011146764958494f,0.2075975930059501f,-0.2083592911547365f,-0.9557665223095188f,0.6140001773414605f,0f,0f,0f,1f],start_interpolation:0}
execute if entity @s[tag=aj.dino.bone.neck_2] run data modify entity @s {} merge value {transformation:[-0.9660582500047674f,0.15788075690754594f,-0.2044630142495863f,0.14436063314189224f,0.15373580251802785f,0.9874521739632085f,0.0361041155475558f,0.8139454417393905f,0.2075975930059501f,0.0034453931029264917f,-0.9782082440076357f,0.5283355311564099f,0f,0f,0f,1f],start_interpolation:0}
execute if entity @s[tag=aj.dino.bone.body_0] run data modify entity @s {} merge value {transformation:[-0.9660582500047674f,0.09842494691753426f,-0.23883883147848195f,0.03273440816227491f,0.15373580251802785f,0.9620682591400422f,-0.22536629690214613f,0.7168960538866552f,0.2075975930059501f,-0.25443504982515464f,-0.9445454170121238f,0.08075100627051282f,0f,0f,0f,1f],start_interpolation:0}
execute if entity @s[tag=aj.dino.bone.leg_left_3] run data modify entity @s {} merge value {transformation:[-0.9820145400769152f,-0.027760551730025222f,-0.18675329942244356f,0.3419061247829786f,-0.033434958991456f,0.9990678882818728f,0.027303078969946826f,0.03554606537074731f,0.18582127594751885f,0.03305610944506443f,-0.9820273657254122f,-0.09856515451083359f,0f,0f,0f,1f],start_interpolation:0}
execute if entity @s[tag=aj.dino.bone.leg_left_2] run data modify entity @s {} merge value {transformation:[-1.0019953697077664f,-0.13247541960588502f,-0.17469327916418337f,0.3040730181594063f,-0.06828531523130729f,0.9652005703441605f,-0.3402751448927218f,0.24991095444044734f,0.2083376929618153f,-0.3207808000929086f,-0.9517128156559607f,-0.20242767153868269f,0f,0f,0f,1f],start_interpolation:0}
execute if entity @s[tag=aj.dino.bone.leg_left_1] run data modify entity @s {} merge value {transformation:[-0.9800742413658546f,0.030634882281857873f,0.19625489904387317f,0.32150572550910206f,0.15118624396496758f,0.7558793639639897f,0.6370157821978666f,0.418463859580783f,-0.12883012476478264f,0.6539938005218178f,-0.7454494669876153f,0.017343583503869442f,0f,0f,0f,1f],start_interpolation:0}
execute if entity @s[tag=aj.dino.bone.leg_left_0] run data modify entity @s {} merge value {transformation:[-0.9892055177054092f,0.12857309198377248f,0.07029511902618552f,0.25124474818955017f,0.09659400319680175f,0.9328800182751746f,-0.3469934726321605f,0.8242218388306324f,-0.11019093559630695f,-0.3364577707835592f,-0.9352294510930292f,-0.05143966958605979f,0f,0f,0f,1f],start_interpolation:0}
execute if entity @s[tag=aj.dino.bone.leg_right_3] run data modify entity @s {} merge value {transformation:[-0.962338508116752f,0.2415671346273097f,0.12469929937082724f,-0.30729951042877574f,0.26832703294160165f,0.9176798827928118f,0.29302599903443316f,0.3821792148949744f,-0.043648587472913634f,0.31545039576028777f,-0.9479376818263409f,-0.1243857812977491f,0f,0f,0f,1f],start_interpolation:0}
execute if entity @s[tag=aj.dino.bone.leg_right_2] run data modify entity @s {} merge value {transformation:[-0.9816847389430763f,0.2951648800055043f,0.03514208927048485f,-0.23588799310794678f,0.296587887794333f,0.9645441559067803f,0.18371825064611f,0.6122306540168791f,0.019821645760496824f,0.18599587204587897f,-1.0085012828162057f,-0.11222837129836569f,0f,0f,0f,1f],start_interpolation:0}
execute if entity @s[tag=aj.dino.bone.leg_right_1] run data modify entity @s {} merge value {transformation:[-0.9948829423360901f,0.06219500906453835f,-0.07962230777957773f,-0.23458239971663258f,-0.08274686932639218f,-0.04938819407503281f,0.9953460513322427f,0.5443760474333594f,0.057973154695641564f,0.9968413048893333f,0.05428191412585154f,0.1568579223902166f,0f,0f,0f,1f],start_interpolation:0}
execute if entity @s[tag=aj.dino.bone.leg_right_0] run data modify entity @s {} merge value {transformation:[-0.9990427608260863f,-0.04188424391202188f,0.012620307163830863f,-0.1358905655776964f,-0.03935093181388046f,0.7344804055483548f,-0.6774880353415133f,0.8924842398328352f,0.01910670579588518f,-0.6773361381009008f,-0.7354255161579499f,-0.05143966958605983f,0f,0f,0f,1f],start_interpolation:0}
execute if entity @s[tag=aj.dino.bone.tail_4] run data modify entity @s {} merge value {transformation:[-2.706522557823696f,0.009126302972162407f,0.5480088376892639f,0.25084133041257245f,0.5439766976558167f,0.3821534515867082f,2.6802442842860126f,1.861448721121091f,-0.06698005672549007f,2.734874180220075f,-0.376348537882937f,-1.4135674007130392f,0f,0f,0f,1f],start_interpolation:0}
execute if entity @s[tag=aj.dino.bone.tail_3] run data modify entity @s {} merge value {transformation:[-2.040867468177183f,0.16415042211641592f,0.37928899575324115f,0.18492159227775098f,0.4101884695115589f,1.0380616239120308f,1.7578734341485813f,1.5532200994338166f,-0.05050666154345037f,1.7976173758407443f,-1.0497458612729156f,-1.2531603923506696f,0f,0f,0f,1f],start_interpolation:0}
execute if entity @s[tag=aj.dino.bone.tail_2] run data modify entity @s {} merge value {transformation:[-1.922476525044181f,0.23677740664374844f,0.25844602020516405f,0.13551181781953228f,0.34965333942548577f,1.396225705451634f,1.3217678300925126f,1.3080971320914023f,-0.024503630046037995f,1.3465749567483885f,-1.4159482098492935f,-0.9896364104469757f,0f,0f,0f,1f],start_interpolation:0}
execute if entity @s[tag=aj.dino.bone.tail_1] run data modify entity @s {} merge value {transformation:[-1.4895217264309648f,0.20119611010872707f,0.1688235817865365f,0.09814649919220197f,0.26264286872123216f,1.1410398414374272f,0.9574461101087272f,1.0878664565278586f,-1.8241380145341205e-16f,0.9722162596508908f,-1.1586422202174544f,-0.7521938710747491f,0f,0f,0f,1f],start_interpolation:0}
execute if entity @s[tag=aj.dino.bone.tail_0] run data modify entity @s {} merge value {transformation:[-1.2587968626896269f,0.20116394057627984f,0.09380428603535651f,0.07558915082643466f,0.22195985012335007f,1.1408573989529136f,0.531990541994536f,0.9599373768422995f,-1.5415815486695818e-16f,0.5401973536127729f,-1.1584569632635406f,-0.4006298969444459f,0f,0f,0f,1f],start_interpolation:0}
execute if entity @s[tag=aj.dino.bone.body_1] run data modify entity @s {} merge value {transformation:[-1.2175842995723212f,0.20475631830712052f,0.0645594191775549f,0.046788199111021896f,0.2146929633016185f,1.1612307854670298f,0.3661346602667451f,0.7965990629909918f,-1.491110715163315e-16f,0.37178287756859935f,-1.1791446421042084f,-0.1515375f,0f,0f,0f,1f],start_interpolation:0}