execute if entity @s[tag=aj.dino.bone.head_lower] run data modify entity @s {} merge value {transformation:[-0.9582347531765313f,0.18735944906833366f,0.21606155291842943f,0.1828298750127377f,0.1827535029323934f,0.9822914184573455f,-0.041288332383317305f,0.29692511959491164f,-0.21997116849862924f,-0.00007790934554291473f,-0.9755063705376206f,0.7762705004104907f,0f,0f,0f,1f],start_interpolation:0}
execute if entity @s[tag=aj.dino.bone.head_upper] run data modify entity @s {} merge value {transformation:[-0.997426155316971f,0.0622615676034916f,0.29109535288745036f,0.20398565918123734f,0.1902280450550354f,0.9162415722848795f,0.45583617087170464f,0.3489822788421707f,-0.22896789763556966f,0.4899967561117058f,-0.8893530364460783f,0.7258925145523976f,0f,0f,0f,1f],start_interpolation:0}
execute if entity @s[tag=aj.dino.bone.neck_0] run data modify entity @s {} merge value {transformation:[-0.9746930840523128f,0.2186522026954093f,-0.04652532812390903f,0.19774305670991302f,0.22336110927348496f,0.9610482899768852f,-0.16277591712726622f,0.3227850935655745f,0.009121774208454225f,-0.16904850957328793f,-0.985565520219909f,0.6649050268826666f,0f,0f,0f,1f],start_interpolation:0}
execute if entity @s[tag=aj.dino.bone.neck_1] run data modify entity @s {} merge value {transformation:[-0.9367234891034871f,0.20551503404519617f,-0.2833949112866914f,0.1746825702381866f,0.16441891222097701f,0.9729754332985023f,0.16212719544130116f,0.34100177113816993f,0.3090558626945305f,0.10527286914962047f,-0.9451995010341183f,0.5853192023506895f,0f,0f,0f,1f],start_interpolation:0}
execute if entity @s[tag=aj.dino.bone.neck_2] run data modify entity @s {} merge value {transformation:[-0.9366196897665003f,0.28764852841397753f,-0.20000470205217252f,0.159976917176654f,0.16049352649505283f,0.8597285993068526f,0.48487994749943875f,0.3918981714563157f,0.311424765705759f,0.4220486460529758f,-0.8514044606824438f,0.5148619060867147f,0f,0f,0f,1f],start_interpolation:0}
execute if entity @s[tag=aj.dino.bone.body_0] run data modify entity @s {} merge value {transformation:[-0.9365094314808017f,0.21878542901743003f,-0.27401281137414907f,0.03291991141723747f,0.15712153950161215f,0.9604541588076851f,0.2298708999714075f,0.5093849910273068f,0.3134691477197544f,0.17222295107993196f,-0.9338502816560962f,0.076382409168478f,0f,0f,0f,1f],start_interpolation:0}
execute if entity @s[tag=aj.dino.bone.leg_left_3] run data modify entity @s {} merge value {transformation:[-0.9838767073389209f,0.05391817798526718f,-0.17052699152530784f,0.2469488671345048f,0.016157163085593833f,0.9763715219328268f,0.21549384501558355f,0.087779883578531f,0.1781167337364708f,0.20926414227316628f,-0.9615003629337466f,-0.1873806623786949f,0f,0f,0f,1f],start_interpolation:0}
execute if entity @s[tag=aj.dino.bone.leg_left_2] run data modify entity @s {} merge value {transformation:[-1.0076079764905452f,-0.015428804868511302f,-0.19118137250698067f,0.23588089324931028f,-0.09951460011412146f,0.9160554739616846f,0.4505567805389833f,0.31508092233935203f,0.1639670990700571f,0.46115780390865846f,-0.9013936264570473f,-0.10748817338039185f,0f,0f,0f,1f],start_interpolation:0}
execute if entity @s[tag=aj.dino.bone.leg_left_1] run data modify entity @s {} merge value {transformation:[-0.9620334281721212f,0.08147255825127137f,0.2604878218485259f,0.26335864106016194f,0.27246093664399657f,0.23065170031648896f,0.9341117872846847f,0.32277376532997926f,0.016022517981649526f,0.9696195209426763f,-0.24409273550112448f,0.16855381473324704f,0f,0f,0f,1f],start_interpolation:0}
execute if entity @s[tag=aj.dino.bone.leg_left_0] run data modify entity @s {} merge value {transformation:[-0.9683658098998453f,0.0766503002253539f,-0.23747081861226593f,0.20018830911631227f,0.24097345796273123f,0.5343904894533564f,-0.8101596122612417f,0.6265642345489437f,0.06480316947881752f,-0.8417550334017403f,-0.5359561670214595f,-0.11078135766414061f,0f,0f,0f,1f],start_interpolation:0}
execute if entity @s[tag=aj.dino.bone.leg_right_3] run data modify entity @s {} merge value {transformation:[-0.9786127908703955f,0.11262667982678763f,-0.17214016537708493f,-0.36746422018720154f,0.07611830349160037f,0.9756667926264356f,0.20562177326247305f,0.049972868703545364f,0.19110994065829373f,0.1881210800448413f,-0.9633729546880301f,-0.005837013655085058f,0f,0f,0f,1f],start_interpolation:0}
execute if entity @s[tag=aj.dino.bone.leg_right_2] run data modify entity @s {} merge value {transformation:[-0.9795187953715333f,0.19269513180692863f,-0.2355285867840795f,-0.3283065488498889f,0.2234072814603321f,0.9943821995606297f,-0.11556568386922562f,0.2778438291729183f,0.20662602838243596f,-0.16166269475537098f,-0.9915810894828654f,-0.07448520530075103f,0f,0f,0f,1f],start_interpolation:0}
execute if entity @s[tag=aj.dino.bone.leg_right_1] run data modify entity @s {} merge value {transformation:[-0.948574742839359f,0.3137520102086709f,-0.04201943999225133f,-0.25973283776508316f,0.02413258915504161f,0.20402934019937669f,0.9786672807846806f,0.28184799801358207f,0.3156320252888137f,0.9273250263137651f,-0.20110872727024193f,0.1943920872319556f,0f,0f,0f,1f],start_interpolation:0}
execute if entity @s[tag=aj.dino.bone.leg_right_0] run data modify entity @s {} merge value {transformation:[-0.9589337370096326f,-0.15299963215213186f,-0.2388246230731949f,-0.1888630292596221f,0.06568613532056077f,0.6993387276677728f,-0.7117658853939752f,0.6067356061742194f,0.27591922667945823f,-0.6982237868658822f,-0.6605695450164782f,-0.05806145477233582f,0f,0f,0f,1f],start_interpolation:0}
execute if entity @s[tag=aj.dino.bone.tail_4] run data modify entity @s {} merge value {transformation:[-1.8897716571878016f,-1.4998321022601806f,-1.3434761182542387f,-0.5963848531904431f,0.25334516533418594f,1.6507367823370926f,-2.1992147767421835f,0.6939934618418515f,1.9975586706005566f,-1.628260750638296f,-0.9920623050188677f,-1.6089707989883242f,0f,0f,0f,1f],start_interpolation:0}
execute if entity @s[tag=aj.dino.bone.tail_3] run data modify entity @s {} merge value {transformation:[-1.4220342634362377f,-0.5653010644983698f,-1.412161034066162f,-0.3514026122781489f,0.18823806396204576f,1.852895042232013f,-0.9312850905025218f,0.83377296573385f,1.509413962746344f,-0.7636492617645091f,-1.2142713123998865f,-1.3956023492023657f,0f,0f,0f,1f],start_interpolation:0}
execute if entity @s[tag=aj.dino.bone.tail_2] run data modify entity @s {} merge value {transformation:[-1.7338280906161239f,0.05694785973030332f,-0.8996504701634752f,-0.18542807443433573f,0.23344583603867994f,1.9120992860621884f,-0.32886659435012083f,0.8955361572391483f,0.8706991838915582f,-0.399258232871137f,-1.703305512718716f,-1.0784127451297336f,0f,0f,0f,1f],start_interpolation:0}
execute if entity @s[tag=aj.dino.bone.tail_1] run data modify entity @s {} merge value {transformation:[-1.4552232283270914f,0.2893825564150304f,-0.29366535679235495f,-0.1243816895057658f,0.19194412347883633f,1.4289788248783795f,0.45698273655702426f,0.7795474029613543f,0.36488225388366125f,0.40240962226555577f,-1.4115890643912175f,-0.7799221677791804f,0f,0f,0f,1f],start_interpolation:0}
execute if entity @s[tag=aj.dino.bone.tail_0] run data modify entity @s {} merge value {transformation:[-1.2476012627135964f,0.06838603430892881f,-0.26953692914138133f,-0.0439664573626673f,-0.06718006479380659f,1.1281379662527504f,0.5971827899206701f,0.6322606906542286f,0.26984003549097f,0.5970458910290175f,-1.097523701719296f,-0.4447924524182313f,0f,0f,0f,1f],start_interpolation:0}
execute if entity @s[tag=aj.dino.bone.body_1] run data modify entity @s {} merge value {transformation:[-1.2236104134352768f,-0.0515385046367162f,-0.16948726715837015f,-0.0010915578567958525f,-0.06236327643732817f,1.232486382534006f,0.07545020660336717f,0.5317028703116531f,0.165810050784031f,0.0832207574124424f,-1.2223689817935282f,-0.16621429540059474f,0f,0f,0f,1f],start_interpolation:0}