execute if entity @s[tag=aj.dino.bone.head_lower] run data modify entity @s {} merge value {transformation:[-0.9802643072731358f,-0.11525238707532029f,-0.16061997123570648f,0.41168049595047f,-0.09227344432873551f,0.9852887783942053f,-0.14384587113353814f,1.0013201067866806f,0.17483563526361098f,-0.12618601524691775f,-0.9764781565391382f,0.5291966092039051f,0f,0f,0f,1f],start_interpolation:0}
execute if entity @s[tag=aj.dino.bone.head_upper] run data modify entity @s {} merge value {transformation:[-1.020356708997146f,-0.18447662072290322f,-0.09117294222892339f,0.4009361518510927f,-0.09604738975451232f,0.8348272686475717f,-0.6142558693470394f,0.9776909352144391f,0.18198633989771132f,-0.5937202628448859f,-0.8353736673857638f,0.4583328115884751f,0f,0f,0f,1f],start_interpolation:0}
execute if entity @s[tag=aj.dino.bone.neck_0] run data modify entity @s {} merge value {transformation:[-0.9552426008623772f,-0.2126694132178144f,-0.20562902076134873f,0.39140047991132854f,0.11988955392521344f,0.3571498807549284f,-0.9263209257791565f,0.9119573357690319f,0.2704405079815044f,-0.9095139819476832f,-0.31566793990580483f,0.45259686189336396f,0f,0f,0f,1f],start_interpolation:0}
execute if entity @s[tag=aj.dino.bone.neck_1] run data modify entity @s {} merge value {transformation:[-0.8682066398703047f,-0.1745937582720135f,-0.46447201213589656f,0.35124927266811945f,0.30777859985583106f,0.5447469020991433f,-0.7800789358290419f,0.8483839922528874f,0.38921660287801074f,-0.8202242572771423f,-0.4192166549867271f,0.4133050383721478f,0f,0f,0f,1f],start_interpolation:0}
execute if entity @s[tag=aj.dino.bone.neck_2] run data modify entity @s {} merge value {transformation:[-0.858571550162924f,0.019924589595055164f,-0.5123064551421367f,0.3065624590842588f,0.30779226371714613f,0.8191694835651491f,-0.48396826300025253f,0.8140049238771229f,0.4100229452685646f,-0.5732053453388893f,-0.7094482478857889f,0.34554001241128496f,0f,0f,0f,1f],start_interpolation:0}
execute if entity @s[tag=aj.dino.bone.body_0] run data modify entity @s {} merge value {transformation:[-0.8527805479324703f,0.07405426057018508f,-0.5169925565802652f,0.06361126528982368f,0.3002781173888024f,0.8794446532728442f,-0.36933745280873354f,0.6483153770120552f,0.4273153276977462f,-0.47020534697216065f,-0.7722101672429322f,-0.02287903730877533f,0f,0f,0f,1f],start_interpolation:0}
execute if entity @s[tag=aj.dino.bone.leg_left_3] run data modify entity @s {} merge value {transformation:[-0.8928021274074234f,0.04702193284205562f,-0.44798805690394883f,0.24840139616666312f,0.04858141114642734f,0.9987870552350522f,0.008016532037955437f,0.025045569876004037f,0.4478216249666828f,-0.014606715123223424f,-0.89400359959315f,-0.038931920382428306f,0f,0f,0f,1f],start_interpolation:0}
execute if entity @s[tag=aj.dino.bone.leg_left_2] run data modify entity @s {} merge value {transformation:[-0.8844682027267373f,-0.021209634703934735f,-0.5189685436148849f,0.2260468638218582f,0.10663175831811482f,0.9956010371155832f,-0.22241951918178732f,0.250410392885712f,0.5083383381017177f,-0.24574565263864975f,-0.8563080098456879f,-0.12189000316803603f,0f,0f,0f,1f],start_interpolation:0}
execute if entity @s[tag=aj.dino.bone.leg_left_1] run data modify entity @s {} merge value {transformation:[-0.9526900188061098f,0.30393849574354687f,0.0017660329452897814f,0.32749720842837876f,0.26706821462217056f,0.8343185086792617f,0.48227294638382917f,0.44617188027598714f,0.14510787988851656f,0.4599282736257506f,-0.8760192271371086f,0.04662899663237535f,0f,0f,0f,1f],start_interpolation:0}
execute if entity @s[tag=aj.dino.bone.leg_left_0] run data modify entity @s {} merge value {transformation:[-0.9513662184685998f,-0.05498949826982677f,-0.30311462095515757f,0.21996126720475878f,0.2379160221510985f,0.4939053181980928f,-0.8363333683761751f,0.7358417575659056f,0.19569947562667145f,-0.8677751389246373f,-0.45680195216720815f,-0.234146112842177f,0f,0f,0f,1f],start_interpolation:0}
execute if entity @s[tag=aj.dino.bone.leg_right_3] run data modify entity @s {} merge value {transformation:[-0.7937987064267786f,0.5868375539693852f,0.1597037849470112f,-0.6144507182513609f,0.363567430129205f,0.2473691527705673f,0.8981242820494373f,0.40203016935313673f,0.4875472668618071f,0.7709929879764146f,-0.4097163348791227f,-0.40631224929351806f,0f,0f,0f,1f],start_interpolation:0}
execute if entity @s[tag=aj.dino.bone.leg_right_2] run data modify entity @s {} merge value {transformation:[-0.7257714490541072f,0.6798966340845571f,-0.25111465548447215f,-0.4626024215755276f,0.45302562248644707f,0.7029410307949849f,0.5938887876499651f,0.583535712539007f,0.5657612470020924f,0.30931646203535235f,-0.7976839832949283f,-0.3597407488295445f,0f,0f,0f,1f],start_interpolation:0}
execute if entity @s[tag=aj.dino.bone.leg_right_1] run data modify entity @s {} merge value {transformation:[-0.8476987797402808f,0.4314739762513092f,0.30860490379241123f,-0.3786341236288301f,0.10924585390783936f,-0.4272861517585311f,0.8974919988051887f,0.42203150723605826f,0.519107043133481f,0.7945166784487725f,0.315073206471042f,-0.15026735608200903f,0f,0f,0f,1f],start_interpolation:0}
execute if entity @s[tag=aj.dino.bone.leg_right_0] run data modify entity @s {} merge value {transformation:[-0.8363667681212965f,0.2110322806756757f,-0.5059209480691229f,-0.15734179581515195f,0.1664523435303288f,0.9771189792264561f,0.1324089036610079f,0.7755469122568321f,0.5222875132679305f,0.02653067937825f,-0.8523566604046275f,-0.1311926967598885f,0f,0f,0f,1f],start_interpolation:0}
execute if entity @s[tag=aj.dino.bone.tail_4] run data modify entity @s {} merge value {transformation:[-2.3565306604811638f,-0.6715082897137122f,-1.2733817945368833f,-0.519136736357229f,0.6040085792462644f,1.7560343552727398f,-2.043814646903864f,0.3894325177328272f,1.3067510145429833f,-2.022642156078929f,-1.3516589163110873f,-1.7654747073146084f,0f,0f,0f,1f],start_interpolation:0}
execute if entity @s[tag=aj.dino.bone.tail_3] run data modify entity @s {} merge value {transformation:[-1.8077243493145343f,-0.08019494711868906f,-1.0303625446397096f,-0.34364055441946595f,0.4581243034489685f,1.798719690893699f,-0.943755859438827f,0.5318567515339959f,0.9263910219389996f,-1.0460027581667037f,-1.5438987759639256f,-1.4934505701756715f,0f,0f,0f,1f],start_interpolation:0}
execute if entity @s[tag=aj.dino.bone.tail_2] run data modify entity @s {} merge value {transformation:[-1.8827283887273776f,0.22003993206532352f,-0.4750685398755381f,-0.256666165423044f,0.4470763736352161f,1.5984516541449993f,-1.0314305117171383f,0.7243083754561215f,0.27245257462533284f,-1.10241036490981f,-1.5903568332051214f,-1.1978675664735363f,0f,0f,0f,1f],start_interpolation:0}
execute if entity @s[tag=aj.dino.bone.tail_1] run data modify entity @s {} merge value {transformation:[-1.465707834796428f,0.3013231602831552f,-0.22036593678093333f,-0.21152894272602682f,0.34037579418014396f,1.4453778245248348f,-0.2875474101919419f,0.768191933740455f,0.15330072326183788f,-0.32824312246995907f,-1.468472536617069f,-0.8780026865033628f,0f,0f,0f,1f],start_interpolation:0}
execute if entity @s[tag=aj.dino.bone.tail_0] run data modify entity @s {} merge value {transformation:[-1.1689863297888767f,0.14149759381568547f,-0.4972776973634853f,-0.06279825275279516f,0.11525020391578282f,1.2697965847529313f,0.0903866164384406f,0.7724213171709031f,0.504008003754037f,0.037825664279568086f,-1.17404466178153f,-0.5340067483345148f,0f,0f,0f,1f],start_interpolation:0}
execute if entity @s[tag=aj.dino.bone.body_1] run data modify entity @s {} merge value {transformation:[-1.1866607601439034f,0.14116587081668197f,-0.31703790358174977f,0.0014000956540203347f,0.12487719731201771f,1.2274956306882059f,0.07915021976665068f,0.6713394581504499f,0.32380012505006606f,0.04394620136236522f,-1.1924037929575828f,-0.259749657914162f,0f,0f,0f,1f],start_interpolation:0}