execute if entity @s[tag=aj.dino.bone.head_lower] run data modify entity @s {} merge value {transformation:[-0.9660582500047674f,0.23333872176123927f,-0.11083545698266899f,0.2087936623110404f,0.15373580251802785f,0.8641218977649775f,0.47922713698953956f,0.8297665774701375f,0.2075975930059501f,0.4459219513882268f,-0.8706646039941279f,0.8164592205366911f,0f,0f,0f,1f],start_interpolation:0}
execute if entity @s[tag=aj.dino.bone.head_upper] run data modify entity @s {} merge value {transformation:[-1.0055696299056918f,0.1428572580997576f,-0.22780137357587746f,0.1959853001616788f,0.16002353278443082f,1.026620074979459f,-0.0625750204783564f,0.8485549787093996f,0.21608824806089638f,-0.09547234175872998f,-1.0137370682739109f,0.7444981315390935f,0f,0f,0f,1f],start_interpolation:0}
execute if entity @s[tag=aj.dino.bone.neck_0] run data modify entity @s {} merge value {transformation:[-0.9660582500047674f,0.04304650132346208f,-0.2547124973799583f,0.17912854463852113f,0.15373580251802785f,0.8881998476366811f,-0.4329738256318896f,0.8060912545350721f,0.2075975930059501f,-0.4574363664838916f,-0.8646705788889493f,0.6959448805997792f,0f,0f,0f,1f],start_interpolation:0}
execute if entity @s[tag=aj.dino.bone.neck_1] run data modify entity @s {} merge value {transformation:[-0.9660582500047674f,0.11764770315096221f,-0.2299792937223462f,0.1601882682444619f,0.15373580251802785f,0.9772889907441564f,-0.14584763143227847f,0.7982382941218301f,0.2075975930059501f,-0.17625335887174143f,-0.9622047562055411f,0.6136215316190925f,0f,0f,0f,1f],start_interpolation:0}
execute if entity @s[tag=aj.dino.bone.neck_2] run data modify entity @s {} merge value {transformation:[-0.9660582500047674f,0.1646356123801378f,-0.1990642427306902f,0.14436063314189224f,0.15373580251802785f,0.9856905445067785f,0.06913359164739025f,0.8139454417393905f,0.2075975930059501f,0.03618377545457585f,-0.9775448704647723f,0.5283355311564099f,0f,0f,0f,1f],start_interpolation:0}
execute if entity @s[tag=aj.dino.bone.body_0] run data modify entity @s {} merge value {transformation:[-0.9660582500047674f,0.09842494691753426f,-0.23883883147848195f,0.03273440816227491f,0.15373580251802785f,0.9620682591400422f,-0.22536629690214613f,0.7168960538866552f,0.2075975930059501f,-0.25443504982515464f,-0.9445454170121238f,0.08075100627051282f,0f,0f,0f,1f],start_interpolation:0}
execute if entity @s[tag=aj.dino.bone.leg_left_3] run data modify entity @s {} merge value {transformation:[-0.985354328063527f,-0.02266724212706784f,-0.16900604811907702f,0.3419061247829786f,-0.008407158409757236f,0.996377919121707f,-0.08461892208111824f,0.03554606537074731f,0.17031197213921326f,-0.08195876048995618f,-0.9819758620887798f,-0.09856515451083359f,0f,0f,0f,1f],start_interpolation:0}
execute if entity @s[tag=aj.dino.bone.leg_left_2] run data modify entity @s {} merge value {transformation:[-1.0019953697077664f,-0.13247541960588502f,-0.17469327916418337f,0.3040730181594063f,-0.06828531523130729f,0.9652005703441605f,-0.3402751448927218f,0.24991095444044734f,0.2083376929618153f,-0.3207808000929086f,-0.9517128156559607f,-0.20242767153868269f,0f,0f,0f,1f],start_interpolation:0}
execute if entity @s[tag=aj.dino.bone.leg_left_1] run data modify entity @s {} merge value {transformation:[-0.9800742413658546f,0.030634882281857873f,0.19625489904387317f,0.32150572550910206f,0.15118624396496758f,0.7558793639639897f,0.6370157821978666f,0.418463859580783f,-0.12883012476478264f,0.6539938005218178f,-0.7454494669876153f,0.017343583503869442f,0f,0f,0f,1f],start_interpolation:0}
execute if entity @s[tag=aj.dino.bone.leg_left_0] run data modify entity @s {} merge value {transformation:[-0.9892055177054092f,0.12857309198377248f,0.07029511902618552f,0.25124474818955017f,0.09659400319680175f,0.9328800182751746f,-0.3469934726321605f,0.8242218388306324f,-0.11019093559630695f,-0.3364577707835592f,-0.9352294510930292f,-0.05143966958605979f,0f,0f,0f,1f],start_interpolation:0}
execute if entity @s[tag=aj.dino.bone.leg_right_3] run data modify entity @s {} merge value {transformation:[-0.9676764845661022f,0.2150666914416781f,0.13171385443498262f,-0.3042194707340894f,0.24440835800101274f,0.9285124832979603f,0.2795158723562996f,0.4120746508231401f,-0.062183404193068045f,0.30267290363061006f,-0.9510637926294827f,-0.08986789903324213f,0f,0f,0f,1f],start_interpolation:0}
execute if entity @s[tag=aj.dino.bone.leg_right_2] run data modify entity @s {} merge value {transformation:[-0.9855412183770336f,0.2806292431003649f,0.04492142359189326f,-0.2358879811791441f,0.28361767021887685f,0.9607619740975859f,0.2203625325875971f,0.6423970630172903f,0.018213278678544813f,0.22415587555475727f,-1.0007420344098428f,-0.06857315690552446f,0f,0f,0f,1f],start_interpolation:0}
execute if entity @s[tag=aj.dino.bone.leg_right_1] run data modify entity @s {} merge value {transformation:[-0.9948829567496851f,0.06219488696301901f,-0.07962222305776886f,-0.23458242573937985f,-0.08274677861708153f,-0.04938820617913581f,0.9953460582726502f,0.5745424545839035f,0.05797303681453575f,0.9968413119077998f,0.05428191113470521f,0.2005131365007191f,0f,0f,0f,1f],start_interpolation:0}
execute if entity @s[tag=aj.dino.bone.leg_right_0] run data modify entity @s {} merge value {transformation:[-0.9990427636282466f,-0.04188418153241424f,0.012620292365667283f,-0.1358905655776964f,-0.03652030257520191f,0.6397867290788579f,-0.7676843158449911f,0.8924842398328352f,0.024079533671789624f,-0.7674103573916213f,-0.640703924934297f,-0.05143966958605983f,0f,0f,0f,1f],start_interpolation:0}
execute if entity @s[tag=aj.dino.bone.tail_4] run data modify entity @s {} merge value {transformation:[-2.70579594035224f,-0.1309914763407361f,0.535883283840252f,0.25748451731359073f,0.54787877829482f,-0.3245154856263934f,2.687039239661907f,1.9012807704731975f,-0.06448647197291156f,2.739195550579538f,0.34396302449209076f,-1.3434145627045961f,0f,0f,0f,1f],start_interpolation:0}
execute if entity @s[tag=aj.dino.bone.tail_3] run data modify entity @s {} merge value {transformation:[-2.040319558478438f,0.10689849628696975f,0.4020128565436456f,0.18827190716982714f,0.41313085379404924f,0.7559586807526657f,1.8957307025742167f,1.5724372492236618f,-0.04862636093927871f,1.937277654475661f,-0.7619293225329555f,-1.2331772887721408f,0f,0f,0f,1f],start_interpolation:0}
execute if entity @s[tag=aj.dino.bone.tail_2] run data modify entity @s {} merge value {transformation:[-1.9224240363653862f,0.21596193627300242f,0.2764419314948598f,0.13551181781953228f,0.3499001394843948f,1.2906179654824548f,1.4250084331559258f,1.3080971320914023f,-0.025091667863937843f,1.4513578415600754f,-1.308321328630188f,-0.9896364104469757f,0f,0f,0f,1f],start_interpolation:0}
execute if entity @s[tag=aj.dino.bone.tail_1] run data modify entity @s {} merge value {transformation:[-1.4895217264309648f,0.20119611010872707f,0.1688235817865365f,0.09814649919220197f,0.26264286872123216f,1.1410398414374272f,0.9574461101087272f,1.0878664565278586f,-1.8241380145341205e-16f,0.9722162596508908f,-1.1586422202174544f,-0.7521938710747491f,0f,0f,0f,1f],start_interpolation:0}
execute if entity @s[tag=aj.dino.bone.tail_0] run data modify entity @s {} merge value {transformation:[-1.2587968626896269f,0.20116394057627984f,0.09380428603535651f,0.07558915082643466f,0.22195985012335007f,1.1408573989529136f,0.531990541994536f,0.9599373768422995f,-1.5415815486695818e-16f,0.5401973536127729f,-1.1584569632635406f,-0.4006298969444459f,0f,0f,0f,1f],start_interpolation:0}
execute if entity @s[tag=aj.dino.bone.body_1] run data modify entity @s {} merge value {transformation:[-1.2175842995723212f,0.20475631830712052f,0.0645594191775549f,0.046788199111021896f,0.2146929633016185f,1.1612307854670298f,0.3661346602667451f,0.7965990629909918f,-1.491110715163315e-16f,0.37178287756859935f,-1.1791446421042084f,-0.1515375f,0f,0f,0f,1f],start_interpolation:0}