execute if entity @s[tag=aj.dino.bone.head_lower] run data modify entity @s {} merge value {transformation:[-0.7722349790496515f,0.15246774168947008f,-0.6167712095066517f,0.18879875266602078f,-0.196424190389977f,0.8659232888735136f,0.4599939078032669f,0.34526103854014467f,0.6042107865321728f,0.47637217123861364f,-0.6387479001199003f,0.7798918249597901f,0f,0f,0f,1f],start_interpolation:0}
execute if entity @s[tag=aj.dino.bone.head_upper] run data modify entity @s {} merge value {transformation:[-0.8038190679282078f,0.40787373836046115f,-0.5205630242097466f,0.1618216777657455f,-0.2044578579335144f,0.625936443611341f,0.8061466960001346f,0.4148264357688557f,0.6289227559468443f,0.7247858474739666f,-0.40325374757983024f,0.7685626842141975f,0f,0f,0f,1f],start_interpolation:0}
execute if entity @s[tag=aj.dino.bone.neck_0] run data modify entity @s {} merge value {transformation:[-0.914549034057958f,0.040413872975536794f,-0.40245096990164364f,0.1354379641785618f,-0.06550602893968198f,0.9670611946241855f,0.24597074221255907f,0.4150553153625721f,0.39913534606222234f,0.2513152695781948f,-0.8817775290857832f,0.7073370072005627f,0f,0f,0f,1f],start_interpolation:0}
execute if entity @s[tag=aj.dino.bone.neck_1] run data modify entity @s {} merge value {transformation:[-0.9802922190071975f,-0.07046375816539494f,-0.18455899907388357f,0.11947877689424283f,-0.1311814769927557f,0.9307053916403998f,0.34143651542488773f,0.44826711297443844f,0.14771115546208455f,0.35891828144676485f,-0.9216067934837269f,0.6309183073611667f,0f,0f,0f,1f],start_interpolation:0}
execute if entity @s[tag=aj.dino.bone.neck_2] run data modify entity @s {} merge value {transformation:[-0.9730683496342153f,-0.08985855332417524f,-0.21228148137468633f,0.10000155561607048f,-0.1901158977281123f,0.833615143913454f,0.5185959287047918f,0.5018616190668213f,0.13036077773310067f,0.5449873688743967f,-0.8282480518517285f,0.5636933331169522f,0f,0f,0f,1f],start_interpolation:0}
execute if entity @s[tag=aj.dino.bone.body_0] run data modify entity @s {} merge value {transformation:[-0.9721520337416785f,-0.17582851654985182f,-0.15493468320488257f,0.02530643402088832f,-0.1931952519631028f,0.9755085684913934f,0.10516000864770689f,0.5607160752930441f,0.13264998270196665f,0.13216416143475146f,-0.9823118733484886f,0.1019924597202024f,0f,0f,0f,1f],start_interpolation:0}
execute if entity @s[tag=aj.dino.bone.leg_left_3] run data modify entity @s {} merge value {transformation:[-0.9714623045455344f,-0.061876010242248494f,-0.22898111320277137f,0.29216564072790613f,-0.09043542203255311f,0.9890759982552818f,0.11640491448865696f,0.0768599666431484f,0.21927705144148874f,0.13379099009955298f,-0.9664458317356996f,-0.07400349140694365f,0f,0f,0f,1f],start_interpolation:0}
execute if entity @s[tag=aj.dino.bone.leg_left_2] run data modify entity @s {} merge value {transformation:[-0.9893447903714834f,-0.1706044977691673f,-0.21012660613646728f,0.24436927866544692f,-0.16006852888828166f,1.0109084507819024f,-0.06711460122782237f,0.31017879011496907f,0.2182593670957589f,-0.03194384102387297f,-1.0017008731134736f,-0.11206799525679434f,0f,0f,0f,1f],start_interpolation:0}
execute if entity @s[tag=aj.dino.bone.leg_left_1] run data modify entity @s {} merge value {transformation:[-0.9811167848745944f,0.09198655792251174f,0.17014208062354041f,0.2798750079183562f,0.19208231336853646f,0.3602542162317504f,0.912864329776467f,0.355808262588591f,0.022676845643304938f,0.9283078007044947f,-0.37112044921137705f,0.15935543794631685f,0f,0f,0f,1f],start_interpolation:0}
execute if entity @s[tag=aj.dino.bone.leg_left_0] run data modify entity @s {} merge value {transformation:[-0.9864928179254927f,0.06100998250337342f,-0.15201875613344207f,0.20149971777780204f,0.150895933232868f,0.6995752686653525f,-0.6984446010998879f,0.7048875240177377f,0.0637364692715456f,-0.7119495947795307f,-0.6993321363830346f,-0.05583810679868349f,0f,0f,0f,1f],start_interpolation:0}
execute if entity @s[tag=aj.dino.bone.leg_right_3] run data modify entity @s {} merge value {transformation:[-0.9858077048400565f,0.0042407687963987445f,0.16782486394451693f,-0.2343446386532378f,0.012595169185768003f,0.9987317224581785f,0.048747392431818665f,0.009760609805209652f,-0.16740528901788612f,0.050169337605108444f,-0.9846108402679217f,-0.06357609279724287f,0f,0f,0f,1f],start_interpolation:0}
execute if entity @s[tag=aj.dino.bone.leg_right_2] run data modify entity @s {} merge value {transformation:[-1.014648210402355f,0.10714653758492362f,0.10521800279208389f,-0.20454312553945453f,0.08125691628179357f,0.9960951643820473f,-0.23076814457756145f,0.23469111683414148f,-0.12628745853950027f,-0.21994599900648165f,-0.9938498049692263f,-0.14536367675625392f,0f,0f,0f,1f],start_interpolation:0}
execute if entity @s[tag=aj.dino.bone.leg_right_1] run data modify entity @s {} merge value {transformation:[-0.9626035958048672f,-0.02728102742931314f,-0.2695367560944908f,-0.21683016161717666f,-0.25655245985113595f,0.41142835770828123f,0.8745899278049102f,0.29496897184553716f,0.08703535309212715f,0.911033727156063f,-0.4030414312403392f,0.12524488666962066f,0f,0f,0f,1f],start_interpolation:0}
execute if entity @s[tag=aj.dino.bone.leg_right_0] run data modify entity @s {} merge value {transformation:[-0.9763744114613759f,-0.20643030588641964f,0.06387125687733973f,-0.18955238327161858f,-0.20846289614240363f,0.8220262415776062f,-0.5299208234158352f,0.68510121071122f,0.05688786843759681f,-0.5307159192726695f,-0.8456384472427873f,-0.020905849115846892f,0f,0f,0f,1f],start_interpolation:0}
execute if entity @s[tag=aj.dino.bone.tail_4] run data modify entity @s {} merge value {transformation:[-1.405194017809193f,0.7320300369721875f,-2.2616859041174933f,-0.25417635249987425f,-0.02564602939253063f,2.6224499967843586f,0.8647309565073499f,0.6836186688722738f,2.3770640262916056f,0.4610307700536014f,-1.3276590584838135f,-1.666283791874459f,0f,0f,0f,1f],start_interpolation:0}
execute if entity @s[tag=aj.dino.bone.tail_3] run data modify entity @s {} merge value {transformation:[-1.5220633372226304f,0.35901861901070076f,-1.374908853244755f,-0.024555898586206326f,0.21446730090964752f,2.0496986987684775f,0.29779950831354013f,0.6130649662713854f,1.4047321810109168f,0.07606840023889545f,-1.5352154976295196f,-1.4067123650406255f,0f,0f,0f,1f],start_interpolation:0}
execute if entity @s[tag=aj.dino.bone.tail_2] run data modify entity @s {} merge value {transformation:[-1.8158956249875196f,0.19269011093211807f,-0.6958214392377784f,0.10349888343153862f,0.2986454131417676f,1.9150879103893175f,-0.24904434884742446f,0.6600382993332353f,0.6573491244105737f,-0.3377612938636143f,-1.809028278387877f,-1.0700122570029402f,0f,0f,0f,1f],start_interpolation:0}
execute if entity @s[tag=aj.dino.bone.tail_1] run data modify entity @s {} merge value {transformation:[-1.4676880593717112f,0.15935445619944247f,0.3288680094917744f,0.03218440130388058f,0.09295621323680874f,1.4791498781006127f,-0.3018791654546839f,0.7068294406992308f,-0.35342206042970026f,-0.2727233862438707f,-1.4451197361455217f,-0.7553672018576869f,0f,0f,0f,1f],start_interpolation:0}
execute if entity @s[tag=aj.dino.bone.tail_0] run data modify entity @s {} merge value {transformation:[-1.2607113002977675f,-0.019646957839444996f,0.20989695312985304f,-0.029626482950387105f,-0.040825024729241426f,1.271314299954959f,-0.1262100814908118f,0.7743900386116356f,-0.20682372020974155f,-0.1311856103454781f,-1.2545317855602203f,-0.3919295985497667f,0f,0f,0f,1f],start_interpolation:0}
execute if entity @s[tag=aj.dino.bone.body_1] run data modify entity @s {} merge value {transformation:[-1.2299030380855607f,-0.034264285868993334f,-0.12152806539251042f,0.0009350327259262409f,-0.062230190767146636f,1.1999042756901461f,0.2914819507170906f,0.6258025f,0.10986589698920646f,0.29607479283222304f,-1.1953550923404992f,-0.13396902222862922f,0f,0f,0f,1f],start_interpolation:0}