execute if entity @s[tag=aj.dino.bone.head_lower] run data modify entity @s {} merge value {transformation:[-0.986174343034811f,0.1371161616974277f,-0.09305548528283336f,0.12338153852096943f,0.10220885595361712f,0.9453147545396241f,0.30973111663884106f,0.6937954025032435f,0.13043586510048338f,0.2959377857777805f,-0.9462596430390728f,0.8373157903804873f,0f,0f,0f,1f],start_interpolation:0}
execute if entity @s[tag=aj.dino.bone.head_upper] run data modify entity @s {} merge value {transformation:[-1.0265084627589587f,0.1368018161669804f,-0.10505989511303722f,0.11889217717094765f,0.10638915557509675f,1.001181894430367f,0.2641743826042692f,0.7345211894971598f,0.13577063763481603f,0.24978394652528152f,-1.001322254121019f,0.7739382517710403f,0f,0f,0f,1f],start_interpolation:0}
execute if entity @s[tag=aj.dino.bone.neck_0] run data modify entity @s {} merge value {transformation:[-0.986174343034811f,0.06297845920199673f,-0.1532771307677737f,0.1082773896080169f,0.10220885595361712f,0.9592366299764772f,-0.2634737889734459f,0.7018812449790031f,0.13043586510048338f,-0.2754973709274076f,-0.9524115096467364f,0.7167832295845133f,0f,0f,0f,1f],start_interpolation:0}
execute if entity @s[tag=aj.dino.bone.neck_1] run data modify entity @s {} merge value {transformation:[-0.986174343034811f,0.09451837709553824f,-0.13611187138190553f,0.09718236198213963f,0.10220885595361712f,0.9934725589974849f,-0.0506519919020153f,0.7021671603527402f,0.13043586510048338f,-0.06386353349302495f,-0.9893977633819849f,0.6326740418645542f,0f,0f,0f,1f],start_interpolation:0}
execute if entity @s[tag=aj.dino.bone.neck_2] run data modify entity @s {} merge value {transformation:[-0.986174343034811f,0.11593528881411685f,-0.11840259265508535f,0.08794448578315495f,0.10220885595361712f,0.9879667151135211f,0.1160823827824516f,0.7220096593225122f,0.13043586510048338f,0.10237567404118125f,-0.9861570394516801f,0.5472816108644506f,0f,0f,0f,1f],start_interpolation:0}
execute if entity @s[tag=aj.dino.bone.body_0] run data modify entity @s {} merge value {transformation:[-0.986174343034811f,0.08374240215364567f,-0.14299431884307795f,0.021349550599624144f,0.10220885595361712f,0.9866097269106524f,-0.1271007337899387f,0.6715062510260483f,0.13043586510048338f,-0.13995876838135293f,-0.9815284143867988f,0.08335766767821345f,0f,0f,0f,1f],start_interpolation:0}
execute if entity @s[tag=aj.dino.bone.leg_left_3] run data modify entity @s {} merge value {transformation:[-0.9791859818807365f,-0.016286926000745425f,-0.20231052599828875f,0.27860785508141717f,-0.02250793181246822f,0.9993407185338685f,0.028487212670546602f,0.032425025843405064f,0.20171317729336213f,0.03244787083396833f,-0.978907007730846f,-0.10903708225799452f,0f,0f,0f,1f],start_interpolation:0}
execute if entity @s[tag=aj.dino.bone.leg_left_2] run data modify entity @s {} merge value {transformation:[-1.00210711616489f,-0.11178525552059963f,-0.18800953135566423f,0.24518589046636785f,-0.04062306836033444f,0.9614119000283011f,-0.3551043850780474f,0.24549140602863567f,0.2149262514198158f,-0.3394899330361077f,-0.9437242665728478f,-0.21700356771551416f,0f,0f,0f,1f],start_interpolation:0}
execute if entity @s[tag=aj.dino.bone.leg_left_1] run data modify entity @s {} merge value {transformation:[-0.970923771735538f,0.08099565901711203f,0.22527035468347947f,0.27457893879986184f,0.22233501189358962f,0.6539210166349559f,0.7231558936283264f,0.38035989373189477f,-0.08873653117580312f,0.7522147347822227f,-0.6529156306992476f,0.023745109111724894f,0f,0f,0f,1f],start_interpolation:0}
execute if entity @s[tag=aj.dino.bone.leg_left_0] run data modify entity @s {} merge value {transformation:[-0.9832425911002255f,0.18230167155216312f,-0.00032801799056936254f,0.23185605576331314f,0.16909831627644917f,0.9113551486336836f,-0.37528329631272794f,0.7883999623797593f,-0.06811583133886615f,-0.36904998795307387f,-0.9269101034689671f,-0.05361984553406102f,0f,0f,0f,1f],start_interpolation:0}
execute if entity @s[tag=aj.dino.bone.leg_right_3] run data modify entity @s {} merge value {transformation:[-0.9815718952433166f,0.145379632914017f,0.12402167875911504f,-0.26626606095912153f,0.1675435109435017f,0.9668548129395378f,0.19266795954796467f,0.2321483033447485f,-0.09190095978371579f,0.20989648169856748f,-0.973394925280276f,-0.13107628412946792f,0f,0f,0f,1f],start_interpolation:0}
execute if entity @s[tag=aj.dino.bone.leg_right_2] run data modify entity @s {} merge value {transformation:[-1.006071387360042f,0.19191808561737306f,0.05522690874109429f,-0.21826267770161126f,0.19010179075814507f,1.0072448731936674f,-0.03716549577650867f,0.46549212075418356f,-0.061187189726942634f,-0.026218568586594635f,-1.023538428186887f,-0.1687247919171672f,0f,0f,0f,1f],start_interpolation:0}
execute if entity @s[tag=aj.dino.bone.leg_right_1] run data modify entity @s {} merge value {transformation:[-0.9818504601963192f,0.023326160136812345f,-0.18821680069948082f,-0.22149754121019313f,-0.18262502136214506f,0.15144250602747295f,0.9714490562765475f,0.45147521061152207f,0.0511642002258648f,0.9881908002108653f,-0.144433953743076f,0.10841496984194779f,0f,0f,0f,1f],start_interpolation:0}
execute if entity @s[tag=aj.dino.bone.leg_right_0] run data modify entity @s {} merge value {transformation:[-0.9906137417052788f,-0.12068205286606937f,0.06418922698318089f,-0.1589224096408598f,-0.13558406818317614f,0.80787358388104f,-0.573547934284576f,0.8311281443280897f,0.017360161277100196f,-0.57686750175689f,-0.8166532374375293f,-0.05361984553406107f,0f,0f,0f,1f],start_interpolation:0}
execute if entity @s[tag=aj.dino.bone.tail_4] run data modify entity @s {} merge value {transformation:[-2.7425817282580667f,0.17313418097444694f,0.27190320116413225f,0.11488845568981701f,0.3193742654453265f,1.7750321312562505f,2.0911533523821615f,1.4500017721947012f,-0.04366776839103666f,2.1083042522335806f,-1.782921096856938f,-1.6906229131667523f,0f,0f,0f,1f],start_interpolation:0}
execute if entity @s[tag=aj.dino.bone.tail_3] run data modify entity @s {} merge value {transformation:[-2.0680580739440675f,0.18307054157415215f,0.15989529588748233f,0.08598463332707382f,0.24082583263021506f,1.7288049667027428f,1.135421433427402f,1.2405585417722689f,-0.032927908788177154f,1.1461518616466662f,-1.7381591379707333f,-1.407111351289984f,0f,0f,0f,1f],start_interpolation:0}
execute if entity @s[tag=aj.dino.bone.tail_2] run data modify entity @s {} merge value {transformation:[-1.942409976574651f,0.1939458183598505f,0.09056697768374435f,0.0677582746119667f,0.21363127823836098f,1.8082179336303372f,0.7095656815677136f,1.109240070616746f,-0.013380391036287267f,0.7151970351176922f,-1.8185400850950069f,-1.0688884322698429f,0f,0f,0f,1f],start_interpolation:0}
execute if entity @s[tag=aj.dino.bone.tail_1] run data modify entity @s {} merge value {transformation:[-1.5035389274532072f,0.1523417143450567f,0.06179761891261915f,0.05403433526256074f,0.16439873367170488f,1.3932692343613362f,0.5651815168150109f,0.9704309749493244f,-1.8413041348990146e-16f,0.568549991339887f,-1.401573100964561f,-0.7742354746272044f,0f,0f,0f,1f],start_interpolation:0}
execute if entity @s[tag=aj.dino.bone.tail_0] run data modify entity @s {} merge value {transformation:[-1.2706428185809635f,0.13385469121113006f,0.03722184591642107f,0.046387398909724f,0.1389335962704945f,1.2241927560102701f,0.3404192540726136f,0.9004945087402426f,-1.5560886606347479e-16f,0.34244814842072135f,-1.2314889289909379f,-0.4061019032711233f,0f,0f,0f,1f],start_interpolation:0}
execute if entity @s[tag=aj.dino.bone.body_1] run data modify entity @s {} merge value {transformation:[-1.2290424230664483f,0.1294597606834319f,0.036048408050736926f,0.02928661540319892f,0.13438495957213326f,1.183998108616925f,0.3296873617362229f,0.7440961404696269f,-1.5051428694246328e-16f,0.33165229414491243f,-1.1910547220193817f,-0.1515375f,0f,0f,0f,1f],start_interpolation:0}