execute if entity @s[tag=aj.dino.bone.head_lower] run data modify entity @s {} merge value {transformation:[-0.9751278047447394f,0.19146433163502896f,-0.11165650059560885f,0.17475976372455865f,0.13392349629655406f,0.9103818141742958f,0.39149642343248203f,0.7817002577256851f,0.17660764862658818f,0.3668056190031308f,-0.9133801926439598f,0.8274703429323578f,0f,0f,0f,1f],start_interpolation:0}
execute if entity @s[tag=aj.dino.bone.head_upper] run data modify entity @s {} merge value {transformation:[-1.0150101256555473f,0.14528492307260005f,-0.1792168477794595f,0.1653522727618785f,0.13940091149362635f,1.030501848177153f,0.04588321437873674f,0.8080462462797925f,0.1838308278688954f,0.020740651261897267f,-1.024328069855442f,0.7573786566015895f,0f,0f,0f,1f],start_interpolation:0}
execute if entity @s[tag=aj.dino.bone.neck_0] run data modify entity @s {} merge value {transformation:[-0.9751278047447394f,0.05155535751737053f,-0.2155639337295589f,0.15089175267765534f,0.13392349629655406f,0.9120058346600469f,-0.38769814893256627f,0.7681301182985701f,0.17660764862658818f,-0.4069243205527133f,-0.89622672119799f,0.7059750347430342f,0f,0f,0f,1f],start_interpolation:0}
execute if entity @s[tag=aj.dino.bone.neck_1] run data modify entity @s {} merge value {transformation:[-0.9751278047447394f,0.10721956152034173f,-0.193983839639005f,0.13495272253981538f,0.13392349629655406f,0.98239902480646f,-0.1302177146129645f,0.761624758270753f,0.17660764862658818f,-0.1529579082189026f,-0.9723238229930833f,0.6229017872219174f,0f,0f,0f,1f],start_interpolation:0}
execute if entity @s[tag=aj.dino.bone.neck_2] run data modify entity @s {} merge value {transformation:[-0.9751278047447394f,0.14326955799093768f,-0.16911415720390444f,0.12153975252877935f,0.13392349629655406f,0.9888250607217158f,0.06549424729242984f,0.7770437609005532f,0.17660764862658818f,0.04121690237968423f,-0.9834179708571583f,0.5371505365749099f,0f,0f,0f,1f],start_interpolation:0}
execute if entity @s[tag=aj.dino.bone.body_0] run data modify entity @s {} merge value {transformation:[-0.9751278047447394f,0.09584933107619473f,-0.19984661654867109f,0.028265876264367336f,0.13392349629655406f,0.9732499384999032f,-0.18667901421863564f,0.6983340637722482f,0.17660764862658818f,-0.20880005493816495f,-0.9618795535327729f,0.081831228519885f,0f,0f,0f,1f],start_interpolation:0}
execute if entity @s[tag=aj.dino.bone.leg_left_3] run data modify entity @s {} merge value {transformation:[-0.9803429402242667f,-0.02461834717083647f,-0.19575917995081624f,0.31651516851703987f,-0.03234225325279958f,0.9988153533338793f,0.03635751090283684f,0.033713467288590676f,0.1946322126652515f,0.04197412211225238f,-0.9799777930473395f,-0.10469774307961296f,0f,0f,0f,1f],start_interpolation:0}
execute if entity @s[tag=aj.dino.bone.leg_left_2] run data modify entity @s {} merge value {transformation:[-1.0017643098331566f,-0.12558106231082883f,-0.18099686139289248f,0.28009467610461736f,-0.058713258239099425f,0.9644395653850433f,-0.34419656815191f,0.2477946275453289f,0.21232809600272654f,-0.3258035006096273f,-0.9491212030816001f,-0.20964476124392803f,0f,0f,0f,1f],start_interpolation:0}
execute if entity @s[tag=aj.dino.bone.leg_left_1] run data modify entity @s {} merge value {transformation:[-0.9773682040783136f,0.052010583153392485f,0.20505192731787766f,0.302814039575805f,0.1797860812598262f,0.7150361775677269f,0.6755740002061726f,0.40263714836690645f,-0.11148254859827743f,0.6971500297707649f,-0.708204403649578f,0.019529866341345986f,0f,0f,0f,1f],start_interpolation:0}
execute if entity @s[tag=aj.dino.bone.leg_left_0] run data modify entity @s {} merge value {transformation:[-0.9877869379798648f,0.1502382448166809f,0.04129691212143854f,0.24358508690095954f,0.12569411568181874f,0.9249870195347709f,-0.3586084256890055f,0.8096252433278637f,-0.09207580811118812f,-0.3490379398956287f,-0.9325741590211939f,-0.05230257959741384f,0f,0f,0f,1f],start_interpolation:0}
execute if entity @s[tag=aj.dino.bone.leg_right_3] run data modify entity @s {} merge value {transformation:[-0.9713009947507928f,0.20482737414782973f,0.12091370640181823f,-0.29274589086566954f,0.23007747616368024f,0.9380118514753818f,0.25922600458649503f,0.3183258030618502f,-0.060321907780435266f,0.2796059965226628f,-0.9582180097192379f,-0.12908262471168094f,0f,0f,0f,1f],start_interpolation:0}
execute if entity @s[tag=aj.dino.bone.leg_right_2] run data modify entity @s {} merge value {transformation:[-0.9930422672774795f,0.25409814535042513f,0.036924076570326196f,-0.2308342785545932f,0.2564619909779881f,0.9887401289723151f,0.09317941856499579f,0.5512814833726332f,-0.012510079324427721f,0.09944490630484058f,-1.0207920493548197f,-0.1374298001620306f,0f,0f,0f,1f],start_interpolation:0}
execute if entity @s[tag=aj.dino.bone.leg_right_1] run data modify entity @s {} merge value {transformation:[-0.9908374353006829f,0.05152738310464486f,-0.12484432545034677f,-0.22994777073752748f,-0.12332843320556808f,0.031631186151024115f,0.9918616665774211f,0.5048139020337228f,0.055057010178765214f,0.9981705249370302f,-0.0249865719359203f,0.13616362747863414f,0f,0f,0f,1f],start_interpolation:0}
execute if entity @s[tag=aj.dino.bone.leg_right_0] run data modify entity @s {} merge value {transformation:[-0.9967600288327474f,-0.07194614911530606f,0.035961042098620735f,-0.14522472538583797f,-0.07840319504171145f,0.7692853946154131f,-0.6340764312278603f,0.8675945147201739f,0.017955053010001776f,-0.6348415024704089f,-0.772433740079058f,-0.0523025795974139f,0f,0f,0f,1f],start_interpolation:0}
execute if entity @s[tag=aj.dino.bone.tail_4] run data modify entity @s {} merge value {transformation:[-2.7240630865474778f,0.11690390571979511f,0.43757868885137274f,0.19095082408141925f,0.4491089701426176f,1.042795460652322f,2.5172485160945763f,1.7043808311265831f,-0.05867508028854004f,2.554324262044733f,-1.047686084131485f,-1.546290711553818f,0f,0f,0f,1f],start_interpolation:0}
execute if entity @s[tag=aj.dino.bone.tail_3] run data modify entity @s {} merge value {transformation:[-2.054093995457923f,0.19284554388997005f,0.2818758238479007f,0.14126795578891016f,0.33865296418132856f,1.3727076590855232f,1.5287031688930282f,1.4317362434667535f,-0.04424425069261369f,1.5538435587066572f,-1.3854812042719757f,-1.326569877646798f,0f,0f,0f,1f],start_interpolation:0}
execute if entity @s[tag=aj.dino.bone.tail_2] run data modify entity @s {} merge value {transformation:[-1.9318673944196407f,0.23189908141945054f,0.18134238726194268f,0.10618347344715492f,0.2937255650254865f,1.5989054569883996f,1.084435570730669f,1.230739697493426f,-0.01968598058273935f,1.099317074666044f,-1.615514873505956f,-1.026002162190291f,0f,0f,0f,1f],start_interpolation:0}
execute if entity @s[tag=aj.dino.bone.tail_1] run data modify entity @s {} merge value {transformation:[-1.4959644399656107f,0.18756390779791146f,0.12069144480846371f,0.07934844846393244f,0.22303955783308455f,1.2580231910997943f,0.8094981508914725f,1.040953607385734f,-1.832028063042148e-16f,0.8184458938419006f,-1.2719286807259804f,-0.762301956588147f,0f,0f,0f,1f],start_interpolation:0}
execute if entity @s[tag=aj.dino.bone.tail_0] run data modify entity @s {} merge value {transformation:[-1.2642416087720172f,0.17575846328135386f,0.06810164328815237f,0.06368893027088303f,0.18849103754176152f,1.1788420567470541f,0.45676936258338663f,0.9359225420832835f,-1.5482494395315514e-16f,0.46181823741963685f,-1.1918723220927012f,-0.40286466565664786f,0f,0f,0f,1f],start_interpolation:0}
execute if entity @s[tag=aj.dino.bone.body_1] run data modify entity @s {} merge value {transformation:[-1.2228507865978062f,0.1746118101936584f,0.052452497693348275f,0.039733114751365886f,0.1823199077812867f,1.1711512584831296f,0.3518078680704218f,0.7752467924730142f,-1.4975603016418265e-16f,0.3556965568437878f,-1.184096514016372f,-0.1515375f,0f,0f,0f,1f],start_interpolation:0}