execute if entity @s[tag=aj.dino.bone.head_lower] run data modify entity @s {} merge value {transformation:[0.0029714996381606795f,-0.09387543507700452f,-0.995579516100549f,0.8468953346118642f,-0.2123207226927989f,0.9728252040255572f,-0.09236359200377875f,0.609459191535864f,0.9771955182588119f,0.21165662073683403f,-0.01704095047689487f,0.19261320144732696f,0f,0f,0f,1f],start_interpolation:0}
execute if entity @s[tag=aj.dino.bone.head_upper] run data modify entity @s {} merge value {transformation:[0.0030930327352366024f,0.3413266401043127f,-0.9833404804476965f,0.7867717921695445f,-0.2210045517839666f,0.9611397438123653f,0.33292540236301554f,0.6539237244279531f,1.0171624077907981f,0.20779427374908277f,0.07532674530221296f,0.20278775061039944f,0f,0f,0f,1f],start_interpolation:0}
execute if entity @s[tag=aj.dino.bone.neck_0] run data modify entity @s {} merge value {transformation:[-0.08257060367098232f,-0.08468416779579042f,-0.9929807083393634f,0.7239650611819445f,-0.21782695691606047f,0.9738247126595819f,-0.06493724550803853f,0.6339881447037202f,0.972488309569888f,0.2109360584115882f,-0.09885578896394853f,0.19265742692322685f,0f,0f,0f,1f],start_interpolation:0}
execute if entity @s[tag=aj.dino.bone.neck_1] run data modify entity @s {} merge value {transformation:[-0.22725592756616203f,0.16360316314926493f,-0.9599941397704458f,0.6433946569425366f,0.03113224372212814f,0.9865038522831041f,0.16075115188209801f,0.6521505770614892f,0.9733373139805486f,0.006644880597146859f,-0.2292821815470628f,0.17326482895185882f,0f,0f,0f,1f],start_interpolation:0}
execute if entity @s[tag=aj.dino.bone.neck_2] run data modify entity @s {} merge value {transformation:[-0.32897993594756797f,-0.020843432088018865f,-0.9441068546953392f,0.5604797454425279f,-0.08542628531663422f,0.9963141858124293f,0.007771288562205658f,0.6625859387996724f,0.9404650719303376f,0.08320813955201861f,-0.32954795400875514f,0.14520861626233827f,0f,0f,0f,1f],start_interpolation:0}
execute if entity @s[tag=aj.dino.bone.body_0] run data modify entity @s {} merge value {transformation:[-0.31335134953189986f,-0.21249042515734629f,-0.9255586156278743f,0.12224320382926407f,-0.07490417845218966f,0.9771382207178235f,-0.19897301742399234f,0.5781191648116734f,0.9466785599119374f,0.006979744182709691f,-0.3221040008664968f,-0.006531300668017881f,0f,0f,0f,1f],start_interpolation:0}
execute if entity @s[tag=aj.dino.bone.leg_left_3] run data modify entity @s {} merge value {transformation:[-0.6244877830183324f,0.06584148314887123f,-0.7782543979686883f,0.026008924071644693f,-0.07217089766088636f,0.9873126193038059f,0.14143957471047666f,-0.010959152142760165f,0.7776929795180553f,0.14449460495193428f,-0.6118128298328781f,-0.584195841852138f,0f,0f,0f,1f],start_interpolation:0}
execute if entity @s[tag=aj.dino.bone.leg_left_2] run data modify entity @s {} merge value {transformation:[-0.6343892080219038f,-0.19796969220680424f,-0.781294140009753f,-0.045267189830865445f,-0.20471514501378507f,1.001249751832426f,-0.08748053130945915f,0.2194095803757415f,0.77955387347381f,0.10182894934027115f,-0.6587782805534271f,-0.5796094782826979f,0f,0f,0f,1f],start_interpolation:0}
execute if entity @s[tag=aj.dino.bone.leg_left_1] run data modify entity @s {} merge value {transformation:[-0.7501741374569556f,0.6537834169212133f,-0.09902528590989146f,0.15253745044097916f,0.15605798028238374f,0.32057689638441417f,0.9342785239395797f,0.2538416835165229f,0.6425610245578982f,0.6854178997249486f,-0.34251661632064584f,-0.3880340617491709f,0f,0f,0f,1f],start_interpolation:0}
execute if entity @s[tag=aj.dino.bone.leg_left_0] run data modify entity @s {} merge value {transformation:[-0.7569805117772452f,0.08483399940085494f,-0.6479071672200545f,0.15057134642252382f,0.09815463081452339f,0.9950487650765927f,0.015608445445101787f,0.6546725338030458f,0.6460233534781266f,-0.05177979977948774f,-0.7615593733227053f,-0.271252032061274f,0f,0f,0f,1f],start_interpolation:0}
execute if entity @s[tag=aj.dino.bone.leg_right_3] run data modify entity @s {} merge value {transformation:[-0.8988786142455152f,0.2598703491562286f,-0.35282380656849377f,-0.29037638852582753f,0.2195512453414101f,0.9639048370378567f,0.1506144608065884f,0.143311493580182f,0.3792288062912656f,0.05792121169695208f,-0.9234883029656945f,0.12841828361348434f,0f,0f,0f,1f],start_interpolation:0}
execute if entity @s[tag=aj.dino.bone.leg_right_2] run data modify entity @s {} merge value {transformation:[-0.8919309470736766f,0.29078643088319894f,-0.4146861907119153f,-0.23402643211386553f,0.34346134481282614f,0.9644681382171096f,-0.06243167853006934f,0.3656653592759174f,0.37223069429093786f,-0.1931493243035744f,-0.9360554728484061f,0.05388967911461784f,0f,0f,0f,1f],start_interpolation:0}
execute if entity @s[tag=aj.dino.bone.leg_right_1] run data modify entity @s {} merge value {transformation:[-0.8680249401686623f,0.4785005715345857f,-0.1325515231382313f,-0.1142900034507856f,-0.037593807999383125f,0.20285762578911487f,0.9784863255351652f,0.3681314873369119f,0.49509535328590576f,0.8543336506894004f,-0.15809681987448693f,0.30423042993869676f,0f,0f,0f,1f],start_interpolation:0}
execute if entity @s[tag=aj.dino.bone.leg_right_0] run data modify entity @s {} merge value {transformation:[-0.8925890858940388f,-0.39788942457217163f,-0.2120583164048752f,-0.14946509679377631f,-0.008528598734257264f,0.4851461475569124f,-0.8743914904173742f,0.6307882325325407f,0.4507904022342025f,-0.7786637408562909f,-0.4364295956156195f,-0.018386100288760088f,0f,0f,0f,1f],start_interpolation:0}
execute if entity @s[tag=aj.dino.bone.tail_4] run data modify entity @s {} merge value {transformation:[-0.01517914241450177f,-2.7172564328265754f,-0.4918825098518503f,-1.3856770841418373f,2.700465492812281f,-0.11738555184818328f,0.5651266105461896f,0.4561016146885857f,-0.5769896423383069f,-0.47791154210783904f,2.6578835268225016f,-0.00845319506354858f,0f,0f,0f,1f],start_interpolation:0}
execute if entity @s[tag=aj.dino.bone.tail_3] run data modify entity @s {} merge value {transformation:[-0.3105326929951843f,-1.7463653667748404f,-1.0907442314103608f,-1.1836376138737337f,1.9872754508849426f,-0.5428313181307791f,0.30334133976577393f,0.40997816378403973f,-0.5387497145573743f,-0.9957347497352f,1.7476288448290644f,-0.29504241880583393f,0f,0f,0f,1f],start_interpolation:0}
execute if entity @s[tag=aj.dino.bone.tail_2] run data modify entity @s {} merge value {transformation:[-0.0698387658234505f,-1.1888907437283722f,-1.5493337991756428f,-0.8959543864734802f,1.8963166198013717f,0.3292658160140632f,-0.3381437192562798f,0.47431891423425293f,0.466775855476838f,-1.5155516147213093f,1.1419270899940481f,-0.5073396455263401f,0f,0f,0f,1f],start_interpolation:0}
execute if entity @s[tag=aj.dino.bone.tail_1] run data modify entity @s {} merge value {transformation:[-0.27600446560642944f,-0.3725392555791136f,-1.439684787728852f,-0.5813326882973079f,1.3268506538681326f,0.5995222165886027f,-0.4095078804448066f,0.5538442656284385f,0.6715244800415089f,-1.3377009624236835f,0.21741034436229742f,-0.5384134692563053f,0f,0f,0f,1f],start_interpolation:0}
execute if entity @s[tag=aj.dino.bone.tail_0] run data modify entity @s {} merge value {transformation:[-0.40601300168847954f,0.09548723243931044f,-1.2082513593971327f,-0.22594928169279582f,0.15050240753907315f,1.2683525989871218f,0.049663130706631455f,0.5699391521428268f,1.2026380105288879f,-0.1264894844155921f,-0.4141231007169538f,-0.4204494906906336f,0f,0f,0f,1f],start_interpolation:0}
execute if entity @s[tag=aj.dino.bone.body_1] run data modify entity @s {} merge value {transformation:[-0.9436485114332058f,-0.2018250510867066f,-0.772915733233574f,-0.03266285109979752f,-0.07511882589638014f,1.2133753890656471f,-0.22512645837837242f,0.5405484570312498f,0.7952919237123526f,-0.12486556378717076f,-0.9383623724949055f,-0.19388280161982685f,0f,0f,0f,1f],start_interpolation:0}