execute if entity @s[tag=aj.dino.bone.head_lower] run data modify entity @s {} merge value {transformation:[-0.9560969331817748f,0.10649630596760701f,-0.27301500174103704f,-0.10142290625754677f,0.009368827923401768f,0.9422627178367478f,0.3347434773647532f,0.2578822601082752f,0.29290080133681173f,0.31748938153922446f,-0.9018922403403271f,0.5300707106458785f,0f,0f,0f,1f],start_interpolation:0}
execute if entity @s[tag=aj.dino.bone.head_upper] run data modify entity @s {} merge value {transformation:[-0.9952008993751873f,0.27009493986774824f,-0.14175978246372506f,-0.10543948053275434f,0.0097520090817906f,0.5116630168110475f,0.9064092884178722f,0.33186001359049283f,0.3048803220694868f,0.865287017855441f,-0.49172991421017986f,0.515696580668282f,0f,0f,0f,1f],start_interpolation:0}
execute if entity @s[tag=aj.dino.bone.neck_0] run data modify entity @s {} merge value {transformation:[-0.8380906332528377f,-0.30465311294613423f,0.4525379224176546f,-0.07096163067705187f,0.01104581219724557f,0.819889835484156f,0.5724147514719259f,0.355561506196911f,-0.5454191786935626f,0.48473409044752946f,-0.6837768503475722f,0.4637903828509458f,0f,0f,0f,1f],start_interpolation:0}
execute if entity @s[tag=aj.dino.bone.neck_1] run data modify entity @s {} merge value {transformation:[-0.8217191378309626f,-0.21786881179756368f,0.5266031137092307f,-0.027355129662362525f,0.06612590072914894f,0.8813470997859952f,0.4678190408176794f,0.3992521749994058f,-0.5660433055651289f,0.4192379641024089f,-0.7098130075450644f,0.4055912817120292f,0f,0f,0f,1f],start_interpolation:0}
execute if entity @s[tag=aj.dino.bone.neck_2] run data modify entity @s {} merge value {transformation:[-0.9436734087252778f,-0.008583593863740718f,0.33076701706971473f,0.0015385030369003405f,0.10874845826439725f,0.9360824348468388f,0.3345496196326193f,0.4377260628900429f,-0.31249683276783974f,0.35167598309750414f,-0.8824226495407249f,0.3317275671144041f,0f,0f,0f,1f],start_interpolation:0}
execute if entity @s[tag=aj.dino.bone.body_0] run data modify entity @s {} merge value {transformation:[-0.991856850429538f,0.060974488708071164f,0.1118127898891102f,0.05481630983673115f,0.07688406462076851f,0.9865859771824109f,0.14400329938725925f,0.5149927425440194f,-0.10153240302182587f,0.15142728074497158f,-0.9832400265361441f,-0.13022723610878428f,0f,0f,0f,1f],start_interpolation:0}
execute if entity @s[tag=aj.dino.bone.leg_left_3] run data modify entity @s {} merge value {transformation:[-0.976459160409041f,-0.09859505987876444f,0.1918502598923804f,0.5846472841341784f,-0.09665048625912809f,0.9951275164839215f,0.01949126579824234f,0.04197893966416752f,-0.1928372151819897f,0.0004900041291225898f,-0.9812306397258542f,-0.18122782776439436f,0f,0f,0f,1f],start_interpolation:0}
execute if entity @s[tag=aj.dino.bone.leg_left_2] run data modify entity @s {} merge value {transformation:[-0.9257595343887141f,-0.2731980386467063f,0.3469788403760072f,0.5302522150839983f,-0.4019747147165267f,0.8550142921102324f,-0.3992857229059168f,0.22831819759556204f,-0.1828874318198293f,-0.4963623590357414f,-0.8787711848459281f,-0.32437086630493617f,0f,0f,0f,1f],start_interpolation:0}
execute if entity @s[tag=aj.dino.bone.leg_left_1] run data modify entity @s {} merge value {transformation:[-0.9044062833781146f,-0.40812822144350414f,0.12442117764893486f,0.4307895150290374f,-0.07672669684096184f,0.4424217020540572f,0.8935189150451527f,0.30264951592917f,-0.41971691481051937f,0.7985576951059664f,-0.43144329755946587f,-0.0761866362009056f,0f,0f,0f,1f],start_interpolation:0}
execute if entity @s[tag=aj.dino.bone.leg_left_0] run data modify entity @s {} merge value {transformation:[-0.8467844061054713f,-0.04158421623399733f,0.5303083278026175f,0.2728314018781931f,-0.2330694556843537f,0.925154100794113f,-0.2996139492928118f,0.6631852348407244f,-0.478157712897746f,-0.3773070934186642f,-0.7930980764397025f,-0.2153646101881957f,0f,0f,0f,1f],start_interpolation:0}
execute if entity @s[tag=aj.dino.bone.leg_right_3] run data modify entity @s {} merge value {transformation:[-0.8536509905905527f,0.006792118645659373f,0.5208011649258009f,-0.2604090534397474f,0.02241087379463605f,0.9994679092667194f,0.02369917892614687f,0.03561327332940578f,-0.520363083816991f,0.03190243674573956f,-0.8533489881227695f,-0.4648876347333495f,0f,0f,0f,1f],start_interpolation:0}
execute if entity @s[tag=aj.dino.bone.leg_right_2] run data modify entity @s {} merge value {transformation:[-0.8913914624689606f,0.376171762630754f,0.34055581794679923f,-0.16081637621937836f,0.28977325112599944f,0.9424703621737087f,-0.28256553019913977f,0.2461196578861907f,-0.41655122502521863f,-0.1493540120791008f,-0.9253327269185714f,-0.5276525355213375f,0f,0f,0f,1f],start_interpolation:0}
execute if entity @s[tag=aj.dino.bone.leg_right_1] run data modify entity @s {} merge value {transformation:[-0.9831643220055586f,-0.17724277440265865f,-0.04441750620418302f,-0.22619229317490103f,-0.07316331852156716f,0.1591063634122883f,0.9845467454339731f,0.23567012420849914f,-0.16743668880583515f,0.9712209656117217f,-0.16939536947028042f,-0.2581526609612387f,0f,0f,0f,1f],start_interpolation:0}
execute if entity @s[tag=aj.dino.bone.leg_right_0] run data modify entity @s {} merge value {transformation:[-0.9812817666481726f,0.06362837586627934f,0.18176227394170905f,-0.10190715928253091f,-0.01999599379877182f,0.90507303167631f,-0.42478579020990426f,0.6279364762288713f,-0.1915365622429328f,-0.42046906796680394f,-0.8868593508596989f,-0.328775554773644f,0f,0f,0f,1f],start_interpolation:0}
execute if entity @s[tag=aj.dino.bone.tail_4] run data modify entity @s {} merge value {transformation:[-1.2711705682635803f,-2.2898769721745853f,0.8753571672665974f,0.6640454548088025f,-2.4504685417864063f,1.215292633293695f,-0.37937985288794307f,0.7627897196871292f,-0.0706444880769054f,-0.9514139999845654f,-2.5914247217578446f,-1.925098923410041f,0f,0f,0f,1f],start_interpolation:0}
execute if entity @s[tag=aj.dino.bone.tail_3] run data modify entity @s {} merge value {transformation:[-1.763204812524998f,-0.977630648939422f,0.5208575903137224f,0.5852941387318032f,-1.0404062667444418f,1.7976807815598634f,-0.14779761085232976f,0.770259015014073f,-0.3802750521031142f,-0.3853928488037212f,-2.010673708706455f,-1.5803915935224608f,0f,0f,0f,1f],start_interpolation:0}
execute if entity @s[tag=aj.dino.bone.tail_2] run data modify entity @s {} merge value {transformation:[-1.8678088790391054f,-0.46931818905067835f,0.3313673245986252f,0.5222008592874717f,-0.49281885581374146f,1.8881638996389616f,-0.10363656911245489f,0.7896097084721753f,-0.295285356460312f,-0.18262365818578294f,-1.923078010048923f,-1.2231573948225174f,0f,0f,0f,1f],start_interpolation:0}
execute if entity @s[tag=aj.dino.bone.tail_1] run data modify entity @s {} merge value {transformation:[-1.3238247967653571f,0.1621703047176974f,0.713333687510222f,0.3679817889854891f,0.17568383907599192f,1.5021824588923258f,-0.015469288404044079f,0.7744080546236333f,-0.7101262888787337f,0.0693174037596308f,-1.3336311339269724f,-0.9363437531066998f,0f,0f,0f,1f],start_interpolation:0}
execute if entity @s[tag=aj.dino.bone.tail_0] run data modify entity @s {} merge value {transformation:[-1.1112345943504784f,-0.06206958996590115f,0.6286022262959465f,0.18279175861362784f,0.10092219160315831f,1.2382425168976354f,0.30067573426043603f,0.7164246143866768f,-0.6235447892050504f,0.3110282172609133f,-1.0715825028931534f,-0.6156967749360991f,0f,0f,0f,1f],start_interpolation:0}
execute if entity @s[tag=aj.dino.bone.body_1] run data modify entity @s {} merge value {transformation:[-1.1785951120644644f,-0.18003150505116064f,0.3272717740090286f,0.1188320549616067f,-0.11086132816860618f,1.2030688593700367f,0.26256366958705823f,0.5743470138888889f,-0.356690233663182f,0.22094925177366692f,-1.1629953140087073f,-0.3601991554705396f,0f,0f,0f,1f],start_interpolation:0}