execute if entity @s[tag=aj.dino.bone.head_lower] run data modify entity @s {} merge value {transformation:[-0.9334387346432071f,-0.02438558092592852f,-0.3579070718924018f,-0.6185032652029732f,-0.1441536961632961f,0.9390903858074447f,0.3119758951689771f,0.15328810944442484f,0.32849937678806646f,0.3428040121219838f,-0.8800986130672641f,0.17719905600587127f,0f,0f,0f,1f],start_interpolation:0}
execute if entity @s[tag=aj.dino.bone.head_upper] run data modify entity @s {} merge value {transformation:[-0.9716159899573084f,0.11911614284830715f,-0.35390062892813307f,-0.6405271380913147f,-0.15004952227233484f,0.7788202002416422f,0.674089147772696f,0.21719966145353603f,0.3419348644239581f,0.6802370048681685f,-0.7098099099638291f,0.1436473193208394f,0f,0f,0f,1f],start_interpolation:0}
execute if entity @s[tag=aj.dino.bone.neck_0] run data modify entity @s {} merge value {transformation:[-0.956330512400364f,-0.29193686750363346f,0.014311409581970636f,-0.6345540384758216f,-0.2824832640680188f,0.935718998993602f,0.2112656158580692f,0.21576329587586124f,-0.07506767995305955f,0.1979970209739963f,-0.977323909004526f,0.07726211623153983f,0f,0f,0f,1f],start_interpolation:0}
execute if entity @s[tag=aj.dino.bone.neck_1] run data modify entity @s {} merge value {transformation:[-0.9707393294718202f,-0.1584731923737942f,0.18042006960274476f,-0.6200001567551726f,-0.05106464514482109f,0.8703692920451397f,0.48974452266572194f,0.2612607673747983f,-0.23464346620529264f,0.46620118271375127f,-0.8529940802862963f,0.007150052657601241f,0f,0f,0f,1f],start_interpolation:0}
execute if entity @s[tag=aj.dino.bone.neck_2] run data modify entity @s {} merge value {transformation:[-0.7991166887069578f,-0.2640448324544856f,0.5400859600879377f,-0.5752697399445182f,0.043452963983202114f,0.8706636514004981f,0.4899557592793727f,0.31270890786785904f,-0.5996035004493395f,0.4150001597397698f,-0.6842883234900795f,-0.048735625703603735f,0f,0f,0f,1f],start_interpolation:0}
execute if entity @s[tag=aj.dino.bone.body_0] run data modify entity @s {} merge value {transformation:[-0.6607020920099912f,-0.04029675902707314f,0.7495658188748572f,-0.22238605738130054f,0.15025443908192704f,0.9712496379946972f,0.184655745189109f,0.40898883498038857f,-0.7354565583022538f,0.234628028818135f,-0.6356519007626105f,-0.3460808575788654f,0f,0f,0f,1f],start_interpolation:0}
execute if entity @s[tag=aj.dino.bone.leg_left_3] run data modify entity @s {} merge value {transformation:[0.1691074281323512f,0.023113431025725925f,0.9853265687358079f,-0.03852110265089233f,-0.07448039833120063f,0.9971660504029608f,-0.010608401773366416f,0.02060085604604997f,-0.9827793994660691f,-0.07159355578526952f,0.17034968375413595f,0.07391324931704303f,0f,0f,0f,1f],start_interpolation:0}
execute if entity @s[tag=aj.dino.bone.leg_left_2] run data modify entity @s {} merge value {transformation:[0.4035332565008382f,-0.01690514553005379f,0.9428347291297298f,-0.01269781858543459f,-0.2722906374288713f,0.9797627996089244f,0.1341076611225311f,0.2527042437163799f,-0.9028183201326289f,-0.30305324954170093f,0.38097245080951436f,0.013645119280954895f,0f,0f,0f,1f],start_interpolation:0}
execute if entity @s[tag=aj.dino.bone.leg_left_1] run data modify entity @s {} merge value {transformation:[0.42380385933778536f,-0.8963627107899944f,-0.13009296489668948f,-0.25775223149898596f,0.13004994814237278f,-0.08192157359894903f,0.9881173345140939f,0.17545264823762435f,-0.8963689529421267f,-0.4356865231841405f,0.0818532450007364f,-0.09120673510105878f,0f,0f,0f,1f],start_interpolation:0}
execute if entity @s[tag=aj.dino.bone.leg_left_0] run data modify entity @s {} merge value {transformation:[0.40595260180484627f,0.33036307285546274f,0.8520931434892386f,-0.15020426726299968f,0.07631902140556916f,0.9168645371256443f,-0.3918352045606344f,0.5762153401451939f,-0.9107018678247959f,0.22409743562761764f,0.34699055791988564f,-0.13735842768265946f,0f,0f,0f,1f],start_interpolation:0}
execute if entity @s[tag=aj.dino.bone.leg_right_3] run data modify entity @s {} merge value {transformation:[0.6221967761935011f,-0.0899700551775198f,0.7776738139257149f,-0.05902464587024026f,0.0504740935603222f,0.9959176415425012f,0.07483593484206155f,0.0007923194639355702f,-0.7812320638412621f,-0.007310296558658336f,0.6241979029046368f,-0.6743527021215587f,0f,0f,0f,1f],start_interpolation:0}
execute if entity @s[tag=aj.dino.bone.leg_right_2] run data modify entity @s {} merge value {transformation:[0.6334709593624301f,0.03661610888110662f,0.8058759232757502f,-0.02656706149061616f,0.21404886191148967f,0.980287045360101f,-0.21279706979714894f,0.222387353065833f,-0.7777916352465694f,0.29959767817902677f,0.5977822369984724f,-0.5848361206115998f,0f,0f,0f,1f],start_interpolation:0}
execute if entity @s[tag=aj.dino.bone.leg_right_1] run data modify entity @s {} merge value {transformation:[0.48872656095824507f,-0.7978297964264596f,0.35300703186769533f,-0.2523013592768559f,-0.15111032091444757f,0.32109536223458124f,0.9349135998928324f,0.25702516085762084f,-0.8592508478477396f,-0.5102601143393007f,0.03636751555143819f,-0.7424991623623474f,0f,0f,0f,1f],start_interpolation:0}
execute if entity @s[tag=aj.dino.bone.leg_right_0] run data modify entity @s {} merge value {transformation:[0.5332335400320922f,0.7526266138657812f,0.38628379707900107f,-0.05024366880235602f,-0.12025973069955238f,0.5194188713037451f,-0.846015149572166f,0.5438200869640698f,-0.8373766111833516f,0.4046692677168249f,0.3674822374055845f,-0.5161617181685934f,0f,0f,0f,1f],start_interpolation:0}
execute if entity @s[tag=aj.dino.bone.tail_4] run data modify entity @s {} merge value {transformation:[0.9483640470273834f,-0.8811315035370517f,-2.439236404980128f,-0.14024630074741443f,-2.5229262381360016f,-0.915215021751143f,-0.6502968495125734f,0.22927272193742101f,-0.6009244235598726f,2.451866649929312f,-1.119330648081096f,0.6036531039734809f,0f,0f,0f,1f],start_interpolation:0}
execute if entity @s[tag=aj.dino.bone.tail_3] run data modify entity @s {} merge value {transformation:[0.7240348158674648f,0.36547041339652403f,-1.9178504864529935f,0.18137385435089567f,-1.861338604922612f,-0.4880703712004292f,-0.7957081353269336f,0.36897156873761017f,-0.5891839350160152f,1.9910208978643327f,0.15698280488956431f,0.5575509188625568f,0f,0f,0f,1f],start_interpolation:0}
execute if entity @s[tag=aj.dino.bone.tail_2] run data modify entity @s {} merge value {transformation:[1.00318869322898f,1.0584345117215157f,-1.3008084813596292f,0.4241849703060479f,-1.594495663790426f,0.1323655410852954f,-1.1219789733722745f,0.5763974642538267f,-0.5195862766989104f,1.6373666733303238f,0.9315762733862045f,0.3843783349843636f,0f,0f,0f,1f],start_interpolation:0}
execute if entity @s[tag=aj.dino.bone.tail_1] run data modify entity @s {} merge value {transformation:[1.3720912769717881f,0.6351974758097264f,-0.03931849924501088f,0.423570382268681f,-0.608497665328541f,1.2820279371782504f,-0.5232506183314032f,0.6739050338468181f,-0.18641987272724608f,0.4904944291420987f,1.4185623342077442f,0.07330186021900886f,0f,0f,0f,1f],start_interpolation:0}
execute if entity @s[tag=aj.dino.bone.tail_0] run data modify entity @s {} merge value {transformation:[1.1010322802667878f,-0.04444479939331323f,0.6477563540417287f,0.2332083881784796f,0.010153107060736083f,1.2762402684668541f,0.0703093745150181f,0.6841569515722399f,-0.6491999297686024f,-0.05541798926853962f,1.0996835973305692f,-0.24938858074529147f,0f,0f,0f,1f],start_interpolation:0}
execute if entity @s[tag=aj.dino.bone.body_1] run data modify entity @s {} merge value {transformation:[0.3143873755074371f,-0.4050809340852803f,1.1250220486809992f,-0.001058403525972685f,-0.10188673120562053f,1.1499526337152248f,0.4425298060830501f,0.5038175f,-1.1913791450172482f,-0.20523881725508203f,0.25903157291333356f,-0.2957855021750351f,0f,0f,0f,1f],start_interpolation:0}