execute if entity @s[tag=aj.dino.bone.head_lower] run data modify entity @s {} merge value {transformation:[-0.9985331125380286f,-0.039475994861179524f,0.03705764421596194f,-0.12143321426334164f,-0.036027459159309695f,0.9953337439327017f,0.08951402334514574f,0.4732365633586021f,-0.04041837888437587f,0.0880476235830992f,-0.9952959211358837f,0.8089572425955893f,0f,0f,0f,1f],start_interpolation:0}
execute if entity @s[tag=aj.dino.bone.head_upper] run data modify entity @s {} merge value {transformation:[-1.0393727007853706f,-0.05601280868718019f,0.006236722585231902f,-0.12258367486415656f,-0.037500967227484146f,0.7733317307309708f,0.6957180853514962f,0.5385508535006908f,-0.042071473739755644f,0.6944728519467996f,-0.7742153392885923f,0.7711660209239114f,0f,0f,0f,1f],start_interpolation:0}
execute if entity @s[tag=aj.dino.bone.neck_0] run data modify entity @s {} merge value {transformation:[-0.9980561125940608f,-0.0020764780215965905f,0.0622871122517104f,-0.11819987138455672f,-0.002300906960921301f,0.9999911166889073f,-0.003531624333014738f,0.5220915047228794f,-0.06227922559560711f,-0.0036680761031070153f,-0.9980520243338585f,0.7067097694105051f,0f,0f,0f,1f],start_interpolation:0}
execute if entity @s[tag=aj.dino.bone.neck_1] run data modify entity @s {} merge value {transformation:[-0.9953291530285121f,-0.009727072866687761f,0.09604822322662146f,-0.11010813765314476f,0.0018371102463893372f,0.992822443464254f,0.11958353055337956f,0.5367956081888235f,-0.09652202938960289f,0.11920142535689149f,-0.9881672520557427f,0.6235481795326415f,0f,0f,0f,1f],start_interpolation:0}
execute if entity @s[tag=aj.dino.bone.neck_2] run data modify entity @s {} merge value {transformation:[-0.9908269243085867f,-0.032752109189232034f,0.1311079913996197f,-0.0989427579156334f,-0.0015376744777518697f,0.9728554658445595f,0.23140846599371767f,0.5665935884186526f,-0.13512824139456042f,0.2290841372073189f,-0.963981751101955f,0.5413390251538224f,0f,0f,0f,1f],start_interpolation:0}
execute if entity @s[tag=aj.dino.bone.body_0] run data modify entity @s {} merge value {transformation:[-0.9883113514297882f,0.002819050653644229f,0.15242285126724872f,-0.027079584717782053f,0.004381056886513944f,0.999941267957451f,0.009912970099941687f,0.5807912245569968f,-0.15238595399702287f,0.010464874058362883f,-0.9882656563067239f,0.07567281833917305f,0f,0f,0f,1f],start_interpolation:0}
execute if entity @s[tag=aj.dino.bone.leg_left_3] run data modify entity @s {} merge value {transformation:[-0.9992852716557188f,0.016067847565180905f,-0.03421651832928509f,0.21353635090494025f,0.01673562439925059f,0.9996732736979523f,-0.0193200602997467f,0.025531121283874608f,0.03389490710893593f,-0.019878886504046345f,-0.9992276843359754f,-0.10294925167962751f,0f,0f,0f,1f],start_interpolation:0}
execute if entity @s[tag=aj.dino.bone.leg_left_2] run data modify entity @s {} merge value {transformation:[-1.0245986176671735f,-0.046723284706889065f,-0.008763951244191754f,0.20078483568399919f,-0.041121132080331274f,0.9659783186463651f,-0.3424282989214933f,0.24005290217370498f,0.023852141867000857f,-0.34170897277074047f,-0.9668134529251319f,-0.21244297957963704f,0f,0f,0f,1f],start_interpolation:0}
execute if entity @s[tag=aj.dino.bone.leg_left_1] run data modify entity @s {} merge value {transformation:[-0.9382244673487365f,-0.04831625466988481f,0.3426374007647946f,0.1881719429843803f,0.2925078927433277f,0.4182645004655041f,0.8599383351922393f,0.30224891415328714f,-0.18486206087523066f,0.9070393305612592f,-0.37829310232139507f,0.057716152583888444f,0f,0f,0f,1f],start_interpolation:0}
execute if entity @s[tag=aj.dino.bone.leg_left_0] run data modify entity @s {} merge value {transformation:[-0.9566457102558581f,0.28824667030973317f,0.04174736044849671f,0.18671387983968735f,0.24196956265523553f,0.866340264501386f,-0.4369270841365897f,0.706106015626836f,-0.16211019646369806f,-0.4078828301841358f,-0.8985276184088504f,-0.04813560321497802f,0f,0f,0f,1f],start_interpolation:0}
execute if entity @s[tag=aj.dino.bone.leg_right_3] run data modify entity @s {} merge value {transformation:[-0.953147205777109f,-0.0015006439376781533f,0.3025031440945066f,-0.1932747870900358f,0.004355469325979944f,0.9998159642829606f,0.018683346913362542f,0.03688014654425095f,-0.3024755097627575f,0.019125523070152195f,-0.9529652566390098f,-0.13120495757132744f,0f,0f,0f,1f],start_interpolation:0}
execute if entity @s[tag=aj.dino.bone.leg_right_2] run data modify entity @s {} merge value {transformation:[-0.978670671324671f,0.0990128964574147f,0.290624092127142f,-0.1596951500675411f,0.0037185164861983444f,0.9746523112833393f,-0.3195328531557933f,0.25418941995523564f,-0.30700503126944706f,-0.30382810591821985f,-0.9303217681695338f,-0.23030167665446893f,0f,0f,0f,1f],start_interpolation:0}
execute if entity @s[tag=aj.dino.bone.leg_right_1] run data modify entity @s {} merge value {transformation:[-0.9393394929829105f,-0.22276419580207074f,-0.2608015145494086f,-0.22508881944976164f,-0.33169755549833724f,0.3965017137164474f,0.8560158425498612f,0.30990071053528406f,-0.0872814333007663f,0.8905967123724283f,-0.4463400579293625f,0.033579557552133765f,0f,0f,0f,1f],start_interpolation:0}
execute if entity @s[tag=aj.dino.bone.leg_right_0] run data modify entity @s {} merge value {transformation:[-0.9529702591125179f,-0.175255733046469f,0.24725111381218373f,-0.20322048955418248f,-0.2798821967856015f,0.821867196301988f,-0.4961857188242879f,0.7055285785179828f,-0.11624818781162352f,-0.5420514179273532f,-0.8322659545803007f,-0.09797896473926121f,0f,0f,0f,1f],start_interpolation:0}
execute if entity @s[tag=aj.dino.bone.tail_4] run data modify entity @s {} merge value {transformation:[-2.721195983586284f,-0.2250129497956091f,-0.41245960158318346f,0.05818676312905624f,-0.3222966011221356f,2.6578768132263226f,0.6763705184431128f,0.7617978108679507f,0.3418751986017684f,0.7146477102308275f,-2.645384911585238f,-1.838555015961149f,0f,0f,0f,1f],start_interpolation:0}
execute if entity @s[tag=aj.dino.bone.tail_3] run data modify entity @s {} merge value {transformation:[-2.0658866131065903f,-0.18847291288792103f,-0.18037735151334675f,0.09061645167396291f,-0.1979467775541368f,2.070255789308866f,0.10394020460583055f,0.723914315004896f,0.16992675212384997f,0.12026825842719661f,-2.071860509535324f,-1.488420956668369f,0f,0f,0f,1f],start_interpolation:0}
execute if entity @s[tag=aj.dino.bone.tail_2] run data modify entity @s {} merge value {transformation:[-1.9447554635481192f,-0.1846214719603515f,-0.05113681739910755f,0.09864070342567131f,-0.17976593419121356f,1.9389764376359229f,-0.1637939504372588f,0.7546917106667719f,0.06621382715775298f,-0.15830085718869638f,-1.9466202615582793f,-1.1265372083882919f,0f,0f,0f,1f],start_interpolation:0}
execute if entity @s[tag=aj.dino.bone.tail_1] run data modify entity @s {} merge value {transformation:[-1.5097345566139961f,-0.07916046955204896f,0.04573224929784383f,0.0912096465486395f,-0.08129443779697502f,1.508574728675416f,-0.07245517500613304f,0.7519201547523832f,-0.041821441257024805f,-0.07478073322851769f,-1.510071209906669f,-0.8006326596775812f,0f,0f,0f,1f],start_interpolation:0}
execute if entity @s[tag=aj.dino.bone.tail_0] run data modify entity @s {} merge value {transformation:[-1.2646437316770927f,-0.04106456040102944f,0.18117850422424783f,0.03727411564152193f,-0.03137312563813175f,1.275901089350926f,0.07019867352623273f,0.7621962368833965f,-0.18310564027784512f,0.06500637396608744f,-1.2633614733821232f,-0.4298803543002777f,0f,0f,0f,1f],start_interpolation:0}
execute if entity @s[tag=aj.dino.bone.body_1] run data modify entity @s {} merge value {transformation:[-1.226387645749764f,-0.028862283881368727f,0.15409382199735536f,0.0033935401782025972f,-0.0018161049450343537f,1.217768453745967f,0.2136382219553316f,0.6305029956268222f,-0.15676300319727862f,0.21168740323070284f,-1.207981125348514f,-0.16330031262302971f,0f,0f,0f,1f],start_interpolation:0}