execute if entity @s[tag=aj.dino.bone.head_lower] run data modify entity @s {} merge value {transformation:[-0.9545182351784937f,0.23216127271177442f,-0.18707239819006757f,0.039330421657059085f,0.15101529944898395f,0.9174605101265317f,0.36804971361311795f,0.32628653309111066f,0.2570784278076785f,0.32305936886463066f,-0.9107926910909632f,0.6353268971612123f,0f,0f,0f,1f],start_interpolation:0}
execute if entity @s[tag=aj.dino.bone.head_upper] run data modify entity @s {} merge value {transformation:[-0.9935576332813628f,0.30864633880125886f,-0.03244394360158585f,0.04371596490725005f,0.15719176227340598f,0.5943087252981556f,0.8399760898331391f,0.3975861139369873f,0.26759282838900095f,0.7968729630013601f,-0.6138888349006801f,0.6109836583997025f,0f,0f,0f,1f],start_interpolation:0}
execute if entity @s[tag=aj.dino.bone.neck_0] run data modify entity @s {} merge value {transformation:[-0.9667883982204778f,0.14038788188083004f,0.21356833961825214f,0.05555932913857363f,0.17983163093289703f,0.9674348328224849f,0.17813037011623067f,0.39334296829038107f,-0.18160610557549345f,0.21062071802827265f,-0.9605509541689901f,0.5455125449755154f,0f,0f,0f,1f],start_interpolation:0}
execute if entity @s[tag=aj.dino.bone.neck_1] run data modify entity @s {} merge value {transformation:[-0.9755048802715686f,0.06304623144962761f,0.21074961747617166f,0.07370303393504424f,0.12381819936719782f,0.9492411627554955f,0.2891544024151455f,0.4222111767081448f,-0.18182211656401304f,0.3081661688612088f,-0.9337956576776244f,0.4678274797213861f,0f,0f,0f,1f],start_interpolation:0}
execute if entity @s[tag=aj.dino.bone.neck_2] run data modify entity @s {} merge value {transformation:[-0.9966016124747923f,0.037619025422246835f,0.07328052223424944f,0.08049127105745593f,0.06006477151286192f,0.9406671625480748f,0.3339723229952769f,0.46067937643327583f,-0.05636886761104641f,0.3372389334433885f,-0.9397299891640225f,0.38880186462844313f,0f,0f,0f,1f],start_interpolation:0}
execute if entity @s[tag=aj.dino.bone.body_0] run data modify entity @s {} merge value {transformation:[-0.9971196170728817f,0.05118771988412926f,-0.05596683465673055f,0.05460193877591497f,0.043657797828147084f,0.9907680551958842f,0.1283458510905674f,0.5306065989411284f,0.062019883402232606f,0.12553277713979477f,-0.9901490069309488f,-0.07665579266110906f,0f,0f,0f,1f],start_interpolation:0}
execute if entity @s[tag=aj.dino.bone.leg_left_3] run data modify entity @s {} merge value {transformation:[-0.9982637786425346f,-0.024371854001491063f,0.053623138502507536f,0.47117580441573437f,-0.025947687158542378f,0.9992457626316639f,-0.028889849320937522f,0.021271272091918897f,-0.05287859473786652f,-0.03023108656985496f,-0.9981432440403302f,-0.21065783323782108f,0f,0f,0f,1f],start_interpolation:0}
execute if entity @s[tag=aj.dino.bone.leg_left_2] run data modify entity @s {} merge value {transformation:[-0.9875284802256393f,-0.22443155198743991f,0.1627273139839864f,0.42235810814630603f,-0.2684834007588962f,0.9242443929249937f,-0.3546141073961128f,0.2253356145407756f,-0.06903885689140418f,-0.38401169268645075f,-0.9485941469458419f,-0.3295933146463444f,0f,0f,0f,1f],start_interpolation:0}
execute if entity @s[tag=aj.dino.bone.leg_left_1] run data modify entity @s {} merge value {transformation:[-0.9568146321574617f,-0.2283268368348851f,0.1799239152262904f,0.3698419134515595f,0.07245144543592541f,0.41210138398094487f,0.9082528488120664f,0.2876774414293301f,-0.28152539449155684f,0.8820653631687195f,-0.3777620247648086f,-0.06432188464539877f,0f,0f,0f,1f],start_interpolation:0}
execute if entity @s[tag=aj.dino.bone.leg_left_0] run data modify entity @s {} merge value {transformation:[-0.947663197964879f,0.07856845295723203f,0.30945348830298547f,0.2653088628922599f,-0.0551038861928125f,0.9144529315579415f,-0.40092318178366293f,0.6729517960393316f,-0.3144805637069298f,-0.39699223438877707f,-0.8622639624184568f,-0.18656668651879835f,0f,0f,0f,1f],start_interpolation:0}
execute if entity @s[tag=aj.dino.bone.leg_right_3] run data modify entity @s {} merge value {transformation:[-0.9183764299612747f,0.0821672986384128f,0.3870830245903969f,-0.24641405180995546f,0.1298985949800815f,0.9865961833175292f,0.09876399184665127f,0.08636137899008325f,-0.3737794642751054f,0.14098406327578492f,-0.9167400972950103f,-0.4394932086350853f,0f,0f,0f,1f],start_interpolation:0}
execute if entity @s[tag=aj.dino.bone.leg_right_2] run data modify entity @s {} merge value {transformation:[-0.9513334721877488f,0.2729768995709367f,0.2692776197468608f,-0.17298577019331518f,0.2797341656178359f,0.986745348252445f,-0.012025547345086417f,0.3155646701913578f,-0.26225106440582746f,0.062285066456530855f,-0.9896500134973024f,-0.45515241766194064f,0f,0f,0f,1f],start_interpolation:0}
execute if entity @s[tag=aj.dino.bone.leg_right_1] run data modify entity @s {} merge value {transformation:[-0.9835188616619192f,-0.12544143294001303f,-0.1302117339459044f,-0.2197457382331346f,-0.12635592724842326f,-0.03825345743137998f,0.9912471198665532f,0.2500839139031672f,-0.12932450813528718f,0.991363263338168f,0.02177272833303734f,-0.18956032138532458f,0f,0f,0f,1f],start_interpolation:0}
execute if entity @s[tag=aj.dino.bone.leg_right_0] run data modify entity @s {} merge value {transformation:[-0.9857280093248811f,-0.00653881488693453f,0.1682187133831476f,-0.12139100374131938f,-0.07254203690279432f,0.9182118541503819f,-0.3893900920410165f,0.6507373875877265f,-0.15191426698766905f,-0.39603564839240435f,-0.9055814820809925f,-0.25367286923669136f,0f,0f,0f,1f],start_interpolation:0}
execute if entity @s[tag=aj.dino.bone.tail_4] run data modify entity @s {} merge value {transformation:[-0.8242110928625819f,-1.1967919849454014f,-2.3481964037900904f,-0.20604345420018272f,-1.317911406724693f,2.3178038661681617f,-0.7187183687654448f,0.6853650747642477f,2.28242128671006f,0.9061652798173008f,-1.2629643253973668f,-1.7852504806567324f,0f,0f,0f,1f],start_interpolation:0}
execute if entity @s[tag=aj.dino.bone.tail_3] run data modify entity @s {} merge value {transformation:[-1.2017923570312479f,-0.5647414675282163f,-1.6039662501062164f,0.07145638726242359f,-0.4415462292797142f,2.000373990152791f,-0.37347871823373097f,0.7291180338814571f,1.6421563823322631f,0.12456524562943315f,-1.2742650593935063f,-1.5704011846572299f,0f,0f,0f,1f],start_interpolation:0}
execute if entity @s[tag=aj.dino.bone.tail_2] run data modify entity @s {} merge value {transformation:[-1.692775399785457f,-0.2884557672499181f,-0.932780033675798f,0.24353780501983383f,-0.21985330027056757f,1.9316040833876893f,-0.19835338767694397f,0.7662885567683937f,0.9512885194535362f,-0.0668790728332974f,-1.7056820387679628f,-1.252631107620307f,0f,0f,0f,1f],start_interpolation:0}
execute if entity @s[tag=aj.dino.bone.tail_1] run data modify entity @s {} merge value {transformation:[-1.5073318394353525f,0.12230809717002993f,-0.025450052869959897f,0.24895934479863235f,0.12294826537443596f,1.5069733942123666f,-0.03963790077030394f,0.7562795365015778f,0.022151746338708714f,-0.04157124610479829f,-1.5117663118456635f,-0.9268288617432205f,0f,0f,0f,1f],start_interpolation:0}
execute if entity @s[tag=aj.dino.bone.tail_0] run data modify entity @s {} merge value {transformation:[-1.2105305140438976f,-0.0020699894137739304f,0.4104233257217129f,0.12897415736523554f,0.05936522099267635f,1.263875009308929f,0.18147023988762723f,0.7337492700159792f,-0.40611249880930167f,0.19092247791239547f,-1.1968529409759092f,-0.5724733154490476f,0f,0f,0f,1f],start_interpolation:0}
execute if entity @s[tag=aj.dino.bone.body_1] run data modify entity @s {} merge value {transformation:[-1.2162147691409904f,-0.11279656209494998f,0.19158070351457052f,0.0920319763335475f,-0.06986682431978518f,1.2053598830518975f,0.2661405159776206f,0.5906857861328125f,-0.21105652617023232f,0.2509762597635999f,-1.1920866809306603f,-0.3122348927538887f,0f,0f,0f,1f],start_interpolation:0}