execute if entity @s[tag=aj.dino.bone.head_lower] run data modify entity @s {} merge value {transformation:[-0.9682762197403193f,0.14200643161432253f,-0.2056096682200591f,-0.7930683010021039f,0.021836699809404184f,0.8677647453541771f,0.4964952217915432f,0.35133101985576376f,0.24892633614551485f,0.4762546798726145f,-0.8433369190736308f,0.002092640394419025f,0f,0f,0f,1f],start_interpolation:0}
execute if entity @s[tag=aj.dino.bone.head_upper] run data modify entity @s {} merge value {transformation:[-1.0078783136792735f,0.1918635462572213f,-0.17561784367237054f,-0.8011795615135402f,0.022729811732983895f,0.7650828273849948f,0.7054102107870798f,0.4171469300034313f,0.2591073195745597f,0.6791970181336874f,-0.7450011745525653f,-0.033934154025104885f,0f,0f,0f,1f],start_interpolation:0}
execute if entity @s[tag=aj.dino.bone.neck_0] run data modify entity @s {} merge value {transformation:[-0.963594322323281f,0.04119464708302527f,0.2641760455416824f,-0.7844547480254497f,0.04593144909987555f,0.9988751796909422f,0.011776136079939409f,0.401679938385779f,-0.26339378119067625f,0.023481406454740145f,-0.9644025816955207f,-0.09659027135122833f,0f,0f,0f,1f],start_interpolation:0}
execute if entity @s[tag=aj.dino.bone.neck_1] run data modify entity @s {} merge value {transformation:[-0.8047021582293433f,-0.049259467702539486f,0.5916315926171443f,-0.7345627191763966f,0.1370276686090598f,0.9542324717766707f,0.26582664998557015f,0.42859497433275395f,-0.5776485562836648f,0.294981176770057f,-0.7611230194750058f,-0.15970843943165933f,0f,0f,0f,1f],start_interpolation:0}
execute if entity @s[tag=aj.dino.bone.neck_2] run data modify entity @s {} merge value {transformation:[-0.5166533461039992f,-0.15879192897372593f,0.8413408603249599f,-0.662409621985086f,0.13185960131164248f,0.9561712813964401f,0.26143742305688417f,0.460860367825132f,-0.8459801212212233f,0.24601138982878956f,-0.47307085153603723f,-0.19874438879406023f,0f,0f,0f,1f],start_interpolation:0}
execute if entity @s[tag=aj.dino.bone.body_0] run data modify entity @s {} merge value {transformation:[-0.21099982968992292f,0.13562612508417493f,0.9680313146099535f,-0.2048880851527616f,0.21208088879924283f,0.9730890318966026f,-0.09010789426379856f,0.4276627445533122f,-0.9542016393178889f,0.1862881912445994f,-0.23408532915556413f,-0.3072932987232494f,0f,0f,0f,1f],start_interpolation:0}
execute if entity @s[tag=aj.dino.bone.leg_left_3] run data modify entity @s {} merge value {transformation:[-0.05832143885395605f,-0.06911288291520903f,0.9959026153119351f,0.04846224766876563f,-0.06753380502256273f,0.995588498940648f,0.06513621079155112f,0.0069463678189141675f,-0.9960109411794523f,-0.06345825550907869f,-0.06273160972401173f,0.09907780682227318f,0f,0f,0f,1f],start_interpolation:0}
execute if entity @s[tag=aj.dino.bone.leg_left_2] run data modify entity @s {} merge value {transformation:[0.1980244722570299f,-0.05673105165769259f,1.0048035109740763f,0.06659846190053537f,-0.31555087686405836f,0.9689301837223341f,0.11689372388123324f,0.23592558769398655f,-0.9556548288991913f,-0.3316897441138486f,0.16961120585633785f,0.025520572883263405f,0f,0f,0f,1f],start_interpolation:0}
execute if entity @s[tag=aj.dino.bone.leg_left_1] run data modify entity @s {} merge value {transformation:[0.26223884281291343f,-0.9649855431863953f,-0.005804374333322815f,-0.2004727625906439f,0.08215855993443444f,0.016333085375059064f,0.9964854245555381f,0.18587668741319424f,-0.9614992253505167f,-0.26179406365192537f,0.0835649919940622f,-0.030883808943249255f,0f,0f,0f,1f],start_interpolation:0}
execute if entity @s[tag=aj.dino.bone.leg_left_0] run data modify entity @s {} merge value {transformation:[0.23936923831821558f,0.41186998032718647f,0.8792414270564372f,-0.08250216216991851f,0.029175012620960082f,0.9021074552078073f,-0.4305240503120128f,0.5785130841176709f,-0.9704901784075528f,0.12870609373210215f,0.2039204625600365f,-0.10979436580195737f,0f,0f,0f,1f],start_interpolation:0}
execute if entity @s[tag=aj.dino.bone.leg_right_3] run data modify entity @s {} merge value {transformation:[0.4334452283943827f,-0.11216941532044167f,0.8941718270270045f,-0.14861955504909888f,0.1508533659175084f,0.9872541060683012f,0.05072072596718158f,0.060998228595922216f,-0.8884641219393723f,0.11290417316445786f,0.44484171534215455f,-0.6828733197206579f,0f,0f,0f,1f],start_interpolation:0}
execute if entity @s[tag=aj.dino.bone.leg_right_2] run data modify entity @s {} merge value {transformation:[0.4598354806832114f,0.16331129936309266f,0.902187868298988f,-0.08338366091482963f,0.2138155471585629f,0.9623677687173365f,-0.28318437285272985f,0.27624138385096264f,-0.8915696506716783f,0.3150236447237697f,0.39739886860285345f,-0.5957771986912308f,0f,0f,0f,1f],start_interpolation:0}
execute if entity @s[tag=aj.dino.bone.leg_right_1] run data modify entity @s {} merge value {transformation:[0.2781483190814579f,-0.882078922489359f,0.3802239959447195f,-0.33764309647657714f,-0.1408221051503673f,0.3541198336292887f,0.9245367911183328f,0.3206061517774045f,-0.9501592746972363f,-0.31070229791614934f,-0.025718374296327007f,-0.6977443132646073f,0f,0f,0f,1f],start_interpolation:0}
execute if entity @s[tag=aj.dino.bone.leg_right_0] run data modify entity @s {} merge value {transformation:[0.33142124992103006f,0.8870545253657642f,0.32139418807579617f,-0.054056369141798025f,-0.11112466007278804f,0.3749760880695965f,-0.9203500656270577f,0.555677287509219f,-0.9369158260081261f,0.26930874921572906f,0.22284867639582276f,-0.501205747609524f,0f,0f,0f,1f],start_interpolation:0}
execute if entity @s[tag=aj.dino.bone.tail_4] run data modify entity @s {} merge value {transformation:[0.20163691071392537f,-0.20954911060752437f,-2.746105070473695f,-0.1734675930818665f,-2.690936873343417f,-0.6012532072846953f,-0.15170582062210167f,0.2626801516540911f,-0.5863980145929061f,2.687051373266515f,-0.24810001513106508f,0.49266029088624186f,0f,0f,0f,1f],start_interpolation:0}
execute if entity @s[tag=aj.dino.bone.tail_3] run data modify entity @s {} merge value {transformation:[0.5379470850928523f,0.2545708686474131f,-1.9954328183430903f,0.16239289762621917f,-1.9632620255572246f,-0.38367535233375183f,-0.5782222488463757f,0.3644798418919847f,-0.4383613562912358f,2.0307467648360586f,0.14089863186999f,0.44889663834719445f,0f,0f,0f,1f],start_interpolation:0}
execute if entity @s[tag=aj.dino.bone.tail_2] run data modify entity @s {} merge value {transformation:[0.9514612723847287f,0.6990892549149095f,-1.5571671508920697f,0.45273677350108016f,-1.6734184746150396f,0.030693897369904483f,-1.008713224104897f,0.5507673298679931f,-0.3364014431774678f,1.8245837808468923f,0.6135975641259951f,0.3350156059726483f,0f,0f,0f,1f],start_interpolation:0}
execute if entity @s[tag=aj.dino.bone.tail_1] run data modify entity @s {} merge value {transformation:[1.3182983053662336f,0.6987224323362541f,-0.24805803881072913f,0.4963154707909897f,-0.7414191149653867f,1.2467845437286984f,-0.4283482782539975f,0.6284107781985447f,0.006597274623597512f,0.49494597085876957f,1.429209995731282f,0.02140905458590897f,0f,0f,0f,1f],start_interpolation:0}
execute if entity @s[tag=aj.dino.bone.tail_0] run data modify entity @s {} merge value {transformation:[1.046902659899759f,0.039506272628217466f,0.7323044392203706f,0.28327245004485074f,-0.0470394607544775f,1.2773489113583214f,-0.001662638766278772f,0.6597213445178286f,-0.7318591574960067f,-0.02558768568597238f,1.04764648642302f,-0.2853550747527527f,0f,0f,0f,1f],start_interpolation:0}
execute if entity @s[tag=aj.dino.bone.body_1] run data modify entity @s {} merge value {transformation:[0.08946523282230627f,-0.33086510782030737f,1.1879094441914992f,0.02938625722516038f,-0.07182116027626083f,1.1876117797300252f,0.3361912798382848f,0.5015675f,-1.2310330166607522f,-0.0933334673618668f,0.06671709539232926f,-0.29457919350657974f,0f,0f,0f,1f],start_interpolation:0}