execute if entity @s[tag=aj.dino.bone.head_lower] run data modify entity @s {} merge value {transformation:[-0.9344228049451506f,-0.015265477429366694f,-0.3558384279378644f,-0.6451270088182061f,-0.1394452576047202f,0.935005172399349f,0.3260680108781243f,0.1561648160990555f,0.3277331867998579f,0.354305366577077f,-0.8758188542642207f,0.15136770845825145f,0f,0f,0f,1f],start_interpolation:0}
execute if entity @s[tag=aj.dino.bone.head_upper] run data modify entity @s {} merge value {transformation:[-0.9726403083245719f,0.1270626213178749f,-0.3482784280853744f,-0.6665851838964671f,-0.14514851053856262f,0.7692782068703714f,0.6860137702016262f,0.2206856786380302f,0.3411373375844776f,0.6895926865053336f,-0.7011128198853861f,0.11862535803354478f,0f,0f,0f,1f],start_interpolation:0}
execute if entity @s[tag=aj.dino.bone.neck_0] run data modify entity @s {} merge value {transformation:[-0.9647755622861659f,-0.2596564138823116f,0.042268914644101235f,-0.6593255430647149f,-0.24380326302135005f,0.9428487577490923f,0.2271479450735482f,0.22014806641855808f,-0.09883361450212691f,0.20884148711587672f,-0.9729425213771232f,0.05235511703207929f,0f,0f,0f,1f],start_interpolation:0}
execute if entity @s[tag=aj.dino.bone.neck_1] run data modify entity @s {} merge value {transformation:[-0.9598945100315218f,-0.15724118784634986f,0.23211578674449002f,-0.6403866799050153f,-0.02054999411486516f,0.865149951055774f,0.5010920673190414f,0.2665827790346345f,-0.27960727342689706f,0.47622554638832704f,-0.8336839938573343f,-0.016074947786038532f,0f,0f,0f,1f],start_interpolation:0}
execute if entity @s[tag=aj.dino.bone.neck_2] run data modify entity @s {} merge value {transformation:[-0.7718774770472991f,-0.26052450100063773f,0.579941501192547f,-0.5921301525318986f,0.07426423253557267f,0.8689945460611963f,0.4892170302450617f,0.31794985973935924f,-0.6314190242564747f,0.4206845175357228f,-0.651409665658054f,-0.06902455571567834f,0f,0f,0f,1f],start_interpolation:0}
execute if entity @s[tag=aj.dino.bone.body_0] run data modify entity @s {} merge value {transformation:[-0.608831473371988f,-0.02259050565555809f,0.7929778723810145f,-0.21861785775024922f,0.19044396827997967f,0.9662008453664025f,0.17374412611372822f,0.40903908563945807f,-0.7701008583149797f,0.2567987450660053f,-0.5839512587151915f,-0.34179226508574284f,0f,0f,0f,1f],start_interpolation:0}
execute if entity @s[tag=aj.dino.bone.leg_left_3] run data modify entity @s {} merge value {transformation:[0.13876281517824413f,0.0061311633494117584f,0.990306664604349f,-0.02564993797653472f,-0.06484603594821158f,0.9978910432193833f,0.002908175430265336f,0.018128238838613447f,-0.9882003201505308f,-0.06462100818242307f,0.13886775203723659f,0.06514800046173051f,0f,0f,0f,1f],start_interpolation:0}
execute if entity @s[tag=aj.dino.bone.leg_left_2] run data modify entity @s {} merge value {transformation:[0.38130445824570164f,-0.0551400278829505f,0.9505938601462314f,-0.008533842845342338f,-0.25614520049610917f,0.9802943408516983f,0.1596083990823661f,0.25116866270527916f,-0.9170925503379984f,-0.29672341013121184f,0.35065463278751147f,0.0053962456965327005f,0f,0f,0f,1f],start_interpolation:0}
execute if entity @s[tag=aj.dino.bone.leg_left_1] run data modify entity @s {} merge value {transformation:[0.39880782762341743f,-0.9070340536217139f,-0.135061253499484f,-0.25572601513628695f,0.146204296070421f,-0.0825073839600699f,0.9858077071126079f,0.17355869089879838f,-0.905304711374487f,-0.4128943656222821f,0.09970768476165659f,-0.0940326630475885f,0f,0f,0f,1f],start_interpolation:0}
execute if entity @s[tag=aj.dino.bone.leg_left_0] run data modify entity @s {} merge value {transformation:[0.37935656209880564f,0.35701828021446447f,0.8535962431883597f,-0.14092718304614368f,0.09328209094764468f,0.9030986362084142f,-0.41917932294775406f,0.5731148163648584f,-0.9205362840763043f,0.23864366924602937f,0.30929298218320656f,-0.1325477161793484f,0f,0f,0f,1f],start_interpolation:0}
execute if entity @s[tag=aj.dino.bone.leg_right_3] run data modify entity @s {} merge value {transformation:[0.5874520804459598f,-0.062409122511562415f,0.8068489044468301f,-0.07601478219225372f,0.029558822270948477f,0.9980113555579645f,0.05567414304062776f,0.002802313080704333f,-0.8087189432711884f,-0.00885638779020928f,0.588128587291624f,-0.6767719361673186f,0f,0f,0f,1f],start_interpolation:0}
execute if entity @s[tag=aj.dino.bone.leg_right_2] run data modify entity @s {} merge value {transformation:[0.6008827478177953f,0.07391330245821635f,0.8279727933907913f,-0.034129827237761146f,0.2117532319086841f,0.9743247582791487f,-0.24065334753790488f,0.2221502238572669f,-0.8038424544970594f,0.3119139122012561f,0.5555260742972773f,-0.5856499484122608f,0f,0f,0f,1f],start_interpolation:0}
execute if entity @s[tag=aj.dino.bone.leg_right_1] run data modify entity @s {} merge value {transformation:[0.444081683057834f,-0.815634828947114f,0.37085210607590335f,-0.2665367624160069f,-0.14907748787539965f,0.34087268281266614f,0.9282142622912315f,0.26255670449321855f,-0.8834972333750012f,-0.4674886521836728f,0.029782523368770936f,-0.7318269591336349f,0f,0f,0f,1f],start_interpolation:0}
execute if entity @s[tag=aj.dino.bone.leg_right_0] run data modify entity @s {} merge value {transformation:[0.4897895111791058f,0.7746719181020644f,0.399987067344684f,-0.051887419263621344f,-0.11855443594675863f,0.5137025095299536f,-0.8497379463222609f,0.5472119758952664f,-0.8637424850360658f,0.3687724922044703f,0.3434468933285397f,-0.514561419961568f,0f,0f,0f,1f],start_interpolation:0}
execute if entity @s[tag=aj.dino.bone.tail_4] run data modify entity @s {} merge value {transformation:[0.8337617706883244f,-0.8364593795964382f,-2.4961647276619816f,-0.14728912982517164f,-2.5544701438574493f,-0.8901554710028893f,-0.5549476130091273f,0.21047300266936217f,-0.6365413776649339f,2.476614680431489f,-1.0425239233665868f,0.571335116274964f,0f,0f,0f,1f],start_interpolation:0}
execute if entity @s[tag=aj.dino.bone.tail_3] run data modify entity @s {} merge value {transformation:[0.7471085269578656f,0.32480749999729214f,-1.9163179441149119f,0.17446908125696178f,-1.8504541415123765f,-0.5092312125101771f,-0.8077428850875465f,0.35241957374010274f,-0.5946375746208657f,1.9927692255239613f,0.10593627659159008f,0.5338714272247628f,0f,0f,0f,1f],start_interpolation:0}
execute if entity @s[tag=aj.dino.bone.tail_2] run data modify entity @s {} merge value {transformation:[1.0353784933833716f,0.9859684286416908f,-1.332152959747413f,0.4231136263567606f,-1.5772841211166742f,0.10393205376106011f,-1.148976415979452f,0.5648701960296432f,-0.5088615250882674f,1.6839947330456886f,0.8508792877735354f,0.375719262364329f,0f,0f,0f,1f],start_interpolation:0}
execute if entity @s[tag=aj.dino.bone.tail_1] run data modify entity @s {} merge value {transformation:[1.3785408202190792f,0.6163607668579857f,-0.0859119436862246f,0.43274952531406136f,-0.6039612668207848f,1.2747223114847013f,-0.545866345164578f,0.6673293874922132f,-0.15004081168116176f,0.5318258020078914f,1.407943649848502f,0.06638782113187164f,0f,0f,0f,1f],start_interpolation:0}
execute if entity @s[tag=aj.dino.bone.tail_0] run data modify entity @s {} merge value {transformation:[1.0936284243399972f,-0.04681122425156296f,0.6600161326389777f,0.238747832926733f,0.02586598238433836f,1.2770629909600126f,0.04771566471911855f,0.6842035661059809f,-0.6611683121678895f,-0.027468945891026234f,1.093589336351049f,-0.2538472749268588f,0f,0f,0f,1f],start_interpolation:0}
execute if entity @s[tag=aj.dino.bone.body_1] run data modify entity @s {} merge value {transformation:[0.28004011663066125f,-0.4143553714118138f,1.1307040967096182f,0.00378474381837577f,-0.08146735972803461f,1.1516964145619604f,0.4422250931825537f,0.5038175f,-1.2014762575401474f,-0.17466994567913852f,0.23355900260965784f,-0.2963812110073362f,0f,0f,0f,1f],start_interpolation:0}