execute if entity @s[tag=aj.dino.bone.head_lower] run data modify entity @s {} merge value {transformation:[-0.3176787927449122f,-0.49088763640271443f,0.8112394918068844f,-0.12706149819883958f,-0.06711175620201261f,0.8650536131464945f,0.49717025108274204f,0.5731730445897494f,-0.9458203829584227f,0.1034967381570622f,-0.3077535188608438f,0.7437498539096687f,0f,0f,0f,1f],start_interpolation:0}
execute if entity @s[tag=aj.dino.bone.head_upper] run data modify entity @s {} merge value {transformation:[-0.33067172300201547f,-0.4144846770062957f,0.8957290922580179f,-0.07472208821866695f,-0.06985659906744318f,0.9521237965369703f,0.41479184444521555f,0.6231257042543112f,-0.9845040425295961f,0.0716566199211214f,-0.33028633282028347f,0.7222841965202309f,0f,0f,0f,1f],start_interpolation:0}
execute if entity @s[tag=aj.dino.bone.neck_0] run data modify entity @s {} merge value {transformation:[-0.4503629995642837f,-0.12305864902739647f,0.8843244526320718f,-0.015397014850212644f,-0.26100974662611864f,0.9653351408866866f,0.0014063909308773548f,0.6076317835632833f,-0.8538425386390813f,-0.23018391487858814f,-0.4668707364373318f,0.6961076737231798f,0f,0f,0f,1f],start_interpolation:0}
execute if entity @s[tag=aj.dino.bone.neck_1] run data modify entity @s {} merge value {transformation:[-0.6155494251471618f,-0.35729216759767135f,0.7024537082074209f,0.04246403358527457f,-0.36177802156938155f,0.9199693299948553f,0.15090757097694435f,0.6246538191940196f,-0.7001539604332345f,-0.16124124423414374f,-0.6955470457470742f,0.6364428916363961f,0f,0f,0f,1f],start_interpolation:0}
execute if entity @s[tag=aj.dino.bone.neck_2] run data modify entity @s {} merge value {transformation:[-0.8261544872008553f,-0.4648249092799697f,0.31844397779006595f,0.06581118799209856f,-0.4291367909485887f,0.8853318015794399f,0.1789670801193635f,0.6490006293354156f,-0.3651169373395865f,0.011198429576114527f,-0.9308943104578465f,0.5549992079575289f,0f,0f,0f,1f],start_interpolation:0}
execute if entity @s[tag=aj.dino.bone.body_0] run data modify entity @s {} merge value {transformation:[-0.9180148347387798f,-0.3829257590041764f,0.10303701417746133f,0.11072429987341939f,-0.3953357097449861f,0.904063426736723f,-0.16241612308352288f,0.5810668538055634f,-0.030958678911722215f,-0.18983462152128444f,-0.9813278640046413f,0.09069465356836431f,0f,0f,0f,1f],start_interpolation:0}
execute if entity @s[tag=aj.dino.bone.leg_left_3] run data modify entity @s {} merge value {transformation:[-0.9232919913116816f,-0.3817710369597731f,-0.042222909875677714f,0.5368311227970985f,-0.3802166277463953f,0.924010776675209f,-0.04048951189181238f,0.05478447329954683f,0.054472146688644626f,-0.021329789655259335f,-0.9982874462339961f,-0.17422152410018207f,0f,0f,0f,1f],start_interpolation:0}
execute if entity @s[tag=aj.dino.bone.leg_left_2] run data modify entity @s {} merge value {transformation:[-0.9443700431725942f,-0.39205573816952344f,0.08074477832799622f,0.44647379960755035f,-0.3959803885199732f,0.8847532828835888f,-0.3353704814603975f,0.25004041351415807f,0.0585401824942351f,-0.3399501817851518f,-0.9659550302361279f,-0.2832249369960331f,0f,0f,0f,1f],start_interpolation:0}
execute if entity @s[tag=aj.dino.bone.leg_left_1] run data modify entity @s {} merge value {transformation:[-0.9868857014115247f,-0.16121773867081662f,0.008090308235881045f,0.4219013440020216f,-0.05496602033006476f,0.38275058690577346f,0.9222151185229841f,0.30620563808948725f,-0.1517740062018467f,0.9096762220488973f,-0.3865925789255242f,-0.012568239990984303f,0f,0f,0f,1f],start_interpolation:0}
execute if entity @s[tag=aj.dino.bone.leg_left_0] run data modify entity @s {} merge value {transformation:[-0.9864248356967737f,-0.04779468243150142f,0.15710414333131137f,0.2756491748980059f,-0.1046773042891887f,0.9201492261122088f,-0.377316927332782f,0.6860306662471327f,-0.1265255131874275f,-0.388640026266435f,-0.9126610677005363f,-0.10557646318585742f,0f,0f,0f,1f],start_interpolation:0}
execute if entity @s[tag=aj.dino.bone.leg_right_3] run data modify entity @s {} merge value {transformation:[-0.9639453616196154f,-0.013107103028237293f,0.2657772444402204f,-0.26927075535593537f,-0.0030801088515348338f,0.9992688472421621f,0.03810884229130701f,0.06149308369163073f,-0.2660824171971762f,0.03591621892026203f,-0.9632809416141171f,-0.03437450572524933f,0f,0f,0f,1f],start_interpolation:0}
execute if entity @s[tag=aj.dino.bone.leg_right_2] run data modify entity @s {} merge value {transformation:[-1.0080561405457884f,0.17854886259510414f,0.0632876028509494f,-0.22413152791777943f,0.153126093886524f,0.9697690781869701f,-0.2969217638775317f,0.2781310788235176f,-0.11152316521548453f,-0.28236578786935906f,-0.9797419787688648f,-0.13029896182242326f,0f,0f,0f,1f],start_interpolation:0}
execute if entity @s[tag=aj.dino.bone.leg_right_1] run data modify entity @s {} merge value {transformation:[-0.9444287709562412f,0.24945045131678337f,-0.21407654922465782f,-0.16381870747937222f,-0.09514511835714583f,0.41593096163843135f,0.9044052419150029f,0.34126538624883207f,0.314645360752211f,0.8745146696816373f,-0.36908317418805214f,0.13312049185641187f,0f,0f,0f,1f],start_interpolation:0}
execute if entity @s[tag=aj.dino.bone.leg_right_0] run data modify entity @s {} merge value {transformation:[-0.9560384044590419f,-0.1744624943255375f,-0.23569770315622873f,-0.10196712363260417f,-0.043483591162053734f,0.879224122724702f,-0.47441977121387946f,0.7301541678545307f,0.28999956292908663f,-0.4433145385532603f,-0.8481582832279885f,-0.005613698887379032f,0f,0f,0f,1f],start_interpolation:0}
execute if entity @s[tag=aj.dino.bone.tail_4] run data modify entity @s {} merge value {transformation:[-2.5911021225248585f,-0.6371453692077719f,-0.711264297391811f,-0.28591564656956825f,-0.1448773159568694f,2.2953643632883627f,-1.528389457784548f,0.9475585290655948f,0.9438546951561493f,-1.3967854344325414f,-2.187187713980853f,-1.736232770295738f,0f,0f,0f,1f],start_interpolation:0}
execute if entity @s[tag=aj.dino.bone.tail_3] run data modify entity @s {} merge value {transformation:[-1.9031601433947132f,0.6613531768167588f,-0.525869727359011f,-0.20321943390609226f,0.7672042844153565f,1.8955701602167236f,-0.3926281697931394f,0.9955841152696338f,0.35401211930240495f,-0.552604080020018f,-1.976170457267463f,-1.3957396236457045f,0f,0f,0f,1f],start_interpolation:0}
execute if entity @s[tag=aj.dino.bone.tail_2] run data modify entity @s {} merge value {transformation:[-1.5168088492104383f,0.8019800809017408f,-0.9353570119459842f,-0.030269371570970968f,0.7539309219686486f,1.7774980313398197f,0.30143455091503063f,0.9405285418687918f,0.9745013878179887f,-0.12689591570527436f,-1.689088022194495f,-1.0810514545879486f,0f,0f,0f,1f],start_interpolation:0}
execute if entity @s[tag=aj.dino.bone.tail_1] run data modify entity @s {} merge value {transformation:[-1.179584729434435f,0.9401820762561871f,-0.11087731766099235f,-0.016775622385918336f,0.9265384463206442f,1.1828831760502876f,0.1731188877821005f,0.8879305750726941f,0.19432607538572455f,0.0670917677795855f,-1.4984633199118995f,-0.7596046477587693f,0f,0f,0f,1f],start_interpolation:0}
execute if entity @s[tag=aj.dino.bone.tail_0] run data modify entity @s {} merge value {transformation:[-1.2046215574803059f,0.4264900606101999f,-0.02878972105558502f,0.0019293681297845242f,0.38314155168658054f,1.1154471001308877f,0.49276367029725404f,0.7708513032393537f,0.1895393658556177f,0.455762779957216f,-1.179063541027687f,-0.4040565093336561f,0f,0f,0f,1f],start_interpolation:0}
execute if entity @s[tag=aj.dino.bone.body_1] run data modify entity @s {} merge value {transformation:[-1.187645921213775f,0.19221664003332026f,-0.28487633137000873f,0.05521196992099882f,0.13877339754032839f,1.2058523197504867f,0.23508875375852076f,0.6349737499999998f,0.3143941873121194f,0.193849274703109f,-1.1799081950464116f,-0.14280150616801976f,0f,0f,0f,1f],start_interpolation:0}