execute if entity @s[tag=aj.dino.bone.head_lower] run data modify entity @s {} merge value {transformation:[-0.9696005570233703f,0.13064759921404653f,-0.20689602374037114f,0.05907496710714351f,0.05092964955515734f,0.9347659822713187f,0.35159455226798497f,0.33297610255214716f,0.23933434901024794f,0.33036913174196797f,-0.9130034535399627f,0.646856499762234f,0f,0f,0f,1f],start_interpolation:0}
execute if entity @s[tag=aj.dino.bone.head_upper] run data modify entity @s {} merge value {transformation:[-1.0092568158053943f,0.232618587107093f,-0.10373627748364601f,0.056833748137953215f,0.05301265100127596f,0.6065108219746148f,0.8442785229087616f,0.4048139364792291f,0.24912302416212168f,0.813329673836805f,-0.5999204139486691f,0.6238400046773173f,0f,0f,0f,1f],start_interpolation:0}
execute if entity @s[tag=aj.dino.bone.neck_0] run data modify entity @s {} merge value {transformation:[-0.9816795283850328f,0.06592130900216417f,0.17877271763102243f,0.06764070600887061f,0.09371595991523729f,0.9839606445112737f,0.15178527237556358f,0.3986268486322447f,-0.1658994346190057f,0.16575835144088372f,-0.972111900205267f,0.5583444639142485f,0f,0f,0f,1f],start_interpolation:0}
execute if entity @s[tag=aj.dino.bone.neck_1] run data modify entity @s {} merge value {transformation:[-0.9840724476128284f,0.045270501096746275f,0.17190695035322742f,0.08241203652225242f,0.09420385560964607f,0.9528861036318301f,0.2883291644867473f,0.42744194035322497f,-0.1507549383521962f,0.29993108414400504f,-0.9419736160459207f,0.47992868024471447f,0f,0f,0f,1f],start_interpolation:0}
execute if entity @s[tag=aj.dino.bone.neck_2] run data modify entity @s {} merge value {transformation:[-0.9982077244250231f,0.04261447703834401f,0.04201601176891934f,0.08651017663755156f,0.05419364555052691f,0.941508902097037f,0.33260191829569463f,0.4657983235049089f,-0.025384792300930437f,0.3342828048505942f,-0.9421308925521222f,0.4006637856616947f,0f,0f,0f,1f],start_interpolation:0}
execute if entity @s[tag=aj.dino.bone.body_0] run data modify entity @s {} merge value {transformation:[-0.9959147462096725f,0.04944533802326472f,-0.07555777147249057f,0.0513711109355539f,0.039678559327043526f,0.9912747599666935f,0.12569790047055152f,0.5344824038116858f,0.08111368695759241f,0.12218636912822749f,-0.9891870707744852f,-0.06437239344389697f,0f,0f,0f,1f],start_interpolation:0}
execute if entity @s[tag=aj.dino.bone.leg_left_3] run data modify entity @s {} merge value {transformation:[-0.9992546636018604f,-0.02064326159868516f,0.032618599303175594f,0.4498428503935252f,-0.021556250313094362f,0.9993785290468782f,-0.027890567447391545f,0.019491152172678633f,-0.03202257551122488f,-0.028572914283750195f,-0.9990786471679604f,-0.20878556155452385f,0f,0f,0f,1f],start_interpolation:0}
execute if entity @s[tag=aj.dino.bone.leg_left_2] run data modify entity @s {} merge value {transformation:[-0.9945070321160927f,-0.21236413426320075f,0.13386350156400634f,0.4029352042120371f,-0.2463656080266467f,0.9306559452551953f,-0.353900689803671f,0.22510637902301495f,-0.04818661384654668f,-0.3752908013001315f,-0.9533609307110312f,-0.3258031810953977f,0f,0f,0f,1f],start_interpolation:0}
execute if entity @s[tag=aj.dino.bone.leg_left_1] run data modify entity @s {} merge value {transformation:[-0.9609610483604575f,-0.19962872439718782f,0.1915782762463486f,0.35767986471614194f,0.09474932412199712f,0.41311291754664314f,0.9057374249386657f,0.2874123404301441f,-0.25995466741798534f,0.88853029759916f,-0.3780707356248995f,-0.059188652083923474f,0f,0f,0f,1f],start_interpolation:0}
execute if entity @s[tag=aj.dino.bone.leg_left_0] run data modify entity @s {} merge value {transformation:[-0.9569344519904809f,0.09391261675949157f,0.27469414811215564f,0.26092303823198215f,-0.027170995507572217f,0.9131016496964731f,-0.4068256559322518f,0.6758845504733142f,-0.28902974171667095f,-0.3967691995795092f,-0.871226727475822f,-0.17765694791594094f,0f,0f,0f,1f],start_interpolation:0}
execute if entity @s[tag=aj.dino.bone.leg_right_3] run data modify entity @s {} merge value {transformation:[-0.9214074788173334f,0.1047061540893178f,0.37422570632615454f,-0.250592494164239f,0.1591587607546025f,0.9802219368458905f,0.1176156596765518f,0.104464574834225f,-0.35450916328713467f,0.16793324811339563f,-0.9198487252388516f,-0.442864390662256f,0f,0f,0f,1f],start_interpolation:0}
execute if entity @s[tag=aj.dino.bone.leg_right_2] run data modify entity @s {} merge value {transformation:[-0.9533769585724763f,0.2661134067784865f,0.2689204884283403f,-0.17877194948915703f,0.28971126253866414f,0.9824008224569736f,0.05493821889003601f,0.3347091654452784f,-0.2433145263276372f,0.12702156615828702f,-0.988294370372182f,-0.4434210978910633f,0f,0f,0f,1f],start_interpolation:0}
execute if entity @s[tag=aj.dino.bone.leg_right_1] run data modify entity @s {} merge value {transformation:[-0.9824000367436596f,-0.12985725261929795f,-0.13426563874731257f,-0.2264942717354368f,-0.12250130252713423f,-0.0947253783946469f,0.9879375150115245f,0.2541390492698557f,-0.1410092148946712f,0.986997566678945f,0.07715053262699906f,-0.18218476427977803f,0f,0f,0f,1f],start_interpolation:0}
execute if entity @s[tag=aj.dino.bone.leg_right_0] run data modify entity @s {} merge value {transformation:[-0.9843143476031454f,-0.001407128720287365f,0.17641792735251904f,-0.126956512137223f,-0.06829501901029679f,0.9250440092605995f,-0.3736701370319273f,0.6557015218484324f,-0.162668544841888f,-0.3798573428536568f,-0.910630190362247f,-0.2382837267942587f,0f,0f,0f,1f],start_interpolation:0}
execute if entity @s[tag=aj.dino.bone.tail_4] run data modify entity @s {} merge value {transformation:[-0.8174991192661523f,-1.024929253590029f,-2.4304066628312335f,-0.2518489498273503f,-1.1935312243624614f,2.412805597960995f,-0.6160468281875386f,0.6840936220764197f,2.3521989154982004f,0.8680728674388279f,-1.1572688064341934f,-1.7630846819555546f,0f,0f,0f,1f],start_interpolation:0}
execute if entity @s[tag=aj.dino.bone.tail_3] run data modify entity @s {} merge value {transformation:[-1.1606500058837863f,-0.5001494946300581f,-1.6548980551404697f,0.03365496046501343f,-0.3805950459032488f,2.018270358462084f,-0.3430418301485677f,0.7225104797293292f,1.6864117234294582f,0.1112689049962849f,-1.2163799800658746f,-1.557920441185844f,0f,0f,0f,1f],start_interpolation:0}
execute if entity @s[tag=aj.dino.bone.tail_2] run data modify entity @s {} merge value {transformation:[-1.6747868850355188f,-0.2654355625827449f,-0.9712912677627565f,0.21291431176692985f,-0.1855657808622826f,1.934122383145832f,-0.20859008363303239f,0.761609935007615f,0.9896606012612469f,-0.08653579683255844f,-1.682812326191058f,-1.2443780970967273f,0f,0f,0f,1f],start_interpolation:0}
execute if entity @s[tag=aj.dino.bone.tail_1] run data modify entity @s {} merge value {transformation:[-1.5061586885645333f,0.11625025003240529f,-0.07502089194996651f,0.22907587318043865f,0.1189995942235327f,1.5068390356232786f,-0.05414302629648853f,0.7547276707644034f,0.07057868967471602f,-0.05981847615336719f,-1.5096677278376491f,-0.9188506552882185f,0f,0f,0f,1f],start_interpolation:0}
execute if entity @s[tag=aj.dino.bone.tail_0] run data modify entity @s {} merge value {transformation:[-1.2207490442274724f,0.0040458424713851505f,0.37893418790132555f,0.11844012961160179f,0.05464148922306134f,1.2666657215279553f,0.16250530497672455f,0.7378067439029307f,-0.3749957269852904f,0.17139806780938024f,-1.2098911619141668f,-0.5611561965949079f,0f,0f,0f,1f],start_interpolation:0}
execute if entity @s[tag=aj.dino.bone.body_1] run data modify entity @s {} merge value {transformation:[-1.2199250077678454f,-0.1024498779057681f,0.1728918534690564f,0.08514592182107913f,-0.06347790526350555f,1.2056303414993699f,0.26651572234245446f,0.5946378125f,-0.19067806906466686f,0.25409466194600794f,-1.19485663232229f,-0.30048384551874235f,0f,0f,0f,1f],start_interpolation:0}