execute if entity @s[tag=aj.dino.bone.head_lower] run data modify entity @s {} merge value {transformation:[-0.3808160300767827f,0.004961208566569786f,0.9246375168930351f,-0.7236797551847283f,0.3569636016838645f,0.9232524135349701f,0.14206325342866108f,1.1270950246431772f,-0.8529690136865713f,0.3841619024726577f,-0.35336028975982303f,-0.16727243173020193f,0f,0f,0f,1f],start_interpolation:0}
execute if entity @s[tag=aj.dino.bone.head_upper] run data modify entity @s {} merge value {transformation:[-0.3963912470335773f,0.3892736340338313f,0.8802340368928978f,-0.6543807543043056f,0.37156326425790054f,0.9400571075997257f,-0.2484055508412779f,1.131194678125736f,-0.8878550909425964f,0.2196146964136047f,-0.49694533420687353f,-0.1968747595118982f,0f,0f,0f,1f],start_interpolation:0}
execute if entity @s[tag=aj.dino.bone.neck_0] run data modify entity @s {} merge value {transformation:[-0.34981628357981487f,0.7464389448374531f,0.5660896301579424f,-0.6297794066613382f,0.30849264212631855f,0.6623501228841552f,-0.6827331868814257f,1.0761970040513802f,-0.8845681757198423f,-0.06419670042372926f,-0.46197178069485617f,-0.22541886214024656f,0f,0f,0f,1f],start_interpolation:0}
execute if entity @s[tag=aj.dino.bone.neck_1] run data modify entity @s {} merge value {transformation:[-0.08840923667641057f,0.5011472009808462f,0.8608340663678208f,-0.5545467402813442f,0.42834757062783485f,0.7993560395248928f,-0.4213647835454576f,1.0441844098268822f,-0.899278691845596f,0.3314836421667616f,-0.2853356433541592f,-0.24806343245865584f,0f,0f,0f,1f],start_interpolation:0}
execute if entity @s[tag=aj.dino.bone.neck_2] run data modify entity @s {} merge value {transformation:[-0.07626262364463836f,0.533158254508848f,0.8425712360886256f,-0.4755112281801591f,0.29206294863301435f,0.8199122848503309f,-0.4923850923690717f,1.0090752365610216f,-0.9533536837242648f,0.20853326065783476f,-0.21824443390104153f,-0.2651416107465132f,0f,0f,0f,1f],start_interpolation:0}
execute if entity @s[tag=aj.dino.bone.body_0] run data modify entity @s {} merge value {transformation:[-0.06611912990456775f,0.6980454721181943f,0.7129942352613728f,-0.13282996315109039f,0.2826703242325777f,0.6983891550218081f,-0.6575333268710981f,0.7058352750446752f,-0.9569356030887931f,0.1580667802013184f,-0.24349362319756104f,-0.3783934585935439f,0f,0f,0f,1f],start_interpolation:0}
execute if entity @s[tag=aj.dino.bone.leg_left_3] run data modify entity @s {} merge value {transformation:[0.14591282660742655f,0.07399292918361633f,0.9865264788449725f,-0.06151413142038635f,-0.04272844263033554f,0.9967398644035436f,-0.06843919125173653f,0.012690582615912743f,-0.9883742849861163f,-0.03216658420836715f,0.14859873363709689f,-0.10689990359217014f,0f,0f,0f,1f],start_interpolation:0}
execute if entity @s[tag=aj.dino.bone.leg_left_2] run data modify entity @s {} merge value {transformation:[0.15493446835948954f,0.3977539053507532f,0.9326571400000545f,0.06026537149523753f,-0.028789697660329468f,0.9448282372847164f,-0.3981619706084155f,0.22057902087482256f,-1.0135228972862345f,0.033965163158360026f,0.1538827601417289f,-0.09579936423993096f,0f,0f,0f,1f],start_interpolation:0}
execute if entity @s[tag=aj.dino.bone.leg_left_1] run data modify entity @s {} merge value {transformation:[0.3934531575347644f,-0.8082732084309316f,0.43805140492719785f,-0.19038567006278156f,0.26706577594370867f,0.5564222054311735f,0.7868101426790923f,0.3246933046228597f,-0.8796990872710443f,-0.19258439665735363f,0.4347881852334703f,-0.15365830430349461f,0f,0f,0f,1f],start_interpolation:0}
execute if entity @s[tag=aj.dino.bone.leg_left_0] run data modify entity @s {} merge value {transformation:[0.3671365191735908f,0.47348398584232787f,0.8006395515086435f,-0.026968504254310577f,0.22072623666511235f,0.7918155396883304f,-0.5694805348348043f,0.7076101754205677f,-0.903598752066843f,0.3857992564261112f,0.1861940627525575f,-0.12240484782151215f,0f,0f,0f,1f],start_interpolation:0}
execute if entity @s[tag=aj.dino.bone.leg_right_3] run data modify entity @s {} merge value {transformation:[0.5113164391995222f,-0.6440349460212587f,0.5690118516408211f,0.4085847114775608f,0.46457654243128305f,0.7641691625334577f,0.4474529330058168f,0.38774186643256103f,-0.7229966356954333f,0.03555951822379824f,0.689935783560163f,-0.6209844155828976f,0f,0f,0f,1f],start_interpolation:0}
execute if entity @s[tag=aj.dino.bone.leg_right_2] run data modify entity @s {} merge value {transformation:[0.46777052785140566f,-0.5588656057517354f,0.7217493799665211f,0.29989354982557626f,0.5641510078724004f,0.8145646090704759f,0.26510438975451117f,0.5849333955706706f,-0.7176256496885169f,0.2760723308452031f,0.6788664777049496f,-0.5345390323578122f,0f,0f,0f,1f],start_interpolation:0}
execute if entity @s[tag=aj.dino.bone.leg_right_1] run data modify entity @s {} merge value {transformation:[0.5581404641897594f,-0.798187095468385f,-0.22666403080723496f,0.10618818571957889f,0.1844256540893686f,-0.14700143204969196f,0.9717910048405716f,0.49713050176426865f,-0.8089909766788183f,-0.5841985446773064f,0.06515872964667568f,-0.7128148563372578f,0f,0f,0f,1f],start_interpolation:0}
execute if entity @s[tag=aj.dino.bone.leg_right_0] run data modify entity @s {} merge value {transformation:[0.5753374091326104f,0.2891868042398833f,0.7650868303049653f,0.09055175702300627f,0.23417115959368798f,0.8380135993352198f,-0.49284589411273083f,0.839054214434138f,-0.7836776975690468f,0.46271395006283633f,0.4144213637713725f,-0.4737521964003226f,0f,0f,0f,1f],start_interpolation:0}
execute if entity @s[tag=aj.dino.bone.tail_4] run data modify entity @s {} merge value {transformation:[0.35344915444266684f,2.4362262966883326f,2.0061934696307415f,1.8019321609875865f,3.1191770149878217f,-0.5769323752435418f,0.15106586182364162f,0.40068849130262535f,0.4803598187155527f,1.9536856391858726f,-2.457092586542774f,-0.7741739586704826f,0f,0f,0f,1f],start_interpolation:0}
execute if entity @s[tag=aj.dino.bone.tail_3] run data modify entity @s {} merge value {transformation:[0.7632664490073603f,1.4782313166037244f,1.7223659485212488f,1.495416890710231f,2.191037341208603f,-0.9542234451353637f,-0.1519899482772423f,0.4357981954115508f,0.5925096247682532f,1.6243699546469708f,-1.6566962766877231f,-0.5091552271501214f,0f,0f,0f,1f],start_interpolation:0}
execute if entity @s[tag=aj.dino.bone.tail_2] run data modify entity @s {} merge value {transformation:[0.3584253029643243f,1.2482703352657663f,1.8340340569306788f,1.1550360306338152f,2.1891131440181253f,0.10252106099622649f,-0.49759574398347006f,0.5299432813497655f,-0.36006026519624096f,1.865915070907269f,-1.1996024355089947f,-0.28597399936311796f,0f,0f,0f,1f],start_interpolation:0}
execute if entity @s[tag=aj.dino.bone.tail_1] run data modify entity @s {} merge value {transformation:[0.34887156944812775f,0.5569608486703881f,1.6104374038453546f,0.8013462959196719f,1.5809077426210347f,0.507707943408805f,-0.5180624905795337f,0.6337079893348346f,-0.6359596905281559f,1.5676264376033489f,-0.40438597252546876f,-0.21750968555247147f,0f,0f,0f,1f],start_interpolation:0}
execute if entity @s[tag=aj.dino.bone.tail_0] run data modify entity @s {} merge value {transformation:[0.05809381160723937f,0.16393657983646986f,1.4596224313249104f,0.37876677840375994f,0.5316182236755538f,1.359378782708133f,-0.17383648800347648f,0.7173112830128573f,-1.3692168960728501f,0.5347540164382636f,-0.0055649433199145264f,-0.20297891277574556f,0f,0f,0f,1f],start_interpolation:0}
execute if entity @s[tag=aj.dino.bone.body_1] run data modify entity @s {} merge value {transformation:[0.36961449892149867f,0.0405899610018526f,1.1791277167080452f,0.10190207929758885f,0.41340635298260775f,1.1528427200031661f,-0.16927328585920193f,0.6790128124999996f,-1.1050271058018797f,0.44487156917229453f,0.33107246554425424f,-0.30991388064059483f,0f,0f,0f,1f],start_interpolation:0}