execute if entity @s[tag=aj.dino.bone.head_lower] run data modify entity @s {} merge value {transformation:[-0.8354815429448856f,0.2041535235581704f,0.5101881321799017f,-0.8149015826651207f,0.45885635498851673f,0.7700282781457022f,0.44329143499803564f,0.7918252151320606f,-0.30235978053485485f,0.6044648787768803f,-0.7370215556143289f,-0.24507460236844109f,0f,0f,0f,1f],start_interpolation:0}
execute if entity @s[tag=aj.dino.bone.head_upper] run data modify entity @s {} merge value {transformation:[-0.8696523899340219f,0.3615862281687128f,0.4432065690671502f,-0.7764987312310858f,0.4776233887173992f,0.9028286868233134f,0.200619548854311f,0.8260764457682674f,-0.31472616957548855f,0.37098208101082525f,-0.920212842953588f,-0.3002790468764486f,0f,0f,0f,1f],start_interpolation:0}
execute if entity @s[tag=aj.dino.bone.neck_0] run data modify entity @s {} merge value {transformation:[-0.6147023598634765f,0.6778480263015393f,0.4033150902425803f,-0.7612237400120987f,0.4235120346204599f,0.7150133591510133f,-0.5562314740890009f,0.7783666209244026f,-0.6654160843486662f,-0.1711080052910795f,-0.726597195986467f,-0.3442697676130368f,0f,0f,0f,1f],start_interpolation:0}
execute if entity @s[tag=aj.dino.bone.neck_1] run data modify entity @s {} merge value {transformation:[-0.33886269244129164f,0.46546919964870687f,0.8176249139121379f,-0.6898158200576139f,0.2951506091017856f,0.8777638289818004f,-0.3773814760663987f,0.7504412050093457f,-0.893341028733307f,0.11344198830063366f,-0.4348249322107867f,-0.3805825333886732f,0f,0f,0f,1f],start_interpolation:0}
execute if entity @s[tag=aj.dino.bone.neck_2] run data modify entity @s {} merge value {transformation:[0.0023482174526143207f,0.2682060557434459f,0.9633587065768072f,-0.602792467256673f,0.08123136493865722f,0.9601265375395119f,-0.2675042004578453f,0.7364060696493329f,-0.996692505853735f,0.07888310069293614f,-0.019532158100685426f,-0.38152138207175723f,0f,0f,0f,1f],start_interpolation:0}
execute if entity @s[tag=aj.dino.bone.body_0] run data modify entity @s {} merge value {transformation:[0.27660938330378865f,0.5207822653881378f,0.8076342495990974f,-0.21719637199340072f,0.007244501898570734f,0.8392716670606957f,-0.5436640378592303f,0.4881743590647565f,-0.9609551322827405f,0.15623348209126062f,0.22837761013965518f,-0.2723995516202039f,0f,0f,0f,1f],start_interpolation:0}
execute if entity @s[tag=aj.dino.bone.leg_left_3] run data modify entity @s {} merge value {transformation:[-0.22794183938352403f,0.10855694099452869f,0.9676042106255875f,0.021993904211005166f,-0.015878706891475317f,0.9932187294604097f,-0.11517127296554361f,0.013042042043019675f,-0.9735452657816738f,-0.04161665545138898f,-0.2246723602562853f,0.20464743900986082f,0f,0f,0f,1f],start_interpolation:0}
execute if entity @s[tag=aj.dino.bone.leg_left_2] run data modify entity @s {} merge value {transformation:[-0.0328891002066495f,0.1540345697129831f,1.01353532643003f,0.08917089667294734f,-0.47079946204237993f,0.8985302292325761f,-0.15183376830123738f,0.2170654022842624f,-0.9106746801843656f,-0.4700840116290751f,0.04189091049992761f,0.0949533542757428f,0f,0f,0f,1f],start_interpolation:0}
execute if entity @s[tag=aj.dino.bone.leg_left_1] run data modify entity @s {} merge value {transformation:[0.12861970556761668f,-0.9570188316597573f,0.25994600821765396f,-0.187169316352548f,-0.10937864508004125f,0.24683391755892523f,0.9628651666474219f,0.23523405050891655f,-0.9856435883929615f,-0.15227597640831772f,-0.07292971732249799f,0.07708235692029958f,0f,0f,0f,1f],start_interpolation:0}
execute if entity @s[tag=aj.dino.bone.leg_left_0] run data modify entity @s {} merge value {transformation:[0.09934537117502823f,0.5170657673836736f,0.8501608609116447f,-0.04180945389963301f,-0.15979530663756142f,0.8515888177951736f,-0.4992613998526487f,0.5916581961922855f,-0.9821384613193311f,-0.08625240637890388f,0.16722609004322503f,-0.08459515334629025f,0f,0f,0f,1f],start_interpolation:0}
execute if entity @s[tag=aj.dino.bone.leg_right_3] run data modify entity @s {} merge value {transformation:[0.3175486242279739f,-0.08326499522426456f,0.9445791718120957f,-0.20513135889732448f,0.09855276013679153f,0.9936406019283814f,0.05445831129243592f,0.13748991395386295f,-0.9431066878780685f,0.07579772272111472f,0.32373520122154137f,-0.6248741537541208f,0f,0f,0f,1f],start_interpolation:0}
execute if entity @s[tag=aj.dino.bone.leg_right_2] run data modify entity @s {} merge value {transformation:[0.3322163290757082f,0.20676031197615014f,0.9481269343224464f,-0.1281498545201762f,0.12422847502134068f,0.984841582129352f,-0.25829545796146186f,0.3588798448739909f,-0.962424956134257f,0.19849289912028145f,0.29394042306136264f,-0.5680285863189399f,0f,0f,0f,1f],start_interpolation:0}
execute if entity @s[tag=aj.dino.bone.leg_right_1] run data modify entity @s {} merge value {transformation:[0.14375019237417191f,-0.9165172915003141f,0.37327193381409884f,-0.3940730301301983f,-0.2317616238030601f,0.33552097424768673f,0.913078433417443f,0.39698847489325345f,-0.962092735615729f,-0.2177653099573289f,-0.1641823311280208f,-0.6376416788468686f,0f,0f,0f,1f],start_interpolation:0}
execute if entity @s[tag=aj.dino.bone.leg_right_0] run data modify entity @s {} merge value {transformation:[0.21060253736356724f,0.9643456163925296f,0.1602626076180572f,-0.05297391946190056f,-0.19133989471814208f,0.20143202003020375f,-0.9606321803873747f,0.5765268617782083f,-0.9586634529099757f,0.17164694419378312f,0.22693988323707823f,-0.47725264274870605f,0f,0f,0f,1f],start_interpolation:0}
execute if entity @s[tag=aj.dino.bone.tail_4] run data modify entity @s {} merge value {transformation:[-0.3059799888934301f,2.7444212762112743f,0.013763599662048914f,0.6860636867418419f,-2.5878154061952263f,-0.29312424509787666f,0.9181235929843196f,0.3611296270172997f,0.9139195815034341f,0.08883336768737608f,2.6043273532584013f,0.904629832975149f,0f,0f,0f,1f],start_interpolation:0}
execute if entity @s[tag=aj.dino.bone.tail_3] run data modify entity @s {} merge value {transformation:[-0.03935392024450415f,2.0418962348727674f,-0.40627153606701266f,0.7349707681714042f,-2.081859996747782f,-0.041717505342968454f,-0.008008104253011607f,0.3628957441067934f,-0.015992152674262544f,0.4060356410523829f,2.0422597374703515f,0.5543646739152819f,0f,0f,0f,1f],start_interpolation:0}
execute if entity @s[tag=aj.dino.bone.tail_2] run data modify entity @s {} merge value {transformation:[0.3256170026803949f,1.9140022928450797f,-0.2221320903246311f,0.7769608568350127f,-1.837837446896058f,0.24082346201114097f,-0.618976133574086f,0.47666038034161795f,-0.5788790558957826f,0.3120467242762251f,1.8401901411311992f,0.21192354909888228f,0f,0f,0f,1f],start_interpolation:0}
execute if entity @s[tag=aj.dino.bone.tail_1] run data modify entity @s {} merge value {transformation:[0.8501317360536393f,1.0278953341796861f,0.7129961173288797f,0.6101548967435686f,-0.9979692655214538f,1.0770620192381681f,-0.3628374316263012f,0.5425264087177336f,-0.7543140104949642f,-0.2665048567779436f,1.28360499566057f,-0.060315527785308576f,0f,0f,0f,1f],start_interpolation:0}
execute if entity @s[tag=aj.dino.bone.tail_0] run data modify entity @s {} merge value {transformation:[0.7389434503470043f,0.2073363513139952f,1.022159445095085f,0.31645954518544855f,-0.3343627111193834f,1.2336793180037002f,-0.008522577476823145f,0.5747877834898482f,-0.9879270576242907f,-0.26245512823671835f,0.7674328316276853f,-0.29091074775256354f,0f,0f,0f,1f],start_interpolation:0}
execute if entity @s[tag=aj.dino.bone.body_1] run data modify entity @s {} merge value {transformation:[-0.03511350553234631f,0.0077644671089081765f,1.2358443873870184f,0.02862004458004424f,-0.047589756240205734f,1.2354176404700545f,-0.009113932886026778f,0.49369250000000003f,-1.2349521658292995f,-0.04782846142379957f,-0.034787662290019325f,-0.2796015172763619f,0f,0f,0f,1f],start_interpolation:0}