execute if entity @s[tag=aj.dino.bone.head_lower] run data modify entity @s {} merge value {transformation:[-0.8886659790781134f,-0.07775712536547726f,-0.45191438025807074f,-0.6133119224925485f,-0.2243873105117669f,0.9332044983131171f,0.2806772153372251f,0.15706994716839745f,0.3999038790890067f,0.35083214474027374f,-0.8467548014074116f,0.16483931200619265f,0f,0f,0f,1f],start_interpolation:0}
execute if entity @s[tag=aj.dino.bone.head_upper] run data modify entity @s {} merge value {transformation:[-0.925012047344917f,0.10523695633261333f,-0.46556399975956086f,-0.6433307602540169f,-0.23356465801698548f,0.785627303837941f,0.6416457220096173f,0.21887186110366666f,0.41625978111713086f,0.6746753775481081f,-0.6745464195577229f,0.13361673515569744f,0f,0f,0f,1f],start_interpolation:0}
execute if entity @s[tag=aj.dino.bone.neck_0] run data modify entity @s {} merge value {transformation:[-0.9428536074801678f,-0.33311010515787887f,-0.0080456636358293f,-0.6381393467902524f,-0.32814157454639903f,0.9240545067904705f,0.19607747329673064f,0.21665749167116144f,-0.05788075600615658f,0.18751246977715025f,-0.9805553996395253f,0.06718720822255184f,0f,0f,0f,1f],start_interpolation:0}
execute if entity @s[tag=aj.dino.bone.neck_1] run data modify entity @s {} merge value {transformation:[-0.9775069215637412f,-0.16715443014226733f,0.12860643366018665f,-0.6280147534651545f,-0.08677743622854155f,0.8745494704247153f,0.4771088977806337f,0.26110381745902733f,-0.19222355437505445f,0.45521711332468967f,-0.8693833934920525f,-0.004363847524316872f,0f,0f,0f,1f],start_interpolation:0}
execute if entity @s[tag=aj.dino.bone.neck_2] run data modify entity @s {} merge value {transformation:[-0.8218732409300357f,-0.27452251768566316f,0.49916105930519516f,-0.5869722479867907f,0.00782420136668862f,0.8707054599226967f,0.491742599266912f,0.31270890786785904f,-0.569616676121875f,0.40805562040527f,-0.713461598784081f,-0.06287331498126292f,0f,0f,0f,1f],start_interpolation:0}
execute if entity @s[tag=aj.dino.bone.body_0] run data modify entity @s {} merge value {transformation:[-0.6416098753698974f,-0.046304930657166565f,0.7656321709702771f,-0.22657378927481306f,0.15025443908192704f,0.9712496379946972f,0.184655745189109f,0.40898883498038857f,-0.7521704403684047f,0.23351658204933673f,-0.6162058378042156f,-0.35106427822675046f,0f,0f,0f,1f],start_interpolation:0}
execute if entity @s[tag=aj.dino.bone.leg_left_3] run data modify entity @s {} merge value {transformation:[0.19640908745056726f,0.036236241356897445f,0.9798522364005501f,-0.04839764224412806f,-0.0672957026257553f,0.9974586798589488f,-0.023398085010299288f,0.017098426037971265f,-0.9782099768326539f,-0.061344248193029104f,0.1983484924033723f,0.07542868881192716f,0f,0f,0f,1f],start_interpolation:0}
execute if entity @s[tag=aj.dino.bone.leg_left_2] run data modify entity @s {} merge value {transformation:[0.4228860564886871f,0.01874381078843702f,0.9342795364799915f,-0.014499008479823716f,-0.2724164623270536f,0.9834244710761807f,0.10357499815323015f,0.24911155276320196f,-0.893878545318856f,-0.29083875042084045f,0.41043412013742714f,0.018932107303740023f,0f,0f,0f,1f],start_interpolation:0}
execute if entity @s[tag=aj.dino.bone.leg_left_1] run data modify entity @s {} merge value {transformation:[0.4449213834380585f,-0.8864863962409794f,-0.1272274806763265f,-0.2574428785936291f,0.12980806043647095f,-0.07672805364831564f,0.98856596807146f,0.17325189786087103f,-0.8861121994450171f,-0.4563492906349499f,0.08093512792164026f,-0.09168875145260541f,0f,0f,0f,1f],start_interpolation:0}
execute if entity @s[tag=aj.dino.bone.leg_left_0] run data modify entity @s {} merge value {transformation:[0.4289703495328494f,0.29848988635824963f,0.8525774023298436f,-0.15977238194808693f,0.07540968462907033f,0.92870031591336f,-0.36308277663167887f,0.5762153401451939f,-0.9001654396197452f,0.22004433863261427f,0.37587587093337893f,-0.14055813687779153f,0f,0f,0f,1f],start_interpolation:0}
execute if entity @s[tag=aj.dino.bone.leg_right_3] run data modify entity @s {} merge value {transformation:[0.653232283496491f,-0.1265050882749683f,0.7465145989453275f,-0.04045423259899139f,0.09103790372794031f,0.9919135493067722f,0.08842856318217698f,0.005550223311407532f,-0.7516646086405708f,0.010196731936479353f,0.6594667108922432f,-0.6789667991511338f,0f,0f,0f,1f],start_interpolation:0}
execute if entity @s[tag=aj.dino.bone.leg_right_2] run data modify entity @s {} merge value {transformation:[0.6628845004369449f,-0.007164263463133907f,0.7826844906539209f,-0.018964140121025874f,0.23334757628885794f,0.9808268165548681f,-0.18865276056197472f,0.2279873044896031f,-0.7471246530675266f,0.29998271409627736f,0.6355134329995344f,-0.588241979458676f,0f,0f,0f,1f],start_interpolation:0}
execute if entity @s[tag=aj.dino.bone.leg_right_1] run data modify entity @s {} merge value {transformation:[0.5326047001643677f,-0.7800061807607738f,0.32851573986312355f,-0.23768353166718392f,-0.13539287202454084f,0.3046300450975972f,0.9427986560389142f,0.25804682916545335f,-0.8354645435730772f,-0.5466176850403099f,0.05664011682016931f,-0.756383700627772f,0f,0f,0f,1f],start_interpolation:0}
execute if entity @s[tag=aj.dino.bone.leg_right_0] run data modify entity @s {} merge value {transformation:[0.5756462142526197f,0.7261290483569802f,0.3759894162723378f,-0.0501231798476892f,-0.10440354746114253f,0.5213183097760221f,-0.8469516628295858f,0.5438200869640698f,-0.8110063719195774f,0.44828988949613613f,0.37590536000619384f,-0.5166712935292532f,0f,0f,0f,1f],start_interpolation:0}
execute if entity @s[tag=aj.dino.bone.tail_4] run data modify entity @s {} merge value {transformation:[0.9194588183653568f,-1.005147387462772f,-2.4020690128318427f,-0.12463763761123134f,-2.5128337874601754f,-1.0102978717143092f,-0.5390972997595942f,0.21461975323340188f,-0.6825856499581063f,2.365298770025956f,-1.2510395239899375f,0.6122546170319507f,0f,0f,0f,1f],start_interpolation:0}
execute if entity @s[tag=aj.dino.bone.tail_3] run data modify entity @s {} merge value {transformation:[0.814262489103985f,0.3664276931151609f,-1.8811307425590937f,0.19074683813519835f,-1.8332896354315507f,-0.4467444531474788f,-0.8805759661980647f,0.36830464138105745f,-0.5585438545914525f,2.000523847732065f,0.14791424271469228f,0.5675971311202034f,0f,0f,0f,1f],start_interpolation:0}
execute if entity @s[tag=aj.dino.bone.tail_2] run data modify entity @s {} merge value {transformation:[1.0649016087854952f,1.0399904859651972f,-1.2661667456187247f,0.4271593755758626f,-1.564085260122797f,0.1952157277093157f,-1.1551199044793143f,0.5819288058101729f,-0.4882578598194215f,1.642889066175672f,0.9387724184102144f,0.3931112793098938f,0f,0f,0f,1f],start_interpolation:0}
execute if entity @s[tag=aj.dino.bone.tail_1] run data modify entity @s {} merge value {transformation:[1.3899714385087463f,0.5960701723746589f,0.018330295556044325f,0.41460061874615256f,-0.5554742780780341f,1.3109983376456333f,-0.5102822112165711f,0.6762409286090123f,-0.21698842486089956f,0.462212027424245f,1.4237037315329182f,0.08130336068226018f,0f,0f,0f,1f],start_interpolation:0}
execute if entity @s[tag=aj.dino.bone.tail_0] run data modify entity @s {} merge value {transformation:[1.105069667982184f,-0.027547076713681354f,0.641792726707232f,0.22638910731959686f,-0.013650660315481969f,1.2757446606735965f,0.07826197556789222f,0.6841569515722399f,-0.6422385888147213f,-0.07451466910191966f,1.1026390505101544f,-0.2427115692943667f,0f,0f,0f,1f],start_interpolation:0}
execute if entity @s[tag=aj.dino.bone.body_1] run data modify entity @s {} merge value {transformation:[0.34485912855354706f,-0.39968030724554443f,1.118003769452342f,-0.006609803317799062f,-0.10188673120562053f,1.1499526337152248f,0.4425298060830501f,0.5038175f,-1.182918370181887f,-0.21556712937684958f,0.2878185839634106f,-0.29510538243525025f,0f,0f,0f,1f],start_interpolation:0}