execute if entity @s[tag=aj.dino.bone.head_lower] run data modify entity @s {} merge value {transformation:[0.5689276440892713f,0.14458187592730043f,-0.8095785427890083f,0.8681822745972354f,-0.46083846253124156f,0.8713933113375059f,-0.1682308188415486f,0.3653619369924135f,0.6811381998118101f,0.4687960943839007f,0.5623886331066158f,-0.4050589545456682f,0f,0f,0f,1f],start_interpolation:0}
execute if entity @s[tag=aj.dino.bone.head_upper] run data modify entity @s {} merge value {transformation:[0.5921965476793375f,0.6977328603885092f,-0.4959274614641242f,0.8498455836281709f,-0.4796865636327433f,0.76994369716454f,0.5104502389560773f,0.41769100544297066f,0.70899646837653f,-0.06186680300593804f,0.7595843923481709f,-0.3538643176078132f,0f,0f,0f,1f],start_interpolation:0}
execute if entity @s[tag=aj.dino.bone.neck_0] run data modify entity @s {} merge value {transformation:[0.5070995116977727f,0.43475462774215373f,-0.7442032645001377f,0.7945032658615714f,-0.4463655247423244f,0.8711136163322802f,0.2047410211999692f,0.4169343682922543f,0.7372977034803447f,0.22836260879854708f,0.6358007670216603f,-0.3166972405268834f,0f,0f,0f,1f],start_interpolation:0}
execute if entity @s[tag=aj.dino.bone.neck_1] run data modify entity @s {} merge value {transformation:[0.4805270352193738f,0.4141340874835831f,-0.7730373380422312f,0.7309247211886086f,-0.18504438633139353f,0.9095109524145323f,0.37222090554568327f,0.4526563676602636f,0.8572352906352589f,-0.03581598835925909f,0.5136777895406152f,-0.2733469895131782f,0f,0f,0f,1f],start_interpolation:0}
execute if entity @s[tag=aj.dino.bone.neck_2] run data modify entity @s {} merge value {transformation:[0.35086824928747884f,0.2948279610041372f,-0.8888014092316026f,0.6559456017350571f,-0.27593916536854446f,0.9395518095474965f,0.20273128567573337f,0.47961594820545145f,0.8948458239594409f,0.1741231477609102f,0.41101348001760407f,-0.23563435161898927f,0f,0f,0f,1f],start_interpolation:0}
execute if entity @s[tag=aj.dino.bone.body_0] run data modify entity @s {} merge value {transformation:[0.38906427834991664f,0.10097747563269874f,-0.9156596183773239f,0.2253605939946393f,-0.2623552653274003f,0.9649580832296349f,-0.005060866010692916f,0.48642321297322566f,0.8830621167658864f,0.24219712431124474f,0.4019226927013643f,-0.04390246340346393f,0f,0f,0f,1f],start_interpolation:0}
execute if entity @s[tag=aj.dino.bone.leg_left_3] run data modify entity @s {} merge value {transformation:[-0.022339318238295956f,0.21780566994733336f,-0.9757364628830069f,-0.3881471559502007f,-0.08995185421075688f,0.9715836410454501f,0.2189381017020852f,0.06554787883289487f,0.9956955452269006f,0.0926602319857832f,-0.0021124922830578485f,-0.5070379406823111f,0f,0f,0f,1f],start_interpolation:0}
execute if entity @s[tag=aj.dino.bone.leg_left_2] run data modify entity @s {} merge value {transformation:[-0.0762026191647236f,0.11396586851087004f,-1.016497487034618f,-0.39311442193625906f,-0.3021561242798061f,0.9713176518979685f,0.1315518725534437f,0.2955573968513191f,0.9772190321997095f,0.3092183685143466f,-0.03858967712592738f,-0.43463614543128476f,0f,0f,0f,1f],start_interpolation:0}
execute if entity @s[tag=aj.dino.bone.leg_left_1] run data modify entity @s {} merge value {transformation:[-0.1744064073607769f,0.9805270377958982f,-0.09027254966327114f,-0.11847473711837143f,0.08857967691422504f,0.10692916833066873f,0.9903129776984056f,0.2703201040587495f,0.9806814191720359f,0.16472061531973622f,-0.10550390030425048f,-0.40382205392432796f,0f,0f,0f,1f],start_interpolation:0}
execute if entity @s[tag=aj.dino.bone.leg_left_0] run data modify entity @s {} merge value {transformation:[-0.1988197360004278f,0.399087595523638f,-0.8950976503577033f,0.0879686772647104f,0.03553782634626061f,0.9156665065433388f,0.4003647233377345f,0.6013805258994674f,0.9793915332875323f,0.04779058373653475f,-0.19623527876204638f,-0.255203776740954f,0f,0f,0f,1f],start_interpolation:0}
execute if entity @s[tag=aj.dino.bone.leg_right_3] run data modify entity @s {} merge value {transformation:[-0.5172178243713408f,0.0740611227817554f,-0.852643344104018f,0.06409691420417522f,0.06119535186370165f,0.9968991235167463f,0.04946985386901692f,0.0236293397916848f,0.8536631953310713f,-0.02659111926658743f,-0.5201461922510783f,0.28610570031139915f,0f,0f,0f,1f],start_interpolation:0}
execute if entity @s[tag=aj.dino.bone.leg_right_2] run data modify entity @s {} merge value {transformation:[-0.5348551797287567f,-0.03670144202512608f,-0.8744399009487674f,0.029347514396230123f,0.19473107598101158f,0.9941201318915254f,-0.16083274205194975f,0.2500847454553782f,0.8532713192562441f,-0.2498807055815789f,-0.5114194836075915f,0.21072997129538676f,0f,0f,0f,1f],start_interpolation:0}
execute if entity @s[tag=aj.dino.bone.leg_right_1] run data modify entity @s {} merge value {transformation:[-0.38086191649832285f,0.85450297333661f,-0.3532263709296316f,0.272637968043325f,-0.1716887058400324f,0.3100189805782404f,0.9350995775681883f,0.2812937515322968f,0.9085522488267802f,0.416788795722872f,0.028634086534737313f,0.3405342037519877f,0f,0f,0f,1f],start_interpolation:0}
execute if entity @s[tag=aj.dino.bone.leg_right_0] run data modify entity @s {} merge value {transformation:[-0.4324865010867639f,-0.8749904233820058f,-0.21759408394417917f,-0.0029105527512029022f,-0.1530912305543907f,0.3090894247239545f,-0.938630280063006f,0.4968634548363348f,0.8885485363811427f,-0.37263317956616904f,-0.26763036446064237f,0.11269655482229536f,0f,0f,0f,1f],start_interpolation:0}
execute if entity @s[tag=aj.dino.bone.tail_4] run data modify entity @s {} merge value {transformation:[-0.28098839438864526f,-2.3419117658053383f,1.4360209382183151f,-0.9816145644020676f,2.706592908747644f,0.011051199972510133f,0.5476258110207491f,0.2985574236262775f,-0.4701719686836477f,1.4632117016213637f,2.2942561251312927f,0.8317290097020476f,0f,0f,0f,1f],start_interpolation:0}
execute if entity @s[tag=aj.dino.bone.tail_3] run data modify entity @s {} merge value {transformation:[-0.4247516432389467f,-2.03001313003649f,0.1859523043409535f,-0.9932799313456899f,2.0338094301594336f,-0.40911032610661846f,0.17942538536098812f,0.27213697449632435f,-0.1383863049756639f,0.21822226970873576f,2.0661979086338254f,0.4792427227111805f,0f,0f,0f,1f],start_interpolation:0}
execute if entity @s[tag=aj.dino.bone.tail_2] run data modify entity @s {} merge value {transformation:[0.40772914814470573f,-1.830728752033677f,-0.5486009963836954f,-0.8914303382521489f,1.815168778216435f,0.5464945654155272f,-0.4746365678730664f,0.36184313322849637f,0.5980745132040178f,-0.41054817190103865f,1.8145332596034904f,0.14226950501971614f,0f,0f,0f,1f],start_interpolation:0}
execute if entity @s[tag=aj.dino.bone.tail_1] run data modify entity @s {} merge value {transformation:[0.298046625746826f,-1.0595775363284967f,-1.0373619924544009f,-0.6555341159440831f,1.1685011443536544f,0.8192573331921871f,-0.5010775864624414f,0.4585385115827049f,0.9129236192174739f,-0.7026870687004698f,0.9800293867818504f,-0.060904442878502704f,0f,0f,0f,1f],start_interpolation:0}
execute if entity @s[tag=aj.dino.bone.tail_0] run data modify entity @s {} merge value {transformation:[0.3949594663934314f,0.057606667696929466f,-1.2142998840183998f,-0.2992973153699826f,-0.08169885667383112f,1.2751511375507016f,0.03392034500661368f,0.47939786682109325f,1.2129171584689666f,0.06713244241076331f,0.3976945039242568f,-0.17549999478410022f,0f,0f,0f,1f],start_interpolation:0}
execute if entity @s[tag=aj.dino.bone.body_1] run data modify entity @s {} merge value {transformation:[-0.28582544575389607f,-0.29451334750653696f,-1.166263391244161f,-0.008319849686695996f,-0.3287179966234366f,1.1722314332699622f,-0.2154589070007893f,0.45053093883574197f,1.1570881074108883f,0.2602689955615041f,-0.34930181318445064f,-0.11182318000625836f,0f,0f,0f,1f],start_interpolation:0}