execute if entity @s[tag=aj.dino.bone.head_lower] run data modify entity @s {} merge value {transformation:[-0.8452576549531549f,0.058999916258425045f,-0.5310918062111222f,-0.6882351038915757f,-0.10812704735879217f,0.9544411466736313f,0.2781198287893065f,0.15216395112132028f,0.5233049191174901f,0.29250830316047866f,-0.8003691986887144f,0.07129611255350451f,0f,0f,0f,1f],start_interpolation:0}
execute if entity @s[tag=aj.dino.bone.head_upper] run data modify entity @s {} merge value {transformation:[-0.8798283408500495f,0.2682906709369649f,-0.4872311044142703f,-0.7160722603896789f,-0.11254939854283037f,0.8070685593422363f,0.6476456716387452f,0.21489851009926617f,0.5447078722656792f,0.6001103223516052f,-0.6531713997737165f,0.039912608610515446f,0f,0f,0f,1f],start_interpolation:0}
execute if entity @s[tag=aj.dino.bone.neck_0] run data modify entity @s {} merge value {transformation:[-0.9499276468182548f,-0.29362109227103844f,0.10688367501117829f,-0.7040879953185804f,-0.2737130575395996f,0.9469108032497696f,0.1686448719089904f,0.21052170946325396f,-0.15072699805494927f,0.1309449688320948f,-0.9798646780014602f,-0.025524057420045265f,0f,0f,0f,1f],start_interpolation:0}
execute if entity @s[tag=aj.dino.bone.neck_1] run data modify entity @s {} merge value {transformation:[-0.894298542987343f,-0.2933241830044568f,0.3379216472430898f,-0.6768129044210492f,-0.10790149757911563f,0.8742576067693145f,0.4733190296472081f,0.254645639098822f,-0.4342664882660179f,0.3868262667797503f,-0.813497422551751f,-0.09265590600607856f,0f,0f,0f,1f],start_interpolation:0}
execute if entity @s[tag=aj.dino.bone.neck_2] run data modify entity @s {} merge value {transformation:[-0.6666737528353119f,-0.3866160408721768f,0.6372394716437491f,-0.6247711600841837f,-0.025711091781091933f,0.8663736318928932f,0.49873406713412105f,0.3068208232250259f,-0.7449060659169756f,0.316108789661156f,-0.5875288810425012f,-0.14103293983323326f,0f,0f,0f,1f],start_interpolation:0}
execute if entity @s[tag=aj.dino.bone.body_0] run data modify entity @s {} merge value {transformation:[-0.4242272454765811f,-0.12210374925244177f,0.8972858622612134f,-0.20304688886377337f,0.13736118150696805f,0.9707249908994345f,0.19704034576274598f,0.40893256822626717f,-0.8950771754493366f,0.2068421293203817f,-0.39503567374080034f,-0.32524134164905766f,0f,0f,0f,1f],start_interpolation:0}
execute if entity @s[tag=aj.dino.bone.leg_left_3] run data modify entity @s {} merge value {transformation:[0.01550295678163946f,-0.031496542980234465f,0.999383623095416f,0.014440968955876834f,-0.045292169494318316f,0.998455666195816f,0.032169893129560284f,0.016656924341922064f,-0.9988534816045463f,-0.04576298090994117f,0.014052468278270974f,0.04016663847269754f,0f,0f,0f,1f],start_interpolation:0}
execute if entity @s[tag=aj.dino.bone.leg_left_2] run data modify entity @s {} merge value {transformation:[0.2804714515211449f,-0.1755131747256151f,0.9708723344910245f,0.003968523882078301f,-0.21549521280729597f,0.9740716731682768f,0.23834510334593909f,0.25074323374856194f,-0.9627875038862179f,-0.2691499591855512f,0.22947923943497786f,-0.016973537485823587f,0f,0f,0f,1f],start_interpolation:0}
execute if entity @s[tag=aj.dino.bone.leg_left_1] run data modify entity @s {} merge value {transformation:[0.29158893331740793f,-0.9460083419746094f,-0.14157722585665578f,-0.2513308305769958f,0.1865018096156719f,-0.08894231519492046f,0.9784203286818233f,0.1709743408982734f,-0.938185999137109f,-0.31170094879903354f,0.15049767287531848f,-0.09095021628383962f,0f,0f,0f,1f],start_interpolation:0}
execute if entity @s[tag=aj.dino.bone.leg_left_0] run data modify entity @s {} merge value {transformation:[0.2652487726306276f,0.4715114166964329f,0.8410232294906415f,-0.10382270471854704f,0.13696070447304848f,0.8449969920457867f,-0.5169350528488266f,0.5607545580367095f,-0.9544028782690209f,0.2523035222871365f,0.15955587921888859f,-0.1158502905346275f,0f,0f,0f,1f],start_interpolation:0}
execute if entity @s[tag=aj.dino.bone.leg_right_3] run data modify entity @s {} merge value {transformation:[0.4864176551412352f,0.006507987831113282f,0.8737021865952341f,-0.11613337232383585f,0.007265418653873198f,0.9999075586419692f,-0.01149294837895215f,0.019053694012352573f,-0.8736962163467841f,0.011938185165567966f,0.48632540677643626f,-0.7056817441772905f,0f,0f,0f,1f],start_interpolation:0}
execute if entity @s[tag=aj.dino.bone.leg_right_2] run data modify entity @s {} merge value {transformation:[0.5108439335783957f,0.17329448226231203f,0.8723930865408575f,-0.049570338367971395f,0.260615432921954f,0.9327242673380827f,-0.33788642580345557f,0.22562384935584934f,-0.8504000653514489f,0.38994443583255395f,0.4205059634704093f,-0.6004714523899862f,0f,0f,0f,1f],start_interpolation:0}
execute if entity @s[tag=aj.dino.bone.leg_right_1] run data modify entity @s {} merge value {transformation:[0.3225889997147161f,-0.8530146372416628f,0.4102467134719474f,-0.29664114430905053f,-0.08295546958361834f,0.40627135860805896f,0.9099791059364626f,0.2860810921285535f,-0.9428969865946228f,-0.32758145830653673f,0.0602964413920305f,-0.7114413776297268f,0f,0f,0f,1f],start_interpolation:0}
execute if entity @s[tag=aj.dino.bone.leg_right_0] run data modify entity @s {} merge value {transformation:[0.37024329032283865f,0.8122653824531834f,0.45071593541731203f,-0.057460720634911144f,-0.05294219123449549f,0.5028587377416083f,-0.8627457413770334f,0.5599085573585201f,-0.9274249459434485f,0.29556393275415177f,0.22918318284003952f,-0.5062134000505386f,0f,0f,0f,1f],start_interpolation:0}
execute if entity @s[tag=aj.dino.bone.tail_4] run data modify entity @s {} merge value {transformation:[0.6063969486676087f,-0.8756251170572744f,-2.5477882028585204f,-0.17206349804356635f,-2.579454019143334f,-0.9423003126501958f,-0.29008346299754234f,0.1650244374194861f,-0.7774066087781327f,2.443565449657074f,-1.0248356890108314f,0.4179209907231517f,0f,0f,0f,1f],start_interpolation:0}
execute if entity @s[tag=aj.dino.bone.tail_3] run data modify entity @s {} merge value {transformation:[0.8071748965154475f,0.0813372990529895f,-1.917758706475475f,0.15232156014870907f,-1.8103052984851273f,-0.6593753380788787f,-0.7899141825885172f,0.3054171975319597f,-0.638129249256291f,1.9734624225863975f,-0.1848855157319627f,0.42995886280924966f,0f,0f,0f,1f],start_interpolation:0}
execute if entity @s[tag=aj.dino.bone.tail_2] run data modify entity @s {} merge value {transformation:[1.1240032962171485f,0.6705070544396223f,-1.451141190595341f,0.42307622569873327f,-1.5278757666196372f,-0.07106027774745585f,-1.2162729766403955f,0.5303729982934425f,-0.4700915941305682f,1.8341604624121446f,0.48336649268916587f,0.34019092445821447f,0f,0f,0f,1f],start_interpolation:0}
execute if entity @s[tag=aj.dino.bone.tail_1] run data modify entity @s {} merge value {transformation:[1.3886246375749673f,0.5484483493291887f,-0.2420377533317463f,0.46712918234329975f,-0.5991629186100567f,1.2498376051333928f,-0.605446948755302f,0.6459528765272174f,-0.0195361941654365f,0.6517412208173692f,1.3647373257169366f,0.03856647956495679f,0f,0f,0f,1f],start_interpolation:0}
execute if entity @s[tag=aj.dino.bone.tail_0] run data modify entity @s {} merge value {transformation:[1.063664305954763f,-0.05695299020992f,0.7065481708475004f,0.25928500800770593f,0.08593164821541587f,1.275046909994494f,-0.026586570529171082f,0.6844912436001238f,-0.7036119048572032f,0.06962363681731452f,1.064856118507837f,-0.2709290854418627f,0f,0f,0f,1f],start_interpolation:0}
execute if entity @s[tag=aj.dino.bone.body_1] run data modify entity @s {} merge value {transformation:[0.14581367782737473f,-0.4392987062166776f,1.1464552381715816f,0.022340109757131493f,-0.002660767712372226f,1.1543967292680528f,0.4426801405378981f,0.5038175f,-1.2277360818717862f,-0.05467570966915339f,0.13520086944446433f,-0.2986785966731068f,0f,0f,0f,1f],start_interpolation:0}