execute if entity @s[tag=aj.dino.bone.head_lower] run data modify entity @s {} merge value {transformation:[-0.9680074354986987f,-0.22644074268658432f,-0.10810270519640539f,0.03917897322963486f,-0.2266429704937358f,0.9739204950436566f,-0.010575124571083339f,0.4085152392922637f,0.10767807922232082f,0.014263919007988457f,-0.9940834833501284f,0.7913185037667586f,0f,0f,0f,1f],start_interpolation:0}
execute if entity @s[tag=aj.dino.bone.head_upper] run data modify entity @s {} merge value {transformation:[-1.0075985362741642f,-0.09545693693753549f,-0.24311541594924144f,0.019962989258365357f,-0.2359125735523586f,0.7484036844426403f,0.6838926270520034f,0.472392968166432f,0.11208206779664741f,0.7171135481126342f,-0.7460949750368537f,0.7560220704385735f,0f,0f,0f,1f],start_interpolation:0}
execute if entity @s[tag=aj.dino.bone.neck_0] run data modify entity @s {} merge value {transformation:[-0.9897949742272297f,-0.13660398869906823f,0.040561795645935136f,0.025122957388310226f,-0.13296337866614646f,0.9877320380669743f,0.08189115281728485f,0.46169842446984233f,-0.05125084319502169f,0.07566221809837329f,-0.9958155350386102f,0.6904191915511605f,0f,0f,0f,1f],start_interpolation:0}
execute if entity @s[tag=aj.dino.bone.neck_1] run data modify entity @s {} merge value {transformation:[-0.9993964453638098f,-0.028196102423657506f,0.020291002988920684f,0.02671197574153305f,-0.02268110390160389f,0.9720580719897949f,0.23364218841058482f,0.48596913441233974f,-0.02631183231906175f,0.2330409502375005f,-0.9721109005624906f,0.6091422298455731f,0f,0f,0f,1f],start_interpolation:0}
execute if entity @s[tag=aj.dino.bone.neck_2] run data modify entity @s {} merge value {transformation:[-0.9997991398157475f,0.014717227339685092f,-0.013604530242657814f,0.02566420771222201f,0.009850902242033558f,0.9520050119545391f,0.3059238744172407f,0.5220910843105157f,0.017453932184733133f,0.30572840959398884f,-0.9519587700202257f,0.5287367741112072f,0f,0f,0f,1f],start_interpolation:0}
execute if entity @s[tag=aj.dino.bone.body_0] run data modify entity @s {} merge value {transformation:[-0.9993396291275898f,0.011315445147679242f,-0.034529210188496806f,0.00949851419425975f,0.008068946754141323f,0.9956564798023736f,0.09275271600241398f,0.5752899640804857f,0.03542877013685856f,0.09241285045195549f,-0.9950902809885814f,0.06063480418646047f,0f,0f,0f,1f],start_interpolation:0}
execute if entity @s[tag=aj.dino.bone.leg_left_3] run data modify entity @s {} merge value {transformation:[-0.9903528680390011f,0.005561268210302693f,-0.1384567407633802f,0.22807361602260234f,0.004921033440981487f,0.9999755609623431f,0.00496597502206636f,0.027935040620595125f,0.13848097413290208f,0.004236717354287434f,-0.9903560319548026f,-0.145733042128582f,0f,0f,0f,1f],start_interpolation:0}
execute if entity @s[tag=aj.dino.bone.leg_left_2] run data modify entity @s {} merge value {transformation:[-1.0161307549737932f,-0.07678139075076526f,-0.11681226961009637f,0.20498955978328007f,-0.034664707746652985f,0.9687541610832182f,-0.3352251973248483f,0.24333649081161063f,0.13542099665089846f,-0.3281496501887861f,-0.962310324296559f,-0.25175385927862526f,0f,0f,0f,1f],start_interpolation:0}
execute if entity @s[tag=aj.dino.bone.leg_left_1] run data modify entity @s {} merge value {transformation:[-0.9505557825258125f,0.054339351924104856f,0.3057628805777583f,0.22246625952763527f,0.30051647006322374f,0.40924278369726297f,0.8615162187750467f,0.30283840342305546f,-0.07831701939859427f,0.9108060050439845f,-0.4053379647261489f,0.01874100762533501f,0f,0f,0f,1f],start_interpolation:0}
execute if entity @s[tag=aj.dino.bone.leg_left_0] run data modify entity @s {} merge value {transformation:[-0.969239853112375f,0.24228402976331045f,-0.04327304080317105f,0.20841857012601175f,0.23770331296835384f,0.8759368875396107f,-0.41979959987032867f,0.7085731058768615f,-0.06380628607410432f,-0.41717264767607964f,-0.9065846567686654f,-0.07867199054046442f,0f,0f,0f,1f],start_interpolation:0}
execute if entity @s[tag=aj.dino.bone.leg_right_3] run data modify entity @s {} merge value {transformation:[-0.979096349259489f,0.05695278316750532f,0.19526064466813564f,-0.22337033991534985f,0.07343644568900237f,0.9942260366797466f,0.07824114283833668f,0.06743681975771687f,-0.18967716602508325f,0.09094486504227707f,-0.9776254928197886f,-0.2325367751787642f,0f,0f,0f,1f],start_interpolation:0}
execute if entity @s[tag=aj.dino.bone.leg_right_2] run data modify entity @s {} merge value {transformation:[-1.0055562927933135f,0.12262189756239365f,0.16088073769926647f,-0.18825542003417065f,0.10299652074832588f,1.0124660291476721f,-0.12793145053652283f,0.29932773970885274f,-0.17409898976789612f,-0.10926394446859823f,-1.0048945873581243f,-0.288791692403571f,0f,0f,0f,1f],start_interpolation:0}
execute if entity @s[tag=aj.dino.bone.leg_right_1] run data modify entity @s {} merge value {transformation:[-0.9619604458219495f,-0.08049513637774407f,-0.2610605939117673f,-0.21543580169496174f,-0.27194269240517355f,0.19098202706530398f,0.9431717963263389f,0.29577338440780543f,-0.026062860960789063f,0.9782874824700335f,-0.20560722001180448f,-0.012635977143261187f,0f,0f,0f,1f],start_interpolation:0}
execute if entity @s[tag=aj.dino.bone.leg_right_0] run data modify entity @s {} merge value {transformation:[-0.9744053908556887f,-0.18277640308465545f,0.13086986187357377f,-0.18455378664712882f,-0.21949409891228175f,0.8992815455273266f,-0.3783054882190691f,0.7051787905172344f,-0.04854353524474925f,-0.3973480695176689f,-0.9163831277563569f,-0.08840399915394863f,0f,0f,0f,1f],start_interpolation:0}
execute if entity @s[tag=aj.dino.bone.tail_4] run data modify entity @s {} merge value {transformation:[-2.659833736639054f,-0.11785620462759838f,-0.7328408695395626f,-0.08970851198881426f,-0.17192498529501138f,2.75010535399738f,0.1817241672047417f,0.656613053201345f,0.7220717585309887f,0.2206621592972487f,-2.656234537571229f,-1.8379986099819732f,0f,0f,0f,1f],start_interpolation:0}
execute if entity @s[tag=aj.dino.bone.tail_3] run data modify entity @s {} merge value {transformation:[-2.0322273311288757f,-0.059230255322388924f,-0.44998819708043086f,-0.012827528137316732f,-0.022675334071475817f,2.075157689022432f,-0.17073933630031074f,0.6652570879961938f,0.4533028015377789f,-0.16173394383977757f,-2.025908247570081f,-1.4928967432538187f,0f,0f,0f,1f],start_interpolation:0}
execute if entity @s[tag=aj.dino.bone.tail_2] run data modify entity @s {} merge value {transformation:[-1.9391968261680208f,-0.04843763500080609f,-0.23652344471147269f,0.02969620836642614f,-0.001756361326380353f,1.9172155422763595f,-0.3782265916770427f,0.7360234935351943f,0.2414258883747631f,-0.37511629526357554f,-1.902570676861431f,-1.1391237487361612f,0f,0f,0f,1f],start_interpolation:0}
execute if entity @s[tag=aj.dino.bone.tail_1] run data modify entity @s {} merge value {transformation:[-1.5116875553650164f,0.03035993264536576f,-0.0391823869144073f,0.03920092587174627f,0.034825497444765034f,1.5013078977566734f,-0.1803275654501068f,0.7564427642870831f,0.035272789544720226f,-0.18113288112103437f,-1.5012005061598293f,-0.8139016850228682f,0f,0f,0f,1f],start_interpolation:0}
execute if entity @s[tag=aj.dino.bone.tail_0] run data modify entity @s {} merge value {transformation:[-1.2764872393095892f,0.008432630268517614f,0.06591612253892079f,0.020142197222439547f,0.009861516696668423f,1.2778820894314786f,0.027492409547136915f,0.7792464143994975f,-0.06571753915244295f,0.027963777302443486f,-1.2762190050264706f,-0.44028601390533606f,0f,0f,0f,1f],start_interpolation:0}
execute if entity @s[tag=aj.dino.bone.body_1] run data modify entity @s {} merge value {transformation:[-1.2359424592833155f,-0.01704806973768637f,0.027571646943546146f,0.01488048400368289f,-0.010675505288995203f,1.2069795158784065f,0.26775189428462004f,0.6356992138671875f,-0.030608266592298407f,0.267421776645801f,-1.2067117810181802f,-0.17775518257238274f,0f,0f,0f,1f],start_interpolation:0}