execute if entity @s[tag=aj.dino.bone.head_lower] run data modify entity @s {} merge value {transformation:[-0.9114605131089049f,-0.3680361926326512f,-0.18381810018524794f,0.08057521959444297f,-0.3656135721635905f,0.9295194434678582f,-0.04816970069434029f,0.3956334844661852f,0.18859069142731f,0.02330161212588744f,-0.9817792959618286f,0.7506477813226659f,0f,0f,0f,1f],start_interpolation:0}
execute if entity @s[tag=aj.dino.bone.head_upper] run data modify entity @s {} merge value {transformation:[-0.9487388683198453f,-0.17000158979288002f,-0.3930215792937833f,0.049369490902611786f,-0.38056701492609296f,0.772702341311211f,0.5844414268906023f,0.4531560246491972f,0.19630397212723225f,0.6763893063787847f,-0.7664425610096327f,0.7130603318281543f,0f,0f,0f,1f],start_interpolation:0}
execute if entity @s[tag=aj.dino.bone.neck_0] run data modify entity @s {} merge value {transformation:[-0.9624922448749236f,-0.25115438979928545f,0.10261652420628281f,0.060392579731321415f,-0.2472827388932298f,0.967700485565092f,0.049061362420424054f,0.44070073424922934f,-0.11162403684284511f,0.02184588569122317f,-0.9935103581127239f,0.6484995580717646f,0f,0f,0f,1f],start_interpolation:0}
execute if entity @s[tag=aj.dino.bone.neck_1] run data modify entity @s {} merge value {transformation:[-0.9977335393647465f,-0.048947212581352574f,0.046173096140626826f,0.06407855330635863f,-0.03518504048737069f,0.9644110432066956f,0.2620560105528498f,0.46734323895286706f,-0.05735675507381652f,0.259837468663565f,-0.9639474531974825f,0.5680375957140642f,0f,0f,0f,1f],start_interpolation:0}
execute if entity @s[tag=aj.dino.bone.neck_2] run data modify entity @s {} merge value {transformation:[-0.9988450473180217f,0.036113436992705014f,-0.03169213020345528f,0.06165565812861612f,0.024295337044750395f,0.9486785245489596f,0.31530745893094725f,0.5042546928405722f,0.041452479372660146f,0.31417332275064813f,-0.9484602338662788f,0.48802131896367973f,0f,0f,0f,1f],start_interpolation:0}
execute if entity @s[tag=aj.dino.bone.body_0] run data modify entity @s {} merge value {transformation:[-0.9962671111261828f,0.02800145057183317f,-0.0816563656683485f,0.023438068019004655f,0.019480610191212794f,0.9944553881263679f,0.10333918353177025f,0.5624314931582961f,0.08409725985350458f,0.10136271401411891f,-0.9912886820159019f,0.021796287016519728f,0f,0f,0f,1f],start_interpolation:0}
execute if entity @s[tag=aj.dino.bone.leg_left_3] run data modify entity @s {} merge value {transformation:[-0.9959395699807233f,-0.0022818674523101545f,-0.08999536670041244f,0.29805677527711627f,-0.0014792389121084347f,0.9999585467505869f,-0.008984243579531037f,0.020748194072716497f,0.09001213695303831f,-0.008814639038867755f,-0.9959016604764562f,-0.1716094133520725f,0f,0f,0f,1f],start_interpolation:0}
execute if entity @s[tag=aj.dino.bone.leg_left_2] run data modify entity @s {} merge value {transformation:[-1.017639987149618f,-0.12074208310308485f,-0.04350178643167548f,0.26698882638605637f,-0.09933524009643833f,0.9611664947048791f,-0.34402569530837973f,0.23400866698186112f,0.08126232909412806f,-0.3371090599870596f,-0.9653062286370755f,-0.2798952633616013f,0f,0f,0f,1f],start_interpolation:0}
execute if entity @s[tag=aj.dino.bone.leg_left_1] run data modify entity @s {} merge value {transformation:[-0.9622305052965409f,-0.020718165774382805f,0.27144651827516364f,0.26612726469001236f,0.23890737667112957f,0.4137858499977705f,0.8784671511865099f,0.29507275844781145f,-0.1305209563590558f,0.910138466360239f,-0.39320764489331805f,-0.009185418500636602f,0f,0f,0f,1f],start_interpolation:0}
execute if entity @s[tag=aj.dino.bone.leg_left_0] run data modify entity @s {} merge value {transformation:[-0.9789130382677417f,0.19756534559065475f,0.051934552381473126f,0.22564631774260022f,0.15756693440504313f,0.8920648674346383f,-0.42354802970975813f,0.6981270680816825f,-0.13000740244930536f,-0.4064335204070483f,-0.9043836955617442f,-0.11025863445945323f,0f,0f,0f,1f],start_interpolation:0}
execute if entity @s[tag=aj.dino.bone.leg_right_3] run data modify entity @s {} merge value {transformation:[-0.9587553479687002f,0.1295206971461543f,0.2530070587003269f,-0.2590587562292032f,0.17195989264895983f,0.9730725325298003f,0.15349150385672622f,0.1285960134264142f,-0.22631389277190805f,0.19066786684393192f,-0.955210859701464f,-0.35791278498048046f,0f,0f,0f,1f],start_interpolation:0}
execute if entity @s[tag=aj.dino.bone.leg_right_2] run data modify entity @s {} merge value {transformation:[-0.9848388391829657f,0.20227050339977284f,0.20307955040290374f,-0.20410587025289495f,0.23007489546113036f,0.9912796287814516f,0.12842289337245222f,0.36327376505426223f,-0.17093917870398517f,0.16885952895233589f,-0.9971601958395134f,-0.3491033990887983f,0f,0f,0f,1f],start_interpolation:0}
execute if entity @s[tag=aj.dino.bone.leg_right_1] run data modify entity @s {} merge value {transformation:[-0.9774586597689492f,-0.10023144161636849f,-0.18581772400445046f,-0.24094724556374175f,-0.17643643425828207f,-0.09557018412548685f,0.9796614336455445f,0.28183892202441274f,-0.11595151188713544f,0.9903635686038361f,0.07573142592981086f,-0.08637832402805205f,0f,0f,0f,1f],start_interpolation:0}
execute if entity @s[tag=aj.dino.bone.leg_right_0] run data modify entity @s {} merge value {transformation:[-0.9831730466035264f,-0.06663421968418848f,0.17009009729969385f,-0.1666373423302179f,-0.121899603524179f,0.9327863755061093f,-0.33919030695293095f,0.6898673321177283f,-0.136056043941414f,-0.35421668288952f,-0.9252131075972483f,-0.13431717468801763f,0f,0f,0f,1f],start_interpolation:0}
execute if entity @s[tag=aj.dino.bone.tail_4] run data modify entity @s {} merge value {transformation:[-2.1346145564832506f,-0.3278833933345353f,-1.7209225744423389f,-0.2201546668804838f,-0.45205243549286983f,2.723888264741484f,0.04174504004778286f,0.6731678604493846f,1.6925515124848578f,0.3139849250824899f,-2.159246205509265f,-1.8176154834404141f,0f,0f,0f,1f],start_interpolation:0}
execute if entity @s[tag=aj.dino.bone.tail_3] run data modify entity @s {} merge value {transformation:[-1.7689208813890844f,-0.16395864834865922f,-1.0862697653261784f,-0.034358992740463515f,-0.08553754743142669f,2.0732769132394764f,-0.17364243447973216f,0.6823225582815683f,1.095238681479761f,-0.10288794246320779f,-1.7679965576693313f,-1.5168217627392957f,0f,0f,0f,1f],start_interpolation:0}
execute if entity @s[tag=aj.dino.bone.tail_2] run data modify entity @s {} merge value {transformation:[-1.858969067674809f,-0.11766292484324302f,-0.5909004286242835f,0.07408550272269378f,-0.022678579464401362f,1.92884847789403f,-0.31273488190820253f,0.7409014952783289f,0.6020743828336373f,-0.29064215187407666f,-1.8362482000242442f,-1.1750911912166246f,0f,0f,0f,1f],start_interpolation:0}
execute if entity @s[tag=aj.dino.bone.tail_1] run data modify entity @s {} merge value {transformation:[-1.5075280981482828f,0.0656521700806499f,-0.10346533650031448f,0.09698780880016787f,0.07567617742472253f,1.5032630825246522f,-0.14875977577579008f,0.7544648021891649f,0.09637634286381581f,-0.15344753918581688f,-1.501606374271904f,-0.8501785905363737f,0f,0f,0f,1f],start_interpolation:0}
execute if entity @s[tag=aj.dino.bone.tail_0] run data modify entity @s {} merge value {transformation:[-1.2677355255239056f,0.015246650019379592f,0.16263423247226014f,0.049830234925019f,0.02364827063661105f,1.2763591499501254f,0.06468227128447591f,0.7663639590865584f,-0.16162646195642658f,0.06716082627400811f,-1.2661761436678816f,-0.47855178231053763f,0f,0f,0f,1f],start_interpolation:0}
execute if entity @s[tag=aj.dino.bone.body_1] run data modify entity @s {} merge value {transformation:[-1.233776430353224f,-0.04170642733164079f,0.0682707029430423f,0.03676747666119189f,-0.025977802775103687f,1.2067508618320102f,0.2677351420470022f,0.6228360546875f,-0.07566682710464588f,0.26573958388463925f,-1.2050981702288759f,-0.21628278526287512f,0f,0f,0f,1f],start_interpolation:0}