execute if entity @s[tag=aj.dino.bone.head_lower] run data modify entity @s {} merge value {transformation:[-0.8912701496960589f,-0.121614763448154f,-0.43686081258475723f,-0.609164747715214f,-0.2553973673561908f,0.9306681125908313f,0.2619714659159403f,0.15105113322771344f,0.3747128300556196f,0.3450604490782294f,-0.8605367984424832f,0.16766338803178585f,0f,0f,0f,1f],start_interpolation:0}
execute if entity @s[tag=aj.dino.bone.head_upper] run data modify entity @s {} merge value {transformation:[-0.9277227274560654f,0.05706420156325775f,-0.4685575316275837f,-0.6404724996244768f,-0.26584301326548926f,0.7906393035502977f,0.6226467108745795f,0.21164582839277307f,0.39003842867454863f,0.6746147872415451f,-0.6900991635813225f,0.1353591455853453f,0f,0f,0f,1f],start_interpolation:0}
execute if entity @s[tag=aj.dino.bone.neck_0] run data modify entity @s {} merge value {transformation:[-0.9283490237507078f,-0.37159130996216033f,0.00938021650674098f,-0.6335343607645535f,-0.36345648105575845f,0.9127356919989538f,0.1865822685298794f,0.2090126179325442f,-0.07789400798310969f,0.16980416635582482f,-0.9823945585194018f,0.06910460094024604f,0f,0f,0f,1f],start_interpolation:0}
execute if entity @s[tag=aj.dino.bone.neck_1] run data modify entity @s {} merge value {transformation:[-0.9723911601697122f,-0.19764301823575023f,0.12406719536792926f,-0.6239347576145855f,-0.11791710071188287f,0.8749505126175164f,0.46963513266156826f,0.25282766527291f,-0.20137276127496656f,0.4420394075339981f,-0.8740996357415367f,-0.0029066904691979895f,0f,0f,0f,1f],start_interpolation:0}
execute if entity @s[tag=aj.dino.bone.neck_2] run data modify entity @s {} merge value {transformation:[-0.8142085665696578f,-0.3042307136179839f,0.4944775859592375f,-0.5835934213331777f,-0.022348166371908895f,0.8674992303233701f,0.4969362583351853f,0.30485636817689454f,-0.5801421977277609f,0.3935590912173835f,-0.7131243034252519f,-0.06152853840407557f,0f,0f,0f,1f],start_interpolation:0}
execute if entity @s[tag=aj.dino.bone.body_0] run data modify entity @s {} merge value {transformation:[-0.6508175965250533f,-0.0809162774261808f,0.7549099364168165f,-0.22857802790002485f,0.11242294059498403f,0.973072919627802f,0.20122170736528852f,0.4089611401773567f,-0.7508645273824897f,0.2158278228924957f,-0.6241961329455319f,-0.3536538053279765f,0f,0f,0f,1f],start_interpolation:0}
execute if entity @s[tag=aj.dino.bone.leg_left_3] run data modify entity @s {} merge value {transformation:[0.20493575107328493f,0.037264395216010146f,0.978065796754601f,-0.049322834155859904f,-0.05070802408583839f,0.9983372623164447f,-0.027411803366724732f,0.010615298201168077f,-0.9774610141715826f,-0.043978125468134226f,0.20648460052742504f,0.07021950353896067f,0f,0f,0f,1f],start_interpolation:0}
execute if entity @s[tag=aj.dino.bone.leg_left_2] run data modify entity @s {} merge value {transformation:[0.42886937129168606f,0.029792742173902372f,0.9312602506186584f,-0.012932737600161254f,-0.25932067894959554f,0.9884867654836407f,0.08780033845894203f,0.2433412472752747f,-0.8949223694475901f,-0.27215529845686165f,0.4208415921517998f,0.01839802569204023f,0f,0f,0f,1f],start_interpolation:0}
execute if entity @s[tag=aj.dino.bone.leg_left_1] run data modify entity @s {} merge value {transformation:[0.45037195662770385f,-0.883483697001411f,-0.1289250084973887f,-0.25507938922670736f,0.14277867644831532f,-0.07127389737319739f,0.9871850288091396f,0.16877823810595016f,-0.8813508667012252f,-0.4630081950526934f,0.09404286830507685f,-0.09482185961717968f,0f,0f,0f,1f],start_interpolation:0}
execute if entity @s[tag=aj.dino.bone.leg_left_0] run data modify entity @s {} merge value {transformation:[0.43549223024785355f,0.28037005794119124f,0.8554175284642017f,-0.16399619437393845f,0.08819710242437154f,0.9323996822256105f,-0.35050264436880557f,0.573656935438128f,-0.8958614784204616f,0.22808652567750137f,0.38132499037785494f,-0.14047676763881858f,0f,0f,0f,1f],start_interpolation:0}
execute if entity @s[tag=aj.dino.bone.leg_right_3] run data modify entity @s {} merge value {transformation:[0.6635256615082351f,-0.14862179556229163f,0.733242973647821f,-0.03134968576087803f,0.12309828614451435f,0.988400442054349f,0.08894592792843606f,0.013047016807803596f,-0.7379569828034303f,0.031243047716374928f,0.6741241454665824f,-0.6870242760528569f,0f,0f,0f,1f],start_interpolation:0}
execute if entity @s[tag=aj.dino.bone.leg_right_2] run data modify entity @s {} merge value {transformation:[0.6725203091618761f,-0.030892099899427778f,0.7738373934033638f,-0.01567888122173844f,0.25477411417831297f,0.9766639106796198f,-0.18242794693067613f,0.2346728646281064f,-0.7313472390117877f,0.3118260464433488f,0.6480416130543161f,-0.5931760926445262f,0f,0f,0f,1f],start_interpolation:0}
execute if entity @s[tag=aj.dino.bone.leg_right_1] run data modify entity @s {} merge value {transformation:[0.550251088290259f,-0.7741740691203027f,0.3128549992202424f,-0.23163184448422858f,-0.11477458750471976f,0.3009955323903465f,0.9466934475025022f,0.2639490666687981f,-0.8270734755138186f,-0.5568269032498017f,0.07676760982816089f,-0.7649917127492994f,0f,0f,0f,1f],start_interpolation:0}
execute if entity @s[tag=aj.dino.bone.leg_right_0] run data modify entity @s {} merge value {transformation:[0.5925290537491272f,0.7125515974439294f,0.3757386610974016f,-0.05134509083612375f,-0.08391153557885893f,0.5184968009174908f,-0.8509523615544677f,0.5465574687819698f,-0.8011667583343443f,0.47268518954842653f,0.3670157175402795f,-0.5161213527653904f,0f,0f,0f,1f],start_interpolation:0}
execute if entity @s[tag=aj.dino.bone.tail_4] run data modify entity @s {} merge value {transformation:[0.8564920868895529f,-0.9923806897076328f,-2.4304862072003166f,-0.1314801346868193f,-2.552659155270832f,-0.9119566505363818f,-0.5271884256643616f,0.21080921289073362f,-0.6131997013270493f,2.410223426539096f,-1.2001960223457462f,0.6246379957666734f,0f,0f,0f,1f],start_interpolation:0}
execute if entity @s[tag=aj.dino.bone.tail_3] run data modify entity @s {} merge value {transformation:[0.7672025233005249f,0.45448853246468474f,-1.8816976346224834f,0.1831387205581383f,-1.8282915283608574f,-0.4950498706439651f,-0.8649978259763194f,0.3623253305664039f,-0.6361571359417988f,1.970865628468347f,0.21665248430801892f,0.5686152732015347f,0f,0f,0f,1f],start_interpolation:0}
execute if entity @s[tag=aj.dino.bone.tail_2] run data modify entity @s {} merge value {transformation:[1.0212603359205266f,1.0773328776061128f,-1.2708875135538955f,0.42040545385618033f,-1.5685358292438427f,0.11916803724984686f,-1.1594258088722742f,0.5767285664987928f,-0.5616907989780504f,1.626015597935557f,0.9270116485872475f,0.39625740810412524f,0f,0f,0f,1f],start_interpolation:0}
execute if entity @s[tag=aj.dino.bone.tail_1] run data modify entity @s {} merge value {transformation:[1.3843939889851515f,0.6091875773882124f,0.00016975765387902203f,0.4115996239787453f,-0.5715107078604219f,1.29891818582887f,-0.5233003987423648f,0.6740050461398099f,-0.21091477914707665f,0.47891365827142407f,1.419088761796957f,0.08523261670053214f,0f,0f,0f,1f],start_interpolation:0}
execute if entity @s[tag=aj.dino.bone.tail_0] run data modify entity @s {} merge value {transformation:[1.1035183174374137f,-0.03343423950390902f,0.6441779189734171f,0.2225490362097959f,-0.002352707454092171f,1.2762805395072165f,0.07027208426418072f,0.684268832755173f,-0.6450406998258038f,-0.06185347757395636f,1.1017859862352f,-0.23822749096239168f,0f,0f,0f,1f],start_interpolation:0}
execute if entity @s[tag=aj.dino.bone.body_1] run data modify entity @s {} merge value {transformation:[0.35430044772305064f,-0.4021348921895936f,1.1141648514843572f,-0.009392046059788686f,-0.08523088427722121f,1.1512684943421019f,0.4426298062228108f,0.5038175f,-1.1814446597978336f,-0.20364915289581748f,0.3021922126995452f,-0.29476573173380993f,0f,0f,0f,1f],start_interpolation:0}