execute if entity @s[tag=aj.dino.bone.head_lower] run data modify entity @s {} merge value {transformation:[-0.9312386601477143f,-0.021357534202327236f,-0.36378347073373984f,-0.6187176146127368f,-0.14416129836938912f,0.9384346774256169f,0.31393928753427836f,0.1531754205767538f,0.3346820549398208f,0.344795898957448f,-0.8769855815025602f,0.1762463010414574f,0f,0f,0f,1f],start_interpolation:0}
execute if entity @s[tag=aj.dino.bone.head_upper] run data modify entity @s {} merge value {transformation:[-0.9693259333316475f,0.12436888736621539f,-0.3583455837728807f,-0.6409292510889857f,-0.1500574354054895f,0.7774075399551604f,0.6757160834876583f,0.21716740587806965f,0.3483704115360033f,0.6809125048489433f,-0.7060227756171047f,0.1429728053723815f,0f,0f,0f,1f],start_interpolation:0}
execute if entity @s[tag=aj.dino.bone.neck_0] run data modify entity @s {} merge value {transformation:[-0.9579796675446143f,-0.2866043775819852f,0.011527676346634486f,-0.6352221763105802f,-0.27763401474301813f,0.9365952871862508f,0.21379574803577792f,0.21587885267690815f,-0.07207156463393544f,0.20161150456099242f,-0.9768103658335476f,0.07656117098187466f,0f,0f,0f,1f],start_interpolation:0}
execute if entity @s[tag=aj.dino.bone.neck_1] run data modify entity @s {} merge value {transformation:[-0.9709458226559542f,-0.155699503658565f,0.18171921755122222f,-0.6205454616701784f,-0.047362648310777494f,0.8693938310100341f,0.49184463618777596f,0.26154973752809707f,-0.23456553244656725f,0.46894779151007043f,-0.8515086492959926f,0.00658759619249509f,0f,0f,0f,1f],start_interpolation:0}
execute if entity @s[tag=aj.dino.bone.neck_2] run data modify entity @s {} merge value {transformation:[-0.7994683587274661f,-0.2613105075506365f,0.540894779081144f,-0.575717415499815f,0.04746525922883127f,0.8701338220804744f,0.4905243937236607f,0.3130425073030494f,-0.5988300197551479f,0.41783244287064836f,-0.6832412876318258f,-0.049178624152729666f,0f,0f,0f,1f],start_interpolation:0}
execute if entity @s[tag=aj.dino.bone.body_0] run data modify entity @s {} merge value {transformation:[-0.6586266633407183f,-0.03674342527922614f,0.7515722447213052f,-0.2218542620136478f,0.1557956723851649f,0.9705053968876004f,0.18397549586315975f,0.40899474563234756f,-0.7361648095384119f,0.23826287018919046f,-0.6334762646591288f,-0.3454638604834448f,0f,0f,0f,1f],start_interpolation:0}
execute if entity @s[tag=aj.dino.bone.leg_left_3] run data modify entity @s {} merge value {transformation:[0.16510259866119628f,0.02091678209447201f,0.986054572598359f,-0.03688099194702739f,-0.07395093037020437f,0.9972233050216401f,-0.008771534591986319f,0.0205295566723023f,-0.9835000720959308f,-0.0714714498840595f,0.16619097460081686f,0.07306230314211984f,0f,0f,0f,1f],start_interpolation:0}
execute if entity @s[tag=aj.dino.bone.leg_left_2] run data modify entity @s {} merge value {transformation:[0.400647421520184f,-0.02206098811328288f,0.9439582384477546f,-0.012229282853226442f,-0.270832071862938f,0.979648339406825f,0.13784527358082743f,0.2527240355888811f,-0.9045406745859196f,-0.3030918068863136f,0.37683381498842894f,0.01265461103731684f,0f,0f,0f,1f],start_interpolation:0}
execute if entity @s[tag=aj.dino.bone.leg_left_1] run data modify entity @s {} merge value {transformation:[0.4205771978017512f,-0.8977930236616214f,-0.13070006638770293f,-0.25757580770911526f,0.1315186260263467f,-0.0822068753920927f,0.9878992259569855f,0.1753772505505884f,-0.8976734772161694f,-0.4326773813163711f,0.08350216763557172f,-0.09144122579175384f,0f,0f,0f,1f],start_interpolation:0}
execute if entity @s[tag=aj.dino.bone.leg_left_0] run data modify entity @s {} merge value {transformation:[0.4024955696847208f,0.33421064625689423f,0.8522326914128094f,-0.1489304897531573f,0.07789046629753185f,0.9150931506978977f,-0.3956483297143411f,0.5759375715330757f,-0.9121021826769877f,0.22562750159132625f,0.3422891159261875f,-0.1367722604711946f,0f,0f,0f,1f],start_interpolation:0}
execute if entity @s[tag=aj.dino.bone.leg_right_3] run data modify entity @s {} merge value {transformation:[0.6176462403783638f,-0.08580266682895488f,0.7817614879945872f,-0.061407122910014725f,0.046703369101609084f,0.996278105627393f,0.07244813014875673f,0.0007578615722710902f,-0.7850680970852344f,-0.008236419885587681f,0.6193546999308532f,-0.674371785203699f,0f,0f,0f,1f],start_interpolation:0}
execute if entity @s[tag=aj.dino.bone.leg_right_2] run data modify entity @s {} merge value {transformation:[0.6291859808815925f,0.041980771169117775f,0.8089652747892262f,-0.02759692111824194f,0.21293876645606713f,0.9797269018997178f,-0.21645895438822338f,0.22211088008889793f,-0.7815652773140136f,0.30072414609858095f,0.5922692839841035f,-0.5847571462522808f,0f,0f,0f,1f],start_interpolation:0}
execute if entity @s[tag=aj.dino.bone.leg_right_1] run data modify entity @s {} merge value {transformation:[0.4826898016780797f,-0.800289194340333f,0.3557355208270273f,-0.25426429511810467f,-0.15166131886928108f,0.32366919596553334f,0.9339363446947844f,0.2574887745554346f,-0.862559794863409f,-0.504752867257954f,0.03485890531941757f,-0.7409099297909887f,0f,0f,0f,1f],start_interpolation:0}
execute if entity @s[tag=aj.dino.bone.leg_right_0] run data modify entity @s {} merge value {transformation:[0.5273736554580862f,0.7558537937244232f,0.3880232854368049f,-0.05039975243061365f,-0.12084854784032772f,0.5187836365136218f,-0.8463209597845169f,0.544127646781804f,-0.8409950392324913f,0.399435327679086f,0.3649366561312271f,-0.5159995393505552f,0f,0f,0f,1f],start_interpolation:0}
execute if entity @s[tag=aj.dino.bone.tail_4] run data modify entity @s {} merge value {transformation:[0.9352763189277513f,-0.8618693505531995f,-2.4511427460329522f,-0.1401963253996054f,-2.5286650708619733f,-0.9008128421382715f,-0.6481130414066543f,0.22680921708723922f,-0.5973043598163065f,2.4640167973485436f,-1.0943080259820155f,0.6027901526119123f,0f,0f,0f,1f],start_interpolation:0}
execute if entity @s[tag=aj.dino.bone.tail_3] run data modify entity @s {} merge value {transformation:[0.7290451328280249f,0.3698493466707179f,-1.915111010127469f,0.18091646444902273f,-1.861021829446087f,-0.4802342550550393f,-0.8011980633035231f,0.36736227024842494f,-0.5839832794433f,1.9921174782335047f,0.16241000059009156f,0.5557569847676626f,0f,0f,0f,1f],start_interpolation:0}
execute if entity @s[tag=aj.dino.bone.tail_2] run data modify entity @s {} merge value {transformation:[1.0094942209388345f,1.051886238230503f,-1.3012419585592658f,0.4238112672791483f,-1.5923339929187075f,0.13712339686244118f,-1.1244747680722977f,0.5752548591304647f,-0.5139725166674162f,1.6411905406920195f,0.9279545981654354f,0.3832627233698462f,0f,0f,0f,1f],start_interpolation:0}
execute if entity @s[tag=aj.dino.bone.tail_1] run data modify entity @s {} merge value {transformation:[1.373055879788183f,0.6326163872553754f,-0.04658655981134433f,0.4247913143724613f,-0.6081850142870908f,1.2813469986940094f,-0.5252781237920212f,0.6732067503491537f,-0.18023537215460816f,0.49558311665533117f,1.4175926195880388f,0.07232680792551366f,0f,0f,0f,1f],start_interpolation:0}
execute if entity @s[tag=aj.dino.bone.tail_0] run data modify entity @s {} merge value {transformation:[1.1002108942876196f,-0.0445838378391205f,0.6491409600991135f,0.23402135096568064f,0.011649808685863083f,1.2763570392872015f,0.06791691102825495f,0.6841606193993366f,-0.6505658972252131f,-0.05254242333174331f,1.0990172990913332f,-0.250099532678644f,0f,0f,0f,1f],start_interpolation:0}
execute if entity @s[tag=aj.dino.bone.body_1] run data modify entity @s {} merge value {transformation:[0.3098903006852578f,-0.4062036673261154f,1.1258646354017274f,-0.00036570629734066287f,-0.10004580716449764f,1.1501277013587548f,0.44249486109138203f,0.5038175f,-1.1927126364159368f,-0.2020134804271533f,0.25540500330984806f,-0.2958705767996711f,0f,0f,0f,1f],start_interpolation:0}