execute if entity @s[tag=aj.dino.bone.head_lower] run data modify entity @s {} merge value {transformation:[-0.9981854741906088f,-0.053024877110581736f,-0.02853281483269749f,0.009202228981627788f,-0.05494344799939492f,0.9959412819941081f,0.07128941255102739f,0.41079601859310666f,0.02463689584357344f,0.0727277473000541f,-0.997047490411491f,0.8067001486961206f,0f,0f,0f,1f],start_interpolation:0}
execute if entity @s[tag=aj.dino.bone.head_upper] run data modify entity @s {} merge value {transformation:[-1.0390108441743906f,-0.01854858152292517f,-0.059869511397828305f,0.0043359404170806234f,-0.05719061212946684f,0.6873795629802862f,0.7795578957747751f,0.4799538589520072f,0.025644534618202326f,0.7814328052392128f,-0.6871514180467775f,0.7768845681333302f,0f,0f,0f,1f],start_interpolation:0}
execute if entity @s[tag=aj.dino.bone.neck_0] run data modify entity @s {} merge value {transformation:[-0.9994694741138128f,-0.031150763803020093f,0.009507903509535585f,0.005779328163354448f,-0.029794254002966113f,0.9923963755615031f,0.11942251128158106f,0.47157711579844025f,-0.013155711423747643f,0.11907587365575399f,-0.9927979973640427f,0.7107598143700838f,0f,0f,0f,1f],start_interpolation:0}
execute if entity @s[tag=aj.dino.bone.neck_1] run data modify entity @s {} merge value {transformation:[-0.9999592999968243f,-0.0062547511880161315f,0.006502033330961004f,0.006301320868795022f,-0.004666140502145529f,0.9753448454976352f,0.22063694045650784f,0.49476125230005186f,-0.007721753860047222f,0.22059762113125875f,-0.9753343345071752f,0.6291524606400348f,0f,0f,0f,1f],start_interpolation:0}
execute if entity @s[tag=aj.dino.bone.neck_2] run data modify entity @s {} merge value {transformation:[-0.9999923794018513f,0.0033295939721736294f,-0.002038367534093766f,0.006155343391035715f,0.0025586060506641037f,0.9533102942695342f,0.301981682184221f,0.5305506161218387f,0.0029486731424638287f,0.3019741655236666f,-0.953311548594154f,0.5485917349609026f,0f,0f,0f,1f],start_interpolation:0}
execute if entity @s[tag=aj.dino.bone.body_0] run data modify entity @s {} merge value {transformation:[-0.9999650325739008f,0.0027967790321721865f,-0.007881094880940426f,0.002467655744009526f,0.0020884127090497707f,0.9960741813247832f,0.08849781822462988f,0.5817481576541336f,0.008097663973879309f,0.08847826470500059f,-0.9960451920033337f,0.08000223720834754f,0f,0f,0f,1f],start_interpolation:0}
execute if entity @s[tag=aj.dino.bone.leg_left_3] run data modify entity @s {} merge value {transformation:[-0.9867317907529404f,0.010141729200976494f,-0.16204171822808344f,0.19257585173908273f,0.008156985619662166f,0.9998834044005971f,0.012908957737672089f,0.032990907059361974f,0.16215374403046054f,0.011415907019875438f,-0.9866994681075987f,-0.1311800937606965f,0f,0f,0f,1f],start_interpolation:0}
execute if entity @s[tag=aj.dino.bone.leg_left_2] run data modify entity @s {} merge value {transformation:[-1.0127809379235957f,-0.05412585465648959f,-0.15299465068099824f,0.17365976726165028f,-0.002150187612122447f,0.9713628261337635f,-0.3294113480124137f,0.24923054959129798f,0.16227244982599093f,-0.3249413044902531f,-0.9592408457547764f,-0.23631653278979248f,0f,0f,0f,1f],start_interpolation:0}
execute if entity @s[tag=aj.dino.bone.leg_left_1] run data modify entity @s {} merge value {transformation:[-0.942098975949784f,0.09160265649911586f,0.32258095547733945f,0.2001993521674094f,0.3311579747726138f,0.4055046822158884f,0.851997857066256f,0.30761151033987455f,-0.05276282080091319f,0.9094915645696205f,-0.4123604960684696f,0.033684762605005206f,0f,0f,0f,1f],start_interpolation:0}
execute if entity @s[tag=aj.dino.bone.leg_left_0] run data modify entity @s {} merge value {transformation:[-0.9601882260922168f,0.2641962178458532f,-0.09076854603786703f,0.1996740145151526f,0.27760575248526503f,0.8661135539191639f,-0.4156709731321222f,0.713792837829397f,-0.031202830976879717f,-0.4243202448545935f,-0.9049744267909265f,-0.06287471017552312f,0f,0f,0f,1f],start_interpolation:0}
execute if entity @s[tag=aj.dino.bone.leg_right_3] run data modify entity @s {} merge value {transformation:[-0.9843364161514823f,0.004738736278119722f,0.17623667103228535f,-0.19101877692686303f,0.010235339480816197f,0.9994886609733034f,0.030292811218267157f,0.040870447581363406f,-0.17600300470096517f,0.03162215938672697f,-0.9838815891010222f,-0.15254129399039515f,0f,0f,0f,1f],start_interpolation:0}
execute if entity @s[tag=aj.dino.bone.leg_right_2] run data modify entity @s {} merge value {transformation:[-1.010635639017641f,0.06511581647132014f,0.16259684835005805f,-0.16924752555974162f,0.01823566543749359f,0.986126978613257f,-0.2815728006357062f,0.2620050633478224f,-0.17419892409010518f,-0.2745463749479433f,-0.972800710500094f,-0.2463313061971636f,0f,0f,0f,1f],start_interpolation:0}
execute if entity @s[tag=aj.dino.bone.leg_right_1] run data modify entity @s {} merge value {transformation:[-0.9451291126783763f,-0.09629495858334108f,-0.3121830253540659f,-0.19767367659563043f,-0.32561501091045303f,0.355365339801663f,0.876179399402562f,0.3055926248818378f,0.026567367908212434f,0.9297541375111387f,-0.36722121227313165f,0.026258979903733437f,0f,0f,0f,1f],start_interpolation:0}
execute if entity @s[tag=aj.dino.bone.leg_right_0] run data modify entity @s {} merge value {transformation:[-0.9614857108848316f,-0.2504268490620059f,0.11327674533268085f,-0.19342347949800387f,-0.274840801175889f,0.8718099923280175f,-0.4054748713373218f,0.7128590363715992f,0.0027859959234004666f,-0.4209913663555317f,-0.9070603660621588f,-0.06551947323934808f,0f,0f,0f,1f],start_interpolation:0}
execute if entity @s[tag=aj.dino.bone.tail_4] run data modify entity @s {} merge value {transformation:[-2.7557371972984503f,-0.03359917902768993f,-0.17448474487572443f,-0.01901624571896688f,-0.04788242310852865f,2.751751047065804f,0.22635101088687148f,0.6473288482452252f,0.1711172246821963f,0.22890740866323625f,-2.7466309590616906f,-1.827913960421937f,0f,0f,0f,1f],start_interpolation:0}
execute if entity @s[tag=aj.dino.bone.tail_3] run data modify entity @s {} merge value {transformation:[-2.0795777346655933f,-0.01577177976500303f,-0.10513430691552172f,-0.001035013165821273f,-0.006734636963477201f,2.074658899345318f,-0.17801860036718148f,0.6572120582755351f,0.10609720162442103f,-0.17744640986721702f,-2.0720042667613274f,-1.4748421534617493f,0f,0f,0f,1f],start_interpolation:0}
execute if entity @s[tag=aj.dino.bone.tail_2] run data modify entity @s {} merge value {transformation:[-1.9533698010092142f,-0.012452828694031824f,-0.05445385721430474f,0.007640467239936817f,-0.0007304405893668172f,1.9105216894543546f,-0.4107069704592345f,0.7340156610789679f,0.05585482937530288f,-0.41051878907642486f,-1.9097456471618037f,-1.1198809913534387f,0f,0f,0f,1f],start_interpolation:0}
execute if entity @s[tag=aj.dino.bone.tail_1] run data modify entity @s {} merge value {transformation:[-1.5124601337864787f,0.00873494273661866f,-0.006655409977979084f,0.010410823474309602f,0.009512090857315754f,1.5001328344286395f,-0.19278809402195946f,0.7571548462097379f,0.005487607320969747f,-0.192824868324824f,-1.50014822811661f,-0.7947139877435294f,0f,0f,0f,1f],start_interpolation:0}
execute if entity @s[tag=aj.dino.bone.tail_0] run data modify entity @s {} merge value {transformation:[-1.2780930860589592f,0.0026150484499734834f,0.01751974525835433f,0.005354252490451528f,0.0027246531277126396f,1.2781880088073465f,0.00798166589582205f,0.7856673714684266f,-0.017503034526818017f,0.008018244617319524f,-1.2780708384591353f,-0.4210384890898993f,0f,0f,0f,1f],start_interpolation:0}
execute if entity @s[tag=aj.dino.bone.body_1] run data modify entity @s {} merge value {transformation:[-1.2363360300409207f,-0.004667945824946016f,0.007485062503443995f,0.003928499584786614f,-0.002936911083796922f,1.207044757459326f,0.26765448454956414f,0.6421384228515625f,-0.008318078635776714f,0.26762989150687627f,-1.207025122272141f,-0.15844882831739127f,0f,0f,0f,1f],start_interpolation:0}