execute if entity @s[tag=aj.dino.bone.head_lower] run data modify entity @s {} merge value {transformation:[-0.8272408343398263f,0.002384697834486388f,-0.561842429171192f,-0.6590208867593699f,-0.19949575102871608f,0.9335842149573034f,0.2976944052279857f,0.14198888081758082f,0.5252371343709776f,0.3583501455264023f,-0.7718232478223042f,0.09077124530714611f,0f,0f,0f,1f],start_interpolation:0}
execute if entity @s[tag=aj.dino.bone.head_upper] run data modify entity @s {} merge value {transformation:[-0.8610746397806444f,0.22609480063656054f,-0.5393547519353606f,-0.6913929856252617f,-0.207655044122561f,0.7792139215904809f,0.6581618263265869f,0.20479340375444524f,0.5467191143179447f,0.6520573196492814f,-0.5994926225690391f,0.06425529528670265f,0f,0f,0f,1f],start_interpolation:0}
execute if entity @s[tag=aj.dino.bone.neck_0] run data modify entity @s {} merge value {transformation:[-0.9504849512372808f,-0.30760986704696425f,0.04421003468459195f,-0.6832340715281995f,-0.29743969245867113f,0.9416794042881997f,0.15738338187214146f,0.1997809961402841f,-0.09004436029843838f,0.13644071692412843f,-0.9865474869177232f,-0.001722308072036785f,0f,0f,0f,1f],start_interpolation:0}
execute if entity @s[tag=aj.dino.bone.neck_1] run data modify entity @s {} merge value {transformation:[-0.909190149891989f,-0.30252102501732736f,0.2861019062534329f,-0.6603911615281408f,-0.1409075730344163f,0.8701184440605956f,0.4722699960479372f,0.24379699025622414f,-0.3918141488013588f,0.3890693032456218f,-0.833730622006313f,-0.0705578408239956f,0f,0f,0f,1f],start_interpolation:0}
execute if entity @s[tag=aj.dino.bone.neck_2] run data modify entity @s {} merge value {transformation:[-0.6999846122934137f,-0.3987510085011994f,0.5924687129053446f,-0.6123904803548929f,-0.057319691577544504f,0.8582975102334848f,0.5099410131421634f,0.296874916626206f,-0.711853914444456f,0.3229907384837487f,-0.6236513347567119f,-0.1220320939347268f,0f,0f,0f,1f],start_interpolation:0}
execute if entity @s[tag=aj.dino.bone.body_0] run data modify entity @s {} merge value {transformation:[-0.46019111375991784f,-0.14162786294542745f,0.8764506188336668f,-0.20067177281779017f,0.11740171061810212f,0.9688173101636948f,0.21819683286227307f,0.40893946161701894f,-0.8800232821694833f,0.2033090454571428f,-0.4292137636131391f,-0.32238215837969963f,0f,0f,0f,1f],start_interpolation:0}
execute if entity @s[tag=aj.dino.bone.leg_left_3] run data modify entity @s {} merge value {transformation:[0.018657984995201632f,-0.07588461074658187f,0.9969420271248267f,0.03228454880489809f,-0.06311875037060242f,0.9950372843781029f,0.0769209077501325f,0.015862893040933163f,-0.997831600495581f,-0.06436092408667342f,0.013775648918909061f,0.053750291974332315f,0f,0f,0f,1f],start_interpolation:0}
execute if entity @s[tag=aj.dino.bone.leg_left_2] run data modify entity @s {} merge value {transformation:[0.28059854063774575f,-0.15813631999569683f,0.9738170068297639f,0.025953824066736436f,-0.2370509100489646f,0.9719718130164671f,0.22614123959847426f,0.24904913300190037f,-0.9576708852928648f,-0.28692490045375174f,0.22935295172000647f,-0.007529162030835673f,0f,0f,0f,1f],start_interpolation:0}
execute if entity @s[tag=aj.dino.bone.leg_left_1] run data modify entity @s {} merge value {transformation:[0.29958627743596516f,-0.9461323729829959f,-0.12280714623191269f,-0.23053399248330622f,0.1650021817716745f,-0.07539855994798056f,0.9834070048399892f,0.17312335913224103f,-0.9396926850745665f,-0.31487869084988324f,0.13352553188815808f,-0.081438988735075f,0f,0f,0f,1f],start_interpolation:0}
execute if entity @s[tag=aj.dino.bone.leg_left_0] run data modify entity @s {} merge value {transformation:[0.27592258520070595f,0.4262771387472361f,0.8614839104461725f,-0.10121083734306296f,0.11368113294842186f,0.8755137216596707f,-0.4696299854110639f,0.5683276612359369f,-0.9544335110355895f,0.22751598661874825f,0.1931143413762303f,-0.11880688548825569f,0f,0f,0f,1f],start_interpolation:0}
execute if entity @s[tag=aj.dino.bone.leg_right_3] run data modify entity @s {} merge value {transformation:[0.4933834741959206f,-0.05715843383926117f,0.867931829599195f,-0.11430822097829241f,0.08744476968828355f,0.9960426848439964f,0.015886542195411357f,0.02593479306177457f,-0.8654051996865552f,0.06805794156310019f,0.4964292063785807f,-0.7088259603101124f,0f,0f,0f,1f],start_interpolation:0}
execute if entity @s[tag=aj.dino.bone.leg_right_2] run data modify entity @s {} merge value {transformation:[0.5158160640060702f,0.15179620559681706f,0.8734723233053173f,-0.05273076450418479f,0.2597909033345645f,0.9403142698457386f,-0.31682796588966233f,0.23492624686188968f,-0.8476465502546395f,0.38056429862978347f,0.4344287512936092f,-0.6053761601232132f,0f,0f,0f,1f],start_interpolation:0}
execute if entity @s[tag=aj.dino.bone.leg_right_1] run data modify entity @s {} merge value {transformation:[0.3349697193172374f,-0.8574593484816606f,0.39058770185700575f,-0.2997198495683482f,-0.08843567268799557f,0.38409492583357024f,0.9190485404727683f,0.2887686953959127f,-0.9380695171130726f,-0.34239531779846244f,0.05283017521206021f,-0.71987842322222f,0f,0f,0f,1f],start_interpolation:0}
execute if entity @s[tag=aj.dino.bone.leg_right_0] run data modify entity @s {} merge value {transformation:[0.3834331611844035f,0.8252059574825614f,0.41474587235971855f,-0.05406400810130201f,-0.060309591773038185f,0.4704820983357292f,-0.8803461525364772f,0.5521734723275433f,-0.9215973980238361f,0.3125407539520214f,0.23016627266999234f,-0.5087424253270991f,0f,0f,0f,1f],start_interpolation:0}
execute if entity @s[tag=aj.dino.bone.tail_4] run data modify entity @s {} merge value {transformation:[0.8034309569499355f,-0.8688018145854872f,-2.4950638140110715f,-0.17797667297740777f,-2.562737561816995f,-0.8902714140730891f,-0.5152226025094286f,0.2102020847516435f,-0.6422898241968319f,2.465413058263721f,-1.065299753813891f,0.43657370973276777f,0f,0f,0f,1f],start_interpolation:0}
execute if entity @s[tag=aj.dino.bone.tail_3] run data modify entity @s {} merge value {transformation:[0.8387382567593507f,0.057347362084813336f,-1.905039354647206f,0.14448641354420955f,-1.8387990895445665f,-0.5230768070761443f,-0.8253205972430018f,0.3552646762474376f,-0.5012799327549473f,2.0147077852645006f,-0.1600515387500423f,0.4439970387866331f,0f,0f,0f,1f],start_interpolation:0}
execute if entity @s[tag=aj.dino.bone.tail_2] run data modify entity @s {} merge value {transformation:[1.1164916133116884f,0.6370346943619284f,-1.4718719885189215f,0.4190813698282474f,-1.5652803930564694f,0.042052568847538926f,-1.1691461617646808f,0.5714589619194992f,-0.3494533495624633f,1.8469413240910786f,0.534288290014902f,0.3448550961223145f,0f,0f,0f,1f],start_interpolation:0}
execute if entity @s[tag=aj.dino.bone.tail_1] run data modify entity @s {} merge value {transformation:[1.3823589763482378f,0.5562987908570678f,-0.25936762673937763f,0.4667735443792669f,-0.6127004919321553f,1.2887383981851968f,-0.5014057221743178f,0.6641877403924595f,0.036578924198884956f,0.5633304947666321f,1.4032024037787407f,0.03598051457126494f,0f,0f,0f,1f],start_interpolation:0}
execute if entity @s[tag=aj.dino.bone.tail_0] run data modify entity @s {} merge value {transformation:[1.0721864533520427f,-0.06610957985906891f,0.6927347611339086f,0.26274500459622974f,0.0553238397226599f,1.276505032838462f,0.03619240915504685f,0.6844158175840382f,-0.6936794638669491f,-0.0003757299060174546f,1.07361276856245f,-0.27776315651695715f,0f,0f,0f,1f],start_interpolation:0}
execute if entity @s[tag=aj.dino.bone.body_1] run data modify entity @s {} merge value {transformation:[0.14828210451991602f,-0.4341559969684907f,1.1480965041457494f,0.025072137034062865f,-0.05080674918488791f,1.153281751170899f,0.4426787454912406f,0.5038175f,-1.2263913269314404f,-0.10027147036286309f,0.12047630686097943f,-0.29901821515302796f,0f,0f,0f,1f],start_interpolation:0}