execute if entity @s[tag=aj.dino.bone.head_lower] run data modify entity @s {} merge value {transformation:[-0.9382484841796671f,-0.005085487132814398f,-0.3459247313436541f,-0.6475988089457607f,-0.12751176979734913f,0.9345822449306336f,0.3321095843596884f,0.1547859879410738f,0.3216061729782327f,0.35571078881731855f,-0.877518834111984f,0.14866058574082616f,0f,0f,0f,1f],start_interpolation:0}
execute if entity @s[tag=aj.dino.bone.head_upper] run data modify entity @s {} merge value {transformation:[-0.9766224562457472f,0.13290339745484683f,-0.3346897182241937f,-0.6679902972543299f,-0.13272694805215665f,0.7664649216535673f,0.6916552780965807f,0.21963644560398593f,0.33475973145047033f,0.6916213945527256f,-0.7021878034967987f,0.11588770308962819f,0f,0f,0f,1f],start_interpolation:0}
execute if entity @s[tag=aj.dino.bone.neck_0] run data modify entity @s {} merge value {transformation:[-0.9667813755938326f,-0.25262537786577666f,0.038912597742512656f,-0.6610611609358444f,-0.23712322039912878f,0.9432603532774497f,0.23244888531125926f,0.219432762663608f,-0.09542719817978151f,0.2155001726056716f,-0.9718298850387768f,0.0495802235911845f,0f,0f,0f,1f],start_interpolation:0}
execute if entity @s[tag=aj.dino.bone.neck_1] run data modify entity @s {} merge value {transformation:[-0.959244012285101f,-0.15591515219605945f,0.23567220924593668f,-0.6418149132317404f,-0.016013288523833047f,0.8626571782648639f,0.505535525337988f,0.26623241060162456f,-0.2821249713971338f,0.4811580385941635f,-0.8299954472226844f,-0.018514649539773137f,0f,0f,0f,1f],start_interpolation:0}
execute if entity @s[tag=aj.dino.bone.neck_2] run data modify entity @s {} merge value {transformation:[-0.770816630798442f,-0.2591111789341789f,0.5819820604072587f,-0.593365780260864f,0.07981248210930283f,0.86707175787143f,0.4917484462622129f,0.31780243703695144f,-0.6320377278170115f,0.4254973133323971f,-0.6476730247299335f,-0.0710897794204558f,0f,0f,0f,1f],start_interpolation:0}
execute if entity @s[tag=aj.dino.bone.body_0] run data modify entity @s {} merge value {transformation:[-0.6025185448221f,-0.019501740294456282f,0.7978665836284575f,-0.21752002984994062f,0.19936292106428602f,0.964331896349321f,0.17412185212671522f,0.4090518797149245f,-0.7728038747639496f,0.263976657696869f,-0.577139927002989f,-0.34057895510685343f,0f,0f,0f,1f],start_interpolation:0}
execute if entity @s[tag=aj.dino.bone.leg_left_3] run data modify entity @s {} merge value {transformation:[0.12932986716067668f,0.0008885740790875729f,0.991601228264824f,-0.021566198622301185f,-0.06005323077956716f,0.998171064324887f,0.00693799808727058f,0.016795613631434697f,-0.9897814884777035f,-0.06044614777327754f,0.12914669289700506f,0.0616570691144432f,0f,0f,0f,1f],start_interpolation:0}
execute if entity @s[tag=aj.dino.bone.leg_left_2] run data modify entity @s {} merge value {transformation:[0.37422571515848074f,-0.06662561400324088f,0.9526690617278957f,-0.007074225723770533f,-0.24949138126307346f,0.9808467569376237f,0.16660098913597388f,0.25019122982972425f,-0.9218304422670485f,-0.29251130997678076f,0.3416547508027664f,0.002601661851901832f,0f,0f,0f,1f],start_interpolation:0}
execute if entity @s[tag=aj.dino.bone.leg_left_1] run data modify entity @s {} merge value {transformation:[0.39083752361609614f,-0.910260547599517f,-0.13664466918787876f,-0.25490022358449804f,0.15281993272901348f,-0.08222227049572528f,0.9848276836052223f,0.17257893667462493f,-0.9076850215214183f,-0.40578964220191127f,0.106970407063391f,-0.09523489775291688f,0f,0f,0f,1f],start_interpolation:0}
execute if entity @s[tag=aj.dino.bone.leg_left_0] run data modify entity @s {} merge value {transformation:[0.3709291387605166f,0.3646103702398201f,0.8540906579116544f,-0.13814064257184172f,0.10016352255773452f,0.8986280167470959f,-0.4271240525491481f,0.5718266450505103f,-0.9232436529796496f,0.24398148583604137f,0.29680665727377126f,-0.13095248673658222f,0f,0f,0f,1f],start_interpolation:0}
execute if entity @s[tag=aj.dino.bone.leg_right_3] run data modify entity @s {} merge value {transformation:[0.5764469222140369f,-0.055108158662256185f,0.8152742095263528f,-0.08098824103915193f,0.025489109585150792f,0.9984504310969973f,0.049467584687101857f,0.00414728794530389f,-0.8167369534694265f,-0.007734823273677527f,0.5769583358843208f,-0.6781687126958754f,0f,0f,0f,1f],start_interpolation:0}
execute if entity @s[tag=aj.dino.bone.leg_right_2] run data modify entity @s {} merge value {transformation:[0.5906352718900627f,0.08452721616307096f,0.834306493339089f,-0.03641756080124381f,0.21299549189094516f,0.971888819049568f,-0.2492533717751153f,0.22265967833953487f,-0.811076504119174f,0.3167798488459314f,0.5420955924296589f,-0.586316321473083f,0f,0f,0f,1f],start_interpolation:0}
execute if entity @s[tag=aj.dino.bone.leg_right_1] run data modify entity @s {} merge value {transformation:[0.4304560355595577f,-0.820783245696267f,0.37552957944035514f,-0.27074259885489427f,-0.14645490531656208f,0.3470220674206801f,0.9263512538080754f,0.26488779195965306f,-0.8906506397904094f,-0.45375163725035544f,0.02917001085972029f,-0.7288713937118753f,0f,0f,0f,1f],start_interpolation:0}
execute if entity @s[tag=aj.dino.bone.leg_right_0] run data modify entity @s {} merge value {transformation:[0.47648864933553126f,0.7806891644344205f,0.40433030505897966f,-0.052537689903198986f,-0.1160421448743372f,0.5117167017083151f,-0.8512815267616975f,0.5485969095526916f,-0.8714888339315452f,0.3587066290542311f,0.33442004516055235f,-0.5139224861351794f,0f,0f,0f,1f],start_interpolation:0}
execute if entity @s[tag=aj.dino.bone.tail_4] run data modify entity @s {} merge value {transformation:[0.7986703290463478f,-0.831339711570147f,-2.5093149107012183f,-0.14940687718506962f,-2.5599635525779147f,-0.8968037173929685f,-0.5176785040378014f,0.20387949950506434f,-0.6590702895546577f,2.4759399645461144f,-1.030052900092865f,0.5586211731205258f,0f,0f,0f,1f],start_interpolation:0}
execute if entity @s[tag=aj.dino.bone.tail_3] run data modify entity @s {} merge value {transformation:[0.7525120158206906f,0.30637688451785344f,-1.9172387427555964f,0.17268782536089078f,-1.84526424695607f,-0.5266804477745115f,-0.8084263051646284f,0.3461127078315116f,-0.6038799971812056f,1.9911520375424923f,0.08116673234307756f,0.5253733088919705f,0f,0f,0f,1f],start_interpolation:0}
execute if entity @s[tag=aj.dino.bone.tail_2] run data modify entity @s {} merge value {transformation:[1.0432498570874207f,0.9628394404807147f,-1.3428863773769686f,0.4233280061857697f,-1.5712118014590246f,0.08635947391071815f,-1.1587102274617793f,0.5603731331159234f,-0.5115633740268547f,1.6983097856761664f,0.820256460647285f,0.37291526914937245f,0f,0f,0f,1f],start_interpolation:0}
execute if entity @s[tag=aj.dino.bone.tail_1] run data modify entity @s {} merge value {transformation:[1.3802372898151014f,0.6107711640386084f,-0.09777453136061103f,0.4355833080201148f,-0.6020301686425286f,1.2716084055948609f,-0.5551828427326847f,0.6648733502764768f,-0.14198925962238274f,0.5455519205349932f,1.4035200041867832f,0.0643602672628783f,0f,0f,0f,1f],start_interpolation:0}
execute if entity @s[tag=aj.dino.bone.tail_0] run data modify entity @s {} merge value {transformation:[1.0909316422156565f,-0.04786008718874195f,0.6643894043789113f,0.24027833305502633f,0.032127852282661226f,1.277209013981034f,0.03925114389831693f,0.6842245824034648f,-0.6653357571214565f,-0.016800691768760756f,1.0912753014870888f,-0.25494117004963185f,0f,0f,0f,1f],start_interpolation:0}
execute if entity @s[tag=aj.dino.bone.body_1] run data modify entity @s {} merge value {transformation:[0.2692309573934563f,-0.4173707243255187f,1.1322194862804849f,0.005166042515842302f,-0.07306014258974769f,1.152291796091509f,0.44214299415598624f,0.5038175f,-1.2044839152940228f,-0.1631866728395632f,0.2262591493438105f,-0.29655147241718244f,0f,0f,0f,1f],start_interpolation:0}