execute if entity @s[tag=aj.dino.bone.head_lower] run data modify entity @s {} merge value {transformation:[-0.143660208178116f,-0.45497466807658726f,0.8788400286712137f,-0.29283909744356484f,-0.0646358450912491f,0.890469300340168f,0.4504293870086982f,0.611182997365569f,-0.9875140262880119f,0.007904211554029336f,-0.15733267722933048f,0.6552356519769856f,0f,0f,0f,1f],start_interpolation:0}
execute if entity @s[tag=aj.dino.bone.head_upper] run data modify entity @s {} merge value {transformation:[-0.1495358508341809f,-0.3750258526417345f,0.9594094963826161f,-0.23516746094461088f,-0.06727942422387907f,0.9709514176514681f,0.3690511701921764f,0.6584059847361821f,-1.0279029384990142f,-0.008994275649074623f,-0.1637271957072114f,0.6434276758962039f,0f,0f,0f,1f],start_interpolation:0}
execute if entity @s[tag=aj.dino.bone.neck_0] run data modify entity @s {} merge value {transformation:[-0.23336592413175547f,0.0047685943945245945f,0.9723772960953132f,-0.1722937186355602f,-0.23461769237526398f,0.9701678296966958f,-0.06106488881598986f,0.6387855824298643f,-0.9436603646856414f,-0.2423873815385274f,-0.22528531552735184f,0.6330996269182884f,0f,0f,0f,1f],start_interpolation:0}
execute if entity @s[tag=aj.dino.bone.neck_1] run data modify entity @s {} merge value {transformation:[-0.44722942157169576f,-0.22940731661160518f,0.8644987724489315f,-0.10011617689446245f,-0.332934546290789f,0.93978850693837f,0.07715017895439961f,0.6496507033613024f,-0.8301448261398687f,-0.2533176766663f,-0.4966786912296468f,0.5898574199916229f,0f,0f,0f,1f],start_interpolation:0}
execute if entity @s[tag=aj.dino.bone.neck_2] run data modify entity @s {} merge value {transformation:[-0.7721147375694821f,-0.360915883815799f,0.5230473753279626f,-0.057826896035402f,-0.35338438659851623f,0.9279256834608351f,0.11863136719321885f,0.6691286732573161f,-0.5281650379724129f,-0.09323974894433487f,-0.8440071337852525f,0.5150031896015232f,0f,0f,0f,1f],start_interpolation:0}
execute if entity @s[tag=aj.dino.bone.body_0] run data modify entity @s {} merge value {transformation:[-0.9261562154344541f,-0.23949876630307831f,0.29133315216678063f,0.0771958009589864f,-0.3038376233398301f,0.9314567266634045f,-0.20017758365186497f,0.583659018390508f,-0.2234219399596481f,-0.2739136858442807f,-0.9354431727538921f,0.07152295994473767f,0f,0f,0f,1f],start_interpolation:0}
execute if entity @s[tag=aj.dino.bone.leg_left_3] run data modify entity @s {} merge value {transformation:[-0.9197311640676117f,-0.3553735670180516f,0.16674595559623723f,0.5386687690514902f,-0.3655764054968359f,0.9301581628093375f,-0.03405413195445628f,0.06000167808563783f,-0.14299817336892473f,-0.09227903350179167f,-0.9854116410866713f,-0.06097316115090873f,0f,0f,0f,1f],start_interpolation:0}
execute if entity @s[tag=aj.dino.bone.leg_left_2] run data modify entity @s {} merge value {transformation:[-0.9383832213895854f,-0.2867499456647795f,0.2987868771824572f,0.4796058385171077f,-0.38460244884032f,0.8778450739699638f,-0.3654191866246116f,0.25273633673958906f,-0.1535580856263448f,-0.44634593564701563f,-0.9106357227623225f,-0.1933967000563891f,0f,0f,0f,1f],start_interpolation:0}
execute if entity @s[tag=aj.dino.bone.leg_left_1] run data modify entity @s {} merge value {transformation:[-0.9246888834888572f,-0.36325466722573185f,0.11400226090237671f,0.3932904017756763f,-0.04990774601275447f,0.41250443772929635f,0.909587437106276f,0.3175537389499174f,-0.37743832031215f,0.835395795771298f,-0.39956748962795147f,0.0622627128558018f,0f,0f,0f,1f],start_interpolation:0}
execute if entity @s[tag=aj.dino.bone.leg_left_0] run data modify entity @s {} merge value {transformation:[-0.9267873443933967f,0.06139070131442192f,0.3705352885547597f,0.27946772026416766f,-0.11128801229092015f,0.8973625483257875f,-0.42703095342443853f,0.6917103450735159f,-0.35872022049582264f,-0.43700301904491745f,-0.8248322039985201f,-0.0838827962508868f,0f,0f,0f,1f],start_interpolation:0}
execute if entity @s[tag=aj.dino.bone.leg_right_3] run data modify entity @s {} merge value {transformation:[-0.8916150201927984f,-0.029561730966645675f,0.4518282415131345f,-0.27816223257509065f,-0.011142880128782048f,0.9989968284612852f,0.04337249066779558f,0.0713751584116264f,-0.4526571461813359f,0.033636896208599054f,-0.8910499802056112f,-0.15296312884868218f,0f,0f,0f,1f],start_interpolation:0}
execute if entity @s[tag=aj.dino.bone.leg_right_2] run data modify entity @s {} merge value {transformation:[-0.9690384067290553f,0.2358173687957871f,0.23961830973224926f,-0.21428492210539196f,0.1585717946660334f,0.9652258502853567f,-0.3086361018707908f,0.28658365986011286f,-0.29644856505151407f,-0.25454159977464524f,-0.9483612295764502f,-0.2411451121415868f,0f,0f,0f,1f],start_interpolation:0}
execute if entity @s[tag=aj.dino.bone.leg_right_1] run data modify entity @s {} merge value {transformation:[-0.9852820039733768f,0.09563654276237972f,-0.14167930100994375f,-0.20041183016100841f,-0.09274355265343524f,0.39715299779755886f,0.9130542863278346f,0.3442056971214602f,0.14358971442072793f,0.912755798682688f,-0.3824380288147378f,0.029964872553776625f,0f,0f,0f,1f],start_interpolation:0}
execute if entity @s[tag=aj.dino.bone.leg_right_0] run data modify entity @s {} merge value {transformation:[-0.9917115435676587f,-0.08263448299366716f,-0.0983857539231234f,-0.10953571897667089f,-0.03864699417586996f,0.9221301289111814f,-0.38494471706391575f,0.7420945642368346f,0.12253417562387371f,-0.3779518058888161f,-0.9176806678957341f,-0.057974085855502525f,0f,0f,0f,1f],start_interpolation:0}
execute if entity @s[tag=aj.dino.bone.tail_4] run data modify entity @s {} merge value {transformation:[-2.579212326979667f,-0.2646214177581554f,0.9504212798647748f,0.3452312827201048f,-0.7800306001685773f,2.175782963321312f,-1.5110202152590098f,0.8991161912354796f,-0.6040507981592126f,-1.6797634754287272f,-2.106935839426256f,-1.7758827466544123f,0f,0f,0f,1f],start_interpolation:0}
execute if entity @s[tag=aj.dino.bone.tail_3] run data modify entity @s {} merge value {transformation:[-1.887943159090214f,0.6023728849667823f,0.6393458074826986f,0.23092716865691704f,0.4625051426935708f,1.9701459399859909f,-0.4904686475027355f,0.963002124297783f,-0.7467965901575256f,-0.3026836775545699f,-1.9200580643083636f,-1.4473498556073294f,0f,0f,0f,1f],start_interpolation:0}
execute if entity @s[tag=aj.dino.bone.tail_2] run data modify entity @s {} merge value {transformation:[-1.847047143797959f,0.6357682974318559f,-0.05467536530448377f,0.23987669277942475f,0.6316178553255519f,1.8453502554996588f,0.12047902043124302f,0.9415114906300275f,0.09082735504532433f,0.09620281446361795f,-1.9496844065303307f,-1.0848177292355006f,0f,0f,0f,1f],start_interpolation:0}
execute if entity @s[tag=aj.dino.bone.tail_1] run data modify entity @s {} merge value {transformation:[-1.1753559271707308f,0.8604977557583334f,0.4071096987293523f,0.1428754336519762f,0.9063041015640931f,1.2093935755883078f,0.0603017811829055f,0.9128857755476574f,-0.2912173929433716f,0.290804129373365f,-1.4554317704333193f,-0.7749016096764485f,0f,0f,0f,1f],start_interpolation:0}
execute if entity @s[tag=aj.dino.bone.tail_0] run data modify entity @s {} merge value {transformation:[-1.2002032072716882f,0.3448734583755641f,0.27278246928066924f,0.0714844669624594f,0.4277878133630772f,1.0992304973664007f,0.49246889950704525f,0.795501307078277f,-0.1017131484952571f,0.5537059941446555f,-1.147562557796083f,-0.4261952464737122f,0f,0f,0f,1f],start_interpolation:0}
execute if entity @s[tag=aj.dino.bone.body_1] run data modify entity @s {} merge value {transformation:[-1.223459765243852f,0.17301132886642648f,-0.04263658018160419f,0.06974333383825329f,0.15846406157706097f,1.1917165419482534f,0.2886267830462869f,0.6481290569272977f,0.08148582130782364f,0.28014881543033554f,-1.2014496648611708f,-0.16574503981625488f,0f,0f,0f,1f],start_interpolation:0}