execute if entity @s[tag=aj.dino.bone.head_lower] run data modify entity @s {} merge value {transformation:[0.6708643039302048f,0.353293505097122f,-0.6520159391981393f,0.7457838207458526f,-0.533557279126744f,0.840578033603604f,-0.09351577040245407f,0.3169506774380246f,0.5150317617420381f,0.41062424268336706f,0.7524161187252728f,-0.582910970659953f,0f,0f,0f,1f],start_interpolation:0}
execute if entity @s[tag=aj.dino.bone.head_upper] run data modify entity @s {} merge value {transformation:[0.698302374434157f,0.7559343496136972f,-0.1562337848137924f,0.7522045542531051f,-0.5553795495274949f,0.6383373384114068f,0.6062597965723815f,0.3729059211125088f,0.5360963462007201f,-0.3233583832954778f,0.8315720089843571f,-0.5326790945417469f,0f,0f,0f,1f],start_interpolation:0}
execute if entity @s[tag=aj.dino.bone.neck_0] run data modify entity @s {} merge value {transformation:[0.632670110374109f,0.5979760989853311f,-0.49209055719602907f,0.7104743513338829f,-0.5212471372966055f,0.7987589018746419f,0.30047568709649364f,0.37953831576295394f,0.572738992298679f,0.06639880810904679f,0.8170442123792273f,-0.4811103272516693f,0f,0f,0f,1f],start_interpolation:0}
execute if entity @s[tag=aj.dino.bone.neck_1] run data modify entity @s {} merge value {transformation:[0.6640084558623834f,0.4812152755210021f,-0.5722976752953828f,0.6642101254517916f,-0.2455560527693191f,0.8632742838073649f,0.4409758903446227f,0.4208717581999193f,0.7062542003355482f,-0.152280561865681f,0.691386747765871f,-0.4232423327782806f,0f,0f,0f,1f],start_interpolation:0}
execute if entity @s[tag=aj.dino.bone.neck_2] run data modify entity @s {} merge value {transformation:[0.5238211534170664f,0.3889469597340809f,-0.7578467270803706f,0.6016251021367445f,-0.3321020308601619f,0.9125194519338058f,0.23878126170405997f,0.4507249233437472f,0.7844231258264702f,0.1266037612239148f,0.6071670670520494f,-0.36881041400178527f,0f,0f,0f,1f],start_interpolation:0}
execute if entity @s[tag=aj.dino.bone.body_0] run data modify entity @s {} merge value {transformation:[0.5823720258514974f,0.21160295363363116f,-0.7848993652176988f,0.23372075731931496f,-0.3121271069721249f,0.9497256837620413f,0.024449840407147816f,0.47129536573567254f,0.7506127447617943f,0.2307494650400011f,0.6191406882001205f,-0.074813552339312f,0f,0f,0f,1f],start_interpolation:0}
execute if entity @s[tag=aj.dino.bone.leg_left_3] run data modify entity @s {} merge value {transformation:[0.18498476647307566f,0.2019060812764692f,-0.9617767779045624f,-0.48181275191354817f,-0.04796515497069481f,0.9793557955032374f,0.19637100020842868f,0.0831013910466386f,0.9815701605496873f,0.00980612858376748f,0.1908503596031712f,-0.3947800483484205f,0f,0f,0f,1f],start_interpolation:0}
execute if entity @s[tag=aj.dino.bone.leg_left_2] run data modify entity @s {} merge value {transformation:[0.11522718946502307f,0.18600407633036803f,-1.002091501758783f,-0.4692458267320113f,-0.3043467370024888f,0.9687429700877939f,0.1448182346326319f,0.3129173460144113f,0.9727065117416578f,0.2810724835245542f,0.16401981746548075f,-0.3226844777511365f,0f,0f,0f,1f],start_interpolation:0}
execute if entity @s[tag=aj.dino.bone.leg_left_1] run data modify entity @s {} merge value {transformation:[0.04140876726338704f,0.9975505917114457f,-0.05637491436686376f,-0.19607727184844284f,0.09110893301358647f,0.05241830501879208f,0.9944603982180903f,0.27260081977694234f,0.9949796361327464f,-0.04631563747916534f,-0.08871519264503719f,-0.35037750927049044f,0f,0f,0f,1f],start_interpolation:0}
execute if entity @s[tag=aj.dino.bone.leg_left_0] run data modify entity @s {} merge value {transformation:[0.014313902361483194f,0.4512948896572214f,-0.892260071261996f,0.05541567328433841f,0.03953496720233229f,0.8913982574361397f,0.45149322587179996f,0.5904353286919168f,0.999115658253586f,-0.04173810260529363f,-0.0050825410390412384f,-0.2501786966244818f,0f,0f,0f,1f],start_interpolation:0}
execute if entity @s[tag=aj.dino.bone.leg_right_3] run data modify entity @s {} merge value {transformation:[-0.3499569048530083f,0.028301816118848938f,-0.936338171789486f,0.1628886136798871f,0.02929905309435408f,0.99938517883868f,0.019256941744574235f,0.025800966779104317f,0.9363074976915845f,-0.02069472207966483f,-0.35057096035548746f,0.2844527756052191f,0f,0f,0f,1f],start_interpolation:0}
execute if entity @s[tag=aj.dino.bone.leg_right_2] run data modify entity @s {} merge value {transformation:[-0.3703181869584813f,-0.10514251912237377f,-0.9507216683031257f,0.10957299076740379f,0.17557882280172618f,0.9946905963590581f,-0.1783953306539039f,0.251876296618636f,0.9402652375218588f,-0.22715164029378476f,-0.34112404623611586f,0.2195030900215576f,0f,0f,0f,1f],start_interpolation:0}
execute if entity @s[tag=aj.dino.bone.leg_right_1] run data modify entity @s {} merge value {transformation:[-0.1968135041983492f,0.9102195022282601f,-0.36436918410933794f,0.37225629635954605f,-0.185956158773066f,0.3302371348810086f,0.9253992337148054f,0.28880826802166926f,0.9626446652735019f,0.24988775982212652f,0.10426579454234522f,0.3010315887887761f,0f,0f,0f,1f],start_interpolation:0}
execute if entity @s[tag=aj.dino.bone.leg_right_0] run data modify entity @s {} merge value {transformation:[-0.25276120574059996f,-0.9535052289478588f,-0.16413272446909924f,0.040630551329230324f,-0.17307124432920165f,0.21146355967603453f,-0.9619404905270814f,0.4702676692770457f,0.9519233778298019f,-0.21473458337732027f,-0.21847412076232f,0.12381948566491666f,0f,0f,0f,1f],start_interpolation:0}
execute if entity @s[tag=aj.dino.bone.tail_4] run data modify entity @s {} merge value {transformation:[-0.04331565263275233f,-1.8847086134793092f,2.0178351092480025f,-0.8296100226240924f,2.6348984606672428f,0.574979796116336f,0.5936073345498805f,0.3825289919372551f,-0.825284913112069f,1.9346661231165745f,1.789310799122022f,1.0071863318410081f,0f,0f,0f,1f],start_interpolation:0}
execute if entity @s[tag=aj.dino.bone.tail_3] run data modify entity @s {} merge value {transformation:[-0.09276337014155468f,-2.01170477161667f,0.5295133568278951f,-0.8997098097309315f,2.0664697214896948f,-0.02825900190176297f,0.2546563272771062f,0.339625225952176f,-0.23883754598205276f,0.5368341147046093f,1.9976764717949287f,0.6632008813541611f,0f,0f,0f,1f],start_interpolation:0}
execute if entity @s[tag=aj.dino.bone.tail_2] run data modify entity @s {} merge value {transformation:[0.783866639095736f,-1.7713733120724902f,-0.25799914029482424f,-0.85159021018597f,1.7606116342125198f,0.8138009062210065f,-0.23821971688373375f,0.3854052727603704f,0.3233784788619263f,-0.13688882099711883f,1.9223583654193468f,0.30604520742049296f,0f,0f,0f,1f],start_interpolation:0}
execute if entity @s[tag=aj.dino.bone.tail_1] run data modify entity @s {} merge value {transformation:[0.6044556351194542f,-1.0380160591801897f,-0.9191367123863387f,-0.6416910504477698f,1.0930116733923152f,0.9736483372411792f,-0.3807763742876103f,0.4543980224478669f,0.8530035855730436f,-0.5120427973045966f,1.1392336488745476f,0.06633909521101233f,0f,0f,0f,1f],start_interpolation:0}
execute if entity @s[tag=aj.dino.bone.tail_0] run data modify entity @s {} merge value {transformation:[0.5681909804148371f,0.15102185743540483f,-1.1349833148271453f,-0.30637811994699204f,-0.13832855728597757f,1.266821802561389f,0.09931489001313298f,0.45594657003401406f,1.1366001656688398f,0.0786805930067953f,0.5794697095359626f,-0.1010967191780704f,0f,0f,0f,1f],start_interpolation:0}
execute if entity @s[tag=aj.dino.bone.body_1] run data modify entity @s {} merge value {transformation:[-0.04650087894235569f,-0.2577798503856016f,-1.2083012091564815f,-0.008101712165272352f,-0.37794086516185943f,1.1541609572283533f,-0.2316846613539327f,0.43206907744758805f,1.17626653686762f,0.36064751295573655f,-0.1222088405171585f,-0.09697704496161846f,0f,0f,0f,1f],start_interpolation:0}