execute if entity @s[tag=aj.dino.bone.head_lower] run data modify entity @s {} merge value {transformation:[-0.8892691631932446f,-0.44018008660835417f,-0.12426522742524806f,-0.014903841357887297f,-0.4509872243323578f,0.7985701940788801f,0.39861782275484725f,0.297236687013283f,-0.07622912096162587f,0.41052056767265743f,-0.9086594437054714f,0.5727844820291946f,0f,0f,0f,1f],start_interpolation:0}
execute if entity @s[tag=aj.dino.bone.head_upper] run data modify entity @s {} merge value {transformation:[-0.9256399014390304f,-0.2740543439832395f,-0.38930313637494085f,-0.04818253690208313f,-0.46943241389620777f,0.3835222613933197f,0.8461771837994925f,0.3640360785455344f,-0.07934686024682265f,0.9280500170482068f,-0.46464952836444495f,0.5615672539582955f,0f,0f,0f,1f],start_interpolation:0}
execute if entity @s[tag=aj.dino.bone.neck_0] run data modify entity @s {} merge value {transformation:[-0.8269974079429735f,-0.37849232541844124f,0.41571486244172695f,-0.014890770779140906f,-0.0971844963261678f,0.8245466100426765f,0.5573850209154878f,0.386725104329333f,-0.5537422332903933f,0.42055492800164695f,-0.7186814952425705f,0.5084484938852825f,0f,0f,0f,1f],start_interpolation:0}
execute if entity @s[tag=aj.dino.bone.neck_1] run data modify entity @s {} merge value {transformation:[-0.8320036071469019f,-0.26775604007466935f,0.48587724859070713f,0.025035890708260716f,-0.01487828527586385f,0.886271472474535f,0.46292711489506533f,0.4300240487690841f,-0.5545706756778561f,0.3779280091252182f,-0.741364812758776f,0.4473862309284855f,0f,0f,0f,1f],start_interpolation:0}
execute if entity @s[tag=aj.dino.bone.neck_2] run data modify entity @s {} merge value {transformation:[-0.9621869918968695f,-0.03569343417924066f,0.2700410549915433f,0.04834405140442123f,0.05239289108579616f,0.9486141566022595f,0.312067567775723f,0.46665103368997984f,-0.26730353081866587f,0.31441558588956076f,-0.9108741196024831f,0.3706651515910109f,0f,0f,0f,1f],start_interpolation:0}
execute if entity @s[tag=aj.dino.bone.body_0] run data modify entity @s {} merge value {transformation:[-0.9993195740844142f,0.021413550956563637f,-0.030030795646729502f,0.03439464087140126f,0.017993708768639635f,0.9937848686902283f,0.10985381744434203f,0.5278917690050431f,0.03219651062606549f,0.10923870466906906f,-0.9934939809106693f,-0.09652420079940541f,0f,0f,0f,1f],start_interpolation:0}
execute if entity @s[tag=aj.dino.bone.leg_left_3] run data modify entity @s {} merge value {transformation:[-0.958199900476465f,-0.12641311399316205f,0.25665672665535977f,0.5681213128463395f,-0.12534421747274122f,0.9918996521549954f,0.02058900679841552f,0.052399761024667035f,-0.25718043835610527f,-0.012442052296580186f,-0.9662833008293222f,-0.11556352943212733f,0f,0f,0f,1f],start_interpolation:0}
execute if entity @s[tag=aj.dino.bone.leg_left_2] run data modify entity @s {} merge value {transformation:[-0.9095458183310142f,-0.24218856923884471f,0.4075945298790221f,0.5228529560097932f,-0.406783337269714f,0.8515879196349635f,-0.4017306699173008f,0.2378573167004388f,-0.24354859962022768f,-0.5178850370135542f,-0.851199957449006f,-0.262965506956524f,0f,0f,0f,1f],start_interpolation:0}
execute if entity @s[tag=aj.dino.bone.leg_left_1] run data modify entity @s {} merge value {transformation:[-0.8734194858241212f,-0.4633130905086807f,0.14993125740159124f,0.406428171149664f,-0.08251397730936813f,0.4442414330232034f,0.8920992056571282f,0.3128735524413802f,-0.4799269166563972f,0.7668054051379561f,-0.42623892985026357f,-0.022484282106645742f,0f,0f,0f,1f],start_interpolation:0}
execute if entity @s[tag=aj.dino.bone.leg_left_0] run data modify entity @s {} merge value {transformation:[-0.8153085229463894f,-0.017051584140927334f,0.5787756524675699f,0.2578167015073449f,-0.2333501050535956f,0.924477326302978f,-0.30147869182277687f,0.6732627167083096f,-0.5299242784421679f,-0.3808555062356087f,-0.757713232356124f,-0.17195521551574475f,0f,0f,0f,1f],start_interpolation:0}
execute if entity @s[tag=aj.dino.bone.leg_right_3] run data modify entity @s {} merge value {transformation:[-0.816473848431969f,0.004681060594980593f,0.5773634405626981f,-0.26778633691655096f,0.019670978805998232f,0.9996121488998733f,0.019713050616065153f,0.046071556662304974f,-0.577047231532657f,0.02745249430349994f,-0.8162492591953836f,-0.4447166698614492f,0f,0f,0f,1f],start_interpolation:0}
execute if entity @s[tag=aj.dino.bone.leg_right_2] run data modify entity @s {} merge value {transformation:[-0.8639753977501912f,0.38767562079815615f,0.39410192161655044f,-0.16389984530418428f,0.28638971030682386f,0.9393238438456578f,-0.2961652405568323f,0.2554294495521544f,-0.47285266776604623f,-0.13942929721718123f,-0.8994620754455135f,-0.5042812701808641f,0f,0f,0f,1f],start_interpolation:0}
execute if entity @s[tag=aj.dino.bone.leg_right_1] run data modify entity @s {} merge value {transformation:[-0.9754247380790314f,-0.21875858746243362f,-0.02629183818019653f,-0.2413614901084901f,-0.06771439214189791f,0.18408031154957938f,0.9805759532013129f,0.2520836718514651f,-0.20966960065852688f,0.9582583781586522f,-0.19436959445459395f,-0.23781948114619825f,0f,0f,0f,1f],start_interpolation:0}
execute if entity @s[tag=aj.dino.bone.leg_right_0] run data modify entity @s {} merge value {transformation:[-0.9722930483816149f,0.08529922525870538f,0.21764712320417f,-0.11253409628671338f,-0.014404805342702116f,0.907418324040167f,-0.419981531473913f,0.6442296462559401f,-0.23332108702778107f,-0.4114802879439051f,-0.8810478097026151f,-0.3005276618238954f,0f,0f,0f,1f],start_interpolation:0}
execute if entity @s[tag=aj.dino.bone.tail_4] run data modify entity @s {} merge value {transformation:[0.12749890985291387f,-0.14722919881900326f,2.7545832575185365f,1.2490788012092897f,-2.411081154934245f,1.3337545846533907f,0.18288713414839367f,0.8836204486544312f,-1.3401839515183238f,-2.4135209969111884f,-0.06696794129697022f,-1.4255219412008966f,0f,0f,0f,1f],start_interpolation:0}
execute if entity @s[tag=aj.dino.bone.tail_3] run data modify entity @s {} merge value {transformation:[-0.46133995827199914f,-0.3644854315020385f,1.9975638510868199f,0.9139325663858116f,-0.8047217382642474f,1.9135568301911223f,0.16330556523988046f,0.8372042037566114f,-1.8642783839628145f,-0.7357962720047729f,-0.5648145529616955f,-1.3225499210789369f,0f,0f,0f,1f],start_interpolation:0}
execute if entity @s[tag=aj.dino.bone.tail_2] run data modify entity @s {} merge value {transformation:[-1.346801504627042f,-0.29285743366019523f,1.3853281581224994f,0.6553375156253152f,-0.3964028557302771f,1.9134453185016282f,0.01912234493624263f,0.8338115933307237f,-1.3593249641296206f,-0.26783467224566704f,-1.3781415403505688f,-1.0674252968541964f,0f,0f,0f,1f],start_interpolation:0}
execute if entity @s[tag=aj.dino.bone.tail_1] run data modify entity @s {} merge value {transformation:[-0.8833309412427357f,0.28509142242732394f,1.1941966249749612f,0.39571868704920876f,0.4183034477672482f,1.4530225878969412f,-0.03746778145699716f,0.8237129064306397f,-1.154298455265906f,0.30839015859725716f,-0.9274410149713579f,-0.870517304709407f,0f,0f,0f,1f],start_interpolation:0}
execute if entity @s[tag=aj.dino.bone.tail_0] run data modify entity @s {} merge value {transformation:[-1.056237712030616f,-0.08201346950672603f,0.7151722890939124f,0.18474959091209858f,0.19125048445807424f,1.1922847950697348f,0.4191848473216799f,0.7299893072549308f,-0.6939890953487018f,0.4533943921675889f,-0.9729585691446994f,-0.5752549828100102f,0f,0f,0f,1f],start_interpolation:0}
execute if entity @s[tag=aj.dino.bone.body_1] run data modify entity @s {} merge value {transformation:[-1.1647951005555615f,-0.17104192404518107f,0.37762630866629493f,0.1084776512316751f,-0.09131228667099935f,1.2044234044351916f,0.2638767216105022f,0.5875152023319616f,-0.40437486949725576f,0.22071139101531603f,-1.147332576828276f,-0.32338270872884844f,0f,0f,0f,1f],start_interpolation:0}