execute if entity @s[tag=aj.dino.bone.head_lower] run data modify entity @s {} merge value {transformation:[-0.8320284095138184f,0.24153273641402861f,0.49939029125750667f,-0.7487073395479326f,0.45939197667688536f,0.8046179232452423f,0.3762299952919993f,0.9453676290913617f,-0.3109465187565378f,0.5424499376282248f,-0.7804231721574681f,-0.07170322934455768f,0f,0f,0f,1f],start_interpolation:0}
execute if entity @s[tag=aj.dino.bone.head_upper] run data modify entity @s {} merge value {transformation:[-0.8660580247844297f,0.49133463503526825f,0.3033244413244f,-0.7170330115044637f,0.4781809171096464f,0.9167786603514934f,-0.11971566739489965f,0.9578492098910835f,-0.3236641018126307f,0.03973797833796423f,-0.9885010798471299f,-0.1390560583536766f,0f,0f,0f,1f],start_interpolation:0}
execute if entity @s[tag=aj.dino.bone.neck_0] run data modify entity @s {} merge value {transformation:[-0.6200549695487576f,0.7740334502142014f,0.1280783068571293f,-0.7211148869839166f,0.4550812053861277f,0.4878162389247356f,-0.7449405436312583f,0.9016147372486801f,-0.6390875771302384f,-0.40361805582855803f,-0.6547209587045282f,-0.17463356014199663f,0f,0f,0f,1f],start_interpolation:0}
execute if entity @s[tag=aj.dino.bone.neck_1] run data modify entity @s {} merge value {transformation:[-0.43107808082912924f,0.647384311945324f,0.6285421552097794f,-0.6648866982197681f,0.26723400893162597f,0.7569371336300329f,-0.5963490254895045f,0.8545832624662515f,-0.8618339008759207f,-0.08910515349310351f,-0.4993021118741279f,-0.21734149866195213f,0f,0f,0f,1f],start_interpolation:0}
execute if entity @s[tag=aj.dino.bone.neck_2] run data modify entity @s {} merge value {transformation:[-0.15773153612515897f,0.3931960065322635f,0.9058243002694717f,-0.5816800611824553f,0.018679147810366822f,0.9183310221325838f,-0.3953722590496236f,0.8289367219451285f,-0.9873053488909478f,-0.045442647766215885f,-0.15219432911682196f,-0.2311197752733402f,0f,0f,0f,1f],start_interpolation:0}
execute if entity @s[tag=aj.dino.bone.body_0] run data modify entity @s {} merge value {transformation:[0.04679388461558848f,0.6285019917639054f,0.7763991104524701f,-0.2097788048238294f,-0.06047219854506258f,0.7776073455124385f,-0.6258353852317922f,0.5413905337432673f,-0.9970724374716762f,-0.01766529235260296f,0.07439416563405718f,-0.19622636797940418f,0f,0f,0f,1f],start_interpolation:0}
execute if entity @s[tag=aj.dino.bone.leg_left_3] run data modify entity @s {} merge value {transformation:[-0.45853841050235755f,0.23107882151872733f,0.8581055321692589f,0.09447689155436968f,0.048637929937151436f,0.9706798934541141f,-0.23540368776919826f,0.0218845319224463f,-0.8873425932893112f,-0.06620515606375116f,-0.4563332109820348f,0.2589464510560823f,0f,0f,0f,1f],start_interpolation:0}
execute if entity @s[tag=aj.dino.bone.leg_left_2] run data modify entity @s {} merge value {transformation:[-0.3704103767747127f,0.19466318482389372f,0.9364638790431417f,0.1682188790918309f,-0.4916362593916075f,0.8226704110141715f,-0.3654714527755842f,0.2015903915637268f,-0.8204584942151171f,-0.5808457960738691f,-0.20378473925755564f,0.11598143662727561f,0f,0f,0f,1f],start_interpolation:0}
execute if entity @s[tag=aj.dino.bone.leg_left_1] run data modify entity @s {} merge value {transformation:[-0.1717363014760484f,-0.8985955425044547f,0.4037730720918031f,-0.09389582251157116f,-0.17442605142799547f,0.43112257039403995f,0.8852733373823445f,0.27523514715018893f,-0.9695783595659331f,0.08160502611947741f,-0.2307778680321693f,0.16970032378752287f,0f,0f,0f,1f],start_interpolation:0}
execute if entity @s[tag=aj.dino.bone.leg_left_0] run data modify entity @s {} merge value {transformation:[-0.20150124617471676f,0.51641422226655f,0.8322941780589784f,0.017681553342642233f,-0.22218664521023762f,0.8034742226251361f,-0.5523244230225143f,0.6098330088882555f,-0.9539551050653569f,-0.2962187107827047f,-0.04716071354396814f,-0.0536873184003438f,0f,0f,0f,1f],start_interpolation:0}
execute if entity @s[tag=aj.dino.bone.leg_right_3] run data modify entity @s {} merge value {transformation:[0.033280843449987746f,-0.04845317126826296f,0.9982708428344012f,-0.2734033141059019f,0.06237967317895551f,0.9969774775416159f,0.0463107508991559f,0.16992524831979078f,-0.9974974495372629f,0.060730548069364204f,0.036202744341424384f,-0.510094806144212f,0f,0f,0f,1f],start_interpolation:0}
execute if entity @s[tag=aj.dino.bone.leg_right_2] run data modify entity @s {} merge value {transformation:[0.031026096346133653f,0.25173994232517843f,0.9938443450985323f,-0.18405699044774204f,0.06375642991196274f,0.9919010986826429f,-0.25323808476953374f,0.39321085280046125f,-1.0232471346117202f,0.06943638362541871f,0.01435582246415261f,-0.49187818333732003f,0f,0f,0f,1f],start_interpolation:0}
execute if entity @s[tag=aj.dino.bone.leg_right_1] run data modify entity @s {} merge value {transformation:[-0.14704840517030662f,-0.9417644321684349f,0.30241779186968243f,-0.45887262303766885f,-0.28921268586579696f,0.3333169417381059f,0.8973604842451266f,0.43041016333678367f,-0.945903160408697f,0.044492366230865554f,-0.32138394557914274f,-0.4815842511641313f,0f,0f,0f,1f],start_interpolation:0}
execute if entity @s[tag=aj.dino.bone.leg_right_0] run data modify entity @s {} merge value {transformation:[-0.07690772789486078f,0.9783186289285497f,0.19229628618725988f,-0.08146455938400687f,-0.23950188284520316f,0.1690929758496689f,-0.9560577459713958f,0.6024788681765655f,-0.9678450544914989f,-0.11958355158493092f,0.2213045970753467f,-0.4340154287233085f,0f,0f,0f,1f],start_interpolation:0}
execute if entity @s[tag=aj.dino.bone.tail_4] run data modify entity @s {} merge value {transformation:[-2.365941702931179f,-0.833308068474976f,1.1548068465962689f,1.6241755718685944f,-1.4093302209844405f,1.6914959191200423f,-1.666820690842356f,0.15313958852538972f,-0.2043759236090708f,-2.017449020474804f,-1.8745109397478037f,-0.4281338332854362f,0f,0f,0f,1f],start_interpolation:0}
execute if entity @s[tag=aj.dino.bone.tail_3] run data modify entity @s {} merge value {transformation:[-1.284845950202878f,0.04755200819556612f,1.6379423728593987f,1.3459757404313666f,-1.468161106205068f,0.8909922666597107f,-1.1775318564793675f,0.34408641790679784f,-0.7277495286968026f,-1.8814401700063714f,-0.5162451319019117f,-0.3221863671890206f,0f,0f,0f,1f],start_interpolation:0}
execute if entity @s[tag=aj.dino.bone.tail_2] run data modify entity @s {} merge value {transformation:[-0.4730088606607583f,0.3721001934937411f,1.8591874404537883f,1.0000956342463754f,-1.7071971159882158f,0.7501008349386695f,-0.5844660978949978f,0.451653499244772f,-0.8249330275244808f,-1.7656908162045268f,0.14351068487420363f,-0.34989483389198917f,0f,0f,0f,1f],start_interpolation:0}
execute if entity @s[tag=aj.dino.bone.tail_1] run data modify entity @s {} merge value {transformation:[-0.38980990859004955f,0.2256147699457149f,1.4438845039501462f,0.6870023043953669f,-0.8606393372307447f,1.1723022883786374f,-0.4155280085303931f,0.5275625368444095f,-1.1811030507013527f,-0.928688090935031f,-0.17375345573370973f,-0.3000243835999309f,0f,0f,0f,1f],start_interpolation:0}
execute if entity @s[tag=aj.dino.bone.tail_0] run data modify entity @s {} merge value {transformation:[0.09989210902095727f,-0.053061253329644016f,1.273201392763321f,0.3136628029131953f,-0.3827968810989168f,1.216873937556024f,0.08074704020499622f,0.5333317107445832f,-1.215452109694296f,-0.3876055212145627f,0.0792076104152888f,-0.332524300004968f,0f,0f,0f,1f],start_interpolation:0}
execute if entity @s[tag=aj.dino.bone.body_1] run data modify entity @s {} merge value {transformation:[-0.3118257258550533f,0.21221888428737803f,1.1774262001938973f,0.025633256615146174f,-0.02312960339439065f,1.2154646660760715f,-0.22520049294717917f,0.5038175f,-1.196174875675809f,-0.0788250323733188f,-0.3025836679821929f,-0.25686841040940817f,0f,0f,0f,1f],start_interpolation:0}