execute if entity @s[tag=aj.dino.bone.head_lower] run data modify entity @s {} merge value {transformation:[-0.9309454830042607f,-0.27366036863968873f,-0.24176540345953884f,0.0943020346214889f,-0.30896634833582864f,0.9432064510344024f,0.12207123462597752f,0.37235224867804534f,0.1946286291119251f,0.18833903834063903f,-0.9626256299137974f,0.7105598646557477f,0f,0f,0f,1f],start_interpolation:0}
execute if entity @s[tag=aj.dino.bone.head_upper] run data modify entity @s {} merge value {transformation:[-0.9690207653651838f,-0.07054384091754783f,-0.3734893109356417f,0.06666981043220435f,-0.32160294324678557f,0.6973296971547525f,0.702691100658442f,0.43635244117211835f,0.20258885894734074f,0.7695627346475187f,-0.670971604656824f,0.6816480670832761f,0f,0f,0f,1f],start_interpolation:0}
execute if entity @s[tag=aj.dino.bone.neck_0] run data modify entity @s {} merge value {transformation:[-0.9705608937249366f,-0.2102013721583508f,0.11758798711857908f,0.07799884504325523f,-0.20325259287417313f,0.9767348752193875f,0.06839127883065896f,0.42498618708632735f,-0.12922822857943314f,0.04247783743216965f,-0.9907046473421367f,0.6169395089388101f,0f,0f,0f,1f],start_interpolation:0}
execute if entity @s[tag=aj.dino.bone.neck_1] run data modify entity @s {} merge value {transformation:[-0.9971862531286638f,-0.030931593773748545f,0.068284793899026f,0.08364096533835622f,-0.010742265805353889f,0.9604639049762774f,0.2781972159513596f,0.45297787976810444f,-0.07419016307155403f,0.2766809059988348f,-0.9580936780707197f,0.5370510337755189f,0f,0f,0f,1f],start_interpolation:0}
execute if entity @s[tag=aj.dino.bone.neck_2] run data modify entity @s {} merge value {transformation:[-0.9984259819858611f,0.04712659288343515f,-0.030407938745797322f,0.08143840064313317f,0.0348155376806896f,0.9458474372328113f,0.3227390645957311f,0.4905126799348325f,0.04397086343902839f,0.3211723987569946f,-0.9459993939982754f,0.45731887038239516f,0f,0f,0f,1f],start_interpolation:0}
execute if entity @s[tag=aj.dino.bone.body_0] run data modify entity @s {} merge value {transformation:[-0.9939902012039905f,0.03876985700462784f,-0.10237371781024257f,0.03355938269089796f,0.027193217507801272f,0.9933193089758939f,0.11214847006190481f,0.5528304413853771f,0.10603777078015113f,0.10869060954605622f,-0.9884039369430309f,-0.007476784664903646f,0f,0f,0f,1f],start_interpolation:0}
execute if entity @s[tag=aj.dino.bone.leg_left_3] run data modify entity @s {} merge value {transformation:[-0.9986480323328988f,-0.00789226430619796f,-0.05137917556511073f,0.3501423666663925f,-0.007005138268824557f,0.9998236593066422f,-0.01742349931874826f,0.017940620940013585f,0.05150762618742989f,-0.01704002508204977f,-0.9985272164491762f,-0.18781834289948732f,0f,0f,0f,1f],start_interpolation:0}
execute if entity @s[tag=aj.dino.bone.leg_left_2] run data modify entity @s {} merge value {transformation:[-1.0141477333081557f,-0.15289920482584296f,0.013726168083231205f,0.31335265732466f,-0.14841872550009827f,0.9531270850400234f,-0.34868731147652765f,0.22910690725596095f,0.039223162130948765f,-0.3467460056401912f,-0.9645159151749217f,-0.2983913453734088f,0f,0f,0f,1f],start_interpolation:0}
execute if entity @s[tag=aj.dino.bone.leg_left_1] run data modify entity @s {} merge value {transformation:[-0.9663493531761215f,-0.07887870630624604f,0.24484092245281325f,0.29818378474423524f,0.1914667570070166f,0.4150751687241582f,0.8894116511884851f,0.2908856206814289f,-0.17178302761712988f,0.9063612712379455f,-0.38600497072269413f,-0.028267889279906255f,0f,0f,0f,1f],start_interpolation:0}
execute if entity @s[tag=aj.dino.bone.leg_left_0] run data modify entity @s {} merge value {transformation:[-0.9786464678909629f,0.16303094573988575f,0.12518786528933606f,0.23821122818067675f,0.09618752896275563f,0.9014646595032285f,-0.42203012562940034f,0.6903700985656986f,-0.18165640686907125f,-0.4009767803724885f,-0.8978967487665449f,-0.13373221003918634f,0f,0f,0f,1f],start_interpolation:0}
execute if entity @s[tag=aj.dino.bone.leg_right_3] run data modify entity @s {} merge value {transformation:[-0.9417895078254991f,0.14910810354947565f,0.30132921598425044f,-0.26322653385995165f,0.20741703651060286f,0.9630640548959448f,0.17171429507335356f,0.15045094682895874f,-0.2645953437136854f,0.22421953443725293f,-0.9379311832228298f,-0.4138651561258394f,0f,0f,0f,1f],start_interpolation:0}
execute if entity @s[tag=aj.dino.bone.leg_right_2] run data modify entity @s {} merge value {transformation:[-0.969723208739361f,0.22983658757861677f,0.24264014701435785f,-0.20064888411407983f,0.28046618179453014f,0.9646112993566828f,0.20718581400207664f,0.38126830067818374f,-0.18176308426776266f,0.2622258257005258f,-0.9748138268581552f,-0.3825848271579365f,0f,0f,0f,1f],start_interpolation:0}
execute if entity @s[tag=aj.dino.bone.leg_right_1] run data modify entity @s {} merge value {transformation:[-0.9789271794766387f,-0.12646815622341115f,-0.16033521990930144f,-0.24599869783194844f,-0.13331821944192618f,-0.1989478642102117f,0.9708995827020572f,0.27307239443587067f,-0.1546862296610387f,0.9718155960817081f,0.1778949621703954f,-0.1310884535699167f,0f,0f,0f,1f],start_interpolation:0}
execute if entity @s[tag=aj.dino.bone.leg_right_0] run data modify entity @s {} merge value {transformation:[-0.9816233653643246f,-0.01467393558234617f,0.19026361760815746f,-0.15310993914305782f,-0.07827761810971492f,0.9402588952918249f,-0.33133943974067814f,0.6783234753771461f,-0.17403500531182697f,-0.34014391871547844f,-0.9241287418357846f,-0.16917412633039142f,0f,0f,0f,1f],start_interpolation:0}
execute if entity @s[tag=aj.dino.bone.tail_4] run data modify entity @s {} merge value {transformation:[-1.586205684807284f,-0.5206296450779546f,-2.199672164153345f,-0.27991301466136237f,-0.692965153847059f,2.6698281988640997f,-0.13220444661129901f,0.6814042151779609f,2.1516068768803422f,0.47604988479788685f,-1.6642192422109356f,-1.7833871125874265f,0f,0f,0f,1f],start_interpolation:0}
execute if entity @s[tag=aj.dino.bone.tail_3] run data modify entity @s {} merge value {transformation:[-1.4945564863576963f,-0.2609789749443051f,-1.4262315414292324f,-0.035522966222188715f,-0.16490276501417636f,2.065589066871993f,-0.20516922516306554f,0.6959799232771519f,1.440504603679302f,-0.034311914845329736f,-1.5032347472443648f,-1.5281582811594876f,0f,0f,0f,1f],start_interpolation:0}
execute if entity @s[tag=aj.dino.bone.tail_2] run data modify entity @s {} merge value {transformation:[-1.7737749445106838f,-0.16703234440518192f,-0.8028676834643476f,0.1123770277229832f,-0.06082666797686834f,1.9347305748128352f,-0.26812607920529535f,0.7462393725317782f,0.817799754030124f,-0.21838423434323562f,-1.7613306797706572f,-1.2001780019950532f,0f,0f,0f,1f],start_interpolation:0}
execute if entity @s[tag=aj.dino.bone.tail_1] run data modify entity @s {} merge value {transformation:[-1.5043074268756613f,0.08639122953806445f,-0.13134675826083367f,0.14102251417355283f,0.09681885957473801f,1.5046856432918123f,-0.11917832563915483f,0.7533994929539577f,0.12386090536313549f,-0.1269406173390013f,-1.5020655131492164f,-0.8755168774661403f,0f,0f,0f,1f],start_interpolation:0}
execute if entity @s[tag=aj.dino.bone.tail_0] run data modify entity @s {} merge value {transformation:[-1.2561913225115209f,0.016101900976316273f,0.23571127808344944f,0.07253076783133827f,0.0339894651929581f,1.2742947076198181f,0.09409267225478782f,0.7566544284555985f,-0.23380289580473762f,0.09873927030872323f,-1.2527659314477897f,-0.5070468008267268f,0f,0f,0f,1f],start_interpolation:0}
execute if entity @s[tag=aj.dino.bone.body_1] run data modify entity @s {} merge value {transformation:[-1.2307492819168484f,-0.06098141034932152f,0.10070783340545297f,0.05322513799787154f,-0.03788799093141882f,1.2064812813678565f,0.26752946175777725f,0.6131925f,-0.11146883089273671f,0.2632276208095057f,-1.202867621327727f,-0.24512717661432626f,0f,0f,0f,1f],start_interpolation:0}