execute if entity @s[tag=aj.dino.bone.head_lower] run data modify entity @s {} merge value {transformation:[0.5254953688242653f,0.10132758657618629f,-0.8447409884354463f,0.8930565560126873f,-0.44122959544325485f,0.8813839461531483f,-0.16875658081534495f,0.3821308670384451f,0.7274414488116765f,0.4614055262587888f,0.507871911891787f,-0.34107574509291333f,0f,0f,0f,1f],start_interpolation:0}
execute if entity @s[tag=aj.dino.bone.head_upper] run data modify entity @s {} merge value {transformation:[0.5469879104527741f,0.6718020796790208f,-0.5770252456703758f,0.8685328945740833f,-0.45927570205121926f,0.7950752230437381f,0.4902990534263931f,0.4336414237330813f,0.7571935009674705f,-0.00304926620680593f,0.7142273074111157f,-0.2916722121175252f,0f,0f,0f,1f],start_interpolation:0}
execute if entity @s[tag=aj.dino.bone.neck_0] run data modify entity @s {} merge value {transformation:[0.4573427049238138f,0.3814162922931553f,-0.803342555966203f,0.8102483781970217f,-0.427474894612314f,0.8864297357137353f,0.17750362846620504f,0.4308688523279427f,0.7798095054108795f,0.2622287848727136f,0.5684480624076572f,-0.2594237353660207f,0f,0f,0f,1f],start_interpolation:0}
execute if entity @s[tag=aj.dino.bone.neck_1] run data modify entity @s {} merge value {transformation:[0.4147139286069692f,0.3918210600046109f,-0.8212725578979472f,0.7424808839865519f,-0.1668265063189407f,0.9199862387708395f,0.3546748331383277f,0.4651527274056814f,0.8945285206234568f,-0.01007856185908275f,0.44689724588775726f,-0.22161210378763996f,0f,0f,0f,1f],start_interpolation:0}
execute if entity @s[tag=aj.dino.bone.neck_2] run data modify entity @s {} merge value {transformation:[0.28500067845165106f,0.26355795517980224f,-0.9215811508182771f,0.6643238604211719f,-0.25959281805498885f,0.9467473965187639f,0.1904755522349574f,0.491109063077147f,0.9227059022767591f,0.18495018639186042f,0.33824140263611724f,-0.19016884218755348f,0f,0f,0f,1f],start_interpolation:0}
execute if entity @s[tag=aj.dino.bone.body_0] run data modify entity @s {} merge value {transformation:[0.31862723511881724f,0.06512539108504883f,-0.9456401897532473f,0.21926758589800202f,-0.24732807189894485f,0.9687893146756976f,-0.01661591468871229f,0.49250697400296634f,0.9150439934185068f,0.23917764779805747f,0.3247899981565011f,-0.03481806795155139f,0f,0f,0f,1f],start_interpolation:0}
execute if entity @s[tag=aj.dino.bone.leg_left_3] run data modify entity @s {} merge value {transformation:[-0.0950139254596837f,0.20823712829033497f,-0.9734524397062945f,-0.3494038608843991f,-0.09212274634551923f,0.9718408882540515f,0.21688404165206726f,0.05913034173354331f,0.991204193682866f,0.11028411634941415f,-0.07315504156603347f,-0.5375863021168237f,0f,0f,0f,1f],start_interpolation:0}
execute if entity @s[tag=aj.dino.bone.leg_left_2] run data modify entity @s {} merge value {transformation:[-0.14338447364818466f,0.0810058577544407f,-1.0123937688601186f,-0.3620314587195371f,-0.29637335268105264f,0.9745950268103382f,0.11995652978409801f,0.2895544343231453f,0.9714246898436953f,0.3092972425139255f,-0.1128338922312638f,-0.4674695894643599f,0f,0f,0f,1f],start_interpolation:0}
execute if entity @s[tag=aj.dino.bone.leg_left_1] run data modify entity @s {} merge value {transformation:[-0.24667842296195902f,0.96440337875092f,-0.09526740627733338f,-0.09006781737502015f,0.09300378235875151f,0.12141048084936296f,0.9882356963836574f,0.2682733239870244f,0.9646243062000701f,0.23491619397933416f,-0.11964250789036918f,-0.4165159066803019f,0f,0f,0f,1f],start_interpolation:0}
execute if entity @s[tag=aj.dino.bone.leg_left_0] run data modify entity @s {} merge value {transformation:[-0.2697602756276163f,0.37432291457135636f,-0.887193186019887f,0.09776005003107596f,0.039412067018822855f,0.9248699318203832f,0.3782357706350145f,0.6051992245143898f,0.962120617524963f,0.06706686843266663f,-0.2642460075233287f,-0.2568008217823659f,0f,0f,0f,1f],start_interpolation:0}
execute if entity @s[tag=aj.dino.bone.leg_right_3] run data modify entity @s {} merge value {transformation:[-0.5746396231387483f,0.0961673325825901f,-0.8127368255855684f,0.0250707973197182f,0.07175542438102941f,0.995168104485481f,0.06701942171245995f,0.02734714399613422f,0.8152548451808526f,-0.019806260594158367f,-0.5787635522822947f,0.2798491978485619f,0f,0f,0f,1f],start_interpolation:0}
execute if entity @s[tag=aj.dino.bone.leg_right_2] run data modify entity @s {} merge value {transformation:[-0.5901135280872105f,-0.002337998400176277f,-0.8389414504198967f,-0.00048574594737613164f,0.202933624302712f,0.9948392315967638f,-0.14551648327258349f,0.25443078650151907f,0.8140308148937146f,-0.24970309677722288f,-0.5718954409365701f,0.202706768092044f,0f,0f,0f,1f],start_interpolation:0}
execute if entity @s[tag=aj.dino.bone.leg_right_1] run data modify entity @s {} merge value {transformation:[-0.44717693668945774f,0.828031675699429f,-0.3382252671392666f,0.23349697599485209f,-0.16633107342049042f,0.2945613377815598f,0.9410460096611245f,0.2812317582209834f,0.8788439914500299f,0.4770714436253058f,0.006006360748946893f,0.349496343359377f,0f,0f,0f,1f],start_interpolation:0}
execute if entity @s[tag=aj.dino.bone.leg_right_0] run data modify entity @s {} merge value {transformation:[-0.4967402966711122f,-0.8379287786293674f,-0.22610714187701436f,-0.01933577220379828f,-0.1460695114523775f,0.3375216977940628f,-0.929915480752029f,0.5064390020726505f,0.8555190094247814f,-0.42889913203795393f,-0.2900564756214393f,0.1052330073477955f,0f,0f,0f,1f],start_interpolation:0}
execute if entity @s[tag=aj.dino.bone.tail_4] run data modify entity @s {} merge value {transformation:[-0.2989655220915141f,-2.462243878099788f,1.2139341139290334f,-1.043216158365607f,2.7165220706735598f,-0.08921303613381482f,0.4880678286132242f,0.28345059891793545f,-0.3959656396001916f,1.2470194266906616f,2.431833689484564f,0.7524592177085936f,0f,0f,0f,1f],start_interpolation:0}
execute if entity @s[tag=aj.dino.bone.tail_3] run data modify entity @s {} merge value {transformation:[-0.47213643670855215f,-2.0276358613675822f,0.04153943755924658f,-1.0304177031947765f,2.0237045944588576f,-0.4682292449858587f,0.14603634667619864f,0.26327022191949256f,-0.13286243089266883f,0.07348274546150402f,2.076750679937574f,0.39959996054760216f,0f,0f,0f,1f],start_interpolation:0}
execute if entity @s[tag=aj.dino.bone.tail_2] run data modify entity @s {} merge value {transformation:[0.30350353811491804f,-1.8104992259613022f,-0.66988956563603f,-0.9060930854196557f,1.8204506249569261f,0.4940660445942688f,-0.5105214399765104f,0.35963873011547665f,0.6423542631978417f,-0.5447615729613057f,1.7633461668597743f,0.0721431175708653f,0f,0f,0f,1f],start_interpolation:0}
execute if entity @s[tag=aj.dino.bone.tail_1] run data modify entity @s {} merge value {transformation:[0.19684492460755773f,-1.0242474066067795f,-1.0953654986877817f,-0.6580503447929194f,1.183816324724087f,0.7843175604837822f,-0.5206545146577771f,0.4609593159306199f,0.9205906989390026f,-0.789569163769746f,0.9037419712788288f,-0.11355991070622537f,0f,0f,0f,1f],start_interpolation:0}
execute if entity @s[tag=aj.dino.bone.tail_0] run data modify entity @s {} merge value {transformation:[0.3088089117326799f,0.0330136708918692f,-1.2399124445511263f,-0.2949224315613493f,-0.06424443922462267f,1.2764735995720133f,0.017986611921353576f,0.48650679167526706f,1.2386869760545718f,0.05797381921125228f,0.3100472999767446f,-0.20276392640026997f,0f,0f,0f,1f],start_interpolation:0}
execute if entity @s[tag=aj.dino.bone.body_1] run data modify entity @s {} merge value {transformation:[-0.36827959018074163f,-0.30437583851882916f,-1.1403201688291387f,-0.009312092924106018f,-0.31061205731189856f,1.1774308544006065f,-0.2139657169131957f,0.45694250000000003f,1.1386372944731018f,0.2227476758300019f,-0.42719220452105344f,-0.11845135955350494f,0f,0f,0f,1f],start_interpolation:0}