execute if entity @s[tag=aj.dino.bone.head_lower] run data modify entity @s {} merge value {transformation:[-0.23778094290745466f,-0.4449667088268413f,0.8634030641744624f,-0.3107723055148496f,-0.08735624523928254f,0.8950921086294932f,0.43724021256844847f,0.6047073081761705f,-0.9673826076624159f,0.02854374020720926f,-0.2517064665185366f,0.6388587317914626f,0f,0f,0f,1f],start_interpolation:0}
execute if entity @s[tag=aj.dino.bone.head_upper] run data modify entity @s {} merge value {transformation:[-0.24750608439697672f,-0.4306228186936394f,0.9147549774613576f,-0.25745786184593383f,-0.09092907927113368f,0.9474302997895765f,0.4214020315174624f,0.6550037239934576f,-1.0069481532397222f,0.020291812252370426f,-0.26289846257849053f,0.6208782661688649f,0f,0f,0f,1f],start_interpolation:0}
execute if entity @s[tag=aj.dino.bone.neck_0] run data modify entity @s {} merge value {transformation:[-0.24654777898275376f,-0.021334950800572655f,0.9688957697053943f,-0.1943812726916049f,-0.2296090855260736f,0.972578974979952f,-0.037010880438408264f,0.6368979431551672f,-0.9415380292492445f,-0.23159222202242255f,-0.2446858847096936f,0.6091198285520436f,0f,0f,0f,1f],start_interpolation:0}
execute if entity @s[tag=aj.dino.bone.neck_1] run data modify entity @s {} merge value {transformation:[-0.4429560672794973f,-0.21854243116133412f,0.8694993549407469f,-0.12173006281164647f,-0.3160133117825684f,0.9456499100809537f,0.07669311794481647f,0.6477513477717705f,-0.8390026872641675f,-0.24080168883539382f,-0.4879436826289766f,0.5666752510922812f,0f,0f,0f,1f],start_interpolation:0}
execute if entity @s[tag=aj.dino.bone.neck_2] run data modify entity @s {} merge value {transformation:[-0.7766220470030079f,-0.31515889332204583f,0.5454659183385165f,-0.07702875991073603f,-0.31071200144245587f,0.9448490382529738f,0.10352945026442265f,0.6660719667009565f,-0.5480111753134977f,-0.08907955361615566f,-0.8317142447133301f,0.4929387008939349f,0f,0f,0f,1f],start_interpolation:0}
execute if entity @s[tag=aj.dino.bone.body_0] run data modify entity @s {} merge value {transformation:[-0.9334130869739097f,-0.1902857310240466f,0.30418966063047015f,0.06452197698800936f,-0.2584753502025671f,0.9446115582595447f,-0.2022362414112147f,0.5797573903666262f,-0.2488583982981019f,-0.2673954834531036f,-0.9308969615512687f,0.051663177554182704f,0f,0f,0f,1f],start_interpolation:0}
execute if entity @s[tag=aj.dino.bone.leg_left_3] run data modify entity @s {} merge value {transformation:[-0.9172389248206798f,-0.3257883844280953f,0.2292044575603509f,0.5362641436435465f,-0.34081849698648403f,0.9397056532736239f,-0.02821413329284128f,0.06049702614489011f,-0.20619288762146254f,-0.10399622001459413f,-0.9729693105730515f,-0.0369532672731675f,0f,0f,0f,1f],start_interpolation:0}
execute if entity @s[tag=aj.dino.bone.leg_left_2] run data modify entity @s {} merge value {transformation:[-0.9261695267962741f,-0.24957487590776434f,0.36329683242533806f,0.48787926251999414f,-0.38283687734684163f,0.874461816057678f,-0.37525279093048947f,0.2521418889419622f,-0.2184219139142853f,-0.4744376809164995f,-0.8827587178551617f,-0.1751640552318748f,0f,0f,0f,1f],start_interpolation:0}
execute if entity @s[tag=aj.dino.bone.leg_left_1] run data modify entity @s {} merge value {transformation:[-0.894692974042461f,-0.42187287252824196f,0.14679155842154554f,0.38330268255216704f,-0.05037631317235311f,0.4218286429080106f,0.905274998601832f,0.31973043369240456f,-0.4438318479674677f,0.8025483633072562f,-0.39865952300506596f,0.07284585021650791f,0f,0f,0f,1f],start_interpolation:0}
execute if entity @s[tag=aj.dino.bone.leg_left_0] run data modify entity @s {} merge value {transformation:[-0.8932962951009774f,0.08778290206466406f,0.44081276213827236f,0.27801560390620195f,-0.12345041973726054f,0.8951069854645995f,-0.42841974562241114f,0.691700297368446f,-0.43218251124445295f,-0.4371242920241139f,-0.7887589177288936f,-0.08482573933430052f,0f,0f,0f,1f],start_interpolation:0}
execute if entity @s[tag=aj.dino.bone.leg_right_3] run data modify entity @s {} merge value {transformation:[-0.8597731893017736f,-0.028683173890092256f,0.5098699231112256f,-0.2777440180121554f,-0.009629063228070625f,0.9991544348753664f,0.039971194756185935f,0.07232291146492814f,-0.5105852956159296f,0.02945659186799865f,-0.8593223871727744f,-0.2085412979425636f,0f,0f,0f,1f],start_interpolation:0}
execute if entity @s[tag=aj.dino.bone.leg_right_2] run data modify entity @s {} merge value {transformation:[-0.9444356838790086f,0.2664304900923713f,0.298526770099136f,-0.20494846626230512f,0.1724248811659855f,0.9615449407635547f,-0.31267105198211437f,0.28652720883922445f,-0.36107215189152886f,-0.23771478780640729f,-0.9301509448940368f,-0.29213794080478933f,0f,0f,0f,1f],start_interpolation:0}
execute if entity @s[tag=aj.dino.bone.leg_right_1] run data modify entity @s {} merge value {transformation:[-0.9936854703472022f,0.028314811117853726f,-0.1085700579912328f,-0.21128793537667773f,-0.09007114976484204f,0.3756965252118698f,0.9223553051420943f,0.3378801244284988f,0.06690570977800617f,0.9263100951706651f,-0.3707738307702072f,-0.019491512528909696f,0f,0f,0f,1f],start_interpolation:0}
execute if entity @s[tag=aj.dino.bone.leg_right_0] run data modify entity @s {} merge value {transformation:[-0.9982854756428996f,-0.05008631270404433f,-0.03028977385425849f,-0.11241140503782472f,-0.0355367942644291f,0.9298168332801138f,-0.3663028703168302f,0.7369078382216754f,0.04651070171301522f,-0.36459843366182154f,-0.9300025466618407f,-0.09234474813031379f,0f,0f,0f,1f],start_interpolation:0}
execute if entity @s[tag=aj.dino.bone.tail_4] run data modify entity @s {} merge value {transformation:[-2.223166758272772f,-0.14185878156983484f,1.6318906160041653f,0.60775871857621f,-1.1552266228556591f,2.0861957194250014f,-1.392443967166475f,0.8728871553777242f,-1.161310615794259f,-1.8036975461380225f,-1.7388772663127305f,-1.7227568885780444f,0f,0f,0f,1f],start_interpolation:0}
execute if entity @s[tag=aj.dino.bone.tail_3] run data modify entity @s {} merge value {transformation:[-1.6936361933367854f,0.4786522105994338f,1.1128495100202906f,0.4143765784061622f,0.24948397606499978f,2.0096690758375853f,-0.48469936801418423f,0.9354080669249639f,-1.1854533800833018f,-0.260898050883532f,-1.6919154874693634f,-1.4333174529143466f,0f,0f,0f,1f],start_interpolation:0}
execute if entity @s[tag=aj.dino.bone.tail_2] run data modify entity @s {} merge value {transformation:[-1.8593565901568345f,0.49008306600190776f,0.34840426814448544f,0.34835071067047174f,0.505186075318942f,1.8872875226476258f,0.04131236092515186f,0.9285508320952572f,-0.3261195715484877f,0.12937646725558435f,-1.9224155715599767f,-1.0761549589576325f,0f,0f,0f,1f],start_interpolation:0}
execute if entity @s[tag=aj.dino.bone.tail_1] run data modify entity @s {} merge value {transformation:[-1.1342277615474858f,0.7837519197763023f,0.6220261756404951f,0.20600066940842954f,0.8629704152444682f,1.242121568486927f,0.008504205569499811f,0.91071271126105f,-0.506424424122465f,0.3612799293436297f,-1.3786469327952287f,-0.7834179708665694f,0f,0f,0f,1f],start_interpolation:0}
execute if entity @s[tag=aj.dino.bone.tail_0] run data modify entity @s {} merge value {transformation:[-1.1847904594356826f,0.2805284829160293f,0.38911573353829193f,0.09906166018786078f,0.42088800826769496f,1.1053580920468868f,0.48463645078238454f,0.7957649361270529f,-0.2301316325728923f,0.5773412987162142f,-1.1169387508140443f,-0.4430902338255689f,0f,0f,0f,1f],start_interpolation:0}
execute if entity @s[tag=aj.dino.bone.body_1] run data modify entity @s {} merge value {transformation:[-1.2279370527924394f,0.13211563749760932f,0.057625061945894514f,0.07676571474063949f,0.14218282344105657f,1.1913780114738355f,0.29834053286677104f,0.6461571776406037f,-0.023648132146054046f,0.3029331397544676f,-1.198447693368698f,-0.18487262942124857f,0f,0f,0f,1f],start_interpolation:0}