execute if entity @s[tag=aj.dino.bone.head_lower] run data modify entity @s {} merge value {transformation:[-0.937330223040061f,0.2456660532264046f,-0.24710370953879096f,-0.09749474402984278f,0.13229427274687883f,0.906974213909235f,0.39986997974604116f,0.26786837776859784f,0.32235117244093325f,0.34211981175589096f,-0.8826345540653104f,0.5417533717336422f,0f,0f,0f,1f],start_interpolation:0}
execute if entity @s[tag=aj.dino.bone.head_upper] run data modify entity @s {} merge value {transformation:[-0.97566663860814f,0.3597564352935537f,-0.04606365330144534f,-0.09289489010181795f,0.13770505337961253f,0.4897347470846729f,0.9081129546235623f,0.34151090429469677f,0.33553520108077894f,0.8451077607892934f,-0.5066368956885148f,0.52590798999351f,0f,0f,0f,1f],start_interpolation:0}
execute if entity @s[tag=aj.dino.bone.neck_0] run data modify entity @s {} merge value {transformation:[-0.8701910406730178f,-0.14384551675998863f,0.47124942444576245f,-0.05980695579710806f,0.13456525138730355f,0.8506911151674491f,0.508150390823655f,0.36051706810547396f,-0.4739828539636031f,0.5056017146759032f,-0.7209071786751082f,0.47123907199669945f,0f,0f,0f,1f],start_interpolation:0}
execute if entity @s[tag=aj.dino.bone.neck_1] run data modify entity @s {} merge value {transformation:[-0.8502487332046593f,-0.13578050036033154f,0.5085673479547919f,-0.017350150271492816f,0.10938613252405084f,0.8994895398819365f,0.42302865346736584f,0.4004969831792802f,-0.5148900520453887f,0.4153097920406886f,-0.7499373380088612f,0.409622816837995f,0f,0f,0f,1f],start_interpolation:0}
execute if entity @s[tag=aj.dino.bone.neck_2] run data modify entity @s {} merge value {transformation:[-0.9514237272935765f,-0.003931344405302729f,0.3078594414241106f,0.009582155424251802f,0.10451328902637089f,0.9364212845656312f,0.3349509669031324f,0.4390093496514468f,-0.2896029412138087f,0.3508557001726208f,-0.890522551144378f,0.33504145902811644f,0f,0f,0f,1f],start_interpolation:0}
execute if entity @s[tag=aj.dino.bone.body_0] run data modify entity @s {} merge value {transformation:[-0.9931892140181495f,0.06062022018464974f,0.09950062342907812f,0.05705390949157247f,0.07451639197794671f,0.986987851096619f,0.14248610147753754f,0.5155648079714388f,-0.08956836765621909f,0.14893008659247708f,-0.9847828881651821f,-0.1276642779909016f,0f,0f,0f,1f],start_interpolation:0}
execute if entity @s[tag=aj.dino.bone.leg_left_3] run data modify entity @s {} merge value {transformation:[-0.9798624491195829f,-0.08626783152561762f,0.1800762117805695f,0.579060651006842f,-0.0858483810374344f,0.9962566497080891f,0.010136241200066176f,0.04066698179863476f,-0.18027655498878492f,-0.005527129117552487f,-0.9836004344067227f,-0.1868103598226831f,0f,0f,0f,1f],start_interpolation:0}
execute if entity @s[tag=aj.dino.bone.leg_left_2] run data modify entity @s {} merge value {transformation:[-0.9306778651146193f,-0.2748264231592615f,0.33222183555551454f,0.5238223201520703f,-0.3941324380363241f,0.8627144980220067f,-0.3904427175539006f,0.22908660135999157f,-0.17481570917378128f,-0.48192979938661024f,-0.8883948085113645f,-0.32687408044564814f,0f,0f,0f,1f],start_interpolation:0}
execute if entity @s[tag=aj.dino.bone.leg_left_1] run data modify entity @s {} merge value {transformation:[-0.910628375303662f,-0.3942174839998833f,0.12388921422228244f,0.4282908629447875f,-0.06611037692440158f,0.4349337834726493f,0.898032305686761f,0.3009328822517324f,-0.4079036407716f,0.8095833368486335f,-0.42212491106579486f,-0.07642400904289579f,0f,0f,0f,1f],start_interpolation:0}
execute if entity @s[tag=aj.dino.bone.leg_left_0] run data modify entity @s {} merge value {transformation:[-0.8574031180201538f,-0.03164601225447369f,0.513671512853991f,0.2743544550202705f,-0.22157728042972905f,0.9235611336233994f,-0.31295102054095736f,0.663265131297267f,-0.4645033928903894f,-0.38214311765181797f,-0.7988762329827226f,-0.215442720666024f,0f,0f,0f,1f],start_interpolation:0}
execute if entity @s[tag=aj.dino.bone.leg_right_3] run data modify entity @s {} merge value {transformation:[-0.8638616157749317f,0.006168445984480353f,0.503691432391758f,-0.2556070609563579f,0.022585685432383526f,0.9993937199722527f,0.026496778928225356f,0.03568441189226457f,-0.50322261038657f,0.034265766504754686f,-0.863477192311162f,-0.4572099332403875f,0f,0f,0f,1f],start_interpolation:0}
execute if entity @s[tag=aj.dino.bone.leg_right_2] run data modify entity @s {} merge value {transformation:[-0.9017241569882252f,0.3616128711205417f,0.3289253344522545f,-0.15975144432502192f,0.28085124430299124f,0.9481387855712586f,-0.27242911255887065f,0.24783919982792996f,-0.40009789149410724f,-0.14943618783986384f,-0.93255171571691f,-0.5202426135119322f,0f,0f,0f,1f],start_interpolation:0}
execute if entity @s[tag=aj.dino.bone.leg_right_1] run data modify entity @s {} merge value {transformation:[-0.9845612737857428f,-0.16506799170241762f,-0.05823792816306547f,-0.22111469109652893f,-0.08415265702017426f,0.15463395250696443f,0.9843813646389888f,0.23596456350275435f,-0.15348429391257187f,0.9740846466541826f,-0.1661375113415236f,-0.24985968021626445f,0f,0f,0f,1f],start_interpolation:0}
execute if entity @s[tag=aj.dino.bone.leg_right_0] run data modify entity @s {} merge value {transformation:[-0.98356448510067f,0.04840453238426978f,0.17394799479532416f,-0.10190537725358538f,-0.03108756216991043f,0.9036094268822367f,-0.42722776961228515f,0.6291447281441269f,-0.1778608082939744f,-0.42561368034194574f,-0.8872533617737371f,-0.32406059793384306f,0f,0f,0f,1f],start_interpolation:0}
execute if entity @s[tag=aj.dino.bone.tail_4] run data modify entity @s {} merge value {transformation:[-1.419352074484962f,-2.3498286922349174f,0.29900859085446313f,0.527458065454492f,-2.346675854650474f,1.3473577025182133f,-0.5508184694300945f,0.7397200474195361f,0.32282108582882957f,-0.5372091494142475f,-2.68939662525443f,-1.9524331966484239f,0f,0f,0f,1f],start_interpolation:0}
execute if entity @s[tag=aj.dino.bone.tail_3] run data modify entity @s {} merge value {transformation:[-1.836013778104092f,-0.9716695637675806f,0.1444201907771248f,0.512478287525002f,-0.9822015448575548f,1.8210071007211885f,-0.23485908636220237f,0.7617234853664433f,-0.016705027261724056f,-0.2752034229713989f,-2.063959675985327f,-1.5997688258842857f,0f,0f,0f,1f],start_interpolation:0}
execute if entity @s[tag=aj.dino.bone.tail_2] run data modify entity @s {} merge value {transformation:[-1.8965158777608286f,-0.45558425640518535f,0.12018479820502985f,0.4886254192685021f,-0.4630888042403014f,1.8942527518728376f,-0.12700057642486545f,0.7854409293517005f,-0.08689165547471987f,-0.15173454564038627f,-1.946329967623924f,-1.2380506932231141f,0f,0f,0f,1f],start_interpolation:0}
execute if entity @s[tag=aj.dino.bone.tail_1] run data modify entity @s {} merge value {transformation:[-1.3763363518939866f,0.1536458174070863f,0.6080686303769177f,0.3572125859320765f,0.16064051967012916f,1.5038557999716426f,-0.01638921388481036f,0.770431150301607f,-0.606258294702236f,0.04966835697865894f,-1.3847888591477682f,-0.9400875230725261f,0f,0f,0f,1f],start_interpolation:0}
execute if entity @s[tag=aj.dino.bone.tail_0] run data modify entity @s {} merge value {transformation:[-1.1250465746891176f,-0.05442780808724219f,0.60427107747362f,0.17931709256398343f,0.09287146456132205f,1.2426101152517943f,0.2848345293818595f,0.7171822762425067f,-0.5995671875899701f,0.2946072500207159f,-1.0897529409846585f,-0.6145269877622062f,0f,0f,0f,1f],start_interpolation:0}
execute if entity @s[tag=aj.dino.bone.body_1] run data modify entity @s {} merge value {transformation:[-1.1833796815854354f,-0.1739326587463931f,0.3129928984632308f,0.11826622688211945f,-0.10731252277160834f,1.2033054261116256f,0.26295373928309573f,0.5749980555555556f,-0.34161549543806796f,0.2245174308778274f,-1.166831338096845f,-0.35837788861452113f,0f,0f,0f,1f],start_interpolation:0}