execute if entity @s[tag=aj.dino.bone.head_lower] run data modify entity @s {} merge value {transformation:[-0.949949119062782f,-0.18271401702145817f,-0.25340137958528647f,0.09405756570375765f,-0.23969546257215057f,0.9464906675906448f,0.21610530161506541f,0.36025267373531666f,0.20035657317434585f,0.2660282017901444f,-0.9429136967072519f,0.6908242560200359f,0f,0f,0f,1f],start_interpolation:0}
execute if entity @s[tag=aj.dino.bone.head_upper] run data modify entity @s {} merge value {transformation:[-0.988801642220317f,0.005337551256982001f,-0.325138071398122f,0.07145630463913348f,-0.24949890711824216f,0.6550243633608529f,0.7695227880537518f,0.4279324947560353f,0.20855107353527114f,0.8089416150339873f,-0.6209604301217573f,0.6662461902562483f,0f,0f,0f,1f],start_interpolation:0}
execute if entity @s[tag=aj.dino.bone.neck_0] run data modify entity @s {} merge value {transformation:[-0.9799489654612332f,-0.15712594581075376f,0.12252127262044976f,0.08224585457527953f,-0.1474317367123564f,0.9854484273061808f,0.08458888892611019f,0.41745413410710897f,-0.13402950459296983f,0.06482927018601575f,-0.9888545179275422f,0.6012960106985032f,0f,0f,0f,1f],start_interpolation:0}
execute if entity @s[tag=aj.dino.bone.neck_1] run data modify entity @s {} merge value {transformation:[-0.996344857071734f,-0.013579785803877076f,0.08433572910828815f,0.08932763736147084f,0.010876480759589087f,0.9590798793583042f,0.28292664628194203f,0.4458400955786407f,-0.08472678415348966f,0.2828097848865587f,-0.9554266050406104f,0.5216617066051217f,0f,0f,0f,1f],start_interpolation:0}
execute if entity @s[tag=aj.dino.bone.neck_2] run data modify entity @s {} merge value {transformation:[-0.9985010284452704f,0.04999900948904594f,-0.022266460065567803f,0.0878664500135553f,0.04001867676842642f,0.9444557520870495f,0.326192945753568f,0.48366385617152374f,0.0373390104775346f,0.32481291753838887f,-0.9450409339794538f,0.44204915445229087f,0f,0f,0f,1f],start_interpolation:0}
execute if entity @s[tag=aj.dino.bone.body_0] run data modify entity @s {} merge value {transformation:[-0.9934682218082065f,0.04319232464754598f,-0.10561872631679162f,0.038500201253348784f,0.030780608851887062f,0.9927205279398249f,0.11644100448545859f,0.5479989688610403f,0.10987923541755955f,0.11242942896953821f,-0.9875657836952615f,-0.022315865183875933f,0f,0f,0f,1f],start_interpolation:0}
execute if entity @s[tag=aj.dino.bone.leg_left_3] run data modify entity @s {} merge value {transformation:[-0.9994648529332345f,-0.010837372203893131f,-0.030863556419542706f,0.37633652867888034f,-0.010193082838334047f,0.9997284202098145f,-0.02095678618107666f,0.017408313636869704f,0.031082290993407632f,-0.020630976431152748f,-0.9993038847108013f,-0.19479348447201306f,0f,0f,0f,1f],start_interpolation:0}
execute if entity @s[tag=aj.dino.bone.leg_left_2] run data modify entity @s {} merge value {transformation:[-1.0107652004788048f,-0.16884799649061003f,0.043660772815456016f,0.336759540111954f,-0.17353808449189229f,0.948213025737447f,-0.3504836523340494f,0.22733465525765106f,0.017333269530608927f,-0.3527670781176112f,-0.9629730763964469f,-0.3067562690734332f,0f,0f,0f,1f],start_interpolation:0}
execute if entity @s[tag=aj.dino.bone.leg_left_1] run data modify entity @s {} merge value {transformation:[-0.9667834966993857f,-0.10914395390591805f,0.2311217597620175f,0.3141048047295511f,0.16693982537960278f,0.41509262573788464f,0.8943317095799832f,0.28934563893404297f,-0.19354783701177503f,0.9032085636129737f,-0.383084227558708f,-0.03721075060205292f,0f,0f,0f,1f],start_interpolation:0}
execute if entity @s[tag=aj.dino.bone.leg_left_0] run data modify entity @s {} merge value {transformation:[-0.9758659349208872f,0.14526180743915967f,0.16304810443697682f,0.2443967550879488f,0.0646367786998968f,0.9053466372439913f,-0.41972556899752617f,0.6864981189242664f,-0.20858514784203444f,-0.39905698055604166f,-0.8928861978825812f,-0.145460341904894f,0f,0f,0f,1f],start_interpolation:0}
execute if entity @s[tag=aj.dino.bone.leg_right_3] run data modify entity @s {} merge value {transformation:[-0.9348097115626472f,0.14711876894757359f,0.3232442899596389f,-0.26106738457061185f,0.20906990559290578f,0.9637069339331559f,0.1660081927632752f,0.1475153823747601f,-0.28708984263385934f,0.22276672397938085f,-0.9316407080757904f,-0.4299318725904428f,0f,0f,0f,1f],start_interpolation:0}
execute if entity @s[tag=aj.dino.bone.leg_right_2] run data modify entity @s {} merge value {transformation:[-0.9639456264987167f,0.23935117265355105f,0.25608991546732424f,-0.19586520398546017f,0.29211005883421226f,0.9627265383881072f,0.19972862917423528f,0.3776448767078636f,-0.19375949572231105f,0.26063543107819415f,-0.9729278644302535f,-0.39894536664112784f,0f,0f,0f,1f],start_interpolation:0}
execute if entity @s[tag=aj.dino.bone.leg_right_1] run data modify entity @s {} merge value {transformation:[-0.9791794860947138f,-0.13370625708764455f,-0.1527421710822035f,-0.24358911519733578f,-0.12365676388334658f,-0.20384451920019597f,0.9711624049240882f,0.2682971771460259f,-0.1609861446124812f,0.969829907152617f,0.18306668849125873f,-0.1483881983961528f,0f,0f,0f,1f],start_interpolation:0}
execute if entity @s[tag=aj.dino.bone.leg_right_0] run data modify entity @s {} merge value {transformation:[-0.9811750871067375f,-0.002642964727048981f,0.19310220914981233f,-0.14625980927136537f,-0.06864728999715815f,0.9393756354217176f,-0.33594786076427086f,0.6724568434100606f,-0.18050761207531488f,-0.34287961489930474f,-0.9218734032769207f,-0.18697898664627743f,0f,0f,0f,1f],start_interpolation:0}
execute if entity @s[tag=aj.dino.bone.tail_4] run data modify entity @s {} merge value {transformation:[-1.314835743500458f,-0.6289314564744971f,-2.3454879070825463f,-0.29339070574501214f,-0.8197414822276657f,2.6256231055302863f,-0.24451695569159485f,0.6834816725905645f,2.2858023102466203f,0.5798360650756069f,-1.4368574277599186f,-1.7672419093145537f,0f,0f,0f,1f],start_interpolation:0}
execute if entity @s[tag=aj.dino.bone.tail_3] run data modify entity @s {} merge value {transformation:[-1.361582821535421f,-0.31614956707651337f,-1.5434011783659547f,-0.028593129226618857f,-0.21368104284042874f,2.0581446267407566f,-0.233080744363889f,0.7028629925914212f,1.5608901812987075f,0.005972662716983774f,-1.3782349927605964f,-1.5336026332076123f,0f,0f,0f,1f],start_interpolation:0}
execute if entity @s[tag=aj.dino.bone.tail_2] run data modify entity @s {} merge value {transformation:[-1.7322490485253461f,-0.19185549588246797f,-0.883899642258951f,0.1343953282492515f,-0.08741104564409478f,1.93627114809188f,-0.24897233816056094f,0.749542512118942f,0.9002479758295573f,-0.18116121209967379f,-1.7249661075650555f,-1.2123126253401766f,0f,0f,0f,1f],start_interpolation:0}
execute if entity @s[tag=aj.dino.bone.tail_1] run data modify entity @s {} merge value {transformation:[-1.5035028574872027f,0.09524295073388908f,-0.1344030798133693f,0.16358952918820657f,0.10455615428120404f,1.5053718864185643f,-0.10285788342435681f,0.7531748748568287f,0.12729264758713282f,-0.11153705176359774f,-1.5030011037767548f,-0.8876417434131019f,0f,0f,0f,1f],start_interpolation:0}
execute if entity @s[tag=aj.dino.bone.tail_0] run data modify entity @s {} merge value {transformation:[-1.248663666189958f,0.014934498823388298f,0.2728584359443104f,0.08421434844527759f,0.03927064239032151f,1.2728644919144498f,0.11004325719301859f,0.7517341650607565f,-0.2704303643589836f,0.11588210626447715f,-1.2438948798288398f,-0.5213503070702736f,0f,0f,0f,1f],start_interpolation:0}
execute if entity @s[tag=aj.dino.bone.body_1] run data modify entity @s {} merge value {transformation:[-1.228659030508231f,-0.07114672294269905f,0.11806661518540798f,0.0615577509470194f,-0.04416139784743324f,1.2063070160670175f,0.2673532288637993f,0.6083249462890625f,-0.1305808284051878f,0.2614691604343678f,-1.2013272328766265f,-0.259670356810179f,0f,0f,0f,1f],start_interpolation:0}