execute if entity @s[tag=aj.dino.bone.head_lower] run data modify entity @s {} merge value {transformation:[-0.8403006311460121f,0.06274830706739867f,-0.5384770183172065f,-0.686941150040456f,-0.10157299115286272f,0.9574656136835592f,0.27007874052177133f,0.15512080944673787f,0.5325202125402139f,0.2816420575371177f,-0.7981854262402845f,0.07281766201754948f,0f,0f,0f,1f],start_interpolation:0}
execute if entity @s[tag=aj.dino.bone.head_upper] run data modify entity @s {} merge value {transformation:[-0.8746685768346211f,0.2748371589107145f,-0.49284009512568316f,-0.7150163741858652f,-0.10572728416893518f,0.8131801329892031f,0.6411175830356167f,0.21754469074495628f,0.5543000673496867f,0.5887907522856113f,-0.6553997466757095f,0.04102934144775787f,0f,0f,0f,1f],start_interpolation:0}
execute if entity @s[tag=aj.dino.bone.neck_0] run data modify entity @s {} merge value {transformation:[-0.9421647681648229f,-0.31661938992646654f,0.1098986421732226f,-0.7024663585724146f,-0.3026788315695422f,0.9446407939926071f,0.1266463392471882f,0.21049839231202772f,-0.1439134272700872f,0.08605772625168026f,-0.985841261666283f,-0.024067379213064566f,0f,0f,0f,1f],start_interpolation:0}
execute if entity @s[tag=aj.dino.bone.neck_1] run data modify entity @s {} merge value {transformation:[-0.8846868387255906f,-0.32242672997935795f,0.336704917072114f,-0.6754284124860436f,-0.1520676594766281f,0.8823394281489688f,0.44536789340392646f,0.252291725789995f,-0.44068653749237807f,0.34280918501196694f,-0.8296247575527205f,-0.09276820593852081f,0f,0f,0f,1f],start_interpolation:0}
execute if entity @s[tag=aj.dino.bone.neck_2] run data modify entity @s {} merge value {transformation:[-0.6557232456374216f,-0.4145144114550755f,0.6310347279086772f,-0.6242033927204365f,-0.07828270747909157f,0.8686288628101786f,0.48923993745690775f,0.303657233070702f,-0.7509319828323128f,0.27140689267066953f,-0.6020294475940385f,-0.1428532576600618f,0f,0f,0f,1f],start_interpolation:0}
execute if entity @s[tag=aj.dino.bone.body_0] run data modify entity @s {} merge value {transformation:[-0.4107205532463683f,-0.1508650576023054f,0.8991931725361633f,-0.20185420073352367f,0.08762875752035706f,0.9751185721539485f,0.2036294946609732f,0.4089162735917952f,-0.9075405379355987f,0.16242999918456533f,-0.3872811218849513f,-0.3238300493205003f,0f,0f,0f,1f],start_interpolation:0}
execute if entity @s[tag=aj.dino.bone.leg_left_3] run data modify entity @s {} merge value {transformation:[0.025588793677413596f,-0.03047841815999272f,0.9992078260625266f,0.012324534203208375f,-0.05001336161818953f,0.9982443997911051f,0.03172982737655439f,0.022437509243180165f,-0.9984206915412879f,-0.05078567034274865f,0.024019541836902136f,0.041669462873357446f,0f,0f,0f,1f],start_interpolation:0}
execute if entity @s[tag=aj.dino.bone.leg_left_2] run data modify entity @s {} merge value {transformation:[0.2907851064223801f,-0.17626799162189782f,0.9676961385234536f,0.0015939841050853776f,-0.21909263411544144f,0.9721388576028365f,0.24291286239247437f,0.25620886540067256f,-0.9589080451534324f,-0.27556820601972626f,0.2379489951056472f,-0.016699025207919896f,0f,0f,0f,1f],start_interpolation:0}
execute if entity @s[tag=aj.dino.bone.leg_left_1] run data modify entity @s {} merge value {transformation:[0.3008760859256806f,-0.9425755666596844f,-0.14499959328983636f,-0.2527762424890383f,0.18302781015871827f,-0.09214538975834935f,0.9787798771198697f,0.17561991505716806f,-0.9359350413498508f,-0.32103041644438846f,0.14479319766824655f,-0.09295251407729574f,0f,0f,0f,1f],start_interpolation:0}
execute if entity @s[tag=aj.dino.bone.leg_left_0] run data modify entity @s {} merge value {transformation:[0.27434773722076417f,0.47492882244831414f,0.8361674070960339f,-0.10247304998033199f,0.13363594446577856f,0.8422642379012157f,-0.5222378652486086f,0.5643722576280353f,-0.9522997182760196f,0.2550167978007377f,0.16760572606826943f,-0.11719802978241078f,0f,0f,0f,1f],start_interpolation:0}
execute if entity @s[tag=aj.dino.bone.leg_right_3] run data modify entity @s {} merge value {transformation:[0.5028513232348042f,0.0015736968372799809f,0.8643714885390833f,-0.10648754459902285f,0.015320479719701963f,0.9998250269296376f,-0.010733052981694968f,0.016440053733009052f,-0.8642371373773317f,0.018639715754646263f,0.5027392280043614f,-0.7141539810755917f,0f,0f,0f,1f],start_interpolation:0}
execute if entity @s[tag=aj.dino.bone.leg_right_2] run data modify entity @s {} merge value {transformation:[0.5255022545342736f,0.16103030596339807f,0.8660131757320001f,-0.043003180752948816f,0.273920465128177f,0.9285440382788916f,-0.33887423516901677f,0.22198463488025116f,-0.8371840650442729f,0.404891848570402f,0.43272119395504993f,-0.6051024667620356f,0f,0f,0f,1f],start_interpolation:0}
execute if entity @s[tag=aj.dino.bone.leg_right_1] run data modify entity @s {} merge value {transformation:[0.34083606238783665f,-0.8493093342831965f,0.40311838617878487f,-0.2883259102649788f,-0.06946965474779059f,0.40486813281046896f,0.9117322864217258f,0.28223626136713453f,-0.9375525295391067f,-0.33875573756616684f,0.07899243394670641f,-0.7199932216129725f,0f,0f,0f,1f],start_interpolation:0}
execute if entity @s[tag=aj.dino.bone.leg_right_0] run data modify entity @s {} merge value {transformation:[0.38788315465829337f,0.801415960343341f,0.4552791636340182f,-0.05582788386491857f,-0.0391446072315893f,0.5078289813747808f,-0.860568082954822f,0.5562336080710417f,-0.920876950551492f,0.31597813877357617f,0.22834942031932465f,-0.5074434620653575f,0f,0f,0f,1f],start_interpolation:0}
execute if entity @s[tag=aj.dino.bone.tail_4] run data modify entity @s {} merge value {transformation:[0.6589740364413845f,-0.9220101884598317f,-2.5181961328046745f,-0.17643455109938738f,-2.5998753449240604f,-0.8552607019740851f,-0.36720383183566546f,0.19057195840948904f,-0.6573147965413141f,2.4584726306459177f,-1.0721524678014733f,0.427774591429735f,0f,0f,0f,1f],start_interpolation:0}
execute if entity @s[tag=aj.dino.bone.tail_3] run data modify entity @s {} merge value {transformation:[0.800907875290927f,0.06589142744303955f,-1.9209764238873255f,0.14864726303769799f,-1.8344140789522945f,-0.5952125729000667f,-0.7852340453952135f,0.3295432571752193f,-0.5739486808792421f,1.994323403787772f,-0.17088767909295327f,0.4372348066214381f,0f,0f,0f,1f],start_interpolation:0}
execute if entity @s[tag=aj.dino.bone.tail_2] run data modify entity @s {} merge value {transformation:[1.1204980887675373f,0.6543233813750278f,-1.4612045786463388f,0.4212662475867357f,-1.5471325389315553f,-0.016295037471597405f,-1.1936872512244467f,0.5502992131352974f,-0.41187232858043826f,1.841295538294308f,0.5086902796495903f,0.34280397934165496f,0f,0f,0f,1f],start_interpolation:0}
execute if entity @s[tag=aj.dino.bone.tail_1] run data modify entity @s {} merge value {transformation:[1.3856603943210395f,0.5522602862455459f,-0.2502200988051332f,0.46703618865040464f,-0.6062568041985388f,1.269639943905824f,-0.555088596713887f,0.6548072500235695f,0.00736267431286565f,0.6088343281015004f,1.3845298125905985f,0.037419206113492864f,0f,0f,0f,1f],start_interpolation:0}
execute if entity @s[tag=aj.dino.bone.tail_0] run data modify entity @s {} merge value {transformation:[1.0677408641922175f,-0.06173787451349261f,0.699966855192902f,0.2609997599313233f,0.07129438434703407f,1.2762203209734142f,0.0038104696719343852f,0.6844912119539371f,-0.6990581336903694f,0.035858663794117826f,1.069517460603737f,-0.27425332033948896f,0f,0f,0f,1f],start_interpolation:0}
execute if entity @s[tag=aj.dino.bone.body_1] run data modify entity @s {} merge value {transformation:[0.14670431731065525f,-0.4368999880978335f,1.1472579652104307f,0.023706668200837354f,-0.025596972345112344f,1.154080928204669f,0.442771500005662f,0.5038175f,-1.2273659736791747f,-0.07629027861145382f,0.1278950941209577f,-0.29884844653969816f,0f,0f,0f,1f],start_interpolation:0}