execute if entity @s[tag=aj.dino.bone.head_lower] run data modify entity @s {} merge value {transformation:[-0.9112884471356152f,0.0921123696106452f,-0.40133362366224856f,-0.6789353292324944f,-0.07548759591036519f,0.9207682732475098f,0.3827367369935536f,0.15197647842792208f,0.40479005543717717f,0.37907927712486633f,-0.8321321485639503f,0.1038654373627277f,0f,0f,0f,1f],start_interpolation:0}
execute if entity @s[tag=aj.dino.bone.head_upper] run data modify entity @s {} merge value {transformation:[-0.9485597649199423f,0.24844655662859927f,-0.34925724539073427f,-0.6977278619260376f,-0.07857500712993418f,0.733013929116219f,0.7348390916109735f,0.21906959154167133f,0.42134580004203465f,0.6960149644975332f,-0.6492324919209936f,0.07486868962328928f,0f,0f,0f,1f],start_interpolation:0}
execute if entity @s[tag=aj.dino.bone.neck_0] run data modify entity @s {} merge value {transformation:[-0.9782488494183033f,-0.1984521973344202f,0.06038140429723732f,-0.6902861391889693f,-0.17460974485808506f,0.9449348779732328f,0.27678423616656017f,0.22168533517404942f,-0.1119849347562453f,0.26022067896854806f,-0.9590331446956293f,0.008668123898734018f,0f,0f,0f,1f],start_interpolation:0}
execute if entity @s[tag=aj.dino.bone.neck_1] run data modify entity @s {} merge value {transformation:[-0.9403698711069037f,-0.15405814296715176f,0.3032665396971749f,-0.6653052095106669f,0.03450302738400626f,0.8437584736380711f,0.5356129005777317f,0.27094586759054473f,-0.3383992414526428f,0.514137848003301f,-0.788129574774866f,-0.055728226486845805f,0f,0f,0f,1f],start_interpolation:0}
execute if entity @s[tag=aj.dino.bone.neck_2] run data modify entity @s {} merge value {transformation:[-0.7335306169309612f,-0.2539843171024362f,0.6304163708937868f,-0.6125626725022204f,0.13551037172511954f,0.8542746818838758f,0.5018482908679902f,0.3232754247900816f,-0.6660103401448084f,0.4535490431675634f,-0.5922191252078783f,-0.10317053489773259f,0f,0f,0f,1f],start_interpolation:0}
execute if entity @s[tag=aj.dino.bone.body_0] run data modify entity @s {} merge value {transformation:[-0.5185525856623907f,0.00402308402299012f,0.8550362744923709f,-0.20954895781582142f,0.27573027708035114f,0.9473545293854886f,0.16276427726621218f,0.4090103543851661f,-0.8093676730658581f,0.32016122570939737f,-0.49236242682419906f,-0.33216916442446287f,0f,0f,0f,1f],start_interpolation:0}
execute if entity @s[tag=aj.dino.bone.leg_left_3] run data modify entity @s {} merge value {transformation:[0.060005245235529026f,-0.03012481382463647f,0.9977433869168241f,0.005764765205842612f,-0.022717795231063653f,0.9992443930416843f,0.031536403640794936f,0.007444760029257119f,-0.997939513359434f,-0.024558879591436975f,0.05927553550285164f,0.035086288378186226f,0f,0f,0f,1f],start_interpolation:0}
execute if entity @s[tag=aj.dino.bone.leg_left_2] run data modify entity @s {} merge value {transformation:[0.3192937230497668f,-0.14185725404764712f,0.9643600144115135f,0.0029964345449319807f,-0.1996990634531656f,0.9837350685713888f,0.21082646517804043f,0.2429576494978316f,-0.9540618438956889f,-0.2533851492049218f,0.2786111334556683f,-0.016847200870375723f,0f,0f,0f,1f],start_interpolation:0}
execute if entity @s[tag=aj.dino.bone.leg_left_1] run data modify entity @s {} merge value {transformation:[0.330549988570205f,-0.9326096631852259f,-0.14483066384497828f,-0.24926630121128968f,0.20176550955507003f,-0.08008016431634163f,0.9761546221972472f,0.16541250455047501f,-0.921969296782827f,-0.35188973189993394f,0.16169796650908233f,-0.10265890347349269f,0f,0f,0f,1f],start_interpolation:0}
execute if entity @s[tag=aj.dino.bone.leg_left_0] run data modify entity @s {} merge value {transformation:[0.3072555627191187f,0.42074867518745107f,0.8535599401952756f,-0.11782547829238224f,0.1511725254145543f,0.8639776655289685f,-0.4803014272588617f,0.5613154332494751f,-0.9395429137287684f,0.2766100970592331f,0.20185630400593874f,-0.11973109379600044f,0f,0f,0f,1f],start_interpolation:0}
execute if entity @s[tag=aj.dino.bone.leg_right_3] run data modify entity @s {} merge value {transformation:[0.49516821176167847f,-0.008985089780823907f,0.868750660559388f,-0.11499707323273328f,0.006095973044161608f,0.9999578371228572f,0.006867538803965845f,0.016425597632228173f,-0.8687757369847449f,0.0018952937001038006f,0.49520210691030403f,-0.6885659243132563f,0f,0f,0f,1f],start_interpolation:0}
execute if entity @s[tag=aj.dino.bone.leg_right_2] run data modify entity @s {} merge value {transformation:[0.5166297656294635f,0.15708315001248296f,0.8720554849024783f,-0.05223228670351271f,0.23054859110583245f,0.9508580504893693f,-0.3078611934937042f,0.2281972707100987f,-0.8555718741902727f,0.3510784119002589f,0.44362474716006434f,-0.59169274887363f,0f,0f,0f,1f],start_interpolation:0}
execute if entity @s[tag=aj.dino.bone.leg_right_1] run data modify entity @s {} merge value {transformation:[0.3339151220123432f,-0.8510314487643101f,0.40527295062167895f,-0.2982749657755838f,-0.11869116875859245f,0.38856720806731365f,0.9137439090212823f,0.2829334792140979f,-0.9351005816222132f,-0.3532152290444073f,0.02873854938763834f,-0.7077975860399179f,0f,0f,0f,1f],start_interpolation:0}
execute if entity @s[tag=aj.dino.bone.leg_right_0] run data modify entity @s {} merge value {transformation:[0.38184315174011957f,0.8163566862233933f,0.4333100141094504f,-0.057419993628627077f,-0.0889581581595779f,0.4991215543155515f,-0.8619536647143416f,0.5594169038459043f,-0.9199360051471123f,0.29058464322119304f,0.263207734608967f,-0.5081652317974004f,0f,0f,0f,1f],start_interpolation:0}
execute if entity @s[tag=aj.dino.bone.tail_4] run data modify entity @s {} merge value {transformation:[0.5531718381692472f,-0.772062737230548f,-2.5929869607918445f,-0.1592320322388186f,-2.5672641832156273f,-0.9849293200688822f,-0.2544212641404852f,0.15628987906149389f,-0.8537077149907041f,2.461604089988625f,-0.9150681794908111f,0.4652881716093048f,0f,0f,0f,1f],start_interpolation:0}
execute if entity @s[tag=aj.dino.bone.tail_3] run data modify entity @s {} merge value {transformation:[0.7901120067905067f,0.18472044586835729f,-1.9176931192576452f,0.16413021953106605f,-1.8020992432362546f,-0.6620652205581762f,-0.8062589455621656f,0.29948042957963295f,-0.6812538882804561f,1.9655771484858828f,-0.09135173286430466f,0.4615433341779033f,0f,0f,0f,1f],start_interpolation:0}
execute if entity @s[tag=aj.dino.bone.tail_2] run data modify entity @s {} merge value {transformation:[1.0962884256565675f,0.801942824025343f,-1.4049246491426073f,0.42630411286681513f,-1.5251360546623591f,-0.05345630663217326f,-1.2206048963743168f,0.5252477395402398f,-0.5393380920565085f,1.7812366505544068f,0.595889496619416f,0.3507938178111619f,0f,0f,0f,1f],start_interpolation:0}
execute if entity @s[tag=aj.dino.bone.tail_1] run data modify entity @s {} merge value {transformation:[1.3893907600767461f,0.5712140987078569f,-0.17596596048876217f,0.45586013715647344f,-0.590468102681626f,1.2426651674281117f,-0.6283207392537861f,0.645829171144424f,-0.09271993059166263f,0.6458745892959671f,1.3645165002200759f,0.04935852329623158f,0f,0f,0f,1f],start_interpolation:0}
execute if entity @s[tag=aj.dino.bone.tail_0] run data modify entity @s {} merge value {transformation:[1.0697676456742997f,-0.053637756383489686f,0.6975355847142414f,0.25072965245881107f,0.08135677177342798f,1.2753445603147642f,-0.026702897711204106f,0.6844087145560613f,-0.6948481679756374f,0.06674548786033475f,1.0707785858407954f,-0.2619371791775304f,0f,0f,0f,1f],start_interpolation:0}
execute if entity @s[tag=aj.dino.bone.body_1] run data modify entity @s {} merge value {transformation:[0.18998207375848933f,-0.4361802260440702f,1.1411652891298516f,0.014804541490154083f,-0.0059710894662892f,1.1545358620871726f,0.44228484520890476f,0.5038175f,-1.2216692485273009f,-0.0734734551999776f,0.17530115127964047f,-0.29774328266038286f,0f,0f,0f,1f],start_interpolation:0}