execute if entity @s[tag=aj.dino.bone.head_lower] run data modify entity @s {} merge value {transformation:[0.6739742138710364f,0.41415248603842136f,-0.6117487044082021f,0.7209612062790263f,-0.5521772039517133f,0.8325262902414363f,-0.04472484201089677f,0.31207089750152184f,0.4907739749344771f,0.3679370793560045f,0.7897868137427886f,-0.603310907344661f,0f,0f,0f,1f],start_interpolation:0}
execute if entity @s[tag=aj.dino.bone.head_upper] run data modify entity @s {} merge value {transformation:[0.7015394783957727f,0.7651809761732452f,-0.07623894371155623f,0.733105208828392f,-0.5747610215195035f,0.5903352546233476f,0.6361021913766304f,0.3689995065871521f,0.5108464260201411f,-0.38661906760382875f,0.8203862310955136f,-0.5552784895265523f,0f,0f,0f,1f],start_interpolation:0}
execute if entity @s[tag=aj.dino.bone.neck_0] run data modify entity @s {} merge value {transformation:[0.6396648285502473f,0.6300706109059155f,-0.4402725660184032f,0.694202440103457f,-0.5437423944051641f,0.7757678033337657f,0.320200755522598f,0.3772878185641138f,0.5432983670528762f,0.03457369785472994f,0.838827481532602f,-0.5017750809958461f,0f,0f,0f,1f],start_interpolation:0}
execute if entity @s[tag=aj.dino.bone.neck_1] run data modify entity @s {} merge value {transformation:[0.6835154985691729f,0.4978151052950353f,-0.5338414410251681f,0.6512724353429179f,-0.2617738665140835f,0.8498808495719598f,0.45735870423674074f,0.41994739848483065f,0.6813816889424033f,-0.17286602462871842f,0.7112217175417671f,-0.4423216389022272f,0f,0f,0f,1f],start_interpolation:0}
execute if entity @s[tag=aj.dino.bone.neck_2] run data modify entity @s {} merge value {transformation:[0.5362805757461555f,0.40522541554914315f,-0.7404022600386876f,0.5903750544306894f,-0.34807812332454924f,0.9053242029512133f,0.24337154232491973f,0.4501322606535803f,0.7689244203042533f,0.12720239834128344f,0.6265578869633621f,-0.3861850778388243f,0f,0f,0f,1f],start_interpolation:0}
execute if entity @s[tag=aj.dino.bone.body_0] run data modify entity @s {} merge value {transformation:[0.6035123430122147f,0.228297236466822f,-0.7639720044959233f,0.2324927301556697f,-0.32557928286547566f,0.9451775322300336f,0.025250012600913807f,0.47103649437125006f,0.7278536819998299f,0.23349476308721714f,0.6447551575676883f,-0.08009006042215414f,0f,0f,0f,1f],start_interpolation:0}
execute if entity @s[tag=aj.dino.bone.leg_left_3] run data modify entity @s {} merge value {transformation:[0.20441781155929692f,0.17715413762111618f,-0.9627199851675597f,-0.48528607543309993f,-0.024923380923573015f,0.9841106638915482f,0.17579825453705433f,0.08357932984574343f,0.9785663919227178f,-0.01194205755534122f,0.20558502829899508f,-0.38023681899159f,0f,0f,0f,1f],start_interpolation:0}
execute if entity @s[tag=aj.dino.bone.leg_left_2] run data modify entity @s {} merge value {transformation:[0.13469009269108836f,0.177759602053232f,-1.001160477800356f,-0.47458195809920223f,-0.2982199026027212f,0.9724002510900063f,0.13253241442157074f,0.3138776098685069f,0.9721037332112163f,0.27368133852834037f,0.17937406813373657f,-0.3093905335796179f,0f,0f,0f,1f],start_interpolation:0}
execute if entity @s[tag=aj.dino.bone.leg_left_1] run data modify entity @s {} merge value {transformation:[0.06603071417884282f,0.9967159192131682f,-0.046875592498456686f,-0.2026343275208816f,0.09824061462512165f,0.04025596447061025f,0.9943481477644636f,0.2701208772237655f,0.9929696503031249f,-0.07026260535726209f,-0.09525985442619224f,-0.3432020734862756f,0f,0f,0f,1f],start_interpolation:0}
execute if entity @s[tag=aj.dino.bone.leg_left_0] run data modify entity @s {} merge value {transformation:[0.03924978592873078f,0.44662153356613166f,-0.8938616559958177f,0.05005352058041149f,0.046596283599419544f,0.8927597277405384f,0.44811701025442263f,0.589585847658028f,0.9981423949814331f,-0.05923912794493684f,0.014229724559952875f,-0.2515600380886117f,0f,0f,0f,1f],start_interpolation:0}
execute if entity @s[tag=aj.dino.bone.leg_right_3] run data modify entity @s {} merge value {transformation:[-0.3362037670881217f,0.031219570956619258f,-0.9412716745897758f,0.16783296849435603f,0.02434708077032496f,0.999404497318864f,0.024451388443043592f,0.03236221901508743f,0.9414745066403652f,-0.014696568582970096f,-0.3367636622591085f,0.28253583324076875f,0f,0f,0f,1f],start_interpolation:0}
execute if entity @s[tag=aj.dino.bone.leg_right_2] run data modify entity @s {} merge value {transformation:[-0.35499483743336463f,-0.09847786925648613f,-0.9572580499337972f,0.11584509000756066f,0.17609445036765195f,0.9964396154974356f,-0.16781250465246195f,0.25917149946823037f,0.9460611023850773f,-0.22242392280220305f,-0.3279606510237258f,0.21908598803382268f,0f,0f,0f,1f],start_interpolation:0}
execute if entity @s[tag=aj.dino.bone.leg_right_1] run data modify entity @s {} merge value {transformation:[-0.18316318403579718f,0.9170888497627117f,-0.35411762121472434f,0.3801227328626208f,-0.18661581358172918f,0.3212266374200134f,0.9284330808049984f,0.2934815589786209f,0.9652076388710865f,0.23613870723102043f,0.11230638811823837f,0.29650389915994607f,0f,0f,0f,1f],start_interpolation:0}
execute if entity @s[tag=aj.dino.bone.leg_right_0] run data modify entity @s {} merge value {transformation:[-0.23944456465184108f,-0.959387300352893f,-0.1491385543053103f,0.04341847550097601f,-0.17476845597242233f,0.19368756289727163f,-0.9653709726192986f,0.468438133206152f,0.9550509343776935f,-0.20508811740445404f,-0.21404807133863887f,0.12235534540895254f,0f,0f,0f,1f],start_interpolation:0}
execute if entity @s[tag=aj.dino.bone.tail_4] run data modify entity @s {} merge value {transformation:[0.19356711451659706f,-1.726744201186746f,2.1462869257034733f,-0.8259845505498941f,2.562544912444577f,0.9023141692862615f,0.4948272862420335f,0.4379350925281921f,-1.0107208692226206f,1.9569989614645147f,1.6656109152334106f,1.005197535462118f,0f,0f,0f,1f],start_interpolation:0}
execute if entity @s[tag=aj.dino.bone.tail_3] run data modify entity @s {} merge value {transformation:[0.13670098762961294f,-1.9939980477260026f,0.584149083445677f,-0.9055218120696813f,2.05183584103452f,0.22180771421771797f,0.27697751786764085f,0.38879937834349987f,-0.32745693987407953f,0.5574214291026555f,1.9793935508003202f,0.6641107297128207f,0f,0f,0f,1f],start_interpolation:0}
execute if entity @s[tag=aj.dino.bone.tail_2] run data modify entity @s {} merge value {transformation:[0.9373115291239644f,-1.6994942443497945f,-0.22790411535554614f,-0.8628662440410896f,1.7062901769584726f,0.9501388576411067f,-0.06770419645969292f,0.4028732366132288f,0.16969031907889298f,-0.16652128880461584f,1.9396519613035041f,0.3036195190034577f,0f,0f,0f,1f],start_interpolation:0}
execute if entity @s[tag=aj.dino.bone.tail_1] run data modify entity @s {} merge value {transformation:[0.6647497456526646f,-0.9668104802788365f,-0.9544849505768667f,-0.646288555767033f,1.0630955712145267f,1.0318040832141766f,-0.3047365917093189f,0.4548207605547495f,0.8459266115442744f,-0.5369488607731262f,1.1330270688715538f,0.06556020560228266f,0f,0f,0f,1f],start_interpolation:0}
execute if entity @s[tag=aj.dino.bone.tail_0] run data modify entity @s {} merge value {transformation:[0.5453144172794816f,0.16444805607161148f,-1.1443009830221398f,-0.307928787967155f,-0.14696591123882677f,1.264813425785043f,0.11173063801694126f,0.4526926722961298f,1.1466773407654434f,0.08390203449380501f,0.5585044685290526f,-0.09562307540278121f,0f,0f,0f,1f],start_interpolation:0}
execute if entity @s[tag=aj.dino.bone.body_1] run data modify entity @s {} merge value {transformation:[-0.020867966388962152f,-0.256997844079576f,-1.2091820504677901f,-0.009500270593391653f,-0.3810232489779f,1.1518128407295543f,-0.23822900479389544f,0.4304948101974354f,1.1760061253128593f,0.3686243116307097f,-0.09864230916635641f,-0.09751958360893626f,0f,0f,0f,1f],start_interpolation:0}