execute if entity @s[tag=aj.dino.bone.head_lower] run data modify entity @s {} merge value {transformation:[-0.9636839812547533f,-0.011989244490543033f,-0.2667760152066414f,-0.10300112530397013f,-0.0921321186700702f,0.9525810405821311f,0.29000178246491587f,0.251853142061566f,0.2506488718952318f,0.30404871178811194f,-0.9190916841521511f,0.5223815958784899f,0f,0f,0f,1f],start_interpolation:0}
execute if entity @s[tag=aj.dino.bone.head_upper] run data modify entity @s {} merge value {transformation:[-1.0030982545530807f,0.18040278631825604f,-0.21147261994092703f,-0.11383998409900552f,-0.0959002839352933f,0.518671093860689f,0.8973602256162202f,0.32533164401852954f,0.2609003063187168f,0.884255095357371f,-0.48321413377594175f,0.509006791880724f,0f,0f,0f,1f],start_interpolation:0}
execute if entity @s[tag=aj.dino.bone.neck_0] run data modify entity @s {} merge value {transformation:[-0.8029381496208424f,-0.407896017784273f,0.4346391222142682f,-0.07885503694500841f,-0.06821849937143167f,0.7872781169844307f,0.6128126980252276f,0.35220030521413237f,-0.5921457288767418f,0.46240026513095867f,-0.6599616887212859f,0.4590181454449099f,0f,0f,0f,1f],start_interpolation:0}
execute if entity @s[tag=aj.dino.bone.neck_1] run data modify entity @s {} merge value {transformation:[-0.7982254870498551f,-0.2736042479733707f,0.5366346870217651f,-0.0346554961938801f,0.03820647477304821f,0.8660977451518627f,0.49841244078401115f,0.39841238466151985f,-0.6011458534411079f,0.41834843292856405f,-0.6808878406586335f,0.4032652876251628f,0f,0f,0f,1f],start_interpolation:0}
execute if entity @s[tag=aj.dino.bone.neck_2] run data modify entity @s {} merge value {transformation:[-0.9373751298941583f,-0.012333580549982365f,0.3481030718720059f,-0.0042798097869254995f,0.11185259809710477f,0.9357867289370245f,0.33435339723752056f,0.43686618685300505f,-0.3298740095170236f,0.352350792160541f,-0.8758036635622175f,0.32998805264413256f,0f,0f,0f,1f],start_interpolation:0}
execute if entity @s[tag=aj.dino.bone.body_0] run data modify entity @s {} merge value {transformation:[-0.9910697228759273f,0.06101598513139517f,0.11856582120104464f,0.05218107065165528f,0.07812894892416321f,0.9862661585058143f,0.14551608820398304f,0.5148427915306775f,-0.10805864953180855f,0.15348001219907836f,-0.9822256431781511f,-0.13146912067335664f,0f,0f,0f,1f],start_interpolation:0}
execute if entity @s[tag=aj.dino.bone.leg_left_3] run data modify entity @s {} merge value {transformation:[-0.9732555638542167f,-0.10748940938120774f,0.2030261911618551f,0.5886722553398265f,-0.10440746847950652f,0.9941982921117646f,0.025861873245209166f,0.04398795666130961f,-0.204628169987692f,0.0039727613733469f,-0.9788317164939841f,-0.17465564536129524f,0f,0f,0f,1f],start_interpolation:0}
execute if entity @s[tag=aj.dino.bone.leg_left_2] run data modify entity @s {} merge value {transformation:[-0.9209014396399693f,-0.27175333576905675f,0.36076704737006804f,0.5350475985308374f,-0.40918649595842516f,0.8488366872134515f,-0.40509861696437993f,0.22869639119679336f,-0.1912306186126902f,-0.5076303797445323f,-0.8705196422632432f,-0.32018317698189513f,0f,0f,0f,1f],start_interpolation:0}
execute if entity @s[tag=aj.dino.bone.leg_left_1] run data modify entity @s {} merge value {transformation:[-0.8983852294138962f,-0.42111906853789605f,0.1247505899173078f,0.43191830744002724f,-0.0859658895023869f,0.4471393168162578f,0.8903237036040058f,0.3046628043649731f,-0.43071318230697886f,0.7891293692867257f,-0.4379052330312233f,-0.07399861400274732f,0f,0f,0f,1f],start_interpolation:0}
execute if entity @s[tag=aj.dino.bone.leg_left_0] run data modify entity @s {} merge value {transformation:[-0.8368587898997298f,-0.049335994010521717f,0.5451910907769438f,0.2708591517057957f,-0.2431981402812796f,0.9257574592153032f,-0.2895302942197123f,0.6634368297241056f,-0.4904304541229949f,-0.37488543103489613f,-0.7867266890518544f,-0.21417145604511373f,0f,0f,0f,1f],start_interpolation:0}
execute if entity @s[tag=aj.dino.bone.leg_right_3] run data modify entity @s {} merge value {transformation:[-0.845056593877643f,0.006268187833453717f,0.5346401247242873f,-0.26402574635479426f,0.02063842240582079f,0.9995684837874532f,0.020902194608482805f,0.03553766565988431f,-0.5342783999606534f,0.02869766610957264f,-0.8448213037650908f,-0.469789742302119f,0f,0f,0f,1f],start_interpolation:0}
execute if entity @s[tag=aj.dino.bone.leg_right_2] run data modify entity @s {} merge value {transformation:[-0.8828920819872622f,0.3869609250541185f,0.3504639975035284f,-0.16162510966465646f,0.2951488919471745f,0.9379045023339463f,-0.292035058828152f,0.24467876441499836f,-0.43064010803366604f,-0.15052769341110597f,-0.9186689884663459f,-0.5326004299513851f,0f,0f,0f,1f],start_interpolation:0}
execute if entity @s[tag=aj.dino.bone.leg_right_1] run data modify entity @s {} merge value {transformation:[-0.981669776850756f,-0.18746506055427772f,-0.03437004930413104f,-0.23028121695629855f,-0.06576009173487968f,0.16389629587606053f,0.9842832999361146f,0.23569191775208365f,-0.17888560465506334f,0.9685013450013832f,-0.17321975977845205f,-0.26386457231719923f,0f,0f,0f,1f],start_interpolation:0}
execute if entity @s[tag=aj.dino.bone.leg_right_0] run data modify entity @s {} merge value {transformation:[-0.9791373162028193f,0.0748060491360168f,0.18892901056164024f,-0.10244012973262949f,-0.012541555003394707f,0.9057498004637926f,-0.4236272044591763f,0.6272629055421801f,-0.20281229109015397f,-0.41715866762235654f,-0.885915244597531f,-0.3319534590977268f,0f,0f,0f,1f],start_interpolation:0}
execute if entity @s[tag=aj.dino.bone.tail_4] run data modify entity @s {} merge value {transformation:[-1.0495288108926295f,-2.134324640132189f,1.403142522066417f,0.7934260066525296f,-2.5199995026956157f,1.1127908654316745f,-0.19225069005251882f,0.7879817732036849f,-0.4168370342473778f,-1.3535199119098418f,-2.3706311536262707f,-1.8791333135823753f,0f,0f,0f,1f],start_interpolation:0}
execute if entity @s[tag=aj.dino.bone.tail_3] run data modify entity @s {} merge value {transformation:[-1.6275888899980333f,-0.9596948603677593f,0.8751489622819199f,0.6544244506463421f,-1.07829953578123f,1.7805689169750119f,-0.05282015790263716f,0.7795138553481369f,-0.7239958855776721f,-0.4944751085045465f,-1.8887217504917082f,-1.554037073632086f,0f,0f,0f,1f],start_interpolation:0}
execute if entity @s[tag=aj.dino.bone.tail_2] run data modify entity @s {} merge value {transformation:[-1.8174982272947255f,-0.4763484303222213f,0.5371836201084905f,0.5531059004907951f,-0.5166480082440894f,1.8830094508662993f,-0.07825674749431737f,0.7941276485368192f,-0.4985467925488264f,-0.21480562348441887f,-1.8772542488329929f,-1.2054793705008011f,0f,0f,0f,1f],start_interpolation:0}
execute if entity @s[tag=aj.dino.bone.tail_1] run data modify entity @s {} merge value {transformation:[-1.2639187158128131f,0.17149799663620907f,0.8128678656262999f,0.3772969315794364f,0.19385676668312044f,1.4999499445440978f,-0.015032227823075773f,0.7788418724047476f,-0.8078275087104027f,0.09162341956031468f,-1.275412135413028f,-0.9313731347140296f,0f,0f,0f,1f],start_interpolation:0}
execute if entity @s[tag=aj.dino.bone.tail_0] run data modify entity @s {} merge value {transformation:[-1.0978993633436525f,-0.0696250053619022f,0.6508494934944526f,0.18542340702527732f,0.10940547477465142f,1.233565886961785f,0.31651439334972686f,0.7161171524461761f,-0.645355054712492f,0.327571790202648f,-1.0535887680705869f,-0.6155851181870173f,0f,0f,0f,1f],start_interpolation:0}
execute if entity @s[tag=aj.dino.bone.body_1] run data modify entity @s {} merge value {transformation:[-1.174068414730887f,-0.18524924700692713f,0.3403684313665393f,0.11877036594097957f,-0.11377107840984117f,1.2028694470709742f,0.26223239707725f,0.57413f,-0.3704377063758681f,0.21769796701573782f,-1.1593050055565408f,-0.36072644664242876f,0f,0f,0f,1f],start_interpolation:0}