execute if entity @s[tag=aj.dino.bone.head_lower] run data modify entity @s {} merge value {transformation:[-0.8884305188867164f,0.2153338614549108f,0.40536716840612225f,-0.7482514731092035f,0.35570207278531907f,0.8811593854763696f,0.3115030863460813f,0.9282328822452682f,-0.2901159225670103f,0.4209387906784356f,-0.8594435909210496f,0.06537643524719025f,0f,0f,0f,1f],start_interpolation:0}
execute if entity @s[tag=aj.dino.bone.head_upper] run data modify entity @s {} merge value {transformation:[-0.9247669569298004f,0.3946106201448181f,0.269370518845746f,-0.7211079761476278f,0.3702501393530417f,0.9627937067490795f,-0.13933791708263715f,0.9403615077501898f,-0.30198154291836665f,-0.02797640607363304f,-0.9957391279965615f,-0.003989143448984149f,0f,0f,0f,1f],start_interpolation:0}
execute if entity @s[tag=aj.dino.bone.neck_0] run data modify entity @s {} merge value {transformation:[-0.7065250960163992f,0.6942365812295398f,0.13732391627731344f,-0.7232688197240886f,0.37873518414844454f,0.5348446689428885f,-0.7553150603499283f,0.8827175091151499f,-0.5978143097877981f,-0.48163964681709154f,-0.6408130005132897f,-0.03741423029552012f,0f,0f,0f,1f],start_interpolation:0}
execute if entity @s[tag=aj.dino.bone.neck_1] run data modify entity @s {} merge value {transformation:[-0.5471690739810056f,0.5816015434099431f,0.601951533914435f,-0.6695962585773567f,0.21206143972376823f,0.7920193653582577f,-0.5724816771563832f,0.8378695314517765f,-0.8097134988754054f,-0.18559356023492532f,-0.5567037633591797f,-0.08542935212174398f,0f,0f,0f,1f],start_interpolation:0}
execute if entity @s[tag=aj.dino.bone.neck_2] run data modify entity @s {} merge value {transformation:[-0.30589533303728333f,0.32997424088739863f,0.8930537752995586f,-0.5881273959056124f,-0.00121637903761318f,0.9378812874975115f,-0.3469541914778475f,0.8166561861022863f,-0.9520643705380671f,-0.10721795984253316f,-0.2864921350389197f,-0.11157794268024945f,0f,0f,0f,1f],start_interpolation:0}
execute if entity @s[tag=aj.dino.bone.body_0] run data modify entity @s {} merge value {transformation:[-0.13583807509246332f,0.5661526861294921f,0.8130308440296315f,-0.19955569595387104f,-0.056045955903506334f,0.8149318882258376f,-0.5768404184690362f,0.5525567049296102f,-0.9891445132952194f,-0.12392398291304013f,-0.07896821054659914f,-0.1499758950222974f,0f,0f,0f,1f],start_interpolation:0}
execute if entity @s[tag=aj.dino.bone.leg_left_3] run data modify entity @s {} merge value {transformation:[-0.5708762513876265f,0.22162320572366787f,0.7905589543395081f,0.15463138299302215f,0.05317026909655444f,0.9708377565471715f,-0.2337669201291215f,0.018252618826037265f,-0.8193126558804101f,-0.09141775072282121f,-0.5660119846495908f,0.23667317161530838f,0f,0f,0f,1f],start_interpolation:0}
execute if entity @s[tag=aj.dino.bone.leg_left_2] run data modify entity @s {} merge value {transformation:[-0.5030075270055792f,0.1456977250982528f,0.8819397939642026f,0.21506884617395766f,-0.4519523996561873f,0.8316556815861034f,-0.39515826605458015f,0.19919704116839007f,-0.7712228314316427f,-0.5823943678362989f,-0.3436485764437443f,0.0891011514574853f,0f,0f,0f,1f],start_interpolation:0}
execute if entity @s[tag=aj.dino.bone.leg_left_1] run data modify entity @s {} merge value {transformation:[-0.31616519095147483f,-0.8606424989364342f,0.399166708350117f,-0.03361450366367068f,-0.13676933488045f,0.45770305488798557f,0.8785226591173191f,0.27967095736635805f,-0.9387937585364405f,0.2231645190675605f,-0.26241927589711783f,0.1823423761655715f,0f,0f,0f,1f],start_interpolation:0}
execute if entity @s[tag=aj.dino.bone.leg_left_0] run data modify entity @s {} merge value {transformation:[-0.34365411965778003f,0.47295750414419724f,0.8113033004468352f,0.04608022673319245f,-0.18501601031317183f,0.812888483396749f,-0.5522512014371082f,0.6222812419564512f,-0.920690459367334f,-0.3398875002624028f,-0.19184776567722286f,-0.0425447542010188f,0f,0f,0f,1f],start_interpolation:0}
execute if entity @s[tag=aj.dino.bone.leg_right_3] run data modify entity @s {} merge value {transformation:[-0.1377160990119752f,-0.03353889260668097f,0.9899037421667021f,-0.29777605046231675f,0.05922506271386305f,0.9973594100836672f,0.042030929850495335f,0.15431367138914454f,-0.9886994831694119f,0.06441544690736709f,-0.13536610425162318f,-0.4367884229596553f,0f,0f,0f,1f],start_interpolation:0}
execute if entity @s[tag=aj.dino.bone.leg_right_2] run data modify entity @s {} merge value {transformation:[-0.14578961264744394f,0.26502710434194293f,0.9800858239506002f,-0.2054834005084193f,0.05607258869829421f,0.9907292429492257f,-0.25956431084149356f,0.37714252982259017f,-1.0137373689183378f,0.016685341772718642f,-0.15530726231940142f,-0.43612609392484586f,0f,0f,0f,1f],start_interpolation:0}
execute if entity @s[tag=aj.dino.bone.leg_right_1] run data modify entity @s {} merge value {transformation:[-0.30956481968275995f,-0.9183713963073813f,0.24650274006430545f,-0.4742149675887302f,-0.2952165420620697f,0.3392505545754586f,0.8931720184338274f,0.41605638751274576f,-0.9038898249829425f,0.20372294830154514f,-0.37613846470100787f,-0.3788334923606276f,0f,0f,0f,1f],start_interpolation:0}
execute if entity @s[tag=aj.dino.bone.leg_right_0] run data modify entity @s {} merge value {transformation:[-0.249443419731856f,0.9195818517508126f,0.30355756996494654f,-0.10886454007967938f,-0.24205937073697026f,0.24430721453654033f,-0.9390001309711402f,0.6165654239556813f,-0.937648783602314f,-0.30770635816626063f,0.1616525773167807f,-0.40378284081168725f,0f,0f,0f,1f],start_interpolation:0}
execute if entity @s[tag=aj.dino.bone.tail_4] run data modify entity @s {} merge value {transformation:[-1.9321831283396278f,-1.77346667358473f,-0.8643758718543704f,1.2140596002121142f,-1.496061250409772f,2.1057854484235334f,-0.9762836226374223f,0.3375486217110889f,1.2861300187702798f,-0.21481372044636976f,-2.4342115709046213f,-1.2435395843250243f,0f,0f,0f,1f],start_interpolation:0}
execute if entity @s[tag=aj.dino.bone.tail_3] run data modify entity @s {} merge value {transformation:[-1.6028432205257583f,-1.2272199398044275f,0.5106567886609142f,1.1394803902883635f,-1.320836691170589f,1.3807714141815524f,-0.8275302188325516f,0.4643552338863092f,0.14909584741564827f,-0.960909489582623f,-1.841295442659302f,-0.9219206669856395f,0f,0f,0f,1f],start_interpolation:0}
execute if entity @s[tag=aj.dino.bone.tail_2] run data modify entity @s {} merge value {transformation:[-1.1681148490353446f,-0.9582945073459483f,1.2393357945514596f,0.9079987873285408f,-1.4635087508267934f,1.2190738471974816f,-0.4367779370976832f,0.5447591963286647f,-0.5589487550029165f,-1.189245335190554f,-1.4463905755400137f,-0.6537361143285934f,0f,0f,0f,1f],start_interpolation:0}
execute if entity @s[tag=aj.dino.bone.tail_1] run data modify entity @s {} merge value {transformation:[-0.9155899387896461f,-0.31569961892164444f,1.1617594693394588f,0.6627349419114388f,-0.7489716958901518f,1.292092759536938f,-0.23915256533780135f,0.5811432074922571f,-0.9425458677128673f,-0.7200599290093499f,-0.9384973286549343f,-0.44207948943418657f,0f,0f,0f,1f],start_interpolation:0}
execute if entity @s[tag=aj.dino.bone.tail_0] run data modify entity @s {} merge value {transformation:[-0.2349050974108925f,-0.26926189853272253f,1.227254391637268f,0.29760491536956435f,-0.32635414985294725f,1.2187424840536345f,0.20492789712619439f,0.5506689401239221f,-1.213321177870133f,-0.2756818894039975f,-0.29272330240434036f,-0.3631916320246045f,0f,0f,0f,1f],start_interpolation:0}
execute if entity @s[tag=aj.dino.bone.body_1] run data modify entity @s {} merge value {transformation:[-0.4873187969766879f,0.1872579499495505f,1.1207405789700555f,0.024435278029768883f,-0.017976893374119937f,1.2180395391112457f,-0.21133174754998296f,0.5177570043731778f,-1.1361345943478964f,-0.09959285315024288f,-0.4773720165485038f,-0.24550103967409106f,0f,0f,0f,1f],start_interpolation:0}