execute if entity @s[tag=aj.dino.bone.head_lower] run data modify entity @s {} merge value {transformation:[-0.8762430706412212f,-0.3667947932111149f,-0.3125054572746837f,0.006860823606363524f,-0.46471026878746124f,0.8147614954480505f,0.3467103569533829f,0.2188142547025343f,0.12744586002193015f,0.44902704284761275f,-0.8843824215546113f,0.5149185090891706f,0f,0f,0f,1f],start_interpolation:0}
execute if entity @s[tag=aj.dino.bone.head_upper] run data modify entity @s {} merge value {transformation:[-0.9120810471291678f,-0.020499217191116446f,-0.501158545917177f,-0.028431166780532743f,-0.4837167251515898f,0.31101827115890696f,0.8676161060039478f,0.2854590968559233f,0.13265834259438541f,0.9931361234409828f,-0.28205380167662075f,0.5178162531561911f,0f,0f,0f,1f],start_interpolation:0}
execute if entity @s[tag=aj.dino.bone.neck_0] run data modify entity @s {} merge value {transformation:[-0.8672220947073914f,-0.3953700827994722f,0.30266869028438087f,-0.002162222860857356f,-0.08139309762954475f,0.7122519826076733f,0.6971888387873879f,0.3190057493954702f,-0.49122398364655545f,0.5799824229220893f,-0.6498610520656174f,0.46653954359880284f,0f,0f,0f,1f],start_interpolation:0}
execute if entity @s[tag=aj.dino.bone.neck_1] run data modify entity @s {} merge value {transformation:[-0.8634403207250079f,-0.24320684015581176f,0.44195163247545616f,0.03415645751324719f,0.0590516188872776f,0.8213500905733724f,0.5673596170172011f,0.37085241275031067f,-0.5009827530495305f,0.5159791290513006f,-0.6948250279965268f,0.41005579549915283f,0f,0f,0f,1f],start_interpolation:0}
execute if entity @s[tag=aj.dino.bone.neck_2] run data modify entity @s {} merge value {transformation:[-0.9673802223367204f,0.04099722031232211f,0.24998946649493087f,0.05645879810932219f,0.13700574126569065f,0.9147177251548625f,0.38015905901050473f,0.41311285574041784f,-0.21308433140894206f,0.40200834719465306f,-0.8904966908943723f,0.33597751962587674f,0f,0f,0f,1f],start_interpolation:0}
execute if entity @s[tag=aj.dino.bone.body_0] run data modify entity @s {} merge value {transformation:[-0.9950788332439211f,0.09170041014551135f,-0.037538652200920786f,0.03964053312912265f,0.08224379436991011f,0.9756657545951586f,0.2032542584988069f,0.5182002614621483f,0.055263676294259045f,0.19916668920631503f,-0.9784061303942441f,-0.12324430893288987f,0f,0f,0f,1f],start_interpolation:0}
execute if entity @s[tag=aj.dino.bone.leg_left_3] run data modify entity @s {} merge value {transformation:[-0.9709266521353211f,-0.09419425697627407f,0.2200656223174905f,0.5838610366995313f,-0.08913212800758094f,0.9954781840089544f,0.032842790975726566f,0.05433261774361858f,-0.22216412836040128f,0.012273023870371935f,-0.9749320350439515f,-0.1492728277926559f,0f,0f,0f,1f],start_interpolation:0}
execute if entity @s[tag=aj.dino.bone.leg_left_2] run data modify entity @s {} merge value {transformation:[-0.9147491156813238f,-0.2674478168070355f,0.3791674038549207f,0.5318181881240707f,-0.41677254122206286f,0.8420134075199767f,-0.41155348369391387f,0.23723930256946638f,-0.20395319008104312f,-0.5211019922648953f,-0.8596034023978837f,-0.29762294954584256f,0f,0f,0f,1f],start_interpolation:0}
execute if entity @s[tag=aj.dino.bone.leg_left_1] run data modify entity @s {} merge value {transformation:[-0.8897662934218132f,-0.4382612274794065f,0.1274481838970311f,0.4237171863754946f,-0.09583271876879118f,0.4524028360913921f,0.8866497413916314f,0.31502700668971756f,-0.4462421238563089f,0.7766973479964439f,-0.4445325595628532f,-0.054155021127292424f,0f,0f,0f,1f],start_interpolation:0}
execute if entity @s[tag=aj.dino.bone.leg_left_0] run data modify entity @s {} merge value {transformation:[-0.8189603639068953f,-0.05958536117317775f,0.5707481993693431f,0.2586344382862546f,-0.2600257742483809f,0.925160440672605f,-0.2765226134351433f,0.6705510729952193f,-0.5115569558475531f,-0.37487030256921333f,-0.7731634608384251f,-0.19788255198119264f,0f,0f,0f,1f],start_interpolation:0}
execute if entity @s[tag=aj.dino.bone.leg_right_3] run data modify entity @s {} merge value {transformation:[-0.8342818742148744f,0.0020771317263943295f,0.5513342360857953f,-0.266943621797228f,0.016837236689011742f,0.9996224736520919f,0.021712153977693105f,0.04041789237978399f,-0.5510809938812937f,0.027397001541483834f,-0.8340018839842877f,-0.4734209217531642f,0f,0f,0f,1f],start_interpolation:0}
execute if entity @s[tag=aj.dino.bone.leg_right_2] run data modify entity @s {} merge value {transformation:[-0.8705049803396372f,0.3968703314300518f,0.3698340421529403f,-0.16165371280851384f,0.3020527651117916f,0.935444321319165f,-0.29286558060096785f,0.2489491491506643f,-0.45060781816664347f,-0.13964261972271194f,-0.9107769938161423f,-0.5334194390741871f,0f,0f,0f,1f],start_interpolation:0}
execute if entity @s[tag=aj.dino.bone.leg_right_1] run data modify entity @s {} merge value {transformation:[-0.974715381858273f,-0.22137139279760853f,-0.030407742759499902f,-0.23959275575549185f,-0.06410948251876625f,0.14668981492888294f,0.9871028682195722f,0.23517117290272715f,-0.21405583061448472f,0.9640937737829121f,-0.15717282440983876f,-0.26743248711077594f,0f,0f,0f,1f],start_interpolation:0}
execute if entity @s[tag=aj.dino.bone.leg_right_0] run data modify entity @s {} merge value {transformation:[-0.9712484548580356f,0.0910462915612252f,0.2199704792212508f,-0.10881947338928166f,-0.01087072217336102f,0.9060565221337479f,-0.42301702814228054f,0.6266186402915223f,-0.23781981905490535f,-0.4132458729277835f,-0.8790162581959712f,-0.33047618194633205f,0f,0f,0f,1f],start_interpolation:0}
execute if entity @s[tag=aj.dino.bone.tail_4] run data modify entity @s {} merge value {transformation:[0.03669456896217506f,-0.9317950174600473f,2.5992446759867205f,1.1644429139277823f,-2.5250893899053235f,1.0404777488499435f,0.40864527249892046f,0.8878736072132193f,-1.1172459054282742f,-2.3821892097784296f,-0.8382108846936872f,-1.5830664348053762f,0f,0f,0f,1f],start_interpolation:0}
execute if entity @s[tag=aj.dino.bone.tail_3] run data modify entity @s {} merge value {transformation:[-0.7597780446050106f,-0.7127869041820252f,1.8029469427044258f,0.8657049182169997f,-1.0374550745885858f,1.7853478743432947f,0.2686363002885421f,0.8248517873417535f,-1.6377941925623687f,-0.8002582850860886f,-1.0065596783124653f,-1.4045599543248104f,0f,0f,0f,1f],start_interpolation:0}
execute if entity @s[tag=aj.dino.bone.tail_2] run data modify entity @s {} merge value {transformation:[-1.4765807711580115f,-0.4550738012745098f,1.1964075127826461f,0.642095238314265f,-0.556942001333068f,1.8729554900933072f,0.025044246509591542f,0.8202299638077221f,-1.1525184199830842f,-0.3220550302753928f,-1.5449128532304943f,-1.1182928871128144f,0f,0f,0f,1f],start_interpolation:0}
execute if entity @s[tag=aj.dino.bone.tail_1] run data modify entity @s {} merge value {transformation:[-0.9991343208379027f,0.18982790946491807f,1.1195321450105675f,0.3998185061211732f,0.2756822383303793f,1.4871509726724559f,-0.006126822057236034f,0.8031061241653434f,-1.101538089397246f,0.2000089979664614f,-1.0169889322600898f,-0.900840740302149f,0f,0f,0f,1f],start_interpolation:0}
execute if entity @s[tag=aj.dino.bone.tail_0] run data modify entity @s {} merge value {transformation:[-1.054219396244024f,-0.1180959082214816f,0.7130992480912153f,0.18858446722559646f,0.1253135663489268f,1.212082146075264f,0.38599105927278093f,0.7195602666985849f,-0.7118663436740257f,0.3882601501711884f,-0.9880972022616235f,-0.6027263632372591f,0f,0f,0f,1f],start_interpolation:0}
execute if entity @s[tag=aj.dino.bone.body_1] run data modify entity @s {} merge value {transformation:[-1.1556840664284034f,-0.21675288764125003f,0.382121864539232f,0.114346331563213f,-0.13817246425160573f,1.2001674004745106f,0.26289004548887845f,0.5776022222222222f,-0.4170219464037813f,0.20302953379665117f,-1.1460699366444294f,-0.3499566367491928f,0f,0f,0f,1f],start_interpolation:0}