execute if entity @s[tag=aj.dino.bone.head_lower] run data modify entity @s {} merge value {transformation:[-0.6428346450388001f,0.009495063685722227f,-0.76594612271585f,0.8939134520638294f,-0.44982032807293465f,0.8046794476093635f,0.38749536648513216f,0.4428405032714776f,0.6200203961082225f,0.5936335825748856f,-0.5130047544117978f,0.298357342820414f,0f,0f,0f,1f],start_interpolation:0}
execute if entity @s[tag=aj.dino.bone.head_upper] run data modify entity @s {} merge value {transformation:[-0.6691263141731183f,0.29848423588163936f,-0.7393572067646046f,0.849438782756744f,-0.468217792065981f,0.6341681850730687f,0.6797608070619362f,0.5037961532350712f,0.6453789719672172f,0.769551698428891f,-0.27340100323746785f,0.29699022199981495f,0f,0f,0f,1f],start_interpolation:0}
execute if entity @s[tag=aj.dino.bone.neck_0] run data modify entity @s {} merge value {transformation:[-0.5593967408181929f,-0.15769809106929755f,-0.8137607746967674f,0.7995599760372507f,-0.5695348892501796f,0.7864197273271248f,0.2391108997881867f,0.5066764765978935f,0.6022501940960825f,0.5972230107286809f,-0.5297351972140426f,0.25284789954322123f,0f,0f,0f,1f],start_interpolation:0}
execute if entity @s[tag=aj.dino.bone.neck_1] run data modify entity @s {} merge value {transformation:[-0.5634793932214657f,-0.0015700152438460346f,-0.8261286270714162f,0.729568805522095f,-0.48569618182504287f,0.8095491633386921f,0.32974137001322495f,0.538339390295351f,0.6682740398783598f,0.5870499869600182f,-0.45692682175037447f,0.21684466648510553f,0f,0f,0f,1f],start_interpolation:0}
execute if entity @s[tag=aj.dino.bone.neck_2] run data modify entity @s {} merge value {transformation:[-0.47445391166641676f,-0.08700697431792684f,-0.8759699036636337f,0.6519754195289518f,-0.5557554944357631f,0.8013160959502171f,0.2214234512773271f,0.5655831307050422f,0.6826633988349574f,0.5918803095146365f,-0.42854216023626135f,0.185096037337549f,0f,0f,0f,1f],start_interpolation:0}
execute if entity @s[tag=aj.dino.bone.body_0] run data modify entity @s {} merge value {transformation:[-0.26658141804252466f,-0.262020117606542f,-0.9275126983087028f,0.2123460938433295f,-0.5304375128936492f,0.8433714173983848f,-0.08579450583014742f,0.5331826688016819f,0.8047175855352213f,0.46911630784368746f,-0.3638124478979109f,0.018101514167539134f,0f,0f,0f,1f],start_interpolation:0}
execute if entity @s[tag=aj.dino.bone.leg_left_3] run data modify entity @s {} merge value {transformation:[-0.5317360259041848f,-0.1329433335654877f,-0.8364107058234725f,0.09614409887477815f,-0.19674518039323577f,0.9799743956444453f,-0.030684163233453826f,0.032139826820121425f,0.8237403308978244f,0.14824390018412087f,-0.547243650772252f,-0.5835884829356857f,0f,0f,0f,1f],start_interpolation:0}
execute if entity @s[tag=aj.dino.bone.leg_left_2] run data modify entity @s {} merge value {transformation:[-0.5025804705239534f,-0.3605690164037328f,-0.8182084419988959f,-0.013970013476890641f,-0.3735156835476683f,0.9374475695085132f,-0.18368529627379993f,0.24440133163416822f,0.8123799014577687f,0.2079524905667644f,-0.5906410558666232f,-0.5521082049652473f,0f,0f,0f,1f],start_interpolation:0}
execute if entity @s[tag=aj.dino.bone.leg_left_1] run data modify entity @s {} merge value {transformation:[-0.6481340054092337f,0.740750328350948f,-0.17666709393700356f,0.2095464562505957f,-0.001281336799531437f,0.23092967661547026f,0.9729696000565896f,0.2555605678903941f,0.7615252255888768f,0.6308410540748252f,-0.14872422561766263f,-0.3880068799660108f,0f,0f,0f,1f],start_interpolation:0}
execute if entity @s[tag=aj.dino.bone.leg_left_0] run data modify entity @s {} merge value {transformation:[-0.6424607727197434f,-0.049290313962494364f,-0.7647317310441806f,0.17774489164806084f,-0.05624231946084511f,0.9982708195306713f,-0.017093050495040778f,0.6423660057348729f,0.7642518936960604f,0.032028671890050375f,-0.6441220436834505f,-0.23413195573459172f,0f,0f,0f,1f],start_interpolation:0}
execute if entity @s[tag=aj.dino.bone.leg_right_3] run data modify entity @s {} merge value {transformation:[-0.8380343056223104f,0.03410445702958717f,-0.5445506299792965f,-0.07373567663742553f,0.03510109076347703f,0.9993470294078486f,0.00856902800334039f,0.045389532368005914f,0.5444872964793083f,-0.011933181655574415f,-0.8386841975071597f,0.25158538211584003f,0f,0f,0f,1f],start_interpolation:0}
execute if entity @s[tag=aj.dino.bone.leg_right_2] run data modify entity @s {} merge value {transformation:[-0.8124082326374354f,0.024956198289633674f,-0.6256454676656268f,-0.08599331785984517f,0.19963736872435447f,0.9817206585511169f,-0.2200719634198577f,0.26711627000265126f,0.5934643915623152f,-0.2960809623085949f,-0.7824310060361114f,0.1574680292228949f,0f,0f,0f,1f],start_interpolation:0}
execute if entity @s[tag=aj.dino.bone.leg_right_1] run data modify entity @s {} merge value {transformation:[-0.6011027556954344f,0.712499804220255f,-0.3619661670397565f,0.11479660438568161f,-0.11663156331839047f,0.36986604356903097f,0.9217354220450137f,0.31638913497084775f,0.7906153018587886f,0.5962743821435641f,-0.1392275319972565f,0.34258684934183026f,0f,0f,0f,1f],start_interpolation:0}
execute if entity @s[tag=aj.dino.bone.leg_right_0] run data modify entity @s {} merge value {transformation:[-0.6413725340828517f,-0.6765158393193345f,-0.3618944482500356f,-0.0467890387096951f,-0.08502104819309736f,0.5314553718961292f,-0.8428087618474869f,0.6035515625628092f,0.762504225488809f,-0.5097857460078724f,-0.3983789644031275f,0.0861982796094842f,0f,0f,0f,1f],start_interpolation:0}
execute if entity @s[tag=aj.dino.bone.tail_4] run data modify entity @s {} merge value {transformation:[1.5567874204811898f,-1.4672033632012556f,-1.7462498532691266f,-1.4811038648981976f,0.7675494156722363f,2.3279525113093156f,-1.2716785486866806f,0.8281585356173693f,2.1477760948322175f,0.23154422406870045f,1.7202053512205142f,-0.31830865561383526f,0f,0f,0f,1f],start_interpolation:0}
execute if entity @s[tag=aj.dino.bone.tail_3] run data modify entity @s {} merge value {transformation:[0.6524855861907093f,-0.5488075979341479f,-1.899741641989131f,-1.1536073725168758f,1.0462272205627923f,1.793364417460439f,-0.15873939392816228f,0.837525392021262f,1.6779799429108992f,-0.9047650593833605f,0.8376926790608851f,-0.45149654137603734f,0f,0f,0f,1f],start_interpolation:0}
execute if entity @s[tag=aj.dino.bone.tail_2] run data modify entity @s {} merge value {transformation:[0.944826446053035f,0.10848504166180054f,-1.7071343993889891f,-0.8355303547628846f,0.7213233073596687f,1.7430934320553753f,0.5099920081608137f,0.7436671446246708f,1.5510543343485024f,-0.8767155512843533f,0.8027292003145721f,-0.5997838440742389f,0f,0f,0f,1f],start_interpolation:0}
execute if entity @s[tag=aj.dino.bone.tail_1] run data modify entity @s {} merge value {transformation:[-0.2850449391934323f,0.4782813039321897f,-1.4062903778911156f,-0.5384865263802661f,0.8003496671925052f,1.2557645871550267f,0.26486215636102556f,0.6705567072660478f,1.2513377013680436f,-0.6942323429200705f,-0.48974652747993097f,-0.4871050751430137f,0f,0f,0f,1f],start_interpolation:0}
execute if entity @s[tag=aj.dino.bone.tail_0] run data modify entity @s {} merge value {transformation:[-0.6924946406826533f,0.31817342067913734f,-1.0261834941096875f,-0.2309337672607852f,0.06484536530862016f,1.2310302687984707f,0.33792791018793417f,0.6015132710078279f,1.0724187464828383f,0.13101857982488435f,-0.6830723830728892f,-0.2843337370095562f,0f,0f,0f,1f],start_interpolation:0}
execute if entity @s[tag=aj.dino.bone.body_1] run data modify entity @s {} merge value {transformation:[-0.7061845783700205f,-0.11153137251443802f,-1.0086965298213593f,0.011086475755580857f,-0.12207580895438647f,1.2292909006244204f,-0.05045764130816676f,0.5304424999999997f,1.0074747804271522f,0.07077591146214321f,-0.7131549145986544f,-0.12330246897231076f,0f,0f,0f,1f],start_interpolation:0}