execute if entity @s[tag=aj.dino.bone.head_lower] run data modify entity @s {} merge value {transformation:[-0.9371462766370311f,-0.20327347222023848f,-0.28361373675630946f,-0.056028664475459636f,-0.28696202333106496f,0.9113902658994621f,0.2949925090395499f,0.23246665141714334f,0.19851864736364366f,0.3578375032263043f,-0.9124377611287653f,0.5166699089625996f,0f,0f,0f,1f],start_interpolation:0}
execute if entity @s[tag=aj.dino.bone.head_upper] run data modify entity @s {} merge value {transformation:[-0.9754751688738705f,0.06412112615202241f,-0.357503312816815f,-0.0795369934621726f,-0.2986986505177958f,0.44126693810071255f,0.8941669576212132f,0.3039239736211846f,0.20663797732471365f,0.9405551090200538f,-0.3951313399452554f,0.510614658061343f,0f,0f,0f,1f],start_interpolation:0}
execute if entity @s[tag=aj.dino.bone.neck_0] run data modify entity @s {} merge value {transformation:[-0.8183934548655214f,-0.44237443632186957f,0.3667928722347039f,-0.048374468668165714f,-0.09925602339003825f,0.7375022556805746f,0.6680109764718394f,0.3351798435565675f,-0.5660215498142025f,0.5102894090170521f,-0.6474753463962593f,0.46064762995938136f,0f,0f,0f,1f],start_interpolation:0}
execute if entity @s[tag=aj.dino.bone.neck_1] run data modify entity @s {} merge value {transformation:[-0.8190676645074119f,-0.28303812700769176f,0.4990166125675093f,-0.00740513326201632f,0.0401033088819399f,0.8394509101698112f,0.5419537748109107f,0.3849576868381345f,-0.5722935309568802f,0.4639090299563625f,-0.6762163310286533f,0.4055004022942899f,0f,0f,0f,1f],start_interpolation:0}
execute if entity @s[tag=aj.dino.bone.neck_2] run data modify entity @s {} merge value {transformation:[-0.9496275514658706f,0.00999532632119099f,0.31322133859088885f,0.020133265650348404f,0.12683356896823084f,0.9262310171609146f,0.35497795513501756f,0.42512479859501673f,-0.28656719854113855f,0.37682382660971747f,-0.8808422358285809f,0.3320213568963382f,0f,0f,0f,1f],start_interpolation:0}
execute if entity @s[tag=aj.dino.bone.body_0] run data modify entity @s {} merge value {transformation:[-0.9956657778982917f,0.07515248719656144f,0.054788341737639634f,0.046670727036172685f,0.08357599243329801f,0.9814414412879532f,0.17259128254756828f,0.5158158793724454f,-0.04080088492887174f,0.17642222363068635f,-0.9834685998028737f,-0.12980306397564506f,0f,0f,0f,1f],start_interpolation:0}
execute if entity @s[tag=aj.dino.bone.leg_left_3] run data modify entity @s {} merge value {transformation:[-0.9711888697856709f,-0.10856402047592331f,0.21214625300140139f,0.5925945661775871f,-0.10424797306980688f,0.9940536541669615f,0.031459382513776835f,0.05198832509117343f,-0.21430011506125746f,0.008437185277959613f,-0.9767314239796513f,-0.16215899301108946f,0f,0f,0f,1f],start_interpolation:0}
execute if entity @s[tag=aj.dino.bone.leg_left_2] run data modify entity @s {} merge value {transformation:[-0.9143041681968543f,-0.2753966870011659f,0.37452203180498556f,0.5385559749793956f,-0.42134459419620335f,0.8400595282208865f,-0.4108904008219625f,0.23445296273638352f,-0.19641491913851547f,-0.5201142694973654f,-0.8619538999886983f,-0.31033982421517115f,0f,0f,0f,1f],start_interpolation:0}
execute if entity @s[tag=aj.dino.bone.leg_left_1] run data modify entity @s {} merge value {transformation:[-0.8926901429079196f,-0.434440256657749f,0.11985813343360253f,0.4319537897015384f,-0.10060888181287901f,0.45135207272171973f,0.8866561674911924f,0.3120499867413521f,-0.4392973499298628f,0.7794504280869672f,-0.4466260947365739f,-0.0661512462281503f,0f,0f,0f,1f],start_interpolation:0}
execute if entity @s[tag=aj.dino.bone.leg_left_0] run data modify entity @s {} merge value {transformation:[-0.8238536154606607f,-0.0647552048448331f,0.5630914523751018f,0.26489553414419087f,-0.26188101252794643f,0.924543963820954f,-0.276833513577341f,0.6671415944236184f,-0.5026763924929591f,-0.3755332507351938f,-0.7786470458574428f,-0.20866008093046792f,0f,0f,0f,1f],start_interpolation:0}
execute if entity @s[tag=aj.dino.bone.leg_right_3] run data modify entity @s {} merge value {transformation:[-0.8384544343223744f,0.000049409811977818574f,0.5449717048836733f,-0.2655474895053282f,0.012894120000863221f,0.999721853633633f,0.019747329863460616f,0.035471498007291935f,-0.5448191472723313f,0.023584166849890287f,-0.8382218583641483f,-0.47280203834094514f,0f,0f,0f,1f],start_interpolation:0}
execute if entity @s[tag=aj.dino.bone.leg_right_2] run data modify entity @s {} merge value {transformation:[-0.8758565945950938f,0.39356214206061296f,0.36061928060163645f,-0.16130518968328414f,0.2969142085621397f,0.9350437147456471f,-0.2993282542114492f,0.24371762025085256f,-0.44359821681212613f,-0.15120942878014426f,-0.9123697332714291f,-0.5355568593856004f,0f,0f,0f,1f],start_interpolation:0}
execute if entity @s[tag=aj.dino.bone.leg_right_1] run data modify entity @s {} merge value {transformation:[-0.9784342027445428f,-0.20412409233031947f,-0.03162065511614458f,-0.23456841439067733f,-0.06518932428767585f,0.15989176645553682f,0.9849796825410384f,0.2336173017544363f,-0.19600220125949389f,0.9657991395471687f,-0.16975028468718847f,-0.26808000219696326f,0f,0f,0f,1f],start_interpolation:0}
execute if entity @s[tag=aj.dino.bone.leg_right_0] run data modify entity @s {} merge value {transformation:[-0.9754505840652089f,0.0826533893728174f,0.20411902231793186f,-0.10531144532952653f,-0.011977800323700813f,0.9056084504338966f,-0.4239455941534506f,0.625093158912241f,-0.21989245177187972f,-0.41598287432044867f,-0.8823862861161484f,-0.3340085072318864f,0f,0f,0f,1f],start_interpolation:0}
execute if entity @s[tag=aj.dino.bone.tail_4] run data modify entity @s {} merge value {transformation:[-0.4666002382654646f,-1.6060941661108026f,2.1973636655855255f,1.0103380125139896f,-2.571123644075591f,0.991484188914174f,0.17872784228725522f,0.8432958961537044f,-0.8928990738745709f,-2.0157087994842033f,-1.662922310619436f,-1.744723660560059f,0f,0f,0f,1f],start_interpolation:0}
execute if entity @s[tag=aj.dino.bone.tail_3] run data modify entity @s {} merge value {transformation:[-1.2110527146929668f,-0.8767925433489664f,1.4493211114887172f,0.7731668137774927f,-1.105917411229069f,1.7587835089048338f,0.1399027318862628f,0.8023624854171046f,-1.2830602198726424f,-0.6883755739249439f,-1.4885701419309452f,-1.485580877889718f,0f,0f,0f,1f],start_interpolation:0}
execute if entity @s[tag=aj.dino.bone.tail_2] run data modify entity @s {} merge value {transformation:[-1.659914658606435f,-0.48860716464087556f,0.9081410902540773f,0.6030016875233698f,-0.5634846200014987f,1.8710202969903833f,-0.023281028210990023f,0.8067189265132854f,-0.8636795031538179f,-0.2816379979945865f,-1.7301767623339388f,-1.164650456774744f,0f,0f,0f,1f],start_interpolation:0}
execute if entity @s[tag=aj.dino.bone.tail_1] run data modify entity @s {} merge value {transformation:[-1.1329061626900443f,0.17469591407994417f,0.9867427294602645f,0.3896125308920837f,0.2229611383218339f,1.495949894134325f,-0.008859742532058464f,0.7901259913982794f,-0.9769688875993705f,0.138821834893777f,-1.1462619861181707f,-0.9187512511329083f,0f,0f,0f,1f],start_interpolation:0}
execute if entity @s[tag=aj.dino.bone.tail_0] run data modify entity @s {} merge value {transformation:[-1.0747989121135568f,-0.09837009804311998f,0.6848111702612114f,0.18712094475258412f,0.11236835322586666f,1.2236079244684166f,0.3521259958529454f,0.7167544301241f,-0.6826539154629158f,0.35629017327609336f,-1.0202336304563133f,-0.6120173553214407f,0f,0f,0f,1f],start_interpolation:0}
execute if entity @s[tag=aj.dino.bone.body_1] run data modify entity @s {} merge value {transformation:[-1.1643427756897828f,-0.2068203783834117f,0.36074343630980277f,0.1171839692049532f,-0.13224708023152146f,1.2010821271307885f,0.2617575762293575f,0.5749980555555556f,-0.3942349623327437f,0.20792222110340397f,-1.1532353356978693f,-0.3579113311357402f,0f,0f,0f,1f],start_interpolation:0}