execute if entity @s[tag=aj.dino.bone.head_lower] run data modify entity @s {} merge value {transformation:[-0.5622527503140813f,-0.48497682903500294f,0.6698278286719695f,0.044590559865073834f,-0.10344822308398334f,0.8448681844752312f,0.524877334243243f,0.5380505671806572f,-0.8204695667147064f,0.22582122610746855f,-0.5251994515746391f,0.7877243522756422f,0f,0f,0f,1f],start_interpolation:0}
execute if entity @s[tag=aj.dino.bone.head_upper] run data modify entity @s {} merge value {transformation:[-0.5852486535299479f,-0.4659319614704058f,0.7237840585459387f,0.0838422690809808f,-0.10767921230469199f,0.9079819363961305f,0.49743937620506196f,0.592697794925643f,-0.8540264301310185f,0.20481248263272583f,-0.558715174466378f,0.7535418960266479f,0f,0f,0f,1f],start_interpolation:0}
execute if entity @s[tag=aj.dino.bone.neck_0] run data modify entity @s {} merge value {transformation:[-0.6525501315947094f,-0.2630178552169556f,0.7106334734536506f,0.1342732901221779f,-0.3020807045197129f,0.9503776484456637f,0.07436110066267174f,0.5821773217568391f,-0.6949284666155224f,-0.1661443142932157f,-0.6996216785630901f,0.7112244290024544f,0f,0f,0f,1f],start_interpolation:0}
execute if entity @s[tag=aj.dino.bone.neck_1] run data modify entity @s {} merge value {transformation:[-0.7547862142114388f,-0.43946540006803053f,0.4869989044950824f,0.17350392702859443f,-0.38742591441159097f,0.8977439950170445f,0.2096589617764505f,0.6040739819602219f,-0.529338201605275f,-0.030428301856702616f,-0.8478650758035801f,0.6392589494696552f,0f,0f,0f,1f],start_interpolation:0}
execute if entity @s[tag=aj.dino.bone.neck_2] run data modify entity @s {} merge value {transformation:[-0.8604869694106114f,-0.4976987254968613f,0.10889515192763152f,0.1781711774667767f,-0.46930463725260846f,0.8575123505233543f,0.21077411167671778f,0.6309349568057827f,-0.19828094443929659f,0.13026337681294775f,-0.9714505235644009f,0.5554279576000962f,0f,0f,0f,1f],start_interpolation:0}
execute if entity @s[tag=aj.dino.bone.body_0] run data modify entity @s {} merge value {transformation:[-0.8850236627680896f,-0.45739542028291286f,-0.08673261119540077f,0.13293715993520622f,-0.4442437618044127f,0.885452363686217f,-0.13646095317106402f,0.5750564618844004f,0.13921421061953093f,-0.08224075113171547f,-0.9868413562548299f,0.08954988109681239f,0f,0f,0f,1f],start_interpolation:0}
execute if entity @s[tag=aj.dino.bone.leg_left_3] run data modify entity @s {} merge value {transformation:[-0.9080534177871111f,-0.36932544405154843f,-0.1975796214726436f,0.5128042071990135f,-0.3683639141366285f,0.9286872389173896f,-0.04298882452380759f,0.05018739749280898f,0.19936653983828165f,0.03374505368380254f,-0.9793437875152877f,-0.26730377512199055f,0f,0f,0f,1f],start_interpolation:0}
execute if entity @s[tag=aj.dino.bone.leg_left_2] run data modify entity @s {} merge value {transformation:[-0.919560294242282f,-0.44602386696652274f,-0.08679732052299707f,0.4047276795530376f,-0.401907311813024f,0.8897811259677544f,-0.3143600802956363f,0.24725544123451038f,0.21199428639699455f,-0.24781940494739274f,-0.972474248793892f,-0.35479504539407625f,0f,0f,0f,1f],start_interpolation:0}
execute if entity @s[tag=aj.dino.bone.leg_left_1] run data modify entity @s {} merge value {transformation:[-0.9982042351084779f,-0.0013626655950220116f,-0.05988696146887825f,0.4274135269742061f,-0.05634309539033495f,0.3608405587379487f,0.9309240284639347f,0.29703393323066324f,0.020341106492380988f,0.9326265245596232f,-0.36026935072873534f,-0.08272733374651954f,0f,0f,0f,1f],start_interpolation:0}
execute if entity @s[tag=aj.dino.bone.leg_left_0] run data modify entity @s {} merge value {transformation:[-0.9934876188400825f,-0.11366603968879302f,-0.00789826771694796f,0.2679091201920365f,-0.10479630427709571f,0.9387695244168301f,-0.3282217461352323f,0.680159404270066f,0.04472231905128837f,-0.3252565317524988f,-0.9445676803337125f,-0.12833979062352824f,0f,0f,0f,1f],start_interpolation:0}
execute if entity @s[tag=aj.dino.bone.leg_right_3] run data modify entity @s {} merge value {transformation:[-0.9921798903936021f,0.0014666405344543783f,0.12480750804371703f,-0.2527340191187921f,0.005307201151190384f,0.9995223552666612f,0.030444949304064328f,0.05449003860311355f,-0.12470324259809978f,0.03086924501391236f,-0.9917137646507639f,0.03374989496113073f,0f,0f,0f,1f],start_interpolation:0}
execute if entity @s[tag=aj.dino.bone.leg_right_2] run data modify entity @s {} merge value {transformation:[-1.013028736554479f,0.1476650435676007f,-0.06348238593270876f,-0.21870381115020807f,0.15964219559762677f,0.971463567971657f,-0.2878108840701501f,0.2717944748997108f,0.01869084803586643f,-0.29413563285098737f,-0.9824444417816937f,-0.06520362431660204f,0f,0f,0f,1f],start_interpolation:0}
execute if entity @s[tag=aj.dino.bone.leg_right_1] run data modify entity @s {} merge value {transformation:[-0.9038244540673631f,0.3442414844574639f,-0.2541636413973385f,-0.1297044998364802f,-0.09598288534448926f,0.4157402444961391f,0.9044044088941832f,0.3348603299645183f,0.41699957068416743f,0.8418181807758798f,-0.34271490858205717f,0.18997318922724726f,0f,0f,0f,1f],start_interpolation:0}
execute if entity @s[tag=aj.dino.bone.leg_right_0] run data modify entity @s {} merge value {transformation:[-0.9196713318056855f,-0.24912424678329004f,-0.3035485976238654f,-0.09587266373601405f,-0.046733460912171836f,0.8369415770294318f,-0.5452932974745409f,0.7132950385810394f,0.38989822400971186f,-0.48730473659112533f,-0.7813536130395293f,0.016912920116012198f,0f,0f,0f,1f],start_interpolation:0}
execute if entity @s[tag=aj.dino.bone.tail_4] run data modify entity @s {} merge value {transformation:[-2.126463538046045f,-0.8897517542385142f,-1.5205775116021496f,-0.6401120234936085f,0.08951478561939444f,2.325768883778619f,-1.4860846321803731f,0.9518650913577271f,1.7594889190092142f,-1.1936508060051094f,-1.7621174276441234f,-1.6014312667906574f,0f,0f,0f,1f],start_interpolation:0}
execute if entity @s[tag=aj.dino.bone.tail_3] run data modify entity @s {} merge value {transformation:[-1.652895135284806f,0.5546550846541671f,-1.138525772595222f,-0.45248786113104894f,0.8544665871579206f,1.8701068588498428f,-0.32944303598333274f,0.9894259922133075f,0.9347566791561132f,-0.7286999379679528f,-1.7120665516337217f,-1.303997146590182f,0f,0f,0f,1f],start_interpolation:0}
execute if entity @s[tag=aj.dino.bone.tail_2] run data modify entity @s {} merge value {transformation:[-1.1612256021438785f,0.7914513268114955f,-1.3579152304973559f,-0.20072471998516567f,0.7619934003604086f,1.7601333053517654f,0.3742601771514416f,0.9208341237286966f,1.3746617888540973f,-0.30709838762613123f,-1.354536607694551f,-1.0512483378743178f,0f,0f,0f,1f],start_interpolation:0}
execute if entity @s[tag=aj.dino.bone.tail_1] run data modify entity @s {} merge value {transformation:[-1.116729001419278f,0.9302864325708078f,-0.41849700209652974f,-0.12097373340510187f,0.9089941688162851f,1.189111128554911f,0.21771673110915818f,0.8585798296520741f,0.4629278436723094f,-0.09076413014812731f,-1.4370511244320296f,-0.7413437396390608f,0f,0f,0f,1f],start_interpolation:0}
execute if entity @s[tag=aj.dino.bone.tail_0] run data modify entity @s {} merge value {transformation:[-1.1775637525956903f,0.4421710153110484f,-0.22729742272093692f,-0.04388176934443975f,0.33436687536774207f,1.1368203886960557f,0.479243062637102f,0.7459673691514388f,0.3679376547916733f,0.3820470045004581f,-1.1629693397173713f,-0.39227759387576316f,0f,0f,0f,1f],start_interpolation:0}
execute if entity @s[tag=aj.dino.bone.body_1] run data modify entity @s {} merge value {transformation:[-1.144134809792904f,0.1661133458523982f,-0.438139804635606f,0.04679068520670352f,0.10421531350577735f,1.2173236569218102f,0.18938552686426033f,0.6199424999999998f,0.45683618563692824f,0.13832594002746731f,-1.1405135811837006f,-0.1364413959911308f,0f,0f,0f,1f],start_interpolation:0}