execute if entity @s[tag=aj.dino.bone.head_lower] run data modify entity @s {} merge value {transformation:[-0.8761508325806114f,-0.09224456130019218f,-0.4731285866218997f,-0.6144329844697183f,-0.24571230141332434f,0.9298948989565797f,0.27371690088246203f,0.1577516021822216f,0.41471096380788997f,0.35607080448285405f,-0.8373938133832037f,0.16061052547710228f,0f,0f,0f,1f],start_interpolation:0}
execute if entity @s[tag=aj.dino.bone.head_upper] run data modify entity @s {} merge value {transformation:[-0.9119850365703116f,0.09975524579696642f,-0.4917358300869903f,-0.6463750856680137f,-0.25576183216100373f,0.7852171122918207f,0.6336338961555384f,0.21898510057003243f,0.4316724694313978f,0.6759844081660374f,-0.6634575356681979f,0.13018656554377533f,0f,0f,0f,1f],start_interpolation:0}
execute if entity @s[tag=aj.dino.bone.neck_0] run data modify entity @s {} merge value {transformation:[-0.9401076887136743f,-0.34086534741393615f,-0.0028893864071394687f,-0.6407252628027287f,-0.33482250166057986f,0.9217846085667796f,0.19546618068387134f,0.21677020728980953f,-0.0639642556681797f,0.18472669092950617f,-0.9807061862020909f,0.0637944726136303f,0f,0f,0f,1f],start_interpolation:0}
execute if entity @s[tag=aj.dino.bone.neck_1] run data modify entity @s {} merge value {transformation:[-0.9773131712398458f,-0.16978670912457894f,0.1266153178954333f,-0.6307814696965364f,-0.09036741958470017f,0.8749352442181324f,0.47573316880638006f,0.2611017679887579f,-0.19155337323764032f,0.4534983923120372f,-0.8704289249396981f,-0.007853071302319402f,0f,0f,0f,1f],start_interpolation:0}
execute if entity @s[tag=aj.dino.bone.neck_2] run data modify entity @s {} merge value {transformation:[-0.8215345100443396f,-0.2771142655763772f,0.498285794118468f,-0.5898410188447114f,0.004566532178800126f,0.870716098513763f,0.4917648041216765f,0.31270890786785904f,-0.5701405051301538f,0.4062771955242329f,-0.7140578721692641f,-0.06643218867095879f,0f,0f,0f,1f],start_interpolation:0}
execute if entity @s[tag=aj.dino.bone.body_0] run data modify entity @s {} merge value {transformation:[-0.6367702841930792f,-0.04780236167622698f,0.7695703602574886f,-0.22760077119212618f,0.15025443908192704f,0.9712496379946972f,0.184655745189109f,0.40898883498038857f,-0.7562719145286572f,0.23321465415651907f,-0.6112803909678556f,-0.35230468353348443f,0f,0f,0f,1f],start_interpolation:0}
execute if entity @s[tag=aj.dino.bone.leg_left_3] run data modify entity @s {} merge value {transformation:[0.20310819391857804f,0.038857554173970285f,0.9783849712903154f,-0.05072907213450138f,-0.06568721816702443f,0.9975019829277699f,-0.025980443118719818f,0.0163124817911576f,-0.9769504854047677f,-0.058990546181437356f,0.2051532708211221f,0.07588909770345753f,0f,0f,0f,1f],start_interpolation:0}
execute if entity @s[tag=aj.dino.bone.leg_left_2] run data modify entity @s {} merge value {transformation:[0.4276901048841103f,0.02695240686325705f,0.9318889104658299f,-0.014983454698903359f,-0.27245446881057817f,0.9841255653561416f,0.09657967456092999f,0.2482727867806875f,-0.8915783398614273f,-0.28780659978087186f,0.4175136219492827f,0.02032166291177591f,0f,0f,0f,1f],start_interpolation:0}
execute if entity @s[tag=aj.dino.bone.leg_left_1] run data modify entity @s {} merge value {transformation:[0.450160162257148f,-0.8839404534491853f,-0.12651127646446156f,-0.25737799005694095f,0.12973930201130532f,-0.07542935998347533f,0.9886749340233637f,0.1727615365844612f,-0.8834724341088621f,-0.4614755534245909f,0.08072652452093998f,-0.09173335028321528f,0f,0f,0f,1f],start_interpolation:0}
execute if entity @s[tag=aj.dino.bone.leg_left_0] run data modify entity @s {} merge value {transformation:[0.43468263249424616f,0.2905429337270572f,0.8524293593425483f,-0.16215147439441774f,0.0751823193939702f,0.9315186809934607f,-0.35583783639566213f,0.5762153401451939f,-0.8974400413723557f,0.21876414382041218f,0.38307130083067664f,-0.1413742373784911f,0f,0f,0f,1f],start_interpolation:0}
execute if entity @s[tag=aj.dino.bone.leg_right_3] run data modify entity @s {} merge value {transformation:[0.66056443386198f,-0.1358098114994515f,0.7383835885344999f,-0.035798180836316924f,0.10108600619874664f,0.9906357540687684f,0.09177375502500978f,0.006794237428841332f,-0.7439329593904204f,0.01401776947616748f,0.6681072174969556f,-0.6798867498199535f,0f,0f,0f,1f],start_interpolation:0}
execute if entity @s[tag=aj.dino.bone.leg_right_2] run data modify entity @s {} merge value {transformation:[0.670061057931488f,-0.01805626529215072f,0.7763725583945696f,-0.017053198704481687f,0.23809507445292774f,0.9808163240045462f,-0.18268079698796702f,0.22940606806688368f,-0.7391827336090072f,0.2995588579070954f,0.6449306757198068f,-0.588982016330039f,0f,0f,0f,1f],start_interpolation:0}
execute if entity @s[tag=aj.dino.bone.leg_right_1] run data modify entity @s {} merge value {transformation:[0.543366647533893f,-0.7751849572294227f,0.32224364762241114f,-0.2339158353202243f,-0.13145471030973516f,0.30055217251245836f,0.9446629296926103f,0.25833731906320556f,-0.8291395211212416f,-0.5556587745039756f,0.06140831239806449f,-0.7597068394098181f,0f,0f,0f,1f],start_interpolation:0}
execute if entity @s[tag=aj.dino.bone.leg_right_0] run data modify entity @s {} merge value {transformation:[0.5860204556684631f,0.7191451915471178f,0.37337677888801113f,-0.05009115905208818f,-0.10043594670667139f,0.5217030910622659f,-0.8471944908845974f,0.5438200869640698f,-0.8040476641016139f,0.4589728513220983f,0.37795671128054f,-0.5167760752175706f,0f,0f,0f,1f],start_interpolation:0}
execute if entity @s[tag=aj.dino.bone.tail_4] run data modify entity @s {} merge value {transformation:[0.9437049402996726f,-0.9981672789130613f,-2.395567657270671f,-0.12145178151074773f,-2.4841710971442375f,-1.085062108210505f,-0.526493602087407f,0.20912422610440642f,-0.7509835400108238f,2.3349440327838855f,-1.268747972609116f,0.6249573716455156f,0f,0f,0f,1f],start_interpolation:0}
execute if entity @s[tag=aj.dino.bone.tail_3] run data modify entity @s {} merge value {transformation:[0.7760511968044408f,0.4670240440205167f,-1.874987628836405f,0.19190663489354884f,-1.8264858854778974f,-0.4820970951165815f,-0.8760577761053323f,0.36238894953385814f,-0.6305865334217512f,1.9711459761345234f,0.22997758734333665f,0.5666724606011392f,0f,0f,0f,1f],start_interpolation:0}
execute if entity @s[tag=aj.dino.bone.tail_2] run data modify entity @s {} merge value {transformation:[1.0280308178207853f,1.0810753227425594f,-1.262221319408992f,0.42756823855279646f,-1.5654511870310444f,0.13165299346994327f,-1.1622409153597524f,0.577320759368352f,-0.5579328755653304f,1.6225651021978296f,0.9352899392679934f,0.39277763706932345f,0f,0f,0f,1f],start_interpolation:0}
execute if entity @s[tag=aj.dino.bone.tail_1] run data modify entity @s {} merge value {transformation:[1.381742406432577f,0.6146847986793873f,0.024632712769674f,0.41343358906436556f,-0.5673035884077232f,1.2966138447894349f,-0.5334936045353122f,0.6768148519951427f,-0.2379302646693619f,0.47813323014913006f,1.4150738685247242f,0.08265215566697406f,0f,0f,0f,1f],start_interpolation:0}
execute if entity @s[tag=aj.dino.bone.tail_0] run data modify entity @s {} merge value {transformation:[1.1041293354956911f,-0.0685992304673098f,0.6403345006019621f,0.22465754360002899f,0.0327283361977331f,1.2752782229722885f,0.08018744668835578f,0.6841569515722399f,-0.6431663727929186f,-0.05287074972007354f,1.1033482756212865f,-0.2410477200411084f,0f,0f,0f,1f],start_interpolation:0}
execute if entity @s[tag=aj.dino.bone.body_1] run data modify entity @s {} merge value {transformation:[0.35244235210217983f,-0.39828886948451236f,1.116133934591043f,-0.008000379831864947f,-0.10188673120562053f,1.1499526337152248f,0.4425298060830501f,0.5038175f,-1.1806811921535665f,-0.218127283282989f,0.29498645026283143f,-0.29493551715709765f,0f,0f,0f,1f],start_interpolation:0}