execute if entity @s[tag=aj.dino.bone.head_lower] run data modify entity @s {} merge value {transformation:[0.2959545594686053f,0.4076528562302039f,-0.8638460786141825f,0.8881114775856839f,-0.5645493591835034f,0.804153329392993f,0.18606838493322964f,0.38096939933807467f,0.7705160087728481f,0.43261596322087004f,0.4681330030998019f,-0.34405724280573796f,0f,0f,0f,1f],start_interpolation:0}
execute if entity @s[tag=aj.dino.bone.head_upper] run data modify entity @s {} merge value {transformation:[0.30805897763647155f,0.8961795668700235f,-0.43062024198327703f,0.8786447581843173f,-0.587639192745209f,0.5277603877846323f,0.6779536081611197f,0.43937403499132105f,0.8020297924833206f,0.04246292021962846f,0.6621306932616025f,-0.29720923057699766f,0f,0f,0f,1f],start_interpolation:0}
execute if entity @s[tag=aj.dino.bone.neck_0] run data modify entity @s {} merge value {transformation:[0.2673685847838531f,0.5239943031521852f,-0.8086680469356604f,0.8177629625134327f,-0.6106307583699039f,0.7413380083483458f,0.2784744769466392f,0.445544720989874f,0.7454153988235526f,0.4193422559701846f,0.5181775328539056f,-0.2707504731516609f,0f,0f,0f,1f],start_interpolation:0}
execute if entity @s[tag=aj.dino.bone.neck_1] run data modify entity @s {} merge value {transformation:[0.2587413012392286f,0.5166098319734803f,-0.8161906765832132f,0.7510008566238773f,-0.3951093840313476f,0.8276476187915243f,0.3986075686174174f,0.48312488289992755f,0.8814428590007409f,0.21934835448904647f,0.41826401434924765f,-0.2343075109705046f,0f,0f,0f,1f],start_interpolation:0}
execute if entity @s[tag=aj.dino.bone.neck_2] run data modify entity @s {} merge value {transformation:[0.15492124087780576f,0.3191995191525203f,-0.9349390761422269f,0.6722183443029497f,-0.4737723988309341f,0.8544470148919077f,0.2132135381449557f,0.5101695582481379f,0.8669135615682012f,0.4099170229633162f,0.2835999137059615f,-0.2054486876775593f,0f,0f,0f,1f],start_interpolation:0}
execute if entity @s[tag=aj.dino.bone.body_0] run data modify entity @s {} merge value {transformation:[0.30632817144557584f,0.1084732633522591f,-0.945725437173243f,0.22753483565859917f,-0.4421403873785811f,0.8960337894117607f,-0.040439165188203494f,0.4996465732281908f,0.8430153789982294f,0.4305310666724435f,0.32244080294274147f,-0.04938219982976792f,0f,0f,0f,1f],start_interpolation:0}
execute if entity @s[tag=aj.dino.bone.leg_left_3] run data modify entity @s {} merge value {transformation:[-0.10046578322049304f,0.025053557364193263f,-0.9946250276688655f,-0.27057631332165094f,-0.03371911965703793f,0.9990229032550536f,0.028570259736268838f,0.047019310073363296f,0.9943689694331009f,0.03640821384306822f,-0.09952283453213205f,-0.5205636043939519f,0f,0f,0f,1f],start_interpolation:0}
execute if entity @s[tag=aj.dino.bone.leg_left_2] run data modify entity @s {} merge value {transformation:[-0.11408017725862156f,-0.08384033191285317f,-1.0158832174034955f,-0.3216916961630433f,-0.3136307829663405f,0.9755238397773947f,-0.04528983884473728f,0.27252628186338584f,0.9698884702032787f,0.30559161682121555f,-0.1341354486928553f,-0.45197136447508446f,0f,0f,0f,1f],start_interpolation:0}
execute if entity @s[tag=aj.dino.bone.leg_left_1] run data modify entity @s {} merge value {transformation:[-0.21362114365479068f,0.9728324192044433f,-0.0892361537071687f,-0.04841637933214435f,0.07676129301157018f,0.10777740559442442f,0.9912072107982906f,0.24770737235963175f,0.9738961499455737f,0.20489293542766443f,-0.09769940702493413f,-0.41052249715905387f,0f,0f,0f,1f],start_interpolation:0}
execute if entity @s[tag=aj.dino.bone.leg_left_0] run data modify entity @s {} merge value {transformation:[-0.22804440874795048f,0.2368290875180708f,-0.9444086673385393f,0.09493517929339912f,0.020494345284425293f,0.9709192445295355f,0.238528410076366f,0.6118871120615077f,0.9734350155250019f,0.03504003292741355f,-0.22626636215373533f,-0.2651583805595493f,0f,0f,0f,1f],start_interpolation:0}
execute if entity @s[tag=aj.dino.bone.leg_right_3] run data modify entity @s {} merge value {transformation:[-0.5456228193180301f,0.03559102847698564f,-0.8372747564159538f,0.06235457125063836f,0.029944232349449346f,0.9992877384657671f,0.022964291867489384f,0.05512384178954402f,0.837495720579184f,-0.012541708174066274f,-0.5462999391979008f,0.2863210052764726f,0f,0f,0f,1f],start_interpolation:0}
execute if entity @s[tag=aj.dino.bone.leg_right_2] run data modify entity @s {} merge value {transformation:[-0.5486511853216913f,-0.01941580581010718f,-0.866410470175968f,0.031903976346074225f,0.2061950138231786f,0.9930709444902429f,-0.15282642109403308f,0.2815643296680901f,0.8417408702327913f,-0.25592054469052644f,-0.5272942079008093f,0.20906468653619215f,0f,0f,0f,1f],start_interpolation:0}
execute if entity @s[tag=aj.dino.bone.leg_right_1] run data modify entity @s {} merge value {transformation:[-0.3730191029722856f,0.8616179539498859f,-0.3441965285254394f,0.2768046334365722f,-0.1518672365692579f,0.309269262747147f,0.9387698682726526f,0.31276975933255396f,0.9153103797480768f,0.40245126978436574f,0.015488194677986344f,0.33580566245110355f,0f,0f,0f,1f],start_interpolation:0}
execute if entity @s[tag=aj.dino.bone.leg_right_0] run data modify entity @s {} merge value {transformation:[-0.4248339993823584f,-0.8784888219347947f,-0.2185714132827229f,-0.0009277110297610178f,-0.13377880793690186f,0.2997156783519217f,-0.9446024257310738f,0.5228996311373533f,0.8953319515776101f,-0.3720590032315627f,-0.24485259769617346f,0.10555045539383476f,0f,0f,0f,1f],start_interpolation:0}
execute if entity @s[tag=aj.dino.bone.tail_4] run data modify entity @s {} merge value {transformation:[2.510510930452222f,-1.0261924779747917f,0.5195432588609699f,-1.227480734358064f,1.1467014409710625f,2.3303990312031235f,-0.9380711552128828f,0.7325220669430652f,-0.08984433735528793f,1.0685647781559608f,2.5447511944254377f,0.5013308574217832f,0f,0f,0f,1f],start_interpolation:0}
execute if entity @s[tag=aj.dino.bone.tail_3] run data modify entity @s {} merge value {transformation:[1.6370513827281836f,-1.1432140482396482f,-0.5908214080919062f,-1.1161120098772128f,1.196168978205094f,1.7043631151537748f,0.016482515813656486f,0.7130487102423194f,0.47453985283848427f,-0.35235427861071894f,1.9966481704239218f,0.16622117534578076f,0f,0f,0f,1f],start_interpolation:0}
execute if entity @s[tag=aj.dino.bone.tail_2] run data modify entity @s {} merge value {transformation:[1.7402385277556023f,-0.5052234386817389f,-0.7315005253069817f,-0.9789610686196744f,0.7467284902061113f,1.703252177721322f,0.6000853739301203f,0.6024516083190793f,0.48243165674766114f,-0.8139134911628814f,1.709847478716606f,-0.151472677801384f,0f,0f,0f,1f],start_interpolation:0}
execute if entity @s[tag=aj.dino.bone.tail_1] run data modify entity @s {} merge value {transformation:[0.4403174723277237f,-0.0110402039350456f,-1.446946746587447f,-0.6678799842273504f,0.7896157379987888f,1.2692462079109843f,0.23060203817012453f,0.5365590221620399f,1.2125525802486066f,-0.8225256394791958f,0.375265322847432f,-0.22332950087102094f,0f,0f,0f,1f],start_interpolation:0}
execute if entity @s[tag=aj.dino.bone.tail_0] run data modify entity @s {} merge value {transformation:[-0.14372423020321207f,0.19884778720669208f,-1.2544475356743796f,-0.2965027069083893f,-0.09361806918710981f,1.2573608982033593f,0.21003558121172544f,0.5055241019163895f,1.2666549330256442f,0.11549392094942465f,-0.12681542275904945f,-0.18348401282930107f,0f,0f,0f,1f],start_interpolation:0}
execute if entity @s[tag=aj.dino.bone.body_1] run data modify entity @s {} merge value {transformation:[-0.30149962046417256f,-0.2565357432784342f,-1.1712779287328827f,-0.006917492654073605f,-0.2798756811342815f,1.189434115073986f,-0.18846931862782287f,0.46922374999999994f,1.1659211710170772f,0.21918141658223478f,-0.3481263056067768f,-0.1173129470750035f,0f,0f,0f,1f],start_interpolation:0}