execute if entity @s[tag=aj.dino.bone.head_lower] run data modify entity @s {} merge value {transformation:[0.504832106752247f,0.4825813005107096f,-0.7157232931723545f,0.8050280017022585f,-0.5759779268617423f,0.8058847881136004f,0.13710994148910916f,0.35293260998877535f,0.6429572083429329f,0.3430233179894475f,0.6847926923933793f,-0.48624550906127506f,0f,0f,0f,1f],start_interpolation:0}
execute if entity @s[tag=aj.dino.bone.head_upper] run data modify entity @s {} merge value {transformation:[0.5254795295717027f,0.8785960333697521f,-0.18818134001953205f,0.8119470414517709f,-0.5995351840795847f,0.5052225234817972f,0.6846748917558249f,0.4112908185842996f,0.6692538902653221f,-0.2372575699469452f,0.7611044727572623f,-0.43889677232772734f,0f,0f,0f,1f],start_interpolation:0}
execute if entity @s[tag=aj.dino.bone.neck_0] run data modify entity @s {} merge value {transformation:[0.46649292370263395f,0.6351498930048359f,-0.6156045529000856f,0.7616804876072253f,-0.6012793359745433f,0.7381467758402442f,0.30594525236823766f,0.419286594438123f,0.6487276102227969f,0.2274290015204697f,0.7262427534936384f,-0.3958377734147741f,0f,0f,0f,1f],start_interpolation:0}
execute if entity @s[tag=aj.dino.bone.neck_1] run data modify entity @s {} merge value {transformation:[0.48781253675934133f,0.5552894038941062f,-0.6735670767661859f,0.7071786645098115f,-0.34357104978402275f,0.8314530609795269f,0.43662883681461073f,0.46010518799010375f,0.8024947742700392f,0.018425127155698162f,0.5963745903025846f,-0.3452321359419821f,0f,0f,0f,1f],start_interpolation:0}
execute if entity @s[tag=aj.dino.bone.neck_2] run data modify entity @s {} merge value {transformation:[0.33874049495459774f,0.38402303223880274f,-0.8589419001236521f,0.6356887374947416f,-0.4283718824772833f,0.8757542516945342f,0.22260283228614844f,0.48818104709010934f,0.8377066356313427f,0.29254196510767827f,0.4611580979123703f,-0.3019670592019917f,0f,0f,0f,1f],start_interpolation:0}
execute if entity @s[tag=aj.dino.bone.body_0] run data modify entity @s {} merge value {transformation:[0.4565629458084523f,0.18233115539170028f,-0.8708074564955426f,0.22701738094540444f,-0.39726120928024045f,0.9175632440478662f,-0.01616244949124701f,0.4893046821076812f,0.7960739966334219f,0.3533171987688737f,0.49135847294842394f,-0.06702586553090109f,0f,0f,0f,1f],start_interpolation:0}
execute if entity @s[tag=aj.dino.bone.leg_left_3] run data modify entity @s {} merge value {transformation:[0.031993961140433035f,0.0640419073401707f,-0.9974342186604477f,-0.36781003501337084f,0.007792645794473747f,0.9978987895803596f,0.06432169482822218f,0.05948245154167647f,0.9994576835074442f,-0.009830557374129655f,0.03142767919601462f,-0.4632688308980323f,0f,0f,0f,1f],start_interpolation:0}
execute if entity @s[tag=aj.dino.bone.leg_left_2] run data modify entity @s {} merge value {transformation:[-0.0034895930081416063f,0.012045956846306263f,-1.0256241597997724f,-0.3967039340856314f,-0.29260554390104343f,0.9829989426862403f,0.012540887400911874f,0.2885517055382019f,0.9830727429441357f,0.29262633699324586f,0.00009208096000702156f,-0.39353009319872384f,0f,0f,0f,1f],start_interpolation:0}
execute if entity @s[tag=aj.dino.bone.leg_left_1] run data modify entity @s {} merge value {transformation:[-0.08454631514219094f,0.9947591703206178f,-0.057498814413114274f,-0.12172563953017083f,0.10197574720511023f,0.06604066498141253f,0.9925923521520666f,0.2518186035656142f,0.9911876046328653f,0.07805654124959192f,-0.10702480455629898f,-0.3863884965559912f,0f,0f,0f,1f],start_interpolation:0}
execute if entity @s[tag=aj.dino.bone.leg_left_0] run data modify entity @s {} merge value {transformation:[-0.10455543290431285f,0.3257290877438801f,-0.9396641542847803f,0.07050347326507901f,0.047150118378681674f,0.9454038468748338f,0.3224723750201588f,0.6022460221780177f,0.9934007387691376f,-0.010589037340816648f,-0.11420527352590495f,-0.265740781935898f,0f,0f,0f,1f],start_interpolation:0}
execute if entity @s[tag=aj.dino.bone.leg_right_3] run data modify entity @s {} merge value {transformation:[-0.4546064496661717f,0.04469339496641758f,-0.8895703886530252f,0.09829233485541167f,0.026799355253849026f,0.998974448231743f,0.03649446996548833f,0.05697270494085488f,0.8902891499282113f,-0.007249291445357631f,-0.45533798138706133f,0.2859496531076853f,0f,0f,0f,1f],start_interpolation:0}
execute if entity @s[tag=aj.dino.bone.leg_right_2] run data modify entity @s {} merge value {transformation:[-0.4667141061138236f,-0.028814315206445392f,-0.9129128533952475f,0.06408671371932245f,0.20033439862470495f,0.9969968624052609f,-0.13388646153527595f,0.28492274020132985f,0.8911264059507761f,-0.23922623412565527f,-0.44802537542421056f,0.21495790025245473f,0f,0f,0f,1f],start_interpolation:0}
execute if entity @s[tag=aj.dino.bone.leg_right_1] run data modify entity @s {} merge value {transformation:[-0.30622173355278187f,0.8932723217785489f,-0.32907872772983954f,0.3181153932477732f,-0.16615528413685962f,0.29022618214410867f,0.9424230391663044f,0.3104764540800701f,0.9373476790675533f,0.34326858630293483f,0.05954835181813262f,0.3237228916044555f,0f,0f,0f,1f],start_interpolation:0}
execute if entity @s[tag=aj.dino.bone.leg_right_0] run data modify entity @s {} merge value {transformation:[-0.3602341311866485f,-0.9172942904466037f,-0.16971315636173448f,0.013658003139129102f,-0.15173828781299617f,0.23712201399406743f,-0.959556482178604f,0.4993356223688338f,0.9204384079012464f,-0.3199130119164574f,-0.22460810774938597f,0.10937459857191816f,0f,0f,0f,1f],start_interpolation:0}
execute if entity @s[tag=aj.dino.bone.tail_4] run data modify entity @s {} merge value {transformation:[2.1828934478116357f,-0.7451122218869394f,1.5183692910144555f,-1.0056879958121303f,1.258092880661472f,2.37220801887846f,-0.6445872713586982f,0.7428531281274138f,-1.1304157778136112f,1.201290232859421f,2.214660984734821f,0.6987568499354847f,0f,0f,0f,1f],start_interpolation:0}
execute if entity @s[tag=aj.dino.bone.tail_3] run data modify entity @s {} merge value {transformation:[1.6371998067926854f,-1.279126399943018f,0.13913292799065288f,-1.016762542843977f,1.2652986041951109f,1.6414340302927648f,0.20164149489427707f,0.6925994614618336f,-0.23354177550139074f,-0.07399664323541347f,2.0678317779572866f,0.34885311055925305f,0f,0f,0f,1f],start_interpolation:0}
execute if entity @s[tag=aj.dino.bone.tail_2] run data modify entity @s {} merge value {transformation:[1.7958385844307594f,-0.7281135758382046f,-0.2521671555786088f,-0.9687305522585383f,0.7691748698791021f,1.655832846659458f,0.6966788919386595f,0.5640511498104224f,-0.04590940229375132f,-0.7394877143039736f,1.8082655010194968f,0.01249059269926231f,0f,0f,0f,1f],start_interpolation:0}
execute if entity @s[tag=aj.dino.bone.tail_1] run data modify entity @s {} merge value {transformation:[0.6898235615016568f,-0.208101935074093f,-1.3298470921935306f,-0.6806775020277134f,0.825646464023922f,1.245594205405823f,0.23336504002148775f,0.4978186950353776f,1.0630652004660694f,-0.8323730594378067f,0.6816918068160871f,-0.1250426003343383f,0f,0f,0f,1f],start_interpolation:0}
execute if entity @s[tag=aj.dino.bone.tail_0] run data modify entity @s {} merge value {transformation:[0.08145123277658212f,0.17884113570524318f,-1.2630191057315252f,-0.30727820885568263f,-0.12821978129727674f,1.2603294273619083f,0.17019147685389618f,0.4784987840427961f,1.2691576343966424f,0.11585033141640358f,0.09825129183606636f,-0.15095823651498844f,0f,0f,0f,1f],start_interpolation:0}
execute if entity @s[tag=aj.dino.bone.body_1] run data modify entity @s {} merge value {transformation:[-0.1787854258337615f,-0.2772941970493828f,-1.19153191096522f,-0.011585998271723668f,-0.3236648340112597f,1.172001331276287f,-0.22418418714825836f,0.45167586047221653f,1.1797802514833662f,0.279509217782884f,-0.24206972227128287f,-0.11350734629686716f,0f,0f,0f,1f],start_interpolation:0}