execute if entity @s[tag=aj.dino.bone.head_lower] run data modify entity @s {} merge value {transformation:[-0.7724454057866343f,-0.41884955230258414f,0.47738155349264f,-0.19257119597434855f,-0.22344464778887413f,0.8828652245670052f,0.4130635358207706f,0.4839041274522235f,-0.5944750494794776f,0.21240067746166877f,-0.7755548773363474f,0.6458734831039498f,0f,0f,0f,1f],start_interpolation:0}
execute if entity @s[tag=aj.dino.bone.head_upper] run data modify entity @s {} merge value {transformation:[-0.8040381010310553f,-0.5712812527452064f,0.3326144989860618f,-0.1827191946389993f,-0.23258344078150253f,0.7347206362852301f,0.6996874104015097f,0.5485644913072958f,-0.618788831305251f,0.4661493960759805f,-0.6951813183431986f,0.6082246862092971f,0f,0f,0f,1f],start_interpolation:0}
execute if entity @s[tag=aj.dino.bone.neck_0] run data modify entity @s {} merge value {transformation:[-0.5610833382954625f,-0.26939821800523417f,0.7826941213672323f,-0.127554586946346f,-0.1725562944729508f,0.9628508243072053f,0.20770800506648596f,0.5464221633962544f,-0.809573846369177f,-0.01851729641549678f,-0.5867259130194243f,0.5708480525522366f,0f,0f,0f,1f],start_interpolation:0}
execute if entity @s[tag=aj.dino.bone.neck_1] run data modify entity @s {} merge value {transformation:[-0.6353134957205908f,-0.2891394662583034f,0.7160831873512643f,-0.0682249717644787f,-0.19297936160926185f,0.9572859689418227f,0.21531962209700528f,0.5690726582560796f,-0.7477537884545716f,-0.0013938145424873538f,-0.6639746449472729f,0.5145942643286172f,0f,0f,0f,1f],start_interpolation:0}
execute if entity @s[tag=aj.dino.bone.neck_2] run data modify entity @s {} merge value {transformation:[-0.8801018484782732f,-0.1925834754655335f,0.43397274255734386f,-0.03209121731036591f,-0.13645541834995412f,0.9780769599517367f,0.15730664071967054f,0.5924298845189556f,-0.45475340032600675f,0.07922793313715044f,-0.8870863991194713f,0.437654533600629f,0f,0f,0f,1f],start_interpolation:0}
execute if entity @s[tag=aj.dino.bone.body_0] run data modify entity @s {} merge value {transformation:[-0.9829210468063557f,-0.09562375479848839f,0.15723330837750782f,0.04110131550889801f,-0.11209462340651039f,0.9887089790859231f,-0.09944521143938514f,0.5549804181991336f,-0.14594865928966425f,-0.1153717998174163f,-0.982541773492832f,-0.026512780322902746f,0f,0f,0f,1f],start_interpolation:0}
execute if entity @s[tag=aj.dino.bone.leg_left_3] run data modify entity @s {} merge value {transformation:[-0.9306177877432957f,-0.22049461801303405f,0.29211753895146475f,0.546592952443629f,-0.23154829064583393f,0.9728176038507383f,-0.0033613594126130075f,0.05703364225081675f,-0.28343592262584993f,-0.07076745767225567f,-0.9563765182708321f,-0.050004989364146685f,0f,0f,0f,1f],start_interpolation:0}
execute if entity @s[tag=aj.dino.bone.leg_left_2] run data modify entity @s {} merge value {transformation:[-0.9042900264288908f,-0.2146191605782252f,0.433889805727939f,0.5085717802620956f,-0.392650411650473f,0.8629047421724327f,-0.39151406062584293f,0.24546679733135843f,-0.2831031646461143f,-0.5112692258973938f,-0.8429226395810768f,-0.19567038881902882f,0f,0f,0f,1f],start_interpolation:0}
execute if entity @s[tag=aj.dino.bone.leg_left_1] run data modify entity @s {} merge value {transformation:[-0.8563431487392035f,-0.486090255359496f,0.1743349513206303f,0.38432478516103097f,-0.0647960981773737f,0.43606536572059534f,0.8975792235117475f,0.31761834885475426f,-0.5123259482677165f,0.7573395938834199f,-0.40491834024662554f,0.04175375376316187f,0f,0f,0f,1f],start_interpolation:0}
execute if entity @s[tag=aj.dino.bone.leg_left_0] run data modify entity @s {} merge value {transformation:[-0.8283682968305458f,0.0630059676069451f,0.5566293316489649f,0.26743082776375904f,-0.18169218110248547f,0.9097179808510198f,-0.37336462960832945f,0.6840710364349907f,-0.5298999114288305f,-0.4104186196583387f,-0.7421338427167041f,-0.12059004517501598f,0f,0f,0f,1f],start_interpolation:0}
execute if entity @s[tag=aj.dino.bone.leg_right_3] run data modify entity @s {} merge value {transformation:[-0.8112522706154571f,-0.00803126996464193f,0.5846411310573528f,-0.27226306170363324f,0.006941944813506268f,0.999702882475544f,0.023365705045982954f,0.06172596749409745f,-0.5846550802169362f,0.023014027740590637f,-0.8109554807162254f,-0.35117622140350613f,0f,0f,0f,1f],start_interpolation:0}
execute if entity @s[tag=aj.dino.bone.leg_right_2] run data modify entity @s {} merge value {transformation:[-0.8850555586168353f,0.3462584165950701f,0.3858030152800925f,-0.17825463032983546f,0.23474220379999272f,0.9482897644570509f,-0.3125777021506953f,0.27274670970377757f,-0.4622066155057273f,-0.1814216940273709f,-0.8975039905313376f,-0.4204851909091145f,0f,0f,0f,1f],start_interpolation:0}
execute if entity @s[tag=aj.dino.bone.leg_right_1] run data modify entity @s {} merge value {transformation:[-0.9903760151981426f,-0.1317337823244556f,-0.042444777237511055f,-0.23151542781761003f,-0.07835507255829917f,0.28087592417650825f,0.9565402227937814f,0.2967601242968388f,-0.11408694546105018f,0.9506602578274146f,-0.28849478862343775f,-0.149191938080531f,0f,0f,0f,1f],start_interpolation:0}
execute if entity @s[tag=aj.dino.bone.leg_right_0] run data modify entity @s {} merge value {transformation:[-0.9904580078375936f,0.029539401675955465f,0.1346118808241391f,-0.11570942321484443f,-0.024093585996906877f,0.9246013657598343f,-0.38017339931781013f,0.6935386575970339f,-0.13569242360646122f,-0.3797890706480058f,-0.9150671166598268f,-0.20803956653353906f,0f,0f,0f,1f],start_interpolation:0}
execute if entity @s[tag=aj.dino.bone.tail_4] run data modify entity @s {} merge value {transformation:[-0.7430825490247012f,0.02646785470272441f,2.659471584657822f,1.1066213742445021f,-2.0771202310179784f,1.7187954857114f,-0.5974738118059514f,0.8535314614015169f,-1.6610422038078303f,-2.1611808953823246f,-0.4426028312196821f,-1.4917999085097158f,0f,0f,0f,1f],start_interpolation:0}
execute if entity @s[tag=aj.dino.bone.tail_3] run data modify entity @s {} merge value {transformation:[-0.881159822830072f,0.00834054390922328f,1.8866460526558286f,0.78663430430284f,-0.40290843760968487f,2.0334047936414392f,-0.19716810630369047f,0.8670654237967965f,-1.8431407118224705f,-0.44848735385488725f,-0.858857925328306f,-1.3417805418706095f,0f,0f,0f,1f],start_interpolation:0}
execute if entity @s[tag=aj.dino.bone.tail_2] run data modify entity @s {} merge value {transformation:[-1.5671526859498912f,0.019812843965102217f,1.1672248220188062f,0.5684956505738541f,-0.0033570652215343835f,1.953802304117574f,-0.03767176052075656f,0.8745309523346132f,-1.167388137697106f,-0.032216186019598476f,-1.5668251109569342f,-1.0513820611547193f,0f,0f,0f,1f],start_interpolation:0}
execute if entity @s[tag=aj.dino.bone.tail_1] run data modify entity @s {} merge value {transformation:[-0.9592207397143744f,0.5044586731387709f,1.0550228763381768f,0.33621642489955184f,0.6461364772212488f,1.3659616794689056f,-0.06567033597144178f,0.8713477049015949f,-0.974709944191565f,0.4090554819551477f,-1.0817903620279292f,-0.822661915004987f,0f,0f,0f,1f],start_interpolation:0}
execute if entity @s[tag=aj.dino.bone.tail_0] run data modify entity @s {} merge value {transformation:[-1.1160753496458364f,0.06731580757554408f,0.6194191735387309f,0.1568321960998849f,0.32076399771570513f,1.1514782247083981f,0.4528179240885481f,0.76681100375583f,-0.534155397114352f,0.55081956814993f,-1.0223069654760069f,-0.5106278016899665f,0f,0f,0f,1f],start_interpolation:0}
execute if entity @s[tag=aj.dino.bone.body_1] run data modify entity @s {} merge value {transformation:[-1.205019375747826f,-0.03560122991106499f,0.2743454966960262f,0.09544870656476526f,0.02977673818755059f,1.2022729487877957f,0.2868060277125619f,0.6191510048010973f,-0.2750386245447716f,0.2861414057737333f,-1.170931870762173f,-0.25767619816033577f,0f,0f,0f,1f],start_interpolation:0}