execute if entity @s[tag=aj.dino.bone.head_lower] run data modify entity @s {} merge value {transformation:[0.6614139315046778f,0.4582104041219658f,-0.5937801249333885f,0.7155400564718035f,-0.5653589932012589f,0.8248174019943578f,0.006742564329418721f,0.3142578174978541f,0.49284969312964416f,0.3312393076337144f,0.8045990933752991f,-0.6027139013670464f,0f,0f,0f,1f],start_interpolation:0}
execute if entity @s[tag=aj.dino.bone.head_upper] run data modify entity @s {} merge value {transformation:[0.6884654857140811f,0.7798517446603089f,-0.036310796111544794f,0.7307619700122225f,-0.5884819404569434f,0.5502102383805251f,0.659112768743546f,0.37186745916620795f,0.5130070402246079f,-0.4154177325476432f,0.8048129141287867f,-0.5564010626847896f,0f,0f,0f,1f],start_interpolation:0}
execute if entity @s[tag=aj.dino.bone.neck_0] run data modify entity @s {} merge value {transformation:[0.6278907477060722f,0.651379827801723f,-0.42597831972778566f,0.6924414100090228f,-0.5626174712665295f,0.7580537888465693f,0.32987275462065135f,0.3810748114179633f,0.5377869373374231f,0.03253879451298951f,0.8424526318321264f,-0.5026284339611522f,0f,0f,0f,1f],start_interpolation:0}
execute if entity @s[tag=aj.dino.bone.neck_1] run data modify entity @s {} merge value {transformation:[0.6774299502465021f,0.5147951467120231f,-0.5254280344926112f,0.6503023561360549f,-0.2772301256162554f,0.8403036446898589f,0.46586826697225736f,0.4244111420046481f,0.6813458152508294f,-0.16992863691175175f,0.7119635794038183f,-0.44309861425284197f,0f,0f,0f,1f],start_interpolation:0}
execute if entity @s[tag=aj.dino.bone.neck_2] run data modify entity @s {} merge value {transformation:[0.5229752660652819f,0.41323790606000665f,-0.7454738788710769f,0.5890391106668758f,-0.36376466624054576f,0.8991707183190563f,0.24324326694175247f,0.45452451982729025f,0.7708256214468044f,0.14396684449113092f,0.6205653946268794f,-0.3873229060562216f,0f,0f,0f,1f],start_interpolation:0}
execute if entity @s[tag=aj.dino.bone.body_0] run data modify entity @s {} merge value {transformation:[0.6002209999388303f,0.23307683051891664f,-0.765120867776907f,0.2306608630436045f,-0.33878203874356017f,0.9406354677840798f,0.02077611540645058f,0.4732769537328957f,0.7245422565021228f,0.24673894670659807f,0.6435514048783756f,-0.0816690453637478f,0f,0f,0f,1f],start_interpolation:0}
execute if entity @s[tag=aj.dino.bone.leg_left_3] run data modify entity @s {} merge value {transformation:[0.19439048547109186f,0.14855083003543548f,-0.9696107415113019f,-0.47479739773147495f,-0.003916506329673179f,0.9885761632535276f,0.15067126608980438f,0.08082948896595354f,0.9809164083327809f,-0.02549157395529301f,0.19275160056611454f,-0.38301152503360575f,0f,0f,0f,1f],start_interpolation:0}
execute if entity @s[tag=aj.dino.bone.leg_left_2] run data modify entity @s {} merge value {transformation:[0.1284283943465766f,0.15348509722661483f,-1.0059874114299798f,-0.46991052036015224f,-0.29163319596149345f,0.9769884421841969f,0.1118296130391047f,0.3115676788513664f,0.9749453451550706f,0.27202593308088713f,0.1659688681428758f,-0.3129609845362159f,0f,0f,0f,1f],start_interpolation:0}
execute if entity @s[tag=aj.dino.bone.leg_left_1] run data modify entity @s {} merge value {transformation:[0.061635578345732384f,0.9972367597133398f,-0.04147168381469324f,-0.1980204648690536f,0.1053050956705028f,0.03482148802815266f,0.9938301166685037f,0.26622134965599176f,0.9925280309934895f,-0.06562247364999303f,-0.10286786983428128f,-0.3450996499303738f,0f,0f,0f,1f],start_interpolation:0}
execute if entity @s[tag=aj.dino.bone.leg_left_0] run data modify entity @s {} merge value {transformation:[0.035732931683916364f,0.4313594996741882f,-0.9014722068006904f,0.04888563468627047f,0.053239258158968086f,0.8999456772131116f,0.43273936665863527f,0.5905320097142845f,0.9979422523292394f,-0.0634567577667509f,0.009192437640614531f,-0.25472679814741883f,0f,0f,0f,1f],start_interpolation:0}
execute if entity @s[tag=aj.dino.bone.leg_right_3] run data modify entity @s {} merge value {transformation:[-0.3459181594639585f,0.038726745700971815f,-0.9374651279490239f,0.15992407350548415f,0.02246317795816109f,0.9992032683333789f,0.03298839474593218f,0.04008772594738161f,0.937995752969643f,-0.009647161204505865f,-0.3465124812926756f,0.28239144934363253f,0f,0f,0f,1f],start_interpolation:0}
execute if entity @s[tag=aj.dino.bone.leg_right_2] run data modify entity @s {} merge value {transformation:[-0.3624914530142763f,-0.08201952827536756f,-0.9559994471618586f,0.11182313695468798f,0.1797410252936496f,0.9980515256585942f,-0.15378073825298866f,0.26770072753343305f,0.9425260260696682f,-0.2218741729285606f,-0.33834707190883284f,0.2187542473471586f,0f,0f,0f,1f],start_interpolation:0}
execute if entity @s[tag=aj.dino.bone.leg_right_1] run data modify entity @s {} merge value {transformation:[-0.19428397318286222f,0.9191871703253327f,-0.3425619413676725f,0.3758364805424495f,-0.18478606471027822f,0.3086699617842419f,0.9330471397421478f,0.29839125887876067f,0.9633835415104256f,0.24457677854085502f,0.10988335335894966f,0.29855669939668955f,0f,0f,0f,1f],start_interpolation:0}
execute if entity @s[tag=aj.dino.bone.leg_right_0] run data modify entity @s {} merge value {transformation:[-0.2504982655074022f,-0.9577938580612803f,-0.1410019306175321f,0.04038076436482656f,-0.17328717267572336f,0.1876529707447231f,-0.966828794749481f,0.47092489479461574f,0.9524821125689643f,-0.21775511022882654f,-0.21298013335847674f,0.11964642712070662f,0f,0f,0f,1f],start_interpolation:0}
execute if entity @s[tag=aj.dino.bone.tail_4] run data modify entity @s {} merge value {transformation:[0.5400036408813582f,-1.4374636470639024f,2.2951591802758746f,-0.8139101543948747f,2.3051384381108f,1.4723345442731528f,0.37977506827604224f,0.5650577436354087f,-1.4214057058345388f,1.8416271568126144f,1.4878429239376387f,0.9649443195783831f,0f,0f,0f,1f],start_interpolation:0}
execute if entity @s[tag=aj.dino.bone.tail_3] run data modify entity @s {} merge value {transformation:[0.4928025769792135f,-1.9034085009907307f,0.6856582417818017f,-0.911546107819477f,1.938707861403079f,0.6460322437742108f,0.3999996177278224f,0.4909106574237177f,-0.5783623209554648f,0.5437131085459723f,1.925050286963623f,0.6332062698464438f,0f,0f,0f,1f],start_interpolation:0}
execute if entity @s[tag=aj.dino.bone.tail_2] run data modify entity @s {} merge value {transformation:[1.187742300037972f,-1.545567790483519f,-0.13878871972598567f,-0.8852350901730678f,1.546124408869939f,1.1637485924165594f,0.2719602929617416f,0.4417740242602991f,-0.13244401081161664f,-0.275105968076207f,1.9301681702203468f,0.2742288254283933f,0f,0f,0f,1f],start_interpolation:0}
execute if entity @s[tag=aj.dino.bone.tail_1] run data modify entity @s {} merge value {transformation:[0.746467621452768f,-0.8272026072235551f,-1.0228285226396459f,-0.6557352606894552f,1.025369629632069f,1.1025936494935382f,-0.14338973716663195f,0.4581722182415622f,0.8240506433168057f,-0.622639013152143f,1.1049513322088373f,0.04327947059064145f,0f,0f,0f,1f],start_interpolation:0}
execute if entity @s[tag=aj.dino.bone.tail_0] run data modify entity @s {} merge value {transformation:[0.4847572709544981f,0.16978602600920106f,-1.1704780263690464f,-0.30959713768916514f,-0.14920026432214387f,1.2636496553491512f,0.1215094492054088f,0.4531584502192612f,1.1732797560543595f,0.0905426446046407f,0.4990514603976708f,-0.10037000987077845f,0f,0f,0f,1f],start_interpolation:0}
execute if entity @s[tag=aj.dino.bone.body_1] run data modify entity @s {} merge value {transformation:[-0.02674877802419899f,-0.2628262661691316f,-1.2078126724546547f,-0.011094395932429087f,-0.3761778893952509f,1.1525216573435484f,-0.242463646636903f,0.43189733920211687f,1.1774460894073226f,0.3622440865244363f,-0.10490244693871592f,-0.10038137029728296f,0f,0f,0f,1f],start_interpolation:0}