execute if entity @s[tag=aj.dino.bone.head_lower] run data modify entity @s {} merge value {transformation:[-0.9069386386923721f,0.3706037392985772f,-0.20028772819306537f,-0.08851167090210628f,0.2513974349876497f,0.8576519266313753f,0.44858945866696454f,0.28062914644209597f,0.3380260867573054f,0.356491291847925f,-0.8710065002674436f,0.5569360704236432f,0f,0f,0f,1f],start_interpolation:0}
execute if entity @s[tag=aj.dino.bone.head_upper] run data modify entity @s {} merge value {transformation:[-0.9440320511237907f,0.43594449597913526f,0.04719984597446732f,-0.07576187399453838f,0.26167948532971336f,0.4701925748516358f,0.8910189291454319f,0.3526929267837945f,0.3518512128614764f,0.8199654148580865f,-0.5360311418453421f,0.5385048270180544f,0f,0f,0f,1f],start_interpolation:0}
execute if entity @s[tag=aj.dino.bone.neck_0] run data modify entity @s {} merge value {transformation:[-0.8809875096642252f,0.035563776099767026f,0.47180104455708066f,-0.04554693150563811f,0.264141513575967f,0.86427841302774f,0.4280795318396435f,0.3662591420696292f,-0.39254333343138553f,0.5017549627096646f,-0.7708123563973266f,0.48064507150951696f,0f,0f,0f,1f],start_interpolation:0}
execute if entity @s[tag=aj.dino.bone.neck_1] run data modify entity @s {} merge value {transformation:[-0.8775240813457669f,-0.046474391441235184f,0.477275201114027f,-0.005329559446336264f,0.15519881914986217f,0.9141993033235057f,0.37437008472540234f,0.4021848037687312f,-0.4537232782134464f,0.4025913123044056f,-0.7950191331435112f,0.4151512041580115f,0f,0f,0f,1f],start_interpolation:0}
execute if entity @s[tag=aj.dino.bone.neck_2] run data modify entity @s {} merge value {transformation:[-0.9599133118960068f,0.0014324897465529639f,0.28029338489869093f,0.019240268241100665f,0.09934039301137798f,0.936816140739361f,0.3354206385518855f,0.4407421828885919f,-0.2621028804900561f,0.3498191910449392f,-0.899404588389163f,0.3397815651980322f,0f,0f,0f,1f],start_interpolation:0}
execute if entity @s[tag=aj.dino.bone.body_0] run data modify entity @s {} merge value {transformation:[-0.9947732139310598f,0.05996501289699775f,0.08264653697241656f,0.05876251289579696f,0.07123129996890376f,0.9874557594119865f,0.14091566665504968f,0.5165619585774652f,-0.0731597891605093f,0.14606615087815494f,-0.9865659252263024f,-0.12379179306910149f,0f,0f,0f,1f],start_interpolation:0}
execute if entity @s[tag=aj.dino.bone.leg_left_3] run data modify entity @s {} merge value {transformation:[-0.9833334130592506f,-0.07226188106899219f,0.16683410714124478f,0.5709108789132636f,-0.07342652942804001f,0.99730029610135f,-0.0008149676762952418f,0.0393184828776548f,-0.16632481335446805f,-0.013051434424271813f,-0.9859846431471794f,-0.19181138631710823f,0f,0f,0f,1f],start_interpolation:0}
execute if entity @s[tag=aj.dino.bone.leg_left_2] run data modify entity @s {} merge value {transformation:[-0.9364928752926247f,-0.27495750424325105f,0.3153437249846104f,0.5151113627516809f,-0.38399895291894687f,0.8717944922580619f,-0.38023856580619936f,0.2301857107754003f,-0.1660966531390667f,-0.46522568032034256f,-0.8989099886457875f,-0.3282928406498453f,0f,0f,0f,1f],start_interpolation:0}
execute if entity @s[tag=aj.dino.bone.leg_left_1] run data modify entity @s {} merge value {transformation:[-0.9172737049801674f,-0.378163296431535f,0.12490585007913776f,0.42401975395373237f,-0.052814235310230204f,0.42636615265886124f,0.9030075085044843f,0.29917576704272164f,-0.3947399228613096f,0.8217082359931144f,-0.41106686585096075f,-0.07539745397266812f,0f,0f,0f,1f],start_interpolation:0}
execute if entity @s[tag=aj.dino.bone.leg_left_0] run data modify entity @s {} merge value {transformation:[-0.8693338807710259f,-0.01894945995998981f,0.4938618447610755f,0.2752937989955838f,-0.20686495394798227f,0.9214709360930814f,-0.3287829143429436f,0.6636868366681208f,-0.44884907772177385f,-0.3879848346301244f,-0.8049858840534709f,-0.21439223447462535f,0f,0f,0f,1f],start_interpolation:0}
execute if entity @s[tag=aj.dino.bone.leg_right_3] run data modify entity @s {} merge value {transformation:[-0.8748046738554826f,0.005858213195847936f,0.4844403615913467f,-0.2502185891086377f,0.023433392515994585f,0.9992681762314499f,0.030232235879318947f,0.036327122430273f,-0.48390872973712096f,0.037799382392090075f,-0.8743017488115772f,-0.448403706584674f,0f,0f,0f,1f],start_interpolation:0}
execute if entity @s[tag=aj.dino.bone.leg_right_2] run data modify entity @s {} merge value {transformation:[-0.9128307512864384f,0.3445175665761982f,0.3164014306651369f,-0.15871767733936265f,0.2705876600577871f,0.9548509102040199f,-0.2590448938074247f,0.25047605188310906f,-0.38155541829592976f,-0.14707000069240286f,-0.9406636365705059f,-0.5111642931467129f,0f,0f,0f,1f],start_interpolation:0}
execute if entity @s[tag=aj.dino.bone.leg_right_1] run data modify entity @s {} merge value {transformation:[-0.9855247419376179f,-0.15244700893467106f,-0.07416800183140997f,-0.21582651419940388f,-0.09702066506079902f,0.14840136676896015f,0.9841565042676214f,0.23666386810945889f,-0.1390250825568967f,0.9771064137584897f,-0.1610437288815405f,-0.23994263104786479f,0f,0f,0f,1f],start_interpolation:0}
execute if entity @s[tag=aj.dino.bone.leg_right_0] run data modify entity @s {} merge value {transformation:[-0.9855276759776392f,0.03122630772338504f,0.1666136776740669f,-0.1025365991512589f,-0.04407680236411994f,0.9018746418296482f,-0.42974337216296665f,0.6308780175506692f,-0.1636839496574655f,-0.4308677849765613f,-0.8874460639914542f,-0.3178392169369798f,0f,0f,0f,1f],start_interpolation:0}
execute if entity @s[tag=aj.dino.bone.tail_4] run data modify entity @s {} merge value {transformation:[-1.4795184283354985f,-2.314179060676184f,-0.28506460135125317f,0.3894673764164146f,-2.2128377499310847f,1.4999865278730422f,-0.6921349870359891f,0.7200723278527636f,0.7348711753059787f,-0.14239741194020109f,-2.6580723587549575f,-1.9602960135094574f,0f,0f,0f,1f],start_interpolation:0}
execute if entity @s[tag=aj.dino.bone.tail_3] run data modify entity @s {} merge value {transformation:[-1.8418809281553732f,-0.943162980508028f,-0.23208568405043417f,0.43805012211489136f,-0.9078166940964187f,1.8485578423101858f,-0.30764960522939466f,0.7541487422538905f,0.34538242928932306f,-0.17094742430690849f,-2.0463219398974064f,-1.6116425777932357f,0f,0f,0f,1f],start_interpolation:0}
execute if entity @s[tag=aj.dino.bone.tail_2] run data modify entity @s {} merge value {transformation:[-1.902762913671487f,-0.43632822877468147f,-0.08879665609424206f,0.45304641245694327f,-0.42900634814637006f,1.900800792043292f,-0.14725412462978557f,0.781658036840731f,0.11925067131586864f,-0.12388664473912518f,-1.9465881052880123f,-1.249717400503161f,0f,0f,0f,1f],start_interpolation:0}
execute if entity @s[tag=aj.dino.bone.tail_1] run data modify entity @s {} merge value {transformation:[-1.419971424806492f,0.14609270517189216f,0.4999943241963659f,0.34502398073968327f,0.1486125927869416f,1.5050770365933945f,-0.01771048233076704f,0.7669291428060592f,-0.49925113920567543f,0.032500544838576596f,-1.4273570907754767f,-0.9424863947025851f,0f,0f,0f,1f],start_interpolation:0}
execute if entity @s[tag=aj.dino.bone.tail_0] run data modify entity @s {} merge value {transformation:[-1.138987364612573f,-0.04679680707790008f,0.5782331352354753f,0.17492152891944923f,0.08537641296343432f,1.2466558195548985f,0.2690647733602998f,0.7183861880313129f,-0.5738069082421636f,0.278379314966551f,-1.1077392769223051f,-0.6120614429703299f,0f,0f,0f,1f],start_interpolation:0}
execute if entity @s[tag=aj.dino.bone.body_1] run data modify entity @s {} merge value {transformation:[-1.1883192886953735f,-0.16702095014389132f,0.2976673737308197f,0.1169680804381851f,-0.10318744279922376f,1.2035712521714272f,0.2633879033883487f,0.576083125f,-0.32535244707751715f,0.22830864682658208f,-1.1707371788839445f,-0.3552596558502499f,0f,0f,0f,1f],start_interpolation:0}