execute if entity @s[tag=aj.dino.bone.head_lower] run data modify entity @s {} merge value {transformation:[-0.8977175034311966f,-0.11073240083764177f,-0.42642891487092127f,-0.615763410626676f,-0.24561005027350646f,0.9293250485358203f,0.27573657241748095f,0.15415684002248808f,0.3657580993469663f,0.35226877461482003f,-0.8614683529842917f,0.16152853271822706f,0f,0f,0f,1f],start_interpolation:0}
execute if entity @s[tag=aj.dino.bone.head_upper] run data modify entity @s {} merge value {transformation:[-0.9344337752725729f,0.0633740074916939f,-0.45419070596809524f,-0.645941149701662f,-0.25565539899217193f,0.783864600707418f,0.6353491538575152f,0.2154782465071703f,0.38071745321104916f,0.681917858334675f,-0.6881236792090868f,0.12952156999354314f,0f,0f,0f,1f],start_interpolation:0}
execute if entity @s[tag=aj.dino.bone.neck_0] run data modify entity @s {} merge value {transformation:[-0.9310749113052406f,-0.3647837263019302f,0.00568705224323432f,-0.6393514368123089f,-0.3571780590135238f,0.9146161547422605f,0.18947591837437605f,0.2129995927201661f,-0.07431920140361051f,0.17438498361315422f,-0.9818688984752343f,0.06322550515001756f,0f,0f,0f,1f],start_interpolation:0}
execute if entity @s[tag=aj.dino.bone.neck_1] run data modify entity @s {} merge value {transformation:[-0.9750373777882613f,-0.18644879888902688f,0.120577598701546f,-0.6299958779316869f,-0.10925432343587706f,0.8756158998046483f,0.47048941414219425f,0.2568900742699831f,-0.193301848740152f,0.44557114067468023f,-0.8741285682732856f,-0.0087719669714926f,0f,0f,0f,1f],start_interpolation:0}
execute if entity @s[tag=aj.dino.bone.neck_2] run data modify entity @s {} merge value {transformation:[-0.818970275457191f,-0.29348041279938264f,0.4931094556188078f,-0.5896691479651262f,-0.013890514012257153f,0.8692083998852564f,0.49425075739890123f,0.308700240988934f,-0.5736677971945507f,0.39792713512905387f,-0.7159324364700455f,-0.06759706254216924f,0f,0f,0f,1f],start_interpolation:0}
execute if entity @s[tag=aj.dino.bone.body_0] run data modify entity @s {} merge value {transformation:[-0.6389974249300434f,-0.0659365236537478f,0.7663776260964517f,-0.22910637451042293f,0.13127460564359733f,0.9723549591653905f,0.1931134674215909f,0.4089767904389762f,-0.757924316040785f,0.22400492904159638f,-0.6126765238844866f,-0.3542152837566807f,0f,0f,0f,1f],start_interpolation:0}
execute if entity @s[tag=aj.dino.bone.leg_left_3] run data modify entity @s {} merge value {transformation:[0.21062147968034536f,0.04018192100823564f,0.9767415244174635f,-0.052243047269074507f,-0.05672595606115815f,0.9979736421425124f,-0.02882317639948677f,0.01271009790474495f,-0.9759204671520161f,-0.049335816734866145f,0.21247404307560563f,0.07359159856511355f,0f,0f,0f,1f],start_interpolation:0}
execute if entity @s[tag=aj.dino.bone.leg_left_2] run data modify entity @s {} merge value {transformation:[0.43307641945838227f,0.036046058054683444f,0.9290897137028915f,-0.014455864450617195f,-0.2659412395420725f,0.9869131034971641f,0.08567369933133565f,0.2449932349861764f,-0.890944595090305f,-0.27706570943552095f,0.42604520961402464f,0.02079249716869737f,0f,0f,0f,1f],start_interpolation:0}
execute if entity @s[tag=aj.dino.bone.leg_left_1] run data modify entity @s {} merge value {transformation:[0.45548645893678785f,-0.8811340878139188f,-0.1270228523438189f,-0.2561669424255579f,0.13618218158214487f,-0.07204033060592657f,0.9880610326218296f,0.17030692321941615f,-0.8797650249610708f,-0.46734667010531117f,0.08718136725656361f,-0.09327369097939546f,0f,0f,0f,1f],start_interpolation:0}
execute if entity @s[tag=aj.dino.bone.leg_left_0] run data modify entity @s {} merge value {transformation:[0.4407815020561022f,0.27750414910901705f,0.8536410924225984f,-0.16544937014052685f,0.08145762833753538f,0.9347203693008502f,-0.3459226589856558f,0.5749403217229478f,-0.8939106902989752f,0.2220118880631458f,0.38940261854261704f,-0.14174443946387208f,0f,0f,0f,1f],start_interpolation:0}
execute if entity @s[tag=aj.dino.bone.leg_right_3] run data modify entity @s {} merge value {transformation:[0.6691494219131705f,-0.15160437736084167f,0.7274992535517152f,-0.028908770711177187f,0.12206380558015638f,0.988095433560305f,0.09363675317183714f,0.011189938842417035f,-0.7330344320156865f,0.02614434819048403f,0.6796888954051958f,-0.6842564379416008f,0f,0f,0f,1f],start_interpolation:0}
execute if entity @s[tag=aj.dino.bone.leg_right_2] run data modify entity @s {} merge value {transformation:[0.6783806285246821f,-0.035338028226573295f,0.7685135952630967f,-0.014447926390636301f,0.251121283738183f,0.9786668303637682f,-0.17666786776354548f,0.2334663435012345f,-0.7271863744576346f,0.30499944001176194f,0.6559249331260152f,-0.5917623517549566f,0f,0f,0f,1f],start_interpolation:0}
execute if entity @s[tag=aj.dino.bone.leg_right_1] run data modify entity @s {} merge value {transformation:[0.5574616830509168f,-0.7696739334910159f,0.31118886232400356f,-0.22894637427764422f,-0.11918914916345154f,0.29675411543440355f,0.9474866445995098f,0.2614602981452055f,-0.821602348251106f,-0.5652778352962491f,0.07369226737626741f,-0.7656017604551175f,0f,0f,0f,1f],start_interpolation:0}
execute if entity @s[tag=aj.dino.bone.leg_right_0] run data modify entity @s {} merge value {transformation:[0.59952867119674f,0.7086763123121835f,0.37194523357703707f,-0.05068625970343199f,-0.08822313110377432f,0.5204106171584527f,-0.8493464950695947f,0.5451907326094791f,-0.7954759905561684f,0.47639340246939166f,0.3745227289929397f,-0.516548250792723f,0f,0f,0f,1f],start_interpolation:0}
execute if entity @s[tag=aj.dino.bone.tail_4] run data modify entity @s {} merge value {transformation:[0.863725141868651f,-1.008041425283793f,-2.4214649895911773f,-0.13242688292300064f,-2.55333787931284f,-0.9064098635429532f,-0.5334305624336254f,0.21119683678669354f,-0.6000882309879015f,2.4058127474481186f,-1.21557413218855f,0.6245903619681623f,0f,0f,0f,1f],start_interpolation:0}
execute if entity @s[tag=aj.dino.bone.tail_3] run data modify entity @s {} merge value {transformation:[0.7787955373557348f,0.4521751448601999f,-1.8774878629194636f,0.18150078892343208f,-1.8235909359713682f,-0.4940539806268626f,-0.8754269178602312f,0.36447159748222946f,-0.6355620624945336f,1.9716474909683663f,0.21121686040722584f,0.5694816692094847f,0f,0f,0f,1f],start_interpolation:0}
execute if entity @s[tag=aj.dino.bone.tail_2] run data modify entity @s {} merge value {transformation:[1.0175003704072798f,1.078512147526969f,-1.2729015746948353f,0.4191394321115858f,-1.5716604315316236f,0.11938122832786832f,-1.1551647005009877f,0.5780804429331298f,-0.5597770620360006f,1.625217999211943f,0.9295643984462016f,0.3966504788011346f,0f,0f,0f,1f],start_interpolation:0}
execute if entity @s[tag=aj.dino.bone.tail_1] run data modify entity @s {} merge value {transformation:[1.3797603857890535f,0.6196103289311123f,-0.0007537168713929031f,0.41040934309274757f,-0.5811720639917773f,1.2935254476929068f,-0.5260106445751866f,0.6760152880799637f,-0.2148407778862779f,0.48013665393588156f,1.4180862046097464f,0.0858302274489792f,0f,0f,0f,1f],start_interpolation:0}
execute if entity @s[tag=aj.dino.bone.tail_0] run data modify entity @s {} merge value {transformation:[1.1046833266080427f,-0.05182263612327477f,0.6409562222831225f,0.22185646520942112f,0.014997375832608217f,1.2757880543529003f,0.07730223588360502f,0.6842128164521463f,-0.6428728826263808f,-0.05928719372430842f,1.1031931843643579f,-0.23797916721288656f,0f,0f,0f,1f],start_interpolation:0}
execute if entity @s[tag=aj.dino.bone.body_1] run data modify entity @s {} merge value {transformation:[0.36094294803160687f,-0.39882561943781447f,1.1132218595601449f,-0.01008828765106462f,-0.09356581881100373f,1.1506441936483842f,0.442569737137252f,0.5038175f,-1.1788003312150575f,-0.21344943185577608f,0.30573471216721093f,-0.2946808711524462f,0f,0f,0f,1f],start_interpolation:0}