execute if entity @s[tag=aj.dino.bone.head_lower] run data modify entity @s {} merge value {transformation:[-0.9192866145066666f,-0.05611487758173289f,-0.3895680183265279f,-0.6132825677593232f,-0.17739288864653624f,0.9426249023638285f,0.28282513413984317f,0.1539077979931853f,0.3513458174598192f,0.32910395615605975f,-0.8764968354739917f,0.17310791487962124f,0f,0f,0f,1f],start_interpolation:0}
execute if entity @s[tag=aj.dino.bone.head_upper] run data modify entity @s {} merge value {transformation:[-0.9568850540039f,0.101214826646558f,-0.39698676914270986f,-0.6386740820621732f,-0.18464818387847598f,0.7938309931376782f,0.64746377899303f,0.21631019019636769f,0.36571571499983524f,0.665627415138876f,-0.71180341569931f,0.13909807894168658f,0f,0f,0f,1f],start_interpolation:0}
execute if entity @s[tag=aj.dino.bone.neck_0] run data modify entity @s {} merge value {transformation:[-0.9446975449754278f,-0.32779310703497744f,-0.009910978647694246f,-0.6336889923911445f,-0.32354019357819874f,0.9266535269566087f,0.19140267531635852f,0.21374986576952082f,-0.05355643431727858f,0.18402423742331717f,-0.9814615572624257f,0.07266518141269135f,0f,0f,0f,1f],start_interpolation:0}
execute if entity @s[tag=aj.dino.bone.neck_1] run data modify entity @s {} merge value {transformation:[-0.9741257623169027f,-0.17771084835650755f,0.13963471476292433f,-0.622678791009616f,-0.09121059580921671f,0.8744090676181601f,0.47653899072297096f,0.2581472661313931f,-0.20678400905930944f,0.45147274208256516f,-0.8679935119307108f,0.001214617025997719f,0f,0f,0f,1f],start_interpolation:0}
execute if entity @s[tag=aj.dino.bone.neck_2] run data modify entity @s {} merge value {transformation:[-0.8148705628548641f,-0.28447041718079247f,0.5050371744154905f,-0.5812188899302216f,0.0020618832273215162f,0.869862030949648f,0.4932907821454914f,0.3098797312749707f,-0.5796392968304975f,0.4030094649771139f,-0.7082384179841608f,-0.056886665634508116f,0f,0f,0f,1f],start_interpolation:0}
execute if entity @s[tag=aj.dino.bone.body_0] run data modify entity @s {} merge value {transformation:[-0.648168970167226f,-0.05865106321121322f,0.759234508499549f,-0.22395323789470695f,0.13529326198197167f,0.9722976956060849f,0.1906119733421136f,0.4089767904389762f,-0.7493815579360323f,0.22626807972688334f,-0.6222781023964072f,-0.34800851545655265f,0f,0f,0f,1f],start_interpolation:0}
execute if entity @s[tag=aj.dino.bone.leg_left_3] run data modify entity @s {} merge value {transformation:[0.17700581718827363f,0.02666736245179975f,0.9838484601102834f,-0.04057787078611777f,-0.0649426676605592f,0.997770763353234f,-0.015360784961549828f,0.016739067448262146f,-0.982064860688255f,-0.06117479527852267f,0.1783430789909976f,0.07134566321030258f,0f,0f,0f,1f],start_interpolation:0}
execute if entity @s[tag=aj.dino.bone.leg_left_2] run data modify entity @s {} merge value {transformation:[0.4089362433241016f,-0.005447229454666965f,0.940640035341859f,-0.012143206911562732f,-0.26576368266921946f,0.9832265835287434f,0.12123262727988603f,0.24926208768227787f,-0.9023319862283283f,-0.29205823500520844f,0.39059080057724954f,0.013938459676179626f,0f,0f,0f,1f],start_interpolation:0}
execute if entity @s[tag=aj.dino.bone.leg_left_1] run data modify entity @s {} merge value {transformation:[0.42924594258549853f,-0.8937256566490306f,-0.13039314177189743f,-0.25657367685633864f,0.1365139694723282f,-0.0785118303199916f,0.9875220648870146f,0.1728396487418974f,-0.8928112101182395f,-0.4416903249416542f,0.08830515239860462f,-0.09295747967020279f,0f,0f,0f,1f],start_interpolation:0}
execute if entity @s[tag=aj.dino.bone.leg_left_0] run data modify entity @s {} merge value {transformation:[0.4121582626502611f,0.31749193362873546f,0.8540049406237679f,-0.15351340533493452f,0.08259339337064818f,0.9204424603793389f,-0.38205236356074357f,0.5749403217229478f,-0.907360952378181f,0.2280012044080379f,0.3531452291732743f,-0.137688987431219f,0f,0f,0f,1f],start_interpolation:0}
execute if entity @s[tag=aj.dino.bone.leg_right_3] run data modify entity @s {} merge value {transformation:[0.632066803938396f,-0.1051201072189793f,0.767750817920354f,-0.05225071445116658f,0.07182679287889628f,0.9944385508007295f,0.0770251939697508f,0.004963771142085016f,-0.7715779073974539f,0.0064600108061731165f,0.6361020366863722f,-0.6794124760033533f,0f,0f,0f,1f],start_interpolation:0}
execute if entity @s[tag=aj.dino.bone.leg_right_2] run data modify entity @s {} merge value {transformation:[0.642307225121992f,0.01937237144157934f,0.7994550264283236f,-0.0240247630953819f,0.22740645591342065f,0.978641575223228f,-0.2064198889501483f,0.22635160881532435f,-0.7666745932047565f,0.30650869150812604f,0.6085430877637117f,-0.5879696355704142f,0f,0f,0f,1f],start_interpolation:0}
execute if entity @s[tag=aj.dino.bone.leg_right_1] run data modify entity @s {} merge value {transformation:[0.5033739447130968f,-0.7932691617000207f,0.34254738194842943f,-0.24767362653616004f,-0.13882461764739437f,0.3170379435082795f,0.9381975633687696f,0.25995765108473845f,-0.8528437121296206f,-0.5198182177182599f,0.049463352183016285f,-0.7487962672717597f,0f,0f,0f,1f],start_interpolation:0}
execute if entity @s[tag=aj.dino.bone.leg_right_0] run data modify entity @s {} merge value {transformation:[0.5473565528144717f,0.7432082576037009f,0.3847626410148594f,-0.05083221935403913f,-0.10799732796407044f,0.5186296166969815f,-0.8481508697380221f,0.5451907326094791f,-0.8299020311119136f,0.4226875991963961f,0.36413982512478277f,-0.5159812587630379f,0f,0f,0f,1f],start_interpolation:0}
execute if entity @s[tag=aj.dino.bone.tail_4] run data modify entity @s {} merge value {transformation:[0.8734588383134809f,-0.9354896030111484f,-2.4469552901575677f,-0.1300768912882837f,-2.521640380070138f,-0.9992909895702663f,-0.5180816956459747f,0.21376118449456055f,-0.7099723818373465f,2.3983198394754863f,-1.1703258077161607f,0.5989520595263307f,0f,0f,0f,1f],start_interpolation:0}
execute if entity @s[tag=aj.dino.bone.tail_3] run data modify entity @s {} merge value {transformation:[0.7711869963830302f,0.35046440173745935f,-1.9022068356960997f,0.18903752434388388f,-1.8360419466487852f,-0.5115076159046735f,-0.83860327632445f,0.36096281389458473f,-0.6084127815885402f,1.9878330382682463f,0.11957936784150329f,0.5592233108361973f,0f,0f,0f,1f],start_interpolation:0}
execute if entity @s[tag=aj.dino.bone.tail_2] run data modify entity @s {} merge value {transformation:[1.0376194871729671f,1.059616422069208f,-1.272530044015832f,0.4266174814780898f,-1.5667313677593593f,0.14196565136845526f,-1.159298257616734f,0.5753490973853131f,-0.5361646166249449f,1.635797257277184f,0.9249155161238487f,0.387276314967463f,0f,0f,0f,1f],start_interpolation:0}
execute if entity @s[tag=aj.dino.bone.tail_1] run data modify entity @s {} merge value {transformation:[1.3889210775958494f,0.5986365768199677f,-0.013738235085185775f,0.4209291464951833f,-0.5657296043433322f,1.3005096081345981f,-0.5256244133591321f,0.6731007024452577f,-0.19622564811849152f,0.487816828371947f,1.4181630678372685f,0.0763278569359831f,0f,0f,0f,1f],start_interpolation:0}
execute if entity @s[tag=aj.dino.bone.tail_0] run data modify entity @s {} merge value {transformation:[1.1008303949663167f,-0.03751726466436695f,0.648537287250652f,0.2305061193240876f,0.003805086876780769f,1.276432900892466f,0.06738165490051631f,0.6842128164521463f,-0.6496104058712352f,-0.05610009764141211f,1.0994065745721466f,-0.24629809202980507f,0f,0f,0f,1f],start_interpolation:0}
execute if entity @s[tag=aj.dino.bone.body_1] run data modify entity @s {} merge value {transformation:[0.32294393062517174f,-0.40546735284463636f,1.1224562523794759f,-0.0031381326356804823f,-0.09356581881100373f,1.1506441936483842f,0.442569737137252f,0.5038175f,-1.1897719320436337f,-0.2005461554273058f,0.26986771633660855f,-0.2955303490908181f,0f,0f,0f,1f],start_interpolation:0}