execute if entity @s[tag=aj.dino.bone.head_lower] run data modify entity @s {} merge value {transformation:[-0.8934988861419371f,-0.08512613604840337f,-0.4409232148850709f,-0.6066128948125044f,-0.2238558995848247f,0.9356076344700862f,0.2729961364971268f,0.15311282843422652f,0.38929201980542394f,0.3426250067971657f,-0.8550203670282104f,0.1722869424546168f,0f,0f,0f,1f],start_interpolation:0}
execute if entity @s[tag=aj.dino.bone.head_upper] run data modify entity @s {} merge value {transformation:[-0.9300426182939399f,0.09377226449147559f,-0.4579295067503303f,-0.6363644289970672f,-0.23301151260455258f,0.7909979604760463f,0.6352163443268601f,0.21459228639772115f,0.4052139012104576f,0.6700753177952332f,-0.6857643220020462f,0.14018431088060807f,0f,0f,0f,1f],start_interpolation:0}
execute if entity @s[tag=aj.dino.bone.neck_0] run data modify entity @s {} merge value {transformation:[-0.9392842418792192f,-0.3430342404222894f,-0.008521904439940317f,-0.6310438761848128f,-0.3382605021909746f,0.9214683287741355f,0.19098678415982384f,0.21209399165736548f,-0.05766234139271628f,0.182273500443988f,-0.9815556150422684f,0.07377507586423998f,0f,0f,0f,1f],start_interpolation:0}
execute if entity @s[tag=aj.dino.bone.neck_1] run data modify entity @s {} merge value {transformation:[-0.9753540427545992f,-0.1802760247086429f,0.12722046296688427f,-0.6210971423142709f,-0.09967083307773707f,0.8743823447223066f,0.47489076667325414f,0.25635164270024524f,-0.19685074629233568f,0.4505064596131449f,-0.8708006164048007f,0.0020822613427934136f,0f,0f,0f,1f],start_interpolation:0}
execute if entity @s[tag=aj.dino.bone.neck_2] run data modify entity @s {} merge value {transformation:[-0.8192648071611883f,-0.28736805738356663f,0.49621041438359237f,-0.5804389013229814f,-0.005093396039825303f,0.8689722991822713f,0.4948345183701909f,0.30821063968504325f,-0.5733927389354725f,0.4028731101097125f,-0.7133821024434277f,-0.05647098165335129f,0f,0f,0f,1f],start_interpolation:0}
execute if entity @s[tag=aj.dino.bone.body_0] run data modify entity @s {} merge value {transformation:[-0.6546395168195498f,-0.06360398880279788f,0.7532606691090675f,-0.22603588019771975f,0.1289108158916602f,0.9724655268251814f,0.1941463383192401f,0.4089750306110508f,-0.7448685149503993f,0.22419931254354003f,-0.628415120513973f,-0.35050489269376695f,0f,0f,0f,1f],start_interpolation:0}
execute if entity @s[tag=aj.dino.bone.leg_left_3] run data modify entity @s {} merge value {transformation:[0.1903301046063402f,0.03273374053283107f,0.9811742727524347f,-0.04521099200037564f,-0.06056415018938009f,0.9979317714396356f,-0.0215444485468773f,0.014715913768611366f,-0.97985021048749f,-0.05532342887132104f,0.19191894962598674f,0.07174306084624499f,0f,0f,0f,1f],start_interpolation:0}
execute if entity @s[tag=aj.dino.bone.leg_left_2] run data modify entity @s {} merge value {transformation:[0.41840237161892496f,0.011801493459097015f,0.9364093013615833f,-0.012871738942757754f,-0.2650035461707133f,0.9851909107512249f,0.1059914590465336f,0.247226974719748f,-0.8982064213983892f,-0.28516976281857315f,0.4049266976051259f,0.016390993919455296f,0f,0f,0f,1f],start_interpolation:0}
execute if entity @s[tag=aj.dino.bone.leg_left_1] run data modify entity @s {} merge value {transformation:[0.43947737027316247f,-0.8889093973816077f,-0.12922741297593585f,-0.25625937291357387f,0.13721051848255164f,-0.07574389999764303f,0.9876417038738777f,0.17153627853802828f,-0.8877121800648764f,-0.4517775391271842f,0.08867998931354548f,-0.09336675661042887f,0f,0f,0f,1f],start_interpolation:0}
execute if entity @s[tag=aj.dino.bone.leg_left_0] run data modify entity @s {} merge value {transformation:[0.42335175535098735f,0.30134333636113275f,0.8543801758421008f,-0.15826858164112428f,0.08296677977388991f,0.9262019729152056f,-0.36778583281841004f,0.5747803542939778f,-0.9021584144124517f,0.2265879498091676f,0.36710774481899655f,-0.13918486174346917f,0f,0f,0f,1f],start_interpolation:0}
execute if entity @s[tag=aj.dino.bone.leg_right_3] run data modify entity @s {} merge value {transformation:[0.6471482287921089f,-0.12373510339232374f,0.7522558036730114f,-0.04294320131674664f,0.09279739737323156f,0.9921886092477096f,0.08336909931054215f,0.00769763741752702f,-0.7566953237677575f,0.015855215784953136f,0.6535753966608764f,-0.682023961216031f,0f,0f,0f,1f],start_interpolation:0}
execute if entity @s[tag=aj.dino.bone.leg_right_2] run data modify entity @s {} merge value {transformation:[0.6566534453274326f,-0.0027011083566698445f,0.7879474324178951f,-0.020240438666159627f,0.23774239748793702f,0.9785724844823988f,-0.19477331580924603f,0.22941326646067675f,-0.7512303273144629f,0.30732848245531363f,0.6271079641460584f,-0.589840250767562f,0f,0f,0f,1f],start_interpolation:0}
execute if entity @s[tag=aj.dino.bone.leg_right_1] run data modify entity @s {} merge value {transformation:[0.5250215640538693f,-0.7845090844726332f,0.3299967479511583f,-0.24041269844539856f,-0.13017982660980926f,0.3091488410143743f,0.9420616788954477f,0.2608433143363559f,-0.8410740573946324f,-0.5375616155189848f,0.060182551444340204f,-0.7558213152719251f,0f,0f,0f,1f],start_interpolation:0}
execute if entity @s[tag=aj.dino.bone.leg_right_0] run data modify entity @s {} merge value {transformation:[0.5682645689691403f,0.7298559353299631f,0.3799811749520527f,-0.050855698362639846f,-0.09930134427847091f,0.5192422836907169f,-0.8488384380152312f,0.5453617902515481f,-0.8168320651632172f,0.4446321676299121f,0.3675426680399434f,-0.5161868871382065f,0f,0f,0f,1f],start_interpolation:0}
execute if entity @s[tag=aj.dino.bone.tail_4] run data modify entity @s {} merge value {transformation:[0.8572404698028394f,-0.9213477366591262f,-2.4580314189784707f,-0.11915770195998751f,-2.5154305626487665f,-1.0276974796577447f,-0.4920450247666627f,0.20360170371115213f,-0.7506058839529006f,2.391781254642286f,-1.1582895011684524f,0.6030006667055856f,0f,0f,0f,1f],start_interpolation:0}
execute if entity @s[tag=aj.dino.bone.tail_3] run data modify entity @s {} merge value {transformation:[0.8016232993998732f,0.3668753670154135f,-1.8864644383027769f,0.1971267906419317f,-1.8193662232780723f,-0.5135614294689756f,-0.8729872449246374f,0.35665368173431006f,-0.6190736284955036f,1.9843393483181082f,0.12284428868418472f,0.5627524965917665f,0f,0f,0f,1f],start_interpolation:0}
execute if entity @s[tag=aj.dino.bone.tail_2] run data modify entity @s {} merge value {transformation:[1.0558016974165632f,1.0658607219509697f,-1.2521970979591186f,0.43094182810770404f,-1.551106667932224f,0.15141503581113724f,-1.1789467615754667f,0.5747063813104523f,-0.5460080177353384f,1.630885735830456f,0.9278258652550365f,0.3902560258117045f,0f,0f,0f,1f],start_interpolation:0}
execute if entity @s[tag=aj.dino.bone.tail_1] run data modify entity @s {} merge value {transformation:[1.3926933589026274f,0.5894265299187582f,0.025255175636884678f,0.4169715255651517f,-0.5434306730327784f,1.3068662059935048f,-0.5333292353127518f,0.6740169714774418f,-0.22966184201050904f,0.4820096839899326f,1.4151248541610268f,0.08006428780699551f,0f,0f,0f,1f],start_interpolation:0}
execute if entity @s[tag=aj.dino.bone.tail_0] run data modify entity @s {} merge value {transformation:[1.1019621602361027f,-0.0501647545537052f,0.6457542964567689f,0.22705654652619706f,0.016798668340245196f,1.2761611923759966f,0.07047079110877544f,0.684219811275563f,-0.6474819833275705f,-0.05226686386295553f,1.1008501136813111f,-0.2428909940780801f,0f,0f,0f,1f],start_interpolation:0}
execute if entity @s[tag=aj.dino.bone.body_1] run data modify entity @s {} merge value {transformation:[0.337825653203797f,-0.40317161012007297f,1.1188972588610924f,-0.005914923858329681f,-0.0925247075640347f,1.15072591294256f,0.44257614805697754f,0.5038175f,-1.1857139628021036f,-0.2046634337930198f,0.2842531835185535f,-0.29519034283442447f,0f,0f,0f,1f],start_interpolation:0}