execute if entity @s[tag=aj.dino.bone.head_lower] run data modify entity @s {} merge value {transformation:[-0.9442750793462293f,0.051958081985982396f,-0.3250306635411649f,-0.6699428238400705f,-0.07522966114220471f,0.9272593232698876f,0.3667841947160474f,0.15175384673216435f,0.32044511637736206f,0.3707971212474664f,-0.8716790821537996f,0.12277792410277247f,0f,0f,0f,1f],start_interpolation:0}
execute if entity @s[tag=aj.dino.bone.head_upper] run data modify entity @s {} merge value {transformation:[-0.9828955366435405f,0.1794374091256985f,-0.2918741558205695f,-0.6863397584871164f,-0.07830652293722874f,0.7456106063931819f,0.7220836895284232f,0.21825057443446932f,0.33355118811839773f,0.7038032270626186f,-0.6905624990285506f,0.09107962397701051f,0f,0f,0f,1f],start_interpolation:0}
execute if entity @s[tag=aj.dino.bone.neck_0] run data modify entity @s {} merge value {transformation:[-0.9753763244601502f,-0.2149410477417291f,0.04941023859783886f,-0.6793407351210288f,-0.1948457641983856f,0.9447671021277603f,0.2635341551128838f,0.2200188050623158f,-0.10332547535121603f,0.24741759988489534f,-0.9633838162490811f,0.0248027555637806f,0f,0f,0f,1f],start_interpolation:0}
execute if entity @s[tag=aj.dino.bone.neck_1] run data modify entity @s {} merge value {transformation:[-0.9488944801188065f,-0.1510868203996142f,0.277077675574187f,-0.6565646574511317f,0.018768891770332335f,0.8493870850326108f,0.5274365445070316f,0.26861262311406764f,-0.31503490965569725f,0.5056820666004869f,-0.8031429842916439f,-0.04090438238682029f,0f,0f,0f,1f],start_interpolation:0}
execute if entity @s[tag=aj.dino.bone.neck_2] run data modify entity @s {} merge value {transformation:[-0.7495719073006775f,-0.25244466655440073f,0.611893492459155f,-0.6054297893740004f,0.11885602796471112f,0.8580614785331403f,0.4996035865303341f,0.32078260248428747f,-0.6511644956553425f,0.44721604330095177f,-0.6131742086977933f,-0.09024451730136884f,0f,0f,0f,1f],start_interpolation:0}
execute if entity @s[tag=aj.dino.bone.body_0] run data modify entity @s {} merge value {transformation:[-0.55199663419109f,-0.0010160984629717373f,0.8338457191744895f,-0.21245110845649331f,0.25207141798063715f,0.9530089129983881f,0.16802979492596481f,0.40905301587861453f,-0.7948331372551971f,0.30294055405234943f,-0.5258015829488503f,-0.3351669441361847f,0f,0f,0f,1f],start_interpolation:0}
execute if entity @s[tag=aj.dino.bone.leg_left_3] run data modify entity @s {} merge value {transformation:[0.08552528454225639f,-0.021397138802388666f,0.9961062132900471f,-0.0031387263528799975f,-0.033473118045711514f,0.9991432788439079f,0.024336365984712643f,0.009946003843147394f,-0.995773556624328f,-0.03542415548909155f,0.08473578426863537f,0.043366353215937375f,0f,0f,0f,1f],start_interpolation:0}
execute if entity @s[tag=aj.dino.bone.leg_left_2] run data modify entity @s {} merge value {transformation:[0.34030668608485104f,-0.11721499079730241f,0.9604760303302883f,-0.00025041467950515095f,-0.2146661756276759f,0.9836289012643294f,0.19609899831363084f,0.2449557815213871f,-0.9434892643522917f,-0.26607711294023395f,0.3018164633051941f,-0.010792063649009476f,0f,0f,0f,1f],start_interpolation:0}
execute if entity @s[tag=aj.dino.bone.leg_left_1] run data modify entity @s {} merge value {transformation:[0.3529947963916282f,-0.9245946619526313f,-0.14324588932716914f,-0.250866777942908f,0.1871456324757266f,-0.0802335021213414f,0.9790500995263746f,0.16750657821417986f,-0.9167176151714841f,-0.37240743309719704f,0.14471184404969573f,-0.10138149477356469f,0f,0f,0f,1f],start_interpolation:0}
execute if entity @s[tag=aj.dino.bone.leg_left_0] run data modify entity @s {} merge value {transformation:[0.3309855742766404f,0.3994453466126068f,0.8549221980334215f,-0.12514200855769161f,0.13581786578246602f,0.8763883784130644f,-0.46205726649065393f,0.5650117947817245f,-0.9338105037720761f,0.26904799804505786f,0.2358200962447601f,-0.12352113634872655f,0f,0f,0f,1f],start_interpolation:0}
execute if entity @s[tag=aj.dino.bone.leg_right_3] run data modify entity @s {} merge value {transformation:[0.523058503402721f,-0.02421112468191533f,0.8519528293630714f,-0.10370109850028086f,0.01194967595709352f,0.999706513070342f,0.021073513453117143f,0.012036524074221289f,-0.8522130058046674f,-0.0008421201666068134f,0.5231943076630317f,-0.6850505591887309f,0f,0f,0f,1f],start_interpolation:0}
execute if entity @s[tag=aj.dino.bone.leg_right_2] run data modify entity @s {} merge value {transformation:[0.5416123520172269f,0.13253207972595535f,0.8609027282373862f,-0.04704255838597243f,0.2232557597681867f,0.9587722216456362f,-0.2880536273538578f,0.22627643541237374f,-0.8419472224393827f,0.3394897264202534f,0.4774241298702911f,-0.5898552741796953f,0f,0f,0f,1f],start_interpolation:0}
execute if entity @s[tag=aj.dino.bone.leg_right_1] run data modify entity @s {} merge value {transformation:[0.36643656063506536f,-0.8422115516416075f,0.3954793917657154f,-0.2895220486196451f,-0.12959902878234597f,0.3747008200808807f,0.9180432381807452f,0.27680032247916453f,-0.9213730725219924f,-0.38765835178950014f,0.028154280655551478f,-0.7150128521022729f,0f,0f,0f,1f],start_interpolation:0}
execute if entity @s[tag=aj.dino.bone.leg_right_0] run data modify entity @s {} merge value {transformation:[0.41380610609521085f,0.8057134235833072f,0.4237810585856628f,-0.05578676325009833f,-0.09967210309928538f,0.5028060210153893f,-0.858633552276195f,0.5557058812234071f,-0.9048922468570966f,0.3130686574672365f,0.2883713531014786f,-0.5103502413517222f,0f,0f,0f,1f],start_interpolation:0}
execute if entity @s[tag=aj.dino.bone.tail_4] run data modify entity @s {} merge value {transformation:[0.6410558892511076f,-0.7956731440986853f,-2.5654654404642803f,-0.15600168004213333f,-2.569547206537229f,-0.9499269934878132f,-0.34745818744120155f,0.17194181603124742f,-0.7823910990247739f,2.467833926017575f,-0.9608960471161748f,0.49900858910644724f,0f,0f,0f,1f],start_interpolation:0}
execute if entity @s[tag=aj.dino.bone.tail_3] run data modify entity @s {} merge value {transformation:[0.776908376012276f,0.22831268873333127f,-1.9183931342375495f,0.16705268408077018f,-1.8174923136532073f,-0.614701542913323f,-0.8092028355090797f,0.3151680507262301f,-0.6550424346085701f,1.9763503877976143f,-0.03006791576980983f,0.48476685638146344f,0f,0f,0f,1f],start_interpolation:0}
execute if entity @s[tag=aj.dino.bone.tail_2] run data modify entity @s {} merge value {transformation:[1.0779322431893748f,0.8603691284014696f,-1.3844135642896576f,0.42541394086191664f,-1.540964322439375f,-0.0030896516227880014f,-1.2017459323936084f,0.5374298012309545f,-0.5312860915405708f,1.754573820604115f,0.6767419537674602f,0.35898665433764915f,0f,0f,0f,1f],start_interpolation:0}
execute if entity @s[tag=aj.dino.bone.tail_1] run data modify entity @s {} merge value {transformation:[1.3867709839917268f,0.5853860678310698f,-0.14780270480575072f,0.4487388119251236f,-0.5934691967966848f,1.2536021319839823f,-0.6032679811980012f,0.6524893328835873f,-0.1109810813252215f,0.6111146343154386f,1.3790860572543662f,0.05485850443272877f,0f,0f,0f,1f],start_interpolation:0}
execute if entity @s[tag=aj.dino.bone.tail_0] run data modify entity @s {} merge value {transformation:[1.0772771230894427f,-0.05234033309495674f,0.6859811995847045f,0.24701609624631676f,0.06430428059994782f,1.2765922821941889f,-0.0035806595458303656f,0.6843421306440596f,-0.6849632662768745f,0.03752800497986724f,1.078541927454642f,-0.25941089680572926f,0f,0f,0f,1f],start_interpolation:0}
execute if entity @s[tag=aj.dino.bone.body_1] run data modify entity @s {} merge value {transformation:[0.21813008210943793f,-0.4304384717473465f,1.1383086507511873f,0.011368365787358078f,-0.029268149504430494f,1.1542592875727178f,0.4420785761976688f,0.5038175f,-1.2166212384138977f,-0.10494195609088174f,0.1934542404505605f,-0.29731771238550414f,0f,0f,0f,1f],start_interpolation:0}