execute if entity @s[tag=aj.dino.bone.head_lower] run data modify entity @s {} merge value {transformation:[-0.8602315989423531f,-0.4149594249230306f,-0.29632798019868156f,0.022053047261294922f,-0.5041112073979489f,0.7794503325922681f,0.3719261614858318f,0.22868652776083248f,0.07663867663826646f,0.46932489246720166f,-0.879693502621103f,0.5236641980633039f,0f,0f,0f,1f],start_interpolation:0}
execute if entity @s[tag=aj.dino.bone.head_upper] run data modify entity @s {} merge value {transformation:[-0.8954147129092626f,-0.07721915946665812f,-0.5251110700607947f,-0.016158624640632786f,-0.5247291457341886f,0.28357553044227657f,0.8530628257842194f,0.29369915419977244f,0.07977316657998963f,0.9985459741690171f,-0.28286767568627724f,0.5266108954972363f,0f,0f,0f,1f],start_interpolation:0}
execute if entity @s[tag=aj.dino.bone.neck_0] run data modify entity @s {} merge value {transformation:[-0.8762876020634159f,-0.37412320583158987f,0.30356525711655863f,0.009826345612455399f,-0.0755856643042152f,0.7290326310707853f,0.6802927532950054f,0.3258790162560562f,-0.4758222838640902f,0.5731869238671642f,-0.6671206071514048f,0.47432347776331524f,0f,0f,0f,1f],start_interpolation:0}
execute if entity @s[tag=aj.dino.bone.neck_1] run data modify entity @s {} merge value {transformation:[-0.8718431426278328f,-0.2331961298971808f,0.43070767308442703f,0.0452386331399955f,0.052426531427903614f,0.8298961042833849f,0.5554492910227722f,0.3767560890930502f,-0.48697124499837097f,0.5068451648148953f,-0.7113135633801019f,0.4164008552731579f,0f,0f,0f,1f],start_interpolation:0}
execute if entity @s[tag=aj.dino.bone.neck_2] run data modify entity @s {} merge value {transformation:[-0.9717458828170145f,0.036252089833281397f,0.23322891161024853f,0.06602616563091433f,0.12441270545990937f,0.9183874564481168f,0.3756141085727532f,0.4186542893006251f,-0.2005777104972714f,0.3940181034184571f,-0.8969494502089819f,0.3416790398077558f,0f,0f,0f,1f],start_interpolation:0}
execute if entity @s[tag=aj.dino.bone.body_0] run data modify entity @s {} merge value {transformation:[-0.9944796292929323f,0.08347807591872013f,-0.06357419100783424f,0.03685912083285904f,0.06961292438495889f,0.9782215534097854f,0.19554189628598787f,0.52013123481127f,0.07851310514790627f,0.1900368471782629f,-0.9786325607880516f,-0.11773647770411802f,0f,0f,0f,1f],start_interpolation:0}
execute if entity @s[tag=aj.dino.bone.leg_left_3] run data modify entity @s {} merge value {transformation:[-0.9689287678276727f,-0.09476715100972469f,0.22846494253046423f,0.5780841237402554f,-0.09012173395804701f,0.9954573070572847f,0.030705421258372945f,0.05361944185448028f,-0.2303369617415824f,0.009161709216033875f,-0.9730678019233288f,-0.14143724038883138f,0f,0f,0f,1f],start_interpolation:0}
execute if entity @s[tag=aj.dino.bone.leg_left_2] run data modify entity @s {} merge value {transformation:[-0.9145752107629405f,-0.26006380810069424f,0.3846832451183479f,0.5279332108666872f,-0.4124898079149308f,0.8452290028985706f,-0.40927043690704873f,0.23735287780548334f,-0.21322884824741978f,-0.5196315501159916f,-0.8582416384095015f,-0.289416909659992f,0f,0f,0f,1f],start_interpolation:0}
execute if entity @s[tag=aj.dino.bone.leg_left_1] run data modify entity @s {} merge value {transformation:[-0.8864250650524452f,-0.4429445707444868f,0.13435293556432248f,0.41812714632060777f,-0.09060902347302907f,0.4506943978104817f,0.8880678829050803f,0.3144972065690401f,-0.4539169625735885f,0.775032042582905f,-0.43964158590576685f,-0.046507942373298f,0f,0f,0f,1f],start_interpolation:0}
execute if entity @s[tag=aj.dino.bone.leg_left_0] run data modify entity @s {} merge value {transformation:[-0.8177471803378767f,-0.04937846153510464f,0.5734555925142579f,0.25697262370803764f,-0.2531360517843956f,0.9256406291245539f,-0.2812677816617247f,0.6713972036034233f,-0.5169252250920439f,-0.37516821993650534f,-0.7694394832689663f,-0.19127979917849672f,0f,0f,0f,1f],start_interpolation:0}
execute if entity @s[tag=aj.dino.bone.leg_right_3] run data modify entity @s {} merge value {transformation:[-0.8300510778803029f,0.003934670677890453f,0.5576734945076776f,-0.26721077963230694f,0.019511709949341705f,0.999567792628622f,0.021989113542764283f,0.042584165266946056f,-0.5573459439922396f,0.02913325086907345f,-0.8297690958388356f,-0.469632574927648f,0f,0f,0f,1f],start_interpolation:0}
execute if entity @s[tag=aj.dino.bone.leg_right_2] run data modify entity @s {} merge value {transformation:[-0.8678068350685997f,0.39600285985775924f,0.3770347881739709f,-0.16190472754642077f,0.30109491444080144f,0.936470323718412f,-0.2905639082771862f,0.2514271996804348f,-0.4564157633198063f,-0.13515645482145006f,-0.9085590697439491f,-0.5285078196156032f,0f,0f,0f,1f],start_interpolation:0}
execute if entity @s[tag=aj.dino.bone.leg_right_1] run data modify entity @s {} merge value {transformation:[-0.9736187093875377f,-0.22628533608079834f,-0.02935226405826106f,-0.24121287303730743f,-0.06438631790624275f,0.14903692410354774f,0.9867331945973182f,0.23830095240097698f,-0.21890868141081568f,0.9625917836386062f,-0.15967481728320387f,-0.2628928626743186f,0f,0f,0f,1f],start_interpolation:0}
execute if entity @s[tag=aj.dino.bone.leg_right_0] run data modify entity @s {} merge value {transformation:[-0.970048334257411f,0.09285036039876549f,0.224466121671494f,-0.1102367727793698f,-0.01114699263233461f,0.9060749675844831f,-0.4229703271767803f,0.6297839838430214f,-0.24265608123366134f,-0.4128037835226288f,-0.8779015107343908f,-0.3252913868445509f,0f,0f,0f,1f],start_interpolation:0}
execute if entity @s[tag=aj.dino.bone.tail_4] run data modify entity @s {} merge value {transformation:[0.1758306907475274f,-0.617281143709138f,2.6858348589242023f,1.2126146955446497f,-2.4897049613734534f,1.1183119161249706f,0.42001070839361526f,0.8967534638336264f,-1.1815727252707127f,-2.4482654634401966f,-0.48532818486288876f,-1.5122228905152468f,0f,0f,0f,1f],start_interpolation:0}
execute if entity @s[tag=aj.dino.bone.tail_3] run data modify entity @s {} merge value {transformation:[-0.588482148911899f,-0.6073917149034458f,1.9028162263138104f,0.8959111852469055f,-0.9742712496863459f,1.8189888790290394f,0.27932152807781907f,0.8315906205511808f,-1.7436828319654598f,-0.8113570660811267f,-0.7982577396264856f,-1.3689281109341336f,0f,0f,0f,1f],start_interpolation:0}
execute if entity @s[tag=aj.dino.bone.tail_2] run data modify entity @s {} merge value {transformation:[-1.4032529203289386f,-0.41585319088095546f,1.2948827129223754f,0.6540587352913627f,-0.525031795472823f,1.8819830716711472f,0.035428896237302526f,0.8250640572954748f,-1.2545902639243094f,-0.32245886029094856f,-1.4631464137566588f,-1.0979368188384067f,0f,0f,0f,1f],start_interpolation:0}
execute if entity @s[tag=aj.dino.bone.tail_1] run data modify entity @s {} merge value {transformation:[-0.9440953624826346f,0.20991711811951702f,1.1628735959076466f,0.40215725393011065f,0.31458354755059426f,1.479377461255769f,-0.011651984333990575f,0.809187028859529f,-1.1390247530889164f,0.23459194497858044f,-0.9670809072677945f,-0.8916112492769026f,0f,0f,0f,1f],start_interpolation:0}
execute if entity @s[tag=aj.dino.bone.tail_0] run data modify entity @s {} merge value {transformation:[-1.0490438368286807f,-0.1166710792603258f,0.7209234385564247f,0.18867118839043687f,0.1403163116465547f,1.2060896561657202f,0.39936798890245295f,0.721587512190008f,-0.7166966427169136f,0.4069045553177227f,-0.9770416172118866f,-0.5962776484109705f,0f,0f,0f,1f],start_interpolation:0}
execute if entity @s[tag=aj.dino.bone.body_1] run data modify entity @s {} merge value {transformation:[-1.154915038536901f,-0.2107669959618056f,0.3877539454741829f,0.11272048052010736f,-0.13087827752489756f,1.2009655462230935f,0.26297761941547915f,0.5795553472222222f,-0.42148158357118665f,0.2046060244825478f,-1.1441565646851055f,-0.34405894193662756f,0f,0f,0f,1f],start_interpolation:0}