execute if entity @s[tag=aj.dino.bone.head_lower] run data modify entity @s {} merge value {transformation:[-0.8402487108198707f,0.02398647319912106f,-0.5416703361538391f,-0.6766529900351524f,-0.14797438765311688f,0.9509518047235908f,0.27165096298675473f,0.15095012098019903f,0.5216183322739243f,0.3084077077448194f,-0.7954866442872286f,0.0795263211664522f,0f,0f,0f,1f],start_interpolation:0}
execute if entity @s[tag=aj.dino.bone.head_upper] run data modify entity @s {} merge value {transformation:[-0.874614532988774f,0.23883323848320967f,-0.5113511958174716f,-0.7068127624337457f,-0.15402647845213452f,0.8062897542761555f,0.6400348573854696f,0.21312964694066955f,0.5429523047229561f,0.6134553438747f,-0.642142724362046f,0.049202219003435216f,0f,0f,0f,1f],start_interpolation:0}
execute if entity @s[tag=aj.dino.bone.neck_0] run data modify entity @s {} merge value {transformation:[-0.9439584245885781f,-0.318126085492047f,0.08796753024699841f,-0.6956558175689641f,-0.3055983800317566f,0.9430735999869213f,0.1312319135335403f,0.2064062422153462f,-0.12470815037605132f,0.09699473561598801f,-0.9874410860869466f,-0.016181683178069756f,0f,0f,0f,1f],start_interpolation:0}
execute if entity @s[tag=aj.dino.bone.neck_1] run data modify entity @s {} merge value {transformation:[-0.8916799162244771f,-0.32111651280324444f,0.31904719432553147f,-0.6701076763500865f,-0.1552287081996044f,0.8789940497410879f,0.45085863490726674f,0.2486493018244758f,-0.4252187380073834f,0.35249630597333326f,-0.8336278420989562f,-0.08517699634969794f,0f,0f,0f,1f],start_interpolation:0}
execute if entity @s[tag=aj.dino.bone.neck_2] run data modify entity @s {} merge value {transformation:[-0.6692136828647955f,-0.4144441046074705f,0.616756946310821f,-0.6201328089878337f,-0.07910173429402596f,0.865029121820047f,0.49544680242677475f,0.30052333331389897f,-0.7388477260560624f,0.28277323522453524f,-0.6116725718408791f,-0.13599557448112756f,0f,0f,0f,1f],start_interpolation:0}
execute if entity @s[tag=aj.dino.bone.body_0] run data modify entity @s {} merge value {transformation:[-0.4256099260414881f,-0.1531656504620301f,0.8918500290819653f,-0.2012663289968265f,0.09046071482452545f,0.9734327175201509f,0.21034638940274208f,0.40893196126572734f,-0.9003738389848935f,0.17020290238382346f,-0.40044715268275755f,-0.32310342046485474f,0f,0f,0f,1f],start_interpolation:0}
execute if entity @s[tag=aj.dino.bone.leg_left_3] run data modify entity @s {} merge value {transformation:[0.02195865802748867f,-0.054038874688652566f,0.9982973591871394f,0.022480363243159295f,-0.05680279377381642f,0.9968576909827118f,0.05521038442273124f,0.018973936371259464f,-0.9981439074387627f,-0.05791842496995755f,0.018820098083652786f,0.04768179476686543f,0f,0f,0f,1f],start_interpolation:0}
execute if entity @s[tag=aj.dino.bone.leg_left_2] run data modify entity @s {} merge value {transformation:[0.2856936170657554f,-0.16808427507337467f,0.9706642226545895f,0.013741253858346958f,-0.22808551471760888f,0.9719109627000402f,0.23543210923784177f,0.25244703041834715f,-0.9583414603598153f,-0.2814230917270895f,0.23333428444803667f,-0.012193194913765512f,0f,0f,0f,1f],start_interpolation:0}
execute if entity @s[tag=aj.dino.bone.leg_left_1] run data modify entity @s {} merge value {transformation:[0.3002433597526524f,-0.9444193984098497f,-0.13388773219237637f,-0.2417066145084949f,0.17403254059709208f,-0.0837705709874017f,0.9811703044068172f,0.1741856237379884f,-0.9378521203994588f,-0.3178906908728578f,0.13920814961278785f,-0.08725932862940192f,0f,0f,0f,1f],start_interpolation:0}
execute if entity @s[tag=aj.dino.bone.leg_left_0] run data modify entity @s {} merge value {transformation:[0.2751355205402942f,0.4508104184212959f,0.8491586494759609f,-0.10183905959607488f,0.1236507043882851f,0.8593185417424833f,-0.4962682209469521f,0.5663589088745948f,-0.9534206567099868f,0.24154008044295283f,0.18068602850887397f,-0.11799139775004897f,0f,0f,0f,1f],start_interpolation:0}
execute if entity @s[tag=aj.dino.bone.leg_right_3] run data modify entity @s {} merge value {transformation:[0.49882953307580125f,-0.02765812611418131f,0.866258694035004f,-0.11050053384787556f,0.05139589754869489f,0.9986757320298956f,0.0022899715536336407f,0.021097971270098104f,-0.8651748717146972f,0.04337983764843317f,0.4995904633187601f,-0.7114493150047474f,0f,0f,0f,1f],start_interpolation:0}
execute if entity @s[tag=aj.dino.bone.leg_right_2] run data modify entity @s {} merge value {transformation:[0.5206684808112385f,0.15647615205183144f,0.8697595911684239f,-0.0479544566369898f,0.2668682328158828f,0.9345241324125811f,-0.3278844182832345f,0.22838707892388993f,-0.8424653576878633f,0.3927366283888725f,0.43367298891941136f,-0.6051935568565874f,0f,0f,0f,1f],start_interpolation:0}
execute if entity @s[tag=aj.dino.bone.leg_right_1] run data modify entity @s {} merge value {transformation:[0.3378839596214943f,-0.8534033449654066f,0.3969095118945324f,-0.2941188984764402f,-0.0789734167642595f,0.3945171851962784f,0.9154886072635662f,0.28543818187945336f,-0.9378686631267085f,-0.3406742159111265f,0.06590485064287868f,-0.7199176819793844f,0f,0f,0f,1f],start_interpolation:0}
execute if entity @s[tag=aj.dino.bone.leg_right_0] run data modify entity @s {} merge value {transformation:[0.3856550573934795f,0.8135842153832001f,0.43514468994362643f,-0.05494507427855695f,-0.049740621057337564f,0.4892760616140396f,-0.8707093695075787f,0.5542086715539342f,-0.9213012793455042f,0.31414910474288693f,0.2291599717786251f,-0.5081027054948285f,0f,0f,0f,1f],start_interpolation:0}
execute if entity @s[tag=aj.dino.bone.tail_4] run data modify entity @s {} merge value {transformation:[0.7314820272146462f,-0.8961096896605762f,-2.507505294023998f,-0.17722367398116795f,-2.5822998681436085f,-0.8733493573622787f,-0.4411911406413313f,0.20035475630761918f,-0.6498636521974867f,2.4616883750164886f,-1.0693123535530782f,0.43222965308215167f,0f,0f,0f,1f],start_interpolation:0}
execute if entity @s[tag=aj.dino.bone.tail_3] run data modify entity @s {} merge value {transformation:[0.819837322985227f,0.0616090214964472f,-1.913116990242654f,0.14656737735244385f,-1.8370298772253704f,-0.5593293747965473f,-0.8052436939929987f,0.34236780677238177f,-0.53771137245385f,2.0048193197902893f,-0.16586591263379863f,0.4407356514793307f,0f,0f,0f,1f],start_interpolation:0}
execute if entity @s[tag=aj.dino.bone.tail_2] run data modify entity @s {} merge value {transformation:[1.1184853710176605f,0.64569400922f,-1.466575465593116f,0.420181256376042f,-1.5565318986913466f,0.012817749756490122f,-1.181447429490737f,0.5608483837678395f,-0.38075293587650155f,1.8443667820559335f,0.5216437961606005f,0.34392053566298575f,0f,0f,0f,1f],start_interpolation:0}
execute if entity @s[tag=aj.dino.bone.tail_1] run data modify entity @s {} merge value {transformation:[1.3840128711195163f,0.5542929989325851f,-0.25480167564173356f,0.4669138278428644f,-0.6096592340585292f,1.2793929426368862f,-0.5283233542614769f,0.6594808693526342f,0.02191439943693899f,0.5861477797153645f,1.3941329884311853f,0.03673268344501185f,0f,0f,0f,1f],start_interpolation:0}
execute if entity @s[tag=aj.dino.bone.tail_0] run data modify entity @s {} merge value {transformation:[1.069968986646211f,-0.06389444621430779f,0.6963616761010583f,0.2618788743298418f,0.06323962672525688f,1.2764945089267588f,0.019955823097817356f,0.6844534004027694f,-0.6964214484139318f,0.01774781695950603f,1.0716892729547316f,-0.27601154405030737f,0f,0f,0f,1f],start_interpolation:0}
execute if entity @s[tag=aj.dino.bone.body_1] run data modify entity @s {} merge value {transformation:[0.14748688181237027f,-0.4354900995703665f,1.1476935949658804f,0.024389538785823766f,-0.038213869083016355f,1.1537586531911754f,0.4427022311356037f,0.5038175f,-1.2269441368535166f,-0.08828328504834686f,0.12417222587238388f,-0.2989333414399732f,0f,0f,0f,1f],start_interpolation:0}