execute if entity @s[tag=aj.dino.bone.head_lower] run data modify entity @s {} merge value {transformation:[-0.8599453227098776f,-0.27664089348025583f,-0.42891008149010673f,-0.6199701242370846f,-0.39834026454527427f,0.8891755212827689f,0.22514867530926497f,0.16012212121857675f,0.31909101458894973f,0.36446770557343156f,-0.8748395372882006f,0.1453692030261651f,0f,0f,0f,1f],start_interpolation:0}
execute if entity @s[tag=aj.dino.bone.head_upper] run data modify entity @s {} merge value {transformation:[-0.8951167280981605f,-0.09518618363560694f,-0.5226639227144334f,-0.6584164485234577f,-0.4146322153900658f,0.7654051039156294f,0.5707075393265254f,0.2165234510258831f,0.3321417041310484f,0.6989753643214472f,-0.6961230286609762f,0.11317872871106123f,0f,0f,0f,1f],start_interpolation:0}
execute if entity @s[tag=aj.dino.bone.neck_0] run data modify entity @s {} merge value {transformation:[-0.9140504069483201f,-0.4050865085642698f,0.020415046823846053f,-0.6502257072086682f,-0.39475368792915905f,0.9000408946849932f,0.18465078868221785f,0.21398152073030124f,-0.09317392029928875f,0.16072121351534965f,-0.9825921392430408f,0.047063778802712286f,0f,0f,0f,1f],start_interpolation:0}
execute if entity @s[tag=aj.dino.bone.neck_1] run data modify entity @s {} merge value {transformation:[-0.9748813987874563f,-0.19889449296947148f,0.10023591654007535f,-0.642650691548618f,-0.13186734109021736f,0.8781230334969746f,0.4599031880688232f,0.2569867600390153f,-0.1794916785035126f,0.4351332194954643f,-0.8822934991483864f,-0.02567345632676915f,0f,0f,0f,1f],start_interpolation:0}
execute if entity @s[tag=aj.dino.bone.neck_2] run data modify entity @s {} merge value {transformation:[-0.8223736776401849f,-0.3061071517151409f,0.4795830960254966f,-0.6036325957958253f,-0.03594927613836269f,0.869202449871853f,0.49314779800978187f,0.308700240988934f,-0.5678108698058578f,0.3883111031191519f,-0.7258135458399096f,-0.08545835814996311f,0f,0f,0f,1f],start_interpolation:0}
execute if entity @s[tag=aj.dino.bone.body_0] run data modify entity @s {} merge value {transformation:[-0.6143560716294039f,-0.07308816628841275f,0.7856365172270723f,-0.2340613075077508f,0.13127460564359733f,0.9723549591653905f,0.1931134674215909f,0.4089767904389762f,-0.7780318728466108f,0.22177455520205464f,-0.5877775527354937f,-0.36036303473188497f,0f,0f,0f,1f],start_interpolation:0}
execute if entity @s[tag=aj.dino.bone.leg_left_3] run data modify entity @s {} merge value {transformation:[0.24199404653470769f,0.043701375698234526f,0.9692930780748614f,-0.061733965901958635f,-0.051230740607342444f,0.9981671904109112f,-0.03221290430885132f,0.009394192032233656f,-0.9689242966602605f,-0.04186227119101154f,0.24378937136829687f,0.07723730129593681f,0f,0f,0f,1f],start_interpolation:0}
execute if entity @s[tag=aj.dino.bone.leg_left_2] run data modify entity @s {} merge value {transformation:[0.4568658793621812f,0.06679078499648154f,0.915901063879101f,-0.017150913774438448f,-0.2661853532201612f,0.9886990141276631f,0.060677975367832794f,0.24132076374631725f,-0.8789090541724853f,-0.2647176798085747f,0.4577178432081124f,0.028314005597849634f,0f,0f,0f,1f],start_interpolation:0}
execute if entity @s[tag=aj.dino.bone.leg_left_1] run data modify entity @s {} merge value {transformation:[0.48131092234637923f,-0.8677839103325429f,-0.12365630189375199f,-0.2559280252611346f,0.13576676599830378f,-0.06556557537901836f,0.988568935671954f,0.1683747766264519f,-0.8659718132135937f,-0.49259744243467135f,0.08625878753136504f,-0.09283779856925284f,0f,0f,0f,1f],start_interpolation:0}
execute if entity @s[tag=aj.dino.bone.leg_left_0] run data modify entity @s {} merge value {transformation:[0.46896590949214706f,0.237853692751395f,0.8505860312624044f,-0.1772526501194848f,0.08032154490404393f,0.9475790083654027f,-0.3092611717132749f,0.5749403217229478f,-0.8795563797497182f,0.21335333076791874f,0.4252774754108241f,-0.14595955918731623f,0f,0f,0f,1f],start_interpolation:0}
execute if entity @s[tag=aj.dino.bone.leg_right_3] run data modify entity @s {} merge value {transformation:[0.7020672076008514f,-0.1991072075387142f,0.6837089701895668f,-0.0056060447495380784f,0.17116064700352812f,0.9791517703808272f,0.10938849792106162f,0.017949907606537086f,-0.691234886944283f,0.040225992420670764f,0.7215096677140896f,-0.6867950943489584f,0f,0f,0f,1f],start_interpolation:0}
execute if entity @s[tag=aj.dino.bone.leg_right_2] run data modify entity @s {} merge value {transformation:[0.7128140629375675f,-0.08896401887527425f,0.7321500628455148f,-0.004822556299025976f,0.27398364444806483f,0.9772881302777894f,-0.1479968664999156f,0.24075553346740106f,-0.6847563608715785f,0.2984217037421997f,0.7029334338912961f,-0.5944473207070764f,0f,0f,0f,1f],start_interpolation:0}
execute if entity @s[tag=aj.dino.bone.leg_right_1] run data modify entity @s {} merge value {transformation:[0.6092989204126876f,-0.7424141466011289f,0.27852479334962393f,-0.20915062124791645f,-0.0995020301655162f,0.2768932015691085f,0.9557350579097486f,0.2633085148365978f,-0.7866728491417977f,-0.6100421213746858f,0.09483901397525901f,-0.7808736883844205f,0f,0f,0f,1f],start_interpolation:0}
execute if entity @s[tag=aj.dino.bone.leg_right_0] run data modify entity @s {} merge value {transformation:[0.649242734533551f,0.670655015263184f,0.35875579738554053f,-0.050525734833108786f,-0.06844963649902686f,0.5212935005775465f,-0.850627846663133f,0.5451907326094791f,-0.7574948969587503f,0.5277072453149998f,0.38435210982054785f,-0.5168891447501686f,0f,0f,0f,1f],start_interpolation:0}
execute if entity @s[tag=aj.dino.bone.tail_4] run data modify entity @s {} merge value {transformation:[0.8998139993468696f,-1.1079746603801466f,-2.363977210155565f,-0.1703141074471455f,-2.560248765326182f,-0.8638979849063108f,-0.5696208062567407f,0.22772555147931828f,-0.5110013285943154f,2.377337534981163f,-1.3087418456458595f,0.6340544087111167f,0f,0f,0f,1f],start_interpolation:0}
execute if entity @s[tag=aj.dino.bone.tail_3] run data modify entity @s {} merge value {transformation:[0.7550269182663129f,0.4478902975488724f,-1.888193358768985f,0.14547075147792768f,-1.8451623726408002f,-0.4618301865834992f,-0.8473690007282944f,0.37592739116267293f,-0.601045503542196f,1.9804173010167017f,0.22942785914067923f,0.5757719840626303f,0f,0f,0f,1f],start_interpolation:0}
execute if entity @s[tag=aj.dino.bone.tail_2] run data modify entity @s {} merge value {transformation:[1.0193842867098755f,1.0367176392732933f,-1.3056975482214035f,0.3891975424423648f,-1.583230225651531f,0.12231123982046174f,-1.1389450769022014f,0.5865131859907048f,-0.5225051230324715f,1.65197771535695f,0.903732205562926f,0.40777686999092816f,0f,0f,0f,1f],start_interpolation:0}
execute if entity @s[tag=aj.dino.bone.tail_1] run data modify entity @s {} merge value {transformation:[1.3740701256081462f,0.6258389588202881f,-0.08895581787579163f,0.39937685923547056f,-0.6182915079393065f,1.2863247898364274f,-0.500739848886036f,0.6791335213294486f,-0.1315414426002381f,0.4912742438547025f,1.4244306638807094f,0.09537563441367836f,0f,0f,0f,1f],start_interpolation:0}
execute if entity @s[tag=aj.dino.bone.tail_0] run data modify entity @s {} merge value {transformation:[1.1088521085630207f,-0.05482566410059159f,0.6334641777364359f,0.21294086248548458f,0.01282095253654836f,1.275124206000269f,0.08791813824386167f,0.6842128164521463f,-0.6357030290123097f,-0.0699151086113745f,1.1067200427734476f,-0.229720860765333f,0f,0f,0f,1f],start_interpolation:0}
execute if entity @s[tag=aj.dino.bone.body_1] run data modify entity @s {} merge value {transformation:[0.3985704659293667f,-0.3917733958898887f,1.1028416862895607f,-0.017065662794674342f,-0.09356581881100373f,1.1506441936483842f,0.442569737137252f,0.5038175f,-1.1666154534787045f,-0.22613301606004912f,0.3412870314097968f,-0.2938336515149866f,0f,0f,0f,1f],start_interpolation:0}