execute if entity @s[tag=aj.dino.bone.head_lower] run data modify entity @s {} merge value {transformation:[-0.850468609002141f,0.09991251795080977f,-0.5164500303598522f,-0.6888598016381764f,-0.09975213185961315f,0.93334848416214f,0.3448334660407805f,0.1515017833067678f,0.5164810328476985f,0.34478702972844677f,-0.7838171003745766f,0.0745727937637858f,0f,0f,0f,1f],start_interpolation:0}
execute if entity @s[tag=aj.dino.bone.head_upper] run data modify entity @s {} merge value {transformation:[-0.8852524207484083f,0.3018025894557414f,-0.4568536867974245f,-0.7138520015132942f,-0.10383195248928306f,0.7602100883605868f,0.7033999500856959f,0.21703040691976f,0.5376048918907391f,0.6437917063275241f,-0.616429364698461f,0.046700837883621435f,0f,0f,0f,1f],start_interpolation:0}
execute if entity @s[tag=aj.dino.bone.neck_0] run data modify entity @s {} merge value {transformation:[-0.9704781336168512f,-0.2250334582504928f,0.08678787265152116f,-0.7042738342283209f,-0.19739478108843372f,0.9478254259983947f,0.25032431410075057f,0.21789564577961498f,-0.13859109845369705f,0.2258028000242369f,-0.964264280646448f,-0.01927071907445975f,0f,0f,0f,1f],start_interpolation:0}
execute if entity @s[tag=aj.dino.bone.neck_1] run data modify entity @s {} merge value {transformation:[-0.9174969848505625f,-0.21221143114040686f,0.33640093829159723f,-0.6767538910295425f,-0.005904173504653193f,0.8529485511395368f,0.5219615980550601f,0.266042071237384f,-0.39769891064139673f,0.4769120229164971f,-0.7838306570123043f,-0.08347438942520172f,0f,0f,0f,1f],start_interpolation:0}
execute if entity @s[tag=aj.dino.bone.neck_2] run data modify entity @s {} merge value {transformation:[-0.6967183475122749f,-0.30864995246786076f,0.6475482615846886f,-0.6230456826436426f,0.08968683611254477f,0.858138756986781f,0.5055236346456061f,0.3187314478272227f,-0.7117161060899819f,0.41028414617039477f,-0.5701991790009378f,-0.12941117578092687f,0f,0f,0f,1f],start_interpolation:0}
execute if entity @s[tag=aj.dino.bone.body_0] run data modify entity @s {} merge value {transformation:[-0.4572830958479373f,-0.04304396375628905f,0.8882788905720284f,-0.20481322012261863f,0.24446643755207795f,0.954264378717595f,0.17209199987599275f,0.408928323061537f,-0.8550604254450805f,0.29584913840481253f,-0.42584616487976945f,-0.3272925435109151f,0f,0f,0f,1f],start_interpolation:0}
execute if entity @s[tag=aj.dino.bone.leg_left_3] run data modify entity @s {} merge value {transformation:[0.011111448642879801f,-0.03249603070749166f,0.9994100978563878f,0.01564803951891454f,-0.03736897623278191f,0.9987601230992309f,0.03289036518682606f,0.010066765822415752f,-0.9992397586787519f,-0.03771239179721663f,0.009883328415205395f,0.03754741961065759f,0f,0f,0f,1f],start_interpolation:0}
execute if entity @s[tag=aj.dino.bone.leg_left_2] run data modify entity @s {} merge value {transformation:[0.27531636993191905f,-0.1714345410201177f,0.973074146246537f,0.006186366403775984f,-0.20925684332243571f,0.9771130792034337f,0.23135212009620376f,0.24465558612596805f,-0.9656472800515385f,-0.2606193164281964f,0.22729958630463748f,-0.01767607354638151f,0f,0f,0f,1f],start_interpolation:0}
execute if entity @s[tag=aj.dino.bone.leg_left_1] run data modify entity @s {} merge value {transformation:[0.2872478694145915f,-0.9476959868681383f,-0.1391437314103776f,-0.24961407685300388f,0.19253974924976766f,-0.0851732016667201f,0.9775857868630644f,0.16583465526350366f,-0.9383054441255333f,-0.30760013360183336f,0.15800332696661767f,-0.09093438193099525f,0f,0f,0f,1f],start_interpolation:0}
execute if entity @s[tag=aj.dino.bone.leg_left_0] run data modify entity @s {} merge value {transformation:[0.2614246405970321f,0.4626349875695138f,0.8471281045776184f,-0.10653275388356823f,0.14275548835895446f,0.8494654074821935f,-0.5079659358997487f,0.5573129674672125f,-0.9546088349853613f,0.25372699849970015f,0.15602750526821907f,-0.11501226921174748f,0f,0f,0f,1f],start_interpolation:0}
execute if entity @s[tag=aj.dino.bone.leg_right_3] run data modify entity @s {} merge value {transformation:[0.4723401567800979f,0.009007471568411252f,0.8813703204379513f,-0.12453894104933913f,0.0011458233753858273f,0.9999406615110159f,-0.010833307237628098f,0.021626334190358393f,-0.8814156019618354f,0.0061269007545973475f,0.4723018078574319f,-0.696631604762725f,0f,0f,0f,1f],start_interpolation:0}
execute if entity @s[tag=aj.dino.bone.leg_right_2] run data modify entity @s {} merge value {transformation:[0.4978085636320402f,0.18209670600852002f,0.8781170896504327f,-0.055727001393952674f,0.24656236169585088f,0.9378381833239577f,-0.33425849756629644f,0.2295224567871347f,-0.8622388504760519f,0.37331291306511216f,0.411392553614271f,-0.5955613755351961f,0f,0f,0f,1f],start_interpolation:0}
execute if entity @s[tag=aj.dino.bone.leg_right_1] run data modify entity @s {} merge value {transformation:[0.3071538521890883f,-0.8561415173683478f,0.415545681392102f,-0.30423572094774354f,-0.09763778662560316f,0.40599914857370534f,0.9086426987437246f,0.28968421910570513f,-0.9466379316867969f,-0.3196660657555771f,0.041112439675772744f,-0.7034379917234356f,0f,0f,0f,1f],start_interpolation:0}
execute if entity @s[tag=aj.dino.bone.leg_right_0] run data modify entity @s {} merge value {transformation:[0.35535723617448f,0.8220213904296717f,0.4449742333826805f,-0.059026475790634636f,-0.06796074945597885f,0.49750686662360166f,-0.8647937639667319f,0.5633233798816755f,-0.9322567088692987f,0.2770699394348568f,0.2326578548636349f,-0.5051924007415511f,0f,0f,0f,1f],start_interpolation:0}
execute if entity @s[tag=aj.dino.bone.tail_4] run data modify entity @s {} merge value {transformation:[0.5183182898770566f,-0.8006536640135947f,-2.5915171603291642f,-0.16645876970104895f,-2.556003895309769f,-1.0270882332488087f,-0.1938947649709261f,0.14064804321748925f,-0.9076626956861311f,2.435098520188341f,-0.9338656003067788f,0.41326825737929884f,0f,0f,0f,1f],start_interpolation:0}
execute if entity @s[tag=aj.dino.bone.tail_3] run data modify entity @s {} merge value {transformation:[0.8109292723360171f,0.10750096436862332f,-1.9148845354153448f,0.15718290328664952f,-1.7849052434281303f,-0.718400809837466f,-0.7962154698648385f,0.2826868793733786f,-0.7017496086894465f,1.9514838828771133f,-0.18762640437720846f,0.4259859601580956f,0f,0f,0f,1f],start_interpolation:0}
execute if entity @s[tag=aj.dino.bone.tail_2] run data modify entity @s {} merge value {transformation:[1.1241918327222151f,0.7003451895555146f,-1.4368309621211175f,0.42528456810160176f,-1.5075518272112676f,-0.11929405702329794f,-1.2376713179328624f,0.511624136112502f,-0.5312759043241227f,1.8204558271015943f,0.47165704707892664f,0.33834627868128775f,0f,0f,0f,1f],start_interpolation:0}
execute if entity @s[tag=aj.dino.bone.tail_1] run data modify entity @s {} merge value {transformation:[1.3915215173254005f,0.5476605750561945f,-0.2266980620771485f,0.4660434564626518f,-0.5903983682967493f,1.229457713674074f,-0.6538499422649331f,0.6378605482305415f,-0.052477457378881334f,0.6900419369983526f,1.3448957177605296f,0.04055481091573182f,0f,0f,0f,1f],start_interpolation:0}
execute if entity @s[tag=aj.dino.bone.tail_0] run data modify entity @s {} merge value {transformation:[1.0603549948435775f,-0.05276414715740694f,0.711827890904154f,0.2567575094590189f,0.09988512835623789f,1.273144609884533f,-0.05441948216628344f,0.6844864330905613f,-0.7067573576748687f,0.10076935883858777f,1.0602713286115613f,-0.2668493701693569f,0f,0f,0f,1f],start_interpolation:0}
execute if entity @s[tag=aj.dino.bone.body_1] run data modify entity @s {} merge value {transformation:[0.14941261176666712f,-0.44164552411971203f,1.1450893840772163f,0.020288227992765504f,0.01890342608787277f,1.1542349741404532f,0.4427063134961798f,0.5038175f,-1.2271605954329912f,-0.03599236797242382f,0.14623958944326293f,-0.2984236848219887f,0f,0f,0f,1f],start_interpolation:0}