execute if entity @s[tag=aj.dino.bone.head_lower] run data modify entity @s {} merge value {transformation:[0.6250687157539667f,0.12277965654808873f,-0.7708529409190968f,0.8439224506958699f,0.21258243942310145f,0.9234457767084764f,0.3194629930495899f,0.8066523251391098f,0.7510644493215016f,-0.363556121413479f,0.5511162668150682f,-0.5971469990744473f,0f,0f,0f,1f],start_interpolation:0}
execute if entity @s[tag=aj.dino.bone.head_upper] run data modify entity @s {} merge value {transformation:[0.6506337657830058f,-0.14376265757521278f,-0.7996748987516392f,0.7857687927927872f,0.2212769726194899f,1.0171039859411573f,-0.0028152716513612885f,0.8293657395796166f,0.7817826723552306f,-0.16823710248643015f,0.6663212987257664f,-0.5547475961453745f,0f,0f,0f,1f],start_interpolation:0}
execute if entity @s[tag=aj.dino.bone.neck_0] run data modify entity @s {} merge value {transformation:[0.5870779634492017f,-0.5349963090968857f,-0.6075511617016691f,0.7549776891665115f,0.1693662446833641f,0.8150615827917115f,-0.5540665045090931f,0.780254056326372f,0.7916151463900832f,0.2223815763721893f,0.5691150099022406f,-0.5218130131086056f,0f,0f,0f,1f],start_interpolation:0}
execute if entity @s[tag=aj.dino.bone.neck_1] run data modify entity @s {} merge value {transformation:[0.38143752024080935f,-0.29137124157896244f,-0.8772731716707609f,0.6793188264270709f,0.36213234019319074f,0.9202704699495062f,-0.14819726827819057f,0.7719393736353117f,0.850509016024372f,-0.2611609881273404f,0.45654063558636904f,-0.48434116520577725f,0f,0f,0f,1f],start_interpolation:0}
execute if entity @s[tag=aj.dino.bone.neck_2] run data modify entity @s {} merge value {transformation:[0.32766456784577885f,-0.25344602470337485f,-0.9101653935085071f,0.5971001167296628f,0.23618914339207292f,0.9547335901921825f,-0.18082715587672243f,0.7654449971333172f,0.9147953976284304f,-0.1557205327527557f,0.3726935687089865f,-0.45321501472608716f,0f,0f,0f,1f],start_interpolation:0}
execute if entity @s[tag=aj.dino.bone.body_0] run data modify entity @s {} merge value {transformation:[0.30147844056529016f,-0.44154617751430325f,-0.8450726140378876f,0.19461428348236345f,0.22330572675736f,0.8943573410004476f,-0.3876332016171685f,0.5912747944553571f,0.9269548544949147f,-0.07184650110559782f,0.3682292465397001f,-0.28035437942275826f,0f,0f,0f,1f],start_interpolation:0}
execute if entity @s[tag=aj.dino.bone.leg_left_3] run data modify entity @s {} merge value {transformation:[-0.038400506680111975f,-0.04010927618410096f,-0.9984571333065325f,-0.21441130736960667f,-0.1039167834127791f,0.9939367489015434f,-0.03593106327639126f,-0.023084419762216146f,0.9938444059367908f,0.1023766826333907f,-0.04233570173186907f,-0.5728595806862083f,0f,0f,0f,1f],start_interpolation:0}
execute if entity @s[tag=aj.dino.bone.leg_left_2] run data modify entity @s {} merge value {transformation:[-0.02558600343962814f,-0.026905161908469935f,-1.0250286182304187f,-0.25240053065847146f,-0.08046492291604208f,1.022238423054462f,-0.024823418619049954f,0.21430588607212267f,1.0222196202914506f,0.07979297083390378f,-0.02761030962153539f,-0.5535273879548211f,0f,0f,0f,1f],start_interpolation:0}
execute if entity @s[tag=aj.dino.bone.leg_left_1] run data modify entity @s {} merge value {transformation:[-0.140739360817578f,0.9804036279706241f,-0.13784469006348565f,0.024058175223935177f,0.29767367118005006f,0.17469164646121288f,0.9385484612649804f,0.20605869926532228f,0.9442366323135591f,0.09105797559088075f,-0.3164263378393769f,-0.5308127778687022f,0f,0f,0f,1f],start_interpolation:0}
execute if entity @s[tag=aj.dino.bone.leg_left_0] run data modify entity @s {} merge value {transformation:[-0.1354253221256981f,-0.10965727321189501f,-0.9847005964042487f,0.04541728485460731f,0.24191925036479492f,0.9601154666340502f,-0.1401904669833713f,0.622572927457079f,0.9607991769511915f,-0.2572033692660573f,-0.10349574101431205f,-0.5116564547856257f,0f,0f,0f,1f],start_interpolation:0}
execute if entity @s[tag=aj.dino.bone.leg_right_3] run data modify entity @s {} merge value {transformation:[-0.2902968225287768f,0.8203526445659299f,-0.4926959441515445f,-0.4133561196687694f,0.4603984696589412f,0.5710942578545877f,0.6796209221185168f,0.3816652717481692f,0.8389046453354524f,-0.029544664479455404f,-0.5434759505584361f,-0.02437934026836927f,0f,0f,0f,1f],start_interpolation:0}
execute if entity @s[tag=aj.dino.bone.leg_right_2] run data modify entity @s {} merge value {transformation:[-0.2292351099534547f,0.7211104981541024f,-0.6924688536802684f,-0.2663110684206692f,0.540992705406532f,0.6869098842303354f,0.5362312030684929f,0.5575156301041965f,0.8407379832993414f,-0.2453908309193818f,-0.5338587669404211f,-0.09938251643788926f,0f,0f,0f,1f],start_interpolation:0}
execute if entity @s[tag=aj.dino.bone.leg_right_1] run data modify entity @s {} merge value {transformation:[-0.4070799237759464f,0.7855040439360228f,0.4661215856605708f,-0.08574275873906559f,0.18580753459685861f,-0.42843261835416535f,0.8842629991225638f,0.3979263559106848f,0.8942938531297234f,0.44657461693467204f,0.0284537478031279f,0.03823919246329499f,0f,0f,0f,1f],start_interpolation:0}
execute if entity @s[tag=aj.dino.bone.leg_right_0] run data modify entity @s {} merge value {transformation:[-0.4092151093463546f,-0.03819855069919886f,-0.9116380120459722f,0.021054023320339378f,0.24231269580677064f,0.9586978620994359f,-0.14893947313196212f,0.7582918380857232f,0.8796746851725965f,-0.281849747082469f,-0.3830576566733025f,-0.1435256148096234f,0f,0f,0f,1f],start_interpolation:0}
execute if entity @s[tag=aj.dino.bone.tail_4] run data modify entity @s {} merge value {transformation:[-1.268946470461647f,1.9057265494270408f,-2.395607123761293f,-1.676524901918518f,2.711395246797107f,1.9034712096545983f,0.07800953253373197f,0.2162847500994137f,1.4209373625367865f,-1.9302735532377229f,-2.2882161914736185f,-1.079988430907252f,0f,0f,0f,1f],start_interpolation:0}
execute if entity @s[tag=aj.dino.bone.tail_3] run data modify entity @s {} merge value {transformation:[-1.223544383917844f,1.5117216701868628f,-1.5688844093732837f,-1.425293466184201f,2.1379254390794395f,1.1795469056726047f,-0.5307593350655062f,0.2947391270866785f,0.4194943563673992f,-1.602226028595727f,-1.8710044884420436f,-0.747056171466271f,0f,0f,0f,1f],start_interpolation:0}
execute if entity @s[tag=aj.dino.bone.tail_2] run data modify entity @s {} merge value {transformation:[-1.195940575530714f,0.39942052743581546f,-1.977175703387579f,-1.0585301103508737f,1.5634471016653853f,1.6359051878494835f,-0.6152087098418377f,0.4106504340522983f,1.2745170379784558f,-1.6319656364746309f,-1.100603862101429f,-0.541902213057078f,0f,0f,0f,1f],start_interpolation:0}
execute if entity @s[tag=aj.dino.bone.tail_1] run data modify entity @s {} merge value {transformation:[-1.0578224861591308f,-0.020790149201062598f,-1.4747217898547236f,-0.739921682705815f,0.7896656797611492f,1.5247939248437479f,-0.5879256763970824f,0.5177720251792322f,1.2456583407915203f,-0.9842744822740261f,-0.8796385857616295f,-0.3417721317941899f,0f,0f,0f,1f],start_interpolation:0}
execute if entity @s[tag=aj.dino.bone.tail_0] run data modify entity @s {} merge value {transformation:[-0.15146094179213898f,-0.4924618266238287f,-1.4447367802858637f,-0.3296199978195751f,0.44870156537458283f,1.3733181377900265f,-0.5151578685493753f,0.7014537407686368f,1.4589208067002266f,-0.4734998137446927f,0.00845210280960272f,-0.3556684266518512f,0f,0f,0f,1f],start_interpolation:0}
execute if entity @s[tag=aj.dino.bone.body_1] run data modify entity @s {} merge value {transformation:[-0.07662521003788793f,0.09037384811679439f,-1.2306769437262821f,-0.04959216744938857f,0.42685130717846936f,1.1588690702274485f,0.058523795899200634f,0.6097897222222223f,1.1578130824113761f,-0.4212595882623705f,-0.1030233980721689f,-0.30334210699223946f,0f,0f,0f,1f],start_interpolation:0}