execute if entity @s[tag=aj.dino.bone.head_lower] run data modify entity @s {} merge value {transformation:[-0.903690886363264f,0.3960381419254569f,-0.16277767673796653f,-0.005764755452218721f,0.308035059738379f,0.8653597708183081f,0.3953060447567916f,0.3152541485390818f,0.2974175244936845f,0.30709323859296717f,-0.9040113710205924f,0.6137678374685296f,0f,0f,0f,1f],start_interpolation:0}
execute if entity @s[tag=aj.dino.bone.head_upper] run data modify entity @s {} merge value {transformation:[-0.9406514670776522f,0.43988442088393703f,0.07175274441978491f,0.008767172991225446f,0.3206335653337372f,0.5514775725536362f,0.8225196327962222f,0.38443930202312715f,0.3095817773215077f,0.7654058569265455f,-0.6338650802154223f,0.5873539380044109f,0f,0f,0f,1f],start_interpolation:0}
execute if entity @s[tag=aj.dino.bone.neck_0] run data modify entity @s {} merge value {transformation:[-0.9206032229009857f,0.248450906501698f,0.30126707925494045f,0.024512313070051153f,0.3232509461578144f,0.9176932768762567f,0.23097158999365236f,0.38437402508327495f,-0.21908567226634376f,0.31001805856208225f,-0.9251433789272889f,0.5225710501626655f,0f,0f,0f,1f],start_interpolation:0}
execute if entity @s[tag=aj.dino.bone.neck_1] run data modify entity @s {} merge value {transformation:[-0.9515192095649343f,0.08500938949310251f,0.29560885901294076f,0.0499458909259428f,0.17495892003926009f,0.940017789012588f,0.29284113891081165f,0.4135120575407263f,-0.2529833396246055f,0.3303633757514527f,-0.9093181345571448f,0.4470618121418243f,0f,0f,0f,1f],start_interpolation:0}
execute if entity @s[tag=aj.dino.bone.neck_2] run data modify entity @s {} merge value {transformation:[-0.9893673236284118f,0.02606180738770145f,0.1430841749881508f,0.06273629916917245f,0.07328891132284053f,0.9391100677005926f,0.33570972017578116f,0.45211722135760724f,-0.1256225871946054f,0.34262671077876405f,-0.931034855763982f,0.36885070565569955f,0f,0f,0f,1f],start_interpolation:0}
execute if entity @s[tag=aj.dino.bone.body_0] run data modify entity @s {} merge value {transformation:[-0.998454738458966f,0.05473712009870068f,-0.009590773281544535f,0.05873764317732057f,0.052975445723019966f,0.9896664888761121f,0.13324354748383027f,0.5243422160130894f,0.016785034980152352f,0.13252957586489436f,-0.9910369186472249f,-0.09695876784220966f,0f,0f,0f,1f],start_interpolation:0}
execute if entity @s[tag=aj.dino.bone.leg_left_3] run data modify entity @s {} merge value {transformation:[-0.995033515424849f,-0.03273377709306363f,0.09400427127789762f,0.5066677858172468f,-0.03560153897436297f,0.9989454114244231f,-0.028993023587536304f,0.025912509921065585f,-0.09295608427598408f,-0.032195726910758615f,-0.9951495372881226f,-0.2096570363480146f,0f,0f,0f,1f],start_interpolation:0}
execute if entity @s[tag=aj.dino.bone.leg_left_2] run data modify entity @s {} merge value {transformation:[-0.9726598005142455f,-0.24328551253807057f,0.21634988179652592f,0.455135503193006f,-0.30720227411449696f,0.9115279302596653f,-0.35609801268205227f,0.22690673644680243f,-0.10780479925849297f,-0.40248129303896096f,-0.9372561728317488f,-0.33260750123884697f,0f,0f,0f,1f],start_interpolation:0}
execute if entity @s[tag=aj.dino.bone.leg_left_1] run data modify entity @s {} merge value {transformation:[-0.946080672566925f,-0.28122747740342585f,0.16075592352576148f,0.3890506824866616f,0.03284515979660585f,0.41042596254696256f,0.91130221372788f,0.289420460741083f,-0.32226162736703584f,0.867445465271855f,-0.3790591092508462f,-0.0704277605897369f,0f,0f,0f,1f],start_interpolation:0}
execute if entity @s[tag=aj.dino.bone.leg_left_0] run data modify entity @s {} merge value {transformation:[-0.9266025338646756f,0.05250293381725264f,0.3723589480274965f,0.2716114062841018f,-0.10400062769910401f,0.9158020995570432f,-0.3879309009154903f,0.6684813905119598f,-0.36137461680886634f,-0.3981833200769376f,-0.8431242078951073f,-0.20015095238947042f,0f,0f,0f,1f],start_interpolation:0}
execute if entity @s[tag=aj.dino.bone.leg_right_3] run data modify entity @s {} merge value {transformation:[-0.9109755149253749f,0.037422577485787915f,0.4107592505358444f,-0.23933419394751776f,0.07153250194697815f,0.9951188265672184f,0.06798251375676324f,0.056415920864509084f,-0.4062101825061182f,0.0913130423641835f,-0.9092058160408691f,-0.43138993224313954f,0f,0f,0f,1f],start_interpolation:0}
execute if entity @s[tag=aj.dino.bone.leg_right_2] run data modify entity @s {} merge value {transformation:[-0.9464963460299084f,0.28496639484544745f,0.2738631414804026f,-0.16297696944210402f,0.2579790316307085f,0.9838890163847666f,-0.1321795074018415f,0.2812738601458253f,-0.29942225316700866f,-0.05309196499377385f,-0.979586523520095f,-0.47357468629013394f,0f,0f,0f,1f],start_interpolation:0}
execute if entity @s[tag=aj.dino.bone.leg_right_1] run data modify entity @s {} merge value {transformation:[-0.9848634619672249f,-0.12211032611370007f,-0.1230163791465949f,-0.20924037304573273f,-0.13155237506205272f,0.064466229329883f,0.9892108359149328f,0.2437033391191994f,-0.1128624556593821f,0.9904207053229411f,-0.07955433721766036f,-0.20253679392716345f,0f,0f,0f,1f],start_interpolation:0}
execute if entity @s[tag=aj.dino.bone.leg_right_0] run data modify entity @s {} merge value {transformation:[-0.9874525469986097f,-0.013158790866292194f,0.15736681241257844f,-0.11240092201339841f,-0.07845414162889831f,0.9057200708416409f,-0.41655263885358595f,0.6423507674423433f,-0.13704895142696724f,-0.42367204238367f,-0.8953879524626285f,-0.28005857912044363f,0f,0f,0f,1f],start_interpolation:0}
execute if entity @s[tag=aj.dino.bone.tail_4] run data modify entity @s {} merge value {transformation:[-1.0470344779207166f,-1.5774188695189888f,-2.0102561637091743f,-0.07225837750256653f,-1.5667093821500149f,2.112514443927763f,-0.8416446801826144f,0.6840940242825181f,2.018613842598036f,0.8213974469658465f,-1.6959262130734274f,-1.8525500967967838f,0f,0f,0f,1f],start_interpolation:0}
execute if entity @s[tag=aj.dino.bone.tail_3] run data modify entity @s {} merge value {transformation:[-1.409984678644208f,-0.6921315404750352f,-1.367056203201861f,0.16631688668227312f,-0.5656890792928162f,1.9616505090348375f,-0.4097177955820985f,0.7343707313976723f,1.4240381306699195f,0.09395071648190227f,-1.5163225881437965f,-1.5963572017439416f,0f,0f,0f,1f],start_interpolation:0}
execute if entity @s[tag=aj.dino.bone.tail_2] run data modify entity @s {} merge value {transformation:[-1.7677407214435374f,-0.33380509561836014f,-0.7631780754792916f,0.3068034471086208f,-0.28090631518610465f,1.92441248611535f,-0.19105522859812119f,0.7701376858441589f,0.7841927434257617f,-0.06312381820939614f,-1.7888071443662727f,-1.2632570136948538f,0f,0f,0f,1f],start_interpolation:0}
execute if entity @s[tag=aj.dino.bone.tail_1] run data modify entity @s {} merge value {transformation:[-1.5034946921411096f,0.12697438731493502f,0.10505934356118388f,0.2840801143928309f,0.1253136748324898f,1.5070388007745277f,-0.02804970338614898f,0.7576319554166945f,-0.10703477754210099f,-0.019178319166986f,-1.5085860924953676f,-0.9382894247639095f,0f,0f,0f,1f],start_interpolation:0}
execute if entity @s[tag=aj.dino.bone.tail_0] run data modify entity @s {} merge value {transformation:[-1.1903339715287216f,-0.017040029440204198f,0.4654571840732129f,0.14765150071062805f,0.06353574544873998f,1.259479492079851f,0.20859131013678603f,0.7270702101913078f,-0.46141517298303136f,0.2173862070394185f,-1.172038818347789f,-0.5905465249107106f,0f,0f,0f,1f],start_interpolation:0}
execute if entity @s[tag=aj.dino.bone.body_1] run data modify entity @s {} merge value {transformation:[-1.2077621574413095f,-0.13274095366036595f,0.22868101217700612f,0.10342741391466032f,-0.08218376173953454f,1.2047728061833807f,0.26527892838220607f,0.5842465771484375f,-0.25131851387293946f,0.2439404020628989f,-1.1857220078426218f,-0.33131388460758543f,0f,0f,0f,1f],start_interpolation:0}