execute if entity @s[tag=aj.dino.bone.head_lower] run data modify entity @s {} merge value {transformation:[-0.8116246093817427f,-0.42808617719784625f,0.3975018469618316f,0.27075517015402867f,-0.17190915097399898f,0.8253375700387691f,0.5378337468901512f,0.503720578925574f,-0.5583124011315997f,0.3681848997102332f,-0.7434562141565796f,0.7858236542738075f,0f,0f,0f,1f],start_interpolation:0}
execute if entity @s[tag=aj.dino.bone.head_upper] run data modify entity @s {} merge value {transformation:[-0.8448197177285355f,-0.4575706275455843f,0.4004756021633834f,0.2878260194119776f,-0.17894016362002266f,0.8422573085364184f,0.5848546713878033f,0.5628960362400103f,-0.5811471457077151f,0.4058370234565053f,-0.7622573371317901f,0.7422082000283616f,0f,0f,0f,1f],start_interpolation:0}
execute if entity @s[tag=aj.dino.bone.neck_0] run data modify entity @s {} merge value {transformation:[-0.8295094111513387f,-0.39433071400325687f,0.39549642830882903f,0.3200683221090695f,-0.3659427487866026f,0.9187156483406758f,0.14848387826453546f,0.5577030499021588f,-0.42190051128419453f,-0.021560275685934632f,-0.9063857418839301f,0.6840858887874889f,0f,0f,0f,1f],start_interpolation:0}
execute if entity @s[tag=aj.dino.bone.neck_1] run data modify entity @s {} merge value {transformation:[-0.8658881201104006f,-0.4713987852792852f,0.16739458978381183f,0.33207716563881573f,-0.4215730915701292f,0.8677899186631102f,0.26309083133145517f,0.5839880960646354f,-0.26928403576090415f,0.15723817063260104f,-0.95013802459455f,0.6043211041400908f,0f,0f,0f,1f],start_interpolation:0}
execute if entity @s[tag=aj.dino.bone.neck_2] run data modify entity @s {} merge value {transformation:[-0.8611393407730166f,-0.4831140724407234f,-0.15823978255405202f,0.31348418517322163f,-0.5080101638393515f,0.8294748713463176f,0.23215751385842637f,0.6124479128722626f,0.019097361308033467f,0.2803073863007351f,-0.9597203029926591f,0.5229867921996619f,0f,0f,0f,1f],start_interpolation:0}
execute if entity @s[tag=aj.dino.bone.body_0] run data modify entity @s {} merge value {transformation:[-0.8052430082537785f,-0.4974586006986183f,-0.32267419830128613f,0.1566701305471639f,-0.4885034891020464f,0.8650168700948572f,-0.11449958771289892f,0.5667250535153684f,0.33607742975917326f,0.0654274792596318f,-0.9395590487905476f,0.08079941437540689f,0f,0f,0f,1f],start_interpolation:0}
execute if entity @s[tag=aj.dino.bone.leg_left_3] run data modify entity @s {} merge value {transformation:[-0.8652918981506016f,-0.3342416602546405f,-0.3735671874578256f,0.45664579104478054f,-0.3431291039674002f,0.9382254630471104f,-0.0446698835969426f,0.04467640172285289f,0.3654207834886487f,0.08952928593626036f,-0.9265269332050124f,-0.3720738568769334f,0f,0f,0f,1f],start_interpolation:0}
execute if entity @s[tag=aj.dino.bone.leg_left_2] run data modify entity @s {} merge value {transformation:[-0.8619949197774857f,-0.47900902662573164f,-0.2820945057769991f,0.3349342184601177f,-0.4040228681362955f,0.8973398350950668f,-0.289152108543539f,0.24428212679622907f,0.3818278143370674f,-0.13188545129513723f,-0.942802178315234f,-0.4313606149508553f,0f,0f,0f,1f],start_interpolation:0}
execute if entity @s[tag=aj.dino.bone.leg_left_1] run data modify entity @s {} merge value {transformation:[-0.9742533278499108f,0.18946682650418753f,-0.12219973333770554f,0.41229031392267007f,-0.05293030828551328f,0.3346482979190517f,0.9408554082135483f,0.2863503091086083f,0.21915482116114787f,0.9230995820356079f,-0.31600368037020005f,-0.1681882604158727f,0f,0f,0f,1f],start_interpolation:0}
execute if entity @s[tag=aj.dino.bone.leg_left_0] run data modify entity @s {} merge value {transformation:[-0.9654266116675359f,-0.15969232825852953f,-0.20603353557008902f,0.2541067506894305f,-0.1019590118955196f,0.9587465539894384f,-0.2653477060512605f,0.6725309793310679f,0.23990793521146886f,-0.23516676106275508f,-0.9418815090624844f,-0.15595188702255397f,0f,0f,0f,1f],start_interpolation:0}
execute if entity @s[tag=aj.dino.bone.leg_right_3] run data modify entity @s {} merge value {transformation:[-0.9990294482061647f,0.015739147312819703f,-0.04113928607488651f,-0.2232551932157305f,0.014848816945723098f,0.9996507969167057f,0.02185856489129473f,0.04847129276455717f,0.04146895528221578f,0.021226480293725092f,-0.9989142917598794f,0.10275688979233473f,0f,0f,0f,1f],start_interpolation:0}
execute if entity @s[tag=aj.dino.bone.leg_right_2] run data modify entity @s {} merge value {transformation:[-0.9978341528194872f,0.1149206380428896f,-0.20780387368748912f,-0.20134141158619578f,0.16952739523372878f,0.973272984533423f,-0.2757940524075239f,0.2665535396738448f,0.16628188486115345f,-0.3026468966137142f,-0.9658247202457618f,0.002104061597071605f,0f,0f,0f,1f],start_interpolation:0}
execute if entity @s[tag=aj.dino.bone.leg_right_1] run data modify entity @s {} merge value {transformation:[-0.8461958710566377f,0.4451184892812064f,-0.29295405494158056f,-0.08173196314939901f,-0.09780393048268064f,0.4106900617419382f,0.9065142383705518f,0.32809925320690064f,0.5238195672069126f,0.7957406635873394f,-0.30398989674780885f,0.24483661122756079f,0f,0f,0f,1f],start_interpolation:0}
execute if entity @s[tag=aj.dino.bone.leg_right_0] run data modify entity @s {} merge value {transformation:[-0.8675241425103503f,-0.3453604152107006f,-0.3579497810687611f,-0.08732042513650551f,-0.051900828552573226f,0.7785732735168852f,-0.6254038389398948f,0.6907390065626882f,0.4946798622920059f,-0.5239750388813326f,-0.6933556031879082f,0.03803125118308473f,0f,0f,0f,1f],start_interpolation:0}
execute if entity @s[tag=aj.dino.bone.tail_4] run data modify entity @s {} merge value {transformation:[-1.3440929070011054f,-1.1432298637149332f,-2.124170677619774f,-0.9746978391545548f,0.2831132742635495f,2.3400855140831354f,-1.438578462341919f,0.9387012705654242f,2.395604821936433f,-0.9179796278178536f,-1.02178876076531f,-1.3707147649658702f,0f,0f,0f,1f],start_interpolation:0}
execute if entity @s[tag=aj.dino.bone.tail_3] run data modify entity @s {} merge value {transformation:[-1.2100177052103227f,0.351081074883116f,-1.6578735651372523f,-0.697019351717193f,0.9135497951936028f,1.8509062845451751f,-0.27480579247415093f,0.9671856066867592f,1.4273154699728139f,-0.8870363750909745f,-1.2295863306357122f,-1.1535420142695838f,0f,0f,0f,1f],start_interpolation:0}
execute if entity @s[tag=aj.dino.bone.tail_2] run data modify entity @s {} merge value {transformation:[-0.6822470279947302f,0.7055789770733006f,-1.6898139468318183f,-0.38322321937891834f,0.752567288911045f,1.7519955872510085f,0.4277006113122245f,0.888650371728265f,1.669417665971046f,-0.5014415662546985f,-0.8833882992085634f,-0.9882069358116392f,0f,0f,0f,1f],start_interpolation:0}
execute if entity @s[tag=aj.dino.bone.tail_1] run data modify entity @s {} merge value {transformation:[-0.9905334690800389f,0.8771015226452938f,-0.7329342505338186f,-0.2352792782041829f,0.8816672009149351f,1.2035206511753023f,0.24871115581211875f,0.8195763891502342f,0.7274356627655033f,-0.26436189431891144f,-1.299463887674079f,-0.7060402258699374f,0f,0f,0f,1f],start_interpolation:0}
execute if entity @s[tag=aj.dino.bone.tail_0] run data modify entity @s {} merge value {transformation:[-1.115291486283369f,0.4371262502142447f,-0.44596105052066476f,-0.09441045905313486f,0.2735020045230097f,1.1625519626108767f,0.45552750118463947f,0.7145151156222801f,0.5613886984342995f,0.3020418715795207f,-1.1079030434415331f,-0.3749963981122597f,0f,0f,0f,1f],start_interpolation:0}
execute if entity @s[tag=aj.dino.bone.body_1] run data modify entity @s {} merge value {transformation:[-1.0738270417327906f,0.11576986865064877f,-0.6017453090903702f,0.037688973987412666f,0.05726630274998669f,1.227748135678306f,0.1340137342366103f,0.6006612499999999f,0.6100988854841488f,0.08852371381333637f,-1.071703082518635f,-0.13180314392896433f,0f,0f,0f,1f],start_interpolation:0}