execute if entity @s[tag=aj.dino.bone.head_lower] run data modify entity @s {} merge value {transformation:[-0.942772839542699f,0.005771872964026051f,-0.33338575029998474f,-0.6516042945848474f,-0.114292327190635f,0.9336840511347689f,0.339369056635863f,0.15362769846912827f,0.3132357530135174f,0.35805136243150043f,-0.8795922833307489f,0.14461130035263012f,0f,0f,0f,1f],start_interpolation:0}
execute if entity @s[tag=aj.dino.bone.head_upper] run data modify entity @s {} merge value {transformation:[-0.981331855857979f,0.13834983422896682f,-0.31830654192249896f,-0.6707455335152849f,-0.11896683575092899f,0.7627094573071762f,0.6982786824106204f,0.2188546997491182f,0.32604696479687323f,0.6946981716447204f,-0.7032494362910898f,0.11183161505784783f,0f,0f,0f,1f],start_interpolation:0}
execute if entity @s[tag=aj.dino.bone.neck_0] run data modify entity @s {} merge value {transformation:[-0.9688526686562224f,-0.24466491240890867f,0.038256856557450036f,-0.6639873426450073f,-0.22888582666832238f,0.943708581545998f,0.23879989838104965f,0.2190517479289066f,-0.09452928005689581f,0.22260546658243105f,-0.9703149083980636f,0.04550647440611141f,0f,0f,0f,1f],start_interpolation:0}
execute if entity @s[tag=aj.dino.bone.neck_1] run data modify entity @s {} merge value {transformation:[-0.9579047068787824f,-0.15442738262306058f,0.24201395834882156f,-0.6441970115879804f,-0.009656485108723134f,0.8598552355888401f,0.5104465947832406f,0.26625451970705694f,-0.2869239007730435f,0.4866221915682138f,-0.8251506031255923f,-0.02215280417151142f,0f,0f,0f,1f],start_interpolation:0}
execute if entity @s[tag=aj.dino.bone.neck_2] run data modify entity @s {} merge value {transformation:[-0.768084969716692f,-0.25739231327567796f,0.5863400688695116f,-0.5953492556216593f,0.08723760934833524f,0.8650607927834689f,0.4940237082408333f,0.3180041875511115f,-0.6343777098941099f,0.4306030908568026f,-0.64198590275338f,-0.07417971076055829f,0f,0f,0f,1f],start_interpolation:0}
execute if entity @s[tag=aj.dino.bone.body_0] run data modify entity @s {} merge value {transformation:[-0.5939542989524957f,-0.015601729771327622f,0.8043474850983199f,-0.2164119281761244f,0.21003425710272683f,0.9621298467187798f,0.17375778801597147f,0.4090610709036385f,-0.776597644600571f,0.27214471165363485f,-0.5681842608870864f,-0.33937030366627335f,0f,0f,0f,1f],start_interpolation:0}
execute if entity @s[tag=aj.dino.bone.leg_left_3] run data modify entity @s {} merge value {transformation:[0.11969763216871596f,-0.004352264572492437f,0.9928008534677504f,-0.017413091385644244f,-0.05465967159410919f,0.9984448123928483f,0.01096708288623005f,0.015316152923060822f,-0.9913045935303771f,-0.05557890246217842f,0.11927358654233852f,0.05786411115897637f,0f,0f,0f,1f],start_interpolation:0}
execute if entity @s[tag=aj.dino.bone.leg_left_2] run data modify entity @s {} merge value {transformation:[0.3669154935777165f,-0.07814889722176539f,0.9546349930399245f,-0.0055577639101161425f,-0.24224020216512343f,0.9814766497385369f,0.17345163583463644f,0.24908156120841884f,-0.9266902959070601f,-0.28750397454945414f,0.33263908307750895f,-0.0003102574722640833f,0f,0f,0f,1f],start_interpolation:0}
execute if entity @s[tag=aj.dino.bone.leg_left_1] run data modify entity @s {} merge value {transformation:[0.38262531287125895f,-0.9135054493785817f,-0.13822323938399977f,-0.2540180274278558f,0.1600074255083607f,-0.08182748381521199f,0.9837183980564037f,0.17149220819213606f,-0.9099425771620742f,-0.3985123045128047f,0.11485838854666156f,-0.09654318017014152f,0f,0f,0f,1f],start_interpolation:0}
execute if entity @s[tag=aj.dino.bone.leg_left_0] run data modify entity @s {} merge value {transformation:[0.3622572158032151f,0.37223879726392356f,0.8545220812887226f,-0.1353067318627597f,0.10762971582071235f,0.8939537795808118f,-0.4350430832061737f,0.5704174540212774f,-0.9258431583539704f,0.2495694648483438f,0.2837772512807461f,-0.12930833101472933f,0f,0f,0f,1f],start_interpolation:0}
execute if entity @s[tag=aj.dino.bone.leg_right_3] run data modify entity @s {} merge value {transformation:[0.5650628009534646f,-0.04799818546524662f,0.8236505358285566f,-0.08600133805024777f,0.021990141494111763f,0.9988278468466263f,0.04312036689084861f,0.005716914791642269f,-0.8247547906230638f,-0.006253523468913058f,0.5654559476993141f,-0.6797140048019535f,0f,0f,0f,1f],start_interpolation:0}
execute if entity @s[tag=aj.dino.bone.leg_right_2] run data modify entity @s {} merge value {transformation:[0.5800805526067925f,0.09515259347515141f,0.8405443093276195f,-0.03874474697188787f,0.21480139384834337f,0.9692161661564873f,-0.25795849271234217f,0.22333448481157905f,-0.8181864782486333f,0.32191335280874434f,0.5282091248693319f,-0.5870831250464088f,0f,0f,0f,1f],start_interpolation:0}
execute if entity @s[tag=aj.dino.bone.leg_right_1] run data modify entity @s {} merge value {transformation:[0.41654280197396903f,-0.825849926871792f,0.3800841912123292f,-0.27496489423836107f,-0.1432248618401313f,0.35324715031558196f,0.9245015358260884f,0.26741618936033407f,-0.8977631831805925f,-0.43953196593624044f,0.028860316104877298f,-0.7259003826523982f,0f,0f,0f,1f],start_interpolation:0}
execute if entity @s[tag=aj.dino.bone.leg_right_0] run data modify entity @s {} merge value {transformation:[0.46289075300418214f,0.786554150885471f,0.4087355116796884f,-0.05323470845077797f,-0.11292425756426053f,0.5096798242728626f,-0.852921209012148f,0.5500965087612393f,-0.8791929610937417f,0.3486531864962936f,0.32474712117153376f,-0.5132155446914869f,0f,0f,0f,1f],start_interpolation:0}
execute if entity @s[tag=aj.dino.bone.tail_4] run data modify entity @s {} merge value {transformation:[0.7636497842431171f,-0.8249370434732559f,-2.5222964165480324f,-0.15119797692883402f,-2.564102969691879f,-0.9058720578658681f,-0.48003448542281185f,0.1969037930627554f,-0.6840148386129693f,2.474779994400201f,-1.01648856927848f,0.5456668616866157f,0f,0f,0f,1f],start_interpolation:0}
execute if entity @s[tag=aj.dino.bone.tail_3] run data modify entity @s {} merge value {transformation:[0.7579553859686525f,0.28852598202519136f,-1.9178638941859132f,0.17117741329277236f,-1.839572570277632f,-0.5453036147008222f,-0.8090502163159018f,0.33942503597311646f,-0.6143467405364018f,1.9888042265479673f,0.056403518522188584f,0.5166408985928854f,0f,0f,0f,1f],start_interpolation:0}
execute if entity @s[tag=aj.dino.bone.tail_2] run data modify entity @s {} merge value {transformation:[1.0510899270371798f,0.939963967485839f,-1.3529418243634992f,0.4236872337656283f,-1.5647549280047444f,0.0676454940084796f,-1.1686487827521117f,0.5555333384360618f,-0.5152920099988157f,1.7119187194406762f,0.7890388567508897f,0.3699866243950604f,0f,0f,0f,1f],start_interpolation:0}
execute if entity @s[tag=aj.dino.bone.tail_1] run data modify entity @s {} merge value {transformation:[1.3818555131354884f,0.6051459656382615f,-0.10922431546497725f,0.43847361762790715f,-0.6000122349676933f,1.268100341664114f,-0.5652991167164794f,0.6622514194707978f,-0.13459906651284867f,0.5598000837290883f,1.3986290457268415f,0.062302872741891446f,0f,0f,0f,1f],start_interpolation:0}
execute if entity @s[tag=aj.dino.bone.tail_0] run data modify entity @s {} merge value {transformation:[1.0880570371917444f,-0.04895164120065763f,0.6690077258338f,0.24179272065118249f,0.03889347116150558f,1.2772669247927617f,0.03020293554405409f,0.6842481458698757f,-0.6696677521745839f,-0.005353152177102651f,1.088738794221661f,-0.25598108867139807f,0f,0f,0f,1f],start_interpolation:0}
execute if entity @s[tag=aj.dino.bone.body_1] run data modify entity @s {} merge value {transformation:[0.2581257859639242f,-0.42041474693582415f,1.1336785762444501f,0.0065462486586646f,-0.06391166866261845f,1.152859624530233f,0.4420798341849807f,0.5038175f,-1.2074315600834342f,-0.1508997075648169f,0.21895867424604734f,-0.29672174714771954f,0f,0f,0f,1f],start_interpolation:0}