execute if entity @s[tag=aj.dino.bone.head_lower] run data modify entity @s {} merge value {transformation:[-0.8272439136192169f,-0.00817032732783829f,-0.561783546511748f,-0.6541314684094619f,-0.23488679875785934f,0.9133503548200452f,0.3325948302655682f,0.1423780882133906f,0.5103877929077519f,0.40709258787338937f,-0.7574826240576746f,0.09302941800058903f,0f,0f,0f,1f],start_interpolation:0}
execute if entity @s[tag=aj.dino.bone.head_upper] run data modify entity @s {} merge value {transformation:[-0.8610778450012789f,0.21592093867841694f,-0.5435025627094059f,-0.6870179587985875f,-0.24449357095755633f,0.7458536481906569f,0.6836645170144615f,0.20618016760554392f,0.5312624409760986f,0.6932188877291401f,-0.5662859128454445f,0.06972212500204071f,0f,0f,0f,1f],start_interpolation:0}
execute if entity @s[tag=aj.dino.bone.neck_0] run data modify entity @s {} merge value {transformation:[-0.959264274432874f,-0.28155320113169324f,0.023234601982128844f,-0.6806354672342487f,-0.2730033722308883f,0.9449992170740507f,0.18012672894380288f,0.20257660468467525f,-0.07267193782564763f,0.16644601125268024f,-0.9833689616775272f,0.003457395394176374f,0f,0f,0f,1f],start_interpolation:0}
execute if entity @s[tag=aj.dino.bone.neck_1] run data modify entity @s {} merge value {transformation:[-0.9202469167752887f,-0.27491446831357097f,0.27850968973707413f,-0.6583085376650528f,-0.11180216572863695f,0.866715197942975f,0.4861121695586893f,0.24774953424604523f,-0.3750278495044884f,0.41620523875431453f,-0.8283280215769009f,-0.064795454329384f,0f,0f,0f,1f],start_interpolation:0}
execute if entity @s[tag=aj.dino.bone.neck_2] run data modify entity @s {} merge value {transformation:[-0.7165324778383595f,-0.37280658114254156f,0.5895731178230825f,-0.6103075201788658f,-0.02529764884673763f,0.8585331514988044f,0.5121336317216025f,0.3010218575234886f,-0.6970948552138712f,0.35204556641767304f,-0.6245980163273109f,-0.11606817892107088f,0f,0f,0f,1f],start_interpolation:0}
execute if entity @s[tag=aj.dino.bone.body_0] run data modify entity @s {} merge value {transformation:[-0.47421405190312005f,-0.11564435932542785f,0.8727814246040277f,-0.20007056477135365f,0.149844264744906f,0.9662703557482626f,0.20944759708620325f,0.40893865757817394f,-0.8675642508198936f,0.2301042845284227f,-0.4408903366382384f,-0.3216661102994214f,0f,0f,0f,1f],start_interpolation:0}
execute if entity @s[tag=aj.dino.bone.leg_left_3] run data modify entity @s {} merge value {transformation:[0.015665778024982896f,-0.09621168395818189f,0.9952376074429679f,0.04177753171650979f,-0.0690280983086547f,0.9928808878450959f,0.09707040844575177f,0.013129338937962531f,-0.997491706753877f,-0.070220042878549f,0.008912942015522618f,0.059880572453249334f,0f,0f,0f,1f],start_interpolation:0}
execute if entity @s[tag=aj.dino.bone.leg_left_2] run data modify entity @s {} merge value {transformation:[0.2755022754142228f,-0.14662128509687494f,0.9770685208821442f,0.03822352500716922f,-0.24598890095663237f,0.9722226485138982f,0.21525515516118074f,0.24602375331484874f,-0.9568961053052877f,-0.29214297864890865f,0.22597460737527442f,-0.002718411998359968f,0f,0f,0f,1f],start_interpolation:0}
execute if entity @s[tag=aj.dino.bone.leg_left_1] run data modify entity @s {} merge value {transformation:[0.29890687123698645f,-0.9477154473602201f,-0.11175917484543929f,-0.21926677555345528f,0.15593677648151782f,-0.06703169360251121f,0.9854899663585277f,0.1724410663110743f,-0.9414554711019893f,-0.31199708794730274f,0.12774745807464932f,-0.0755038428912898f,0f,0f,0f,1f],start_interpolation:0}
execute if entity @s[tag=aj.dino.bone.leg_left_0] run data modify entity @s {} merge value {transformation:[0.2767099325845068f,0.4013464477309854f,0.8731280788651785f,-0.10058857872986622f,0.103728868952676f,0.8908220355968758f,-0.4423532780943725f,0.5702782098154501f,-0.9553386493568007f,0.21297213383153724f,0.2048680923334953f,-0.11964420323682023f,0f,0f,0f,1f],start_interpolation:0}
execute if entity @s[tag=aj.dino.bone.leg_right_3] run data modify entity @s {} merge value {transformation:[0.48649914758756146f,-0.08685062389747206f,0.8693535233293734f,-0.11790785883599267f,0.12339541124810428f,0.9919027949786573f,0.030040269579983903f,0.03094432193019725f,-0.8649232057700194f,0.0926596699872538f,0.4932768326998195f,-0.706288333035394f,0f,0f,0f,1f],start_interpolation:0}
execute if entity @s[tag=aj.dino.bone.leg_right_2] run data modify entity @s {} merge value {transformation:[0.5109459090009041f,0.14699023193117342f,0.8771489892217589f,-0.057329486947576724f,0.25268867115147386f,0.9459143643309216f,-0.3057068045118135f,0.24159586157235774f,-0.8527279243977158f,0.3683776412459661f,0.4349887353519812f,-0.6056540358412881f,0f,0f,0f,1f],start_interpolation:0}
execute if entity @s[tag=aj.dino.bone.leg_right_1] run data modify entity @s {} merge value {transformation:[0.33209479714178236f,-0.8614749239737602f,0.38415361650746166f,-0.30512549449904025f,-0.09785595089060325f,0.37360405145421505f,0.9224121777233276f,0.2922222619431255f,-0.9381563081846512f,-0.34392000247353993f,0.03977151382517302f,-0.7198796541885719f,0f,0f,0f,1f],start_interpolation:0}
execute if entity @s[tag=aj.dino.bone.leg_right_0] run data modify entity @s {} merge value {transformation:[0.3812186597636512f,0.8362768933278112f,0.3940980729894402f,-0.053184491359486025f,-0.07085008164735798f,0.45146369271097114f,-0.889472203103805f,0.5501283143302326f,-0.9217660220351844f,0.31116152051588636f,0.23135667003929963f,-0.5093624870891f,0f,0f,0f,1f],start_interpolation:0}
execute if entity @s[tag=aj.dino.bone.tail_4] run data modify entity @s {} merge value {transformation:[0.8747390815717211f,-0.8401189514139323f,-2.4808653768889237f,-0.17869517636474985f,-2.5411976737987443f,-0.9059842323206784f,-0.5892098820167267f,0.22011321585437255f,-0.6346709804701289f,2.4696262976129537f,-1.0600943487669474f,0.4408059792374773f,0f,0f,0f,1f],start_interpolation:0}
execute if entity @s[tag=aj.dino.bone.tail_3] run data modify entity @s {} merge value {transformation:[0.8576059874430053f,0.05309948120450524f,-1.8967440368806137f,0.14240289965915554f,-1.8397099441835723f,-0.4864661614464179f,-0.8454368817860454f,0.36822852191973976f,-0.46467711114109217f,2.0239754556090457f,-0.15344074921013995f,0.4470176712512999f,0f,0f,0f,1f],start_interpolation:0}
execute if entity @s[tag=aj.dino.bone.tail_2] run data modify entity @s {} merge value {transformation:[1.1145172967705672f,0.628342140706673f,-1.477095536657721f,0.41796537381651977f,-1.5733752994392878f,0.07139834231936472f,-1.1567913895042428f,0.5821270795866045f,-0.31798622189701287f,1.849016578056827f,0.5466226593889623f,0.34560655828310677f,0f,0f,0f,1f],start_interpolation:0}
execute if entity @s[tag=aj.dino.bone.tail_1] run data modify entity @s {} merge value {transformation:[1.3806987070880297f,0.5582768239183931f,-0.2639210452408747f,0.4666147999903052f,-0.6153783717382895f,1.297674844886695f,-0.4743476642137334f,0.6689265854159318f,0.05134968200656843f,0.540391742001934f,1.4117351824382431f,0.03516210895348176f,0f,0f,0f,1f],start_interpolation:0}
execute if entity @s[tag=aj.dino.bone.tail_0] run data modify entity @s {} merge value {transformation:[1.0743940337564233f,-0.06838290938966508f,0.6890841418259707f,0.26359819652618005f,0.04754899560425346f,1.2762511354637487f,0.052515224730993355f,0.6843786295227579f,-0.6908344735388183f,-0.01850766097930501f,1.075286433114194f,-0.2795082016123422f,0f,0f,0f,1f],start_interpolation:0}
execute if entity @s[tag=aj.dino.bone.body_1] run data modify entity @s {} merge value {transformation:[0.14909121039893294f,-0.43289755510828687f,1.148466853165253f,0.025754463014931662f,-0.06337369779594546f,1.1526507048933927f,0.44270161733687324f,0.5038175f,-1.2257080323085507f,-0.11225263625538111f,0.11680650771368782f,-0.299103066805228f,0f,0f,0f,1f],start_interpolation:0}