execute if entity @s[tag=aj.dino.bone.head_lower] run data modify entity @s {} merge value {transformation:[-0.955192789718791f,0.03398996415772096f,-0.29402621788845723f,-0.6659009112498463f,-0.07743993163217805f,0.9300824567436756f,0.3590956427561497f,0.15192313913873423f,0.28567427510722304f,0.3657749389914591f,-0.885775876024944f,0.1304204734181485f,0f,0f,0f,1f],start_interpolation:0}
execute if entity @s[tag=aj.dino.bone.head_upper] run data modify entity @s {} merge value {transformation:[-0.9942597768212939f,0.14980792770919651f,-0.2692155708243011f,-0.681404672700169f,-0.08060719256929597f,0.7513881369009134f,0.7158144248436027f,0.21811669897690542f,0.2973582339281605f,0.7045888127862644f,-0.7061194149682297f,0.09765612528425757f,0f,0f,0f,1f],start_interpolation:0}
execute if entity @s[tag=aj.dino.bone.neck_0] run data modify entity @s {} merge value {transformation:[-0.9737431155173912f,-0.22317932733474705f,0.044892458530297136f,-0.674564582470157f,-0.20466450980482864f,0.9445867284443705f,0.2566483019096567f,0.21944577791091263f,-0.09968341591676003f,0.24072162407472045f,-0.9654617114593386f,0.03135240767257793f,0f,0f,0f,1f],start_interpolation:0}
execute if entity @s[tag=aj.dino.bone.neck_1] run data modify entity @s {} merge value {transformation:[-0.9520203458152579f,-0.15143499625985654f,0.2659411646616111f,-0.652733517443927f,0.010517198724450116f,0.8522874079191034f,0.5229680323246596f,0.26767441575659284f,-0.3058539679075412f,0.5006731630618053f,-0.8098022808716332f,-0.03494193549410544f,0f,0f,0f,1f],start_interpolation:0}
execute if entity @s[tag=aj.dino.bone.neck_2] run data modify entity @s {} merge value {transformation:[-0.7558367270397051f,-0.2533426183040368f,0.6037618403052329f,-0.6023198345917193f,0.10986418425348585f,0.8599666674265556f,0.4983845823594265f,0.3197562542089195f,-0.6454771127439164f,0.44302917360611704f,-0.622161111174315f,-0.08511038253847186f,0f,0f,0f,1f],start_interpolation:0}
execute if entity @s[tag=aj.dino.bone.body_0] run data modify entity @s {} merge value {transformation:[-0.5652659952428731f,-0.004792138462172801f,0.824894775126527f,-0.21359567153901918f,0.2402319575689168f,0.9556828954976532f,0.17017288213998075f,0.4090621695964189f,-0.7891533191875266f,0.2943590302032213f,-0.5390638182563626f,-0.3363650008819037f,0f,0f,0f,1f],start_interpolation:0}
execute if entity @s[tag=aj.dino.bone.leg_left_3] run data modify entity @s {} merge value {transformation:[0.09524959790306917f,-0.016857766241292954f,0.9953106700004064f,-0.007097613860521001f,-0.039647480951440245f,0.998998993712639f,0.020714434951029564f,0.011418057216581373f,-0.9946635568640829f,-0.04143460242948118f,0.0944858844907644f,0.04758100903523152f,0f,0f,0f,1f],start_interpolation:0}
execute if entity @s[tag=aj.dino.bone.leg_left_2] run data modify entity @s {} merge value {transformation:[0.3479872685624902f,-0.10640591538902403f,0.958981147671494f,-0.001724005484601887f,-0.22263480377294592f,0.9830799452800266f,0.18986775618281418f,0.24609493840285845f,-0.9388294864181105f,-0.27256889378492644f,0.3104313016972716f,-0.007817166347355756f,0f,0f,0f,1f],start_interpolation:0}
execute if entity @s[tag=aj.dino.bone.leg_left_1] run data modify entity @s {} merge value {transformation:[0.3614980331923676f,-0.9215069506539604f,-0.1419299541833549f,-0.25174067361981484f,0.17933326294351826f,-0.08066167945040636f,0.9804760447202527f,0.16860937413206184f,-0.9149637986281647f,-0.37989292355172843f,0.13609780981059125f,-0.10001824358601227f,0f,0f,0f,1f],start_interpolation:0}
execute if entity @s[tag=aj.dino.bone.leg_left_0] run data modify entity @s {} merge value {transformation:[0.33996357745944017f,0.39157614318692024f,0.8550397008840207f,-0.12807125178373388f,0.127696849010014f,0.8815512698786832f,-0.45448968451241567f,0.5665813849117127f,-0.9317286518906096f,0.2636958146466075f,0.24969228378940583f,-0.12514654044799756f,0f,0f,0f,1f],start_interpolation:0}
execute if entity @s[tag=aj.dino.bone.leg_right_3] run data modify entity @s {} merge value {transformation:[0.5353173945288775f,-0.030869629579274804f,0.8440866976113608f,-0.09863796174112666f,0.014705811210251673f,0.9995210800983407f,0.027227735045279533f,0.010196526134441747f,-0.8445229577882787f,-0.002162500563204356f,0.5355149833196562f,-0.683658921467926f,0f,0f,0f,1f],start_interpolation:0}
execute if entity @s[tag=aj.dino.bone.leg_right_2] run data modify entity @s {} merge value {transformation:[0.5527537733679329f,0.12181819494102293f,0.8553863413157341f,-0.044664578237989166f,0.22073972018981658f,0.9618459215228577f,-0.2796222428224578f,0.22541738332764089f,-0.8353439061001932f,0.33477597006334076f,0.4921258049626291f,-0.5891183028520977f,0f,0f,0f,1f],start_interpolation:0}
execute if entity @s[tag=aj.dino.bone.leg_right_1] run data modify entity @s {} merge value {transformation:[0.38088668171806705f,-0.8378208106013403f,0.3911286553208719f,-0.28543271140321225f,-0.133606043835861f,0.36870464559283145f,0.9198947273295981f,0.27413429891593544f,-0.914917898360465f,-0.4026328024907784f,0.02849676504609011f,-0.7182335763384752f,0f,0f,0f,1f],start_interpolation:0}
execute if entity @s[tag=aj.dino.bone.leg_right_0] run data modify entity @s {} merge value {transformation:[0.42797798320430713f,0.8004707597563483f,0.41962055319951685f,-0.05506501896539631f,-0.10357819308514964f,0.5046723200920903f,-0.8570749134411081f,0.5540999274441547f,-0.8978342852718364f,0.32334565422773454f,0.2988999566451108f,-0.5112136456841342f,0f,0f,0f,1f],start_interpolation:0}
execute if entity @s[tag=aj.dino.bone.tail_4] run data modify entity @s {} merge value {transformation:[0.676126632133523f,-0.8047994725709621f,-2.553588047800443f,-0.15475662533192597f,-2.569244172584207f,-0.9360677208518362f,-0.38525697296914113f,0.17892484029676795f,-0.7533249568160326f,2.470169298353607f,-0.9779705918428082f,0.5124830797537813f,0f,0f,0f,1f],start_interpolation:0}
execute if entity @s[tag=aj.dino.bone.tail_3] run data modify entity @s {} merge value {transformation:[0.7715383813177719f,0.2453877361544589f,-1.9184522175813983f,0.16814066439870173f,-1.8239509721649254f,-0.5947193236550435f,-0.8096031764107376f,0.32202341631166176f,-0.6433326537154954f,1.9804139241736112f,-0.0054140231899458f,0.4940211930167674f,0f,0f,0f,1f],start_interpolation:0}
execute if entity @s[tag=aj.dino.bone.tail_2] run data modify entity @s {} merge value {transformation:[1.0703849291989282f,0.8831989978321492f,-1.3758668207987532f,0.4249129518419267f,-1.5477620482053074f,0.017543079217099803f,-1.1928532003183254f,0.5426319104201031f,-0.5267661914757764f,1.7431080418616183f,0.7091301776953481f,0.36222070478732166f,0f,0f,0f,1f],start_interpolation:0}
execute if entity @s[tag=aj.dino.bone.tail_1] run data modify entity @s {} merge value {transformation:[1.3854995999065685f,0.5910335591882936f,-0.1368445854681752f,0.44581193778066985f,-0.5951480372640444f,1.257986057168461f,-0.5923901954881649f,0.6552986789121805f,-0.11766869761960791f,0.5964953158935684f,1.384920093621844f,0.0570222305724053f,0f,0f,0f,1f],start_interpolation:0}
execute if entity @s[tag=aj.dino.bone.tail_0] run data modify entity @s {} merge value {transformation:[1.0803998920897724f,-0.05150803047685867f,0.6811157849828695f,0.24553109427606729f,0.0569967569659758f,1.2769295955289055f,0.006155838023785953f,0.6843143857571907f,-0.6806784552575447f,0.025168381807510038f,1.0816094996297978f,-0.2584418462765294f,0f,0f,0f,1f],start_interpolation:0}
execute if entity @s[tag=aj.dino.bone.body_1] run data modify entity @s {} merge value {transformation:[0.22961285031200374f,-0.42775085446059474f,1.1370627689516872f,0.009991983786544551f,-0.039255593865599445f,1.1539772006572964f,0.44204096390454467f,0.5038175f,-1.2142246630579145f,-0.11819653940632496f,0.20073026864554488f,-0.297147446243347f,0f,0f,0f,1f],start_interpolation:0}