execute if entity @s[tag=aj.dino.bone.head_lower] run data modify entity @s {} merge value {transformation:[-0.9431388571022497f,0.020856425569826212f,-0.33174403647437734f,-0.21850830701879562f,-0.017733575479986944f,0.9934511187433266f,0.11287335809804105f,0.30359957430111323f,0.33192561896388506f,0.11233825786473339f,-0.936592493721447f,0.6098938074960742f,0f,0f,0f,1f],start_interpolation:0}
execute if entity @s[tag=aj.dino.bone.head_upper] run data modify entity @s {} merge value {transformation:[-0.981712843383208f,0.16145988559748234f,-0.3060106878244818f,-0.23628309033612446f,-0.01845887132812863f,0.8948605570444786f,0.5313716177016273f,0.36031906082014015f,0.34550123847716674f,0.5065838838459046f,-0.841114501968579f,0.5633920503374807f,0f,0f,0f,1f],start_interpolation:0}
execute if entity @s[tag=aj.dino.bone.neck_0] run data modify entity @s {} merge value {transformation:[-0.9682930710388622f,-0.041560516636311155f,-0.24633564913558936f,-0.25122413047901837f,-0.02419685592841618f,0.9970309433620137f,-0.07310136894636543f,0.33941632620428897f,0.24864239530158308f,-0.06482300082205433f,-0.9664237879021375f,0.5018731324396127f,0f,0f,0f,1f],start_interpolation:0}
execute if entity @s[tag=aj.dino.bone.neck_1] run data modify entity @s {} merge value {transformation:[-0.9509806451186371f,0.3034910265063766f,-0.059405466413846926f,-0.2548584079582813f,0.2540055480313253f,0.8761227451989366f,0.4097439650737828f,0.3781632059073683f,0.17640009687935798f,0.3745692621868286f,-0.9102641779427377f,0.42648740312026434f,0f,0f,0f,1f],start_interpolation:0}
execute if entity @s[tag=aj.dino.bone.neck_2] run data modify entity @s {} merge value {transformation:[-0.9801473722956878f,0.19084014357712803f,0.05376958416539706f,-0.24827934483280145f,0.1963204272385629f,0.8961976672641263f,0.3978542836758284f,0.42179256035055634f,0.027738392720679524f,0.400511898437237f,-0.9158716071477889f,0.35017144310270143f,0f,0f,0f,1f],start_interpolation:0}
execute if entity @s[tag=aj.dino.bone.body_0] run data modify entity @s {} merge value {transformation:[-0.9787264029210574f,0.19795433821091574f,0.05393244115267298f,-0.22097542504981926f,0.20461540157832964f,0.9610656317025819f,0.18570242054711122f,0.5184687662443395f,-0.015072015862087451f,0.19278727018036146f,-0.9811248150945207f,-0.11039246330073388f,0f,0f,0f,1f],start_interpolation:0}
execute if entity @s[tag=aj.dino.bone.leg_left_3] run data modify entity @s {} merge value {transformation:[-0.8562189142199141f,-0.14601215232624543f,0.49554981818695987f,0.30489442734924654f,-0.11100735979725906f,0.9888208391304112f,0.09955256989285094f,0.03721800549534274f,-0.5045458720502165f,0.030229116336512846f,-0.8628555287663169f,-0.4721403197003434f,0f,0f,0f,1f],start_interpolation:0}
execute if entity @s[tag=aj.dino.bone.leg_left_2] run data modify entity @s {} merge value {transformation:[-0.8770889473910964f,-0.23910036939788762f,0.47498230621662824f,0.26247886242416346f,-0.11209202845127139f,0.9787137797875708f,0.28568674087591095f,0.27400986931888954f,-0.5198197331986852f,0.19238646030429052f,-0.8630394512242924f,-0.4547735368931409f,0f,0f,0f,1f],start_interpolation:0}
execute if entity @s[tag=aj.dino.bone.leg_left_1] run data modify entity @s {} merge value {transformation:[-0.829065282849578f,-0.5345236232898103f,0.1641196299005168f,0.1250725613919897f,0.2859985465275945f,-0.1531626216144254f,0.9459101663077206f,0.17653700349714913f,-0.4804743366275174f,0.8311592551883964f,0.2798547915562958f,-0.23424704296345836f,0f,0f,0f,1f],start_interpolation:0}
execute if entity @s[tag=aj.dino.bone.leg_left_0] run data modify entity @s {} merge value {transformation:[-0.8392078699685557f,0.15698781734997327f,0.5206582143657502f,0.04674682823892866f,0.2298300261556212f,0.9701048336247298f,0.07794081636242893f,0.577810449938318f,-0.4928572917794221f,0.18507143750894375f,-0.8502001252400677f,-0.14967766746786343f,0f,0f,0f,1f],start_interpolation:0}
execute if entity @s[tag=aj.dino.bone.leg_right_3] run data modify entity @s {} merge value {transformation:[-0.6884866611015301f,-0.3806709320983554f,0.6173133393509622f,-0.1670944259807675f,0.4242224904490703f,0.4789911338393145f,0.7685068459685419f,0.3593675512282998f,-0.588235833728663f,0.7909849146214465f,-0.16828983557793248f,-0.7827073625955092f,0f,0f,0f,1f],start_interpolation:0}
execute if entity @s[tag=aj.dino.bone.leg_right_2] run data modify entity @s {} merge value {transformation:[-0.7230376987557845f,-0.15805638120832816f,0.7101386245219743f,-0.1808689696649475f,0.4949437825047506f,0.6269282219038302f,0.6434701673279705f,0.5246218748176422f,-0.5332066558460461f,0.7962671564497206f,-0.3656657999070279f,-0.6075721504097893f,0f,0f,0f,1f],start_interpolation:0}
execute if entity @s[tag=aj.dino.bone.leg_right_1] run data modify entity @s {} merge value {transformation:[-0.6561144913747344f,-0.6827247882326606f,-0.3215596954544246f,-0.36235656924736936f,0.15707589042233744f,-0.5403125059137621f,0.8266737933436747f,0.33712043828465177f,-0.7381334153498968f,0.49188337996506803f,0.4617464690260632f,-0.5131324968968656f,0f,0f,0f,1f],start_interpolation:0}
execute if entity @s[tag=aj.dino.bone.leg_right_0] run data modify entity @s {} merge value {transformation:[-0.6495555996710659f,0.14246255861069312f,0.7468480048377024f,-0.2916917507734726f,0.21445668189780126f,0.9767334791528973f,0.00020564839398734547f,0.6956649202504855f,-0.7294421529671473f,0.16030012506536453f,-0.6649947483842871f,-0.31124238706887986f,0f,0f,0f,1f],start_interpolation:0}
execute if entity @s[tag=aj.dino.bone.tail_4] run data modify entity @s {} merge value {transformation:[-1.6207324656892828f,0.5476505394604064f,2.167709965122055f,1.1490348827378851f,-0.05634575689944292f,2.666483257430618f,-0.7157887433605151f,0.4162486570632162f,-2.2351091163386556f,-0.46433528411151653f,-1.553815083460355f,-1.3660166367192907f,0f,0f,0f,1f],start_interpolation:0}
execute if entity @s[tag=aj.dino.bone.tail_3] run data modify entity @s {} merge value {transformation:[-1.188979447336672f,0.13731623799884626f,1.7039417979019322f,0.8587655743053297f,-0.2867599502502318f,2.0301323451905904f,-0.3636989386675201f,0.45805211810296204f,-1.6852424546004978f,-0.442326166801423f,-1.1402854718969688f,-1.168337850143821f,0f,0f,0f,1f],start_interpolation:0}
execute if entity @s[tag=aj.dino.bone.tail_2] run data modify entity @s {} merge value {transformation:[-1.1396689871865096f,0.013875515996562162f,1.58736761485923f,0.5628379809143003f,-0.42864779630622973f,1.8788147885137194f,-0.3241757735962653f,0.5184457943082896f,-1.528459859260251f,-0.5372488580916234f,-1.0926792750446757f,-0.9664692113874749f,0f,0f,0f,1f],start_interpolation:0}
execute if entity @s[tag=aj.dino.bone.tail_1] run data modify entity @s {} merge value {transformation:[-0.7412890293059378f,0.2468122978178942f,1.2950793468650914f,0.2818425360408631f,0.1319786627775895f,1.4921884584524012f,-0.20883363482180267f,0.5450179114663958f,-1.3117653973184764f,0.010655707733318472f,-0.7528706716897677f,-0.80333687385459f,0f,0f,0f,1f],start_interpolation:0}
execute if entity @s[tag=aj.dino.bone.tail_0] run data modify entity @s {} merge value {transformation:[-0.8404226151012335f,0.46837159988371574f,0.8415186207285019f,0.04723387738750899f,0.26908914808510687f,1.1865928406229076f,-0.391693984571269f,0.6881145965471877f,-0.9247251348337316f,-0.08038153761190918f,-0.8787820833414333f,-0.548476073996032f,0f,0f,0f,1f],start_interpolation:0}
execute if entity @s[tag=aj.dino.bone.body_1] run data modify entity @s {} merge value {transformation:[-1.0644275671085264f,0.2415150600535405f,0.5807486764539448f,-0.10404980809975493f,0.3706656240943733f,1.1631552618500869f,0.1956564003589822f,0.5642804629629625f,-0.5081392964044432f,0.3425564298827865f,-1.0738035867195672f,-0.32190538817841324f,0f,0f,0f,1f],start_interpolation:0}