execute if entity @s[tag=aj.dino.bone.head_lower] run data modify entity @s {} merge value {transformation:[0.6297601444692266f,0.23402452176498434f,-0.740698780646201f,0.8136284656311097f,-0.4947072553682081f,0.8559884214642418f,-0.15016175879767119f,0.3392591538058933f,0.5988880462358164f,0.46099495174223504f,0.6548410208165192f,-0.5021554234055746f,0f,0f,0f,1f],start_interpolation:0}
execute if entity @s[tag=aj.dino.bone.head_upper] run data modify entity @s {} merge value {transformation:[0.6555170719779578f,0.7328855106562316f,-0.34153790301971837f,0.8067439840496492f,-0.5149405759847447f,0.7173842156658928f,0.5510608250469619f,0.3931966559544394f,0.6233823177901754f,-0.17807486618580795f,0.8143437667735675f,-0.4498218178817147f,0f,0f,0f,1f],start_interpolation:0}
execute if entity @s[tag=aj.dino.bone.neck_0] run data modify entity @s {} merge value {transformation:[0.5794567989788098f,0.5186377840426736f,-0.6286848710447359f,0.7574863408447357f,-0.4798757709882827f,0.8406144192836881f,0.25117054467184086f,0.3959481259991821f,0.6587481024911058f,0.1561481573879525f,0.7359814470546895f,-0.40497931290276423f,0f,0f,0f,1f],start_interpolation:0}
execute if entity @s[tag=aj.dino.bone.neck_1] run data modify entity @s {} merge value {transformation:[0.5804989233721694f,0.44851506566347343f,-0.6795993200678192f,0.701981611537044f,-0.21430094718684717f,0.8893509215382399f,0.40389360281379f,0.4342603437877085f,0.78555464736616f,-0.08882102359224078f,0.6123844558522484f,-0.35351149929915726f,0f,0f,0f,1f],start_interpolation:0}
execute if entity @s[tag=aj.dino.bone.neck_2] run data modify entity @s {} merge value {transformation:[0.44835200242648565f,0.34383113348225625f,-0.8250821980678454f,0.6330645445610649f,-0.30263633254664674f,0.9269338671241614f,0.22182167658045274f,0.46276884821154307f,0.8410658310399227f,0.15024565759633246f,0.5196484486944704f,-0.30651539893875235f,0f,0f,0f,1f],start_interpolation:0}
execute if entity @s[tag=aj.dino.bone.body_0] run data modify entity @s {} merge value {transformation:[0.4949365579360939f,0.15868460175929036f,-0.8543166864710456f,0.23193996310234477f,-0.28647330010404365f,0.958013306815499f,0.011981330974946663f,0.4775418788340954f,0.8203480066080919f,0.2388089217950788f,0.5196147100739179f,-0.05934798114482728f,0f,0f,0f,1f],start_interpolation:0}
execute if entity @s[tag=aj.dino.bone.leg_left_3] run data modify entity @s {} merge value {transformation:[0.09058228873353417f,0.22247523275911174f,-0.9707211853959782f,-0.4434114337917302f,-0.07808480042337604f,0.973314149237496f,0.2157830642959056f,0.07549810449885386f,0.9928230521652065f,0.05625244619452946f,0.10553695744380445f,-0.4509559269358193f,0f,0f,0f,1f],start_interpolation:0}
execute if entity @s[tag=aj.dino.bone.leg_left_2] run data modify entity @s {} merge value {transformation:[0.027796970752699924f,0.16075042463137404f,-1.012644473099271f,-0.4371928695799551f,-0.3074967295156094f,0.9676943864106706f,0.14517415523148205f,0.30507574884469996f,0.9781284625522724f,0.2996482521070383f,0.0744166329191202f,-0.3772910999030225f,0f,0f,0f,1f],start_interpolation:0}
execute if entity @s[tag=aj.dino.bone.leg_left_1] run data modify entity @s {} merge value {transformation:[-0.05940921089393341f,0.99529961146853f,-0.07648025282092885f,-0.1615616708824304f,0.08551138780049962f,0.08140814852343764f,0.9930057985280945f,0.27282348227902664f,0.9945644012417663f,0.05245375834560357f,-0.08994584491808563f,-0.3780780342764141f,0f,0f,0f,1f],start_interpolation:0}
execute if entity @s[tag=aj.dino.bone.leg_left_0] run data modify entity @s {} merge value {transformation:[-0.08562058930620065f,0.43316575650051903f,-0.8972382861214695f,0.07159849970188867f,0.03333263431332033f,0.9012865046810592f,0.43193931514685435f,0.5954110688422167f,0.9957700789723467f,0.007075583024193172f,-0.09160723742300257f,-0.2520587404643923f,0f,0f,0f,1f],start_interpolation:0}
execute if entity @s[tag=aj.dino.bone.leg_right_3] run data modify entity @s {} merge value {transformation:[-0.4257932721737679f,0.04371572813367394f,-0.9037638101214822f,0.12142769334378062f,0.044519138343619584f,0.9986346197742301f,0.027330248983878175f,0.021079767243302322f,0.9037245906207805f,-0.028597749948585674f,-0.42715808900825125f,0.2886414571395911f,0f,0f,0f,1f],start_interpolation:0}
execute if entity @s[tag=aj.dino.bone.leg_right_2] run data modify entity @s {} merge value {transformation:[-0.4460019962192814f,-0.08280313640267234f,-0.9199391607443349f,0.07438807968867955f,0.18295083042360244f,0.9934115968979932f,-0.17811398680785226f,0.24685422217795872f,0.9053581680840047f,-0.24153517187182888f,-0.41719245886415046f,0.21804229062784486f,0f,0f,0f,1f],start_interpolation:0}
execute if entity @s[tag=aj.dino.bone.leg_right_1] run data modify entity @s {} merge value {transformation:[-0.2783263361651352f,0.887289248188124f,-0.3677665572705684f,0.3293987567667394f,-0.17976528386147647f,0.32800816266890753f,0.9274131161142645f,0.2831971378590986f,0.9435141192982197f,0.3242351542820761f,0.0682104934198795f,0.3212998942982222f,0f,0f,0f,1f],start_interpolation:0}
execute if entity @s[tag=aj.dino.bone.leg_right_0] run data modify entity @s {} merge value {transformation:[-0.33257582178195677f,-0.9225508146878177f,-0.19568678311245244f,0.021775912744158573f,-0.1639878108189623f,0.26090886313515893f,-0.9513330452792667f,0.4821506779766358f,0.9287094920742764f,-0.2843001221532674f,-0.23805906803727706f,0.12106764595992002f,0f,0f,0f,1f],start_interpolation:0}
execute if entity @s[tag=aj.dino.bone.tail_4] run data modify entity @s {} merge value {transformation:[-0.23029897102095492f,-2.119038943251766f,1.7556473656543705f,-0.8871666620276917f,2.6791819874004523f,0.2295144892612782f,0.6284650421527785f,0.33211136701697697f,-0.6281779954245839f,1.7557500926389196f,2.0367609947813654f,0.9402834587413524f,0f,0f,0f,1f],start_interpolation:0}
execute if entity @s[tag=aj.dino.bone.tail_3] run data modify entity @s {} merge value {transformation:[-0.3166851835962871f,-2.0206416353384875f,0.39072164269673393f,-0.9336450491170587f,2.0505777715714752f,-0.2760905163476481f,0.23420152767284488f,0.29510120508793725f,-0.17546174304386514f,0.42038902740668316f,2.031854268496763f,0.5916422235405764f,0f,0f,0f,1f],start_interpolation:0}
execute if entity @s[tag=aj.dino.bone.tail_2] run data modify entity @s {} merge value {transformation:[0.5828613034440105f,-1.8279985075044134f,-0.3707668168970394f,-0.8647242913104455f,1.800175786927549f,0.6529974739293332f,-0.38953216838210464f,0.3690008980165241f,0.4882762661753118f,-0.2253655488452557f,1.8787151280293533f,0.2427006116660919f,0f,0f,0f,1f],start_interpolation:0}
execute if entity @s[tag=aj.dino.bone.tail_1] run data modify entity @s {} merge value {transformation:[0.4600562516847645f,-1.0816738957402672f,-0.951833009807833f,-0.6471176260962344f,1.1378427448432578f,0.8857215411112517f,-0.4565824017842455f,0.4553382429548413f,0.8839221590690698f,-0.5771786420906294f,1.0831448111038022f,0.01583087123740365f,0f,0f,0f,1f],start_interpolation:0}
execute if entity @s[tag=aj.dino.bone.tail_0] run data modify entity @s {} merge value {transformation:[0.512380095361988f,0.10244882561343725f,-1.1665361514292196f,-0.3037563771673037f,-0.10995135265100016f,1.2718985230424593f,0.0634079152523841f,0.46750215343041057f,1.165852930052107f,0.07492731008694797f,0.5186603515558893f,-0.13392560881166982f,0f,0f,0f,1f],start_interpolation:0}
execute if entity @s[tag=aj.dino.bone.body_1] run data modify entity @s {} merge value {transformation:[-0.15669766483840009f,-0.27497489026140415f,-1.195173312376147f,-0.007373813534330909f,-0.35621672520494047f,1.1631490464670862f,-0.22090390545037145f,0.44051287451658866f,1.173524640378169f,0.3163505974147788f,-0.22664247835931417f,-0.10254286506466763f,0f,0f,0f,1f],start_interpolation:0}