execute if entity @s[tag=aj.dino.bone.head_lower] run data modify entity @s {} merge value {transformation:[-0.293864912067764f,0.16984940859714676f,-0.9406352065783021f,0.9556365587066847f,-0.5084327167599907f,0.8055433414209128f,0.3042960690191149f,0.42592724431685797f,0.8094069347265692f,0.5676716511255695f,-0.15036392694030437f,0.04566047729255491f,0f,0f,0f,1f],start_interpolation:0}
execute if entity @s[tag=aj.dino.bone.head_upper] run data modify entity @s {} merge value {transformation:[-0.30588386452762223f,0.615873532837908f,-0.7814133320816257f,0.9155023045298819f,-0.529227403028509f,0.5915473887406175f,0.6733958607991024f,0.4854681338100244f,0.8425113411039965f,0.595183518763262f,0.13929523210517378f,0.06888935182041776f,0f,0f,0f,1f],start_interpolation:0}
execute if entity @s[tag=aj.dino.bone.neck_0] run data modify entity @s {} merge value {transformation:[-0.25201393731422117f,0.10952110436171382f,-0.9615061638381601f,0.8516332122796826f,-0.5995801258346036f,0.7622209035758086f,0.2439732912763991f,0.48906536917280824f,0.7596003212897852f,0.6379846564389055f,-0.12642361347860182f,0.05011343087956506f,0f,0f,0f,1f],start_interpolation:0}
execute if entity @s[tag=aj.dino.bone.neck_1] run data modify entity @s {} merge value {transformation:[-0.27483705304113815f,0.23584937098071604f,-0.9321156947952671f,0.7737573074829661f,-0.4681365201159547f,0.8139556052891197f,0.34398324254554474f,0.5219550563255906f,0.8398290259388438f,0.530896738383674f,-0.11329545606152833f,0.0429615936599341f,0f,0f,0f,1f],start_interpolation:0}
execute if entity @s[tag=aj.dino.bone.neck_2] run data modify entity @s {} merge value {transformation:[-0.2500602504986744f,0.08574522161496215f,-0.9644260614949917f,0.6901058506109176f,-0.5380933935258184f,0.8157763854940245f,0.2120480811376828f,0.5485190192680877f,0.8049381162328001f,0.5719760885216317f,-0.15785431003012063f,0.034732375585652425f,0f,0f,0f,1f],start_interpolation:0}
execute if entity @s[tag=aj.dino.bone.body_0] run data modify entity @s {} merge value {transformation:[-0.047204386072820625f,-0.11567458774919079f,-0.9921648732365721f,0.22140032143125007f,-0.5092980633810549f,0.8572530510464235f,-0.07571452375802856f,0.5210014550279238f,0.8592946110454754f,0.5017335908833022f,-0.09937894750676352f,-0.007324910083080033f,0f,0f,0f,1f],start_interpolation:0}
execute if entity @s[tag=aj.dino.bone.leg_left_3] run data modify entity @s {} merge value {transformation:[-0.37737457169890004f,-0.06629689692912846f,-0.9236845533474294f,-0.04575870558721007f,-0.1365024872292916f,0.990521176212849f,-0.015325483813941526f,0.03363542295188224f,0.9159451422521376f,0.12030179105683664f,-0.38284719595842454f,-0.5860220050971046f,0f,0f,0f,1f],start_interpolation:0}
execute if entity @s[tag=aj.dino.bone.leg_left_2] run data modify entity @s {} merge value {transformation:[-0.35738213248277023f,-0.2667589178271728f,-0.9236773736767819f,-0.13704002501624296f,-0.3536721624611039f,0.9528077177248684f,-0.13833168127623033f,0.2509097706692339f,0.8940113043932097f,0.2702948987759437f,-0.42396539341501455f,-0.5347321365721235f,0f,0f,0f,1f],start_interpolation:0}
execute if entity @s[tag=aj.dino.bone.leg_left_1] run data modify entity @s {} merge value {transformation:[-0.49088958193786825f,0.857831688115235f,-0.15215851343329834f,0.11385232719277096f,0.025760743194956446f,0.18886500349980578f,0.9816651132453786f,0.24964161242521948f,0.8708408594312214f,0.4779694606545324f,-0.11481024443274623f,-0.4161370058227462f,0f,0f,0f,1f],start_interpolation:0}
execute if entity @s[tag=aj.dino.bone.leg_left_0] run data modify entity @s {} merge value {transformation:[-0.4918063321661271f,0.05014930939554653f,-0.8692592124380684f,0.14712062002498033f,-0.03053278474759611f,0.9967326444220626f,0.0747782361316389f,0.6313536080216564f,0.8701691104014541f,0.06331731446099038f,-0.4886682279344443f,-0.25031646525472995f,0f,0f,0f,1f],start_interpolation:0}
execute if entity @s[tag=aj.dino.bone.leg_right_3] run data modify entity @s {} merge value {transformation:[-0.7394308196128515f,0.03388344364321565f,-0.6723793388062606f,-0.020419534191476137f,0.03566665635089474f,0.9993017099707152f,0.011134723811206948f,0.04847401102121268f,0.6722871058048145f,-0.015748164860761193f,-0.7401229915845773f,0.27303646479690163f,0f,0f,0f,1f],start_interpolation:0}
execute if entity @s[tag=aj.dino.bone.leg_right_2] run data modify entity @s {} merge value {transformation:[-0.7206254655503872f,0.004301627352243586f,-0.7298922070436874f,-0.04085580688389198f,0.20490322913517764f,0.9856304522432032f,-0.19649294593325786f,0.271832643801107f,0.7005539269684804f,-0.2838596609482857f,-0.6933325953653553f,0.1843552831000322f,0f,0f,0f,1f],start_interpolation:0}
execute if entity @s[tag=aj.dino.bone.leg_right_1] run data modify entity @s {} merge value {transformation:[-0.5148137707712368f,0.7764527514705957f,-0.36343899922551254f,0.1791047451613436f,-0.1277690090229098f,0.34970873016760134f,0.928104996418976f,0.31506976910317874f,0.8477274690356588f,0.5242374736494001f,-0.08082827144069415f,0.34794407305623254f,0f,0f,0f,1f],start_interpolation:0}
execute if entity @s[tag=aj.dino.bone.leg_right_0] run data modify entity @s {} merge value {transformation:[-0.5601603597261926f,-0.7651963096914106f,-0.31732472173795323f,-0.030370983347200998f,-0.10128164396459327f,0.4434541491419112f,-0.8905562566197899f,0.5734577120346055f,0.8221693256180577f,-0.4667151435763259f,-0.32590577590659164f,0.09562905432382861f,0f,0f,0f,1f],start_interpolation:0}
execute if entity @s[tag=aj.dino.bone.tail_4] run data modify entity @s {} merge value {transformation:[2.1686521254041318f,-1.3723268961960766f,-1.0194744629253785f,-1.4507773502673327f,0.9129999988297545f,2.3219616579878273f,-1.1834637267661765f,0.7870590376004627f,1.4453512696631967f,0.5923464192609443f,2.277223475742274f,0.02062635300515811f,0f,0f,0f,1f],start_interpolation:0}
execute if entity @s[tag=aj.dino.bone.tail_3] run data modify entity @s {} merge value {transformation:[1.1458136338210632f,-0.8103311035164789f,-1.538317309682233f,-1.1820058557096158f,1.095998456605662f,1.7668214143496597f,-0.11434596170359079f,0.7891581525430154f,1.3497570246945274f,-0.7467604157383265f,1.39873170473059f,-0.2092392182847477f,0f,0f,0f,1f],start_interpolation:0}
execute if entity @s[tag=aj.dino.bone.tail_2] run data modify entity @s {} merge value {transformation:[1.3378660924169012f,-0.1226898238273134f,-1.419096684829167f,-0.9172387975055513f,0.7245421805433983f,1.7348303876274243f,0.5330816351935923f,0.6910080078762684f,1.2263469420915631f,-0.8911142509782228f,1.2331919738341512f,-0.43779213986091736f,0f,0f,0f,1f],start_interpolation:0}
execute if entity @s[tag=aj.dino.bone.tail_1] run data modify entity @s {} merge value {transformation:[-0.012634758799823387f,0.3048243420491318f,-1.4814110615775709f,-0.602169756980841f,0.7869008759384888f,1.2664848720758175f,0.25388842086700114f,0.6201408001505024f,1.2916205419229403f,-0.7686055160467002f,-0.16916910588306683f,-0.39322740525136535f,0f,0f,0f,1f],start_interpolation:0}
execute if entity @s[tag=aj.dino.bone.tail_0] run data modify entity @s {} merge value {transformation:[-0.5018717409377087f,0.26902480669818907f,-1.1443714980779554f,-0.26126575976298055f,0.0014300603105614786f,1.2444339634045551f,0.2919208492669988f,0.5648651514243932f,1.175567278874199f,0.11333790491384466f,-0.48890879388090236f,-0.24762184684244304f,0f,0f,0f,1f],start_interpolation:0}
execute if entity @s[tag=aj.dino.bone.body_1] run data modify entity @s {} merge value {transformation:[-0.5582311452522667f,-0.17755051688864668f,-1.088787581431368f,0.0038213887338737172f,-0.18208913384193934f,1.2183415695814674f,-0.10531838501756814f,0.5072862499999998f,1.0880377433082389f,0.112801723562146f,-0.5762414731294286f,-0.1212517727758431f,0f,0f,0f,1f],start_interpolation:0}