execute if entity @s[tag=aj.dino.bone.head_lower] run data modify entity @s {} merge value {transformation:[-0.41010745045973884f,-0.4363251301061638f,0.8008946621842677f,-0.2956555371402148f,-0.12054368501549878f,0.8963658002613362f,0.42661173463084506f,0.5803903837708696f,-0.9040360054114533f,0.078413856936728f,-0.42020253207234404f,0.6391780571813243f,0f,0f,0f,1f],start_interpolation:0}
execute if entity @s[tag=aj.dino.bone.head_upper] run data modify entity @s {} merge value {transformation:[-0.42688067430543786f,-0.5080171395639842f,0.8019746993498421f,-0.2519094207420005f,-0.12547387150609726f,0.9018003810602274f,0.5044643920758005f,0.6353775684401933f,-0.941010701351113f,0.11021162013310211f,-0.43107331315430647f,0.6116436548087931f,0f,0f,0f,1f],start_interpolation:0}
execute if entity @s[tag=aj.dino.bone.neck_0] run data modify entity @s {} merge value {transformation:[-0.3224353440182833f,-0.09001197406239378f,0.9423021242962379f,-0.18941314853650268f,-0.21895999633826943f,0.9755628533172538f,0.018265794016234724f,0.6207942060887747f,-0.9209190892425656f,-0.20043693210805585f,-0.334264965731909f,0.5935804945858301f,0f,0f,0f,1f],start_interpolation:0}
execute if entity @s[tag=aj.dino.bone.neck_1] run data modify entity @s {} merge value {transformation:[-0.48329402108291897f,-0.2355601934386555f,0.8431715628818649f,-0.11907064689979364f,-0.28860400854383317f,0.9521506762763808f,0.10058238374020557f,0.6337012932821274f,-0.8265195795853444f,-0.19473182824996557f,-0.5281523450941894f,0.5479419537655538f,0f,0f,0f,1f],start_interpolation:0}
execute if entity @s[tag=aj.dino.bone.neck_2] run data modify entity @s {} merge value {transformation:[-0.8014338346526112f,-0.27546953400269997f,0.5308675395146578f,-0.07525968783810842f,-0.2609021167651578f,0.9597323792785184f,0.10413378717714164f,0.6522205738681227f,-0.5381764526077588f,-0.055048124407009597f,-0.8410325854910732f,0.4737222359891221f,0f,0f,0f,1f],start_interpolation:0}
execute if entity @s[tag=aj.dino.bone.body_0] run data modify entity @s {} merge value {transformation:[-0.9478733406372664f,-0.15499586925847267f,0.2784105073842571f,0.05447761085316573f,-0.21181736762138623f,0.9592259351937611f,-0.18713366352850863f,0.5731630060635143f,-0.2380536344673098f,-0.2363511915867254f,-0.9420555086365345f,0.02748346693802775f,0f,0f,0f,1f],start_interpolation:0}
execute if entity @s[tag=aj.dino.bone.leg_left_3] run data modify entity @s {} merge value {transformation:[-0.9180996732899892f,-0.2919768943399178f,0.26803448113336426f,0.536714421876242f,-0.3085013330149546f,0.9509972342243587f,-0.020765067435883522f,0.05992952281771524f,-0.24883713033390203f,-0.10175339635234404f,-0.9631855111544981f,-0.029724257694216633f,0f,0f,0f,1f],start_interpolation:0}
execute if entity @s[tag=aj.dino.bone.leg_left_2] run data modify entity @s {} merge value {transformation:[-0.9151483210021595f,-0.2262260496073383f,0.40421222711179966f,0.4950536852829968f,-0.3841230933978948f,0.870847683748017f,-0.3822773343135068f,0.2505128513588393f,-0.2588729402352728f,-0.49245130286198524f,-0.8617068611913061f,-0.1715461529527058f,0f,0f,0f,1f],start_interpolation:0}
execute if entity @s[tag=aj.dino.bone.leg_left_1] run data modify entity @s {} merge value {transformation:[-0.8728120839237519f,-0.45890390291098987f,0.1661513588561297f,0.3789543887618074f,-0.053442540383532314f,0.42825239266730936f,0.9020774817342905f,0.32007717831197185f,-0.4851215940710453f,0.7784645759877488f,-0.3983088536527684f,0.07072465301162875f,0f,0f,0f,1f],start_interpolation:0}
execute if entity @s[tag=aj.dino.bone.leg_left_0] run data modify entity @s {} merge value {transformation:[-0.8647665990799079f,0.09407579524763747f,0.4932833606197299f,0.2751839780767848f,-0.14057301086492352f,0.8976749668653243f,-0.4176348674137602f,0.6901864184686719f,-0.48209745667462295f,-0.430499011162469f,-0.7630548103878232f,-0.09224200241623784f,0f,0f,0f,1f],start_interpolation:0}
execute if entity @s[tag=aj.dino.bone.leg_right_3] run data modify entity @s {} merge value {transformation:[-0.8355651099501552f,-0.023333055771464398f,0.5488957237420887f,-0.2761663787610396f,-0.005332001243234158f,0.9993950686290489f,0.03436664898824082f,0.07062033837917042f,-0.549365558436937f,0.02578886015907922f,-0.835184062285056f,-0.26045539864560635f,0f,0f,0f,1f],start_interpolation:0}
execute if entity @s[tag=aj.dino.bone.leg_right_2] run data modify entity @s {} merge value {transformation:[-0.921118143509739f,0.29608484818072905f,0.34049570904148185f,-0.19519758532500134f,0.19125978276126754f,0.9572226400212892f,-0.3149709707726736f,0.2837168158765312f,-0.40868479381545314f,-0.21936449031044736f,-0.9148323120635569f,-0.33922733421751294f,0f,0f,0f,1f],start_interpolation:0}
execute if entity @s[tag=aj.dino.bone.leg_right_1] run data modify entity @s {} merge value {transformation:[-0.9962428281728768f,-0.03210634832691936f,-0.0804326408320583f,-0.21949482976954135f,-0.08658120733292725f,0.34799959870936525f,0.933488068394499f,0.3270244064337285f,-0.0019803663502061244f,0.9369447484751868f,-0.34947191082244033f,-0.0661934861834312f,0f,0f,0f,1f],start_interpolation:0}
execute if entity @s[tag=aj.dino.bone.leg_right_0] run data modify entity @s {} merge value {transformation:[-0.9992393901489379f,-0.02165561099473516f,0.03242954959945739f,-0.11445030986132591f,-0.031935946800509304f,0.93167741554625f,-0.36188021314105473f,0.7260039225684014f,-0.02237714183567685f,-0.3626406318568079f,-0.9316603649666337f,-0.1301330913327273f,0f,0f,0f,1f],start_interpolation:0}
execute if entity @s[tag=aj.dino.bone.tail_4] run data modify entity @s {} merge value {transformation:[-1.7434436304016172f,-0.055444236933852635f,2.14079227759324f,0.8220369275429436f,-1.5188385739569736f,1.9781074631233515f,-1.1856987738022016f,0.8557083202542145f,-1.509700309820587f,-1.92605247398053f,-1.2793702253847796f,-1.6459530672654432f,0f,0f,0f,1f],start_interpolation:0}
execute if entity @s[tag=aj.dino.bone.tail_3] run data modify entity @s {} merge value {transformation:[-1.4316804346419336f,0.32464106048713504f,1.4767683775574683f,0.5684547157552648f,0.020501863725604166f,2.0377128815745764f,-0.4280787449678595f,0.9083540358432047f,-1.5118916405257705f,-0.27978548953666194f,-1.4042255065328606f,-1.405110392621273f,0f,0f,0f,1f],start_interpolation:0}
execute if entity @s[tag=aj.dino.bone.tail_2] run data modify entity @s {} merge value {transformation:[-1.7976639530528091f,0.32816570252720045f,0.6924488851764828f,0.4384787947606424f,0.3462170073431404f,1.9232129256496069f,-0.01263730364499321f,0.9114169254949769f,-0.683602202105643f,0.11105489319199302f,-1.8273282997253688f,-1.065893113229846f,0f,0f,0f,1f],start_interpolation:0}
execute if entity @s[tag=aj.dino.bone.tail_1] run data modify entity @s {} merge value {transformation:[-1.078690143998788f,0.6937165947073948f,0.8017737270997668f,0.2584966156304762f,0.8015108100437418f,1.2822898379474053f,-0.031135877695073887f,0.9016766094957506f,-0.6940203488536194f,0.4026739471636997f,-1.2821254609642174f,-0.7942532442145995f,0f,0f,0f,1f],start_interpolation:0}
execute if entity @s[tag=aj.dino.bone.tail_0] run data modify entity @s {} merge value {transformation:[-1.1644683003834169f,0.20912337002077397f,0.48385608407597724f,0.12214914144097391f,0.3980908913577426f,1.1179685356744893f,0.4748744171292704f,0.7898858399542329f,-0.34550388739373483f,0.5833090826800323f,-1.0836112284591852f,-0.4635205705516552f,0f,0f,0f,1f],start_interpolation:0}
execute if entity @s[tag=aj.dino.bone.body_1] run data modify entity @s {} merge value {transformation:[-1.2254438556687983f,0.07964177861826155f,0.14334970791166493f,0.08345790339369384f,0.11265009698370636f,1.1942389674411562f,0.2995126697668951f,0.6398128703703705f,-0.11917175550188636f,0.3099275250761885f,-1.1909440024396603f,-0.207518590665403f,0f,0f,0f,1f],start_interpolation:0}