execute if entity @s[tag=aj.dino.bone.head_lower] run data modify entity @s {} merge value {transformation:[-0.8774170409040938f,0.4528276167257713f,-0.15838713919242903f,-0.07306579893478368f,0.33980821457728744f,0.8197062494770748f,0.4610987333251131f,0.2938247604119152f,0.3386291683197121f,0.35075463517776284f,-0.8730987757776402f,0.5739473472797494f,0f,0f,0f,1f],start_interpolation:0}
execute if entity @s[tag=aj.dino.bone.head_upper] run data modify entity @s {} merge value {transformation:[-0.9133030322866376f,0.4870950277569338f,0.10994520332425688f,-0.054832391559075155f,0.3537062289667425f,0.4692741585969772f,0.859154008456419f,0.3636998020091375f,0.3524789602085016f,0.7911966510236743f,-0.5772680353204759f,0.5520275409609249f,0f,0f,0f,1f],start_interpolation:0}
execute if entity @s[tag=aj.dino.bone.neck_0] run data modify entity @s {} merge value {transformation:[-0.8758360833400459f,0.18722876931729304f,0.4448106822677486f,-0.02882616826914612f,0.36133609991747584f,0.8653744069911372f,0.34722234752556663f,0.37198844411227716f,-0.3199177675841029f,0.4648360180371883f,-0.8255786445392918f,0.49120229113342895f,0f,0f,0f,1f],start_interpolation:0}
execute if entity @s[tag=aj.dino.bone.neck_1] run data modify entity @s {} merge value {transformation:[-0.900784742460235f,0.03018364297773548f,0.4332156454324346f,0.008011935124570428f,0.19053542917943722f,0.9239044387829721f,0.3318084360358082f,0.40435328589165137f,-0.3902346703949509f,0.3814309055303645f,-0.8379900753159489f,0.42197073763734483f,0f,0f,0f,1f],start_interpolation:0}
execute if entity @s[tag=aj.dino.bone.neck_2] run data modify entity @s {} merge value {transformation:[-0.968471856578757f,0.0073113018463718555f,0.24901567798073843f,0.02989915834790762f,0.09342537481267044f,0.9372776507590062f,0.3358307679900555f,0.4429511138978026f,-0.23094146954587355f,0.34850703042118053f,-0.9084100876757162f,0.3457993025260119f,0f,0f,0f,1f],start_interpolation:0}
execute if entity @s[tag=aj.dino.bone.body_0] run data modify entity @s {} merge value {transformation:[-0.9963124286322412f,0.0590221156493737f,0.06227306333558083f,0.0598104790031842f,0.06723124795819446f,0.9879734515474322f,0.1392423008120639f,0.517987170204704f,-0.053305758140271164f,0.14291553065263926f,-0.9882983594276402f,-0.11862055907950736f,0f,0f,0f,1f],start_interpolation:0}
execute if entity @s[tag=aj.dino.bone.leg_left_3] run data modify entity @s {} merge value {transformation:[-0.9867383269337522f,-0.058321936233714594f,0.1514794570690357f,0.5591467070459532f,-0.060821932356888285f,0.9980774639356637f,-0.011919250317405428f,0.03723902659287612f,-0.15049307859284894f,-0.02097445440781248f,-0.9883885397746889f,-0.19659200354938977f,0f,0f,0f,1f],start_interpolation:0}
execute if entity @s[tag=aj.dino.bone.leg_left_2] run data modify entity @s {} merge value {transformation:[-0.9439190794331658f,-0.2719086140957418f,0.29520277194374756f,0.5034239162361606f,-0.36991001755444075f,0.8821036036786732f,-0.3702998930470634f,0.23083830016789278f,-0.15570982594432717f,-0.44723722727242443f,-0.909832683599988f,-0.32920182189482605f,0f,0f,0f,1f],start_interpolation:0}
execute if entity @s[tag=aj.dino.bone.leg_left_1] run data modify entity @s {} merge value {transformation:[-0.924453482551462f,-0.35874594735242643f,0.12917857352008408f,0.4175237749199455f,-0.035531872648541935f,0.4183678346898505f,0.907582415499008f,0.29706863842549797f,-0.3796356735405163f,0.8344277680872898f,-0.39950851708105367f,-0.0737647578733667f,0f,0f,0f,1f],start_interpolation:0}
execute if entity @s[tag=aj.dino.bone.leg_left_0] run data modify entity @s {} merge value {transformation:[-0.8830059896729899f,-0.002873115731237136f,0.46935292414942775f,0.27551536149809075f,-0.187028943877314f,0.9193158038340858f,-0.3462349303190322f,0.6644606807282437f,-0.4304887877213065f,-0.3935100990151123f,-0.8122987169873878f,-0.21219877224295047f,0f,0f,0f,1f],start_interpolation:0}
execute if entity @s[tag=aj.dino.bone.leg_right_3] run data modify entity @s {} merge value {transformation:[-0.8857446111909708f,0.007366280166637651f,0.464114448883745f,-0.24494475857900652f,0.02716205806069779f,0.9989832352511688f,0.03598219405504474f,0.038110103120463534f,-0.46337749875027706f,0.044477338090472635f,-0.8850441006234221f,-0.4400968468609658f,0f,0f,0f,1f],start_interpolation:0}
execute if entity @s[tag=aj.dino.bone.leg_right_2] run data modify entity @s {} merge value {transformation:[-0.9237780355236141f,0.3262794686032314f,0.303707176327494f,-0.15807044690594702f,0.26114442595969817f,0.9624976004583387f,-0.2397168275336846f,0.254653438818243f,-0.36124773961231427f,-0.13857228070803865f,-0.9499263093235496f,-0.5011943902013205f,0f,0f,0f,1f],start_interpolation:0}
execute if entity @s[tag=aj.dino.bone.leg_right_1] run data modify entity @s {} merge value {transformation:[-0.9858935846996318f,-0.14080871882794477f,-0.09048062969576864f,-0.21115970916511767f,-0.11007415682999823f,0.1382344121297538f,0.9842636472517445f,0.23781356027734524f,-0.12608536650331376f,0.9803387945017651f,-0.15178382110274752f,-0.22932799951782606f,0f,0f,0f,1f],start_interpolation:0}
execute if entity @s[tag=aj.dino.bone.leg_right_0] run data modify entity @s {} merge value {transformation:[-0.9868846989466494f,0.01425070244181137f,0.16079648150658085f,-0.10390362363831974f,-0.05723159985707736f,0.9005038313597211f,-0.4310654169430231f,0.6331266899848405f,-0.150940832655649f,-0.4346145041141379f,-0.8878778620119105f,-0.3101422319449572f,0f,0f,0f,1f],start_interpolation:0}
execute if entity @s[tag=aj.dino.bone.tail_4] run data modify entity @s {} merge value {transformation:[-1.452017001994974f,-2.1952828885231677f,-0.835488478002481f,0.25589882966173727f,-2.0571101508976493f,1.6626209922908088f,-0.7935052581223249f,0.7046803197044357f,1.1338455735202106f,0.20514825602793602f,-2.5095756095518067f,-1.9500624941285989f,0f,0f,0f,1f],start_interpolation:0}
execute if entity @s[tag=aj.dino.bone.tail_3] run data modify entity @s {} merge value {transformation:[-1.7859774330591534f,-0.8955325219681811f,-0.5867296112735317f,0.3641499784305814f,-0.8228644655868523f,1.878239153700574f,-0.3620183404539893f,0.7476852075167991f,0.6849264237291068f,-0.07864292497043691f,-1.9648502768593321f,-1.6161269137403491f,0f,0f,0f,1f],start_interpolation:0}
execute if entity @s[tag=aj.dino.bone.tail_2] run data modify entity @s {} merge value {transformation:[-1.8881916176865083f,-0.41296941287361566f,-0.2880322098863319f,0.4162000560349733f,-0.39219188804065896f,1.9073933581045388f,-0.16373751988036056f,0.778287520267298f,0.3157401033386253f,-0.10040277133769492f,-1.92587677322673f,-1.2579010466608793f,0f,0f,0f,1f],start_interpolation:0}
execute if entity @s[tag=aj.dino.bone.tail_1] run data modify entity @s {} merge value {transformation:[-1.4540410163374091f,0.13964455246890276f,0.3923268685346881f,0.3314578306635346f,0.1393902640102185f,1.505938137819945f,-0.019414668644056447f,0.7639236327944433f,-0.39241728696329914f,0.017492113227302312f,-1.4606022555326985f,-0.9434346558102964f,0f,0f,0f,1f],start_interpolation:0}
execute if entity @s[tag=aj.dino.bone.tail_0] run data modify entity @s {} merge value {transformation:[-1.1527420195515532f,-0.03923739011591312f,0.5508919859292977f,0.16952752033521062f,0.07856401520698297f,1.2503699160757473f,0.253453122038994f,0.7200323931494486f,-0.5466710605645692f,0.2624332615611975f,-1.1252178683933118f,-0.6082868600840234f,0f,0f,0f,1f],start_interpolation:0}
execute if entity @s[tag=aj.dino.bone.body_1] run data modify entity @s {} merge value {transformation:[-1.1933155742529487f,-0.15936792782349446f,0.2814327608556808f,0.11483290657380528f,-0.0985489409396783f,1.2038584310912417f,0.2638514339291187f,0.5776022222222222f,-0.308043246219217f,0.23223121350935955f,-1.1746414844483175f,-0.3508415893133935f,0f,0f,0f,1f],start_interpolation:0}