execute if entity @s[tag=aj.dino.bone.head_lower] run data modify entity @s {} merge value {transformation:[-0.9404431052341711f,0.0002760252956843928f,-0.33995101062880506f,-0.6494329150941255f,-0.12104681705467107f,0.9341866098060619f,0.335623369478332f,0.15417629350489906f,0.317670322659267f,0.3567846715724938f,-0.878515944210727f,0.1467866644417618f,0f,0f,0f,1f],start_interpolation:0}
execute if entity @s[tag=aj.dino.bone.head_upper] run data modify entity @s {} merge value {transformation:[-0.978906836386955f,0.13567983851113585f,-0.3268093170030235f,-0.6692195141905272f,-0.12599758143603337f,0.7646847891927763f,0.6948767698182002f,0.21921094890399723f,0.3306629064933966f,0.693051294769946f,-0.7027189250835274f,0.11400800392740142f,0f,0f,0f,1f],start_interpolation:0}
execute if entity @s[tag=aj.dino.bone.neck_0] run data modify entity @s {} merge value {transformation:[-0.9678141093930102f,-0.2487377142278309f,0.03828053265732398f,-0.6623940187536763f,-0.2331692383029993f,0.9434847134700163f,0.23551794360005798f,0.21920079760999178f,-0.09469929233639254f,0.21901174618982225f,-0.9711158010566359f,0.04768946381010354f,0f,0f,0f,1f],start_interpolation:0}
execute if entity @s[tag=aj.dino.bone.neck_1] run data modify entity @s {} merge value {transformation:[-0.9586561049919617f,-0.15517772021799253f,0.2385337450122883f,-0.6429019641555614f,-0.01302796110257376f,0.8612877388654442f,0.5079504927742073f,0.26619871615017054f,-0.28426878933704763f,0.48384223257999814f,-0.8277003983210668f,-0.02019862281020174f,0f,0f,0f,1f],start_interpolation:0}
execute if entity @s[tag=aj.dino.bone.neck_2] run data modify entity @s {} merge value {transformation:[-0.7696418331083072f,-0.2582747644642077f,0.583905467323815f,-0.5942761372928227f,0.08332960486223999f,0.8660746124641723f,0.4929208279212156f,0.3178616893349355f,-0.6330147120590387f,0.42802910144754414f,-0.6450453182768019f,-0.07251875810977682f,0f,0f,0f,1f],start_interpolation:0}
execute if entity @s[tag=aj.dino.bone.body_0] run data modify entity @s {} merge value {transformation:[-0.598494175491197f,-0.017629285986591137f,0.8009331621169868f,-0.21696728247207447f,0.20451905022005765f,0.9632684154450231f,0.17402849738798526f,0.4090570032896609f,-0.7745816161000713f,0.26796113166210783f,-0.5729050112524455f,-0.339974076788766f,0f,0f,0f,1f],start_interpolation:0}
execute if entity @s[tag=aj.dino.bone.leg_left_3] run data modify entity @s {} merge value {transformation:[0.12453386429665814f,-0.0017378150146132587f,0.9922138361473885f,-0.01949468516586578f,-0.05742109256100427f,0.99830988052614f,0.008955477261710948f,0.01606989708908471f,-0.9905524391835305f,-0.05808926271575001f,0.12422359995064733f,0.059793518392170356f,0f,0f,0f,1f],start_interpolation:0}
execute if entity @s[tag=aj.dino.bone.leg_left_2] run data modify entity @s {} merge value {transformation:[0.3705962172306549f,-0.07238952429322058f,0.9536668181538167f,-0.0063210669687389365f,-0.24592976624953783f,0.9811552095915507f,0.17004471254497347f,0.24964936504357593f,-0.9242506117647266f,-0.29009724397976655f,0.3371447688880355f,0.0011576931680909314f,0f,0f,0f,1f],start_interpolation:0}
execute if entity @s[tag=aj.dino.bone.leg_left_1] run data modify entity @s {} merge value {transformation:[0.3867572899680224f,-0.9118826183090418f,-0.137436854891392f,-0.2544644557892693f,0.1563530599733263f,-0.08203559387639314f,0.9842885156163943f,0.17204601710327727f,-0.9088303028033168f,-0.4021694316618233f,0.1108477737405563f,-0.09587820036046725f,0f,0f,0f,1f],start_interpolation:0}
execute if entity @s[tag=aj.dino.bone.leg_left_0] run data modify entity @s {} merge value {transformation:[0.36661943989849666f,0.3684188149698301f,0.8543171326063518f,-0.13672910498551571f,0.10383448870867695f,0.8963148876764275f,-0.43108934234587704f,0.571135159085393f,-0.9245585894053011f,0.24675331589630023f,0.2903518828095668f,-0.13013491484899925f,0f,0f,0f,1f],start_interpolation:0}
execute if entity @s[tag=aj.dino.bone.leg_right_3] run data modify entity @s {} merge value {transformation:[0.5707987361762097f,-0.05153123540631002f,0.819471375068795f,-0.08349042428059432f,0.023677952060914755f,0.9986466551323229f,0.046305645219823804f,0.004908053318040478f,-0.8207485347936011f,-0.007027799835128523f,0.5712464027577192f,-0.6789283036836378f,0f,0f,0f,1f],start_interpolation:0}
execute if entity @s[tag=aj.dino.bone.leg_right_2] run data modify entity @s {} merge value {transformation:[0.585392518845703f,0.08983778567920331f,0.8374407266454358f,-0.03757686265803209f,0.21383776248110167f,0.9705789133125896f,-0.25359846977204487f,0.22297951691619972f,-0.8146479053660259f,0.3193242001444681f,0.5352037415653371f,-0.5866902763342656f,0f,0f,0f,1f],start_interpolation:0}
execute if entity @s[tag=aj.dino.bone.leg_right_1] run data modify entity @s {} merge value {transformation:[0.42353180366554f,-0.8233302235871871f,0.3778202670737599f,-0.2728532248993979f,-0.1449053672852604f,0.3501296639188859f,0.9254251201345097f,0.26613184606788914f,-0.8942165542058246f,-0.44669515485610634f,0.028986079630418188f,-0.7273895852132346f,0f,0f,0f,1f],start_interpolation:0}
execute if entity @s[tag=aj.dino.bone.leg_right_0] run data modify entity @s {} merge value {transformation:[0.46972330630186365f,0.7836415242528781f,0.4065291834339471f,-0.052881481484415224f,-0.1145486174893615f,0.5107014528219375f,-0.8520930936915512f,0.5493347497427877f,-0.87535057534003f,0.3536806293143414f,0.3296534281631089f,-0.513576989668603f,0f,0f,0f,1f],start_interpolation:0}
execute if entity @s[tag=aj.dino.bone.tail_4] run data modify entity @s {} merge value {transformation:[0.781154365497368f,-0.8282844809503475f,-2.5158306794141008f,-0.15033821580324253f,-2.562196102305687f,-0.901064479438248f,-0.4988940456892858f,0.20042828281741143f,-0.6712751464146034f,2.475416925310056f,-1.0234070819056125f,0.5521718463264508f,0f,0f,0f,1f],start_interpolation:0}
execute if entity @s[tag=aj.dino.bone.tail_3] run data modify entity @s {} merge value {transformation:[0.7552309691253593f,0.29738896726143965f,-1.9175848120668844f,0.1719031211356663f,-1.8424737671430722f,-0.5358667291957251f,-0.8087538512892142f,0.3428069258379317f,-0.6089845044892611f,1.9900633599804542f,0.06878388328467074f,0.5210343092654444f,0f,0f,0f,1f],start_interpolation:0}
execute if entity @s[tag=aj.dino.bone.tail_2] run data modify entity @s {} merge value {transformation:[1.0471756508937275f,0.9513762651832033f,-1.3479911844014907f,0.4234924496497367f,-1.5680235633924586f,0.07713009181982654f,-1.1636695959698604f,0.5579894482646295f,-0.5133216689602051f,1.7052002891111362f,0.8047152994655843f,0.3714656768953398f,0f,0f,0f,1f],start_interpolation:0}
execute if entity @s[tag=aj.dino.bone.tail_1] run data modify entity @s {} merge value {transformation:[1.3810567150722832f,0.6079616671796175f,-0.10354328077637213f,0.43702268233713615f,-0.6010263011208755f,1.2699006207676742f,-0.5601571643162613f,0.6635800007697887f,-0.13822440129989047f,0.5526221807112491f,1.4011277565843991f,0.06333543653599405f,0f,0f,0f,1f],start_interpolation:0}
execute if entity @s[tag=aj.dino.bone.tail_0] run data modify entity @s {} merge value {transformation:[1.0895137128078691f,-0.048404239375286755f,0.6666727951537694f,0.24103731615511154f,0.03545732366551016f,1.2772502490515099f,0.03478930985753534f,0.684236079581869f,-0.6674866024019652f,-0.011160084783920162f,1.0900333961423039f,-0.2554669692758005f,0f,0f,0f,1f],start_interpolation:0}
execute if entity @s[tag=aj.dino.bone.body_1] run data modify entity @s {} merge value {transformation:[0.26371024884795347f,-0.41889324432751995f,1.1329562875793424f,0.005856282161574685f,-0.06856475034918806f,1.1525812163697025f,0.44210859496004f,0.5038175f,-1.2059686458272265f,-0.1571291971110141f,0.22260870547475026f,-0.2966366085555282f,0f,0f,0f,1f],start_interpolation:0}