execute if entity @s[tag=aj.dino.bone.head_lower] run data modify entity @s {} merge value {transformation:[0.04279112260914504f,0.30644691975640614f,-0.9509254467084474f,0.9419978805485174f,-0.5441293821912514f,0.8053993874427563f,0.23506391076258393f,0.40446208621911206f,0.8379093836818016f,0.5073678272009804f,0.2012107170588586f,-0.17765082261772489f,0f,0f,0f,1f],start_interpolation:0}
execute if entity @s[tag=aj.dino.bone.head_upper] run data modify entity @s {} merge value {transformation:[0.044541261694224656f,0.8189689495100442f,-0.6409195568311272f,0.9162181329810795f,-0.5663840472022977f,0.5571214418259115f,0.6725301128693569f,0.46315873330775037f,0.8721795283454775f,0.3199648439746771f,0.4694649204560748f,-0.13783167235421606f,0f,0f,0f,1f],start_interpolation:0}
execute if entity @s[tag=aj.dino.bone.neck_0] run data modify entity @s {} merge value {transformation:[0.04098138897367274f,0.3543238174444724f,-0.9342243617832736f,0.850044852051901f,-0.610556017515635f,0.7490129455712808f,0.2572954660348312f,0.4678353419778263f,0.7909120527803557f,0.5598519802217456f,0.24703012975860705f,-0.13120125180104772f,0f,0f,0f,1f],start_interpolation:0}
execute if entity @s[tag=aj.dino.bone.neck_1] run data modify entity @s {} merge value {transformation:[0.016656082627811354f,0.41597868181157605f,-0.9092218162746641f,0.774938192466869f,-0.4344528470900672f,0.8220293135837172f,0.36812841681187464f,0.5028076368612787f,0.9005405590903891f,0.38888242938886597f,0.19441491081134585f,-0.1129402244177315f,0f,0f,0f,1f],start_interpolation:0}
execute if entity @s[tag=aj.dino.bone.neck_2] run data modify entity @s {} merge value {transformation:[-0.030291795659359105f,0.22574918672267338f,-0.9737143892383348f,0.6918437347429283f,-0.5081790071963894f,0.8353855220828255f,0.20948777085858025f,0.529339283123914f,0.8607185973130962f,0.5011669723639585f,0.0894156700524005f,-0.1002000032148149f,0f,0f,0f,1f],start_interpolation:0}
execute if entity @s[tag=aj.dino.bone.body_0] run data modify entity @s {} merge value {transformation:[0.1497813254801541f,0.014114006296845338f,-0.9886184043217388f,0.22604604165759432f,-0.4773362035588845f,0.876683367691164f,-0.05980319043053209f,0.5095057686674362f,0.8658612494559388f,0.48086075701800823f,0.1380479230219302f,-0.030557734987747748f,0f,0f,0f,1f],start_interpolation:0}
execute if entity @s[tag=aj.dino.bone.leg_left_3] run data modify entity @s {} merge value {transformation:[-0.2280015334969706f,-0.01324179002640885f,-0.9735707245598167f,-0.171404081727283f,-0.08010515421971305f,0.9967728416432612f,0.005202540711491746f,0.038999402029058855f,0.9703599667084716f,0.07917422029496242f,-0.2283264720750069f,-0.5603025049543122f,0f,0f,0f,1f],start_interpolation:0}
execute if entity @s[tag=aj.dino.bone.leg_left_2] run data modify entity @s {} merge value {transformation:[-0.2238792602542042f,-0.16988189814288257f,-0.9864483853765975f,-0.24183630049116692f,-0.33280281058951555f,0.9659483273324059f,-0.09082024932877569f,0.26083749908312764f,0.9440246636568581f,0.30024351634597074f,-0.26595763722904703f,-0.49707092011381027f,0f,0f,0f,1f],start_interpolation:0}
execute if entity @s[tag=aj.dino.bone.leg_left_1] run data modify entity @s {} merge value {transformation:[-0.3403943948114683f,0.9325975178727994f,-0.11997302046055197f,0.02466338766800727f,0.052849010248372894f,0.14636644390700898f,0.9878177191232115f,0.2471580193657137f,0.9387963773346709f,0.3299071592971425f,-0.09910917287409976f,-0.42088579226401657f,0f,0f,0f,1f],start_interpolation:0}
execute if entity @s[tag=aj.dino.bone.leg_left_0] run data modify entity @s {} merge value {transformation:[-0.34855174921181253f,0.15084435542298444f,-0.9250717045496584f,0.11866833001267105f,-0.003850628284755424f,0.9867259370708882f,0.16234869193618537f,0.6209147584393164f,0.9372816283184039f,0.06014902782757285f,-0.34334420581713543f,-0.26033595770696577f,0f,0f,0f,1f],start_interpolation:0}
execute if entity @s[tag=aj.dino.bone.leg_right_3] run data modify entity @s {} merge value {transformation:[-0.6374670133001753f,0.03397608039434376f,-0.7697281552049342f,0.025946124052828576f,0.03339502073939632f,0.9993067961390334f,0.016452956577925393f,0.0520375662842921f,0.7697535836512681f,-0.015216870617078479f,-0.6381597506147292f,0.28323016057509404f,0f,0f,0f,1f],start_interpolation:0}
execute if entity @s[tag=aj.dino.bone.leg_right_2] run data modify entity @s {} merge value {transformation:[-0.6292228354463434f,-0.010141362414360913f,-0.8099617124419763f,-0.0004730949982080235f,0.20690009268382353f,0.9895874868128655f,-0.17312179842964848f,0.27703775332660263f,0.783155906892736f,-0.26958478854058365f,-0.6050231952472893f,0.2004774400054704f,0f,0f,0f,1f],start_interpolation:0}
execute if entity @s[tag=aj.dino.bone.leg_right_1] run data modify entity @s {} merge value {transformation:[-0.43697198960553457f,0.8259690300144531f,-0.35613289900985556f,0.23410226210915466f,-0.14003103622206245f,0.3286378413495358f,0.9340173864161698f,0.3139927996726547f,0.8885081818389498f,0.4580090945495523f,-0.027944232233918953f,0.34408145125613165f,0f,0f,0f,1f],start_interpolation:0}
execute if entity @s[tag=aj.dino.bone.leg_right_0] run data modify entity @s {} merge value {transformation:[-0.4861613100384655f,-0.8324232417183951f,-0.2659299292458856f,-0.014557087866628814f,-0.11817320437825661f,0.36414333955424694f,-0.9238153073126983f,0.5459123124984464f,0.8658419453853331f,-0.4176974681576596f,-0.2754025248722732f,0.10182302352920741f,0f,0f,0f,1f],start_interpolation:0}
execute if entity @s[tag=aj.dino.bone.tail_4] run data modify entity @s {} merge value {transformation:[2.472260218485623f,-1.210574979992975f,-0.21931475442483594f,-1.3544964851136243f,1.0420464274763137f,2.3221488953510008f,-1.0711792951714374f,0.7537145158741235f,0.654010693090924f,0.8762385846532516f,2.5357715369661356f,0.2977229699650647f,0f,0f,0f,1f],start_interpolation:0}
execute if entity @s[tag=aj.dino.bone.tail_3] run data modify entity @s {} merge value {transformation:[1.4734168367126792f,-1.0083700937595665f,-1.0715307300060828f,-1.1629367777854103f,1.147414617321305f,1.7367162531791756f,-0.05658513890708281f,0.746314132407727f,0.9211015401645196f,-0.5504106975695995f,1.7845351054972107f,0.0005179627938447506f,0f,0f,0f,1f],start_interpolation:0}
execute if entity @s[tag=aj.dino.bone.tail_2] run data modify entity @s {} merge value {transformation:[1.5994255443280903f,-0.33122089802172866f,-1.0728021811439645f,-0.9624013232056303f,0.7338562982772715f,1.7215500387618958f,0.5625782367995332f,0.64268436110738f,0.8497451009757863f,-0.8633261583870667f,1.5334194085817021f,-0.2841184472556417f,0f,0f,0f,1f],start_interpolation:0}
execute if entity @s[tag=aj.dino.bone.tail_1] run data modify entity @s {} merge value {transformation:[0.2352078174556955f,0.13734490289440687f,-1.4877734741070814f,-0.6441526811956297f,0.7833452599710683f,1.2711623309804858f,0.24119034387205032f,0.5744958577107292f,1.2722828837521114f,-0.8080463822981847f,0.12654468683523587f,-0.3026874230524793f,0f,0f,0f,1f],start_interpolation:0}
execute if entity @s[tag=aj.dino.bone.tail_0] run data modify entity @s {} merge value {transformation:[-0.3133365676404139f,0.22808559900499994f,-1.2180446919098997f,-0.2827076004241731f,-0.05242063738343711f,1.252814205401306f,0.24808135783455396f,0.532233357473233f,1.2381066144479103f,0.1107666143531172f,-0.29775574719744585f,-0.2130032775162026f,0f,0f,0f,1f],start_interpolation:0}
execute if entity @s[tag=aj.dino.bone.body_1] run data modify entity @s {} merge value {transformation:[-0.4190089907719524f,-0.226027902865379f,-1.1410291178733343f,-0.002209730526892488f,-0.23589116611053848f,1.2041122496475563f,-0.15190010880826235f,0.4864424999999999f,1.1390309119859436f,0.16622175679263654f,-0.4512022874116324f,-0.11930128094203357f,0f,0f,0f,1f],start_interpolation:0}