execute if entity @s[tag=aj.dino.bone.head_lower] run data modify entity @s {} merge value {transformation:[-0.8061283429208981f,0.22578387320612522f,0.5469723369053021f,-0.7712127584324133f,0.49920102427734947f,0.7558097281806487f,0.42373339748943495f,0.8981616618896201f,-0.31773484558677534f,0.6146326523929024f,-0.7219911845115654f,-0.18273033080345108f,0f,0f,0f,1f],start_interpolation:0}
execute if entity @s[tag=aj.dino.bone.head_upper] run data modify entity @s {} merge value {transformation:[-0.8390986562595534f,0.48224427649037793f,0.38317860775256096f,-0.7342292471723392f,0.5196181381698664f,0.9019208458747161f,0.0027786408594905345f,0.9187669125880321f,-0.3307300683817555f,0.19352309462288045f,-0.9678007937066851f,-0.24520512596380695f,0f,0f,0f,1f],start_interpolation:0}
execute if entity @s[tag=aj.dino.bone.neck_0] run data modify entity @s {} merge value {transformation:[-0.581926018073826f,0.7793468578549385f,0.23233722181427413f,-0.7316681127112913f,0.4755626233313438f,0.5578649858361239f,-0.6801667801857658f,0.8655771923788749f,-0.6596986439117115f,-0.2853158473160854f,-0.6952643860369612f,-0.285317848492213f,0f,0f,0f,1f],start_interpolation:0}
execute if entity @s[tag=aj.dino.bone.neck_1] run data modify entity @s {} merge value {transformation:[-0.34741587419875697f,0.6089139029064528f,0.7131101381988231f,-0.668453134198835f,0.29957207920118334f,0.7926996038528237f,-0.5309274031491089f,0.8242525408974786f,-0.8885712012651508f,0.029175278898541032f,-0.45781002979773044f,-0.3239659599097461f,0f,0f,0f,1f],start_interpolation:0}
execute if entity @s[tag=aj.dino.bone.neck_2] run data modify entity @s {} merge value {transformation:[-0.036985197993830016f,0.37113403171285997f,0.92784245733525f,-0.5835335419885983f,0.04849368618141753f,0.928050406633021f,-0.3692841793914582f,0.8009866706638828f,-0.9981384961666868f,0.03133645246102873f,-0.0523217853027044f,-0.3282429372607765f,0f,0f,0f,1f],start_interpolation:0}
execute if entity @s[tag=aj.dino.bone.body_0] run data modify entity @s {} merge value {transformation:[0.2010330420212313f,0.6094209697434827f,0.7669366320972046f,-0.21627368678053735f,-0.039795107787189136f,0.7873548454006288f,-0.6152143503043129f,0.5185389935152716f,-0.9787757993595344f,0.09315808639653936f,0.18253631289975988f,-0.24132681028175804f,0f,0f,0f,1f],start_interpolation:0}
execute if entity @s[tag=aj.dino.bone.leg_left_3] run data modify entity @s {} merge value {transformation:[-0.33421290044255614f,0.19121632503525965f,0.9228965566182292f,0.040466300255773066f,0.022603778316231157f,0.9805476101281358f,-0.1949755202014654f,0.020068017530534693f,-0.9422265154322524f,-0.04430238494721655f,-0.33203387222448233f,0.24664863672318973f,0f,0f,0f,1f],start_interpolation:0}
execute if entity @s[tag=aj.dino.bone.leg_left_2] run data modify entity @s {} merge value {transformation:[-0.1986527136557231f,0.2071768850194197f,0.9847218069950325f,0.1188830603760021f,-0.5039658666303499f,0.8482933566467546f,-0.2801410106378512f,0.20836451357942404f,-0.8709866268373078f,-0.5380876498149038f,-0.06249941190071997f,0.11793844530862974f,0f,0f,0f,1f],start_interpolation:0}
execute if entity @s[tag=aj.dino.bone.leg_left_1] run data modify entity @s {} merge value {transformation:[-0.005934871196333856f,-0.9325616615983684f,0.3609619434521776f,-0.15349067173259567f,-0.16920826378825957f,0.35669960658525335f,0.9187676279275887f,0.2599105485477651f,-0.9855624489445839f,-0.05562497621406745f,-0.1599141058554208f,0.1309362141957109f,0f,0f,0f,1f],start_interpolation:0}
execute if entity @s[tag=aj.dino.bone.leg_left_0] run data modify entity @s {} merge value {transformation:[-0.036725713792159914f,0.538941143276608f,0.8415424326973412f,-0.01466198228156533f,-0.217766645393007f,0.8175569020694614f,-0.5330838583495673f,0.598985363946097f,-0.9753096483172575f,-0.20283775773333684f,0.08733804404141089f,-0.06921908329188892f,0f,0f,0f,1f],start_interpolation:0}
execute if entity @s[tag=aj.dino.bone.leg_right_3] run data modify entity @s {} merge value {transformation:[0.20283193593391832f,-0.06555004568643163f,0.9770170915986089f,-0.23714865102011226f,0.07456161850960576f,0.9958940937687321f,0.05133730653027782f,0.16502550017100223f,-0.9763707138226375f,0.062435130391970906f,0.2068866445240264f,-0.5784737549948467f,0f,0f,0f,1f],start_interpolation:0}
execute if entity @s[tag=aj.dino.bone.leg_right_2] run data modify entity @s {} merge value {transformation:[0.20902318268574188f,0.23050915895931942f,0.9773622850491436f,-0.1535367024342798f,0.08635165266309516f,0.9904873430724703f,-0.25207224122517885f,0.3879825363211832f,-1.000457345758913f,0.13365085240955202f,0.18244108218250935f,-0.540129600931644f,0f,0f,0f,1f],start_interpolation:0}
execute if entity @s[tag=aj.dino.bone.leg_right_1] run data modify entity @s {} merge value {transformation:[0.021965186292285863f,-0.9366059392306486f,0.34969536054831857f,-0.4260923473402745f,-0.2684367117911767f,0.3314104413817387f,0.9044936987651717f,0.4246993578489079f,-0.9630468640486224f,-0.11373844530779637f,-0.24413992648700342f,-0.5772601962210284f,0f,0f,0f,1f],start_interpolation:0}
execute if entity @s[tag=aj.dino.bone.leg_right_0] run data modify entity @s {} merge value {transformation:[0.0943424936709771f,0.9866638331834747f,0.1326422789898954f,-0.060463702797536524f,-0.22328899087186005f,0.15081337976750092f,-0.9630147200528814f,0.5882720762040209f,-0.9701760254940172f,0.06123564950904942f,0.23453928196751345f,-0.45950222976350164f,0f,0f,0f,1f],start_interpolation:0}
execute if entity @s[tag=aj.dino.bone.tail_4] run data modify entity @s {} merge value {transformation:[-0.7013240069926241f,1.2780788448421314f,2.3452761959272115f,1.3972395447885484f,-2.554279120375546f,0.3877980300775279f,-0.9751575230092406f,0.19395692341552284f,-0.7806818455871365f,-2.416979206744442f,1.083701389560644f,0.4847622146244532f,0f,0f,0f,1f],start_interpolation:0}
execute if entity @s[tag=aj.dino.bone.tail_3] run data modify entity @s {} merge value {transformation:[-0.3247620500528769f,1.574884284939464f,1.3229567740257462f,1.157503485514149f,-1.9229960011725897f,0.2427181213441812f,-0.7609992241059287f,0.3206190823949443f,-0.7297681250672204f,-1.3404375885009747f,1.4165490040990498f,0.25768508499441056f,0f,0f,0f,1f],start_interpolation:0}
execute if entity @s[tag=aj.dino.bone.tail_2] run data modify entity @s {} merge value {transformation:[-0.039510252399673915f,1.5859741851348348f,1.1410077559087788f,0.945740807285522f,-1.8121488215686192f,0.3968337657955998f,-0.6143398780925139f,0.4335779672899218f,-0.7302940938043764f,-1.070505825025327f,1.4626898817398255f,-0.015020511577905515f,0f,0f,0f,1f],start_interpolation:0}
execute if entity @s[tag=aj.dino.bone.tail_1] run data modify entity @s {} merge value {transformation:[0.2881132628814356f,0.7802593339224664f,1.2632665473203517f,0.664086820978588f,-0.9822473249299493f,1.0651716992473905f,-0.4338844244616141f,0.5148628424293675f,-1.1134797665066805f,-0.7377403831628689f,0.7096183387081623f,-0.15764055950177291f,0f,0f,0f,1f],start_interpolation:0}
execute if entity @s[tag=aj.dino.bone.tail_0] run data modify entity @s {} merge value {transformation:[0.4526663347731037f,0.13829994382185495f,1.1873508459953965f,0.32045273118167567f,-0.3981002447733684f,1.2145969921982587f,0.010298458057164976f,0.5411637826630207f,-1.1271402313192869f,-0.3734474376212037f,0.47320991838684945f,-0.30493544798421374f,0f,0f,0f,1f],start_interpolation:0}
execute if entity @s[tag=aj.dino.bone.body_1] run data modify entity @s {} merge value {transformation:[-0.14405158560961068f,0.15096351277267767f,1.2186319188134458f,0.026969416474672152f,-0.033694500314675496f,1.2260406242882007f,-0.1558642463806031f,0.4948175f,-1.227484589063403f,-0.05137120265851872f,-0.13873419984097668f,-0.2692214748232708f,0f,0f,0f,1f],start_interpolation:0}