execute if entity @s[tag=aj.dino.bone.head_lower] run data modify entity @s {} merge value {transformation:[-0.9166417043504391f,-0.3378646145866501f,-0.21357782669494604f,0.08912971593686328f,-0.3510882867850235f,0.9359766460594641f,0.026167401736397755f,0.384604429901526f,0.19106281880020315f,0.09897080499567151f,-0.9765755367766643f,0.731128224799848f,0f,0f,0f,1f],start_interpolation:0}
execute if entity @s[tag=aj.dino.bone.head_upper] run data modify entity @s {} merge value {transformation:[-0.9541319681243287f,-0.13364430112354683f,-0.39400930289004693f,0.058670615316718584f,-0.3654476514277449f,0.7403875427367101f,0.6338345550770713f,0.4448110754370324f,0.19887720847962365f,0.7193312379710771f,-0.7255910477740596f,0.6973220195326096f,0f,0f,0f,1f],start_interpolation:0}
execute if entity @s[tag=aj.dino.bone.neck_0] run data modify entity @s {} merge value {transformation:[-0.9634835860566009f,-0.24232838992982325f,0.11391369905999811f,0.0702812584541605f,-0.23728372332311834f,0.9698168249440507f,0.05614054418473707f,0.4327759551152479f,-0.12407986962207088f,0.02706062618381394f,-0.9919031749445658f,0.6327845490284751f,0f,0f,0f,1f],start_interpolation:0}
execute if entity @s[tag=aj.dino.bone.neck_1] run data modify entity @s {} merge value {transformation:[-0.9974106284643532f,-0.04323652196937492f,0.05746861225343236f,0.07495041893541438f,-0.02604736919315428f,0.962026756463984f,0.27170950370846814f,0.46022525328027636f,-0.06703411657103502f,0.26950904069321735f,-0.96066190941463f,0.5526454710753386f,0f,0f,0f,1f],start_interpolation:0}
execute if entity @s[tag=aj.dino.bone.neck_2] run data modify entity @s {} merge value {transformation:[-0.9985539623737155f,0.04230948765393676f,-0.03316461189601811f,0.0724591865262958f,0.029541475401522604f,0.947285223813125f,0.31902665402191555f,0.4974488952668968f,0.04491420108221196f,0.317585597909885f,-0.9471652984254478f,0.47277604868806755f,0f,0f,0f,1f],start_interpolation:0}
execute if entity @s[tag=aj.dino.bone.body_0] run data modify entity @s {} merge value {transformation:[-0.9950088944877316f,0.03360638922801028f,-0.09395696085632795f,0.02849776607869498f,0.02340005137782839f,0.9939088661489127f,0.10769216956723329f,0.557672035274449f,0.09700380139879605f,0.10495606887473548f,-0.9897345533629432f,0.007317702943805432f,0f,0f,0f,1f],start_interpolation:0}
execute if entity @s[tag=aj.dino.bone.leg_left_3] run data modify entity @s {} merge value {transformation:[-0.9974515103228433f,-0.005048154632080416f,-0.0711688182386733f,0.32388620110862565f,-0.0041048496678379835f,0.999901863976109f,-0.013394499852825092f,0.019073790224380077f,0.07122945152030277f,-0.013068226808312156f,-0.997374346313461f,-0.18000942706382717f,0f,0f,0f,1f],start_interpolation:0}
execute if entity @s[tag=aj.dino.bone.leg_left_2] run data modify entity @s {} merge value {transformation:[-1.0164256790624633f,-0.13675503312899906f,-0.015462837934571157f,0.2899540697661988f,-0.12354899176497178f,0.9574538701596549f,-0.3465255151512686f,0.23135403542380623f,0.06063567495264966f,-0.3415294232286285f,-0.9652684432285413f,-0.2893564893318526f,0f,0f,0f,1f],start_interpolation:0}
execute if entity @s[tag=aj.dino.bone.leg_left_1] run data modify entity @s {} merge value {transformation:[-0.9647900700632629f,-0.0492623657657315f,0.25836667746922676f,0.2820826219777562f,0.21558165677147206f,0.4146384517857386f,0.8840811634484657f,0.29281655228429004f,-0.15068068877925725f,0.9086518440084127f,-0.3894189985210271f,-0.018849955232111915f,0f,0f,0f,1f],start_interpolation:0}
execute if entity @s[tag=aj.dino.bone.leg_left_0] run data modify entity @s {} merge value {transformation:[-0.9796209797326275f,0.18057205360749864f,0.08795720279577775f,0.231914771094185f,0.12733783149306757f,0.8970034205666831f,-0.42328470343530405f,0.6942735541419696f,-0.15533129993124392f,-0.40345829641691694f,-0.9017170234136811f,-0.12191663734432492f,0f,0f,0f,1f],start_interpolation:0}
execute if entity @s[tag=aj.dino.bone.leg_right_3] run data modify entity @s {} merge value {transformation:[-0.9500510819911205f,0.14312118751094757f,0.2773432301192108f,-0.2630369951616863f,0.19449778534975945f,0.9664946859908026f,0.1675071146118223f,0.14372556659107374f,-0.2440769409459653f,0.21308295951810755f,-0.9460560761717373f,-0.3897100019873849f,0f,0f,0f,1f],start_interpolation:0}
execute if entity @s[tag=aj.dino.bone.leg_right_2] run data modify entity @s {} merge value {transformation:[-0.9768496993062691f,0.218368542689855f,0.2239241925952961f,-0.20369988096861388f,0.2598848439313522f,0.9752755428346642f,0.1826463329607841f,0.37630228967211554f,-0.17403083738442157f,0.23068375454884962f,-0.9841546994894741f,-0.3660827544511551f,0f,0f,0f,1f],start_interpolation:0}
execute if entity @s[tag=aj.dino.bone.leg_right_1] run data modify entity @s {} merge value {transformation:[-0.9787015326470806f,-0.11424490348366848f,-0.17056204742633357f,-0.24518213241520243f,-0.1510326489710326f,-0.16201708720264468f,0.9751613212177577f,0.277560500891033f,-0.13904117713486333f,0.9801523174906938f,0.14131166115566562f,-0.11006973208119893f,0f,0f,0f,1f],start_interpolation:0}
execute if entity @s[tag=aj.dino.bone.leg_right_0] run data modify entity @s {} merge value {transformation:[-0.9826487751211754f,-0.036200381317333274f,0.18190909033177313f,-0.15994601503490202f,-0.09614582058337513f,0.9381267441655552f,-0.3326773107166827f,0.6841609774746151f,-0.15861073714349533f,-0.3443947506478787f,-0.9253296114298853f,-0.1515201277414174f,0f,0f,0f,1f],start_interpolation:0}
execute if entity @s[tag=aj.dino.bone.tail_4] run data modify entity @s {} merge value {transformation:[-1.868177301646335f,-0.4200635304057249f,-1.989754138489601f,-0.25482877621597055f,-0.5690492461276448f,2.7019508355977973f,-0.036138194392131f,0.6778865694916073f,1.9523723663007972f,0.3855770273699446f,-1.9144800419094423f,-1.8012535087479633f,0f,0f,0f,1f],start_interpolation:0}
execute if entity @s[tag=aj.dino.bone.tail_3] run data modify entity @s {} merge value {transformation:[-1.6352015406044975f,-0.21002044281999982f,-1.2719877598651694f,-0.03709144242823244f,-0.12170957989700198f,2.070449686136383f,-0.18539256021613412f,0.6890613210697979f,1.2834516842524366f,-0.07123929266836372f,-1.6381765055738464f,-1.522782178379937f,0f,0f,0f,1f],start_interpolation:0}
execute if entity @s[tag=aj.dino.bone.tail_2] run data modify entity @s {} merge value {transformation:[-1.817605925124048f,-0.14225854119157672f,-0.70345226093515f,0.09230092600407837f,-0.03909684731544384f,1.9321765392753725f,-0.2897225096650465f,0.7433509598444499f,0.7166268293098735f,-0.25540204293361574f,-1.7999971274925382f,-1.1876975113443717f,0f,0f,0f,1f],start_interpolation:0}
execute if entity @s[tag=aj.dino.bone.tail_1] run data modify entity @s {} merge value {transformation:[-1.5057641790502323f,0.07648830900199349f,-0.12033297833592867f,0.11869881460918183f,0.08715694152733092f,1.5039721586551893f,-0.13463901193061242f,0.7538559997989132f,0.1128457116277838f,-0.14097352437981295f,-1.5016819106558998f,-0.862936872393812f,0f,0f,0f,1f],start_interpolation:0}
execute if entity @s[tag=aj.dino.bone.tail_0] run data modify entity @s {} merge value {transformation:[-1.262566025514759f,0.016161588725771687f,0.19874997069119646f,0.06100946171941182f,0.028756038785679058f,1.2754506226724671f,0.0789589509922698f,0.7615612546831716f,-0.19732166133815351f,0.08246349955163286f,-1.2601982581294406f,-0.49268766049578583f,0f,0f,0f,1f],start_interpolation:0}
execute if entity @s[tag=aj.dino.bone.body_1] run data modify entity @s {} merge value {transformation:[-1.2324464440247365f,-0.05113174189771006f,0.08405892360444636f,0.044911025132268384f,-0.031805196117538743f,1.2066289854082735f,0.26765559237343756f,0.6180600537109375f,-0.09310632184205907f,0.2646443492677613f,-1.204117592384538f,-0.23057286223745124f,0f,0f,0f,1f],start_interpolation:0}