execute if entity @s[tag=aj.dino.bone.head_lower] run data modify entity @s {} merge value {transformation:[-0.5746949877058602f,-0.1924615649885995f,-0.7954144939010732f,0.7075895027172087f,-0.8183670813187585f,0.13397265289602267f,0.5588619225621104f,0.626351704867153f,-0.0009956503289671667f,0.9721161835285641f,-0.23449762131476207f,0.5209330281747054f,0f,0f,0f,1f],start_interpolation:0}
execute if entity @s[tag=aj.dino.bone.head_upper] run data modify entity @s {} merge value {transformation:[-0.5981997732467851f,-0.15838118585441469f,-0.8369852889019923f,0.6461478359772458f,-0.8518379539584119f,0.10997807791103348f,0.5880041370249433f,0.6690922547681479f,-0.0010363720125676202f,1.022884238284006f,-0.19281779893647683f,0.5306089505686047f,0f,0f,0f,1f],start_interpolation:0}
execute if entity @s[tag=aj.dino.bone.neck_0] run data modify entity @s {} merge value {transformation:[-0.7404738726670348f,-0.2452027159940725f,-0.6257587969550362f,0.6099044643241707f,-0.6347934989581331f,0.5609948972186931f,0.5313397585115182f,0.6945487984176091f,0.22076154007882481f,0.7906708249099103f,-0.5710551541298857f,0.48077805000542967f,0f,0f,0f,1f],start_interpolation:0}
execute if entity @s[tag=aj.dino.bone.neck_1] run data modify entity @s {} merge value {transformation:[-0.7759565446495501f,-0.05616747859389473f,-0.6282807136654246f,0.5564220851393952f,-0.4907059972996947f,0.6796082560281147f,0.545289136653699f,0.7438728154965855f,0.3963572441997786f,0.7314217884960965f,-0.5549081926621092f,0.43713961166879833f,0f,0f,0f,1f],start_interpolation:0}
execute if entity @s[tag=aj.dino.bone.neck_2] run data modify entity @s {} merge value {transformation:[-0.7253198390614021f,-0.010757507376951247f,-0.6883279793085392f,0.4960140689714598f,-0.3783494925181843f,0.8415568890568476f,0.38553036714660144f,0.7858875350533037f,0.575119807149062f,0.5400613655095091f,-0.614468004788557f,0.38859514424597635f,0f,0f,0f,1f],start_interpolation:0}
execute if entity @s[tag=aj.dino.bone.body_0] run data modify entity @s {} merge value {transformation:[-0.6137048770498061f,-0.4702708535795878f,-0.6342015832200423f,0.19263732333687839f,-0.32885242893188005f,0.8825192838712529f,-0.336178216993567f,0.6358551013805278f,0.717789944113795f,0.0022445197474947054f,-0.6962561010578061f,0.06047363663405586f,0f,0f,0f,1f],start_interpolation:0}
execute if entity @s[tag=aj.dino.bone.leg_left_3] run data modify entity @s {} merge value {transformation:[-0.5057245984563175f,0.02841115479323192f,-0.8622270216129343f,0.2988438289518015f,-0.03492420849052952f,0.9979640048958957f,0.05336801095652227f,0.053040199389806836f,0.8619877784385963f,0.05710211218037811f,-0.5037027085563796f,-0.46295084858702595f,0f,0f,0f,1f],start_interpolation:0}
execute if entity @s[tag=aj.dino.bone.leg_left_2] run data modify entity @s {} merge value {transformation:[-0.5053095886600121f,-0.33599885690583237f,-0.8269396515265899f,0.19418291772757643f,-0.33406799393267167f,0.952382755795061f,-0.1828328783197934f,0.2688706162642859f,0.8277215682454725f,0.17925973926923428f,-0.5786234966185493f,-0.43776361214633774f,0f,0f,0f,1f],start_interpolation:0}
execute if entity @s[tag=aj.dino.bone.leg_left_1] run data modify entity @s {} merge value {transformation:[-0.7184084281146013f,0.5968441486184771f,-0.35730434180652365f,0.3895844567768785f,-0.018787483903226702f,0.49681250959212914f,0.8676545169371028f,0.3581960723397474f,0.6953677881973638f,0.6300431672295608f,-0.34570109424884693f,-0.26211456690600476f,0f,0f,0f,1f],start_interpolation:0}
execute if entity @s[tag=aj.dino.bone.leg_left_0] run data modify entity @s {} merge value {transformation:[-0.7054401457578303f,-0.25263492937325654f,-0.6622158207214175f,0.26227478567725343f,-0.07494842276357218f,0.9556684527934695f,-0.28474645258648845f,0.7478880323374495f,0.7047956687426674f,-0.15123954772448278f,-0.6931014821262973f,-0.18312277921824724f,0f,0f,0f,1f],start_interpolation:0}
execute if entity @s[tag=aj.dino.bone.leg_right_3] run data modify entity @s {} merge value {transformation:[-0.9969952812419466f,0.04090553260264328f,-0.0657810503396361f,-0.2877119566415905f,0.0318586592031436f,0.9905862172415986f,0.13313140893402342f,0.04796986587829191f,0.07060761301070595f,0.13063569042751788f,-0.9889129796758943f,0.029642561101188597f,0f,0f,0f,1f],start_interpolation:0}
execute if entity @s[tag=aj.dino.bone.leg_right_2] run data modify entity @s {} merge value {transformation:[-0.9467005137001449f,0.27375036183673296f,-0.28439598494851087f,-0.23122156392756119f,0.30947190411068554f,0.9734529785940965f,-0.09315921067227932f,0.2715211969248562f,0.2450458680057317f,-0.1717912610153186f,-0.9810721098435008f,-0.04110141379660587f,0f,0f,0f,1f],start_interpolation:0}
execute if entity @s[tag=aj.dino.bone.leg_right_1] run data modify entity @s {} merge value {transformation:[-0.886917872653182f,0.40650690340368595f,-0.21938282670596643f,-0.12681462292818532f,-0.025217982469010386f,0.4316109197926936f,0.9017073068772912f,0.3404509899548074f,0.4612382687164483f,0.80527271864931f,-0.3725521548328531f,0.20661063670511384f,0f,0f,0f,1f],start_interpolation:0}
execute if entity @s[tag=aj.dino.bone.leg_right_0] run data modify entity @s {} merge value {transformation:[-0.8890520252167414f,-0.20652363617203673f,-0.4085761669019506f,-0.07126678103104821f,0.04697606103959496f,0.8466007102248148f,-0.5301513813393716f,0.7105494083418931f,0.4553896640759589f,-0.4905254582069309f,-0.7429704090363665f,0.021546116787325625f,0f,0f,0f,1f],start_interpolation:0}
execute if entity @s[tag=aj.dino.bone.tail_4] run data modify entity @s {} merge value {transformation:[-0.4062565697656617f,0.16686330643025205f,2.7263113483403543f,-0.340069184230531f,-0.14325181555582053f,2.7512072725234784f,-0.18973347768351037f,0.02789243925679563f,-2.7276539092161594f,-0.16934140716635598f,-0.3960921243305897f,-1.232542963622595f,0f,0f,0f,1f],start_interpolation:0}
execute if entity @s[tag=aj.dino.bone.tail_3] run data modify entity @s {} merge value {transformation:[-1.447114849466843f,0.5708662547171626f,1.384166123600126f,-0.580358982610597f,0.05098371530241639f,1.9426737364119533f,-0.7479070401284006f,0.13569924737663458f,-1.4963972732102133f,-0.48587652662467884f,-1.3640618489088459f,-0.9964937985059925f,0f,0f,0f,1f],start_interpolation:0}
execute if entity @s[tag=aj.dino.bone.tail_2] run data modify entity @s {} merge value {transformation:[-1.8270307737402944f,0.6834790527463135f,-0.11657105672386861f,-0.5598770307249716f,0.635991737891942f,1.521188546514272f,-1.048939364448565f,0.331527036321397f,-0.2761284776003828f,-1.0186342157092376f,-1.6446614464525204f,-0.6912013965482937f,0f,0f,0f,1f],start_interpolation:0}
execute if entity @s[tag=aj.dino.bone.tail_1] run data modify entity @s {} merge value {transformation:[-1.1130679247538278f,-0.1458585817100355f,-1.0136376665385636f,-0.33890714976637665f,0.38156271944100983f,1.3302154012607865f,-0.6104040689423571f,0.4462541382729553f,0.9503399055164361f,-0.7049173784140533f,-0.9421262142584027f,-0.4807573878767014f,0f,0f,0f,1f],start_interpolation:0}
execute if entity @s[tag=aj.dino.bone.tail_0] run data modify entity @s {} merge value {transformation:[-0.8301500020523667f,-0.4245362440807592f,-0.874331555039783f,-0.09365196384235926f,0.47593688676054324f,0.8249958506505579f,-0.8524679717233205f,0.7152737122868854f,0.8474495681143305f,-0.8791965311892399f,-0.3777279518802789f,-0.39159307957163775f,0f,0f,0f,1f],start_interpolation:0}
execute if entity @s[tag=aj.dino.bone.body_1] run data modify entity @s {} merge value {transformation:[-1.0490259101574662f,-0.11318652168568842f,-0.6444672576502586f,0.06380156147607415f,-0.11743419090916914f,1.2305245617671126f,-0.024962146334296807f,0.6381924999999999f,0.6437068010205099f,0.04003385133610322f,-1.0548191504345141f,-0.14905896674580704f,0f,0f,0f,1f],start_interpolation:0}