execute if entity @s[tag=aj.dino.bone.head_lower] run data modify entity @s {} merge value {transformation:[-1.1132834290817124f,0.0734173180165764f,0.31373789810499925f,-0.13663681966314173f,0.3220303818967336f,0.29156616766618443f,1.0744799522410482f,0.4078745546138345f,-0.010862984283054516f,1.119294702948126f,-0.30047117712812105f,0.8208063951706587f,0f,0f,0f,1f],start_interpolation:0}
execute if entity @s[tag=aj.dino.bone.head_upper] run data modify entity @s {} merge value {transformation:[-1.1588162574630592f,0.3223682761638662f,0.09255514060845094f,-0.12337734738756485f,0.33520129033698426f,1.1244085574321263f,0.28051447203384944f,0.4525648363001113f,-0.011307275813987995f,0.2951727775170771f,-1.1696529634969186f,0.7467981179396052f,0f,0f,0f,1f],start_interpolation:0}
execute if entity @s[tag=aj.dino.bone.neck_0] run data modify entity @s {} merge value {transformation:[-0.9480342448348988f,0.16866362010622446f,0.2697844581753848f,-0.10836397170933482f,0.21226065757550594f,0.9669305921302884f,0.14138827125396125f,0.4459435837922871f,-0.23701578822082003f,0.19130554946271983f,-0.9524839646308123f,0.6821800568400267f,0f,0f,0f,1f],start_interpolation:0}
execute if entity @s[tag=aj.dino.bone.neck_1] run data modify entity @s {} merge value {transformation:[-0.9476646189338134f,0.20372131101546698f,0.24582391555576813f,-0.08660094100818522f,0.2102169838023098f,0.9776547368897996f,0.00018750465615174905f,0.450463401063671f,-0.24029271678952216f,0.05185405360312767f,-0.9693144832214335f,0.600305283001772f,0f,0f,0f,1f],start_interpolation:0}
execute if entity @s[tag=aj.dino.bone.neck_2] run data modify entity @s {} merge value {transformation:[-0.9567820958235065f,0.13079687489995118f,0.25973101206437554f,-0.06256597321543808f,0.19682214955577865f,0.9487466800995525f,0.24726661409159129f,0.48141463392254985f,-0.2140772350247008f,0.2877010853585433f,-0.9334875590642306f,0.5213415451098908f,0f,0f,0f,1f],start_interpolation:0}
execute if entity @s[tag=aj.dino.bone.body_0] run data modify entity @s {} merge value {transformation:[-0.9841736513152404f,0.14575762065560935f,0.1007816455394688f,-0.013679438070086723f,0.158902623194553f,0.977625105469418f,0.13783725729206564f,0.5556899175555635f,-0.07843583618931817f,0.15167026464249572f,-0.9853141379400572f,0.05841153568530977f,0f,0f,0f,1f],start_interpolation:0}
execute if entity @s[tag=aj.dino.bone.leg_left_3] run data modify entity @s {} merge value {transformation:[-0.9721381919776599f,0.005344417373764322f,-0.2343475472484005f,0.411469673484472f,0.008291278644324676f,0.9998984430104003f,-0.011591305526969464f,0.009123355068471312f,0.23426179884233894f,-0.013211391611499257f,-0.9720837766030455f,-0.2337681065588043f,0f,0f,0f,1f],start_interpolation:0}
execute if entity @s[tag=aj.dino.bone.leg_left_2] run data modify entity @s {} merge value {transformation:[-0.9490011601108059f,-0.34674278831781324f,-0.17671569358330017f,0.3237108667180449f,-0.3070420725674869f,0.9532581488327101f,-0.22155420749376784f,0.22400308970711613f,0.2391321042488876f,-0.1520872773584876f,-0.9857725378016353f,-0.29931323256046916f,0f,0f,0f,1f],start_interpolation:0}
execute if entity @s[tag=aj.dino.bone.leg_left_1] run data modify entity @s {} merge value {transformation:[-0.9992483564045587f,-0.03811780442405582f,0.0070537372135333724f,0.3328820022151455f,-0.016261390700460423f,0.5773515049207619f,0.8163337595237737f,0.3378800257651845f,-0.03518933638583048f,0.8156054639049576f,-0.5775373908701531f,-0.04640748061424299f,0f,0f,0f,1f],start_interpolation:0}
execute if entity @s[tag=aj.dino.bone.leg_left_0] run data modify entity @s {} merge value {transformation:[-0.9968566351938406f,-0.0695335243897443f,0.03797285683162406f,0.18657952453117901f,-0.07415791189851474f,0.9876044011942733f,-0.13834070566739587f,0.7282846513331367f,-0.02788284370121362f,-0.14072183813339623f,-0.9896564612528391f,-0.024337321504425663f,0f,0f,0f,1f],start_interpolation:0}
execute if entity @s[tag=aj.dino.bone.leg_right_3] run data modify entity @s {} merge value {transformation:[-0.936702264791839f,-0.00835061740071788f,0.35002733367962274f,-0.2687489409311155f,0.01340872936072093f,0.9981265882128543f,0.05969522493046925f,0.03167286673423447f,-0.3498700803309283f,0.06061007417579373f,-0.934835464559211f,0.136126167236581f,0f,0f,0f,1f],start_interpolation:0}
execute if entity @s[tag=aj.dino.bone.leg_right_2] run data modify entity @s {} merge value {transformation:[-0.9564417337627413f,0.16215258569185645f,0.3331485379992841f,-0.2191718236636978f,-0.04235901483852955f,0.8683580343902291f,-0.5442630223270205f,0.21733141339164502f,-0.36808575533362425f,-0.5212706231546897f,-0.8030267826524171f,-0.009627342369625452f,0f,0f,0f,1f],start_interpolation:0}
execute if entity @s[tag=aj.dino.bone.leg_right_1] run data modify entity @s {} merge value {transformation:[-0.9706052201838985f,-0.20421652037288157f,-0.1273621582675097f,-0.2872264688045579f,-0.24005418104074486f,0.7833834344631078f,0.5733100250071023f,0.39496516893987194f,-0.017305973437604448f,0.5870315216541437f,-0.809379080448586f,0.19243254930695175f,0f,0f,0f,1f],start_interpolation:0}
execute if entity @s[tag=aj.dino.bone.leg_right_0] run data modify entity @s {} merge value {transformation:[-0.9928765633797504f,-0.06371066086875105f,0.10068307495742915f,-0.20499023347402837f,-0.11823795541392362f,0.6310735288518032f,-0.7666589770439448f,0.7189041707712372f,-0.014694073320605058f,-0.7731022913393802f,-0.6341111348455013f,-0.05778336396719165f,0f,0f,0f,1f],start_interpolation:0}
execute if entity @s[tag=aj.dino.bone.tail_4] run data modify entity @s {} merge value {transformation:[-0.3403521329960533f,2.423663118211253f,-1.27893660772829f,-0.6476648047416504f,-2.3870737619370628f,0.37079400931020784f,1.3379282452102221f,1.6930141613590162f,1.3459942838796455f,1.2704448920288396f,2.0493731958043058f,-0.6702107999868661f,0f,0f,0f,1f],start_interpolation:0}
execute if entity @s[tag=aj.dino.bone.tail_3] run data modify entity @s {} merge value {transformation:[-0.5827617771448361f,1.6732384842594408f,-1.0938954300739203f,-0.4785545159199238f,-1.5230221747655788f,0.366439497058311f,1.3718859559790035f,1.4568071019163729f,1.294889065640669f,1.1840357240528117f,1.1212792863044492f,-0.8719250501499556f,0f,0f,0f,1f],start_interpolation:0}
execute if entity @s[tag=aj.dino.bone.tail_2] run data modify entity @s {} merge value {transformation:[-0.864517394701493f,1.114287030912633f,-1.3526817667142665f,-0.2274680451723884f,-0.7715699271377491f,1.1122692771960379f,1.4093653811362157f,1.1945032899709127f,1.5735512056485388f,1.1575816786510096f,-0.05210696168765699f,-0.8607994753078005f,0f,0f,0f,1f],start_interpolation:0}
execute if entity @s[tag=aj.dino.bone.tail_1] run data modify entity @s {} merge value {transformation:[-1.1861797424204947f,0.3280482191186926f,-0.8792145555007059f,-0.04114769003793049f,-0.47141234254351383f,1.0169943374731032f,1.0154551545219919f,0.9640073391202609f,0.8114211434075936f,1.070403257413158f,-0.6953336210413065f,-0.7250312209076959f,0f,0f,0f,1f],start_interpolation:0}
execute if entity @s[tag=aj.dino.bone.tail_0] run data modify entity @s {} merge value {transformation:[-1.2643397737545157f,0.01232286049230457f,-0.1874267862278362f,0.013920145676578389f,-0.03710128160255258f,1.2339485930277896f,0.331406217884057f,0.8969401172936575f,0.1841307904448789f,0.33324875612379135f,-1.2201954085867222f,-0.360419876422966f,0f,0f,0f,1f],start_interpolation:0}
execute if entity @s[tag=aj.dino.bone.body_1] run data modify entity @s {} merge value {transformation:[-1.2315311276953589f,-0.07737341740575804f,0.07712996079735965f,0.001200158952143566f,-0.029502671155127527f,1.0759688195709065f,0.6082970382651495f,0.6830454411764706f,-0.10519158221245796f,0.6040770221142291f,-1.0736062022182506f,-0.1515103475031843f,0f,0f,0f,1f],start_interpolation:0}