execute if entity @s[tag=aj.dino.bone.head_lower] run data modify entity @s {} merge value {transformation:[-1.1000250555944784f,0.15577271680943044f,0.3475838280362557f,-0.12942330420554915f,0.38024497982075195f,0.5110592806335958f,0.9743546308965501f,0.40920294871720386f,-0.022212882200297795f,1.0342572465911197f,-0.5338101867595588f,0.8259744894770258f,0f,0f,0f,1f],start_interpolation:0}
execute if entity @s[tag=aj.dino.bone.head_upper] run data modify entity @s {} merge value {transformation:[-1.1450156220245196f,0.3889878601872744f,0.07666930432129324f,-0.11575875037054376f,0.3957968410600125f,1.1351555361781167f,0.15171447382986175f,0.44527422901291036f,-0.023121379826922393f,0.16840684543533854f,-1.1997312401049662f,0.7470425321662724f,0f,0f,0f,1f],start_interpolation:0}
execute if entity @s[tag=aj.dino.bone.neck_0] run data modify entity @s {} merge value {transformation:[-0.9515201452157509f,0.1874581468490007f,0.2438623718996731f,-0.10272548942202535f,0.2222482601949623f,0.9671024138452206f,0.1237684611484687f,0.4375076303138256f,-0.21263848214495026f,0.17196617200684008f,-0.9618796762570696f,0.6821229641763967f,0f,0f,0f,1f],start_interpolation:0}
execute if entity @s[tag=aj.dino.bone.neck_1] run data modify entity @s {} merge value {transformation:[-0.9557925335828663f,0.19338208887406372f,0.22150395131904288f,-0.08307031039525967f,0.20095591658917614f,0.979527275649356f,0.011959759477278314f,0.4430333386314014f,-0.21465635871096223f,0.05594357837727196f,-0.9750861314280377f,0.5997780959116038f,0f,0f,0f,1f],start_interpolation:0}
execute if entity @s[tag=aj.dino.bone.neck_2] run data modify entity @s {} merge value {transformation:[-0.9632634103587956f,0.12337774081327707f,0.2385404270469774f,-0.060964434739091584f,0.18592087412759453f,0.9473193325898103f,0.2608055035179043f,0.47515670512148334f,-0.19379636433012273f,0.295574043470343f,-0.935456548429171f,0.520718940964447f,0f,0f,0f,1f],start_interpolation:0}
execute if entity @s[tag=aj.dino.bone.body_0] run data modify entity @s {} merge value {transformation:[-0.9856522950439692f,0.1370055270485639f,0.09858518566550184f,-0.013196457527340444f,0.15080085441835728f,0.9771594742166749f,0.149727967512035f,0.5550316001712838f,-0.07581988908755845f,0.16244644504185612f,-0.9838000289245845f,0.0586051820294789f,0f,0f,0f,1f],start_interpolation:0}
execute if entity @s[tag=aj.dino.bone.leg_left_3] run data modify entity @s {} merge value {transformation:[-0.9697835328322695f,0.007589034105458588f,-0.24384894096286003f,0.40651658488734854f,0.010722805775040431f,0.9998760737879216f,-0.011526426278851837f,0.007674137247775659f,0.2437312472451429f,-0.013792883230029862f,-0.9697447269712427f,-0.2420801807005866f,0f,0f,0f,1f],start_interpolation:0}
execute if entity @s[tag=aj.dino.bone.leg_left_2] run data modify entity @s {} merge value {transformation:[-0.9486445393346109f,-0.3425523469531326f,-0.18653049908317548f,0.3194317957207511f,-0.3038116381360218f,0.9565583276497411f,-0.2115581571051614f,0.22363707313349998f,0.2446103555134675f,-0.14041458222537206f,-0.986160087701152f,-0.30490789660243556f,0f,0f,0f,1f],start_interpolation:0}
execute if entity @s[tag=aj.dino.bone.leg_left_1] run data modify entity @s {} merge value {transformation:[-0.9995915144502591f,-0.02777292400914367f,0.006743065402294362f,0.3314366230238731f,-0.010301785512566206f,0.5702150559185598f,0.8214308633226823f,0.33518623847827633f,-0.026658534361257924f,0.821025855071432f,-0.5702682420141714f,-0.0510850184135859f,0f,0f,0f,1f],start_interpolation:0}
execute if entity @s[tag=aj.dino.bone.leg_left_0] run data modify entity @s {} merge value {transformation:[-0.9974737541301114f,-0.06499696967434843f,0.028661886796470977f,0.18760155942360923f,-0.06825119155007911f,0.9887624043037215f,-0.1330063257424941f,0.7262980894365519f,-0.019694787979978326f,-0.13462652698735078f,-0.9907006679909667f,-0.025584565798921738f,0f,0f,0f,1f],start_interpolation:0}
execute if entity @s[tag=aj.dino.bone.leg_right_3] run data modify entity @s {} merge value {transformation:[-0.9379591735904994f,-0.005066813757310773f,0.3467086905108907f,-0.27167146263219705f,0.01950485060510994f,0.9975390775252239f,0.06734500436556401f,0.03269958583775592f,-0.3461966918968178f,0.06992936585208115f,-0.9355521013344077f,0.13675562498055144f,0f,0f,0f,1f],start_interpolation:0}
execute if entity @s[tag=aj.dino.bone.leg_right_2] run data modify entity @s {} merge value {transformation:[-0.9588002023288347f,0.1693041240933157f,0.32264606782025995f,-0.22074824664052967f,-0.035666892823371786f,0.8602807315717268f,-0.5574111006639849f,0.2160586084105103f,-0.3626185933887101f,-0.5322737791326041f,-0.7982822679211806f,-0.01142455918806734f,0f,0f,0f,1f],start_interpolation:0}
execute if entity @s[tag=aj.dino.bone.leg_right_1] run data modify entity @s {} merge value {transformation:[-0.9721473020039751f,-0.19599066248727287f,-0.12851958381582174f,-0.28653750926444005f,-0.23405309948714328f,0.7833111735405613f,0.5758843217408944f,0.3936557171689035f,-0.012197123712315856f,0.5899247965836902f,-0.807366066012709f,0.1914163280704615f,0f,0f,0f,1f],start_interpolation:0}
execute if entity @s[tag=aj.dino.bone.leg_right_0] run data modify entity @s {} merge value {transformation:[-0.993637518083029f,-0.06565234183310154f,0.09151094289552406f,-0.204228491625761f,-0.11230973276602196f,0.638386660420932f,-0.7614781649677385f,0.7193550338544822f,-0.008426540442139377f,-0.7669108434547258f,-0.6416983338047072f,-0.05647973742948911f,0f,0f,0f,1f],start_interpolation:0}
execute if entity @s[tag=aj.dino.bone.tail_4] run data modify entity @s {} merge value {transformation:[-0.3838127613713832f,2.447885345396773f,-1.2191006650806946f,-0.6680082680693793f,-2.1240725202601634f,0.5085119378005865f,1.6897907768093452f,1.682074930370561f,1.7224009476553679f,1.172575915028964f,1.81219812123561f,-0.6938678812840868f,0f,0f,0f,1f],start_interpolation:0}
execute if entity @s[tag=aj.dino.bone.tail_3] run data modify entity @s {} merge value {transformation:[-0.5413397320309328f,1.722711925104302f,-1.0368994375890799f,-0.5090465297943879f,-1.4053676776200426f,0.4437946425265541f,1.4710314517405876f,1.4282994778549054f,1.4379980915390567f,1.0822455656701029f,1.0473068081330668f,-0.8820430361261459f,0f,0f,0f,1f],start_interpolation:0}
execute if entity @s[tag=aj.dino.bone.tail_2] run data modify entity @s {} merge value {transformation:[-0.7886564298366885f,1.1526506348630685f,-1.3668179925029478f,-0.25526694180673537f,-0.662186047173556f,1.199346763651953f,1.393503087348221f,1.1690460353816339f,1.6608144235912348f,1.025542651219406f,-0.09344300896248486f,-0.8632000730970482f,0f,0f,0f,1f],start_interpolation:0}
execute if entity @s[tag=aj.dino.bone.tail_1] run data modify entity @s {} merge value {transformation:[-1.132662594955464f,0.34475511165233846f,-0.9412096519789509f,-0.05586128687192539f,-0.4617211720958578f,1.0811284655320166f,0.9516464943742582f,0.9514877641467836f,0.8896882910475903f,0.9999807018167758f,-0.7043788687679714f,-0.7246993135462396f,0f,0f,0f,1f],start_interpolation:0}
execute if entity @s[tag=aj.dino.bone.tail_0] run data modify entity @s {} merge value {transformation:[-1.2559267954479805f,0.020037664612127474f,-0.23681658104255704f,0.013825566779206367f,-0.035473834248641076f,1.2435917544514388f,0.2933545157793212f,0.8957728407419615f,0.23500044285808064f,0.294811391980215f,-1.2213503803574228f,-0.3606780215330089f,0f,0f,0f,1f],start_interpolation:0}
execute if entity @s[tag=aj.dino.bone.body_1] run data modify entity @s {} merge value {transformation:[-1.232349778726639f,-0.06668142668451447f,0.07397435544816618f,0.001119032644741423f,-0.021836694218158273f,1.0769077131236353f,0.6069576025198917f,0.6821263235294117f,-0.09716880525290289f,0.6036786892100713f,-1.0745859009570076f,-0.1515138958319973f,0f,0f,0f,1f],start_interpolation:0}