execute if entity @s[tag=aj.dino.bone.head_lower] run data modify entity @s {} merge value {transformation:[-0.9507948993728583f,-0.25251149735979256f,0.17951880967651324f,0.15076809229814392f,-0.30569268042775755f,0.8588692635725117f,-0.4109690660175098f,1.327478660157274f,-0.05040877363564393f,-0.44562487788668936f,-0.8937994314996087f,0.23904945038707798f,0f,0f,0f,1f],start_interpolation:0}
execute if entity @s[tag=aj.dino.bone.head_upper] run data modify entity @s {} merge value {transformation:[-0.9896820145926669f,-0.13806453931846796f,0.29144405219198954f,0.1674520491026011f,-0.3181953836853027f,0.5711061214909386f,-0.8099761961813737f,1.2843662951430284f,-0.05247047147368609f,-0.8592135494519761f,-0.5852101064104865f,0.17939690593151986f,0f,0f,0f,1f],start_interpolation:0}
execute if entity @s[tag=aj.dino.bone.neck_0] run data modify entity @s {} merge value {transformation:[-0.990126223539913f,-0.03471353359718023f,0.13581248854132769f,0.17711733953423844f,-0.1401396258870809f,0.22225688683943015f,-0.9648641155668883f,1.2184140089218045f,0.0033085819953335427f,-0.9743699743103963f,-0.22492711363359047f,0.18066747956683615f,0f,0f,0f,1f],start_interpolation:0}
execute if entity @s[tag=aj.dino.bone.neck_1] run data modify entity @s {} merge value {transformation:[-0.9686180204468459f,-0.21637462358007642f,-0.12231579103375975f,0.1657587757949162f,0.013924383041929063f,0.44409837265959584f,-0.89586982701618f,1.1445679819726007f,0.24816374034603805f,-0.8694588303489009f,-0.4271488034699214f,0.14047688143582468f,0f,0f,0f,1f],start_interpolation:0}
execute if entity @s[tag=aj.dino.bone.neck_2] run data modify entity @s {} merge value {transformation:[-0.9034421001790442f,-0.4116753604072952f,-0.11964852384213384f,0.15124610866692878f,-0.12329080369477931f,0.5167924436693196f,-0.8471864894405413f,1.0754078126177384f,0.41059925639042916f,-0.7506323785980836f,-0.517647836711224f,0.08777788844943418f,0f,0f,0f,1f],start_interpolation:0}
execute if entity @s[tag=aj.dino.bone.body_0] run data modify entity @s {} merge value {transformation:[-0.9848085472345561f,-0.14628059639968022f,-0.09356341384706457f,0.10575651705215672f,0.02679068655129931f,0.4043741225133315f,-0.9142011967590522f,0.6484003858242776f,0.17156451966497394f,-0.9028197805534209f,-0.39431213452492153f,-0.10666042881615384f,0f,0f,0f,1f],start_interpolation:0}
execute if entity @s[tag=aj.dino.bone.leg_left_3] run data modify entity @s {} merge value {transformation:[-0.9563245799938294f,-0.03325067027552341f,-0.29040952227131733f,0.465728503777476f,-0.03154390192854172f,0.9994466053370152f,-0.010557714309411215f,0.06759623815739788f,0.2905998622689777f,-0.000935952213001523f,-0.956844210957409f,-0.27919089612422043f,0f,0f,0f,1f],start_interpolation:0}
execute if entity @s[tag=aj.dino.bone.leg_left_2] run data modify entity @s {} merge value {transformation:[-0.9771945695962911f,-0.2973333338418708f,-0.09351930944298367f,0.39201437138442585f,-0.2967873833066191f,0.9816250647920534f,-0.019790926777223578f,0.29533955772013626f,0.09523771186995145f,0.008204892392350557f,-1.021236827322292f,-0.30869139012177826f,0f,0f,0f,1f],start_interpolation:0}
execute if entity @s[tag=aj.dino.bone.leg_left_1] run data modify entity @s {} merge value {transformation:[-0.9946008988829605f,0.04175229136515583f,0.095004200470118f,0.4181265961888663f,0.10139296921579369f,0.5859714223636654f,0.8039632814791409f,0.4098711796295089f,-0.02210243730479404f,0.8092553604016857f,-0.5870410921957046f,-0.057267355951740095f,0f,0f,0f,1f],start_interpolation:0}
execute if entity @s[tag=aj.dino.bone.leg_left_0] run data modify entity @s {} merge value {transformation:[-0.9925162295094111f,-0.12080817180236128f,-0.01780224104413186f,0.25673715044982426f,-0.04639414645966219f,0.5079102912978943f,-0.8601597056174903f,0.6739211347370144f,0.11295626292818653f,-0.8528965480170847f,-0.5097139992641355f,-0.33751429451882276f,0f,0f,0f,1f],start_interpolation:0}
execute if entity @s[tag=aj.dino.bone.leg_right_3] run data modify entity @s {} merge value {transformation:[-0.871555769728862f,0.013090413892110986f,0.49012159850027415f,-0.23945798796189274f,0.009627531088037614f,0.9999077059558749f,-0.009585938410440947f,0.011324750964750108f,-0.4902018470971726f,-0.003636019003405183f,-0.8716013586888945f,-0.24289019214401567f,0f,0f,0f,1f],start_interpolation:0}
execute if entity @s[tag=aj.dino.bone.leg_right_2] run data modify entity @s {} merge value {transformation:[-1.0084409758175445f,0.1869641177290199f,0.012386140426382124f,-0.19392966292864966f,0.17806256698538026f,0.9773394885586344f,-0.25527131809746767f,0.23097589719213052f,-0.058332838362537096f,-0.24882552579357825f,-0.9933505610723808f,-0.33149954631546275f,0f,0f,0f,1f],start_interpolation:0}
execute if entity @s[tag=aj.dino.bone.leg_right_1] run data modify entity @s {} merge value {transformation:[-0.9713005051639196f,0.10034838120401184f,-0.21565141098089055f,-0.17457485811995224f,-0.12904480725080886f,0.5392956392391756f,0.8321704460140428f,0.3307804615778716f,0.19980682268109906f,0.836116269359318f,-0.5108686893153076f,-0.0732790472872962f,0f,0f,0f,1f],start_interpolation:0}
execute if entity @s[tag=aj.dino.bone.leg_right_0] run data modify entity @s {} merge value {transformation:[-0.9799739970690295f,-0.18085817951640482f,-0.08331436833201014f,-0.12485625799894975f,-0.0991808951744084f,0.8061380544132151f,-0.5833563124363011f,0.7063176316109997f,0.17266764346846503f,-0.5634108235815923f,-0.8079320075168199f,-0.24879877065185255f,0f,0f,0f,1f],start_interpolation:0}
execute if entity @s[tag=aj.dino.bone.tail_4] run data modify entity @s {} merge value {transformation:[-0.5407670035541933f,2.106297874389848f,-1.70198168139608f,-0.616178198309488f,-1.7991249796860083f,1.0177297997500356f,1.831129895384424f,0.5438880692233639f,2.02395199719184f,1.46744562101686f,1.1729803894445991f,-1.5514805248921004f,0f,0f,0f,1f],start_interpolation:0}
execute if entity @s[tag=aj.dino.bone.tail_3] run data modify entity @s {} merge value {transformation:[-0.829141470889197f,1.2433540890461516f,-1.4500139849492342f,-0.3824766063375067f,-0.24986600318359417f,1.496548033458445f,1.4261334054180066f,0.2874236477869341f,1.893683428598666f,0.74186260105785f,-0.44670849493481374f,-1.4829949798347342f,0f,0f,0f,1f],start_interpolation:0}
execute if entity @s[tag=aj.dino.bone.tail_2] run data modify entity @s {} merge value {transformation:[-1.3084173726352046f,0.8273568486477852f,-1.192601567576016f,-0.16154521045725403f,0.7633347611021245f,1.7578774083198472f,0.3820483409395148f,0.21738443172979427f,1.2345597986660377f,-0.2100512730670276f,-1.5001714706004012f,-1.203253473265464f,0f,0f,0f,1f],start_interpolation:0}
execute if entity @s[tag=aj.dino.bone.tail_1] run data modify entity @s {} merge value {transformation:[-1.4771260849229748f,-0.05081281043855306f,-0.32120528877255516f,-0.09039307713821904f,0.09023706447891118f,1.3712137768983943f,-0.6318910509243421f,0.3365124540293497f,0.3124292742915645f,-0.6362759514073876f,-1.3361126869490727f,-0.9082576000299643f,0f,0f,0f,1f],start_interpolation:0}
execute if entity @s[tag=aj.dino.bone.tail_0] run data modify entity @s {} merge value {transformation:[-1.24739865175009f,-0.13071936877742132f,-0.24646453461404613f,-0.021524902979969236f,0.03396203646051756f,1.049671184488498f,-0.7286101159865923f,0.5747596999020987f,0.27690955251767724f,-0.7175922015079133f,-1.0208909092765566f,-0.6272463267277351f,0f,0f,0f,1f],start_interpolation:0}
execute if entity @s[tag=aj.dino.bone.body_1] run data modify entity @s {} merge value {transformation:[-1.2001543812323339f,0.010493078578874099f,-0.29685678629100215f,0.04678335822512152f,0.10189064276017887f,1.1751735285216385f,-0.37039177884527846f,0.5817143233629916f,0.279020345464272f,-0.3840073804241132f,-1.1416175251164722f,-0.33597062147464396f,0f,0f,0f,1f],start_interpolation:0}