execute if entity @s[tag=aj.dino.bone.head_lower] run data modify entity @s {} merge value {transformation:[-0.6574274627465944f,-0.5254268920857148f,0.5401071303914826f,0.33205956546379245f,-0.402296034302423f,0.8508244167742235f,0.33801732589520644f,0.8109755992946112f,-0.637139727227175f,0.004938916272719196f,-0.770732492564659f,0.5255813839460044f,0f,0f,0f,1f],start_interpolation:0}
execute if entity @s[tag=aj.dino.bone.head_upper] run data modify entity @s {} merge value {transformation:[-0.6843159720448206f,-0.4530347006861231f,0.6402680321256827f,0.36581275109605743f,-0.41874977448204453f,0.9294982888004995f,0.21012734251326629f,0.8462028711741166f,-0.6631984765958803f,-0.11943380457259727f,-0.7933317651208261f,0.46800345182441694f,0f,0f,0f,1f],start_interpolation:0}
execute if entity @s[tag=aj.dino.bone.neck_0] run data modify entity @s {} merge value {transformation:[-0.8752333572452428f,-0.17976675067688996f,0.4490551032070498f,0.39805025725244714f,-0.387063928793285f,0.8170526779722517f,-0.4273247435446241f,0.8054340251173575f,-0.2900828940015734f,-0.5478219024185186f,-0.7846929831712701f,0.42624964191066295f,0f,0f,0f,1f],start_interpolation:0}
execute if entity @s[tag=aj.dino.bone.neck_1] run data modify entity @s {} merge value {transformation:[-0.9443604577345464f,-0.3269802989880731f,0.03559789236834543f,0.39955950859348266f,-0.325858604938513f,0.9153832276821519f,-0.23641005914666968f,0.7896240463326365f,0.04471571820874831f,-0.23485619121470058f,-0.9710010679670749f,0.34291115394893246f,0f,0f,0f,1f],start_interpolation:0}
execute if entity @s[tag=aj.dino.bone.neck_2] run data modify entity @s {} merge value {transformation:[-0.9023142076575001f,-0.21773706689576283f,-0.3720479006244326f,0.3648335401689513f,-0.16563429291598414f,0.9719268788669853f,-0.167103031528762f,0.7845003390963876f,0.39798787879738196f,-0.089155548540237f,-0.9130481567227711f,0.26204839901641547f,0f,0f,0f,1f],start_interpolation:0}
execute if entity @s[tag=aj.dino.bone.body_0] run data modify entity @s {} merge value {transformation:[-0.7738569370072944f,-0.3816595869126217f,-0.5054516799491077f,0.12298027421291033f,-0.12260979734402118f,0.8732244889186161f,-0.47164163254326874f,0.5705359611224281f,0.6213793355438739f,-0.30300982107929875f,-0.7225460329200798f,-0.08137138405925132f,0f,0f,0f,1f],start_interpolation:0}
execute if entity @s[tag=aj.dino.bone.leg_left_3] run data modify entity @s {} merge value {transformation:[-0.9239050849682173f,0.04163472614044248f,-0.3803497647548657f,0.36858802360053766f,0.0042467299707352815f,0.9951166926128583f,0.09861406272840384f,0.04717548916679734f,0.3825981694342341f,0.08949479125880042f,-0.9195701838810979f,-0.5329602335261585f,0f,0f,0f,1f],start_interpolation:0}
execute if entity @s[tag=aj.dino.bone.leg_left_2] run data modify entity @s {} merge value {transformation:[-0.9691168186295508f,-0.2979715805666852f,-0.15520221816914864f,0.29283137030450557f,-0.3139365787564422f,0.9719096931002382f,0.09432694459800518f,0.27615431817939046f,0.11966041897274439f,0.13662607779295435f,-1.009493387050591f,-0.5321251219036441f,0f,0f,0f,1f],start_interpolation:0}
execute if entity @s[tag=aj.dino.bone.leg_left_1] run data modify entity @s {} merge value {transformation:[-0.9976285078754441f,0.013325762332418068f,0.06752617516544727f,0.31273862364468913f,0.06882662017874003f,0.18592302207925818f,0.9801507670841701f,0.27330954690561987f,0.000506585615887586f,0.9824739456693878f,-0.18639927427926897f,-0.2553418236347361f,0f,0f,0f,1f],start_interpolation:0}
execute if entity @s[tag=aj.dino.bone.leg_left_0] run data modify entity @s {} merge value {transformation:[-0.999647180621043f,0.004985795412875665f,-0.026089387123900576f,0.20058544742649037f,0.0146264161368251f,0.9232179524609092f,-0.38399828151292426f,0.6687554754074587f,0.022171653690968185f,-0.38424439371054914f,-0.9229651475947618f,-0.3284955061117063f,0f,0f,0f,1f],start_interpolation:0}
execute if entity @s[tag=aj.dino.bone.leg_right_3] run data modify entity @s {} merge value {transformation:[-0.8698985091392836f,-0.07003495517421111f,0.48823323202235824f,-0.2777381579835465f,-0.0688057297997427f,0.9974197901528485f,0.02048252323744204f,0.038265969993061366f,-0.48840798042617656f,-0.01577552741412397f,-0.8724727946422339f,-0.059979418982899685f,0f,0f,0f,1f],start_interpolation:0}
execute if entity @s[tag=aj.dino.bone.leg_right_2] run data modify entity @s {} merge value {transformation:[-0.9827684947800737f,0.28912948166633196f,0.05130719247591847f,-0.20723222784261802f,0.21228447062556946f,0.8233635208854302f,-0.5736462459626698f,0.21213323928604544f,-0.20288811867535386f,-0.5390165626464556f,-0.8487400992022641f,-0.2115385115823841f,0f,0f,0f,1f],start_interpolation:0}
execute if entity @s[tag=aj.dino.bone.leg_right_1] run data modify entity @s {} merge value {transformation:[-0.9937541602284344f,-0.005150339213627092f,-0.1114726111413188f,-0.22251055998351577f,-0.0971403549049328f,0.5315707013263439f,0.841425184398686f,0.3099837399352783f,0.05492194896052765f,0.8469982665256189f,-0.5287509016776935f,0.04770121868566826f,0f,0f,0f,1f],start_interpolation:0}
execute if entity @s[tag=aj.dino.bone.leg_right_0] run data modify entity @s {} merge value {transformation:[-0.998552247104036f,-0.05287348737780123f,0.009889597362359392f,-0.12796819792448363f,-0.04898411111914972f,0.8178624699679758f,-0.573324983823092f,0.6834710212747767f,0.022225360769780267f,-0.5729793840535552f,-0.8192683679895506f,-0.11315981145644655f,0f,0f,0f,1f],start_interpolation:0}
execute if entity @s[tag=aj.dino.bone.tail_4] run data modify entity @s {} merge value {transformation:[0.48032805453069816f,-2.3443579269047428f,-1.378017489798169f,-1.1857738266117863f,2.5559630754711673f,-0.08855457695236657f,1.041571973187048f,0.5127509267587558f,-0.9284390386335163f,-1.4566417984733517f,2.1544969143820074f,0.08280752401035124f,0f,0f,0f,1f],start_interpolation:0}
execute if entity @s[tag=aj.dino.bone.tail_3] run data modify entity @s {} merge value {transformation:[0.12734339203415423f,-1.8694791259681975f,-0.9081723317294261f,-1.0134870389584352f,2.0782387672639713f,0.1033490938120624f,0.07866458602063855f,0.498400967932203f,-0.02555020138489428f,-0.9112147323336323f,1.8721592947267556f,-0.22572455684434845f,0f,0f,0f,1f],start_interpolation:0}
execute if entity @s[tag=aj.dino.bone.tail_2] run data modify entity @s {} merge value {transformation:[0.11634859108656002f,-1.69458897287369f,-0.9662324220237284f,-0.8341837410434649f,1.869663536137884f,0.3729692662450661f,-0.42898259064416183f,0.5796191570419267f,0.5564127442747263f,-0.898908234723815f,1.6435153539158553f,-0.5310529326689566f,0f,0f,0f,1f],start_interpolation:0}
execute if entity @s[tag=aj.dino.bone.tail_1] run data modify entity @s {} merge value {transformation:[0.08549776068118994f,-0.5579193570697245f,-1.4032363927455014f,-0.5254846196487911f,0.9555168597546418f,1.10832298784487f,-0.38244468271796955f,0.6474560082948119f,1.16933054079808f,-0.8648713173770567f,0.41511437066830653f,-0.6109259009440774f,0f,0f,0f,1f],start_interpolation:0}
execute if entity @s[tag=aj.dino.bone.tail_0] run data modify entity @s {} merge value {transformation:[-0.31537145830658686f,0.03485740024746478f,-1.23820899751116f,-0.16281000076042584f,0.2760161929479727f,1.2475628678066883f,-0.035180515693861346f,0.6878424869901941f,1.2075560529847513f,-0.2760571844780834f,-0.31533557741230106f,-0.5254392677576681f,0f,0f,0f,1f],start_interpolation:0}
execute if entity @s[tag=aj.dino.bone.body_1] run data modify entity @s {} merge value {transformation:[-1.0333383339632807f,0.07283101185468928f,-0.6749163846955144f,-0.010807080884623515f,0.04628205428568845f,1.2339294999304298f,0.062294106533330326f,0.5902460714285714f,0.6772550878873765f,0.026799775557109266f,-1.034027036888785f,-0.2868476211608421f,0f,0f,0f,1f],start_interpolation:0}