execute if entity @s[tag=aj.dino.bone.head_lower] run data modify entity @s {} merge value {transformation:[0.05036290781259378f,0.04355010201783521f,0.9977810211318395f,-0.3224967912219675f,-0.47103986971961304f,0.8819890870841554f,-0.014720441535083506f,0.5777762761171601f,-0.8806730486685681f,-0.46925327796265204f,0.0649333694652898f,0.4392572633312681f,0f,0f,0f,1f],start_interpolation:0}
execute if entity @s[tag=aj.dino.bone.head_upper] run data modify entity @s {} merge value {transformation:[0.05242272975758395f,-0.45879975618299784f,0.932859359021869f,-0.2684738783861739f,-0.4903052041245329f,0.8127214226209375f,0.4272664725963251f,0.6253281410523861f,-0.916692209412009f,-0.46093233291116353f,-0.17518196329505134f,0.41654599912790097f,0f,0f,0f,1f],start_interpolation:0}
execute if entity @s[tag=aj.dino.bone.neck_0] run data modify entity @s {} merge value {transformation:[-0.30720727560491107f,0.14153276496160866f,0.9410590662959101f,-0.20982131047206234f,-0.24674057123046145f,0.9432152716319578f,-0.22240513004226597f,0.5957165839940922f,-0.9190988958345417f,-0.300521925660298f,-0.2548407186325462f,0.40524253859756687f,0f,0f,0f,1f],start_interpolation:0}
execute if entity @s[tag=aj.dino.bone.neck_1] run data modify entity @s {} merge value {transformation:[-0.42172603000540587f,-0.16643311586683263f,0.8913176614197302f,-0.13508174256616412f,-0.40537145282180703f,0.913907363290404f,-0.021149859590994663f,0.5981351702790864f,-0.8110617367703996f,-0.37023418165593336f,-0.4528857580897686f,0.36517154816617237f,0f,0f,0f,1f],start_interpolation:0}
execute if entity @s[tag=aj.dino.bone.neck_2] run data modify entity @s {} merge value {transformation:[-0.7463703518398896f,-0.24471000136938295f,0.6189089699820125f,-0.08325653883562203f,-0.31902879936186157f,0.9476920096878263f,-0.010023968853592857f,0.6065354925100952f,-0.5840821201441867f,-0.20493137876773593f,-0.7853987566352691f,0.2943583203140001f,0f,0f,0f,1f],start_interpolation:0}
execute if entity @s[tag=aj.dino.bone.body_0] run data modify entity @s {} merge value {transformation:[-0.87662961663602f,-0.17731196908232966f,0.44730412568713396f,0.12586710006478233f,-0.3295382882520508f,0.8986254376942877f,-0.28961498459965423f,0.4786015669003056f,-0.35060666253294814f,-0.40128890882866f,-0.8461927557233109f,-0.10827193070329133f,0f,0f,0f,1f],start_interpolation:0}
execute if entity @s[tag=aj.dino.bone.leg_left_3] run data modify entity @s {} merge value {transformation:[-0.9880013612242564f,0.08282655937430214f,-0.13035747497259687f,0.405238847788697f,0.07887401491752602f,0.9962627261508983f,0.03520611102024046f,0.013152850567391128f,0.13278629443510287f,0.024501868185810488f,-0.9908417928537322f,-0.23265879753984797f,0f,0f,0f,1f],start_interpolation:0}
execute if entity @s[tag=aj.dino.bone.leg_left_2] run data modify entity @s {} merge value {transformation:[-0.9212819415844479f,-0.20161864413189337f,0.40330101158997994f,0.3692763854765866f,-0.32587778056917427f,0.9318001664213236f,-0.2785934699327969f,0.22123877065735295f,-0.3116174830499619f,-0.37836565871693995f,-0.9009973207851375f,-0.34918357271997696f,0f,0f,0f,1f],start_interpolation:0}
execute if entity @s[tag=aj.dino.bone.leg_left_1] run data modify entity @s {} merge value {transformation:[-0.8797144736469179f,-0.43970935746799295f,0.1809920600778131f,0.25774201738787633f,0.038728332856868775f,0.31311192411864014f,0.9489262559381788f,0.25520270659720495f,-0.4739225264642455f,0.8417936825195396f,-0.25841988116230263f,-0.09735045049358809f,0f,0f,0f,1f],start_interpolation:0}
execute if entity @s[tag=aj.dino.bone.leg_left_0] run data modify entity @s {} merge value {transformation:[-0.8977902345947822f,0.2883836008160115f,0.33287774549620613f,0.2394813419195635f,-0.005541799595123659f,0.7483563450068087f,-0.6632737514369897f,0.6023819818444605f,-0.4403884457197907f,-0.5973254386583929f,-0.6702688544219143f,-0.3285221986261928f,0f,0f,0f,1f],start_interpolation:0}
execute if entity @s[tag=aj.dino.bone.leg_right_3] run data modify entity @s {} merge value {transformation:[-0.43502221325476254f,0.0363383551546941f,0.899686166348899f,-0.1662147756236435f,0.007762932865365252f,0.9992995444939308f,-0.0366081582102846f,0.020635040912560076f,-0.9003862564745508f,-0.008941158698554275f,-0.4349995917617295f,-0.2822581971606845f,0f,0f,0f,1f],start_interpolation:0}
execute if entity @s[tag=aj.dino.bone.leg_right_2] run data modify entity @s {} merge value {transformation:[-0.9263826388678992f,0.3149882263014901f,0.3076683656086249f,-0.08184597692043151f,0.2585108792281934f,0.9692578885963515f,-0.2139473538399163f,0.23955466774905615f,-0.3564400808347846f,-0.11568821109290868f,-0.9547925984680173f,-0.33817934572866165f,0f,0f,0f,1f],start_interpolation:0}
execute if entity @s[tag=aj.dino.bone.leg_right_1] run data modify entity @s {} merge value {transformation:[-0.9329677006123691f,-0.2666444908590843f,-0.24180981185338285f,-0.16004090167510465f,-0.2740504323073225f,0.09061742682483637f,0.9574365997327524f,0.2079358583192792f,-0.23338301173444134f,0.9595255064093633f,-0.1576171703324753f,-0.073794795702341f,0f,0f,0f,1f],start_interpolation:0}
execute if entity @s[tag=aj.dino.bone.leg_right_0] run data modify entity @s {} merge value {transformation:[-0.9398433887259203f,-0.08540179095513267f,0.3307581272921867f,-0.11121732173595099f,-0.2222326844414084f,0.8881995577952879f,-0.4021370158269697f,0.6152485819188543f,-0.259436001037142f,-0.45145108221590396f,-0.8537475515232504f,-0.15138269295619294f,0f,0f,0f,1f],start_interpolation:0}
execute if entity @s[tag=aj.dino.bone.tail_4] run data modify entity @s {} merge value {transformation:[0.01277431282889238f,-2.453331770402345f,1.2675414679079524f,-0.7503207734154557f,2.727361411282403f,0.20970471522148873f,0.3783979337437458f,0.5766797542750527f,-0.43243251586740233f,1.2501393875677913f,2.4240080368002532f,0.14516321045649777f,0f,0f,0f,1f],start_interpolation:0}
execute if entity @s[tag=aj.dino.bone.tail_3] run data modify entity @s {} merge value {transformation:[0.13104143100748983f,-2.0236372889285756f,0.47293317948919456f,-0.8107098842670528f,2.078080874617902f,0.13188534623877934f,-0.01147432086079724f,0.5773347734181566f,-0.01880287082465078f,0.47269853432153447f,2.027843207386476f,-0.20330978659670484f,0f,0f,0f,1f],start_interpolation:0}
execute if entity @s[tag=aj.dino.bone.tail_2] run data modify entity @s {} merge value {transformation:[0.2637089441831911f,-1.9009270043363482f,-0.36838565654134936f,-0.7424851281320445f,1.9300370566669913f,0.2879183473529828f,-0.10408583070005584f,0.5981797692584723f,0.15552629248066152f,-0.3497905436759852f,1.9163068707555306f,-0.5595152789292578f,0f,0f,0f,1f],start_interpolation:0}
execute if entity @s[tag=aj.dino.bone.tail_1] run data modify entity @s {} merge value {transformation:[0.4190277473154652f,-0.48106503006420803f,-1.371367359181722f,-0.44190197712668833f,0.9334604737269253f,1.1829919018678183f,-0.12976114250678755f,0.6107502635692561f,1.1138777046737365f,-0.8104090615019582f,0.6246357835301177f,-0.6850876843506001f,0f,0f,0f,1f],start_interpolation:0}
execute if entity @s[tag=aj.dino.bone.tail_0] run data modify entity @s {} merge value {transformation:[-0.449175208466824f,-0.08243009472804823f,-1.1938520126740741f,-0.09501985634305973f,0.09992587361351454f,1.2681429691059194f,-0.12515568814011846f,0.6779262133755893f,1.1925150600581063f,-0.13731134685223817f,-0.43919146410678706f,-0.560059298177498f,0f,0f,0f,1f],start_interpolation:0}
execute if entity @s[tag=aj.dino.bone.body_1] run data modify entity @s {} merge value {transformation:[-1.1029869184309873f,0.15113545277468532f,-0.5377569411369372f,0.019821054420151654f,0.040466910876740314f,1.208745178722354f,0.2567140765439417f,0.5368262209302326f,0.5571237581996109f,0.21141845446011964f,-1.0832912582585932f,-0.3224497883635437f,0f,0f,0f,1f],start_interpolation:0}