execute if entity @s[tag=aj.dino.bone.head_lower] run data modify entity @s {} merge value {transformation:[-0.9824730215980846f,0.00980022948250741f,0.18614703149397827f,0.13813797518414456f,0.028623854634752813f,0.9947048811344156f,0.09870599978327782f,0.6304274582628511f,-0.18419401938656554f,0.10230422742711115f,-0.9775512305105875f,0.7843661273696941f,0f,0f,0f,1f],start_interpolation:0}
execute if entity @s[tag=aj.dino.bone.head_upper] run data modify entity @s {} merge value {transformation:[-1.0226557588176874f,-0.05397927133705947f,0.1863689346603873f,0.14945620668169513f,0.02979455836270811f,0.9442614926253798f,0.43698336400870896f,0.6817643314352084f,-0.19172747803196802f,0.4346589633198846f,-0.9261663470223326f,0.7302192938477787f,0f,0f,0f,1f],start_interpolation:0}
execute if entity @s[tag=aj.dino.bone.neck_0] run data modify entity @s {} merge value {transformation:[-0.995984691398808f,-0.0222773888617124f,0.0867076262201059f,0.1557463157146243f,-0.04622931488032693f,0.9573995088135642f,-0.2850421564773212f,0.647807519838589f,-0.07666384379169315f,-0.2879060584097704f,-0.9545851227554476f,0.6731920571196816f,0f,0f,0f,1f],start_interpolation:0}
execute if entity @s[tag=aj.dino.bone.neck_1] run data modify entity @s {} merge value {transformation:[-0.9985853954232774f,-0.039350957536045963f,-0.035759057430714114f,0.15253576927011517f,-0.035984938388315194f,0.9952607631346423f,-0.09033879329412471f,0.6447396802780806f,0.039144504806242764f,-0.08892421214520672f,-0.9952689044865355f,0.5884700552754742f,0f,0f,0f,1f],start_interpolation:0}
execute if entity @s[tag=aj.dino.bone.neck_2] run data modify entity @s {} merge value {transformation:[-0.9861710722402272f,0.007904220004630431f,-0.1655419571669945f,0.13811043951159052f,-0.004107140099099214f,0.9973896701899148f,0.07209006310622337f,0.6608203787213622f,0.16567965378032096f,0.07177303884169392f,-0.9835643767535818f,0.5030051420474442f,0f,0f,0f,1f],start_interpolation:0}
execute if entity @s[tag=aj.dino.bone.body_0] run data modify entity @s {} merge value {transformation:[-0.9732815088481561f,-0.051243395970067884f,-0.22382408025883047f,0.03213483242504483f,-0.013982873974749857f,0.9861975338172984f,-0.16498152480833989f,0.5924599690164367f,0.22918896956368304f,-0.157443763490757f,-0.9605643536839185f,0.04879491562058602f,0f,0f,0f,1f],start_interpolation:0}
execute if entity @s[tag=aj.dino.bone.leg_left_3] run data modify entity @s {} merge value {transformation:[-0.9866911652433059f,0.06406107704653104f,-0.14945475180952178f,0.2345005481783017f,0.06619015172715331f,0.9977635928620491f,-0.00931002542167536f,0.02046626728638093f,0.14852409987993112f,-0.0190785525303738f,-0.9887247344879172f,-0.23602750629660502f,0f,0f,0f,1f],start_interpolation:0}
execute if entity @s[tag=aj.dino.bone.leg_left_2] run data modify entity @s {} merge value {transformation:[-1.0171303074722065f,-0.0862522159415621f,-0.10034287402381574f,0.2097162837461997f,-0.0649208293320486f,1.0030804469342578f,-0.20414970584770245f,0.24787300597089135f,0.11529710768717587f,-0.1960927630587995f,-1.0001581898558007f,-0.31246694313028456f,0f,0f,0f,1f],start_interpolation:0}
execute if entity @s[tag=aj.dino.bone.leg_left_1] run data modify entity @s {} merge value {transformation:[-0.9563170216512235f,0.030024040440331974f,0.29078567897296914f,0.22149634650046668f,0.28044212093854937f,0.3750223733741336f,0.8835782004284172f,0.29730801092018705f,-0.08252254784979324f,0.9265294255793872f,-0.36706028473795593f,-0.039646863101459956f,0f,0f,0f,1f],start_interpolation:0}
execute if entity @s[tag=aj.dino.bone.leg_left_0] run data modify entity @s {} merge value {transformation:[-0.9715731454234768f,0.2322861369492741f,-0.04570310353919528f,0.20344967672135947f,0.22934809358465205f,0.8756692148986006f,-0.42497397337714005f,0.7023873343832086f,-0.05869476178516295f,-0.4233752197047572f,-0.9040510761449995f,-0.1391070962455551f,0f,0f,0f,1f],start_interpolation:0}
execute if entity @s[tag=aj.dino.bone.leg_right_3] run data modify entity @s {} merge value {transformation:[-0.9587487259767463f,0.04785995709349475f,0.28019690388184976f,-0.24822082298450188f,0.0548032908329634f,0.9983525562130747f,0.016993316824464644f,0.028391208576777988f,-0.278921995819339f,0.0316480332695076f,-0.9597921244927612f,-0.08637255961785711f,0f,0f,0f,1f],start_interpolation:0}
execute if entity @s[tag=aj.dino.bone.leg_right_2] run data modify entity @s {} merge value {transformation:[-1.0006330202545648f,0.1723920525263322f,0.14517829900739393f,-0.20199746579120523f,0.09349611703394291f,0.918684078787865f,-0.44647535092316243f,0.22859199746197326f,-0.20507129096120988f,-0.4223301352119502f,-0.911945843795591f,-0.21268216909212467f,0f,0f,0f,1f],start_interpolation:0}
execute if entity @s[tag=aj.dino.bone.leg_right_1] run data modify entity @s {} merge value {transformation:[-0.9732383026877871f,-0.0791029080877842f,-0.21575434205005198f,-0.23142710180119289f,-0.2266289012187576f,0.4857886493987513f,0.844185245812621f,0.31127971665425586f,0.03803350251783172f,0.870489585260727f,-0.49071512574897613f,0.05058579948526132f,0f,0f,0f,1f],start_interpolation:0}
execute if entity @s[tag=aj.dino.bone.leg_right_0] run data modify entity @s {} merge value {transformation:[-0.9841441886155087f,-0.15684150898584565f,0.08283089443779418f,-0.1853191474570184f,-0.17714204164520225f,0.8454367093912347f,-0.5038427011434129f,0.7048388919503377f,0.008995170709415912f,-0.5105267000586394f,-0.8598148495060693f,-0.08091519157912797f,0f,0f,0f,1f],start_interpolation:0}
execute if entity @s[tag=aj.dino.bone.tail_4] run data modify entity @s {} merge value {transformation:[-2.457543521820078f,0.08970303374610221f,1.256222327335775f,0.3143456193333878f,0.8075211453324459f,2.22595885633824f,1.4208019219195644f,0.9824250894922891f,-0.9664630204002329f,1.6317848716133199f,-2.007209180572059f,-1.7485196789612258f,0f,0f,0f,1f],start_interpolation:0}
execute if entity @s[tag=aj.dino.bone.tail_3] run data modify entity @s {} merge value {transformation:[-1.736612770696919f,0.39852683412883017f,1.0776353618808479f,0.1277185870919751f,0.7588367727324504f,1.8642883298703905f,0.5334241290966437f,0.8737325445275208f,-0.862721486370783f,0.8375863607012505f,-1.7000312501144985f,-1.4684536422116583f,0f,0f,0f,1f],start_interpolation:0}
execute if entity @s[tag=aj.dino.bone.tail_2] run data modify entity @s {} merge value {transformation:[-1.6614091942115723f,0.5252137808775392f,0.884671605042431f,-0.0378434766260448f,0.7051347054478895f,1.8049109501634644f,0.2526962290096842f,0.8277077595828062f,-0.7491851650726601f,0.5340606907076354f,-1.724028608254141f,-1.1483873893867724f,0f,0f,0f,1f],start_interpolation:0}
execute if entity @s[tag=aj.dino.bone.tail_1] run data modify entity @s {} merge value {transformation:[-1.446818467849327f,0.2932896358129646f,0.3291713241077129f,-0.11088038610427277f,0.33574613049880886f,1.4648727797974332f,0.17052426473560306f,0.7727855215015669f,-0.28573957889169477f,0.23618886200081463f,-1.4663641991407037f,-0.8354563512699935f,0f,0f,0f,1f],start_interpolation:0}
execute if entity @s[tag=aj.dino.bone.tail_0] run data modify entity @s {} merge value {transformation:[-1.2506795096370733f,0.15413465363830728f,-0.2141938124825188f,-0.044568432010422834f,0.109635869315822f,1.2472320234350769f,0.2573479598936732f,0.7276803967718963f,0.2400342827959402f,0.23343201333551206f,-1.2335837040172002f,-0.4693413914989439f,0f,0f,0f,1f],start_interpolation:0}
execute if entity @s[tag=aj.dino.bone.body_1] run data modify entity @s {} merge value {transformation:[-1.222721874366072f,0.02301785489854271f,-0.1817305460258108f,-0.0038690415723754484f,0.007710425520697265f,1.2319479668510187f,0.10416021969149887f,0.6204841666666667f,0.18302011458104675f,0.10187728099905868f,-1.2184946665173506f,-0.1929206077719794f,0f,0f,0f,1f],start_interpolation:0}