execute if entity @s[tag=aj.dino.bone.head_lower] run data modify entity @s {} merge value {transformation:[-0.2010621420261159f,-0.08038073407064844f,0.9762750394402872f,-0.1509224667330413f,-0.28529382473916326f,0.9582284953607085f,0.020139122236393026f,0.44864639124386163f,-0.9371133595299822f,-0.2744760249439217f,-0.21559560088604274f,0.5203033078878282f,0f,0f,0f,1f],start_interpolation:0}
execute if entity @s[tag=aj.dino.bone.head_upper] run data modify entity @s {} merge value {transformation:[-0.20928549985909153f,-0.584841728072113f,0.8352434826072351f,-0.10654041612688739f,-0.2969622232985681f,0.8506539153274886f,0.5212228859663518f,0.5035871470740987f,-0.9754409054708588f,-0.13349161781604807f,-0.3378860318074015f,0.49371001127774367f,0f,0f,0f,1f],start_interpolation:0}
execute if entity @s[tag=aj.dino.bone.neck_0] run data modify entity @s {} merge value {transformation:[-0.4641859216542673f,0.10640495259466544f,0.8793232717273585f,-0.05125888645982482f,-0.15362422803433737f,0.9680401137586271f,-0.19823706695529492f,0.47510530033743653f,-0.8723136057054438f,-0.22710421444242535f,-0.4330042137019642f,0.46967934049152016f,0f,0f,0f,1f],start_interpolation:0}
execute if entity @s[tag=aj.dino.bone.neck_1] run data modify entity @s {} merge value {transformation:[-0.6116792866497598f,-0.19249072964609615f,0.7673302869585918f,0.012857279325445836f,-0.28072551961394854f,0.959638382172265f,0.016951640017302566f,0.48096226080904714f,-0.7396226287243515f,-0.2050402264486436f,-0.6410279811496289f,0.41443126230267346f,0f,0f,0f,1f],start_interpolation:0}
execute if entity @s[tag=aj.dino.bone.neck_2] run data modify entity @s {} merge value {transformation:[-0.8681847055007198f,-0.2820855735466215f,0.40826835088150326f,0.04586285480679225f,-0.24431074620737442f,0.9590759284822374f,0.14312799409455151f,0.502891299313982f,-0.4319346899963287f,0.024517189945172796f,-0.9015715894896907f,0.3356868678892623f,0f,0f,0f,1f],start_interpolation:0}
execute if entity @s[tag=aj.dino.bone.body_0] run data modify entity @s {} merge value {transformation:[-0.9358790164773878f,-0.28822069748519735f,0.20263093559094986f,0.1386163924653801f,-0.3117284586929273f,0.9454081858613969f,-0.09501963032549815f,0.46711509859575057f,-0.16418232108923686f,-0.15209270741034475f,-0.9746342769440965f,-0.12510348510991964f,0f,0f,0f,1f],start_interpolation:0}
execute if entity @s[tag=aj.dino.bone.leg_left_3] run data modify entity @s {} merge value {transformation:[-0.9676494296754726f,0.08199518936066308f,-0.23860295507483062f,0.40764758812273205f,0.07374449503561326f,0.9963359137003082f,0.043318547100673926f,0.016426508868269823f,0.2412806057284233f,0.02432151296033902f,-0.9701505724920456f,-0.2661975776148413f,0f,0f,0f,1f],start_interpolation:0}
execute if entity @s[tag=aj.dino.bone.leg_left_2] run data modify entity @s {} merge value {transformation:[-0.9569068266589262f,-0.25787395018841386f,0.2643719924811652f,0.35422329900276833f,-0.3313926592640079f,0.9236368534715333f,-0.2985566408503211f,0.22198406550013455f,-0.1630043863832106f,-0.36394805704127864f,-0.9450045403575605f,-0.38049109584566576f,0f,0f,0f,1f],start_interpolation:0}
execute if entity @s[tag=aj.dino.bone.leg_left_1] run data modify entity @s {} merge value {transformation:[-0.9408450963147935f,-0.3093052724138194f,0.13835011094111793f,0.28159466932759003f,0.029558739752984172f,0.3318300946592375f,0.9428759564134914f,0.26153664680886324f,-0.33754523496062283f,0.8911896749488595f,-0.30305804331831127f,-0.11558722436944932f,0f,0f,0f,1f],start_interpolation:0}
execute if entity @s[tag=aj.dino.bone.leg_left_0] run data modify entity @s {} merge value {transformation:[-0.953606197132298f,0.19417561724141819f,0.23006749109726676f,0.22822423909156309f,-0.013951658189367416f,0.7348753421945241f,-0.678058686743447f,0.6036485667950083f,-0.3007333902722538f,-0.6498107886942132f,-0.6980726085959547f,-0.3488645484801907f,0f,0f,0f,1f],start_interpolation:0}
execute if entity @s[tag=aj.dino.bone.leg_right_3] run data modify entity @s {} merge value {transformation:[-0.5422167851211455f,0.029834720435631637f,0.83970878725271f,-0.16959089400430039f,0.023014988016110988f,0.999521796272951f,-0.020651612574119182f,0.01593530792284928f,-0.8399233704687041f,0.008128236698138003f,-0.5426441407669221f,-0.2780209067339741f,0f,0f,0f,1f],start_interpolation:0}
execute if entity @s[tag=aj.dino.bone.leg_right_2] run data modify entity @s {} merge value {transformation:[-0.9680061022971411f,0.27570853368007486f,0.19751250560957942f,-0.09771787035896431f,0.24079705488381983f,0.9793530670396168f,-0.1869399581150819f,0.23807023653697643f,-0.23883710719959303f,-0.13005604190799014f,-0.9889916388364726f,-0.3385305260328029f,0f,0f,0f,1f],start_interpolation:0}
execute if entity @s[tag=aj.dino.bone.leg_right_1] run data modify entity @s {} merge value {transformation:[-0.9587350106985193f,-0.15905158992805427f,-0.23564755675005045f,-0.1475231611959893f,-0.24803700333669493f,0.06286810735091164f,0.9667084596991309f,0.198939133185569f,-0.13894180161730524f,0.9852665592718917f,-0.0997245353153634f,-0.06834248889032239f,0f,0f,0f,1f],start_interpolation:0}
execute if entity @s[tag=aj.dino.bone.leg_right_0] run data modify entity @s {} merge value {transformation:[-0.9674250019156899f,-0.11726146517501573f,0.22436268507360152f,-0.09934040151471844f,-0.19489812714062582f,0.910594373575428f,-0.36446207875422376f,0.6087994712116149f,-0.16156604131284524f,-0.3963175943580881f,-0.9037858035490012f,-0.13158965125453662f,0f,0f,0f,1f],start_interpolation:0}
execute if entity @s[tag=aj.dino.bone.tail_4] run data modify entity @s {} merge value {transformation:[-0.017695381098453894f,-2.2957190179807934f,1.5346082221756416f,-0.6116680482929018f,2.7593849814481017f,-0.07336456812442375f,-0.07793263695378831f,0.4791498830110774f,0.10555912677942532f,1.5329556948017828f,2.2944640856043805f,0.2774920378478534f,0f,0f,0f,1f],start_interpolation:0}
execute if entity @s[tag=aj.dino.bone.tail_3] run data modify entity @s {} merge value {transformation:[0.15504412441804025f,-1.8833957504099919f,0.8744868740384107f,-0.7415182002265934f,2.048795322081985f,-0.004053978564021866f,-0.37197690723648547f,0.5422630917592093f,0.3381487449967278f,0.8881157236755968f,1.8527955671529852f,-0.04536453148143493f,0f,0f,0f,1f],start_interpolation:0}
execute if entity @s[tag=aj.dino.bone.tail_2] run data modify entity @s {} merge value {transformation:[0.2927911821886199f,-1.929858051817787f,0.09324751186719804f,-0.7590954213406482f,1.8952528599796066f,0.26853783725238983f,-0.3932911157218091f,0.6168403857731745f,0.3755846048155957f,0.1493626620030643f,1.9119102685083438f,-0.40047120909339257f,0f,0f,0f,1f],start_interpolation:0}
execute if entity @s[tag=aj.dino.bone.tail_1] run data modify entity @s {} merge value {transformation:[0.6696671324892792f,-0.653729005338231f,-1.1882089754092393f,-0.4960547261204873f,0.8483846196229536f,1.2357954206008959f,-0.2017658682955856f,0.6443413043282242f,1.058038618789883f,-0.5771519002839224f,0.9138414606198683f,-0.5910754302836669f,0f,0f,0f,1f],start_interpolation:0}
execute if entity @s[tag=aj.dino.bone.tail_0] run data modify entity @s {} merge value {transformation:[-0.19895541716257079f,-0.0710858468204025f,-1.2606344676183978f,-0.1293834629234474f,0.031396121053129104f,1.2755153754277708f,-0.07687995326610103f,0.6975878716692344f,1.262246704154347f,-0.042930711771491575f,-0.19678904548350376f,-0.5346050919398276f,0f,0f,0f,1f],start_interpolation:0}
execute if entity @s[tag=aj.dino.bone.body_1] run data modify entity @s {} merge value {transformation:[-1.0302278023054428f,0.1965158116908361f,-0.6546883275029726f,0.009585668007586015f,0.01620017632911819f,1.1908578772101348f,0.33196334982905407f,0.5401983139534884f,0.6833540990584991f,0.2680366525278088f,-0.994880959340304f,-0.3213633756239379f,0f,0f,0f,1f],start_interpolation:0}