execute if entity @s[tag=aj.dino.bone.head_lower] run data modify entity @s {} merge value {transformation:[-0.781475013063208f,-0.5325668728497833f,0.3250681926932591f,0.42093815780905386f,-0.45602346101317237f,0.8431055149382465f,0.284983672666141f,0.9169247840679826f,-0.42583964935574825f,0.07446889702229642f,-0.901728881877949f,0.4460152282734065f,0f,0f,0f,1f],start_interpolation:0}
execute if entity @s[tag=aj.dino.bone.head_upper] run data modify entity @s {} merge value {transformation:[-0.8134370154829045f,-0.43301169175726245f,0.4840382621521627f,0.4443308031984992f,-0.47467463055883574f,0.9258628990881097f,0.030558628560537697f,0.9396740694958895f,-0.44325631358121115f,-0.1968519989158908f,-0.9210022114939357f,0.3779659031775604f,0f,0f,0f,1f],start_interpolation:0}
execute if entity @s[tag=aj.dino.bone.neck_0] run data modify entity @s {} merge value {transformation:[-0.9075383203512611f,-0.2687969740238398f,0.3226800022462485f,0.4698522243712426f,-0.4160196513883072f,0.6805250160654795f,-0.603169422441017f,0.8897602330528932f,-0.05746169813678481f,-0.6816405865738235f,-0.7294273534647099f,0.3418826349336479f,0f,0f,0f,1f],start_interpolation:0}
execute if entity @s[tag=aj.dino.bone.neck_1] run data modify entity @s {} merge value {transformation:[-0.9203790135990946f,-0.3705960219559975f,-0.12474397715620356f,0.45757748269276344f,-0.2875781771389728f,0.8576791546313193f,-0.426245539266197f,0.8576028620598356f,0.26495521010122275f,-0.3564338034211901f,-0.8959652227731394f,0.2643405750430782f,0f,0f,0f,1f],start_interpolation:0}
execute if entity @s[tag=aj.dino.bone.neck_2] run data modify entity @s {} merge value {transformation:[-0.8151240397399094f,-0.23100433214147867f,-0.5312342217609479f,0.40877570382046846f,-0.07458498195074993f,0.9512676157475611f,-0.2992106343319979f,0.8407032709130235f,0.5744648642915394f,-0.20427168614817817f,-0.7926305557652212f,0.192900246151682f,0f,0f,0f,1f],start_interpolation:0}
execute if entity @s[tag=aj.dino.bone.body_0] run data modify entity @s {} merge value {transformation:[-0.6637718015082186f,-0.42448724023540213f,-0.6158064455653791f,0.11450466372738374f,-0.007949043297130103f,0.8272993066976879f,-0.5617051449365453f,0.583854802519152f,0.7478929122763462f,-0.3679489638725149f,-0.552512218644935f,-0.0710018643919465f,0f,0f,0f,1f],start_interpolation:0}
execute if entity @s[tag=aj.dino.bone.leg_left_3] run data modify entity @s {} merge value {transformation:[-0.9362971238315567f,0.023686741616377564f,-0.3504092381435646f,0.3781552100804168f,-0.0010031107071458954f,0.9975386699816268f,0.07011130907490395f,0.04737258038775988f,0.35120747382944956f,0.0659965162935626f,-0.9339688271904208f,-0.5292341304275465f,0f,0f,0f,1f],start_interpolation:0}
execute if entity @s[tag=aj.dino.bone.leg_left_2] run data modify entity @s {} merge value {transformation:[-0.9676017523202818f,-0.3095390277599939f,-0.14140239991178338f,0.3001310282751361f,-0.3250152749222105f,0.9668922278696033f,0.10745552686246447f,0.2755703902880923f,0.10086684031263253f,0.14617526972592726f,-1.0102083302698472f,-0.5262243669278894f,0f,0f,0f,1f],start_interpolation:0}
execute if entity @s[tag=aj.dino.bone.leg_left_1] run data modify entity @s {} merge value {transformation:[-0.9981573493916268f,-0.01151184793009733f,0.0595767002503177f,0.3137228216306032f,0.0562059187342892f,0.19456486799242512f,0.9792780028379707f,0.27537097579120157f,-0.022864832269587593f,0.9808220988030013f,-0.19355931893081021f,-0.2490446255198884f,0f,0f,0f,1f],start_interpolation:0}
execute if entity @s[tag=aj.dino.bone.leg_left_0] run data modify entity @s {} merge value {transformation:[-0.9999967675074237f,0.0023091487233206365f,0.0010643340063834494f,0.19826757588659985f,0.0017437725081017163f,0.9274797556354676f,-0.37386931158335723f,0.6701677278300643f,-0.0018504680876866297f,-0.3738662470972033f,-0.9274807841941037f,-0.3205490965284181f,0f,0f,0f,1f],start_interpolation:0}
execute if entity @s[tag=aj.dino.bone.leg_right_3] run data modify entity @s {} merge value {transformation:[-0.8690249746624915f,-0.06336443785726695f,0.4906939386500394f,-0.2809982068433572f,-0.06844692008554581f,0.9976257701908069f,0.007605378491659265f,0.037260293610846096f,-0.4900108290065223f,-0.026977224954228496f,-0.8712988102769965f,-0.03321765536183968f,0f,0f,0f,1f],start_interpolation:0}
execute if entity @s[tag=aj.dino.bone.leg_right_2] run data modify entity @s {} merge value {transformation:[-0.9786142742850723f,0.2933572910643066f,0.09120198158816183f,-0.20828029756011224f,0.18164013562235756f,0.7981082396591027f,-0.6181361487730948f,0.20391319720185241f,-0.24775625682772848f,-0.5736086968207108f,-0.8134200019885499f,-0.19167896754931377f,0f,0f,0f,1f],start_interpolation:0}
execute if entity @s[tag=aj.dino.bone.leg_right_1] run data modify entity @s {} merge value {transformation:[-0.9934119499736143f,-0.041645159286325395f,-0.10676318821409381f,-0.2337160866522527f,-0.11089628696335499f,0.5842213708628525f,0.8039822158262397f,0.317779116088281f,0.02889136873466987f,0.8105251819253648f,-0.5849907847799758f,0.060116502642616115f,0f,0f,0f,1f],start_interpolation:0}
execute if entity @s[tag=aj.dino.bone.leg_right_0] run data modify entity @s {} merge value {transformation:[-0.9978688120220096f,-0.0465136278831606f,0.04576370193647161f,-0.13967648022698695f,-0.06489495470270153f,0.7806933396008352f,-0.6215356420649013f,0.6824472810283551f,-0.006817539726153288f,-0.6231808661408356f,-0.7820480351155168f,-0.12010824723118216f,0f,0f,0f,1f],start_interpolation:0}
execute if entity @s[tag=aj.dino.bone.tail_4] run data modify entity @s {} merge value {transformation:[1.4680066105805498f,-1.2861001719604386f,-1.9536028948010742f,-1.4124773173337921f,2.2226126867652325f,0.048727102257000596f,1.6380719904008703f,0.6403090701975828f,-0.7284303450035822f,-2.443201454810669f,1.0610453408262033f,-0.33289154749970995f,0f,0f,0f,1f],start_interpolation:0}
execute if entity @s[tag=aj.dino.bone.tail_3] run data modify entity @s {} merge value {transformation:[0.6206171766730432f,-1.193491713024868f,-1.5894519108811664f,-1.131285756677705f,1.9859605886897906f,0.3035546494201421f,0.5475040100590669f,0.5445021020701856f,-0.08209985526006879f,-1.6791002447146588f,1.2287503847445556f,-0.5248108912584765f,0f,0f,0f,1f],start_interpolation:0}
execute if entity @s[tag=aj.dino.bone.tail_2] run data modify entity @s {} merge value {transformation:[0.21007985422622175f,-0.9724576934381254f,-1.68195313975273f,-0.8186903982295876f,1.879486602957076f,0.5302328039188111f,-0.07181335499781775f,0.5593679953096494f,0.4921081579855553f,-1.609954372994519f,0.9922954966755952f,-0.7092956631612717f,0f,0f,0f,1f],start_interpolation:0}
execute if entity @s[tag=aj.dino.bone.tail_1] run data modify entity @s {} merge value {transformation:[-0.3430144105245828f,-0.2177472815269279f,-1.4569088803216579f,-0.5021904200523446f,0.9775385576479383f,1.0854106405932322f,-0.3923752790359995f,0.6296008409582606f,1.1020053232557736f,-1.0305950284542533f,-0.10542487771544129f,-0.6750642710667153f,0f,0f,0f,1f],start_interpolation:0}
execute if entity @s[tag=aj.dino.bone.tail_0] run data modify entity @s {} merge value {transformation:[-0.4940127680539557f,0.13533588003215571f,-1.1710983311232317f,-0.1567023729756329f,0.3394890020476086f,1.232307711025968f,-0.0007996365961902003f,0.6595722935875319f,1.128952753250735f,-0.31134807130587655f,-0.5122145800401661f,-0.5328966493830407f,0f,0f,0f,1f],start_interpolation:0}
execute if entity @s[tag=aj.dino.bone.body_1] run data modify entity @s {} merge value {transformation:[-1.0628722367215457f,0.015671935393931913f,-0.6313965425180892f,-0.010967137361501539f,0.0386205821280126f,1.235286614828988f,-0.03435149074906244f,0.5843532142857143f,0.6304091164465201f,-0.04925408329872675f,-1.062432574912766f,-0.2825783459841246f,0f,0f,0f,1f],start_interpolation:0}