execute if entity @s[tag=aj.dino.bone.head_lower] run data modify entity @s {} merge value {transformation:[-0.273689891716953f,-0.10015825546323398f,0.9565888181630203f,-0.1041592975563754f,-0.22772833809960877f,0.9730319192852255f,0.036724488811973655f,0.4149287713684268f,-0.9344697144361356f,-0.207791260438624f,-0.28911787368991065f,0.5294995752572572f,0f,0f,0f,1f],start_interpolation:0}
execute if entity @s[tag=aj.dino.bone.head_upper] run data modify entity @s {} merge value {transformation:[-0.2848836942507215f,-0.5979189681395146f,0.802998213492749f,-0.06231726466262751f,-0.23704233224107524f,0.8514206198964669f,0.5498779894888821f,0.47188075153924913f,-0.9726891363941926f,-0.032369401254910675f,-0.3691883101976896f,0.5030199089123493f,0f,0f,0f,1f],start_interpolation:0}
execute if entity @s[tag=aj.dino.bone.neck_0] run data modify entity @s {} merge value {transformation:[-0.504027202994191f,0.10329807382124509f,0.8574882428270798f,-0.008384324723012877f,-0.12872528298616812f,0.9727485837762644f,-0.19284707485830022f,0.4436629590294276f,-0.8540412051897632f,-0.20758058846166844f,-0.4769946741127453f,0.47582192314796834f,0f,0f,0f,1f],start_interpolation:0}
execute if entity @s[tag=aj.dino.bone.neck_1] run data modify entity @s {} merge value {transformation:[-0.6581419431811637f,-0.18899356908020873f,0.7287870837714168f,0.0524828368543442f,-0.24787596897334851f,0.9684074626263008f,0.027285350194072577f,0.45043571844047336f,-0.7109196063066803f,-0.16269117116799545f,-0.6841965333095021f,0.4171119988079793f,0f,0f,0f,1f],start_interpolation:0}
execute if entity @s[tag=aj.dino.bone.neck_2] run data modify entity @s {} merge value {transformation:[-0.8942427447380624f,-0.2769973779084251f,0.35157128169859597f,0.08057114046266928f,-0.2247210287291787f,0.9571711305783146f,0.18254831150774992f,0.47579962324120695f,-0.38707928481156917f,0.08423704303504471f,-0.9181904747112529f,0.3374963600941781f,0f,0f,0f,1f],start_interpolation:0}
execute if entity @s[tag=aj.dino.bone.body_0] run data modify entity @s {} merge value {transformation:[-0.9445153583692542f,-0.2993853472333614f,0.13512642845335243f,0.14140369980454578f,-0.307539050691374f,0.9505332916226126f,-0.04365997958004253f,0.4642778563593762f,-0.11537101067619981f,-0.08279417478929807f,-0.989865978057894f,-0.12981248137467616f,0f,0f,0f,1f],start_interpolation:0}
execute if entity @s[tag=aj.dino.bone.leg_left_3] run data modify entity @s {} merge value {transformation:[-0.9609317504145901f,0.08079484790158026f,-0.2647307379163073f,0.4083897521126605f,0.07142963174460146f,0.9964376689254001f,0.04483056608324673f,0.01742508608215665f,0.2674097581502638f,0.02416949521761297f,-0.9632797396119894f,-0.2746271125660311f,0f,0f,0f,1f],start_interpolation:0}
execute if entity @s[tag=aj.dino.bone.leg_left_2] run data modify entity @s {} merge value {transformation:[-0.9617460277297603f,-0.27259843588320876f,0.22977569584433827f,0.35045651879728673f,-0.33363609978267816f,0.9211806996516697f,-0.30360380599023523f,0.2222506563901346f,-0.1256731099659921f,-0.35941398253821716f,-0.9524127561557475f,-0.38803477673231934f,0f,0f,0f,1f],start_interpolation:0}
execute if entity @s[tag=aj.dino.bone.leg_left_1] run data modify entity @s {} merge value {transformation:[-0.952711280021115f,-0.2767178302092423f,0.12557252631374988f,0.2875948764490926f,0.026330838977372116f,0.33650652751238885f,0.9413129362015062f,0.26322086075864004f,-0.30273404803436993f,0.9001058823193205f,-0.3133073519323811f,-0.12085835199567416f,0f,0f,0f,1f],start_interpolation:0}
execute if entity @s[tag=aj.dino.bone.leg_left_0] run data modify entity @s {} merge value {transformation:[-0.9640356357497757f,0.16888769633582773f,0.2052126678129374f,0.22510623507244498f,-0.01698537783066889f,0.7314054696332462f,-0.6817312783865209f,0.6039166202724461f,-0.26522969280319114f,-0.6606988610682994f,-0.7022323155755344f,-0.3539438464235014f,0f,0f,0f,1f],start_interpolation:0}
execute if entity @s[tag=aj.dino.bone.leg_right_3] run data modify entity @s {} merge value {transformation:[-0.5680083335873171f,0.02896980823711962f,0.8225127860319638f,-0.17073996328784272f,0.026870465494641685f,0.999500296545849f,-0.016647380840859496f,0.014901940216883097f,-0.8225840449823105f,0.012645450385963514f,-0.5685029300936588f,-0.2771265813888997f,0f,0f,0f,1f],start_interpolation:0}
execute if entity @s[tag=aj.dino.bone.leg_right_2] run data modify entity @s {} merge value {transformation:[-0.9760708801518535f,0.2660430449320229f,0.1690234737058066f,-0.10198787820676282f,0.2363900238558051f,0.9817044443681167f,-0.18010646859575374f,0.23780299387873066f,-0.20848883193526638f,-0.13243746317367666f,-0.9955174156221892f,-0.33844006391483117f,0f,0f,0f,1f],start_interpolation:0}
execute if entity @s[tag=aj.dino.bone.leg_right_1] run data modify entity @s {} merge value {transformation:[-0.9636766668608181f,-0.13147979934335036f,-0.23246579127401926f,-0.14456994024061495f,-0.2413405413739193f,0.055941430802978365f,0.9688267643955029f,0.19681114625571633f,-0.11437667960457296f,0.9897391669951974f,-0.08564085752889766f,-0.06729467472083746f,0f,0f,0f,1f],start_interpolation:0}
execute if entity @s[tag=aj.dino.bone.leg_right_0] run data modify entity @s {} merge value {transformation:[-0.9727116701959858f,-0.12343299876231523f,0.19645941433557673f,-0.09592411392858308f,-0.18789217552572593f,0.9158341845995102f,-0.3548862869922706f,0.6071346536828115f,-0.13611956891184063f,-0.38211521971192497f,-0.9140346939934838f,-0.12709000396651793f,0f,0f,0f,1f],start_interpolation:0}
execute if entity @s[tag=aj.dino.bone.tail_4] run data modify entity @s {} merge value {transformation:[0.0012943475770072258f,-2.2346063945463484f,1.6224037468265775f,-0.573985541609956f,2.751698585954087f,-0.13524822675618697f,-0.18847848900493225f,0.452933273486445f,0.23197962911132f,1.6167570968490832f,2.2266439484267564f,0.3014054491465289f,0f,0f,0f,1f],start_interpolation:0}
execute if entity @s[tag=aj.dino.bone.tail_3] run data modify entity @s {} merge value {transformation:[0.18420292579852057f,-1.835596391206249f,0.9657125331910644f,-0.7197719484266583f,2.0297281946544588f,-0.04000356248645611f,-0.46319401643111235f,0.5318653280067039f,0.42687031285445287f,0.9823090804952537f,1.785720059926682f,-0.01099934881830944f,0f,0f,0f,1f],start_interpolation:0}
execute if entity @s[tag=aj.dino.bone.tail_2] run data modify entity @s {} merge value {transformation:[0.3147255847895269f,-1.9177073990285374f,0.2052316081720039f,-0.7581476578882111f,1.8797462964039127f,0.25846799517829494f,-0.46746340137711484f,0.6202172255228471f,0.43159650419974377f,0.27270222254776305f,1.8863010974875791f,-0.36127457074780867f,0f,0f,0f,1f],start_interpolation:0}
execute if entity @s[tag=aj.dino.bone.tail_1] run data modify entity @s {} merge value {transformation:[0.7303678573916202f,-0.6865273543237915f,-1.1326514179809906f,-0.5067193950027387f,0.8257583739472912f,1.2473180232862253f,-0.22355560078259834f,0.6522878159655431f,1.0355395457176415f,-0.5104254995104751f,0.977128399292735f,-0.5662916013815554f,0f,0f,0f,1f],start_interpolation:0}
execute if entity @s[tag=aj.dino.bone.tail_0] run data modify entity @s {} merge value {transformation:[-0.13473015166338143f,-0.06448659903547242f,-1.269458538654031f,-0.13731028155401612f,0.012073730675512404f,1.2764472911237215f,-0.06612302620506577f,0.7024134479908783f,1.2710380512967991f,-0.018960699137395353f,-0.13393461325543782f,-0.5276103499039887f,0f,0f,0f,1f],start_interpolation:0}
execute if entity @s[tag=aj.dino.bone.body_1] run data modify entity @s {} merge value {transformation:[-1.009676716975709f,0.2102792757173482f,-0.6818651981566379f,0.007050024142145178f,0.01012107864258523f,1.1855642665755748f,0.35062733584602307f,0.5410413372093024f,0.7134809640211254f,0.28075717458180244f,-0.969909747325275f,-0.32103090802208006f,0f,0f,0f,1f],start_interpolation:0}