execute if entity @s[tag=aj.dino.bone.head_lower] run data modify entity @s {} merge value {transformation:[-0.7520020953145167f,-0.6558828717217351f,-0.0656544531972259f,0.13588633673885078f,-0.6572031440784145f,0.7383698069655042f,0.15130781729696247f,0.36502789062094804f,-0.05076293978901797f,0.1569321087087477f,-0.9863039273977379f,0.661925929916962f,0f,0f,0f,1f],start_interpolation:0}
execute if entity @s[tag=aj.dino.bone.head_upper] run data modify entity @s {} merge value {transformation:[-0.7827586676786741f,-0.46440332145365193f,-0.5050647144477928f,0.09039746142663632f,-0.6840824788365784f,0.4692320652319565f,0.6287482593935848f,0.4186962623966183f,-0.052839122875163895f,0.8047501267874867f,-0.6580708192229878f,0.6346143099434943f,0f,0f,0f,1f],start_interpolation:0}
execute if entity @s[tag=aj.dino.bone.neck_0] run data modify entity @s {} merge value {transformation:[-0.8704735653458553f,-0.4070056734133817f,-0.27680706971353697f,0.0793863342716425f,-0.4880987096954067f,0.641183382062198f,0.5921516023460215f,0.44673600367442595f,-0.06352496853800318f,0.650561490081146f,-0.7567921286559768f,0.5751394056380055f,0f,0f,0f,1f],start_interpolation:0}
execute if entity @s[tag=aj.dino.bone.neck_1] run data modify entity @s {} merge value {transformation:[-0.8978862380149505f,-0.4241577444651505f,-0.11785801370121601f,0.06744817191568679f,-0.3521457059313568f,0.5313549745935499f,0.7704902937537854f,0.5144545301890577f,-0.26418498325504086f,0.7333158247201026f,-0.6264616475392644f,0.5254481761223133f,0f,0f,0f,1f],start_interpolation:0}
execute if entity @s[tag=aj.dino.bone.neck_2] run data modify entity @s {} merge value {transformation:[-0.9724562588918215f,-0.17903858339149603f,-0.14924479957200848f,0.05262030850666468f,-0.23295397755334626f,0.7680484231216179f,0.5965182847846924f,0.5742336799159579f,0.007827444295406695f,0.6148551092717394f,-0.7886012463331767f,0.4623806082383931f,0f,0f,0f,1f],start_interpolation:0}
execute if entity @s[tag=aj.dino.bone.body_0] run data modify entity @s {} merge value {transformation:[-0.9731674585195521f,-0.22982460429005075f,0.011213783550494447f,0.055715956005706314f,-0.2280134959723264f,0.9697504618505642f,0.08714291362523606f,0.6245418936588094f,-0.030902157417786208f,0.08224775379023466f,-0.9961327038419064f,-0.006309486920113766f,0f,0f,0f,1f],start_interpolation:0}
execute if entity @s[tag=aj.dino.bone.leg_left_3] run data modify entity @s {} merge value {transformation:[-0.9846911666770931f,0.02566419157827496f,-0.17240839752964005f,0.31798398615273415f,0.028839639084799706f,0.9994569767838349f,-0.015938217452902442f,0.027737282083517834f,0.17190573430099212f,-0.020666417898395212f,-0.9848966025353557f,-0.1712542967940097f,0f,0f,0f,1f],start_interpolation:0}
execute if entity @s[tag=aj.dino.bone.leg_left_2] run data modify entity @s {} merge value {transformation:[-1.0141806511655438f,-0.13914700938526206f,-0.0643266358615552f,0.28198766128212116f,-0.1224490711435887f,0.9942737474616629f,-0.2202002261245632f,0.2525059108736153f,0.09222814797121154f,-0.2100476717042448f,-0.9997180321641304f,-0.2509687884103045f,0f,0f,0f,1f],start_interpolation:0}
execute if entity @s[tag=aj.dino.bone.leg_left_1] run data modify entity @s {} merge value {transformation:[-0.9693204130176045f,0.055834811018281166f,0.23937504211160598f,0.30376530187125594f,0.2312794518815636f,0.5369464482539807f,0.8112942295152845f,0.35074340287370515f,-0.08323311867726604f,0.8417665861662535f,-0.5333865974781034f,0.007659352354903892f,0f,0f,0f,1f],start_interpolation:0}
execute if entity @s[tag=aj.dino.bone.leg_left_0] run data modify entity @s {} merge value {transformation:[-0.9926447646303427f,0.0999561928739931f,-0.06830176248171278f,0.23315115171150994f,0.11960912729871812f,0.7225442159636095f,-0.680899047322268f,0.7037748088514784f,-0.01870903308058096f,-0.6840603887696394f,-0.7291854061879733f,-0.20374014328079204f,0f,0f,0f,1f],start_interpolation:0}
execute if entity @s[tag=aj.dino.bone.leg_right_3] run data modify entity @s {} merge value {transformation:[-0.9466702210192999f,0.005909462443035432f,0.3221499198958516f,-0.22390365154161562f,0.009379663847590952f,0.9999134951422897f,0.009220853454871503f,0.027359094969881287f,-0.32206756207568543f,0.01175076533526126f,-0.9466437582177679f,-0.19189003658615078f,0f,0f,0f,1f],start_interpolation:0}
execute if entity @s[tag=aj.dino.bone.leg_right_2] run data modify entity @s {} merge value {transformation:[-1.01586181585694f,0.12595655689642857f,0.06497627535748257f,-0.19095931710184044f,0.10200448684904187f,0.9762420716334412f,-0.2976721379911206f,0.24556205450571097f,-0.09839743516575136f,-0.2883549251327916f,-0.9794036866405792f,-0.28922046011415625f,0f,0f,0f,1f],start_interpolation:0}
execute if entity @s[tag=aj.dino.bone.leg_right_1] run data modify entity @s {} merge value {transformation:[-0.9656344881401365f,0.0166714553348853f,-0.2593686524839754f,-0.19190547732789404f,-0.21948421555558575f,0.4821731313971747f,0.8481366343229091f,0.3272002744934346f,0.13920026737145835f,0.8759173099874552f,-0.4619438836352902f,-0.023989067783179913f,0f,0f,0f,1f],start_interpolation:0}
execute if entity @s[tag=aj.dino.bone.leg_right_0] run data modify entity @s {} merge value {transformation:[-0.9791285952654967f,-0.2027674082573647f,-0.013877034337573077f,-0.15654008505409303f,-0.1695715699832969f,0.8526533977733707f,-0.49419395576931746f,0.7219272266885726f,0.11203872806674865f,-0.48152628320177643f,-0.8692409113698387f,-0.15531766636136668f,0f,0f,0f,1f],start_interpolation:0}
execute if entity @s[tag=aj.dino.bone.tail_4] run data modify entity @s {} merge value {transformation:[-1.1821715917622257f,-0.633706892771232f,2.4138241927043063f,-0.0373427734241219f,1.4610496764703376f,1.9896280611252128f,1.237891494788233f,0.919858742723279f,-2.023231450456493f,1.8070575762928405f,-0.5164675647573215f,-1.8557133112345197f,0f,0f,0f,1f],start_interpolation:0}
execute if entity @s[tag=aj.dino.bone.tail_3] run data modify entity @s {} merge value {transformation:[-1.935330181631958f,-0.011846474454826677f,0.7683113139553838f,-0.16750405294391912f,0.3489300697782602f,1.8414534972092307f,0.907327035894377f,0.7479895387856981f,-0.6846096847937485f,0.9720361128596657f,-1.709503115185146f,-1.575356892569997f,0f,0f,0f,1f],start_interpolation:0}
execute if entity @s[tag=aj.dino.bone.tail_2] run data modify entity @s {} merge value {transformation:[-1.9365428444278934f,0.25980502009752854f,-0.03281826061848821f,-0.16277335553978495f,0.2505399954799466f,1.9094088508032103f,0.33190574888369795f,0.6869285948934234f,0.07619315824146258f,0.32470458421350146f,-1.9254961466153873f,-1.2172777594133781f,0f,0f,0f,1f],start_interpolation:0}
execute if entity @s[tag=aj.dino.bone.tail_1] run data modify entity @s {} merge value {transformation:[-1.498833137827668f,0.10872916429543089f,-0.1712700901537801f,-0.12581510164942042f,0.1051360852804661f,1.5083753726673692f,0.03750184932072386f,0.6603198405751892f,0.17349892945365766f,0.025257750537071095f,-1.502303703488826f,-0.8944732695718716f,0f,0f,0f,1f],start_interpolation:0}
execute if entity @s[tag=aj.dino.bone.tail_0] run data modify entity @s {} merge value {transformation:[-1.2130195863353794f,0.0318411773785426f,-0.4017528334360824f,-0.0076452017845680675f,0.029433755593882414f,1.2778166941126219f,0.012404308233728612f,0.6875310064659472f,0.40193638026734024f,0.0025203678830557127f,-1.2133740192320543f,-0.5398363587495805f,0f,0f,0f,1f],start_interpolation:0}
execute if entity @s[tag=aj.dino.bone.body_1] run data modify entity @s {} merge value {transformation:[-1.2256229661652263f,0.04873702662627039f,-0.15516972030725873f,0.02514680000000003f,0.05709140492156367f,1.23341302739939f,-0.06354109207279919f,0.6192243f,0.15229416058629675f,-0.0701541241364476f,-1.224944685516131f,-0.2503285f,0f,0f,0f,1f],start_interpolation:0}