execute if entity @s[tag=aj.dino.bone.head_lower] run data modify entity @s {} merge value {transformation:[0.09955268480365656f,0.1684384454635549f,0.9806720925152325f,-0.5270272415165966f,-0.4651448291109978f,0.8791303972693443f,-0.10377876732908731f,0.8075915858246466f,-0.879618980524911f,-0.445823097973698f,0.16586806327153558f,0.11929988130844008f,0f,0f,0f,1f],start_interpolation:0}
execute if entity @s[tag=aj.dino.bone.head_upper] run data modify entity @s {} merge value {transformation:[0.1036243481318408f,-0.24964292455785467f,1.0051926916148761f,-0.46330540348189414f,-0.4841690588112922f,0.8813614428812305f,0.2688015477552342f,0.8457624946671283f,-0.9155950303204714f,-0.49432009852323744f,-0.028378217560982244f,0.10595950772240545f,0f,0f,0f,1f],start_interpolation:0}
execute if entity @s[tag=aj.dino.bone.neck_0] run data modify entity @s {} merge value {transformation:[-0.020988088118691225f,0.31516648719259666f,0.9488042925218038f,-0.40706290016771174f,-0.39868897463041425f,0.8676524036391495f,-0.29702930489659535f,0.8126012238981749f,-0.9168460076072047f,-0.3845118877354572f,0.10744303851271314f,0.11944458081227875f,0f,0f,0f,1f],start_interpolation:0}
execute if entity @s[tag=aj.dino.bone.neck_1] run data modify entity @s {} merge value {transformation:[-0.07448157790788434f,0.0639652470592589f,0.9951688006167594f,-0.32246436126741806f,-0.6202797525227937f,0.778427221173327f,-0.09645771066448477f,0.8080161067019834f,-0.780836425355921f,-0.6244673798566422f,-0.01830214010346276f,0.11501730616934952f,0f,0f,0f,1f],start_interpolation:0}
execute if entity @s[tag=aj.dino.bone.neck_2] run data modify entity @s {} merge value {transformation:[-0.4479380704943933f,0.07870536682892484f,0.8905935943145358f,-0.24367110822139787f,-0.44590091482031224f,0.8437234906853499f,-0.2988361514745771f,0.7900963988626657f,-0.7749347451006232f,-0.5309765875234542f,-0.3428410773781041f,0.0797832638307254f,0f,0f,0f,1f],start_interpolation:0}
execute if entity @s[tag=aj.dino.bone.body_0] run data modify entity @s {} merge value {transformation:[-0.6412310677721129f,0.2964617728681004f,0.7077662996722425f,0.09272066365429094f,-0.36707198064178925f,0.691466969117978f,-0.6221989968221668f,0.5034434321211766f,-0.6738552357528651f,-0.6587745045512159f,-0.33456729278539776f,-0.08417269725566562f,0f,0f,0f,1f],start_interpolation:0}
execute if entity @s[tag=aj.dino.bone.leg_left_3] run data modify entity @s {} merge value {transformation:[-0.9914661793885402f,0.06575253366293854f,0.11256739956841144f,0.40283921799433264f,0.06667082641591437f,0.997765285232314f,0.004408683510650047f,0.010133033641147982f,-0.1120259614272931f,0.011876022153154142f,-0.9936343110340479f,-0.15754185832785672f,0f,0f,0f,1f],start_interpolation:0}
execute if entity @s[tag=aj.dino.bone.leg_left_2] run data modify entity @s {} merge value {transformation:[-0.7597769760353233f,-0.09965645542949841f,0.6818135647510554f,0.39950183451020965f,-0.3350416507912211f,0.9402941322401289f,-0.23591574048920455f,0.22150360120053808f,-0.6021197874363596f,-0.3974641307925842f,-0.7290653097024857f,-0.2736556693372141f,0f,0f,0f,1f],start_interpolation:0}
execute if entity @s[tag=aj.dino.bone.leg_left_1] run data modify entity @s {} merge value {transformation:[-0.680237437709661f,-0.6982794188689282f,0.22289657135601318f,0.21152689307316766f,0.036155209054338174f,0.27175723365393195f,0.9616864389264304f,0.243607253188925f,-0.7320996033303334f,0.662233991230315f,-0.1596130059322683f,-0.07070189228371246f,0f,0f,0f,1f],start_interpolation:0}
execute if entity @s[tag=aj.dino.bone.leg_left_0] run data modify entity @s {} merge value {transformation:[-0.7066841030521387f,0.440656675229925f,0.5535515089571181f,0.2573103368243889f,-0.009721746911173557f,0.776251228164689f,-0.6303487276181391f,0.5985726374407728f,-0.7074624132280024f,-0.4508389128592607f,-0.5442804502473797f,-0.28566870559606966f,0f,0f,0f,1f],start_interpolation:0}
execute if entity @s[tag=aj.dino.bone.leg_right_3] run data modify entity @s {} merge value {transformation:[-0.19325951639027367f,0.06484326389486395f,0.9790026100333226f,-0.16417367807785252f,-0.02349879591256826f,0.9972215939696354f,-0.07068874812385928f,0.03347206699872493f,-0.9808662324268564f,-0.03666665580769546f,-0.19119882435993918f,-0.29664881104693874f,0f,0f,0f,1f],start_interpolation:0}
execute if entity @s[tag=aj.dino.bone.leg_right_2] run data modify entity @s {} merge value {transformation:[-0.7923487958744764f,0.39680764109319333f,0.5165164868104567f,-0.05448648737304418f,0.29693746900951845f,0.94400530174526f,-0.2697115668186213f,0.244722374372016f,-0.5797186599335772f,-0.0588207934967724f,-0.8441140853450563f,-0.33554739580259085f,0f,0f,0f,1f],start_interpolation:0}
execute if entity @s[tag=aj.dino.bone.leg_right_1] run data modify entity @s {} merge value {transformation:[-0.8516874264740242f,-0.475792326232118f,-0.2196592585908526f,-0.18905637794954855f,-0.32456764358763196f,0.14982548913743876f,0.9339208572147314f,0.22942965018384281f,-0.4114418213089493f,0.8667029393646685f,-0.2820312794259134f,-0.09332753122311907f,0f,0f,0f,1f],start_interpolation:0}
execute if entity @s[tag=aj.dino.bone.leg_right_0] run data modify entity @s {} merge value {transformation:[-0.8525612880442137f,0.01771893527242932f,0.5223268033149385f,-0.12548791781040716f,-0.2759699461281344f,0.8334660563535252f,-0.47872217594397787f,0.6277350666577729f,-0.44382410813567313f,-0.5522864947102306f,-0.7056910009333124f,-0.20111957474916323f,0f,0f,0f,1f],start_interpolation:0}
execute if entity @s[tag=aj.dino.bone.tail_4] run data modify entity @s {} merge value {transformation:[0.6807398080991253f,-2.5010579717275765f,0.9523464009104613f,-0.9148844458071974f,2.373635952523583f,1.018147675852881f,0.9771842234926026f,0.7304679210847004f,-1.23616625506306f,0.5777072474993884f,2.4007933392172784f,-0.28807212535006915f,0f,0f,0f,1f],start_interpolation:0}
execute if entity @s[tag=aj.dino.bone.tail_3] run data modify entity @s {} merge value {transformation:[0.5101693788028526f,-1.9811288620903598f,-0.38833125391720946f,-0.8296509143571956f,1.9356639072090676f,0.36623920360211787f,0.6745514139911478f,0.6125049906023343f,-0.5734788307378765f,-0.5262535544600978f,1.931353088681113f,-0.6104084335490365f,0f,0f,0f,1f],start_interpolation:0}
execute if entity @s[tag=aj.dino.bone.tail_2] run data modify entity @s {} merge value {transformation:[0.45979448590215477f,-1.4349475894833794f,-1.2443023431516105f,-0.5983392836803512f,1.8918948853124382f,0.23303841494633465f,0.4303495266532924f,0.5339583579131328f,-0.16762054965124684f,-1.3059067300530747f,1.444051536039997f,-0.8792891505518505f,0f,0f,0f,1f],start_interpolation:0}
execute if entity @s[tag=aj.dino.bone.tail_1] run data modify entity @s {} merge value {transformation:[-0.11212009209900775f,0.03384509766032336f,-1.5079588337590895f,-0.27414997195893487f,1.0794700986210497f,1.0579255318919845f,-0.0565165918480894f,0.5321567557927176f,1.0534845234415033f,-1.0804185894066363f,-0.10257816791990006f,-0.8450149416737126f,0f,0f,0f,1f],start_interpolation:0}
execute if entity @s[tag=aj.dino.bone.tail_0] run data modify entity @s {} merge value {transformation:[-0.9028365109946112f,-0.038992844751537685f,-0.9039919850625266f,-0.01092346999863697f,0.19504490752907122f,1.2386197517558806f,-0.24822230196177886f,0.634583182666314f,0.8835606572534118f,-0.31326727438787955f,-0.8689188088282676f,-0.598656367549664f,0f,0f,0f,1f],start_interpolation:0}
execute if entity @s[tag=aj.dino.bone.body_1] run data modify entity @s {} merge value {transformation:[-1.203943758608488f,0.1098720810098353f,-0.2589442931954379f,0.041876786574913956f,0.09171913460045736f,1.2292835905102928f,0.0951527693055555f,0.529660523255814f,0.2659165687054116f,0.07344777037420036f,-1.205196414934615f,-0.3234123117464067f,0f,0f,0f,1f],start_interpolation:0}