execute if entity @s[tag=aj.dino.bone.head_lower] run data modify entity @s {} merge value {transformation:[0.06243392504252482f,0.06829097440498066f,0.9957099717380571f,-0.3757469256297777f,-0.4772995762599891f,0.8782179347084971f,-0.03030468046981255f,0.6223239954241391f,-0.8765198911067671f,-0.47335990743953027f,0.0874258458524704f,0.3946641472677535f,0f,0f,0f,1f],start_interpolation:0}
execute if entity @s[tag=aj.dino.bone.head_upper] run data modify entity @s {} merge value {transformation:[0.06498744656262866f,-0.4252401698837383f,0.9478498680118207f,-0.31993313451017574f,-0.49682093005419925f,0.8213388141599702f,0.4025462189586213f,0.6683631897811599f,-0.9123691894364127f,-0.47754088082074286f,-0.15168754693645403f,0.37320092766745194f,0f,0f,0f,1f],start_interpolation:0}
execute if entity @s[tag=aj.dino.bone.neck_0] run data modify entity @s {} merge value {transformation:[-0.25093002701204775f,0.16354550004179175f,0.9540896136945486f,-0.26081347951917305f,-0.27851703468099825f,0.9317481345588241f,-0.23296711171033463f,0.6382650760898245f,-0.927071940539803f,-0.32418865366053773f,-0.18825337686620974f,0.36658986116762426f,0f,0f,0f,1f],start_interpolation:0}
execute if entity @s[tag=aj.dino.bone.neck_1] run data modify entity @s {} merge value {transformation:[-0.3521937160913501f,-0.1411439246631044f,0.9252232048951545f,-0.18308516292792162f,-0.4486787576509791f,0.8930245765392233f,-0.03456122291984604f,0.6394513394885069f,-0.8213689541116946f,-0.42730024365501723f,-0.3778459249400782f,0.3326128332874466f,0f,0f,0f,1f],start_interpolation:0}
execute if entity @s[tag=aj.dino.bone.neck_2] run data modify entity @s {} merge value {transformation:[-0.695695900388576f,-0.20859783641550322f,0.6873821039460507f,-0.12490763844862349f,-0.3449889689929104f,0.936352709182753f,-0.06500934763038213f,0.6429235113093206f,-0.6300712860111443f,-0.2823659799779182f,-0.7233806936153138f,0.26647471974882164f,0f,0f,0f,1f],start_interpolation:0}
execute if entity @s[tag=aj.dino.bone.body_0] run data modify entity @s {} merge value {transformation:[-0.8449501391314806f,-0.11192219128708122f,0.5230035233907984f,0.12051576208749848f,-0.3364233467278315f,0.8714034455658537f,-0.35703692642695073f,0.4829545538460945f,-0.41578671714971455f,-0.47762899634910816f,-0.773945700736432f,-0.10283299993835165f,0f,0f,0f,1f],start_interpolation:0}
execute if entity @s[tag=aj.dino.bone.leg_left_3] run data modify entity @s {} merge value {transformation:[-0.9927372476965821f,0.08152638195600512f,-0.0884658469748526f,0.4045896287756776f,0.0790443908488245f,0.9963823741752018f,0.031211355438766047f,0.01222275048080776f,0.09069035952708865f,0.02399194611010791f,-0.9955900989918971f,-0.2199803675218205f,0f,0f,0f,1f],start_interpolation:0}
execute if entity @s[tag=aj.dino.bone.leg_left_2] run data modify entity @s {} merge value {transformation:[-0.9011479318329628f,-0.18179433315899785f,0.4549125464143008f,0.3748744476342576f,-0.32534097147817714f,0.9341789478827532f,-0.2711552048384856f,0.2210938695779517f,-0.3662620055800277f,-0.38252152000199996f,-0.8784028856422025f,-0.3368603730097347f,0f,0f,0f,1f],start_interpolation:0}
execute if entity @s[tag=aj.dino.bone.leg_left_1] run data modify entity @s {} merge value {transformation:[-0.8512049295331592f,-0.4879499369647704f,0.19327448604129352f,0.2490154224108859f,0.04053313794151476f,0.3060397534168898f,0.9511554731257885f,0.2529823446021423f,-0.5232659292052788f,0.8174622488804023f,-0.24072440463802242f,-0.09159313795739463f,0f,0f,0f,1f],start_interpolation:0}
execute if entity @s[tag=aj.dino.bone.leg_left_0] run data modify entity @s {} merge value {transformation:[-0.8710684149341259f,0.3203769917352801f,0.37228806007015824f,0.2432152423640771f,-0.004018149226428097f,0.7533009036266927f,-0.6576637462047017f,0.60182348817218f,-0.4911452646426958f,-0.574366025946748f,-0.6548893015290412f,-0.3209040470494525f,0f,0f,0f,1f],start_interpolation:0}
execute if entity @s[tag=aj.dino.bone.leg_right_3] run data modify entity @s {} merge value {transformation:[-0.39344435846657744f,0.03998567607597077f,0.9184784605528705f,-0.1654076513177363f,0.002122967211553861f,0.9990905623251404f,-0.04258569340815305f,0.022625002571986463f,-0.9193459793793859f,-0.014805201166552762f,-0.3931714336232677f,-0.28419484268634976f,0f,0f,0f,1f],start_interpolation:0}
execute if entity @s[tag=aj.dino.bone.leg_right_2] run data modify entity @s {} merge value {transformation:[-0.907055240488412f,0.32978971134335944f,0.34720561126696564f,-0.07639675406479443f,0.26520177980054704f,0.9651833774974388f,-0.22394477733127185f,0.24027552150372283f,-0.3987242232343374f,-0.10826815596191956f,-0.9388073283222037f,-0.3378267720287454f,0f,0f,0f,1f],start_interpolation:0}
execute if entity @s[tag=aj.dino.bone.leg_right_1] run data modify entity @s {} merge value {transformation:[-0.921030714899335f,-0.3056768686685314f,-0.24137952310215044f,-0.1649806444791792f,-0.28346148705515883f,0.10104197270969822f,0.9536456916000884f,0.21150236393804256f,-0.2671179656415835f,0.9467587716583006f,-0.1797103801107986f,-0.07641065656812873f,0f,0f,0f,1f],start_interpolation:0}
execute if entity @s[tag=aj.dino.bone.leg_right_0] run data modify entity @s {} merge value {transformation:[-0.9270516681588074f,-0.07057490063906319f,0.3682314326123709f,-0.11487347209298905f,-0.23217241943505118f,0.8792266312806529f,-0.416000599158883f,0.617576356197194f,-0.2943996810759947f,-0.47114723202695485f,-0.8314740606511374f,-0.15947967998015844f,0f,0f,0f,1f],start_interpolation:0}
execute if entity @s[tag=aj.dino.bone.tail_4] run data modify entity @s {} merge value {transformation:[0.0777580310812158f,-2.50085421169823f,1.1684790250721646f,-0.7945953068530937f,2.69039007968105f,0.33019475101986184f,0.5276684348648516f,0.609580335574607f,-0.6175890537859007f,1.1235483833952844f,2.4457890592636318f,0.08164581447333152f,0f,0f,0f,1f],start_interpolation:0}
execute if entity @s[tag=aj.dino.bone.tail_3] run data modify entity @s {} merge value {transformation:[0.1592579128311638f,-2.052213372892285f,0.31464696942315484f,-0.8278652863906419f,2.0711354002269133f,0.17905085967738762f,0.11951765401034388f,0.5875624048967674f,-0.14484680587437676f,0.3038199924549124f,2.0549107866418757f,-0.2697642346501997f,0f,0f,0f,1f],start_interpolation:0}
execute if entity @s[tag=aj.dino.bone.tail_2] run data modify entity @s {} merge value {transformation:[0.2757019539557499f,-1.857685105983625f,-0.5401558613903629f,-0.7276896666377302f,1.9329782831405293f,0.28699939509212186f,-0.00042323353204313846f,0.5891387065444742f,0.07973245571815822f,-0.5342389626619714f,1.8780323057077029f,-0.6189545043447835f,0f,0f,0f,1f],start_interpolation:0}
execute if entity @s[tag=aj.dino.bone.tail_1] run data modify entity @s {} merge value {transformation:[0.3234500880584025f,-0.401733097075197f,-1.4218462677973953f,-0.41712245640902945f,0.9628880930127816f,1.161294946352009f,-0.10907253509244694f,0.5974943519093944f,1.1206617736271818f,-0.8818507902653684f,0.5040958468774814f,-0.7177212402436978f,0f,0f,0f,1f],start_interpolation:0}
execute if entity @s[tag=aj.dino.bone.tail_0] run data modify entity @s {} merge value {transformation:[-0.5385388960662203f,-0.0808884186301286f,-1.1564033196680652f,-0.08114651071986402f,0.12183258280450576f,1.264089217752358f,-0.14515849239173975f,0.6704177617851909f,1.1528089155514838f,-0.1713803660801802f,-0.5248772151001254f,-0.5684756322308024f,0f,0f,0f,1f],start_interpolation:0}
execute if entity @s[tag=aj.dino.bone.body_1] run data modify entity @s {} merge value {transformation:[-1.1262294631150431f,0.1382913140462295f,-0.4910064194358553f,0.02369070251006127f,0.04954454966622724f,1.2140946568914883f,0.22830702302417258f,0.5355616860465117f,0.507697871835428f,0.188293047198128f,-1.1114824309753486f,-0.32275440936721256f,0f,0f,0f,1f],start_interpolation:0}