execute if entity @s[tag=aj.dino.bone.head_lower] run data modify entity @s {} merge value {transformation:[-0.9979399325745477f,0.029109990595113343f,0.05717079167423791f,0.046266302959182916f,0.03410693179610807f,0.9954948586868826f,0.08846865846975993f,0.48423267625556f,-0.0543379073627457f,0.09023632736063558f,-0.9944369246201099f,0.8143131241762476f,0f,0f,0f,1f],start_interpolation:0}
execute if entity @s[tag=aj.dino.bone.head_upper] run data modify entity @s {} merge value {transformation:[-1.0387552600085417f,-0.010912273663452057f,0.06588151995505087f,0.050240509817078755f,0.03550189109534731f,0.7795265958478768f,0.688875783198961f,0.549237042347235f,-0.05656030513308727f,0.689703669145541f,-0.7775485343269174f,0.7761805323332189f,0f,0f,0f,1f],start_interpolation:0}
execute if entity @s[tag=aj.dino.bone.neck_0] run data modify entity @s {} merge value {transformation:[-0.9996501869678985f,0.0004841805666332855f,0.0264436998966487f,0.05226556184256235f,0.00017091289347322298f,0.9999298005240709f,-0.01184756568558791f,0.5322401657787089f,-0.026447579923841225f,-0.011838901683448935f,-0.999580094801363f,0.7117465226372108f,0f,0f,0f,1f],start_interpolation:0}
execute if entity @s[tag=aj.dino.bone.neck_1] run data modify entity @s {} merge value {transformation:[-0.9999179918707264f,-0.002844110420792056f,-0.012486815812208514f,0.05119466219261597f,-0.004247887273323767f,0.9934858260284594f,0.11387655129245243f,0.5464638693177002f,0.012081597035442475f,0.11392025507548588f,-0.9934164335748678f,0.6281159284978298f,0f,0f,0f,1f],start_interpolation:0}
execute if entity @s[tag=aj.dino.bone.neck_2] run data modify entity @s {} merge value {transformation:[-0.9984530042901255f,0.01234432580771225f,-0.05421453536068978f,0.046565920950865466f,-0.00022150168448499367f,0.9741532085024637f,0.2258881964631155f,0.5757909382463371f,0.05560170106234345f,0.22555075700318183f,-0.9726434633791899f,0.5451133491601217f,0f,0f,0f,1f],start_interpolation:0}
execute if entity @s[tag=aj.dino.bone.body_0] run data modify entity @s {} merge value {transformation:[-0.9970596321047854f,-0.0068427591155649555f,-0.07632343463678931f,0.01052978658540191f,-0.007098927681147418f,0.999970041841431f,0.00308555431397578f,0.5867711130347771f,0.07630003442232342f,0.0036182961919954404f,-0.9970783382863251f,0.0752285361636443f,0f,0f,0f,1f],start_interpolation:0}
execute if entity @s[tag=aj.dino.bone.leg_left_3] run data modify entity @s {} merge value {transformation:[-0.9868140436387389f,0.035386034317119744f,-0.15794262202669967f,0.1947359411662738f,0.035084693824102516f,0.9993733068437861f,0.004696576134291475f,0.029384781491781642f,0.15800983367066201f,-0.0009067212492450683f,-0.9874371222107999f,-0.16066666058870807f,0f,0f,0f,1f],start_interpolation:0}
execute if entity @s[tag=aj.dino.bone.leg_left_2] run data modify entity @s {} merge value {transformation:[-1.0144020445363762f,-0.05133308592417079f,-0.14288318946123804f,0.17678082151809738f,-0.009151956517985334f,0.9842138200994853f,-0.2886201613154663f,0.24986974004416057f,0.15154845176710727f,-0.2841659200456213f,-0.9738300653359975f,-0.2567659259167587f,0f,0f,0f,1f],start_interpolation:0}
execute if entity @s[tag=aj.dino.bone.leg_left_1] run data modify entity @s {} merge value {transformation:[-0.9432157272244626f,0.08051902479975792f,0.32227438396764385f,0.20034783025746739f,0.32694347747047736f,0.3966255275242805f,0.8577856104269866f,0.3056154855502662f,-0.05875418670988322f,0.9144423861356071f,-0.40042860535016456f,0.014066852041915698f,0f,0f,0f,1f],start_interpolation:0}
execute if entity @s[tag=aj.dino.bone.leg_left_0] run data modify entity @s {} merge value {transformation:[-0.9603642764348391f,0.26439885697933796f,-0.08828194025851163f,0.19967915969944303f,0.2765865814211777f,0.8645002606250246f,-0.41968936412185964f,0.7113719990495271f,-0.03464562779823871f,-0.4274722725596178f,-0.9033643432564638f,-0.0842615934713845f,0f,0f,0f,1f],start_interpolation:0}
execute if entity @s[tag=aj.dino.bone.leg_right_3] run data modify entity @s {} merge value {transformation:[-0.9786472625048702f,0.01491089264667092f,0.2050053679107049f,-0.2055079835906627f,0.01959590439144375f,0.9995907254554985f,0.020841835678078013f,0.03149465301594703f,-0.20461069405777746f,0.02441407102123816f,-0.978538919518976f,-0.11447944757670392f,0f,0f,0f,1f],start_interpolation:0}
execute if entity @s[tag=aj.dino.bone.leg_right_2] run data modify entity @s {} merge value {transformation:[-1.0093935393864943f,0.09160641462251376f,0.15746474826293108f,-0.17772234410354512f,0.030067404673214428f,0.9582020025227036f,-0.36470134773317286f,0.2435325974485018f,-0.17967424223220563f,-0.3542871528325345f,-0.9456532025625429f,-0.22600944544778967f,0f,0f,0f,1f],start_interpolation:0}
execute if entity @s[tag=aj.dino.bone.leg_right_1] run data modify entity @s {} merge value {transformation:[-0.9528345204250874f,-0.09372901030578809f,-0.28865420369949796f,-0.20685274565693912f,-0.30029659927388064f,0.42879287537264277f,0.852032054851344f,0.30885304238086997f,0.04391274474268485f,0.8985274301081515f,-0.436715156815521f,0.04212866232307745f,0f,0f,0f,1f],start_interpolation:0}
execute if entity @s[tag=aj.dino.bone.leg_right_0] run data modify entity @s {} merge value {transformation:[-0.9680612013209924f,-0.23111786623337593f,0.0971701724022779f,-0.19294546939608878f,-0.2500419731468137f,0.8616457785628212f,-0.4416396313168893f,0.7121891914732064f,0.018344540381409993f,-0.45183081368206957f,-0.8919150148111612f,-0.06480036585366278f,0f,0f,0f,1f],start_interpolation:0}
execute if entity @s[tag=aj.dino.bone.tail_4] run data modify entity @s {} merge value {transformation:[-2.751134595725359f,0.11700625226056796f,0.20791658119304035f,0.029973313773049647f,0.15812128566736802f,2.6963269292155574f,0.5748739700194317f,0.7241720621176193f,-0.1786544900694198f,0.5846297626010332f,-2.6929448463455574f,-1.8439187122833776f,0f,0f,0f,1f],start_interpolation:0}
execute if entity @s[tag=aj.dino.bone.tail_3] run data modify entity @s {} merge value {transformation:[-2.0690263010291443f,0.14087236999904953f,0.18769834060255147f,-0.0032319352989862785f,0.14392337601195745f,2.0771308673977313f,0.02754900334519461f,0.699174412981702f,-0.18536923566606534f,0.04034676094612466f,-2.0736335045986745f,-1.492701923951004f,0f,0f,0f,1f],start_interpolation:0}
execute if entity @s[tag=aj.dino.bone.tail_2] run data modify entity @s {} merge value {transformation:[-1.9428441101855087f,0.15419773338528048f,0.14266638545606183f,-0.031153239316416892f,0.1362015548600228f,1.935004696781868f,-0.23660058091349043f,0.7437190977218365f,-0.15993678430544944f,-0.22528594597473425f,-1.9345387932463591f,-1.1332472594764573f,0f,0f,0f,1f],start_interpolation:0}
execute if entity @s[tag=aj.dino.bone.tail_1] run data modify entity @s {} merge value {transformation:[-1.5105918557038103f,0.06642448815064544f,0.03682774572580508f,-0.03844695304328394f,0.06348949649952046f,1.5068835489972192f,-0.113698300760319f,0.7497049527411336f,-0.04168428139667481f,-0.11200896006780593f,-1.5077707596146612f,-0.8073827964268842f,0f,0f,0f,1f],start_interpolation:0}
execute if entity @s[tag=aj.dino.bone.tail_0] run data modify entity @s {} merge value {transformation:[-1.2753763558122104f,0.028671781070280053f,-0.08017977668621551f,-0.014324657592658416f,0.026044571973837555f,1.277244977253629f,0.04245780181668117f,0.7681199927525422f,0.08107125193243937f,0.0407297634987353f,-1.2749918647032505f,-0.4338176582456665f,0f,0f,0f,1f],start_interpolation:0}
execute if entity @s[tag=aj.dino.bone.body_1] run data modify entity @s {} merge value {transformation:[-1.2348488164516573f,0.013098263136848922f,-0.05984505883520283f,-0.0012937806832346507f,0.0025701624972389037f,1.2177905770563184f,0.21350433193222787f,0.6364563888888889f,0.061207759548351476f,0.21311766935636056f,-1.2163219410318282f,-0.16539483233170355f,0f,0f,0f,1f],start_interpolation:0}