execute if entity @s[tag=aj.dino.bone.head_lower] run data modify entity @s {} merge value {transformation:[-0.912171303625717f,-0.3497502478564859f,0.2135843556211145f,0.10214830238253948f,-0.39561457676413825f,0.8875063635436531f,-0.2362658699881411f,1.3291426226500456f,-0.10692342817872919f,-0.30001203108183516f,-0.9479241328886294f,0.24673302386649093f,0f,0f,0f,1f],start_interpolation:0}
execute if entity @s[tag=aj.dino.bone.head_upper] run data modify entity @s {} merge value {transformation:[-0.9494787298726324f,-0.15679595009445219f,0.39670784481396126f,0.12568073910208533f,-0.41179504811438455f,0.5894841868261896f,-0.7525989465936324f,1.2903693126470608f,-0.11129655183981081f,-0.8434425683467435f,-0.5997413225989386f,0.1864146075639231f,0f,0f,0f,1f],start_interpolation:0}
execute if entity @s[tag=aj.dino.bone.neck_0] run data modify entity @s {} merge value {transformation:[-0.9802467164575346f,-0.03242701538676549f,0.1951021874488551f,0.13913950583976617f,-0.19697014245411362f,0.2491635782348647f,-0.9482195285179509f,1.2250749139422934f,-0.017864429904923027f,-0.9679183849655428f,-0.2506289332656291f,0.18592537348859325f,0f,0f,0f,1f],start_interpolation:0}
execute if entity @s[tag=aj.dino.bone.neck_1] run data modify entity @s {} merge value {transformation:[-0.9826106871507196f,-0.18248883771646046f,-0.03426458238598418f,0.1353961427247745f,-0.05232517746590507f,0.4492089790504888f,-0.8918931376255674f,1.1515893087033398f,0.1781525001237761f,-0.8745908284731282f,-0.45094630439813455f,0.1436951722129039f,0f,0f,0f,1f],start_interpolation:0}
execute if entity @s[tag=aj.dino.bone.neck_2] run data modify entity @s {} merge value {transformation:[-0.9525400639459047f,-0.2875067911610054f,-0.10003635146402443f,0.12381733688667923f,-0.06633611855182854f,0.5167671098296793f,-0.8535521504710525f,1.0818712116656233f,0.2970975360944777f,-0.8064065967206507f,-0.5113134604252153f,0.09100505364268366f,0f,0f,0f,1f],start_interpolation:0}
execute if entity @s[tag=aj.dino.bone.body_0] run data modify entity @s {} merge value {transformation:[-0.9903350943816275f,-0.13445685726923898f,-0.034025789769123266f,0.10650024012864198f,-0.022535969859575997f,0.3980648422779906f,-0.9170804279912896f,0.6534467102086843f,0.1368522228486675f,-0.9074501280376117f,-0.3972476988302144f,-0.10486089391934403f,0f,0f,0f,1f],start_interpolation:0}
execute if entity @s[tag=aj.dino.bone.leg_left_3] run data modify entity @s {} merge value {transformation:[-0.9588259987511386f,-0.034331712016881f,-0.28191140038826246f,0.465069246265779f,-0.03382872164725886f,0.9994055035315876f,-0.006652601181939381f,0.06667401737549966f,0.2819722002442679f,0.0031580153203574005f,-0.9594173780105522f,-0.27286428559944786f,0f,0f,0f,1f],start_interpolation:0}
execute if entity @s[tag=aj.dino.bone.leg_left_2] run data modify entity @s {} merge value {transformation:[-0.9780272809008167f,-0.2988086008129267f,-0.0789826398309806f,0.3914591876362115f,-0.2964136851921153f,0.9810735425398737f,-0.0411804669690209f,0.2936283250506565f,0.08754292972752815f,-0.01644152393113482f,-1.021825871294242f,-0.30813996507210306f,0f,0f,0f,1f],start_interpolation:0}
execute if entity @s[tag=aj.dino.bone.leg_left_1] run data modify entity @s {} merge value {transformation:[-0.9943973060531525f,0.029715607538424685f,0.10144446945425603f,0.4139557991969375f,0.09906683277061155f,0.5967510890991008f,0.7962875738725531f,0.4115418627561524f,-0.03687492859698665f,0.8018760005933954f,-0.5963515065071165f,-0.05793267949906866f,0f,0f,0f,1f],start_interpolation:0}
execute if entity @s[tag=aj.dino.bone.leg_left_0] run data modify entity @s {} merge value {transformation:[-0.994219152052543f,-0.10713709752356922f,-0.007065410543458467f,0.25686200803868864f,-0.05037921717294805f,0.523599479038916f,-0.8504737033131694f,0.680500035156442f,0.09481672937284497f,-0.8452012942988203f,-0.5259701131686435f,-0.3359440476894318f,0f,0f,0f,1f],start_interpolation:0}
execute if entity @s[tag=aj.dino.bone.leg_right_3] run data modify entity @s {} merge value {transformation:[-0.8742875098005036f,0.005869716624849886f,0.485372945922595f,-0.23948855422690046f,0.004895353399537047f,0.9999826543082518f,-0.003275148503092712f,0.01658145030456104f,-0.4853837509867096f,-0.00048734932813029874f,-0.8743010790160931f,-0.24368899911614778f,0f,0f,0f,1f],start_interpolation:0}
execute if entity @s[tag=aj.dino.bone.leg_right_2] run data modify entity @s {} merge value {transformation:[-1.0094386099534864f,0.18139544086393083f,0.013841469201192884f,-0.19521175579987063f,0.1720976468133134f,0.9774533219268401f,-0.25890075881735053f,0.2361562187974294f,-0.0589770480542006f,-0.2524735570087687f,-0.9923915609853033f,-0.33311806725604887f,0f,0f,0f,1f],start_interpolation:0}
execute if entity @s[tag=aj.dino.bone.leg_right_1] run data modify entity @s {} merge value {transformation:[-0.9706281832832232f,0.09675651186387563f,-0.22027053191075133f,-0.17657437908209977f,-0.1345910250759002f,0.540507899500477f,0.8305037426445476f,0.3362680557152405f,0.1994146077531132f,0.8357567756168766f,-0.5116096424278513f,-0.0749637452744343f,0f,0f,0f,1f],start_interpolation:0}
execute if entity @s[tag=aj.dino.bone.leg_right_0] run data modify entity @s {} merge value {transformation:[-0.9807812591666828f,-0.1751636185874786f,-0.08594084239031205f,-0.12431223295841856f,-0.09523506624205755f,0.8142222720207223f,-0.5726887233945539f,0.7136521401724663f,0.1702891770644483f,-0.553497785423531f,-0.8152556640134183f,-0.24571853860505088f,0f,0f,0f,1f],start_interpolation:0}
execute if entity @s[tag=aj.dino.bone.tail_4] run data modify entity @s {} merge value {transformation:[-0.5042265787909388f,1.9903147919478836f,-1.8466358378939356f,-0.7448646441434226f,-2.145743630154902f,0.8586435322540267f,1.5113493605940325f,0.6443805110678498f,1.6634906559672782f,1.7108593294224348f,1.3897555626935878f,-1.483039857269929f,0f,0f,0f,1f],start_interpolation:0}
execute if entity @s[tag=aj.dino.bone.tail_3] run data modify entity @s {} merge value {transformation:[-0.7426401983920703f,1.1281640332825014f,-1.5848271122694708f,-0.48717650255222267f,-0.6365072873020923f,1.4620950049803434f,1.3390601912040043f,0.40301763897894194f,1.8382843999196536f,0.9620133244730725f,-0.17659658714921309f,-1.4625096576841252f,0f,0f,0f,1f],start_interpolation:0}
execute if entity @s[tag=aj.dino.bone.tail_2] run data modify entity @s {} merge value {transformation:[-1.213437408415741f,0.7800344214915146f,-1.3182904961155053f,-0.24282083742677552f,0.5481056563660378f,1.7915652746291344f,0.5555609158367468f,0.30057168026333386f,1.430357899380299f,-0.024779891731169852f,-1.3312535865299844f,-1.2139807490375034f,0f,0f,0f,1f],start_interpolation:0}
execute if entity @s[tag=aj.dino.bone.tail_1] run data modify entity @s {} merge value {transformation:[-1.407668227008071f,0.04944977255214384f,-0.5510727108708035f,-0.12349576409448128f,0.22068899732063466f,1.4316055239608407f,-0.4352680096520068f,0.37652576097851376f,0.5073684845687281f,-0.485506533178852f,-1.3395957887016088f,-0.9202645909940913f,0f,0f,0f,1f],start_interpolation:0}
execute if entity @s[tag=aj.dino.bone.tail_0] run data modify entity @s {} merge value {transformation:[-1.2227654823378058f,-0.1146116204752657f,-0.3543225483076889f,-0.02272026282151074f,0.07586438903409834f,1.114005299877689f,-0.6221515112132501f,0.5852158250138191f,0.36458865350378605f,-0.6161915975412855f,-1.058876170966106f,-0.6257061641635168f,0f,0f,0f,1f],start_interpolation:0}
execute if entity @s[tag=aj.dino.bone.body_1] run data modify entity @s {} merge value {transformation:[-1.1988360522401404f,0.014215037619760795f,-0.3019845155152731f,0.04652942324591286f,0.10426711573398992f,1.1786649927532207f,-0.35844357783452513f,0.5891574842141949f,0.2837694195681419f,-0.3730299754976392f,-1.1440839781040728f,-0.33459644926320187f,0f,0f,0f,1f],start_interpolation:0}