execute if entity @s[tag=aj.dino.bone.head_lower] run data modify entity @s {} merge value {transformation:[-0.848351891148014f,0.413365024752016f,-0.33079967517721875f,0.1478590315146519f,0.24736518160343046f,0.8619017202533192f,0.44264646339338454f,0.4394011250796874f,0.468091375391483f,0.29369164260518954f,-0.8334480687769186f,0.5962084201755508f,0f,0f,0f,1f],start_interpolation:0}
execute if entity @s[tag=aj.dino.bone.head_upper] run data modify entity @s {} merge value {transformation:[-0.8830491300160133f,0.548361510003693f,-0.054734184089461166f,0.15612499011450165f,0.2574823144621851f,0.5019487018945198f,0.8747698560130602f,0.5110565096449062f,0.4872361176069216f,0.7285733302807503f,-0.5614746750179012f,0.5740130088697643f,0f,0f,0f,1f],start_interpolation:0}
execute if entity @s[tag=aj.dino.bone.neck_0] run data modify entity @s {} merge value {transformation:[-0.8165043156805627f,0.4313017193395017f,-0.3837962081232768f,0.1245710050407607f,0.20948457157845682f,0.8407874411300896f,0.4991920403096454f,0.5296199566082188f,0.5379934170095453f,0.32719307103407f,-0.7768576301496223f,0.5182951417434707f,0f,0f,0f,1f],start_interpolation:0}
execute if entity @s[tag=aj.dino.bone.neck_1] run data modify entity @s {} merge value {transformation:[-0.9870048909869579f,0.15446382031054925f,0.044297555044194775f,0.1290351848706071f,0.15121286317174848f,0.7995310057683478f,0.5812786258124898f,0.5825452248986995f,0.0543692484702997f,0.5804232068328461f,-0.8124979297146854f,0.4521398402222875f,0f,0f,0f,1f],start_interpolation:0}
execute if entity @s[tag=aj.dino.bone.neck_2] run data modify entity @s {} merge value {transformation:[-0.9968002422864837f,0.014020233572152513f,-0.07869377375745668f,0.12227828693546808f,-0.026434225606733256f,0.8712837048173705f,0.4900672784794856f,0.6340092060205688f,0.07543546045580833f,0.4905793908943788f,-0.8681251940449143f,0.3808886411339729f,0f,0f,0f,1f],start_interpolation:0}
execute if entity @s[tag=aj.dino.bone.body_0] run data modify entity @s {} merge value {transformation:[-0.9936792376497963f,0.058569841988006285f,-0.0957661019005143f,0.07770203318987606f,0.06920224422962196f,0.9913222249017261f,-0.11176446577278293f,0.5907786157635728f,0.08838903810599744f,-0.1176852583180738f,-0.9891094772153912f,-0.08639604550915392f,0f,0f,0f,1f],start_interpolation:0}
execute if entity @s[tag=aj.dino.bone.leg_left_3] run data modify entity @s {} merge value {transformation:[-0.9947246483167435f,-0.10236570306150754f,-0.0066435583728873815f,0.3253483372301712f,-0.10245831027523421f,0.9946158790139505f,0.015541810346595353f,0.028214026397696962f,0.0050168403078519885f,0.016140509596323516f,-0.9998571474282193f,-0.21765270519875607f,0f,0f,0f,1f],start_interpolation:0}
execute if entity @s[tag=aj.dino.bone.leg_left_2] run data modify entity @s {} merge value {transformation:[-1.0002134267047686f,0.012184637686389494f,0.22690710686236765f,0.3336492951418265f,-0.09364467566180584f,0.911105483509137f,-0.461713842266474f,0.2261770876186811f,-0.20704099898424388f,-0.4709570384066117f,-0.8873531947401628f,-0.3551764942528008f,0f,0f,0f,1f],start_interpolation:0}
execute if entity @s[tag=aj.dino.bone.leg_left_1] run data modify entity @s {} merge value {transformation:[-0.8810233947988806f,-0.269567767654838f,0.3887557027988694f,0.25734414356722124f,0.23225645911631407f,0.4694403592433585f,0.8518701111743608f,0.3039038344865157f,-0.41213434098095675f,0.8408085202678748f,-0.3509790837487879f,-0.09993256714720705f,0f,0f,0f,1f],start_interpolation:0}
execute if entity @s[tag=aj.dino.bone.leg_left_0] run data modify entity @s {} merge value {transformation:[-0.9096431664384284f,0.3412720263449789f,0.23681789160927363f,0.2662908482576914f,0.15949257370519793f,0.8133556545754955f,-0.559477164952207f,0.68734373518145f,-0.3835510770220331f,-0.4711538848449187f,-0.7942937668840031f,-0.26486005907833876f,0f,0f,0f,1f],start_interpolation:0}
execute if entity @s[tag=aj.dino.bone.leg_right_3] run data modify entity @s {} merge value {transformation:[-0.9530367917844557f,0.06300295494666759f,0.2962287986897629f,-0.25592200031377876f,0.1541047465873777f,0.9429101402477087f,0.29524937679407065f,0.16362359778293756f,-0.26071555493378584f,0.32703378279015005f,-0.9083371094090197f,-0.26039853237956956f,0f,0f,0f,1f],start_interpolation:0}
execute if entity @s[tag=aj.dino.bone.leg_right_2] run data modify entity @s {} merge value {transformation:[-0.9770423008957296f,0.20388640195820698f,0.23639136375428232f,-0.1995750618692912f,0.155889042284399f,0.9915983117918615f,-0.21093504698811422f,0.388003043893155f,-0.27046099211665575f,-0.16500097772062317f,-0.9755448367938848f,-0.3285891384570992f,0f,0f,0f,1f],start_interpolation:0}
execute if entity @s[tag=aj.dino.bone.leg_right_1] run data modify entity @s {} merge value {transformation:[-0.9356407133705619f,-0.16636320977911057f,-0.3112872273566933f,-0.24689510948629417f,-0.3401779407522232f,0.18990473789531015f,0.9209859712017825f,0.38397372813980746f,-0.09410326300932943f,0.9676050190841844f,-0.23427569855640534f,-0.05517011320858067f,0f,0f,0f,1f],start_interpolation:0}
execute if entity @s[tag=aj.dino.bone.leg_right_0] run data modify entity @s {} merge value {transformation:[-0.9752707856270231f,0.08691393801625676f,0.20320645186842717f,-0.11591192779751723f,-0.053320222055189256f,0.7997454757544384f,-0.5979666612197476f,0.7528578593084879f,-0.2144850778549278f,-0.5940144286032227f,-0.7753341279659707f,-0.2003430530116503f,0f,0f,0f,1f],start_interpolation:0}
execute if entity @s[tag=aj.dino.bone.tail_4] run data modify entity @s {} merge value {transformation:[1.1133669894568199f,0.6756769905833903f,-2.4350638354638727f,-0.7165379417996792f,2.5062570418464225f,0.045559792399378456f,1.1585600015155646f,0.6646075489174547f,0.3236524657454007f,-2.677133960285271f,-0.5948648348189897f,-1.6845615340890705f,0f,0f,0f,1f],start_interpolation:0}
execute if entity @s[tag=aj.dino.bone.tail_3] run data modify entity @s {} merge value {transformation:[0.43284030708515925f,1.0284212917828086f,-1.758108199518632f,-0.4284916702324127f,2.035829553688775f,-0.1626830315598324f,0.40605145685529787f,0.5973482082924934f,0.0631887880421238f,-1.8032829517007936f,-1.0392898052109847f,-1.490689849798513f,0f,0f,0f,1f],start_interpolation:0}
execute if entity @s[tag=aj.dino.bone.tail_2] run data modify entity @s {} merge value {transformation:[-0.020568050610524274f,1.4452941617137685f,-1.3150952879593756f,-0.18368962556717397f,1.9537249272799073f,0.03956794005148913f,0.01292910081862193f,0.5963988041204562f,0.03619031392485071f,-1.314660807675863f,-1.4453826818326851f,-1.2222824327464181f,0f,0f,0f,1f],start_interpolation:0}
execute if entity @s[tag=aj.dino.bone.tail_1] run data modify entity @s {} merge value {transformation:[-1.2985338092529801f,0.5588856346069769f,-0.5376923317817554f,-0.0735754516226612f,0.7549569404744371f,1.1509372255299986f,-0.6269288403948146f,0.7165166126681741f,0.17749989931383603f,-0.8066266796475717f,-1.267084620467123f,-0.9399293598659559f,0f,0f,0f,1f],start_interpolation:0}
execute if entity @s[tag=aj.dino.bone.tail_0] run data modify entity @s {} merge value {transformation:[-1.2275869071640504f,0.11805959213637912f,-0.33604766722597584f,0.027474475478186263f,0.16184590130597667f,1.2591593664807637f,-0.14886003700874595f,0.7904027338200181f,0.31728852196996427f,-0.18551371672299855f,-1.2242337894853916f,-0.5866565691859635f,0f,0f,0f,1f],start_interpolation:0}
execute if entity @s[tag=aj.dino.bone.body_1] run data modify entity @s {} merge value {transformation:[-1.2020709111997052f,0.24244823999160262f,-0.15763556206876217f,0.0477919260406731f,0.20604932203439416f,1.1909332564275144f,0.26043473401290645f,0.6496375000000001f,0.20291327308218862f,0.2269392533612929f,-1.198302705474348f,-0.3233539448973557f,0f,0f,0f,1f],start_interpolation:0}