execute if entity @s[tag=aj.dino.bone.head_lower] run data modify entity @s {} merge value {transformation:[-0.3915435656115065f,-0.056081221429515715f,0.9184489821602514f,0.05413253163213104f,0.061252472115374185f,0.9943385242222009f,0.08682761028250746f,0.24887290491605757f,-0.9181186039330557f,0.0902540627927039f,-0.3858917377470361f,0.5040805952765046f,0f,0f,0f,1f],start_interpolation:0}
execute if entity @s[tag=aj.dino.bone.head_upper] run data modify entity @s {} merge value {transformation:[-0.4075575343018648f,-0.5628984061641104f,0.774928501963372f,0.09478780855707657f,0.06375767270302961f,0.8243551689186873f,0.6323333434447712f,0.31099476933486186f,-0.9556692722844994f,0.29505233840533107f,-0.2882920432413426f,0.49053515652079965f,0f,0f,0f,1f],start_interpolation:0}
execute if entity @s[tag=aj.dino.bone.neck_0] run data modify entity @s {} merge value {transformation:[-0.6428950076173854f,0.11076254893059091f,0.7579034680848483f,0.14220511947285921f,0.090652333290421f,0.9935375692066934f,-0.0683026576632085f,0.2904219217565143f,-0.7605709458358534f,0.024794280172117628f,-0.6487812266250479f,0.4484270477728285f,0f,0f,0f,1f],start_interpolation:0}
execute if entity @s[tag=aj.dino.bone.neck_1] run data modify entity @s {} merge value {transformation:[-0.8188322992249457f,-0.13601613054447192f,0.5576856444070426f,0.18882180386681646f,-0.02385271034621586f,0.978745277523035f,0.20368782471099475f,0.31218591106262383f,-0.5735370205619936f,0.15348385569194772f,-0.8046725993140345f,0.38096779822075466f,0f,0f,0f,1f],start_interpolation:0}
execute if entity @s[tag=aj.dino.bone.neck_2] run data modify entity @s {} merge value {transformation:[-0.9746983048701248f,-0.14897462142316928f,0.16664266156998692f,0.2019623961874379f,-0.07195701885488906f,0.9149610949664816f,0.39707478154027154f,0.35593068095681946f,-0.2116256173548537f,0.3750370073333573f,-0.9025307979285895f,0.30557117804114886f,0f,0f,0f,1f],start_interpolation:0}
execute if entity @s[tag=aj.dino.bone.body_0] run data modify entity @s {} merge value {transformation:[-0.9723443639919687f,-0.2097947052014671f,-0.10262855101034885f,0.1515953881429013f,-0.2258212814025215f,0.9566475538394378f,0.18392989588085784f,0.45172941490812113f,0.05959183399407503f,0.20201890852702276f,-0.9775669664625402f,-0.15322798474916652f,0f,0f,0f,1f],start_interpolation:0}
execute if entity @s[tag=aj.dino.bone.leg_left_3] run data modify entity @s {} merge value {transformation:[-0.9235971328131493f,0.07073667095031987f,-0.37678197892441184f,0.41212250089637215f,0.05616092064557032f,0.9971916406023731f,0.049545765762457006f,0.02282416865044487f,0.3792285422427634f,0.024599904382182403f,-0.9249759766895648f,-0.3134533860724158f,0f,0f,0f,1f],start_interpolation:0}
execute if entity @s[tag=aj.dino.bone.leg_left_2] run data modify entity @s {} merge value {transformation:[-0.9642162863522864f,-0.3410695898517074f,0.07759308933202771f,0.33352178451365927f,-0.347495597568935f,0.9080538269264795f,-0.32672198667227303f,0.223853927329154f,0.03994949691684096f,-0.3334246268397946f,-0.969171943162578f,-0.42106395978949923f,0f,0f,0f,1f],start_interpolation:0}
execute if entity @s[tag=aj.dino.bone.leg_left_1] run data modify entity @s {} merge value {transformation:[-0.9893790060331235f,-0.13286087399656768f,0.0589675383730462f,0.3140043211110952f,0.007624365598725991f,0.35767739163041284f,0.9338140888665583f,0.2713458557398726f,-0.14515871131325694f,0.9243456451335351f,-0.352865522334702f,-0.14834254328920615f,0f,0f,0f,1f],start_interpolation:0}
execute if entity @s[tag=aj.dino.bone.leg_left_0] run data modify entity @s {} merge value {transformation:[-0.9938374960442302f,0.048822933821289716f,0.09951558968129835f,0.20951352470121165f,-0.03478297416085638f,0.7150703211996663f,-0.6981866372596449f,0.6048980475078061f,-0.10524816466361664f,-0.6973455075301539f,-0.7089654906710565f,-0.3766666274259635f,0f,0f,0f,1f],start_interpolation:0}
execute if entity @s[tag=aj.dino.bone.leg_right_3] run data modify entity @s {} merge value {transformation:[-0.6778357319976163f,0.02899151134725273f,0.7346415538866953f,-0.17756750915712605f,0.044386581766638566f,0.9990132585973694f,0.001529871151493889f,0.010979567661710016f,-0.7338722993725335f,0.03364522873259723f,-0.6784537175056249f,-0.27355971657140765f,0f,0f,0f,1f],start_interpolation:0}
execute if entity @s[tag=aj.dino.bone.leg_right_2] run data modify entity @s {} merge value {transformation:[-1.0002321668555498f,0.22409932060784682f,0.03711207877831236f,-0.12263161497283644f,0.21660482585336477f,0.9914454601301299f,-0.14893101928437785f,0.23714539330361212f,-0.06841170444580169f,-0.13739575536075194f,-1.0141520815954397f,-0.33682217706659345f,0f,0f,0f,1f],start_interpolation:0}
execute if entity @s[tag=aj.dino.bone.leg_right_1] run data modify entity @s {} merge value {transformation:[-0.977622514171024f,-0.00502895171837385f,-0.21030675079640337f,-0.132313905971839f,-0.2103666492975876f,0.02481715711755178f,0.9773075163815679f,0.1878651302906818f,0.0003043833635094365f,0.9996793577728895f,-0.025319735258311937f,-0.06389160974561228f,0f,0f,0f,1f],start_interpolation:0}
execute if entity @s[tag=aj.dino.bone.leg_right_0] run data modify entity @s {} merge value {transformation:[-0.9876611719395187f,-0.14213660908432302f,0.06574643565294525f,-0.078632608860012f,-0.15563280391210332f,0.9375662638132798f,-0.31104329490549076f,0.5994012861386318f,-0.017431000817890507f,-0.3174376872981809f,-0.9481189138991316f,-0.10931835665463835f,0f,0f,0f,1f],start_interpolation:0}
execute if entity @s[tag=aj.dino.bone.tail_4] run data modify entity @s {} merge value {transformation:[0.17647244868878567f,-2.041718495593084f,1.8509198770359827f,-0.4450385803944463f,2.6615562664587187f,-0.35465812743267505f,-0.6449784374072326f,0.33093785162953315f,0.7145887257213838f,1.8251752050143193f,1.9451888740358416f,0.37387794566299326f,0f,0f,0f,1f],start_interpolation:0}
execute if entity @s[tag=aj.dino.bone.tail_3] run data modify entity @s {} merge value {transformation:[0.38100489368343576f,-1.70513178693241f,1.1328311375604057f,-0.6204388253658464f,1.884775426074878f,-0.15755599586719207f,-0.8710586819927836f,0.4801790239930002f,0.7990008700232943f,1.1847561873243906f,1.5145612936897057f,0.10547055014208662f,0f,0f,0f,1f],start_interpolation:0}
execute if entity @s[tag=aj.dino.bone.tail_2] run data modify entity @s {} merge value {transformation:[0.47155804594467465f,-1.790528197568525f,0.6248325039717644f,-0.7366711932543873f,1.7740050513389078f,0.18890936453987514f,-0.7974918211592876f,0.6297877424082805f,0.6703081098507286f,0.7596682833341971f,1.6710371067595098f,-0.2044951769928675f,0f,0f,0f,1f],start_interpolation:0}
execute if entity @s[tag=aj.dino.bone.tail_1] run data modify entity @s {} merge value {transformation:[0.967050015587216f,-0.7693187174421653f,-0.8721348682089873f,-0.5405172658877576f,0.7206188142947303f,1.2866666790950787f,-0.3359369455580915f,0.6856609951183447f,0.9127864163303608f,-0.20073320079046408f,1.189194429125529f,-0.4588148447519152f,0f,0f,0f,1f],start_interpolation:0}
execute if entity @s[tag=aj.dino.bone.tail_0] run data modify entity @s {} merge value {transformation:[0.12674705959571536f,-0.016457763274265683f,-1.2718097505114025f,-0.16926205232428343f,-0.08126439861077871f,1.2753926902174253f,-0.02460284216131816f,0.7236280149487603f,1.2693175319778325f,0.08329672473749801f,0.12542079271690498f,-0.4934556170862213f,0f,0f,0f,1f],start_interpolation:0}
execute if entity @s[tag=aj.dino.bone.body_1] run data modify entity @s {} merge value {transformation:[-0.90625214422456f,0.28309955361151257f,-0.791938311290469f,-0.004216252188082031f,-0.01728793551917136f,1.1576991478695484f,0.433633953195384f,0.5448349418604652f,0.8408405160493412f,0.32892540312863305f,-0.8446300378288674f,-0.3192464247912225f,0f,0f,0f,1f],start_interpolation:0}