execute if entity @s[tag=aj.dino.bone.head_lower] run data modify entity @s {} merge value {transformation:[-0.6536915734746799f,-0.6944692593405004f,-0.30066555273135914f,0.07820377236815937f,-0.7257800247838389f,0.6878419860407174f,-0.010805455304216227f,0.7547403199891891f,0.21431444746672423f,0.21115361723308873f,-0.9536684264126684f,0.624004870467948f,0f,0f,0f,1f],start_interpolation:0}
execute if entity @s[tag=aj.dino.bone.head_upper] run data modify entity @s {} merge value {transformation:[-0.6804272864583054f,-0.4217307066689876f,-0.6653073436232088f,0.022658161236247892f,-0.7554641253891543f,0.5983532550121622f,0.3933437174404309f,0.7950577461025291f,0.22307981907042684f,0.7399922539137376f,-0.6972222035009208f,0.592625789420621f,0f,0f,0f,1f],start_interpolation:0}
execute if entity @s[tag=aj.dino.bone.neck_0] run data modify entity @s {} merge value {transformation:[-0.798645300452922f,-0.5613837899267728f,-0.2168269459082856f,0.018008098131121038f,-0.5938823000293776f,0.7934622193712157f,0.13312220003560993f,0.7909781958170976f,0.09731134454049026f,0.23508710478875167f,-0.9670907689486878f,0.5262445387779594f,0f,0f,0f,1f],start_interpolation:0}
execute if entity @s[tag=aj.dino.bone.neck_1] run data modify entity @s {} merge value {transformation:[-0.8042186856940455f,-0.5883533074871959f,-0.08409929339428972f,0.00817331403396882f,-0.5676623922699214f,0.7184863486310701f,0.40191637840872096f,0.8283357650181327f,-0.17604463633673004f,0.3709686676791847f,-0.9118061930132955f,0.4507115930543646f,0f,0f,0f,1f],start_interpolation:0}
execute if entity @s[tag=aj.dino.bone.neck_2] run data modify entity @s {} merge value {transformation:[-0.9511518572905777f,-0.3014334428760357f,-0.06669350709464963f,-0.0006207591904839049f,-0.30732803475606113f,0.9450108062361051f,0.1118215325863664f,0.8473844163589982f,0.029319335355045068f,0.12685604287098928f,-0.9914877311199831f,0.3650918315950044f,0f,0f,0f,1f],start_interpolation:0}
execute if entity @s[tag=aj.dino.bone.body_0] run data modify entity @s {} merge value {transformation:[-0.9452238878798112f,-0.27517753731897465f,0.17558224493506855f,0.07950908439911052f,-0.3258518196710855f,0.8272387935528787f,-0.4577079528020244f,0.6395488581653102f,-0.019297497206021558f,-0.489850284675065f,-0.8715929699150523f,-0.05035310292670836f,0f,0f,0f,1f],start_interpolation:0}
execute if entity @s[tag=aj.dino.bone.leg_left_3] run data modify entity @s {} merge value {transformation:[-0.9782547990074021f,0.0023537211651814428f,-0.20739336589115956f,0.38558583248060085f,0.005416441343332117f,0.9998844890275554f,-0.014201083243142953f,0.03939636969264926f,0.20733598429158903f,-0.015015611835054149f,-0.9781545486368994f,-0.20888788832275912f,0f,0f,0f,1f],start_interpolation:0}
execute if entity @s[tag=aj.dino.bone.leg_left_2] run data modify entity @s {} merge value {transformation:[-1.0026954729175939f,-0.20965851703192437f,-0.052031666581339564f,0.3335511650333042f,-0.19968152703489236f,0.9938256611211094f,-0.15652489437433809f,0.26590858641370263f,0.08240919761938577f,-0.14288478237327615f,-1.012351155782698f,-0.27335246096370225f,0f,0f,0f,1f],start_interpolation:0}
execute if entity @s[tag=aj.dino.bone.leg_left_1] run data modify entity @s {} merge value {transformation:[-0.9825496247004811f,0.03726714722549711f,0.1822289624033919f,0.3535788333982796f,0.17027251405466493f,0.5745097175496902f,0.8005909413667377f,0.37613349839149846f,-0.07485656924043226f,0.8176489125404914f,-0.5708298782149582f,-0.019457311464710608f,0f,0f,0f,1f],start_interpolation:0}
execute if entity @s[tag=aj.dino.bone.leg_left_0] run data modify entity @s {} merge value {transformation:[-0.9991379734838306f,0.0125558037234553f,-0.03956844368284351f,0.2455543762942198f,0.03831161845131999f,0.6459267343775099f,-0.7624374556040949f,0.6962672084274357f,0.015985300568483823f,-0.7632961454175331f,-0.6458509615665763f,-0.26471717962591773f,0f,0f,0f,1f],start_interpolation:0}
execute if entity @s[tag=aj.dino.bone.leg_right_3] run data modify entity @s {} merge value {transformation:[-0.9199045753349416f,0.006104575713747135f,0.3920947671586499f,-0.2335379086860401f,0.008650946499044646f,0.9999514030869938f,0.004727852474722655f,0.024386789262551056f,-0.3920468510299648f,0.007741163976250853f,-0.919912681170219f,-0.21806066533284696f,0f,0f,0f,1f],start_interpolation:0}
execute if entity @s[tag=aj.dino.bone.leg_right_2] run data modify entity @s {} merge value {transformation:[-1.013617570221099f,0.15212700613737296f,0.038716854772169934f,-0.19530829591542617f,0.13574041675411444f,0.9764769384667096f,-0.28307159412910887f,0.24304338093022443f,-0.07884262869278838f,-0.27461311357445284f,-0.985105921845184f,-0.3123944540498324f,0f,0f,0f,1f],start_interpolation:0}
execute if entity @s[tag=aj.dino.bone.leg_right_1] run data modify entity @s {} merge value {transformation:[-0.9692793621876866f,0.054758819575833464f,-0.23978946956797903f,-0.18701830589197843f,-0.1792920364743516f,0.5100966705978202f,0.8412227721013609f,0.33343469159992567f,0.16838017607162434f,0.8583722143241125f,-0.48460835525443485f,-0.050146341224229174f,0f,0f,0f,1f],start_interpolation:0}
execute if entity @s[tag=aj.dino.bone.leg_right_0] run data modify entity @s {} merge value {transformation:[-0.9816330826604043f,-0.18371733124796383f,-0.051424052988439106f,-0.14082546143258926f,-0.12995104003852168f,0.8412469500497376f,-0.5248011968592686f,0.7215678205470332f,0.13967540305844262f,-0.5084796074879898f,-0.8496700951247614f,-0.19686434931775454f,0f,0f,0f,1f],start_interpolation:0}
execute if entity @s[tag=aj.dino.bone.tail_4] run data modify entity @s {} merge value {transformation:[-1.5059607496126164f,-0.8085648853120487f,2.168862922931396f,-0.14108601743146904f,1.5510458704594783f,1.5681353096319042f,1.6615864979038117f,0.9217128325411542f,-1.718138603243873f,2.1243436182797657f,-0.4010302521222395f,-1.8555456632003873f,0f,0f,0f,1f],start_interpolation:0}
execute if entity @s[tag=aj.dino.bone.tail_3] run data modify entity @s {} merge value {transformation:[-1.9893807522445333f,0.0015555980152644896f,0.6150669303077783f,-0.24539386229772758f,0.36524023300461395f,1.678391233388116f,1.1770930149844148f,0.7056969797820765f,-0.4948831385672316f,1.2324552624112486f,-1.603773746935992f,-1.5956654440784028f,0f,0f,0f,1f],start_interpolation:0}
execute if entity @s[tag=aj.dino.bone.tail_2] run data modify entity @s {} merge value {transformation:[-1.9094394865573834f,0.3835759221795094f,-0.16026301539154877f,-0.21692197025167173f,0.33499845862269234f,1.8658594017028887f,0.4744666487753764f,0.6181863656430545f,0.24615189395711173f,0.43613309895472846f,-1.8889073667335434f,-1.2442358953129786f,0f,0f,0f,1f],start_interpolation:0}
execute if entity @s[tag=aj.dino.bone.tail_1] run data modify entity @s {} merge value {transformation:[-1.4835003391240564f,0.1516951450558055f,-0.25272826669232645f,-0.16297468885460156f,0.15138310734950763f,1.5048339348449689f,0.01463671234314845f,0.5964970410089815f,0.25291529931583223f,-0.010938990150226478f,-1.491164122377707f,-0.9234619234486592f,0f,0f,0f,1f],start_interpolation:0}
execute if entity @s[tag=aj.dino.bone.tail_0] run data modify entity @s {} merge value {transformation:[-1.1724248034975082f,0.04271279086576557f,-0.5073769941811657f,-0.013676602886610496f,0.07338523698705413f,1.274586991987782f,-0.062276186716269055f,0.6454536447948399f,0.5038555385427564f,-0.08625157352780924f,-1.1715485388697275f,-0.5831896151824265f,0f,0f,0f,1f],start_interpolation:0}
execute if entity @s[tag=aj.dino.bone.body_1] run data modify entity @s {} merge value {transformation:[-1.2152082420729715f,0.04389249814655906f,-0.22348819221744812f,0.035324800000000045f,0.0795732835287457f,1.21855924490514f,-0.19335473684634447f,0.6083273f,0.21340481719638515f,-0.2044294751715603f,-1.2005297033954252f,-0.2903135f,0f,0f,0f,1f],start_interpolation:0}