execute if entity @s[tag=aj.dino.bone.head_lower] run data modify entity @s {} merge value {transformation:[-0.8979464067568459f,-0.39128478908822495f,0.2014657897029976f,0.06570023315636439f,-0.40975263632342723f,0.9103348347334002f,-0.05825174415340889f,1.3008023771842043f,-0.16060830494862424f,-0.13485808280965722f,-0.9777618676766003f,0.29873036986872353f,0f,0f,0f,1f],start_interpolation:0}
execute if entity @s[tag=aj.dino.bone.head_upper] run data modify entity @s {} merge value {transformation:[-0.9346720406488648f,-0.17355048125052447f,0.4239579571968255f,0.09073959868396894f,-0.4265113484187903f,0.6812178715349952f,-0.6614395087646512f,1.2703686459448498f,-0.16717711770089594f,-0.767655120833926f,-0.6828099071909975f,0.23436986436556106f,0f,0f,0f,1f],start_interpolation:0}
execute if entity @s[tag=aj.dino.bone.neck_0] run data modify entity @s {} merge value {transformation:[-0.9758144923732488f,-0.036557353485949205f,0.21552177704455336f,0.10558434534096459f,-0.21440844109074847f,0.3522095814038172f,-0.9110309715681366f,1.2058119339685607f,-0.042603953612004725f,-0.9352069132942995f,-0.3515294190578861f,0.22683324112985717f,0f,0f,0f,1f],start_interpolation:0}
execute if entity @s[tag=aj.dino.bone.neck_1] run data modify entity @s {} merge value {transformation:[-0.9863964037212236f,-0.16205106324390797f,0.02759687713049888f,0.1071756140509484f,-0.11079011817485909f,0.5313442593753361f,-0.8398802460730197f,1.137110890282856f,0.12144004463371091f,-0.831512315561468f,-0.5420697230329027f,0.1770821476251033f,0f,0f,0f,1f],start_interpolation:0}
execute if entity @s[tag=aj.dino.bone.neck_2] run data modify entity @s {} merge value {transformation:[-0.9782948643047971f,-0.18981243102009115f,-0.08312881272520302f,0.09803452425766908f,-0.04248252063363063f,0.5763632515208901f,-0.8160886212519325f,1.0712583628559489f,0.20281615792503294f,-0.7948437854865006f,-0.5719169194542314f,0.11919591866673787f,0f,0f,0f,1f],start_interpolation:0}
execute if entity @s[tag=aj.dino.bone.body_0] run data modify entity @s {} merge value {transformation:[-0.9930541162460711f,-0.11695791074323839f,0.012820659940555729f,0.10296268291296044f,-0.06284028877201178f,0.4351006869528144f,-0.8981862225174905f,0.6520914423008743f,0.09947170609668288f,-0.8927531793994159f,-0.4394281970452618f,-0.09640953272020872f,0f,0f,0f,1f],start_interpolation:0}
execute if entity @s[tag=aj.dino.bone.leg_left_3] run data modify entity @s {} merge value {transformation:[-0.9637746845397842f,-0.03140672471711101f,-0.2648621812996023f,0.45389384973808367f,-0.030875891465351444f,0.9995041927629678f,-0.006168304099832253f,0.06009158691117439f,0.2649245869421325f,0.002233000625121398f,-0.9642665486999682f,-0.2601174663353765f,0f,0f,0f,1f],start_interpolation:0}
execute if entity @s[tag=aj.dino.bone.leg_left_2] run data modify entity @s {} merge value {transformation:[-0.9825250083605637f,-0.2870335996290995f,-0.06571544818937824f,0.3834315647584623f,-0.28241579791943056f,0.9833688270760214f,-0.07272734369792298f,0.28662769830389384f,0.08335541093594519f,-0.051571912120711445f,-1.0210065684649667f,-0.3035631645865458f,0f,0f,0f,1f],start_interpolation:0}
execute if entity @s[tag=aj.dino.bone.leg_left_1] run data modify entity @s {} merge value {transformation:[-0.992970907847437f,0.023968490286405245f,0.11590637446675456f,0.4035714513377439f,0.10714038283431562f,0.5981679263322885f,0.7941763470876262f,0.404877328165568f,-0.05029626760260962f,0.8010122616918667f,-0.5965313420806372f,-0.05331369772214606f,0f,0f,0f,1f],start_interpolation:0}
execute if entity @s[tag=aj.dino.bone.leg_left_0] run data modify entity @s {} merge value {transformation:[-0.9965670482896651f,-0.08254979003650643f,-0.006296858594023846f,0.25579586815186905f,-0.04061353260967139f,0.5537408764575954f,-0.8316980117259735f,0.6852770452207249f,0.07214332423854328f,-0.8285870949422895f,-0.5551925493582469f,-0.3250592666904655f,0f,0f,0f,1f],start_interpolation:0}
execute if entity @s[tag=aj.dino.bone.leg_right_3] run data modify entity @s {} merge value {transformation:[-0.884917475148533f,0.0025429853576594413f,0.46574091016595875f,-0.23862542220129768f,0.004799911051804426f,0.9999817826621358f,0.0036599450476810236f,0.01999993939088629f,-0.4657231184197749f,0.005474264272759266f,-0.884913560411429f,-0.24200742533505862f,0f,0f,0f,1f],start_interpolation:0}
execute if entity @s[tag=aj.dino.bone.leg_right_2] run data modify entity @s {} merge value {transformation:[-1.0106748431562764f,0.17400432308861988f,0.017918048392648222f,-0.19594358017437613f,0.16367545433920264f,0.9777752639183076f,-0.263112292409599f,0.23953266284902797f,-0.061716339478177736f,-0.25639857315642356f,-0.9912179702898137f,-0.3323108901537223f,0f,0f,0f,1f],start_interpolation:0}
execute if entity @s[tag=aj.dino.bone.leg_right_1] run data modify entity @s {} merge value {transformation:[-0.9702089623202441f,0.0885086959560119f,-0.22552334729167436f,-0.17925993861728742f,-0.14490357410477378f,0.5340208787696109f,0.8329613768055485f,0.33754645439463604f,0.19415850134654747f,0.8408257321099886f,-0.5052866162650301f,-0.07321951933830079f,0f,0f,0f,1f],start_interpolation:0}
execute if entity @s[tag=aj.dino.bone.leg_right_0] run data modify entity @s {} merge value {transformation:[-0.981626813551015f,-0.17234943212618598f,-0.08188084124788889f,-0.12612504353133341f,-0.09778959339079382f,0.822885932936722f,-0.5597284491602372f,0.7175741556128745f,0.1638474727975503f,-0.5414373598308877f,-0.8246208771533824f,-0.2377275975455399f,0f,0f,0f,1f],start_interpolation:0}
execute if entity @s[tag=aj.dino.bone.tail_4] run data modify entity @s {} merge value {transformation:[-1.9156912084033322f,1.192405742105567f,-1.5918407809325201f,-0.670192512833785f,-1.4856794351125533f,0.6115027752431709f,2.2459924985523756f,0.7749979147450083f,1.3223256564590375f,2.4145173914601603f,0.2173061347652273f,-1.6489480461652348f,0f,0f,0f,1f],start_interpolation:0}
execute if entity @s[tag=aj.dino.bone.tail_3] run data modify entity @s {} merge value {transformation:[-1.4682022369878744f,0.7173005518292097f,-1.2906617045894553f,-0.45836333203902496f,-0.5637411909528999f,1.4099241717055697f,1.424870248727165f,0.5195953604970108f,1.364743047965899f,1.3540824474271569f,-0.7999266620402611f,-1.5265608046643937f,0f,0f,0f,1f],start_interpolation:0}
execute if entity @s[tag=aj.dino.bone.tail_2] run data modify entity @s {} merge value {transformation:[-1.5198680597249563f,0.6255591198884987f,-1.0570954278375255f,-0.26282660607797326f,0.3440262545344688f,1.8312419604645582f,0.5890438807318877f,0.4107835274277595f,1.1791610968063948f,0.2720340874982849f,-1.5343892719971988f,-1.240384534240582f,0f,0f,0f,1f],start_interpolation:0}
execute if entity @s[tag=aj.dino.bone.tail_1] run data modify entity @s {} merge value {transformation:[-1.4196978641182154f,0.09529436762125572f,-0.5128676321604272f,-0.15227174946647043f,0.1883914619817604f,1.4803490331236324f,-0.24643791750114566f,0.44553849620717234f,0.48643898041846234f,-0.29519819381153306f,-1.4013890946842193f,-0.9356774735682367f,0f,0f,0f,1f],start_interpolation:0}
execute if entity @s[tag=aj.dino.bone.tail_0] run data modify entity @s {} merge value {transformation:[-1.1930437072216553f,-0.0667813518392491f,-0.4538972133527142f,-0.021243987152473373f,0.09622690995357383f,1.2000481298446242f,-0.42948874774694f,0.6000043896173335f,0.4485786564735596f,-0.4350407494556921f,-1.1150571518327812f,-0.6203301657047182f,0f,0f,0f,1f],start_interpolation:0}
execute if entity @s[tag=aj.dino.bone.body_1] run data modify entity @s {} merge value {transformation:[-1.2011844159052725f,0.023364255339518556f,-0.29191557960305853f,0.04504854761788822f,0.10157806104631993f,1.1891538091159264f,-0.3227997999308599f,0.59495287352905f,0.27466796601829985f,-0.33759728211844786f,-1.1572338478483324f,-0.32854993363619467f,0f,0f,0f,1f],start_interpolation:0}