execute if entity @s[tag=aj.dino.bone.head_lower] run data modify entity @s {} merge value {transformation:[-0.7713292008168279f,-0.5579703488811443f,0.30613780187478956f,0.37185311175749247f,-0.4590589168894146f,0.8209301254939045f,0.33961542939165734f,0.962477615878572f,-0.4408130837345816f,0.12142000999018365f,-0.8893486416374585f,0.45589204550953266f,0f,0f,0f,1f],start_interpolation:0}
execute if entity @s[tag=aj.dino.bone.head_upper] run data modify entity @s {} merge value {transformation:[-0.8028762437430692f,-0.395027065054357f,0.5318038150399711f,0.39939480164114344f,-0.47783423531564295f,0.9240792155232377f,-0.03498556247624788f,0.9806674244795079f,-0.45884215518720783f,-0.27111466927483935f,-0.8941099794268377f,0.38802421312031476f,0f,0f,0f,1f],start_interpolation:0}
execute if entity @s[tag=aj.dino.bone.neck_0] run data modify entity @s {} merge value {transformation:[-0.8940178518596338f,-0.22796343443274794f,0.3857003410912573f,0.42832406237490894f,-0.4414317564553838f,0.5954020203208636f,-0.6712931092976815f,0.9277384998254488f,-0.07661647961764317f,-0.770408402575842f,-0.632930334469394f,0.35962768053868377f,0f,0f,0f,1f],start_interpolation:0}
execute if entity @s[tag=aj.dino.bone.neck_1] run data modify entity @s {} merge value {transformation:[-0.9298335674836036f,-0.36318116989934424f,-0.05923659857941155f,0.4216328147427964f,-0.2858051570163408f,0.8141677792837752f,-0.5054168966298922f,0.8886738242723166f,0.23178642972266422f,-0.45302347070176174f,-0.8608395820300963f,0.28461624691963133f,0f,0f,0f,1f],start_interpolation:0}
execute if entity @s[tag=aj.dino.bone.neck_2] run data modify entity @s {} merge value {transformation:[-0.8424692782293414f,-0.2294658192856939f,-0.4874330241369349f,0.37668341229377583f,-0.05722853109914161f,0.937755453171248f,-0.3425486903723648f,0.8678452018642244f,0.5356961923216995f,-0.2606916719558431f,-0.8031621515639915f,0.2117008843257462f,0f,0f,0f,1f],start_interpolation:0}
execute if entity @s[tag=aj.dino.bone.body_0] run data modify entity @s {} merge value {transformation:[-0.7151436208480209f,-0.4065404712004722f,-0.5685898757773304f,0.10483632988818063f,0.011098594209694314f,0.8067524053096888f,-0.590785390589172f,0.5970955878258437f,0.6988894209865755f,-0.42880695167304583f,-0.572431808541349f,-0.062169002643884835f,0f,0f,0f,1f],start_interpolation:0}
execute if entity @s[tag=aj.dino.bone.leg_left_3] run data modify entity @s {} merge value {transformation:[-0.9483823768152487f,0.010897848017622886f,-0.3169417994756206f,0.38639963093190394f,-0.0027288437532743542f,0.9990919463486474f,0.04251865652912397f,0.04654516927552799f,0.3171173611741085f,0.04118882918773216f,-0.947491456210616f,-0.5250720355308879f,0f,0f,0f,1f],start_interpolation:0}
execute if entity @s[tag=aj.dino.bone.leg_left_2] run data modify entity @s {} merge value {transformation:[-0.9668897334666511f,-0.31874137727380825f,-0.1248614321200857f,0.3067426894206971f,-0.33292157688816254f,0.9626337617475202f,0.12067171949886094f,0.27414651079017177f,0.07968479440760451f,0.1542801823245886f,-1.010895720825251f,-0.5202271334854114f,0f,0f,0f,1f],start_interpolation:0}
execute if entity @s[tag=aj.dino.bone.leg_left_1] run data modify entity @s {} merge value {transformation:[-0.9977099567105164f,-0.03840563164429811f,0.055676294225657424f,0.3132262349759176f,0.04674728098126315f,0.20336637516598247f,0.9779860986602558f,0.2765950831806828f,-0.04888285999773669f,0.978349183527973f,-0.20110529850948836f,-0.24280083013613002f,0f,0f,0f,1f],start_interpolation:0}
execute if entity @s[tag=aj.dino.bone.leg_left_0] run data modify entity @s {} merge value {transformation:[-0.9995621025213096f,0.0029625128389655364f,0.029441921147538963f,0.19576794920776655f,-0.007954439193964484f,0.9314508140117543f,-0.36378030179484666f,0.6710020277173369f,-0.028501405233575083f,-0.36385519728941507f,-0.9310193689205356f,-0.31318542909159114f,0f,0f,0f,1f],start_interpolation:0}
execute if entity @s[tag=aj.dino.bone.leg_right_3] run data modify entity @s {} merge value {transformation:[-0.8658939285056931f,-0.05239113516161209f,0.497476505509009f,-0.2875244554848938f,-0.06391946032644436f,0.9979360483625667f,-0.006160030038976083f,0.038354235861781966f,-0.49612700709450774f,-0.03713236236738321f,-0.8674555783995301f,-0.0072964910368606695f,0f,0f,0f,1f],start_interpolation:0}
execute if entity @s[tag=aj.dino.bone.leg_right_2] run data modify entity @s {} merge value {transformation:[-0.9710192874219287f,0.3035296051414216f,0.1305891333840478f,-0.2112299378467322f,0.15178474253485502f,0.7697997315308438f,-0.6606299756818204f,0.1971415347317493f,-0.2935049145907642f,-0.6060860925961158f,-0.7736773959301997f,-0.17202903901070682f,0f,0f,0f,1f],start_interpolation:0}
execute if entity @s[tag=aj.dino.bone.leg_right_1] run data modify entity @s {} merge value {transformation:[-0.9924591235145918f,-0.07775342479056528f,-0.094759131939809f,-0.24709288828820672f,-0.12257362628145851f,0.6343941368421852f,0.763229837781826f,0.3265666180350267f,0.0007709039249851641f,0.7690893862702807f,-0.6391407682455733f,0.0708214957989528f,0f,0f,0f,1f],start_interpolation:0}
execute if entity @s[tag=aj.dino.bone.leg_right_0] run data modify entity @s {} merge value {transformation:[-0.9961644069377544f,-0.03316368398288938f,0.08097310920938455f,-0.15087610659175324f,-0.0789007683402533f,0.7405305431567071f,-0.6673748447516958f,0.6808256961283133f,-0.03783045209443797f,-0.6712039069587687f,-0.7403068094902376f,-0.1280506115286579f,0f,0f,0f,1f],start_interpolation:0}
execute if entity @s[tag=aj.dino.bone.tail_4] run data modify entity @s {} merge value {transformation:[1.5703810683204849f,0.9447292272840228f,-2.0656842253781056f,-1.44480517743253f,2.1428326121632f,0.21695379845495083f,1.7282536784817812f,0.6563163358695592f,0.7535469647675922f,-2.5857453602494003f,-0.6097124202755315f,-0.9134622093218023f,0f,0f,0f,1f],start_interpolation:0}
execute if entity @s[tag=aj.dino.bone.tail_3] run data modify entity @s {} merge value {transformation:[0.48995416601820363f,0.12245447488924897f,-2.020122605889417f,-1.1034653485134087f,1.968722344814578f,0.45289350874267986f,0.5049409121976337f,0.5662650982782969f,0.4690658485475583f,-2.0287527935563725f,-0.0092118623533292f,-0.8920472790974764f,0f,0f,0f,1f],start_interpolation:0}
execute if entity @s[tag=aj.dino.bone.tail_2] run data modify entity @s {} merge value {transformation:[0.17952206599757722f,0.05330434071512336f,-1.9451746322846346f,-0.7417162022792587f,1.8478005444396763f,0.6077556872249655f,0.18718987049763833f,0.5329778742925995f,0.6100646283724163f,-1.8564928082029868f,0.0054293003407250556f,-0.8930472227610157f,0f,0f,0f,1f],start_interpolation:0}
execute if entity @s[tag=aj.dino.bone.tail_1] run data modify entity @s {} merge value {transformation:[-0.7657054619370838f,0.1670215544109412f,-1.2936209630034101f,-0.4646535364791839f,0.9541558857934593f,1.094497025741335f,-0.42346080839798084f,0.6098112465138692f,0.8893469183425647f,-1.0304544196642205f,-0.6594558346311437f,-0.7393931010079953f,0f,0f,0f,1f],start_interpolation:0}
execute if entity @s[tag=aj.dino.bone.tail_0] run data modify entity @s {} merge value {transformation:[-0.672430267738275f,0.23322197522738095f,-1.0617347888641957f,-0.14876189244993837f,0.3783397315351327f,1.2206073063664786f,0.028505574379778426f,0.6309366837726141f,1.019084049112429f,-0.2992674898812704f,-0.711155669968825f,-0.5387987430766006f,0f,0f,0f,1f],start_interpolation:0}
execute if entity @s[tag=aj.dino.bone.body_1] run data modify entity @s {} merge value {transformation:[-1.0902347186423886f,-0.03433949081225967f,-0.5820770161187919f,-0.01112413140633278f,0.030896547010952586f,1.2290855529329587f,-0.1303790704466532f,0.5784603571428572f,0.5822699173972511f,-0.1295148562848606f,-1.0829553270342966f,-0.27830305465665456f,0f,0f,0f,1f],start_interpolation:0}