execute if entity @s[tag=aj.dino.bone.head_lower] run data modify entity @s {} merge value {transformation:[0.08612077977406823f,0.1396761947071996f,0.9864450171820136f,-0.4836228942434352f,-0.4797122029970877f,0.873602952478693f,-0.08181738028188679f,0.7330368567748133f,-0.8731892198067879f,-0.46616353573893654f,0.1422397425496341f,0.24699047059774876f,0f,0f,0f,1f],start_interpolation:0}
execute if entity @s[tag=aj.dino.bone.head_upper] run data modify entity @s {} merge value {transformation:[0.08964308378316939f,-0.3277160695418696f,0.9838893422928107f,-0.42312710500445655f,-0.49933223221958406f,0.8519009405339248f,0.32924770609303916f,0.7747085296507217f,-0.908902295068044f,-0.5003387930841959f,-0.08384302438843354f,0.22969342877340115f,0f,0f,0f,1f],start_interpolation:0}
execute if entity @s[tag=aj.dino.bone.neck_0] run data modify entity @s {} merge value {transformation:[-0.11224146426835353f,0.24203531956322816f,0.9637534735516247f,-0.3647014173964392f,-0.3532768992024977f,0.8967975160910433f,-0.26636375057954675f,0.7430423975227703f,-0.9287611566967924f,-0.3703688961250135f,-0.01515237916549822f,0.23502553510039595f,0f,0f,0f,1f],start_interpolation:0}
execute if entity @s[tag=aj.dino.bone.neck_1] run data modify entity @s {} merge value {transformation:[-0.1818694180132907f,-0.03879112682253652f,0.9825572569938837f,-0.2816446275374398f,-0.553207168553878f,0.8301290808548327f,-0.06962426143027767f,0.7409686096705577f,-0.8129485490805108f,-0.5562202419895814f,-0.17243462224548634f,0.21785562226447053f,0f,0f,0f,1f],start_interpolation:0}
execute if entity @s[tag=aj.dino.bone.neck_2] run data modify entity @s {} merge value {transformation:[-0.5546662916738797f,-0.06397459022669576f,0.8296098822254185f,-0.20959093100281462f,-0.40707519792932284f,0.8904367216630005f,-0.2034999458104365f,0.7318584201960017f,-0.7256962781436521f,-0.450588167309545f,-0.5199377033540428f,0.16789364014231617f,0f,0f,0f,1f],start_interpolation:0}
execute if entity @s[tag=aj.dino.bone.body_0] run data modify entity @s {} merge value {transformation:[-0.7386063272154852f,0.10749951891938694f,0.6655107413328141f,0.10508585301416644f,-0.3544841692054733f,0.7777703767517525f,-0.5190512641638994f,0.4946407408893279f,-0.5734123012108796f,-0.6192875700993338f,-0.5363592437354894f,-0.0907899482977147f,0f,0f,0f,1f],start_interpolation:0}
execute if entity @s[tag=aj.dino.bone.leg_left_3] run data modify entity @s {} merge value {transformation:[-0.9969131256563156f,0.07420091742644584f,0.025660158752993933f,0.4034364597977218f,0.07466554593268424f,0.9970524544101435f,0.01764821252371801f,0.010557622429173713f,-0.024275010705030797f,0.019509664471278276f,-0.9995149307776685f,-0.18518272528659663f,0f,0f,0f,1f],start_interpolation:0}
execute if entity @s[tag=aj.dino.bone.leg_left_2] run data modify entity @s {} merge value {transformation:[-0.8296475673897318f,-0.1327478959978395f,0.5883239834760617f,0.389387867031879f,-0.3283394190423152f,0.9386937532303637f,-0.25121596893896175f,0.22109269607098142f,-0.5059054648132891f,-0.3915280746704293f,-0.8017653191037948f,-0.30201034134527377f,0f,0f,0f,1f],start_interpolation:0}
execute if entity @s[tag=aj.dino.bone.leg_left_1] run data modify entity @s {} merge value {transformation:[-0.7608451476768264f,-0.6120236142297507f,0.21573538625311672f,0.22683108754863487f,0.04068798534786592f,0.28680048204070596f,0.9571258910663477f,0.24743472982811626f,-0.647656659893929f,0.737002428168572f,-0.19330874726371775f,-0.07863895472348761f,0f,0f,0f,1f],start_interpolation:0}
execute if entity @s[tag=aj.dino.bone.leg_left_0] run data modify entity @s {} merge value {transformation:[-0.7848431822713919f,0.3952889189793948f,0.47725030096817783f,0.2519250751710263f,-0.004614980388736242f,0.7663884554466291f,-0.642360831086502f,0.6000993217378373f,-0.6196772395353297f,-0.5063550196159129f,-0.5996705036198144f,-0.3006868233527772f,0f,0f,0f,1f],start_interpolation:0}
execute if entity @s[tag=aj.dino.bone.leg_right_3] run data modify entity @s {} merge value {transformation:[-0.2799662338344812f,0.052701075728820226f,0.9585622069169857f,-0.16426981930560164f,-0.01266943692220654f,0.9982022712715284f,-0.0585808074068353f,0.02851554705975487f,-0.9599262436669865f,-0.028545091441220943f,-0.27879523753823654f,-0.29055115180286634f,0f,0f,0f,1f],start_interpolation:0}
execute if entity @s[tag=aj.dino.bone.leg_right_2] run data modify entity @s {} merge value {transformation:[-0.8462299243645278f,0.36872922020189985f,0.4472089855760938f,-0.06318598995544032f,0.2832197690749525f,0.9535263843979676f,-0.25027224409183846f,0.24260724846077072f,-0.505711060800365f,-0.08299636092584425f,-0.8884988050402381f,-0.33657152665076806f,0f,0f,0f,1f],start_interpolation:0}
execute if entity @s[tag=aj.dino.bone.leg_right_1] run data modify entity @s {} merge value {transformation:[-0.8839153506272741f,-0.40552180332977794f,-0.23290710583755936f,-0.178604798526646f,-0.3075459330154408f,0.12889151528656195f,0.9427632133111665f,0.22149745036009189f,-0.3522912885825094f,0.9049525094231735f,-0.23864577029056294f,-0.08508343406601447f,0f,0f,0f,1f],start_interpolation:0}
execute if entity @s[tag=aj.dino.bone.leg_right_0] run data modify entity @s {} merge value {transformation:[-0.8872179684493725f,-0.023793002053186574f,0.46073655109386025f,-0.12229171547509726f,-0.2577510294591885f,0.8538375154515084f,-0.45224540243138284f,0.6235275729820465f,-0.3826338762750844f,-0.519995567539659f,-0.7636726566178804f,-0.1825918734251722f,0f,0f,0f,1f],start_interpolation:0}
execute if entity @s[tag=aj.dino.bone.tail_4] run data modify entity @s {} merge value {transformation:[0.3731826128704029f,-2.5375886904022487f,1.0232495821615655f,-0.8829022439663464f,2.5367251296705757f,0.7079027461482371f,0.8303978866143543f,0.6856086901305006f,-1.0253885534513343f,0.8277552004900871f,2.426738752752879f,-0.11772258352693188f,0f,0f,0f,1f],start_interpolation:0}
execute if entity @s[tag=aj.dino.bone.tail_3] run data modify entity @s {} merge value {transformation:[0.3218405843421806f,-2.0547758419205193f,-0.10129365120553499f,-0.845618989196853f,2.0119036669256047f,0.2929491052363984f,0.44985551324502404f,0.6064630821236314f,-0.4296600974328824f,-0.16739948400594934f,2.030594774806868f,-0.4603982831056761f,0f,0f,0f,1f],start_interpolation:0}
execute if entity @s[tag=aj.dino.bone.tail_2] run data modify entity @s {} merge value {transformation:[0.3593350838603494f,-1.6584447641444071f,-0.9691300928109986f,-0.6655887448458078f,1.9188660133071331f,0.26516428253367175f,0.25771108095301304f,0.5600371475332007f,-0.08720891860723366f,-0.9990108820994803f,1.6772434936421583f,-0.7724963889721627f,0f,0f,0f,1f],start_interpolation:0}
execute if entity @s[tag=aj.dino.bone.tail_1] run data modify entity @s {} merge value {transformation:[0.0705854462353501f,-0.16229570480039535f,-1.5021098658164456f,-0.3404349988207318f,1.0339210625250392f,1.1016808907907636f,-0.07044644301569877f,0.5607417461768354f,1.101671993493005f,-1.0235309321509596f,0.162356089147702f,-0.7959745061334669f,0f,0f,0f,1f],start_interpolation:0}
execute if entity @s[tag=aj.dino.bone.tail_0] run data modify entity @s {} merge value {transformation:[-0.7589337558146211f,-0.06325633086751499f,-1.0265738684937973f,-0.04197274259535835f,0.16961892022302552f,1.250629932891399f,-0.20245964892406912f,0.6500850892748585f,1.0144381167777146f,-0.25643541905372946f,-0.734160677009638f,-0.5876239362909302f,0f,0f,0f,1f],start_interpolation:0}
execute if entity @s[tag=aj.dino.bone.body_1] run data modify entity @s {} merge value {transformation:[-1.1769540848474558f,0.11563857462871055f,-0.3605709323766659f,0.03406586975824932f,0.07368449704005847f,1.2247404528105432f,0.15226954128002457f,0.5321895930232559f,0.37142195965383046f,0.12346310527244822f,-1.1727775511918885f,-0.32328569993085055f,0f,0f,0f,1f],start_interpolation:0}