execute if entity @s[tag=aj.dino.bone.head_lower] run data modify entity @s {} merge value {transformation:[-0.09254002756600999f,-0.17902223402394632f,0.9794832224306638f,0.014043366608902298f,0.08380882775701134f,0.9788131372080122f,0.1868178867748068f,0.39588909037658826f,-0.9921756012360301f,0.09937747307153832f,-0.07557575112321396f,0.5293758612275741f,0f,0f,0f,1f],start_interpolation:0}
execute if entity @s[tag=aj.dino.bone.head_upper] run data modify entity @s {} merge value {transformation:[-0.09632487613511498f,-0.4380254158917742f,0.9393227325333395f,0.06893215419557229f,0.08723657389192822f,0.9365966076052101f,0.4457000307174289f,0.44767258626496814f,-1.0327551699200834f,0.11996863022789434f,-0.049962279252350715f,0.5283048604617354f,0f,0f,0f,1f],start_interpolation:0}
execute if entity @s[tag=aj.dino.bone.neck_0] run data modify entity @s {} merge value {transformation:[-0.5788695779736615f,-0.01904204543059257f,0.8151977749003085f,0.1221405061500107f,0.06498870683019412f,0.9954697037429687f,0.06940127458789891f,0.4359808635338741f,-0.8128262296955815f,0.093152935733154f,-0.5750096093833222f,0.48987425864275896f,0f,0f,0f,1f],start_interpolation:0}
execute if entity @s[tag=aj.dino.bone.neck_1] run data modify entity @s {} merge value {transformation:[-0.8095484677587083f,-0.2488186874460324f,0.5317147159211987f,0.16603744475345472f,-0.05798998369684308f,0.9351996687026936f,0.3493404377526485f,0.46988293167852363f,-0.5841818553672883f,0.2519738884011712f,-0.7715184504751825f,0.4256773319149767f,0f,0f,0f,1f],start_interpolation:0}
execute if entity @s[tag=aj.dino.bone.neck_2] run data modify entity @s {} merge value {transformation:[-0.9691147489833933f,-0.16538580431382888f,0.18293206125313904f,0.18044443491932902f,-0.09007974053962536f,0.9279282070951718f,0.36171104879648563f,0.510656529488553f,-0.22956969235325486f,0.33406103964486455f,-0.9141668218351747f,0.3488601284373246f,0f,0f,0f,1f],start_interpolation:0}
execute if entity @s[tag=aj.dino.bone.body_0] run data modify entity @s {} merge value {transformation:[-0.9761674007134672f,-0.20073142307832614f,-0.08248697820421885f,0.13965641369874904f,-0.20331154968038223f,0.9788178482061431f,0.02408389087454693f,0.5313316404696099f,0.07590533282236966f,0.04028046452122497f,-0.9963010913509428f,-0.12030911801213676f,0f,0f,0f,1f],start_interpolation:0}
execute if entity @s[tag=aj.dino.bone.leg_left_3] run data modify entity @s {} merge value {transformation:[-0.884306856596026f,0.12717538093729164f,-0.44925249677738066f,0.32821626244153335f,0.045046820837190235f,0.9809400982379376f,0.1890166860396389f,0.04066466339869493f,0.464728057373038f,0.14691135474292f,-0.8731809013817711f,-0.5400445759985191f,0f,0f,0f,1f],start_interpolation:0}
execute if entity @s[tag=aj.dino.bone.leg_left_2] run data modify entity @s {} merge value {transformation:[-0.9786478061647915f,-0.24460845099907647f,-0.18568084631799736f,0.26394176487324983f,-0.25769563989372335f,0.9914317834025828f,0.05213612509223384f,0.27297742898626837f,0.16704379117255358f,0.09639462671591754f,-1.0074058999587474f,-0.5484493349726647f,0f,0f,0f,1f],start_interpolation:0}
execute if entity @s[tag=aj.dino.bone.leg_left_1] run data modify entity @s {} merge value {transformation:[-0.9899518939526264f,0.0791861254515083f,0.11715291373067159f,0.2989563200591563f,0.12883150043520294f,0.16355629778995726f,0.9780857743310946f,0.26297080246177146f,0.058289725983422754f,0.9833508504034665f,-0.17211453412061592f,-0.27333620549590204f,0f,0f,0f,1f],start_interpolation:0}
execute if entity @s[tag=aj.dino.bone.leg_left_0] run data modify entity @s {} merge value {transformation:[-0.9937306234398485f,0.034113293172475245f,-0.10646939122010096f,0.20547093219760143f,0.0757089950973572f,0.9060590831454262f,-0.4163232949415854f,0.6614134743767736f,0.08226540037706309f,-0.4217738980527347f,-0.9029613407129915f,-0.35586618803595715f,0f,0f,0f,1f],start_interpolation:0}
execute if entity @s[tag=aj.dino.bone.leg_right_3] run data modify entity @s {} merge value {transformation:[-0.8610608972296788f,-0.06012189591682661f,0.5049351333521828f,-0.2868465866711115f,-0.04250910816318515f,0.9980207144788387f,0.04634252037080344f,0.055049191244237655f,-0.5067219227398703f,0.01843938997130823f,-0.8619123400394579f,-0.14104205765605743f,0f,0f,0f,1f],start_interpolation:0}
execute if entity @s[tag=aj.dino.bone.leg_right_2] run data modify entity @s {} merge value {transformation:[-0.9747160434778271f,0.31237596891549446f,-0.06642355103222708f,-0.21457283380887213f,0.3105451281185347f,0.877307534135137f,-0.43122547866778704f,0.24573973188315554f,-0.0745154848972197f,-0.4299010864077053f,-0.928275119733746f,-0.2698236340715554f,0f,0f,0f,1f],start_interpolation:0}
execute if entity @s[tag=aj.dino.bone.leg_right_1] run data modify entity @s {} merge value {transformation:[-0.9916037183184466f,0.10007640613057289f,-0.08189492507487493f,-0.20279020973352058f,-0.040283228584837204f,0.3627327396335438f,0.9310221378102269f,0.2941026933127533f,0.12287932011454349f,0.9265040056761396f,-0.35565573263235234f,0.0031884158299531895f,0f,0f,0f,1f],start_interpolation:0}
execute if entity @s[tag=aj.dino.bone.leg_right_0] run data modify entity @s {} merge value {transformation:[-0.994952402581313f,-0.02972349010589692f,-0.09584482632671176f,-0.09096953761397147f,0.013126851738754997f,0.9083654063268614f,-0.4179712601986708f,0.6832556137227266f,0.09948568922765522f,-0.4171196503697241f,-0.9033901675988829f,-0.0986124701562423f,0f,0f,0f,1f],start_interpolation:0}
execute if entity @s[tag=aj.dino.bone.tail_4] run data modify entity @s {} merge value {transformation:[0.1363203264417653f,-2.6117840058841773f,0.88637599629413f,-0.5677292898293529f,2.65413663246385f,-0.1171297765314382f,-0.7533264121635138f,0.3065508644726588f,0.7500912187276074f,0.8891154332578511f,2.5044956062110466f,0.36811490247814205f,0f,0f,0f,1f],start_interpolation:0}
execute if entity @s[tag=aj.dino.bone.tail_3] run data modify entity @s {} merge value {transformation:[0.3235570106668143f,-1.9904131958865594f,0.5191451594048175f,-0.6362793685846941f,1.7412264609999797f,-0.014774874379437529f,-1.141865859304412f,0.5003137012991573f,1.0951651922912302f,0.6115411178098904f,1.6620999334775237f,0.08029976527658703f,0f,0f,0f,1f],start_interpolation:0}
execute if entity @s[tag=aj.dino.bone.tail_2] run data modify entity @s {} merge value {transformation:[0.4251706714075139f,-1.8182778357920224f,0.5760811462330117f,-0.7434898695677925f,1.7076501012053746f,0.09995209610142794f,-0.9448357451647258f,0.6772430998930956f,0.8496675273487484f,0.7089775492603327f,1.610648876265915f,-0.2183193572880622f,0f,0f,0f,1f],start_interpolation:0}
execute if entity @s[tag=aj.dino.bone.tail_1] run data modify entity @s {} merge value {transformation:[0.9088485935684619f,-0.8093220647488008f,-0.898136002774283f,-0.5411961845397777f,0.759434394220338f,1.2564384644874822f,-0.36370047543483724f,0.7394231798559524f,0.9406964892269015f,-0.23241435081998735f,1.1613483261662314f,-0.46628624953867537f,0f,0f,0f,1f],start_interpolation:0}
execute if entity @s[tag=aj.dino.bone.tail_0] run data modify entity @s {} merge value {transformation:[0.09828508854649742f,0.001520935380356441f,-1.274430635503166f,-0.16874122944189868f,0.03623073123538074f,1.2776949546611047f,0.004318973458486863f,0.7689941306988751f,1.2739164384164234f,-0.03645553693411041f,0.09820192637259688f,-0.49586287189593f,0f,0f,0f,1f],start_interpolation:0}
execute if entity @s[tag=aj.dino.bone.body_1] run data modify entity @s {} merge value {transformation:[-0.9323387688094474f,0.2793922262590991f,-0.7624231103115371f,-0.010307585284976994f,0.06869599592428932f,1.183854146499043f,0.3498211185981237f,0.6079246428571429f,0.8090920067428079f,0.22143608283036645f,-0.9082625066036192f,-0.29961985344026304f,0f,0f,0f,1f],start_interpolation:0}