execute if entity @s[tag=aj.dino.bone.head_lower] run data modify entity @s {} merge value {transformation:[-0.500151282908212f,-0.4563790729347171f,0.7359122474809875f,0.23373019119670452f,-0.28287483959045867f,0.889329484794332f,0.3592699439169951f,0.6793025599566243f,-0.8184317438442514f,-0.028481735598391907f,-0.5738974397968343f,0.5708366434653644f,0f,0f,0f,1f],start_interpolation:0}
execute if entity @s[tag=aj.dino.bone.head_upper] run data modify entity @s {} merge value {transformation:[-0.5206072619827901f,-0.4606381977308252f,0.7747596221703782f,0.2766349580746445f,-0.29444430266519195f,0.932533542824233f,0.3565889604561548f,0.724733253720783f,-0.8519052611542548f,-0.04081157779955876f,-0.5967108040908249f,0.5285201037314293f,0f,0f,0f,1f],start_interpolation:0}
execute if entity @s[tag=aj.dino.bone.neck_0] run data modify entity @s {} merge value {transformation:[-0.8104079916644797f,-0.10511410621024356f,0.5763591863777018f,0.3158714858543492f,-0.29155649528372f,0.9256615727620565f,-0.24113370309757742f,0.6942100826039618f,-0.5081669972599747f,-0.36345794445478563f,-0.7808102365546209f,0.48409525519975055f,0f,0f,0f,1f],start_interpolation:0}
execute if entity @s[tag=aj.dino.bone.neck_1] run data modify entity @s {} merge value {transformation:[-0.9357248718093982f,-0.28957482405818286f,0.20140850416245615f,0.33159939462594334f,-0.30069365804661063f,0.9533579413019748f,-0.026305128150396526f,0.6963736938606517f,-0.18439709403305057f,-0.08517662254476449f,-0.9791540505375205f,0.4007556576693234f,0f,0f,0f,1f],start_interpolation:0}
execute if entity @s[tag=aj.dino.bone.neck_2] run data modify entity @s {} merge value {transformation:[-0.9596447056302005f,-0.2000167383105167f,-0.1976748424851993f,0.3123233069843998f,-0.20453831505245534f,0.9788553340360482f,0.0025125096376707456f,0.7061774140535307f,0.19299252998867208f,0.04284319578181778f,-0.9802644255218959f,0.3152966036741152f,0f,0f,0f,1f],start_interpolation:0}
execute if entity @s[tag=aj.dino.bone.body_0] run data modify entity @s {} merge value {transformation:[-0.86493997319318f,-0.3278050669097703f,-0.38002984209251556f,0.13009391449945587f,-0.20185508630119262f,0.9204948715533718f,-0.3345799091073459f,0.5572600218360331f,0.4594925101749965f,-0.21268058104167098f,-0.8623419295968728f,-0.09314796234780315f,0f,0f,0f,1f],start_interpolation:0}
execute if entity @s[tag=aj.dino.bone.leg_left_3] run data modify entity @s {} merge value {transformation:[-0.9112197483607867f,0.06484751853344918f,-0.40678418053970405f,0.35730308511185743f,0.01343962913434437f,0.9916851677583748f,0.12798400062810897f,0.04594709709654174f,0.4117012831726857f,0.11115452032238057f,-0.9045146356172827f,-0.5361128429074049f,0f,0f,0f,1f],start_interpolation:0}
execute if entity @s[tag=aj.dino.bone.leg_left_2] run data modify entity @s {} merge value {transformation:[-0.9715177373541083f,-0.28355307272621944f,-0.16677272095450005f,0.2845460599636579f,-0.2992635202771771f,0.9777261340428718f,0.08096389159116989f,0.27589151531927986f,0.13659001039007168f,0.12534536791519024f,-1.0088081617951652f,-0.5378598076484398f,0f,0f,0f,1f],start_interpolation:0}
execute if entity @s[tag=aj.dino.bone.leg_left_1] run data modify entity @s {} merge value {transformation:[-0.9961505804413735f,0.03645556390656522f,0.07971833507148207f,0.31006089729586744f,0.0849618994046184f,0.1777009923400916f,0.9804100330835599f,0.27047798083711405f,0.021575373365813087f,0.9834090446917811f,-0.18011428061795837f,-0.2615754027680937f,0f,0f,0f,1f],start_interpolation:0}
execute if entity @s[tag=aj.dino.bone.leg_left_0] run data modify entity @s {} merge value {transformation:[-0.9985514684550529f,0.0111702750101427f,-0.05263259258724817f,0.20262413619981387f,0.03105998365000131f,0.9184338858963238f,-0.3943532358850883f,0.6667993106614665f,0.04393452243872825f,-0.3954167702482739f,-0.9174504539998357f,-0.3370341627360353f,0f,0f,0f,1f],start_interpolation:0}
execute if entity @s[tag=aj.dino.bone.leg_right_3] run data modify entity @s {} merge value {transformation:[-0.8687744278337807f,-0.07195038483979885f,0.4899531974214394f,-0.27770095762853597f,-0.06469596266784763f,0.9973997340996177f,0.03175220988359795f,0.041497790120357425f,-0.4909637725500401f,-0.004112485795289f,-0.871170282725493f,-0.08714903775362737f,0f,0f,0f,1f],start_interpolation:0}
execute if entity @s[tag=aj.dino.bone.leg_right_2] run data modify entity @s {} merge value {transformation:[-0.9835120074929476f,0.29092280563918105f,0.011412790058263572f,-0.20800876853086941f,0.2438915411385614f,0.845206843393093f,-0.5274509527370628f,0.22183531312747215f,-0.15900706518562027f,-0.5030422572122594f,-0.8796177807323728f,-0.23134490676674802f,0f,0f,0f,1f],start_interpolation:0}
execute if entity @s[tag=aj.dino.bone.leg_right_1] run data modify entity @s {} merge value {transformation:[-0.9935731681591057f,0.03106513910237807f,-0.10884537953825822f,-0.21358422088893303f,-0.08097614226415904f,0.4768216164594535f,0.8752622523912524f,0.3033395275273261f,0.07908997343716993f,0.8784509680167376f,-0.47124162898895505f,0.0338707847483492f,0f,0f,0f,1f],start_interpolation:0}
execute if entity @s[tag=aj.dino.bone.leg_right_0] run data modify entity @s {} merge value {transformation:[-0.9982983685937667f,-0.05216761186201757f,-0.02605585415291012f,-0.11586804463149071f,-0.030855872129756268f,0.8517270893150365f,-0.5230763619989418f,0.683924734833596f,0.04948012144423214f,-0.5213823027295323f,-0.8518874409112475f,-0.10724522228742667f,0f,0f,0f,1f],start_interpolation:0}
execute if entity @s[tag=aj.dino.bone.tail_4] run data modify entity @s {} merge value {transformation:[-0.2178525839944144f,-2.7169621170043117f,-0.44307836554091484f,-0.8835880499747262f,2.739569698800047f,-0.25758552254295075f,0.23252719323316648f,0.3688621548841404f,-0.2701100676827441f,-0.42122189513334546f,2.715745569451729f,0.2865237660075826f,0f,0f,0f,1f],start_interpolation:0}
execute if entity @s[tag=aj.dino.bone.tail_3] run data modify entity @s {} merge value {transformation:[-0.15136095705714236f,-2.070691009441217f,-0.15897839520672472f,-0.836367851903402f,2.0156020915815933f,-0.10806468683036122f,-0.5114838784522994f,0.45664841702751163f,0.5003834481026483f,-0.1910662003704886f,2.0122265374418786f,-0.05280576189673325f,0f,0f,0f,1f],start_interpolation:0}
execute if entity @s[tag=aj.dino.bone.tail_2] run data modify entity @s {} merge value {transformation:[0.08834096560835043f,-1.9459295769732985f,-0.1559738127336826f,-0.8077703770629678f,1.802630460939681f,0.14124393452498993f,-0.7411797671652065f,0.5957986723875873f,0.7493284794337878f,-0.11037258456336939f,1.801415720340262f,-0.3871571860526909f,0f,0f,0f,1f],start_interpolation:0}
execute if entity @s[tag=aj.dino.bone.tail_1] run data modify entity @s {} merge value {transformation:[0.448517431087523f,-0.7772467195010913f,-1.2175286037853248f,-0.536699268270802f,0.9018781823259707f,1.1465272926808883f,-0.3996838267709076f,0.6669294318289567f,1.128319151771808f,-0.6074693030619953f,0.8034507997272275f,-0.5537031137672646f,0f,0f,0f,1f],start_interpolation:0}
execute if entity @s[tag=aj.dino.bone.tail_0] run data modify entity @s {} merge value {transformation:[-0.15143781422993524f,-0.039268241222585494f,-1.2686056559217183f,-0.16693082308271356f,0.19528506781608784f,1.2616695355377514f,-0.0623653907872684f,0.7156003818830883f,1.2540996959147042f,-0.20120562842840056f,-0.14347809721141022f,-0.5166309292511992f,0f,0f,0f,1f],start_interpolation:0}
execute if entity @s[tag=aj.dino.bone.body_1] run data modify entity @s {} merge value {transformation:[-1.0016938913247597f,0.1364076584233407f,-0.7117632287933762f,-0.010643866413941704f,0.053861393817557064f,1.224923567219895f,0.15895219338394725f,0.5961389285714286f,0.7227121788062939f,0.0977742310069424f,-0.9983646134615903f,-0.2911109297945861f,0f,0f,0f,1f],start_interpolation:0}