execute if entity @s[tag=aj.dino.bone.head_lower] run data modify entity @s {} merge value {transformation:[-0.907125778803142f,-0.3643967811077342f,0.2105654467122177f,0.09333577303987767f,-0.40332167870789404f,0.8956217702943041f,-0.18759868885240988f,1.3249812656896824f,-0.12022663978935771f,-0.2551012161735398f,-0.9594107173633933f,0.25549972484288863f,0f,0f,0f,1f],start_interpolation:0}
execute if entity @s[tag=aj.dino.bone.head_upper] run data modify entity @s {} merge value {transformation:[-0.9442268451871162f,-0.15940637855967268f,0.40804070126150904f,0.1175924808802777f,-0.4198173673163475f,0.6062365980538852f,-0.7346444771882046f,1.2878193701146192f,-0.1251438592623092f,-0.830986604126715f,-0.6142248943460309f,0.19445824604518552f,0f,0f,0f,1f],start_interpolation:0}
execute if entity @s[tag=aj.dino.bone.neck_0] run data modify entity @s {} merge value {transformation:[-0.9790666255838976f,-0.03212407189623623f,0.20098902127371585f,0.1314266026731536f,-0.20217215381267384f,0.26777355505983164f,-0.94203171041816f,1.2226246934126879f,-0.02355765036045157f,-0.9629461912357434f,-0.2686627437775284f,0.19272404356352335f,0f,0f,0f,1f],start_interpolation:0}
execute if entity @s[tag=aj.dino.bone.neck_1] run data modify entity @s {} merge value {transformation:[-0.9843063572302689f,-0.17545839805540786f,-0.018850614523370446f,0.129021393301167f,-0.06565781136934445f,0.4632841134326403f,-0.8837742257200762f,1.1498917089575549f,0.16379880012462317f,-0.8686668986399578f,-0.467533712458226f,0.14911596191966367f,0f,0f,0f,1f],start_interpolation:0}
execute if entity @s[tag=aj.dino.bone.neck_2] run data modify entity @s {} merge value {transformation:[-0.9604263478777626f,-0.2610436829701018f,-0.09714641467181481f,0.11795485796922679f,-0.05730139500377994f,0.5264935539522899f,-0.8482458887476604f,1.0807337082107584f,0.27257619197722316f,-0.8091110759519317f,-0.5206164483946928f,0.09558435328893367f,0f,0f,0f,1f],start_interpolation:0}
execute if entity @s[tag=aj.dino.bone.body_0] run data modify entity @s {} merge value {transformation:[-0.9912188231483153f,-0.1302798937947029f,-0.022636119572706087f,0.10604546086179703f,-0.032113295448786376f,0.4032304664198889f,-0.9145348146496217f,0.6535581538026791f,0.12827307157734963f,-0.9057772023095083f,-0.4038733451027344f,-0.10338829980644185f,0f,0f,0f,1f],start_interpolation:0}
execute if entity @s[tag=aj.dino.bone.leg_left_3] run data modify entity @s {} merge value {transformation:[-0.9597935460143984f,-0.033998036175126395f,-0.27864041803970585f,0.46326466952827283f,-0.03364948283617203f,0.9994154744432632f,-0.006035043347456338f,0.06545823550639171f,0.278682725216267f,0.003583710309485101f,-0.9603765384923004f,-0.270386366057199f,0f,0f,0f,1f],start_interpolation:0}
execute if entity @s[tag=aj.dino.bone.leg_left_2] run data modify entity @s {} merge value {transformation:[-0.9788218522890992f,-0.2970620511686492f,-0.07565790598150504f,0.390163245571986f,-0.2941519124192806f,0.9814464647632588f,-0.047955069851640345f,0.2922936141021098f,0.08628228904074843f,-0.02406603539993028f,-1.021781968934035f,-0.30743990703395446f,0f,0f,0f,1f],start_interpolation:0}
execute if entity @s[tag=aj.dino.bone.leg_left_1] run data modify entity @s {} merge value {transformation:[-0.9941601541767384f,0.027860227629500862f,0.10425639339491993f,0.4120019514631428f,0.10016421681655012f,0.5977454958707038f,0.7954039551296019f,0.4105023097876546f,-0.0401586543202217f,0.8012016786569529f,-0.5970453522141097f,-0.05731361723400663f,0f,0f,0f,1f],start_interpolation:0}
execute if entity @s[tag=aj.dino.bone.leg_left_0] run data modify entity @s {} merge value {transformation:[-0.9947497951690236f,-0.1021525557045822f,-0.006140063045924488f,0.25672822349089547f,-0.049185262778225484f,0.5298506439888339f,-0.8466635134396988f,0.6817435472342235f,0.08974215807870117f,-0.8419163559568376f,-0.532093219873865f,-0.334126801664423f,0f,0f,0f,1f],start_interpolation:0}
execute if entity @s[tag=aj.dino.bone.leg_right_3] run data modify entity @s {} merge value {transformation:[-0.8763167809273836f,0.004650263266467149f,0.4817128548384615f,-0.2393799961855761f,0.004649444078310125f,0.9999884768169532f,-0.0011953673377032847f,0.01760531770089699f,-0.4817128627458799f,0.0011921765229728487f,-0.8763283041077169f,-0.24354513371506753f,0f,0f,0f,1f],start_interpolation:0}
execute if entity @s[tag=aj.dino.bone.leg_right_2] run data modify entity @s {} merge value {transformation:[-1.0097291194908529f,0.17971671321348212f,0.014532988153313699f,-0.19547268501325044f,0.17026163188228552f,0.9775968089167811f,-0.2595720620660119f,0.23719563487924245f,-0.05933195986736348f,-0.2531177229831278f,-0.9922062972743262f,-0.33311807992733516f,0f,0f,0f,1f],start_interpolation:0}
execute if entity @s[tag=aj.dino.bone.leg_right_1] run data modify entity @s {} merge value {transformation:[-0.9704946377795446f,0.09518977887117205f,-0.22153795169137028f,-0.17719106185467956f,-0.13678526604195268f,0.539289120221723f,0.8309374439777714f,0.33690966598129485f,0.19856975861138257f,0.8367234613711615f,-0.5103566401606625f,-0.07478441987539264f,0f,0f,0f,1f],start_interpolation:0}
execute if entity @s[tag=aj.dino.bone.leg_right_0] run data modify entity @s {} merge value {transformation:[-0.9810058198297656f,-0.17409994528812722f,-0.08553824004970284f,-0.12451794643963063f,-0.0951739766352379f,0.8162407967979486f,-0.5698182831518177f,0.7148455138598907f,0.1690251331357696f,-0.5508540375574287f,-0.8173067561663213f,-0.24418724265356495f,0f,0f,0f,1f],start_interpolation:0}
execute if entity @s[tag=aj.dino.bone.tail_4] run data modify entity @s {} merge value {transformation:[-0.7386483730245178f,1.8646591152281704f,-1.898185000632112f,-0.7452145584889356f,-2.1039495496864467f,0.7967030732205352f,1.6013500045571405f,0.6722677562418732f,1.6289432786326334f,1.8745591291600943f,1.2075732681208702f,-1.5101317398083374f,0f,0f,0f,1f],start_interpolation:0}
execute if entity @s[tag=aj.dino.bone.tail_3] run data modify entity @s {} merge value {transformation:[-0.8764197034209255f,1.0504851536015132f,-1.5698136741546198f,-0.4893119923729451f,-0.6653066262191009f,1.44798204945702f,1.3403956891916846f,0.4308165393957854f,1.7678238381153766f,1.0657271942469602f,-0.2738064113164014f,-1.474133267985768f,0f,0f,0f,1f],start_interpolation:0}
execute if entity @s[tag=aj.dino.bone.tail_2] run data modify entity @s {} merge value {transformation:[-1.2707164994366758f,0.7468716068299419f,-1.2830573860796086f,-0.25155633137422895f,0.48632326137549814f,1.8050983603101087f,0.5691076085009169f,0.3258098156555783f,1.4026913910434031f,0.0507600977126191f,-1.359652216184604f,-1.2203275990152895f,0f,0f,0f,1f],start_interpolation:0}
execute if entity @s[tag=aj.dino.bone.tail_1] run data modify entity @s {} merge value {transformation:[-1.4050356294252389f,0.06235502182768511f,-0.556455731661102f,-0.1312331604766401f,0.21784239272561803f,1.4455480192030752f,-0.38806167822866f,0.3914379074957748f,0.5158253793457638f,-0.4406347982524025f,-1.351821512845488f,-0.9245371916228379f,0f,0f,0f,1f],start_interpolation:0}
execute if entity @s[tag=aj.dino.bone.tail_0] run data modify entity @s {} merge value {transformation:[-1.215668559765174f,-0.10595550149109402f,-0.38047220803399884f,-0.022607233286392615f,0.08264771662812219f,1.135849520095781f,-0.5803886105174441f,0.5884510212335703f,0.386205935115779f,-0.5765891223271408f,-1.0734177547811439f,-0.6247736977511211f,0f,0f,0f,1f],start_interpolation:0}
execute if entity @s[tag=aj.dino.bone.body_1] run data modify entity @s {} merge value {transformation:[-1.1990622768621302f,0.01610740500543905f,-0.30098970541605835f,0.04628370899543343f,0.10410942483178152f,1.1807514366388716f,-0.35155635052248213f,0.5906509597564475f,0.2828700742808444f,-0.36629385940182163f,-1.1464806691336398f,-0.33356051098058875f,0f,0f,0f,1f],start_interpolation:0}