execute if entity @s[tag=aj.dino.bone.head_lower] run data modify entity @s {} merge value {transformation:[-0.7559493388997034f,-0.5864006186191075f,0.2909895384721406f,0.3203794747543548f,-0.4608212793510865f,0.7923974869946796f,0.3996873416831519f,1.0057204672144016f,-0.46495628344429274f,0.16804921031544467f,-0.8692382397237397f,0.46019122503208276f,0f,0f,0f,1f],start_interpolation:0}
execute if entity @s[tag=aj.dino.bone.head_upper] run data modify entity @s {} merge value {transformation:[-0.7868673518818101f,-0.35204962263581363f,0.5834147549796764f,0.35244910359423476f,-0.4796686776676796f,0.9191696188011087f,-0.09228821225417415f,1.0198491689448579f,-0.4839728017053796f,-0.33861514682381333f,-0.8570776231674931f,0.39335279906856235f,0f,0f,0f,1f],start_interpolation:0}
execute if entity @s[tag=aj.dino.bone.neck_0] run data modify entity @s {} merge value {transformation:[-0.8795009988317095f,-0.17642501097702679f,0.44198666106092066f,0.3841766873087236f,-0.46644564687115686f,0.5037511138101695f,-0.7270923420377647f,0.9648079099497225f,-0.0943739983733522f,-0.8456411950920847f,-0.5253422861280603f,0.37314001860254514f,0f,0f,0f,1f],start_interpolation:0}
execute if entity @s[tag=aj.dino.bone.neck_1] run data modify entity @s {} merge value {transformation:[-0.9379644738697581f,-0.34668699568664785f,0.005547321875813249f,0.3830494746269507f,-0.28574888618392513f,0.7638360588915165f,-0.5787072223341627f,0.9193027099295317f,0.19639302381417162f,-0.5443919563686093f,-0.8155165099728418f,0.30154712085965646f,0f,0f,0f,1f],start_interpolation:0}
execute if entity @s[tag=aj.dino.bone.neck_2] run data modify entity @s {} merge value {transformation:[-0.8686890423831695f,-0.22424602942396432f,-0.44169340716270417f,0.34215831067711505f,-0.042535889848297356f,0.9221400717000893f,-0.38451058014021916f,0.8946450269193862f,0.4935281610184217f,-0.31523230553441195f,-0.8105914802347935f,0.22744690646361385f,0f,0f,0f,1f],start_interpolation:0}
execute if entity @s[tag=aj.dino.bone.body_0] run data modify entity @s {} merge value {transformation:[-0.7639344109523482f,-0.38422418750769943f,-0.518436099723907f,0.09416110534636647f,0.025837139681822042f,0.7845540453289521f,-0.6195219061268444f,0.6101405337432673f,0.6447764403077633f,-0.4866690083537525f,-0.5894205784768839f,-0.054980932486202144f,0f,0f,0f,1f],start_interpolation:0}
execute if entity @s[tag=aj.dino.bone.leg_left_3] run data modify entity @s {} merge value {transformation:[-0.9600126670680238f,0.0031017975059386554f,-0.2799393825833947f,0.3937506211394032f,-0.0013931283906154918f,0.9998733091660416f,0.015856380754667568f,0.04474815557967926f,0.27995310011183533f,0.015612317879862794f,-0.9598867210604544f,-0.5205845390153493f,0f,0f,0f,1f],start_interpolation:0}
execute if entity @s[tag=aj.dino.bone.leg_left_2] run data modify entity @s {} merge value {transformation:[-0.9667695935987275f,-0.32612937849048756f,-0.10515883642877624f,0.3129806321112608f,-0.3381177476417999f,0.9590169675818204f,0.13425738013420443f,0.2719182241647785f,0.055633992516104125f,0.1612088207148494f,-1.0114241318562356f,-0.5141782235805071f,0f,0f,0f,1f],start_interpolation:0}
execute if entity @s[tag=aj.dino.bone.leg_left_1] run data modify entity @s {} merge value {transformation:[-0.9961610760346691f,-0.06766027177761387f,0.05554456063765126f,0.3114927458785606f,0.04003987711783493f,0.21207890550848718f,0.9764319464656566f,0.27694972732717327f,-0.07784548049719377f,0.9749074958483505f,-0.20855564174785457f,-0.23671497226557905f,0f,0f,0f,1f],start_interpolation:0}
execute if entity @s[tag=aj.dino.bone.leg_left_0] run data modify entity @s {} merge value {transformation:[-0.9981994524689208f,0.0066420016345313665f,0.05961322760120852f,0.1931814570654382f,-0.014889686480077796f,0.9353040202481424f,-0.35353173399878485f,0.6712288681765655f,-0.05810464979045654f,-0.3537828055770227f,-0.9335210635817379f,-0.30638330506389f,0f,0f,0f,1f],start_interpolation:0}
execute if entity @s[tag=aj.dino.bone.leg_right_3] run data modify entity @s {} merge value {transformation:[-0.8601529501609877f,-0.0376607569417759f,0.5086438535123784f,-0.2973025094429888f,-0.055628822772189515f,0.9982479590230217f,-0.020160515453554184f,0.04140304914828691f,-0.5069934283660191f,-0.04563638562534439f,-0.8607409505192175f,0.017348240473595816f,0f,0f,0f,1f],start_interpolation:0}
execute if entity @s[tag=aj.dino.bone.leg_right_2] run data modify entity @s {} merge value {transformation:[-0.9599242441221278f,0.31947065407695757f,0.16895604822230176f,-0.21612365953355578f,0.12252342902214879f,0.7388105329744896f,-0.7008631857982699f,0.19176881979294358f,-0.33999360933392625f,-0.6357355559116435f,-0.7295936184359744f,-0.1528610466168444f,0f,0f,0f,1f],start_interpolation:0}
execute if entity @s[tag=aj.dino.bone.leg_right_1] run data modify entity @s {} merge value {transformation:[-0.9907363435639327f,-0.11280986294076276f,-0.07560047860202566f,-0.2624921415953779f,-0.1325289424768671f,0.6817500541792608f,0.7194810233998798f,0.3361810326769479f,-0.02962392525531124f,0.7228352498667049f,-0.6903851277385735f,0.07953616141499309f,0f,0f,0f,1f],start_interpolation:0}
execute if entity @s[tag=aj.dino.bone.leg_right_0] run data modify entity @s {} merge value {transformation:[-0.9932888194621221f,-0.012993144802799117f,0.11492823551972398f,-0.16145427090647002f,-0.09134011993841684f,0.6976967732211985f,-0.7105464060329651f,0.6785830088882555f,-0.07095282673142267f,-0.7162753596382199f,-0.6942011996200811f,-0.13693442304787512f,0f,0f,0f,1f],start_interpolation:0}
execute if entity @s[tag=aj.dino.bone.tail_4] run data modify entity @s {} merge value {transformation:[0.13436282894221674f,2.4522353451179226f,-1.262596441446366f,-1.1799634931299752f,2.181542075557514f,0.6790192244682746f,1.550957251820538f,0.594646122671533f,1.6877446887402303f,-1.0729100785046646f,-1.904217204174003f,-1.459248046224301f,0f,0f,0f,1f],start_interpolation:0}
execute if entity @s[tag=aj.dino.bone.tail_3] run data modify entity @s {} merge value {transformation:[-0.266387902037246f,1.3180276652611524f,-1.589901281620615f,-0.9232729246223176f,1.9508829108347567f,0.6865225012408429f,0.24225657792383443f,0.5468501977974426f,0.6775240806831478f,-1.4585730886522952f,-1.3226757694908469f,-1.220697831302135f,0f,0f,0f,1f],start_interpolation:0}
execute if entity @s[tag=aj.dino.bone.tail_2] run data modify entity @s {} merge value {transformation:[-0.14532092356840812f,0.9581044664676803f,-1.6969653901923525f,-0.6076902380909559f,1.8085744330562812f,0.700041200773607f,0.24036370840327392f,0.5036710275365774f,0.7257508003930498f,-1.5526596612126253f,-0.9387798608697994f,-1.0460135126402352f,0f,0f,0f,1f],start_interpolation:0}
execute if entity @s[tag=aj.dino.bone.tail_1] run data modify entity @s {} merge value {transformation:[-1.100141411211403f,0.4826953969572429f,-0.9188853460002903f,-0.4148057720426069f,0.8792943960230368f,1.1449071377252331f,-0.45131503532266415f,0.5859536276430781f,0.5515310421547155f,-0.8624668397927566f,-1.1133825532123403f,-0.7964101603474724f,0f,0f,0f,1f],start_interpolation:0}
execute if entity @s[tag=aj.dino.bone.tail_0] run data modify entity @s {} merge value {transformation:[-0.8363528693064669f,0.3017050675731219f,-0.918326546925202f,-0.13916873041536126f,0.38918436100037046f,1.2166843143671213f,0.04528276614529066f,0.6020817107445832f,0.8848079609381918f,-0.24997809495580547f,-0.887953569105217f,-0.542961906222035f,0f,0f,0f,1f],start_interpolation:0}
execute if entity @s[tag=aj.dino.bone.body_1] run data modify entity @s {} merge value {transformation:[-1.1153694305077066f,-0.07658618292205861f,-0.5279111526863143f,-0.011278159359911397f,0.02312960339439065f,1.2154646660760715f,-0.22520049294717917f,0.5725675f,0.5329358779365321f,-0.21303707931311694f,-1.0950795167027847f,-0.274021699101072f,0f,0f,0f,1f],start_interpolation:0}