execute if entity @s[tag=aj.dino.bone.head_lower] run data modify entity @s {} merge value {transformation:[0.006202133513610167f,0.7346700334955993f,-0.678396252512832f,0.4588578856734072f,0.3899419484979848f,0.6229270395010704f,0.6781645672401553f,0.4463856979744294f,0.9208185545162925f,-0.2687412237488077f,-0.2826151876961303f,0.43680143460890114f,0f,0f,0f,1f],start_interpolation:0}
execute if entity @s[tag=aj.dino.bone.head_upper] run data modify entity @s {} merge value {transformation:[0.006455798190094526f,1.0077062370316943f,-0.2606883294293367f,0.4635165002794993f,0.40589041171574053f,0.23761868168809433f,0.9285807872089246f,0.5158612757552214f,0.9584796497216111f,-0.10741249714880301f,-0.3914731907925535f,0.4076999244457861f,0f,0f,0f,1f],start_interpolation:0}
execute if entity @s[tag=aj.dino.bone.neck_0] run data modify entity @s {} merge value {transformation:[0.06903983728855473f,0.7451484578306665f,-0.6633153674231806f,0.40850781978422845f,0.3361240451627514f,0.6086506591357146f,0.7187245657392608f,0.5523472022846312f,0.9392838373625932f,-0.2725768715908219f,-0.2084411714205282f,0.39834265509214384f,0f,0f,0f,1f],start_interpolation:0}
execute if entity @s[tag=aj.dino.bone.neck_1] run data modify entity @s {} merge value {transformation:[-0.5008776085364213f,0.7601493903283513f,-0.4138774282928114f,0.37694888268914994f,0.49019381254030175f,0.6432415220836893f,0.5881754588680679f,0.6051367167407035f,0.713324363395811f,0.09172376273842145f,-0.6948058030378464f,0.33990604415813896f,0f,0f,0f,1f],start_interpolation:0}
execute if entity @s[tag=aj.dino.bone.neck_2] run data modify entity @s {} merge value {transformation:[-0.7788320002267171f,0.42654867450101813f,-0.4598662237045412f,0.34083733061224086f,0.24791643781613013f,0.8828104250123897f,0.39897768527826827f,0.6487334201211064f,0.5761580992083783f,0.19672819261831376f,-0.7933094370708822f,0.2723322796108053f,0f,0f,0f,1f],start_interpolation:0}
execute if entity @s[tag=aj.dino.bone.body_0] run data modify entity @s {} merge value {transformation:[-0.8069528257405219f,0.21215329835561839f,-0.551196983868942f,0.0830812844619582f,0.44828088894304186f,0.827636905185312f,-0.3377297703545176f,0.4974469219076826f,0.38454048114317296f,-0.5196230664357684f,-0.762968208505483f,-0.0922018351636806f,0f,0f,0f,1f],start_interpolation:0}
execute if entity @s[tag=aj.dino.bone.leg_left_3] run data modify entity @s {} merge value {transformation:[-0.9460481287146992f,-0.12340156653267f,-0.29960806319706873f,0.38956789290860205f,-0.16613857906536858f,0.9785828102581036f,0.12154692926393462f,-0.017121010896010286f,0.2781922189809698f,0.1647657028772513f,-0.946288197355229f,-0.35477607354958074f,0f,0f,0f,1f],start_interpolation:0}
execute if entity @s[tag=aj.dino.bone.leg_left_2] run data modify entity @s {} merge value {transformation:[-0.9989672706961594f,-0.21672969246583804f,-0.08458623991066032f,0.3348846464543847f,-0.19583557591519585f,0.9846641070888623f,-0.21011240543468723f,0.20560553328982167f,0.12559864165079182f,-0.18848616955959974f,-1.0003800001004215f,-0.42943329783684947f,0f,0f,0f,1f],start_interpolation:0}
execute if entity @s[tag=aj.dino.bone.leg_left_1] run data modify entity @s {} merge value {transformation:[-0.9840427219085353f,0.033836358805179004f,0.17468549533847505f,0.3544100899869037f,0.17702204660116536f,0.28535287706633117f,0.9419325509648242f,0.22964491775838602f,-0.017975440911867674f,0.9578250552020309f,-0.28678920333800845f,-0.15365394634548687f,0f,0f,0f,1f],start_interpolation:0}
execute if entity @s[tag=aj.dino.bone.leg_left_0] run data modify entity @s {} merge value {transformation:[-0.9979622878133482f,0.04819622526919502f,-0.04181382513175605f,0.260698712365116f,0.0622097591784694f,0.88063398287399f,-0.46969536304976417f,0.6208800568170038f,0.0141851318395321f,-0.47133948707624096f,-0.8818377798424157f,-0.26528065566930337f,0f,0f,0f,1f],start_interpolation:0}
execute if entity @s[tag=aj.dino.bone.leg_right_3] run data modify entity @s {} merge value {transformation:[-0.9931658731703432f,0.04275392692362687f,0.10859857320609081f,-0.25553865204269904f,0.07549033933061314f,0.9449583727035026f,0.31836281586469317f,0.03582204655873894f,-0.08900987045007068f,0.3243852271453754f,-0.9417279157868815f,-0.258595855433396f,0f,0f,0f,1f],start_interpolation:0}
execute if entity @s[tag=aj.dino.bone.leg_right_2] run data modify entity @s {} merge value {transformation:[-1.0209899749269145f,0.09459177271340521f,-0.02634515390671446f,-0.2327196887468139f,0.09701045674487462f,1.0142835000477228f,-0.11781405821796126f,0.2684585757273227f,0.015186898352980663f,-0.11976467578785446f,-1.0185715389959311f,-0.3180148109653751f,0f,0f,0f,1f],start_interpolation:0}
execute if entity @s[tag=aj.dino.bone.leg_right_1] run data modify entity @s {} merge value {transformation:[-0.9527089803084219f,0.08683192223387529f,-0.2912143817205072f,-0.2126590450068705f,-0.2666586167504111f,0.22070068886615374f,0.9381814259762137f,0.27334775832807867f,0.14573531127507977f,0.9714686938935162f,-0.1871090479703753f,-0.04127115317715935f,0f,0f,0f,1f],start_interpolation:0}
execute if entity @s[tag=aj.dino.bone.leg_right_0] run data modify entity @s {} merge value {transformation:[-0.9960412540902795f,-0.07787684369868553f,-0.042860440569292196f,-0.12393159775516963f,-0.042835489971884994f,0.8429843808295598f,-0.5362298522800388f,0.6529640080149749f,0.07789057034796866f,-0.5322711065734587f,-0.8429831126172895f,-0.1906907691661781f,0f,0f,0f,1f],start_interpolation:0}
execute if entity @s[tag=aj.dino.bone.tail_4] run data modify entity @s {} merge value {transformation:[-2.3012959481131556f,0.17362922196158911f,1.5164271113637429f,0.7877094644502664f,1.5240771305613636f,0.11222811452642109f,2.300055451942341f,0.9711072370272515f,0.08298910107847253f,2.7537100564857693f,-0.1893543385067513f,-1.4553593956109871f,0f,0f,0f,1f],start_interpolation:0}
execute if entity @s[tag=aj.dino.bone.tail_3] run data modify entity @s {} merge value {transformation:[-1.3740430006996287f,0.3780470970783062f,1.5182331015570272f,0.5265737477697637f,1.5586696903506578f,0.5064051557764819f,1.284541996444502f,0.7483408115492989f,-0.13601527360921722f,1.984081585176907f,-0.6171431233930644f,-1.3701305238109822f,0f,0f,0f,1f],start_interpolation:0}
execute if entity @s[tag=aj.dino.bone.tail_2] run data modify entity @s {} merge value {transformation:[-1.2373042969435404f,0.7834687683927442f,1.293842587303797f,0.28532274689922216f,1.415064219082068f,1.1900205379616577f,0.6326280503628348f,0.6320661697154593f,-0.5342707250462876f,1.3374609090307574f,-1.320805430097829f,-1.124672490301148f,0f,0f,0f,1f],start_interpolation:0}
execute if entity @s[tag=aj.dino.bone.tail_1] run data modify entity @s {} merge value {transformation:[-0.8384202992954342f,0.22447564580182425f,1.2386760416554479f,0.016830502995707926f,-0.06468427984445514f,1.4786109758211614f,-0.31173991743470664f,0.6811364277120727f,-1.2571887669202106f,-0.2257797967557049f,-0.8100346521640872f,-0.9464010631384372f,0f,0f,0f,1f],start_interpolation:0}
execute if entity @s[tag=aj.dino.bone.tail_0] run data modify entity @s {} merge value {transformation:[-1.2775685884449692f,0.02798014113473341f,0.029518301184808696f,0.008879779968184509f,0.026519236375159412f,1.276428629300944f,-0.06214821789093973f,0.7301000780218532f,-0.030837452956350066f,-0.061504329823368564f,-1.2763627954042576f,-0.5749023979289072f,0f,0f,0f,1f],start_interpolation:0}
execute if entity @s[tag=aj.dino.bone.body_1] run data modify entity @s {} merge value {transformation:[-1.2097057800923214f,0.15982918179774572f,-0.19917618661210804f,0.04441982372057532f,0.1009076512983283f,1.1849752510863232f,0.3380175961079697f,0.5716992294682028f,0.23459362006869047f,0.31447238672897604f,-1.1724664372442812f,-0.32350232180602106f,0f,0f,0f,1f],start_interpolation:0}