execute if entity @s[tag=aj.dino.bone.head_lower] run data modify entity @s {} merge value {transformation:[-0.9082910008282202f,-0.404251012183237f,-0.10765025296439433f,0.022752184767012944f,-0.41505664765514627f,0.9029886338123052f,0.11108333107653126f,1.031490132768751f,0.052301405829494135f,0.14557694307346503f,-0.9879635198698601f,0.5424727538427879f,0f,0f,0f,1f],start_interpolation:0}
execute if entity @s[tag=aj.dino.bone.head_upper] run data modify entity @s {} merge value {transformation:[-0.9454397243075109f,-0.4258317166812882f,-0.09101109467043991f,0.006622689504858906f,-0.43203229160397194f,0.944504043342192f,0.06879065129200689f,1.05730685248891f,0.05444051153566802f,0.10025668936297986f,-1.0346288076045518f,0.47341630695130815f,0f,0f,0f,1f],start_interpolation:0}
execute if entity @s[tag=aj.dino.bone.neck_0] run data modify entity @s {} merge value {transformation:[-0.9357816445096575f,-0.34183975608186756f,0.08636142055738874f,0.018058055520396764f,-0.3470010872672376f,0.8495184998482113f,-0.3973771053432741f,1.0179345504019408f,0.062473668326390064f,-0.40182570795997363f,-0.9135825858609117f,0.4208445418415079f,0f,0f,0f,1f],start_interpolation:0}
execute if entity @s[tag=aj.dino.bone.neck_1] run data modify entity @s {} merge value {transformation:[-0.9040326557319508f,-0.4178420126539276f,0.09018320149313315f,0.02377281041933967f,-0.42740711352332134f,0.8801447051755453f,-0.20656344609130378f,1.004490632011433f,0.006936618765561009f,-0.22528504258553722f,-0.9742682037854534f,0.3372733776801441f,0f,0f,0f,1f],start_interpolation:0}
execute if entity @s[tag=aj.dino.bone.neck_2] run data modify entity @s {} merge value {transformation:[-0.9795471664430009f,-0.20099116737410883f,-0.00948152683278397f,0.0209743284092644f,-0.1816685355885886f,0.903670014866204f,-0.3877847952264405f,0.9793652698029321f,0.08650949017642827f,-0.3781310022588834f,-0.9217011735047898f,0.25282330327833225f,0f,0f,0f,1f],start_interpolation:0}
execute if entity @s[tag=aj.dino.bone.body_0] run data modify entity @s {} merge value {transformation:[-0.9724644287237488f,-0.17644159689585015f,0.1522540566022301f,0.0910502675707541f,-0.23140557016996052f,0.6535427318808178f,-0.7206478749708994f,0.645952440208258f,0.02764772976770835f,-0.7360368608232877f,-0.6763766277364202f,-0.07296213610690638f,0f,0f,0f,1f],start_interpolation:0}
execute if entity @s[tag=aj.dino.bone.leg_left_3] run data modify entity @s {} merge value {transformation:[-0.972624196134698f,-0.014277652626626438f,-0.2319446522962022f,0.4196419346264293f,-0.011986426505224437f,0.9998644812110581f,-0.011284714979845498f,0.04806978564376296f,0.23207433867829413f,-0.008195599307853324f,-0.9726635253154181f,-0.23216223916546455f,0f,0f,0f,1f],start_interpolation:0}
execute if entity @s[tag=aj.dino.bone.leg_left_2] run data modify entity @s {} merge value {transformation:[-0.9937775040436028f,-0.24797354230575394f,-0.0545673370607187f,0.3586115619865367f,-0.24036033582867583f,0.9898151077997619f,-0.12064477125995092f,0.2746928965040989f,0.0818253073192382f,-0.1041027098032334f,-1.017118205713785f,-0.2877349960291955f,0f,0f,0f,1f],start_interpolation:0}
execute if entity @s[tag=aj.dino.bone.leg_left_1] run data modify entity @s {} merge value {transformation:[-0.9882078259327861f,0.02887938424715239f,0.15037045564439122f,0.3781628796109031f,0.13840752021554537f,0.5884941886289289f,0.796566348961442f,0.38956501281628525f,-0.06548779361819955f,0.8079855017978254f,-0.585551686678073f,-0.035870888755300145f,0f,0f,0f,1f],start_interpolation:0}
execute if entity @s[tag=aj.dino.bone.leg_left_0] run data modify entity @s {} merge value {transformation:[-0.9992126881426884f,-0.03267925415151088f,-0.02249600415103728f,0.25097917787145924f,-0.001849258302104459f,0.604772879434503f,-0.7963958466392402f,0.6916350761264647f,0.03963059548372477f,-0.7957272338236269f,-0.60435716695759f,-0.29449273900792167f,0f,0f,0f,1f],start_interpolation:0}
execute if entity @s[tag=aj.dino.bone.leg_right_3] run data modify entity @s {} merge value {transformation:[-0.9043797849122852f,0.004495611677162282f,0.42670480911006486f,-0.23630221008158214f,0.006682418058218981f,0.99997109208002f,0.0036277118390924956f,0.02247638750680117f,-0.42667616517788276f,0.006132249174687909f,-0.9043836827304854f,-0.23078504642474673f,0f,0f,0f,1f],start_interpolation:0}
execute if entity @s[tag=aj.dino.bone.leg_right_2] run data modify entity @s {} merge value {transformation:[-1.012292826976761f,0.16285171296045955f,0.028368143011764706f,-0.19589456044662523f,0.1494451228754393f,0.976830768717949f,-0.2748272257898399f,0.24144898321811994f,-0.0706511656014019f,-0.26710141963763323f,-0.9877891697763336f,-0.3234635026292041f,0f,0f,0f,1f],start_interpolation:0}
execute if entity @s[tag=aj.dino.bone.leg_right_1] run data modify entity @s {} merge value {transformation:[-0.9699923222716605f,0.07110202814831063f,-0.2325067661966595f,-0.18356507770165287f,-0.16235953815340876f,0.5224017442808423f,0.837099634418117f,0.3357390949217717f,0.18098142198757045f,0.8497299095392192f,-0.49518158864181017f,-0.06275150760419593f,0f,0f,0f,1f],start_interpolation:0}
execute if entity @s[tag=aj.dino.bone.leg_right_0] run data modify entity @s {} merge value {transformation:[-0.9819369904379144f,-0.176933491572251f,-0.06703943891310218f,-0.13340215023358742f,-0.11340191280858744f,0.8339689990418052f,-0.5400330682546791f,0.7203303731886747f,0.15145875009746024f,-0.5226760451725921f,-0.8389696054218253f,-0.2172847012983542f,0f,0f,0f,1f],start_interpolation:0}
execute if entity @s[tag=aj.dino.bone.tail_4] run data modify entity @s {} merge value {transformation:[-2.5149599793526347f,-0.4617761926217786f,1.0427849163573142f,-0.32283654983668897f,0.8221886816335771f,1.0156813831083524f,2.4327059895105987f,0.9043986007919944f,-0.7903438527933498f,2.526027594373197f,-0.7875293762247376f,-1.8400240579783298f,0f,0f,0f,1f],start_interpolation:0}
execute if entity @s[tag=aj.dino.bone.tail_3] run data modify entity @s {} merge value {transformation:[-2.0785966547341426f,0.12290235671994612f,-0.016627798566234656f,-0.3212197857123525f,0.07954622796490281f,1.5353382733249763f,1.404405322591907f,0.6512388663106168f,0.09515182914180864f,1.401276890275654f,-1.537307624463889f,-1.5930660891944692f,0f,0f,0f,1f],start_interpolation:0}
execute if entity @s[tag=aj.dino.bone.tail_2] run data modify entity @s {} merge value {transformation:[-1.851734518936149f,0.4484312818203006f,-0.4344681022446741f,-0.241715664751254f,0.3199574843484729f,1.8491774855563594f,0.5449254170284515f,0.5506150295614476f,0.5361719449882504f,0.4452256589632243f,-1.825669091870445f,-1.2531757801281174f,0f,0f,0f,1f],start_interpolation:0}
execute if entity @s[tag=aj.dino.bone.tail_1] run data modify entity @s {} merge value {transformation:[-1.4675331174914112f,0.14127702568809478f,-0.33770342177518076f,-0.1693705819383975f,0.1573989759278825f,1.5032781248462974f,-0.05510618599988182f,0.5439468693057419f,0.33049714286631016f,-0.08861112442196577f,-1.4732874659026598f,-0.9353733231986071f,0f,0f,0f,1f],start_interpolation:0}
execute if entity @s[tag=aj.dino.bone.tail_0] run data modify entity @s {} merge value {transformation:[-1.1673723976079549f,0.014550153729721408f,-0.5204475909383427f,-0.016932578410454355f,0.09219243191834804f,1.2633028063399414f,-0.17147096423195451f,0.6245404175037426f,0.5124236112671466f,-0.19413920032826168f,-1.1548020306943814f,-0.6025982544659081f,0f,0f,0f,1f],start_interpolation:0}
execute if entity @s[tag=aj.dino.bone.body_1] run data modify entity @s {} merge value {transformation:[-1.2089227035249042f,0.03629666990711499f,-0.256501547192099f,0.040255600000000044f,0.09024995119798519f,1.2064915722159741f,-0.25463233796365725f,0.6024731f,0.24282800140644398f,-0.2677036290036629f,-1.1823594731753415f,-0.30968450000000003f,0f,0f,0f,1f],start_interpolation:0}