execute if entity @s[tag=aj.dino.bone.head_lower] run data modify entity @s {} merge value {transformation:[-0.08967062289639843f,0.019501548723201756f,0.9957805325405633f,-0.015981442285501225f,0.2034705269556919f,0.9790807009652571f,-0.0008518554771107523f,0.24867216179608678f,-0.974966114308464f,0.20253560327699752f,-0.09176276671655903f,0.4654757171733371f,0f,0f,0f,1f],start_interpolation:0}
execute if entity @s[tag=aj.dino.bone.head_upper] run data modify entity @s {} merge value {transformation:[-0.0933381140101016f,-0.43836740111091f,0.9394647203060955f,0.0389103815528384f,0.2117923867287935f,0.9153079374055693f,0.448137598544901f,0.30018433141317286f,-1.0148418221477993f,0.23133815930178023f,0.007118613215058823f,0.47084605690543124f,0f,0f,0f,1f],start_interpolation:0}
execute if entity @s[tag=aj.dino.bone.neck_0] run data modify entity @s {} merge value {transformation:[-0.5386526165691479f,0.14543094116506003f,0.8298814373240644f,0.09038550658651276f,0.2703196314982964f,0.9627470282891403f,0.006742132233554354f,0.28490575387415373f,-0.7979853729798784f,0.2279649114935768f,-0.5578990443063063f,0.43132880971577164f,0f,0f,0f,1f],start_interpolation:0}
execute if entity @s[tag=aj.dino.bone.neck_1] run data modify entity @s {} merge value {transformation:[-0.7749498632787704f,-0.09015118627338686f,0.6255601274199916f,0.1429633446093952f,0.1550643701542328f,0.9324026889948341f,0.3264663331246789f,0.31685719979829935f,-0.6127052721438637f,0.3499971273720739f,-0.708586099439165f,0.3729146599168815f,0f,0f,0f,1f],start_interpolation:0}
execute if entity @s[tag=aj.dino.bone.neck_2] run data modify entity @s {} merge value {transformation:[-0.9577871497373518f,-0.03700333384021174f,0.2850868798852542f,0.16757680767356328f,0.09958150385936464f,0.8875795910900173f,0.44976215222002075f,0.3649496964829306f,-0.26967999534097253f,0.4591657900640982f,-0.8464274790835334f,0.30325678460641714f,0f,0f,0f,1f],start_interpolation:0}
execute if entity @s[tag=aj.dino.bone.body_0] run data modify entity @s {} merge value {transformation:[-0.997554294165591f,-0.06255571998843415f,-0.03118031572190927f,0.1522857203724716f,-0.06777010425591906f,0.9748241331679592f,0.2124267458736749f,0.47435204361148775f,0.01710681621258553f,0.21402030578911335f,-0.9766794077633679f,-0.1550097467866555f,0f,0f,0f,1f],start_interpolation:0}
execute if entity @s[tag=aj.dino.bone.leg_left_3] run data modify entity @s {} merge value {transformation:[-0.8807179862413458f,0.0890924505157634f,-0.46518637552284886f,0.38680885011185806f,0.06390546548211554f,0.9955208851914139f,0.06967250985300738f,0.01587459298410085f,0.46931004697587997f,0.03163388071039552f,-0.8824666437881363f,-0.3867217886457878f,0f,0f,0f,1f],start_interpolation:0}
execute if entity @s[tag=aj.dino.bone.leg_left_2] run data modify entity @s {} merge value {transformation:[-0.9615523508131774f,-0.3445971053549867f,-0.09344576570027646f,0.3021041410325966f,-0.3118494497643471f,0.9412925446463338f,-0.2622603011810933f,0.22669970397664968f,0.17386545610908619f,-0.21744741864388248f,-0.9871927992027624f,-0.46764741438197066f,0f,0f,0f,1f],start_interpolation:0}
execute if entity @s[tag=aj.dino.bone.leg_left_1] run data modify entity @s {} merge value {transformation:[-0.9988698164722537f,0.0153711179713669f,0.0449757542793527f,0.3237877647787623f,0.047520059479945066f,0.3422041425971948f,0.9384232353987941f,0.26894903463785175f,-0.0009662751724413323f,0.9394998954346023f,-0.34254782555237706f,-0.19422795607718812f,0f,0f,0f,1f],start_interpolation:0}
execute if entity @s[tag=aj.dino.bone.leg_left_0] run data modify entity @s {} merge value {transformation:[-0.9993209175780675f,-0.0219115500688698f,-0.029624106138560063f,0.20139950121972564f,0.002913195319514117f,0.7544755058323891f,-0.6563217384728247f,0.6189480638106641f,0.03673168909755742f,-0.655962342724443f,-0.7538993221534959f,-0.3861369738057608f,0f,0f,0f,1f],start_interpolation:0}
execute if entity @s[tag=aj.dino.bone.leg_right_3] run data modify entity @s {} merge value {transformation:[-0.7825133592719998f,0.0009730474253116864f,0.6226330345713743f,-0.22015945259484465f,-0.002923597843569381f,0.9999820125781788f,-0.005237088479691038f,0.028054203349579643f,-0.6226269309438025f,-0.005918420296255528f,-0.7824964390747714f,-0.21469488826987193f,0f,0f,0f,1f],start_interpolation:0}
execute if entity @s[tag=aj.dino.bone.leg_right_2] run data modify entity @s {} merge value {transformation:[-0.9926093128910213f,0.24930462414607474f,-0.06808932252631983f,-0.16261125919368077f,0.2584324769329799f,0.9588525484469409f,-0.25666445937017807f,0.24322833224027107f,0.001267410349297703f,-0.26553944004024227f,-0.9907317492413447f,-0.3072117611007775f,0f,0f,0f,1f],start_interpolation:0}
execute if entity @s[tag=aj.dino.bone.leg_right_1] run data modify entity @s {} merge value {transformation:[-0.9852016606860392f,0.09410665802301539f,-0.14325370744664728f,-0.1490686884239239f,-0.1284601599369711f,0.14790429332661012f,0.980623427888873f,0.22884235307782858f,0.1134710319440087f,0.9845142238339143f,-0.1336265990672008f,-0.030403112319260087f,0f,0f,0f,1f],start_interpolation:0}
execute if entity @s[tag=aj.dino.bone.leg_right_0] run data modify entity @s {} merge value {transformation:[-0.9928027455605949f,-0.10213852170519866f,-0.06253343738529998f,-0.06864221916841905f,-0.07381459916381722f,0.9330520198266538f,-0.3520871103117616f,0.6324338302281314f,0.0943086070177564f,-0.3449371691790813f,-0.9338759210736145f,-0.10077911092093578f,0f,0f,0f,1f],start_interpolation:0}
execute if entity @s[tag=aj.dino.bone.tail_4] run data modify entity @s {} merge value {transformation:[0.35627113205921085f,-2.2234514151254f,1.598435490296089f,-0.4198119230070948f,2.641516456688817f,-0.1458841043317097f,-0.7916880501469544f,0.3197288775181538f,0.7218885101616459f,1.6311477444671236f,2.1080548726768034f,0.41594139143561765f,0f,0f,0f,1f],start_interpolation:0}
execute if entity @s[tag=aj.dino.bone.tail_3] run data modify entity @s {} merge value {transformation:[0.5690248777001516f,-1.7574379153797965f,0.9610245512931933f,-0.5655682633795589f,1.7792961874012754f,-0.015341150367951703f,-1.0815799797745498f,0.5032749984435768f,0.9199246121840939f,1.1167462329174629f,1.4975186426909828f,0.15108933052382856f,0f,0f,0f,1f],start_interpolation:0}
execute if entity @s[tag=aj.dino.bone.tail_2] run data modify entity @s {} merge value {transformation:[0.6322902209905931f,-1.675399495049061f,0.7823167411169163f,-0.7109303591763612f,1.7076763361531886f,0.21203643296578625f,-0.9260971639306229f,0.6767476259047193f,0.7091011792296392f,0.9832857967484686f,1.5326768852340142f,-0.1330736378524705f,0f,0f,0f,1f],start_interpolation:0}
execute if entity @s[tag=aj.dino.bone.tail_1] run data modify entity @s {} merge value {transformation:[1.0902235210177917f,-0.7562508899668557f,-0.7260533834670193f,-0.5464889546885343f,0.6912561890000968f,1.3060848528205955f,-0.3224336961325016f,0.7295058151079284f,0.7881838652171401f,-0.09941427793301218f,1.2870661389199962f,-0.40957368298971353f,0f,0f,0f,1f],start_interpolation:0}
execute if entity @s[tag=aj.dino.bone.tail_0] run data modify entity @s {} merge value {transformation:[0.24955949777702963f,0.046560555469447706f,-1.2527521256528287f,-0.17928207776057947f,-0.05863250889105032f,1.2763695764583185f,0.03575821271793998f,0.7498575057863466f,1.252245184680079f,0.05048302239384071f,0.2513347936111618f,-0.4818013059890136f,0f,0f,0f,1f],start_interpolation:0}
execute if entity @s[tag=aj.dino.bone.body_1] run data modify entity @s {} merge value {transformation:[-0.8493117193947952f,0.34894609580918656f,-0.8279558083463348f,-0.010297945980287309f,0.04241425897788248f,1.1536168432577487f,0.4426892867956421f,0.5692341666666667f,0.8974827179340356f,0.27569801636537594f,-0.8044376730599974f,-0.31335103327107106f,0f,0f,0f,1f],start_interpolation:0}