execute if entity @s[tag=aj.dino.bone.head_lower] run data modify entity @s {} merge value {transformation:[-0.26956136453395907f,0.6280872621902199f,-0.7299610002082194f,0.35380944544381027f,0.047240734764375694f,0.7657327785937773f,0.6414215655604162f,0.2867559960381091f,0.9618237799771391f,0.13841857845479905f,-0.2360832764281296f,0.45665827352077043f,0f,0f,0f,1f],start_interpolation:0}
execute if entity @s[tag=aj.dino.bone.head_upper] run data modify entity @s {} merge value {transformation:[-0.2805863120261628f,0.971076423244302f,-0.24850320783868635f,0.3583964513639192f,0.04917286113259918f,0.2710798124536508f,1.003777718218349f,0.36205607765134995f,1.0011619718182958f,0.2588402172821179f,-0.11894700788903857f,0.45458135813370804f,0f,0f,0f,1f],start_interpolation:0}
execute if entity @s[tag=aj.dino.bone.neck_0] run data modify entity @s {} merge value {transformation:[-0.21002385645928176f,0.7060275957485636f,-0.6763246363688624f,0.3032717445454925f,-0.008217910273294882f,0.6904540797046096f,0.7233295443779417f,0.3976232133309752f,0.9776617235366798f,0.15747443557848848f,-0.1392097570952746f,0.44270778192320964f,0f,0f,0f,1f],start_interpolation:0}
execute if entity @s[tag=aj.dino.bone.neck_1] run data modify entity @s {} merge value {transformation:[-0.7283055274986451f,0.6195010903835177f,-0.2928983742333728f,0.2813133720425246f,0.2041000529702486f,0.6041407695875141f,0.7702967602812231f,0.46566066007966694f,0.6541515321333905f,0.5012308146311824f,-0.5664392672402747f,0.3970320491817299f,0f,0f,0f,1f],start_interpolation:0}
execute if entity @s[tag=aj.dino.bone.neck_2] run data modify entity @s {} merge value {transformation:[-0.8941015733715421f,0.2955577148750755f,-0.3364937052492312f,0.25472769451210137f,0.016749295320019682f,0.7728705784798503f,0.6343425967302719f,0.5288007151301436f,0.44755093296832227f,0.5615306813505787f,-0.695975183681961f,0.34155713960441053f,0f,0f,0f,1f],start_interpolation:0}
execute if entity @s[tag=aj.dino.bone.body_0] run data modify entity @s {} merge value {transformation:[-0.9113210772075069f,0.17062331959231847f,-0.3746752954875019f,0.07977003317946613f,0.2151642470649549f,0.9732858579580843f,-0.08011857140368106f,0.5003128972766047f,0.35099606981036174f,-0.153630470643337f,-0.9236879545969984f,-0.09523705183829112f,0f,0f,0f,1f],start_interpolation:0}
execute if entity @s[tag=aj.dino.bone.leg_left_3] run data modify entity @s {} merge value {transformation:[-0.9551874263458695f,-0.13544142303022694f,-0.2631968872883962f,0.3744340586451281f,-0.17343244121214746f,0.9766443875340932f,0.12683425654510883f,-0.018197627167769764f,0.23987115059120498f,0.1667973657636794f,-0.9563683756212084f,-0.3408008211289506f,0f,0f,0f,1f],start_interpolation:0}
execute if entity @s[tag=aj.dino.bone.leg_left_2] run data modify entity @s {} merge value {transformation:[-1.0097786078052218f,-0.17800066893247163f,-0.026928137314614343f,0.3305436124994261f,-0.16438459352801502f,0.9742223744750856f,-0.27555520315074644f,0.20012128110123134f,0.07339664931229033f,-0.2669620318180331f,-0.9876266526061407f,-0.4334375044427346f,0f,0f,0f,1f],start_interpolation:0}
execute if entity @s[tag=aj.dino.bone.leg_left_1] run data modify entity @s {} merge value {transformation:[-0.9752988068619788f,-0.026410955513853477f,0.2193050358802678f,0.3311611498198777f,0.2017074105783943f,0.2981929815919301f,0.932949659010106f,0.22763371516760894f,-0.09003531446804303f,0.9541401402090574f,-0.2854999737136249f,-0.15729248768674337f,0f,0f,0f,1f],start_interpolation:0}
execute if entity @s[tag=aj.dino.bone.leg_left_0] run data modify entity @s {} merge value {transformation:[-0.9926101013430727f,0.12071526139083459f,0.012369817259654983f,0.26213454433664163f,0.1031599006734498f,0.893121483608392f,-0.4378265072036967f,0.6259390321082751f,-0.06390009080383818f,-0.43331494456629027f,-0.8989743807310496f,-0.26167390747355335f,0f,0f,0f,1f],start_interpolation:0}
execute if entity @s[tag=aj.dino.bone.leg_right_3] run data modify entity @s {} merge value {transformation:[-0.9920057542640562f,0.05902448358057077f,0.11153785834884858f,-0.25917173008350264f,0.0959598589989357f,0.9268412198761075f,0.36298355141724115f,0.06427639135640895f,-0.08195296802377122f,0.370784928869305f,-0.9250958045280927f,-0.2695607496402529f,0f,0f,0f,1f],start_interpolation:0}
execute if entity @s[tag=aj.dino.bone.leg_right_2] run data modify entity @s {} merge value {transformation:[-1.0194272447468273f,0.10843753252980515f,0.03273520593236109f,-0.23130191691542148f,0.10448085180898362f,1.0146858162908863f,-0.10751114046488755f,0.29731351675515705f,-0.04374978598640042f,-0.10351905746112192f,-1.0195253603855077f,-0.32513091938877897f,0f,0f,0f,1f],start_interpolation:0}
execute if entity @s[tag=aj.dino.bone.leg_right_1] run data modify entity @s {} merge value {transformation:[-0.9522523252016928f,0.03026168257869764f,-0.30380872225049027f,-0.22593258830500737f,-0.29497537378121536f,0.16554547951586013f,0.9410548459438992f,0.2865024112417277f,0.07877206364315764f,0.9857377565962309f,-0.1487146166657073f,-0.047880714758346765f,0f,0f,0f,1f],start_interpolation:0}
execute if entity @s[tag=aj.dino.bone.leg_right_0] run data modify entity @s {} merge value {transformation:[-0.9994680716049402f,-0.027814405620645258f,0.017027409734668125f,-0.12202579080015899f,-0.03260975855253932f,0.8456065611696971f,-0.5328096727293005f,0.665680786847604f,0.0004212949645358566f,-0.5330815158554361f,-0.8460637800803339f,-0.1883599497706023f,0f,0f,0f,1f],start_interpolation:0}
execute if entity @s[tag=aj.dino.bone.tail_4] run data modify entity @s {} merge value {transformation:[-1.3746813432652394f,2.0070118285980403f,1.3068343643882432f,0.5816087017544527f,2.2507568713577255f,0.5676381055505973f,1.4958415085706482f,0.7799406293840199f,0.8185389679877554f,1.809793312120055f,-1.9184117016144013f,-1.7594185392528625f,0f,0f,0f,1f],start_interpolation:0}
execute if entity @s[tag=aj.dino.bone.tail_3] run data modify entity @s {} merge value {transformation:[-0.806037969457098f,1.5259107857353114f,1.1652658888917007f,0.36909043340675174f,1.9110404352582893f,0.5159508329908328f,0.6462698498215119f,0.665308161237531f,0.18485879109669576f,1.319597111984243f,-1.6001363115189775f,-1.501007846169344f,0f,0f,0f,1f],start_interpolation:0}
execute if entity @s[tag=aj.dino.bone.tail_2] run data modify entity @s {} merge value {transformation:[-0.9002729083390255f,1.478624728009253f,0.9066153976373502f,0.20023875188220328f,1.719212972392143f,0.8958085833138815f,0.2461861340988299f,0.6210271202858872f,-0.22932361647275412f,0.9110267673254807f,-1.7135386727900594f,-1.1824175402469699f,0f,0f,0f,1f],start_interpolation:0}
execute if entity @s[tag=aj.dino.bone.tail_1] run data modify entity @s {} merge value {transformation:[-1.1317458355791963f,0.46854740841213777f,0.8872828972314392f,0.004659101974211013f,0.15935966436038274f,1.4044281539372485f,-0.5383700472754398f,0.7195584167797895f,-0.9906624606918815f,-0.3093560028489545f,-1.100246791623236f,-0.9409286975400531f,0f,0f,0f,1f],start_interpolation:0}
execute if entity @s[tag=aj.dino.bone.tail_0] run data modify entity @s {} merge value {transformation:[-1.2761779671105222f,0.06401948817636084f,-0.03327187970823413f,0.015926822825793822f,0.06447842169668529f,1.2764749024239497f,-0.01703153549449684f,0.755339040536956f,0.03237353828648995f,-0.018682751388183615f,-1.2776692159566998f,-0.5680149049134728f,0f,0f,0f,1f],start_interpolation:0}
execute if entity @s[tag=aj.dino.bone.body_1] run data modify entity @s {} merge value {transformation:[-1.2082276556724263f,0.190421977328671f,-0.18036074316436548f,0.04503189765835578f,0.12499230859924391f,1.1654955309258699f,0.39319420804369226f,0.5854225000000002f,0.23058067984025568f,0.3660112470926462f,-1.1582197166955592f,-0.3233984997441235f,0f,0f,0f,1f],start_interpolation:0}