execute if entity @s[tag=aj.dino.bone.head_lower] run data modify entity @s {} merge value {transformation:[-0.3456338780312003f,-0.11284073841786779f,0.9315600840044747f,-0.05682263407202863f,-0.16834848844558112f,0.9840930342321748f,0.0567422806538454f,0.3808933108105378f,-0.9231446304860367f,-0.13721467752766844f,-0.3591324595128885f,0.5338681208842152f,0f,0f,0f,1f],start_interpolation:0}
execute if entity @s[tag=aj.dino.bone.head_upper] run data modify entity @s {} merge value {transformation:[-0.3597701596285606f,-0.6013768011170065f,0.7696644190182003f,-0.01737943677674167f,-0.1752338714778019f,0.8466466075059308f,0.5796158683724131f,0.43980732993405053f,-0.9609008612293196f,0.07076303880191857f,-0.3938706257285212f,0.5080063918307217f,0f,0f,0f,1f],start_interpolation:0}
execute if entity @s[tag=aj.dino.bone.neck_0] run data modify entity @s {} merge value {transformation:[-0.5436838198770829f,0.1024978914685055f,0.8330078548539468f,0.03499635788005989f,-0.10329278754102318f,0.9767978845134272f,-0.1876072835795518f,0.4118544065344278f,-0.8329096613954412f,-0.18804274794472603f,-0.5204819121732543f,0.47767247579964744f,0f,0f,0f,1f],start_interpolation:0}
execute if entity @s[tag=aj.dino.bone.neck_1] run data modify entity @s {} merge value {transformation:[-0.7033485768827832f,-0.18139656827649886f,0.6873107480714041f,0.09238492787979742f,-0.2145279938563176f,0.9759764785765929f,0.03804803696929762f,0.41957377628595505f,-0.6777009069264607f,-0.12068636328410429f,-0.7253663091626943f,0.4156684419909051f,0f,0f,0f,1f],start_interpolation:0}
execute if entity @s[tag=aj.dino.bone.neck_2] run data modify entity @s {} merge value {transformation:[-0.9179961813077716f,-0.2659454840087687f,0.2942040289317783f,0.11555563484006484f,-0.20491396268147966f,0.9532094054169257f,0.22226582580973672f,0.4483784454554917f,-0.33954864011290353f,0.14375266592328917f,-0.9295385371448699f,0.33564132304279104f,0f,0f,0f,1f],start_interpolation:0}
execute if entity @s[tag=aj.dino.bone.body_0] run data modify entity @s {} merge value {transformation:[-0.9505444163629142f,-0.30338371239941764f,0.06651041701894489f,0.1440116358767848f,-0.30350675521308423f,0.9527914506215803f,0.008491240336346184f,0.4614568647403442f,-0.06594666072904315f,-0.012115059767579706f,-0.9977495994815112f,-0.13470973271995798f,0f,0f,0f,1f],start_interpolation:0}
execute if entity @s[tag=aj.dino.bone.leg_left_3] run data modify entity @s {} merge value {transformation:[-0.9536106572602165f,0.07920496062735743f,-0.2904363761166228f,0.4091755550310776f,0.06871430844388984f,0.9965679280572228f,0.04615959903217162f,0.018496269188012088f,0.29309564680290845f,0.024061150840134105f,-0.9557803109739347f,-0.28311084379883755f,0f,0f,0f,1f],start_interpolation:0}
execute if entity @s[tag=aj.dino.bone.leg_left_2] run data modify entity @s {} merge value {transformation:[-0.9649922438497023f,-0.28753679934074494f,0.19538361711128982f,0.34669230549454266f,-0.33619991061116544f,0.9185574357459959f,-0.3086811572504514f,0.22254947015186693f,-0.08844087808053076f,-0.35445313619900964f,-0.9584379921641899f,-0.3954905873907114f,0f,0f,0f,1f],start_interpolation:0}
execute if entity @s[tag=aj.dino.bone.leg_left_1] run data modify entity @s {} merge value {transformation:[-0.9632137143241531f,-0.24427986312180144f,0.11201200387039931f,0.2935714069191373f,0.022750859489688816f,0.3411900733465379f,0.9397189645006978f,0.2649478833733047f,-0.2677718038374258f,0.907698563578778f,-0.32308138099660433f,-0.12642938552278837f,0f,0f,0f,1f],start_interpolation:0}
execute if entity @s[tag=aj.dino.bone.leg_left_0] run data modify entity @s {} merge value {transformation:[-0.9730647497240101f,0.14302075915613122f,0.18080391393704154f,0.2218637245799418f,-0.020368747239821183f,0.7278838602753765f,-0.6853978407366746f,0.6041660222995692f,-0.22963037033552314f,-0.6706192275807632f,-0.705364972633707f,-0.359015586922174f,0f,0f,0f,1f],start_interpolation:0}
execute if entity @s[tag=aj.dino.bone.leg_right_3] run data modify entity @s {} merge value {transformation:[-0.5933333891001155f,0.028417776265983616f,0.8044550449658867f,-0.1720193554752386f,0.030740732753880146f,0.9994475564087475f,-0.01263286738385501f,0.013926568957045332f,-0.8043696269307569f,0.01723403553089195f,-0.5938791891374832f,-0.27628033663372903f,0f,0f,0f,1f],start_interpolation:0}
execute if entity @s[tag=aj.dino.bone.leg_right_2] run data modify entity @s {} merge value {transformation:[-0.9831700235912757f,0.2564798062343284f,0.14020347073530512f,-0.10637610117282544f,0.23198856843932014f,0.9839876278551116f,-0.17323929070000224f,0.23757888425301493f,-0.17782071961866294f,-0.13434528917221586f,-1.001195952075431f,-0.33826160068470285f,0f,0f,0f,1f],start_interpolation:0}
execute if entity @s[tag=aj.dino.bone.leg_right_1] run data modify entity @s {} merge value {transformation:[-0.9679736574004758f,-0.10368640403674287f,-0.22863973450972044f,-0.14169606320075756f,-0.23457268439151274f,0.049018701713987534f,0.9708618967801933f,0.1947331977835835f,-0.08945755594753262f,0.9934013773395947f,-0.07177081010891312f,-0.06636063876460552f,0f,0f,0f,1f],start_interpolation:0}
execute if entity @s[tag=aj.dino.bone.leg_right_0] run data modify entity @s {} merge value {transformation:[-0.977309503696238f,-0.12887479389899825f,0.16809943926885512f,-0.09234356733356631f,-0.18082337048090047f,0.9209267490011157f,-0.3452489415800767f,0.6054497416285404f,-0.11031338392479773f,-0.36781137893182f,-0.9233340386097185f,-0.1227834207607601f,0f,0f,0f,1f],start_interpolation:0}
execute if entity @s[tag=aj.dino.bone.tail_4] run data modify entity @s {} merge value {transformation:[0.024971323393334834f,-2.152339267807152f,1.7298767126195318f,-0.5357494460628462f,2.7394330498332624f,-0.19820354505221857f,-0.2861524974728771f,0.42615087614673525f,0.34719494536818557f,1.7186658670562192f,2.133378690932925f,0.32148156613441237f,0f,0f,0f,1f],start_interpolation:0}
execute if entity @s[tag=aj.dino.bone.tail_3] run data modify entity @s {} merge value {transformation:[0.2224864683175951f,-1.7834260399112924f,1.0515877793253083f,-0.6966076490236023f,2.00571167854042f,-0.07659671525367735f,-0.5542554752308396f,0.5208816817104597f,0.5133867548219185f,1.072133400945571f,1.7096518758492176f,0.021096119662300905f,0f,0f,0f,1f],start_interpolation:0}
execute if entity @s[tag=aj.dino.bone.tail_2] run data modify entity @s {} merge value {transformation:[0.3426128307574699f,-1.8980602624100649f,0.31425716135510023f,-0.7552256745179478f,1.8612935449723453f,0.24624473105675995f,-0.5419628648476217f,0.6230663134131551f,0.4868024883332161f,0.3943407760927036f,1.8510247336721275f,-0.32255153724818847f,0f,0f,0f,1f],start_interpolation:0}
execute if entity @s[tag=aj.dino.bone.tail_1] run data modify entity @s {} merge value {transformation:[0.789915163595136f,-0.7146794266785897f,-1.073742800397205f,-0.5161866487128977f,0.8026451373351805f,1.2579725465790945f,-0.24682403765739228f,0.6600358530610596f,1.0096786953455341f,-0.4409020743154546f,1.0362483018223339f,-0.5411156566255985f,0f,0f,0f,1f],start_interpolation:0}
execute if entity @s[tag=aj.dino.bone.tail_0] run data modify entity @s {} merge value {transformation:[-0.07024281332637373f,-0.05630674144391504f,-1.2750416521149384f,-0.1449486252124464f,-0.008077535442497744f,1.2769653234252765f,-0.055946695832566846f,0.7072002258738574f,1.2762587579253664f,0.004982993214389221f,-0.07052991692504648f,-0.520384927129629f,0f,0f,0f,1f],start_interpolation:0}
execute if entity @s[tag=aj.dino.bone.body_1] run data modify entity @s {} merge value {transformation:[-0.9882174315801003f,0.22495916917440995f,-0.7081131796413895f,0.004525173503151115f,0.004037442321659453f,1.1799429393558036f,0.3692193846213054f,0.5418843604651162f,0.7429768516158352f,0.2928013441311281f,-0.9438524068382067f,-0.3206747121962931f,0f,0f,0f,1f],start_interpolation:0}