execute if entity @s[tag=aj.dino.bone.head_lower] run data modify entity @s {} merge value {transformation:[-0.9182088872740907f,-0.3328989585097487f,0.21464091584318262f,0.11104427416671613f,-0.38473449696733286f,0.8784309821374534f,-0.28344025201852074f,1.3316628323400472f,-0.09419026581430329f,-0.3428371232001484f,-0.9346608479987152f,0.24060543511781013f,0f,0f,0f,1f],start_interpolation:0}
execute if entity @s[tag=aj.dino.bone.head_upper] run data modify entity @s {} merge value {transformation:[-0.9557632481765647f,-0.15440369550415267f,0.3822931530032283f,0.13363476655894027f,-0.4004699775872564f,0.5771722839513113f,-0.7680936754544959f,1.2915484116517975f,-0.09804260844016421f,-0.8523518029760921f,-0.5893691487320667f,0.18080610905037145f,0f,0f,0f,1f],start_interpolation:0}
execute if entity @s[tag=aj.dino.bone.neck_0] run data modify entity @s {} merge value {transformation:[-0.9816319392518631f,-0.03309201209602084f,0.1878926677017032f,0.14663859397549622f,-0.19036408563859047f,0.2352377616851195f,-0.9531131676649727f,1.2261614885956102f,-0.012659018113948692f,-0.9713743429866839f,-0.23721643081283186f,0.181238567212001f,0f,0f,0f,1f],start_interpolation:0}
execute if entity @s[tag=aj.dino.bone.neck_1] run data modify entity @s {} merge value {transformation:[-0.9805089376534041f,-0.18999182992518468f,-0.050053249080076946f,0.14152315821803294f,-0.03937296741138726f,0.43959735872499495f,-0.8973315617090651f,1.1521708979240812f,0.19248894154993518f,-0.8778708713493619f,-0.43850968132676155f,0.1400468003936093f,0f,0f,0f,1f],start_interpolation:0}
execute if entity @s[tag=aj.dino.bone.neck_2] run data modify entity @s {} merge value {transformation:[-0.9437807895498403f,-0.31420594816485775f,-0.10272508658795249f,0.1294473975835273f,-0.07670578725162466f,0.5104205565734263f,-0.8564969805138732f,1.0821326749654137f,0.3215494417329754f,-0.8004657878792176f,-0.505826530498466f,0.0878955422685099f,0f,0f,0f,1f],start_interpolation:0}
execute if entity @s[tag=aj.dino.bone.body_0] run data modify entity @s {} merge value {transformation:[-0.989359872956273f,-0.13821169219756704f,-0.04543753870790203f,0.10671621684846616f,-0.013044617236790929f,0.39532076086355905f,-0.9184505070995401f,0.6530363195569785f,0.14490300115971622f,-0.9080853617199993f,-0.3929174163673146f,-0.10593561080217917f,0f,0f,0f,1f],start_interpolation:0}
execute if entity @s[tag=aj.dino.bone.leg_left_3] run data modify entity @s {} merge value {transformation:[-0.9580322996737959f,-0.03443055702356244f,-0.28458504796419876f,0.4662668477639052f,-0.03370437862727707f,0.9994040786942244f,-0.00744998997966502f,0.06756661165509056f,0.2846719649756315f,0.002454431175481761f,-0.9586218483450696f,-0.27489853618337595f,0f,0f,0f,1f],start_interpolation:0}
execute if entity @s[tag=aj.dino.bone.leg_left_2] run data modify entity @s {} merge value {transformation:[-0.9774543156134531f,-0.2998100225831182f,-0.08221441934381388f,0.3923243715970941f,-0.29789294378330367f,0.9808581001481718f,-0.03520484225970042f,0.2946530787010264f,0.08891037303626471f,-0.009671464890238369f,-1.021794307986751f,-0.30859302785384446f,0f,0f,0f,1f],start_interpolation:0}
execute if entity @s[tag=aj.dino.bone.leg_left_1] run data modify entity @s {} merge value {transformation:[-0.9945627561373398f,0.03179795326002473f,0.09916559016600272f,0.4155108496705595f,0.09854103934003988f,0.595359115502695f,0.797393997440182f,0.41214025162740586f,-0.03368364098910706f,0.8028302521432047f,-0.5952554061689782f,-0.05824819149391203f,0f,0f,0f,1f],start_interpolation:0}
execute if entity @s[tag=aj.dino.bone.leg_left_0] run data modify entity @s {} merge value {transformation:[-0.9937450066923873f,-0.11135357850099376f,-0.00844051117942371f,0.2569286043791815f,-0.05082762188881778f,0.5183059343260374f,-0.853683495972331f,0.6792291649782853f,0.09943547921679824f,-0.8479147003074288f,-0.5207237717595474f,-0.33721496802446016f,0f,0f,0f,1f],start_interpolation:0}
execute if entity @s[tag=aj.dino.bone.leg_right_3] run data modify entity @s {} merge value {transformation:[-0.8727235551047703f,0.00725425707960841f,0.48816080559536273f,-0.23954982408324033f,0.005341434506606027f,0.9999716325867626f,-0.005310659015268088f,0.015503843538401535f,-0.48818548262182326f,-0.0020272582439742615f,-0.8727375463341258f,-0.24369403967333478f,0f,0f,0f,1f],start_interpolation:0}
execute if entity @s[tag=aj.dino.bone.leg_right_2] run data modify entity @s {} merge value {transformation:[-1.0091692125899148f,0.18292714961651826f,0.013317574648613922f,-0.19493259519541029f,0.17374347655613628f,0.9773122423537202f,-0.2583334759577726f,0.2350607048643857f,-0.05876141774610968f,-0.25191395034696606f,-0.9925465515056453f,-0.33299778873836094f,0f,0f,0f,1f],start_interpolation:0}
execute if entity @s[tag=aj.dino.bone.leg_right_1] run data modify entity @s {} merge value {transformation:[-0.9707719983800784f,0.09802502563044468f,-0.21907263980538397f,-0.17601699880102942f,-0.13270297488431504f,0.5413369764287557f,0.8302675462812128f,0.3354479047439278f,0.19997911795485462f,0.8350720761114722f,-0.5125065658905015f,-0.07497066618502271f,0f,0f,0f,1f],start_interpolation:0}
execute if entity @s[tag=aj.dino.bone.leg_right_0] run data modify entity @s {} merge value {transformation:[-0.9805655333773869f,-0.17634029710871646f,-0.08599612995902839f,-0.12423743780417631f,-0.09562904071211034f,0.8123231913201372f,-0.5753139311853565f,0.7123458663474406f,0.1713076802855086f,-0.5559092843792746f,-0.813399376823047f,-0.24694183285706472f,0f,0f,0f,1f],start_interpolation:0}
execute if entity @s[tag=aj.dino.bone.tail_4] run data modify entity @s {} merge value {transformation:[-0.3949900717711489f,2.077501321100923f,-1.775846962895772f,-0.7340488690406425f,-2.1192000243528293f,0.9002515128437324f,1.524532650357328f,0.6203852814120466f,1.7258723682779067f,1.5808848174508119f,1.465547370086795f,-1.471235055066043f,0f,0f,0f,1f],start_interpolation:0}
execute if entity @s[tag=aj.dino.bone.tail_3] run data modify entity @s {} merge value {transformation:[-0.6641814083504877f,1.188908535758788f,-1.5752158824890952f,-0.4785848694906303f,-0.5768731143111799f,1.4724831704106165f,1.3546055694876142f,0.3762848312780208f,1.887333037073989f,0.8684672316799503f,-0.14030039455283166f,-1.455943926492815f,0f,0f,0f,1f],start_interpolation:0}
execute if entity @s[tag=aj.dino.bone.tail_2] run data modify entity @s {} merge value {transformation:[-1.179142100950867f,0.8078811185707548f,-1.3325636491458173f,-0.23154387069575222f,0.6119739854575713f,1.776866953613451f,0.5357289849190607f,0.277569314812958f,1.4331383819754209f,-0.09405212605835601f,-1.3251575192012277f,-1.208562690962297f,0f,0f,0f,1f],start_interpolation:0}
execute if entity @s[tag=aj.dino.bone.tail_1] run data modify entity @s {} merge value {transformation:[-1.4149244015191018f,0.03464566856990701f,-0.5333337281994788f,-0.1158481312971352f,0.21622084821784807f,1.4173953356424056f,-0.48155504077426814f,0.36366182181644247f,0.48876756519000486f,-0.5267318009656309f,-1.3309080084925997f,-0.9161943391837737f,0f,0f,0f,1f],start_interpolation:0}
execute if entity @s[tag=aj.dino.bone.tail_0] run data modify entity @s {} merge value {transformation:[-1.2292612570192027f,-0.1210571305457219f,-0.3287820702526726f,-0.022691692967448114f,0.06827154226412326f,1.093733865542386f,-0.6579672822159286f,0.5823289007537953f,0.3436444020968119f,-0.6503284701547161f,-1.0453789372269653f,-0.6264039013023384f,0f,0f,0f,1f],start_interpolation:0}
execute if entity @s[tag=aj.dino.bone.body_1] run data modify entity @s {} merge value {transformation:[-1.198810266044613f,0.012665974911217438f,-0.302155777971964f,0.04670214958848643f,0.10415576726475366f,1.1770010175450019f,-0.36390215154594907f,0.5876516824183033f,0.2839192089799224f,-0.37830248853771603f,-1.14231418838892f,-0.3353504965503833f,0f,0f,0f,1f],start_interpolation:0}