execute if entity @s[tag=aj.dino.bone.head_lower] run data modify entity @s {} merge value {transformation:[-0.9330551028498817f,-0.294521609813676f,0.20655555281463023f,0.12976464051635989f,-0.352679749578207f,0.8620824657973698f,-0.3639104510757833f,1.3322693481714238f,-0.07088842841571447f,-0.41239646399731367f,-0.908242251384102f,0.23562331811560192f,0f,0f,0f,1f],start_interpolation:0}
execute if entity @s[tag=aj.dino.bone.head_upper] run data modify entity @s {} merge value {transformation:[-0.9712166677834825f,-0.1484566290936826f,0.34375973598022885f,0.14982748327706819f,-0.36710420438606006f,0.5658155437563269f,-0.7928172652946688f,1.290205893425614f,-0.07378773560107202f,-0.8609792926112567f,-0.5802947271456059f,0.17626336017253083f,0f,0f,0f,1f],start_interpolation:0}
execute if entity @s[tag=aj.dino.bone.neck_0] run data modify entity @s {} merge value {transformation:[-0.9852693407086595f,-0.03453469244712727f,0.16748636146595866f,0.16153639341306653f,-0.17096733423659594f,0.22072762001676105f,-0.9602340799960021f,1.2245877780568881f,-0.003807477321735822f,-0.974723895664469f,-0.22338046095647163f,0.17764198745376936f,0f,0f,0f,1f],start_interpolation:0}
execute if entity @s[tag=aj.dino.bone.neck_1] run data modify entity @s {} merge value {transformation:[-0.9752242334017205f,-0.2047109163244917f,-0.08385186535559927f,0.15348996225907208f,-0.013538027257175175f,0.4335624758438492f,-0.90102180959072f,1.1502567730042064f,0.22080402261736673f,-0.877563114697592f,-0.425592015101612f,0.13754593430544215f,0f,0f,0f,1f],start_interpolation:0}
execute if entity @s[tag=aj.dino.bone.neck_2] run data modify entity @s {} merge value {transformation:[-0.9242268061390255f,-0.3659034675569183f,-0.10917629433113846f,0.14034287641640739f,-0.09981576658318948f,0.5074884227453108f,-0.8558576479303593f,1.0802458529520882f,0.36856698652411396f,-0.7801090649449602f,-0.505557339216071f,0.08561756439609339f,0f,0f,0f,1f],start_interpolation:0}
execute if entity @s[tag=aj.dino.bone.body_0] run data modify entity @s {} merge value {transformation:[-0.98719995243591f,-0.1438827834709716f,-0.06880405897316548f,0.1065451180715353f,0.006232594052522841f,0.3962737152163721f,-0.9181112663506478f,0.6513184585178567f,0.15936564460985247f,-0.9067882262409781f,-0.3903046298326821f,-0.1069698353419159f,0f,0f,0f,1f],start_interpolation:0}
execute if entity @s[tag=aj.dino.bone.leg_left_3] run data modify entity @s {} merge value {transformation:[-0.9569198592239957f,-0.03406179714527916f,-0.2883473200811171f,0.4669858354804938f,-0.032799670689125336f,0.9994195201776914f,-0.009208924501696508f,0.06831510542208377f,0.2884936127982962f,0.0006454944049845562f,-0.9574816022835948f,-0.2777454777528623f,0f,0f,0f,1f],start_interpolation:0}
execute if entity @s[tag=aj.dino.bone.leg_left_2] run data modify entity @s {} merge value {transformation:[-0.976944011439633f,-0.299760274369149f,-0.08824044380591635f,0.3928695160777006f,-0.2986541406893355f,0.9809202947682125f,-0.025754204737324274f,0.29570695606939745f,0.09191464661329637f,0.0011630660643078463f,-1.021573562948835f,-0.3089029732136426f,0f,0f,0f,1f],start_interpolation:0}
execute if entity @s[tag=aj.dino.bone.leg_left_1] run data modify entity @s {} merge value {transformation:[-0.9946973855299f,0.03651467743970774f,0.09614462830265708f,0.41750028243027637f,0.09906113141943614f,0.5914186785805811f,0.8002567330975107f,0.4119614486998676f,-0.027640612545368762f,0.8055374758243552f,-0.5918997985982455f,-0.05812098831065471f,0f,0f,0f,1f],start_interpolation:0}
execute if entity @s[tag=aj.dino.bone.leg_left_0] run data modify entity @s {} merge value {transformation:[-0.9929916278741593f,-0.1175303017919406f,-0.012419948974240008f,0.2569044055323012f,-0.04972793249332071f,0.5108359407451512f,-0.8582387630333159f,0.6766160940770504f,0.10721361714710997f,-0.8516062880249957f,-0.5131003512905844f,-0.3382533883790887f,0f,0f,0f,1f],start_interpolation:0}
execute if entity @s[tag=aj.dino.bone.leg_right_3] run data modify entity @s {} merge value {transformation:[-0.8710841210442769f,0.010254062220312023f,0.491026789770682f,-0.23956237247099524f,0.006940456180905968f,0.9999391974025887f,-0.00856922201061433f,0.013322782868869704f,-0.49108480340214206f,-0.0040565633050948235f,-0.8711023247366704f,-0.243399978043098f,0f,0f,0f,1f],start_interpolation:0}
execute if entity @s[tag=aj.dino.bone.leg_right_2] run data modify entity @s {} merge value {transformation:[-1.0087201403811992f,0.18543303556236854f,0.012667565360139995f,-0.19438181008693345f,0.17640018690695494f,0.9771496548357842f,-0.2571453394759334f,0.23287434245685054f,-0.05855639972897427f,-0.25070967447852316f,-0.9928635387979298f,-0.33243312653937884f,0f,0f,0f,1f],start_interpolation:0}
execute if entity @s[tag=aj.dino.bone.leg_right_1] run data modify entity @s {} merge value {transformation:[-0.9710622169806437f,0.09971788917417783f,-0.21701270315648313f,-0.17512134676961816f,-0.13000449091902258f,0.5415351625247965f,0.8305651690807456f,0.333353340502891f,0.20034221495611756f,0.8347430804312717f,-0.5129005620766937f,-0.07446725444729027f,0f,0f,0f,1f],start_interpolation:0}
execute if entity @s[tag=aj.dino.bone.leg_right_0] run data modify entity @s {} merge value {transformation:[-0.9801978618749925f,-0.17876198435575852f,-0.08518394522963191f,-0.12440148703765233f,-0.0971369026106224f,0.8089273364881504f,-0.5798284111988659f,0.7094608136073466f,0.17255889929791457f,-0.5600720643197429f,-0.8102732311027646f,-0.2484728378870293f,0f,0f,0f,1f],start_interpolation:0}
execute if entity @s[tag=aj.dino.bone.tail_4] run data modify entity @s {} merge value {transformation:[-0.3775828095409809f,2.1270095323840374f,-1.7201520289458665f,-0.6887326094370079f,-1.9872550548762193f,0.9800250854572558f,1.6480380791545473f,0.5754827416905053f,1.8798696498449172f,1.4632301980966425f,1.3966777790779121f,-1.4947153063297176f,0f,0f,0f,1f],start_interpolation:0}
execute if entity @s[tag=aj.dino.bone.tail_3] run data modify entity @s {} merge value {transformation:[-0.6809862694820752f,1.2365618775878648f,-1.5307246485627997f,-0.44127900438688034f,-0.41453919686709345f,1.4932953902788115f,1.390745000953547f,0.32505071557068266f,1.9236321064803727f,0.7595585074981853f,-0.24218984010370376f,-1.4610817356601968f,0f,0f,0f,1f],start_interpolation:0}
execute if entity @s[tag=aj.dino.bone.tail_2] run data modify entity @s {} merge value {transformation:[-1.2038037839188778f,0.8299014610392788f,-1.2964929192981502f,-0.20095647164137448f,0.7141626465687255f,1.7591051312399226f,0.46291978408154544f,0.2399416069336221f,1.363672262338471f,-0.188644048973249f,-1.386933761474726f,-1.2022903064146924f,0f,0f,0f,1f],start_interpolation:0}
execute if entity @s[tag=aj.dino.bone.tail_1] run data modify entity @s {} merge value {transformation:[-1.4427617999828561f,-0.0030152230879065805f,-0.4539664601487209f,-0.10185272226178183f,0.17587792618868875f,1.3906378867106528f,-0.5681984451971828f,0.3450444325516083f,0.4185231099829449f,-0.5947885561059996f,-1.3261678739645084f,-0.9100429455970962f,0f,0f,0f,1f],start_interpolation:0}
execute if entity @s[tag=aj.dino.bone.tail_0] run data modify entity @s {} merge value {transformation:[-1.2398729837749862f,-0.1285104046228364f,-0.28290595008344305f,-0.02228221328610283f,0.05148825490100614f,1.0627148843300627f,-0.7083937823094004f,0.57769876356506f,0.30643051462964604f,-0.6985398106844334f,-1.0256598798709025f,-0.6271783001165839f,0f,0f,0f,1f],start_interpolation:0}
execute if entity @s[tag=aj.dino.bone.body_1] run data modify entity @s {} merge value {transformation:[-1.1992501113104739f,0.010728897923928588f,-0.3004807087441796f,0.046852675019904005f,0.10330035365357727f,1.1750712650471968f,-0.37032574046598027f,0.5846449221985321f,0.2823699745247578f,-0.3843136842033714f,-1.1406904859238414f,-0.33609748675681295f,0f,0f,0f,1f],start_interpolation:0}