execute if entity @s[tag=aj.dino.bone.head_lower] run data modify entity @s {} merge value {transformation:[-0.9933546170999411f,-0.11151177180620564f,0.028490865814675567f,0.2196311298447859f,-0.1149805646551634f,0.9724729521565458f,-0.20267172243683101f,1.2928697215447797f,-0.005106313524347143f,-0.20460078707710916f,-0.9788321835174905f,0.2724622289888913f,0f,0f,0f,1f],start_interpolation:0}
execute if entity @s[tag=aj.dino.bone.head_upper] run data modify entity @s {} merge value {transformation:[-1.0339824070415717f,-0.06970727379621275f,0.09743315909855482f,0.22446167902520237f,-0.11968322184099099f,0.6385970999900794f,-0.813229126923973f,1.2511102239896015f,-0.005315159619862307f,-0.8190278276393705f,-0.6423683594434393f,0.20978634327236143f,0f,0f,0f,1f],start_interpolation:0}
execute if entity @s[tag=aj.dino.bone.neck_0] run data modify entity @s {} merge value {transformation:[-0.9997130861721502f,-0.018678070388836475f,-0.014995833511494028f,0.2241182327079235f,0.009232383341980926f,0.2772095478794577f,-0.9607651272097114f,1.1844827354857548f,0.022102226900959226f,-0.9606279176929097f,-0.2769575695210412f,0.20746339803112226f,0f,0f,0f,1f],start_interpolation:0}
execute if entity @s[tag=aj.dino.bone.neck_1] run data modify entity @s {} merge value {transformation:[-0.9456505113622689f,-0.2111267508844928f,-0.24732692013049518f,0.20219376185656285f,0.10271073542538652f,0.5277152206554566f,-0.843188680377612f,1.1154847054634982f,0.30853786670140704f,-0.8227649366310644f,-0.4773491844151668f,0.16323528168566998f,0f,0f,0f,1f],start_interpolation:0}
execute if entity @s[tag=aj.dino.bone.neck_2] run data modify entity @s {} merge value {transformation:[-0.8617711983617135f,-0.4747704075616386f,-0.17872733920128644f,0.18188760746595295f,-0.1586652909333653f,0.5868883385004843f,-0.7939693971339017f,1.051673035143221f,0.48184616541718645f,-0.6558621335584912f,-0.5810930516163972f,0.10590587196481527f,0f,0f,0f,1f],start_interpolation:0}
execute if entity @s[tag=aj.dino.bone.body_0] run data modify entity @s {} merge value {transformation:[-0.9771606561416839f,-0.13299309346109955f,-0.16574042711541698f,0.10250784023647483f,0.09077073818596139f,0.44398767958578933f,-0.891423363764492f,0.6357780842712842f,0.19213985837907044f,-0.886108219952661f,-0.4217754110357752f,-0.10131658602887819f,0f,0f,0f,1f],start_interpolation:0}
execute if entity @s[tag=aj.dino.bone.leg_left_3] run data modify entity @s {} merge value {transformation:[-0.9558152901002914f,-0.03252844545535588f,-0.29216267976377996f,0.4560675552691194f,-0.03178312469087303f,0.9994681410281947f,-0.007298496730742839f,0.058997504732782924f,0.29224469917413304f,0.002309828110960456f,-0.956340786800771f,-0.27888137167342747f,0f,0f,0f,1f],start_interpolation:0}
execute if entity @s[tag=aj.dino.bone.leg_left_2] run data modify entity @s {} merge value {transformation:[-0.9801619672026103f,-0.2840848311084217f,-0.10315292668801189f,0.3851393041479534f,-0.28338915501329287f,0.9855423039096032f,-0.021427867978337827f,0.2876241239514932f,0.10504905697365768f,0.008023430646842007f,-1.0202757076841014f,-0.3083792401308475f,0f,0f,0f,1f],start_interpolation:0}
execute if entity @s[tag=aj.dino.bone.leg_left_1] run data modify entity @s {} merge value {transformation:[-0.9935864165021294f,0.055465873981146434f,0.09853714916702327f,0.4147695023987097f,0.11258911719309529f,0.5660058277200812f,0.8166768600104848f,0.39583445890709323f,-0.010474904874798248f,0.8225332454134681f,-0.5686205558695981f,-0.05455654528229126f,0f,0f,0f,1f],start_interpolation:0}
execute if entity @s[tag=aj.dino.bone.leg_left_0] run data modify entity @s {} merge value {transformation:[-0.9924746885820993f,-0.11729968261740666f,-0.03513939358782786f,0.2561737863111259f,-0.03166011365043199f,0.5230281650987141f,-0.851727172113884f,0.666846930542835f,0.118286219516503f,-0.8442051427060415f,-0.5228059365588398f,-0.32970544609965946f,0f,0f,0f,1f],start_interpolation:0}
execute if entity @s[tag=aj.dino.bone.leg_right_3] run data modify entity @s {} merge value {transformation:[-0.8825990624599845f,0.015897032707883334f,0.46985761598152315f,-0.23886555370196902f,0.021742254213151513f,0.9997389866865874f,0.007016614611437905f,0.008791005888794584f,-0.4696234335363672f,0.016408621208353735f,-0.8827143296806468f,-0.24213822431805743f,0f,0f,0f,1f],start_interpolation:0}
execute if entity @s[tag=aj.dino.bone.leg_right_2] run data modify entity @s {} merge value {transformation:[-1.0089065746964447f,0.18446167321357723f,0.011983912142055972f,-0.19393225318752028f,0.17644371717485619f,0.9808220779726553f,-0.2427300260198887f,0.22964403219984303f,-0.05511204681828141f,-0.2366941950647373f,-0.9964942146439434f,-0.3280219325527697f,0f,0f,0f,1f],start_interpolation:0}
execute if entity @s[tag=aj.dino.bone.leg_right_1] run data modify entity @s {} merge value {transformation:[-0.9711229335007593f,0.09783926777155162f,-0.21759532557204914f,-0.17515246169773807f,-0.1367748609138554f,0.5189764242884599f,0.8437749157534609f,0.3231590944507416f,0.1954811639285866f,0.8491707417914792f,-0.49060795533137647f,-0.06741564286739674f,0f,0f,0f,1f],start_interpolation:0}
execute if entity @s[tag=aj.dino.bone.leg_right_0] run data modify entity @s {} merge value {transformation:[-0.980489794654893f,-0.18158508210490587f,-0.07527695885568106f,-0.12631358783582786f,-0.1034740557833563f,0.8023832788198636f,-0.5877705280549783f,0.6980805522289518f,0.16713133266191643f,-0.5685137921169895f,-0.8055179611997563f,-0.24449173798420018f,0f,0f,0f,1f],start_interpolation:0}
execute if entity @s[tag=aj.dino.bone.tail_4] run data modify entity @s {} merge value {transformation:[-1.6368777992173333f,1.609270639223024f,-1.5351027365502723f,-0.23489740518237137f,-1.1502048526862834f,1.0188112042290045f,2.294496428106692f,0.49900433462755955f,1.9035023506385125f,1.999483201097765f,0.06638570057996344f,-1.745406683091418f,0f,0f,0f,1f],start_interpolation:0}
execute if entity @s[tag=aj.dino.bone.tail_3] run data modify entity @s {} merge value {transformation:[-1.5964187662064353f,0.9903677745145998f,-0.8980892606814558f,-0.09230618085145914f,0.11057732028901361f,1.491805196200739f,1.4485287152385409f,0.23878890863069854f,1.3323532959339526f,1.0628426289135737f,-1.19630504764565f,-1.5529583049432787f,0f,0f,0f,1f],start_interpolation:0}
execute if entity @s[tag=aj.dino.bone.tail_2] run data modify entity @s {} merge value {transformation:[-1.7392542639134307f,0.7120053307059606f,-0.535552882083572f,0.006135271067243327f,0.6894993768772204f,1.819612990359897f,0.1799251222098059f,0.20628405042561532f,0.5642331873858975f,-0.028824457715365074f,-1.8707174922720273f,-1.2047856484833754f,0f,0f,0f,1f],start_interpolation:0}
execute if entity @s[tag=aj.dino.bone.tail_1] run data modify entity @s {} merge value {transformation:[-1.4702664313706262f,-0.19088026341105002f,0.2992283339271395f,-0.054517362630831394f,-0.31064114116827746f,1.3088570864463092f,-0.691412654406143f,0.33936569160648566f,-0.17168270791886384f,-0.7335626096656006f,-1.31151332265526f,-0.913431548109069f,0f,0f,0f,1f],start_interpolation:0}
execute if entity @s[tag=aj.dino.bone.tail_0] run data modify entity @s {} merge value {transformation:[-1.2652114523713607f,-0.12538250138075516f,-0.13173809517328072f,-0.019046132450635606f,-0.02911101935060264f,1.0535754387820697f,-0.7231646146843508f,0.5761158520444165f,0.17952227138922977f,-0.7128069442189109f,-1.0457120688471457f,-0.6250514783003203f,0f,0f,0f,1f],start_interpolation:0}
execute if entity @s[tag=aj.dino.bone.body_1] run data modify entity @s {} merge value {transformation:[-1.2029660043515678f,0.018085249312205908f,-0.28486893686042564f,0.04596373510818172f,0.0982332689150171f,1.1847440878522575f,-0.33961193476325663f,0.5752699478248391f,0.26800673929762237f,-0.3530707650212459f,-1.1541741712733908f,-0.33294032929524114f,0f,0f,0f,1f],start_interpolation:0}