execute if entity @s[tag=aj.dino.bone.head_lower] run data modify entity @s {} merge value {transformation:[-0.11295296315960099f,0.6930795342723152f,-0.7119567313301679f,0.40222801267310093f,0.1897788246446235f,0.7183995883860861f,0.6692428775289331f,0.3538537633330492f,0.9753079646091132f,-0.059521345579316265f,-0.21267718164028915f,0.4497618957623429f,0f,0f,0f,1f],start_interpolation:0}
execute if entity @s[tag=aj.dino.bone.head_upper] run data modify entity @s {} merge value {transformation:[-0.11757269228909403f,1.0066242416465196f,-0.23739469400340604f,0.40842963122683373f,0.19754069949807837f,0.25638203148652444f,0.9893017075473786f,0.42787192974181104f,1.0151976539833074f,0.06669207332149302f,-0.219995075595743f,0.43640871409669857f,0f,0f,0f,1f],start_interpolation:0}
execute if entity @s[tag=aj.dino.bone.neck_0] run data modify entity @s {} merge value {transformation:[-0.052520339687118084f,0.7478634568621935f,-0.6617717611150238f,0.35351597281699054f,0.13394554617040833f,0.6619737729296408f,0.737461398728372f,0.4647692098336316f,0.9895959804790341f,-0.049909656815353476f,-0.13494006660852398f,0.42817360048669395f,0f,0f,0f,1f],start_interpolation:0}
execute if entity @s[tag=aj.dino.bone.neck_1] run data modify entity @s {} merge value {transformation:[-0.6094643425234725f,0.713047183161452f,-0.34657889401686076f,0.3274411108877054f,0.3364484505681399f,0.6284523012811482f,0.7013202871190356f,0.5270754441768469f,0.7178827587445806f,0.3108237757957837f,-0.6229228885643253f,0.3768357822445024f,0f,0f,0f,1f],start_interpolation:0}
execute if entity @s[tag=aj.dino.bone.neck_2] run data modify entity @s {} merge value {transformation:[-0.8403008588130816f,0.37509507915943213f,-0.3914053503318231f,0.29682348191790553f,0.12320858525943455f,0.8352337173108699f,0.5359144353210072f,0.5822030281827789f,0.5279338132724277f,0.4021048607732129f,-0.7480625440069759f,0.315236750822919f,0f,0f,0f,1f],start_interpolation:0}
execute if entity @s[tag=aj.dino.bone.body_0] run data modify entity @s {} merge value {transformation:[-0.8638361839823588f,0.20361211572149543f,-0.46079187663652754f,0.08159365834603938f,0.3296260468058087f,0.9201506289242454f,-0.21135157760823634f,0.4913594071532227f,0.3809641932123954f,-0.33446214497567855f,-0.8619752647659311f,-0.09419512906259594f,0f,0f,0f,1f],start_interpolation:0}
execute if entity @s[tag=aj.dino.bone.leg_left_3] run data modify entity @s {} merge value {transformation:[-0.9424565979179972f,-0.13617757222500762f,-0.3053378945753996f,0.385596424984162f,-0.18162392211694492f,0.9753111624697048f,0.12562200156362455f,-0.021269007351203878f,0.28069255771340473f,0.17384995020101715f,-0.9439215448645142f,-0.35445844341929117f,0f,0f,0f,1f],start_interpolation:0}
execute if entity @s[tag=aj.dino.bone.leg_left_2] run data modify entity @s {} merge value {transformation:[-1.000277323882144f,-0.2133461011626234f,-0.0774010074002819f,0.3319219122300868f,-0.19013056228718514f,0.9787597670424241f,-0.24071121121400457f,0.19914445422208726f,0.1239267691510987f,-0.22039727547876348f,-0.9940469789451618f,-0.43636097515004757f,0f,0f,0f,1f],start_interpolation:0}
execute if entity @s[tag=aj.dino.bone.leg_left_1] run data modify entity @s {} merge value {transformation:[-0.9831541388701714f,0.023973616236890958f,0.1811993513977852f,0.3484047896325082f,0.18047264655398704f,0.28429558898939467f,0.9415973884452812f,0.22284566146889206f,-0.028940681889883735f,0.9584368960999468f,-0.28383296694719784f,-0.1603538136716786f,0f,0f,0f,1f],start_interpolation:0}
execute if entity @s[tag=aj.dino.bone.leg_left_0] run data modify entity @s {} merge value {transformation:[-0.9972910034813982f,0.06604264591009366f,-0.03238862911979877f,0.2610112809054099f,0.07355513379124448f,0.8921240263565087f,-0.44576267664577285f,0.6179630852965444f,-0.0005446723951298138f,-0.44693745705483867f,-0.8945650411307926f,-0.2630761315223729f,0f,0f,0f,1f],start_interpolation:0}
execute if entity @s[tag=aj.dino.bone.leg_right_3] run data modify entity @s {} merge value {transformation:[-0.9944092841540206f,0.04788739307567941f,0.09411149330822148f,-0.25541824304796745f,0.07772301661811447f,0.9352480294449645f,0.345355260720162f,0.04197453802352513f,-0.07147942554377698f,0.3507391067499117f,-0.933741276114645f,-0.26302330055388334f,0f,0f,0f,1f],start_interpolation:0}
execute if entity @s[tag=aj.dino.bone.leg_right_2] run data modify entity @s {} merge value {transformation:[-1.021601611729476f,0.09132033182457146f,-0.007276222088512926f,-0.23277158358784314f,0.09157411467708805f,1.0157058447115004f,-0.10962672138078104f,0.2752040728715558f,-0.002554982101452215f,-0.1098382151850715f,-1.0197996068111193f,-0.32013884096001144f,0f,0f,0f,1f],start_interpolation:0}
execute if entity @s[tag=aj.dino.bone.leg_right_1] run data modify entity @s {} merge value {transformation:[-0.9507526385082661f,0.06754039654286542f,-0.3025024218157646f,-0.21731420743180346f,-0.2851709576471038f,0.19176715230557634f,0.9390968449586247f,0.2718156825326439f,0.12143700129780878f,0.9791137084789702f,-0.16306256647174933f,-0.04307752284965624f,0f,0f,0f,1f],start_interpolation:0}
execute if entity @s[tag=aj.dino.bone.leg_right_0] run data modify entity @s {} merge value {transformation:[-0.9979649679409525f,-0.060764643756755735f,-0.019328239229899388f,-0.12355994157137964f,-0.04107536461189741f,0.844465935704996f,-0.5340319258769886f,0.6516300541916105f,0.048772299357456375f,-0.5321512393136001f,-0.8452433503508834f,-0.18888033242042704f,0f,0f,0f,1f],start_interpolation:0}
execute if entity @s[tag=aj.dino.bone.tail_4] run data modify entity @s {} merge value {transformation:[-1.9922147457415058f,0.9001310137213694f,1.6871591201149485f,0.7594075610171089f,1.870626226209176f,0.4117109521897598f,1.9891990713011651f,0.8944758610798028f,0.3968617646845376f,2.5779681110486883f,-0.9067758762492162f,-1.55978919054398f,0f,0f,0f,1f],start_interpolation:0}
execute if entity @s[tag=aj.dino.bone.tail_3] run data modify entity @s {} merge value {transformation:[-1.15773101343035f,0.8257487393015474f,1.521099420198392f,0.4934047105737819f,1.7307813700886991f,0.5529037165795349f,1.017171988992455f,0.7165904835185726f,-0.0005249189121442872f,1.829858471516004f,-0.993762157020327f,-1.4091904540264075f,0f,0f,0f,1f],start_interpolation:0}
execute if entity @s[tag=aj.dino.bone.tail_2] run data modify entity @s {} merge value {transformation:[-1.105329164768363f,1.0390093187935299f,1.231860766473003f,0.2638343897825959f,1.5555668578515356f,1.0781281257749553f,0.48644153828559766f,0.6275688638396566f,-0.4209905738483341f,1.2557361406266698f,-1.4368951099010894f,-1.142087284800142f,0f,0f,0f,1f],start_interpolation:0}
execute if entity @s[tag=aj.dino.bone.tail_1] run data modify entity @s {} merge value {transformation:[-0.9361465898016748f,0.3439069821365141f,1.1371076466370502f,0.015831971530649136f,0.029245038726609936f,1.4539690696056913f,-0.4156620289848946f,0.6992134851956382f,-1.1876154849582312f,-0.23528319588894486f,-0.9065690969913496f,-0.9429930212695905f,0f,0f,0f,1f],start_interpolation:0}
execute if entity @s[tag=aj.dino.bone.tail_0] run data modify entity @s {} merge value {transformation:[-1.2774400681502758f,0.04045301629372807f,0.018604900993710993f,0.0113713903860478f,0.0400291459655321f,1.2772659323752373f,-0.028724937787804057f,0.7384302818446851f,-0.019500162602310404f,-0.028124865339810165f,-1.2777575874132499f,-0.570281259478765f,0f,0f,0f,1f],start_interpolation:0}
execute if entity @s[tag=aj.dino.bone.body_1] run data modify entity @s {} merge value {transformation:[-1.2095199427779224f,0.17006205342601477f,-0.191689856443342f,0.04448171071930232f,0.10588642080186884f,1.173891391544979f,0.37332514220530744f,0.5725675f,0.233354170668774f,0.34880151074410615f,-1.1629651465931248f,-0.32340241045924495f,0f,0f,0f,1f],start_interpolation:0}