execute if entity @s[tag=aj.dino.bone.head_lower] run data modify entity @s {} merge value {transformation:[0.07555620666652363f,0.10320226080846462f,0.9917865460864994f,-0.43638169567489793f,-0.48131813168291043f,0.8748583027972726f,-0.05436732603272604f,0.679224773865429f,-0.8732835254070916f,-0.4732570584689655f,0.11577409408785762f,0.32526600632823877f,0f,0f,0f,1f],start_interpolation:0}
execute if entity @s[tag=aj.dino.bone.head_upper] run data modify entity @s {} merge value {transformation:[0.07864642403743168f,-0.3777546944096489f,0.9667409546621604f,-0.3781950888735853f,-0.50100384271952f,0.8352696431918475f,0.3671399124665502f,0.7231346653194697f,-0.9090004577281062f,-0.4930496492211962f,-0.11871037796442407f,0.30572894633343217f,0f,0f,0f,1f],start_interpolation:0}
execute if entity @s[tag=aj.dino.bone.neck_0] run data modify entity @s {} merge value {transformation:[-0.17930608069726844f,0.19951885586536816f,0.9633491348307526f,-0.3190837543870253f,-0.3178070748838903f,0.914970433708968f,-0.24865190245033075f,0.6923073727871263f,-0.9310467187948895f,-0.35074396871877617f,-0.10065125845548148f,0.3052147239688488f,0f,0f,0f,1f],start_interpolation:0}
execute if entity @s[tag=aj.dino.bone.neck_1] run data modify entity @s {} merge value {transformation:[-0.2637206349196957f,-0.09578291089353118f,0.9598317877098647f,-0.23821466407340874f,-0.5030225045199599f,0.8627003948506818f,-0.05211898570525782f,0.6918665635177313f,-0.823055154083868f,-0.49656184177324764f,-0.27569285560337f,0.27957232229569445f,0f,0f,0f,1f],start_interpolation:0}
execute if entity @s[tag=aj.dino.bone.neck_2] run data modify entity @s {} merge value {transformation:[-0.6258321933914156f,-0.14420726737818193f,0.7665104890020799f,-0.17247447568533353f,-0.3774170646428335f,0.9160302317328994f,-0.13581227436339455f,0.6889368981790002f,-0.6825616639039123f,-0.37428983233142776f,-0.6277074926922847f,0.22091590673998518f,0f,0f,0f,1f],start_interpolation:0}
execute if entity @s[tag=aj.dino.bone.body_0] run data modify entity @s {} merge value {transformation:[-0.7955078608062897f,-0.008999580104599558f,0.6058764320827655f,0.11298708246868211f,-0.34556282107166486f,0.8280914579269398f,-0.4414191590783392f,0.488786310078302f,-0.49774851088515937f,-0.5605207800486761f,-0.6618631845368272f,-0.09635739122621817f,0f,0f,0f,1f],start_interpolation:0}
execute if entity @s[tag=aj.dino.bone.leg_left_3] run data modify entity @s {} merge value {transformation:[-0.9964063596817903f,0.07851903940871134f,-0.031766756775211624f,0.4039239695384562f,0.07774258257746064f,0.9966604055713496f,0.024982530306963846f,0.011239325917740045f,0.03362227297297016f,0.022423122366987097f,-0.9991830394594603f,-0.20280959542077415f,0f,0f,0f,1f],start_interpolation:0}
execute if entity @s[tag=aj.dino.bone.leg_left_2] run data modify entity @s {} merge value {transformation:[-0.8685937000908308f,-0.15656268751835611f,0.5225852165343403f,0.38223214091097074f,-0.3260147300346829f,0.9367707412773919f,-0.2612224599603023f,0.22102050934448386f,-0.43740322296895207f,-0.38731240964411207f,-0.8430478737134317f,-0.3198240890396683f,0f,0f,0f,1f],start_interpolation:0}
execute if entity @s[tag=aj.dino.bone.leg_left_1] run data modify entity @s {} merge value {transformation:[-0.8085764224891128f,-0.551009116399791f,0.20638101327164032f,0.23769781281904176f,0.041475123939377884f,0.2965076163519268f,0.9541294710570003f,0.25014291066973937f,-0.5869275790835876f,0.7800462724028745f,-0.2168958962762067f,-0.08471751872775432f,0f,0f,0f,1f],start_interpolation:0}
execute if entity @s[tag=aj.dino.bone.leg_left_0] run data modify entity @s {} merge value {transformation:[-0.8306268527107115f,0.3598079473657423f,0.4249673782402f,0.24779344963753433f,-0.0034509197131617764f,0.7598502807537011f,-0.6500889492920603f,0.6010048717096009f,-0.5568187521169087f,-0.5414478662354971f,-0.6299103788952807f,-0.31077335469963285f,0f,0f,0f,1f],start_interpolation:0}
execute if entity @s[tag=aj.dino.bone.leg_right_3] run data modify entity @s {} merge value {transformation:[-0.33710799749763476f,0.04581782834023271f,0.9403504265056296f,-0.16466990631677703f,-0.005320530607228174f,0.9987064204369785f,-0.05056854488725274f,0.025465595818823628f,-0.9414509493208831f,-0.022050224129054136f,-0.3364281463234998f,-0.2871400585470856f,0f,0f,0f,1f],start_interpolation:0}
execute if entity @s[tag=aj.dino.bone.leg_right_2] run data modify entity @s {} merge value {transformation:[-0.8782855512854406f,0.34940461556637376f,0.3982374976378272f,-0.06955432217265803f,0.2741758610629797f,0.9595004609723411f,-0.237168003965401f,0.24136885603339972f,-0.4533258068037793f,-0.09663063445654013f,-0.9149975042976474f,-0.3372387606026845f,0f,0f,0f,1f],start_interpolation:0}
execute if entity @s[tag=aj.dino.bone.leg_right_1] run data modify entity @s {} merge value {transformation:[-0.903381826775235f,-0.3564168136841362f,-0.23847081577309798f,-0.1717254483160348f,-0.29569376156123683f,0.11495755552757936f,0.9483406348991326f,0.21641387437887066f,-0.3105905253319966f,0.9272280276988887f,-0.20924079483605285f,-0.08042813867870346f,0f,0f,0f,1f],start_interpolation:0}
execute if entity @s[tag=aj.dino.bone.leg_right_0] run data modify entity @s {} merge value {transformation:[-0.9081213631035449f,-0.04846610565227588f,0.41589256602861024f,-0.11901869167610193f,-0.24513674112463657f,0.8667927698760084f,-0.43425599850948543f,0.6205994667606056f,-0.3394459721748845f,-0.49630769759654114f,-0.7990338549026992f,-0.1707790284362372f,0f,0f,0f,1f],start_interpolation:0}
execute if entity @s[tag=aj.dino.bone.tail_4] run data modify entity @s {} merge value {transformation:[0.20511318400970313f,-2.516686177784117f,1.1179805883358507f,-0.8446867745368792f,2.622735320074668f,0.5203060786444229f,0.6900741677229293f,0.649820822692558f,-0.839553068113167f,1.010561031643332f,2.4289047693859334f,-0.013152214505973314f,0f,0f,0f,1f],start_interpolation:0}
execute if entity @s[tag=aj.dino.bone.tail_3] run data modify entity @s {} merge value {transformation:[0.22581526543173308f,-2.0674024592503315f,0.10392335362237533f,-0.842077178807564f,2.0483913507500384f,0.23824491347877064f,0.28857886516231834f,0.5985570978253344f,-0.29840553968529904f,0.07093630052108915f,2.059579496207406f,-0.36307495448957716f,0f,0f,0f,1f],start_interpolation:0}
execute if entity @s[tag=aj.dino.bone.tail_2] run data modify entity @s {} merge value {transformation:[0.3089413175301421f,-1.772969604135816f,-0.7615168547944329f,-0.7007062968835112f,1.9295608616805269f,0.27940913643931103f,0.13228488404847635f,0.5754589171480351f,-0.0111363547097122f,-0.7728409877118992f,1.794816610219287f,-0.6969195766756399f,0f,0f,0f,1f],start_interpolation:0}
execute if entity @s[tag=aj.dino.bone.tail_1] run data modify entity @s {} merge value {transformation:[0.19624642348246205f,-0.2863073203882298f,-1.4721316889335867f,-0.3806076591336678f,0.9998093691947036f,1.1315935684896803f,-0.08679557029757186f,0.5793486033450652f,1.1178214600466532f,-0.9618629653151761f,0.33608193854217366f,-0.7585508142975742f,0f,0f,0f,1f],start_interpolation:0}
execute if entity @s[tag=aj.dino.bone.tail_0] run data modify entity @s {} merge value {transformation:[-0.6523570743067295f,-0.07438910181048485f,-1.0966914906744838f,-0.061924057616079636f,0.14768514064557603f,1.2577910961175938f,-0.1731657424083245f,0.6603043977305956f,1.089245180580795f,-0.21508960142963465f,-0.6333380744297475f,-0.5786652040338065f,0f,0f,0f,1f],start_interpolation:0}
execute if entity @s[tag=aj.dino.bone.body_1] run data modify entity @s {} merge value {transformation:[-1.1536656261342946f,0.12483649329138076f,-0.4267037239996003f,0.028869957322101236f,0.061627215193612396f,1.2200749231392567f,0.19032567701302752f,0.5338756395348838f,0.44029797237768f,0.15632538797552406f,-1.1446853994223285f,-0.3230715073988407f,0f,0f,0f,1f],start_interpolation:0}