execute if entity @s[tag=aj.dino.bone.head_lower] run data modify entity @s {} merge value {transformation:[0.1017497063749177f,0.17095924956102854f,0.9800101694585359f,-0.5309539274972879f,-0.46115735627591714f,0.8809875788114415f,-0.1058053813969844f,0.8192777765951379f,-0.8814651950050127f,-0.44117323238098294f,0.16847934302249232f,0.09741759334848946f,0f,0f,0f,1f],start_interpolation:0}
execute if entity @s[tag=aj.dino.bone.head_upper] run data modify entity @s {} merge value {transformation:[0.10591122696994086f,-0.23647783908917155f,1.0081334168675022f,-0.46673303518424836f,-0.4800184999987038f,0.8867185574467935f,0.2584267442080629f,0.8568550548574164f,-0.9175167542035533f,-0.491202986638621f,-0.018830142234802578f,0.08480483628616817f,0f,0f,0f,1f],start_interpolation:0}
execute if entity @s[tag=aj.dino.bone.neck_0] run data modify entity @s {} merge value {transformation:[-0.00688130867357711f,0.32815232195974425f,0.9445997571370466f,-0.41097774771136736f,-0.4052977966148987f,0.862639835074111f,-0.3026321380858598f,0.8234149932511133f,-0.9141588175202641f,-0.38492670540732715f,0.12706332206507848f,0.09956445866886983f,0f,0f,0f,1f],start_interpolation:0}
execute if entity @s[tag=aj.dino.bone.neck_1] run data modify entity @s {} merge value {transformation:[-0.05854915694197643f,0.08266360026854616f,0.9948561330222707f,-0.326319554884148f,-0.630481752266836f,0.7695981476487005f,-0.10105172534018922f,0.8184000282773534f,-0.7739927365808571f,-0.6331551313274902f,0.007058568817060018f,0.09724554554575619f,0f,0f,0f,1f],start_interpolation:0}
execute if entity @s[tag=aj.dino.bone.neck_2] run data modify entity @s {} merge value {transformation:[-0.43032220012348066f,0.10436920307115294f,0.8966213657565716f,-0.24674695885481057f,-0.45168168153693844f,0.8351022175500299f,-0.31398717299753864f,0.7990685696676723f,-0.7815410818663667f,-0.5401030972817276f,-0.312221366440278f,0.06460466529851558f,0f,0f,0f,1f],start_interpolation:0}
execute if entity @s[tag=aj.dino.bone.body_0] run data modify entity @s {} merge value {transformation:[-0.6237856145633461f,0.3285658457139787f,0.7091798023731971f,0.09061682296715107f,-0.3690442263710917f,0.6760212634291388f,-0.637810011189722f,0.50491105074224f,-0.6889832117301489f,-0.6595754213294558f,-0.30043701092255637f,-0.08327345166793396f,0f,0f,0f,1f],start_interpolation:0}
execute if entity @s[tag=aj.dino.bone.leg_left_3] run data modify entity @s {} merge value {transformation:[-0.9898140196119858f,0.06417009301468524f,0.12708424663210388f,0.4027307417155334f,0.06494087471135898f,0.9978872531997085f,0.0019268350378883747f,0.010136084810459384f,-0.1266921046130598f,0.010160170472304553f,-0.9918900551798504f,-0.15276581247526602f,0f,0f,0f,1f],start_interpolation:0}
execute if entity @s[tag=aj.dino.bone.leg_left_2] run data modify entity @s {} merge value {transformation:[-0.7468622733910565f,-0.09443488678235551f,0.6966641918774356f,0.4010894847870614f,-0.3365421319471932f,0.9404067704708614f,-0.23331673531424132f,0.22161090126520222f,-0.6172506277925321f,-0.3984712758928321f,-0.7157405285987075f,-0.2687260657827814f,0f,0f,0f,1f],start_interpolation:0}
execute if entity @s[tag=aj.dino.bone.leg_left_1] run data modify entity @s {} merge value {transformation:[-0.6658140939832923f,-0.7119127081884318f,0.22332014726177354f,0.20910108989966916f,0.03500046383198557f,0.2691784938578349f,0.9624541059063403f,0.2429962735315639f,-0.7452962899308929f,0.648631817261719f,-0.1543055600132613f,-0.06948624109565349f,0f,0f,0f,1f],start_interpolation:0}
execute if entity @s[tag=aj.dino.bone.leg_left_0] run data modify entity @s {} merge value {transformation:[-0.6926124412531462f,0.44727628403694697f,0.5658903886438233f,0.2581153365517841f,-0.010973481109850247f,0.7779069379502509f,-0.6282836768540118f,0.5982980890407391f,-0.7212264477497263f,-0.4413668787153888f,-0.5338798455077197f,-0.2831811219081398f,0f,0f,0f,1f],start_interpolation:0}
execute if entity @s[tag=aj.dino.bone.leg_right_3] run data modify entity @s {} merge value {transformation:[-0.17873841102700622f,0.06706343748525671f,0.9816084126453901f,-0.16420375846664295f,-0.025279573438358016f,0.9970319486959991f,-0.0727202615935379f,0.03434169352309224f,-0.9835718192335097f,-0.03781254596187658f,-0.17651257116014485f,-0.2977881791409522f,0f,0f,0f,1f],start_interpolation:0}
execute if entity @s[tag=aj.dino.bone.leg_right_2] run data modify entity @s {} merge value {transformation:[-0.7827272870546338f,0.4013481377931899f,0.5275602959764184f,-0.05313180800350836f,0.29924325482325326f,0.9423517075559646f,-0.2729266077351875f,0.2451036141808101f,-0.5914842923050223f,-0.054361117142589774f,-0.8362137288995742f,-0.3353848104661179f,0f,0f,0f,1f],start_interpolation:0}
execute if entity @s[tag=aj.dino.bone.leg_right_1] run data modify entity @s {} merge value {transformation:[-0.8459966612161083f,-0.4870816274364802f,-0.2168896895314012f,-0.19080220133676498f,-0.3273124733486384f,0.15331811416364344f,0.9323948201591968f,0.2307859973503022f,-0.4208992682359932f,0.8597936055142152f,-0.289134504885307f,-0.094853618502317f,0f,0f,0f,1f],start_interpolation:0}
execute if entity @s[tag=aj.dino.bone.leg_right_0] run data modify entity @s {} merge value {transformation:[-0.8464356998286836f,0.02513149197212429f,0.5318975598428534f,-0.1258147065260846f,-0.27892039162680143f,0.8299650108532951f,-0.4830750416799043f,0.6284142049475644f,-0.45359676055972714f,-0.557249036670809f,-0.695502329211899f,-0.2042872175735046f,0f,0f,0f,1f],start_interpolation:0}
execute if entity @s[tag=aj.dino.bone.tail_4] run data modify entity @s {} merge value {transformation:[0.7400482071611751f,-2.4873433247310244f,0.9439879064869144f,-0.9170534081665108f,2.3478665266948724f,1.0714151374429604f,0.9824732605439364f,0.7368924104607261f,-1.2512045218521555f,0.5393089279569727f,2.4019355645650897f,-0.31756166335225006f,0f,0f,0f,1f],start_interpolation:0}
execute if entity @s[tag=aj.dino.bone.tail_3] run data modify entity @s {} merge value {transformation:[0.5455685168759395f,-1.9623592526623488f,-0.4329511322640251f,-0.8244376696011585f,1.9208511855208037f,0.3774253184376499f,0.7098072823872718f,0.6128419226327525f,-0.5904500338907206f,-0.5853561467492694f,1.909102528673025f,-0.6355467335590158f,0f,0f,0f,1f],start_interpolation:0}
execute if entity @s[tag=aj.dino.bone.tail_2] run data modify entity @s {} merge value {transformation:[0.478697739814137f,-1.392162195804544f,-1.2851096332501304f,-0.5855158939990339f,1.8863736496293528f,0.22660302457916748f,0.4571863933215688f,0.5293007610754088f,-0.17668277472251756f,-1.352519635653036f,1.3993740412384774f,-0.8961397945524323f,0f,0f,0f,1f],start_interpolation:0}
execute if entity @s[tag=aj.dino.bone.tail_1] run data modify entity @s {} merge value {transformation:[-0.14164560751723768f,0.06716781466793963f,-1.5043540994539175f,-0.26248140882531634f,1.0863772931290934f,1.0508924362204937f,-0.05536889440886362f,0.5273315606604037f,1.0427737764465395f,-1.0857116662204978f,-0.14666042065988402f,-0.8523046415687259f,0f,0f,0f,1f],start_interpolation:0}
execute if entity @s[tag=aj.dino.bone.tail_0] run data modify entity @s {} merge value {transformation:[-0.9247695076840655f,-0.03417208097215471f,-0.881742220336438f,-0.005640471633193561f,0.19840452440531042f,1.2364997982650192f,-0.256007051016367f,0.6319817138880524f,0.859809699257517f,-0.32208109903660403f,-0.8892844107989859f,-0.6002074584974291f,0f,0f,0f,1f],start_interpolation:0}
execute if entity @s[tag=aj.dino.bone.body_1] run data modify entity @s {} merge value {transformation:[-1.2075033611291488f,0.109844476073325f,-0.24181484444557064f,0.04317928743974197f,0.09471858698557448f,1.2297556250486776f,0.08563928419155745f,0.529239011627907f,0.24813024240812515f,0.06511442845915882f,-1.209461073811461f,-0.3234106195281683f,0f,0f,0f,1f],start_interpolation:0}