execute if entity @s[tag=aj.dino.bone.head_lower] run data modify entity @s {} merge value {transformation:[-0.8774934182307648f,-0.3287351191785358f,0.3491969678854068f,0.282853612747896f,-0.24954487460878477f,0.9347553131795717f,0.2529028668066984f,0.8997818614351115f,-0.4095517751373739f,0.13478028750983795f,-0.902275799066223f,0.5993302829249871f,0f,0f,0f,1f],start_interpolation:0}
execute if entity @s[tag=aj.dino.bone.head_upper] run data modify entity @s {} merge value {transformation:[-0.9133825334141455f,-0.23431117199874216f,0.4407976462210752f,0.3076961056944673f,-0.259751156003253f,1.0079659407183628f,-0.0024375992752716526f,0.9221667943358983f,-0.4263022720939196f,-0.1121377706744206f,-0.942954630817008f,0.5316751144969676f,0f,0f,0f,1f],start_interpolation:0}
execute if entity @s[tag=aj.dino.bone.neck_0] run data modify entity @s {} merge value {transformation:[-0.9481913818291028f,-0.12590931062495975f,0.2916846737882603f,0.32890711214203366f,-0.2957409321658127f,0.685215142713069f,-0.665595604882127f,0.8681013692765411f,-0.11606207161132627f,-0.7173751136571827f,-0.6869516299119114f,0.4989373798024408f,0f,0f,0f,1f],start_interpolation:0}
execute if entity @s[tag=aj.dino.bone.neck_1] run data modify entity @s {} merge value {transformation:[-0.9748460280796347f,-0.22030793151330735f,-0.03375850781192352f,0.32503239234795833f,-0.18229759196294182f,0.8752898805160473f,-0.447923222249881f,0.8341887444279866f,0.12822951883974515f,-0.43050207941255225f,-0.8934344688445797f,0.42126848469680767f,0f,0f,0f,1f],start_interpolation:0}
execute if entity @s[tag=aj.dino.bone.neck_2] run data modify entity @s {} merge value {transformation:[-0.9228271050996867f,-0.1145718576271138f,-0.36778176074025754f,0.29169022165032576f,-0.025966594904956f,0.971075590204604f,-0.2373561333899374f,0.8229020039223747f,0.38433822349900804f,-0.20948863345931729f,-0.8991099167559964f,0.34044868801264405f,0f,0f,0f,1f],start_interpolation:0}
execute if entity @s[tag=aj.dino.bone.body_0] run data modify entity @s {} merge value {transformation:[-0.8551662927084824f,-0.24773900087574752f,-0.4553196671134649f,0.0747397463314089f,0.0024673988757463565f,0.8764401698620127f,-0.4815044554259431f,0.6043199478899836f,0.5183478790908843f,-0.4128898353039615f,-0.7488908199094509f,-0.01643403886366987f,0f,0f,0f,1f],start_interpolation:0}
execute if entity @s[tag=aj.dino.bone.leg_left_3] run data modify entity @s {} merge value {transformation:[-0.9768724793200069f,0.04716019260567398f,-0.20855712737899468f,0.3394897220238977f,0.04839652894003728f,0.9988278596817964f,-0.0008262626926051255f,0.0243617489996813f,0.20827370245361887f,-0.010900594335943353f,-0.9780098373275109f,-0.4146212851526408f,0f,0f,0f,1f],start_interpolation:0}
execute if entity @s[tag=aj.dino.bone.leg_left_2] run data modify entity @s {} merge value {transformation:[-0.9961851479789624f,-0.23357434372435315f,-0.07155680541055977f,0.2812869958300316f,-0.23468936839550056f,0.9984575105324619f,0.008105524297261371f,0.2569871500269016f,0.06781040339762026f,0.024245104985340972f,-1.0231696455505295f,-0.4404851117554925f,0f,0f,0f,1f],start_interpolation:0}
execute if entity @s[tag=aj.dino.bone.leg_left_1] run data modify entity @s {} merge value {transformation:[-0.9866155360557022f,-0.051577445996881514f,0.15469179382875464f,0.27871980793267537f,0.13386805065134028f,0.2854821901928446f,0.9489885479274796f,0.28154688001258205f,-0.09310815768948154f,0.9569951338158075f,-0.27475659195829205f,-0.16407307354243678f,0f,0f,0f,1f],start_interpolation:0}
execute if entity @s[tag=aj.dino.bone.leg_left_0] run data modify entity @s {} merge value {transformation:[-0.994224623045461f,0.1018083409089982f,0.033947910855723906f,0.20032540979152838f,0.0802366139898332f,0.9152295300552982f,-0.39486325872408584f,0.6823696380670781f,-0.07127050375546312f,-0.3898589091403646f,-0.9181124910697641f,-0.25069127907757427f,0f,0f,0f,1f],start_interpolation:0}
execute if entity @s[tag=aj.dino.bone.leg_right_3] run data modify entity @s {} merge value {transformation:[-0.899358567444493f,0.02212702575101369f,0.4366515337149335f,-0.2942951629458248f,0.017904279906223605f,0.9997446800181486f,-0.013784467216696517f,0.03444801059193142f,-0.4368450571143379f,-0.004579247407879905f,-0.8995251116939135f,-0.017877466648554385f,0f,0f,0f,1f],start_interpolation:0}
execute if entity @s[tag=aj.dino.bone.leg_right_2] run data modify entity @s {} merge value {transformation:[-0.9737886361942089f,0.2859687809055448f,0.14839052485625234f,-0.22153960890105395f,0.1419318674586818f,0.804891691011681f,-0.6197313210099529f,0.20269443142196686f,-0.2892286924207357f,-0.567832212531525f,-0.8037260362790531f,-0.1746283623382972f,0f,0f,0f,1f],start_interpolation:0}
execute if entity @s[tag=aj.dino.bone.leg_right_1] run data modify entity @s {} merge value {transformation:[-0.9903047132944365f,-0.08713064659037707f,-0.10818884069795404f,-0.25919488965019116f,-0.13890975332162744f,0.6166055388426056f,0.7749204410136205f,0.3263415386067093f,-0.0008094806662982051f,0.782435850337497f,-0.6227306679839112f,0.07094618515454465f,0f,0f,0f,1f],start_interpolation:0}
execute if entity @s[tag=aj.dino.bone.leg_right_0] run data modify entity @s {} merge value {transformation:[-0.9948322170128193f,-0.04715493361537307f,0.08991814182404345f,-0.16935461005249144f,-0.09413751006802087f,0.7601744692945636f,-0.6428630534032284f,0.6880897091822165f,-0.0380393111340403f,-0.6480055466340227f,-0.7606851006428278f,-0.11713428648335306f,0f,0f,0f,1f],start_interpolation:0}
execute if entity @s[tag=aj.dino.bone.tail_4] run data modify entity @s {} merge value {transformation:[-2.0591115690216344f,1.4253846628295332f,1.1636148163767943f,-0.06021348545278882f,1.8400274857931587f,1.5908741799157475f,1.3073176839632779f,0.7086628464039265f,0.004441784210466722f,1.750159775062762f,-2.136020216174297f,-1.8491026405582838f,0f,0f,0f,1f],start_interpolation:0}
execute if entity @s[tag=aj.dino.bone.tail_3] run data modify entity @s {} merge value {transformation:[-1.2017251211331714f,1.5076839987386808f,0.7865692717296111f,-0.20834043851291933f,1.6339406402069216f,1.2906108326681935f,0.022520855315745984f,0.6922145013712978f,-0.47121146374224077f,0.6302048592253946f,-1.9278866973686604f,-1.5283713493539874f,0f,0f,0f,1f],start_interpolation:0}
execute if entity @s[tag=aj.dino.bone.tail_2] run data modify entity @s {} merge value {transformation:[-1.1671206087935593f,1.5227601210896142f,0.37122092229731807f,-0.27785027349849367f,1.5415463457376792f,1.1988880626311635f,-0.0712471208265946f,0.7068843531325054f,-0.2832635230221779f,0.25028564062369874f,-1.917261784323003f,-1.1721064728102522f,0f,0f,0f,1f],start_interpolation:0}
execute if entity @s[tag=aj.dino.bone.tail_1] run data modify entity @s {} merge value {transformation:[-1.304049017431348f,0.7661685141319537f,0.009910503981685368f,-0.28810267018392366f,0.7644014402696715f,1.302175403545251f,-0.08766930201282176f,0.7091017720542873f,-0.05294193281311575f,-0.07057815777276923f,-1.5099245429475654f,-0.8462742331310608f,0f,0f,0f,1f],start_interpolation:0}
execute if entity @s[tag=aj.dino.bone.tail_0] run data modify entity @s {} merge value {transformation:[-1.059704615976924f,0.41486814760959245f,-0.5820191264556637f,-0.10801164662595031f,0.2945006916189756f,1.201833971618191f,0.32046866287426334f,0.6444557749921848f,0.6512535497770229f,0.1315873905336628f,-1.0919657911946674f,-0.5240010111617674f,0f,0f,0f,1f],start_interpolation:0}
execute if entity @s[tag=aj.dino.bone.body_1] run data modify entity @s {} merge value {transformation:[-1.1626854281195378f,-0.022598680573140583f,-0.4198291199179619f,-0.008885075606229895f,0.017990269899317457f,1.2307753449232441f,-0.1160732336685309f,0.5885397222222223f,0.420051830711029f,-0.1152646737802733f,-1.157097709595387f,-0.24722810828373937f,0f,0f,0f,1f],start_interpolation:0}