execute if entity @s[tag=aj.dino.bone.head_lower] run data modify entity @s {} merge value {transformation:[-0.4500687088174855f,-0.12141661514442575f,0.8847011715320778f,0.03773791488748546f,-0.04846529354055258f,0.9925745333331415f,0.11156572547392912f,0.30460616690479275f,-0.891677785225913f,0.0073349400383643515f,-0.45261123051604035f,0.5271234093529955f,0f,0f,0f,1f],start_interpolation:0}
execute if entity @s[tag=aj.dino.bone.head_upper] run data modify entity @s {} merge value {transformation:[-0.468476331479492f,-0.5939027470916238f,0.7150394369711687f,0.07354949223408536f,-0.050447503852488876f,0.815786660252668f,0.6445301520428334f,0.3673409910253753f,-0.9281470351092425f,0.2554282571179765f,-0.3959437198227833f,0.5052755430428743f,0f,0f,0f,1f],start_interpolation:0}
execute if entity @s[tag=aj.dino.bone.neck_0] run data modify entity @s {} merge value {transformation:[-0.6254066937779789f,0.08609513769382575f,0.775534715304981f,0.12250162007806974f,-0.033461701195990706f,0.9900208929002137f,-0.13689027056052597f,0.3424303263929287f,-0.779581158014204f,-0.11156280243228457f,-0.6162848036279067f,0.46748818773170087f,0f,0f,0f,1f],start_interpolation:0}
execute if entity @s[tag=aj.dino.bone.neck_1] run data modify entity @s {} merge value {transformation:[-0.7888400087934316f,-0.17493844943691259f,0.5891756779054843f,0.17160661335818705f,-0.13982121831428923f,0.9845792139831133f,0.10513704533370927f,0.3558726474228323f,-0.5984826375392074f,0.0005570466796666063f,-0.8011355829465511f,0.3996240551960243f,0f,0f,0f,1f],start_interpolation:0}
execute if entity @s[tag=aj.dino.bone.neck_2] run data modify entity @s {} merge value {transformation:[-0.9572881392829256f,-0.22882517358843973f,0.17674404748238107f,0.18485037603283544f,-0.16445029286654186f,0.9336825785462892f,0.31810838356645244f,0.3928826636317101f,-0.23781404408558893f,0.2754557722237328f,-0.9314336251093174f,0.3207203680541877f,0f,0f,0f,1f],start_interpolation:0}
execute if entity @s[tag=aj.dino.bone.body_0] run data modify entity @s {} merge value {transformation:[-0.9545714384291693f,-0.28941104978169335f,-0.07095500827654494f,0.14865254470039801f,-0.2960181631557832f,0.9482976451658716f,0.1144762999696387f,0.45586863496353724f,0.034155761112035166f,0.1302797775447932f,-0.9908887745583439f,-0.1450407178314191f,0f,0f,0f,1f],start_interpolation:0}
execute if entity @s[tag=aj.dino.bone.leg_left_3] run data modify entity @s {} merge value {transformation:[-0.9372582225720318f,0.07489756713979981f,-0.3404957836121546f,0.4108395789415724f,0.06211045829005735f,0.9968990653602239f,0.04831712382696446f,0.020858331166910438f,0.34305876346788566f,0.024137272431870582f,-0.9390037683031064f,-0.30030462909010314f,0f,0f,0f,1f],start_interpolation:0}
execute if entity @s[tag=aj.dino.bone.leg_left_2] run data modify entity @s {} merge value {transformation:[-0.9668119269807997f,-0.3179369676025575f,0.12748718359136277f,0.33916896739246194f,-0.3422336878814029f,0.912807696991558f,-0.3189363740509323f,0.223244983570702f,-0.014594527312038388f,-0.3431623412400494f,-0.9664826986697068f,-0.4101865586098332f,0f,0f,0f,1f],start_interpolation:0}
execute if entity @s[tag=aj.dino.bone.leg_left_1] run data modify entity @s {} merge value {transformation:[-0.9801626009902245f,-0.18011698951100996f,0.08269912762278149f,0.305371309191205f,0.014582771346834538f,0.35059020259465834f,0.9364154273742408f,0.2685349979561582f,-0.19765783161798683f,0.9190453633712139f,-0.3410087999831505f,-0.13848834632855636f,0f,0f,0f,1f],start_interpolation:0}
execute if entity @s[tag=aj.dino.bone.leg_left_0] run data modify entity @s {} merge value {transformation:[-0.9869715839313684f,0.08979629448004717f,0.1335054980502994f,0.21499933305412505f,-0.02813492267872686f,0.7206627698700971f,-0.6927146586070064f,0.6046105199056101f,-0.15841565149273595f,-0.6874458506826643f,-0.7087472636570247f,-0.3691253512517379f,0f,0f,0f,1f],start_interpolation:0}
execute if entity @s[tag=aj.dino.bone.leg_right_3] run data modify entity @s {} merge value {transformation:[-0.6424560879233461f,0.028264818305759592f,0.7658010675993943f,-0.17498202662554432f,0.038521082051664324f,0.999247362900053f,-0.004564424920887419f,0.01215260012910771f,-0.7653537099457994f,0.026567043181955297f,-0.6430613430216197f,-0.2746943242072609f,0f,0f,0f,1f],start_interpolation:0}
execute if entity @s[tag=aj.dino.bone.leg_right_2] run data modify entity @s {} merge value {transformation:[-0.9944200052314891f,0.23773955941802036f,0.08167591189466371f,-0.11549840739005365f,0.2231961724121098f,0.9883505267305878f,-0.15940170774696047f,0.23726318444419855f,-0.11564826551523855f,-0.13676745848259816f,-1.009941751035287f,-0.3376069297643441f,0f,0f,0f,1f],start_interpolation:0}
execute if entity @s[tag=aj.dino.bone.leg_right_1] run data modify entity @s {} merge value {transformation:[-0.9745461821766117f,-0.04753500501067523f,-0.21908939295097143f,-0.1362011992750627f,-0.220834830165048f,0.03518426621997056f,0.9746763797263871f,0.19073040625907578f,-0.038622747066522224f,0.9982497136033635f,-0.04478607707578508f,-0.06480758844859645f,0f,0f,0f,1f],start_interpolation:0}
execute if entity @s[tag=aj.dino.bone.leg_right_0] run data modify entity @s {} merge value {transformation:[-0.9843504305732204f,-0.13755639029715566f,0.11014748893520965f,-0.08472104117562225f,-0.16650967099792435f,0.9306631627598907f,-0.3257922757615963f,0.602021554023944f,-0.0576954009820419f,-0.3390343890672061f,-0.939003154273375f,-0.11477421387764675f,0f,0f,0f,1f],start_interpolation:0}
execute if entity @s[tag=aj.dino.bone.tail_4] run data modify entity @s {} merge value {transformation:[0.10171536094090117f,-2.026518246568061f,1.8731094771196306f,-0.4697672670037679f,2.700509420747684f,-0.3126681474537993f,-0.4849214674777923f,0.37167532884105503f,0.5679473438635556f,1.8496280051660443f,1.9702724148461837f,0.3525917558943057f,0f,0f,0f,1f],start_interpolation:0}
execute if entity @s[tag=aj.dino.bone.tail_3] run data modify entity @s {} merge value {transformation:[0.31495326917088967f,-1.6996213742276207f,1.1610500198318885f,-0.6500063153185806f,1.9432203992386041f,-0.1417755505012504f,-0.7346697892982068f,0.49763556108948837f,0.6787079226485964f,1.1946264703216336f,1.5646624805961655f,0.07559246205178144f,0f,0f,0f,1f],start_interpolation:0}
execute if entity @s[tag=aj.dino.bone.tail_2] run data modify entity @s {} merge value {transformation:[0.4127258039142654f,-1.8405609572693438f,0.5106531585742499f,-0.7450684009275952f,1.8155022050356373f,0.21564541809592488f,-0.6900888871498722f,0.627315355438806f,0.5936185890762171f,0.6201663415832622f,1.7555012259959175f,-0.2501648629408021f,0f,0f,0f,1f],start_interpolation:0}
execute if entity @s[tag=aj.dino.bone.tail_1] run data modify entity @s {} merge value {transformation:[0.8996056449591736f,-0.754567059604496f,-0.9534120232708495f,-0.5315404259240695f,0.7555756559923278f,1.2761361635372017f,-0.2970491039951407f,0.6749157064068994f,0.9526129127979285f,-0.29960189363950535f,1.1359681305821343f,-0.4918603065830771f,0f,0f,0f,1f],start_interpolation:0}
execute if entity @s[tag=aj.dino.bone.tail_0] run data modify entity @s {} merge value {transformation:[0.05165922630910979f,-0.035367378566122536f,-1.2766817103156654f,-0.15931783517242434f,-0.050071233787469825f,1.276687239300132f,-0.03739359757011409f,0.7166517220279822f,1.2761896067858303f,0.05152240411312016f,0.05021201041842051f,-0.5052900956726836f,0f,0f,0f,1f],start_interpolation:0}
execute if entity @s[tag=aj.dino.bone.body_1] run data modify entity @s {} merge value {transformation:[-0.9426544387616544f,0.2569456491882993f,-0.7576187283207851f,-0.0004892062719545984f,-0.008142590194032918f,1.1677201607771175f,0.40616242981822526f,0.5435704069767442f,0.7999630631248745f,0.3146635576836252f,-0.8886228323411468f,-0.3198925583946438f,0f,0f,0f,1f],start_interpolation:0}