execute if entity @s[tag=aj.dino.bone.head_lower] run data modify entity @s {} merge value {transformation:[-0.26798031376735243f,0.1703762478969903f,0.9482396772892889f,-0.4439232527491614f,-0.2689474936973446f,0.9318810966219941f,-0.24344376638662826f,0.8864668138420415f,-0.9251236658236932f,-0.3202648215323279f,-0.20390352380917326f,0.2645523561324335f,0f,0f,0f,1f],start_interpolation:0}
execute if entity @s[tag=aj.dino.bone.head_upper] run data modify entity @s {} merge value {transformation:[-0.2789405969419731f,-0.23038810839597304f,0.976004818364586f,-0.3818999470931044f,-0.27994733412811035f,0.9906735146760707f,0.15384219192872103f,0.9192306974984412f,-0.9629608382876883f,-0.22126737087197168f,-0.3274433036346682f,0.23671184652786445f,0f,0f,0f,1f],start_interpolation:0}
execute if entity @s[tag=aj.dino.bone.neck_0] run data modify entity @s {} merge value {transformation:[-0.35586114068929725f,0.3177852659172427f,0.8788488910576264f,-0.33011519303777265f,-0.2176342970346069f,0.8863729437245735f,-0.4086298048200683f,0.8784907563942015f,-0.9088444098422814f,-0.3366831290678848f,-0.24626471387410215f,0.22654657719799554f,0f,0f,0f,1f],start_interpolation:0}
execute if entity @s[tag=aj.dino.bone.neck_1] run data modify entity @s {} merge value {transformation:[-0.3359626155962238f,0.0003886246551207369f,0.941875241150664f,-0.2503242076545633f,-0.4968286492818933f,0.8494888137959126f,-0.17756702534069602f,0.867361987559693f,-0.8001814882728002f,-0.5276064861300431f,-0.285203403940127f,0.19995548845879973f,0f,0f,0f,1f],start_interpolation:0}
execute if entity @s[tag=aj.dino.bone.neck_2] run data modify entity @s {} merge value {transformation:[-0.6438615731934683f,0.0639315553019067f,0.762466412900602f,-0.182900501502746f,-0.32241724215040857f,0.8810424006806014f,-0.3461378485041587f,0.8456636717510284f,-0.6938943698639995f,-0.4686971777594169f,-0.5466567104055348f,0.147475422395946f,0f,0f,0f,1f],start_interpolation:0}
execute if entity @s[tag=aj.dino.bone.body_0] run data modify entity @s {} merge value {transformation:[-0.7780457120124764f,0.29007657128856f,0.5572256749365303f,0.08248121143579736f,-0.22979295332878868f,0.694120305749204f,-0.6821965990439008f,0.5307593364215277f,-0.5846709062536223f,-0.6588266721498945f,-0.47339977550107004f,-0.08191226413411809f,0f,0f,0f,1f],start_interpolation:0}
execute if entity @s[tag=aj.dino.bone.leg_left_3] run data modify entity @s {} merge value {transformation:[-0.9776561151048173f,0.043116689348883463f,0.20574127368553907f,0.37828924507359124f,0.04199253730715996f,0.9990695720903018f,-0.009829391324359726f,0.011975711561193536f,-0.20597365707454696f,-0.000970166425155683f,-0.9785570557552807f,-0.15413317847618033f,0f,0f,0f,1f],start_interpolation:0}
execute if entity @s[tag=aj.dino.bone.leg_left_2] run data modify entity @s {} merge value {transformation:[-0.7753555644726391f,-0.018693901097947132f,0.6712201473464198f,0.39347256312092005f,-0.280775593067092f,0.9403916579687028f,-0.29814559440211524f,0.221530018188219f,-0.6099598466127362f,-0.40911644697482874f,-0.7159852776667639f,-0.272571058789684f,0f,0f,0f,1f],start_interpolation:0}
execute if entity @s[tag=aj.dino.bone.leg_left_1] run data modify entity @s {} merge value {transformation:[-0.6647379129689845f,-0.6844884170427663f,0.29933111097232556f,0.2048817218371f,0.08155611948579397f,0.3317873226415108f,0.9398222022855158f,0.26019737902798545f,-0.7426116794368762f,0.6491477331614628f,-0.16472739327530295f,-0.07269180661649347f,0f,0f,0f,1f],start_interpolation:0}
execute if entity @s[tag=aj.dino.bone.leg_left_0] run data modify entity @s {} merge value {transformation:[-0.6937486485075651f,0.46257147207322147f,0.5520330116197218f,0.26089732029559864f,0.03016083618602739f,0.7844682932266337f,-0.6194350820567495f,0.6221379833950269f,-0.7195853921908689f,-0.4130824737823007f,-0.5581753606165434f,-0.27311268927149557f,0f,0f,0f,1f],start_interpolation:0}
execute if entity @s[tag=aj.dino.bone.leg_right_3] run data modify entity @s {} merge value {transformation:[-0.3669313149507366f,0.014260924443865675f,0.9301387187632444f,-0.18070378001152887f,0.042580316699424914f,0.9990919516798451f,0.0014794317604452933f,0.06860590402597047f,-0.9292730097976053f,0.040148451060576296f,-0.3672053582658299f,-0.302975343636452f,0f,0f,0f,1f],start_interpolation:0}
execute if entity @s[tag=aj.dino.bone.leg_right_2] run data modify entity @s {} merge value {transformation:[-0.798562219959526f,0.37501572592492166f,0.5231861864222065f,-0.07588049012834586f,0.2755771774467052f,0.9525687817286963f,-0.2621681423192146f,0.2821186096473193f,-0.581736881781201f,-0.06354621063135825f,-0.8423813144832775f,-0.3429187348586933f,0f,0f,0f,1f],start_interpolation:0}
execute if entity @s[tag=aj.dino.bone.leg_right_1] run data modify entity @s {} merge value {transformation:[-0.8470236533614033f,-0.47497959763848996f,-0.23863216982100216f,-0.209130453724104f,-0.34818602306361596f,0.15656221525384267f,0.9242590362544217f,0.2686980953854367f,-0.4016434040158564f,0.8659576517255263f,-0.2979931566807666f,-0.0998596419235772f,0f,0f,0f,1f],start_interpolation:0}
execute if entity @s[tag=aj.dino.bone.leg_right_0] run data modify entity @s {} merge value {transformation:[-0.8569240522167492f,0.06660380961362032f,0.5111214153969476f,-0.1249487314191068f,-0.23936535723779973f,0.82678593129121f,-0.5090473942309761f,0.6625931185059215f,-0.45649249116151625f,-0.5585597160231652f,-0.6925501058762997f,-0.20971148285093777f,0f,0f,0f,1f],start_interpolation:0}
execute if entity @s[tag=aj.dino.bone.tail_4] run data modify entity @s {} merge value {transformation:[1.1143297441381375f,-2.245871962661472f,1.1575792328217296f,-0.8856466065877613f,2.226734461607862f,1.4707867580136547f,0.7100009024921237f,0.8392153185336511f,-1.1939783039975973f,0.6469209931535638f,2.404489627717331f,-0.4354197217301865f,0f,0f,0f,1f],start_interpolation:0}
execute if entity @s[tag=aj.dino.bone.tail_3] run data modify entity @s {} merge value {transformation:[0.842518322463325f,-1.8664193065127552f,-0.37760743455932777f,-0.8033539616671267f,1.8254663797698878f,0.6740976045924512f,0.7410873375365317f,0.7069577180527814f,-0.5420155889712496f,-0.6308858199417796f,1.908965088615552f,-0.7529359435862906f,0f,0f,0f,1f],start_interpolation:0}
execute if entity @s[tag=aj.dino.bone.tail_2] run data modify entity @s {} merge value {transformation:[0.6873574552258765f,-1.0819707076961973f,-1.475009488591709f,-0.5289021143802726f,1.8262790743268809f,0.315464298663157f,0.6196457810293646f,0.5931924193174584f,-0.10496831152274608f,-1.5964321278899176f,1.1221229832864625f,-0.961993649241061f,0f,0f,0f,1f],start_interpolation:0}
execute if entity @s[tag=aj.dino.bone.tail_1] run data modify entity @s {} merge value {transformation:[-0.18949589199251438f,0.2534822994714396f,-1.4790180123219034f,-0.21355145976785933f,1.0739928103528742f,1.064045263307767f,0.04475903196720004f,0.5695278583394214f,1.0479918893905131f,-1.0446102868950589f,-0.31330272626443356f,-0.8828063384642237f,0f,0f,0f,1f],start_interpolation:0}
execute if entity @s[tag=aj.dino.bone.tail_0] run data modify entity @s {} merge value {transformation:[-1.0201448980534449f,0.012497305161044137f,-0.770054492177837f,0.01177794281361165f,0.19393254119150644f,1.2410332158453834f,-0.23677508994718754f,0.668667384992082f,0.745339032270925f,-0.3058040076849972f,-0.9923655336826562f,-0.6001936602487108f,0f,0f,0f,1f],start_interpolation:0}
execute if entity @s[tag=aj.dino.bone.body_1] run data modify entity @s {} merge value {transformation:[-1.2135294247588282f,0.14322873915079f,-0.18824573987751472f,0.04589496842859965f,0.12723597046410706f,1.2247273522302848f,0.11161772070465754f,0.5602237499999999f,0.1994039571342927f,0.09018334678043961f,-1.216844123500999f,-0.32336893519706084f,0f,0f,0f,1f],start_interpolation:0}