execute if entity @s[tag=aj.dino.bone.head_lower] run data modify entity @s {} merge value {transformation:[-0.9718911375342304f,0.23525623130157514f,-0.009062141921151873f,-0.012929826269116644f,0.23267534619185576f,0.9656765336119387f,0.11546001777987913f,0.3715175004166254f,0.03591378644642462f,0.11010603101106547f,-0.9932707898041052f,0.7896341225716634f,0f,0f,0f,1f],start_interpolation:0}
execute if entity @s[tag=aj.dino.bone.head_upper] run data modify entity @s {} merge value {transformation:[-1.01164108010474f,0.18115258261587142f,0.1650394178359277f,0.002201247430455081f,0.24219167090304178f,0.6321355717449962f,0.7907083887649898f,0.44029647398850474f,0.03738264534800571f,0.8068830790949415f,-0.6565166997727924f,0.762505541796147f,0f,0f,0f,1f],start_interpolation:0}
execute if entity @s[tag=aj.dino.bone.neck_0] run data modify entity @s {} merge value {transformation:[-0.9998450097722008f,0.01615370355138433f,-0.007001021011360388f,0.001809418306895637f,0.01379312382411102f,0.9658579670810113f,0.25870472968484504f,0.44134266418874624f,0.010941031432193993f,0.25856806703015345f,-0.9659310785679742f,0.6958460472713628f,0f,0f,0f,1f],start_interpolation:0}
execute if entity @s[tag=aj.dino.bone.neck_1] run data modify entity @s {} merge value {transformation:[-0.9995659242596409f,0.007392335132665815f,0.02851870334107054f,0.004259382351779962f,0.01686488887662077f,0.9372865313000103f,0.34815159595609235f,0.4751536357448069f,-0.02415654325744613f,0.348481436557073f,-0.9370043488655588f,0.61807489115841f,0f,0f,0f,1f],start_interpolation:0}
execute if entity @s[tag=aj.dino.bone.neck_2] run data modify entity @s {} merge value {transformation:[-0.9988901495323861f,0.04607635805600915f,0.009769257671982147f,0.005566358936370255f,0.046226476610894005f,0.9192578168881842f,0.39093244806502325f,0.5184023587521344f,0.009032276972591756f,0.3909501698660125f,-0.9203675258582444f,0.5412714396436282f,0f,0f,0f,1f],start_interpolation:0}
execute if entity @s[tag=aj.dino.bone.body_0] run data modify entity @s {} merge value {transformation:[-0.9988792370196705f,0.04725410665923108f,0.0027054121384366137f,0.00729156396548241f,0.047200745323079524f,0.9902459317472307f,0.13109189257541728f,0.5896188064356384f,0.0035156069101327965f,0.13107266710453772f,-0.9913665298193985f,0.07529274275923714f,0f,0f,0f,1f],start_interpolation:0}
execute if entity @s[tag=aj.dino.bone.leg_left_3] run data modify entity @s {} merge value {transformation:[-0.9862047719041861f,0.020385149488868978f,-0.16426988023897826f,0.19579612748207592f,0.0193233669464566f,0.9997808043377475f,0.008059203907310963f,0.030937287297279542f,0.16439816107020278f,0.004773778177030674f,-0.9863825098199239f,-0.12888425916209173f,0f,0f,0f,1f],start_interpolation:0}
execute if entity @s[tag=aj.dino.bone.leg_left_2] run data modify entity @s {} merge value {transformation:[-1.0136903394619494f,-0.050339500880955956f,-0.1481891690821831f,0.17790973665217757f,-0.0023576522589441574f,0.9759965771515768f,-0.31541610986905294f,0.24868924415257548f,0.1564881358379525f,-0.31138210536277905f,-0.9646838069038477f,-0.23103725410000378f,0f,0f,0f,1f],start_interpolation:0}
execute if entity @s[tag=aj.dino.bone.leg_left_1] run data modify entity @s {} merge value {transformation:[-0.9420599328140691f,0.09820580762167787f,0.32074710027640974f,0.20633967460391478f,0.3311341010656128f,0.42505193438732003f,0.8424257000976797f,0.3128887292343203f,-0.05360307918226169f,0.8998258011542963f,-0.43294368857763565f,0.03744654504449732f,0f,0f,0f,1f],start_interpolation:0}
execute if entity @s[tag=aj.dino.bone.leg_left_0] run data modify entity @s {} merge value {transformation:[-0.9619653005968005f,0.2522739737986286f,-0.10478837049766408f,0.2020679473520244f,0.2719011779603176f,0.8472895759517565f,-0.45625664258976484f,0.7143197753805934f,-0.02631558229449929f,-0.46739513971300717f,-0.8836567622675446f,-0.07719265462405947f,0f,0f,0f,1f],start_interpolation:0}
execute if entity @s[tag=aj.dino.bone.leg_right_3] run data modify entity @s {} merge value {transformation:[-0.9819264562130359f,-0.00846096765235517f,0.18907365394283365f,-0.18731034569051103f,-0.005509837726342053f,0.9998547452881678f,0.016128546523583143f,0.033582241449714084f,-0.1891826532141307f,0.014795281380217351f,-0.9818304453273707f,-0.13522115001841495f,0f,0f,0f,1f],start_interpolation:0}
execute if entity @s[tag=aj.dino.bone.leg_right_2] run data modify entity @s {} merge value {transformation:[-1.0132397750824873f,0.05749352716560053f,0.14866691637867077f,-0.16774229618527609f,0.007797736754034837f,0.9733883416094403f,-0.32329016567324365f,0.2504744391648792f,-0.1592060080304733f,-0.31823235261924104f,-0.9619999044979782f,-0.23888376659190325f,0f,0f,0f,1f],start_interpolation:0}
execute if entity @s[tag=aj.dino.bone.leg_right_1] run data modify entity @s {} merge value {transformation:[-0.9442796561665289f,-0.08586187846453104f,-0.3177478068792355f,-0.19302205278512988f,-0.3238158105675751f,0.415343542299872f,0.8500782685707589f,0.3117763422982368f,0.05898518268587579f,0.9056033788013034f,-0.42000389108575814f,0.03059052947034878f,0f,0f,0f,1f],start_interpolation:0}
execute if entity @s[tag=aj.dino.bone.leg_right_0] run data modify entity @s {} merge value {transformation:[-0.9612324110423778f,-0.26100987159438555f,0.08891624650163465f,-0.19097345002147673f,-0.2735720319260293f,0.8623806878742856f,-0.4259787465699878f,0.7168621190627192f,0.034505004122890544f,-0.43378957584496725f,-0.9003532687666118f,-0.07044706380208499f,0f,0f,0f,1f],start_interpolation:0}
execute if entity @s[tag=aj.dino.bone.tail_4] run data modify entity @s {} merge value {transformation:[-2.7215987252035077f,-0.021261912543383818f,0.4670220997400905f,-0.004046721183016674f,0.07820770763123722f,2.699022752756721f,0.5786372492059232f,0.6908516470618746f,-0.46091785063903995f,0.5835113047546965f,-2.659460588876203f,-1.8430495295580207f,0f,0f,0f,1f],start_interpolation:0}
execute if entity @s[tag=aj.dino.bone.tail_3] run data modify entity @s {} merge value {transformation:[-2.0793591699103717f,-0.000040982699413694714f,0.11050324372847346f,-0.02278358672052002f,0.00016558057384400934f,2.0822896969182056f,0.0038880246663010095f,0.6698155423422061f,-0.11050312727325692f,0.0038913330814193156f,-2.0793555353604454f,-1.4905057512796085f,0f,0f,0f,1f],start_interpolation:0}
execute if entity @s[tag=aj.dino.bone.tail_2] run data modify entity @s {} merge value {transformation:[-1.9540552243997351f,0.019451454842583163f,-0.007980971330985945f,-0.022740229413900144f,0.020469206770966242f,1.9294505351869902f,-0.30915290528083567f,0.7277606463834515f,0.004802767228015662f,-0.3092186090356156f,-1.9295426038975687f,-1.1318780236748767f,0f,0f,0f,1f],start_interpolation:0}
execute if entity @s[tag=aj.dino.bone.tail_1] run data modify entity @s {} merge value {transformation:[-1.5123332385729797f,0.0028696128497147583f,-0.022275341287104608f,-0.01653706186724345f,0.005221716823450267f,1.5039217409662493f,-0.16077431611567122f,0.7439686071218355f,0.021843973557481067f,-0.1608334926908536f,-1.5037658323183438f,-0.8063392399333397f,0f,0f,0f,1f],start_interpolation:0}
execute if entity @s[tag=aj.dino.bone.tail_0] run data modify entity @s {} merge value {transformation:[-1.2769778660697586f,-0.004002944315654213f,-0.05610011219916873f,-0.00023990337168330357f,-0.0040916480358419265f,1.278207825382275f,0.0019313549373049985f,0.774249652074166f,0.056093712377630514f,0.002109064330178906f,-1.2769826795471324f,-0.43312432565157255f,0f,0f,0f,1f],start_interpolation:0}
execute if entity @s[tag=aj.dino.bone.body_1] run data modify entity @s {} merge value {transformation:[-1.2361595997715185f,0.011664136713131901f,-0.01944188426327572f,0.0034944000000000286f,0.00799595810919552f,1.2163644833262799f,0.22135515221597757f,0.6408569f,0.021215645238484498f,0.22119219397026643f,-1.2162353821444207f,-0.1652655f,0f,0f,0f,1f],start_interpolation:0}