execute if entity @s[tag=aj.dino.bone.head_lower] run data modify entity @s {} merge value {transformation:[-0.1647789442652145f,-0.06800968406294372f,0.9839830193659338f,-0.17394021452320402f,-0.3132998245974449f,0.9495630043481279f,0.013165131240048866f,0.46535005129615226f,-0.9352492285129412f,-0.30611237094736315f,-0.17777541145763792f,0.5139352407270239f,0f,0f,0f,1f],start_interpolation:0}
execute if entity @s[tag=aj.dino.bone.head_upper] run data modify entity @s {} merge value {transformation:[-0.17151833442776834f,-0.5747948986366208f,0.850684564359756f,-0.1282563735133874f,-0.3261136568818868f,0.8483093737138813f,0.5074377122837767f,0.5192787980691855f,-0.9735005322719421f,-0.182904274291189f,-0.31986666393321833f,0.48747520607329153f,0f,0f,0f,1f],start_interpolation:0}
execute if entity @s[tag=aj.dino.bone.neck_0] run data modify entity @s {} merge value {transformation:[-0.4442664811102178f,0.10882375096336667f,0.8892607519666026f,-0.07237796584327662f,-0.1658550723947002f,0.9654472382590372f,-0.2010067787387952f,0.4906638958979765f,-0.8804086487097301f,-0.23678898066477125f,-0.41086687614462863f,0.46503579466652933f,0f,0f,0f,1f],start_interpolation:0}
execute if entity @s[tag=aj.dino.bone.neck_1] run data modify entity @s {} merge value {transformation:[-0.5881145078730426f,-0.19270669669532992f,0.785484216695678f,-0.006724918872146893f,-0.296933454307022f,0.9548236605117987f,0.011928999964343295f,0.4960731920141012f,-0.7522977132376173f,-0.22622092382364584f,-0.6187667123252736f,0.41157596130103935f,0f,0f,0f,1f],start_interpolation:0}
execute if entity @s[tag=aj.dino.bone.neck_2] run data modify entity @s {} merge value {transformation:[-0.8543791830575139f,-0.28240811365579344f,0.43621310032981764f,0.028725668377236363f,-0.25399956709490445f,0.9592800714341815f,0.12355551167322697f,0.5162895329523988f,-0.4533436130283255f,-0.005234681519275086f,-0.8913204623679496f,0.3334383530903895f,0f,0f,0f,1f],start_interpolation:0}
execute if entity @s[tag=aj.dino.bone.body_0] run data modify entity @s {} merge value {transformation:[-0.9306024267499584f,-0.2800158565803347f,0.2357334159398487f,0.13715844225562887f,-0.31387392260729297f,0.9418058611096678f,-0.12035314988228704f,0.4685394228215849f,-0.18831432243512253f,-0.18599150529811476f,-0.9643364951731019f,-0.1228216224001826f,0f,0f,0f,1f],start_interpolation:0}
execute if entity @s[tag=aj.dino.bone.leg_left_3] run data modify entity @s {} merge value {transformation:[-0.9707742901586656f,0.08244718606012215f,-0.2253879745632108f,0.4072952998681556f,0.07474969071224843f,0.9962966761359653f,0.04249019720887831f,0.015954327879920627f,0.2280564870933557f,0.02440070964529073f,-0.9733421002214191f,-0.2619977315504925f,0f,0f,0f,1f],start_interpolation:0}
execute if entity @s[tag=aj.dino.bone.leg_left_2] run data modify entity @s {} merge value {transformation:[-0.9538832012102434f,-0.25060043953345096f,0.2817240807159263f,0.356107403556827f,-0.33039520949661444f,0.9248024277037531f,-0.2960433663428817f,0.22186279703445816f,-0.1816811588780763f,-0.36606295759005525f,-0.9407720590503491f,-0.3766824021375901f,0f,0f,0f,1f],start_interpolation:0}
execute if entity @s[tag=aj.dino.bone.leg_left_1] run data modify entity @s {} merge value {transformation:[-0.9343991225625204f,-0.32563327397658537f,0.14443424328628512f,0.27859191094699254f,0.031037067528224178f,0.32949341142120125f,0.9436475996203597f,0.26071020764513453f,-0.3548731888909618f,0.8862263044557572f,-0.2977716526082538f,-0.11306219662582401f,0f,0f,0f,1f],start_interpolation:0}
execute if entity @s[tag=aj.dino.bone.leg_left_0] run data modify entity @s {} merge value {transformation:[-0.9478638003047112f,0.20658378873232341f,0.2426465625244032f,0.22973701785062883f,-0.012569623170654048f,0.7365927107472838f,-0.6762197742208638f,0.6035074203526023f,-0.3184277322176228f,-0.644014220888768f,-0.6955928857081382f,-0.3463228854376918f,0f,0f,0f,1f],start_interpolation:0}
execute if entity @s[tag=aj.dino.bone.leg_right_3] run data modify entity @s {} merge value {transformation:[-0.5291560541122534f,0.030383334167984957f,0.8479803791369152f,-0.16906405533707763f,0.021093143946496723f,0.999520901410677f,-0.022650539102621103f,0.016473524765875186f,-0.8482623118321373f,0.005900902305881556f,-0.5295434162343762f,-0.2784889701966752f,0f,0f,0f,1f],start_interpolation:0}
execute if entity @s[tag=aj.dino.bone.leg_right_2] run data modify entity @s {} merge value {transformation:[-0.9636159310299793f,0.2805733418871195f,0.21162499093494108f,-0.09562772377018651f,0.24300313713724644f,0.9781516994525068f,-0.19034423474411546f,0.23821978647560668f,-0.25388188652871035f,-0.12868586628359727f,-0.9854167316481677f,-0.33854538275830326f,0f,0f,0f,1f],start_interpolation:0}
execute if entity @s[tag=aj.dino.bone.leg_right_1] run data modify entity @s {} merge value {transformation:[-0.9560293568643936f,-0.17274675083546778f,-0.23699457565362708f,-0.1490282362335123f,-0.25135753534124405f,0.06633298174356589f,0.9656186229356718f,0.20002165160420154f,-0.15108692279819969f,0.9827301234870114f,-0.10683747540340999f,-0.06891104996523f,0f,0f,0f,1f],start_interpolation:0}
execute if entity @s[tag=aj.dino.bone.leg_right_0] run data modify entity @s {} merge value {transformation:[-0.964530370870152f,-0.11390357796874623f,0.23813260716458945f,-0.10098459365790967f,-0.1983765727477258f,0.9079198134870863f,-0.369226688719059f,0.6096241978833056f,-0.1741490713554142f,-0.403370285474144f,-0.8983120358442018f,-0.13390982729369438f,0f,0f,0f,1f],start_interpolation:0}
execute if entity @s[tag=aj.dino.bone.tail_4] run data modify entity @s {} merge value {transformation:[-0.025726496287442394f,-2.3170668590937105f,1.5020654611162538f,-0.6301971933766396f,2.7610954903043012f,-0.04158143811252947f,-0.01685256733391587f,0.4920181789687083f,0.03675829715890701f,1.501710187118042f,2.317148392549747f,0.2641147514488706f,0f,0f,0f,1f],start_interpolation:0}
execute if entity @s[tag=aj.dino.bone.tail_3] run data modify entity @s {} merge value {transformation:[0.14393508858322282f,-1.9055401144820328f,0.8271306356427552f,-0.7518007772997138f,2.0565062483974907f,0.0136563639230614f,-0.3264063113221363f,0.5472309890663916f,0.29327506989354263f,0.8394497613726797f,1.882885911985836f,-0.06336779375460538f,0f,0f,0f,1f],start_interpolation:0}
execute if entity @s[tag=aj.dino.bone.tail_2] run data modify entity @s {} merge value {transformation:[0.28405804374085014f,-1.9330701872369283f,0.03639442271402156f,-0.7588163553274392f,1.9019334105879764f,0.2727726353183509f,-0.3563962206778401f,0.6149555502572662f,0.3474682783767278f,0.08722737895894586f,1.9210494670582128f,-0.42020900416279383f,0f,0f,0f,1f],start_interpolation:0}
execute if entity @s[tag=aj.dino.bone.tail_1] run data modify entity @s {} merge value {transformation:[0.6389419741342965f,-0.6356601612755286f,-1.2146380378765267f,-0.49027993973358774f,0.8595061727931518f,1.229739329571044f,-0.1914329392675886f,0.6402963420073916f,1.0680161715160674f,-0.6093714718243125f,0.880717955254027f,-0.6033010978542235f,0f,0f,0f,1f],start_interpolation:0}
execute if entity @s[tag=aj.dino.bone.tail_0] run data modify entity @s {} merge value {transformation:[-0.23090484974258496f,-0.07380313526432326f,-1.255018631006942f,-0.12531532752917837f,0.040738609877340556f,1.2749020195860974f,-0.08246770704087525f,0.6951609795038145f,1.2565265745755814f,-0.05489676005443104f,-0.22795400787200498f,-0.5380123952200582f,0f,0f,0f,1f],start_interpolation:0}
execute if entity @s[tag=aj.dino.bone.body_1] run data modify entity @s {} merge value {transformation:[-1.0401568324613064f,0.1899864146697389f,-0.6407679152245764f,0.010857303766243788f,0.019237956395367142f,1.1933815978276288f,0.3226063515437284f,0.5397768023255815f,0.6680630658658222f,0.26143855733912646f,-1.0069489638599587f,-0.32152060836486196f,0f,0f,0f,1f],start_interpolation:0}