execute if entity @s[tag=aj.dino.bone.head_lower] run data modify entity @s {} merge value {transformation:[-0.896412638903309f,0.4043367046034756f,-0.18153845357060788f,0.40844760179231054f,0.43425683442130925f,0.8831893690339838f,-0.17719351055762939f,1.161222491638641f,0.08868699212843739f,-0.23767281656881806f,-0.9672880903285513f,0.3215068358179374f,0f,0f,0f,1f],start_interpolation:0}
execute if entity @s[tag=aj.dino.bone.head_upper] run data modify entity @s {} merge value {transformation:[-0.9330755423291882f,0.2730876806176424f,-0.3718401452041929f,0.3886563801520758f,0.4520177580087932f,0.7090206914913432f,-0.6135483257782947f,1.134987277917053f,0.09231425315357711f,-0.7114665981727611f,-0.7541653008012789f,0.25356952943354677f,0f,0f,0f,1f],start_interpolation:0}
execute if entity @s[tag=aj.dino.bone.neck_0] run data modify entity @s {} merge value {transformation:[-0.8454315626528454f,0.11531058063847213f,-0.5214872413234926f,0.3533375104821024f,0.5220211475851073f,0.384756630114503f,-0.761220242148656f,1.0793513501630134f,0.1128689255034158f,-0.9157869870093972f,-0.38547996067234747f,0.24347214152975638f,0f,0f,0f,1f],start_interpolation:0}
execute if entity @s[tag=aj.dino.bone.neck_1] run data modify entity @s {} merge value {transformation:[-0.8425986401206352f,0.01274948233342375f,-0.5383911053937332f,0.3077874527434197f,0.3946381667233935f,0.6948817638078246f,-0.6011655776011509f,1.0316259688676321f,0.36645361102335355f,-0.7190109769868303f,-0.5905378615638363f,0.19013344015126024f,0f,0f,0f,1f],start_interpolation:0}
execute if entity @s[tag=aj.dino.bone.neck_2] run data modify entity @s {} merge value {transformation:[-0.8584968579406529f,-0.3045659602211395f,-0.4125805627760496f,0.26866040998572677f,0.019393232140545134f,0.7846776842517634f,-0.6196005442092771f,0.9850267991431954f,0.5124519952670391f,-0.5399263910125758f,-0.6677368080576103f,0.12634847091734558f,0f,0f,0f,1f],start_interpolation:0}
execute if entity @s[tag=aj.dino.bone.body_0] run data modify entity @s {} merge value {transformation:[-0.9322492128906958f,-0.03234825973993871f,-0.3603678608817325f,0.09851223092229693f,0.3008086438090658f,0.4841792023323468f,-0.8216353569793371f,0.602405548657641f,0.20106109736701622f,-0.8743706823313611f,-0.44164504413042105f,-0.09012665592496547f,0f,0f,0f,1f],start_interpolation:0}
execute if entity @s[tag=aj.dino.bone.leg_left_3] run data modify entity @s {} merge value {transformation:[-0.9555965579622893f,-0.039669435167920944f,-0.2919958121687425f,0.4350699204678447f,-0.04900449391622125f,0.9984925405237434f,0.024722582681747443f,0.03356943013354022f,0.2905749094237844f,0.03793392191560113f,-0.9561000154698571f,-0.28850020774952145f,0f,0f,0f,1f],start_interpolation:0}
execute if entity @s[tag=aj.dino.bone.leg_left_2] run data modify entity @s {} merge value {transformation:[-0.9872749778591147f,-0.2576313068479204f,-0.10476844623173477f,0.3702469856827255f,-0.25316761562030865f,0.9924542325585718f,-0.054799216950595614f,0.262822770766683f,0.11513677082108413f,-0.026886902184958112f,-1.0188634933083451f,-0.326076330492615f,0f,0f,0f,1f],start_interpolation:0}
execute if entity @s[tag=aj.dino.bone.leg_left_1] run data modify entity @s {} merge value {transformation:[-0.9909914961668984f,0.06657486270029564f,0.11620517278214905f,0.4019064238348181f,0.13391621376332224f,0.502426990052978f,0.8541859091307941f,0.3513466406027697f,-0.0015173055686115919f,0.862052728852906f,-0.5068163281318687f,-0.0649736876394584f,0f,0f,0f,1f],start_interpolation:0}
execute if entity @s[tag=aj.dino.bone.leg_left_0] run data modify entity @s {} merge value {transformation:[-0.9947077142083175f,-0.08585214039905666f,-0.05644442650399506f,0.25713275125278284f,-0.00840195503185618f,0.6154915623229991f,-0.7880986891632524f,0.6561878477886997f,0.10240102756372563f,-0.7834536021348648f,-0.6129555308958381f,-0.3107778794120719f,0f,0f,0f,1f],start_interpolation:0}
execute if entity @s[tag=aj.dino.bone.leg_right_3] run data modify entity @s {} merge value {transformation:[-0.9177891708636537f,0.012685042954875242f,0.3968653770872944f,-0.2423363999068494f,0.04699597616481653f,0.9959344982013852f,0.07684955118067582f,0.01388919088196755f,-0.39427708032514835f,0.08918276166159175f,-0.9146540433151156f,-0.24282766353873303f,0f,0f,0f,1f],start_interpolation:0}
execute if entity @s[tag=aj.dino.bone.leg_right_2] run data modify entity @s {} merge value {transformation:[-1.0118648214580845f,0.16788470335462014f,0.00255126945354022f,-0.2015540885471997f,0.1638242538990259f,0.9905787616771886f,-0.20970820262738862f,0.2380565858117314f,-0.03678853667544949f,-0.20647189347297037f,-1.004030955835357f,-0.32192794290981697f,0f,0f,0f,1f],start_interpolation:0}
execute if entity @s[tag=aj.dino.bone.leg_right_1] run data modify entity @s {} merge value {transformation:[-0.9687090746486773f,0.09402877367867131f,-0.22969832044181124f,-0.18311951825515024f,-0.16361908584584783f,0.4539664991913861f,0.8758671202636199f,0.31167381327530114f,0.18663205362496776f,0.8860434567967889f,-0.4243765653606769f,-0.05499338894856934f,0f,0f,0f,1f],start_interpolation:0}
execute if entity @s[tag=aj.dino.bone.leg_right_0] run data modify entity @s {} merge value {transformation:[-0.9847486099035453f,-0.16025850069201797f,-0.06773026095462772f,-0.12602628738785537f,-0.09159372277492873f,0.808504177916629f,-0.5813188318294751f,0.6870919334265017f,0.14792148336622707f,-0.5662492448094766f,-0.8108520379893195f,-0.22851248477299324f,0f,0f,0f,1f],start_interpolation:0}
execute if entity @s[tag=aj.dino.bone.tail_4] run data modify entity @s {} merge value {transformation:[-2.6699244198840177f,0.504744020391127f,-0.4923397176608803f,0.3130375350597743f,-0.38558195692742725f,0.5691870482086169f,2.6745119162650175f,0.675212689211564f,0.5903316679621802f,2.654603719885694f,-0.4798426239612596f,-1.7264255413233587f,0f,0f,0f,1f],start_interpolation:0}
execute if entity @s[tag=aj.dino.bone.tail_3] run data modify entity @s {} merge value {transformation:[-2.0251380690869003f,0.41741362103655444f,0.2460227553552259f,0.2672364473295878f,0.4501848814106879f,1.2300709857572192f,1.6187045649506124f,0.38870300253085427f,0.17915049463696703f,1.6274632914495673f,-1.2865511498964646f,-1.5242000156456663f,0f,0f,0f,1f],start_interpolation:0}
execute if entity @s[tag=aj.dino.bone.tail_2] run data modify entity @s {} merge value {transformation:[-1.8149181338224598f,0.5554109425290411f,0.4651502202989674f,0.17955616682845768f,0.6463535450372538f,1.8081075842161696f,0.36297098192626503f,0.3221356770870951f,-0.32722031926967765f,0.49095776174916017f,-1.862971071658946f,-1.1780028990146227f,0f,0f,0f,1f],start_interpolation:0}
execute if entity @s[tag=aj.dino.bone.tail_1] run data modify entity @s {} merge value {transformation:[-1.1673250310873784f,-0.15543784139811895f,0.9491299169546523f,-0.021670705265526093f,-0.5646173382402215f,1.3190927777016321f,-0.4783907975430964f,0.4094949123318026f,-0.7785986020764355f,-0.7235257917150473f,-1.0760812681055905f,-0.9368540093975244f,0f,0f,0f,1f],start_interpolation:0}
execute if entity @s[tag=aj.dino.bone.tail_0] run data modify entity @s {} merge value {transformation:[-1.2744379334946707f,-0.09288571331268078f,-0.031873413941019425f,-0.014598050628507872f,-0.06798656081347505f,1.1339114165503537f,-0.5860532770572603f,0.6081166034006525f,0.07086252749243953f,-0.582625832128299f,-1.1355004881188817f,-0.6190941744685059f,0f,0f,0f,1f],start_interpolation:0}
execute if entity @s[tag=aj.dino.bone.body_1] run data modify entity @s {} merge value {transformation:[-1.205078465067518f,0.05308937502629359f,-0.27124160142958f,0.04488587605777612f,0.09719684081274252f,1.2172444184411721f,-0.1935804612198381f,0.5711312992537619f,0.2587339603198389f,-0.21000509300819448f,-1.1906129487554225f,-0.32814800839963654f,0f,0f,0f,1f],start_interpolation:0}