execute if entity @s[tag=aj.dino.bone.head_lower] run data modify entity @s {} merge value {transformation:[0.02962681184817917f,0.003943966204335736f,0.9995532487818204f,-0.0600269153268577f,0.23357233648537173f,0.9722798968788987f,-0.010759449517616038f,0.2630753145281642f,-0.9718879645558316f,0.23378675594596224f,0.027884352167232132f,0.4548531370797652f,0f,0f,0f,1f],start_interpolation:0}
execute if entity @s[tag=aj.dino.bone.head_upper] run data modify entity @s {} merge value {transformation:[0.03083853610826476f,-0.4247136287248815f,0.949810118312892f,-0.004076767171737321f,0.2431253477258166f,0.9268615933610012f,0.4065582303053446f,0.31199027297833637f,-1.0116377773528467f,0.20980434435720444f,0.1266613086342612f,0.4679818938006003f,0f,0f,0f,1f],start_interpolation:0}
execute if entity @s[tag=aj.dino.bone.neck_0] run data modify entity @s {} merge value {transformation:[-0.47692106002043f,0.06675597330754006f,0.8764074067103451f,0.051663909513329026f,0.27642318733863813f,0.957909329958928f,0.07745926077097143f,0.3013609502682655f,-0.8343479633885f,0.2792012815253544f,-0.4753000319630354f,0.43298574093042097f,0f,0f,0f,1f],start_interpolation:0}
execute if entity @s[tag=aj.dino.bone.neck_1] run data modify entity @s {} merge value {transformation:[-0.7330407470130198f,-0.1697739500632878f,0.6586562601983694f,0.10667861224934817f,0.1447810881285307f,0.907212593426246f,0.3949730963611865f,0.33899977056828823f,-0.6645973967289615f,0.38489234366083835f,-0.640443739958753f,0.38050490124753017f,0f,0f,0f,1f],start_interpolation:0}
execute if entity @s[tag=aj.dino.bone.neck_2] run data modify entity @s {} merge value {transformation:[-0.937956742569692f,-0.09644651753324567f,0.3330693896529099f,0.13491371711764155f,0.07811342179163035f,0.8770800603624667f,0.4739502727613673f,0.38910853105521603f,-0.33783937367343f,0.4705620436991079f,-0.815129388886f,0.3137005498197915f,0f,0f,0f,1f],start_interpolation:0}
execute if entity @s[tag=aj.dino.bone.body_0] run data modify entity @s {} merge value {transformation:[-0.9945508438437309f,-0.1004230571790751f,0.027996939056460057f,0.14715191435797756f,-0.09244273462956584f,0.9736440763758505f,0.20849832937562002f,0.496648188703786f,-0.048197093521607615f,0.20477407581289467f,-0.9776219197885472f,-0.14509826585463892f,0f,0f,0f,1f],start_interpolation:0}
execute if entity @s[tag=aj.dino.bone.leg_left_3] run data modify entity @s {} merge value {transformation:[-0.8738869802123566f,0.12145205489824526f,-0.470713229234448f,0.3529113971026888f,0.06079190657915797f,0.98798994244448f,0.142057093180961f,0.019848860568909138f,0.48231306213889663f,0.09552628952046086f,-0.8707748492582079f,-0.4626905646894297f,0f,0f,0f,1f],start_interpolation:0}
execute if entity @s[tag=aj.dino.bone.leg_left_2] run data modify entity @s {} merge value {transformation:[-0.9717541990891437f,-0.2906504708136761f,-0.15257221198206294f,0.2789384712568667f,-0.2748841413256928f,0.9810864498163868f,-0.11819596581529182f,0.24445945350134812f,0.1794287738935639f,-0.07109065552631684f,-1.007379587492513f,-0.51011587281033f,0f,0f,0f,1f],start_interpolation:0}
execute if entity @s[tag=aj.dino.bone.leg_left_1] run data modify entity @s {} merge value {transformation:[-0.9942733110471151f,0.062056899280654484f,0.0870030125402409f,0.31098465239980344f,0.10004629118409966f,0.25432292532838385f,0.9619306572059754f,0.26054136548554974f,0.037567573247588526f,0.9651263082644077f,-0.2590750596568553f,-0.23492902712025682f,0f,0f,0f,1f],start_interpolation:0}
execute if entity @s[tag=aj.dino.bone.leg_left_0] run data modify entity @s {} merge value {transformation:[-0.9962973261341979f,0.004284918141866323f,-0.08586779031956884f,0.20381213104575943f,0.05100032341777225f,0.8335085121552231f,-0.5501477321375313f,0.6385194546842599f,0.06921419615317748f,-0.5524899995848828f,-0.8306408341813962f,-0.37618727755810566f,0f,0f,0f,1f],start_interpolation:0}
execute if entity @s[tag=aj.dino.bone.leg_right_3] run data modify entity @s {} merge value {transformation:[-0.8191801044081121f,-0.028179481808071265f,0.5728436726952153f,-0.2568011744597915f,-0.018892975262819245f,0.9995760377576792f,0.022154011518867978f,0.04501699633723688f,-0.5732250971718118f,0.007325404131391655f,-0.8193651972269015f,-0.19073294138592667f,0f,0f,0f,1f],start_interpolation:0}
execute if entity @s[tag=aj.dino.bone.leg_right_2] run data modify entity @s {} merge value {transformation:[-0.9800661994079836f,0.29081650314544877f,-0.08341586046393158f,-0.19006974012213995f,0.30212568677989865f,0.9259240065838203f,-0.3216317815767515f,0.25043996397930623f,-0.015890678602865492f,-0.3318925956250209f,-0.9703901229935935f,-0.2980613723927232f,0f,0f,0f,1f],start_interpolation:0}
execute if entity @s[tag=aj.dino.bone.leg_right_1] run data modify entity @s {} merge value {transformation:[-0.9888286469127477f,0.10988138673671258f,-0.10071736639488515f,-0.1745698702368217f,-0.0734481052583366f,0.22878326021380582f,0.9707026298923387f,0.25964803402660247f,0.12970459852551408f,0.9672560677994009f,-0.21815686197453454f,-0.02113475550783807f,0f,0f,0f,1f],start_interpolation:0}
execute if entity @s[tag=aj.dino.bone.leg_right_0] run data modify entity @s {} merge value {transformation:[-0.9937664669432416f,-0.0569814132718342f,-0.09581924504342365f,-0.07359152251859166f,-0.018726820529241767f,0.9326161356569972f,-0.36038375338668505f,0.6573384015953836f,0.10989774962214993f,-0.3563428995416549f,-0.9278697228459571f,-0.09829059391010714f,0f,0f,0f,1f],start_interpolation:0}
execute if entity @s[tag=aj.dino.bone.tail_4] run data modify entity @s {} merge value {transformation:[0.3846434672471818f,-2.3347887838099366f,1.423542085679026f,-0.44483172908807433f,2.635262733449873f,-0.06734464267132699f,-0.8225061436814798f,0.3327354012497764f,0.7301376996117749f,1.473053755196596f,2.21870973890386f,0.4105646014078879f,0f,0f,0f,1f],start_interpolation:0}
execute if entity @s[tag=aj.dino.bone.tail_3] run data modify entity @s {} merge value {transformation:[0.5818913885098322f,-1.8156246748705893f,0.8371708177090357f,-0.5690176500293855f,1.7463166876167613f,0.03700366330804474f,-1.1335582391290944f,0.5245828790546633f,0.9735121799822375f,1.0188637273685324f,1.5330154162706189f,0.14065145661010753f,0f,0f,0f,1f],start_interpolation:0}
execute if entity @s[tag=aj.dino.bone.tail_2] run data modify entity @s {} merge value {transformation:[0.6454398352454944f,-1.6836650732641036f,0.7532949058314611f,-0.7089768934359386f,1.6878637137569559f,0.21728083731943162f,-0.9605618129611027f,0.7044490070717703f,0.7438396183745681f,0.9679022852577247f,1.5259887494120097f,-0.14224617531059203f,0f,0f,0f,1f],start_interpolation:0}
execute if entity @s[tag=aj.dino.bone.tail_1] run data modify entity @s {} merge value {transformation:[1.0864123522388736f,-0.7473733083733133f,-0.7408087397121663f,-0.5414651790903967f,0.6841765491687992f,1.310666977453457f,-0.3189212658015978f,0.7564021124049671f,0.7995416815090213f,-0.10602576170039327f,1.2795108000269397f,-0.4170504281926817f,0f,0f,0f,1f],start_interpolation:0}
execute if entity @s[tag=aj.dino.bone.tail_0] run data modify entity @s {} merge value {transformation:[0.22781792202177048f,0.05997964069989247f,-1.2563188901275117f,-0.17289218425300726f,-0.05105642393671956f,1.2761502175239738f,0.05166798304884475f,0.7720993048933895f,1.2567131544487407f,0.04097293739840383f,0.22984556210740698f,-0.4832278935820453f,0f,0f,0f,1f],start_interpolation:0}
execute if entity @s[tag=aj.dino.bone.body_1] run data modify entity @s {} merge value {transformation:[-0.8724658309704671f,0.3527016324177737f,-0.8018787485244264f,-0.010223565641618491f,0.05918771416250954f,1.15287815006014f,0.44268880792536036f,0.5915258333333333f,0.874016466285092f,0.27400387708935287f,-0.8304346374391989f,-0.30861957850271304f,0f,0f,0f,1f],start_interpolation:0}