execute if entity @s[tag=aj.dino.bone.head_lower] run data modify entity @s {} merge value {transformation:[-0.9786178958445886f,-0.1832265695088527f,0.09346142604693863f,0.18882032325170894f,-0.20439986391160486f,0.9170508628848582f,-0.34240094993304915f,1.310666515466176f,-0.0229719299499894f,-0.35418319992364766f,-0.9348938716914439f,0.25604772706707857f,0f,0f,0f,1f],start_interpolation:0}
execute if entity @s[tag=aj.dino.bone.head_upper] run data modify entity @s {} merge value {transformation:[-1.0186429600271758f,-0.10656944574737696f,0.18569172249639312f,0.19891221674923132f,-0.21275973317897956f,0.6046920686690188f,-0.820093129229784f,1.2676436095482349f,-0.02391147231330649f,-0.8405131753312297f,-0.6135452600826857f,0.194870609254881f,0f,0f,0f,1f],start_interpolation:0}
execute if entity @s[tag=aj.dino.bone.neck_0] run data modify entity @s {} merge value {transformation:[-0.9978124766850736f,-0.02903481612775527f,0.059390578579661235f,0.20354623058008964f,-0.06475614846337968f,0.24853137677468334f,-0.9664568257271863f,1.2011374931792542f,0.013300473968554674f,-0.9681885840118688f,-0.24986789145727387f,0.19442490124741374f,0f,0f,0f,1f],start_interpolation:0}
execute if entity @s[tag=aj.dino.bone.neck_1] run data modify entity @s {} merge value {transformation:[-0.9561364474325397f,-0.2212039528922388f,-0.19202058513589199f,0.18626050778841924f,0.0625208615149136f,0.4863183656934418f,-0.871542075326655f,1.129546848330302f,0.2861716893169468f,-0.8453184361021044f,-0.45115685278999906f,0.1523117180120901f,0f,0f,0f,1f],start_interpolation:0}
execute if entity @s[tag=aj.dino.bone.neck_2] run data modify entity @s {} merge value {transformation:[-0.8751090422945559f,-0.46061114458741415f,-0.14839655513581632f,0.168750185596882f,-0.15114565799399649f,0.5514671432412388f,-0.8203895294278862f,1.0630737806302446f,0.4597163844848983f,-0.6955008004360735f,-0.5522132581067878f,0.09712430747823017f,0f,0f,0f,1f],start_interpolation:0}
execute if entity @s[tag=aj.dino.bone.body_0] run data modify entity @s {} merge value {transformation:[-0.9806556462708486f,-0.14198284312530848f,-0.13474188545199406f,0.1038942762061052f,0.062337649236217874f,0.4259899244821862f,-0.902577753840279f,0.6417503564299966f,0.18554924124018005f,-0.8935174628946626f,-0.40889854802564185f,-0.10409991556759995f,0f,0f,0f,1f],start_interpolation:0}
execute if entity @s[tag=aj.dino.bone.leg_left_3] run data modify entity @s {} merge value {transformation:[-0.955992800326237f,-0.032254299107094174f,-0.29161177259073384f,0.46084721501011217f,-0.030614591060782056f,0.9994793668565511f,-0.010185383753656907f,0.06362328849730378f,0.2917884722510141f,-0.0008095783706808506f,-0.9564825309666043f,-0.2794462950299825f,0f,0f,0f,1f],start_interpolation:0}
execute if entity @s[tag=aj.dino.bone.leg_left_2] run data modify entity @s {} merge value {transformation:[-0.9786779618796401f,-0.2902984588370242f,-0.09989219803696887f,0.38857364966137314f,-0.2899711044268084f,0.9836982435983191f,-0.01779673115416624f,0.2919220672337231f,0.1008385096543255f,0.011259211301204839f,-1.0206698901369942f,-0.3082086218700809f,0f,0f,0f,1f],start_interpolation:0}
execute if entity @s[tag=aj.dino.bone.leg_left_1] run data modify entity @s {} merge value {transformation:[-0.9941019552870934f,0.05002903873594165f,0.09622056837046576f,0.41685995971249445f,0.10744096222011026f,0.5750472153830734f,0.8110346106778615f,0.4029904371440448f,-0.014756087950220896f,0.8165891227314572f,-0.5770307292554484f,-0.05546945290547145f,0f,0f,0f,1f],start_interpolation:0}
execute if entity @s[tag=aj.dino.bone.leg_left_0] run data modify entity @s {} merge value {transformation:[-0.9923098565005525f,-0.12062216944691612f,-0.027774825467905467f,0.25637937139461275f,-0.03834765529845969f,0.5129371458909943f,-0.8575692051947243f,0.6697388266013606f,0.11768859768458316f,-0.8499092755130516f,-0.5136181630081981f,-0.33367541268981504f,0f,0f,0f,1f],start_interpolation:0}
execute if entity @s[tag=aj.dino.bone.leg_right_3] run data modify entity @s {} merge value {transformation:[-0.8764558065867105f,0.015810095095051345f,0.48122267194462454f,-0.239132658660545f,0.01594924449867273f,0.9998655776919768f,-0.0038010717713156394f,0.00922430150864817f,-0.48121808018855616f,0.00434366662792704f,-0.8765901504465272f,-0.24221550759391658f,0f,0f,0f,1f],start_interpolation:0}
execute if entity @s[tag=aj.dino.bone.leg_right_2] run data modify entity @s {} merge value {transformation:[-1.0084830789475028f,0.18674699593010802f,0.012232681159065142f,-0.19365962166422468f,0.1782208044324335f,0.9787861814054594f,-0.2495539129283881f,0.22938911768072176f,-0.05710887710956532f,-0.24323932679871768f,-0.994804204632492f,-0.32956954981443387f,0f,0f,0f,1f],start_interpolation:0}
execute if entity @s[tag=aj.dino.bone.leg_right_1] run data modify entity @s {} merge value {transformation:[-0.9713865106704633f,0.09946621619114432f,-0.21567271205249444f,-0.17454505664632414f,-0.13171456857722666f,0.5300316464670068f,0.8376859352812297f,0.3263312538969755f,0.1976348130061521f,0.8421240559324321f,-0.5017644418528808f,-0.07024303499234438f,0f,0f,0f,1f],start_interpolation:0}
execute if entity @s[tag=aj.dino.bone.leg_right_0] run data modify entity @s {} merge value {transformation:[-0.9800570660952613f,-0.18236298633357018f,-0.07894231065943333f,-0.1257635465049273f,-0.1022053976735752f,0.8032776274269631f,-0.5867700656660113f,0.7013749040986847f,0.1704177334761108f,-0.5669998187749368f,-0.8058963963351952f,-0.24707601629435094f,0f,0f,0f,1f],start_interpolation:0}
execute if entity @s[tag=aj.dino.bone.tail_4] run data modify entity @s {} merge value {transformation:[-1.1108494970535578f,1.8915040276032073f,-1.6774645272126323f,-0.4213395568709843f,-1.4207912406104257f,1.048478045267196f,2.1231362110795833f,0.502585486178064f,2.091178370464974f,1.7171393751683417f,0.5514224521598051f,-1.6752788743351597f,0f,0f,0f,1f],start_interpolation:0}
execute if entity @s[tag=aj.dino.bone.tail_3] run data modify entity @s {} merge value {transformation:[-1.262164549093167f,1.1393160678980576f,-1.202017085771327f,-0.228670980777115f,-0.013463233335151342f,1.5041846872390254f,1.4398585673837005f,0.24371905382113346f,1.6561113846613849f,0.8805298689706029f,-0.9043825282976267f,-1.5305456942432358f,0f,0f,0f,1f],start_interpolation:0}
execute if entity @s[tag=aj.dino.bone.tail_2] run data modify entity @s {} merge value {transformation:[-1.572666619380002f,0.7717612328013203f,-0.8659550674461335f,-0.0686710827522981f,0.7469900301179617f,1.7899279795662588f,0.23861600506461017f,0.20033913622404956f,0.8874116712073478f,-0.13898310153976864f,-1.7354993800903948f,-1.2072970293574254f,0f,0f,0f,1f],start_interpolation:0}
execute if entity @s[tag=aj.dino.bone.tail_1] run data modify entity @s {} merge value {transformation:[-1.5055911158577826f,-0.14331834586564388f,0.017649180957001534f,-0.06927867141360577f,-0.13531736256017493f,1.3357720940832556f,-0.6964613227295492f,0.33401068692476865f,0.05040687691055148f,-0.6948589888652018f,-1.3424926004836502f,-0.9099618239610381f,0f,0f,0f,1f],start_interpolation:0}
execute if entity @s[tag=aj.dino.bone.tail_0] run data modify entity @s {} merge value {transformation:[-1.258999211552926f,-0.12912663155689424f,-0.17911732165234218f,-0.020052482591284074f,-0.002744139384337465f,1.0459404989702408f,-0.7347357748857414f,0.5739579646142196f,0.22079214567592265f,-0.7233052621270508f,-1.0304931066102132f,-0.6262824317517485f,0f,0f,0f,1f],start_interpolation:0}
execute if entity @s[tag=aj.dino.bone.body_1] run data modify entity @s {} merge value {transformation:[-1.2018826505374727f,0.013586376385969233f,-0.2896516869793237f,0.04637233839232793f,0.09949903790991732f,1.1793503304385085f,-0.3575434723300535f,0.5776441995366763f,0.2723648854905312f,-0.3708811177824098f,-1.1475491974989351f,-0.33451184269859735f,0f,0f,0f,1f],start_interpolation:0}