execute if entity @s[tag=aj.dino.bone.head_lower] run data modify entity @s {} merge value {transformation:[-0.12866321067290037f,-0.054089911262328094f,0.9902121286466724f,-0.1966384661698516f,-0.34074067057706187f,0.9401306652134825f,0.007080094628501954f,0.4819322662601836f,-0.9313117488972394f,-0.3364945970218359f,-0.13939086247339583f,0.5064151047189331f,0f,0f,0f,1f],start_interpolation:0}
execute if entity @s[tag=aj.dino.bone.head_upper] run data modify entity @s {} merge value {transformation:[-0.1339254823797509f,-0.5624824229249292f,0.8655341886103396f,-0.14964278790195848f,-0.3546768220283843f,0.8447256070087861f,0.4940798957284037f,0.5348508209939651f,-0.9694020113805746f,-0.23135279412111182f,-0.30034574671061604f,0.48021416426204655f,0f,0f,0f,1f],start_interpolation:0}
execute if entity @s[tag=aj.dino.bone.neck_0] run data modify entity @s {} merge value {transformation:[-0.4243835557324549f,0.111816822419303f,0.8985519438785542f,-0.0932186021738376f,-0.1779305774150739f,0.9627002386851738f,-0.20383562018510706f,0.5061014914820275f,-0.8878284221878777f,-0.24638435149083399f,-0.38865851861991185f,0.45936893526763534f,0f,0f,0f,1f],start_interpolation:0}
execute if entity @s[tag=aj.dino.bone.neck_1] run data modify entity @s {} merge value {transformation:[-0.5643985951365101f,-0.1919082512782694f,0.8028857010180528f,-0.02608774274789029f,-0.3129819188515729f,0.9497333347930464f,0.006993658189124355f,0.5110692488791349f,-0.7638694549986409f,-0.24734149646631354f,-0.596091972640031f,0.40773265012135057f,0f,0f,0f,1f],start_interpolation:0}
execute if entity @s[tag=aj.dino.bone.neck_2] run data modify entity @s {} merge value {transformation:[-0.8401018959306885f,-0.28126460121253727f,0.46380925881057483f,0.011791670657110662f,-0.26360534244521544f,0.9589983956273361f,0.10408794655739884f,0.5295773273243511f,-0.4740685898559438f,-0.03481811725162004f,-0.8797992218813614f,0.3303147486611625f,0f,0f,0f,1f],start_interpolation:0}
execute if entity @s[tag=aj.dino.bone.body_0] run data modify entity @s {} merge value {transformation:[-0.9246981808797445f,-0.2701066823004879f,0.26828278821854074f,0.13565923890178808f,-0.31604889266372643f,0.9375302083297554f,-0.1454311036717991f,0.46996734067757234f,-0.21224130541372815f,-0.21927035514585286f,-0.952299396004475f,-0.12058920977371965f,0f,0f,0f,1f],start_interpolation:0}
execute if entity @s[tag=aj.dino.bone.leg_left_3] run data modify entity @s {} merge value {transformation:[-0.9737391089707443f,0.08279969791136073f,-0.2120763015677331f,0.4069566158016402f,0.07565234354188871f,0.9962656235268517f,0.04161166056854701f,0.015500168523855967f,0.21472976174131175f,0.024474832061514906f,-0.9763667917427747f,-0.2578048194870173f,0f,0f,0f,1f],start_interpolation:0}
execute if entity @s[tag=aj.dino.bone.leg_left_2] run data modify entity @s {} merge value {transformation:[-0.9504539546017546f,-0.24339034978519844f,0.29909967789019526f,0.35799168478106547f,-0.32948274740150485f,0.9259264200023877f,-0.2935363408626113f,0.22174953254176274f,-0.20035118878443398f,-0.3680809718984312f,-0.9361826738300936f,-0.37284701799858466f,0f,0f,0f,1f],start_interpolation:0}
execute if entity @s[tag=aj.dino.bone.leg_left_1] run data modify entity @s {} merge value {transformation:[-0.9276109067825862f,-0.341972159138562f,0.1503098399709682f,0.275590616488323f,0.03242312499716127f,0.3271570666831208f,0.9444135718448321f,0.25989400280270575f,-0.37213807462205006f,0.8809218444864477f,-0.2923866572249617f,-0.11060962746761485f,0f,0f,0f,1f],start_interpolation:0}
execute if entity @s[tag=aj.dino.bone.leg_left_0] run data modify entity @s {} merge value {transformation:[-0.9417687382578381f,0.21882507769507464f,0.2553178979468225f,0.2312192325303093f,-0.01127938760246669f,0.7382993608229309f,-0.6743788469575278f,0.6033614617580573f,-0.3360720444421892f,-0.6379887453397559f,-0.6928390446303174f,-0.34378030205783305f,0f,0f,0f,1f],start_interpolation:0}
execute if entity @s[tag=aj.dino.bone.leg_right_3] run data modify entity @s {} merge value {transformation:[-0.5159906621046669f,0.031008690836891707f,0.8560327667288032f,-0.16856832998887322f,0.01917541299803996f,0.9995122784368713f,-0.024647693407069765f,0.017025982606145823f,-0.8563795537944268f,0.0036968022014126356f,-0.5163336067857113f,-0.27897246756487976f,0f,0f,0f,1f],start_interpolation:0}
execute if entity @s[tag=aj.dino.bone.leg_right_2] run data modify entity @s {} merge value {transformation:[-0.9589896560353796f,0.28545615459262086f,0.22564534766538585f,-0.0935677071504131f,0.24521118080926121f,0.9769331491985538f,-0.1937402857018085f,0.23837982332397473f,-0.2688354811477957f,-0.12719514653823993f,-0.9816369381160442f,-0.3385413842859744f,0f,0f,0f,1f],start_interpolation:0}
execute if entity @s[tag=aj.dino.bone.leg_right_1] run data modify entity @s {} merge value {transformation:[-0.9531708700198638f,-0.18637742347036768f,-0.23817797666057067f,-0.15055155570640374f,-0.2546591131059854f,0.06979890695224289f,0.9645086047829461f,0.20111639023718592f,-0.16313806624343968f,0.9799956982603643f,-0.11399299423004738f,-0.06951041354450023f,0f,0f,0f,1f],start_interpolation:0}
execute if entity @s[tag=aj.dino.bone.leg_right_0] run data modify entity @s {} merge value {transformation:[-0.9614719863253205f,-0.11036528053829436f,0.25177594079527627f,-0.10258493076775295f,-0.20183815796941348f,0.9052091235063756f,-0.3739756686047012f,0.6104437261613966f,-0.1866359491072308f,-0.4103851210418364f,-0.8926091389451039f,-0.13627577523479772f,0f,0f,0f,1f],start_interpolation:0}
execute if entity @s[tag=aj.dino.bone.tail_4] run data modify entity @s {} merge value {transformation:[-0.03032940776395626f,-2.3380683274875325f,1.4690738424682213f,-0.6484633748413537f,2.7611085927567616f,-0.00867993666404906f,0.04318945825410128f,0.5047123334344162f,-0.03194992377866252f,1.4693612511221208f,2.337866131255461f,0.2498040256879554f,0f,0f,0f,1f],start_interpolation:0}
execute if entity @s[tag=aj.dino.bone.tail_3] run data modify entity @s {} merge value {transformation:[0.13515310308125378f,-1.9264533883596506f,0.7787531747926139f,-0.7616592763479515f,2.0630226803678893f,0.03117842085958901f,-0.28091075523168657f,0.5520393113846813f,0.2482268822260032f,0.7897789403337934f,1.9106486245225818f,-0.08189998163629963f,0f,0f,0f,1f],start_interpolation:0}
execute if entity @s[tag=aj.dino.bone.tail_2] run data modify entity @s {} merge value {transformation:[0.27680803788073316f,-1.934351152848841f,-0.02089982391688152f,-0.7580296448553772f,1.9079171802983907f,0.2764791365004103f,-0.3196641913086319f,0.6129407751847633f,0.3193794268415432f,0.024875280000943866f,1.9277323147050316f,-0.4400191258486358f,0f,0f,0f,1f],start_interpolation:0}
execute if entity @s[tag=aj.dino.bone.tail_1] run data modify entity @s {} merge value {transformation:[0.6079978093222935f,-0.6165195452720982f,-1.2401203829293261f,-0.48421412398504116f,0.8704953334417683f,1.2235031368328542f,-0.1814778185241136f,0.6362050682990009f,1.0771410252679994f,-0.6407807538133865f,0.8466542902666657f,-0.6154058704881028f,0f,0f,0f,1f],start_interpolation:0}
execute if entity @s[tag=aj.dino.bone.tail_0] run data modify entity @s {} merge value {transformation:[-0.2627114786620903f,-0.07613840679169012f,-1.2486077600969927f,-0.12117927152489823f,0.049864661579033465f,1.2741945273741782f,-0.0881903538904958f,0.6927249231642101f,1.2499327626271801f,-0.06683536492715181f,-0.25891473401540477f,-0.5413578238829474f,0f,0f,0f,1f],start_interpolation:0}
execute if entity @s[tag=aj.dino.bone.body_1] run data modify entity @s {} merge value {transformation:[-1.0498518060999014f,0.1836962077906965f,-0.6266350481167987f,0.012131356209620678f,0.022274521688585625f,1.1958231762126659f,0.31323373377151775f,0.5393552906976744f,0.6526251803053342f,0.25469045826692954f,-1.0187333996465715f,-0.32167178842065525f,0f,0f,0f,1f],start_interpolation:0}