execute if entity @s[tag=aj.dino.bone.head_lower] run data modify entity @s {} merge value {transformation:[-0.6960295459436645f,-0.7088846246999514f,-0.11412913754806464f,0.13566606096060246f,-0.7178350839210876f,0.6834704110966969f,0.1325933235397519f,0.43470362409490426f,-0.015989479837108966f,0.17421476980819134f,-0.984577853963422f,0.6667382220999478f,0f,0f,0f,1f],start_interpolation:0}
execute if entity @s[tag=aj.dino.bone.head_upper] run data modify entity @s {} merge value {transformation:[-0.7244968643604497f,-0.4821805809057108f,-0.5710325065290194f,0.08524844232417356f,-0.7471942397555086f,0.4495911372549338f,0.5683665366306414f,0.48374881543885173f,-0.01664344290016346f,0.8055070696665262f,-0.659054852883417f,0.6393869985649017f,0f,0f,0f,1f],start_interpolation:0}
execute if entity @s[tag=aj.dino.bone.neck_0] run data modify entity @s {} merge value {transformation:[-0.8438520071794079f,-0.4522008920756472f,-0.288839303394246f,0.07418428942788796f,-0.5346543766848346f,0.6630953679007877f,0.5238790228290022f,0.5070332943987645f,-0.045370557314578286f,0.5965055626517729f,-0.8013255432434789f,0.5779040430849487f,0f,0f,0f,1f],start_interpolation:0}
execute if entity @s[tag=aj.dino.bone.neck_1] run data modify entity @s {} merge value {transformation:[-0.8735598720292648f,-0.46831837603158766f,-0.13255583220421135f,0.06079758642631306f,-0.40747752871833753f,0.5547487589232079f,0.7254073876538322f,0.5710404792937714f,-0.26618642634403983f,0.6877003076517395f,-0.6754354693720874f,0.5238539430934105f,0f,0f,0f,1f],start_interpolation:0}
execute if entity @s[tag=aj.dino.bone.neck_2] run data modify entity @s {} merge value {transformation:[-0.9647850866951797f,-0.21541071757681104f,-0.15095681251145313f,0.04546363191744045f,-0.2628797069020707f,0.8096070481318449f,0.5248149076715735f,0.6249447603232248f,0.009164943516248414f,0.5460170788247233f,-0.8377239124210673f,0.4558088938983501f,0f,0f,0f,1f],start_interpolation:0}
execute if entity @s[tag=aj.dino.bone.body_0] run data modify entity @s {} merge value {transformation:[-0.9646934027532916f,-0.26066958234628723f,0.03765644066673918f,0.06072776758319581f,-0.2613169505344091f,0.9651607346229572f,-0.013349445886285803f,0.6278475789856423f,-0.032864723453463335f,-0.022718388619924187f,-0.999201573643097f,-0.015327481803330933f,0f,0f,0f,1f],start_interpolation:0}
execute if entity @s[tag=aj.dino.bone.leg_left_3] run data modify entity @s {} merge value {transformation:[-0.9837742955844211f,0.022014222610227445f,-0.17805479311224365f,0.33188487873524325f,0.025291549220856052f,0.9995495394795536f,-0.016157217093951043f,0.02949774733803215f,0.1776188978836024f,-0.02039833642921382f,-0.9838879178979356f,-0.17812349171467945f,0f,0f,0f,1f],start_interpolation:0}
execute if entity @s[tag=aj.dino.bone.leg_left_2] run data modify entity @s {} merge value {transformation:[-1.0124747386693067f,-0.1528646031778225f,-0.059912570905450414f,0.2928300635625553f,-0.1379145229825772f,0.9949110186194271f,-0.20783129908855463f,0.25477318559105055f,0.0890880879113585f,-0.1970956052925456f,-1.0026359431355716f,-0.2549139233956727f,0f,0f,0f,1f],start_interpolation:0}
execute if entity @s[tag=aj.dino.bone.leg_left_1] run data modify entity @s {} merge value {transformation:[-0.972218669314147f,0.05178873494218092f,0.2282734894159153f,0.3141550170314037f,0.2189783287991432f,0.5457818155402151f,0.8088081981174282f,0.35578780511469543f,-0.08270036610175188f,0.8363253773255449f,-0.5419598810686277f,0.0026800956766076522f,0f,0f,0f,1f],start_interpolation:0}
execute if entity @s[tag=aj.dino.bone.leg_left_0] run data modify entity @s {} merge value {transformation:[-0.9946267076048652f,0.08221082417770338f,-0.06292132315144683f,0.23590500534970532f,0.10270649720138611f,0.7072428835538221f,-0.6994704276058398f,0.7023578732425813f,-0.013003382318755585f,-0.7021743971767251f,-0.7118862465294401f,-0.21657637997257287f,0f,0f,0f,1f],start_interpolation:0}
execute if entity @s[tag=aj.dino.bone.leg_right_3] run data modify entity @s {} merge value {transformation:[-0.9415938790111661f,0.006346979538869906f,0.33669078226087307f,-0.22637533993581993f,0.009663081733189832f,0.9999198992387016f,0.00817434755088342f,0.026791954941257634f,-0.33661193065624284f,0.010950386166620252f,-0.9415797880066664f,-0.19742462276457115f,0f,0f,0f,1f],start_interpolation:0}
execute if entity @s[tag=aj.dino.bone.leg_right_2] run data modify entity @s {} merge value {transformation:[-1.015481566896401f,0.13191580485716248f,0.058801421948891354f,-0.1922333339871257f,0.10975628394599522f,0.9762860980123745f,-0.2947561915597918f,0.24508326679804404f,-0.09387728654307514f,-0.2855273625370318f,-0.9806749613478721f,-0.29414224610002215f,0f,0f,0f,1f],start_interpolation:0}
execute if entity @s[tag=aj.dino.bone.leg_right_1] run data modify entity @s {} merge value {transformation:[-0.9666804741106526f,0.02525120321002992f,-0.25473758597751034f,-0.19111509069797117f,-0.2104269661269117f,0.4882888198637207f,0.846932417801278f,0.3286271761385119f,0.14577157781895364f,0.8723166885555618f,-0.4667057338062519f,-0.029505607661910904f,0f,0f,0f,1f],start_interpolation:0}
execute if entity @s[tag=aj.dino.bone.leg_right_0] run data modify entity @s {} merge value {transformation:[-0.9799026859149125f,-0.198213923594666f,-0.022404611800880964f,-0.1531776463804032f,-0.16061283378559246f,0.8506075553120712f,-0.5006698557626408f,0.722036360176697f,0.11829726860795184f,-0.48700926822723783f,-0.8653483280741162f,-0.1640316006800408f,0f,0f,0f,1f],start_interpolation:0}
execute if entity @s[tag=aj.dino.bone.tail_4] run data modify entity @s {} merge value {transformation:[-1.107564469176684f,-0.6868471620398049f,2.4345848217335195f,-0.050014463241696006f,1.5422979825335035f,1.9232477701589366f,1.2442251722464737f,0.9268958628186308f,-2.0050633933345994f,1.858768496122243f,-0.38776513269374563f,-1.8532466391110165f,0f,0f,0f,1f],start_interpolation:0}
execute if entity @s[tag=aj.dino.bone.tail_3] run data modify entity @s {} merge value {transformation:[-1.9296178062609501f,-0.013121851263885922f,0.7825269738638603f,-0.1825737127913331f,0.37877750619265416f,1.8062620148420079f,0.9643083845875292f,0.7457091041212418f,-0.6848709722331616f,1.0359492636238246f,-1.671438422627081f,-1.5799700260129748f,0f,0f,0f,1f],start_interpolation:0}
execute if entity @s[tag=aj.dino.bone.tail_2] run data modify entity @s {} merge value {transformation:[-1.9322463566239787f,0.2881415220887529f,-0.0466085353182575f,-0.17526951367140528f,0.2740718324691285f,1.8983796064871097f,0.3739162677975373f,0.67685327257813f,0.100411767055214f,0.36318481235453975f,-1.9174952787724469f,-1.2233511719027865f,0f,0f,0f,1f],start_interpolation:0}
execute if entity @s[tag=aj.dino.bone.tail_1] run data modify entity @s {} merge value {transformation:[-1.4959433481692275f,0.12179332701547735f,-0.1870190753980532f,-0.13508471058534768f,0.11739400482486055f,1.5073352047443744f,0.04260842838473201f,0.6491466435259602f,0.18981147673263166f,0.02762636481220807f,-1.5002881847391323f,-0.9010249376209205f,0f,0f,0f,1f],start_interpolation:0}
execute if entity @s[tag=aj.dino.bone.tail_0] run data modify entity @s {} merge value {transformation:[-1.203498178209734f,0.03725896109548431f,-0.42899839329298717f,-0.008822284112555995f,0.038002441985419425f,1.2776433676788388f,0.004353850416405686f,0.6787061576253869f,0.42893317198955844f,-0.008655138842837282f,-1.204066916380736f,-0.5493774634536945f,0f,0f,0f,1f],start_interpolation:0}
execute if entity @s[tag=aj.dino.bone.body_1] run data modify entity @s {} merge value {transformation:[-1.2237088974718746f,0.048928390559249704f,-0.1695498212965752f,0.027300000000000036f,0.06189106464393459f,1.231435527273635f,-0.09132706795794474f,0.6169925f,0.16525926727920395f,-0.09887947118505575f,-1.2212767171336536f,-0.2587875f,0f,0f,0f,1f],start_interpolation:0}