execute if entity @s[tag=aj.dino.bone.head_lower] run data modify entity @s {} merge value {transformation:[-0.9998812351288999f,-0.009232864970819482f,-0.012339766672679267f,0.25530185711570436f,-0.007688973604922017f,0.9927706841688269f,-0.11977999974896752f,1.2693519702879308f,0.013356471166006495f,-0.11967089395249991f,-0.992723769141548f,0.2906392552118752f,0f,0f,0f,1f],start_interpolation:0}
execute if entity @s[tag=aj.dino.bone.head_upper] run data modify entity @s {} merge value {transformation:[-1.0407759610284908f,-0.015770186258495987f,-0.0029398561361154017f,0.2544219891908419f,-0.008003449421624327f,0.6757797109212714f,-0.7916625983890017f,1.229948806687655f,0.013902745271499843f,-0.7915459722063165f,-0.6758207085768981f,0.226280316263804f,0f,0f,0f,1f],start_interpolation:0}
execute if entity @s[tag=aj.dino.bone.neck_0] run data modify entity @s {} merge value {transformation:[-0.9939058058234329f,-0.0006726344329026079f,-0.11023065233133664f,0.24762634246016685f,0.10457041438843667f,0.31061859111080503f,-0.9447651132905837f,1.1637828115689623f,0.034875171470589134f,-0.9505343962315401f,-0.30865528344034354f,0.2217397733709443f,0f,0f,0f,1f],start_interpolation:0}
execute if entity @s[tag=aj.dino.bone.neck_1] run data modify entity @s {} merge value {transformation:[-0.9326173631312252f,-0.18624575894318082f,-0.30909120217476094f,0.22058424988320469f,0.1514908787328813f,0.5753358405341337f,-0.8037656276910711f,1.0983438137800259f,0.32752918594668756f,-0.7964302780988181f,-0.508353660831256f,0.17500649141932204f,0f,0f,0f,1f],start_interpolation:0}
execute if entity @s[tag=aj.dino.bone.neck_2] run data modify entity @s {} merge value {transformation:[-0.8551373820873459f,-0.4698458048865768f,-0.21905473605308187f,0.19679332801096663f,-0.1516493462582324f,0.6307985197039797f,-0.7609833791343401f,1.0378518741494909f,0.4957242515111111f,-0.6175258271277022f,-0.6106712039174567f,0.11546115012090122f,0f,0f,0f,1f],start_interpolation:0}
execute if entity @s[tag=aj.dino.bone.body_0] run data modify entity @s {} merge value {transformation:[-0.9725050857934289f,-0.11872341291092772f,-0.20034622365469518f,0.10123991518860478f,0.12436717197208609f,0.4625772394287507f,-0.8778126816685562f,0.6285486755037648f,0.1968925205323487f,-0.8785937905478605f,-0.4350934228061382f,-0.0979664525445027f,0f,0f,0f,1f],start_interpolation:0}
execute if entity @s[tag=aj.dino.bone.leg_left_3] run data modify entity @s {} merge value {transformation:[-0.9553678098616898f,-0.034153978891315516f,-0.2934379893707863f,0.45041635695551197f,-0.03526045457820502f,0.9993770010527139f,-0.0015199045436128378f,0.05278163177682915f,0.2933070886000141f,0.008894689020698142f,-0.9559769015432371f,-0.27819503088107844f,0f,0f,0f,1f],start_interpolation:0}
execute if entity @s[tag=aj.dino.bone.leg_left_2] run data modify entity @s {} merge value {transformation:[-0.9818581270318414f,-0.2772118882784457f,-0.10569005099495894f,0.3810091389382253f,-0.27565380928796973f,0.9875300877394844f,-0.029351366833110105f,0.28163872936252665f,0.10968954055537866f,0.00030709451116905874f,-1.019818763254729f,-0.3094702453130684f,0f,0f,0f,1f],start_interpolation:0}
execute if entity @s[tag=aj.dino.bone.leg_left_1] run data modify entity @s {} merge value {transformation:[-0.9929661959134097f,0.06055656711620892f,0.1017400410475248f,0.41184009797445814f,0.11820857447139843f,0.555668592335077f,0.8229575617331635f,0.3865957406320292f,-0.006698260572105055f,0.8291955846912439f,-0.5589184337932095f,-0.05442737948450754f,0f,0f,0f,1f],start_interpolation:0}
execute if entity @s[tag=aj.dino.bone.leg_left_0] run data modify entity @s {} merge value {transformation:[-0.9928486245596979f,-0.11151577935481596f,-0.04261267023789869f,0.25608022207241304f,-0.024368122875100946f,0.5387458423070611f,-0.8421158542530827f,0.6638449426045672f,0.11686660471434894f,-0.835055176830695f,-0.5376104987356524f,-0.3249435890339972f,0f,0f,0f,1f],start_interpolation:0}
execute if entity @s[tag=aj.dino.bone.leg_right_3] run data modify entity @s {} merge value {transformation:[-0.8910437429777905f,0.014247352923186043f,0.453693796557559f,-0.23867775082296505f,0.028731358759224987f,0.999273301690378f,0.025047505916946405f,0.009442023985824194f,-0.4530072373858702f,0.03535366266022441f,-0.8908055688041747f,-0.24257967338276687f,0f,0f,0f,1f],start_interpolation:0}
execute if entity @s[tag=aj.dino.bone.leg_right_2] run data modify entity @s {} merge value {transformation:[-1.0096955121847129f,0.18013914001534803f,0.011272196293344776f,-0.19477279778809733f,0.17293680389237145f,0.983884023846122f,-0.23265272184212601f,0.231325659820023f,-0.05167237205931553f,-0.22712181171254556f,-0.9989033227048898f,-0.3263118614230799f,0f,0f,0f,1f],start_interpolation:0}
execute if entity @s[tag=aj.dino.bone.leg_right_1] run data modify entity @s {} merge value {transformation:[-0.9704683671747908f,0.09565620140576851f,-0.22145211546904378f,-0.17636849143841438f,-0.14480738135514654f,0.5032052001372711f,0.8519479730945279f,0.3199627323424795f,0.1929299629869886f,0.8588564593035487f,-0.47449300489513135f,-0.06397975026967678f,0f,0f,0f,1f],start_interpolation:0}
execute if entity @s[tag=aj.dino.bone.leg_right_0] run data modify entity @s {} merge value {transformation:[-0.9813007937659696f,-0.17878438429444818f,-0.07130845732964025f,-0.12665873399227903f,-0.10348209760108215f,0.8024063571371038f,-0.5877376059961134f,0.6948915064241113f,0.16229666549365132f,-0.5693682305489283f,-0.8059029782866075f,-0.24079782894022494f,0f,0f,0f,1f],start_interpolation:0}
execute if entity @s[tag=aj.dino.bone.tail_4] run data modify entity @s {} merge value {transformation:[-2.152910524962963f,1.2154459239219717f,-1.230174300302672f,-0.01936065913017583f,-0.8742219273800178f,0.9299603957363192f,2.4487897042518605f,0.5248393668109042f,1.4921037580515866f,2.2985922213353573f,-0.34023742713716326f,-1.7771602099927153f,0f,0f,0f,1f],start_interpolation:0}
execute if entity @s[tag=aj.dino.bone.tail_3] run data modify entity @s {} merge value {transformation:[-1.8682107987879095f,0.7806655223408235f,-0.48610212873944175f,0.05542487341556228f,0.22012036971675236f,1.448256732166967f,1.4798800581848726f,0.2597340675207675f,0.8929059077934511f,1.2763460761117384f,-1.3818846767607509f,-1.5553336835246143f,0f,0f,0f,1f],start_interpolation:0}
execute if entity @s[tag=aj.dino.bone.tail_2] run data modify entity @s {} merge value {transformation:[-1.8402171886247598f,0.6413250166191234f,-0.14517849961769197f,0.08120510514944279f,0.6277871667142771f,1.841901623482286f,0.17904065941834227f,0.22735329987632752f,0.19559613237900003f,0.12196109000240944f,-1.940526093750501f,-1.194420467491113f,0f,0f,0f,1f],start_interpolation:0}
execute if entity @s[tag=aj.dino.bone.tail_1] run data modify entity @s {} merge value {transformation:[-1.3790069114262642f,-0.20986934918099145f,0.5847658031322823f,-0.04074707099727967f,-0.4683499162662028f,1.286542148072637f,-0.6427393773265221f,0.3503844424798608f,-0.4082211951528691f,-0.767085658519954f,-1.2379787148093346f,-0.9182544274326437f,0f,0f,0f,1f],start_interpolation:0}
execute if entity @s[tag=aj.dino.bone.tail_0] run data modify entity @s {} merge value {transformation:[-1.269582843860392f,-0.11997028736072829f,-0.08719087859387356f,-0.018162966509913177f,-0.0528967448612703f,1.0683474278851444f,-0.6997652637122717f,0.5806532431232807f,0.13855343208477006f,-0.6914308498077067f,-1.0660966386663786f,-0.62340166930492f,0f,0f,0f,1f],start_interpolation:0}
execute if entity @s[tag=aj.dino.bone.body_1] run data modify entity @s {} merge value {transformation:[-1.2037572579060771f,0.024690280016860647f,-0.28100435791528466f,0.045503544887765264f,0.0976449507912221f,1.1919527784864965f,-0.31355802094596635f,0.5732646124277339f,0.26464792211478294f,-0.3274806238348465f,-1.1624639836955455f,-0.33108693264266187f,0f,0f,0f,1f],start_interpolation:0}