execute if entity @s[tag=aj.dino.bone.head_lower] run data modify entity @s {} merge value {transformation:[0.08852146041036835f,-0.004871451038024777f,0.9960623574915379f,-0.08125356140750417f,0.25149127731665716f,0.9676992073564198f,-0.01761764783939873f,0.270256183248862f,-0.9638029303132729f,0.2520605344883267f,0.08688727451708474f,0.4481369492968037f,0f,0f,0f,1f],start_interpolation:0}
execute if entity @s[tag=aj.dino.bone.head_upper] run data modify entity @s {} merge value {transformation:[0.09214195125721059f,-0.4165675888510083f,0.9494489176995667f,-0.025126365965654596f,0.26177716577087623f,0.931655934509674f,0.3833560717627675f,0.3176850917367026f,-1.0032220685785316f,0.20484288172955942f,0.18723465893164315f,0.4653326773500538f,0f,0f,0f,1f],start_interpolation:0}
execute if entity @s[tag=aj.dino.bone.neck_0] run data modify entity @s {} merge value {transformation:[-0.44502076737463714f,0.02558123801811088f,0.8951548005047787f,0.032484587727838125f,0.28090093457164134f,0.9531309587905423f,0.11241014345600475f,0.3093918736853852f,-0.8503241626356783f,0.3014746683495677f,-0.43134886435627756f,0.4328221128643912f,0f,0f,0f,1f],start_interpolation:0}
execute if entity @s[tag=aj.dino.bone.neck_1] run data modify entity @s {} merge value {transformation:[-0.71055832208806f,-0.21055388309075113f,0.6713970012048067f,0.08839073039536233f,0.14045743520270687f,0.8925322743408644f,0.42855320341376657f,0.3498077393966801f,-0.6894770335607113f,0.39881474593516475f,-0.604622376874187f,0.3834399515571312f,0f,0f,0f,1f],start_interpolation:0}
execute if entity @s[tag=aj.dino.bone.neck_2] run data modify entity @s {} merge value {transformation:[-0.9259286532038261f,-0.1262681313769966f,0.3559669762417721f,0.11833986334270048f,0.06813432143435448f,0.8711616701115906f,0.4862458830376498f,0.40093574282133737f,-0.3715021445682769f,0.47448256398622823f,-0.7980303584790653f,0.3181719877797041f,0f,0f,0f,1f],start_interpolation:0}
execute if entity @s[tag=aj.dino.bone.body_0] run data modify entity @s {} merge value {transformation:[-0.991265027151967f,-0.11846429942779568f,0.05796426232163898f,0.1445296822764812f,-0.10414577916914061f,0.9727684643359232f,0.20706320647276297f,0.5077906911283063f,-0.08091540413705439f,0.1992177817229451f,-0.9766089149801602f,-0.14020233317387598f,0f,0f,0f,1f],start_interpolation:0}
execute if entity @s[tag=aj.dino.bone.leg_left_3] run data modify entity @s {} merge value {transformation:[-0.8713801758656754f,0.14237945237581523f,-0.4694940688118084f,0.3323729970936889f,0.06307307520697977f,0.9815326442743189f,0.18059749557454613f,0.026598191178895697f,0.4865371273523109f,0.12775664274325052f,-0.8642683980932859f,-0.5014561210275058f,0f,0f,0f,1f],start_interpolation:0}
execute if entity @s[tag=aj.dino.bone.leg_left_2] run data modify entity @s {} merge value {transformation:[-0.977261528566825f,-0.25698317098028867f,-0.17601634616376435f,0.2655147972493685f,-0.2535268041361157f,0.9929806549854656f,-0.042139979946098645f,0.25636491000399264f,0.18095928787562718f,0.003356807746296169f,-1.0096061942529844f,-0.5315942712683778f,0f,0f,0f,1f],start_interpolation:0}
execute if entity @s[tag=aj.dino.bone.leg_left_1] run data modify entity @s {} merge value {transformation:[-0.9901751756757875f,0.08223170742604355f,0.11309760284471324f,0.3015762671603627f,0.12798837050733422f,0.2072040097194912f,0.9698894139906067f,0.2586674984953302f,0.056321385727805165f,0.9748355987806163f,-0.21569296896222f,-0.256444032064659f,0f,0f,0f,1f],start_interpolation:0}
execute if entity @s[tag=aj.dino.bone.leg_left_0] run data modify entity @s {} merge value {transformation:[-0.9934244804785639f,0.024974228836099177f,-0.11173222220978754f,0.20496660992017254f,0.07704027410592601f,0.8677355114350955f,-0.49101922402300807f,0.6482986014163312f,0.08469119051931517f,-0.4963983985555508f,-0.863953721075328f,-0.3711674225696054f,0f,0f,0f,1f],start_interpolation:0}
execute if entity @s[tag=aj.dino.bone.leg_right_3] run data modify entity @s {} merge value {transformation:[-0.8370607865666526f,-0.03851782268557204f,0.5457523402863057f,-0.2759753456554333f,-0.023025344648963303f,0.999115028382022f,0.035199340405579704f,0.05480848044940845f,-0.5466251669070983f,0.01689785183845144f,-0.8372068976704816f,-0.17881368041737294f,0f,0f,0f,1f],start_interpolation:0}
execute if entity @s[tag=aj.dino.bone.leg_right_2] run data modify entity @s {} merge value {transformation:[-0.9728776868271758f,0.31136734947852795f,-0.09285246175096301f,-0.2047563242258937f,0.32396553692212515f,0.9071572777560707f,-0.35238360319635886f,0.2548726999509874f,-0.02485028895721567f,-0.363563263536906f,-0.9587838213308729f,-0.2931519116782178f,0f,0f,0f,1f],start_interpolation:0}
execute if entity @s[tag=aj.dino.bone.leg_right_1] run data modify entity @s {} merge value {transformation:[-0.9895968620039474f,0.12002662806275124f,-0.07931998025608826f,-0.18765044591536162f,-0.044735915933689134f,0.26728408972317125f,0.9625787828569825f,0.27554292180290363f,0.1367360542706793f,0.956113394915447f,-0.25913399531081227f,-0.01693910148364436f,0f,0f,0f,1f],start_interpolation:0}
execute if entity @s[tag=aj.dino.bone.leg_right_0] run data modify entity @s {} merge value {transformation:[-0.9931235727527323f,-0.03307181625679517f,-0.11230237848026597f,-0.07601733618959162f,0.009990433085098699f,0.931828416665858f,-0.3627616202698025f,0.6697784619085592f,0.11664373317765636f,-0.3613890657774209f,-0.9250903645844024f,-0.09708687933811377f,0f,0f,0f,1f],start_interpolation:0}
execute if entity @s[tag=aj.dino.bone.tail_4] run data modify entity @s {} merge value {transformation:[0.4011847600859382f,-2.3848940451359524f,1.3330388266475446f,-0.4575477527907388f,2.6315827044159543f,-0.024907098468844313f,-0.8365485269036552f,0.33938262566441346f,0.7344961468201181f,1.3918769203923664f,2.269108939735037f,0.4073042317436579f,0f,0f,0f,1f],start_interpolation:0}
execute if entity @s[tag=aj.dino.bone.tail_3] run data modify entity @s {} merge value {transformation:[0.58782736566537f,-1.8417646311647384f,0.7735034308973504f,-0.5706822377076437f,1.7289803850310017f,0.06524935637832997f,-1.1585831328457645f,0.5351969943891677f,1.0005155383088282f,0.9693250697920047f,1.5476831370535014f,0.13538875818932278f,0f,0f,0f,1f],start_interpolation:0}
execute if entity @s[tag=aj.dino.bone.tail_2] run data modify entity @s {} merge value {transformation:[0.6518299684861656f,-1.6878013977789141f,0.7383887924675221f,-0.707866726295102f,1.6774573073128982f,0.2199646838203298f,-0.9780216741039841f,0.7183018161218816f,0.7615960539082786f,0.9600603390048689f,1.522179184966071f,-0.14678942012779872f,0f,0f,0f,1f],start_interpolation:0}
execute if entity @s[tag=aj.dino.bone.tail_1] run data modify entity @s {} merge value {transformation:[1.0845083746969564f,-0.7427257382475425f,-0.7482354662516406f,-0.5388118559953726f,0.6803257610120648f,1.3130597903733072f,-0.3173123001211293f,0.7698831192606816f,0.8053910193909052f,-0.10903538255745168f,1.2755833337085543f,-0.4207173248641966f,0f,0f,0f,1f],start_interpolation:0}
execute if entity @s[tag=aj.dino.bone.tail_0] run data modify entity @s {} merge value {transformation:[0.21693218039330334f,0.06695231280871616f,-1.2578924967990703f,-0.16961075371582077f,-0.0474730699834701f,1.2759368586002449f,0.05972568187732561f,0.7832205161421819f,1.258778158898612f,0.03658192530377228f,0.21903202050138093f,-0.4838407850099341f,0f,0f,0f,1f],start_interpolation:0}
execute if entity @s[tag=aj.dino.bone.body_1] run data modify entity @s {} merge value {transformation:[-0.8837262555200903f,0.35473865162380225f,-0.7885385148518851f,-0.010180760265611138f,0.06755658799978263f,1.1524061885533297f,0.4427196393408194f,0.6026716666666667f,0.8620142735352574f,0.27335884965437696f,-0.843096036399987f,-0.30624542485498785f,0f,0f,0f,1f],start_interpolation:0}