execute if entity @s[tag=aj.dino.bone.head_lower] run data modify entity @s {} merge value {transformation:[-0.6454434428218704f,0.4887467494752733f,-0.5869662486000411f,0.25928833284210456f,0.09545207466172183f,0.8140621687025607f,0.5728801680369608f,0.32266639031130406f,0.7578203372574687f,0.31373460179686574f,-0.5720829800600068f,0.526047865633134f,0f,0f,0f,1f],start_interpolation:0}
execute if entity @s[tag=aj.dino.bone.head_upper] run data modify entity @s {} merge value {transformation:[-0.6718418106985171f,0.7663459582824763f,-0.21169410999118005f,0.2616942356230492f,0.09935602474368849f,0.35591165974498445f,0.9731018514976778f,0.3977722134854348f,0.7888148732928254f,0.607875567254673f,-0.3028701586329367f,0.519063350693518f,0f,0f,0f,1f],start_interpolation:0}
execute if entity @s[tag=aj.dino.bone.neck_0] run data modify entity @s {} merge value {transformation:[-0.59515897411603f,0.539876245046919f,-0.5952473734198191f,0.2146335313873388f,0.04517769387827608f,0.7620253958683179f,0.6459692500634794f,0.42715809737198884f,0.8023370685098596f,0.3575624925600732f,-0.4779166165862327f,0.4820972013222103f,0f,0f,0f,1f],start_interpolation:0}
execute if entity @s[tag=aj.dino.bone.neck_1] run data modify entity @s {} merge value {transformation:[-0.9292484165983975f,0.3405234691345234f,-0.14332183091895112f,0.20406104026634195f,0.13309021766687715f,0.6704149323882221f,0.7299526096893404f,0.4920831818323241f,0.3446510905404977f,0.659232573072269f,-0.668302357013471f,0.42852022227480585f,0f,0f,0f,1f],start_interpolation:0}
execute if entity @s[tag=aj.dino.bone.neck_2] run data modify entity @s {} merge value {transformation:[-0.9674561487202215f,0.11670956616619856f,-0.22451609623529128f,0.1855344059616546f,-0.05181931885696368f,0.7770939545050612f,0.6272477533358618f,0.5546430248810218f,0.24767591424407248f,0.6184689669150616f,-0.7457565141964092f,0.3692415561865467f,0f,0f,0f,1f],start_interpolation:0}
execute if entity @s[tag=aj.dino.bone.body_0] run data modify entity @s {} merge value {transformation:[-0.9699831072976487f,0.07794234202561681f,-0.23034270745296026f,0.0777172499599489f,0.08146178883652724f,0.9966596250131872f,-0.005793861244994231f,0.5614068285560175f,0.2291216893197833f,-0.024384076528237847f,-0.9730923225959157f,-0.08960549516572575f,0f,0f,0f,1f],start_interpolation:0}
execute if entity @s[tag=aj.dino.bone.leg_left_3] run data modify entity @s {} merge value {transformation:[-0.9877335929373878f,-0.1141435680597688f,-0.10655325078843701f,0.3415460051723588f,-0.12102382035920806f,0.9908048896969144f,0.06048888706488209f,0.011287975839482683f,0.09866906449673515f,0.07264238723548944f,-0.99246536427629f,-0.2615390135959058f,0f,0f,0f,1f],start_interpolation:0}
execute if entity @s[tag=aj.dino.bone.leg_left_2] run data modify entity @s {} merge value {transformation:[-1.015710546840995f,-0.05624229977076384f,0.13126723983217006f,0.3309170011436155f,-0.10386757596515686f,0.9379874270541083f,-0.40181253446381093f,0.21735253820144715f,-0.09800924037958522f,-0.41119167052070055f,-0.934546841199149f,-0.3864209277305982f,0f,0f,0f,1f],start_interpolation:0}
execute if entity @s[tag=aj.dino.bone.leg_left_1] run data modify entity @s {} merge value {transformation:[-0.9259304910691292f,-0.1797848710988885f,0.33215978960800974f,0.2828990447378702f,0.23676560734271948f,0.4088997276462477f,0.881330278562162f,0.2769800280513164f,-0.29426989803259573f,0.8946945919445255f,-0.3360458514207625f,-0.11967718557984902f,0f,0f,0f,1f],start_interpolation:0}
execute if entity @s[tag=aj.dino.bone.leg_left_0] run data modify entity @s {} merge value {transformation:[-0.9512011686049234f,0.2680179137937999f,0.15291414169476739f,0.2650819110479068f,0.15605838735000954f,0.8453487725254795f,-0.5109121573493621f,0.6686286593147626f,-0.2661993925281246f,-0.46211670676927946f,-0.845923183712548f,-0.26320829001716656f,0f,0f,0f,1f],start_interpolation:0}
execute if entity @s[tag=aj.dino.bone.leg_right_3] run data modify entity @s {} merge value {transformation:[-0.9729078833478721f,0.07048904464936408f,0.2201852517858161f,-0.2616277766340777f,0.14087700941517842f,0.9359026333993921f,0.3228620897756781f,0.13516893778117572f,-0.18331371672026894f,0.3451341121658396f,-0.9204773358870375f,-0.2609914457498257f,0f,0f,0f,1f],start_interpolation:0}
execute if entity @s[tag=aj.dino.bone.leg_right_2] run data modify entity @s {} merge value {transformation:[-0.9983774313621644f,0.17159226883261675f,0.16081292648371268f,-0.2151111671115938f,0.14365387167198876f,1.0003104337809332f,-0.17551296454490994f,0.3626928492633212f,-0.18619417069561758f,-0.14831496501219982f,-0.9976956457021825f,-0.3261078554206082f,0f,0f,0f,1f],start_interpolation:0}
execute if entity @s[tag=aj.dino.bone.leg_right_1] run data modify entity @s {} merge value {transformation:[-0.9478823999403481f,-0.09161911314552017f,-0.3051637166993393f,-0.24269414830746255f,-0.3171682173203951f,0.1799826877315296f,0.9311340150798578f,0.35588806137563556f,-0.030385486751553906f,0.9793937768963834f,-0.1996610927835168f,-0.050053042620835486f,0f,0f,0f,1f],start_interpolation:0}
execute if entity @s[tag=aj.dino.bone.leg_right_0] run data modify entity @s {} merge value {transformation:[-0.989964864854417f,0.05231463949340616f,0.1312735496909072f,-0.11773142463210529f,-0.033721238111629914f,0.81466143830348f,-0.5789556278692902f,0.7268021831687647f,-0.13723135375705833f,-0.5775724365272119f,-0.8047220862571283f,-0.19536068354353858f,0f,0f,0f,1f],start_interpolation:0}
execute if entity @s[tag=aj.dino.bone.tail_4] run data modify entity @s {} merge value {transformation:[0.4053203945236974f,2.252791911526897f,-1.5447670739442076f,-0.27180013391225877f,2.6074711761407707f,0.146240405547856f,0.8974236128943011f,0.6082905151140526f,0.8139230768188213f,-1.5903470309162695f,-2.1057034164092507f,-1.9155390125630007f,0f,0f,0f,1f],start_interpolation:0}
execute if entity @s[tag=aj.dino.bone.tail_3] run data modify entity @s {} merge value {transformation:[0.0517973751769312f,1.8876998948337116f,-0.8774119129656384f,-0.14149612290098526f,2.0711696046332575f,0.04122201612702566f,0.21095672607002017f,0.5721166603046096f,0.20861214445122458f,-0.8779723107682065f,-1.8765902911280985f,-1.588746998619323f,0f,0f,0f,1f],start_interpolation:0}
execute if entity @s[tag=aj.dino.bone.tail_2] run data modify entity @s {} merge value {transformation:[-0.3404436473442255f,1.8447488227245132f,-0.5475160080237484f,-0.03952686889890595f,1.9242759813685644f,0.32805417273314974f,-0.09119365264749588f,0.5905703188404832f,0.005826277867040509f,-0.5550280315548662f,-1.8736818870014524f,-1.2405613905105997f,0f,0f,0f,1f],start_interpolation:0}
execute if entity @s[tag=aj.dino.bone.tail_1] run data modify entity @s {} merge value {transformation:[-1.3947266629125394f,0.5848677001100663f,-0.017987749409371034f,-0.04147302668437136f,0.527104934216544f,1.2356039776842156f,-0.6950535581201767f,0.7245305263984277f,-0.2540751347248001f,-0.6472007676902947f,-1.3432174962438765f,-0.9433618745962318f,0f,0f,0f,1f],start_interpolation:0}
execute if entity @s[tag=aj.dino.bone.tail_0] run data modify entity @s {} merge value {transformation:[-1.2549660180152287f,0.10626529663929875f,-0.21818271457929758f,0.024849404456706206f,0.12502131852248907f,1.268029582757359f,-0.10152026276130284f,0.7847969193561048f,0.20800403872503942f,-0.12101396847631873f,-1.2553587757656028f,-0.5794371456917657f,0f,0f,0f,1f],start_interpolation:0}
execute if entity @s[tag=aj.dino.bone.body_1] run data modify entity @s {} merge value {transformation:[-1.2039911901995188f,0.2299647670981551f,-0.16163543816777276f,0.04693762067114244f,0.18296230484934256f,1.18088497251258f,0.3172381940347496f,0.6315025000000002f,0.21338838764659349f,0.2850113728322161f,-1.183992613334278f,-0.32337298672809844f,0f,0f,0f,1f],start_interpolation:0}