execute if entity @s[tag=aj.dino.bone.head_lower] run data modify entity @s {} merge value {transformation:[-0.08930947818238083f,0.7580788961187678f,-0.6460187337578852f,0.587291386172241f,0.8548611034739394f,0.3911858243958753f,0.3408608873998863f,0.7450659082390311f,0.5111128161904273f,-0.5218141796186359f,-0.6829887635055357f,0.3657750691226187f,0f,0f,0f,1f],start_interpolation:0}
execute if entity @s[tag=aj.dino.bone.head_upper] run data modify entity @s {} merge value {transformation:[-0.09296219862775763f,0.8491766363700107f,-0.594751218958915f,0.565329982803048f,0.8898245664138972f,0.3717826344458954f,0.3917420788149987f,0.7806960828748556f,0.5320171174089424f,-0.47344340269064017f,-0.7591317894911893f,0.3029766303739276f,0f,0f,0f,1f],start_interpolation:0}
execute if entity @s[tag=aj.dino.bone.neck_0] run data modify entity @s {} merge value {transformation:[-0.003783530567872645f,0.49327963075161196f,-0.869862570054601f,0.501077407277907f,0.8410810645924515f,0.47208155986925004f,0.2640485629868946f,0.7898354148600447f,0.5408958565939199f,-0.730625900661186f,-0.4166742919866314f,0.28771834070740737f,0f,0f,0f,1f],start_interpolation:0}
execute if entity @s[tag=aj.dino.bone.neck_1] run data modify entity @s {} merge value {transformation:[-0.4513231784720767f,0.5825683881705006f,-0.6759596598010026f,0.4464985718654802f,0.7140649589270451f,0.6900694479443548f,0.11796351743776783f,0.8030075367461886f,0.5351809254881749f,-0.4294394370783829f,-0.7274360087838809f,0.22411658935910692f,0f,0f,0f,1f],start_interpolation:0}
execute if entity @s[tag=aj.dino.bone.neck_2] run data modify entity @s {} merge value {transformation:[-0.7237691123930865f,0.2560150470750967f,-0.6407921407265074f,0.3928669217170523f,0.3831509575813917f,0.9214218306469457f,-0.06463090368928448f,0.8063666804619074f,0.5738933835218756f,-0.2922979741263479f,-0.7649890709490211f,0.1542360294730097f,0f,0f,0f,1f],start_interpolation:0}
execute if entity @s[tag=aj.dino.bone.body_0] run data modify entity @s {} merge value {transformation:[-0.7551054486498038f,0.11718911630032594f,-0.6450445507405883f,0.08997621668923436f,0.5863908598913135f,0.5607325327994989f,-0.5845723104083743f,0.5362016210031858f,0.2931919522348878f,-0.8196619654961474f,-0.4921308174293576f,-0.08551168408968879f,0f,0f,0f,1f],start_interpolation:0}
execute if entity @s[tag=aj.dino.bone.leg_left_3] run data modify entity @s {} merge value {transformation:[-0.9545094094892876f,-0.07862869983664847f,-0.2876270410764771f,0.40596830700630404f,-0.10798754569193515f,0.9902808142304989f,0.08765043606515932f,-0.0013440690651599085f,0.2779397006040041f,0.11472330421051641f,-0.953723275536032f,-0.3310284371618393f,0f,0f,0f,1f],start_interpolation:0}
execute if entity @s[tag=aj.dino.bone.leg_left_2] run data modify entity @s {} merge value {transformation:[-0.9952915283369662f,-0.2279733342098733f,-0.09739164240628463f,0.3482741421592469f,-0.2151349804159401f,0.9945068872699884f,-0.12936456576159513f,0.2261423421389401f,0.12318243918186264f,-0.10510190085096612f,-1.0128385244526468f,-0.3866376821314963f,0f,0f,0f,1f],start_interpolation:0}
execute if entity @s[tag=aj.dino.bone.leg_left_1] run data modify entity @s {} merge value {transformation:[-0.9868750348647748f,0.05725304656532817f,0.15099587484311552f,0.37547398390242204f,0.16148165809090967f,0.3565787224497305f,0.9202039386985521f,0.27099346365273747f,-0.001157437194830857f,0.9325093583203907f,-0.3611439560397396f,-0.11412725816964772f,0f,0f,0f,1f],start_interpolation:0}
execute if entity @s[tag=aj.dino.bone.leg_left_0] run data modify entity @s {} merge value {transformation:[-0.9980779868014097f,-0.012071975511672453f,-0.06078321865194715f,0.2596301261566447f,0.027171474899143143f,0.7962848909276719f,-0.6043112471501013f,0.6359948837792792f,0.055695989211522884f,-0.6048013226569127f,-0.7944264074778726f,-0.2804445527984293f,0f,0f,0f,1f],start_interpolation:0}
execute if entity @s[tag=aj.dino.bone.leg_right_3] run data modify entity @s {} merge value {transformation:[-0.975077226631277f,0.02529971115701869f,0.22041852626408012f,-0.2530780525083414f,0.07346354394912691f,0.9742515338696677f,0.21315969708890722f,0.023767645849353036f,-0.20935020853940464f,0.2240398923584179f,-0.9518290901293871f,-0.24812275820963525f,0f,0f,0f,1f],start_interpolation:0}
execute if entity @s[tag=aj.dino.bone.leg_right_2] run data modify entity @s {} merge value {transformation:[-1.0173420311634749f,0.1261695392273165f,-0.034038779355859534f,-0.2231417845147863f,0.1299059555303144f,1.0054477742388297f,-0.15576076366220612f,0.25312082363172583f,0.014206823945773888f,-0.15880245637282905f,-1.0132335098603995f,-0.3164748742395064f,0f,0f,0f,1f],start_interpolation:0}
execute if entity @s[tag=aj.dino.bone.leg_right_1] run data modify entity @s {} merge value {transformation:[-0.9605037194347384f,0.10511470143154392f,-0.257649965059169f,-0.20004964889825372f,-0.2116538140595059f,0.32513244281495934f,0.9216786628881247f,0.2883515499804832f,0.1806523399961864f,0.9398083816247518f,-0.2900429931609583f,-0.04217770900921761f,0f,0f,0f,1f],start_interpolation:0}
execute if entity @s[tag=aj.dino.bone.leg_right_0] run data modify entity @s {} merge value {transformation:[-0.9905326288582128f,-0.1162892135089982f,-0.07295155919304802f,-0.12459506015238461f,-0.05671472719962394f,0.8306054358188767f,-0.5539657477739988f,0.6661650532662061f,0.1250142027367707f,-0.5445837206615638f,-0.8293370969060153f,-0.20302185822395843f,0f,0f,0f,1f],start_interpolation:0}
execute if entity @s[tag=aj.dino.bone.tail_4] run data modify entity @s {} merge value {transformation:[-2.667537724408051f,-0.22253571609124234f,0.6785143148996001f,0.6667561859906073f,0.6868025027014573f,-0.08131444984058224f,2.673453125478383f,0.9401668192522041f,-0.19546391672871585f,2.751277366408353f,0.13389563826423875f,-1.5045068382424636f,0f,0f,0f,1f],start_interpolation:0}
execute if entity @s[tag=aj.dino.bone.tail_3] run data modify entity @s {} merge value {transformation:[-1.7493240199456042f,0.10319399101833f,1.124794203178299f,0.47502282070397195f,1.090800504685981f,0.6925993740766646f,1.6329133143096926f,0.6565074354219858f,-0.2931983258182151f,1.9610208140891228f,-0.6359069385461011f,-1.4158706490436481f,0f,0f,0f,1f],start_interpolation:0}
execute if entity @s[tag=aj.dino.bone.tail_2] run data modify entity @s {} merge value {transformation:[-1.5077520708391798f,0.5685299450034035f,1.1055456885707475f,0.26852467547448566f,1.0599258860972507f,1.4960220421458033f,0.6762019227994212f,0.5319427145512214f,-0.6496265726276123f,1.1213677479092679f,-1.4626324094206908f,-1.1441840091433555f,0f,0f,0f,1f],start_interpolation:0}
execute if entity @s[tag=aj.dino.bone.tail_1] run data modify entity @s {} merge value {transformation:[-0.8890433437972575f,0.048534592629885936f,1.222662085847125f,0.005677517644812376f,-0.31798984102333183f,1.450220340799228f,-0.2887900173796302f,0.5766634573080344f,-1.1815839554833787f,-0.42680394380842135f,-0.8422315594264033f,-0.9565990849437549f,0f,0f,0f,1f],start_interpolation:0}
execute if entity @s[tag=aj.dino.bone.tail_0] run data modify entity @s {} merge value {transformation:[-1.277838435200721f,-0.020671952657541907f,0.02318017431178087f,-0.001595119087944387f,-0.02503443777061695f,1.2501566041189938f,-0.26517439297036544f,0.684322083976213f,-0.01838279177136332f,-0.2655500934569917f,-1.2501923601653073f,-0.5976720169206586f,0f,0f,0f,1f],start_interpolation:0}
execute if entity @s[tag=aj.dino.bone.body_1] run data modify entity @s {} merge value {transformation:[-1.2084316199358416f,0.11924292703809405f,-0.2325483591575644f,0.044437259589780974f,0.09488859160185983f,1.2252845278768982f,0.13519828395934655f,0.5703587686046989f,0.2435031214980688f,0.11429586673683537f,-1.2067507115074856f,-0.32481801810474514f,0f,0f,0f,1f],start_interpolation:0}