execute if entity @s[tag=aj.dino.bone.head_lower] run data modify entity @s {} merge value {transformation:[-0.8967852288220799f,-0.39367925506510787f,0.20197251668955274f,0.05557205042868427f,-0.40738098034986125f,0.9127762787171079f,-0.029668196111908574f,1.2880303105498012f,-0.17267596884255726f,-0.10888576189167487f,-0.9789417248445147f,0.31895919151251906f,0f,0f,0f,1f],start_interpolation:0}
execute if entity @s[tag=aj.dino.bone.head_upper] run data modify entity @s {} merge value {transformation:[-0.933463371020391f,-0.18220601922509497f,0.42298823163877664f,0.08035058301942477f,-0.42404269270409545f,0.7130886238380613f,-0.6286209922524916f,1.2605754170374446f,-0.17973834401989752f,-0.7360553808609726f,-0.7137146114366028f,0.25317386156220534f,0f,0f,0f,1f],start_interpolation:0}
execute if entity @s[tag=aj.dino.bone.neck_0] run data modify entity @s {} merge value {transformation:[-0.9744650149118697f,-0.04117732991559556f,0.22073142552394304f,0.0956067501451929f,-0.2190916816836798f,0.3895943920164221f,-0.8945473965790587f,1.1964792516260065f,-0.04916065225184579f,-0.920065561365263f,-0.38866771548431506f,0.24299215254666762f,0f,0f,0f,1f],start_interpolation:0}
execute if entity @s[tag=aj.dino.bone.neck_1] run data modify entity @s {} merge value {transformation:[-0.9858222681422616f,-0.16199358339350492f,0.04373253450440111f,0.09856518561773508f,-0.12857201946357233f,0.5618153384487246f,-0.8172103531495449f,1.129839021865671f,0.1078132248191557f,-0.811246944168714f,-0.5746779133836775f,0.19057207736953977f,0f,0f,0f,1f],start_interpolation:0}
execute if entity @s[tag=aj.dino.bone.neck_2] run data modify entity @s {} merge value {transformation:[-0.98233344544116f,-0.1712641516991336f,-0.07542938625281209f,0.0902802225763625f,-0.04321263276930676f,0.5997636514033423f,-0.7990095311224236f,1.065711855367384f,0.18208149366930393f,-0.781634283279659f,-0.5965686690273375f,0.1306554995429923f,0f,0f,0f,1f],start_interpolation:0}
execute if entity @s[tag=aj.dino.bone.body_0] run data modify entity @s {} merge value {transformation:[-0.9932702392981299f,-0.11295627502644007f,0.025595149087026925f,0.1012670706442986f,-0.07427757782234987f,0.451694140113451f,-0.8890755002923064f,0.6509968574150019f,0.08886547787234728f,-0.88499338060763f,-0.45704446514884967f,-0.09317851115692963f,0f,0f,0f,1f],start_interpolation:0}
execute if entity @s[tag=aj.dino.bone.leg_left_3] run data modify entity @s {} merge value {transformation:[-0.9654478719048578f,-0.030002860218646434f,-0.25886335200850963f,0.4493639990545982f,-0.029142939302980855f,0.999549613169245f,-0.007159602083583724f,0.05781840024899482f,0.25896157190433483f,0.0006318163600686627f,-0.9658874184318392f,-0.255726481728007f,0f,0f,0f,1f],start_interpolation:0}
execute if entity @s[tag=aj.dino.bone.leg_left_2] run data modify entity @s {} merge value {transformation:[-0.9841689214879742f,-0.282040832809195f,-0.06266340324454062f,0.38015729229970885f,-0.2768106983254725f,0.9842066393986263f,-0.08231237912319533f,0.2842622795801768f,0.08276213367510757f,-0.06206818100002757f,-1.020470562847153f,-0.30160320043808325f,0f,0f,0f,1f],start_interpolation:0}
execute if entity @s[tag=aj.dino.bone.leg_left_1] run data modify entity @s {} merge value {transformation:[-0.9924001595562503f,0.023327601393893536f,0.12082113360640533f,0.39985104219131595f,0.1107435892838371f,0.5973608896501685f,0.7942895095296749f,0.40221490097520185f,-0.05364495079000467f,0.8016332019880205f,-0.5954044245092333f,-0.05117811986304521f,0f,0f,0f,1f],start_interpolation:0}
execute if entity @s[tag=aj.dino.bone.leg_left_0] run data modify entity @s {} merge value {transformation:[-0.9971950420377567f,-0.07448150468726931f,-0.00738604053853506f,0.25525897590494034f,-0.03595325623178381f,0.5632236813268289f,-0.8255219246991483f,0.6863769798771622f,0.06564610804646615f,-0.8229408181954367f,-0.5643217151999174f,-0.3207190737932513f,0f,0f,0f,1f],start_interpolation:0}
execute if entity @s[tag=aj.dino.bone.leg_right_3] run data modify entity @s {} merge value {transformation:[-0.8885158425089216f,0.0025054600401749885f,0.4588391006449301f,-0.23815815784718203f,0.005030140714005676f,0.9999781882572178f,0.004280268006709859f,0.020450159621444447f,-0.45881836852403657f,0.00611111117547769f,-0.8885090652464624f,-0.24103717657888502f,0f,0f,0f,1f],start_interpolation:0}
execute if entity @s[tag=aj.dino.bone.leg_right_2] run data modify entity @s {} merge value {transformation:[-1.0110010035769474f,0.17191555867763006f,0.019601299744093637f,-0.19591067776725424f,0.16110727192745022f,0.9776653501667988f,-0.2650983016090818f,0.23989986998626064f,-0.06311590290247068f,-0.2582202611502114f,-0.9906567917462723f,-0.33174576004103595f,0f,0f,0f,1f],start_interpolation:0}
execute if entity @s[tag=aj.dino.bone.leg_right_1] run data modify entity @s {} merge value {transformation:[-0.9701637877232482f,0.08553285059634713f,-0.2268619766715952f,-0.17996358483643482f,-0.14805526929770013f,0.5319717116202328f,0.833718019038227f,0.3372540694076666f,0.19199443279341696f,0.842431142292771f,-0.5034361014782625f,-0.07235949259065877f,0f,0f,0f,1f],start_interpolation:0}
execute if entity @s[tag=aj.dino.bone.leg_right_0] run data modify entity @s {} merge value {transformation:[-0.9817746161025341f,-0.17253036857769427f,-0.07969865177759825f,-0.127060189309289f,-0.09989866919852523f,0.8252457100302327f,-0.5558684862168934f,0.7181393048049327f,0.16167516528238193f,-0.5377757804095886f,-0.8274408443724376f,-0.23494776634532005f,0f,0f,0f,1f],start_interpolation:0}
execute if entity @s[tag=aj.dino.bone.tail_4] run data modify entity @s {} merge value {transformation:[-2.3143546517297366f,0.8649531858550411f,-1.2334017447272174f,-0.6171257897893717f,-1.0926565083718986f,0.5926523548070353f,2.465872314750747f,0.8108348034640179f,1.0370755191062309f,2.554658588583001f,-0.15445127079324936f,-1.7010185307735495f,0f,0f,0f,1f],start_interpolation:0}
execute if entity @s[tag=aj.dino.bone.tail_3] run data modify entity @s {} merge value {transformation:[-1.6699375305380995f,0.5826206075850328f,-1.0990029107158934f,-0.43647690886527035f,-0.467878824206659f,1.4104361281531388f,1.458665438098751f,0.5496968240745783f,1.1525378848453318f,1.416745807144695f,-1.0002166105292483f,-1.5452827257188475f,0f,0f,0f,1f],start_interpolation:0}
execute if entity @s[tag=aj.dino.bone.tail_2] run data modify entity @s {} merge value {transformation:[-1.607560875023035f,0.583030401047701f,-0.9458316232565435f,-0.2616988450058634f,0.31827447130373654f,1.8354393715564516f,0.5904553744861336f,0.4406045541580912f,1.064529599876996f,0.33168017697382857f,-1.6048485493002476f,-1.2460788002647085f,0f,0f,0f,1f],start_interpolation:0}
execute if entity @s[tag=aj.dino.bone.tail_1] run data modify entity @s {} merge value {transformation:[-1.4293922919273196f,0.10550759330433285f,-0.48307563955750443f,-0.15767047716170865f,0.17787485251532525f,1.488463554524254f,-0.20122880930839512f,0.4655418828853888f,0.4613615313627866f,-0.24698308567217844f,-1.4190846143801412f,-0.9381292827809884f,0f,0f,0f,1f],start_interpolation:0}
execute if entity @s[tag=aj.dino.bone.tail_0] run data modify entity @s {} merge value {transformation:[-1.1860421723867418f,-0.05033986426946483f,-0.4739257114458952f,-0.02039315981627999f,0.0979648666319861f,1.2181724916183803f,-0.37455891679957676f,0.6043933761399957f,0.4664145868322979f,-0.3838715870100663f,-1.1264704853925191f,-0.6182119305410863f,0f,0f,0f,1f],start_interpolation:0}
execute if entity @s[tag=aj.dino.bone.body_1] run data modify entity @s {} merge value {transformation:[-1.2024369682542402f,0.026097485259172624f,-0.2864766198050881f,0.044450790557305005f,0.09989610034185395f,1.1925249054472282f,-0.3106601263130174f,0.596292488724425f,0.26976045219470546f,-0.32528121096595314f,-1.1619062041664472f,-0.32617501587093783f,0f,0f,0f,1f],start_interpolation:0}