execute if entity @s[tag=aj.dino.bone.head_lower] run data modify entity @s {} merge value {transformation:[0.045850369816333f,0.03562747675540173f,0.9983127899049218f,-0.3034410915132384f,-0.4683949539696557f,0.8834624155775347f,-0.01001635451009214f,0.5625975433058139f,-0.8823286863088324f,-0.46714541971633505f,0.0571948088079621f,0.4524946140065472f,0f,0f,0f,1f],start_interpolation:0}
execute if entity @s[tag=aj.dino.bone.head_upper] run data modify entity @s {} merge value {transformation:[0.04772563083750027f,-0.4695512548789768f,0.9277477166699187f,-0.2500134420095296f,-0.4875521124224505f,0.8101975458743631f,0.43513769879783226f,0.6106362114916374f,-0.9184155619419111f,-0.4545035734559683f,-0.18278758131280748f,0.42940285965054253f,0f,0f,0f,1f],start_interpolation:0}
execute if entity @s[tag=aj.dino.bone.neck_0] run data modify entity @s {} merge value {transformation:[-0.3263729336153125f,0.13521898258294612f,0.9355193931461643f,-0.19161040231857546f,-0.23573856829194098f,0.9467980351328947f,-0.21909086719476886f,0.5811772508918042f,-0.9153731674147986f,-0.2920433314043017f,-0.2771329229075401f,0.41651911603576963f,0f,0f,0f,1f],start_interpolation:0}
execute if entity @s[tag=aj.dino.bone.neck_1] run data modify entity @s {} merge value {transformation:[-0.44531358767063967f,-0.1730680206410269f,0.8784891967846278f,-0.11798813991780037f,-0.3904823694417966f,0.9204606935292952f,-0.016602133076489424f,0.5840112796747317f,-0.805741477020405f,-0.350427698532759f,-0.4774736645198456f,0.3744564532054138f,0f,0f,0f,1f],start_interpolation:0}
execute if entity @s[tag=aj.dino.bone.neck_2] run data modify entity @s {} merge value {transformation:[-0.7627951782406241f,-0.25421238903001275f,0.5945751233582748f,-0.06838779796953726f,-0.31009328885290993f,0.9506669258132782f,0.008634139975515098f,0.5940753184631773f,-0.5674378100384571f,-0.17778767513071442f,-0.803993702904678f,0.30227992242136553f,0f,0f,0f,1f],start_interpolation:0}
execute if entity @s[tag=aj.dino.bone.body_0] run data modify entity @s {} merge value {transformation:[-0.8860944730732723f,-0.1964931844010209f,0.4197940129074569f,0.12758770288829854f,-0.3272536426604381f,0.906604932081887f,-0.2664067388229351f,0.4771553667154437f,-0.3282402141031381f,-0.37344065875148574f,-0.8676407299319129f,-0.11019338901823911f,0f,0f,0f,1f],start_interpolation:0}
execute if entity @s[tag=aj.dino.bone.leg_left_3] run data modify entity @s {} merge value {transformation:[-0.9860586256127815f,0.08306863048154084f,-0.1441804060354715f,0.4054862386957751f,0.07860172798129461f,0.9962407632218515f,0.03641579401161746f,0.013499090380214074f,0.146663407886857f,0.024575278738261097f,-0.9888811356588563f,-0.23686080781573263f,0f,0f,0f,1f],start_interpolation:0}
execute if entity @s[tag=aj.dino.bone.leg_left_2] run data modify entity @s {} merge value {transformation:[-0.9271714541880082f,-0.2083908287172018f,0.38599035809997384f,0.3674010763980782f,-0.32624874070005494f,0.9309246012959712f,-0.28107533757741693f,0.22130364118439447f,-0.2932184394461179f,-0.37684857530470833f,-0.9077831776147255f,-0.35321312254924564f,0f,0f,0f,1f],start_interpolation:0}
execute if entity @s[tag=aj.dino.bone.leg_left_1] run data modify entity @s {} merge value {transformation:[-0.8885465444608577f,-0.42350313289097274f,0.17643733946701848f,0.26068689459372435f,0.03792315804084767f,0.3154593938247785f,0.9481809979808242f,0.255960872532012f,-0.4572164393488908f,0.8491940103882232f,-0.26423977806130516f,-0.09939360916047837f,0f,0f,0f,1f],start_interpolation:0}
execute if entity @s[tag=aj.dino.bone.leg_left_0] run data modify entity @s {} merge value {transformation:[-0.9059998828190312f,0.2772862823810101f,0.319807019834181f,0.23817850802760038f,-0.0062530124437082946f,0.7466981937597528f,-0.6651336010692148f,0.6025578103754039f,-0.42323174758904886f,-0.6046107219023173f,-0.6747746014733202f,-0.3310640944973614f,0f,0f,0f,1f],start_interpolation:0}
execute if entity @s[tag=aj.dino.bone.leg_right_3] run data modify entity @s {} merge value {transformation:[-0.4487324998911869f,0.035265621642230974f,0.892970032795946f,-0.16653627259212606f,0.009653171672594746f,0.9993540619265722f,-0.03461611167535153f,0.019998914808986995f,-0.893613988150401f,-0.006913381303531446f,-0.4487830715845763f,-0.2816595160783487f,0f,0f,0f,1f],start_interpolation:0}
execute if entity @s[tag=aj.dino.bone.leg_right_2] run data modify entity @s {} merge value {transformation:[-0.9323842927256242f,0.31005104364350194f,0.2942619250171637f,-0.08372333222605755f,0.25628724183276175f,0.9705807343296565f,-0.21059935261665633f,0.23933381300194123f,-0.3421090174973279f,-0.11791347668682599f,-0.9597499839350522f,-0.33827480914151337f,0f,0f,0f,1f],start_interpolation:0}
execute if entity @s[tag=aj.dino.bone.leg_right_1] run data modify entity @s {} merge value {transformation:[-0.9366841779398196f,-0.253461430631128f,-0.24161964733776525f,-0.15842093306899302f,-0.27087009519412086f,0.0871448729140355f,0.9586632164917588f,0.20676990244014465f,-0.22192823688465615f,0.9634122037358768f,-0.15028234549024522f,-0.07299524751454133f,0f,0f,0f,1f],start_interpolation:0}
execute if entity @s[tag=aj.dino.bone.leg_right_0] run data modify entity @s {} merge value {transformation:[-0.943824007210418f,-0.09000117564173593f,0.31795602179605564f,-0.10989820073508615f,-0.21888008140574844f,0.8911220125612778f,-0.3974834193932507f,0.6144614189125965f,-0.2475636350053888f,-0.4447486336256056f,-0.8607618134600739f,-0.14876100764203928f,0f,0f,0f,1f],start_interpolation:0}
execute if entity @s[tag=aj.dino.bone.tail_4] run data modify entity @s {} merge value {transformation:[-0.0026424956241473236f,-2.435742589143153f,1.3010812381442922f,-0.7344571457857776f,2.736836648415968f,0.17104742577900212f,0.325774875675869f,0.5652296900104758f,-0.3679395449039522f,1.289791513838025f,2.4138599117859516f,0.16474970830219027f,0f,0f,0f,1f],start_interpolation:0}
execute if entity @s[tag=aj.dino.bone.tail_3] run data modify entity @s {} merge value {transformation:[0.12602117559892625f,-2.011017707758375f,0.5252351553612521f,-0.803838231480319f,2.078329556084254f,0.11566741290628321f,-0.05579275887281783f,0.5735581837009821f,0.024707198378965466f,0.5276119357238435f,2.014189843503944f,-0.1819455535279355f,0f,0f,0f,1f],start_interpolation:0}
execute if entity @s[tag=aj.dino.bone.tail_2] run data modify entity @s {} merge value {transformation:[0.26236851695276975f,-1.9114170238728458f,-0.3105182718679422f,-0.7463743830686028f,1.9279109662222176f,0.28726636999123245f,-0.13932413285196676f,0.600952175679301f,0.18192290299711072f,-0.2876401719577946f,1.924302747450091f,-0.5396031541718301f,0f,0f,0f,1f],start_interpolation:0}
execute if entity @s[tag=aj.dino.bone.tail_1] run data modify entity @s {} merge value {transformation:[0.45080109932442053f,-0.5059161085693985f,-1.3522142988217107f,-0.449639333567132f,0.9233363057050542f,1.1900509732544304f,-0.13742269689948022f,0.6150947335056152f,1.1099030072104663f,-0.7845277701561494f,0.6635418166468355f,-0.6738602785798746f,0f,0f,0f,1f],start_interpolation:0}
execute if entity @s[tag=aj.dino.bone.tail_0] run data modify entity @s {} merge value {transformation:[-0.4187383231366971f,-0.08227113577696012f,-1.2048756755527368f,-0.09953200631394486f,0.09215361599844998f,1.2693516601056711f,-0.11870042388051978f,0.6804134729279114f,1.2041601406702949f,-0.12575189775495968f,-0.40990307685591837f,-0.557111689788861f,0f,0f,0f,1f],start_interpolation:0}
execute if entity @s[tag=aj.dino.bone.body_1] run data modify entity @s {} merge value {transformation:[-1.0947405740698177f,0.15593291427634987f,-0.5530213348387385f,0.018534519087542983f,0.03743819369538217f,1.2067973142622574f,0.2661638949941924f,0.5372477325581395f,0.573363804398536f,0.2189286723819814f,-1.0732794506888457f,-0.32233565146504467f,0f,0f,0f,1f],start_interpolation:0}