execute if entity @s[tag=aj.dino.bone.head_lower] run data modify entity @s {} merge value {transformation:[-0.9559470483099569f,-0.2792854847368242f,-0.09035960846970309f,0.07579648735103871f,-0.29034788069950845f,0.944907791784893f,0.15115347563817888f,0.27096353144882457f,0.043166526392390075f,0.17073043969812401f,-0.9843717630853194f,0.6710566504731136f,0f,0f,0f,1f],start_interpolation:0}
execute if entity @s[tag=aj.dino.bone.head_upper] run data modify entity @s {} merge value {transformation:[-0.9950448842745642f,-0.14560238088444752f,-0.2686216066203661f,0.05370006811543574f,-0.30222298804183473f,0.6035896871708467f,0.7923463242948577f,0.3390454278082601f,0.04493201933578617f,0.8354348441412335f,-0.6192751225559028f,0.6471388717956439f,0f,0f,0f,1f],start_interpolation:0}
execute if entity @s[tag=aj.dino.bone.neck_0] run data modify entity @s {} merge value {transformation:[-0.9497803647407619f,-0.26851203425855386f,-0.1606815055046428f,0.04797545224812012f,-0.3071637675918609f,0.701997601140736f,0.6425338807186948f,0.36929738826694414f,-0.05973004797987856f,0.6596216002004375f,-0.7492207057451999f,0.588005261083336f,0f,0f,0f,1f],start_interpolation:0}
execute if entity @s[tag=aj.dino.bone.neck_1] run data modify entity @s {} merge value {transformation:[-0.9556161350457674f,-0.29431728872468926f,-0.013233895795928055f,0.04549848461982914f,-0.19754062479296233f,0.6067728148170294f,0.7699379538348693f,0.4373165649036618f,-0.2185760828558232f,0.7383793637126967f,-0.6379815132483364f,0.5373614748350445f,0f,0f,0f,1f],start_interpolation:0}
execute if entity @s[tag=aj.dino.bone.neck_2] run data modify entity @s {} merge value {transformation:[-0.9942701954855714f,-0.0806083894519321f,-0.07020730673547591f,0.0385585914820231f,-0.10689547659815375f,0.7474951496733621f,0.6556099132088012f,0.5020713550748727f,-0.0003680379560842481f,0.6593582400825548f,-0.7518288207985238f,0.4779511606862461f,0f,0f,0f,1f],start_interpolation:0}
execute if entity @s[tag=aj.dino.bone.body_0] run data modify entity @s {} merge value {transformation:[-0.9945668448572778f,-0.1038965087546816f,0.006504350792200839f,0.0406343235025476f,-0.09997988786747601f,0.9707420925071705f,0.21832043389661704f,0.6142124887274676f,-0.028996777970087456f,0.21648396084557534f,-0.9758554614101234f,0.02009642151364041f,0f,0f,0f,1f],start_interpolation:0}
execute if entity @s[tag=aj.dino.bone.leg_left_3] run data modify entity @s {} merge value {transformation:[-0.9864509874399918f,0.032289808571512646f,-0.1608471872339701f,0.2774314598584727f,0.03483252175688607f,0.9993084400844364f,-0.013012955239542823f,0.024706767516904093f,0.16031576593311336f,-0.018439355694420734f,-0.9868935329380029f,-0.15363984263873257f,0f,0f,0f,1f],start_interpolation:0}
execute if entity @s[tag=aj.dino.bone.leg_left_2] run data modify entity @s {} merge value {transformation:[-1.017214958292156f,-0.10228840363435227f,-0.08290362241372376f,0.24944800302069642f,-0.078879132833365f,0.9905377530885663f,-0.2543132745461892f,0.24761788890614042f,0.10542300759719304f,-0.2458337684063864f,-0.990209042213295f,-0.241381680837035f,0f,0f,0f,1f],start_interpolation:0}
execute if entity @s[tag=aj.dino.bone.leg_left_1] run data modify entity @s {} merge value {transformation:[-0.9604844090899313f,0.0683922214929571f,0.26980030380713765f,0.2728474832904016f,0.2663358230088325f,0.5073709164624826f,0.8195364436742446f,0.33668532748192903f,-0.08083890942716436f,0.8590094627926275f,-0.5055371534866134f,0.020406098420174407f,0f,0f,0f,1f],start_interpolation:0}
execute if entity @s[tag=aj.dino.bone.leg_left_0] run data modify entity @s {} merge value {transformation:[-0.98505802351017f,0.15117072316723115f,-0.08251122817734384f,0.22438071457826164f,0.16949210155258113f,0.7659608638261202f,-0.6201422277171854f,0.7076177096138301f,-0.030546977420472257f,-0.6248610785957469f,-0.7801381381695377f,-0.16497841760263254f,0f,0f,0f,1f],start_interpolation:0}
execute if entity @s[tag=aj.dino.bone.leg_right_3] run data modify entity @s {} merge value {transformation:[-0.9602466150004715f,0.0033563213871548384f,0.27913289574480893f,-0.21502378691730872f,0.007065906368671229f,0.9998995760783643f,0.012284572662345172f,0.029023158626111573f,-0.279063633150802f,0.013768546221492983f,-0.9601738987223206f,-0.17501852803830836f,0f,0f,0f,1f],start_interpolation:0}
execute if entity @s[tag=aj.dino.bone.leg_right_2] run data modify entity @s {} merge value {transformation:[-1.0165093073746172f,0.10666213419855276f,0.08598963105910208f,-0.18592654307711226f,0.07651378423109252f,0.9759657990622163f,-0.30610226948551367f,0.24694073632638242f,-0.11365152152130825f,-0.296944687929847f,-0.9751765909140928f,-0.27419691175253413f,0f,0f,0f,1f],start_interpolation:0}
execute if entity @s[tag=aj.dino.bone.leg_right_1] run data modify entity @s {} merge value {transformation:[-0.9614044597528417f,-0.011178813273774282f,-0.2749118020404668f,-0.19353015693847847f,-0.24865942640985497f,0.46298981805539713f,0.8507696033795238f,0.32264676419388855f,0.11777077067281437f,0.8862931019199124f,-0.44790019319521523f,-0.007318347494298355f,0f,0f,0f,1f],start_interpolation:0}
execute if entity @s[tag=aj.dino.bone.leg_right_0] run data modify entity @s {} merge value {transformation:[-0.9758151585062562f,-0.21815211517057834f,0.013943854417371823f,-0.1668553667570657f,-0.19851993509967214f,0.8576814228534201f,-0.4743125681026752f,0.7210954024781662f,0.09151290508683516f,-0.46560952689859736f,-0.8802460773351007f,-0.12911496806578876f,0f,0f,0f,1f],start_interpolation:0}
execute if entity @s[tag=aj.dino.bone.tail_4] run data modify entity @s {} merge value {transformation:[-1.6363407176390448f,-0.4360306515100573f,2.181267443102805f,-0.013684642291854426f,1.0995542867440542f,2.195374900457862f,1.2637130799918175f,0.8790379288825105f,-1.9336573527642662f,1.6173644144049126f,-1.1272812092452102f,-1.865151209023205f,0f,0f,0f,1f],start_interpolation:0}
execute if entity @s[tag=aj.dino.bone.tail_3] run data modify entity @s {} merge value {transformation:[-1.9798384078448377f,-0.004103056094627913f,0.6451112848164623f,-0.1230315250470082f,0.22591167399714976f,1.945996170037573f,0.7056970651741061f,0.7403346847931375f,-0.6042758645011961f,0.7409639648284019f,-1.8498023160466501f,-1.5587440081522397f,0f,0f,0f,1f],start_interpolation:0}
execute if entity @s[tag=aj.dino.bone.tail_2] run data modify entity @s {} merge value {transformation:[-1.9464060968366015f,0.1736334646434528f,-0.011340244970634055f,-0.12232134194414152f,0.17193140955841305f,1.9387356969223262f,0.17469219470009442f,0.7084482489300971f,0.026772590598229718f,0.17300055617768767f,-1.9463113602293047f,-1.196868014451285f,0f,0f,0f,1f],start_interpolation:0}
execute if entity @s[tag=aj.dino.bone.tail_1] run data modify entity @s {} merge value {transformation:[-1.5058696835914682f,0.06645226878457439f,-0.1248873172644604f,-0.09482062939456845f,0.06663966807231184f,1.5110311603941822f,0.0004867823172156346f,0.6898090381869029f,0.12478742195968079f,-0.0050177974445895605f,-1.5073351223365896f,-0.8725641945062147f,0f,0f,0f,1f],start_interpolation:0}
execute if entity @s[tag=aj.dino.bone.tail_0] run data modify entity @s {} merge value {transformation:[-1.2404710632833773f,0.013321977114739718f,-0.30804185213439667f,-0.004482157603341662f,0.00818925318472144f,1.2779951941402663f,0.022292071924498776f,0.7141350772378452f,0.3082210146516809f,0.019660245780886057f,-1.2403422904371804f,-0.5096329122511589f,0f,0f,0f,1f],start_interpolation:0}
execute if entity @s[tag=aj.dino.bone.body_1] run data modify entity @s {} merge value {transformation:[-1.2304816768704625f,0.04419059067526687f,-0.11210097964815317f,0.01860320000000006f,0.04238886674115094f,1.235449459807403f,0.02173502459734007f,0.6258657f,0.11279460057425436f,0.01778817060906059f,-1.2310830817308502f,-0.22462150000000014f,0f,0f,0f,1f],start_interpolation:0}