execute if entity @s[tag=aj.dino.bone.head_lower] run data modify entity @s {} merge value {transformation:[-0.9921276159112485f,0.03274977741138214f,0.12087284982892796f,0.09277827682205117f,0.04391513817023415f,0.9948915769354174f,0.09089670391410076f,0.5572532575401319f,-0.1172785333543649f,0.09548927804975488f,-0.9884976193151835f,0.8049969345524849f,0f,0f,0f,1f],start_interpolation:0}
execute if entity @s[tag=aj.dino.bone.head_upper] run data modify entity @s {} merge value {transformation:[-1.0327052220155122f,-0.028475115941530647f,0.12720469636579843f,0.10058745102822034f,0.045711249023422496f,0.8721491924742034f,0.5663375410149152f,0.6158931452463384f,-0.12207517650250288f,0.5674653261849736f,-0.8640328103973662f,0.7581371771926986f,0f,0f,0f,1f],start_interpolation:0}
execute if entity @s[tag=aj.dino.bone.neck_0] run data modify entity @s {} merge value {transformation:[-0.9984894946735979f,-0.007173825153151126f,0.05447261017368865f,0.10454883368931933f,-0.015391006819532687f,0.9882655142946757f,-0.15196838541275945f,0.5900301554290635f,-0.052743207482515965f,-0.15257722467180965f,-0.9868831463632886f,0.6968171196305863f,0f,0f,0f,1f],start_interpolation:0}
execute if entity @s[tag=aj.dino.bone.neck_1] run data modify entity @s {} merge value {transformation:[-0.9995597535097047f,-0.016015061102566376f,-0.024976328423114577f,0.10235923147295409f,-0.016294564706502174f,0.999806420328865f,0.01102764844409293f,0.5955703251928165f,0.024794885050022503f,0.011429771960190599f,-0.9996272175107548f,0.6121882297308947f,0f,0f,0f,1f],start_interpolation:0}
execute if entity @s[tag=aj.dino.bone.neck_2] run data modify entity @s {} merge value {transformation:[-0.9938427526877728f,0.015022831338206068f,-0.10977657978172856f,0.09288906266779692f,-0.0015685078781829532f,0.9887588169947804f,0.14951100828406694f,0.6183491776437025f,0.11078863981937172f,0.14876261746038916f,-0.9826472209970917f,0.5275574423189651f,0f,0f,0f,1f],start_interpolation:0}
execute if entity @s[tag=aj.dino.bone.body_0] run data modify entity @s {} merge value {transformation:[-0.988170423412943f,-0.024016938465034526f,-0.15146749142522795f,0.021274210602127305f,-0.011777156376817595f,0.9966287964854689f,-0.08119323003552631f,0.5895772478750912f,0.15290687649533863f,-0.07844889216995127f,-0.9851219510485726f,0.06252583723805533f,0f,0f,0f,1f],start_interpolation:0}
execute if entity @s[tag=aj.dino.bone.leg_left_3] run data modify entity @s {} merge value {transformation:[-0.9871575285196036f,0.052776923901673684f,-0.15078000593760799f,0.21314148762448398f,0.053967957168529715f,0.9985353795293714f,-0.003815157557594734f,0.024399467206762587f,0.15035781817426017f,-0.011903450407779487f,-0.9885599801642111f,-0.19735759377233902f,0f,0f,0f,1f],start_interpolation:0}
execute if entity @s[tag=aj.dino.bone.leg_left_2] run data modify entity @s {} merge value {transformation:[-1.0165331501599768f,-0.06493588686831474f,-0.1204403782921419f,0.19270585206506122f,-0.03416861971683182f,0.9947035434933953f,-0.24791039810589494f,0.24854886877142046f,0.13249550767167662f,-0.24168241694215614f,-0.9879760874072392f,-0.2840207499778673f,0f,0f,0f,1f],start_interpolation:0}
execute if entity @s[tag=aj.dino.bone.leg_left_1] run data modify entity @s {} merge value {transformation:[-0.949241486895006f,0.05518425720340182f,0.3096696583688288f,0.21017871030796748f,0.30621131456057343f,0.38727957026230053f,0.8696258766231217f,0.30154054041451833f,-0.07193907417004929f,0.9203093133367478f,-0.38451987906114754f,-0.012175265150439984f,0f,0f,0f,1f],start_interpolation:0}
execute if entity @s[tag=aj.dino.bone.leg_left_0] run data modify entity @s {} merge value {transformation:[-0.9656074553858983f,0.2511521633266378f,-0.06726687862180239f,0.20198854603346472f,0.25554896267675276f,0.8690602783668508f,-0.4235905573071324f,0.7069588843195157f,-0.04792671257248969f,-0.42621218122113924f,-0.9033527587829199f,-0.11155416733263844f,0f,0f,0f,1f],start_interpolation:0}
execute if entity @s[tag=aj.dino.bone.leg_right_3] run data modify entity @s {} merge value {transformation:[-0.9696969458302749f,0.03502636419559006f,0.2417870696680755f,-0.22843190656001652f,0.04129366162796884f,0.9989284240441194f,0.02090064941781833f,0.029316816102886584f,-0.24079590269934353f,0.03025156934721951f,-0.9701042087297831f,-0.10123027425272421f,0f,0f,0f,1f],start_interpolation:0}
execute if entity @s[tag=aj.dino.bone.leg_right_2] run data modify entity @s {} merge value {transformation:[-1.005740172422791f,0.13391414135442403f,0.15038586310214275f,-0.19100883441263006f,0.06468081778420265f,0.9402611657181412f,-0.4047067228918034f,0.23588273374595128f,-0.19069687172692648f,-0.38734757323154034f,-0.930407846122277f,-0.21997835804924587f,0f,0f,0f,1f],start_interpolation:0}
execute if entity @s[tag=aj.dino.bone.leg_right_1] run data modify entity @s {} merge value {transformation:[-0.9642852943233496f,-0.08498108178841457f,-0.2508626853276542f,-0.21999506689578613f,-0.261487495238627f,0.4562299297593982f,0.8505754176000877f,0.30950713108722033f,0.042168246176001754f,0.8857948221398708f,-0.46215730231668395f,0.046015311240707346f,0f,0f,0f,1f],start_interpolation:0}
execute if entity @s[tag=aj.dino.bone.leg_right_0] run data modify entity @s {} merge value {transformation:[-0.9772700699119413f,-0.19256924972631495f,0.08865830200355404f,-0.1891886645636256f,-0.21147028793232986f,0.8560032580764293f,-0.47174011858687137f,0.708593264240888f,0.014950845331510365f,-0.4797660953239423f,-0.8772690385517381f,-0.07267968639716771f,0f,0f,0f,1f],start_interpolation:0}
execute if entity @s[tag=aj.dino.bone.tail_4] run data modify entity @s {} merge value {transformation:[-2.6690341685566965f,0.16456173623889792f,0.6890844459446894f,0.15444091495002943f,0.4287966784419879f,2.5133291051987476f,1.060646759820621f,0.8695469104480911f,-0.563960412825208f,1.1321473294262114f,-2.4547611714460356f,-1.8280401867255476f,0f,0f,0f,1f],start_interpolation:0}
execute if entity @s[tag=aj.dino.bone.tail_3] run data modify entity @s {} merge value {transformation:[-1.973314561164246f,0.2941717781746389f,0.5961863246227412f,0.050471044046383196f,0.4016365680761955f,2.015566850892975f,0.3348490149452403f,0.7930449875818018f,-0.529776590579064f,0.43231789293457795f,-1.966820665329575f,-1.4987706540068264f,0f,0f,0f,1f],start_interpolation:0}
execute if entity @s[tag=aj.dino.bone.tail_2] run data modify entity @s {} merge value {transformation:[-1.8615990346018112f,0.3533630099507066f,0.477867651731058f,-0.03965597502921078f,0.376263605046959f,1.9169954617068692f,0.048249086158291946f,0.7848099686960971f,-0.4600528327153795f,0.13797412074958504f,-1.8942250151755227f,-1.1469457133536087f,0f,0f,0f,1f],start_interpolation:0}
execute if entity @s[tag=aj.dino.bone.tail_1] run data modify entity @s {} merge value {transformation:[-1.4939360217841282f,0.1702071478619419f,0.1638320470253469f,-0.07556414572279162f,0.17516841973624458f,1.5018665665281858f,0.03700123068150281f,0.7583215984301986f,-0.1585163636440077f,0.05552110555042998f,-1.50314544183041f,-0.8240128309818605f,0f,0f,0f,1f],start_interpolation:0}
execute if entity @s[tag=aj.dino.bone.tail_0] run data modify entity @s {} merge value {transformation:[-1.266578382389708f,0.08084950523534463f,-0.15191535587391344f,-0.02921990531297736f,0.06420071452829398f,1.2688980274629884f,0.14004206774616487f,0.74801882110042f,0.1596658576564016f,0.1311368368833293f,-1.2614062234249155f,-0.45223604921501653f,0f,0f,0f,1f],start_interpolation:0}
execute if entity @s[tag=aj.dino.bone.body_1] run data modify entity @s {} merge value {transformation:[-1.2302965217476087f,0.02079530663055877f,-0.12059278110287985f,-0.0025844844176899848f,0.005140309501694112f,1.2260917072863329f,0.15898835680062348f,0.6284702777777778f,0.12226463450324815f,0.15770629537870898f,-1.2201576449803362f,-0.17918912659878117f,0f,0f,0f,1f],start_interpolation:0}