execute if entity @s[tag=aj.dino.bone.head_lower] run data modify entity @s {} merge value {transformation:[-0.1493198618433384f,0.026751104263916137f,0.9884270116097329f,0.006719451751368684f,0.1914818751426834f,0.981493304093503f,0.002363368667822663f,0.2414026338987338f,-0.9700712707584574f,0.18961875550767476f,-0.15167879617399566f,0.46929656541530645f,0f,0f,0f,1f],start_interpolation:0}
execute if entity @s[tag=aj.dino.bone.head_upper] run data modify entity @s {} merge value {transformation:[-0.15542698197612184f,-0.4430164894814919f,0.9290052668875437f,0.06076656021592479f,0.1993134040519045f,0.9087975033045347f,0.46672605191503247f,0.29404617860949356f,-1.0097467815361156f,0.24757914011169538f,-0.050871889511959f,0.47103546124416207f,0f,0f,0f,1f],start_interpolation:0}
execute if entity @s[tag=aj.dino.bone.neck_0] run data modify entity @s {} merge value {transformation:[-0.5682823755141178f,0.1826331018806009f,0.8023093491774237f,0.1098645356257666f,0.26870758131923134f,0.9627900650047598f,-0.02883620068072107f,0.2764668616819889f,-0.7777219152252302f,0.19919950006363016f,-0.5962115243374618f,0.4295012261926554f,0f,0f,0f,1f],start_interpolation:0}
execute if entity @s[tag=aj.dino.bone.neck_1] run data modify entity @s {} merge value {transformation:[-0.7943053282226966f,-0.05161498017846726f,0.605322178164827f,0.16090548520810616f,0.1610145967340314f,0.9428662109650141f,0.2916806607559963f,0.3055197087323337f,-0.5857929200627228f,0.32914920938937975f,-0.740612889951785f,0.3682779431335643f,0f,0f,0f,1f],start_interpolation:0}
execute if entity @s[tag=aj.dino.bone.neck_2] run data modify entity @s {} merge value {transformation:[-0.9655551474335019f,-0.007481738281557697f,0.26009090883180597f,0.18361814860972575f,0.11104464937165387f,0.8921381212165387f,0.43790256738017747f,0.35261784769712834f,-0.2353132871526702f,0.4517007817842589f,-0.8605777481581164f,0.29730731102845864f,0f,0f,0f,1f],start_interpolation:0}
execute if entity @s[tag=aj.dino.bone.body_0] run data modify entity @s {} merge value {transformation:[-0.9972637647826101f,-0.0427789193432874f,-0.06029052588454792f,0.1547959271694164f,-0.05482108907196395f,0.9750915004983741f,0.21492141319280672f,0.46319846918622126f,0.04959467355047947f,0.21763852994276964f,-0.9747686077422537f,-0.16002419937231915f,0f,0f,0f,1f],start_interpolation:0}
execute if entity @s[tag=aj.dino.bone.leg_left_3] run data modify entity @s {} merge value {transformation:[-0.8850782521134132f,0.078029743326198f,-0.45885493000763655f,0.3996960387367113f,0.06916227628746599f,0.9969510022908316f,0.036128639194479784f,0.018030704620495025f,0.4602749908202726f,0.00024122138443266605f,-0.8877763652168512f,-0.3499350500022192f,0f,0f,0f,1f],start_interpolation:0}
execute if entity @s[tag=aj.dino.bone.leg_left_2] run data modify entity @s {} merge value {transformation:[-0.95705373420166f,-0.36413401684675f,-0.059302336601548454f,0.31149946790324795f,-0.32749725705214283f,0.9144347228192578f,-0.32957075693466287f,0.22049082609726195f,0.16987023275040106f,-0.2885788540039175f,-0.9694991225100759f,-0.44690069428330675f,0f,0f,0f,1f],start_interpolation:0}
execute if entity @s[tag=aj.dino.bone.leg_left_1] run data modify entity @s {} merge value {transformation:[-0.9995187468190299f,-0.01020321602450914f,0.029294524062922187f,0.3270799418001752f,0.023158666039789364f,0.38286174672042145f,0.9235153269358594f,0.2750613891850648f,-0.020638579034745648f,0.9237493043466647f,-0.3824412004144967f,-0.17525259814200655f,0f,0f,0f,1f],start_interpolation:0}
execute if entity @s[tag=aj.dino.bone.leg_left_0] run data modify entity @s {} merge value {transformation:[-0.9996237385689828f,-0.0274195085158227f,-0.0007428607679066668f,0.20014275016527872f,-0.018972527602781647f,0.7107267366120682f,-0.7032123072452032f,0.6091556389797392f,0.019809706856272535f,-0.7029336216297459f,-0.7109795349352597f,-0.39106561952494434f,0f,0f,0f,1f],start_interpolation:0}
execute if entity @s[tag=aj.dino.bone.leg_right_3] run data modify entity @s {} merge value {transformation:[-0.7639416846192949f,0.01951887228038359f,0.6449900124233986f,-0.20274463837125928f,0.008759602410379597f,0.9997639984346196f,-0.019880060352892942f,0.02080396724444697f,-0.6452258301297664f,-0.009537350728827582f,-0.7639323707465406f,-0.2266686588879135f,0f,0f,0f,1f],start_interpolation:0}
execute if entity @s[tag=aj.dino.bone.leg_right_2] run data modify entity @s {} merge value {transformation:[-0.9979913366911113f,0.22848641021735272f,-0.06220491729896377f,-0.1498589363767956f,0.23661535147389184f,0.9728954731178378f,-0.22259778375895933f,0.24033814096675f,0.00941630697619745f,-0.23093409933030984f,-0.999321256868943f,-0.3113971733245193f,0f,0f,0f,1f],start_interpolation:0}
execute if entity @s[tag=aj.dino.bone.leg_right_1] run data modify entity @s {} merge value {transformation:[-0.9824503772379404f,0.088474932359726f,-0.1642054889733307f,-0.13668033202591187f,-0.15465186496731065f,0.10578685100761856f,0.982289134021152f,0.21390020191395703f,0.1042787462868702f,0.9904450153834056f,-0.09024751838696041f,-0.03546104769800891f,0f,0f,0f,1f],start_interpolation:0}
execute if entity @s[tag=aj.dino.bone.leg_right_0] run data modify entity @s {} merge value {transformation:[-0.9913022469232015f,-0.12336116977390221f,-0.045846232528166886f,-0.06611947832551783f,-0.10007048645302427f,0.9328072854943641f,-0.34620292585374157f,0.6199694987249834f,0.08547369762720791f,-0.33860388349906834f,-0.937038770325584f,-0.1020656322018044f,0f,0f,0f,1f],start_interpolation:0}
execute if entity @s[tag=aj.dino.bone.tail_4] run data modify entity @s {} merge value {transformation:[0.34443886871516505f,-2.162449922624258f,1.6825081068038166f,-0.4075290337662252f,2.6441844700898005f,-0.1819358569429516f,-0.7751446082469741f,0.3133462006099976f,0.7178521334189503f,1.7077385653842856f,2.047920564486105f,0.41806815762798955f,0f,0f,0f,1f],start_interpolation:0}
execute if entity @s[tag=aj.dino.bone.tail_3] run data modify entity @s {} merge value {transformation:[0.5621341969716092f,-1.7254938974395768f,1.0210883803757191f,-0.563782577238328f,1.7949543491131819f,-0.03941132974823031f,-1.054765925564338f,0.49258119443321174f,0.8933585815556945f,1.1649305056657675f,1.4767507872943704f,0.1562660365969143f,0f,0f,0f,1f],start_interpolation:0}
execute if entity @s[tag=aj.dino.bone.tail_2] run data modify entity @s {} merge value {transformation:[0.625560366540863f,-1.6712701246341943f,0.7964322151452963f,-0.7117727025885043f,1.7170952809468123f,0.20948461802898455f,-0.9091060806980749f,0.6629015742121178f,0.6921213036500362f,0.9908310856635614f,1.5355766785541254f,-0.12844675728483063f,0f,0f,0f,1f],start_interpolation:0}
execute if entity @s[tag=aj.dino.bone.tail_1] run data modify entity @s {} merge value {transformation:[1.0921423511903279f,-0.7604709918633059f,-0.7187247075695277f,-0.5488585941979537f,0.6944833933626333f,1.3039013462390483f,-0.3243306115979814f,0.71609156639147f,0.7826711640784945f,-0.09581962121840379f,1.2906977566841809f,-0.40576696033195897f,0f,0f,0f,1f],start_interpolation:0}
execute if entity @s[tag=aj.dino.bone.tail_0] run data modify entity @s {} merge value {transformation:[0.2604146686818544f,0.04012689972278644f,-1.250763666260731f,-0.1823880468941847f,-0.06262366583618456f,1.276375737003676f,0.027910052841024827f,0.7387368204590629f,1.2498392670245988f,0.055592503910044784f,0.2620057188239479f,-0.4809895748030836f,0f,0f,0f,1f],start_interpolation:0}
execute if entity @s[tag=aj.dino.bone.body_1] run data modify entity @s {} merge value {transformation:[-0.8374247903781916f,0.34723601422263306f,-0.8406851169986722f,-0.010329343030996963f,0.03401081062706323f,1.1538832821581608f,0.4427202626632876f,0.5580883333333333f,0.9089376107724788f,0.2767401608710592f,-0.7911080192619264f,-0.3157084557025153f,0f,0f,0f,1f],start_interpolation:0}