execute if entity @s[tag=aj.dino.bone.head_lower] run data modify entity @s {} merge value {transformation:[0.10398664425360148f,0.1734369335583985f,0.9793397816359422f,-0.5339322432586437f,-0.45669703283113366f,0.883055430177096f,-0.10789312970705112f,0.8307503343995634f,-0.8835239657304794f,-0.4360421279103702f,0.17103410381348766f,0.07548752463614061f,0f,0f,0f,1f],start_interpolation:0}
execute if entity @s[tag=aj.dino.bone.head_upper] run data modify entity @s {} merge value {transformation:[0.10823965467580535f,-0.22331696568745313f,1.0108835999141141f,-0.46922551382785516f,-0.47537575118349673f,0.8921818373075809f,0.2479947720188934f,0.8677325777295661f,-0.9196597277938704f,-0.4874556847531123f,-0.009213200284684036f,0.0636212136488097f,0f,0f,0f,1f],start_interpolation:0}
execute if entity @s[tag=aj.dino.bone.neck_0] run data modify entity @s {} merge value {transformation:[0.0069175583228409145f,0.3413017841721401f,0.9399283161538247f,-0.41399018967374823f,-0.4116229458371372f,0.8575958489175844f,-0.3083762480796556f,0.8340050083674949f,-0.9113279858795117f,-0.38476285168950747f,0.14642011512272063f,0.07962890819906562f,0f,0f,0f,1f],start_interpolation:0}
execute if entity @s[tag=aj.dino.bone.neck_1] run data modify entity @s {} merge value {transformation:[-0.043197271807062565f,0.10171736295691824f,0.9938750292574603f,-0.32932733090941024f,-0.6404031545340954f,0.7607320681670053f,-0.10569068135427412f,0.8285562180131321f,-0.7668231839030473f,-0.641046253039078f,0.03227857018754088f,0.07941010679321464f,0f,0f,0f,1f],start_interpolation:0}
execute if entity @s[tag=aj.dino.bone.neck_2] run data modify entity @s {} merge value {transformation:[-0.41278188393527415f,0.13041757177193553f,0.9014446035491909f,-0.24907715326534485f,-0.45726103731554557f,0.8262685445611284f,-0.3289264903013225f,0.8078294759831528f,-0.7877331147336369f,-0.5479703908442013f,-0.28143381230778997f,0.04938942147360087f,0f,0f,0f,1f],start_interpolation:0}
execute if entity @s[tag=aj.dino.bone.body_0] run data modify entity @s {} merge value {transformation:[-0.6060320277710967f,0.36062951351150874f,0.7089933252860038f,0.08850418912006792f,-0.370974087731002f,0.6603113319570252f,-0.6529679709765941f,0.5063784107178309f,-0.7036358486801277f,-0.6587376555758688f,-0.2663856106823429f,-0.08243241748637686f,0f,0f,0f,1f],start_interpolation:0}
execute if entity @s[tag=aj.dino.bone.leg_left_3] run data modify entity @s {} merge value {transformation:[-0.9879460173916174f,0.06255112089685097f,0.1415981073128767f,0.4026136253807571f,0.06309692159259403f,0.9980072011001135f,-0.0006364258433716186f,0.010161262466684695f,-0.14135573991026895f,0.008305650297456668f,-0.9899240228257704f,-0.1479359279919902f,0f,0f,0f,1f],start_interpolation:0}
execute if entity @s[tag=aj.dino.bone.leg_left_2] run data modify entity @s {} merge value {transformation:[-0.7336014837208874f,-0.08929267327266324f,0.7112790458624715f,0.4026432479063849f,-0.3381534390500987f,0.9404742132221461f,-0.2307004668904454f,0.2217301543948876f,-0.6320943871304336f,-0.39949627315495645f,-0.7020837649413323f,-0.26373607979151903f,0f,0f,0f,1f],start_interpolation:0}
execute if entity @s[tag=aj.dino.bone.leg_left_1] run data modify entity @s {} merge value {transformation:[-0.6511231004765623f,-0.7253079996471689f,0.22353302591252747f,0.20671190032961337f,0.03373025018426469f,0.26657601609364867f,0.9632234932071295f,0.2423930064615964f,-0.758222248584342f,0.6347168922373664f,-0.14910898182283866f,-0.06829468386684487f,0f,0f,0f,1f],start_interpolation:0}
execute if entity @s[tag=aj.dino.bone.leg_left_0] run data modify entity @s {} merge value {transformation:[-0.6782569087729339f,0.45362428915987785f,0.5780939110438541f,0.25889433561912445f,-0.012341109322476493f,0.779566868326762f,-0.6261974088319877f,0.5980177075029685f,-0.734721214286395f,-0.43185703895085514f,-0.5231483873492537f,-0.2806984126969758f,0f,0f,0f,1f],start_interpolation:0}
execute if entity @s[tag=aj.dino.bone.leg_right_3] run data modify entity @s {} merge value {transformation:[-0.16420662671701614f,0.06933628037467449f,0.9839861096407931f,-0.1642442468961124f,-0.02705315954842552f,0.996834804530673f,-0.07475626418396264f,0.03522356078267444f,-0.9860549225579f,-0.03889540718516141f,-0.16181111519062752f,-0.2989643007989311f,0f,0f,0f,1f],start_interpolation:0}
execute if entity @s[tag=aj.dino.bone.leg_right_2] run data modify entity @s {} merge value {transformation:[-0.7729301043437874f,0.4058419816533625f,0.5384547698994485f,-0.05180329904843642f,0.3015549617782806f,0.94067872753453f,-0.2761346339951072f,0.24549278351387427f,-0.6030803083559405f,-0.049779684534795796f,-0.8281777129225433f,-0.33522666813959023f,0f,0f,0f,1f],start_interpolation:0}
execute if entity @s[tag=aj.dino.bone.leg_right_1] run data modify entity @s {} merge value {transformation:[-0.8402214653158995f,-0.4982449199459595f,-0.21396235409633874f,-0.19254664836174537f,-0.3300302083405334f,0.15681171341841743f,0.9308545257544188f,0.2321518344740892f,-0.4302417353129598f,0.8527379939247602f,-0.29619244236149705f,-0.09642399989119024f,0f,0f,0f,1f],start_interpolation:0}
execute if entity @s[tag=aj.dino.bone.leg_right_0] run data modify entity @s {} merge value {transformation:[-0.8402175185053994f,0.03267813170318448f,0.5412639479080591f,-0.12608160297502083f,-0.2818454326485911f,0.8264345236980404f,-0.48741063810212615f,0.6290869136925715f,-0.46324688200975234f,-0.562083728414533f,-0.6851745825407276f,-0.207474525292968f,0f,0f,0f,1f],start_interpolation:0}
execute if entity @s[tag=aj.dino.bone.tail_4] run data modify entity @s {} merge value {transformation:[0.8001463691943853f,-2.4719456076564574f,0.9353673247729952f,-0.9182897806112054f,2.3216568228199734f,1.124415434062834f,0.9855256771361948f,0.7430149241956017f,-1.2630663943429532f,0.5008354780057384f,2.40405666302861f,-0.3472623525281751f,0f,0f,0f,1f],start_interpolation:0}
execute if entity @s[tag=aj.dino.bone.tail_3] run data modify entity @s {} merge value {transformation:[0.5818545487741258f,-1.9417321986185094f,-0.47651535018657354f,-0.818489012481227f,1.9055210819268449f,0.3883206299111725f,0.7444071606064667f,0.6129909564536797f,-0.6052934961220462f,-0.6440719550469223f,1.8854009192526746f,-0.6606539253696917f,0f,0f,0f,1f],start_interpolation:0}
execute if entity @s[tag=aj.dino.bone.tail_2] run data modify entity @s {} merge value {transformation:[0.4980556724499061f,-1.3479155617015632f,-1.3243255115967556f,-0.5722522480063539f,1.880610218854159f,0.21989721969068324f,0.4834504033677054f,0.5245615153871878f,-0.18444410233065528f,-1.3976919282509448f,1.3532226431080627f,-0.9126840302039245f,0f,0f,0f,1f],start_interpolation:0}
execute if entity @s[tag=aj.dino.bone.tail_1] run data modify entity @s {} merge value {transformation:[-0.17085750455553111f,0.10055874165220798f,-1.4994505335670072f,-0.2506532168643164f,1.0930835529838188f,1.0439587232194976f,-0.054541547559532104f,0.5224926296672214f,1.0313255108516075f,-1.089813917002f,-0.1906031662261416f,-0.8593318055154572f,0f,0f,0f,1f],start_interpolation:0}
execute if entity @s[tag=aj.dino.bone.tail_0] run data modify entity @s {} merge value {transformation:[-0.9460825641941787f,-0.029151443292762567f,-0.8590190286982847f,-0.00033136747428781643f,0.2015129417624578f,1.2343518226662515f,-0.2638253755171608f,0.629375644551289f,0.8355573185688915f,-0.33069848475383046f,-0.9090204596990723f,-0.6016752431149832f,0f,0f,0f,1f],start_interpolation:0}
execute if entity @s[tag=aj.dino.bone.body_1] run data modify entity @s {} merge value {transformation:[-1.2107928206910246f,0.11008159139085008f,-0.22464946840840858f,0.04448171071930232f,0.09771616360314683f,1.2301465126064446f,0.07612952087814456f,0.5288175f,0.23029739857411693f,0.05679961104893884f,-1.2134008024766318f,-0.32340241045924495f,0f,0f,0f,1f],start_interpolation:0}