execute if entity @s[tag=aj.dino.bone.head_lower] run data modify entity @s {} merge value {transformation:[0.0721972735767904f,0.7457554269782662f,-0.6622963059088744f,0.5201182101736715f,0.5940620915602373f,0.5012412506427708f,0.6291640803678697f,0.5454656697950512f,0.8011727560639806f,-0.43886905995585346f,-0.406836777042478f,0.41045734291001607f,0f,0f,0f,1f],start_interpolation:0}
execute if entity @s[tag=aj.dino.bone.head_upper] run data modify entity @s {} merge value {transformation:[0.07515011198388381f,0.9776353935842059f,-0.34936147535721696f,0.5180100235497578f,0.6183589835791795f,0.2392153402868172f,0.8024214173250197f,0.606345961853955f,0.8339403879650158f,-0.26547504735176886f,-0.5635054313294967f,0.3659084699750226f,0f,0f,0f,1f],start_interpolation:0}
execute if entity @s[tag=aj.dino.bone.neck_0] run data modify entity @s {} merge value {transformation:[0.14118403017299425f,0.6880199194935573f,-0.7118255825721562f,0.4607685732871956f,0.5473926031067f,0.5448596287922738f,0.6352080942308722f,0.6383987386201184f,0.82488084453949f,-0.4793292973441373f,-0.2996915364493856f,0.35404372692201047f,0f,0f,0f,1f],start_interpolation:0}
execute if entity @s[tag=aj.dino.bone.neck_1] run data modify entity @s {} merge value {transformation:[-0.42204594210354524f,0.7496092695886496f,-0.5098658310778453f,0.4210296016097055f,0.618711107249676f,0.6492355750333563f,0.4423683237721563f,0.6788640888676013f,0.6626264321016864f,-0.12875989693176398f,-0.737798821103904f,0.2909493024148053f,0f,0f,0f,1f],start_interpolation:0}
execute if entity @s[tag=aj.dino.bone.neck_2] run data modify entity @s {} merge value {transformation:[-0.7254000308815906f,0.4230466384241636f,-0.5429791311965886f,0.37760244836772194f,0.34792527706635934f,0.9059990428921867f,0.24106790714804632f,0.7088537424223902f,0.5939215409254697f,-0.01404549737307087f,-0.8044003525784027f,0.22034028432857466f,0f,0f,0f,1f],start_interpolation:0}
execute if entity @s[tag=aj.dino.bone.body_0] run data modify entity @s {} merge value {transformation:[-0.7582665835814041f,0.18748037676054397f,-0.6244060350072778f,0.08510821053053834f,0.5407537018224687f,0.7158555116455767f,-0.4417423688214051f,0.5074816390985587f,0.36416647592698853f,-0.6726083516998389f,-0.6441900209057448f,-0.08967149212210501f,0f,0f,0f,1f],start_interpolation:0}
execute if entity @s[tag=aj.dino.bone.leg_left_3] run data modify entity @s {} merge value {transformation:[-0.9494695337162605f,-0.10887148942306069f,-0.29437153961521356f,0.3942949211220461f,-0.14778815703267922f,0.9825075061627255f,0.11330340230896005f,-0.012713613954299235f,0.27688673710654876f,0.15108275588135872f,-0.948950860524286f,-0.35003905930232027f,0f,0f,0f,1f],start_interpolation:0}
execute if entity @s[tag=aj.dino.bone.leg_left_2] run data modify entity @s {} merge value {transformation:[-0.9977662153857707f,-0.21998429790674584f,-0.09017587044174429f,0.33868214953604703f,-0.20171890385099336f,0.989207136254767f,-0.1812206525550857f,0.21195566104069233f,0.12583426705235692f,-0.15855077974520831f,-1.0055295057720968f,-0.41787716493450905f,0f,0f,0f,1f],start_interpolation:0}
execute if entity @s[tag=aj.dino.bone.leg_left_1] run data modify entity @s {} merge value {transformation:[-0.9849591078852442f,0.0428911309458724f,0.16737952885609356f,0.3610732231618816f,0.17250295368262258f,0.2996747707625882f,0.9383164512781184f,0.2401676413942666f,-0.009913968159863822f,0.9530767978786258f,-0.3025662416409854f,-0.14271156089545461f,0f,0f,0f,1f],start_interpolation:0}
execute if entity @s[tag=aj.dino.bone.leg_left_0] run data modify entity @s {} merge value {transformation:[-0.9983323537013453f,0.02887249222626613f,-0.04998890622704402f,0.26039719297911135f,0.05026783501655474f,0.8605601729011191f,-0.5068622431974437f,0.6251582119001039f,0.02838408560937683f,-0.5085298103445268f,-0.8605764205897575f,-0.2690202151226333f,0f,0f,0f,1f],start_interpolation:0}
execute if entity @s[tag=aj.dino.bone.leg_right_3] run data modify entity @s {} merge value {transformation:[-0.9899233398616252f,0.03667665678785359f,0.13677208795682974f,-0.25515590545282907f,0.07497838839093042f,0.9551269792144321f,0.28654963767384506f,0.030907920373018954f,-0.12012502849741025f,0.29391712509409673f,-0.9482524458734167f,-0.2546235382758008f,0f,0f,0f,1f],start_interpolation:0}
execute if entity @s[tag=aj.dino.bone.leg_right_2] run data modify entity @s {} merge value {transformation:[-1.0199398136373221f,0.10241743787739087f,-0.03599506183894174f,-0.23081264554531217f,0.10616483825906647f,1.0120495355769485f,-0.1286350036211085f,0.2626750980769322f,0.022671638131919376f,-0.13163816110006704f,-1.016965874976787f,-0.3167721754471289f,0f,0f,0f,1f],start_interpolation:0}
execute if entity @s[tag=aj.dino.bone.leg_right_1] run data modify entity @s {} merge value {transformation:[-0.9550044122662501f,0.09840568511778425f,-0.27979080343802104f,-0.20825935082567046f,-0.24782815089395394f,0.2534749797139308f,0.9350570262200621f,0.2770087582475799f,0.16293489551497997f,0.9623236232138968f,-0.21768202504570927f,-0.040548931053817516f,0f,0f,0f,1f],start_interpolation:0}
execute if entity @s[tag=aj.dino.bone.leg_right_0] run data modify entity @s {} merge value {transformation:[-0.9939853482116248f,-0.09240418106114326f,-0.05877580167921395f,-0.12417925023656196f,-0.046120097179358076f,0.8399930502653972f,-0.5406335285033667f,0.6561909208602262f,0.0993280633898668f,-0.5346710603990585f,-0.8392024743737145f,-0.19371127239716202f,0f,0f,0f,1f],start_interpolation:0}
execute if entity @s[tag=aj.dino.bone.tail_4] run data modify entity @s {} merge value {transformation:[-2.4650604914904712f,-0.17473824240684788f,1.2323167821357128f,0.7643816449356515f,1.239972615313905f,-0.10812305440966068f,2.4650433363283337f,0.983239255277258f,-0.10773123114654198f,2.753804147601223f,0.17498008483813046f,-1.4341760115347817f,0f,0f,0f,1f],start_interpolation:0}
execute if entity @s[tag=aj.dino.bone.tail_3] run data modify entity @s {} merge value {transformation:[-1.514696176411609f,0.16636118630939492f,1.4191423377865329f,0.5221195728017475f,1.4110701567739394f,0.4994929127583817f,1.4475266383768433f,0.7329042992073034f,-0.22477106546543882f,2.0146404919583856f,-0.4760747654892591f,-1.3731661630707293f,0f,0f,0f,1f],start_interpolation:0}
execute if entity @s[tag=aj.dino.bone.tail_2] run data modify entity @s {} merge value {transformation:[-1.3215329521418566f,0.6838423030452745f,1.2667613176805408f,0.2858169319420036f,1.310659521710643f,1.2827868996813143f,0.674835730498919f,0.6087282143158946f,-0.5953957923560068f,1.3059829055445231f,-1.326154733005552f,-1.1267663947411037f,0f,0f,0f,1f],start_interpolation:0}
execute if entity @s[tag=aj.dino.bone.tail_1] run data modify entity @s {} merge value {transformation:[-0.83121007879643f,0.16719745902014496f,1.252513897968577f,0.015040213968871839f,-0.1398118221016846f,1.4778278270569138f,-0.2900583009962788f,0.6532141782847461f,-1.2558657210497624f,-0.27518388992353443f,-0.7967002996225825f,-0.9507617214727806f,0f,0f,0f,1f],start_interpolation:0}
execute if entity @s[tag=aj.dino.bone.tail_0] run data modify entity @s {} merge value {transformation:[-1.2777203222737559f,0.01341984544961909f,0.03296061863474624f,0.005732199903803248f,0.010376948026717982f,1.272899494857879f,-0.11599530819923508f,0.7178280356047166f,-0.034041351064956905f,-0.11568275724019156f,-1.272514991141168f,-0.581694896064183f,0f,0f,0f,1f],start_interpolation:0}
execute if entity @s[tag=aj.dino.bone.body_1] run data modify entity @s {} merge value {transformation:[-1.2095363625915405f,0.14792788060040438f,-0.20915000541751821f,0.04439265391066263f,0.09760137569304597f,1.199376307856945f,0.28385742666084623f,0.5710486544138751f,0.23685513312550407f,0.2611865412856591f,-1.1850256670720616f,-0.3237857950998153f,0f,0f,0f,1f],start_interpolation:0}