execute if entity @s[tag=aj.dino.bone.head_lower] run data modify entity @s {} merge value {transformation:[-0.23740336911554968f,-0.09112217316194932f,0.9671279077199817f,-0.12764259899102698f,-0.25675764666657935f,0.9660702662056442f,0.027995564498604852f,0.4318346462620435f,-0.9368645319419591f,-0.24167124427949466f,-0.2527446507397824f,0.5254976174036731f,0f,0f,0f,1f],start_interpolation:0}
execute if entity @s[tag=aj.dino.bone.head_upper] run data modify entity @s {} merge value {transformation:[-0.2471130679943052f,-0.5925655824652428f,0.819312580574457f,-0.08454396266840211f,-0.2672589274328897f,0.8517073417556507f,0.5353869743376763f,0.4877847121934971f,-0.9751819009381636f,-0.08326209858427501f,-0.35434393688262683f,0.4988977271559112f,0f,0f,0f,1f],start_interpolation:0}
execute if entity @s[tag=aj.dino.bone.neck_0] run data modify entity @s {} merge value {transformation:[-0.4841153308305278f,0.10456275272675224f,0.868734123421575f,-0.029910805137123513f,-0.14124519647091313f,0.9704750882798802f,-0.19551955785049213f,0.45943506051425f,-0.8635288883000624f,-0.21735853737629632f,-0.4550528818729702f,0.47328031897075823f,0f,0f,0f,1f],start_interpolation:0}
execute if entity @s[tag=aj.dino.bone.neck_1] run data modify entity @s {} merge value {transformation:[-0.6350398501145043f,-0.19125426722209984f,0.7484291509794934f,0.03260988258113733f,-0.26436916504143915f,0.9641690406126352f,0.022068205622638712f,0.4657463334246586f,-0.7258328549616917f,-0.18384739974622527f,-0.662847493971812f,0.4162814743682815f,0f,0f,0f,1f],start_interpolation:0}
execute if entity @s[tag=aj.dino.bone.neck_2] run data modify entity @s {} merge value {transformation:[-0.8814841587481826f,-0.2802848690915164f,0.3800343011286744f,0.06315957357081856f,-0.23454805330019685f,0.9583761195147206f,0.16279565177545208f,0.4893915546827004f,-0.40984495674473853f,0.0543654826361151f,-0.9105336378896969f,0.337044170740294f,0f,0f,0f,1f],start_interpolation:0}
execute if entity @s[tag=aj.dino.bone.body_0] run data modify entity @s {} merge value {transformation:[-0.9405193615738885f,-0.29468704144298896f,0.16906471574584386f,0.14003187768060446f,-0.30961574881378334f,0.9483221735059124f,-0.06944885401144071f,0.4656945243256716f,-0.13986214137902048f,-0.11766309040051726f,-0.9831551141942325f,-0.12743403576269746f,0f,0f,0f,1f],start_interpolation:0}
execute if entity @s[tag=aj.dino.bone.leg_left_3] run data modify entity @s {} merge value {transformation:[-0.9643675624698191f,0.08144418187629904f,-0.25171819500091674f,0.40801270238166204f,0.07263753964552744f,0.9963830280689796f,0.044098176950239015f,0.01691674721536257f,0.25439927729901973f,0.02424266104598541f,-0.9667953770551164f,-0.2704066337311995f,0f,0f,0f,1f],start_interpolation:0}
execute if entity @s[tag=aj.dino.bone.leg_left_2] run data modify entity @s {} merge value {transformation:[-0.9595269568929801f,-0.26520771857604014f,0.24705279699708552f,0.3523396169701108f,-0.3324734992521696f,0.9224296327617254f,-0.30107664206772916f,0.22211334633585106f,-0.14433153082888336f,-0.36173282697517717f,-0.9488835390066741f,-0.38427469482015986f,0f,0f,0f,1f],start_interpolation:0}
execute if entity @s[tag=aj.dino.bone.leg_left_1] run data modify entity @s {} merge value {transformation:[-0.9469490099203599f,-0.292997175423485f,0.13206145465164817f,0.2845964776207086f,0.02798952537420988f,0.3341676389590268f,0.942097964938825f,0.26237347901803365f,-0.320162707197725f,0.8958150725827336f,-0.30823886298358694f,-0.11818566000800135f,0f,0f,0f,1f],start_interpolation:0}
execute if entity @s[tag=aj.dino.bone.leg_left_0] run data modify entity @s {} merge value {transformation:[-0.9589965280357202f,0.18160779619407158f,0.2175873791766572f,0.22668070740359428f,-0.015424063117470826f,0.733146508500511f,-0.6798957974207948f,0.6037849501966237f,-0.28299780474834435f,-0.6553737906226053f,-0.7002838260823786f,-0.35140497625835443f,0f,0f,0f,1f],start_interpolation:0}
execute if entity @s[tag=aj.dino.bone.leg_right_3] run data modify entity @s {} merge value {transformation:[-0.5551688741274312f,0.02936338000811975f,0.8312191727303812f,-0.1701493660808142f,0.02494080801371365f,0.999514937060075f,-0.018650648498592257f,0.015411417735359562f,-0.8313636251939963f,0.010377018275676525f,-0.5556319287046082f,-0.2775671561020121f,0f,0f,0f,1f],start_interpolation:0}
execute if entity @s[tag=aj.dino.bone.leg_right_2] run data modify entity @s {} merge value {transformation:[-0.9721583430774903f,0.2708642611646063f,0.1833109585084181f,-0.09983798504512562f,0.23859274680526563f,0.980537300335159f,-0.18352739120919093f,0.23793127272966758f,-0.2237048427223724f,-0.13130633715051576f,-0.992359304217665f,-0.33849576921754254f,0f,0f,0f,1f],start_interpolation:0}
execute if entity @s[tag=aj.dino.bone.leg_right_1] run data modify entity @s {} merge value {transformation:[-0.9612850405901968f,-0.14529493066794907f,-0.23413768141779231f,-0.1460368850214338f,-0.24469788258754155f,0.05940426410508565f,0.9677779082327241f,0.1978689325503507f,-0.1267044474147516f,0.9876034206746799f,-0.09265779231663862f,-0.06780395884991919f,0f,0f,0f,1f],start_interpolation:0}
execute if entity @s[tag=aj.dino.bone.leg_right_0] run data modify entity @s {} merge value {transformation:[-0.9701530419448989f,-0.12043816641693678f,0.21047024320598268f,-0.09765326533532438f,-0.19140320068543f,0.913232573122568f,-0.35968191802661786f,0.6079696037429505f,-0.14888885106827948f,-0.38923118510476495f,-0.9090276093549128f,-0.1293160990980213f,0f,0f,0f,1f],start_interpolation:0}
execute if entity @s[tag=aj.dino.bone.tail_4] run data modify entity @s {} merge value {transformation:[-0.00623268155015549f,-2.2740770586088623f,1.5665873792385658f,-0.5929169888787524f,2.755948395330516f,-0.10398846103804368f,-0.1399863344976573f,0.46611795668246947f,0.17427256684815629f,1.5631446711932342f,2.26977292718112f,0.28992520363585456f,0f,0f,0f,1f],start_interpolation:0}
execute if entity @s[tag=aj.dino.bone.tail_3] run data modify entity @s {} merge value {transformation:[0.16847165599667951f,-1.860065803090604f,0.9207160449036862f,-0.7308342016825402f,2.039874111416033f,-0.021943663402932065f,-0.417585453836158f,0.5371397541205543f,0.3827224016762383f,0.9357452697469594f,1.8203982749513377f,-0.027904074650246746f,0f,0f,0f,1f],start_interpolation:0}
execute if entity @s[tag=aj.dino.bone.tail_2] run data modify entity @s {} merge value {transformation:[0.3030130249042829f,-1.9247308529527034f,0.14955977210831445f,-0.7588709704596116f,1.8878615955983413f,0.2637707584967176f,-0.4303225044425706f,0.6185945026425328f,0.4036527933831457f,0.21121080857001798f,1.9003232071781786f,-0.3808212710418406f,0f,0f,0f,1f],start_interpolation:0}
execute if entity @s[tag=aj.dino.bone.tail_1] run data modify entity @s {} merge value {transformation:[0.7001501360964548f,-0.6706947583754768f,-1.1608680278187422f,-0.5015354759181186f,0.8371341716706765f,1.2416590893648154f,-0.21247431472765557f,0.6483388304640771f,1.0472117338653943f,-0.5441576029840962f,0.9459896075376498f,-0.5787363922689915f,0f,0f,0f,1f],start_interpolation:0}
execute if entity @s[tag=aj.dino.bone.tail_0] run data modify entity @s {} merge value {transformation:[-0.16688860236612693f,-0.06798180554382674f,-1.265449479473325f,-0.13338224830041354f,0.021840140246004204f,1.2760315029243168f,-0.07143058450532096f,0.7000054206739657f,1.2670859952104054f,-0.0309482510610576f,-0.16544184199272594f,-0.5311372772401292f,0f,0f,0f,1f],start_interpolation:0}
execute if entity @s[tag=aj.dino.bone.body_1] run data modify entity @s {} merge value {transformation:[-1.020066986868185f,0.2032812146438568f,-0.6683896207533674f,0.008316543487259697f,0.013161208176995315f,1.1882520766754099f,0.3413039406923805f,0.5406198255813954f,0.6984946098269004f,0.27447831445442916f,-0.982533220808982f,-0.32120012881248167f,0f,0f,0f,1f],start_interpolation:0}