execute if entity @s[tag=aj.dino.bone.head_lower] run data modify entity @s {} merge value {transformation:[-0.2973449004768501f,0.7551705583826833f,-0.5842118091175481f,0.5796558380850674f,0.8783194624701484f,0.45626551639357493f,0.14274698034022973f,0.8586029264415873f,0.3743540196212161f,-0.4706795154902015f,-0.7989492234750261f,0.35392955882794547f,0f,0f,0f,1f],start_interpolation:0}
execute if entity @s[tag=aj.dino.bone.head_upper] run data modify entity @s {} merge value {transformation:[-0.30950618301264476f,0.743854488150875f,-0.6590586967169544f,0.5508290441748263f,0.9142423625187348f,0.48376032752269155f,0.11665672151576854f,0.8777914507451255f,0.3896649430428824f,-0.5441767989876503f,-0.7971855406305667f,0.2868753048263844f,0f,0f,0f,1f],start_interpolation:0}
execute if entity @s[tag=aj.dino.bone.neck_0] run data modify entity @s {} merge value {transformation:[-0.20862026607562506f,0.3877442708950928f,-0.8978485200581268f,0.486546069288233f,0.8902350516157467f,0.4553874830139198f,-0.01018789423559878f,0.8694532324996501f,0.4049186800547047f,-0.8014216248032493f,-0.4401865988878758f,0.271289750280032f,0f,0f,0f,1f],start_interpolation:0}
execute if entity @s[tag=aj.dino.bone.neck_1] run data modify entity @s {} merge value {transformation:[-0.5432731848294249f,0.45079925322588676f,-0.7082614488564773f,0.4286238044482782f,0.6900476558585619f,0.7202879651768116f,-0.070848287668454f,0.8667697292699303f,0.4782138426367408f,-0.5272241273997532f,-0.7023861047872255f,0.20935957273501393f,0f,0f,0f,1f],start_interpolation:0}
execute if entity @s[tag=aj.dino.bone.neck_2] run data modify entity @s {} merge value {transformation:[-0.765048931695932f,0.1202970921244581f,-0.6326363424095338f,0.37437789979821595f,0.328833681656766f,0.9176406343904795f,-0.22316826818231777f,0.8562027905512273f,0.5536863208703734f,-0.37876678278571085f,-0.7415977227171024f,0.14068168670936398f,0f,0f,0f,1f],start_interpolation:0}
execute if entity @s[tag=aj.dino.bone.body_0] run data modify entity @s {} merge value {transformation:[-0.7954644597099276f,0.08572388058857744f,-0.5999064173979374f,0.09246088204509029f,0.5490608262092627f,0.5208876385908267f,-0.6536117173717697f,0.5531201450649782f,0.2564537043226219f,-0.849310004803963f,-0.4614152287030605f,-0.08487231970454451f,0f,0f,0f,1f],start_interpolation:0}
execute if entity @s[tag=aj.dino.bone.leg_left_3] run data modify entity @s {} merge value {transformation:[-0.9557912963262178f,-0.06511330459429049f,-0.28674597718513717f,0.41282762767708203f,-0.08927330523061328f,0.9934020634079043f,0.07199039790221858f,0.006153816706606613f,0.28016651270315984f,0.09440655687890104f,-0.9552979258734003f,-0.31937555491831743f,0f,0f,0f,1f],start_interpolation:0}
execute if entity @s[tag=aj.dino.bone.leg_left_2] run data modify entity @s {} merge value {transformation:[-0.9937559986449049f,-0.23362859560849025f,-0.09964383559441461f,0.3537480089391096f,-0.22330373709767887f,0.9953858929950407f,-0.10679215572957713f,0.23453003861203048f,0.12102336822354968f,-0.08177287350438459f,-1.0152481179511523f,-0.3696246542534898f,0f,0f,0f,1f],start_interpolation:0}
execute if entity @s[tag=aj.dino.bone.leg_left_1] run data modify entity @s {} merge value {transformation:[-0.987891336505225f,0.06208841345334046f,0.14218205292078068f,0.38274916110582896f,0.15514697172305225f,0.3932595634444199f,0.9062429767588107f,0.29021279465367533f,0.0003527365689295868f,0.9173287004527607f,-0.3981305450509437f,-0.09930678671163629f,0f,0f,0f,1f],start_interpolation:0}
execute if entity @s[tag=aj.dino.bone.leg_left_0] run data modify entity @s {} merge value {transformation:[-0.9974927313569998f,-0.03253541029599388f,-0.0628466225570147f,0.25910671871882685f,0.01676662979174084f,0.7541203074132143f,-0.6565222327327735f,0.6416994996206749f,0.06875413453298101f,-0.6559298811792846f,-0.7516840160338321f,-0.28765996888935114f,0f,0f,0f,1f],start_interpolation:0}
execute if entity @s[tag=aj.dino.bone.leg_right_3] run data modify entity @s {} merge value {transformation:[-0.9630602013839764f,0.020743264066061657f,0.2684860620332836f,-0.2511212043083507f,0.06994335314216604f,0.9820788743248273f,0.17501146235635723f,0.020997904659742384f,-0.26004418059530743f,0.18732538963196096f,-0.9472519319261109f,-0.24579973195348087f,0f,0f,0f,1f],start_interpolation:0}
execute if entity @s[tag=aj.dino.bone.leg_right_2] run data modify entity @s {} merge value {transformation:[-1.0159103631893074f,0.1389342063435888f,-0.026184342133054723f,-0.21796899471080444f,0.14135842212660854f,1.0015085777397204f,-0.17047159501903095f,0.24896046376894676f,0.0024758754288793997f,-0.1724530501966668f,-1.011096441997212f,-0.31724953747594886f,0f,0f,0f,1f],start_interpolation:0}
execute if entity @s[tag=aj.dino.bone.leg_right_1] run data modify entity @s {} merge value {transformation:[-0.9632102315031514f,0.10339122799163579f,-0.24806512028503128f,-0.19590731907241474f,-0.19603247233046206f,0.3611166275956837f,0.9116830869693299f,0.29480820526404816f,0.18384047356241245f,0.9267712960856641f,-0.32756319242559306f,-0.04444071663690327f,0f,0f,0f,1f],start_interpolation:0}
execute if entity @s[tag=aj.dino.bone.leg_right_0] run data modify entity @s {} merge value {transformation:[-0.9891181420798371f,-0.12728080167340594f,-0.07378955572373647f,-0.124864637245641f,-0.06425118157887971f,0.8248975453258119f,-0.5616189325344791f,0.6718799282508926f,0.13235213135514343f,-0.5507664089619347f,-0.8240990693387086f,-0.20899202063369723f,0f,0f,0f,1f],start_interpolation:0}
execute if entity @s[tag=aj.dino.bone.tail_4] run data modify entity @s {} merge value {transformation:[-2.731278573693058f,-0.1071274044401186f,0.39281344643881216f,0.5955879898843646f,0.39147007868642036f,0.04150194772872112f,2.7332563175501803f,0.891918925516231f,-0.11193686603823691f,2.7590691617196996f,-0.02586175687945492f,-1.5623925781427273f,0f,0f,0f,1f],start_interpolation:0}
execute if entity @s[tag=aj.dino.bone.tail_3] run data modify entity @s {} merge value {transformation:[-1.8546783698648766f,0.13971477476743446f,0.9362656952550877f,0.4354647080948526f,0.9110991037469548f,0.8224307612555302f,1.6820973789102076f,0.5986492398344787f,-0.256928187537498f,1.9078870382432969f,-0.7936627002677913f,-1.446486885772385f,0f,0f,0f,1f],start_interpolation:0}
execute if entity @s[tag=aj.dino.bone.tail_2] run data modify entity @s {} merge value {transformation:[-1.6008253043821223f,0.5443311110586239f,0.9797121318970923f,0.25228416549411015f,0.9298211896802749f,1.5987502499557293f,0.631034126248992f,0.4824093528966692f,-0.6257513684157787f,0.9830946825219609f,-1.568672669847219f,-1.1551028411400073f,0f,0f,0f,1f],start_interpolation:0}
execute if entity @s[tag=aj.dino.bone.tail_1] run data modify entity @s {} merge value {transformation:[-0.9454223845193964f,-0.009593744695108411f,1.1805679670871914f,-0.0007403857983878026f,-0.4056460757979274f,1.4230107796261213f,-0.31328554428444544f,0.5328176128261237f,-1.1087308176646853f,-0.5124495400823227f,-0.8920581218900566f,-0.9558184695175874f,0f,0f,0f,1f],start_interpolation:0}
execute if entity @s[tag=aj.dino.bone.tail_0] run data modify entity @s {} merge value {transformation:[-1.2775499971835613f,-0.039317982889664274f,0.012482688083836787f,-0.0053369303471157495f,-0.04123369429931072f,1.2286164075818098f,-0.3501959766462591f,0.6648017190169203f,-0.0012262686252550556f,-0.35041623225285146f,-1.2292447587941964f,-0.6050607485875852f,0f,0f,0f,1f],start_interpolation:0}
execute if entity @s[tag=aj.dino.bone.body_1] run data modify entity @s {} merge value {transformation:[-1.2076332948249506f,0.10290453033861523f,-0.2442070390514435f,0.04450643505689496f,0.09492085776656693f,1.2317189369578416f,0.04962948877989655f,0.570298546783386f,0.24741958501166272f,0.0297273112050809f,-1.2109931589308929f,-0.32552414781761013f,0f,0f,0f,1f],start_interpolation:0}