execute if entity @s[tag=aj.dino.bone.head_lower] run data modify entity @s {} merge value {transformation:[0.04482706641160651f,0.7479260921659021f,-0.6622666341998307f,0.5674656674584045f,0.7565127185649794f,0.40754488860187177f,0.5114642415887084f,0.6435103708002211f,0.6524408331537458f,-0.5239405733782516f,-0.5475465594830408f,0.38208149531389596f,0f,0f,0f,1f],start_interpolation:0}
execute if entity @s[tag=aj.dino.bone.head_upper] run data modify entity @s {} merge value {transformation:[0.04666047474989688f,0.9236840752358902f,-0.4776007452205661f,0.5552966968289473f,0.7874537735406544f,0.28084637786981287f,0.6200917747861987f,0.6928086434576637f,0.6791253913793869f,-0.3891079333251025f,-0.6861892316196527f,0.3262509216234105f,0f,0f,0f,1f],start_interpolation:0}
execute if entity @s[tag=aj.dino.bone.neck_0] run data modify entity @s {} merge value {transformation:[0.12248153529560421f,0.5957178107774402f,-0.7938000777489038f,0.49425890154065194f,0.7230233127326426f,0.4943491718569403f,0.48255174388812744f,0.7157535031301278f,0.6798790795110164f,-0.6330396403124308f,-0.3701692194609937f,0.3123708202098055f,0f,0f,0f,1f],start_interpolation:0}
execute if entity @s[tag=aj.dino.bone.neck_1] run data modify entity @s {} merge value {transformation:[-0.40266225511702686f,0.6854991429639742f,-0.6065921474102078f,0.44603059399731476f,0.6949774654191508f,0.6602312542952095f,0.2847823965966786f,0.742919912750453f,0.5957091831285157f,-0.3068967511190562f,-0.7422566626773549f,0.24807810379202433f,0f,0f,0f,1f],start_interpolation:0}
execute if entity @s[tag=aj.dino.bone.neck_2] run data modify entity @s {} merge value {transformation:[-0.7039365372053822f,0.36210121319050576f,-0.6110286924468109f,0.39604509501417406f,0.39592856043186475f,0.9142755898449455f,0.08567800679304155f,0.7593772781774001f,0.5896727284024986f,-0.18161183116647772f,-0.7869582048360078f,0.17735656952733944f,0f,0f,0f,1f],start_interpolation:0}
execute if entity @s[tag=aj.dino.bone.body_0] run data modify entity @s {} merge value {transformation:[-0.7382038956427671f,0.14967101430795357f,-0.6577640883583346f,0.08746915028627343f,0.5881962466083207f,0.6202109829327164f,-0.5190024201538153f,0.5206816686941453f,0.33027289312586067f,-0.7700239763316868f,-0.5458780925633595f,-0.08724916935945445f,0f,0f,0f,1f],start_interpolation:0}
execute if entity @s[tag=aj.dino.bone.leg_left_3] run data modify entity @s {} merge value {transformation:[-0.9523703156034189f,-0.09357028190311072f,-0.29023332734545937f,0.39976594081461775f,-0.12792737646088362f,0.9865535477302994f,0.10171865026924087f,-0.007580142991431615f,0.27681287598173543f,0.13400261118848822f,-0.9515345142901481f,-0.34166992841823185f,0f,0f,0f,1f],start_interpolation:0}
execute if entity @s[tag=aj.dino.bone.leg_left_2] run data modify entity @s {} merge value {transformation:[-0.9965849360354782f,-0.22355777127982523f,-0.09435352493814757f,0.3431929221487274f,-0.20803167875814335f,0.992469321588282f,-0.15423898936345218f,0.2186736034134812f,0.12491391195909692f,-0.13072401503621175f,-1.0096385224388889f,-0.40315007043812223f,0f,0f,0f,1f],start_interpolation:0}
execute if entity @s[tag=aj.dino.bone.leg_left_1] run data modify entity @s {} merge value {transformation:[-0.9858996735089075f,0.0507902848334755f,0.15944334649512373f,0.3681695863412555f,0.16727864953690888f,0.3243996844227869f,0.9310116530718104f,0.25409403454110085f,-0.004437024243529167f,0.9445555524758359f,-0.328321673215357f,-0.12904252773943448f,0f,0f,0f,1f],start_interpolation:0}
execute if entity @s[tag=aj.dino.bone.leg_left_0] run data modify entity @s {} merge value {transformation:[-0.9983693904999275f,0.008599634632497855f,-0.05643231695572179f,0.2600540008270283f,0.03843316370284526f,0.8322157964780907f,-0.5531182152308197f,0.6303451230906943f,0.0422072510428457f,-0.5543851678900914f,-0.8311892886598584f,-0.27414048464653534f,0f,0f,0f,1f],start_interpolation:0}
execute if entity @s[tag=aj.dino.bone.leg_right_3] run data modify entity @s {} merge value {transformation:[-0.9840419638660798f,0.030685471851935396f,0.17527069112607754f,-0.254376747744489f,0.07479535424174774f,0.96510165082466f,0.2509670467598643f,0.02698390040469817f,-0.16145299109784336f,0.2600715389902182f,-0.9519956545451348f,-0.2510994646786105f,0f,0f,0f,1f],start_interpolation:0}
execute if entity @s[tag=aj.dino.bone.leg_right_2] run data modify entity @s {} merge value {transformation:[-1.0186971388407502f,0.11348291204407215f,-0.03794690359385156f,-0.22751639038653748f,0.11768042474187658f,1.009049763220973f,-0.14153477479744944f,0.2576353097879598f,0.02167155857189862f,-0.14492206015093262f,-1.0151798557553087f,-0.3162878119358761f,0f,0f,0f,1f],start_interpolation:0}
execute if entity @s[tag=aj.dino.bone.leg_right_1] run data modify entity @s {} merge value {transformation:[-0.9576744266649709f,0.10395883823195394f,-0.26842550636141443f,-0.20411042524439937f,-0.22919854712208862f,0.28876765810588145f,0.9295597160103101f,0.2822194647027318f,0.1741485529915279f,0.9517383041495743f,-0.2527181867326722f,-0.04085875431366884f,0f,0f,0f,1f],start_interpolation:0}
execute if entity @s[tag=aj.dino.bone.leg_right_0] run data modify entity @s {} merge value {transformation:[-0.9921262278000321f,-0.10492412273293558f,-0.06838476862578767f,-0.12438000107605454f,-0.05070090917053648f,0.8357582407548303f,-0.5467518457396116f,0.6607696095100153f,0.11452059168795647f,-0.5389796763136017f,-0.8344974191693619f,-0.19786233991850008f,0f,0f,0f,1f],start_interpolation:0}
execute if entity @s[tag=aj.dino.bone.tail_4] run data modify entity @s {} merge value {transformation:[-2.578969485021777f,-0.2683631523894436f,0.950031023370351f,0.7236154895978502f,0.9673229311701529f,-0.15626652143817008f,2.581768473877933f,0.9706209006575355f,-0.19713973155835512f,2.7439430249765056f,0.23994568869618288f,-1.4589741227456638f,0f,0f,0f,1f],start_interpolation:0}
execute if entity @s[tag=aj.dino.bone.tail_3] run data modify entity @s {} merge value {transformation:[-1.6334176756021441f,0.10925454809877229f,1.2868394098700382f,0.504345938186568f,1.2610749692299694f,0.5824160740647982f,1.5512662455868176f,0.701884072578077f,-0.2785357159442325f,1.9961965049651613f,-0.5230324029663493f,-1.3898215053515823f,0f,0f,0f,1f],start_interpolation:0}
execute if entity @s[tag=aj.dino.bone.tail_2] run data modify entity @s {} merge value {transformation:[-1.4129995031432372f,0.6135163679498821f,1.202415878711408f,0.2799206051490237f,1.1900713426499856f,1.3877426022760044f,0.6904162108715721f,0.5747474166020148f,-0.6371314452473702f,1.231479602384296f,-1.3770604145756242f,-1.1340070714989314f,0f,0f,0f,1f],start_interpolation:0}
execute if entity @s[tag=aj.dino.bone.tail_1] run data modify entity @s {} merge value {transformation:[-0.8494370036994162f,0.10802811349058491f,1.2467730160064519f,0.011119958538611635f,-0.22661515279892566f,1.4686645868950297f,-0.28164899027401386f,0.6176187313341913f,-1.2307552962583903f,-0.3449789963115398f,-0.8086328850818552f,-0.9546054556929773f,0f,0f,0f,1f],start_interpolation:0}
execute if entity @s[tag=aj.dino.bone.tail_0] run data modify entity @s {} merge value {transformation:[-1.2778509307581325f,-0.002921003232009646f,0.030400379680543363f,0.0021657720140958736f,-0.0073008188111811905f,1.2646824178231693f,-0.18536665470805763f,0.7023062157378567f,-0.02965490497858505f,-0.18548737523909425f,-1.26433806271173f,-0.5896126285992871f,0f,0f,0f,1f],start_interpolation:0}
execute if entity @s[tag=aj.dino.bone.body_1] run data modify entity @s {} merge value {transformation:[-1.2090883685707083f,0.13435743466658084f,-0.22058556569523882f,0.044398899435077833f,0.09568844708645792f,1.2137955938976743f,0.2148221878322264f,0.5706053193037846f,0.2399033829220739f,0.19301018377447776f,-1.1974130577533124f,-0.32423147132971736f,0f,0f,0f,1f],start_interpolation:0}