execute if entity @s[tag=aj.dino.bone.head_lower] run data modify entity @s {} merge value {transformation:[-0.8279952562332694f,0.3249894655536602f,0.4569526265756101f,-0.17160921900938586f,0.3083745756640011f,0.9445310653189487f,-0.11298755564883711f,0.7715448951372873f,-0.4683257165042829f,0.04735941222817486f,-0.8822857299844262f,0.5694098240932287f,0f,0f,0f,1f],start_interpolation:0}
execute if entity @s[tag=aj.dino.bone.head_upper] run data modify entity @s {} merge value {transformation:[-0.8618599172151867f,0.07656655444294287f,0.5786250845081594f,-0.13026859431129698f,0.32098696731925225f,0.9240232445850048f,0.35583753717293054f,0.8169237387298353f,-0.4874800431735929f,0.47306505767266654f,-0.7886980419020551f,0.5255102820048231f,0f,0f,0f,1f],start_interpolation:0}
execute if entity @s[tag=aj.dino.bone.neck_0] run data modify entity @s {} merge value {transformation:[-0.8620395825717719f,0.3590156238259812f,0.3577646432060142f,-0.1126838118617619f,0.3292213081142529f,0.9333137882434256f,-0.14331330349359117f,0.7924010194317674f,-0.3853583895064766f,-0.005757996487284006f,-0.922749021735286f,0.466061582113845f,0f,0f,0f,1f],start_interpolation:0}
execute if entity @s[tag=aj.dino.bone.neck_1] run data modify entity @s {} merge value {transformation:[-0.8054961140853532f,-0.0147586621796197f,0.5924172449246082f,-0.06256628705213671f,0.0013357777185814147f,0.9996420666412249f,0.026719923262376273f,0.7992697736768414f,-0.592599549351231f,0.022314132112376525f,-0.8051880858636629f,0.39795438156494106f,0f,0f,0f,1f],start_interpolation:0}
execute if entity @s[tag=aj.dino.bone.neck_2] run data modify entity @s {} merge value {transformation:[-0.9257195909911059f,0.010591963365341073f,0.3780622292259921f,-0.029341498363896795f,-0.004795085042794224f,0.9991987392675183f,-0.039735206122957334f,0.8055714517630654f,-0.3781801766548475f,-0.03859649930069842f,-0.9249270588684491f,0.31654595040415745f,0f,0f,0f,1f],start_interpolation:0}
execute if entity @s[tag=aj.dino.bone.body_0] run data modify entity @s {} merge value {transformation:[-0.9539804250555138f,0.20045287177357995f,0.22302465067482047f,0.07767874732643912f,0.06563897147044523f,0.8652929706563824f,-0.49695029968494314f,0.5796036362468909f,-0.29259677721260546f,-0.45944174944205657f,-0.8386300762758389f,-0.08307401664748179f,0f,0f,0f,1f],start_interpolation:0}
execute if entity @s[tag=aj.dino.bone.leg_left_3] run data modify entity @s {} merge value {transformation:[-0.9838805207181625f,-0.03262449400611586f,0.17582594615756314f,0.3332034753171219f,-0.03765602479778804f,0.998969027526859f,-0.025355587914103028f,0.02508104714049275f,-0.1748174612210861f,-0.03156777522864668f,-0.9840946757397517f,-0.1742659747849497f,0f,0f,0f,1f],start_interpolation:0}
execute if entity @s[tag=aj.dino.bone.leg_left_2] run data modify entity @s {} merge value {transformation:[-0.9079315244674908f,0.06642322976766205f,0.4725574049002561f,0.36188222894093336f,-0.16136197748841147f,0.9131520718591688f,-0.43838089075714837f,0.22413720269578918f,-0.4490933740324633f,-0.46238884902994115f,-0.7978558097761764f,-0.3074021760682444f,0f,0f,0f,1f],start_interpolation:0}
execute if entity @s[tag=aj.dino.bone.leg_left_1] run data modify entity @s {} merge value {transformation:[-0.7638898887824805f,-0.4972658219832789f,0.41133798767337715f,0.22018816488255488f,0.17199409145101865f,0.4574644823845937f,0.872435831372448f,0.2987199121054276f,-0.6220050404312077f,0.7371926136661229f,-0.263925709309044f,-0.08074473117065623f,0f,0f,0f,1f],start_interpolation:0}
execute if entity @s[tag=aj.dino.bone.leg_left_0] run data modify entity @s {} merge value {transformation:[-0.7948602460383846f,0.43634697002320827f,0.42166160723898505f,0.2647634044801266f,0.11047189904335945f,0.7873514320870901f,-0.6065259119874122f,0.6700798623932908f,-0.5966516142520295f,-0.43552157712560413f,-0.6740384314476986f,-0.2662497550957994f,0f,0f,0f,1f],start_interpolation:0}
execute if entity @s[tag=aj.dino.bone.leg_right_3] run data modify entity @s {} merge value {transformation:[-0.779179626707483f,-0.010682004275024637f,0.6267096649236037f,-0.2228596234762901f,0.13196379464437968f,0.9746485696252227f,0.18068127360234182f,0.13698771869057927f,-0.6127517166251297f,0.22348615284213186f,-0.7580166708330234f,-0.28480585939046354f,0f,0f,0f,1f],start_interpolation:0}
execute if entity @s[tag=aj.dino.bone.leg_right_2] run data modify entity @s {} merge value {transformation:[-0.8955644023110209f,0.2878641448100164f,0.408853072566168f,-0.1417341588646427f,0.2021684573141573f,0.9755253208507356f,-0.24400914480194888f,0.3565266393040963f,-0.45733414007835904f,-0.13246426692720686f,-0.9084937544127203f,-0.3430501157030981f,0f,0f,0f,1f],start_interpolation:0}
execute if entity @s[tag=aj.dino.bone.leg_right_1] run data modify entity @s {} merge value {transformation:[-0.8918132934637086f,-0.34481670937283454f,-0.2928659873367053f,-0.23763858868082582f,-0.3680350649213535f,0.17649724041280035f,0.9129068490897647f,0.34872861977062986f,-0.2630954970913566f,0.9219274163750404f,-0.2843072252797938f,-0.082752369088276f,0f,0f,0f,1f],start_interpolation:0}
execute if entity @s[tag=aj.dino.bone.leg_right_0] run data modify entity @s {} merge value {transformation:[-0.9199909484845129f,0.10679942281120917f,0.3771081250699311f,-0.11943210008099825f,-0.1399604803048856f,0.8092011207980205f,-0.570617744249207f,0.7291731218978964f,-0.36609796320027777f,-0.5777433940655834f,-0.7295100081247605f,-0.20763825867748556f,0f,0f,0f,1f],start_interpolation:0}
execute if entity @s[tag=aj.dino.bone.tail_4] run data modify entity @s {} merge value {transformation:[1.4479495348830265f,-2.1477282123226837f,-0.9572706002093866f,-1.0345054586187916f,2.2440976934861854f,0.9264387545798661f,1.315826017261587f,0.8439272689150416f,-0.7022314562322102f,-1.4678678726662415f,2.23111994788991f,-0.9396683493094631f,0f,0f,0f,1f],start_interpolation:0}
execute if entity @s[tag=aj.dino.bone.tail_3] run data modify entity @s {} merge value {transformation:[0.8165316489009946f,-1.102354593776078f,-1.5665362881108904f,-0.7580913890180097f,1.8969184152886815f,0.228583506485186f,0.8278862436023798f,0.7013114867502623f,-0.26631206905835986f,-1.7517161460088677f,1.0938528016740372f,-1.1080034443996671f,0f,0f,0f,1f],start_interpolation:0}
execute if entity @s[tag=aj.dino.bone.tail_2] run data modify entity @s {} merge value {transformation:[0.4583092353540715f,0.011777748952161505f,-1.8996283332329942f,-0.4046129338927993f,1.899598146624229f,0.013533609441324815f,0.4583858612130827f,0.6175064250370099f,0.015918578257368823f,-1.9540859758587612f,-0.008274830581618445f,-1.106918380957616f,0f,0f,0f,1f],start_interpolation:0}
execute if entity @s[tag=aj.dino.bone.tail_1] run data modify entity @s {} merge value {transformation:[-0.759792477488734f,0.40985914451035055f,-1.2419287913615564f,-0.141647934472089f,1.0182110915748621f,1.0867669551254608f,-0.26427260213889614f,0.6601175669220524f,0.8207422336796497f,-0.9688185159814912f,-0.8218449482389982f,-0.9190078259966271f,0f,0f,0f,1f],start_interpolation:0}
execute if entity @s[tag=aj.dino.bone.tail_0] run data modify entity @s {} merge value {transformation:[-1.143737452616576f,0.08452679809560112f,-0.5644072788951954f,0.02532477267605395f,0.18786554316108126f,1.2494272614524002f,-0.19358143665231844f,0.7468374674412243f,0.5388941396591405f,-0.25616880240827367f,-1.130400976422868f,-0.5948601972495596f,0f,0f,0f,1f],start_interpolation:0}
execute if entity @s[tag=aj.dino.bone.body_1] run data modify entity @s {} merge value {transformation:[-1.2083382674852974f,0.2094880096681275f,-0.15696496485574862f,0.047706424194460695f,0.185854977380387f,1.2086422445536047f,0.18233608287887088f,0.62303625f,0.1843397780453684f,0.1546069000464118f,-1.2127325128586572f,-0.32333074757160934f,0f,0f,0f,1f],start_interpolation:0}