execute if entity @s[tag=aj.dino.bone.head_lower] run data modify entity @s {} merge value {transformation:[0.14640907906467837f,-0.014705079990986303f,0.9891148276059214f,-0.10187958789166422f,0.27117186997368004f,0.9621841866598074f,-0.025834238459499892f,0.277454686330102f,-0.951330751370106f,0.2720024844817847f,0.14486010469872718f,0.44054982208738913f,0f,0f,0f,1f],start_interpolation:0}
execute if entity @s[tag=aj.dino.bone.head_upper] run data modify entity @s {} merge value {transformation:[0.15239714939464077f,-0.4081404526906152f,0.9453403737899881f,-0.04582769059119116f,0.28226268646732444f,0.9355903273100498f,0.35842775821025635f,0.3232598075977206f,-0.9902397827133304f,0.20387263893146812f,0.24765512797130376f,0.4618930216243105f,0f,0f,0f,1f],start_interpolation:0}
execute if entity @s[tag=aj.dino.bone.neck_0] run data modify entity @s {} merge value {transformation:[-0.4125712393005473f,-0.016610518332302232f,0.9107738814781323f,0.013467588225166853f,0.28631486629460534f,0.9467972460895454f,0.14696520722931317f,0.3173020434168904f,-0.8647593710626748f,0.32140171978068977f,-0.385865474850112f,0.43200470935424634f,0f,0f,0f,1f],start_interpolation:0}
execute if entity @s[tag=aj.dino.bone.neck_1] run data modify entity @s {} merge value {transformation:[-0.6871085696835421f,-0.2517701549537053f,0.6815376750716167f,0.07004290085311571f,0.13668389773577033f,0.8764985176588737f,0.46159274327219946f,0.36044292628534086f,-0.7135820384280945f,0.41031955548862703f,-0.5678367166857223f,0.3857917774962509f,0f,0f,0f,1f],start_interpolation:0}
execute if entity @s[tag=aj.dino.bone.neck_2] run data modify entity @s {} merge value {transformation:[-0.9125199749781774f,-0.15608981881166328f,0.3780783830492941f,0.1016371859138038f,0.05867434352283843f,0.8648133415562599f,0.49865339232623257f,0.4125957664757356f,-0.4048019474730705f,0.4772146820139107f,-0.7800009811483393f,0.3221300715363902f,0f,0f,0f,1f],start_interpolation:0}
execute if entity @s[tag=aj.dino.bone.body_0] run data modify entity @s {} merge value {transformation:[-0.9867986947373342f,-0.13588195109194653f,0.08811601121328372f,0.1418714861269927f,-0.11541374413867872f,0.9717266303280718f,0.205978211408737f,0.5189294359065433f,-0.11361339590288327f,0.19308923138978148f,-0.9745812151856399f,-0.135346984210518f,0f,0f,0f,1f],start_interpolation:0}
execute if entity @s[tag=aj.dino.bone.leg_left_3] run data modify entity @s {} merge value {transformation:[-0.869386236724342f,0.16616957665583998f,-0.4653549647186602f,0.3098660327633461f,0.06797973826760323f,0.97302682936995f,0.22044850761874335f,0.03691360391025486f,0.4894347010371811f,0.1600201897270523f,-0.8572322977468617f,-0.5404562037324717f,0f,0f,0f,1f],start_interpolation:0}
execute if entity @s[tag=aj.dino.bone.leg_left_2] run data modify entity @s {} merge value {transformation:[-0.9828853827947637f,-0.2195389392487882f,-0.19442525027012927f,0.25115838665094503f,-0.23022914521772075f,0.9988804084271597f,0.035981520999027385f,0.2705059944744638f,0.1816399308560846f,0.07812031307286642f,-1.0064622952225728f,-0.5530688729366817f,0f,0f,0f,1f],start_interpolation:0}
execute if entity @s[tag=aj.dino.bone.leg_left_1] run data modify entity @s {} merge value {transformation:[-0.9847894890027337f,0.09967643793992567f,0.14231749741104543f,0.29030207174539074f,0.15688875777626782f,0.15811468070933776f,0.9748772565957233f,0.25863244057270574f,0.07466980670360934f,0.9823768907419353f,-0.17134778814753743f,-0.27858722273992537f,0f,0f,0f,1f],start_interpolation:0}
execute if entity @s[tag=aj.dino.bone.leg_left_0] run data modify entity @s {} merge value {transformation:[-0.9895454555626835f,0.050550753640658364f,-0.13507187968486578f,0.2060856194183419f,0.1042929139718768f,0.8976966692047964f,-0.4280930718825861f,0.6580735034323509f,0.09961314908432595f,-0.4377045937672758f,-0.8935837448860224f,-0.3661183887521293f,0f,0f,0f,1f],start_interpolation:0}
execute if entity @s[tag=aj.dino.bone.leg_right_3] run data modify entity @s {} merge value {transformation:[-0.8544832416233918f,-0.04586741597481905f,0.5174500651624008f,-0.29567763619103915f,-0.024511778468468665f,0.9985448420058329f,0.048035104037138066f,0.06552313865321982f,-0.5189003396617625f,0.028361570043614948f,-0.8543641254427574f,-0.16698205818539308f,0f,0f,0f,1f],start_interpolation:0}
execute if entity @s[tag=aj.dino.bone.leg_right_2] run data modify entity @s {} merge value {transformation:[-0.9650607645331097f,0.3316867213384524f,-0.10345935988208983f,-0.22006212634879888f,0.34577721936560735f,0.8869401427406002f,-0.3818867597387565f,0.2599291554804231f,-0.034029910773503674f,-0.3941868866207067f,-0.9463196410778524f,-0.2880591714591032f,0f,0f,0f,1f],start_interpolation:0}
execute if entity @s[tag=aj.dino.bone.leg_right_1] run data modify entity @s {} merge value {transformation:[-0.989598234051728f,0.13166524352427364f,-0.05796204628371321f,-0.20092717197493576f,-0.015295388828284965f,0.3043274806533348f,0.9524446627493831f,0.2917867112672885f,0.14304330198332657f,0.9434241083239754f,-0.299148066333077f,-0.01304583483674479f,0f,0f,0f,1f],start_interpolation:0}
execute if entity @s[tag=aj.dino.bone.leg_right_0] run data modify entity @s {} merge value {transformation:[-0.9916621101583305f,-0.008297229235400272f,-0.12859788203288003f,-0.07841013085098619f,0.039409689031700945f,0.9305868400501305f,-0.3639436900619901f,0.6822102535391635f,0.122691220903339f,-0.36597717020673365f,-0.9225007182656931f,-0.09590904041417234f,0f,0f,0f,1f],start_interpolation:0}
execute if entity @s[tag=aj.dino.bone.tail_4] run data modify entity @s {} merge value {transformation:[0.41928956913641474f,-2.431146609271882f,1.2407190467786144f,-0.47038638322967286f,2.6274662864602996f,0.019597074614318515f,-0.8495282218861737f,0.3461414616474975f,0.7391065568156754f,1.3095050402699469f,2.3161561645924658f,0.4036564466308824f,0f,0f,0f,1f],start_interpolation:0}
execute if entity @s[tag=aj.dino.bone.tail_3] run data modify entity @s {} merge value {transformation:[0.593405139417989f,-1.8658703068422475f,0.7087622059627467f,-0.5723072558921495f,1.7110702523798955f,0.09485259120084599f,-1.1828723952343845f,0.5457847007916931f,1.0276451031252771f,0.9194979663008218f,1.5602610544507403f,0.13009582041706041f,0f,0f,0f,1f],start_interpolation:0}
execute if entity @s[tag=aj.dino.bone.tail_2] run data modify entity @s {} merge value {transformation:[0.6580769667384762f,-1.691940069780286f,0.7232201470665383f,-0.706668291927274f,1.6667091647780037f,0.2226839427169544f,-0.9956235717899701f,0.7321543762545889f,0.7796083253121866f,0.9521158211744466f,1.5180448600670582f,-0.15130236726822566f,0f,0f,0f,1f],start_interpolation:0}
execute if entity @s[tag=aj.dino.bone.tail_1] run data modify entity @s {} merge value {transformation:[1.0825975646146573f,-0.7379457681475696f,-0.7556949161953572f,-0.5360648358871509f,0.6762688290881261f,1.3155164224327733f,-0.315805736352988f,0.7833853297689339f,0.8113564160676792f,-0.11184290582228142f,1.271553451697191f,-0.42433446645805534f,0f,0f,0f,1f],start_interpolation:0}
execute if entity @s[tag=aj.dino.bone.tail_0] run data modify entity @s {} merge value {transformation:[0.20603675590506218f,0.07409170910226309f,-1.2593232271511756f,-0.166273354595165f,-0.044027163608006174f,1.2756542630700902f,0.0678492929938619f,0.7943419991383509f,1.26073239851476f,0.03243973392983825f,0.20817588616794624f,-0.48438547028804524f,0f,0f,0f,1f],start_interpolation:0}
execute if entity @s[tag=aj.dino.bone.body_1] run data modify entity @s {} merge value {transformation:[-0.8947712763585369f,0.356876066520635f,-0.7750022136773058f,-0.010134331616123277f,0.07591280600773226f,1.1518660197136086f,0.44277140102925694f,0.6138175f,0.849838928235226f,0.27285296558794814f,-0.8555288716823732f,-0.303865575204348f,0f,0f,0f,1f],start_interpolation:0}