execute if entity @s[tag=aj.dino.bone.head_lower] run data modify entity @s {} merge value {transformation:[0.8751415925026285f,-0.3976449303983445f,0.2756913172380642f,0.019011334839268076f,0.32204499635147876f,0.9039120862753045f,0.2814781707529064f,0.9967231859928156f,-0.3611290813503385f,-0.1575482453533587f,0.9191106228246623f,-1.1440677947916378f,0f,0f,0f,1f],start_interpolation:0}
execute if entity @s[tag=aj.dino.bone.head_upper] run data modify entity @s {} merge value {transformation:[0.9109345189936559f,-0.21497173730915947f,0.45547491352168407f,0.04586622200768316f,0.33521650251683915f,0.9613227215847308f,-0.21670363169271337f,1.0034745169284967f,-0.3758991103071168f,0.336329778203945f,0.9105240698340218f,-1.0738631577826376f,0f,0f,0f,1f],start_interpolation:0}
execute if entity @s[tag=aj.dino.bone.neck_0] run data modify entity @s {} merge value {transformation:[0.9045371403271221f,0.06683034102066124f,0.42112500197434743f,0.07171989393960025f,0.2721860781202859f,0.6697401460953518f,-0.6909145211859962f,0.9478396000634888f,-0.328218373413692f,0.7395822078898591f,0.5876145480895036f,-1.0477656497146755f,0f,0f,0f,1f],start_interpolation:0}
execute if entity @s[tag=aj.dino.bone.neck_1] run data modify entity @s {} merge value {transformation:[0.9099036398207248f,-0.33867916209954735f,0.23952409357003107f,0.09045047585381262f,0.40809050114981354f,0.8344217320079569f,-0.37040857984681635f,0.9203052083544971f,-0.07441444155733828f,0.4347836224058927f,0.8974551200897567f,-0.9697364281441508f,0f,0f,0f,1f],start_interpolation:0}
execute if entity @s[tag=aj.dino.bone.neck_2] run data modify entity @s {} merge value {transformation:[0.9612988682776646f,-0.22477408648503988f,0.1593144560072831f,0.10220693826797808f,0.2718603672274158f,0.8676778423910148f,-0.41620560130138556f,0.8923375845141456f,-0.04468138962762201f,0.44340926001662295f,0.8952048936151185f,-0.886968511640414f,0f,0f,0f,1f],start_interpolation:0}
execute if entity @s[tag=aj.dino.bone.body_0] run data modify entity @s {} merge value {transformation:[0.9663675539108735f,-0.18508803721094874f,0.17853898518170547f,0.18458849754844064f,0.25593883644310605f,0.7599140337067576f,-0.597516504688928f,0.6179694276047454f,-0.0250811233493205f,0.6231156231847531f,0.781727482819053f,-0.5126073252604912f,0f,0f,0f,1f],start_interpolation:0}
execute if entity @s[tag=aj.dino.bone.leg_left_3] run data modify entity @s {} merge value {transformation:[0.9570954298847908f,0.06656209646591904f,-0.28202451206891443f,-0.16554362409008117f,-0.08749262807059886f,0.994217031443546f,-0.06226985162085309f,-0.04645204745445941f,0.2762487613129649f,0.08427325614716011f,0.9573842698579333f,-0.28579898179422214f,0f,0f,0f,1f],start_interpolation:0}
execute if entity @s[tag=aj.dino.bone.leg_left_2] run data modify entity @s {} merge value {transformation:[0.9860074200339619f,0.01482536202679476f,-0.2821910271065316f,-0.16927914993515358f,-0.059639618172846666f,1.012133429872115f,-0.1552135161002416f,0.18458546901972067f,0.27621492190477664f,0.1656150001563184f,0.9738270832858652f,-0.2166702331138114f,0f,0f,0f,1f],start_interpolation:0}
execute if entity @s[tag=aj.dino.bone.leg_left_1] run data modify entity @s {} merge value {transformation:[0.8578561444265785f,0.32312312741206095f,-0.3995926425761796f,-0.07738853980154298f,0.293492724015781f,0.3302298265217748f,0.897112190656885f,0.22087403575015507f,0.42183510572184707f,-0.8868707381613443f,0.18845539889796356f,-0.4760013753888749f,0f,0f,0f,1f],start_interpolation:0}
execute if entity @s[tag=aj.dino.bone.leg_left_0] run data modify entity @s {} merge value {transformation:[0.878666717099225f,-0.33588833416386465f,-0.33929902333295126f,-0.0794806333495279f,0.2396528274902355f,0.9249453183725858f,-0.295029965082483f,0.6359206938605195f,0.41293016666018245f,0.17791904055850716f,0.8932152553940927f,-0.43084416887144533f,0f,0f,0f,1f],start_interpolation:0}
execute if entity @s[tag=aj.dino.bone.leg_right_3] run data modify entity @s {} merge value {transformation:[0.6960307842289222f,-0.07002891529869554f,-0.7145887617558504f,0.2662551952529441f,0.4211393455459485f,0.8458792735323465f,0.3273070519275735f,0.38780751443130734f,0.5815348648523165f,-0.5287572274971541f,0.6182499456778954f,0.1440942682835042f,0f,0f,0f,1f],start_interpolation:0}
execute if entity @s[tag=aj.dino.bone.leg_right_2] run data modify entity @s {} merge value {transformation:[0.7144851521813709f,0.06679242657677642f,-0.7328792114428158f,0.25806672586283763f,0.5594280619768884f,0.614366275253844f,0.6013788513110468f,0.5487328167872362f,0.47813534724577766f,-0.8186299842318246f,0.39152744237340004f,-0.03536900956663358f,0f,0f,0f,1f],start_interpolation:0}
execute if entity @s[tag=aj.dino.bone.leg_right_1] run data modify entity @s {} merge value {transformation:[0.7501380605432539f,0.6575837669671759f,0.06983179466163175f,0.4479475376474854f,0.19162887575565055f,-0.3172323635034243f,0.9287852289537427f,0.41710782036433847f,0.6329069948270687f,-0.6833353620055747f,-0.3639801078790968f,-0.18910099482812995f,0f,0f,0f,1f],start_interpolation:0}
execute if entity @s[tag=aj.dino.bone.leg_right_0] run data modify entity @s {} merge value {transformation:[0.7301492305458984f,-0.372297267268559f,-0.5729544885220778f,0.2635150490629199f,0.24632702789729333f,0.9255608385827871f,-0.2875067467194705f,0.7752761032961762f,0.6373422129911989f,0.0687886536159186f,0.7675044134551869f,-0.2986793540995489f,0f,0f,0f,1f],start_interpolation:0}
execute if entity @s[tag=aj.dino.bone.tail_4] run data modify entity @s {} merge value {transformation:[1.1599711965016717f,-2.22123574811416f,-2.5705925824584126f,-0.9495914571931307f,3.1614744714118306f,1.700187918214026f,-0.04251893430392966f,0.05603037139877093f,1.2437498302720553f,-2.2500756530532002f,2.5055166264943143f,1.369200304847009f,0f,0f,0f,1f],start_interpolation:0}
execute if entity @s[tag=aj.dino.bone.tail_3] run data modify entity @s {} merge value {transformation:[-0.12116627393543655f,-1.7776736408620961f,-2.037877106122892f,-0.586646875801854f,2.4812141564693166f,0.7381862059164986f,-0.7914577525970498f,0.18300862706029233f,1.075473376152088f,-1.9033406134987547f,1.596370716722568f,1.1171405059249628f,0f,0f,0f,1f],start_interpolation:0}
execute if entity @s[tag=aj.dino.bone.tail_2] run data modify entity @s {} merge value {transformation:[0.5767705679128122f,-2.1916452584851402f,-1.1479349379228025f,-0.3733432962951342f,2.1263121723966836f,1.041720686825861f,-0.9205120340937671f,0.3559499750236229f,1.2648557650032357f,-0.7518223994756693f,2.0709009686944038f,0.7329209319284076f,0f,0f,0f,1f],start_interpolation:0}
execute if entity @s[tag=aj.dino.bone.tail_1] run data modify entity @s {} merge value {transformation:[0.9263193616840496f,-1.3991357522362706f,-1.0249344610673898f,-0.13657082579905547f,1.2073731766766518f,1.3543800858246393f,-0.7576566886548115f,0.5012798534246448f,1.2451190765990965f,-0.27242024968032086f,1.4971989697943042f,0.4128809222621984f,0f,0f,0f,1f],start_interpolation:0}
execute if entity @s[tag=aj.dino.bone.tail_0] run data modify entity @s {} merge value {transformation:[1.484209407741254f,-0.6294669908928168f,-0.4025867637860272f,-0.034115776221103206f,0.49077917999954984f,1.4963623780762494f,-0.5302997180689123f,0.6923556460751673f,0.5634186644745924f,0.3547580892401765f,1.5224613189396086f,-0.02345671578576347f,0f,0f,0f,1f],start_interpolation:0}
execute if entity @s[tag=aj.dino.bone.body_1] run data modify entity @s {} merge value {transformation:[1.078760172154111f,-0.418094030765673f,-0.43597989342215737f,0.09540504186803475f,0.43828850677089415f,1.155826461869644f,-0.02393679031721499f,0.6200675f,0.4156732741743485f,-0.13366812086755375f,1.1566992511699676f,-0.28336959239168874f,0f,0f,0f,1f],start_interpolation:0}