execute if entity @s[tag=aj.dino.bone.head_lower] run data modify entity @s {} merge value {transformation:[0.2848233829072778f,-0.2933290827461827f,0.9125972220889874f,-0.5139856271600292f,0.360018258380568f,0.9150682083166819f,0.18176090823034632f,1.0765363543574653f,-0.8884044654220714f,0.27678190573695527f,0.3662366481863092f,-0.7342971910238857f,0f,0f,0f,1f],start_interpolation:0}
execute if entity @s[tag=aj.dino.bone.head_upper] run data modify entity @s {} merge value {transformation:[0.29647254059177597f,0.17460988661832588f,0.9823886006839144f,-0.44224949275076675f,0.3747428551407256f,0.9303257171756641f,-0.2784489092563847f,1.0783473690971344f,-0.9247398378893069f,0.4329865933723913f,0.2021157706952539f,-0.7109283284622245f,0f,0f,0f,1f],start_interpolation:0}
execute if entity @s[tag=aj.dino.bone.neck_0] run data modify entity @s {} merge value {transformation:[0.3260158584894669f,0.636843355149104f,0.6986731718162702f,-0.4075144810585648f,0.3097717825347109f,0.6262853127743047f,-0.7154076808005762f,1.0218218871486475f,-0.8931713736784466f,0.4496634830688647f,0.006902842583535296f,-0.7174922531670619f,0f,0f,0f,1f],start_interpolation:0}
execute if entity @s[tag=aj.dino.bone.neck_1] run data modify entity @s {} merge value {transformation:[0.5344343602121359f,0.17303986014275424f,0.827307150595485f,-0.33663353399108054f,0.4244392397614418f,0.7915068791684854f,-0.4397365028965573f,0.9882168070656779f,-0.7309112438424887f,0.586151914635396f,0.3495635658844969f,-0.6851793025131069f,0f,0f,0f,1f],start_interpolation:0}
execute if entity @s[tag=aj.dino.bone.neck_2] run data modify entity @s {} merge value {transformation:[0.5787879196557113f,0.26511567336349207f,0.7711797610140164f,-0.2664767549385206f,0.28769222251251153f,0.8184902582983504f,-0.4972995899621385f,0.9526631644232222f,-0.7630450374430234f,0.5096934145226143f,0.397460556566124f,-0.6453685597171797f,0f,0f,0f,1f],start_interpolation:0}
execute if entity @s[tag=aj.dino.bone.body_0] run data modify entity @s {} merge value {transformation:[0.5923760083272471f,0.42207923330183184f,0.6862505268293894f,0.06097137721293655f,0.2740952725526368f,0.6953937433183591f,-0.6643036378930766f,0.6462038456701438f,-0.7576030928676127f,0.5816155625230618f,0.2962446473919983f,-0.5002089530662733f,0f,0f,0f,1f],start_interpolation:0}
execute if entity @s[tag=aj.dino.bone.leg_left_3] run data modify entity @s {} merge value {transformation:[0.7916667637956453f,0.08966410410002021f,0.6043377230797946f,-0.027636143578393793f,-0.06472742563535838f,0.9959142168786848f,-0.06297009599433595f,-0.04405049271707104f,-0.6075146874536853f,0.010734107082447986f,0.7942359117247181f,-0.18047163999263408f,0f,0f,0f,1f],start_interpolation:0}
execute if entity @s[tag=aj.dino.bone.leg_left_2] run data modify entity @s {} merge value {transformation:[0.8132259871766734f,0.20475856735823197f,0.5905926027090277f,0.039606359080642875f,-0.040248205472167356f,0.9842507277033122f,-0.2858194998114465f,0.17648137988380053f,-0.6237834361679454f,0.20343705072970278f,0.7883969752945567f,-0.1096534850511357f,0f,0f,0f,1f],start_interpolation:0}
execute if entity @s[tag=aj.dino.bone.leg_left_1] run data modify entity @s {} merge value {transformation:[0.8761745648070972f,-0.48114440388314395f,-0.02860410105260562f,-0.10703804950457112f,0.2822895780262471f,0.46414276866040594f,0.8395737516371131f,0.25242464890466937f,-0.39067982558977493f,-0.7436878060800697f,0.5424921390812553f,-0.3326813375289875f,0f,0f,0f,1f],start_interpolation:0}
execute if entity @s[tag=aj.dino.bone.leg_left_0] run data modify entity @s {} merge value {transformation:[0.8769875036020822f,0.018848063089662997f,0.4801433838381567f,-0.03675208961557208f,0.23219129705469158f,0.8582053395461745f,-0.45778903082806094f,0.6536490333594744f,-0.4206900522924775f,0.5129603743879281f,0.7482590020908195f,-0.2411053814826656f,0f,0f,0f,1f],start_interpolation:0}
execute if entity @s[tag=aj.dino.bone.leg_right_3] run data modify entity @s {} merge value {transformation:[0.8914579131092621f,-0.4477044664327191f,0.06973879760271914f,0.6288872463091129f,0.4206040865605102f,0.87489664301837f,0.24010011745891668f,0.3732776272069446f,-0.16850813488813407f,-0.1847067263836949f,0.9682398637244498f,-0.2120283412199449f,0f,0f,0f,1f],start_interpolation:0}
execute if entity @s[tag=aj.dino.bone.leg_right_2] run data modify entity @s {} merge value {transformation:[0.8227526664262949f,-0.6030438212723703f,-0.10713729049370872f,0.48373118437119134f,0.5672268956718994f,0.6825190778618873f,0.514279648325377f,0.5473853944550532f,-0.23107119728675823f,-0.4717711918721521f,0.8809655179430618f,-0.29441326176107513f,0f,0f,0f,1f],start_interpolation:0}
execute if entity @s[tag=aj.dino.bone.leg_right_1] run data modify entity @s {} merge value {transformation:[0.9598398231436736f,-0.16211466824702553f,-0.22896800703739806f,0.4709491095328902f,0.19175614221828713f,-0.21664107214756917f,0.957233632808789f,0.44158164634787417f,-0.2047854873497659f,-0.9626969825432654f,-0.1768542449957317f,-0.5506466926577211f,0f,0f,0f,1f],start_interpolation:0}
execute if entity @s[tag=aj.dino.bone.leg_right_0] run data modify entity @s {} merge value {transformation:[0.95307619381057f,-0.13971583365807833f,0.2685614540785491f,0.2834100214951077f,0.24389022470103444f,0.8799158139639952f,-0.40775693572440774f,0.7919006669144043f,-0.17934137026028146f,0.4541229416813336f,0.8727021409116953f,-0.42253364550124695f,0f,0f,0f,1f],start_interpolation:0}
execute if entity @s[tag=aj.dino.bone.tail_4] run data modify entity @s {} merge value {transformation:[1.1256174076066368f,-3.050484537148428f,0.9331599948795016f,1.2400080617159988f,3.1896440460267708f,1.0610109120062343f,-0.3790577000694338f,0.1385609307595444f,0.049136005852573564f,1.0060109189041126f,3.2293630517033565f,1.3177285292127214f,0f,0f,0f,1f],start_interpolation:0}
execute if entity @s[tag=aj.dino.bone.tail_3] run data modify entity @s {} merge value {transformation:[0.4729366595494125f,-2.218833601207941f,1.1660774507833047f,1.0639974461519306f,2.471026621932733f,0.21354187514063544f,-0.59586538436259f,0.23750800536978356f,0.42069775941214427f,1.240082889460406f,2.1890262852495805f,0.934415380173155f,0f,0f,0f,1f],start_interpolation:0}
execute if entity @s[tag=aj.dino.bone.tail_2] run data modify entity @s {} merge value {transformation:[0.9051788574303752f,-1.5298496044404928f,1.6033586529626962f,0.7662418723632894f,2.2036681685363373f,0.4379991327793728f,-0.8261663929501532f,0.3928242479247528f,0.23461752964514276f,1.7883692274398562f,1.5739242889368679f,0.6424253269049064f,0f,0f,0f,1f],start_interpolation:0}
execute if entity @s[tag=aj.dino.bone.tail_1] run data modify entity @s {} merge value {transformation:[1.18599423528923f,-1.0670224805461606f,0.9422286665274435f,0.5753949577569654f,1.4195330675394655f,0.9779369911615936f,-0.6793226565013541f,0.525696452927638f,-0.10610232881026373f,1.1567266001450731f,1.4434819113844517f,0.3177657040007266f,0f,0f,0f,1f],start_interpolation:0}
execute if entity @s[tag=aj.dino.bone.tail_0] run data modify entity @s {} merge value {transformation:[1.285070383380901f,-0.1369055137015534f,0.8840959858942268f,0.3137377884547906f,0.44949005452745894f,1.4366904719686466f,-0.43087573711491106f,0.6862782581245402f,-0.773516336503033f,0.6074142657787431f,1.2183985838346596f,-0.023620692166742396f,0f,0f,0f,1f],start_interpolation:0}
execute if entity @s[tag=aj.dino.bone.body_1] run data modify entity @s {} merge value {transformation:[1.0069460107187815f,-0.32257033060071516f,0.6407906899838092f,0.1864903299658343f,0.43481700692361447f,1.1527951879824847f,-0.10296611146715923f,0.6325675f,-0.5706123877412498f,0.30921874366995167f,1.0523259317225135f,-0.28909980730919516f,0f,0f,0f,1f],start_interpolation:0}