execute if entity @s[tag=aj.dino.bone.head_lower] run data modify entity @s {} merge value {transformation:[0.39397718734277465f,0.0111424929308232f,-0.9190526756964275f,0.9256219824825646f,-0.38818601160095056f,0.9083856563943657f,-0.15539343504255237f,0.4323640780879128f,0.8331227978220396f,0.41798486109937505f,0.36220858581888044f,-0.17814241450434348f,0f,0f,0f,1f],start_interpolation:0}
execute if entity @s[tag=aj.dino.bone.head_upper] run data modify entity @s {} merge value {transformation:[0.41009069014793276f,0.6001451694101454f,-0.745065999808854f,0.8878625003698468f,-0.404062657731258f,0.843431266516501f,0.4569781284405529f,0.48268053988093246f,0.867197173118462f,0.10918524112509942f,0.5652606377940265f,-0.13645390679529004f,0f,0f,0f,1f],start_interpolation:0}
execute if entity @s[tag=aj.dino.bone.neck_0] run data modify entity @s {} merge value {transformation:[0.31455866999182325f,0.2519362321627676f,-0.9151945028553238f,0.8244932686268505f,-0.37780450307915703f,0.9177092064477832f,0.12277446743558429f,0.47584530410209164f,0.8708137576922442f,0.30714483118654f,0.3838560304193559f,-0.11689997434048774f,0f,0f,0f,1f],start_interpolation:0}
execute if entity @s[tag=aj.dino.bone.neck_1] run data modify entity @s {} merge value {transformation:[0.23495375199237012f,0.33285237153190406f,-0.9132393077339012f,0.7486633222649761f,-0.11755207682503267f,0.9423744614929702f,0.31322816533631853f,0.5067212421730383f,0.9648721385027291f,0.03375904458692077f,0.26054190305927544f,-0.09467313184035811f,0f,0f,0f,1f],start_interpolation:0}
execute if entity @s[tag=aj.dino.bone.neck_2] run data modify entity @s {} merge value {transformation:[0.1072808703293429f,0.1780515763433903f,-0.9781556374233153f,0.66471278847405f,-0.21620560498405536f,0.9644674968287615f,0.15184723881039597f,0.5294669387332592f,0.970435959368189f,0.19519242742098541f,0.14196466124583973f,-0.0803249069205446f,0f,0f,0f,1f],start_interpolation:0}
execute if entity @s[tag=aj.dino.bone.body_0] run data modify entity @s {} merge value {transformation:[0.13596986858998383f,-0.027871201844292953f,-0.990320852523755f,0.19771277634623208f,-0.20449940039443348f,0.9772873916187913f,-0.05558191631507743f,0.5125812740205579f,0.9693772176371486f,0.21007748639655272f,0.127181994147625f,-0.018383259356461845f,0f,0f,0f,1f],start_interpolation:0}
execute if entity @s[tag=aj.dino.bone.leg_left_3] run data modify entity @s {} merge value {transformation:[-0.26861056218676155f,0.17256137446885556f,-0.947666047678786f,-0.24163222127532588f,-0.0901815608263193f,0.9749963632740453f,0.20309942808711934f,0.038393175792300116f,0.9590180665496563f,0.14001665488007292f,-0.24633246718115287f,-0.5925291011394804f,0f,0f,0f,1f],start_interpolation:0}
execute if entity @s[tag=aj.dino.bone.leg_left_2] run data modify entity @s {} merge value {transformation:[-0.302288959386553f,-0.009688060482103108f,-0.9800967942085028f,-0.27464883955924935f,-0.2754936535808179f,0.9851424280294605f,0.07523192695661815f,0.26992605404894104f,0.9406310814396799f,0.2854167785555165f,-0.292937929686997f,-0.5335926839655055f,0f,0f,0f,1f],start_interpolation:0}
execute if entity @s[tag=aj.dino.bone.leg_left_1] run data modify entity @s {} merge value {transformation:[-0.41680204711733754f,0.9025153756087667f,-0.10836074154675734f,-0.015415694963354709f,0.10890122223324485f,0.16792884870150498f,0.9797654951925447f,0.26141515081617345f,0.9024503184745974f,0.3965676468946419f,-0.1682781153969357f,-0.43490566896934674f,0f,0f,0f,1f],start_interpolation:0}
execute if entity @s[tag=aj.dino.bone.leg_left_0] run data modify entity @s {} merge value {transformation:[-0.43533821621450874f,0.2921433300310278f,-0.8515473634634491f,0.11799132544527208f,0.053645352792693335f,0.9526204127108383f,0.2993935961412326f,0.6173100219983053f,0.8986672429920416f,0.0846559153574866f,-0.4303842032046121f,-0.2621379458946964f,0f,0f,0f,1f],start_interpolation:0}
execute if entity @s[tag=aj.dino.bone.leg_right_3] run data modify entity @s {} merge value {transformation:[-0.699420356740285f,-0.0417780574509906f,-0.7134884431390002f,-0.09687389211254976f,0.0672734513679767f,0.9900095688855576f,-0.12391665043920977f,0.04655635990979587f,0.7115373829380526f,-0.13466865793737823f,-0.6896222917300548f,0.23344892953434201f,0f,0f,0f,1f],start_interpolation:0}
execute if entity @s[tag=aj.dino.bone.leg_right_2] run data modify entity @s {} merge value {transformation:[-0.7036073654446572f,0.20067367918665902f,-0.7188386114242981f,-0.07122092053743972f,0.24071308946959571f,0.9961501746322229f,0.04247631856563202f,0.2796967907129357f,0.7064390160167581f,-0.13956039396109618f,-0.7304307034807564f,0.17724806975169624f,0f,0f,0f,1f],start_interpolation:0}
execute if entity @s[tag=aj.dino.bone.leg_right_1] run data modify entity @s {} merge value {transformation:[-0.5968854172125359f,0.7451804095870751f,-0.2973784724667477f,0.13510580273276013f,-0.13561075799204086f,0.27161146643311807f,0.9528047720382574f,0.30025117319133854f,0.790782853276322f,0.6090429939418813f,-0.06106644327671773f,0.36169368852666084f,0f,0f,0f,1f],start_interpolation:0}
execute if entity @s[tag=aj.dino.bone.leg_right_0] run data modify entity @s {} merge value {transformation:[-0.640669088615121f,-0.734667330215108f,-0.2231748928703127f,-0.060686437978295725f,-0.11295789766168801f,0.3776820999860919f,-0.9190194474035613f,0.5364896173536228f,0.7594627260431691f,-0.5635779850781089f,-0.3249557238861582f,0.0785610790632146f,0f,0f,0f,1f],start_interpolation:0}
execute if entity @s[tag=aj.dino.bone.tail_4] run data modify entity @s {} merge value {transformation:[-0.26888318679986f,-2.657469416863319f,0.700870502940795f,-1.1919952858372427f,2.7101779799191186f,-0.13943873996674747f,0.5110317862501443f,0.3136800068239111f,-0.45639728375383604f,0.7376140371716207f,2.6216957075811647f,0.542799315937571f,0f,0f,0f,1f],start_interpolation:0}
execute if entity @s[tag=aj.dino.bone.tail_3] run data modify entity @s {} merge value {transformation:[-0.49794639664300905f,-1.991676278107387f,-0.3481673668496152f,-1.113468850666379f,2.0085847636655743f,-0.5283344559844577f,0.1496511805317994f,0.2934748642626424f,-0.23147820477357545f,-0.3000563811825348f,2.047517896105157f,0.19855223224883345f,0f,0f,0f,1f],start_interpolation:0}
execute if entity @s[tag=aj.dino.bone.tail_2] run data modify entity @s {} merge value {transformation:[0.15746152565451246f,-1.6785910487329114f,-0.9880849326121082f,-0.9300690112557568f,1.837316835498745f,0.45713709800505065f,-0.48380408702611816f,0.3848803591849506f,0.6467198689805407f,-0.8900177749596029f,1.615052830815304f,-0.1014161300351023f,0f,0f,0f,1f],start_interpolation:0}
execute if entity @s[tag=aj.dino.bone.tail_1] run data modify entity @s {} merge value {transformation:[0.019014151244871873f,-0.8746597318736369f,-1.2338010639852663f,-0.6538951417729539f,1.2221240954792525f,0.7357424531963335f,-0.5027444557761537f,0.4829040824896699f,0.8909025801407561f,-0.9906107439369815f,0.7159882657524244f,-0.24423076683120848f,0f,0f,0f,1f],start_interpolation:0}
execute if entity @s[tag=aj.dino.bone.tail_0] run data modify entity @s {} merge value {transformation:[0.09089246129671427f,0.022526126481782534f,-1.2747810991261126f,-0.28083088038017623f,-0.01295662536384056f,1.277966645623275f,0.021658603777791795f,0.5074145467296798f,1.2749142727739124f,0.011381690742109757f,0.09110307775945098f,-0.27057854311274016f,0f,0f,0f,1f],start_interpolation:0}
execute if entity @s[tag=aj.dino.bone.body_1] run data modify entity @s {} merge value {transformation:[-0.56196175262387f,-0.31012648752598293f,-1.0567048525387563f,-0.014272584496354207f,-0.2541893035353804f,1.1908248898734075f,-0.21430929677089394f,0.47702794921874997f,1.0715369249878217f,0.11984255691962357f,-0.6050214665570638f,-0.1379917738095673f,0f,0f,0f,1f],start_interpolation:0}