execute if entity @s[tag=aj.dino.bone.head_lower] run data modify entity @s {} merge value {transformation:[-0.4275276926162791f,0.026255551255435272f,0.9036208928939582f,-0.7141708612286987f,0.3569636016838645f,0.9232524135349701f,0.14206325342866108f,1.1270950246431772f,-0.8305402212530615f,0.38329574342813394f,-0.40408825020135186f,-0.12314777210669131f,0f,0f,0f,1f],start_interpolation:0}
execute if entity @s[tag=aj.dino.bone.head_upper] run data modify entity @s {} merge value {transformation:[-0.44501339710774634f,0.40085246013868037f,0.8513238656227715f,-0.6466199456175321f,0.37156326425790054f,0.9400571075997257f,-0.2484055508412779f,1.131194678125736f,-0.8645089702438863f,0.1976913812878874f,-0.5449901840545849f,-0.15654722020412057f,0f,0f,0f,1f],start_interpolation:0}
execute if entity @s[tag=aj.dino.bone.neck_0] run data modify entity @s {} merge value {transformation:[-0.3983278310451507f,0.7417307609660169f,0.5396020915930924f,-0.6236392339364498f,0.30849264212631855f,0.6623501228841552f,-0.6827331868814257f,1.0761970040513802f,-0.8638097179175457f,-0.10548835458058095f,-0.49265097003770575f,-0.1864115633467177f,0f,0f,0f,1f],start_interpolation:0}
execute if entity @s[tag=aj.dino.bone.neck_1] run data modify entity @s {} merge value {transformation:[-0.13813868118763756f,0.5187570932992924f,0.843687609788961f,-0.5497779709032532f,0.42834757062783485f,0.7993560395248928f,-0.4213647835454576f,1.0441844098268822f,-0.892992756687854f,0.30318476252402227f,-0.3326303297600505f,-0.21319298374761922f,0f,0f,0f,1f],start_interpolation:0}
execute if entity @s[tag=aj.dino.bone.neck_2] run data modify entity @s {} merge value {transformation:[-0.12900924270784359f,0.5439012336596467f,0.8291731202345283f,-0.47181105375650767f,0.29206294863301435f,0.8199122848503309f,-0.4923850923690717f,1.0090752365610216f,-0.9476580867231273f,0.1786485185357677f,-0.2646296610231693f,-0.23462744612391728f,0f,0f,0f,1f],start_interpolation:0}
execute if entity @s[tag=aj.dino.bone.body_0] run data modify entity @s {} merge value {transformation:[-0.11907997465465758f,0.7057363694243535f,0.698395401264913f,-0.13593689903388026f,0.2826703242325777f,0.6983891550218081f,-0.6575333268710981f,0.7058352750446752f,-0.9517969570420446f,0.11911660261969115f,-0.28265489124698884f,-0.3667069018770751f,0f,0f,0f,1f],start_interpolation:0}
execute if entity @s[tag=aj.dino.bone.leg_left_3] run data modify entity @s {} merge value {transformation:[0.09085388380664954f,0.05421573634396931f,0.9943873620123745f,-0.04386598530866612f,-0.04256587913023944f,0.997815877826953f,-0.05051356144934638f,0.0093510816843774f,-0.9949541284557383f,-0.03773761901747748f,0.09296318830469441f,-0.09890369212219441f,0f,0f,0f,1f],start_interpolation:0}
execute if entity @s[tag=aj.dino.bone.leg_left_2] run data modify entity @s {} merge value {transformation:[0.09813553096758523f,0.37823241692205956f,0.9483521792307444f,0.07376001737243798f,-0.028511006546810217f,0.9533664811232327f,-0.37728195646901347f,0.21987549050167865f,-1.0205972465023079f,0.009736064949262973f,0.10172840789035228f,-0.09507369846602323f,0f,0f,0f,1f],start_interpolation:0}
execute if entity @s[tag=aj.dino.bone.leg_left_1] run data modify entity @s {} merge value {transformation:[0.34389924941642663f,-0.8174748939929556f,0.4620260857809059f,-0.17967546471616735f,0.26718056586743616f,0.5568860300688163f,0.7864429380043729f,0.3241329699550983f,-0.9001932300753963f,-0.14701274504409423f,0.4099260925106198f,-0.138825499072417f,0f,0f,0f,1f],start_interpolation:0}
execute if entity @s[tag=aj.dino.bone.leg_left_0] run data modify entity @s {} merge value {transformation:[0.31646663903572236f,0.49128270255742423f,0.8114740738589912f,-0.01604361408384504f,0.22072623666511235f,0.7938237583695372f,-0.5666778353665505f,0.7076101754205677f,-0.9225664175684539f,0.35844824844869316f,0.1427797547237468f,-0.11698221837814851f,0f,0f,0f,1f],start_interpolation:0}
execute if entity @s[tag=aj.dino.bone.leg_right_3] run data modify entity @s {} merge value {transformation:[0.5118499299779465f,-0.3694750666930259f,0.7755629080053763f,0.42165159734479457f,0.41154129947014106f,0.8979136143454454f,0.15615665212704405f,0.39642179098640984f,-0.7540844833385706f,0.2392473955245559f,0.6116512696976261f,-0.6134943279424556f,0f,0f,0f,1f],start_interpolation:0}
execute if entity @s[tag=aj.dino.bone.leg_right_2] run data modify entity @s {} merge value {transformation:[0.43226388313706027f,-0.6883484702087331f,0.6256089180928142f,0.2798620813282894f,0.5650011710186331f,0.7423198231351785f,0.42637677754402287f,0.5817558856361239f,-0.7389071738611946f,0.16492381041726195f,0.6920104946275079f,-0.5525182787576183f,0f,0f,0f,1f],start_interpolation:0}
execute if entity @s[tag=aj.dino.bone.leg_right_1] run data modify entity @s {} merge value {transformation:[0.5109443143732878f,-0.8362139854524452f,-0.1992036097648554f,0.07342966097723723f,0.18535398854020063f,-0.1191116851509807f,0.9754262172982295f,0.5013554548316012f,-0.8393925223290056f,-0.5353116634206952f,0.09413615917339321f,-0.7196553847940078f,0f,0f,0f,1f],start_interpolation:0}
execute if entity @s[tag=aj.dino.bone.leg_right_0] run data modify entity @s {} merge value {transformation:[0.5309968830953189f,0.3395702280076733f,0.7763596913762802f,0.08181344294439952f,0.23417115959368795f,0.8217122048869434f,-0.5195699378855415f,0.839054214434138f,-0.8143747160598761f,0.45769106675863225f,0.35680906554029923f,-0.47430555592247947f,0f,0f,0f,1f],start_interpolation:0}
execute if entity @s[tag=aj.dino.bone.tail_4] run data modify entity @s {} merge value {transformation:[0.4051515659510071f,1.7987423636484503f,2.5855976540956345f,1.8234472833492454f,3.148500097043457f,-0.30408163465505017f,-0.28181307532451655f,0.3929840603279958f,0.08795714050488168f,2.599422508889795f,-1.8221424951831582f,-0.8056840825173215f,0f,0f,0f,1f],start_interpolation:0}
execute if entity @s[tag=aj.dino.bone.tail_3] run data modify entity @s {} merge value {transformation:[0.5854677131790051f,1.3035922077590212f,1.9215001615635359f,1.4848751901539226f,2.2773822716968386f,-0.708832259489146f,-0.21301355511384978f,0.4360397676829519f,0.45281950441613605f,1.8794925224568626f,-1.4130641572989004f,-0.5844729298464404f,0f,0f,0f,1f],start_interpolation:0}
execute if entity @s[tag=aj.dino.bone.tail_2] run data modify entity @s {} merge value {transformation:[0.4124918657289737f,1.3118413918241532f,1.7774282188306452f,1.1550723379114958f,2.1917126499004533f,-0.01652654128182631f,-0.49643829766726305f,0.5299432813497655f,-0.27672110628743246f,1.8245896760152156f,-1.2824298784748158f,-0.34584247009124647f,0f,0f,0f,1f],start_interpolation:0}
execute if entity @s[tag=aj.dino.bone.tail_1] run data modify entity @s {} merge value {transformation:[0.3130705152307725f,0.6430296243391526f,1.5855362327428513f,0.8057231588483209f,1.5809077426210347f,0.507707943408805f,-0.5180624905795337f,0.6337079893348346f,-0.6543263348200244f,1.534330778237488f,-0.4930633845046126f,-0.25787121458349804f,0f,0f,0f,1f],start_interpolation:0}
execute if entity @s[tag=aj.dino.bone.tail_0] run data modify entity @s {} merge value {transformation:[-0.017919353180818408f,0.19333673929258088f,1.4570681305977682f,0.38459954559181575f,0.5316182236755538f,1.359378782708133f,-0.17383648800347648f,0.7173112830128573f,-1.3703316008251472f,0.5248408954578965f,-0.08649319867667905f,-0.219930545911802f,0f,0f,0f,1f],start_interpolation:0}
execute if entity @s[tag=aj.dino.bone.body_1] run data modify entity @s {} merge value {transformation:[0.3077715000486334f,0.06519586895491375f,1.1956716930183127f,0.10223122122137554f,0.41340635298260775f,1.1528427200031661f,-0.16927328585920193f,0.6790128124999996f,-1.1238222662537363f,0.4419363717359834f,0.265179848905231f,-0.31134869703966533f,0f,0f,0f,1f],start_interpolation:0}