execute if entity @s[tag=aj.dino.bone.head_lower] run data modify entity @s {} merge value {transformation:[0.6626596889335696f,0.3168301938964061f,-0.6786020666768051f,0.7649337872236347f,-0.5221098901080058f,0.8450483121340973f,-0.11530226715342429f,0.32228731520478177f,0.5369202913970292f,0.43071101494491576f,0.7253996293707696f,-0.5634584545130729f,0f,0f,0f,1f],start_interpolation:0}
execute if entity @s[tag=aj.dino.bone.head_upper] run data modify entity @s {} merge value {transformation:[0.689762194102749f,0.7507108636920874f,-0.2100791691357083f,0.7675226186808424f,-0.5434639670676358f,0.6641816040153103f,0.5890514883864267f,0.37764028853885734f,0.5588801075983797f,-0.28065626414857997f,0.8320799416573467f,-0.5122256253255278f,0f,0f,0f,1f],start_interpolation:0}
execute if entity @s[tag=aj.dino.bone.neck_0] run data modify entity @s {} merge value {transformation:[0.6212476036802753f,0.5765316107496741f,-0.5307190563074802f,0.7236463997305935f,-0.5085298257064935f,0.8119055698588936f,0.2867172160841213f,0.3831655303038149f,0.5961952962649395f,0.09176408577701747f,0.7975779092183217f,-0.46233489103181874f,0f,0f,0f,1f],start_interpolation:0}
execute if entity @s[tag=aj.dino.bone.neck_1] run data modify entity @s {} merge value {transformation:[0.6439776848017861f,0.47198641175717493f,-0.6020976404155046f,0.6748152094565337f,-0.23637838669511985f,0.8712560972911927f,0.4301605179887298f,0.42361953996746726f,0.7276111597417565f,-0.13469090559316388f,0.6726368709562015f,-0.4059742238686017f,0f,0f,0f,1f],start_interpolation:0}
execute if entity @s[tag=aj.dino.bone.neck_2] run data modify entity @s {} merge value {transformation:[0.5069000686041245f,0.37707836286831153f,-0.7751543257350036f,0.6105977097111619f,-0.32330204511243993f,0.9167675458075465f,0.23454861879815442f,0.45314348534199866f,0.7990795380156145f,0.13171626782809398f,0.5866197377468562f,-0.3532923506092395f,0f,0f,0f,1f],start_interpolation:0}
execute if entity @s[tag=aj.dino.bone.body_0] run data modify entity @s {} merge value {transformation:[0.5614159342502727f,0.1980492161042632f,-0.8034853183290785f,0.2338047585975242f,-0.3045945105833316f,0.9522306591891857f,0.02188505934717827f,0.4725290190604522f,0.7694376731694351f,0.23245059625781928f,0.5949221692011403f,-0.07069338073027559f,0f,0f,0f,1f],start_interpolation:0}
execute if entity @s[tag=aj.dino.bone.leg_left_3] run data modify entity @s {} merge value {transformation:[0.16279938237633718f,0.21157853371970572f,-0.9637068460724468f,-0.47398719146830737f,-0.059057265937978276f,0.9770756560022292f,0.2045370425809085f,0.08152186485041063f,0.9848901463807088f,0.023615387289496324f,0.17156256306476966f,-0.4090247841704049f,0f,0f,0f,1f],start_interpolation:0}
execute if entity @s[tag=aj.dino.bone.leg_left_2] run data modify entity @s {} merge value {transformation:[0.09444599656001318f,0.18305840540004265f,-1.004804345853895f,-0.46222297642885113f,-0.30649570261963827f,0.9676628333803523f,0.1474829640015998f,0.311165059734549f,0.9742702589683084f,0.2866713459824624f,0.14380264734393164f,-0.33624650201201156f,0f,0f,0f,1f],start_interpolation:0}
execute if entity @s[tag=aj.dino.bone.leg_left_1] run data modify entity @s {} merge value {transformation:[0.016845333556699562f,0.9979049026750044f,-0.06246631055660051f,-0.1881459053831187f,0.08826799547097107f,0.06074704076494403f,0.9942427057886012f,0.27317931536317813f,0.9959543140691246f,-0.022262126032622842f,-0.08705976126550924f,-0.3575121553363518f,0f,0f,0f,1f],start_interpolation:0}
execute if entity @s[tag=aj.dino.bone.leg_left_0] run data modify entity @s {} merge value {transformation:[-0.010159291181111432f,0.4490159570164324f,-0.8934659809681146f,0.05970478944168049f,0.03658811119133626f,0.8930806831444082f,0.4484062929016136f,0.5915830474026951f,0.9992787893887011f,-0.028134742560307527f,-0.025501712470291413f,-0.25029100507846247f,0f,0f,0f,1f],start_interpolation:0}
execute if entity @s[tag=aj.dino.bone.leg_right_3] run data modify entity @s {} merge value {transformation:[-0.35446076589331615f,-0.12191393761458476f,-0.9270892930336495f,0.13244877457902404f,0.008647788861014753f,0.9909943779311743f,-0.13362394492238844f,0.017363878065919325f,0.9350308985216155f,-0.055381718320338336f,-0.3502143402057486f,0.278515290805161f,0f,0f,0f,1f],start_interpolation:0}
execute if entity @s[tag=aj.dino.bone.leg_right_2] run data modify entity @s {} merge value {transformation:[-0.37505874501833303f,-0.007972463711592995f,-0.9546358348125928f,0.10166973961989917f,0.18153291547945422f,1.0063557394585654f,-0.07972531440533143f,0.24919844423300205f,0.9372507337332403f,-0.19810796294411506f,-0.36657399885334313f,0.2195538033483372f,0f,0f,0f,1f],start_interpolation:0}
execute if entity @s[tag=aj.dino.bone.leg_right_1] run data modify entity @s {} merge value {transformation:[-0.21507181689289848f,0.9047098867649054f,-0.36775553614897627f,0.36267222857073605f,-0.18462319548543396f,0.3321118119133616f,0.9249951459744923f,0.2866876848974608f,0.9589882112242754f,0.266836588903129f,0.09560253948200273f,0.3060734153194753f,0f,0f,0f,1f],start_interpolation:0}
execute if entity @s[tag=aj.dino.bone.leg_right_0] run data modify entity @s {} merge value {transformation:[-0.27065434130307736f,-0.9468695613350107f,-0.17373618319464162f,0.03651417938703498f,-0.17095395947293462f,0.22487771885148497f,-0.9592730348053565f,0.4729505848179802f,0.947375834225427f,-0.22993052294420863f,-0.2227352314841081f,0.1237705419731285f,0f,0f,0f,1f],start_interpolation:0}
execute if entity @s[tag=aj.dino.bone.tail_4] run data modify entity @s {} merge value {transformation:[-0.12991816907871584f,-1.949359304216949f,1.9516098237111976f,-0.8385241394576141f,2.6477797253748125f,0.4596205213202755f,0.6353525272440194f,0.366471640344725f,-0.7733337745354969f,1.9011598068137496f,1.8474868318119597f,0.9959028945089121f,0f,0f,0f,1f],start_interpolation:0}
execute if entity @s[tag=aj.dino.bone.tail_3] run data modify entity @s {} merge value {transformation:[-0.18102771951704194f,-2.013576829636592f,0.4986811024708661f,-0.9033775960471495f,2.0626952787609776f,-0.12160412196568743f,0.257771508399536f,0.32395311004179206f,-0.22014240343031846f,0.5163974387194934f,2.005197380194857f,0.6508421648046563f,0f,0f,0f,1f],start_interpolation:0}
execute if entity @s[tag=aj.dino.bone.tail_2] run data modify entity @s {} merge value {transformation:[0.7234797418240497f,-1.793700885365404f,-0.27926344553548726f,-0.8513549743017701f,1.77616052537336f,0.7615479606808178f,-0.289952352449666f,0.37934920462111626f,0.37497296739687036f,-0.14647768575804695f,1.9122534968720362f,0.2956008334519597f,0f,0f,0f,1f],start_interpolation:0}
execute if entity @s[tag=aj.dino.bone.tail_1] run data modify entity @s {} merge value {transformation:[0.5690430077375419f,-1.0600492113336901f,-0.9165925893742736f,-0.6417001166982319f,1.1075859932557912f,0.9462816116419929f,-0.4067685201829366f,0.4542557801636389f,0.8585450325338767f,-0.5181727810480367f,1.132278078076384f,0.057461121050687486f,0f,0f,0f,1f],start_interpolation:0}
execute if entity @s[tag=aj.dino.bone.tail_0] run data modify entity @s {} merge value {transformation:[0.5643783935608039f,0.1377803670898819f,-1.1385645857439675f,-0.3056601963487607f,-0.13059258684174602f,1.2684252934963782f,0.08876129598330355f,0.45892702830627835f,1.1394113926619025f,0.0771334029278627f,0.5741322434849487f,-0.10845229815671809f,0f,0f,0f,1f],start_interpolation:0}
execute if entity @s[tag=aj.dino.bone.body_1] run data modify entity @s {} merge value {transformation:[-0.07293708865065392f,-0.2613695075654258f,-1.2062216863704716f,-0.007625459600270983f,-0.37311249768754723f,1.1564584123429607f,-0.22802543640306705f,0.4340440672705068f,1.1764658262035397f,0.3505631413774927f,-0.1470994178745019f,-0.09786665937665406f,0f,0f,0f,1f],start_interpolation:0}