execute if entity @s[tag=aj.dino.bone.head_lower] run data modify entity @s {} merge value {transformation:[-0.3071819558904361f,-0.07568232492584079f,-0.9486366172930213f,0.6781187759363757f,-0.0982521726046055f,0.9940278575098506f,-0.04748819930099263f,0.7233433024002474f,0.9465652415728147f,0.07861809071832926f,-0.31278337433118725f,0.40999502299100604f,0f,0f,0f,1f],start_interpolation:0}
execute if entity @s[tag=aj.dino.bone.head_upper] run data modify entity @s {} merge value {transformation:[-0.31974556989387337f,0.19886873926989815f,-0.9704050379392879f,0.6155878959795718f,-0.10227064552572862f,1.0076303199303005f,0.2401953288563658f,0.7624960603223961f,0.985279365550959f,0.16912807419783465f,-0.28998656679428936f,0.39410769814651886f,0f,0f,0f,1f],start_interpolation:0}
execute if entity @s[tag=aj.dino.bone.neck_0] run data modify entity @s {} merge value {transformation:[-0.382564402083559f,-0.21785427216500391f,-0.8978774940702687f,0.5611892531291083f,-0.11427379957343729f,0.9754989017839397f,-0.1879983812413745f,0.734542480979457f,0.9168347599156017f,0.030682384486602585f,-0.3980861895277421f,0.36757241385856343f,0f,0f,0f,1f],start_interpolation:0}
execute if entity @s[tag=aj.dino.bone.neck_1] run data modify entity @s {} merge value {transformation:[-0.53009284996547f,0.11122565337213186f,-0.8406131241227608f,0.4904906911505351f,0.1205517978431094f,0.991175201494292f,0.05512698050449964f,0.7437786800261912f,0.8393264171061696f,-0.07211500519789064f,-0.5388233398554932f,0.3215947801018965f,0f,0f,0f,1f],start_interpolation:0}
execute if entity @s[tag=aj.dino.bone.neck_2] run data modify entity @s {} merge value {transformation:[-0.6098500035206794f,-0.07382745807322313f,-0.7890706429973642f,0.4206393678374453f,-0.00491737678108748f,0.9959848864592451f,-0.0893863823541218f,0.7456990770630926f,0.7925016041696195f,-0.050632127934849f,-0.60776442394185f,0.26785433815384874f,0f,0f,0f,1f],start_interpolation:0}
execute if entity @s[tag=aj.dino.bone.body_0] run data modify entity @s {} merge value {transformation:[-0.6010751925604582f,-0.23167660696882073f,-0.764875521030594f,0.05794939378179354f,0.004159727860420043f,0.9561405708208085f,-0.29287865319033674f,0.616774900222218f,0.7991816499097908f,-0.17922376687781358f,-0.573748666084368f,-0.0042585870234358725f,0f,0f,0f,1f],start_interpolation:0}
execute if entity @s[tag=aj.dino.bone.leg_left_3] run data modify entity @s {} merge value {transformation:[-0.8217829068462875f,0.012639443251292265f,-0.5696605116115768f,0.15868313459289635f,-0.0597466912878516f,0.9923313716520328f,0.108207124143233f,-0.02269330429834543f,0.5666596746685088f,0.12295809574603953f,-0.8147257942369858f,-0.49368089713043833f,0f,0f,0f,1f],start_interpolation:0}
execute if entity @s[tag=aj.dino.bone.leg_left_2] run data modify entity @s {} merge value {transformation:[-0.8322983812489378f,-0.23184340589820707f,-0.5528021700505628f,0.08626550053508417f,-0.16090014029694275f,0.9975732212047245f,-0.17612783053324618f,0.20414680930678575f,0.577453676863795f,-0.05620056029474301f,-0.845843335139395f,-0.5320256647408383f,0f,0f,0f,1f],start_interpolation:0}
execute if entity @s[tag=aj.dino.bone.leg_left_1] run data modify entity @s {} merge value {transformation:[-0.9077050997457013f,0.4195518737481929f,-0.0069048627811651025f,0.21868835604221415f,0.1812188068597285f,0.4068044623356809f,0.8953601920255968f,0.26356723629925893f,0.3784589752350746f,0.8114717214161918f,-0.44528917503781673f,-0.29549493554241996f,0f,0f,0f,1f],start_interpolation:0}
execute if entity @s[tag=aj.dino.bone.leg_left_0] run data modify entity @s {} merge value {transformation:[-0.9125810052343741f,0.05082338048334001f,-0.4057251445026114f,0.1655609027777497f,0.12409621865270888f,0.9798700083391495f,-0.15638061028635908f,0.6754557717885843f,0.38961010947037594f,-0.19305893077938846f,-0.9005177465462859f,-0.2526862143918882f,0f,0f,0f,1f],start_interpolation:0}
execute if entity @s[tag=aj.dino.bone.leg_right_3] run data modify entity @s {} merge value {transformation:[-0.9673644929282171f,0.2230944750622774f,-0.12014488344669687f,-0.4110179653822143f,0.23182609673482957f,0.9706342561319082f,-0.06423240378461834f,0.19743536864391592f,0.10228684516802197f,-0.08998886608877643f,-0.990676236358594f,-0.0592389642216945f,0f,0f,0f,1f],start_interpolation:0}
execute if entity @s[tag=aj.dino.bone.leg_right_2] run data modify entity @s {} merge value {transformation:[-0.9372240924819067f,0.4135190206068695f,-0.05172252476915834f,-0.31477175066303215f,0.4025563287619162f,0.9312542282565245f,0.1509177392779484f,0.4185488941079727f,0.10780353494152557f,0.11760009120478762f,-1.013218049534961f,-0.06330677384120803f,0f,0f,0f,1f],start_interpolation:0}
execute if entity @s[tag=aj.dino.bone.leg_right_1] run data modify entity @s {} merge value {transformation:[-0.976091962971564f,0.21655162248119872f,-0.018704935794581865f,-0.2743888839221132f,0.01930019778888055f,0.17206608740623047f,0.9848963214115589f,0.41344304096613943f,0.21649938149479583f,0.9609883747296171f,-0.17213181416257411f,0.21120468310958074f,0f,0f,0f,1f],start_interpolation:0}
execute if entity @s[tag=aj.dino.bone.leg_right_0] run data modify entity @s {} merge value {transformation:[-0.9844028373211007f,-0.11558736488368976f,-0.13262961567241036f,-0.194513305152692f,0.051228088399032055f,0.5328842150889044f,-0.8446360732694662f,0.6854727798904734f,0.16830548664006015f,-0.8382565087062115f,-0.5186514135510724f,-0.09527042456062096f,0f,0f,0f,1f],start_interpolation:0}
execute if entity @s[tag=aj.dino.bone.tail_4] run data modify entity @s {} merge value {transformation:[0.22135001860318673f,-2.4145838373344453f,-1.3215333493134531f,-1.402374759683876f,2.674359884698353f,-0.1251518420816688f,0.6766073862586586f,0.5387341962706005f,-0.6515095609279865f,-1.3340851698849023f,2.328392875593076f,-0.4544663507953493f,0f,0f,0f,1f],start_interpolation:0}
execute if entity @s[tag=aj.dino.bone.tail_3] run data modify entity @s {} merge value {transformation:[-0.10912173599277314f,-1.3507704430277256f,-1.5809671669649088f,-1.121082802202746f,1.9612418930939923f,-0.5929849674352443f,0.3712742803014486f,0.481582621886014f,-0.6910631009911179f,-1.469603199738946f,1.3033202798276546f,-0.6610800861484541f,0f,0f,0f,1f],start_interpolation:0}
execute if entity @s[tag=aj.dino.bone.tail_2] run data modify entity @s {} merge value {transformation:[-0.13723529332937542f,-0.6398688199543817f,-1.8413332785016852f,-0.7790367040343729f,1.9200187633170032f,0.27460409715770695f,-0.2385254982965608f,0.5274090821569857f,0.3368505570400951f,-1.8259064483365965f,0.6094023458663334f,-0.774552048482616f,0f,0f,0f,1f],start_interpolation:0}
execute if entity @s[tag=aj.dino.bone.tail_1] run data modify entity @s {} merge value {transformation:[-0.3953689658773391f,0.0703933415551813f,-1.458212744521793f,-0.4657283522086877f,1.377749741090031f,0.5176535534745227f,-0.3485637667652107f,0.5947720725161044f,0.48285120042041557f,-1.4194139022990777f,-0.19943706328731564f,-0.7147458514376773f,0f,0f,0f,1f],start_interpolation:0}
execute if entity @s[tag=aj.dino.bone.tail_0] run data modify entity @s {} merge value {transformation:[-0.7257355843001284f,0.1977675078793487f,-1.0334561389298391f,-0.15895596640093432f,0.24672270199222482f,1.2524189678587005f,0.06641049505485308f,0.6055884830205787f,1.022874130372958f,-0.16177286039063102f,-0.749262151478924f,-0.4996979035972041f,0f,0f,0f,1f],start_interpolation:0}
execute if entity @s[tag=aj.dino.bone.body_1] run data modify entity @s {} merge value {transformation:[-1.132474064405895f,-0.06468797369592325f,-0.4918562336327131f,-0.04024908780343416f,0.03150462218200463f,1.2139593751271505f,-0.23219536898551082f,0.5778018750000004f,0.4950904435407854f,-0.22521699903929085f,-1.110300567915992f,-0.22639861125384597f,0f,0f,0f,1f],start_interpolation:0}