execute if entity @s[tag=aj.dino.bone.head_lower] run data modify entity @s {} merge value {transformation:[0.8415557318697489f,-0.006875911494768322f,-0.5401265333218573f,0.6965042275272187f,0.21258243942310145f,0.9234457767084764f,0.3194629930495899f,0.8066523251391098f,0.49658096681819636f,-0.3836673289718516f,0.7785927844987458f,-0.872035761682115f,0f,0f,0f,1f],start_interpolation:0}
execute if entity @s[tag=aj.dino.bone.head_upper] run data modify entity @s {} merge value {transformation:[0.875975010655f,-0.1920362498266656f,-0.5284522703556019f,0.6560339246965806f,0.2212769726194899f,1.0171039859411573f,-0.0028152716513612885f,0.8293657395796166f,0.5168909214523245f,-0.1099704647558966f,0.8967732237221661f,-0.8125234782017521f,0f,0f,0f,1f],start_interpolation:0}
execute if entity @s[tag=aj.dino.bone.neck_0] run data modify entity @s {} merge value {transformation:[0.819446882895746f,-0.4288045030638359f,-0.3803071183459788f,0.6381380706676163f,0.1693662446833641f,0.8150615827917115f,-0.5540665045090931f,0.780254056326372f,0.5475599339563664f,0.389616881576308f,0.7405246817739789f,-0.7711409066177644f,0f,0f,0f,1f],start_interpolation:0}
execute if entity @s[tag=aj.dino.bone.neck_1] run data modify entity @s {} merge value {transformation:[0.6456680911380742f,-0.3623213502756671f,-0.6721874405406075f,0.5795258028231186f,0.36213234019319074f,0.9202704699495062f,-0.14819726827819057f,0.7719393736353117f,0.67228928615018f,-0.147734563570385f,0.7253975561403203f,-0.7103708074373033f,0f,0f,0f,1f],start_interpolation:0}
execute if entity @s[tag=aj.dino.bone.neck_2] run data modify entity @s {} merge value {transformation:[0.6166959166168716f,-0.29109126785292594f,-0.7314041428703099f,0.5125993489322853f,0.23618914339207292f,0.9547335901921825f,-0.18082715587672243f,0.7654449971333172f,0.7509333092704008f,-0.06123434933533446f,0.6575329037315796f,-0.6533655161251002f,0f,0f,0f,1f],start_interpolation:0}
execute if entity @s[tag=aj.dino.bone.body_0] run data modify entity @s {} merge value {transformation:[0.5961369215268791f,-0.4399395401670495f,-0.6716204075145874f,0.19187619540267212f,0.22330572675736f,0.8943573410004476f,-0.3876332016171685f,0.5912747944553571f,0.7712038142993217f,0.08110578028854773f,0.6314004507552738f,-0.35501621749635626f,0f,0f,0f,1f],start_interpolation:0}
execute if entity @s[tag=aj.dino.bone.leg_left_3] run data modify entity @s {} merge value {transformation:[0.2972142854083875f,-0.007011678403192299f,-0.9547850569186513f,-0.3056712193677814f,-0.10417696441796835f,0.993765021269556f,-0.039727101401647674f,-0.021563048364983184f,0.9491105460555365f,0.11127407095585934f,0.2946307052889626f,-0.489609386303084f,0f,0f,0f,1f],start_interpolation:0}
execute if entity @s[tag=aj.dino.bone.leg_left_2] run data modify entity @s {} merge value {transformation:[0.3193452776001067f,0.02307069826269701f,-0.9744478108430832f,-0.3299128498066821f,-0.08104334637488896f,1.022491392088615f,-0.0023513004361585725f,0.21657981593777614f,0.9713458545665208f,0.07772577106116657f,0.3201689160897364f,-0.4600900434689867f,0f,0f,0f,1f],start_interpolation:0}
execute if entity @s[tag=aj.dino.bone.leg_left_1] run data modify entity @s {} merge value {transformation:[0.18686817757139434f,0.954886286858647f,-0.23080828273797244f,-0.061980476627235576f,0.2978255443322082f,0.1688235100060473f,0.9395736094699885f,0.2066810451701377f,0.9361518196074661f,-0.2443170105386526f,-0.2528417865130015f,-0.5316976087081791f,0f,0f,0f,1f],start_interpolation:0}
execute if entity @s[tag=aj.dino.bone.leg_left_0] run data modify entity @s {} merge value {transformation:[0.1961745855395024f,-0.16808458706629428f,-0.9660554350445721f,-0.026522675456723543f,0.24191925036479492f,0.9630412359628483f,-0.11843417639383133f,0.622572927457079f,0.9502581798076458f,-0.2104736311890465f,0.2295871126234159f,-0.5225343588245159f,0f,0f,0f,1f],start_interpolation:0}
execute if entity @s[tag=aj.dino.bone.leg_right_3] run data modify entity @s {} merge value {transformation:[-0.04593371185095274f,0.4658461650648189f,-0.8836727021980448f,-0.3349909808609698f,0.4139288895556116f,0.8139653293995318f,0.40758228240046096f,0.4056719979160496f,0.9091495853306273f,-0.34705589323610697f,-0.23021563470632475f,0.07781847047781025f,0f,0f,0f,1f],start_interpolation:0}
execute if entity @s[tag=aj.dino.bone.leg_right_2] run data modify entity @s {} merge value {transformation:[0.06244964189692208f,0.7735970233887344f,-0.6706041210220302f,-0.17548819200363658f,0.5432527332207917f,0.544425970671316f,0.6786302600145592f,0.5527068254245309f,0.8677780301296982f,-0.39649742415730604f,-0.37658104381598373f,-0.02758879640782587f,0f,0f,0f,1f],start_interpolation:0}
execute if entity @s[tag=aj.dino.bone.leg_right_1] run data modify entity @s {} merge value {transformation:[-0.08068466900583693f,0.8991595867014692f,0.43011861367564747f,0.04436660503034377f,0.18600221560132063f,-0.4103627441553976f,0.8927516978424912f,0.3975802398136504f,0.979230902279344f,0.1520343903598593f,-0.1341356931211358f,0.040330245970752104f,0f,0f,0f,1f],start_interpolation:0}
execute if entity @s[tag=aj.dino.bone.leg_right_0] run data modify entity @s {} merge value {transformation:[-0.08894058186763787f,-0.15349093466868338f,-0.9841392715828282f,0.07455778494585483f,0.2423126958067706f,0.9550364396963748f,-0.17085068423312796f,0.7582918380857232f,0.966112897309575f,-0.25366499921472513f,-0.04774869448992328f,-0.1677152156278348f,0f,0f,0f,1f],start_interpolation:0}
execute if entity @s[tag=aj.dino.bone.tail_4] run data modify entity @s {} merge value {transformation:[-0.7271787044074223f,1.035361135882103f,-3.0627097099897136f,-1.8392723981149572f,2.7133489468786034f,1.9022850669301625f,-0.0011550373567934464f,0.2162847500994137f,1.7578114067877502f,-2.5080452866611953f,-1.2652115300326021f,-0.47753910714369485f,0f,0f,0f,1f],start_interpolation:0}
execute if entity @s[tag=aj.dino.bone.tail_3] run data modify entity @s {} merge value {transformation:[-1.0106975609503843f,0.8835788748981915f,-2.107496232411009f,-1.490565430739289f,2.1379254390794395f,1.1795469056726047f,-0.5307593350655062f,0.2947391270866785f,0.807172109732452f,-2.0178501001451608f,-1.233091933360295f,-0.24870603571111652f,0f,0f,0f,1f],start_interpolation:0}
execute if entity @s[tag=aj.dino.bone.tail_2] run data modify entity @s {} merge value {transformation:[-0.6966588931320618f,-0.17372063689361492f,-2.2323803230949f,-1.076127282756505f,1.5634471016653853f,1.6359051878494835f,-0.6152087098418377f,0.4106504340522983f,1.6029141982396065f,-1.6711282825350144f,-0.3701766016342118f,-0.17910339689846466f,0f,0f,0f,1f],start_interpolation:0}
execute if entity @s[tag=aj.dino.bone.tail_1] run data modify entity @s {} merge value {transformation:[-0.5763368280542267f,-0.3511669276255296f,-1.6848568632291716f,-0.7087216148539788f,0.7896656797611492f,1.5247939248437479f,-0.5879256763970824f,0.5177720251792322f,1.5292118802951273f,-0.919733806979851f,-0.3313996823513781f,-0.09800805309966623f,0f,0f,0f,1f],start_interpolation:0}
execute if entity @s[tag=aj.dino.bone.tail_0] run data modify entity @s {} merge value {transformation:[0.34888846582867894f,-0.6231917930205484f,-1.3574359135533975f,-0.3270860192520382f,0.44870156537458283f,1.3733181377900265f,-0.5151578685493753f,0.7014537407686368f,1.4246638815956243f,-0.27991554692401466f,0.4946751893395504f,-0.2493185015188367f,0f,0f,0f,1f],start_interpolation:0}
execute if entity @s[tag=aj.dino.bone.body_1] run data modify entity @s {} merge value {transformation:[0.31790946783458673f,-0.05682712058765736f,-1.1934441099955604f,-0.045799271322230356f,0.42685130717846936f,1.1588690702274485f,0.058523795899200634f,0.6097897222222223f,1.115946292111503f,-0.4270804976724354f,0.3176015061152938f,-0.29438950050961316f,0f,0f,0f,1f],start_interpolation:0}