execute if entity @s[tag=aj.dino.bone.head_lower] run data modify entity @s {} merge value {transformation:[-0.6461498559865686f,0.07476288624086264f,-0.7595399097147383f,0.2438040025244433f,-0.017733575479986944f,0.9934511187433266f,0.11287335809804105f,0.30359957430111323f,0.76300451106742f,0.08640246239875843f,-0.6405924840194418f,0.5384121477885607f,0f,0f,0f,1f],start_interpolation:0}
execute if entity @s[tag=aj.dino.bone.head_upper] run data modify entity @s {} merge value {transformation:[-0.6725771158673126f,0.3953094561900867f,-0.6890880928022287f,0.20496786699915487f,-0.01845887132812863f,0.8948605570444786f,0.5313716177016273f,0.36031906082014015f,0.7942110776515312f,0.355565689959325f,-0.5712037699830509f,0.507265544149059f,0f,0f,0f,1f],start_interpolation:0}
execute if entity @s[tag=aj.dino.bone.neck_0] run data modify entity @s {} merge value {transformation:[-0.7099398435060799f,-0.06861962919403813f,-0.7009113817679349f,0.1609888474007562f,-0.02419685592841618f,0.9970309433620137f,-0.07310136894636543f,0.33941632620428897f,0.7038465250079328f,-0.03493772270663709f,-0.7094923711826167f,0.4617281114695606f,0f,0f,0f,1f],start_interpolation:0}
execute if entity @s[tag=aj.dino.bone.neck_1] run data modify entity @s {} merge value {transformation:[-0.7315045912976641f,0.4511664017292601f,-0.5112239341630137f,0.11975993757997958f,0.2540055480313253f,0.8761227451989366f,0.4097439650737828f,0.3781632059073683f,0.6327576269629182f,0.16987587614417538f,-0.7554865797778975f,0.39851107932792484f,0f,0f,0f,1f],start_interpolation:0}
execute if entity @s[tag=aj.dino.bone.neck_2] run data modify entity @s {} merge value {transformation:[-0.8317931767854848f,0.36706424703109397f,-0.41639398363161684f,0.08687449005256151f,0.1963204272385629f,0.8961976672641263f,0.3978542836758284f,0.42179256035055634f,0.519209399859035f,0.24918583375030462f,-0.8175133144825143f,0.3293304666829595f,0f,0f,0f,1f],start_interpolation:0}
execute if entity @s[tag=aj.dino.bone.body_0] run data modify entity @s {} merge value {transformation:[-0.8521992524894582f,0.26823920566956605f,-0.44922618200430947f,-0.12228881119487733f,0.20461540157832964f,0.9610656317025819f,0.18570242054711122f,0.5184687662443395f,0.4815485141637835f,0.0663368683454196f,-0.8739052857173797f,-0.0819058757387445f,0f,0f,0f,1f],start_interpolation:0}
execute if entity @s[tag=aj.dino.bone.leg_left_3] run data modify entity @s {} merge value {transformation:[-0.9933639329219769f,-0.11384120667001504f,0.016379146305510017f,0.15618189267401772f,-0.10898084724212387f,0.9771830814114761f,0.18230853062202265f,0.06238682140538404f,-0.036759647769956f,0.1793137057424418f,-0.9831049400896843f,-0.6694351615146339f,0f,0f,0f,1f],start_interpolation:0}
execute if entity @s[tag=aj.dino.bone.leg_left_2] run data modify entity @s {} merge value {transformation:[-1.019017044044302f,-0.11688922804129391f,-0.001836250477938033f,0.12729755405403495f,-0.10980520853589534f,0.9514952310712285f,0.3669629966737685f,0.29534942911672657f,-0.04011582762820505f,0.3647683280073999f,-0.9578084290488805f,-0.6140709993080864f,0f,0f,0f,1f],start_interpolation:0}
execute if entity @s[tag=aj.dino.bone.leg_left_1] run data modify entity @s {} merge value {transformation:[-0.9582203616963875f,-0.06578526871272874f,0.2783631384555767f,0.1137459727234289f,0.28599854652759443f,-0.23502129471523406f,0.9289616904988486f,0.17653700349714913f,0.004309270767528095f,0.9697614600770488f,0.2440166812631524f,-0.3636446671830521f,0f,0f,0f,1f],start_interpolation:0}
execute if entity @s[tag=aj.dino.bone.leg_left_0] run data modify entity @s {} merge value {transformation:[-0.9732299795440689f,0.22898866433685536f,0.019687521984098386f,0.08888875299692739f,0.2298300261556212f,0.9701048336247298f,0.07794081636242893f,0.577810449938318f,-0.0012513968027102473f,0.08037912280659944f,-0.9967635780980785f,-0.2510879331635014f,0f,0f,0f,1f],start_interpolation:0}
execute if entity @s[tag=aj.dino.bone.leg_right_3] run data modify entity @s {} merge value {transformation:[-0.8978174646855062f,0.17116438866501302f,0.4057419773188652f,-0.38945012319158484f,0.3790118433504693f,0.769473186212473f,0.5140632629357054f,0.39858687726761854f,-0.2242182479321642f,0.6153159901651812f,-0.7557197956526436f,-0.7305364877560463f,0f,0f,0f,1f],start_interpolation:0}
execute if entity @s[tag=aj.dino.bone.leg_right_2] run data modify entity @s {} merge value {transformation:[-0.893559971292141f,0.14702818591184413f,0.4816591011831448f,-0.33890639335321143f,0.4946748677827712f,0.44012811349503106f,0.7833557419181256f,0.5246218748176422f,-0.09439042530458536f,0.9147306465618563f,-0.45433521914115604f,-0.5312086602140629f,0f,0f,0f,1f],start_interpolation:0}
execute if entity @s[tag=aj.dino.bone.leg_right_1] run data modify entity @s {} merge value {transformation:[-0.9391702765239874f,-0.34060047404781196f,-0.0441645646674228f,-0.44779873853274343f,0.15707589042233744f,-0.5403125059137621f,0.8266737933436747f,0.33712043828465177f,-0.30542815250380406f,0.7694502667694623f,0.5609455683277269f,-0.3580063100015666f,0f,0f,0f,1f],start_interpolation:0}
execute if entity @s[tag=aj.dino.bone.leg_right_0] run data modify entity @s {} merge value {transformation:[-0.9291186056228358f,0.20393716707127232f,0.3084610973403639f,-0.2848031934200724f,0.21445668189780126f,0.9767334791528973f,0.00020564839398734547f,0.6956649202504855f,-0.3012423414376916f,0.0663426151792392f,-0.9512369363814237f,-0.21949426976777264f,0f,0f,0f,1f],start_interpolation:0}
execute if entity @s[tag=aj.dino.bone.tail_4] run data modify entity @s {} merge value {transformation:[-2.5280072668321036f,0.2379595198784093f,1.085456520245429f,0.42547702713020386f,-0.05634575689944292f,2.666483257430618f,-0.7157887433605151f,0.4162486570632162f,-1.1098043729070024f,-0.6774242661297526f,-2.4362044144806614f,-1.8577079183892249f,0f,0f,0f,1f],start_interpolation:0}
execute if entity @s[tag=aj.dino.bone.tail_3] run data modify entity @s {} merge value {transformation:[-1.8775797624905297f,-0.10501353346175084f,0.8942102209885145f,0.2748796582763281f,-0.2867599502502318f,2.0301323451905904f,-0.3636989386675201f,0.45805211810296204f,-0.8534685070129617f,-0.4510879568834372f,-1.8450085877134115f,-1.540448392804643f,0f,0f,0f,1f],start_interpolation:0}
execute if entity @s[tag=aj.dino.bone.tail_2] run data modify entity @s {} merge value {transformation:[-1.7558047985234928f,-0.25950046857796233f,0.817669182061102f,0.12151667326826031f,-0.42864779630622973f,1.8788147885137194f,-0.3241757735962653f,0.5184457943082896f,-0.743091145961561f,-0.47062551171047023f,-1.7450217911314372f,-1.2167141149269955f,0f,0f,0f,1f],start_interpolation:0}
execute if entity @s[tag=aj.dino.bone.tail_1] run data modify entity @s {} merge value {transformation:[-1.3025296667099244f,0.21836886649108112f,0.7371483944823688f,-0.03853437040304579f,0.1319786627775895f,1.4921884584524012f,-0.20883363482180267f,0.5450179114663958f,-0.7573997292790462f,-0.11552009612551054f,-1.304092407569027f,-0.9339522663542261f,0f,0f,0f,1f],start_interpolation:0}
execute if entity @s[tag=aj.dino.bone.tail_0] run data modify entity @s {} merge value {transformation:[-1.1925029629045119f,0.36355998493027547f,0.2821285831061545f,-0.11220554960337412f,0.26908914808510687f,1.1865928406229076f,-0.391693984571269f,0.6881145965471877f,-0.37331411764199296f,-0.3060347766577912f,-1.1835603075590293f,-0.5954736002984419f,0f,0f,0f,1f],start_interpolation:0}
execute if entity @s[tag=aj.dino.bone.body_1] run data modify entity @s {} merge value {transformation:[-1.1753033904510088f,0.3815085637743084f,-0.04144576235851164f,-0.1282672995612476f,0.3706656240943733f,1.1631552618500869f,0.1956564003589822f,0.5642804629629625f,0.09936564076853967f,0.1735674152989843f,-1.2200841843239087f,-0.32351211524078466f,0f,0f,0f,1f],start_interpolation:0}