execute if entity @s[tag=aj.dino.bone.head_lower] run data modify entity @s {} merge value {transformation:[-0.6049023929794891f,0.014573183357919711f,-0.7961662623438049f,0.4338521097658517f,0.021604476913394358f,0.9997648181144091f,0.001885480830067815f,0.8401427152974991f,0.796006495918838f,-0.01606022376800509f,-0.6050749768975207f,0.5605811404136183f,0f,0f,0f,1f],start_interpolation:0}
execute if entity @s[tag=aj.dino.bone.head_upper] run data modify entity @s {} merge value {transformation:[-0.6296426488096866f,0.12045271802796122f,-0.8200690337423464f,0.3798279859292572f,0.02248809101728681f,1.0319532439616566f,0.13430834159842248f,0.8725807967895577f,0.8285628299325453f,0.06352627472311645f,-0.6268333046811434f,0.5190525791021579f,0f,0f,0f,1f],start_interpolation:0}
execute if entity @s[tag=aj.dino.bone.neck_0] run data modify entity @s {} merge value {transformation:[-0.6624190522441403f,-0.2390963321534238f,-0.7099534795849336f,0.3380160887092504f,-0.004612262399637013f,0.9489832589003893f,-0.31529272329432734f,0.8367910908292144f,0.7491193004185196f,-0.2055814152047212f,-0.6297273659790341f,0.4814281395391206f,0f,0f,0f,1f],start_interpolation:0}
execute if entity @s[tag=aj.dino.bone.neck_1] run data modify entity @s {} merge value {transformation:[-0.7760427880479206f,0.12997758585467015f,-0.6171413276504841f,0.28633490876816325f,0.2101827585073306f,0.9758943910397012f,-0.05876517304917436f,0.8363087328517741f,0.5946266048076385f,-0.17531675536765484f,-0.7846548516018357f,0.41414991263613354f,0f,0f,0f,1f],start_interpolation:0}
execute if entity @s[tag=aj.dino.bone.neck_2] run data modify entity @s {} merge value {transformation:[-0.8354304268529148f,-0.040540954778784416f,-0.5480989261748112f,0.23792041080792242f,0.07801114917706846f,0.9784308298037726f,-0.1912782577648957f,0.8291307722276836f,0.5440314903499887f,-0.20255750362582287f,-0.8142482393179891f,0.3408324954511462f,0f,0f,0f,1f],start_interpolation:0}
execute if entity @s[tag=aj.dino.bone.body_0] run data modify entity @s {} merge value {transformation:[-0.8318909307955374f,-0.14961910121102312f,-0.5343890004602827f,-0.015360430113168563f,0.08473889598229886f,0.9174267600107919f,-0.3887768762719841f,0.6546413250265363f,0.5484312160771263f,-0.36870349139777087f,-0.7505204438676261f,-0.016397336926929462f,0f,0f,0f,1f],start_interpolation:0}
execute if entity @s[tag=aj.dino.bone.leg_left_3] run data modify entity @s {} merge value {transformation:[-0.9555996173823693f,-0.02542319316150142f,-0.29356946794267025f,0.2258491924399169f,-0.04704307721005924f,0.996655454705974f,0.06681955919816121f,-0.019451741765681707f,0.2908888449997316f,0.07766315635036453f,-0.9535995564179025f,-0.3539444157680363f,0f,0f,0f,1f],start_interpolation:0}
execute if entity @s[tag=aj.dino.bone.leg_left_2] run data modify entity @s {} merge value {transformation:[-0.9727328208756351f,-0.1875396298177751f,-0.26586076419779614f,0.17240861200959667f,-0.11674691179937811f,0.9835333492031059f,-0.2666355360624761f,0.20138710292389184f,0.3036827576227081f,-0.22260556541521506f,-0.9540889604588944f,-0.43484794539104166f,0f,0f,0f,1f],start_interpolation:0}
execute if entity @s[tag=aj.dino.bone.leg_left_1] run data modify entity @s {} merge value {transformation:[-0.9770431011103627f,0.15474374621129927f,0.1464279740389069f,0.22614008548556772f,0.20432391873100111f,0.48603252117821916f,0.8497200271804538f,0.2842917480762007f,0.060320102843521746f,0.8601318278994428f,-0.5064925703574633f,-0.17551585283395693f,0f,0f,0f,1f],start_interpolation:0}
execute if entity @s[tag=aj.dino.bone.leg_left_0] run data modify entity @s {} merge value {transformation:[-0.9855591679180497f,0.11524586219504823f,-0.12406255591273967f,0.16689231569198526f,0.1496963846222609f,0.9354346320993611f,-0.32023903806400156f,0.6950492861385444f,0.07914618729734131f,-0.33418623597636815f,-0.9391780665668472f,-0.22107049325512543f,0f,0f,0f,1f],start_interpolation:0}
execute if entity @s[tag=aj.dino.bone.leg_right_3] run data modify entity @s {} merge value {transformation:[-0.936490649826675f,0.2895187146640036f,0.19789941042488107f,-0.4612300495781984f,0.28798179914235417f,0.9569149147362743f,-0.03715278344890907f,0.2563811882295691f,-0.20012932356340218f,0.022198193948429867f,-0.9795179906645324f,-0.2497462908563626f,0f,0f,0f,1f],start_interpolation:0}
execute if entity @s[tag=aj.dino.bone.leg_right_2] run data modify entity @s {} merge value {transformation:[-0.9013649769704047f,0.39671953405747695f,0.28673505033227886f,-0.3584955467680861f,0.4562841031014546f,0.8985033939327558f,0.19120321087501232f,0.4710221911786995f,-0.17722357362590652f,0.2955798739583462f,-0.9660675662513081f,-0.2104279255372645f,0f,0f,0f,1f],start_interpolation:0}
execute if entity @s[tag=aj.dino.bone.leg_right_1] run data modify entity @s {} merge value {transformation:[-0.9918462471717273f,-0.0942104676637811f,0.08582196545134906f,-0.4083944998867195f,0.0732096830027728f,0.13001228516247132f,0.9888059203005742f,0.4553579247759424f,-0.10431377802569715f,0.9870264401166788f,-0.12205507865140908f,0.06211218324581627f,0f,0f,0f,1f],start_interpolation:0}
execute if entity @s[tag=aj.dino.bone.leg_right_0] run data modify entity @s {} merge value {transformation:[-0.9827218430645263f,0.18506671963780164f,0.0028440194028684918f,-0.22169621553956542f,0.1084159197811173f,0.5880166700822278f,-0.8015499884869458f,0.7388774299097688f,-0.1500125578139207f,-0.7873923450148039f,-0.5979210044062788f,-0.18092633097559774f,0f,0f,0f,1f],start_interpolation:0}
execute if entity @s[tag=aj.dino.bone.tail_4] run data modify entity @s {} merge value {transformation:[0.4971438321359742f,-1.8025692672994493f,-2.0320564407409267f,-1.2732562527625775f,2.653441613622451f,-0.1197191920006643f,0.7553649778507021f,0.6236790713681194f,-0.581168602787386f,-2.088557560435966f,1.7105062711021919f,-0.906165072112967f,0f,0f,0f,1f],start_interpolation:0}
execute if entity @s[tag=aj.dino.bone.tail_3] run data modify entity @s {} merge value {transformation:[0.1905899661618218f,-0.8231102464432937f,-1.9031843087423093f,-0.9424917445598928f,1.9371974995893395f,-0.6109375698549141f,0.45822119044084775f,0.5519601943797106f,-0.7395179770821609f,-1.8125094024540331f,0.7098368500102518f,-1.008790343034526f,0f,0f,0f,1f],start_interpolation:0}
execute if entity @s[tag=aj.dino.bone.tail_2] run data modify entity @s {} merge value {transformation:[-0.14054755865481008f,-0.0053175431639439f,-1.9491003007781948f,-0.580263448256661f,1.9383510495791083f,0.2046371638931316f,-0.14033073345536745f,0.5795293692207857f,0.20448830615592317f,-1.9434168955453826f,-0.009443397535120487f,-1.0073460698675123f,0f,0f,0f,1f],start_interpolation:0}
execute if entity @s[tag=aj.dino.bone.tail_1] run data modify entity @s {} merge value {transformation:[-0.439416581665373f,0.5490446944005507f,-1.3390740238344276f,-0.2984013563488105f,1.4198859012404477f,0.43445498869221316f,-0.28780052164485564f,0.6347935479691531f,0.28016663829963895f,-1.340691999062818f,-0.6416446590074792f,-0.8531503867521053f,0f,0f,0f,1f],start_interpolation:0}
execute if entity @s[tag=aj.dino.bone.tail_0] run data modify entity @s {} merge value {transformation:[-0.9861229312412483f,0.3229530181876897f,-0.7463903999299949f,-0.07249530214318636f,0.34082959452873f,1.229234237262745f,0.08157263032713076f,0.640619741297004f,0.7383985837998184f,-0.13608914199364705f,-1.0344481589030372f,-0.5541446653263551f,0f,0f,0f,1f],start_interpolation:0}
execute if entity @s[tag=aj.dino.bone.body_1] run data modify entity @s {} merge value {transformation:[-1.2221548326791634f,0.10999072681884482f,-0.15114297876209237f,-0.04476533275671345f,0.13784446377662382f,1.205519007550858f,-0.23733398681179188f,0.6145963085937503f,0.12625792577636896f,-0.2514568700666319f,-1.2039239900139842f,-0.25731179727566955f,0f,0f,0f,1f],start_interpolation:0}