execute if entity @s[tag=aj.dino.bone.head_lower] run data modify entity @s {} merge value {transformation:[0.2133679294625799f,-0.06338130389957741f,-0.9749138100328871f,0.9139344240865225f,-0.31096981031412857f,0.9415871050988932f,-0.12927296927309068f,0.5098035289532646f,0.9261597614612971f,0.3307514683678304f,0.18119481897250161f,0.011424142715998866f,0f,0f,0f,1f],start_interpolation:0}
execute if entity @s[tag=aj.dino.bone.head_upper] run data modify entity @s {} merge value {transformation:[0.2220945888742955f,0.4820654195882264f,-0.8954098879359618f,0.863100821474543f,-0.32368834598522217f,0.9023587956519348f,0.40551991463607406f,0.5579207496298129f,0.9640393098051636f,0.19192049846309994f,0.342442219948952f,0.03963999662206704f,0f,0f,0f,1f],start_interpolation:0}
execute if entity @s[tag=aj.dino.bone.neck_0] run data modify entity @s {} merge value {transformation:[0.12712005943844237f,0.08385156061204296f,-0.9883366866970442f,0.7977909744618088f,-0.3072557284863773f,0.9507372031857859f,0.04114228713593346f,0.5452481216251166f,0.943098302299751f,0.29844209867475946f,0.14662164211988837f,0.04397181343776104f,0f,0f,0f,1f],start_interpolation:0}
execute if entity @s[tag=aj.dino.bone.neck_1] run data modify entity @s {} merge value {transformation:[0.00973516438974116f,0.24913049843600404f,-0.9684209938468561f,0.7169007188224182f,-0.050262050132344464f,0.9673646049464809f,0.24835347272231373f,0.5707434482184389f,0.9986886165821649f,0.04625706265823076f,0.021939263055857375f,0.0460434574769534f,0f,0f,0f,1f],start_interpolation:0}
execute if entity @s[tag=aj.dino.bone.neck_2] run data modify entity @s {} merge value {transformation:[-0.10808259220042638f,0.07360829420050768f,-0.9914131188803825f,0.6307661652155119f,-0.1573094211707514f,0.9834246512866585f,0.09016485597303137f,0.5882709078145998f,0.981616981960968f,0.1657038752311057f,-0.09471180739081421f,0.03936833731439719f,0f,0f,0f,1f],start_interpolation:0}
execute if entity @s[tag=aj.dino.bone.body_0] run data modify entity @s {} merge value {transformation:[-0.08565008031998383f,-0.13091260779607766f,-0.9876871735834227f,0.1640257979025283f,-0.14603569224403587f,0.9822728860925155f,-0.11753107605346444f,0.5422363294932759f,0.9855646302155863f,0.13417103401073702f,-0.10324966489293852f,-0.008014695750656609f,0f,0f,0f,1f],start_interpolation:0}
execute if entity @s[tag=aj.dino.bone.leg_left_3] run data modify entity @s {} merge value {transformation:[-0.45452747042353475f,0.12284509701899667f,-0.8822209818230214f,-0.10713922766484112f,-0.08289839866088626f,0.9803113401416064f,0.17921364872472448f,0.011708871598830245f,0.8868667510566867f,0.15459223307838416f,-0.43539477183585373f,-0.6140019792194925f,0f,0f,0f,1f],start_interpolation:0}
execute if entity @s[tag=aj.dino.bone.leg_left_2] run data modify entity @s {} merge value {transformation:[-0.4736428678716182f,-0.11140191520980132f,-0.9029475325303411f,-0.16174677478907043f,-0.24404510067559734f,0.9962319729832317f,0.0051033658373518965f,0.2437082086312799f,0.8764511521193182f,0.21719500177080597f,-0.48654075744503994f,-0.5770507210596605f,0f,0f,0f,1f],start_interpolation:0}
execute if entity @s[tag=aj.dino.bone.leg_left_1] run data modify entity @s {} merge value {transformation:[-0.5949561424071603f,0.7954418329729651f,-0.1153233669669764f,0.07231515601733374f,0.1309902452798814f,0.23752002315405318f,0.9625101527996549f,0.2545782947264397f,0.7930124489902456f,0.557545091411903f,-0.24550911752720203f,-0.42835559862712236f,0f,0f,0f,1f],start_interpolation:0}
execute if entity @s[tag=aj.dino.bone.leg_left_0] run data modify entity @s {} merge value {transformation:[-0.6073251201483632f,0.18263457632344932f,-0.773175794996151f,0.13634766044360483f,0.07394562082447684f,0.9819875615217648f,0.17387488081209673f,0.6345820972369033f,0.7910045787463298f,0.04842561871254017f,-0.6098907409156568f,-0.26771865698871455f,0f,0f,0f,1f],start_interpolation:0}
execute if entity @s[tag=aj.dino.bone.leg_right_3] run data modify entity @s {} merge value {transformation:[-0.8202331937571891f,0.034043677441620526f,-0.5710153552095888f,-0.2034104330715574f,0.11575461480519317f,0.9874539456927556f,-0.10740379084143263f,0.08770442146388038f,0.5601949455414454f,-0.15419381687363404f,-0.8138832163325138f,0.17807676416998747f,0f,0f,0f,1f],start_interpolation:0}
execute if entity @s[tag=aj.dino.bone.leg_right_2] run data modify entity @s {} merge value {transformation:[-0.8138453107460428f,0.2831889271457555f,-0.5563470510566293f,-0.15333053921273154f,0.28901814793098823f,0.9811513297969136f,0.07663405055837846f,0.31832933081006415f,0.5533412327342982f,-0.09595988266186378f,-0.8582932951947738f,0.12832510604516828f,0f,0f,0f,1f],start_interpolation:0}
execute if entity @s[tag=aj.dino.bone.leg_right_1] run data modify entity @s {} merge value {transformation:[-0.7459343708899786f,0.6259054619429114f,-0.22764943890772626f,0.013926338600485921f,-0.09071751253876258f,0.2431372901378313f,0.9657404366925988f,0.33135618730400346f,0.6598122818224523f,0.741030775915861f,-0.12458387496697154f,0.3493880461636477f,0f,0f,0f,1f],start_interpolation:0}
execute if entity @s[tag=aj.dino.bone.leg_right_0] run data modify entity @s {} merge value {transformation:[-0.781196852836184f,-0.5845252277500431f,-0.2192298685001694f,-0.1068964290899306f,-0.06519812991612059f,0.4256387564518808f,-0.9025413302788613f,0.5795292548194382f,0.6208709052405998f,-0.6907690693204616f,-0.37061760872341365f,0.03614809671265548f,0f,0f,0f,1f],start_interpolation:0}
execute if entity @s[tag=aj.dino.bone.tail_4] run data modify entity @s {} merge value {transformation:[-0.1715319824838749f,-2.7540209232969732f,0.10773515966311924f,-1.3149808003196828f,2.703748243191743f,-0.14719906473172478f,0.5419771253288034f,0.37410739534490706f,-0.5347742963369868f,0.1391492759039422f,2.7056081132700447f,0.2783684878946122f,0f,0f,0f,1f],start_interpolation:0}
execute if entity @s[tag=aj.dino.bone.tail_3] run data modify entity @s {} merge value {transformation:[-0.44951141951508056f,-1.891350145906383f,-0.7461096671065742f,-1.1699598266017524f,1.9965436405251338f,-0.5550489586117224f,0.20415599689241218f,0.3449216724876111f,-0.3843156271199877f,-0.67131274765819f,1.9332837917976313f,-0.042875678119287663f,0f,0f,0f,1f],start_interpolation:0}
execute if entity @s[tag=aj.dino.bone.tail_2] run data modify entity @s {} merge value {transformation:[0.021841595021794894f,-1.4620113370840848f,-1.2964642956777817f,-0.9292816848506101f,1.864807827714849f,0.4029381985867007f,-0.4229733429140755f,0.4250262962340339f,0.5837710042671762f,-1.232451838150314f,1.3996598716186661f,-0.30293099013348523f,0f,0f,0f,1f],start_interpolation:0}
execute if entity @s[tag=aj.dino.bone.tail_1] run data modify entity @s {} merge value {transformation:[-0.1499239596439036f,-0.6504077349336055f,-1.3572578364714754f,-0.6291211456122305f,1.2725343421827695f,0.6735295442453769f,-0.4633255345802576f,0.5152798355044546f,0.8036388519043612f,-1.1878484673421743f,0.4804548515133221f,-0.3925670673129108f,0f,0f,0f,1f],start_interpolation:0}
execute if entity @s[tag=aj.dino.bone.tail_0] run data modify entity @s {} merge value {transformation:[-0.15984638820756925f,0.04103868454703452f,-1.2675175245856254f,-0.2577327285180199f,0.061143946245500055f,1.2763100460092172f,0.03361251072896262f,0.5362571135990251f,1.2667068589845678f,-0.05642879947886724f,-0.16157116257194962f,-0.34671394579669407f,0f,0f,0f,1f],start_interpolation:0}
execute if entity @s[tag=aj.dino.bone.body_1] run data modify entity @s {} merge value {transformation:[-0.7650301428142515f,-0.2787595719826161f,-0.9303905506129801f,-0.022653522807397984f,-0.1731474091630796f,1.204522110498532f,-0.21852014798760716f,0.5059268749999999f,0.9556952706495773f,-0.004917459148919626f,-0.7843640502405753f,-0.16402906553557195f,0f,0f,0f,1f],start_interpolation:0}