execute if entity @s[tag=aj.dino.bone.head_lower] run data modify entity @s {} merge value {transformation:[0.1086601543719366f,0.19327354208558567f,-0.9751093829830365f,0.7939128591861399f,0.061951938721549256f,0.9776940863058677f,0.2006893890846644f,0.5274131168754322f,0.9921466263312637f,-0.08221685674012205f,0.09426271971074232f,-0.010738881353195968f,0f,0f,0f,1f],start_interpolation:0}
execute if entity @s[tag=aj.dino.bone.head_upper] run data modify entity @s {} merge value {transformation:[0.1131043094106845f,0.29921274243686546f,-0.9905307125675857f,0.7323821352908312f,0.06448574720195283f,0.9924554425092516f,0.30715749319376645f,0.5708930880857663f,1.0327250099537848f,-0.09474107863373132f,0.08930355210616873f,-0.006389328242280017f,0f,0f,0f,1f],start_interpolation:0}
execute if entity @s[tag=aj.dino.bone.neck_0] run data modify entity @s {} merge value {transformation:[0.036444848759886794f,-0.2984758007877094f,-0.953721117173676f,0.675545785274442f,0.035770877620087994f,0.9541331743482535f,-0.29723783393507314f,0.5361742035383807f,0.9986952574800572f,-0.023282653462632946f,0.045449980578447874f,-0.0033952295637634574f,0f,0f,0f,1f],start_interpolation:0}
execute if entity @s[tag=aj.dino.bone.neck_1] run data modify entity @s {} merge value {transformation:[-0.09418692324678174f,0.21226978262987678f,-0.9726614842130687f,0.5941264917344679f,0.28826642398903296f,0.9409665044473965f,0.1774387395937618f,0.5555405087306057f,0.952906759494275f,-0.2636732388588432f,-0.14981699109182317f,-0.01730140470951679f,0f,0f,0f,1f],start_interpolation:0}
execute if entity @s[tag=aj.dino.bone.neck_2] run data modify entity @s {} merge value {transformation:[-0.21792960280468998f,0.2006488847992886f,-0.9551160731817845f,0.5124156383409326f,0.19391794887180075f,0.96802802133325f,0.1591149867831009f,0.5789577742815721f,0.9565053671186294f,-0.15053828397598573f,-0.24987138237665724f,-0.040665875727632195f,0f,0f,0f,1f],start_interpolation:0}
execute if entity @s[tag=aj.dino.bone.body_0] run data modify entity @s {} merge value {transformation:[-0.254424086772434f,-0.009359484449638772f,-0.9670474570158644f,0.0565606374885812f,0.19125324187836243f,0.9797174090429703f,-0.059799631179009605f,0.5601074653234174f,0.9479929227272901f,-0.20016542775655827f,-0.24747367534750925f,-0.15920611679879665f,0f,0f,0f,1f],start_interpolation:0}
execute if entity @s[tag=aj.dino.bone.leg_left_3] run data modify entity @s {} merge value {transformation:[-0.6185193746812937f,-0.05945451667735044f,-0.7835170346524221f,-0.18789396689457535f,-0.1114733843839869f,0.9936875885719562f,0.012596066530119104f,0.015462219230461705f,0.7778222597212304f,0.0951322067688642f,-0.6212426221030275f,-0.7037480412327705f,0f,0f,0f,1f],start_interpolation:0}
execute if entity @s[tag=aj.dino.bone.leg_left_2] run data modify entity @s {} merge value {transformation:[-0.6254191624344357f,0.060842929685449576f,-0.810685641088946f,-0.19973564751070266f,-0.09937512371051364f,1.0094323729295642f,0.15242397701806623f,0.25531585493911313f,0.8068690448567372f,0.17148359073035332f,-0.6096047260831364f,-0.6813632226375077f,0f,0f,0f,1f],start_interpolation:0}
execute if entity @s[tag=aj.dino.bone.leg_left_1] run data modify entity @s {} merge value {transformation:[-0.6243291440681544f,0.7569317677862534f,0.19304771115738098f,0.008094438118040781f,0.29478595216611f,-0.0005625566461055255f,0.9555631459697155f,0.1986126934992169f,0.7234047015831773f,0.6534936743733621f,-0.22278163138229454f,-0.5064209674501576f,0f,0f,0f,1f],start_interpolation:0}
execute if entity @s[tag=aj.dino.bone.leg_left_0] run data modify entity @s {} merge value {transformation:[-0.6361897977985369f,0.1734014882677025f,-0.7517941640127321f,0.06340487526682242f,0.23853834540977883f,0.9708821246816337f,0.022076180440499624f,0.6057516254532819f,0.733731557823583f,-0.16528709520171947f,-0.6590282066903933f,-0.43235394243789615f,0f,0f,0f,1f],start_interpolation:0}
execute if entity @s[tag=aj.dino.bone.leg_right_3] run data modify entity @s {} merge value {transformation:[-0.753548332057308f,0.5749514567258811f,-0.3187408565942509f,-0.6098441756039981f,0.39969091520450273f,0.785645323327844f,0.47223786192561384f,0.4139757559435514f,0.521931109972031f,0.22845622850313235f,-0.8218245969192506f,-0.3575939736232392f,0f,0f,0f,1f],start_interpolation:0}
execute if entity @s[tag=aj.dino.bone.leg_right_2] run data modify entity @s {} merge value {transformation:[-0.6528850140019973f,0.7891643821544159f,-0.054981232535707664f,-0.42657739865856004f,0.5208728104048285f,0.4824966738199667f,0.7402369043990845f,0.548513595255331f,0.595394720646129f,0.443259221215084f,-0.7078761112901112f,-0.27707111769174303f,0f,0f,0f,1f],start_interpolation:0}
execute if entity @s[tag=aj.dino.bone.leg_right_1] run data modify entity @s {} merge value {transformation:[-0.8386021584039953f,0.38173972886582114f,0.38861446103511127f,-0.3601825835122815f,0.17480561745933537f,-0.4870820559767034f,0.8556833917110747f,0.37428774680228705f,0.5159354766100321f,0.7855099300142278f,0.34173781444877005f,-0.07152193157738718f,0f,0f,0f,1f],start_interpolation:0}
execute if entity @s[tag=aj.dino.bone.leg_right_0] run data modify entity @s {} merge value {transformation:[-0.8302446092127489f,0.15947793362437296f,-0.5340980037035058f,-0.1575502372854282f,0.2318942512000647f,0.9701616492161717f,-0.07079145888113281f,0.7340039587455032f,0.5068717245354403f,-0.1826284837506403f,-0.8424534953274339f,-0.1335836564347977f,0f,0f,0f,1f],start_interpolation:0}
execute if entity @s[tag=aj.dino.bone.tail_4] run data modify entity @s {} merge value {transformation:[-2.2045051089528314f,1.6590644792237805f,-1.2707133782308335f,-1.0220299269607014f,1.639903405036457f,2.5182577738149363f,0.4428823974900096f,0.5258957299542755f,1.2953471573237518f,-0.3645998486486128f,-2.7232687901884933f,-1.8185435071903142f,0f,0f,0f,1f],start_interpolation:0}
execute if entity @s[tag=aj.dino.bone.tail_3] run data modify entity @s {} merge value {transformation:[-1.8094059510125597f,1.2261002277165702f,-0.6849981186452272f,-0.9178779128415229f,1.2364050489435785f,1.920504316186711f,0.171638611532579f,0.4779985217409818f,0.6662182419454998f,-0.23416978800729182f,-2.1789474181350625f,-1.4467830109614148f,0f,0f,0f,1f],start_interpolation:0}
execute if entity @s[tag=aj.dino.bone.tail_2] run data modify entity @s {} merge value {transformation:[-1.8781245136319409f,0.5111128187083984f,-0.9122107139253038f,-0.7495670825199732f,0.6234685540993554f,2.052851880291945f,-0.13342604087828785f,0.5037516340588449f,0.8394353233557758f,-0.38115512968757437f,-1.9418510482961358f,-1.085267123060102f,0f,0f,0f,1f],start_interpolation:0}
execute if entity @s[tag=aj.dino.bone.tail_1] run data modify entity @s {} merge value {transformation:[-1.5013189205364155f,0.3621200877239312f,-0.6188494190077194f,-0.619389818138389f,0.4844120725011369f,1.570958097088231f,-0.25592902083992886f,0.5391585704083707f,0.5286307835857961f,-0.4111249952991716f,-1.523019958958427f,-0.7530096809086131f,0f,0f,0f,1f],start_interpolation:0}
execute if entity @s[tag=aj.dino.bone.tail_0] run data modify entity @s {} merge value {transformation:[-0.9945239884265799f,-0.07445796745913107f,-0.991120206933862f,-0.33155826128550886f,0.35873044732669335f,1.2806868727477971f,-0.4561741084267455f,0.7033685029462248f,0.9269173208391117f,-0.5755331112281903f,-0.8868636508929205f,-0.5077361486848807f,0f,0f,0f,1f],start_interpolation:0}
execute if entity @s[tag=aj.dino.bone.body_1] run data modify entity @s {} merge value {transformation:[-0.6949287920440204f,0.3529587659190923f,-0.9597388595890866f,-0.13220669788557365f,0.40336807789642887f,1.1609085465942228f,0.1348708094247227f,0.5938175f,0.9396663039497742f,-0.23731003152334443f,-0.7676690570916674f,-0.31327933154927834f,0f,0f,0f,1f],start_interpolation:0}