execute if entity @s[tag=aj.dino.bone.head_lower] run data modify entity @s {} merge value {transformation:[-0.6989044699894372f,-0.0012731454709482004f,-0.7152138987249853f,-0.14962392919405543f,-0.31809443404738447f,0.8962048879115739f,0.30924542019483026f,0.16288474514377893f,0.6405844775334928f,0.4436385668356762f,-0.6267665826758231f,0.5114748760780365f,0f,0f,0f,1f],start_interpolation:0}
execute if entity @s[tag=aj.dino.bone.head_upper] run data modify entity @s {} merge value {transformation:[-0.7274893716018095f,0.29396938945424456f,-0.6839686797316162f,-0.1903997566151869f,-0.331104363860575f,0.7287613461829866f,0.6653936752972275f,0.22501659125223666f,0.6667841157544138f,0.6826132440532977f,-0.4158245358371061f,0.49834391689472135f,0f,0f,0f,1f],start_interpolation:0}
execute if entity @s[tag=aj.dino.bone.neck_0] run data modify entity @s {} merge value {transformation:[-0.8618776062789473f,-0.13085112470469426f,-0.48994384878105f,-0.21967799122074122f,-0.22872443987132235f,0.9625904647000241f,0.14527466356575008f,0.21885958187382298f,0.4526059239563947f,0.23727111166787357f,-0.85956401574721f,0.43876529263909475f,0f,0f,0f,1f],start_interpolation:0}
execute if entity @s[tag=aj.dino.bone.neck_1] run data modify entity @s {} merge value {transformation:[-0.8915514049232317f,0.28657026217284626f,-0.350732914363049f,-0.24806947906024493f,0.06274937780351572f,0.8450673251154138f,0.5309649061920678f,0.26773239787607594f,0.44855167814275687f,0.45137423592897485f,-0.771403066609701f,0.37549675291514917f,0f,0f,0f,1f],start_interpolation:0}
execute if entity @s[tag=aj.dino.bone.neck_2] run data modify entity @s {} merge value {transformation:[-0.9789696326809891f,0.18180415919387274f,-0.09255109933576233f,-0.2543976731491952f,0.10721154668168088f,0.8444581284502692f,0.5247820057437093f,0.3219750103081265f,0.173563079445402f,0.5038231008936348f,-0.8461903689237733f,0.3062968732168464f,0f,0f,0f,1f],start_interpolation:0}
execute if entity @s[tag=aj.dino.bone.body_0] run data modify entity @s {} merge value {transformation:[-0.9825104227711317f,0.18589656889180667f,0.010758011914191179f,-0.247556565287176f,0.18208392986514746f,0.9470560775119915f,0.2644432425539835f,0.45562801182005785f,0.0389706508921282f,0.2617771031275552f,-0.9643412449165437f,-0.14569978510398338f,0f,0f,0f,1f],start_interpolation:0}
execute if entity @s[tag=aj.dino.bone.leg_left_3] run data modify entity @s {} merge value {transformation:[-0.7303427853932404f,-0.11676151104636556f,0.67302761114401f,0.23646708793170193f,-0.07741410690236748f,0.99308290622186f,0.0882802210149772f,0.024713422337695468f,-0.6786799480436652f,0.012372991073861979f,-0.7343299239547127f,-0.1883319525247216f,0f,0f,0f,1f],start_interpolation:0}
execute if entity @s[tag=aj.dino.bone.leg_left_2] run data modify entity @s {} merge value {transformation:[-0.6525450868519995f,-0.16437597010948837f,0.7740979586438498f,0.22106203789382917f,-0.1866201464953024f,1.0069961321671468f,0.0565146903306782f,0.2608997972789944f,-0.7690383800878098f,-0.10488817736840106f,-0.6705524884011294f,-0.2346973792070504f,0f,0f,0f,1f],start_interpolation:0}
execute if entity @s[tag=aj.dino.bone.leg_left_1] run data modify entity @s {} merge value {transformation:[-0.6470487722182604f,-0.7624486040770532f,0.00011185613424635754f,0.026809026959280627f,0.21450639226764034f,-0.1818991548086898f,0.9596351937878298f,0.15631600035102616f,-0.7316521673904636f,0.6209547677736579f,0.2812477241365693f,-0.06634838805249282f,0f,0f,0f,1f],start_interpolation:0}
execute if entity @s[tag=aj.dino.bone.leg_left_0] run data modify entity @s {} merge value {transformation:[-0.6638378997266442f,0.2785568966320611f,0.6940643329153523f,0.002490176385375048f,0.15857224268854922f,0.9593714786344486f,-0.23336925639740028f,0.5704322250908298f,-0.7308721411678253f,-0.0448600191870997f,-0.6810385392496459f,-0.11350371095955739f,0f,0f,0f,1f],start_interpolation:0}
execute if entity @s[tag=aj.dino.bone.leg_right_3] run data modify entity @s {} merge value {transformation:[-0.45762121452291354f,-0.24057603585107773f,0.8559824735312953f,-0.05081211792897938f,0.25745511507910396f,0.8856083975321898f,0.3865418863979328f,0.22620426710920716f,-0.8510579814197025f,0.3972668337460957f,-0.343335659475058f,-0.7284427293676763f,0f,0f,0f,1f],start_interpolation:0}
execute if entity @s[tag=aj.dino.bone.leg_right_2] run data modify entity @s {} merge value {transformation:[-0.5364086533308774f,-0.5050048991216561f,0.7136511808969247f,-0.14564083591565577f,0.3953103953216261f,0.6066876563559644f,0.7264447525288219f,0.38945939966754384f,-0.7797805123771101f,0.6549521654205959f,-0.12264670003085289f,-0.5783549283831227f,0f,0f,0f,1f],start_interpolation:0}
execute if entity @s[tag=aj.dino.bone.leg_right_1] run data modify entity @s {} merge value {transformation:[-0.44455472587143563f,-0.8170429218114804f,-0.3671674817070979f,-0.35698626404127365f,0.02277076247694563f,-0.4200742190418713f,0.9072040249428903f,0.22767715617179002f,-0.8954622203541538f,0.3949411531027391f,0.20535066959785547f,-0.49978647822884303f,0f,0f,0f,1f],start_interpolation:0}
execute if entity @s[tag=aj.dino.bone.leg_right_0] run data modify entity @s {} merge value {transformation:[-0.43388397622358776f,0.20853267594169686f,0.8765037468493814f,-0.29601231078366996f,0.08015986410267163f,0.9779226219360795f,-0.19298119517897275f,0.6180305971506928f,-0.8973957272928428f,-0.013471027067704033f,-0.44102090660907545f,-0.36482853402205345f,0f,0f,0f,1f],start_interpolation:0}
execute if entity @s[tag=aj.dino.bone.tail_4] run data modify entity @s {} merge value {transformation:[0.9161764514848364f,2.6015909837095528f,-0.13418790864238392f,1.2655404010084925f,-2.593334689305849f,0.8973709934584256f,-0.3082236540928922f,0.25930831460418485f,-0.24677364240856553f,0.22827830641697333f,2.740921946322406f,-0.24600715496943165f,0f,0f,0f,1f],start_interpolation:0}
execute if entity @s[tag=aj.dino.bone.tail_3] run data modify entity @s {} merge value {transformation:[0.31585778155353234f,1.6291401080142296f,1.257808370275819f,1.0363201676845875f,-1.914119700429543f,0.700250550023151f,-0.4263102927026701f,0.3247422849482394f,-0.7565217513753608f,-1.0915572370224587f,1.603784014150377f,-0.507267912823943f,0f,0f,0f,1f],start_interpolation:0}
execute if entity @s[tag=aj.dino.bone.tail_2] run data modify entity @s {} merge value {transformation:[-0.4036019979526771f,1.1660035204260462f,1.5153597238297751f,0.7545971172014924f,-1.2507574861650528f,1.0104184636110267f,-1.1106007897524597f,0.530516111686582f,-1.4461967407837228f,-1.1992765293087229f,0.537610145178212f,-0.6085632188607908f,0f,0f,0f,1f],start_interpolation:0}
execute if entity @s[tag=aj.dino.bone.tail_1] run data modify entity @s {} merge value {transformation:[-0.06474331118232027f,0.421575952536417f,1.4511162151599586f,0.43724162127151994f,-0.3790315598432767f,1.401484129997269f,-0.4240678719362876f,0.6050012068182778f,-1.4628053972760433f,-0.38180125668836107f,0.045655449743336476f,-0.6123231131534079f,0f,0f,0f,1f],start_interpolation:0}
execute if entity @s[tag=aj.dino.bone.tail_0] run data modify entity @s {} merge value {transformation:[-0.36210579440611024f,0.19948924300418458f,1.2095119479224525f,0.08860814920803116f,0.11414767924960348f,1.2611845043915757f,-0.17383805621478018f,0.6862353559105587f,-1.2205266967844157f,0.05876567358774032f,-0.3750958472555111f,-0.5012932681612123f,0f,0f,0f,1f],start_interpolation:0}
execute if entity @s[tag=aj.dino.bone.body_1] run data modify entity @s {} merge value {transformation:[-0.9388240463612989f,-0.10648879958227865f,0.7974171684843343f,-0.08960739608026959f,0.14970225769725212f,1.1809599961235546f,0.33395705809647075f,0.5290489814814813f,-0.7904449627079632f,0.35014028356592913f,-0.8838569668279067f,-0.3193933371044175f,0f,0f,0f,1f],start_interpolation:0}