execute if entity @s[tag=aj.dino.bone.head_lower] run data modify entity @s {} merge value {transformation:[-0.9951867558147978f,-0.05297023515434355f,-0.08244680247596907f,0.2998781893369831f,-0.07220974692371768f,0.96515197535633f,0.2515301511051644f,0.20185261765722412f,0.0662500830190465f,0.25627293780941396f,-0.9643314304980946f,0.30763543000221916f,0f,0f,0f,1f],start_interpolation:0}
execute if entity @s[tag=aj.dino.bone.head_upper] run data modify entity @s {} merge value {transformation:[-1.0358894794664748f,0.0019064985185632932f,-0.10198673530210431f,0.29256873269157624f,-0.07516309548550319f,0.6893057618985191f,0.7763246861166058f,0.27082524217497084f,0.06895968381032425f,0.7799524821810673f,-0.6858502971726986f,0.27788975128278653f,0f,0f,0f,1f],start_interpolation:0}
execute if entity @s[tag=aj.dino.bone.neck_0] run data modify entity @s {} merge value {transformation:[-0.9889937806713107f,0.008886819364739451f,-0.14768996660249323f,0.28319414140667504f,-0.04790129318000269f,0.925202426522969f,0.3764384890891121f,0.2801641686699812f,0.1399884563281933f,0.3793698649044078f,-0.9145937555533936f,0.2125472861895661f,0f,0f,0f,1f],start_interpolation:0}
execute if entity @s[tag=aj.dino.bone.neck_1] run data modify entity @s {} merge value {transformation:[-0.9633866459105282f,0.08651811551900829f,-0.2537730997728124f,0.26209480722741496f,-0.051185399481077365f,0.8697485505916095f,0.49083348869423815f,0.325751030205929f,0.26318477418198943f,0.4858519058631281f,-0.8334756746348038f,0.14417921617859186f,0f,0f,0f,1f],start_interpolation:0}
execute if entity @s[tag=aj.dino.bone.neck_2] run data modify entity @s {} merge value {transformation:[-0.9498428888403706f,0.17415900935817302f,-0.25974434734707685f,0.24104437986820326f,0.02929679784217201f,0.8764793625518561f,0.48054721376456516f,0.3764318509947925f,0.31135218668828074f,0.44883467611145156f,-0.8376199910247811f,0.07519179481569199f,0f,0f,0f,1f],start_interpolation:0}
execute if entity @s[tag=aj.dino.bone.body_0] run data modify entity @s {} merge value {transformation:[-0.9204020301433534f,0.11381177917794161f,-0.37404141726330903f,0.06584426202871435f,0.004498927650125635f,0.9597127554086351f,0.2809469465147542f,0.5179835569723582f,0.39094739103617554f,0.25690135466033787f,-0.8838335993928331f,-0.33890835967231947f,0f,0f,0f,1f],start_interpolation:0}
execute if entity @s[tag=aj.dino.bone.leg_left_3] run data modify entity @s {} merge value {transformation:[-0.4909646668306611f,0.3228215270738125f,-0.8091600321207104f,0.2574585521801566f,-0.07779388935935863f,0.9088533465254061f,0.4097971513906764f,0.09982592195553772f,0.8676991452699496f,0.26414362791349094f,-0.42110133831477803f,-0.7706381524573865f,0f,0f,0f,1f],start_interpolation:0}
execute if entity @s[tag=aj.dino.bone.leg_left_2] run data modify entity @s {} merge value {transformation:[-0.8399439586961278f,-0.1344630429238765f,-0.5731282891624031f,0.20710011003502515f,-0.2976112451962479f,0.9585691742299065f,0.2112696960040107f,0.3293344769775265f,0.5079211478992681f,0.33930373974440664f,-0.823984999385816f,-0.7162237927492198f,0f,0f,0f,1f],start_interpolation:0}
execute if entity @s[tag=aj.dino.bone.leg_left_1] run data modify entity @s {} merge value {transformation:[-0.8906662375238943f,0.4542400568726175f,0.01948394383564761f,0.34720775795597153f,0.01928256576923186f,-0.00507603824201075f,0.9998011884835505f,0.2745457458817587f,0.45424864996209374f,0.890864863247017f,-0.004237857889126839f,-0.48302553461091086f,0f,0f,0f,1f],start_interpolation:0}
execute if entity @s[tag=aj.dino.bone.leg_left_0] run data modify entity @s {} merge value {transformation:[-0.8770167569251571f,-0.2788292147626758f,-0.39127468237455537f,0.16760687935577315f,-0.005756096837549376f,0.8204146761227753f,-0.5717399990831131f,0.6425411267475473f,0.48042530680812007f,-0.4991733448384351f,-0.7211223865483115f,-0.5644515908333083f,0f,0f,0f,1f],start_interpolation:0}
execute if entity @s[tag=aj.dino.bone.leg_right_3] run data modify entity @s {} merge value {transformation:[-0.998676448254395f,-0.03736094872555009f,-0.03534842588169044f,-0.25500045263711f,-0.038254263084799824f,0.9989567092339353f,0.024942021416585858f,0.01867370288005163f,0.034379689612116446f,0.026261237343912558f,-0.9990637538992899f,-0.21169782818617058f,0f,0f,0f,1f],start_interpolation:0}
execute if entity @s[tag=aj.dino.bone.leg_right_2] run data modify entity @s {} merge value {transformation:[-1.0095925016696228f,0.17355467091123017f,0.05161352805284163f,-0.21138376175293228f,0.09141292216743993f,0.7409357842016151f,-0.7033633775304492f,0.16950586354158967f,-0.15629733757801653f,-0.6877173397516791f,-0.7447672135450051f,-0.3947779080760966f,0f,0f,0f,1f],start_interpolation:0}
execute if entity @s[tag=aj.dino.bone.leg_right_1] run data modify entity @s {} merge value {transformation:[-0.9567524181349218f,0.0885163479553377f,-0.27710948474859f,-0.19169411061626157f,-0.16567704302533454f,0.6171961458367765f,0.7691684048234235f,0.2930853993155667f,0.23911488411924692f,0.7818144112952115f,-0.575838778204248f,-0.14708091246296817f,0f,0f,0f,1f],start_interpolation:0}
execute if entity @s[tag=aj.dino.bone.leg_right_0] run data modify entity @s {} merge value {transformation:[-0.9517676507915628f,-0.2784227965120818f,-0.1289150312768121f,-0.1798500815523428f,-0.1102585130240569f,0.7024691973513812f,-0.7031216730255369f,0.6389565126528108f,0.2863239410395739f,-0.6549944833011175f,-0.6992859412519807f,-0.38061928296948977f,0f,0f,0f,1f],start_interpolation:0}
execute if entity @s[tag=aj.dino.bone.tail_4] run data modify entity @s {} merge value {transformation:[-2.27694315748026f,1.43790649883595f,0.6112414333216966f,-0.1745471482333494f,1.5624306348624792f,2.096373274992191f,0.8886455619321719f,0.7650171677126916f,-0.0013040119065758546f,1.0785663280966338f,-2.542116108097561f,-2.1665412490190565f,0f,0f,0f,1f],start_interpolation:0}
execute if entity @s[tag=aj.dino.bone.tail_3] run data modify entity @s {} merge value {transformation:[-1.9433683658080472f,0.6722055842781026f,0.3277263695315624f,-0.23669548903035892f,0.7222325375027292f,1.9237562640270238f,0.33687909468175936f,0.689069457012575f,-0.19402340733368453f,0.42807360947221124f,-2.028559446583832f,-1.8267615668566943f,0f,0f,0f,1f],start_interpolation:0}
execute if entity @s[tag=aj.dino.bone.tail_2] run data modify entity @s {} merge value {transformation:[-1.910557796892541f,0.34121968062448765f,0.2282803304939327f,-0.2804638620724677f,0.3283639870608841f,1.9223124027924212f,-0.12516386489193018f,0.713037373018429f,-0.24641402504195295f,-0.0840120862003109f,-1.9367488150603505f,-1.466926392794008f,0f,0f,0f,1f],start_interpolation:0}
execute if entity @s[tag=aj.dino.bone.tail_1] run data modify entity @s {} merge value {transformation:[-1.4882396823372537f,0.24612833080718968f,0.11054294500680331f,-0.30583831271266704f,0.24394467715339974f,1.4922082152613894f,-0.038234628217672144f,0.7027912766421105f,-0.11528179563675327f,-0.019792349039127816f,-1.5079703646008034f,-1.1420759167860708f,0f,0f,0f,1f],start_interpolation:0}
execute if entity @s[tag=aj.dino.bone.tail_0] run data modify entity @s {} merge value {transformation:[-1.1778603495922058f,0.2545188826258059f,-0.4262638289011458f,-0.17513212059125144f,0.21931125717582947f,1.2513251007029005f,0.14115162560474026f,0.6917401946913896f,0.44540238652089775f,0.05693283166868495f,-1.196750217607543f,-0.7909837974931148f,0f,0f,0f,1f],start_interpolation:0}
execute if entity @s[tag=aj.dino.bone.body_1] run data modify entity @s {} merge value {transformation:[-1.0927913970493188f,0.08154232126283287f,-0.5725053776466357f,-0.04752509381300831f,-0.011274016310485208f,1.2207775985170246f,0.19539587142897144f,0.5640853571428571f,0.5781733772385917f,0.177925545828375f,-1.0782683529856778f,-0.5522860577168325f,0f,0f,0f,1f],start_interpolation:0}