execute if entity @s[tag=aj.dino.bone.head_lower] run data modify entity @s {} merge value {transformation:[-0.9820975569792784f,-0.11595700403886433f,-0.1484532309842553f,0.42307172550969374f,-0.1874314912605093f,0.5228345278337896f,0.8315729027503723f,0.28713015442463624f,-0.01881022751578154f,0.8445105267071271f,-0.5352085066790842f,-0.012839423221574352f,0f,0f,0f,1f],start_interpolation:0}
execute if entity @s[tag=aj.dino.bone.head_upper] run data modify entity @s {} merge value {transformation:[-1.0222649378524156f,-0.166244156156021f,-0.1039673985683853f,0.41185417810117936f,-0.19509736115660944f,0.8072820647226743f,0.6274588673613043f,0.34845225725676254f,-0.01957955798358221f,0.6357125852966701f,-0.8239891336589936f,-0.05537438326834915f,0f,0f,0f,1f],start_interpolation:0}
execute if entity @s[tag=aj.dino.bone.neck_0] run data modify entity @s {} merge value {transformation:[-0.9809094342182815f,-0.09221710979246789f,-0.17120948140536948f,0.40259726497567494f,-0.14882174316141072f,0.9226894608438017f,0.35566310971223014f,0.3565212088326111f,0.12517496005180384f,0.3743529931886464f,-0.9187987080240866f,-0.12090252862704493f,0f,0f,0f,1f],start_interpolation:0}
execute if entity @s[tag=aj.dino.bone.neck_1] run data modify entity @s {} merge value {transformation:[-0.9350272676587909f,0.007401073317420837f,-0.35449856536844654f,0.37260067951493625f,-0.12685869492540533f,0.9266213569232393f,0.35394877089143517f,0.3907741440684094f,0.33110554247302987f,0.37592297749337555f,-0.8654773450161222f,-0.19248798897312397f,0f,0f,0f,1f],start_interpolation:0}
execute if entity @s[tag=aj.dino.bone.neck_2] run data modify entity @s {} merge value {transformation:[-0.9187469754616879f,0.12356639720082829f,-0.3750137871636299f,0.3409564514135929f,0.013038911327281898f,0.958747038744047f,0.2839614454303966f,0.42503802912515637f,0.394631450687094f,0.2559989476195712f,-0.882457113375076f,-0.2672914608365931f,0f,0f,0f,1f],start_interpolation:0}
execute if entity @s[tag=aj.dino.bone.body_0] run data modify entity @s {} merge value {transformation:[-0.847354052818212f,0.036489236955187215f,-0.5297732012465141f,0.09162393390915982f,0.004275921681042568f,0.9980728765371417f,0.061905166300180434f,0.46372159359816967f,0.5310111351622757f,0.05019032483759798f,-0.8458771220610992f,-0.6654720508427973f,0f,0f,0f,1f],start_interpolation:0}
execute if entity @s[tag=aj.dino.bone.leg_left_3] run data modify entity @s {} merge value {transformation:[0.048539571396960635f,0.11389611698355107f,-0.9923061949542935f,0.10169502254947047f,-0.12279400921534853f,0.9866214309816415f,0.10723704224081493f,0.06659730436255148f,0.9912444407457828f,0.11664401597941831f,0.06187594222937537f,-1.3145114383847392f,0f,0f,0f,1f],start_interpolation:0}
execute if entity @s[tag=aj.dino.bone.leg_left_2] run data modify entity @s {} merge value {transformation:[-0.6485259846830519f,-0.07575116083122341f,-0.7910360347824201f,0.058584871185307724f,-0.41973476449943287f,0.8996322961700474f,0.25796639056107173f,0.28362143592778166f,0.6747584561620382f,0.48681176323218f,-0.599814581781147f,-1.2185264748032894f,0f,0f,0f,1f],start_interpolation:0}
execute if entity @s[tag=aj.dino.bone.leg_left_1] run data modify entity @s {} merge value {transformation:[-0.7276847529685504f,0.6844739058733429f,-0.04438887783656531f,0.2613815578820353f,-0.14727176663852978f,-0.09270745962672342f,0.9847417700497552f,0.20914171483097338f,0.6699148655226765f,0.7231188001345622f,0.16826548619275625f,-1.0443436379049986f,0f,0f,0f,1f],start_interpolation:0}
execute if entity @s[tag=aj.dino.bone.leg_left_0] run data modify entity @s {} merge value {transformation:[-0.7112563296706967f,-0.24381166017563896f,-0.6592953115757522f,0.13662216090842105f,-0.16954130207078968f,0.9697328034647515f,-0.1757100929842523f,0.5844807086827518f,0.6821804602856273f,-0.013197130248356115f,-0.7310647408798331f,-0.9106910617024885f,0f,0f,0f,1f],start_interpolation:0}
execute if entity @s[tag=aj.dino.bone.leg_right_3] run data modify entity @s {} merge value {transformation:[-0.9855205759488663f,-0.05022181652070051f,-0.16194740975630337f,-0.2329896746097872f,-0.048543697295011845f,0.9987186178649508f,-0.014304956583373385f,0.044054176733377734f,0.16245831414349107f,-0.006236303014048372f,-0.9866957001479086f,-0.3367457953739402f,0f,0f,0f,1f],start_interpolation:0}
execute if entity @s[tag=aj.dino.bone.leg_right_2] run data modify entity @s {} merge value {transformation:[-1.0054865508565445f,0.1958387103345195f,0.05202110227413835f,-0.18417238050491175f,0.05062593712688745f,0.497771190420408f,-0.8953898904824468f,0.13233382032396762f,-0.19620400107370026f,-0.8751761200025149f,-0.4976273188247501f,-0.5558226047121542f,0f,0f,0f,1f],start_interpolation:0}
execute if entity @s[tag=aj.dino.bone.leg_right_1] run data modify entity @s {} merge value {transformation:[-0.9484900586301116f,0.12445461627738097f,-0.291337702961868f,-0.1538002635443f,-0.09691920050213346f,0.7615271804296628f,0.6408455524078128f,0.3032987061409294f,0.3016177668073866f,0.6360718528233249f,-0.7102389181057508f,-0.33934644438799794f,0f,0f,0f,1f],start_interpolation:0}
execute if entity @s[tag=aj.dino.bone.leg_right_0] run data modify entity @s {} merge value {transformation:[-0.9254352769399298f,-0.3284871561778283f,-0.18885374346652142f,-0.15979555661498118f,-0.011629728567855935f,0.5228087354964835f,-0.8523706796353367f,0.5793109615776244f,0.3787272073782839f,-0.7866175781882648f,-0.4876458633851778f,-0.6525373923322167f,0f,0f,0f,1f],start_interpolation:0}
execute if entity @s[tag=aj.dino.bone.tail_4] run data modify entity @s {} merge value {transformation:[1.3726817115523298f,-1.3309548595197838f,-1.992477204961312f,-1.443176147578203f,-1.8235315246034538f,0.9093502214119858f,-1.8637264512785607f,0.5808518677015896f,1.554393460211144f,2.2421647281898456f,-0.4268719176921604f,-1.7325664809882326f,0f,0f,0f,1f],start_interpolation:0}
execute if entity @s[tag=aj.dino.bone.tail_3] run data modify entity @s {} merge value {transformation:[0.39944920198845796f,-0.9968411068444714f,-1.784010557362349f,-1.1309190107887035f,-1.7795786003104548f,0.7240243746485149f,-0.8030157135924267f,0.7099285110704624f,1.0047317385214383f,1.6787024866438842f,-0.713034095249149f,-1.628089669707383f,0f,0f,0f,1f],start_interpolation:0}
execute if entity @s[tag=aj.dino.bone.tail_2] run data modify entity @s {} merge value {transformation:[-0.4314442163452491f,-0.9724305754540976f,-1.6392097300550117f,-0.8267439241585288f,-1.648255349412283f,1.034273768308224f,-0.17973856104374702f,0.7423688312520897f,0.9570183207853463f,1.3429186211808577f,-1.048551088678886f,-1.4321390987228106f,0f,0f,0f,1f],start_interpolation:0}
execute if entity @s[tag=aj.dino.bone.tail_1] run data modify entity @s {} merge value {transformation:[-0.8823967993028909f,-0.29064818220409083f,-1.1935475578130401f,-0.5655099152783656f,-0.7351856863343476f,1.3022670556949643f,0.22640400230707955f,0.6784327222586224f,0.984141323788971f,0.7122361966602283f,-0.9010225884947974f,-1.247895663100256f,0f,0f,0f,1f],start_interpolation:0}
execute if entity @s[tag=aj.dino.bone.tail_0] run data modify entity @s {} merge value {transformation:[-0.6879987987067604f,0.09927265282289134f,-1.0726781017451548f,-0.24965281663844457f,-0.2817277069744392f,1.2119003256755572f,0.29285289196869907f,0.6220996143603986f,1.0397705846411538f,0.39405362276346567f,-0.6304241352343749f,-1.0541618625024263f,0f,0f,0f,1f],start_interpolation:0}
execute if entity @s[tag=aj.dino.bone.body_1] run data modify entity @s {} merge value {transformation:[-0.9322672102926427f,0.09217818982948792f,-0.8068368019551309f,-0.06828341739421881f,-0.016259438713325546f,1.2260120116718682f,0.15885456539009696f,0.5025875437317784f,0.8119224558553307f,0.1303929584460291f,-0.9232465527267301f,-0.8483028627018842f,0f,0f,0f,1f],start_interpolation:0}