execute if entity @s[tag=aj.dino.bone.head_lower] run data modify entity @s {} merge value {transformation:[-0.9988118509729257f,-0.0213790929329565f,-0.04379293026736242f,0.0954027221753192f,-0.027889935239679024f,0.9876885342696748f,0.15392696574852605f,0.31052538097517457f,0.0399629562015195f,0.1549654595630438f,-0.9871112746160132f,0.6545624356822458f,0f,0f,0f,1f],start_interpolation:0}
execute if entity @s[tag=aj.dino.bone.head_upper] run data modify entity @s {} merge value {transformation:[-1.0396628395061138f,0.014240370763370747f,-0.04868608193429983f,0.09204345463337385f,-0.02903062197017555f,0.652220105816988f,0.8107022259372482f,0.38104947475449f,0.0415974244589299f,0.811096842548475f,-0.6510480081144441f,0.627906779434747f,0f,0f,0f,1f],start_interpolation:0}
execute if entity @s[tag=aj.dino.bone.neck_0] run data modify entity @s {} merge value {transformation:[-0.9983009096296144f,-0.0060060550349849365f,-0.05795878825166511f,0.08871579622828828f,-0.01868239303225364f,0.9751537420385011f,0.22073999995219878f,0.3795004001405965f,0.05519295265949286f,0.2214477516057117f,-0.9736090751864951f,0.5613390446702491f,0f,0f,0f,1f],start_interpolation:0}
execute if entity @s[tag=aj.dino.bone.neck_1] run data modify entity @s {} merge value {transformation:[-0.9959200982937801f,0.017939767195391622f,-0.08843824154449605f,0.08130656268254746f,-0.013977240426551794f,0.9375453284615944f,0.3475822116131653f,0.4132643296158155f,0.0891504041749999f,0.3474002329199219f,-0.9334694872370594f,0.4838623567622832f,0f,0f,0f,1f],start_interpolation:0}
execute if entity @s[tag=aj.dino.bone.neck_2] run data modify entity @s {} merge value {transformation:[-0.9949918082744335f,0.04664675908529347f,-0.0884046454300431f,0.0740183536337044f,0.006782542493234789f,0.9139000795846581f,0.4058825466221513f,0.45777033778569926f,0.09972611786337876f,0.40325020074637774f,-0.9096394763937556f,0.4081191878307997f,0f,0f,0f,1f],start_interpolation:0}
execute if entity @s[tag=aj.dino.bone.body_0] run data modify entity @s {} merge value {transformation:[-0.9926594654524513f,0.02640677731284409f,-0.11802486076926064f,0.018645236908756233f,0.002464233949353273f,0.9800860603002036f,0.1985579058014776f,0.5606864790297237f,0.12091779521102901f,0.19680954376547766f,-0.9729567771921467f,-0.0485568357556487f,0f,0f,0f,1f],start_interpolation:0}
execute if entity @s[tag=aj.dino.bone.leg_left_3] run data modify entity @s {} merge value {transformation:[-0.9312902158595701f,0.1033765991915267f,-0.3493018931867241f,0.2336019818461198f,0.012303725238133514f,0.9672673125427571f,0.25346116947488784f,0.055884811614062585f,0.36407025721624087f,0.231748192713358f,-0.9020785015643558f,-0.2866269257075543f,0f,0f,0f,1f],start_interpolation:0}
execute if entity @s[tag=aj.dino.bone.leg_left_2] run data modify entity @s {} merge value {transformation:[-0.988348534228361f,-0.12057955457109822f,-0.24635329388660504f,0.1963483400647415f,-0.0922795103941764f,1.0137449349573988f,-0.12596784633518768f,0.28815115295476984f,0.25829027537008736f,-0.0992168199870863f,-0.9876762403650245f,-0.3398771362258469f,0f,0f,0f,1f],start_interpolation:0}
execute if entity @s[tag=aj.dino.bone.leg_left_1] run data modify entity @s {} merge value {transformation:[-0.9632779980238416f,0.16343883740802134f,0.21303343622514692f,0.24863535352222957f,0.2511209574896432f,0.26753042838596774f,0.930250361245351f,0.3064925884807468f,0.0950461110864836f,0.949586866123545f,-0.2987490928069923f,-0.06795243042236798f,0f,0f,0f,1f],start_interpolation:0}
execute if entity @s[tag=aj.dino.bone.leg_left_0] run data modify entity @s {} merge value {transformation:[-0.9691393015668623f,0.0953045796574649f,-0.22734566469323325f,0.19187510890927226f,0.21062517302847877f,0.7993198782189743f,-0.5627830565775124f,0.6906361823996908f,0.1280861063707438f,-0.5932998983484813f,-0.7947258520864062f,-0.2213123092921943f,0f,0f,0f,1f],start_interpolation:0}
execute if entity @s[tag=aj.dino.bone.leg_right_3] run data modify entity @s {} merge value {transformation:[-0.9940808036793772f,-0.0175965607262965f,0.10720875340553504f,-0.2159033385143929f,-0.01446200962799422f,0.999446905060149f,0.029945521254598262f,0.014943887159431735f,-0.10767639496975581f,0.02821781381141264f,-0.9937854642477028f,-0.1815915663949917f,0f,0f,0f,1f],start_interpolation:0}
execute if entity @s[tag=aj.dino.bone.leg_right_2] run data modify entity @s {} merge value {transformation:[-1.0153536289713454f,0.0862721817128135f,0.11694579213432615f,-0.19060407185416137f,0.03144243195480546f,0.9362677526552506f,-0.41770356511687645f,0.2202288506863878f,-0.14188227904915107f,-0.4099048737220535f,-0.9294673812950195f,-0.30564438950759343f,0f,0f,0f,1f],start_interpolation:0}
execute if entity @s[tag=aj.dino.bone.leg_right_1] run data modify entity @s {} merge value {transformation:[-0.9491370724414475f,-0.03255486782370956f,-0.31317566683613696f,-0.20174120715034743f,-0.29364279943484545f,0.45048685768029917f,0.8431106080446368f,0.29204854734042063f,0.11363416764928311f,0.8921893137884531f,-0.4371332797950117f,-0.03781742848670813f,0f,0f,0f,1f],start_interpolation:0}
execute if entity @s[tag=aj.dino.bone.leg_right_0] run data modify entity @s {} merge value {transformation:[-0.9630241707536327f,-0.2681959589012174f,0.025600276821444015f,-0.19715144217413996f,-0.24664791159521943f,0.8394237351502113f,-0.4842856600934872f,0.6897366066244502f,0.10839397700054595f,-0.4726930510336749f,-0.8745353196152119f,-0.16482301940623575f,0f,0f,0f,1f],start_interpolation:0}
execute if entity @s[tag=aj.dino.bone.tail_4] run data modify entity @s {} merge value {transformation:[-2.096779555281702f,1.0931798607681995f,1.4262309140400384f,0.0823083323065451f,1.4550771154892366f,2.318953909096208f,0.3617522454207266f,0.6944095484832238f,-1.054479689767512f,1.0261929112492616f,-2.3368059449534058f,-1.9376368639975063f,0f,0f,0f,1f],start_interpolation:0}
execute if entity @s[tag=aj.dino.bone.tail_3] run data modify entity @s {} merge value {transformation:[-1.9070193477930268f,0.6180880802381589f,0.5631961099430713f,-0.01923739262271682f,0.649457928063806f,1.9782218132822287f,0.0280781618679616f,0.670290076360885f,-0.5267135206756794f,0.20137305819379758f,-2.0044867883364943f,-1.5997205722211314f,0f,0f,0f,1f],start_interpolation:0}
execute if entity @s[tag=aj.dino.bone.tail_2] run data modify entity @s {} merge value {transformation:[-1.9060336021861266f,0.3412141538669517f,0.2634059292062619f,-0.06953219366837293f,0.29819638200661513f,1.9060320222406624f,-0.3112791720531792f,0.7288302402188822f,-0.3112694975392209f,-0.26341736160854706f,-1.9111505614439825f,-1.2447347046539883f,0f,0f,0f,1f],start_interpolation:0}
execute if entity @s[tag=aj.dino.bone.tail_1] run data modify entity @s {} merge value {transformation:[-1.5033532365001083f,0.13108165322959722f,0.10199459049991424f,-0.09164636794441158f,0.12195060995328594f,1.5017403868958152f,-0.13251456183389457f,0.7388721624261424f,-0.11275347017573828f,-0.12348951596230015f,-1.5032276089836585f,-0.9196396414904568f,0f,0f,0f,1f],start_interpolation:0}
execute if entity @s[tag=aj.dino.bone.tail_0] run data modify entity @s {} merge value {transformation:[-1.2691974617934598f,0.09193275234851331f,-0.1205067990060886f,-0.054212979358242985f,0.08834586284594069f,1.274473712669077f,0.04180288049324913f,0.7574117101190457f,0.12316057842943554f,0.03317892923458433f,-1.27183581769024f,-0.5471789886812228f,0f,0f,0f,1f],start_interpolation:0}
execute if entity @s[tag=aj.dino.bone.body_1] run data modify entity @s {} merge value {transformation:[-1.2235324545998758f,0.0332329469061402f,-0.17455228109935028f,-0.01587049390217732f,-0.0028292674454056003f,1.2107531128547455f,0.25034673957237114f,0.6176567857142856f,0.17766519873845665f,0.2481472667766621f,-1.1981079276111761f,-0.28535015772347205f,0f,0f,0f,1f],start_interpolation:0}