execute if entity @s[tag=aj.dino.bone.head_lower] run data modify entity @s {} merge value {transformation:[-0.9976707181889303f,-0.029744197385616993f,-0.061387464439166574f,0.1929543535749827f,-0.04308895121746001f,0.9724486872929052f,0.22910018084952471f,0.20798010341858353f,0.0528817582098385f,0.2312116634259419f,-0.9714652265235463f,0.4715461426991557f,0f,0f,0f,1f],start_interpolation:0}
execute if entity @s[tag=aj.dino.bone.head_upper] run data modify entity @s {} merge value {transformation:[-1.038475034866725f,0.015636605944202627f,-0.06926067496500113f,0.18820844861420707f,-0.04485127136852445f,0.6426696695238938f,0.8175793551173999f,0.27875892466110924f,0.05504460008655498f,0.8186593522412738f,-0.6404989458014089f,0.44579169955979153f,0f,0f,0f,1f],start_interpolation:0}
execute if entity @s[tag=aj.dino.bone.neck_0] run data modify entity @s {} merge value {transformation:[-0.9953318441500975f,0.006734054744868958f,-0.09627654193758454f,0.18219533716128586f,-0.02532521415402912f,0.944382175170475f,0.32787336083972296f,0.2846389207257856f,0.09312976725418629f,0.3287810209348704f,-0.9398031106163701f,0.3796554433062733f,0f,0f,0f,1f],start_interpolation:0}
execute if entity @s[tag=aj.dino.bone.neck_1] run data modify entity @s {} merge value {transformation:[-0.984444350552766f,0.06150518093552814f,-0.16457956550808753f,0.16853663453637593f,-0.02670382490532587f,0.8734649342632247f,0.4861542084030193f,0.3298465067205405f,0.1736554819179878f,0.48298666786012684f,-0.8582351963589018f,0.3091767170432203f,0f,0f,0f,1f],start_interpolation:0}
execute if entity @s[tag=aj.dino.bone.neck_2] run data modify entity @s {} merge value {transformation:[-0.9784974205085942f,0.12248369092613187f,-0.16595343779246963f,0.1551970606214458f,0.021232890392982474f,0.8601293529418204f,0.5096338495169301f,0.38291545813824107f,0.20516325797663387f,0.495151736001195f,-0.8442350359416599f,0.24006324109724803f,0f,0f,0f,1f],start_interpolation:0}
execute if entity @s[tag=aj.dino.bone.body_0] run data modify entity @s {} merge value {transformation:[-0.9669412115820788f,0.08366144038099146f,-0.24088473745249872f,0.04246596697427802f,0.004454460762642307f,0.9500458065229848f,0.3120787132878587f,0.5390473592800236f,0.25496048933804516f,0.30068875752423674f,-0.9190111098213314f,-0.19019881239351838f,0f,0f,0f,1f],start_interpolation:0}
execute if entity @s[tag=aj.dino.bone.leg_left_3] run data modify entity @s {} merge value {transformation:[-0.7675705591959919f,0.2876708863656152f,-0.5727834650137635f,0.2871186341189641f,-0.04360053928686247f,0.8681240604429801f,0.4944285677970956f,0.11831668566435588f,0.6394798117450202f,0.404482480235688f,-0.6538038647430426f,-0.4900885572678971f,0f,0f,0f,1f],start_interpolation:0}
execute if entity @s[tag=aj.dino.bone.leg_left_2] run data modify entity @s {} merge value {transformation:[-0.9355212817575705f,-0.14929443762361708f,-0.3931581129444161f,0.2387166233753824f,-0.21491641727595281f,0.9939452826936991f,0.13396233835263024f,0.3538105075444849f,0.36148729502519833f,0.20456330415371196f,-0.9378395329851341f,-0.4708277868190327f,0f,0f,0f,1f],start_interpolation:0}
execute if entity @s[tag=aj.dino.bone.leg_left_1] run data modify entity @s {} merge value {transformation:[-0.9546693609570865f,0.28117129830245824f,0.09771955925349758f,0.32893223653844106f,0.12405069153853142f,0.07738321871900727f,0.9892538922791749f,0.31989624604679073f,0.27058794721605767f,0.9565325600687075f,-0.10875488195848376f,-0.21058875886887127f,0f,0f,0f,1f],start_interpolation:0}
execute if entity @s[tag=aj.dino.bone.leg_left_0] run data modify entity @s {} merge value {transformation:[-0.947188642422565f,-0.14974332200207124f,-0.2835676518601553f,0.18308736943111834f,0.09690933556450572f,0.7092689407146234f,-0.6982450504070915f,0.666487988107725f,0.30568326147524705f,-0.6888501341027233f,-0.6572999592275324f,-0.39200187206101966f,0f,0f,0f,1f],start_interpolation:0}
execute if entity @s[tag=aj.dino.bone.leg_right_3] run data modify entity @s {} merge value {transformation:[-0.998689784029142f,-0.026563896887253018f,0.04373870892000378f,-0.24632570379388785f,-0.025005076509156017f,0.9990457795065912f,0.03580888994144554f,0.008358695317915305f,-0.04464819620764876f,0.03466828279898948f,-0.9984010460447104f,-0.20175942292195143f,0f,0f,0f,1f],start_interpolation:0}
execute if entity @s[tag=aj.dino.bone.leg_right_2] run data modify entity @s {} merge value {transformation:[-1.0127370253504826f,0.1405175286234314f,0.08173580081281957f,-0.20947413131355105f,0.07416231502480136f,0.8583027230097056f,-0.5566673927984112f,0.19110924422287065f,-0.14465776168291802f,-0.5437218584206278f,-0.8576146408272193f,-0.3547799135324562f,0f,0f,0f,1f],start_interpolation:0}
execute if entity @s[tag=aj.dino.bone.leg_right_1] run data modify entity @s {} merge value {transformation:[-0.9575822214025747f,0.03209168650217989f,-0.2863676184751972f,-0.2046388067788775f,-0.22718737472007997f,0.5272493530347695f,0.8187759256916479f,0.2863970336515119f,0.1772630418939839f,0.8491043772009793f,-0.4975937807053347f,-0.0941839763380844f,0f,0f,0f,1f],start_interpolation:0}
execute if entity @s[tag=aj.dino.bone.leg_right_0] run data modify entity @s {} merge value {transformation:[-0.9634604813968218f,-0.26204684901226777f,-0.0554558356653822f,-0.19098549496433534f,-0.17997793142912147f,0.7866911176022044f,-0.5905294486173313f,0.6642773682730923f,0.19837299459628718f,-0.5589709602551249f,-0.805108452698371f,-0.27117922584278287f,0f,0f,0f,1f],start_interpolation:0}
execute if entity @s[tag=aj.dino.bone.tail_4] run data modify entity @s {} merge value {transformation:[-1.2280788132374876f,1.4266993998401079f,2.0203991146734053f,0.16353384398829915f,2.167506758232581f,1.7073561354306424f,0.11185173858027932f,0.6841948046011144f,-1.1913849978463276f,1.635580991850669f,-1.8791322299411206f,-2.0030253692606896f,0f,0f,0f,1f],start_interpolation:0}
execute if entity @s[tag=aj.dino.bone.tail_3] run data modify entity @s {} merge value {transformation:[-1.5278297477103173f,0.9556953959352962f,1.0432296478934773f,-0.02271158238419943f,1.1256541908142532f,1.7512543678881665f,0.044230167299861185f,0.6595576038779232f,-0.8570790108024936f,0.5964058812462713f,-1.8015718470549882f,-1.7033816592806252f,0f,0f,0f,1f],start_interpolation:0}
execute if entity @s[tag=aj.dino.bone.tail_2] run data modify entity @s {} merge value {transformation:[-1.7543334003623956f,0.6362701853737254f,0.5798693357819295f,-0.13165385612307398f,0.5739201663427308f,1.8455440418850346f,-0.2887156163607373f,0.7140927412981294f,-0.64164151832688f,-0.0888893450865337f,-1.843683465590566f,-1.3611405399680798f,0f,0f,0f,1f],start_interpolation:0}
execute if entity @s[tag=aj.dino.bone.tail_1] run data modify entity @s {} merge value {transformation:[-1.4631741021215847f,0.28017915000308946f,0.26129952312287197f,-0.1899096234181912f,0.2642850234597885f,1.484984454248407f,-0.11238704113651589f,0.7198722872821431f,-0.2773647837335395f,-0.06306397183898403f,-1.4855126933824359f,-1.0404389038264725f,0f,0f,0f,1f],start_interpolation:0}
execute if entity @s[tag=aj.dino.bone.tail_0] run data modify entity @s {} merge value {transformation:[-1.2377155076141642f,0.21036073602256816f,-0.24009248121397433f,-0.11467264085403756f,0.19729888304140156f,1.2599117000055682f,0.08678349799197171f,0.7249160457895829f,0.2509366245609726f,0.046974306946996044f,-1.2524615529128318f,-0.6733069544464967f,0f,0f,0f,1f],start_interpolation:0}
execute if entity @s[tag=aj.dino.bone.body_1] run data modify entity @s {} merge value {transformation:[-1.1765014205285986f,0.06243998283390982f,-0.3749003215444612f,-0.03171934356080005f,-0.0069526491313325394f,1.215828372444903f,0.22431590332449633f,0.5908710714285715f,0.3800008726575451f,0.21556254859768487f,-1.1566056888489806f,-0.41893200064057096f,0f,0f,0f,1f],start_interpolation:0}