execute if entity @s[tag=aj.dino.bone.head_lower] run data modify entity @s {} merge value {transformation:[-0.9749621582437425f,-0.1932252008950983f,-0.11005821973733713f,0.39300691064874704f,-0.19030357286485694f,0.4689716964678039f,0.8624674475404742f,0.2957092907347178f,-0.11503625579604533f,0.8618175965081933f,-0.49400110344134623f,0.018867520693570193f,0f,0f,0f,1f],start_interpolation:0}
execute if entity @s[tag=aj.dino.bone.head_upper] run data modify entity @s {} merge value {transformation:[-1.0148377042816792f,-0.23069816756686645f,-0.018834331235483105f,0.3862132204538342f,-0.19808690970187426f,0.821796167476195f,0.6073586896634533f,0.35597072257016665f,-0.11974119072633035f,0.5957359794290046f,-0.8451228506203772f,-0.026053099276260636f,0f,0f,0f,1f],start_interpolation:0}
execute if entity @s[tag=aj.dino.bone.neck_0] run data modify entity @s {} merge value {transformation:[-0.9885204700305745f,-0.12666438669699726f,-0.08236148051853642f,0.3832629888644256f,-0.14652655858926272f,0.9366383740079819f,0.31818001817158703f,0.3613887885198189f,0.03684084633282861f,0.32659560541801186f,-0.9444459024015739f,-0.09243590540277928f,0f,0f,0f,1f],start_interpolation:0}
execute if entity @s[tag=aj.dino.bone.neck_1] run data modify entity @s {} merge value {transformation:[-0.9572426095898272f,-0.01768400296663928f,-0.28874532450713963f,0.3587210021051198f,-0.12516806061918834f,0.9251807372723029f,0.358292561995235f,0.39600306311971284f,0.2608055654821974f,0.3791145993223607f,-0.8878358956440978f,-0.16590072504021144f,0f,0f,0f,1f],start_interpolation:0}
execute if entity @s[tag=aj.dino.bone.neck_2] run data modify entity @s {} merge value {transformation:[-0.9400989764796404f,0.10767675655916983f,-0.3234495795619925f,0.3314386158083297f,0.011492650966026485f,0.9582774410897379f,0.28560858683218365f,0.43040665246228266f,0.34070784169975543f,0.2647830470317184f,-0.9021131329322799f,-0.24234020981373128f,0f,0f,0f,1f],start_interpolation:0}
execute if entity @s[tag=aj.dino.bone.body_0] run data modify entity @s {} merge value {transformation:[-0.8695865994120693f,0.029810445922391147f,-0.4928797859893035f,0.0994302027312366f,0.0041278950529832735f,0.9985799520875089f,0.053113461300689474f,0.4649515498663913f,0.49376320904395565f,0.04415219816517042f,-0.8684747991690942f,-0.6512285210038575f,0f,0f,0f,1f],start_interpolation:0}
execute if entity @s[tag=aj.dino.bone.leg_left_3] run data modify entity @s {} merge value {transformation:[0.029995937384721727f,0.11169509261565276f,-0.9932897110239247f,0.12163583136764318f,-0.12279400921534853f,0.9866214309816415f,0.10723704224081493f,0.06782726063077313f,0.9919787674346825f,0.11875335032460477f,0.043310122898105985f,-1.299966113150391f,0f,0f,0f,1f],start_interpolation:0}
execute if entity @s[tag=aj.dino.bone.leg_left_2] run data modify entity @s {} merge value {transformation:[-0.6610298152367257f,-0.08484074470507591f,-0.7796818780160805f,0.07673840732961176f,-0.41973476449943287f,0.8996322961700474f,0.25796639056107173f,0.2848513921960033f,0.6625137812448886f,0.4853101886694634f,-0.614501187903574f,-1.2048040424545383f,0f,0f,0f,1f],start_interpolation:0}
execute if entity @s[tag=aj.dino.bone.leg_left_1] run data modify entity @s {} merge value {transformation:[-0.7400841738210175f,0.6708327312230004f,-0.047527490776929304f,0.2762426156370224f,-0.14727176663852978f,-0.09270745962672342f,0.9847417700497552f,0.21037167109919502f,0.656190858219488f,0.7357912568449344f,0.16740604511105045f,-1.0268595913672944f,0f,0f,0f,1f],start_interpolation:0}
execute if entity @s[tag=aj.dino.bone.leg_left_0] run data modify entity @s {} merge value {transformation:[-0.7238879755718661f,-0.24352226099172675f,-0.6455099590431913f,0.1490058798119446f,-0.16954130207078968f,0.9697328034647515f,-0.1757100929842523f,0.5857106649509735f,0.6687615013699627f,-0.017753824542069946f,-0.7432649971574895f,-0.8955632421592261f,0f,0f,0f,1f],start_interpolation:0}
execute if entity @s[tag=aj.dino.bone.leg_right_3] run data modify entity @s {} merge value {transformation:[-0.9862487103389415f,-0.050272328785741f,-0.1574362547611991f,-0.2269642036315676f,-0.04843279734535845f,0.998706146619911f,-0.015501511052529726f,0.04509330967821129f,0.15801185239113644f,-0.007663267062201051f,-0.9874074786236199f,-0.32458902572061843f,0f,0f,0f,1f],start_interpolation:0}
execute if entity @s[tag=aj.dino.bone.leg_right_2] run data modify entity @s {} merge value {transformation:[-1.0032993406589015f,0.20336702177872681f,0.0639881784938366f,-0.1760256279927559f,0.041252563372353515f,0.4872169978127191f,-0.9016540481571991f,0.13073373741430078f,-0.2091670589488654f,-0.8793882254135006f,-0.4847552887338827f,-0.5442297567225988f,0f,0f,0f,1f],start_interpolation:0}
execute if entity @s[tag=aj.dino.bone.leg_right_1] run data modify entity @s {} merge value {transformation:[-0.952318254088087f,0.10985959707268597f,-0.2846415497808512f,-0.15004990141502408f,-0.0992706933066304f,0.770596123122689f,0.6295450297466434f,0.3047148774526025f,0.2885052380478363f,0.6277837875887751f,-0.7229469162114552f,-0.3295923643616745f,0f,0f,0f,1f],start_interpolation:0}
execute if entity @s[tag=aj.dino.bone.leg_right_0] run data modify entity @s {} merge value {transformation:[-0.9310170659023036f,-0.31821598978289023f,-0.1787338995410806f,-0.15218719329048205f,-0.014390322406431413f,0.5213391278411823f,-0.8532282416814588f,0.580540917845846f,0.3646918447397811f,-0.7917980156758986f,-0.48995485583062104f,-0.6429973834486012f,0f,0f,0f,1f],start_interpolation:0}
execute if entity @s[tag=aj.dino.bone.tail_4] run data modify entity @s {} merge value {transformation:[-0.3299275804817093f,-1.516065613071696f,-2.2843717254639246f,-1.2616462141211864f,-2.287672128795375f,1.4203469569665295f,-0.612235317969123f,0.8337026093972129f,1.511080856331096f,1.8192913208987338f,-1.4256489985028642f,-1.977901185343704f,0f,0f,0f,1f],start_interpolation:0}
execute if entity @s[tag=aj.dino.bone.tail_3] run data modify entity @s {} merge value {transformation:[-0.6105004639785293f,-1.1162216140373011f,-1.6484186415720998f,-0.9712122235845602f,-1.7570573967721124f,1.1127173021915553f,-0.10273770435627544f,0.8402343151176778f,0.935940176493589f,1.3608288062074352f,-1.2681113800710253f,-1.7761931354395968f,0f,0f,0f,1f],start_interpolation:0}
execute if entity @s[tag=aj.dino.bone.tail_2] run data modify entity @s {} merge value {transformation:[-1.169026832514746f,-0.8769053001184466f,-1.2973770594886802f,-0.7311057550652802f,-1.3501297418715856f,1.3846056237192488f,0.2806970286297501f,0.7873844747986893f,0.7932841987441077f,1.0642735721570764f,-1.4341533455783981f,-1.5087473238765847f,0f,0f,0f,1f],start_interpolation:0}
execute if entity @s[tag=aj.dino.bone.tail_1] run data modify entity @s {} merge value {transformation:[-1.1506781583234398f,-0.16816264727659197f,-0.9671180641567534f,-0.5198377975983965f,-0.5047044602223701f,1.3794450290764368f,0.36063980588386807f,0.6933987022653132f,0.8419438424200413f,0.5970837343432133f,-1.1055667462409227f,-1.278944796240565f,0f,0f,0f,1f],start_interpolation:0}
execute if entity @s[tag=aj.dino.bone.tail_0] run data modify entity @s {} merge value {transformation:[-0.8279930297085025f,0.11757664397583055f,-0.9666638464996731f,-0.23451882042952513f,-0.2247005605190705f,1.2115532612324624f,0.3398294717699269f,0.6233295706286203f,0.9475087954423317f,0.3900642826155618f,-0.7641417764859193f,-1.046231862866053f,0f,0f,0f,1f],start_interpolation:0}
execute if entity @s[tag=aj.dino.bone.body_1] run data modify entity @s {} merge value {transformation:[-0.9472862430988076f,0.08972387296540096f,-0.7894320713728861f,-0.05703046158638847f,-0.016259438713325546f,1.2260120116718682f,0.15885456539009696f,0.5038175f,0.7943481600310563f,0.13209378831965407f,-0.9381720667334367f,-0.8370174530940183f,0f,0f,0f,1f],start_interpolation:0}