execute if entity @s[tag=aj.dino.bone.head_lower] run data modify entity @s {} merge value {transformation:[-0.9970884982571975f,-0.03229237891103644f,-0.06907770195564568f,0.2273272043604273f,-0.048332474900141725f,0.9683240826961843f,0.24497437159960395f,0.19292097704807049f,0.0589787971497735f,0.2475998245856803f,-0.9670655760349998f,0.413087701199581f,0f,0f,0f,1f],start_interpolation:0}
execute if entity @s[tag=aj.dino.bone.head_upper] run data modify entity @s {} merge value {transformation:[-1.037869002382376f,0.016552178476031465f,-0.07762668268718309f,0.22202531593673508f,-0.050309252985026316f,0.6502076741292706f,0.8112773275218536f,0.2634329226982856f,0.06139100537870043f,0.8126671818614365f,-0.6475145856021238f,0.386717035838982f,0f,0f,0f,1f],start_interpolation:0}
execute if entity @s[tag=aj.dino.bone.neck_0] run data modify entity @s {} merge value {transformation:[-0.9936716210526766f,0.011615593723158603f,-0.1117219203961549f,0.2149337043625065f,-0.028476863759535724f,0.9360915655514142f,0.3506018384634113f,0.2709181752577944f,0.1086543958842305f,0.35156458707606136f,-0.9298368477152706f,0.3208503804381077f,0f,0f,0f,1f],start_interpolation:0}
execute if entity @s[tag=aj.dino.bone.neck_1] run data modify entity @s {} merge value {transformation:[-0.9786112713809249f,0.07554869155164075f,-0.1913436038414796f,0.19907243311072473f,-0.032349612838767396f,0.8620380338960733f,0.5058101725605908f,0.31773823709959625f,0.20315876076456038f,0.5011814275503709f,-0.8411561654075779f,0.25190229324246105f,0f,0f,0f,1f],start_interpolation:0}
execute if entity @s[tag=aj.dino.bone.neck_2] run data modify entity @s {} merge value {transformation:[-0.9699976955933746f,0.14651059589842436f,-0.19400803033130254f,0.18351030489644315f,0.025575144979816316f,0.8550789506595023f,0.5178666817804617f,0.37147899977497884f,0.24176513913880213f,0.4973677044486634f,-0.8331716414212995f,0.1837797493480122f,0f,0f,0f,1f],start_interpolation:0}
execute if entity @s[tag=aj.dino.bone.body_0] run data modify entity @s {} merge value {transformation:[-0.9534589186071866f,0.10104668659059492f,-0.28408741200108917f,0.05058356894625848f,0.004557492350799359f,0.9468970299771441f,0.32150465608438084f,0.5320233163769069f,0.3014885068985f,0.3052467555102357f,-0.9032879377355747f,-0.23902861147231827f,0f,0f,0f,1f],start_interpolation:0}
execute if entity @s[tag=aj.dino.bone.leg_left_3] run data modify entity @s {} merge value {transformation:[-0.6852052367936711f,0.33769794726789215f,-0.6453323793841286f,0.28985560519642634f,-0.06673068173992187f,0.8531862847070173f,0.517320190696596f,0.12848699997905058f,0.7252867016463589f,0.39753397338955687f,-0.5620728959984256f,-0.5709979414110061f,0f,0f,0f,1f],start_interpolation:0}
execute if entity @s[tag=aj.dino.bone.leg_left_2] run data modify entity @s {} merge value {transformation:[-0.9092392345046367f,-0.14222591792932368f,-0.4528995497980516f,0.24129575153936764f,-0.2473436468813f,0.9771893522348426f,0.18969525488794461f,0.3617471286539284f,0.40517568323577274f,0.27737151556838835f,-0.9005331240806275f,-0.5335449702418167f,0f,0f,0f,1f],start_interpolation:0}
execute if entity @s[tag=aj.dino.bone.leg_left_1] run data modify entity @s {} merge value {transformation:[-0.9392683933461744f,0.33588031706851373f,0.0704222824598206f,0.3475151207450997f,0.08583780874156659f,0.03125191807670602f,0.9958188531088237f,0.3157132869150179f,0.3322751207227865f,0.9413860686362856f,-0.0581851692974778f,-0.2813313372239741f,0f,0f,0f,1f],start_interpolation:0}
execute if entity @s[tag=aj.dino.bone.leg_left_0] run data modify entity @s {} merge value {transformation:[-0.9287226262336743f,-0.21719121809903885f,-0.30050334158255665f,0.178713836138572f,0.06132127718265222f,0.7093376539150826f,-0.702196406785833f,0.6585156493859519f,0.3656692282463965f,-0.6705729397454855f,-0.6454594859437596f,-0.4495572126533668f,0f,0f,0f,1f],start_interpolation:0}
execute if entity @s[tag=aj.dino.bone.leg_right_3] run data modify entity @s {} merge value {transformation:[-0.9993583112226304f,-0.030090248159832578f,0.019430459488443234f,-0.25212704111691714f,-0.029418184143684276f,0.9989889774620002f,0.03399401934334578f,0.010075899835257307f,-0.02043370333396818f,0.033400596927407766f,-0.9992331379077417f,-0.20472347819547887f,0f,0f,0f,1f],start_interpolation:0}
execute if entity @s[tag=aj.dino.bone.leg_right_2] run data modify entity @s {} merge value {transformation:[-1.0113896349272418f,0.15521075490849018f,0.07115354821210045f,-0.212179628240048f,0.08353362837385753f,0.8225873080224723f,-0.6069880172719517f,0.18293156622210294f,-0.1489138636700203f,-0.5927241700333921f,-0.8237505198576734f,-0.3681131806507441f,0f,0f,0f,1f],start_interpolation:0}
execute if entity @s[tag=aj.dino.bone.leg_right_1] run data modify entity @s {} merge value {transformation:[-0.9585250558229339f,0.051901886209417436f,-0.28024259413505737f,-0.20230611697257153f,-0.20515709733250548f,0.5568960684790992f,0.8048461556885412f,0.2874509712845351f,0.19783903248283102f,0.8289589634719122f,-0.5231507948056948f,-0.11122489092072962f,0f,0f,0f,1f],start_interpolation:0}
execute if entity @s[tag=aj.dino.bone.leg_right_0] run data modify entity @s {} merge value {transformation:[-0.9610333741449382f,-0.26420992007294836f,-0.08128943298265595f,-0.1876812942873075f,-0.1561779294751639f,0.761590746634395f,-0.6289578594673222f,0.6558370372206564f,0.22808618573786144f,-0.591753878547417f,-0.7731778832194067f,-0.3071460473842044f,0f,0f,0f,1f],start_interpolation:0}
execute if entity @s[tag=aj.dino.bone.tail_4] run data modify entity @s {} merge value {transformation:[-1.4494918522321003f,1.4577657270970532f,1.8437878909500285f,0.11463244375334146f,2.1247914120982103f,1.7388305574985345f,0.29561982170184464f,0.6947847373983517f,-1.004935896953856f,1.5738642599698787f,-2.0343835591655313f,-2.0469620302903504f,0f,0f,0f,1f],start_interpolation:0}
execute if entity @s[tag=aj.dino.bone.tail_3] run data modify entity @s {} merge value {transformation:[-1.5900842940238755f,0.9259492544406056f,0.9747796890292304f,-0.059715309757140636f,1.0934545528728796f,1.7690819157933546f,0.10320776162154288f,0.6599726595917269f,-0.7822624909482798f,0.5906883099048472f,-1.837144044935397f,-1.7412306391650698f,0f,0f,0f,1f],start_interpolation:0}
execute if entity @s[tag=aj.dino.bone.tail_2] run data modify entity @s {} merge value {transformation:[-1.7644483514209048f,0.6168967445699922f,0.5700300840392316f,-0.16684057750347053f,0.5629659255913002f,1.8528099102089686f,-0.26256176084369287f,0.7096394812706779f,-0.6233500275077863f,-0.07285408823913561f,-1.8506487781412395f,-1.3976773422754474f,0f,0f,0f,1f],start_interpolation:0}
execute if entity @s[tag=aj.dino.bone.tail_1] run data modify entity @s {} merge value {transformation:[-1.4593753957740747f,0.29695943532991687f,0.26399772343298716f,-0.22588571823185566f,0.28290549033282847f,1.4822061611226125f,-0.10337131840946233f,0.7134951166049662f,-0.2790057127529916f,-0.05036109310475191f,-1.4856903521772262f,-1.0770911878155855f,0f,0f,0f,1f],start_interpolation:0}
execute if entity @s[tag=aj.dino.bone.tail_0] run data modify entity @s {} merge value {transformation:[-1.2218942929119143f,0.23697113162633945f,-0.2909548698837205f,-0.13514340729832547f,0.21903957868032028f,1.2551395330003676f,0.10238228486996548f,0.7138653861464133f,0.30468297705134173f,0.0480119991187522f,-1.2404430047445874f,-0.7134462961868284f,0f,0f,0f,1f],start_interpolation:0}
execute if entity @s[tag=aj.dino.bone.body_1] run data modify entity @s {} merge value {transformation:[-1.1523540797792426f,0.07004555590123607f,-0.44246840561883277f,-0.0369937662548824f,-0.008424537884105422f,1.2175561137968174f,0.21468752169998384f,0.5819424999999999f,0.4478992041004587f,0.20311406871688764f,-1.1343436750437221f,-0.4634084552889456f,0f,0f,0f,1f],start_interpolation:0}