execute if entity @s[tag=aj.dino.bone.head_lower] run data modify entity @s {} merge value {transformation:[-0.9792133953897617f,-0.08257680323315911f,-0.18526251066269753f,0.46495934801734656f,-0.17250843599746432f,0.8194733607390612f,0.5465384255006568f,0.2887279265386434f,0.10668629620978864f,0.5671370933088581f,-0.816684487176178f,0.03211658962900048f,0f,0f,0f,1f],start_interpolation:0}
execute if entity @s[tag=aj.dino.bone.head_upper] run data modify entity @s {} merge value {transformation:[-1.0192628152556216f,-0.06650592125942396f,-0.2003801847941226f,0.44933588477347947f,-0.17956395915124562f,0.7926902814749366f,0.6502852026708146f,0.35130078416696636f,0.11104972127214559f,0.6713352535627248f,-0.7876857744765725f,-0.007075263813902943f,0f,0f,0f,1f],start_interpolation:0}
execute if entity @s[tag=aj.dino.bone.neck_0] run data modify entity @s {} merge value {transformation:[-0.9621129877327931f,-0.03260468535166203f,-0.2706945387867982f,0.4326723862794685f,-0.13740954992593085f,0.9155038464918474f,0.3781154885055425f,0.36093449708282066f,0.23549355495433716f,0.40098583709621355f,-0.8852983361687842f,-0.07090516000441766f,0f,0f,0f,1f],start_interpolation:0}
execute if entity @s[tag=aj.dino.bone.neck_1] run data modify entity @s {} merge value {transformation:[-0.9020227620139796f,0.050673883661179156f,-0.42870397050104936f,0.3965889814862084f,-0.11624145379399697f,0.9278944620703301f,0.35425949765542025f,0.3952196199900917f,0.41574374466554437f,0.36938330332312797f,-0.8310915196279918f,-0.1396078170876069f,0f,0f,0f,1f],start_interpolation:0}
execute if entity @s[tag=aj.dino.bone.neck_2] run data modify entity @s {} merge value {transformation:[-0.8863399325719286f,0.1506082544941757f,-0.4378569145355668f,0.3597039807876908f,0.014889650354526746f,0.9544050655310031f,0.29814303480222637f,0.4306834080062423f,0.46279565927168f,0.257736541000649f,-0.8481698256789804f,-0.2113904532690437f,0f,0f,0f,1f],start_interpolation:0}
execute if entity @s[tag=aj.dino.bone.body_0] run data modify entity @s {} merge value {transformation:[-0.8187052619286624f,0.05226865595975953f,-0.5718301161135888f,0.0907005157101285f,0.0037321788028167498f,0.996311818003885f,0.08572532967085891f,0.4805765498663913f,0.5742018503381053f,0.06804960624393014f,-0.8158808038913172f,-0.5952637590285257f,0f,0f,0f,1f],start_interpolation:0}
execute if entity @s[tag=aj.dino.bone.leg_left_3] run data modify entity @s {} merge value {transformation:[0.0732368940138094f,0.1167687320258291f,-0.9904551582864766f,0.08458747317814262f,-0.12279400921534853f,0.9866214309816415f,0.10723704224081493f,0.08345226063077313f,0.9897262190404126f,0.11376825193707443f,0.0865955899289999f,-1.2443524926529985f,0f,0f,0f,1f],start_interpolation:0}
execute if entity @s[tag=aj.dino.bone.leg_left_2] run data modify entity @s {} merge value {transformation:[-0.6315022160658402f,-0.06359106200336881f,-0.8057439589831936f,0.04388369276351067f,-0.41973476449943287f,0.8996322961700474f,0.25796639056107173f,0.3004763921960033f,0.6907169304970253f,0.48854898221343757f,-0.5799070730760886f,-1.1473225970314394f,0f,0f,0f,1f],start_interpolation:0}
execute if entity @s[tag=aj.dino.bone.leg_left_1] run data modify entity @s {} merge value {transformation:[-0.7107571344464978f,0.7022890109595857f,-0.040180106007941585f,0.2509598452126124f,-0.14727176663852978f,-0.09270745962672342f,0.9847417700497552f,0.22599667109919502f,0.6878483281833062f,0.7058296338458492f,0.16931983168094852f,-0.9782497609755443f,0f,0f,0f,1f],start_interpolation:0}
execute if entity @s[tag=aj.dino.bone.leg_left_0] run data modify entity @s {} merge value {transformation:[-0.6940280276362839f,-0.24406489270929443f,-0.6773163404215862f,0.1295712768824489f,-0.16954130207078968f,0.9697328034647515f,-0.1757100929842523f,0.6013356649509735f,0.6997005386216525f,-0.007114635000750685f,-0.7144008246225472f,-0.8415283883319781f,0f,0f,0f,1f],start_interpolation:0}
execute if entity @s[tag=aj.dino.bone.leg_right_3] run data modify entity @s {} merge value {transformation:[-0.9795310775425753f,-0.05197556907509309f,-0.19446698523811637f,-0.2171931986897016f,-0.05137634173393415f,0.998646293221757f,-0.00812727165056698f,0.04188315797992334f,0.1946261535311212f,0.00203008713220032f,-0.9808753942820239f,-0.2842954179295363f,0f,0f,0f,1f],start_interpolation:0}
execute if entity @s[tag=aj.dino.bone.leg_right_2] run data modify entity @s {} merge value {transformation:[-1.0161946223918754f,0.13887442582675985f,0.011161665369283707f,-0.18290032394073608f,0.06654369935982211f,0.5559934827943133f,-0.8593633589270915f,0.1448230201099328f,-0.12240353343771453f,-0.8506746384148475f,-0.5598501889438147f,-0.4996984253182959f,0f,0f,0f,1f],start_interpolation:0}
execute if entity @s[tag=aj.dino.bone.leg_right_1] run data modify entity @s {} merge value {transformation:[-0.9292109184261386f,0.16609964127411575f,-0.3301181277153106f,-0.1387738306665881f,-0.10929307556410378f,0.7298198125928215f,0.6748466972436908f,0.30512427826753685f,0.35301854442988f,0.6631545448201261f,-0.6600029977000257f,-0.2775053901345139f,0f,0f,0f,1f],start_interpolation:0}
execute if entity @s[tag=aj.dino.bone.leg_right_0] run data modify entity @s {} merge value {transformation:[-0.904926099713392f,-0.3673920772324398f,-0.2147831828713347f,-0.16031835912694742f,-0.031109298915045686f,0.5604540945836095f,-0.8276010025280786f,0.596165917845846f,0.42443016572638015f,-0.7422359930987579f,-0.5185988478295898f,-0.5760650590274228f,0f,0f,0f,1f],start_interpolation:0}
execute if entity @s[tag=aj.dino.bone.tail_4] run data modify entity @s {} merge value {transformation:[0.8685322064484221f,-1.1012330403324393f,-2.378780975382561f,-1.3942035887499253f,-1.3926883220795385f,1.9291597381024512f,-1.40157885044965f,0.6218410177865008f,2.220750408196544f,1.6405151103737667f,0.051372451082560375f,-1.7483514712966186f,0f,0f,0f,1f],start_interpolation:0}
execute if entity @s[tag=aj.dino.bone.tail_3] run data modify entity @s {} merge value {transformation:[-0.04721102212487075f,-0.8931181097417837f,-1.88044055675409f,-1.0666104985059097f,-1.4706942665357046f,1.3455248082818234f,-0.6021352760979997f,0.7107738926569597f,1.4733550216473206f,1.314476533983726f,-0.6613032192853732f,-1.6490820680224114f,0f,0f,0f,1f],start_interpolation:0}
execute if entity @s[tag=aj.dino.bone.tail_2] run data modify entity @s {} merge value {transformation:[-0.7222820544800854f,-0.944948390595185f,-1.5505337945012272f,-0.7791285937344659f,-1.3579942092012842f,1.3888506087718202f,-0.2138213957785808f,0.7498491421061043f,1.2053772175358972f,0.9984690283771909f,-1.169999674281879f,-1.4304527852659374f,0f,0f,0f,1f],start_interpolation:0}
execute if entity @s[tag=aj.dino.bone.tail_1] run data modify entity @s {} merge value {transformation:[-1.0823655828775187f,-0.2344185560781952f,-1.0301402504360384f,-0.5535543187965163f,-0.5020118818105669f,1.4117799630154266f,0.20619810025597962f,0.6886996679366088f,0.9295832751955162f,0.4894706595847965f,-1.0880945077898343f,-1.2031783579894824f,0f,0f,0f,1f],start_interpolation:0}
execute if entity @s[tag=aj.dino.bone.tail_0] run data modify entity @s {} merge value {transformation:[-0.7928362750023819f,0.14574303113884524f,-0.9919704262218894f,-0.26016046575691854f,-0.11286947477711126f,1.2436262704362475f,0.27292837472200643f,0.6389545706286203f,0.9962463747928592f,0.25688204479744886f,-0.7585120251893144f,-0.9753244934333178f,0f,0f,0f,1f],start_interpolation:0}
execute if entity @s[tag=aj.dino.bone.body_1] run data modify entity @s {} merge value {transformation:[-0.9117356564014865f,0.09540032584079004f,-0.8296031977589479f,-0.07371523212094372f,-0.016259438713325546f,1.2260120116718682f,0.15885456539009696f,0.5194425f,0.8349121621794285f,0.12805436393196476f,-0.9028445914879822f,-0.7740511428984851f,0f,0f,0f,1f],start_interpolation:0}