execute if entity @s[tag=aj.dino.bone.head_lower] run data modify entity @s {} merge value {transformation:[-0.9815417150506698f,-0.1542465082185841f,-0.11306580525412387f,0.39716451444872525f,-0.1897666802668642f,0.712061930274567f,0.6759855135386788f,0.3067828956710893f,-0.02375854953238804f,0.6849641028229375f,-0.7281893360713857f,0.055972589305443014f,0f,0f,0f,1f],start_interpolation:0}
execute if entity @s[tag=aj.dino.bone.head_upper] run data modify entity @s {} merge value {transformation:[-1.0216863622205277f,-0.17676603358913415f,-0.091557027066503f,0.38656641898606664f,-0.19752805842032883f,0.8407148744360597f,0.5810792619102513f,0.3656576810383897f,-0.024730264308867076f,0.5877280083972792f,-0.8587410231007301f,0.009962845638307058f,0f,0f,0f,1f],start_interpolation:0}
execute if entity @s[tag=aj.dino.bone.neck_0] run data modify entity @s {} merge value {transformation:[-0.9865931886040298f,-0.11233412766886267f,-0.11838464410981961f,0.3810536323693407f,-0.13694671210529713f,0.9644153740145459f,0.22616052796173847f,0.3646716259346523f,0.08876642520503913f,0.239340824192738f,-0.9668694284292266f,-0.05647037747594301f,0f,0f,0f,1f],start_interpolation:0}
execute if entity @s[tag=aj.dino.bone.neck_1] run data modify entity @s {} merge value {transformation:[-0.9498083879466663f,0.0018652254644542753f,-0.31282670461474577f,0.3545616974985352f,-0.11588656210378372f,0.926740776002367f,0.35738192290363036f,0.3992159443547738f,0.29057586085206816f,0.37569675940643577f,-0.8800100079326271f,-0.12928798727070007f,0f,0f,0f,1f],start_interpolation:0}
execute if entity @s[tag=aj.dino.bone.neck_2] run data modify entity @s {} merge value {transformation:[-0.9352828107298818f,0.11748781737019602f,-0.33383031127026097f,0.3264659376658659f,0.013825810926577592f,0.9546966643763312f,0.29725935810488674f,0.43460517059960724f,0.35363103781403915f,0.2734060931989158f,-0.8945357440014745f,-0.20497921093208366f,0f,0f,0f,1f],start_interpolation:0}
execute if entity @s[tag=aj.dino.bone.body_0] run data modify entity @s {} merge value {transformation:[-0.8741852537489543f,0.039720714497899226f,-0.48396529520994863f,0.09875329835975975f,0.0036749344889720516f,0.9971615118393252f,0.07520248774351042f,0.47954703091595396f,0.48557866199450955f,0.06396236507578068f,-0.8718498602795864f,-0.6152694591645735f,0f,0f,0f,1f],start_interpolation:0}
execute if entity @s[tag=aj.dino.bone.leg_left_3] run data modify entity @s {} merge value {transformation:[-0.007116309441798918f,0.1071766551792754f,-0.9942145255046874f,0.14520047204869702f,-0.12279400921534853f,0.9866214309816415f,0.10723704224081493f,0.08242274168033578f,0.9924066653548578f,0.12284671958306506f,0.006139547778978516f,-1.2627230972449612f,0f,0f,0f,1f],start_interpolation:0}
execute if entity @s[tag=aj.dino.bone.leg_left_2] run data modify entity @s {} merge value {transformation:[-0.6853397417574754f,-0.10292774352737502f,-0.7561597169122762f,0.09677622109118258f,-0.41973476449943287f,0.8996322961700474f,0.25796639056107173f,0.29944687324556596f,0.6373337942860839f,0.4817985168105697f,-0.6432247067399792f,-1.1693063412341849f,0f,0f,0f,1f],start_interpolation:0}
execute if entity @s[tag=aj.dino.bone.leg_left_1] run data modify entity @s {} merge value {transformation:[-0.7641023963641161f,0.6428515072747599f,-0.05375376698598819f,0.2894873615200323f,-0.14727176663852978f,-0.09270745962672342f,0.9847417700497552f,0.22496715214875768f,0.6280593559702627f,0.7603599585223618f,0.16551186922420474f,-0.9840266252377505f,0f,0f,0f,1f],start_interpolation:0}
execute if entity @s[tag=aj.dino.bone.leg_left_0] run data modify entity @s {} merge value {transformation:[-0.7483875553990643f,-0.24268813033809655f,-0.6172669911122831f,0.15743027443404556f,-0.16954130207078968f,0.9697328034647515f,-0.1757100929842523f,0.6003061460005361f,0.6412268037254475f,-0.026846997548931745f,-0.7668816237899132f,-0.8575796244463051f,0f,0f,0f,1f],start_interpolation:0}
execute if entity @s[tag=aj.dino.bone.leg_right_3] run data modify entity @s {} merge value {transformation:[-0.9908251221182403f,-0.05264217422364438f,-0.12447641894102393f,-0.23137630118476454f,-0.051810329548260675f,0.9986077441327696f,-0.009912775098879556f,0.04325881958027737f,0.1248249459502164f,-0.0033726623115561405f,-0.9921730484232365f,-0.32320053110710856f,0f,0f,0f,1f],start_interpolation:0}
execute if entity @s[tag=aj.dino.bone.leg_right_2] run data modify entity @s {} merge value {transformation:[-1.0029680201239726f,0.20563296840679665f,0.06190664272517143f,-0.17997437945916464f,0.05688468163770278f,0.5395168620790295f,-0.8704871555790289f,0.14202921499336774f,-0.20707844674004558f,-0.8477610732613883f,-0.538963708480565f,-0.5371475420674692f,0f,0f,0f,1f],start_interpolation:0}
execute if entity @s[tag=aj.dino.bone.leg_right_1] run data modify entity @s {} merge value {transformation:[-0.9548609385293683f,0.10640694491645505f,-0.2773412160937501f,-0.15537445204923928f,-0.10936337953331704f,0.7421391140578606f,0.6612633262191888f,0.3063962532948635f,0.27618877473182235f,0.6617454929645994f,-0.6970026278667638f,-0.3149050934866755f,0f,0f,0f,1f],start_interpolation:0}
execute if entity @s[tag=aj.dino.bone.leg_right_0] run data modify entity @s {} merge value {transformation:[-0.9366157513217507f,-0.30650438244756073f,-0.16972329809555198f,-0.15299591488520897f,-0.030472477844505637f,0.5538578422642277f,-0.8320534349766424f,0.5951363988954087f,0.34903060391605817f,-0.7741424636995784f,-0.5280919270611306f,-0.6164523525423471f,0f,0f,0f,1f],start_interpolation:0}
execute if entity @s[tag=aj.dino.bone.tail_4] run data modify entity @s {} merge value {transformation:[-1.9641658105558555f,-0.36224267245891134f,1.9069594244485857f,0.013434378562101779f,-0.03238194156858181f,2.71868413801282f,0.4830831182909768f,0.90661951995894f,-1.9407898933433536f,0.321244666208345f,-1.9379880768283855f,-2.302836714324248f,0f,0f,0f,1f],start_interpolation:0}
execute if entity @s[tag=aj.dino.bone.tail_3] run data modify entity @s {} merge value {transformation:[-1.8302071874331107f,-0.2412113596183326f,0.9633816777911542f,-0.14755911054172832f,-0.11019588740633635f,2.0567915613966097f,0.3056319116369704f,0.8346683219648621f,-0.9869873573209307f,0.21764898116741638f,-1.8205577177145127f,-1.9962672686709706f,0f,0f,0f,1f],start_interpolation:0}
execute if entity @s[tag=aj.dino.bone.tail_2] run data modify entity @s {} merge value {transformation:[-1.7291032797420258f,0.10320472537846756f,0.9046129048646716f,-0.31697869266901285f,0.24185756895872584f,1.9238828957282077f,0.2428032019241019f,0.7901683709043579f,-0.8777702656877368f,0.3267985054843062f,-1.7150789989066046f,-1.6780091289218517f,0f,0f,0f,1f],start_interpolation:0}
execute if entity @s[tag=aj.dino.bone.tail_1] run data modify entity @s {} merge value {transformation:[-1.467706525949218f,0.32470262499484465f,0.1675171901851692f,-0.3555934715838315f,0.35248405464688387f,1.4408864494010114f,0.295393773042424f,0.7086528249751108f,-0.09617065511770971f,0.32568496319910717f,-1.473884920826666f,-1.3647348216126747f,0f,0f,0f,1f],start_interpolation:0}
execute if entity @s[tag=aj.dino.bone.tail_0] run data modify entity @s {} merge value {transformation:[-1.181624320047846f,0.1935607123333898f,-0.4473633126402782f,-0.22019254915281944f,0.07127902802026877f,1.229121356581924f,0.3435341431979132f,0.6379250516781829f,0.4822022221226054f,0.29262716555239593f,-1.1470335982632853f,-1.0224833298846316f,0f,0f,0f,1f],start_interpolation:0}
execute if entity @s[tag=aj.dino.bone.body_1] run data modify entity @s {} merge value {transformation:[-0.9763254367397556f,0.08472198498891391f,-0.7538006512936385f,-0.05065108371032974f,-0.016259438713325546f,1.2260120116718682f,0.15885456539009696f,0.5184129810495627f,0.758372512215404f,0.1353562985312735f,-0.9670338154481775f,-0.8067787210402585f,0f,0f,0f,1f],start_interpolation:0}