execute if entity @s[tag=aj.dino.bone.head_lower] run data modify entity @s {} merge value {transformation:[-0.9836983959973129f,-0.10873889881745458f,-0.14322471014556573f,0.43717834203838585f,-0.15655088792895228f,0.90973900045504f,0.3845344855012627f,0.2795094307761523f,0.08848324813754617f,0.40068791213989907f,-0.9119319666861105f,0.09254118670163575f,0f,0f,0f,1f],start_interpolation:0}
execute if entity @s[tag=aj.dino.bone.head_upper] run data modify entity @s {} merge value {transformation:[-1.0239312505192715f,-0.06240180631831952f,-0.17647308962490366f,0.4232936785519968f,-0.1629537540157098f,0.7800462557189768f,0.6696610004879323f,0.34313924288658026f,0.09210217611835175f,0.686371470918279f,-0.7770993087419708f,0.05441088874242443f,0f,0f,0f,1f],start_interpolation:0}
execute if entity @s[tag=aj.dino.bone.neck_0] run data modify entity @s {} merge value {transformation:[-0.9694599261831637f,-0.02849805166661123f,-0.24358840813171348f,0.40831862890497883f,-0.12356547830726688f,0.9147059639086592f,0.3847656067797982f,0.35321144268373295f,0.21184669951554927f,0.4031139549074643f,-0.8902921516351984f,-0.009768819371686457f,0f,0f,0f,1f],start_interpolation:0}
execute if entity @s[tag=aj.dino.bone.neck_1] run data modify entity @s {} merge value {transformation:[-0.9164565689178136f,0.054318239598266316f,-0.3964301781327126f,0.3749860270110994f,-0.10642416840566413f,0.9219682914777312f,0.3723551609536193f,0.3890022046507935f,0.3857217308715594f,0.38343708526507747f,-0.839163123580195f,-0.07909050323274536f,0f,0f,0f,1f],start_interpolation:0}
execute if entity @s[tag=aj.dino.bone.neck_2] run data modify entity @s {} merge value {transformation:[-0.9008376392022417f,0.15521740644104404f,-0.40546159440105745f,0.34098422579954557f,0.017870916744929265f,0.9463727102964028f,0.32258227406498396f,0.42652841154268734f,0.4337881719586504f,0.28334828382038313f,-0.8553020354967101f,-0.15124721951624448f,0f,0f,0f,1f],start_interpolation:0}
execute if entity @s[tag=aj.dino.bone.body_0] run data modify entity @s {} merge value {transformation:[-0.840122234805405f,0.06378018318501058f,-0.538634123332767f,0.08773556932084127f,0.003974222187567241f,0.993759481171548f,0.11147331133351823f,0.4885321664067674f,0.5423825551615536f,0.09151055575474412f,-0.8351329128000415f,-0.5439704771387224f,0f,0f,0f,1f],start_interpolation:0}
execute if entity @s[tag=aj.dino.bone.leg_left_3] run data modify entity @s {} merge value {transformation:[-0.038801547297545536f,0.1670452631880278f,-0.985185424158193f,0.12790198830903798f,-0.1117608808592992f,0.979016352899691f,0.17040095734631283f,0.08010526727413056f,0.9929773136566964f,0.11671701161968161f,-0.019318223564840087f,-1.155841593273714f,0f,0f,0f,1f],start_interpolation:0}
execute if entity @s[tag=aj.dino.bone.leg_left_2] run data modify entity @s {} merge value {transformation:[-0.6733493482290719f,-0.08241519027435262f,-0.7693312623000709f,0.08387072561849879f,-0.39593676151498064f,0.9129203301542076f,0.24874233892294043f,0.2999786754614132f,0.6647532892894986f,0.46026775544661813f,-0.6311250725296993f,-1.0670271555735245f,0f,0f,0f,1f],start_interpolation:0}
execute if entity @s[tag=aj.dino.bone.leg_left_1] run data modify entity @s {} merge value {transformation:[-0.7494512329517387f,0.6610519259166933f,-0.036513020539929775f,0.2803201794142448f,-0.11434058164167822f,-0.07491456653082512f,0.9906129613079674f,0.22936549629227998f,0.652111248804191f,0.7465910252362593f,0.13172987595723823f,-0.8841753667095745f,0f,0f,0f,1f],start_interpolation:0}
execute if entity @s[tag=aj.dino.bone.leg_left_0] run data modify entity @s {} merge value {transformation:[-0.7329568162341787f,-0.27489580813549797f,-0.6222592708874556f,0.1378179328915266f,-0.13743475970675526f,0.9556928380904819f,-0.2603130539310433f,0.6098123615087873f,0.6662476959511402f,-0.10527817386377528f,-0.7382618192401025f,-0.7879435058350999f,0f,0f,0f,1f],start_interpolation:0}
execute if entity @s[tag=aj.dino.bone.leg_right_3] run data modify entity @s {} merge value {transformation:[-0.985524179786757f,-0.04985189789265914f,-0.16203974614933167f,-0.22822145467302402f,-0.050080176270027234f,0.9987416103961899f,-0.0026779858080374086f,0.04042856434598674f,0.16196933969243374f,0.005475759282962511f,-0.9867805982384696f,-0.26002265543852277f,0f,0f,0f,1f],start_interpolation:0}
execute if entity @s[tag=aj.dino.bone.leg_right_2] run data modify entity @s {} merge value {transformation:[-1.0137066296220398f,0.15515421355273196f,0.01970377065061662f,-0.18987365554585497f,0.0728412189884564f,0.5827082254329677f,-0.8409562891909017f,0.150154685264372f,-0.1384024037988306f,-0.8297231426989902f,-0.5869126686255041f,-0.471353431134638f,0f,0f,0f,1f],start_interpolation:0}
execute if entity @s[tag=aj.dino.bone.leg_right_1] run data modify entity @s {} merge value {transformation:[-0.9375243819839599f,0.15091464899787804f,-0.3134849309032915f,-0.15092018034924234f,-0.11542402010548078f,0.71508531300136f,0.6894420140319536f,0.3055568578736948f,0.3282153694882124f,0.6825523890864309f,-0.6529907406572636f,-0.2447564823948662f,0f,0f,0f,1f],start_interpolation:0}
execute if entity @s[tag=aj.dino.bone.leg_right_0] run data modify entity @s {} merge value {transformation:[-0.9167521147325286f,-0.34528403451662226f,-0.2008593927138108f,-0.16354277898288488f,-0.04107916456333746f,0.5816568956785496f,-0.8123963059667192f,0.604844901282886f,0.39733872498438294f,-0.7365148954485012f,-0.5474191688370698f,-0.5355736339531694f,0f,0f,0f,1f],start_interpolation:0}
execute if entity @s[tag=aj.dino.bone.tail_4] run data modify entity @s {} merge value {transformation:[-0.13222235934604398f,-0.7455372479172765f,-2.655626628736973f,-1.2480536482407092f,-1.2000188082613479f,2.4094259252133194f,-0.6166708216941644f,0.7218580671398047f,2.483572716694234f,1.1245008912748247f,-0.4393468311188151f,-1.8948283775019095f,0f,0f,0f,1f],start_interpolation:0}
execute if entity @s[tag=aj.dino.bone.tail_3] run data modify entity @s {} merge value {transformation:[-0.7146141348041364f,-0.7430836206453033f,-1.80917077610469f,-0.9340134843447416f,-1.1998714720105113f,1.6876586528095674f,-0.2192310386253995f,0.7425164849612871f,1.54453249076797f,0.967254118817857f,-1.0073650682033923f,-1.7334818291407113f,0f,0f,0f,1f],start_interpolation:0}
execute if entity @s[tag=aj.dino.bone.tail_2] run data modify entity @s {} merge value {transformation:[-1.165339755013603f,-0.8325366242735914f,-1.329526193661014f,-0.6879172779552576f,-1.0728807103707476f,1.6312944376138436f,-0.08111297138726745f,0.7571900441292475f,1.144414309462256f,0.6815681198941486f,-1.4298792470851371f,-1.4666619876161548f,0f,0f,0f,1f],start_interpolation:0}
execute if entity @s[tag=aj.dino.bone.tail_1] run data modify entity @s {} merge value {transformation:[-1.2619355032797028f,-0.16605155597983956f,-0.8170691013120482f,-0.5088576969616474f,-0.3257218534050433f,1.462599639611196f,0.20582472743473862f,0.6953312750389012f,0.7675156739615079f,0.3476858135815656f,-1.2560615093448f,-1.2013549275143776f,0f,0f,0f,1f],start_interpolation:0}
execute if entity @s[tag=aj.dino.bone.tail_0] run data modify entity @s {} merge value {transformation:[-0.904991071468517f,0.16383175252201407f,-0.8876857743660529f,-0.245501729925936f,-0.03046526863046511f,1.2507274156153931f,0.2618940927538094f,0.6489820146653463f,0.9021633691042699f,0.20658123166839928f,-0.8816241641157686f,-0.9387386827954133f,0f,0f,0f,1f],start_interpolation:0}
execute if entity @s[tag=aj.dino.bone.body_1] run data modify entity @s {} merge value {transformation:[-0.9478134859761934f,0.09328011916118947f,-0.7883863331052744f,-0.06849602899972672f,-0.01562322362419173f,1.2253738967589525f,0.1637660620568832f,0.5283710714285714f,0.7937317593126124f,0.13550729709984152f,-0.9382069397246273f,-0.7297460895817109f,0f,0f,0f,1f],start_interpolation:0}