execute if entity @s[tag=aj.dino.bone.head_lower] run data modify entity @s {} merge value {transformation:[-0.971842909484178f,-0.22853208831285848f,-0.05739724642081284f,0.37025584488724694f,-0.19048058950040514f,0.618573762026247f,0.7622884270118979f,0.30363872885709275f,-0.13870293547328333f,0.7517576641072972f,-0.6446874515197535f,0.025938240909538494f,0f,0f,0f,1f],start_interpolation:0}
execute if entity @s[tag=aj.dino.bone.head_upper] run data modify entity @s {} merge value {transformation:[-1.0115908795475352f,-0.24517106848674497f,0.006854354588040928f,0.3649090877583068f,-0.19827116624405944f,0.8345635615408947f,0.5896305190268771f,0.36296465857453153f,-0.14437582774125085f,0.5717226176291718f,-0.8577650094511805f,-0.020400757171586542f,0f,0f,0f,1f],start_interpolation:0}
execute if entity @s[tag=aj.dino.bone.neck_0] run data modify entity @s {} merge value {transformation:[-0.9900624751043618f,-0.13342184427893755f,-0.04443992416095613f,0.36452111957307487f,-0.1404975759856582f,0.9520731103612573f,0.2716932528959734f,0.3651243202926296f,0.00606024194061533f,0.27523699605294377f,-0.9613573058293015f,-0.08703349384244163f,0f,0f,0f,1f],start_interpolation:0}
execute if entity @s[tag=aj.dino.bone.neck_1] run data modify entity @s {} merge value {transformation:[-0.9651525245755919f,-0.023170324627512003f,-0.26066020095522274f,0.3423330365977616f,-0.11968424870658502f,0.9248754963419441f,0.36094458976106397f,0.3999618502453426f,0.23271502941774458f,0.37956350235882563f,-0.8954190431078626f,-0.161138637558689f,0f,0f,0f,1f],start_interpolation:0}
execute if entity @s[tag=aj.dino.bone.neck_2] run data modify entity @s {} merge value {transformation:[-0.9483241850653672f,0.10299381712958568f,-0.3001224977458117f,0.31704842871732974f,0.011518774388437958f,0.9564053575447051f,0.29181519819291957f,0.43489085642473996f,0.31709392592210844f,0.2732783666755606f,-0.9081686938286535f,-0.23802546039454991f,0f,0f,0f,1f],start_interpolation:0}
execute if entity @s[tag=aj.dino.bone.body_0] run data modify entity @s {} merge value {transformation:[-0.8813912562497478f,0.029967558434607605f,-0.47143546626018706f,0.09514813980543976f,0.0038309334430407793f,0.9984063759681383f,0.056303040549541036f,0.470937337038403f,0.47237144002939746f,0.04781896974670881f,-0.880101453684129f,-0.6523584396748789f,0f,0f,0f,1f],start_interpolation:0}
execute if entity @s[tag=aj.dino.bone.leg_left_3] run data modify entity @s {} merge value {transformation:[0.01144181444785608f,0.10945501091166726f,-0.9939258953606488f,0.12948054361425682f,-0.12279400921534853f,0.9866214309816415f,0.10723704224081493f,0.07381304780278483f,0.992366220799036f,0.12082115921503297f,0.024729158962123743f,-1.3005673870490482f,0f,0f,0f,1f],start_interpolation:0}
execute if entity @s[tag=aj.dino.bone.leg_left_2] run data modify entity @s {} merge value {transformation:[-0.6733024980913124f,-0.09390066162219592f,-0.7680550835139406f,0.08281154655163445f,-0.41973476449943287f,0.8996322961700474f,0.25796639056107173f,0.290837179368015f,0.6500374397181273f,0.48363891172590306f,-0.6289729163723825f,-1.2062614853379559f,0f,0f,0f,1f],start_interpolation:0}
execute if entity @s[tag=aj.dino.bone.leg_left_1] run data modify entity @s {} merge value {transformation:[-0.7522248033906012f,0.6569569810078045f,-0.050649484391079524f,0.2789535142023608f,-0.14727176663852978f,-0.09270745962672342f,0.9847417700497552f,0.21635745827120673f,0.6422373952948688f,0.7482064234117947f,0.1664880657890888f,-1.0246176433525789f,0f,0f,0f,1f],start_interpolation:0}
execute if entity @s[tag=aj.dino.bone.leg_left_0] run data modify entity @s {} merge value {transformation:[-0.7362664936471899f,-0.24314770738813923f,-0.6314988857665265f,0.14928393143533294f,-0.16954130207078968f,0.9697328034647515f,-0.1757100929842523f,0.5916964521229852f,0.6551086911533182f,-0.022304310710827335f,-0.7552053498877648f,-0.8957234326066628f,0f,0f,0f,1f],start_interpolation:0}
execute if entity @s[tag=aj.dino.bone.leg_right_3] run data modify entity @s {} merge value {transformation:[-0.9872259170434142f,-0.051756067626799185f,-0.1506860915333588f,-0.2307368397932585f,-0.050228212108571174f,0.9986406112964183f,-0.013930404800004126f,0.04372473363080252f,0.15120223353563927f,-0.006183763686121391f,-0.9884835080265668f,-0.3384142451624984f,0f,0f,0f,1f],start_interpolation:0}
execute if entity @s[tag=aj.dino.bone.leg_right_2] run data modify entity @s {} merge value {transformation:[-1.0037493529876638f,0.2004391985387181f,0.06613292347005989f,-0.18041375513496918f,0.041458757311911065f,0.5023509236541834f,-0.8933011364856953f,0.1331506800067223f,-0.20695556846746715f,-0.8715101127890827f,-0.499701626460593f,-0.5566839391909214f,0f,0f,0f,1f],start_interpolation:0}
execute if entity @s[tag=aj.dino.bone.leg_right_1] run data modify entity @s {} merge value {transformation:[-0.9530144256971497f,0.10487053701633384f,-0.28419302398024776f,-0.15583105308561546f,-0.10525121547603213f,0.7650812227831559f,0.6352738812397756f,0.30521065132657593f,0.28405225937131684f,0.635336834293854f,-0.7180956906537692f,-0.34034059473787504f,0f,0f,0f,1f],start_interpolation:0}
execute if entity @s[tag=aj.dino.bone.leg_right_0] run data modify entity @s {} merge value {transformation:[-0.9334534303674146f,-0.3142138036824571f,-0.17301554528627938f,-0.15657917660214146f,-0.023288322799115226f,0.5344127804234143f,-0.8449027364977104f,0.5865267050178578f,0.3579418211895762f,-0.7846481158427119f,-0.5061669556065188f,-0.6488337013241016f,0f,0f,0f,1f],start_interpolation:0}
execute if entity @s[tag=aj.dino.bone.tail_4] run data modify entity @s {} merge value {transformation:[-2.3442166841464425f,-1.2507613172439935f,-0.7522669716633366f,-0.7367461282991663f,-1.4349466280170216f,2.2352607899539927f,0.7551150291424665f,1.0314633746437112f,0.2669038105985679f,1.031923766457736f,-2.5474608981704985f,-2.2911537864927083f,0f,0f,0f,1f],start_interpolation:0}
execute if entity @s[tag=aj.dino.bone.tail_3] run data modify entity @s {} merge value {transformation:[-1.759247952021228f,-0.9179481500481123f,-0.6311603308009841f,-0.6207418168784781f,-1.0767450368241276f,1.703709495879987f,0.5233924009454197f,0.9260432300148717f,0.2856786569349674f,0.7685640334520294f,-1.9140644078766589f,-1.9741201979362084f,0f,0f,0f,1f],start_interpolation:0}
execute if entity @s[tag=aj.dino.bone.tail_2] run data modify entity @s {} merge value {transformation:[-1.8566055810996493f,-0.5059619789701603f,-0.3402823343475381f,-0.5589773269710149f,-0.5877047199334425f,1.7754749303448445f,0.5666266927066697f,0.8206964695025691f,0.16245846669338113f,0.6406755204909456f,-1.8389986403056604f,-1.6319817876324614f,0f,0f,0f,1f],start_interpolation:0}
execute if entity @s[tag=aj.dino.bone.tail_1] run data modify entity @s {} merge value {transformation:[-1.4320765464699798f,0.05610869306657874f,-0.4833889010030918f,-0.4542751337739859f,-0.09011191703543388f,1.4458542982865894f,0.43478896091597474f,0.7095467513127146f,0.47821842024206435f,0.44046953661808935f,-1.365631714574845f,-1.3439542405386529f,0f,0f,0f,1f],start_interpolation:0}
execute if entity @s[tag=aj.dino.bone.tail_0] run data modify entity @s {} merge value {transformation:[-1.0237129794969246f,0.15097143275463498f,-0.7503699612095153f,-0.2313563812836822f,-0.09533049392233835f,1.2181984072112966f,0.3751539073239283f,0.629315357800632f,0.7594468705064759f,0.35642107645859034f,-0.9643859101615119f,-1.0535371876921347f,0f,0f,0f,1f],start_interpolation:0}
execute if entity @s[tag=aj.dino.bone.body_1] run data modify entity @s {} merge value {transformation:[-0.9619740305807499f,0.08723818162120577f,-0.7717512936250267f,-0.057811126646951094f,-0.016259438713325546f,1.2260120116718682f,0.15885456539009696f,0.5098032871720117f,0.7764960979922592f,0.13374842787851568f,-0.9527695224444742f,-0.8410405256614969f,0f,0f,0f,1f],start_interpolation:0}