execute if entity @s[tag=aj.dino.bone.head_lower] run data modify entity @s {} merge value {transformation:[-0.9826879236529318f,-0.15930178816923288f,-0.0945906178898017f,0.17217314163691388f,-0.1848745685216768f,0.8098800518639113f,0.5567007234653396f,0.2828253904486088f,-0.01207636620070216f,0.5645504777068155f,-0.8253101959265943f,0.40528774536621137f,0f,0f,0f,1f],start_interpolation:0}
execute if entity @s[tag=aj.dino.bone.head_upper] run data modify entity @s {} merge value {transformation:[-1.0228794502770353f,-0.16331702792774888f,-0.10255301640275663f,0.16111863513707292f,-0.1924358613431432f,0.8283306883306855f,0.6002571554111147f,0.3427457464073931f,-0.012570284546491629f,0.6088249023668195f,-0.8441837292840704f,0.3607590431662322f,0f,0f,0f,1f],start_interpolation:0}
execute if entity @s[tag=aj.dino.bone.neck_0] run data modify entity @s {} merge value {transformation:[-0.9890500489864252f,-0.1474203066719821f,-0.0068741385415575645f,0.16338663523740607f,-0.14647862474555262f,0.9749189070088617f,0.167562338397679f,0.33780321045948797f,-0.018000363679697456f,0.16673445336038217f,-0.9858375165157864f,0.2943123444653528f,0f,0f,0f,1f],start_interpolation:0}
execute if entity @s[tag=aj.dino.bone.neck_1] run data modify entity @s {} merge value {transformation:[-0.988058626923837f,-0.08983085062713439f,-0.12518213944883436f,0.15236822551052667f,-0.12689407368539163f,0.9352632207465087f,0.3304248809977752f,0.3701031754566392f,0.08739590279245563f,0.34236402584744946f,-0.9354938962818619f,0.21664096136446642f,0f,0f,0f,1f],start_interpolation:0}
execute if entity @s[tag=aj.dino.bone.neck_2] run data modify entity @s {} merge value {transformation:[-0.9986302150178521f,0.02792256703822042f,-0.04424956387801633f,0.14876501122599192f,0.013655262086298758f,0.9554753730107248f,0.2947547207210952f,0.40528060072609573f,0.05050967700107631f,0.29374673073927554f,-0.9545478671649918f,0.1358913731774536f,0f,0f,0f,1f],start_interpolation:0}
execute if entity @s[tag=aj.dino.bone.body_0] run data modify entity @s {} merge value {transformation:[-0.9952578175888269f,0.01610134086653247f,-0.09593030465199795f,0.10370680378057753f,0.0029563703785574266f,0.9907563915635158f,0.13562091450151142f,0.4786364222273606f,0.09722724105162198f,0.134694169875096f,-0.986105645556879f,-0.32757338934155994f,0f,0f,0f,1f],start_interpolation:0}
execute if entity @s[tag=aj.dino.bone.leg_left_3] run data modify entity @s {} merge value {transformation:[-0.557905353583044f,0.02553048427953703f,-0.829511790643045f,0.480198292839902f,-0.31216152536364616f,0.9196680180878855f,0.23825599381535487f,0.14453707473482327f,0.768958255385831f,0.39186596034709753f,-0.5051180758943665f,-0.9156048519576949f,0f,0f,0f,1f],start_interpolation:0}
execute if entity @s[tag=aj.dino.bone.leg_left_2] run data modify entity @s {} merge value {transformation:[-0.9258006546664757f,-0.348835861802224f,-0.2706822654710114f,0.3890835984835547f,-0.43717401871623873f,0.8123816528047001f,0.44830472565710466f,0.34707846023857264f,0.061921116586452794f,0.5200113375761127f,-0.8819388774817016f,-0.8215507627505444f,0f,0f,0f,1f],start_interpolation:0}
execute if entity @s[tag=aj.dino.bone.leg_left_1] run data modify entity @s {} merge value {transformation:[-0.9892126569316196f,0.12102369023228282f,-0.08253233165763729f,0.4460399468249274f,-0.11421999401802924f,-0.28448376381791324f,0.9518522895336834f,0.2215851983044494f,0.09171756828878078f,0.9510111747642899f,0.2952382650345965f,-0.5806756887961906f,0f,0f,0f,1f],start_interpolation:0}
execute if entity @s[tag=aj.dino.bone.leg_left_0] run data modify entity @s {} merge value {transformation:[-0.984340032961513f,-0.14356872114226926f,-0.10228744702504225f,0.28354228586029717f,-0.13895363893591767f,0.988988069087131f,-0.050936091622491186f,0.5978836513356476f,0.10847389425937531f,-0.035925221125019086f,-0.9934499447638642f,-0.5012951937624336f,0f,0f,0f,1f],start_interpolation:0}
execute if entity @s[tag=aj.dino.bone.leg_right_3] run data modify entity @s {} merge value {transformation:[-0.8693050402860956f,-0.03353660761807778f,0.49313694130805247f,-0.32083882336093483f,-0.045387205230690154f,0.9988964621775533f,-0.012077228594163325f,0.030877204350860443f,-0.4921877167651965f,-0.03288090325157689f,-0.8698678621875995f,-0.3001666889678267f,0f,0f,0f,1f],start_interpolation:0}
execute if entity @s[tag=aj.dino.bone.leg_right_2] run data modify entity @s {} merge value {transformation:[-0.7379300328173649f,0.606678311965217f,0.37344730814117866f,-0.16673698652825253f,0.11175084298469466f,0.6295980846654681f,-0.8019851621934654f,0.15267730221066625f,-0.7035859686343009f,-0.5362927158532961f,-0.5190559769083909f,-0.44012536898500454f,0f,0f,0f,1f],start_interpolation:0}
execute if entity @s[tag=aj.dino.bone.leg_right_1] run data modify entity @s {} merge value {transformation:[-0.9527795824346457f,-0.28172471975023616f,0.1133236496822853f,-0.26825825127378666f,-0.10978008537185448f,0.6675123588129463f,0.7364615289936906f,0.2927740535591054f,-0.2831243545712921f,0.689244828137018f,-0.6669199102853073f,-0.22314675546319582f,0f,0f,0f,1f],start_interpolation:0}
execute if entity @s[tag=aj.dino.bone.leg_right_0] run data modify entity @s {} merge value {transformation:[-0.9772741932394459f,0.15009944200312786f,0.14968402967097066f,-0.10787638003660868f,-0.03400012571554767f,0.585992596504363f,-0.8096027842673231f,0.5927139042305203f,-0.209234659364832f,-0.7962931836656804f,-0.5675720420951497f,-0.4652645365576948f,0f,0f,0f,1f],start_interpolation:0}
execute if entity @s[tag=aj.dino.bone.tail_4] run data modify entity @s {} merge value {transformation:[1.6790555068257818f,0.49815600005409066f,2.135011600953992f,1.196421960142974f,-0.03675951519250624f,2.6952462413587384f,-0.5999648057048054f,0.5322639595135237f,-2.192049879596912f,0.33637721333601356f,1.6454267006790269f,-1.2743203549747328f,0f,0f,0f,1f],start_interpolation:0}
execute if entity @s[tag=aj.dino.bone.tail_3] run data modify entity @s {} merge value {transformation:[0.3428400792202057f,0.43326744737187783f,2.007656724933968f,0.851757708681596f,0.20598114451176325f,2.0179195707525373f,-0.4706568815219479f,0.5923230467096078f,-2.0435209747468597f,0.27608957073058366f,0.2893822744189672f,-1.3260906480442793f,0f,0f,0f,1f],start_interpolation:0}
execute if entity @s[tag=aj.dino.bone.tail_2] run data modify entity @s {} merge value {transformation:[0.16883814186742288f,0.4162246705264055f,1.9018476754195426f,0.49843226809465996f,0.5275758997874886f,1.8277753838375912f,-0.4468497411922099f,0.6762164754101542f,-1.874014734951931f,0.5520580086234677f,0.04554781334502943f,-1.3358122540872395f,0f,0f,0f,1f],start_interpolation:0}
execute if entity @s[tag=aj.dino.bone.tail_1] run data modify entity @s {} merge value {transformation:[-0.6597031682371517f,0.32824433651653945f,1.3208723009294585f,0.2108130998909451f,0.6080368918950144f,1.3843124633928447f,-0.04032854807559009f,0.6673920378581094f,-1.2176777561869623f,0.5134110529001606f,-0.73574874981031f,-1.182599916520967f,0f,0f,0f,1f],start_interpolation:0}
execute if entity @s[tag=aj.dino.bone.tail_0] run data modify entity @s {} merge value {transformation:[-1.1522035378789626f,0.09971360133291572f,0.5443527547394709f,0.05414683984528941f,0.21296700186244896f,1.2403619201865037f,0.22356895950242553f,0.6319921343103718f,-0.5107913272569824f,0.2922246075273229f,-1.1346949878000612f,-0.8439637679885058f,0f,0f,0f,1f],start_interpolation:0}
execute if entity @s[tag=aj.dino.bone.body_1] run data modify entity @s {} merge value {transformation:[-1.231055925944666f,-0.0026041295773207825f,-0.11445139038873908f,0.08093059150928777f,-0.016259438713325542f,1.2274946518914724f,0.1469595362227662f,0.515145625f,0.1133204875805724f,0.14783332893237386f,-1.2222554434354238f,-0.5697641222633267f,0f,0f,0f,1f],start_interpolation:0}