execute if entity @s[tag=aj.dino.bone.head_lower] run data modify entity @s {} merge value {transformation:[-0.9825282927714057f,-0.09472721469470977f,-0.16020271127508875f,0.4335147926556032f,-0.18525176874271218f,0.5804954527592187f,0.7929103426640154f,0.28463348833339075f,0.01788675715169709f,0.8087346809195537f,-0.5879015902313448f,-0.019357145145559834f,0f,0f,0f,1f],start_interpolation:0}
execute if entity @s[tag=aj.dino.bone.head_upper] run data modify entity @s {} merge value {transformation:[-1.0227132905589678f,-0.1395704903936709f,-0.13434859920678827f,0.42080165624755134f,-0.19282848889605214f,0.8027852229041985f,0.6338966811241628f,0.3462991260142201f,0.01861831806638602f,0.6477097395295472f,-0.8146148747318899f,-0.0609646178383805f,0f,0f,0f,1f],start_interpolation:0}
execute if entity @s[tag=aj.dino.bone.neck_0] run data modify entity @s {} merge value {transformation:[-0.9763670136802914f,-0.07687915449171476f,-0.20198279679633355f,0.409304451306067f,-0.14785001069454035f,0.9192729135708397f,0.3647981424193432f,0.35501390891030987f,0.15763194135280537f,0.386040031576543f,-0.9089143331941287f,-0.12605381119568382f,0f,0f,0f,1f],start_interpolation:0}
execute if entity @s[tag=aj.dino.bone.neck_1] run data modify entity @s {} merge value {transformation:[-0.9258640581757457f,0.018013221989144023f,-0.3774271712687223f,0.3774144008300346f,-0.12586874347321267f,0.9271122628269417f,0.35301545508997495f,0.3891900415900897f,0.35627630456545145f,0.3743506056486051f,-0.8561126204277731f,-0.19685320017766186f,0f,0f,0f,1f],start_interpolation:0}
execute if entity @s[tag=aj.dino.bone.neck_2] run data modify entity @s {} merge value {transformation:[-0.9101042091354756f,0.1301020643909151f,-0.3934256999169128f,0.34422113934874093f,0.013631782070556927f,0.9583196243040312f,0.2853728651980795f,0.42357339294963214f,0.41415516781934714f,0.25435595238759917f,-0.8739442467649329f,-0.2709269670297759f,0f,0f,0f,1f],start_interpolation:0}
execute if entity @s[tag=aj.dino.bone.body_0] run data modify entity @s {} merge value {transformation:[-0.8392268808312437f,0.03990850318610907f,-0.5423149950570295f,0.08901029423807105f,0.004244341596472677f,0.9977536225018996f,0.06685577274064881f,0.46458711837951083f,0.543764864674681f,0.05380539153078579f,-0.8375110457704691f,-0.6651302186239062f,0f,0f,0f,1f],start_interpolation:0}
execute if entity @s[tag=aj.dino.bone.leg_left_3] run data modify entity @s {} merge value {transformation:[0.0547173309691078f,0.11462097894025342f,-0.9919012273802241f,0.09503554403670941f,-0.12279400921534853f,0.9866214309816415f,0.10723704224081493f,0.06746282914389265f,0.990922623110623f,0.11593180372320414f,0.0680600609244994f,-1.3142197731324377f,0f,0f,0f,1f],start_interpolation:0}
execute if entity @s[tag=aj.dino.bone.leg_left_2] run data modify entity @s {} merge value {transformation:[-0.6443074284197118f,-0.07271525596349308f,-0.7947594785430597f,0.05252453117586098f,-0.41973476449943287f,0.8996322961700474f,0.25796639056107173f,0.2844869607091228f,0.6787877905903126f,0.4872744839807085f,-0.5948721813192732f,-1.2179679566824713f,0f,0f,0f,1f],start_interpolation:0}
execute if entity @s[tag=aj.dino.bone.leg_left_1] run data modify entity @s {} merge value {transformation:[-0.7234948503312716f,0.6889680093436651f,-0.04333916987158634f,0.2564030082409735f,-0.14727176663852978f,-0.09270745962672342f,0.9847417700497552f,0.21000723961231454f,0.6744377126876118f,0.718838235648735f,0.1685389055207015f,-1.0450525918512406f,0f,0f,0f,1f],start_interpolation:0}
execute if entity @s[tag=aj.dino.bone.leg_left_0] run data modify entity @s {} merge value {transformation:[-0.7069902913227205f,-0.24388918501663887f,-0.6638394334531014f,0.1324791286919882f,-0.16954130207078968f,0.9697328034647515f,-0.1757100929842523f,0.585346233464093f,0.6866006662300556f,-0.011677127913704649f,-0.7269409672154479f,-0.9106249520731196f,0f,0f,0f,1f],start_interpolation:0}
execute if entity @s[tag=aj.dino.bone.leg_right_3] run data modify entity @s {} merge value {transformation:[-0.984848759547661f,-0.05051503373682373f,-0.1658950034931767f,-0.2333793863869919f,-0.04899856719315607f,0.9987113058082997f,-0.013223768891576726f,0.04252350880343056f,0.1663492146974291f,-0.004894794913744949f,-0.9860547549463473f,-0.33839893603222226f,0f,0f,0f,1f],start_interpolation:0}
execute if entity @s[tag=aj.dino.bone.leg_right_2] run data modify entity @s {} merge value {transformation:[-1.007331377724152f,0.18792031861429306f,0.045073815069937684f,-0.1866196981632061f,0.054866368994003045f,0.5074973871534733f,-0.8896618925673423f,0.13324075700882138f,-0.1852980747511161f,-0.8713177120803838f,-0.5084606844282354f,-0.5569280748244472f,0f,0f,0f,1f],start_interpolation:0}
execute if entity @s[tag=aj.dino.bone.leg_right_1] run data modify entity @s {} merge value {transformation:[-0.9456924923422623f,0.13210876893913368f,-0.29700670547458485f,-0.15381180920105028f,-0.09787718609929114f,0.7555624723309023f,0.6477232486536967f,0.3022013719330489f,0.3099770416801299f,0.6416171939518147f,-0.701599323016089f,-0.3392371501490272f,0f,0f,0f,1f],start_interpolation:0}
execute if entity @s[tag=aj.dino.bone.leg_right_0] run data modify entity @s {} merge value {transformation:[-0.9221362924110251f,-0.3349128919105986f,-0.1936440369609353f,-0.1623236866150125f,-0.013421085645884075f,0.5279398964102706f,-0.8491756827879602f,0.5801764863589656f,0.3866322964762957f,-0.780456802526823f,-0.4913274332978706f,-0.6506286437182018f,0f,0f,0f,1f],start_interpolation:0}
execute if entity @s[tag=aj.dino.bone.tail_4] run data modify entity @s {} merge value {transformation:[1.6239286786762677f,-1.2697046627159203f,-1.8374893326629684f,-1.4597112248742121f,-1.6127986462723976f,0.9050251150762468f,-2.050724603466577f,0.5277328826018213f,1.5451205469977647f,2.2791316201919276f,-0.20933916185618506f,-1.684917291746625f,0f,0f,0f,1f],start_interpolation:0}
execute if entity @s[tag=aj.dino.bone.tail_3] run data modify entity @s {} merge value {transformation:[0.565063384111511f,-0.9550268260986421f,-1.7619797556762233f,-1.1515988834856055f,-1.7219170432831092f,0.7053850391008153f,-0.9345475743419062f,0.6792948694400571f,1.0255001677386721f,1.7106435146134749f,-0.5983257456630616f,-1.6002033456430305f,0f,0f,0f,1f],start_interpolation:0}
execute if entity @s[tag=aj.dino.bone.tail_2] run data modify entity @s {} merge value {transformation:[-0.2937222531485088f,-0.9748873091291765f,-1.6679615845417461f,-0.8419776366742941f,-1.659108475595729f,0.9917123236439949f,-0.2874710565288628f,0.7317442723215173f,0.9898788709809675f,1.372907599452447f,-0.9767489028168614f,-1.4175692096510752f,0f,0f,0f,1f],start_interpolation:0}
execute if entity @s[tag=aj.dino.bone.tail_1] run data modify entity @s {} merge value {transformation:[-0.8372945819502091f,-0.30681698764678206f,-1.2216617245081305f,-0.5745392152397006f,-0.7555867195267175f,1.2960488355557447f,0.19236001437266578f,0.675229551593199f,1.007810866339354f,0.7167823951144123f,-0.8707447994345809f,-1.2399194022197104f,0f,0f,0f,1f],start_interpolation:0}
execute if entity @s[tag=aj.dino.bone.tail_0] run data modify entity @s {} merge value {transformation:[-0.6661880107078256f,0.09853274125580157f,-1.086425584139933f,-0.2546826381069575f,-0.27557365290017416f,1.216503564849056f,0.279309783431981f,0.6229651391417398f,1.055503866786111f,0.37979743573934666f,-0.6127815365931097f,-1.0516852061850617f,0f,0f,0f,1f],start_interpolation:0}
execute if entity @s[tag=aj.dino.bone.body_1] run data modify entity @s {} merge value {transformation:[-0.9271881603736337f,0.09298917468783839f,-0.8125759802689727f,-0.07203358588320541f,-0.016259438713325546f,1.2260120116718682f,0.15885456539009696f,0.5034530685131196f,0.8177177636397137f,0.12981585297421755f,-0.9181993783492187f,-0.8469607315786875f,0f,0f,0f,1f],start_interpolation:0}