execute if entity @s[tag=aj.dino.bone.head_lower] run data modify entity @s {} merge value {transformation:[-0.9744646207448989f,-0.22060947626653968f,-0.04183493633201123f,0.3708941650833178f,-0.19032255777322715f,0.7126382517269917f,0.6752214793518891f,0.30603186420407785f,-0.11914708103498411f,0.6659415748824365f,-0.7364277234895107f,0.03047639273844592f,0f,0f,0f,1f],start_interpolation:0}
execute if entity @s[tag=aj.dino.bone.head_upper] run data modify entity @s {} merge value {transformation:[-1.01431981770644f,-0.23354809229338028f,-0.009085074441308887f,0.36470872942754234f,-0.19810667108508642f,0.8376251998411539f,0.5853287230660732f,0.36513003878390693f,-0.12402014700469788f,0.572111226738907f,-0.860685592977914f,-0.016048897576362145f,0f,0f,0f,1f],start_interpolation:0}
execute if entity @s[tag=aj.dino.bone.neck_0] run data modify entity @s {} merge value {transformation:[-0.9901628774087845f,-0.12921485845409952f,-0.05367491552153039f,0.3636553545597859f,-0.13871817444556367f,0.9567199217453092f,0.25582075641773094f,0.3661873536881338f,0.018296018147306636f,0.2607499025701388f,-0.9652329998656369f,-0.08270104488519359f,0f,0f,0f,1f],start_interpolation:0}
execute if entity @s[tag=aj.dino.bone.neck_1] run data modify entity @s {} merge value {transformation:[-0.9634837952617464f,-0.018663441273277348f,-0.26711542865933474f,0.3409411917213233f,-0.11790296174400154f,0.9252271863112886f,0.3606293739041356f,0.4009998009122844f,0.24041187133753122f,0.3789542580184781f,-0.8936418759490018f,-0.15665844593028694f,0f,0f,0f,1f],start_interpolation:0}
execute if entity @s[tag=aj.dino.bone.neck_2] run data modify entity @s {} merge value {transformation:[-0.946939731318527f,0.10533822868132565f,-0.30365935327053006f,0.31536968202485843f,0.012053948841299227f,0.9557434764531803f,0.2939542643584558f,0.43610972510121726f,0.3211850674731425f,0.27469667780202645f,-0.9063012124215671f,-0.23336777723640395f,0f,0f,0f,1f],start_interpolation:0}
execute if entity @s[tag=aj.dino.bone.body_0] run data modify entity @s {} merge value {transformation:[-0.8815735965939165f,0.03193005161325855f,-0.4709654611459755f,0.09370959996142031f,0.00374483190000454f,0.9981513438115508f,0.06066194096166304f,0.4742081096331552f,0.4720317468375483f,0.05171427898724134f,-0.8800634427848497f,-0.6476457344327909f,0f,0f,0f,1f],start_interpolation:0}
execute if entity @s[tag=aj.dino.bone.leg_left_3] run data modify entity @s {} merge value {transformation:[0.005255897245853014f,0.10869977260064115f,-0.9940607300264453f,0.13208180361746835f,-0.12279400921534853f,0.9866214309816415f,0.10723704224081493f,0.077083820397537f,0.992418262047289f,0.12150107556851686f,0.018533261740225404f,-1.2956280855765538f,0f,0f,0f,1f],start_interpolation:0}
execute if entity @s[tag=aj.dino.bone.leg_left_2] run data modify entity @s {} merge value {transformation:[-0.6773412821245941f,-0.09691349338562173f,-0.7641195991664526f,0.08482587825726992f,-0.41973476449943287f,0.8996322961700474f,0.25796639056107173f,0.2941079519627672f,0.6458279294836284f,0.48304420707456697f,-0.6337481984284346f,-1.2016149168036387f,0f,0f,0f,1f],start_interpolation:0}
execute if entity @s[tag=aj.dino.bone.leg_left_1] run data modify entity @s {} merge value {transformation:[-0.7562134343464944f,0.6522804393277246f,-0.05168626688309336f,0.2798317988092691f,-0.14727176663852978f,-0.09270745962672342f,0.9847417700497552f,0.2196282308659589f,0.6375360918920956f,0.7522868837085952f,0.16616911907741408f,-1.0187519961368874f,0f,0f,0f,1f],start_interpolation:0}
execute if entity @s[tag=aj.dino.bone.leg_left_0] run data modify entity @s {} merge value {transformation:[-0.7403356649966111f,-0.2430039547629785f,-0.6267792124054355f,0.1493613016434024f,-0.16954130207078968f,0.9697328034647515f,-0.1757100929842523f,0.5949672247177373f,0.650506610286296f,-0.02381948475399115f,-0.7591269868209716f,-0.8906685560359936f,0f,0f,0f,1f],start_interpolation:0}
execute if entity @s[tag=aj.dino.bone.leg_right_3] run data modify entity @s {} merge value {transformation:[-0.9880485989083326f,-0.05231141443287847f,-0.1449947658204007f,-0.232705922141397f,-0.050985509525708614f,0.998616746618893f,-0.012848003374117622f,0.04388237607530501f,0.14546629854947524f,-0.005301819718652567f,-0.9893490014620655f,-0.3400366793124222f,0f,0f,0f,1f],start_interpolation:0}
execute if entity @s[tag=aj.dino.bone.leg_right_2] run data modify entity @s {} merge value {transformation:[-1.0038308119840218f,0.20032441996431763f,0.06523823402081055f,-0.18243711573984583f,0.04460524336730578f,0.5124998577815304f,-0.8873649010067667f,0.13585259913606934f,-0.20590355187887788f,-0.8656074295201983f,-0.5102839452538082f,-0.5572591395671855f,0f,0f,0f,1f],start_interpolation:0}
execute if entity @s[tag=aj.dino.bone.leg_right_1] run data modify entity @s {} merge value {transformation:[-0.9532943484724707f,0.10482135578993676f,-0.28327083955255145f,-0.15792225873366653f,-0.10711567562621328f,0.7595677062879856f,0.6415474507778425f,0.30604486182998386f,0.2824112554513146f,0.641926306467314f,-0.7128635913410394f,-0.33943581399148465f,0f,0f,0f,1f],start_interpolation:0}
execute if entity @s[tag=aj.dino.bone.leg_right_0] run data modify entity @s {} merge value {transformation:[-0.9342395662684713f,-0.3125659744768847f,-0.17175256742714046f,-0.15803479679775084f,-0.026265691834214906f,0.5405687988910208f,-0.8408896997216632f,0.5897974776126099f,0.35567758750161504f,-0.7810812283398151f,-0.5132305217776867f,-0.6456901509993948f,0f,0f,0f,1f],start_interpolation:0}
execute if entity @s[tag=aj.dino.bone.tail_4] run data modify entity @s {} merge value {transformation:[-2.56597158618732f,-1.0061862224213627f,0.17041254733370054f,-0.4924870521320159f,-0.9051562830342362f,2.4569285647066903f,0.8774140771676533f,1.0311172835772597f,-0.47132075464908f,0.7594423252214401f,-2.6128079593608238f,-2.346024682718374f,0f,0f,0f,1f],start_interpolation:0}
execute if entity @s[tag=aj.dino.bone.tail_3] run data modify entity @s {} merge value {transformation:[-1.9454085792505196f,-0.7354137968470544f,-0.10245747034706468f,-0.4679174500386015f,-0.7349621249808369f,1.8663127465931446f,0.5591537648912399f,0.918042132691041f,-0.10564876083784717f,0.5585595808464796f,-2.003196211064327f,-2.0118225756936043f,0f,0f,0f,1f],start_interpolation:0}
execute if entity @s[tag=aj.dino.bone.tail_2] run data modify entity @s {} merge value {transformation:[-1.926507066208187f,-0.3170278682188328f,0.0826905655158116f,-0.48478942927209595f,-0.28317555645589454f,1.8592497451430046f,0.5308256440813139f,0.8195958259498505f,-0.1647907857818419f,0.5113292392979983f,-1.878872076795839f,-1.6625445417794968f,0f,0f,0f,1f],start_interpolation:0}
execute if entity @s[tag=aj.dino.bone.tail_1] run data modify entity @s {} merge value {transformation:[-1.4802696903195305f,0.14506609624633127f,-0.2746155888531682f,-0.426054293540993f,0.06528583669941018f,1.4528298649994806f,0.4155471006902209f,0.7123530096543955f,0.30363737162572707f,0.39483852533085073f,-1.428132744343739f,-1.3603428886031843f,0f,0f,0f,1f],start_interpolation:0}
execute if entity @s[tag=aj.dino.bone.tail_0] run data modify entity @s {} merge value {transformation:[-1.0844656047380854f,0.16419401315832097f,-0.6563614817819917f,-0.2302879192806583f,-0.04130647027049077f,1.221625022574435f,0.37384729010363565f,0.6325861303953841f,0.6753249915691552f,0.3383908196848786f,-1.03114670415957f,-1.0508518822992496f,0f,0f,0f,1f],start_interpolation:0}
execute if entity @s[tag=aj.dino.bone.body_1] run data modify entity @s {} merge value {transformation:[-0.966795458594513f,0.0864027956536153f,-0.7657974230829687f,-0.05807058697128509f,-0.016259438713325546f,1.2260120116718682f,0.15885456539009696f,0.5130740597667639f,0.7704847610108867f,0.13428960941111037f,-0.9575615535883102f,-0.8372775925700459f,0f,0f,0f,1f],start_interpolation:0}