execute if entity @s[tag=aj.dino.bone.head_lower] run data modify entity @s {} merge value {transformation:[-0.9818535793103941f,-0.07870494203694918f,-0.17253718698972542f,0.44400169596889716f,-0.18217346473225915f,0.6442352385080857f,0.7428147724782229f,0.28356364565919323f,0.05269134219975179f,0.7607670402714553f,-0.6468826268294723f,-0.016895379241553064f,0f,0f,0f,1f],start_interpolation:0}
execute if entity @s[tag=aj.dino.bone.head_upper] run data modify entity @s {} merge value {transformation:[-1.0220109815985312f,-0.1128923981115747f,-0.16192838702380372f,0.4299865491754455f,-0.18962428353419827f,0.798726072518109f,0.6399619010202447f,0.3455572511487204f,0.05484639614099572f,0.6578479384416441f,-0.804798052496358f,-0.057587209263852815f,0f,0f,0f,1f],start_interpolation:0}
execute if entity @s[tag=aj.dino.bone.neck_0] run data modify entity @s {} merge value {transformation:[-0.9712670666592592f,-0.061116865291050204f,-0.23001089974197603f,0.4164194951164027f,-0.14573612283669368f,0.9168047059507699f,0.37179310597031007f,0.3547637220911213f,0.18815224612968576f,0.3946312961784932f,-0.8993691524356593f,-0.12220850754269139f,0f,0f,0f,1f],start_interpolation:0}
execute if entity @s[tag=aj.dino.bone.neck_1] run data modify entity @s {} merge value {transformation:[-0.916766929298471f,0.029022357239422755f,-0.39836679094136257f,0.38280630173154556f,-0.12387466467803965f,0.9275208019774629f,0.35264745759750926f,0.3889105626421212f,0.37972814590909004f,0.3726430794733093f,-0.8467252627181342f,-0.19222053047724189f,0f,0f,0f,1f],start_interpolation:0}
execute if entity @s[tag=aj.dino.bone.neck_2] run data modify entity @s {} merge value {transformation:[-0.9014331033111882f,0.13690550037794702f,-0.41070091821302807f,0.34816621145383553f,0.014165993378132994f,0.9574996866343617f,0.2880862279365496f,0.42352359722552707f,0.43268658967706763f,0.2538724759822593f,-0.865061316354087f,-0.2655208195395688f,0f,0f,0f,1f],start_interpolation:0}
execute if entity @s[tag=aj.dino.bone.body_0] run data modify entity @s {} merge value {transformation:[-0.8314284587786034f,0.043767952878973705f,-0.5539053025868412f,0.08752966395065531f,0.004152071939924312f,0.9973542720961279f,0.07257558976824335f,0.46722924665939425f,0.5556163048648248f,0.05804155608171264f,-0.8294104529941562f,-0.6558659373728924f,0f,0f,0f,1f],start_interpolation:0}
execute if entity @s[tag=aj.dino.bone.leg_left_3] run data modify entity @s {} merge value {transformation:[0.06089296454658577f,0.11534138739774565f,-0.9914577203400512f,0.08950884080174067f,-0.12279400921534853f,0.9866214309816415f,0.10723704224081493f,0.07010495742377607f,0.9905623040321838f,0.11521508703681425f,0.07424153520469678f,-1.3049804390335873f,0f,0f,0f,1f],start_interpolation:0}
execute if entity @s[tag=aj.dino.bone.leg_left_2] run data modify entity @s {} merge value {transformation:[-0.6400638381473265f,-0.06967652580725102f,-0.7984520426100986f,0.04759861817292102f,-0.41973476449943287f,0.8996322961700474f,0.25796639056107173f,0.28712908898900624f,0.6827907513048289f,0.48771827209971685f,-0.5899066676122146f,-1.2084655094963597f,0f,0f,0f,1f],start_interpolation:0}
execute if entity @s[tag=aj.dino.bone.leg_left_1] run data modify entity @s {} merge value {transformation:[-0.7192768369260142f,0.6934353435566163f,-0.04228777800056699f,0.2525509640841548f,-0.14727176663852978f,-0.09270745962672342f,0.9847417700497552f,0.21264936789219796f,0.6789343551573114f,0.7145297413236739f,0.16880577641493474f,-1.0368243352094502f,0f,0f,0f,1f],start_interpolation:0}
execute if entity @s[tag=aj.dino.bone.leg_left_0] run data modify entity @s {} merge value {transformation:[-0.7026967834771615f,-0.24395723375384992f,-0.668357762422208f,0.12946741691518254f,-0.16954130207078968f,0.9697328034647515f,-0.1757100929842523f,0.5879883617439764f,0.690994194898186f,-0.01015667187432634f,-0.7227889488871871f,-0.9016268549256405f,0f,0f,0f,1f],start_interpolation:0}
execute if entity @s[tag=aj.dino.bone.leg_right_3] run data modify entity @s {} merge value {transformation:[-0.9837523962489594f,-0.05091348252549632f,-0.17215992614878944f,-0.23146035178668395f,-0.04962160411834586f,0.9986983569188564f,-0.011802046106443254f,0.041273147880213634f,0.17253671864027328f,-0.003067439437455799f,-0.98499831042299f,-0.3326522377744816f,0f,0f,0f,1f],start_interpolation:0}
execute if entity @s[tag=aj.dino.bone.leg_right_2] run data modify entity @s {} merge value {transformation:[-1.0098013330858033f,0.17621671435484718f,0.03620962276537981f,-0.18769886813390263f,0.059198195505242586f,0.5204424212215071f,-0.8818715662400692f,0.13524190040735898f,-0.16987948919087317f,-0.8661117452591047f,-0.52254531227174f,-0.550427071405494f,0f,0f,0f,1f],start_interpolation:0}
execute if entity @s[tag=aj.dino.bone.leg_right_1] run data modify entity @s {} merge value {transformation:[-0.9417582385886017f,0.141461381125813f,-0.305090310728597f,-0.15184308947819103f,-0.10007696467541882f,0.7482277212558247f,0.6558504999507667f,0.30173504377864957f,0.32105454550878015f,0.648185123860686f,-0.6904925951911849f,-0.33132028920305934f,0f,0f,0f,1f],start_interpolation:0}
execute if entity @s[tag=aj.dino.bone.leg_right_0] run data modify entity @s {} merge value {transformation:[-0.9177926255231365f,-0.3433619237497005f,-0.1993973065371067f,-0.1637090418664653f,-0.01705905697651676f,0.5358193586711254f,-0.8441602948778958f,0.582818614638849f,0.396693439711851f,-0.7713625633851886f,-0.4976284866217078f,-0.6397980095182413f,0f,0f,0f,1f],start_interpolation:0}
execute if entity @s[tag=aj.dino.bone.tail_4] run data modify entity @s {} merge value {transformation:[1.6698579586906641f,-1.2746842167657673f,-1.7923213654157255f,-1.4536766797880252f,-1.4736256599669386f,1.0221087009214873f,-2.0998529828032226f,0.5095991890618404f,1.632685868035996f,2.2262379213886443f,-0.06215227499227664f,-1.6774888226769173f,0f,0f,0f,1f],start_interpolation:0}
execute if entity @s[tag=aj.dino.bone.tail_3] run data modify entity @s {} merge value {transformation:[0.585023930662985f,-0.9611822900482276f,-1.7520905033398588f,-1.147180954099795f,-1.6679429481687187f,0.7707264033774912f,-0.9797411182733341f,0.668184914316268f,1.1007537636775622f,1.6787063300288367f,-0.5533820879963868f,-1.6000831296360436f,0f,0f,0f,1f],start_interpolation:0}
execute if entity @s[tag=aj.dino.bone.tail_2] run data modify entity @s {} merge value {transformation:[-0.27551407911738557f,-0.9963257287641429f,-1.6583729705387373f,-0.8393338470794854f,-1.632715793319055f,1.0183485959636613f,-0.34055711760018287f,0.7305287541186299f,1.037836694985008f,1.3375631029242006f,-0.9760091266177571f,-1.41755946457569f,0f,0f,0f,1f],start_interpolation:0}
execute if entity @s[tag=aj.dino.bone.tail_1] run data modify entity @s {} merge value {transformation:[-0.8563617367776429f,-0.3143010350634051f,-1.2064475476129295f,-0.5750596457956252f,-0.7320156571493754f,1.3115464936357548f,0.1779188655537278f,0.6769096455051729f,1.0091847717199003f,0.6846290268384985f,-0.8946985202507176f,-1.234363354556661f,0f,0f,0f,1f],start_interpolation:0}
execute if entity @s[tag=aj.dino.bone.tail_0] run data modify entity @s {} merge value {transformation:[-0.684412815752069f,0.10758205469860627f,-1.0741698728437594f,-0.25856609629954447f,-0.24176818702970507f,1.2242726530877668f,0.27665923303919976f,0.6256072674216232f,1.0521230716787469f,0.35130939212081247f,-0.6351806590514318f,-1.0402710815751597f,0f,0f,0f,1f],start_interpolation:0}
execute if entity @s[tag=aj.dino.bone.body_1] run data modify entity @s {} merge value {transformation:[-0.9220730853588878f,0.09379654653206311f,-0.8182835866444162f,-0.07464448776755009f,-0.016259438713325546f,1.2260120116718682f,0.15885456539009696f,0.506095196793003f,0.8234812997061433f,0.12923370361947964f,-0.9131165281273379f,-0.8366890865557209f,0f,0f,0f,1f],start_interpolation:0}