execute if entity @s[tag=aj.dino.bone.head_lower] run data modify entity @s {} merge value {transformation:[-0.9804632895740129f,-0.14076567104653465f,-0.13739273507913155f,0.41275599675515773f,-0.1888935266426239f,0.47894431373676294f,0.8572815056512845f,0.2903047718585926f,-0.054872337203894936f,0.866485643385994f,-0.4961770414033102f,-0.0015522114121615666f,0f,0f,0f,1f],start_interpolation:0}
execute if entity @s[tag=aj.dino.bone.head_upper] run data modify entity @s {} merge value {transformation:[-1.0205638295912194f,-0.1912841188248298f,-0.07301916323144371f,0.4031102014867084f,-0.19661919317667115f,0.8120517333528658f,0.6207936998848071f,0.3512740248325622f,-0.05711659293206041f,0.6224582803911614f,-0.8323192455829789f,-0.044970701911396155f,0f,0f,0f,1f],start_interpolation:0}
execute if entity @s[tag=aj.dino.bone.neck_0] run data modify entity @s {} merge value {transformation:[-0.9844989157920863f,-0.10614302209636715f,-0.13962644328513538f,0.3961227103432662f,-0.14881055812477106f,0.9268548582584407f,0.34466721560560387f,0.3585643454538502f,0.09282942741825556f,0.36010238902703195f,-0.928282805411273f,-0.11087034111417197f,0f,0f,0f,1f],start_interpolation:0}
execute if entity @s[tag=aj.dino.bone.neck_1] run data modify entity @s {} merge value {transformation:[-0.9436102235121748f,-0.002386110204698373f,-0.33104992457542526f,0.36806744419001836f,-0.12698125605138333f,0.9261000424850707f,0.35526676163238685f,0.3929265301735832f,0.3057376435686598f,0.37727048358868637f,-0.8741804593548418f,-0.18318686168097342f,0f,0f,0f,1f],start_interpolation:0}
execute if entity @s[tag=aj.dino.bone.neck_2] run data modify entity @s {} merge value {transformation:[-0.9268773443605085f,0.11749512217876462f,-0.35650145129495425f,0.3379855939762771f,0.012443258366143307f,0.958843474561903f,0.2836623990085582f,0.42716516068785815f,0.3751580384750472f,0.2584842114216152f,-0.8901923155213716f,-0.2586436629805623f,0f,0f,0f,1f],start_interpolation:0}
execute if entity @s[tag=aj.dino.bone.body_0] run data modify entity @s {} merge value {transformation:[-0.8553785785500896f,0.03361385793738007f,-0.5169115939038259f,0.09468731220205706f,0.004259455357035896f,0.9983150294496382f,0.05787019107475894f,0.46394936327747005f,0.5179858534725537f,0.047299159924181766f,-0.8540804675630846f,-0.660718000919063f,0f,0f,0f,1f],start_interpolation:0}
execute if entity @s[tag=aj.dino.bone.leg_left_3] run data modify entity @s {} merge value {transformation:[0.042359925861659764f,0.1131668296915244f,-0.9926726073275942f,0.10880384838058314f,-0.12279400921534853f,0.9866214309816415f,0.10723704224081493f,0.06682507404185187f,0.9915277444337174f,0.11735169613306434f,0.05568941939791994f,-1.309682003629183f,0f,0f,0f,1f],start_interpolation:0}
execute if entity @s[tag=aj.dino.bone.leg_left_2] run data modify entity @s {} merge value {transformation:[-0.6527193430289852f,-0.0787841224529788f,-0.7872818559993735f,0.06509623352082997f,-0.41973476449943287f,0.8996322961700474f,0.25796639056107173f,0.28384920560708204f,0.6707029045763181f,0.48633012783274704f,-0.6047336769651317f,-1.2139676223291676f,0f,0f,0f,1f],start_interpolation:0}
execute if entity @s[tag=aj.dino.bone.leg_left_1] run data modify entity @s {} merge value {transformation:[-0.7318463820428006f,0.6799532077601611f,-0.04543686111000694f,0.26680325035894004f,-0.14727176663852978f,-0.09270745962672342f,0.9847417700497552f,0.20936948451027376f,0.6653659893938294f,0.7273712684635173f,0.16798552905457093f,-1.0385240810876113f,0f,0f,0f,1f],start_interpolation:0}
execute if entity @s[tag=aj.dino.bone.leg_left_0] run data modify entity @s {} merge value {transformation:[-0.7154947327678524f,-0.24372466224301095f,-0.6547255733480937f,0.14121318337938926f,-0.16954130207078968f,0.9697328034647515f,-0.1757100929842523f,0.5847084783620522f,0.6777337488081886f,-0.014716619819901966f,-0.7351601096546763f,-0.9056517614162077f,0f,0f,0f,1f],start_interpolation:0}
execute if entity @s[tag=aj.dino.bone.leg_right_3] run data modify entity @s {} merge value {transformation:[-0.9859034028992729f,-0.050065837704552175f,-0.1596492782525991f,-0.2311844183137198f,-0.04828160809364429f,0.9987205564247761f,-0.015037835431936153f,0.04533271059046226f,0.16019789783741248f,-0.0071177292395598335f,-0.9870592542795733f,-0.33140115281499716f,0f,0f,0f,1f],start_interpolation:0}
execute if entity @s[tag=aj.dino.bone.leg_right_2] run data modify entity @s {} merge value {transformation:[-1.0042538997619517f,0.20061860040242532f,0.05734528303338192f,-0.18109031004907022f,0.046780704363981636f,0.49120803924072876f,-0.8992154510378385f,0.1319702316245875f,-0.20334175668764287f,-0.8777978348449862f,-0.4900870235267743f,-0.5508449778186795f,0f,0f,0f,1f],start_interpolation:0}
execute if entity @s[tag=aj.dino.bone.leg_right_1] run data modify entity @s {} merge value {transformation:[-0.950394404835345f,0.11830585935560503f,-0.2876702954769618f,-0.15262104998056614f,-0.09697106098903378f,0.7660580236549105f,0.6354146030149088f,0.30445301031272826f,0.29554540867408474f,0.6317901772234712f,-0.7165850147579167f,-0.33531637659152114f,0f,0f,0f,1f],start_interpolation:0}
execute if entity @s[tag=aj.dino.bone.leg_right_0] run data modify entity @s {} merge value {transformation:[-0.9278981656300268f,-0.3237811951075831f,-0.18485327131305151f,-0.1568079193058312f,-0.011387827106893594f,0.5201877298317896f,-0.8539760202290416f,0.5795387312569248f,0.3726597799792928f,-0.7902977055687017f,-0.4863684045645143f,-0.6493507613685991f,0f,0f,0f,1f],start_interpolation:0}
execute if entity @s[tag=aj.dino.bone.tail_4] run data modify entity @s {} merge value {transformation:[0.9610663963690078f,-1.4037309184286197f,-2.175213144043092f,-1.4114433501441552f,-2.0448348747539935f,1.0113460001064376f,-1.556114049373801f,0.6522259296193301f,1.5876596135066583f,2.1522964731458942f,-0.6874723084776863f,-1.7947253699770591f,0f,0f,0f,1f],start_interpolation:0}
execute if entity @s[tag=aj.dino.bone.tail_3] run data modify entity @s {} merge value {transformation:[0.14017956986726868f,-1.0449985504382495f,-1.7956261425525721f,-1.0967453809579741f,-1.8184697748806558f,0.8086302013991084f,-0.6125605286624155f,0.7481804772935249f,1.0047203053993534f,1.6093603552379558f,-0.8581619200075459f,-1.6649616754955139f,0f,0f,0f,1f],start_interpolation:0}
execute if entity @s[tag=aj.dino.bone.tail_2] run data modify entity @s {} merge value {transformation:[-0.6337224493459436f,-0.9597618487291693f,-1.5798819341715769f,-0.8037457610701831f,-1.597098791426404f,1.125257438813514f,-0.04295371720754892f,0.7552522710506727f,0.9308303726362148f,1.2772731756055926f,-1.1493049757392986f,-1.4503161620371443f,0f,0f,0f,1f],start_interpolation:0}
execute if entity @s[tag=aj.dino.bone.tail_1] run data modify entity @s {} merge value {transformation:[-0.9531942739711315f,-0.2619797390712829f,-1.1447460602180688f,-0.5532960941761299f,-0.6830008130949269f,1.3230448781606718f,0.265929294521084f,0.682506916780925f,0.9552940988932763f,0.6845254682544365f,-0.9520999516493683f,-1.2547151528790756f,0f,0f,0f,1f],start_interpolation:0}
execute if entity @s[tag=aj.dino.bone.tail_0] run data modify entity @s {} merge value {transformation:[-0.7225293206278994f,0.10297295178570667f,-1.049372988320908f,-0.24415999653452836f,-0.27174956864870203f,1.2109461634211685f,0.30593672191945953f,0.622327384039699f,1.0187930454004184f,0.39603241922867743f,-0.6626120811965707f,-1.0515275344700024f,0f,0f,0f,1f],start_interpolation:0}
execute if entity @s[tag=aj.dino.bone.body_1] run data modify entity @s {} merge value {transformation:[-0.9373100377738135f,0.09136362346712845f,-0.8010662746937105f,-0.06407729722130101f,-0.016259438713325546f,1.2260120116718682f,0.15885456539009696f,0.5028153134110788f,0.8060956015246766f,0.13096499761197938f,-0.9282578551562677f,-0.8445420079490576f,0f,0f,0f,1f],start_interpolation:0}