execute if entity @s[tag=aj.dino.bone.head_lower] run data modify entity @s {} merge value {transformation:[-0.9911225965351182f,-0.09168444924189201f,-0.09628063359106222f,0.37218350803199085f,-0.1128400025260837f,0.963061464552984f,0.24449897611845817f,0.24072495849390177f,0.07030741402867037f,0.25319276699833254f,-0.9648576528547251f,0.20478459892544365f,0f,0f,0f,1f],start_interpolation:0}
execute if entity @s[tag=aj.dino.bone.head_upper] run data modify entity @s {} merge value {transformation:[-1.0316590977656561f,-0.032420422147034805f,-0.1345375962646421f,0.3618605920895004f,-0.11745511161273281f,0.7402599921560542f,0.7222820663374288f,0.3071030623008788f,0.07318295796768715f,0.7310512997214584f,-0.7373467260537429f,0.1703921399666643f,0f,0f,0f,1f],start_interpolation:0}
execute if entity @s[tag=aj.dino.bone.neck_0] run data modify entity @s {} merge value {transformation:[-0.9815249914763577f,-0.009200368817108725f,-0.19111264824957333f,0.3499693844169315f,-0.084021884010232f,0.918106671285436f,0.3873247515309954f,0.3172727638150816f,0.1718982667588801f,0.3962265682091564f,-0.9019176750294273f,0.1055854072493243f,0f,0f,0f,1f],start_interpolation:0}
execute if entity @s[tag=aj.dino.bone.neck_1] run data modify entity @s {} merge value {transformation:[-0.9427820448876749f,0.07417083756198257f,-0.3250549225788902f,0.322774661905934f,-0.07871637846497898f,0.8978629629243619f,0.43318106095493614f,0.35810522761671193f,0.32398417800684726f,0.43398247276133145f,-0.8406506204941431f,0.03637056915827881f,0f,0f,0f,1f],start_interpolation:0}
execute if entity @s[tag=aj.dino.bone.neck_2] run data modify entity @s {} merge value {transformation:[-0.9269253420160819f,0.17209541447421456f,-0.33345551224311487f,0.2952463797844319f,0.025600280172590577f,0.9155637651667655f,0.4013572194052831f,0.4022310717040962f,0.3743715213306892f,0.36349162332934715f,-0.8530649469916938f,-0.03480550801063714f,0f,0f,0f,1f],start_interpolation:0}
execute if entity @s[tag=aj.dino.bone.body_0] run data modify entity @s {} merge value {transformation:[-0.8818897989559716f,0.09584308365939352f,-0.4616107514043131f,0.0786039888636072f,0.004350450323992746f,0.9807308498153554f,0.195315318913876f,0.5036251363338136f,0.47143552695928054f,0.17023837268697412f,-0.8653134925479414f,-0.44100277882507555f,0f,0f,0f,1f],start_interpolation:0}
execute if entity @s[tag=aj.dino.bone.leg_left_3] run data modify entity @s {} merge value {transformation:[-0.26904877695275364f,0.25972435821140794f,-0.9274459625077354f,0.20278137757859152f,-0.09285602317534827f,0.9514725679219806f,0.293390032980009f,0.08347571392143124f,0.9586399295774646f,0.16505517333190098f,-0.2318755596782235f,-0.9679994316974863f,0f,0f,0f,1f],start_interpolation:0}
execute if entity @s[tag=aj.dino.bone.leg_left_2] run data modify entity @s {} merge value {transformation:[-0.7589417369373201f,-0.11389008240406304f,-0.6805135476720896f,0.1540254422671827f,-0.34730815942162263f,0.9371841909589925f,0.2304886854411675f,0.3085163145369922f,0.5961934936196658f,0.4009701246317842f,-0.732009888470807f,-0.896231340511271f,0f,0f,0f,1f],start_interpolation:0}
execute if entity @s[tag=aj.dino.bone.leg_left_1] run data modify entity @s {} merge value {transformation:[-0.8250377186372085f,0.5648283484457891f,-0.016783909494284127f,0.3247929510891651f,-0.04772868278172331f,-0.04005937367251783f,0.9980567215448662f,0.2456507953155872f,0.5630583767832887f,0.824235514505998f,0.060009007333903464f,-0.686708620780157f,0f,0f,0f,1f],start_interpolation:0}
execute if entity @s[tag=aj.dino.bone.leg_left_0] run data modify entity @s {} merge value {transformation:[-0.8094847267476121f,-0.30065868950766944f,-0.5043201657537351f,0.1536760491439023f,-0.07216488088006934f,0.9033773089541717f,-0.4227312002139f,0.6263680317135681f,0.5826892028602464f,-0.3058002454058037f,-0.7529671326026395f,-0.6777269537526907f,0f,0f,0f,1f],start_interpolation:0}
execute if entity @s[tag=aj.dino.bone.leg_right_3] run data modify entity @s {} merge value {transformation:[-0.9942993950127185f,-0.044201824210666665f,-0.09703046848176841f,-0.24619651831092398f,-0.04550133236738687f,0.9989012657310381f,0.011220074586305584f,0.030860325977763392f,0.09642791001641937f,0.015571128969313563f,-0.9952181660884645f,-0.22756857038325706f,0f,0f,0f,1f],start_interpolation:0}
execute if entity @s[tag=aj.dino.bone.leg_right_2] run data modify entity @s {} merge value {transformation:[-1.0102549763570239f,0.17387061662318293f,0.034872495202344145f,-0.20302252609156352f,0.0857963313390131f,0.6557567758881762f,-0.7840180099374023f,0.15935350752862756f,-0.15519688068814308f,-0.7692946503469997f,-0.6604255209127311f,-0.4270593740730384f,0f,0f,0f,1f],start_interpolation:0}
execute if entity @s[tag=aj.dino.bone.leg_right_1] run data modify entity @s {} merge value {transformation:[-0.9498250418619758f,0.12101964526176345f,-0.2884209342482145f,-0.1737648649131674f,-0.1353159860333422f,0.6723686753445808f,0.7277430510415047f,0.30072340027350036f,0.2819964073808746f,0.7302565370307142f,-0.6222567125778469f,-0.19005319620537398f,0f,0f,0f,1f],start_interpolation:0}
execute if entity @s[tag=aj.dino.bone.leg_right_0] run data modify entity @s {} merge value {transformation:[-0.9368202853677071f,-0.306333414954337f,-0.1689011302685151f,-0.17136234763049626f,-0.07058327680603572f,0.6384376496918553f,-0.7664302763404264f,0.6219941000746454f,0.34261604451468763f,-0.706085834965094f,-0.6197233573964723f,-0.45667398295022277f,0f,0f,0f,1f],start_interpolation:0}
execute if entity @s[tag=aj.dino.bone.tail_4] run data modify entity @s {} merge value {transformation:[-2.1173804864305192f,0.6031412947688778f,-1.6669078516306115f,-0.7329374978820609f,0.08946051394780469f,2.6297516982147884f,0.8378926863152746f,0.8299686639400455f,1.7704118232003123f,0.5884623317434637f,-2.0359310872403302f,-2.155129137141524f,0f,0f,0f,1f],start_interpolation:0}
execute if entity @s[tag=aj.dino.bone.tail_3] run data modify entity @s {} merge value {transformation:[-1.8572933154594229f,-0.016334855013279997f,-0.9413502211748214f,-0.573159437766697f,-0.20793035626252843f,2.0376870063124284f,0.37488952678685755f,0.7464608868410828f,0.9182439944474061f,0.428381095359764f,-1.8191380183603678f,-1.8508625992105072f,0f,0f,0f,1f],start_interpolation:0}
execute if entity @s[tag=aj.dino.bone.tail_2] run data modify entity @s {} merge value {transformation:[-1.8513110255179237f,-0.27736833070562184f,-0.5607924490576957f,-0.47034428960679076f,-0.29801483517579663f,1.9310974951098052f,0.028696644377943833f,0.7413653879766536f,0.5500986455297759f,0.11270824506214405f,-1.8717537783277198f,-1.5024740730370412f,0f,0f,0f,1f],start_interpolation:0}
execute if entity @s[tag=aj.dino.bone.tail_1] run data modify entity @s {} merge value {transformation:[-1.4814316160744494f,0.05050489328815292f,-0.3007754522047945f,-0.40482282005847414f,0.029587636183006954f,1.5083811514506906f,0.10755056361261107f,0.6997550381038099f,0.3035476711822187f,0.09945756734527827f,-1.4783853535589466f,-1.1858478062641837f,0f,0f,0f,1f],start_interpolation:0}
execute if entity @s[tag=aj.dino.bone.tail_0] run data modify entity @s {} merge value {transformation:[-1.0847841122807689f,0.21597510072148707f,-0.64065115483826f,-0.21239779859025712f,0.12843326890169804f,1.2550146464666556f,0.2056182121735009f,0.6699543565264501f,0.6637650501242716f,0.11013042089516517f,-1.0867948128377338f,-0.8656034592551191f,0f,0f,0f,1f],start_interpolation:0}
execute if entity @s[tag=aj.dino.bone.body_1] run data modify entity @s {} merge value {transformation:[-1.0222824800441894f,0.08869286818675749f,-0.689693193517058f,-0.05802788624110528f,-0.013756509162470388f,1.2234499977109545f,0.17772297716665186f,0.5462282142857144f,0.6952365672967832f,0.15462300375468666f,-1.0106148807827409f,-0.641064612516806f,0f,0f,0f,1f],start_interpolation:0}