execute if entity @s[tag=aj.dino.bone.head_lower] run data modify entity @s {} merge value {transformation:[0.22525428173679743f,-0.3365905442008372f,0.9143124816570227f,-0.43205981961128165f,0.14893078127546433f,0.9392969280902033f,0.3090969156575121f,0.17470790537941921f,-0.962850004386934f,0.06654386849959665f,0.2617093475923035f,0.5720501342144062f,0f,0f,0f,1f],start_interpolation:0}
execute if entity @s[tag=aj.dino.bone.head_upper] run data modify entity @s {} merge value {transformation:[0.23446708800388175f,-0.8068401176000122f,0.6144152926626139f,-0.4077482443037266f,0.15502198817513863f,0.6517252809318594f,0.7966770261279177f,0.2443111628656326f,-1.002230168378858f,-0.0879495617328159f,0.26696723912457593f,0.588168147279602f,0f,0f,0f,1f],start_interpolation:0}
execute if entity @s[tag=aj.dino.bone.neck_0] run data modify entity @s {} merge value {transformation:[-0.003918309794127994f,-0.16340283886031315f,0.9865516504982127f,-0.3413023642392894f,0.11425881258895304f,0.9800250082882604f,0.16277563354309893f,0.23889197722461544f,-0.9934432900745364f,0.1133600255027549f,0.01483017275337728f,0.5876080546555571f,0f,0f,0f,1f],start_interpolation:0}
execute if entity @s[tag=aj.dino.bone.neck_1] run data modify entity @s {} merge value {transformation:[-0.4299187523979816f,-0.03292899680710318f,0.9022668937214978f,-0.2650202158602642f,0.20213040109548985f,0.9704588757158359f,0.13173029832704414f,0.254522045186145f,-0.8799506618495945f,0.23900889463288483f,-0.4105625177690081f,0.5539291048689383f,0f,0f,0f,1f],start_interpolation:0}
execute if entity @s[tag=aj.dino.bone.neck_2] run data modify entity @s {} merge value {transformation:[-0.7125732515987426f,-0.017480454751663932f,0.7013799218737802f,-0.20374521893200997f,0.27066477445706855f,0.9154538035461648f,0.2978001233058241f,0.28957443438400426f,-0.6472865987907515f,0.40204324055322066f,-0.6475965501385611f,0.5011310447047157f,0f,0f,0f,1f],start_interpolation:0}
execute if entity @s[tag=aj.dino.bone.body_0] run data modify entity @s {} merge value {transformation:[-0.9471309968710153f,0.1302866827820427f,0.29320343629597573f,-0.0643183954067503f,0.19685781969667912f,0.9575910341613748f,0.21039584149411875f,0.39785545708495657f,-0.25335720552292706f,0.25699181228864065f,-0.9326121030879952f,0.06404262606654479f,0f,0f,0f,1f],start_interpolation:0}
execute if entity @s[tag=aj.dino.bone.leg_left_3] run data modify entity @s {} merge value {transformation:[-0.9889171443469962f,-0.07552782510168432f,0.12782186531259737f,0.35798752021449975f,-0.07408953237248064f,0.9971236066813258f,0.01597667648954812f,0.056324173606140004f,-0.12866088298084052f,0.006329347062211138f,-0.9916684509231686f,0.17392512699775975f,0f,0f,0f,1f],start_interpolation:0}
execute if entity @s[tag=aj.dino.bone.leg_left_2] run data modify entity @s {} merge value {transformation:[-0.8880496235541337f,-0.3527793477749784f,0.37279591922326155f,0.2858985292646408f,-0.4299622980043669f,0.9181847087500791f,-0.1553430475207396f,0.2648838659290144f,-0.2802900067802269f,-0.29076755648058067f,-0.9428435393521807f,0.07657470744019068f,0f,0f,0f,1f],start_interpolation:0}
execute if entity @s[tag=aj.dino.bone.leg_left_1] run data modify entity @s {} merge value {transformation:[-0.8979231712284386f,-0.438290713421916f,0.04043796606126593f,0.18256666209218028f,-0.05859426958606549f,0.2100834313941627f,0.9759260542814343f,0.2713644524354186f,-0.43623467324679693f,0.873937184459937f,-0.21432010515931144f,0.3340507507625775f,0f,0f,0f,1f],start_interpolation:0}
execute if entity @s[tag=aj.dino.bone.leg_left_0] run data modify entity @s {} merge value {transformation:[-0.9174622656563682f,0.3116031193908785f,0.24731859429197298f,0.17810039619672816f,-0.08588975024641361f,0.4518682361190778f,-0.8879403403321882f,0.5110796165926139f,-0.38844039684267173f,-0.8358938887038877f,-0.3878085415874698f,-0.007744467323476306f,0f,0f,0f,1f],start_interpolation:0}
execute if entity @s[tag=aj.dino.bone.leg_right_3] run data modify entity @s {} merge value {transformation:[-0.9860143882822536f,0.06296775202654165f,0.15430712331288293f,-0.4902465017818791f,0.0620836045840008f,0.9980152257595797f,-0.010546809655645584f,0.06371853147245496f,-0.154664967404486f,-0.0008193636426892942f,-0.9879666373420664f,-0.16790499302064482f,0f,0f,0f,1f],start_interpolation:0}
execute if entity @s[tag=aj.dino.bone.leg_right_2] run data modify entity @s {} merge value {transformation:[-0.8628746533315129f,0.5345902895060259f,0.14738641221150314f,-0.3597407361871991f,0.5230606354732041f,0.8751627585458011f,-0.11207103628309122f,0.2634427378969235f,-0.1841659679666236f,-0.01911983057094606f,-1.0088505973743334f,-0.20325408891683885f,0f,0f,0f,1f],start_interpolation:0}
execute if entity @s[tag=aj.dino.bone.leg_right_1] run data modify entity @s {} merge value {transformation:[-0.9850324771791116f,-0.05119514841933434f,0.16459063059817666f,-0.401995665424727f,0.15462390862106676f,0.1595368400254391f,0.9750074069243991f,0.2581526070002218f,-0.07617391801087248f,0.9858636079362191f,-0.14923297478055303f,0.0709719512945037f,0f,0f,0f,1f],start_interpolation:0}
execute if entity @s[tag=aj.dino.bone.leg_right_0] run data modify entity @s {} merge value {transformation:[-0.9748527267034516f,0.22106832430748466f,-0.028123961789308496f,-0.19955598023625962f,0.19271711880727774f,0.7729250849170033f,-0.6045220634721821f,0.5884316861959139f,-0.11190296402449437f,-0.5947399508137352f,-0.7960917770889286f,-0.08472384913342396f,0f,0f,0f,1f],start_interpolation:0}
execute if entity @s[tag=aj.dino.bone.tail_4] run data modify entity @s {} merge value {transformation:[-1.3141165387667848f,0.9571084674174036f,2.2321967735254695f,0.6708880100316224f,2.3109325228454933f,1.2735874999831376f,0.8143875529142494f,0.8260287790672629f,-0.7472281639463046f,2.2555663574997324f,-1.4070294273826778f,-1.5913361820605918f,0f,0f,0f,1f],start_interpolation:0}
execute if entity @s[tag=aj.dino.bone.tail_3] run data modify entity @s {} merge value {transformation:[-1.1261647915511344f,1.0817471280108553f,1.3775055496640665f,0.4267282284361019f,1.6851931384607932f,1.1155073787961154f,0.5017099759627298f,0.7300411919523063f,-0.47730752602456944f,1.3861500513783243f,-1.4787532203544378f,-1.3541588483926335f,0f,0f,0f,1f],start_interpolation:0}
execute if entity @s[tag=aj.dino.bone.tail_2] run data modify entity @s {} merge value {transformation:[-1.2527861910250493f,1.101219261389933f,1.0181437879413384f,0.23679319384231876f,1.4074712383134034f,1.3214616205905372f,0.3025521006860482f,0.6751526104267385f,-0.5180013010603934f,0.927269755062041f,-1.6403107414297147f,-1.0493910511746365f,0f,0f,0f,1f],start_interpolation:0}
execute if entity @s[tag=aj.dino.bone.tail_1] run data modify entity @s {} merge value {transformation:[-1.1912702011214564f,0.7896744960847392f,0.4949199411554952f,0.12177709548095592f,0.8352789956824986f,1.260937477227314f,-0.0013884866772979657f,0.6592397371487441f,-0.4133286311056639f,0.2722262271658076f,-1.4292335617215925f,-0.7447687365281288f,0f,0f,0f,1f],start_interpolation:0}
execute if entity @s[tag=aj.dino.bone.tail_0] run data modify entity @s {} merge value {transformation:[-1.1890813107286333f,0.4371767232478652f,0.1696993391565298f,0.0827368574937693f,0.4439871455836959f,1.1983939427899748f,0.023729496934577404f,0.6812248072106091f,-0.15098598483417439f,0.0810196711829018f,-1.2666786340067069f,-0.3726606503313089f,0f,0f,0f,1f],start_interpolation:0}
execute if entity @s[tag=aj.dino.bone.body_1] run data modify entity @s {} merge value {transformation:[-1.187771970744674f,0.12488812906432918f,0.319695629917543f,1.8557991432579204e-17f,0.24328099798466846f,1.1186893515803256f,0.46685445883768184f,0.49733601851851855f,-0.2421088527690529f,0.5114114634380543f,-1.0992935065446583f,-0.1515375f,0f,0f,0f,1f],start_interpolation:0}