execute if entity @s[tag=aj.dino.bone.head_lower] run data modify entity @s {} merge value {transformation:[0.06260677453430852f,-0.3209337226189243f,0.9450301251644677f,-0.37802953267319817f,0.14687288873025606f,0.9395410638489112f,0.3093395285082168f,0.200047107473319f,-0.9871720956036187f,0.11943255430415753f,0.10595809848210933f,0.6161468993760327f,0f,0f,0f,1f],start_interpolation:0}
execute if entity @s[tag=aj.dino.bone.head_upper] run data modify entity @s {} merge value {transformation:[0.06516736552660568f,-0.8378622585386928f,0.6141758646920845f,-0.35448361234953063f,0.1528799286822866f,0.6164177341695609f,0.8246992463867483f,0.27078865641282407f,-1.0275470229921004f,0.03857402365857994f,0.16165117637173748f,0.6278378951226736f,0f,0f,0f,1f],start_interpolation:0}
execute if entity @s[tag=aj.dino.bone.neck_0] run data modify entity @s {} merge value {transformation:[-0.1559892222558406f,-0.19446340151717836f,0.9684272548882475f,-0.28865638060441046f,0.10249142322229306f,0.9719502302857961f,0.2116796117089622f,0.2686665648198486f,-0.9824270307284337f,0.13227522563865415f,-0.1316829297075226f,0.6174934017884327f,0f,0f,0f,1f],start_interpolation:0}
execute if entity @s[tag=aj.dino.bone.neck_1] run data modify entity @s {} merge value {transformation:[-0.5371126632931186f,-0.04735120422945135f,0.8421804143936108f,-0.21753078696631728f,0.16713726118545277f,0.9726528300984889f,0.16128114590622794f,0.28681008469980607f,-0.8267860199916294f,0.2273858737024379f,-0.5145100014450449f,0.5749551900191814f,0f,0f,0f,1f],start_interpolation:0}
execute if entity @s[tag=aj.dino.bone.neck_2] run data modify entity @s {} merge value {transformation:[-0.7775943245218305f,-0.0008501168507054208f,0.6287657304376396f,-0.16245451641229317f,0.23460139300826538f,0.9273924636181743f,0.2913853201909714f,0.3214173759775484f,-0.5833603113599859f,0.3740888874660054f,-0.7209356777164151f,0.5154583816474874f,0f,0f,0f,1f],start_interpolation:0}
execute if entity @s[tag=aj.dino.bone.body_0] run data modify entity @s {} merge value {transformation:[-0.966721147361153f,0.1345522653257387f,0.21759115593343403f,-0.058622842070141144f,0.17483986260878623f,0.9683797430826122f,0.17796543380722843f,0.414516845088059f,-0.18676521541142702f,0.21008655616903776f,-0.9596782758973743f,0.06516694606629475f,0f,0f,0f,1f],start_interpolation:0}
execute if entity @s[tag=aj.dino.bone.leg_left_3] run data modify entity @s {} merge value {transformation:[-0.9919854032848053f,-0.06469566925137175f,0.10853308274438467f,0.35887681260017745f,-0.0630461081528715f,0.9978379176006533f,0.01856551763807754f,0.05565668171978158f,-0.10949953386502947f,0.011574134028532357f,-0.9939194592645983f,0.15671286973433202f,0f,0f,0f,1f],start_interpolation:0}
execute if entity @s[tag=aj.dino.bone.leg_left_2] run data modify entity @s {} merge value {transformation:[-0.9070604614157408f,-0.33390634675060377f,0.3432347162462205f,0.2902440242051665f,-0.4069441500401684f,0.9250073082623141f,-0.17555665156891373f,0.26521773103341106f,-0.25238854487682866f,-0.29142791692229736f,-0.9504903950877057f,0.059015484745214175f,0f,0f,0f,1f],start_interpolation:0}
execute if entity @s[tag=aj.dino.bone.leg_left_1] run data modify entity @s {} merge value {transformation:[-0.9104110549246304f,-0.40892915579265227f,0.06267899659160645f,0.19395789784517314f,-0.03703939565644006f,0.23146715741003937f,0.9721373556292973f,0.27727926723967566f,-0.41204343732236226f,0.8827230033160036f,-0.22587674775493743f,0.31900949789685973f,0f,0f,0f,1f],start_interpolation:0}
execute if entity @s[tag=aj.dino.bone.leg_left_0] run data modify entity @s {} merge value {transformation:[-0.928596532129522f,0.28789272016334133f,0.23415008476184176f,0.17995951381086978f,-0.06659551321755752f,0.4914508635790536f,-0.8683553917070436f,0.5331849696184626f,-0.3650664571503601f,-0.8219451504597827f,-0.43718720418069157f,-0.010571441022400263f,0f,0f,0f,1f],start_interpolation:0}
execute if entity @s[tag=aj.dino.bone.leg_right_3] run data modify entity @s {} merge value {transformation:[-0.9882444436961201f,0.05502226804753618f,0.14263754597808836f,-0.47640136890175494f,0.055182888656818516f,0.9984722457837699f,-0.002832525199216507f,0.061782633990269786f,-0.1425754828265902f,0.005071924528235516f,-0.9897709367719099f,-0.16559010864104068f,0f,0f,0f,1f],start_interpolation:0}
execute if entity @s[tag=aj.dino.bone.leg_right_2] run data modify entity @s {} merge value {transformation:[-0.8831450207738568f,0.5036430528505501f,0.1358703319287052f,-0.35343381069302304f,0.4905102056618804f,0.8926853321457267f,-0.12072628302945457f,0.265374339016784f,-0.17752974377432695f,-0.03897143297270848f,-1.009468482414468f,-0.20559597494330456f,0f,0f,0f,1f],start_interpolation:0}
execute if entity @s[tag=aj.dino.bone.leg_right_1] run data modify entity @s {} merge value {transformation:[-0.990833194938638f,-0.04173811017623487f,0.12848155496649152f,-0.3913199931295045f,0.11960233968169104f,0.1711529804419601f,0.9779580449224287f,0.26238598325843177f,-0.06280812169104014f,0.9843599887463679f,-0.16459207880360777f,0.06930235639033f,0f,0f,0f,1f],start_interpolation:0}
execute if entity @s[tag=aj.dino.bone.leg_right_0] run data modify entity @s {} merge value {transformation:[-0.9813711993942384f,0.19103319989188755f,-0.020417775064389104f,-0.20054246620505284f,0.16627965125952598f,0.7913244754720896f,-0.588350790001877f,0.6016468514978338f,-0.09623744892984365f,-0.5807855809658917f,-0.8083479834610754f,-0.08173829067690913f,0f,0f,0f,1f],start_interpolation:0}
execute if entity @s[tag=aj.dino.bone.tail_4] run data modify entity @s {} merge value {transformation:[-1.8025058348544287f,1.7510386579580273f,1.1447696996567862f,0.3496673089283898f,1.7231760355257446f,2.0995469538143756f,-0.4982251207221058f,0.4414439726034143f,-1.1862960834064644f,0.38913691506374504f,-2.463114978117984f,-1.7315085989059897f,0f,0f,0f,1f],start_interpolation:0}
execute if entity @s[tag=aj.dino.bone.tail_3] run data modify entity @s {} merge value {transformation:[-1.4305096214519768f,1.3786249951721183f,0.6236833103943403f,0.23042273927160203f,1.3086990244386172f,1.5580689694696994f,-0.4423499472741984f,0.5012032489547983f,-0.7595357874459757f,0.0880893586464945f,-1.9368250252737123f,-1.4039566718286298f,0f,0f,0f,1f],start_interpolation:0}
execute if entity @s[tag=aj.dino.bone.tail_2] run data modify entity @s {} merge value {transformation:[-1.490336763792106f,1.2148031831597532f,0.3491753594934512f,0.1646988464486056f,1.1126429550046433f,1.5169823783142544f,-0.528738114349005f,0.6006782181841741f,-0.5997464965891716f,-0.20442985367048794f,-1.8485903953445324f,-1.0607998791257218f,0f,0f,0f,1f],start_interpolation:0}
execute if entity @s[tag=aj.dino.bone.tail_1] run data modify entity @s {} merge value {transformation:[-1.3002084534769511f,0.7404504323449231f,0.22101444465756506f,0.10932994483632116f,0.6799360851268874f,1.301819636433062f,-0.36139840113040544f,0.6618841299460296f,-0.3671527579215464f,-0.21131739501874341f,-1.4519642078622652f,-0.7454194769151894f,0f,0f,0f,1f],start_interpolation:0}
execute if entity @s[tag=aj.dino.bone.tail_0] run data modify entity @s {} merge value {transformation:[-1.2129510653748752f,0.3748943924857289f,0.1484574823737061f,0.0749940875202358f,0.3738767448009801f,1.2219217970866625f,-0.030968017139495523f,0.7004208539442177f,-0.15100201749316403f,0.01403683978983589f,-1.2691875647144264f,-0.3741946378935553f,0f,0f,0f,1f],start_interpolation:0}
execute if entity @s[tag=aj.dino.bone.body_1] run data modify entity @s {} merge value {transformation:[-1.196721715503612f,0.10694029717400855f,0.29159132966992773f,1.8557991432579204e-17f,0.21532035319726378f,1.1221992180099496f,0.4721341500602489f,0.5150681965877915f,-0.2238277824519273f,0.5077768043091795f,-1.1048386469817482f,-0.1515375f,0f,0f,0f,1f],start_interpolation:0}