execute if entity @s[tag=aj.dino.bone.head_lower] run data modify entity @s {} merge value {transformation:[-0.99279962829087f,0.07547297268044452f,0.0930200433255515f,0.06423708266234245f,0.074460594000993f,0.9971212570285748f,-0.014311489187828708f,0.35396795072805587f,-0.09383239316211595f,-0.007282113465946316f,-0.9955613757157009f,0.81151182615085f,0f,0f,0f,1f],start_interpolation:0}
execute if entity @s[tag=aj.dino.bone.head_upper] run data modify entity @s {} merge value {transformation:[-1.0334047194214548f,-0.012482147129251315f,0.12405976166354353f,0.07218835409875997f,0.07750600127038612f,0.746962479010486f,0.7207716818113006f,0.42045295668082894f,-0.09767009894561601f,0.7248194213299337f,-0.7406546434191853f,0.7766983552264938f,0f,0f,0f,1f],start_interpolation:0}
execute if entity @s[tag=aj.dino.bone.neck_0] run data modify entity @s {} merge value {transformation:[-0.9964156079011534f,0.0544768856919267f,0.06471634458376006f,0.0758107390770544f,0.07106720709957291f,0.9540499831720769f,0.2910980619729815f,0.42376691951497286f,-0.04588451161385117f,0.29465386224291745f,-0.9545018140680981f,0.7102105200105701f,0f,0f,0f,1f],start_interpolation:0}
execute if entity @s[tag=aj.dino.bone.neck_1] run data modify entity @s {} merge value {transformation:[-0.9800791966466164f,0.15387647921354303f,0.12556590877052307f,0.08715670930764721f,0.16900748762633847f,0.9782384551493539f,0.12035777495965119f,0.43846942503291786f,-0.1043131699583342f,0.13918173016545335f,-0.9847574364082734f,0.6274298330385925f,0f,0f,0f,1f],start_interpolation:0}
execute if entity @s[tag=aj.dino.bone.neck_2] run data modify entity @s {} merge value {transformation:[-0.9856366408221233f,0.08314395184393586f,0.14699488270226985f,0.10084859474750836f,0.10198375309521461f,0.9868178906215329f,0.12565733107893962f,0.4591395135757826f,-0.13460953299634879f,0.13884355952308783f,-0.9811232030715937f,0.5428354472504535f,0f,0f,0f,1f],start_interpolation:0}
execute if entity @s[tag=aj.dino.bone.body_0] run data modify entity @s {} merge value {transformation:[-0.9828820033895104f,0.025618915647888926f,-0.18244626215422668f,0.015106407762895112f,0.028061439562720912f,0.9995476577851253f,-0.010818291266993685f,0.4635628343452162f,0.18208658111648487f,-0.015752808552639108f,-0.9831563080202526f,0.07932750092418897f,0f,0f,0f,1f],start_interpolation:0}
execute if entity @s[tag=aj.dino.bone.leg_left_3] run data modify entity @s {} merge value {transformation:[-0.9680742608229689f,0.06114748984326742f,-0.2430909500946703f,0.3483933359012229f,0.0034505634986161226f,0.9729486505946793f,0.23099570757383123f,0.04362992855013789f,0.25063981954909714f,0.22278219810357497f,-0.9420975390396346f,-0.1510548494208781f,0f,0f,0f,1f],start_interpolation:0}
execute if entity @s[tag=aj.dino.bone.leg_left_2] run data modify entity @s {} merge value {transformation:[-0.9889248901296006f,-0.26447404540124897f,-0.06436800829565462f,0.283221363547601f,-0.2651737025743799f,0.9908261597719614f,0.0029373585475044144f,0.27426946059065127f,0.06142205341606332f,0.01947305629171535f,-1.0236749146743358f,-0.17805655947204677f,0f,0f,0f,1f],start_interpolation:0}
execute if entity @s[tag=aj.dino.bone.leg_left_1] run data modify entity @s {} merge value {transformation:[-0.9913959380543976f,-0.01177594115389468f,0.13036648809867046f,0.29285232840864045f,0.129206472381007f,0.07152260107424124f,0.9890349867575114f,0.238671981753308f,-0.020970968124930472f,0.9973694625090117f,-0.06938568836862663f,0.09699516234775199f,0f,0f,0f,1f],start_interpolation:0}
execute if entity @s[tag=aj.dino.bone.leg_left_0] run data modify entity @s {} merge value {transformation:[-0.996750938017821f,0.06184544506071204f,-0.05160143879618386f,0.2054377014560839f,0.07993183732566028f,0.8384355826795475f,-0.5391072945885184f,0.6210498682122715f,0.00992315183487813f,-0.5414802993849821f,-0.8406548735572833f,-0.04601921981842902f,0f,0f,0f,1f],start_interpolation:0}
execute if entity @s[tag=aj.dino.bone.leg_right_3] run data modify entity @s {} merge value {transformation:[-0.9993079586169711f,-0.01341161903480054f,-0.034694845721623624f,-0.35638871104178144f,-0.01610599900951865f,0.9967773956414225f,0.07858384270451853f,0.009873371308433188f,0.033529101399937256f,0.0790882545841574f,-0.9963035919568614f,-0.1517587301023572f,0f,0f,0f,1f],start_interpolation:0}
execute if entity @s[tag=aj.dino.bone.leg_right_2] run data modify entity @s {} merge value {transformation:[-0.9705593018155707f,0.2615735170956583f,-0.2040983496115864f,-0.300218152555462f,0.2655569376082936f,0.9907040156633575f,0.0068750081670942795f,0.24060552820256637f,0.19888779260696454f,-0.0463362493454102f,-1.0051660546642147f,-0.19393232611137354f,0f,0f,0f,1f],start_interpolation:0}
execute if entity @s[tag=aj.dino.bone.leg_right_1] run data modify entity @s {} merge value {transformation:[-0.9519678352888201f,0.27086508041594437f,-0.14279127699821736f,-0.23801849529519017f,-0.12913764069205944f,0.06767440831859062f,0.9893147346599145f,0.2039491496959528f,0.2776341303442468f,0.9602355349964883f,-0.029444982560720367f,0.0740245700701769f,0f,0f,0f,1f],start_interpolation:0}
execute if entity @s[tag=aj.dino.bone.leg_right_0] run data modify entity @s {} merge value {transformation:[-0.9643788114494373f,-0.19291875300324862f,-0.18098580819236104f,-0.1868975425975383f,-0.08876517511498623f,0.8805306223253382f,-0.46560344375246887f,0.59789834582381f,0.24918718208241847f,-0.4329528587352486f,-0.8662895418962411f,-0.05441980555582168f,0f,0f,0f,1f],start_interpolation:0}
execute if entity @s[tag=aj.dino.bone.tail_4] run data modify entity @s {} merge value {transformation:[-1.0746658571822418f,0.1951485950493367f,-2.536271210430191f,-1.0679618236379913f,1.829569315035541f,1.9722110671237467f,-0.6234749071093352f,0.9283706023480872f,1.7673230458767686f,-1.923008545005685f,-0.8968103026549025f,-1.1509770336725915f,0f,0f,0f,1f],start_interpolation:0}
execute if entity @s[tag=aj.dino.bone.tail_3] run data modify entity @s {} merge value {transformation:[-0.738096569559867f,0.28002832885357437f,-1.9268479740467008f,-0.743979909263343f,1.3786054766378926f,1.530343235523968f,-0.30568291956615423f,0.9652275192840858f,1.3749930617397348f,-1.3840445233336796f,-0.7278463873937142f,-1.0140172210746015f,0f,0f,0f,1f],start_interpolation:0}
execute if entity @s[tag=aj.dino.bone.tail_2] run data modify entity @s {} merge value {transformation:[-0.5387372191628957f,0.6793670335277342f,-1.7512842480440274f,-0.41865670178646286f,0.836125517158466f,1.7181769583595579f,0.4093115370003187f,0.8901645125494713f,1.6820910210948439f,-0.6364764320230575f,-0.7643568690304807f,-0.8708325861934292f,0f,0f,0f,1f],start_interpolation:0}
execute if entity @s[tag=aj.dino.bone.tail_1] run data modify entity @s {} merge value {transformation:[-0.6412414952660003f,0.4366876603056375f,-1.2983718581692278f,-0.143986995292857f,0.12411573020304095f,1.4462124118821065f,0.4251131558000849f,0.7808878750240537f,1.3642070518309126f,0.07368715664842429f,-0.6489727056509234f,-0.7333849749930774f,0f,0f,0f,1f],start_interpolation:0}
execute if entity @s[tag=aj.dino.bone.tail_0] run data modify entity @s {} merge value {transformation:[-1.122791008017832f,0.35295705020462603f,-0.4985954167550858f,0.010231656277874859f,0.24371008916024942f,1.2154580339232086f,0.31161334502402055f,0.7191583805470848f,0.5601619956225448f,0.17865834731801672f,-1.1349605500535207f,-0.397411779157302f,0f,0f,0f,1f],start_interpolation:0}
execute if entity @s[tag=aj.dino.bone.body_1] run data modify entity @s {} merge value {transformation:[-1.2339386678007078f,-0.07743715954336783f,0.0018562015837652129f,0.015016057638504303f,-0.07281415352445869f,1.169711909803839f,0.3937978442879316f,0.5488175000000001f,-0.02642079122549386f,0.3929149137423527f,-1.1719745762626885f,-0.15140971468406342f,0f,0f,0f,1f],start_interpolation:0}