execute if entity @s[tag=aj.dino.bone.head_lower] run data modify entity @s {} merge value {transformation:[-0.9975949838080418f,-0.02089319402037055f,0.06608874885076896f,-0.03148474253859723f,-0.0234279382971649f,0.9990101258349451f,-0.03781402102912884f,0.3634510759230095f,-0.06523327362762894f,-0.039271400826483394f,-0.9970969747667219f,0.8115270820404498f,0f,0f,0f,1f],start_interpolation:0}
execute if entity @s[tag=aj.dino.bone.head_upper] run data modify entity @s {} merge value {transformation:[-1.0383962029812142f,-0.06415397534217344f,0.0330081151461266f,-0.030972158478557787f,-0.02438613121187799f,0.760287112824495f,0.7105214741730314f,0.4294970304637779f,-0.0679012873384683f,0.7080393464379622f,-0.7599616053834493f,0.7750150889672551f,0f,0f,0f,1f],start_interpolation:0}
execute if entity @s[tag=aj.dino.bone.neck_0] run data modify entity @s {} merge value {transformation:[-0.9961542648625382f,0.08112480728648938f,0.03309752617502132f,-0.029826935762659004f,0.08725655279323768f,0.9527684175386463f,0.29089282654535237f,0.43281329342119373f,-0.007935653143705229f,0.29266210582108765f,-0.9561829935872889f,0.7084386132477853f,0f,0f,0f,1f],start_interpolation:0}
execute if entity @s[tag=aj.dino.bone.neck_1] run data modify entity @s {} merge value {transformation:[-0.9733900023531048f,0.17827907977461482f,0.14397386232833767f,-0.01680915053086907f,0.19592171313340762f,0.9733287946782357f,0.11935551840230622f,0.4474082764620314f,-0.11885531389842603f,0.14438707409227822f,-0.9823572604674826f,0.6258852330491048f,0f,0f,0f,1f],start_interpolation:0}
execute if entity @s[tag=aj.dino.bone.neck_2] run data modify entity @s {} merge value {transformation:[-0.9668908362778847f,0.11136860916081483f,0.22960649732844748f,0.004396468972898016f,0.1404727678942555f,0.9834375178178815f,0.11453405619435031f,0.4670707867379637f,-0.21304814526763513f,0.1429953895822856f,-0.9665209808153318f,0.5426107604584547f,0f,0f,0f,1f],start_interpolation:0}
execute if entity @s[tag=aj.dino.bone.body_0] run data modify entity @s {} merge value {transformation:[-0.9960469137513465f,0.07781154278388594f,-0.04284751353356739f,-0.01505615126785155f,0.07826206442283949f,0.9968927631053888f,-0.008936897693190338f,0.47235551005306214f,0.042018982361464535f,-0.012254904230336316f,-0.9990416520063676f,0.07164943299262441f,0f,0f,0f,1f],start_interpolation:0}
execute if entity @s[tag=aj.dino.bone.leg_left_3] run data modify entity @s {} merge value {transformation:[-0.986162537011569f,0.007762374835054936f,-0.16559950522820474f,0.3537621991954204f,-0.044938787292855f,0.9489863593984232f,0.31209837403032936f,0.0933250422130642f,0.1595742961493287f,0.3152215652721873f,-0.9355059640621215f,-0.08121789069796992f,0f,0f,0f,1f],start_interpolation:0}
execute if entity @s[tag=aj.dino.bone.leg_left_2] run data modify entity @s {} merge value {transformation:[-0.9864458946683992f,-0.28072793321767114f,0.013361283766568593f,0.2872074983356177f,-0.2785879899437528f,0.9831486148156799f,0.08871151303976843f,0.3248049446050398f,-0.0370867665300663f,0.0816873808983989f,-1.0217700049673604f,-0.09381148621630084f,0f,0f,0f,1f],start_interpolation:0}
execute if entity @s[tag=aj.dino.bone.leg_left_1] run data modify entity @s {} merge value {transformation:[-0.9888630546378443f,-0.08845335410413961f,0.11969069855272566f,0.2765233661542436f,0.12129821149460766f,-0.013008058323462024f,0.9925308732260492f,0.2662152164419454f,-0.08623574120120481f,0.9959953787876636f,0.023592421942177144f,0.17723551843984972f,0f,0f,0f,1f],start_interpolation:0}
execute if entity @s[tag=aj.dino.bone.leg_left_0] run data modify entity @s {} merge value {transformation:[-0.9958544071958488f,0.09054283631473445f,-0.008717480179935663f,0.19698949009878464f,0.07577285839825026f,0.7727281110917358f,-0.6301981753851379f,0.6297259932034107f,-0.05032368824681947f,-0.628246178755336f,-0.7763853845098809f,-0.012083144935751272f,0f,0f,0f,1f],start_interpolation:0}
execute if entity @s[tag=aj.dino.bone.leg_right_3] run data modify entity @s {} merge value {transformation:[-0.9956852696091875f,0.00026323921964246054f,0.09279425945818685f,-0.2774227915418453f,0.002800390352323677f,0.9996257479356139f,0.027212531635979587f,0.0023273935477917396f,-0.092752367609429f,0.02735497704765652f,-0.9953133695141281f,-0.11375435745867472f,0f,0f,0f,1f],start_interpolation:0}
execute if entity @s[tag=aj.dino.bone.leg_right_2] run data modify entity @s {} merge value {transformation:[-1.0122620284773582f,0.16544661139830089f,0.003899228182394688f,-0.23716652169651292f,0.16233888399679103f,0.9973918775743236f,-0.1758343788686858f,0.2291320731510853f,-0.03215387917927175f,-0.1729134489456495f,-1.0105094095198417f,-0.18523961547879217f,0f,0f,0f,1f],start_interpolation:0}
execute if entity @s[tag=aj.dino.bone.leg_right_1] run data modify entity @s {} merge value {transformation:[-0.9707399627449473f,0.06280750407872282f,-0.23177390310675589f,-0.2271441599747231f,-0.20944004372791095f,0.2507038828173655f,0.9451361971819444f,0.24294287460756586f,0.11746826300405311f,0.9660242132429689f,-0.2302138714654543f,0.09174810931855845f,0f,0f,0f,1f],start_interpolation:0}
execute if entity @s[tag=aj.dino.bone.leg_right_0] run data modify entity @s {} merge value {transformation:[-0.9820829523954498f,-0.18467685771583625f,0.037517100613474005f,-0.1885161136920256f,-0.16958803095982253f,0.7792853151135843f,-0.6032862483129315f,0.6177458415379975f,0.08217648306788874f,-0.5988395911030988f,-0.7966418076890431f,-0.08807927620706349f,0f,0f,0f,1f],start_interpolation:0}
execute if entity @s[tag=aj.dino.bone.tail_4] run data modify entity @s {} merge value {transformation:[-2.001757073522567f,0.4007601356561593f,-1.8595755601403305f,-0.7989108855458171f,1.4889995866701358f,2.0100899829572207f,-1.1696494444538532f,0.8601965237979035f,1.183853952605022f,-1.8505650233601352f,-1.6731886459146108f,-1.388890189639517f,0f,0f,0f,1f],start_interpolation:0}
execute if entity @s[tag=aj.dino.bone.tail_3] run data modify entity @s {} merge value {transformation:[-1.3249162794408205f,0.3841814773411942f,-1.5597906817855645f,-0.538187543981508f,1.2051329215205737f,1.574582380192769f,-0.6358384193316776f,0.9526026981245617f,1.0621661922620327f,-1.3073027371266601f,-1.2242173252985606f,-1.1685151875530335f,0f,0f,0f,1f],start_interpolation:0}
execute if entity @s[tag=aj.dino.bone.tail_2] run data modify entity @s {} merge value {transformation:[-1.0214781096793115f,0.6083099759200863f,-1.5509079017288103f,-0.2504877302048263f,0.7687989739983712f,1.786060788759335f,0.19418772216134625f,0.9174971075870924f,1.4779392693977007f,-0.5086449715226373f,-1.172923562692686f,-0.9494994378111055f,0f,0f,0f,1f],start_interpolation:0}
execute if entity @s[tag=aj.dino.bone.tail_1] run data modify entity @s {} merge value {transformation:[-0.9734637570651572f,0.34081227517568163f,-1.1062872849175138f,-0.015663107430496814f,0.10123476681130927f,1.4649888647269795f,0.36223666050610714f,0.8215431274249436f,1.1531591762064979f,0.1590939009375667f,-0.9656962747236936f,-0.7447388282477327f,0f,0f,0f,1f],start_interpolation:0}
execute if entity @s[tag=aj.dino.bone.tail_0] run data modify entity @s {} merge value {transformation:[-1.2151002004175397f,0.3022485722963625f,-0.25692999060851796f,0.06671160389197145f,0.2261499746233648f,1.2079527943551511f,0.3514853512900098f,0.7479809912052191f,0.3259193282196286f,0.2886720695502435f,-1.2017823198643225f,-0.38658393110110434f,0f,0f,0f,1f],start_interpolation:0}
execute if entity @s[tag=aj.dino.bone.body_1] run data modify entity @s {} merge value {transformation:[-1.2124586775750517f,-0.12022381845402533f,0.20998757988400318f,0.025990360366924106f,-0.03767893048132559f,1.153678437511362f,0.44295705895196674f,0.56729125f,-0.23901641873936297f,0.42799169542635546f,-1.1350325348972747f,-0.151533043938354f,0f,0f,0f,1f],start_interpolation:0}