execute if entity @s[tag=aj.dino.bone.head_lower] run data modify entity @s {} merge value {transformation:[-0.9679238173717291f,0.12633592947280792f,-0.21716978769797007f,-0.1274308085528465f,0.1135924272455531f,0.9910410103669518f,0.070245827230627f,0.389746619880343f,0.22409873769614005f,0.04332376593848952f,-0.9736030028034546f,0.7938391082383376f,0f,0f,0f,1f],start_interpolation:0}
execute if entity @s[tag=aj.dino.bone.head_upper] run data modify entity @s {} merge value {transformation:[-1.0075114982006423f,0.249135366190881f,-0.07952416544635922f,-0.1276314866006757f,0.11823831018971821f,0.7162691423862677f,0.7459558701774707f,0.45729119114370104f,0.23326428269343816f,0.7129951104752985f,-0.7215938535224227f,0.7601768576753236f,0f,0f,0f,1f],start_interpolation:0}
execute if entity @s[tag=aj.dino.bone.neck_0] run data modify entity @s {} merge value {transformation:[-0.9935382795861432f,0.11098651828620254f,-0.02374194085817813f,-0.13064716724762018f,0.10091347361160302f,0.9595723061013367f,0.2627498053415129f,0.4586728208207089f,0.051943795015835376f,0.2586561078383207f,-0.9645718532267483f,0.6935905751242746f,0f,0f,0f,1f],start_interpolation:0}
execute if entity @s[tag=aj.dino.bone.neck_1] run data modify entity @s {} merge value {transformation:[-0.9738970924646083f,0.18940936977256864f,0.12509414027579563f,-0.11917746641529817f,0.20555767635291963f,0.9696897713951849f,0.13209007890050825f,0.47432982375146376f,-0.09628340968915941f,0.15435620458508445f,-0.9833125988843613f,0.6110021917609068f,0f,0f,0f,1f],start_interpolation:0}
execute if entity @s[tag=aj.dino.bone.neck_2] run data modify entity @s {} merge value {transformation:[-0.953873209154758f,0.13500687100810094f,0.26813997396398204f,-0.09436459199978489f,0.1745332687511892f,0.976109690646994f,0.1294141024929456f,0.4952241936756053f,-0.24426223399418134f,0.1702439913936214f,-0.9546480736054204f,0.529034655730758f,0f,0f,0f,1f],start_interpolation:0}
execute if entity @s[tag=aj.dino.bone.body_0] run data modify entity @s {} merge value {transformation:[-0.9855456926485592f,0.13411967165623975f,0.10349686650664233f,-0.04430924940633852f,0.13423301906839527f,0.9909322253586681f,-0.005900960726995308f,0.5018829611253981f,-0.10334981516023706f,0.008077030428326748f,-0.9946122748517658f,0.060354564200269356f,0f,0f,0f,1f],start_interpolation:0}
execute if entity @s[tag=aj.dino.bone.leg_left_3] run data modify entity @s {} merge value {transformation:[-0.9955349328761257f,-0.06321318005658984f,-0.07010200632264929f,0.3271785115448392f,-0.08425969302369328f,0.9298761804122924f,0.35809299523084703f,0.13145722462851003f,0.04254998889401247f,0.3624008595036434f,-0.9310505439964796f,-0.028050097491790275f,0f,0f,0f,1f],start_interpolation:0}
execute if entity @s[tag=aj.dino.bone.leg_left_2] run data modify entity @s {} merge value {transformation:[-0.9895545533042175f,-0.25845165423660144f,0.07776070960291506f,0.2678017869782395f,-0.24930438553882087f,0.9885113295888488f,0.11293747883803723f,0.3649812888502694f,-0.10339878571190107f,0.09005716627534581f,-1.0164942682654212f,-0.038632539322927595f,0f,0f,0f,1f],start_interpolation:0}
execute if entity @s[tag=aj.dino.bone.leg_left_1] run data modify entity @s {} merge value {transformation:[-0.9781575954522811f,-0.14907271031996672f,0.1448621603348189f,0.23910106421737387f,0.15155759135884514f,-0.0345185472681519f,0.9878455174752789f,0.3001936922805104f,-0.1422603773385858f,0.9882235561513173f,0.05635768010775011f,0.2296811232130747f,0f,0f,0f,1f],start_interpolation:0}
execute if entity @s[tag=aj.dino.bone.leg_left_0] run data modify entity @s {} merge value {transformation:[-0.9886210473382424f,0.15040426406028407f,0.002642368695090505f,0.1829870309320299f,0.10873627475140282f,0.7266510261407835f,-0.6783470415368035f,0.6533655684587281f,-0.10394636748354363f,-0.6703408413344891f,-0.7347368978933515f,0.01420926957631291f,0f,0f,0f,1f],start_interpolation:0}
execute if entity @s[tag=aj.dino.bone.leg_right_3] run data modify entity @s {} merge value {transformation:[-0.9515454055679636f,0.0494325388812705f,0.3035090859303073f,-0.21410793758174718f,0.043736016472153603f,0.9987165548571826f,-0.025542198757119994f,0.02508402522819808f,-0.3043821644013434f,-0.011030283493745019f,-0.9524861315737893f,-0.03801969900894889f,0f,0f,0f,1f],start_interpolation:0}
execute if entity @s[tag=aj.dino.bone.leg_right_2] run data modify entity @s {} merge value {transformation:[-0.9763240923240653f,0.13257734302034146f,0.2850907125213844f,-0.17287912344506307f,0.013347616003690214f,0.9466921337741325f,-0.3945352259277906f,0.23354297421799872f,-0.314126260276504f,-0.3718325583761345f,-0.9028440843450498f,-0.15210792599563716f,0f,0f,0f,1f],start_interpolation:0}
execute if entity @s[tag=aj.dino.bone.leg_right_1] run data modify entity @s {} merge value {transformation:[-0.9491802564729491f,-0.21457897617955163f,-0.23024487769260238f,-0.2378657188308365f,-0.306657931702781f,0.46588035981026377f,0.8300098814272223f,0.3099802132722906f,-0.07083610411166459f,0.8584354101065466f,-0.5080067844325377f,0.10663417835865703f,0f,0f,0f,1f],start_interpolation:0}
execute if entity @s[tag=aj.dino.bone.leg_right_0] run data modify entity @s {} merge value {transformation:[-0.9566322640079119f,-0.09561225948810959f,0.27515996673694165f,-0.18657292595379582f,-0.2680539591993092f,0.658690367876976f,-0.7030462817081599f,0.6570039621476764f,-0.11402537619614134f,-0.7463144746698087f,-0.6557537026061355f,-0.11975231788128941f,0f,0f,0f,1f],start_interpolation:0}
execute if entity @s[tag=aj.dino.bone.tail_4] run data modify entity @s {} merge value {transformation:[-2.6276951139380307f,0.7803238457228284f,-0.3346257843958455f,-0.27425618405710545f,0.8353172875548229f,2.1810288198591055f,-1.4734380365852013f,0.7257700389513329f,-0.15206823763775618f,-1.5032861718050676f,-2.3114210495626737f,-1.6591015589206988f,0f,0f,0f,1f],start_interpolation:0}
execute if entity @s[tag=aj.dino.bone.tail_3] run data modify entity @s {} merge value {transformation:[-1.8869460971740935f,0.5929615469565851f,-0.6509812257160376f,-0.16967641886855805f,0.8438662096953464f,1.6574512558304306f,-0.9363176174381126f,0.8683154443247669f,0.25153483364796797f,-1.1122937851221808f,-1.742262405346768f,-1.3527935708518315f,0f,0f,0f,1f],start_interpolation:0}
execute if entity @s[tag=aj.dino.bone.tail_2] run data modify entity @s {} merge value {transformation:[-1.6436623547839369f,0.5059307513724178f,-0.9279989295708483f,0.0017415450406784994f,0.6679219234688459f,1.8269332017165545f,-0.1870006834697514f,0.9040070785056051f,0.8191631355344167f,-0.47447131239329704f,-1.7095679589007222f,-1.034495796954725f,0f,0f,0f,1f],start_interpolation:0}
execute if entity @s[tag=aj.dino.bone.tail_1] run data modify entity @s {} merge value {transformation:[-1.3675703623280777f,0.2008126288208027f,-0.6140699000829863f,0.13273434770573686f,0.13943999686695363f,1.4954435395929566f,0.17849749903971723f,0.8471829387665881f,0.6308439120381479f,0.10478147735057158f,-1.3706615375973157f,-0.7414282624311925f,0f,0f,0f,1f],start_interpolation:0}
execute if entity @s[tag=aj.dino.bone.tail_0] run data modify entity @s {} merge value {transformation:[-1.263480554631165f,0.17865496912213066f,0.07439762537152438f,0.11530489506129826f,0.19160378359895192f,1.2238961543657023f,0.3149633471111183f,0.7846781226959465f,-0.027213870792615738f,0.3224846072618711f,-1.2365673454768515f,-0.3722924155546371f,0f,0f,0f,1f],start_interpolation:0}
execute if entity @s[tag=aj.dino.bone.body_1] run data modify entity @s {} merge value {transformation:[-1.1623078165515441f,-0.14701349140714778f,0.3950090732928958f,0.03337322064312836f,0.011443159210192802f,1.1472844517674141f,0.46066477605335165f,0.600302265625f,-0.42132432726668184f,0.4367264763364765f,-1.0772002558374432f,-0.15127507265272777f,0f,0f,0f,1f],start_interpolation:0}