execute if entity @s[tag=aj.dino.bone.head_lower] run data modify entity @s {} merge value {transformation:[-0.9646561688800713f,0.18237762689013892f,0.19020220043823f,0.21800764458673885f,0.21226839396427172f,0.9655088491427868f,0.15078060601682247f,0.3333213818831037f,-0.1561428985431359f,0.18582535735709704f,-0.9700970733888724f,0.76834692052447f,0f,0f,0f,1f],start_interpolation:0}
execute if entity @s[tag=aj.dino.bone.head_upper] run data modify entity @s {} merge value {transformation:[-1.0041102042471959f,0.02572380215871286f,0.27308043927140035f,0.23709900728638425f,0.2209500828322463f,0.6899191150036988f,0.7474387053347207f,0.4004083776676807f,-0.16252907803400912f,0.7789877042280703f,-0.6709950804874822f,0.7395317967408108f,0f,0f,0f,1f],start_interpolation:0}
execute if entity @s[tag=aj.dino.bone.neck_0] run data modify entity @s {} merge value {transformation:[-0.9898039753011165f,-0.05045991564934063f,0.13319867638519628f,0.2468507729018191f,-0.0054554630869903175f,0.9478899347159448f,0.3185512668107102f,0.40562223172572914f,-0.1423317547162729f,0.31457664976419214f,-0.9385005077369557f,0.6737864163134387f,0f,0f,0f,1f],start_interpolation:0}
execute if entity @s[tag=aj.dino.bone.neck_1] run data modify entity @s {} merge value {transformation:[-0.9935154816814208f,0.03874912862966427f,0.10689009631287755f,0.2560842793839897f,0.05699445899973524f,0.9832151076920417f,0.17331959972678876f,0.42483422574158336f,-0.09837997409362326f,0.17828784881917356f,-0.9790479169380677f,0.5916695575784034f,0f,0f,0f,1f],start_interpolation:0}
execute if entity @s[tag=aj.dino.bone.neck_2] run data modify entity @s {} merge value {transformation:[-0.999690338415333f,-0.024045170573414612f,0.0064075776337522705f,0.2564102139933933f,-0.02234810463464071f,0.9807828439893321f,0.19381840767955047f,0.4514166489243027f,-0.01094483888763631f,0.19361519234887703f,-0.9810164972075806f,0.507620768541881f,0f,0f,0f,1f],start_interpolation:0}
execute if entity @s[tag=aj.dino.bone.body_0] run data modify entity @s {} merge value {transformation:[-0.9110538641619282f,-0.1117472051581632f,-0.3968544049584914f,0.06830968932733698f,-0.12480983275929174f,0.9921549110607008f,0.0071510911566529944f,0.4642384470913334f,0.39294193240505204f,0.056046361143900464f,-0.917853715556194f,0.07557366599952714f,0f,0f,0f,1f],start_interpolation:0}
execute if entity @s[tag=aj.dino.bone.leg_left_3] run data modify entity @s {} merge value {transformation:[-0.9301829691691715f,0.05780189407104985f,-0.3625170132689264f,0.349956287078373f,0.04144059798847712f,0.9977472910256853f,0.05275433716069197f,-0.003235906216119022f,0.3647496685481444f,0.034048264165823044f,-0.9304828827019405f,-0.25605442875076095f,0f,0f,0f,1f],start_interpolation:0}
execute if entity @s[tag=aj.dino.bone.leg_left_2] run data modify entity @s {} merge value {transformation:[-0.9612823556014913f,-0.31671561318325514f,-0.16640208134484596f,0.2694964552725358f,-0.2893621624294961f,0.9688239707601771f,-0.17237126249843351f,0.2168196004392305f,0.2103995514825731f,-0.11460162977520288f,-0.9973267742768634f,-0.3132633574459345f,0f,0f,0f,1f],start_interpolation:0}
execute if entity @s[tag=aj.dino.bone.leg_left_1] run data modify entity @s {} merge value {transformation:[-0.9942343841323502f,0.08392916142097999f,0.06673743531285334f,0.30855868149719623f,0.08505633372740769f,0.23829739719779056f,0.967460474945416f,0.22855313080349404f,0.06529478923940295f,0.967558911049828f,-0.24406217270657174f,-0.03876408165940354f,0f,0f,0f,1f],start_interpolation:0}
execute if entity @s[tag=aj.dino.bone.leg_left_0] run data modify entity @s {} merge value {transformation:[-0.995661338515288f,-0.006028877665942123f,-0.0928555416764884f,0.19797942520242312f,0.03113395704412311f,0.9187993448386593f,-0.3934951596180378f,0.6249567002175433f,0.0876879450364739f,-0.3946788777704471f,-0.9146252826907535f,-0.10907565110248277f,0f,0f,0f,1f],start_interpolation:0}
execute if entity @s[tag=aj.dino.bone.leg_right_3] run data modify entity @s {} merge value {transformation:[-0.9905579573072967f,0.029459138753209546f,-0.13389209222024573f,-0.5001077107715173f,0.01142858728882816f,0.9909846435310347f,0.1334871667174401f,0.0650179744264529f,0.1366174242466064f,0.1306965777271431f,-0.9819644005576963f,-0.14946131992256984f,0f,0f,0f,1f],start_interpolation:0}
execute if entity @s[tag=aj.dino.bone.leg_right_2] run data modify entity @s {} merge value {transformation:[-0.8040786660083892f,0.4801563463237923f,-0.4182936545727776f,-0.3998636809357519f,0.38934603575251997f,0.9038314144399374f,0.2890685700936612f,0.284029255435788f,0.503914043081418f,0.06782961637207613f,-0.89080411978664f,-0.16196193346558696f,0f,0f,0f,1f],start_interpolation:0}
execute if entity @s[tag=aj.dino.bone.leg_right_1] run data modify entity @s {} merge value {transformation:[-0.8659994969579246f,0.48940583374709395f,0.10260020059889428f,-0.2895958609595869f,-0.00875028463032127f,-0.21998227383779081f,0.975464623508225f,0.17235769305423881f,0.49996830278279636f,0.8438540923000059f,0.1947869788282141f,0.06691326329617106f,0f,0f,0f,1f],start_interpolation:0}
execute if entity @s[tag=aj.dino.bone.leg_right_0] run data modify entity @s {} merge value {transformation:[-0.8733333452514347f,-0.06984551185703347f,-0.4820896934651968f,-0.176226984232691f,0.04203365474118303f,0.9751704708916732f,-0.21742981527382887f,0.5680539693901835f,0.48530613012925916f,-0.21015269965989336f,-0.8487130274036221f,-0.002938245263076844f,0f,0f,0f,1f],start_interpolation:0}
execute if entity @s[tag=aj.dino.bone.tail_4] run data modify entity @s {} merge value {transformation:[1.0195193393790332f,-0.02688559157338452f,-2.566226570900919f,-1.329159028712245f,1.9819585122586096f,1.7624532186420157f,0.7689346132045521f,1.0655187370093273f,1.6303625682398926f,-2.1257227356040924f,0.6699866259994123f,-0.7016564174407136f,0f,0f,0f,1f],start_interpolation:0}
execute if entity @s[tag=aj.dino.bone.tail_3] run data modify entity @s {} merge value {transformation:[0.45844428094248935f,0.15825306072512627f,-2.0250260087432697f,-0.9873380811366662f,1.5607590851668598f,1.3011275430427072f,0.4550205718966979f,0.9756315084269351f,1.299925169148084f,-1.618013785958334f,0.1678435852469449f,-0.7142829518455245f,0f,0f,0f,1f],start_interpolation:0}
execute if entity @s[tag=aj.dino.bone.tail_2] run data modify entity @s {} merge value {transformation:[0.2959204619139435f,0.7491162723961031f,-1.780457740485514f,-0.6559578046532725f,0.980284351806447f,1.4938024899913616f,0.7914357747169372f,0.8295856474879091f,1.664406063683628f,-1.0129920070413942f,-0.14957781869714387f,-0.6854870696831603f,0f,0f,0f,1f],start_interpolation:0}
execute if entity @s[tag=aj.dino.bone.tail_1] run data modify entity @s {} merge value {transformation:[-0.031080230590622794f,0.5282912417881284f,-1.4168975379738618f,-0.35748538433872556f,0.20237401604293925f,1.40590138322163f,0.5197521604439562f,0.700361746967303f,1.4985776679562146f,-0.17890196898152133f,-0.09957564259119271f,-0.6633043096059048f,0f,0f,0f,1f],start_interpolation:0}
execute if entity @s[tag=aj.dino.bone.tail_0] run data modify entity @s {} merge value {transformation:[-0.8842865033339674f,0.32259038849917976f,-0.8647592369286153f,-0.09699795571472193f,0.26038035065849224f,1.2361480924952384f,0.19487350511388596f,0.6732456349678427f,0.8854801915324665f,-0.041340673099979235f,-0.9208971146307794f,-0.39519439315433336f,0f,0f,0f,1f],start_interpolation:0}
execute if entity @s[tag=aj.dino.bone.body_1] run data modify entity @s {} merge value {transformation:[-1.1769214347659824f,-0.08967925447030912f,-0.3679920688850248f,-0.0054044202498479636f,-0.17896551720889559f,1.19033126572545f,0.28228959694407985f,0.52744f,0.33381413255700215f,0.3219840123520857f,-1.1460798470225004f,-0.15043479093268344f,0f,0f,0f,1f],start_interpolation:0}