execute if entity @s[tag=aj.dino.bone.head_lower] run data modify entity @s {} merge value {transformation:[-0.9949134374276747f,-0.08398004376410653f,-0.0556291674863757f,-0.118055351671008f,-0.08148092113120445f,0.9956234934163777f,-0.04576809859474601f,0.3850456263096797f,0.05922931299161688f,-0.041002580488875506f,-0.9974019635411765f,0.7964477053093758f,0f,0f,0f,1f],start_interpolation:0}
execute if entity @s[tag=aj.dino.bone.head_upper] run data modify entity @s {} merge value {transformation:[-1.035604982471201f,-0.021523184128027444f,-0.10262073576681038f,-0.1259345336527574f,-0.08481345685508691f,0.7709441014216192f,0.6942073268145543f,0.45018746800344855f,0.0616517672140936f,0.6990378298859871f,-0.7687763748784013f,0.759166135548443f,0f,0f,0f,1f],start_interpolation:0}
execute if entity @s[tag=aj.dino.bone.neck_0] run data modify entity @s {} merge value {transformation:[-0.9939365826036336f,0.108700666856646f,-0.016560035843276588f,-0.1284485864990308f,0.09992565016676232f,0.9558167552817987f,0.27645830564720586f,0.4525167938355701f,0.04587956190898064f,0.2731272511989503f,-0.9608832241492956f,0.6925854323849074f,0f,0f,0f,1f],start_interpolation:0}
execute if entity @s[tag=aj.dino.bone.neck_1] run data modify entity @s {} merge value {transformation:[-0.9715825015838053f,0.19324878799857453f,0.1366833879929693f,-0.11597943655634796f,0.21082751867583047f,0.96903261524554f,0.1285595113532307f,0.46787168392013456f,-0.10760669117274715f,0.153722791177727f,-0.9822372948974102f,0.6100852233262082f,0f,0f,0f,1f],start_interpolation:0}
execute if entity @s[tag=aj.dino.bone.neck_2] run data modify entity @s {} merge value {transformation:[-0.9501004974102832f,0.1353063136905441f,0.28107160350381916f,-0.09003072267491062f,0.17460978043306272f,0.9773287920482507f,0.1197491411686302f,0.4879312665097128f,-0.2584965558723166f,0.16285156956254046f,-0.9521863771831475f,0.5282609739353838f,0f,0f,0f,1f],start_interpolation:0}
execute if entity @s[tag=aj.dino.bone.body_0] run data modify entity @s {} merge value {transformation:[-0.9868244407316148f,0.13013640969595183f,0.09613551917050606f,-0.04348270102518195f,0.1300129694974161f,0.9914833662549166f,-0.007573783881436702f,0.4938068889858671f,-0.09630239320598069f,0.005024869278512312f,-0.99533943946351f,0.05920909680009398f,0f,0f,0f,1f],start_interpolation:0}
execute if entity @s[tag=aj.dino.bone.leg_left_3] run data modify entity @s {} merge value {transformation:[-0.9948301289718882f,-0.06019368922716672f,-0.081790795735211f,0.3385676010574381f,-0.08630429257283309f,0.9255981772278494f,0.3685370855097019f,0.13843482132103788f,0.05352180465266983f,0.37369069307343716f,-0.9260079277938258f,-0.022616579355898024f,0f,0f,0f,1f],start_interpolation:0}
execute if entity @s[tag=aj.dino.bone.leg_left_2] run data modify entity @s {} merge value {transformation:[-0.9826832028898455f,-0.28219193123155495f,0.08224132906668055f,0.2738061836671742f,-0.27005878165850794f,0.9801026938950038f,0.13612186954921274f,0.3706831483708177f,-0.11603523907835506f,0.10875947254495098f,-1.0132963041107308f,-0.028760313252976344f,0f,0f,0f,1f],start_interpolation:0}
execute if entity @s[tag=aj.dino.bone.leg_left_1] run data modify entity @s {} merge value {transformation:[-0.9804178307278701f,-0.15517221661987454f,0.12125370254195025f,0.24474553372197294f,0.13169003983845187f,-0.05880730795855926f,0.9895450641269519f,0.2996025916698901f,-0.1464192972193351f,0.9861355300971266f,0.07809036868816877f,0.23791630503894334f,0f,0f,0f,1f],start_interpolation:0}
execute if entity @s[tag=aj.dino.bone.leg_left_0] run data modify entity @s {} merge value {transformation:[-0.9901961015657176f,0.13881296777537847f,0.015576919510823364f,0.18284428710599396f,0.08945544167374044f,0.7158253813714489f,-0.692525629373654f,0.6474363026276797f,-0.10728189222329626f,-0.6843427382253802f,-0.721225077378191f,0.015459064758538754f,0f,0f,0f,1f],start_interpolation:0}
execute if entity @s[tag=aj.dino.bone.leg_right_3] run data modify entity @s {} merge value {transformation:[-0.9570173747886048f,0.04537912160340342f,0.28645851300883013f,-0.2197631217969962f,0.04055375006114406f,0.9989181353675238f,-0.022758563000491727f,0.02192246150392335f,-0.2871813672728521f,-0.010163373277244536f,-0.9578223050936545f,-0.04384837971840333f,0f,0f,0f,1f],start_interpolation:0}
execute if entity @s[tag=aj.dino.bone.leg_right_2] run data modify entity @s {} merge value {transformation:[-0.9822807794188374f,0.13316887530554755f,0.2635388406570663f,-0.179053230642784f,0.028588290788662915f,0.9540530739106515f,-0.3755364713208476f,0.2326607375153276f,-0.2938866780151796f,-0.3522938862827262f,-0.9173776963027329f,-0.15386272356487188f,0f,0f,0f,1f],start_interpolation:0}
execute if entity @s[tag=aj.dino.bone.leg_right_1] run data modify entity @s {} merge value {transformation:[-0.9529943826472993f,-0.19332570200429405f,-0.23329569131734776f,-0.23818013259244353f,-0.2972444571667383f,0.4473324569344825f,0.8435279519118557f,0.3035296184433008f,-0.058714898674386166f,0.8732232509029436f,-0.48377031198302173f,0.10785276478386466f,0f,0f,0f,1f],start_interpolation:0}
execute if entity @s[tag=aj.dino.bone.leg_right_0] run data modify entity @s {} merge value {transformation:[-0.9605386421395787f,-0.09729572093747813f,0.26057448003192923f,-0.18590675505709628f,-0.25876837932596797f,0.656141130846688f,-0.7088848582613689f,0.6489480640296665f,-0.10200217065173589f,-0.7483397350792523f,-0.6554259668977482f,-0.12075359998798277f,0f,0f,0f,1f],start_interpolation:0}
execute if entity @s[tag=aj.dino.bone.tail_4] run data modify entity @s {} merge value {transformation:[-2.593664918123912f,0.7227723431187392f,-0.6133219090460783f,-0.3710961485751462f,0.9454379265562546f,2.10178782373673f,-1.521281171454189f,0.7615793027320641f,0.06863491183274419f,-1.638825620868391f,-2.2215312657856163f,-1.6133373318470623f,0f,0f,0f,1f],start_interpolation:0}
execute if entity @s[tag=aj.dino.bone.tail_3] run data modify entity @s {} merge value {transformation:[-1.8203401565175168f,0.5592129799024663f,-0.8423705145141475f,-0.2337335764072135f,0.9256767879034031f,1.6196018729137147f,-0.9251798655589462f,0.9026065428987189f,0.40673053112726115f,-1.1832650347269777f,-1.6644517591945838f,-1.3195286445467176f,0f,0f,0f,1f],start_interpolation:0}
execute if entity @s[tag=aj.dino.bone.tail_2] run data modify entity @s {} merge value {transformation:[-1.5410205890769164f,0.5261303713206278f,-1.0803778280850769f,-0.033908003582014984f,0.6947022514836614f,1.8236200024713287f,-0.102823846323603f,0.9226689011019036f,0.9805193526021512f,-0.4651567412854153f,-1.625110728600414f,-1.0168097548197153f,0f,0f,0f,1f],start_interpolation:0}
execute if entity @s[tag=aj.dino.bone.tail_1] run data modify entity @s {} merge value {transformation:[-1.3085591409310855f,0.22347886467983136f,-0.7248354445852612f,0.12058685946540681f,0.1219222685925735f,1.488539554078956f,0.23883300936776575f,0.8529623627411271f,0.7486415598314994f,0.14820068482917526f,-1.3058440266391786f,-0.738333521003355f,0f,0f,0f,1f],start_interpolation:0}
execute if entity @s[tag=aj.dino.bone.tail_0] run data modify entity @s {} merge value {transformation:[-1.2613650443726008f,0.20452669084395073f,0.031028602149586283f,0.11645517412787493f,0.2052099418929881f,1.2128879788866311f,0.3473144785415762f,0.780738147272601f,0.026130847043499005f,0.3477172701905292f,-1.2297339531085836f,-0.3705856410951103f,0f,0f,0f,1f],start_interpolation:0}
execute if entity @s[tag=aj.dino.bone.body_1] run data modify entity @s {} merge value {transformation:[-1.1597636883589717f,-0.1590661441032128f,0.39780742077087944f,0.034684754810340085f,0.004754660405031509f,1.1431455891574298f,0.47095663308907304f,0.5942483593750001f,-0.4284042196625477f,0.4433065743323675f,-1.0717059768356594f,-0.1512888573941778f,0f,0f,0f,1f],start_interpolation:0}