execute if entity @s[tag=aj.dino.bone.head_lower] run data modify entity @s {} merge value {transformation:[-0.9900889803739596f,-0.1402926794774805f,0.006463360355242587f,-0.06153700893680133f,-0.1328180312202182f,0.950309324590032f,0.2815520523456051f,0.40898281438344075f,-0.04564188344972141f,0.2779031336316057f,-0.9595241877060193f,0.8030708383229157f,0f,0f,0f,1f],start_interpolation:0}
execute if entity @s[tag=aj.dino.bone.head_upper] run data modify entity @s {} merge value {transformation:[-1.0305832071341796f,-0.11955922221279916f,-0.08411770408425503f,-0.07034045507941944f,-0.1382502333562788f,0.6024670824036017f,0.8374916299167017f,0.48020260321535774f,-0.04750861746536358f,0.8403635817831884f,-0.6123756398343811f,0.779710669090908f,0f,0f,0f,1f],start_interpolation:0}
execute if entity @s[tag=aj.dino.bone.neck_0] run data modify entity @s {} merge value {transformation:[-0.9982501821779506f,0.05763199862657874f,-0.013233537546492757f,-0.07180907623764911f,0.054510067346192126f,0.9836231233893353f,0.17179698394244894f,0.4753276571649449f,0.022917817077592814f,0.17077500949528435f,-0.9850434862442793f,0.7132365063869217f,0f,0f,0f,1f],start_interpolation:0}
execute if entity @s[tag=aj.dino.bone.neck_1] run data modify entity @s {} merge value {transformation:[-0.9937893056693172f,0.09334606933162477f,0.06057497237004643f,-0.06624754735824169f,0.10239085504467427f,0.9802359019483319f,0.16927400667190678f,0.4941832115221812f,-0.04357669951381006f,0.1744250207736141f,-0.9837057402432943f,0.6307072733180504f,0f,0f,0f,1f],start_interpolation:0}
execute if entity @s[tag=aj.dino.bone.neck_2] run data modify entity @s {} merge value {transformation:[-0.9889175257914563f,0.06705807854170072f,0.13245882864044767f,-0.05398662002790132f,0.09567453464051819f,0.9700687089319046f,0.22318844811617863f,0.5232337724439058f,-0.11352757640249647f,0.23338790468548906f,-0.965733697943016f,0.548386771829819f,0f,0f,0f,1f],start_interpolation:0}
execute if entity @s[tag=aj.dino.bone.body_0] run data modify entity @s {} merge value {transformation:[-0.9952033897251421f,0.07437740842378501f,0.06354694481836548f,-0.02332864544905166f,0.07678021061965291f,0.9963891298959405f,0.036242255481858526f,0.5498064634927188f,-0.0606218800169432f,0.0409475633142197f,-0.9973205526418472f,0.07874341204681093f,0f,0f,0f,1f],start_interpolation:0}
execute if entity @s[tag=aj.dino.bone.leg_left_3] run data modify entity @s {} merge value {transformation:[-0.9950511214023365f,-0.006088828081877504f,-0.09917757795258872f,0.24273346484405556f,-0.024135535260690563f,0.9830391896983177f,0.18180051555195165f,0.06477244866193449f,0.09638849378236194f,0.1832945108012366f,-0.9783212052166216f,-0.09351374840244003f,0f,0f,0f,1f],start_interpolation:0}
execute if entity @s[tag=aj.dino.bone.leg_left_2] run data modify entity @s {} merge value {transformation:[-1.0194084891172128f,-0.10467785845773002f,-0.043715875436264984f,0.21540070346890774f,-0.09835222885524698f,1.012530556127214f,-0.13103782464851382f,0.296589613937984f,0.056527611798666416f,-0.12604212929855246f,-1.0163563401912346f,-0.154216253334293f,0f,0f,0f,1f],start_interpolation:0}
execute if entity @s[tag=aj.dino.bone.leg_left_1] run data modify entity @s {} merge value {transformation:[-0.9578841086053504f,-0.019175079237579523f,0.286514137203674f,0.2140726589524587f,0.27616362699010544f,0.21189660167895868f,0.9374611892364285f,0.29893590161393924f,-0.07868726459220154f,0.9771039589179551f,-0.19767692798567987f,0.12328350683077377f,0f,0f,0f,1f],start_interpolation:0}
execute if entity @s[tag=aj.dino.bone.leg_left_0] run data modify entity @s {} merge value {transformation:[-0.9723839350643269f,0.21877640094257073f,-0.08127957442943784f,0.19352349976187497f,0.2282808365110537f,0.8191177710208444f,-0.5262451300293972f,0.689931299401582f,-0.048552471725222764f,-0.5302668795884383f,-0.8464394212824164f,-0.02165651362560711f,0f,0f,0f,1f],start_interpolation:0}
execute if entity @s[tag=aj.dino.bone.leg_right_3] run data modify entity @s {} merge value {transformation:[-0.968769320219879f,0.02488489817851769f,0.2467118684687833f,-0.19089027568806527f,0.02368761386184575f,0.9996888227758833f,-0.007820138521844655f,0.026657149730683588f,-0.24682970070525456f,-0.0017318948044097726f,-0.9690573251310481f,-0.07394865719020771f,0f,0f,0f,1f],start_interpolation:0}
execute if entity @s[tag=aj.dino.bone.leg_right_2] run data modify entity @s {} merge value {transformation:[-0.9935029042716803f,0.08986553788052672f,0.23861761000788392f,-0.16102709750577815f,-0.0035713367145411706f,0.9548863494546727f,-0.37448832382318f,0.2376719452617778f,-0.2549537688650677f,-0.36356353533772784f,-0.9245984701560596f,-0.18687349379331789f,0f,0f,0f,1f],start_interpolation:0}
execute if entity @s[tag=aj.dino.bone.leg_right_1] run data modify entity @s {} merge value {transformation:[-0.9449991253230553f,-0.17243275742198585f,-0.27792732378539364f,-0.2119517143528112f,-0.3265213768295871f,0.4480390674656113f,0.8322528368818314f,0.3087477118558303f,-0.018985352563783656f,0.8772274153219315f,-0.47969950822950913f,0.07650513947410628f,0f,0f,0f,1f],start_interpolation:0}
execute if entity @s[tag=aj.dino.bone.leg_right_0] run data modify entity @s {} merge value {transformation:[-0.9582455746001016f,-0.1958250167589144f,0.20836981924139608f,-0.19438098275291457f,-0.2809792123266533f,0.7800714124223889f,-0.5590521207916421f,0.6932104709272477f,-0.05306694827870381f,-0.5942568084024871f,-0.8025227377885783f,-0.08531863764993278f,0f,0f,0f,1f],start_interpolation:0}
execute if entity @s[tag=aj.dino.bone.tail_4] run data modify entity @s {} merge value {transformation:[-2.7040281896936906f,0.5264578370611492f,0.19166383784834728f,-0.04324956234989355f,0.478782133182014f,2.661969057969871f,-0.5570904190135357f,0.6380113236628984f,-0.29096486022807183f,-0.5122735712565047f,-2.6978837206048314f,-1.7910618515404408f,0f,0f,0f,1f],start_interpolation:0}
execute if entity @s[tag=aj.dino.bone.tail_3] run data modify entity @s {} merge value {transformation:[-2.038918179895298f,0.4110149895463436f,-0.09912043232909463f,-0.030464504281716508f,0.4223051761049546f,1.9562201313059449f,-0.5751579453965314f,0.7163937069994613f,-0.020408820932399156f,-0.5832795232870904f,-1.9988281576430176f,-1.4464266129077104f,0f,0f,0f,1f],start_interpolation:0}
execute if entity @s[tag=aj.dino.bone.tail_2] run data modify entity @s {} merge value {transformation:[-1.9023789353717624f,0.3055362451095645f,-0.3261531299572716f,0.028832648858433202f,0.37128581407710276f,1.8742928622810482f,-0.40981335467526603f,0.7932976533851646f,0.24874707138312152f,-0.4609205401470417f,-1.8826712472313527f,-1.0963678826510301f,0f,0f,0f,1f],start_interpolation:0}
execute if entity @s[tag=aj.dino.bone.tail_1] run data modify entity @s {} merge value {transformation:[-1.4924399719830028f,0.11802804244793728f,-0.21528715991271366f,0.075143108031241f,0.13169324350613204f,1.5041661279045964f,-0.08830288375431662f,0.7937867557242501f,0.20721020641418472f,-0.10587677205318304f,-1.4944933219982586f,-0.773673322503305f,0f,0f,0f,1f],start_interpolation:0}
execute if entity @s[tag=aj.dino.bone.tail_0] run data modify entity @s {} merge value {transformation:[-1.2731204802053346f,0.09074573626251617f,0.06903021668761763f,0.0571607305689675f,0.0968745834694425f,1.2690267062158327f,0.11841558416291594f,0.7898068447912678f,-0.06012715312891179f,0.12317526880505054f,-1.2708455040623325f,-0.39933029036493184f,0f,0f,0f,1f],start_interpolation:0}
execute if entity @s[tag=aj.dino.bone.body_1] run data modify entity @s {} merge value {transformation:[-1.2200034221824922f,-0.04777592810050434f,0.19471442066111416f,0.015110403079004278f,0.010313364922466475f,1.1842063022864588f,0.35518116952515705f,0.6274675000000001f,-0.2002245724760923f,0.3521043728433626f,-1.1681340788871792f,-0.15147220819337953f,0f,0f,0f,1f],start_interpolation:0}