execute if entity @s[tag=aj.dino.bone.head_lower] run data modify entity @s {} merge value {transformation:[-0.9888205068713732f,0.013744075298191799f,-0.14847594278144152f,-0.12290309364934557f,0.01424174642604828f,0.9998959607850604f,-0.002289162392127231f,0.38743683524330685f,0.14842903304062988f,-0.004378127444355839f,-0.9889133703973796f,0.795044375240178f,0f,0f,0f,1f],start_interpolation:0}
execute if entity @s[tag=aj.dino.bone.head_upper] run data modify entity @s {} merge value {transformation:[-1.029262853593868f,0.11693288957424812f,-0.10206184463907893f,-0.12763278383445217f,0.014824227920812645f,0.7554037969801137f,0.7159729662201544f,0.45376111973412736f,0.15449971864656123f,0.7065152124528892f,-0.7486240939846176f,0.759348775940958f,0f,0f,0f,1f],start_interpolation:0}
execute if entity @s[tag=aj.dino.bone.neck_0] run data modify entity @s {} merge value {transformation:[-0.9936361278671539f,0.1107000176554768f,-0.02080267983327949f,-0.13045372429276114f,0.10101231266171287f,0.9574697199675256f,0.27027439397035113f,0.4556634003984123f,0.04983731621888529f,0.2664530754868207f,-0.9625585698936525f,0.6927667973168449f,0f,0f,0f,1f],start_interpolation:0}
execute if entity @s[tag=aj.dino.bone.neck_1] run data modify entity @s {} merge value {transformation:[-0.9725390294401407f,0.19236926514881783f,0.13100344286213614f,-0.11846979210376818f,0.20923072183089228f,0.9691700627285419f,0.13012261353384408f,0.4711513389567641f,-0.10193302339160229f,0.15395926518679606f,-0.9828052723736218f,0.6102195625174067f,0f,0f,0f,1f],start_interpolation:0}
execute if entity @s[tag=aj.dino.bone.neck_2] run data modify entity @s {} merge value {transformation:[-0.9515906151180976f,0.13604532749427017f,0.27562106248640933f,-0.09299135108749146f,0.17549259467005757f,0.9766635453061522f,0.12381707671395167f,0.4915607900282447f,-0.2523443092980924f,0.16619262359381207f,-0.9532588113560105f,0.5283340708569081f,0f,0f,0f,1f],start_interpolation:0}
execute if entity @s[tag=aj.dino.bone.body_0] run data modify entity @s {} merge value {transformation:[-0.9859677040049802f,0.13308461123215976f,0.10077783939107138f,-0.04422733602162689f,0.1330457106972821f,0.9910842031690641f,-0.007137302977775206f,0.49763832179014467f,-0.10082918984204331f,0.006370909034536798f,-0.9948833529584615f,0.05950996829234903f,0f,0f,0f,1f],start_interpolation:0}
execute if entity @s[tag=aj.dino.bone.leg_left_3] run data modify entity @s {} merge value {transformation:[-0.9951740429395685f,-0.0630860252748685f,-0.07515835066267018f,0.33328697433258f,-0.08633218385645453f,0.9269784711112214f,0.3650447481157334f,0.13578079949987945f,0.04664095078243584f,0.3697716423839482f,-0.9279512671464968f,-0.024445669143782926f,0f,0f,0f,1f],start_interpolation:0}
execute if entity @s[tag=aj.dino.bone.leg_left_2] run data modify entity @s {} merge value {transformation:[-0.9857553129369484f,-0.27157796677068796f,0.08120388218535324f,0.27096282888705525f,-0.2606397643916751f,0.9839171288972884f,0.1266341035466551f,0.3686396638027992f,-0.11142520242353554f,0.10106775414498845f,-1.014609251306954f,-0.03241575547049172f,0f,0f,0f,1f],start_interpolation:0}
execute if entity @s[tag=aj.dino.bone.leg_left_1] run data modify entity @s {} merge value {transformation:[-0.9793286915253667f,-0.15338156802962435f,0.13186890666107406f,0.24180396069866378f,0.14079015271630763f,-0.04878699206401199f,0.9888366711967482f,0.30013764986455993f,-0.14523583185058753f,0.9869619668427556f,0.06937311548826486f,0.23492414082660604f,0f,0f,0f,1f],start_interpolation:0}
execute if entity @s[tag=aj.dino.bone.leg_left_0] run data modify entity @s {} merge value {transformation:[-0.9894461572554158f,0.1445613492212135f,0.009915553632218008f,0.18270778627016734f,0.09832596650233333f,0.7201019432633042f,-0.6868662137707714f,0.6502211920264539f,-0.10643451603626097f,-0.678642179369773f,-0.7267162349750909f,0.015250668964955888f,0f,0f,0f,1f],start_interpolation:0}
execute if entity @s[tag=aj.dino.bone.leg_right_3] run data modify entity @s {} merge value {transformation:[-0.9537103934394929f,0.047918563742845574f,0.29688431533900733f,-0.2168503251908502f,0.042529497838089445f,0.9987925995747511f,-0.024588307146914345f,0.023750752657166224f,-0.2977040934537653f,-0.010823783235722084f,-0.954596835557995f,-0.04016089891522584f,0f,0f,0f,1f],start_interpolation:0}
execute if entity @s[tag=aj.dino.bone.leg_right_2] run data modify entity @s {} merge value {transformation:[-0.9787090673888041f,0.13325850785141383f,0.2764650628865189f,-0.17572560373166873f,0.020132822169908988f,0.9498544813714798f,-0.3865660786860208f,0.23318259620351853f,-0.30624406995582293f,-0.3634292693281964f,-0.9089532085388997f,-0.15249135898593233f,0f,0f,0f,1f],start_interpolation:0}
execute if entity @s[tag=aj.dino.bone.leg_right_1] run data modify entity @s {} merge value {transformation:[-0.9508722896348186f,-0.2060333293863545f,-0.2310674273596604f,-0.23838068688335262f,-0.30238466284963356f,0.45808684281384315f,0.8358947063561049f,0.30727557601115807f,-0.0663732210906736f,0.8647003594441365f,-0.49788340392026453f,0.10750471128868913f,0f,0f,0f,1f],start_interpolation:0}
execute if entity @s[tag=aj.dino.bone.leg_right_0] run data modify entity @s {} merge value {transformation:[-0.9582729323719931f,-0.09476585784456143f,0.26968948676239884f,-0.18611946821312267f,-0.2639561734535697f,0.6554970960112987f,-0.7075667428705953f,0.6529370637635459f,-0.1097275060271159f,-0.7492282624859652f,-0.6531591575667683f,-0.12073678246816763f,0f,0f,0f,1f],start_interpolation:0}
execute if entity @s[tag=aj.dino.bone.tail_4] run data modify entity @s {} merge value {transformation:[-2.615035867987844f,0.7554238601386635f,-0.4653853588911741f,-0.3203605692383932f,0.8857324743959889f,2.137344601504832f,-1.5076131366562542f,0.7428781332357446f,-0.052218048004746304f,-1.5769445702215883f,-2.266314283040025f,-1.6370870616930604f,0f,0f,0f,1f],start_interpolation:0}
execute if entity @s[tag=aj.dino.bone.tail_3] run data modify entity @s {} merge value {transformation:[-1.8570910828202092f,0.578141737413585f,-0.7435794292572321f,-0.19993454714420342f,0.884356977214326f,1.636002170437439f,-0.9366723873483049f,0.8856935906152079f,0.3241465301471697f,-1.1511709498718397f,-1.7046055253955856f,-1.3367838453086365f,0f,0f,0f,1f],start_interpolation:0}
execute if entity @s[tag=aj.dino.bone.tail_2] run data modify entity @s {} merge value {transformation:[-1.5952623238368002f,0.5157578957139312f,-1.003945111128257f,-0.014360226401939735f,0.6824213760814183f,1.8252567765468624f,-0.14667187917142538f,0.9138985107980253f,0.8990067066583728f,-0.47032474704322247f,-1.670136356320876f,-1.0257562935906754f,0f,0f,0f,1f],start_interpolation:0}
execute if entity @s[tag=aj.dino.bone.tail_1] run data modify entity @s {} merge value {transformation:[-1.3401438650440811f,0.21096372761648288f,-0.6687039528931109f,0.12823892567342757f,0.13060477798720818f,1.4922800459923076f,0.209042833649253f,0.8505484672071432f,0.6889216667746959f,0.12747870396013464f,-1.340444839254872f,-0.7395239914246765f,0f,0f,0f,1f],start_interpolation:0}
execute if entity @s[tag=aj.dino.bone.tail_0] run data modify entity @s {} merge value {transformation:[-1.2626839531629663f,0.19075352001068918f,0.05548013709701379f,0.11662956237075373f,0.19863045692334605f,1.2182065282692423f,0.33219649704452076f,0.7828704233774046f,-0.0033003925818933934f,0.33678133212777567f,-1.2330462920438445f,-0.371072072759747f,0f,0f,0f,1f],start_interpolation:0}
execute if entity @s[tag=aj.dino.bone.body_1] run data modify entity @s {} merge value {transformation:[-1.1600033847163156f,-0.15404088118595444f,0.3990841382796319f,0.03422383699717019f,0.008541723446917233f,1.1448571143486006f,0.46672670990870213f,0.5972487500000001f,-0.42769589834776073f,0.44065654392633286f,-1.0730809027690558f,-0.15127713968517204f,0f,0f,0f,1f],start_interpolation:0}