execute if entity @s[tag=aj.dino.bone.head_lower] run data modify entity @s {} merge value {transformation:[-0.2697718035160769f,-0.48640259658158913f,0.8310449374530664f,-0.32563839011740986f,-0.241817278923133f,0.8696069152241952f,0.43047440877300835f,0.4417690742635964f,-0.9320662946603605f,-0.08483116781553425f,-0.35221597823658973f,0.7206023342207857f,0f,0f,0f,1f],start_interpolation:0}
execute if entity @s[tag=aj.dino.bone.head_upper] run data modify entity @s {} merge value {transformation:[-0.2808053578749663f,-0.43883272308920823f,0.9011360245369894f,-0.2734574894635317f,-0.2517075048738896f,0.9367172915335923f,0.3777247547032614f,0.4887640256960501f,-0.9701874177510132f,-0.11601077308417766f,-0.3588172481215731f,0.6929602532823274f,0f,0f,0f,1f],start_interpolation:0}
execute if entity @s[tag=aj.dino.bone.neck_0] run data modify entity @s {} merge value {transformation:[-0.4733158636816488f,0.15667271135388808f,0.8668481728101617f,-0.2197956129474578f,-0.17374616491238717f,0.9481210554128282f,-0.2662306039152941f,0.456215414937713f,-0.8635880750482442f,-0.2766227138177302f,-0.42153945347331573f,0.6704718740438675f,0f,0f,0f,1f],start_interpolation:0}
execute if entity @s[tag=aj.dino.bone.neck_1] run data modify entity @s {} merge value {transformation:[-0.6862505343516988f,0.1291519476043254f,0.7158072216260585f,-0.15856235942732716f,-0.06556804243493601f,0.9691188586279409f,-0.2377172052311894f,0.4405422570581542f,-0.7244039176545485f,-0.21006763739730722f,-0.6565900942026579f,0.6138823199728813f,0f,0f,0f,1f],start_interpolation:0}
execute if entity @s[tag=aj.dino.bone.neck_2] run data modify entity @s {} merge value {transformation:[-0.8062838274810951f,0.11351973213067312f,0.5805339438477441f,-0.106591802814294f,0.0949125444726931f,0.9935244244077739f,-0.06245660098757021f,0.44479781545485303f,-0.5838647090244062f,0.004742206467639301f,-0.8118371222318326f,0.5428057284521532f,0f,0f,0f,1f],start_interpolation:0}
execute if entity @s[tag=aj.dino.bone.body_0] run data modify entity @s {} merge value {transformation:[-0.9709425956949158f,0.1618691632567011f,0.17626358061662806f,-0.02197743214163037f,0.14924897544682772f,0.9853324577130103f,-0.08273264836393784f,0.415192751853649f,-0.187070091658959f,-0.05402149353557545f,-0.980860060886819f,0.08001543772863057f,0f,0f,0f,1f],start_interpolation:0}
execute if entity @s[tag=aj.dino.bone.leg_left_3] run data modify entity @s {} merge value {transformation:[-0.9982843774856075f,-0.05049550051800487f,0.02963960349952613f,0.36068945857080487f,-0.05076721994025373f,0.9986744501248077f,-0.008487169578362569f,0.10258366796130763f,-0.02917175085096599f,-0.009977329068952878f,-0.9995246179344158f,0.13785221182295201f,0f,0f,0f,1f],start_interpolation:0}
execute if entity @s[tag=aj.dino.bone.leg_left_2] run data modify entity @s {} merge value {transformation:[-0.9332875295742606f,-0.3380529906150215f,0.2583733000488016f,0.288426807541592f,-0.3886436561372142f,0.9308254078389205f,-0.18596335167581082f,0.313207685181305f,-0.1731839922919169f,-0.26710753482154465f,-0.9750502905779197f,0.04518773803522619f,0f,0f,0f,1f],start_interpolation:0}
execute if entity @s[tag=aj.dino.bone.leg_left_1] run data modify entity @s {} merge value {transformation:[-0.9424118224705181f,-0.32836563405068203f,0.06352926288168463f,0.21461949277946651f,-0.01929517567871448f,0.24301166174278271f,0.9698314433201984f,0.3281744121597251f,-0.33389766855029734f,0.9127548097005598f,-0.23535293562046533f,0.31228671413008807f,0f,0f,0f,1f],start_interpolation:0}
execute if entity @s[tag=aj.dino.bone.leg_left_0] run data modify entity @s {} merge value {transformation:[-0.9578683607011311f,0.23916876611084104f,0.1590173100160653f,0.18420317813773648f,-0.044816517410469624f,0.422416922795002f,-0.9052930040067684f,0.5625144646342339f,-0.2836894135052006f,-0.8742781277450669f,-0.39390109419961783f,-0.031903445773289796f,0f,0f,0f,1f],start_interpolation:0}
execute if entity @s[tag=aj.dino.bone.leg_right_3] run data modify entity @s {} merge value {transformation:[-0.9997522850973735f,0.01709176272542229f,-0.014256229849357026f,-0.4413232959201271f,0.015567153250286682f,0.994770310022702f,0.10094401436944933f,0.05128174600783211f,0.015906985329154025f,0.10069708011792272f,-0.9947899606818834f,-0.1462348036147169f,0f,0f,0f,1f],start_interpolation:0}
execute if entity @s[tag=aj.dino.bone.leg_right_2] run data modify entity @s {} merge value {transformation:[-0.9602622015469079f,0.36049780159443795f,-0.00019704455590029176f,-0.3558081414192451f,0.35828481710489746f,0.9544291897023943f,0.11295623567043946f,0.2766928227021659f,0.039883500511991195f,0.10568091781538823f,-1.0194621373534682f,-0.1531685558605866f,0f,0f,0f,1f],start_interpolation:0}
execute if entity @s[tag=aj.dino.bone.leg_right_1] run data modify entity @s {} merge value {transformation:[-0.9959755429827586f,0.08142968567832408f,-0.037442276513700426f,-0.3515359179835882f,-0.041054726346618955f,-0.043150081776499316f,0.9982247141236714f,0.21121056789470805f,0.07966948741396097f,0.9957445840841972f,0.04631949958911402f,0.11647418569203263f,0f,0f,0f,1f],start_interpolation:0}
execute if entity @s[tag=aj.dino.bone.leg_right_0] run data modify entity @s {} merge value {transformation:[-0.9914830067624193f,0.05044860926010493f,-0.12006825194477341f,-0.20666854198521126f,0.1143064948563739f,0.7789073467951377f,-0.6166339030106996f,0.5539417012712305f,0.06241372072711331f,-0.6251066172520336f,-0.7780400018846829f,-0.07288286368887201f,0f,0f,0f,1f],start_interpolation:0}
execute if entity @s[tag=aj.dino.bone.tail_4] run data modify entity @s {} merge value {transformation:[0.2182292863747583f,-0.08628090534700394f,2.751471045739145f,1.0338944690025222f,2.2681700625832977f,1.5697102480730751f,-0.13067377661658963f,0.23544625464789676f,-1.5599493188463658f,2.2702922001510877f,0.19491736752760788f,-1.1104921560004444f,0f,0f,0f,1f],start_interpolation:0}
execute if entity @s[tag=aj.dino.bone.tail_3] run data modify entity @s {} merge value {transformation:[0.20289882061305756f,0.471136316617981f,2.018119958228924f,0.6870854632189214f,1.6252257149341591f,1.2219967696402205f,-0.4486767171918565f,0.299567047690538f,-1.2858534015022962f,1.6188576194949793f,-0.2486494795740939f,-1.08417218560269f,0f,0f,0f,1f],start_interpolation:0}
execute if entity @s[tag=aj.dino.bone.tail_2] run data modify entity @s {} merge value {transformation:[-0.3292882106152916f,0.9125119237108985f,1.696368220180392f,0.37170796051181076f,1.146911170613764f,1.4755409736585432f,-0.5710932294984247f,0.40693121867560156f,-1.5475586955181768f,0.8993746155762955f,-0.7841946568205155f,-0.9393224374356425f,0f,0f,0f,1f],start_interpolation:0}
execute if entity @s[tag=aj.dino.bone.tail_1] run data modify entity @s {} merge value {transformation:[-1.064948246504805f,0.5036852677727925f,0.9486003548887127f,0.16244013726548148f,0.2614947624650023f,1.4172605225631227f,-0.4589655220029903f,0.48812110779644036f,-1.0417110786920303f,-0.15915405182638423f,-1.0849720117669084f,-0.7029078502014425f,0f,0f,0f,1f],start_interpolation:0}
execute if entity @s[tag=aj.dino.bone.tail_0] run data modify entity @s {} merge value {transformation:[-1.1363362896585032f,0.3010111295768228f,0.5019639959798504f,0.023018525672403065f,0.09497721464361399f,1.1765245325907494f,-0.4905151062859202f,0.6598526552508815f,-0.5775421041687913f,-0.39877066174310233f,-1.0682990189218005f,-0.4003490937086366f,0f,0f,0f,1f],start_interpolation:0}
execute if entity @s[tag=aj.dino.bone.body_1] run data modify entity @s {} merge value {transformation:[-1.2293357196927268f,-0.06384522433336648f,0.11516106405221102f,0.0005456203659425676f,-0.026962309310323864f,1.1804518433017783f,0.36662115947983454f,0.4951065625f,-0.1288848991172735f,0.36202462351545367f,-1.175130396936559f,-0.151532664875177f,0f,0f,0f,1f],start_interpolation:0}