execute if entity @s[tag=aj.dino.bone.head_lower] run data modify entity @s {} merge value {transformation:[-0.9973272386710679f,-0.050450647110007456f,-0.052849893196906916f,-0.10049125359459353f,-0.06404813684990739f,0.9517548190143201f,0.30010098408548014f,0.40159001759256446f,0.035159851689085836f,0.3026838229724206f,-0.9524422754897022f,0.7946478813791067f,0f,0f,0f,1f],start_interpolation:0}
execute if entity @s[tag=aj.dino.bone.head_upper] run data modify entity @s {} merge value {transformation:[-1.0381175071796986f,-0.010544363515635414f,-0.07531799432118472f,-0.10624250995554713f,-0.06666767896034492f,0.6222321988444205f,0.8317778873514158f,0.4728819578022542f,0.03659787497323125f,0.834378720787386f,-0.6212444675231773f,0.7705680391203735f,0f,0f,0f,1f],start_interpolation:0}
execute if entity @s[tag=aj.dino.bone.neck_0] run data modify entity @s {} merge value {transformation:[-0.9955895640401916f,0.09085389692354029f,-0.0233878042592279f,-0.1089078384513271f,0.08386130937953333f,0.9736063994963277f,0.21226836704734653f,0.4707770733573062f,0.04205592423679967f,0.20937083911950014f,-0.976931497579531f,0.7039857461305712f,0f,0f,0f,1f],start_interpolation:0}
execute if entity @s[tag=aj.dino.bone.neck_1] run data modify entity @s {} merge value {transformation:[-0.9846901923861774f,0.14804993355816368f,0.09201327182475492f,-0.10043105911591689f,0.16054773803227562f,0.9758811150272176f,0.14792049603065083f,0.4878036431394037f,-0.06789439469641578f,0.16042838435469378f,-0.9847096448507804f,0.6213069884107956f,0f,0f,0f,1f],start_interpolation:0}
execute if entity @s[tag=aj.dino.bone.neck_2] run data modify entity @s {} merge value {transformation:[-0.9728338851774541f,0.1072781923547965f,0.20514780353595652f,-0.08140825236561688f,0.14427088950197275f,0.9739717153819845f,0.1748285104843713f,0.5126557236975751f,-0.18105287153991695f,0.1996759551898067f,-0.9629898081631959f,0.5388968111909185f,0f,0f,0f,1f],start_interpolation:0}
execute if entity @s[tag=aj.dino.bone.body_0] run data modify entity @s {} merge value {transformation:[-0.9891335105552669f,0.11375034256068389f,0.093143748388933f,-0.0364263388381505f,0.11528248752471684f,0.9932693833148349f,0.011219636334598992f,0.5274056286912382f,-0.09124059604544069f,0.021835561286447924f,-0.9955894544924523f,0.06988724576478508f,0f,0f,0f,1f],start_interpolation:0}
execute if entity @s[tag=aj.dino.bone.leg_left_3] run data modify entity @s {} merge value {transformation:[-0.9968856292316899f,-0.03603687017807837f,-0.07014546470803339f,0.28497657139179666f,-0.05431936934752186f,0.9586112900787442f,0.2794884624582091f,0.09526692054044966f,0.05717034497906369f,0.2824282891661784f,-0.9575833191600825f,-0.06246710355419129f,0f,0f,0f,1f],start_interpolation:0}
execute if entity @s[tag=aj.dino.bone.leg_left_2] run data modify entity @s {} merge value {transformation:[-1.0109535547800543f,-0.17121270986064532f,0.02685735579762399f,0.24432877851236684f,-0.1713927161703498f,1.0112685120290912f,-0.004767905505870145f,0.3305788978248805f,-0.02568358273324944f,-0.009187168298088785f,-1.0253380657214193f,-0.09633600295376052f,0f,0f,0f,1f],start_interpolation:0}
execute if entity @s[tag=aj.dino.bone.leg_left_1] run data modify entity @s {} merge value {transformation:[-0.9691970058226755f,-0.09307200455461467f,0.22802360814737177f,0.2262526704065016f,0.2203789068007897f,0.0856162578232168f,0.9716496250365342f,0.2979165234757931f,-0.1099559063518155f,0.9919715007824238f,-0.06246791411449998f,0.17865455920681764f,0f,0f,0f,1f],start_interpolation:0}
execute if entity @s[tag=aj.dino.bone.leg_left_0] run data modify entity @s {} merge value {transformation:[-0.9816980662274701f,0.18478755603190347f,-0.04607022792435128f,0.18840911878027414f,0.1747463801261705f,0.7778510840724147f,-0.6036649680411885f,0.6727869851131165f,-0.0757139973719885f,-0.6006673373366702f,-0.7959058615557679f,-0.0011989399434245984f,0f,0f,0f,1f],start_interpolation:0}
execute if entity @s[tag=aj.dino.bone.leg_right_3] run data modify entity @s {} merge value {transformation:[-0.955897771302881f,0.0428838899470092f,0.29055192789103684f,-0.20053870949940425f,0.03874789550074872f,0.9990493261187531f,-0.019976100118133167f,0.026464617335112323f,-0.291132360641081f,-0.007836833842783664f,-0.9566506847448933f,-0.04787999189786213f,0f,0f,0f,1f],start_interpolation:0}
execute if entity @s[tag=aj.dino.bone.leg_right_2] run data modify entity @s {} merge value {transformation:[-0.980275800827102f,0.11529558255622675f,0.27897756622441705f,-0.16352104164233588f,-0.0022218103515771075f,0.9451554326169572f,-0.3984199684429854f,0.2344694616423294f,-0.3018552921057377f,-0.38137951746045307f,-0.9030477538813146f,-0.16421893240004237f,0f,0f,0f,1f],start_interpolation:0}
execute if entity @s[tag=aj.dino.bone.leg_right_1] run data modify entity @s {} merge value {transformation:[-0.9458283160465062f,-0.20998372802939302f,-0.24761993160387655f,-0.2262709880156587f,-0.31975527970132317f,0.47030859227192123f,0.8225365579342557f,0.31224522825605955f,-0.05626151142441116f,0.8571561479672666f,-0.511974589539519f,0.09467633603404352f,0f,0f,0f,1f],start_interpolation:0}
execute if entity @s[tag=aj.dino.bone.leg_right_0] run data modify entity @s {} merge value {transformation:[-0.9558241002458497f,-0.13945796649510106f,0.25875039124658933f,-0.1909515724368153f,-0.27790505769646723f,0.715514949604365f,-0.6409423810292048f,0.6776699516865718f,-0.09575525205405197f,-0.6845362170650391f,-0.7226625071430999f,-0.10413158371101f,0f,0f,0f,1f],start_interpolation:0}
execute if entity @s[tag=aj.dino.bone.tail_4] run data modify entity @s {} merge value {transformation:[-2.6576932765809715f,0.7437818151676335f,0.09547979180033464f,-0.1086115723336719f,0.6516182033982593f,2.4646303877809976f,-1.0614386935789144f,0.6620972859486612f,-0.37110846961005933f,-0.9990230200813328f,-2.5475268086383807f,-1.7468472954706216f,0f,0f,0f,1f],start_interpolation:0}
execute if entity @s[tag=aj.dino.bone.tail_3] run data modify entity @s {} merge value {transformation:[-1.984350628172248f,0.5661973230243827f,-0.2787807416534897f,-0.06688134595518613f,0.6305246306086321f,1.8181685359233206f,-0.7953913446968988f,0.7791740585135922f,0.02714407325173281f,-0.8423949741201661f,-1.904095436922434f,-1.415739577398473f,0f,0f,0f,1f],start_interpolation:0}
execute if entity @s[tag=aj.dino.bone.tail_2] run data modify entity @s {} merge value {transformation:[-1.819248790325028f,0.42949481488576496f,-0.5697735672088865f,0.037795280839941534f,0.5428935570228051f,1.8458181274330356f,-0.3420466359803947f,0.8436004387473385f,0.46300572312534494f,-0.47672163725660777f,-1.8376985759169902f,-1.0738864959410857f,0f,0f,0f,1f],start_interpolation:0}
execute if entity @s[tag=aj.dino.bone.tail_1] run data modify entity @s {} merge value {transformation:[-1.4573521091754698f,0.1622125655057141f,-0.3707669935065207f,0.11698963340237908f,0.16180045275847688f,1.5036615666303688f,0.02188050561247865f,0.820356709172101f,0.3709470223211962f,-0.01858027531443481f,-1.4661887088639987f,-0.7585063117879309f,0f,0f,0f,1f],start_interpolation:0}
execute if entity @s[tag=aj.dino.bone.tail_0] run data modify entity @s {} merge value {transformation:[-1.267460798896771f,0.1310196806636853f,0.10105782069079268f,0.09061992767973942f,0.1461203808860413f,1.2525690947128771f,0.20869885923001383f,0.7895967754037421f,-0.07763809717982995f,0.21849536112461718f,-1.257007485903464f,-0.38590682655553166f,0f,0f,0f,1f],start_interpolation:0}
execute if entity @s[tag=aj.dino.bone.body_1] run data modify entity @s {} merge value {transformation:[-1.1931322332907535f,-0.0932954242663899f,0.3103804645106125f,0.024744926313580044f,0.0153574815413252f,1.1664300100627785f,0.40964591349347584f,0.6157925f,-0.32373479377351017f,0.39917613968291094f,-1.1244815640394121f,-0.15136796015292472f,0f,0f,0f,1f],start_interpolation:0}