execute if entity @s[tag=aj.dino.bone.head_lower] run data modify entity @s {} merge value {transformation:[0.2784505694759437f,-0.21981607373410056f,0.9349578461549202f,-0.4732897027786334f,0.15093199785962175f,0.9713772615915375f,0.1834277723929209f,0.1581918819554945f,-0.9485171650426922f,0.09003948795417845f,0.3036578308364921f,0.5423732678247115f,0f,0f,0f,1f],start_interpolation:0}
execute if entity @s[tag=aj.dino.bone.head_upper] run data modify entity @s {} merge value {transformation:[0.28983908174643924f,-0.7694063196045421f,0.6383409470091052f,-0.44647100080365454f,0.15710505368374786f,0.6914225130037359f,0.7620530514354843f,0.22630029134011403f,-0.987311121877453f,-0.11584803169540397f,0.30865502547811063f,0.5607433055838236f,0f,0f,0f,1f],start_interpolation:0}
execute if entity @s[tag=aj.dino.bone.neck_0] run data modify entity @s {} merge value {transformation:[0.05540401392043942f,-0.11255294566069245f,0.9920999091143013f,-0.380510917570146f,0.13066364541220649f,0.985898470820346f,0.10455246052435471f,0.21701564804201148f,-0.9898774707048833f,0.12383876475968593f,0.06932931078337845f,0.5635359876195224f,0f,0f,0f,1f],start_interpolation:0}
execute if entity @s[tag=aj.dino.bone.neck_1] run data modify entity @s {} merge value {transformation:[-0.37493526167306745f,-0.017700046900759256f,0.9268820086148287f,-0.3020733880176729f,0.23221687931711993f,0.9661495953743481f,0.11238451992246001f,0.23098702234345803f,-0.8974958888565265f,0.2573745669208491f,-0.35813330170194857f,0.5343830889237661f,0f,0f,0f,1f],start_interpolation:0}
execute if entity @s[tag=aj.dino.bone.neck_2] run data modify entity @s {} merge value {transformation:[-0.6703979779110655f,-0.04222714850779492f,0.7407991759860801f,-0.23758725438333145f,0.2918663691099338f,0.9028916148201082f,0.315595872073957f,0.2674754609225254f,-0.6821880780219914f,0.4277892002101482f,-0.5929720283354211f,0.4866226155896781f,0f,0f,0f,1f],start_interpolation:0}
execute if entity @s[tag=aj.dino.bone.body_0] run data modify entity @s {} merge value {transformation:[-0.9253455465065205f,0.10800848446048536f,0.3634140707857886f,-0.06528264979966306f,0.2059701700118509f,0.9479815847995335f,0.24270806320815572f,0.39089357052948864f,-0.3182953166885091f,0.2994412833353377f,-0.8994570635714904f,0.06556442701779644f,0f,0f,0f,1f],start_interpolation:0}
execute if entity @s[tag=aj.dino.bone.leg_left_3] run data modify entity @s {} merge value {transformation:[-0.9889562877809988f,-0.08211660191166006f,0.12337878484127007f,0.3585910181090396f,-0.08105617552337206f,0.996616765319342f,0.013598510724951607f,0.04606369933333043f,-0.12407802894932998f,0.003447720245944086f,-0.9922664742684575f,0.16844596136135565f,0f,0f,0f,1f],start_interpolation:0}
execute if entity @s[tag=aj.dino.bone.leg_left_2] run data modify entity @s {} merge value {transformation:[-0.8910759722362391f,-0.35508768914265637f,0.3632609863765497f,0.28566458899311387f,-0.4260420319628568f,0.9218602171499428f,-0.1439587667977024f,0.25583805440927077f,-0.27664778727634115f,-0.27595048932060867f,-0.9483562246010282f,0.0743846624393823f,0f,0f,0f,1f],start_interpolation:0}
execute if entity @s[tag=aj.dino.bone.leg_left_1] run data modify entity @s {} merge value {transformation:[-0.9022728042997971f,-0.42940633541199535f,0.038909969532516187f,0.18491399455617064f,-0.0527846596904946f,0.19957325060510922f,0.9784601664576178f,0.2592132514194582f,-0.4279223835257267f,0.8807841487850195f,-0.20273558377036244f,0.33294086798376804f,0f,0f,0f,1f],start_interpolation:0}
execute if entity @s[tag=aj.dino.bone.leg_left_0] run data modify entity @s {} merge value {transformation:[-0.9215082615114184f,0.3061583942259779f,0.23893422025983288f,0.1785220423591712f,-0.08008995243874398f,0.4522002321918617f,-0.8883133172051325f,0.4997635057882244f,-0.3800106886451529f,-0.8377242909517411f,-0.3921860385899014f,-0.008236500308277772f,0f,0f,0f,1f],start_interpolation:0}
execute if entity @s[tag=aj.dino.bone.leg_right_3] run data modify entity @s {} merge value {transformation:[-0.9839591460544306f,0.07008489225516287f,0.16405031780956153f,-0.48714324326917335f,0.06782711039825703f,0.9975097967034933f,-0.019331026242244503f,0.056465085249888525f,-0.1649966120587285f,-0.007893881056736149f,-0.9862625434695383f,-0.16592650576670248f,0f,0f,0f,1f],start_interpolation:0}
execute if entity @s[tag=aj.dino.bone.leg_right_2] run data modify entity @s {} merge value {transformation:[-0.8598978617008429f,0.5369086204216992f,0.15609932818522973f,-0.3558324281041153f,0.524090977591237f,0.8737375192026617f,-0.1182099583188079f,0.25566575181448736f,-0.19484997857447608f,-0.019341157026933023f,-1.0068374272915561f,-0.20124840162356572f,0f,0f,0f,1f],start_interpolation:0}
execute if entity @s[tag=aj.dino.bone.leg_right_1] run data modify entity @s {} merge value {transformation:[-0.9839274105739615f,-0.05958944907127654f,0.16833284967765774f,-0.40054429168142647f,0.15657719301532755f,0.1653093965804019f,0.9737332211800437f,0.2520503230545752f,-0.08585122799739142f,0.9844398920003214f,-0.1533220978519883f,0.07261500153591355f,0f,0f,0f,1f],start_interpolation:0}
execute if entity @s[tag=aj.dino.bone.leg_right_0] run data modify entity @s {} merge value {transformation:[-0.974650977550008f,0.22299600774084458f,-0.01811773971717201f,-0.19818576285178016f,0.18664249279007955f,0.7657567027490402f,-0.6154520713102065f,0.5811109643260597f,-0.12336957423092264f,-0.6032325030422047f,-0.7879660496668099f,-0.08574344863443167f,0f,0f,0f,1f],start_interpolation:0}
execute if entity @s[tag=aj.dino.bone.tail_4] run data modify entity @s {} merge value {transformation:[-0.7334825498010621f,0.07951920065781132f,2.661078987453037f,0.8712704816800243f,2.4609070063538625f,1.0733021333330113f,0.6462356909528271f,0.818943878209397f,-1.015677796752398f,2.543100579786327f,-0.3559485719519681f,-1.4108147733862373f,0f,0f,0f,1f],start_interpolation:0}
execute if entity @s[tag=aj.dino.bone.tail_3] run data modify entity @s {} merge value {transformation:[-0.8012020718652365f,0.6472878968312675f,1.8097069223216928f,0.5580768435617538f,1.7863999736522544f,0.9741420325430923f,0.44245673304005834f,0.734386822336148f,-0.7090810251434757f,1.722791689407925f,-0.9301281743571208f,-1.2699582762728423f,0f,0f,0f,1f],start_interpolation:0}
execute if entity @s[tag=aj.dino.bone.tail_2] run data modify entity @s {} merge value {transformation:[-1.0446961723000519f,0.8470029546956617f,1.4177340291187264f,0.29395223551097327f,1.4794898847595148f,1.225418792240866f,0.35809543353691453f,0.6692032567071724f,-0.7338211386153136f,1.2647958939538557f,-1.2963686814180482f,-1.0292078283749095f,0f,0f,0f,1f],start_interpolation:0}
execute if entity @s[tag=aj.dino.bone.tail_1] run data modify entity @s {} merge value {transformation:[-1.1128826973010673f,0.7477158968294573f,0.700049490876483f,0.13523255799683542f,0.8689888053783663f,1.2364535737798557f,0.06080514792435764f,0.6401740921802158f,-0.5422239465156279f,0.44694490434005807f,-1.3393616741976286f,-0.7459375535921446f,0f,0f,0f,1f],start_interpolation:0}
execute if entity @s[tag=aj.dino.bone.tail_0] run data modify entity @s {} merge value {transformation:[-1.1749891278712838f,0.45721124791747064f,0.21022402513998542f,0.08483353365260063f,0.46511647588234595f,1.1905440666770994f,0.01035402080202799f,0.6658783557490697f,-0.1921013530173465f,0.08601404921134033f,-1.2607673735036142f,-0.3754363518662752f,0f,0f,0f,1f],start_interpolation:0}
execute if entity @s[tag=aj.dino.bone.body_1] run data modify entity @s {} merge value {transformation:[-1.1847886070836882f,0.14093272624206613f,0.32406560794833367f,1.8557991432579204e-17f,0.25584694757484183f,1.1241888198947876f,0.44648228598282735f,0.4863553836591221f,-0.24376810906593258f,0.4949162140744572f,-1.106453634412611f,-0.1515375f,0f,0f,0f,1f],start_interpolation:0}