execute if entity @s[tag=aj.dino.bone.head_lower] run data modify entity @s {} merge value {transformation:[-0.9966581026483952f,-0.06355237579926908f,0.05131980081381084f,-0.07069905712266573f,-0.06580839580953957f,0.9968820861288579f,-0.04353574848732672f,0.368936823972647f,-0.048392989846420216f,-0.04676753024957875f,-0.9977328884265962f,0.8065049683558462f,0f,0f,0f,1f],start_interpolation:0}
execute if entity @s[tag=aj.dino.bone.head_upper] run data modify entity @s {} merge value {transformation:[-1.0374210037725051f,-0.08452434280417431f,-0.009232496340484739f,-0.07355553802168706f,-0.06849993177798482f,0.7638722704242317f,0.7037605106901412f,0.43458350508372007f,-0.05037224296739304f,0.7020161910767865f,-0.7668818991135348f,0.769386101619758f,0f,0f,0f,1f],start_interpolation:0}
execute if entity @s[tag=aj.dino.bone.neck_0] run data modify entity @s {} merge value {transformation:[-0.9957980087327547f,0.08984193796261483f,0.01774125099878529f,-0.07354489134245512f,0.09111858010778189f,0.9526855381375752f,0.2899787402253154f,0.4378407588762727f,0.00915041873478839f,0.29037680969154694f,-0.956868631647175f,0.7027968649619015f,0f,0f,0f,1f],start_interpolation:0}
execute if entity @s[tag=aj.dino.bone.neck_1] run data modify entity @s {} merge value {transformation:[-0.971477929345076f,0.18444486630344875f,0.1490326276011601f,-0.0600701572879479f,0.20313992655111943f,0.9715472335404898f,0.12177907554513205f,0.45263284158682876f,-0.12233071174569772f,0.14858016117276254f,-0.9813048112944656f,0.6203519580496148f,0f,0f,0f,1f],start_interpolation:0}
execute if entity @s[tag=aj.dino.bone.neck_2] run data modify entity @s {} merge value {transformation:[-0.957941135019486f,0.12014010026154587f,0.2606053302346757f,-0.03606292915029033f,0.15393849939922435f,0.9815572840463603f,0.11335006192432276f,0.4721732164209803f,-0.24218117234891257f,0.14869988044608012f,-0.9587682855179491f,0.5378125302430935f,0f,0f,0f,1f],start_interpolation:0}
execute if entity @s[tag=aj.dino.bone.body_0] run data modify entity @s {} merge value {transformation:[-0.9951029400773924f,0.0973988993028366f,0.016840221611527845f,-0.02719834959112466f,0.09728187861226867f,0.9952275779280573f,-0.0076357203406516305f,0.4780553167726196f,-0.01750356372277634f,-0.0059600793659747575f,-0.9998290367412591f,0.06654007737976578f,0f,0f,0f,1f],start_interpolation:0}
execute if entity @s[tag=aj.dino.bone.leg_left_3] run data modify entity @s {} merge value {transformation:[-0.9908526037634361f,-0.021297664430860917f,-0.13325737167230078f,0.3530393820572254f,-0.06606763196915343f,0.9375913032595019f,0.3414053544661223f,0.11596875502138301f,0.11766981610084973f,0.3470863834003583f,-0.9304218703560514f,-0.052478800745452726f,0f,0f,0f,1f],start_interpolation:0}
execute if entity @s[tag=aj.dino.bone.leg_left_2] run data modify entity @s {} merge value {transformation:[-0.9825592580426434f,-0.2908292761748155f,0.04536337790572144f,0.285125110514782f,-0.2840804341296747f,0.9783456951675781f,0.11916462223520725f,0.3472617204359178f,-0.07705719226704333f,0.1015885444693291f,-1.0177446419673348f,-0.06037107143428294f,0f,0f,0f,1f],start_interpolation:0}
execute if entity @s[tag=aj.dino.bone.leg_left_1] run data modify entity @s {} merge value {transformation:[-0.9865095155706806f,-0.12017812483962037f,0.1111584184780176f,0.266227997461291f,0.11706537559335063f,-0.04324150555215217f,0.9921823774058738f,0.28056129193995294f,-0.11443196024576872f,0.9918101585019266f,0.056726854017255246f,0.20834315896013433f,0f,0f,0f,1f],start_interpolation:0}
execute if entity @s[tag=aj.dino.bone.leg_left_0] run data modify entity @s {} merge value {transformation:[-0.9943655316689398f,0.10565677981481612f,0.008592689212946855f,0.19139231078242702f,0.07322674483572313f,0.7432399178148642f,-0.6650054649454528f,0.6350315256246025f,-0.07664876560983042f,-0.6606292980527865f,-0.7467890580912203f,0.0008395397259005899f,0f,0f,0f,1f],start_interpolation:0}
execute if entity @s[tag=aj.dino.bone.leg_right_3] run data modify entity @s {} merge value {transformation:[-0.9864281745925606f,0.015353121885401881f,0.1634739674026451f,-0.2505116125055282f,0.0165226512839014f,0.9998466872751337f,0.005796890501981844f,0.006493528948922356f,-0.16335990439682463f,0.00841923947357287f,-0.9865306168802607f,-0.08884070904659558f,0f,0f,0f,1f],start_interpolation:0}
execute if entity @s[tag=aj.dino.bone.leg_right_2] run data modify entity @s {} merge value {transformation:[-1.0103652981483353f,0.14190918982670564f,0.10528981736639222f,-0.2126114006523206f,0.11211310945553236f,0.9872209530920157f,-0.254730524211369f,0.22856705572150285f,-0.13658262878760263f,-0.23941338959948522f,-0.9879719701968513f,-0.17496849036183443f,0f,0f,0f,1f],start_interpolation:0}
execute if entity @s[tag=aj.dino.bone.leg_right_1] run data modify entity @s {} merge value {transformation:[-0.9685708205503019f,-0.03768141327760599f,-0.2458671931590663f,-0.22909808242052085f,-0.2443557969649895f,0.32886880967751064f,0.9122146405922799f,0.26466349200953687f,0.04648451428293207f,0.9436235568883917f,-0.32774040461496384f,0.09969243199761524f,0f,0f,0f,1f],start_interpolation:0}
execute if entity @s[tag=aj.dino.bone.leg_right_0] run data modify entity @s {} merge value {transformation:[-0.9788081081439014f,-0.15756312845991582f,0.13079964824754275f,-0.18779887179121052f,-0.20462818960299897f,0.7280069836277541f,-0.6543188334512602f,0.6275616071831098f,0.007873465028558235f,-0.6672178747149562f,-0.7448209960851675f,-0.10256139805095785f,0f,0f,0f,1f],start_interpolation:0}
execute if entity @s[tag=aj.dino.bone.tail_4] run data modify entity @s {} merge value {transformation:[-2.2926794041687595f,0.5094652352596156f,-1.4524901567178516f,-0.6558917005051939f,1.3051727078913449f,2.024808785055728f,-1.3499388571845479f,0.8306220923532716f,0.8159697812271965f,-1.8072785866110996f,-1.9218737622697877f,-1.4773445339385722f,0f,0f,0f,1f],start_interpolation:0}
execute if entity @s[tag=aj.dino.bone.tail_3] run data modify entity @s {} merge value {transformation:[-1.5352976727395309f,0.4412427769193024f,-1.33570632773135f,-0.4337231741598274f,1.1160060747676845f,1.5857147555039934f,-0.7589365462955255f,0.9437922209970732f,0.8563509929968265f,-1.275444648755052f,-1.4056491207978954f,-1.2265171603944567f,0f,0f,0f,1f],start_interpolation:0}
execute if entity @s[tag=aj.dino.bone.tail_2] run data modify entity @s {} merge value {transformation:[-1.218373115179755f,0.5767909123729955f,-1.414797890376532f,-0.17147900729018645f,0.7415645041005966f,1.805371615899334f,0.09741298561198225f,0.9266612992896339f,1.3358229349236348f,-0.47615065568760045f,-1.3444818758998025f,-0.9757064500301619f,0f,0f,0f,1f],start_interpolation:0}
execute if entity @s[tag=aj.dino.bone.tail_1] run data modify entity @s {} merge value {transformation:[-1.1044874243857343f,0.29605929370487755f,-0.9900064009816991f,0.03899550190602384f,0.09853725089725592f,1.47266403951667f,0.33046525823459194f,0.8374529264699944f,1.0286176109514065f,0.17682129771442504f,-1.0946854749722446f,-0.7432865193092473f,0f,0f,0f,1f],start_interpolation:0}
execute if entity @s[tag=aj.dino.bone.tail_0] run data modify entity @s {} merge value {transformation:[-1.2405198607698895f,0.2698768596379664f,-0.14870330275898908f,0.088962672525011f,0.21894074536334318f,1.2060598688607895f,0.3623813727653048f,0.7606610398639582f,0.21682052863883977f,0.3262235275688625f,-1.2167180384153633f,-0.3798608744895676f,0f,0f,0f,1f],start_interpolation:0}
execute if entity @s[tag=aj.dino.bone.body_1] run data modify entity @s {} merge value {transformation:[-1.1925991094563493f,-0.14213604976737632f,0.2934438660744143f,0.03031495577602903f,-0.023493737434956606f,1.1472766969431654f,0.4602269222989545f,0.5763875f,-0.3252076313395954f,0.4383584367432165f,-1.1093630931803995f,-0.15147604654959987f,0f,0f,0f,1f],start_interpolation:0}