execute if entity @s[tag=aj.dino.bone.head_lower] run data modify entity @s {} merge value {transformation:[-0.2255556252121677f,-0.25488690098828104f,0.9402964041405979f,-0.3242288820160012f,0.1440768287694483f,0.9458285122935437f,0.2909472336082976f,0.2287372470429872f,-0.9635177877688026f,0.20109970919216313f,-0.17661364504460075f,0.6678268612270927f,0f,0f,0f,1f],start_interpolation:0}
execute if entity @s[tag=aj.dino.bone.head_upper] run data modify entity @s {} merge value {transformation:[-0.2347807563018349f,-0.8024646194402565f,0.6200003819357293f,-0.29957970266460227f,0.14996951103410677f,0.6019266547455324f,0.835862064368608f,0.2999220344105732f,-1.002925263822802f,0.2778610793849412f,-0.020151385374362753f,0.6723656382133532f,0f,0f,0f,1f],start_interpolation:0}
execute if entity @s[tag=aj.dino.bone.neck_0] run data modify entity @s {} merge value {transformation:[-0.39793402163839126f,-0.16598410981992495f,0.9022736778328311f,-0.23841417913946017f,0.10466623200447127f,0.9688610916156948f,0.22439510919632508f,0.2986715905043514f,-0.9114238828891212f,0.18373203433405827f,-0.3681698592481273f,0.6458712732232356f,0f,0f,0f,1f],start_interpolation:0}
execute if entity @s[tag=aj.dino.bone.neck_1] run data modify entity @s {} merge value {transformation:[-0.6805263155280938f,-0.04605984706172099f,0.7312745205204461f,-0.17667782123122905f,0.14511269023052736f,0.9697821381848319f,0.19612473477793294f,0.3197535947650365f,-0.718210443399298f,0.2395852561121122f,-0.6532783970451475f,0.5916337580413019f,0f,0f,0f,1f],start_interpolation:0}
execute if entity @s[tag=aj.dino.bone.neck_2] run data modify entity @s {} merge value {transformation:[-0.8498864001442457f,0.0013624094830991737f,0.5269641834985139f,-0.13049846768503748f,0.19425660209818119f,0.9303822262990057f,0.3108911152287481f,0.3560990116267978f,-0.48985454921958616f,0.3665884024724544f,-0.790983858104304f,0.525926769270386f,0f,0f,0f,1f],start_interpolation:0}
execute if entity @s[tag=aj.dino.bone.body_0] run data modify entity @s {} merge value {transformation:[-0.9781698687251987f,0.11538603937403802f,0.17282872977517494f,-0.047945739192147285f,0.14430329453768503f,0.9756176055879701f,0.1653688206778f,0.4433306938943998f,-0.1495334982660996f,0.1866985527109656f,-0.9709703308093061f,0.07009063058646331f,0f,0f,0f,1f],start_interpolation:0}
execute if entity @s[tag=aj.dino.bone.leg_left_3] run data modify entity @s {} merge value {transformation:[-0.9971832732932214f,-0.050525283957173504f,0.05543207686226179f,0.3525875093602683f,-0.049562771521121f,0.9985977253793621f,0.018604154006835988f,0.03623131208134325f,-0.056294326031686714f,0.01580438382892238f,-0.9982891216017666f,0.10302189327501522f,0f,0f,0f,1f],start_interpolation:0}
execute if entity @s[tag=aj.dino.bone.leg_left_2] run data modify entity @s {} merge value {transformation:[-0.9517446242556438f,-0.2870215106008005f,0.2527113415611033f,0.2920166084141951f,-0.33981141454121216f,0.9456564738245405f,-0.20572854824241496f,0.24977735342324717f,-0.17542112828470371f,-0.274617343710964f,-0.9725610221395626f,0.008680352839221417f,0f,0f,0f,1f],start_interpolation:0}
execute if entity @s[tag=aj.dino.bone.leg_left_1] run data modify entity @s {} merge value {transformation:[-0.9405410609307426f,-0.3192918558236392f,0.11591041155983213f,0.21785899855891552f,0.028447368505985227f,0.26599514601499646f,0.9635545285667779f,0.27037005625810695f,-0.3384867204608741f,0.9095599447541418f,-0.24109634375179761f,0.2753073866341331f,0f,0f,0f,1f],start_interpolation:0}
execute if entity @s[tag=aj.dino.bone.leg_left_0] run data modify entity @s {} merge value {transformation:[-0.9557250132205695f,0.2348342795000551f,0.17732050156773302f,0.18450004848361762f,-0.0064581596085403516f,0.5857110005198645f,-0.8104942418330251f,0.5655676009991095f,-0.2941903997057229f,-0.7757547840920542f,-0.5582620564567125f,-0.018040305692243797f,0f,0f,0f,1f],start_interpolation:0}
execute if entity @s[tag=aj.dino.bone.leg_right_3] run data modify entity @s {} merge value {transformation:[-0.9887729937375428f,0.04969389124600951f,0.14092013350876126f,-0.43379845361246117f,0.049590796851241875f,0.9987605967390694f,-0.004245382088578525f,0.04613583749379788f,-0.14095644619156708f,0.002790622555799288f,-0.9900118649303128f,-0.15687923229260994f,0f,0f,0f,1f],start_interpolation:0}
execute if entity @s[tag=aj.dino.bone.leg_right_2] run data modify entity @s {} merge value {transformation:[-0.9203659170921576f,0.43309676143656617f,0.13196959266802452f,-0.3273379401285413f,0.4119628590765234f,0.9250979468460817f,-0.162918970606115f,0.25610078956108207f,-0.18781741372221808f,-0.09318360089102375f,-1.0040436420436987f,-0.2093382642903398f,0f,0f,0f,1f],start_interpolation:0}
execute if entity @s[tag=aj.dino.bone.leg_right_1] run data modify entity @s {} merge value {transformation:[-0.9978050955375216f,-0.042310993409533135f,0.05093889629797687f,-0.36140603496396545f,0.04048416970082172f,0.21896518227609102f,0.9748924458392495f,0.26468841498510587f,-0.0524025125637375f,0.9748148689815401f,-0.21677164918298392f,0.06594159923699289f,0f,0f,0f,1f],start_interpolation:0}
execute if entity @s[tag=aj.dino.bone.leg_right_0] run data modify entity @s {} merge value {transformation:[-0.9924425138119161f,0.12115432466135104f,0.019480410533068704f,-0.20002586318627347f,0.08898672071309771f,0.8198792177005322f,-0.5655788467751358f,0.6222943083565825f,-0.08449390697212492f,-0.5595709946008776f,-0.8244641178886869f,-0.07682304536188456f,0f,0f,0f,1f],start_interpolation:0}
execute if entity @s[tag=aj.dino.bone.tail_4] run data modify entity @s {} merge value {transformation:[-2.1649139473688837f,1.6565208035571473f,0.44130234473664653f,0.17498980199883343f,1.3465567370948321f,2.0831426270660924f,-1.213656904023826f,0.23066678202743873f,-1.060940095326875f,-0.7362859188403386f,-2.4408913313470633f,-1.6917046977719241f,0f,0f,0f,1f],start_interpolation:0}
execute if entity @s[tag=aj.dino.bone.tail_3] run data modify entity @s {} merge value {transformation:[-1.6582470790374697f,1.2434456357768844f,0.20001275403224789f,0.12890693848141652f,1.0402491051557923f,1.5386947703427503f,-0.9414062507689702f,0.3752371570097084f,-0.7099605271638127f,-0.6497744844418984f,-1.8465358635244513f,-1.3722418989951546f,0f,0f,0f,1f],start_interpolation:0}
execute if entity @s[tag=aj.dino.bone.tail_2] run data modify entity @s {} merge value {transformation:[-1.64148451531926f,1.0593174898513027f,0.046356409103869595f,0.11932766341973923f,0.8945472626805585f,1.429381482061127f,-0.9876374074397106f,0.5598383878716551f,-0.5692869713954379f,-0.8083866088936952f,-1.6855851535189608f,-1.0595086148332546f,0f,0f,0f,1f],start_interpolation:0}
execute if entity @s[tag=aj.dino.bone.tail_1] run data modify entity @s {} merge value {transformation:[-1.3691951979318338f,0.6327557938233377f,0.11216445668483824f,0.08876442847548724f,0.5520494776271831f,1.293298228437301f,-0.5570254182463255f,0.6633673957823144f,-0.3289409281496622f,-0.46330988301992615f,-1.4017125483079982f,-0.7518979677652359f,0f,0f,0f,1f],start_interpolation:0}
execute if entity @s[tag=aj.dino.bone.tail_0] run data modify entity @s {} merge value {transformation:[-1.232854412848781f,0.3161403256498329f,0.11815670865986745f,0.06186532120015505f,0.3088115859569644f,1.2372157670268424f,-0.08813777160193215f,0.7189795215216178f,-0.13616577279940634f,-0.05646376627738903f,-1.2696875371522478f,-0.3822283303870393f,0f,0f,0f,1f],start_interpolation:0}
execute if entity @s[tag=aj.dino.bone.body_1] run data modify entity @s {} merge value {transformation:[-1.2093774351711022f,0.09623601404665588f,0.23822141791960796f,1.8557991432579204e-17f,0.17841190350932132f,1.139459750144396f,0.44542705973402813f,0.5386732692307692f,-0.1848783574175119f,0.47007946398192374f,-1.128472368096499f,-0.1515375f,0f,0f,0f,1f],start_interpolation:0}