execute if entity @s[tag=aj.dino.bone.head_lower] run data modify entity @s {} merge value {transformation:[-0.9964819879384871f,0.027085088667491552f,0.07930980825871829f,0.014724212190826631f,0.024852072051399388f,0.9992701669536035f,-0.029008756458512697f,0.35852905416660036f,-0.08003763008056022f,-0.026935690234173915f,-0.9964278430286342f,0.8137178362479681f,0f,0f,0f,1f],start_interpolation:0}
execute if entity @s[tag=aj.dino.bone.head_upper] run data modify entity @s {} merge value {transformation:[-1.037237686044343f,-0.03864314764083691f,0.0782089021358324f,0.018926017952854434f,0.025868511443271604f,0.7549740064722295f,0.7161124298952547f,0.4248567305449827f,-0.08331113580184261f,0.7155367910004248f,-0.7513576365218688f,0.7779625475988796f,0f,0f,0f,1f],start_interpolation:0}
execute if entity @s[tag=aj.dino.bone.neck_0] run data modify entity @s {} merge value {transformation:[-0.9963759177663724f,0.06966390813649787f,0.04880543410695608f,0.021273046951944312f,0.08090055793437462f,0.9533559124799832f,0.2908050960099653f,0.4281598383178735f,-0.02627032967295516f,0.29369958127754936f,-0.9555367212913728f,0.7114169452782529f,0f,0f,0f,1f],start_interpolation:0}
execute if entity @s[tag=aj.dino.bone.neck_1] run data modify entity @s {} merge value {transformation:[-0.9763429053332466f,0.16845262576164424f,0.13556638255645198f,0.03353333905355252f,0.1847785685944198f,0.9756113715951653f,0.11848768797810694f,0.4426918202780414f,-0.11230054226775654f,0.14073437564506885f,-0.9836576760835858f,0.6287365752837746f,0f,0f,0f,1f],start_interpolation:0}
execute if entity @s[tag=aj.dino.bone.neck_2] run data modify entity @s {} merge value {transformation:[-0.9766487248902591f,0.09927817378912139f,0.19052850804886834f,0.05119706069269789f,0.12326606394677067f,0.985277285131705f,0.11846581313850604f,0.4627167944223157f,-0.17596234156574908f,0.13918518460164428f,-0.9745074339060246f,0.5447251252158429f,0f,0f,0f,1f],start_interpolation:0}
execute if entity @s[tag=aj.dino.bone.body_0] run data modify entity @s {} merge value {transformation:[-0.9923516273813765f,0.053827983170308624f,-0.11108913475831227f,-0.0006460531099631815f,0.05529912418067269f,0.9984177081827345f,-0.010202296407499978f,0.4674196670766482f,0.11036419029007563f,-0.016267397301133135f,-0.993758077847251f,0.07621570242568548f,0f,0f,0f,1f],start_interpolation:0}
execute if entity @s[tag=aj.dino.bone.leg_left_3] run data modify entity @s {} merge value {transformation:[-0.9784808204804165f,0.03703904820715546f,-0.20298618884022282f,0.35192831705015004f,-0.02057482762937331f,0.9613395674124917f,0.27459590782673193f,0.06813547995599079f,0.20530942603785204f,0.2728632350373964f,-0.9398902566496454f,-0.11513332409441901f,0f,0f,0f,1f],start_interpolation:0}
execute if entity @s[tag=aj.dino.bone.leg_left_2] run data modify entity @s {} merge value {transformation:[-0.9890992422076169f,-0.2704646307854911f,-0.024367438500587525f,0.2865958742298908f,-0.27135447171136423f,0.9879443100497269f,0.04893863936923468f,0.2995153139227081f,0.010565947532457277f,0.053638822089353104f,-1.0242428603696998f,-0.13426749286882939f,0f,0f,0f,1f],start_interpolation:0}
execute if entity @s[tag=aj.dino.bone.leg_left_1] run data modify entity @s {} merge value {transformation:[-0.9905152313797361f,-0.05109879061609578f,0.1275479909772009f,0.2856759924251869f,0.1263332085727458f,0.026349877288662726f,0.9916378393237064f,0.25156499498555895f,-0.054032368229264396f,0.9983459308097801f,-0.019644480626689165f,0.13906985619100326f,0f,0f,0f,1f],start_interpolation:0}
execute if entity @s[tag=aj.dino.bone.leg_left_0] run data modify entity @s {} merge value {transformation:[-0.9966703557586836f,0.07587886313575978f,-0.02984292346744099f,0.20200943210904615f,0.07892071224626651f,0.8057935602726919f,-0.5869141840180743f,0.6249007729739278f,-0.020487145491768853f,-0.5873151933606728f,-0.8090989683081513f,-0.028045619223867016f,0f,0f,0f,1f],start_interpolation:0}
execute if entity @s[tag=aj.dino.bone.leg_right_3] run data modify entity @s {} merge value {transformation:[-0.9996519545148985f,-0.010358209984367888f,0.024262673398923865f,-0.3136017494358177f,-0.00907625245582699f,0.9985868437960955f,0.05236350865545396f,0.0031174677801092676f,-0.02477077866965824f,0.052125069623660286f,-0.9983333038824392f,-0.13596974059147868f,0f,0f,0f,1f],start_interpolation:0}
execute if entity @s[tag=aj.dino.bone.leg_right_2] run data modify entity @s {} merge value {transformation:[-0.9994633620381586f,0.20610826163664747f,-0.10322098589528345f,-0.2671976579517956f,0.21498004922218433f,0.9991849564371903f,-0.08645924338514098f,0.2330205371117846f,0.08317911925779345f,-0.10588204198740767f,-1.0168246784990853f,-0.19220417018254843f,0f,0f,0f,1f],start_interpolation:0}
execute if entity @s[tag=aj.dino.bone.leg_right_1] run data modify entity @s {} merge value {transformation:[-0.9655894161721521f,0.16961836357469862f,-0.1971463672365374f,-0.2298920618395165f,-0.170104060879515f,0.16151155010978174f,0.9721001119501184f,0.2219539047908033f,0.19672744559064592f,0.9721849772133777f,-0.1271010709317693f,0.0825670215525847f,0f,0f,0f,1f],start_interpolation:0}
execute if entity @s[tag=aj.dino.bone.leg_right_0] run data modify entity @s {} merge value {transformation:[-0.9776869977160341f,-0.19810484472439083f,-0.06987563948711001f,-0.18830498179496286f,-0.13012667238329986f,0.8322737693528479f,-0.5388760729348183f,0.6077300760091238f,0.16490962261631942f,-0.5177594454415364f,-0.8394819670633881f,-0.07155805446671208f,0f,0f,0f,1f],start_interpolation:0}
execute if entity @s[tag=aj.dino.bone.tail_4] run data modify entity @s {} merge value {transformation:[-1.589274034624776f,0.29318739378117614f,-2.239176305384479f,-0.9405690771973744f,1.6709581237983024f,1.994560637217774f,-0.9248178980609562f,0.8930461392169045f,1.5191340701136107f,-1.8871752298579025f,-1.325316060579825f,-1.2781378438958133f,0f,0f,0f,1f],start_interpolation:0}
execute if entity @s[tag=aj.dino.bone.tail_3] run data modify entity @s {} merge value {transformation:[-1.054260966483689f,0.3294458620294567f,-1.7652038875396208f,-0.6444796158361918f,1.2950174584210714f,1.557503177582125f,-0.48276201202109603f,0.9596633450745717f,1.2439490033670797f,-1.3422350024707652f,-0.9934493450643554f,-1.0965507237872338f,0f,0f,0f,1f],start_interpolation:0}
execute if entity @s[tag=aj.dino.bone.tail_2] run data modify entity @s {} merge value {transformation:[-0.7900922010077183f,0.6443398833981431f,-1.66713955731727f,-0.33499292057777663f,0.8007578907102534f,1.7572046969262443f,0.299653681052625f,0.9049686286017691f,1.597909568584787f,-0.5619890059116719f,-0.9744881953427477f,-0.9143476573555045f,0f,0f,0f,1f],start_interpolation:0}
execute if entity @s[tag=aj.dino.bone.tail_1] run data modify entity @s {} merge value {transformation:[-0.8160640232916211f,0.3897335562084703f,-1.212354533564416f,-0.07809219669451392f,0.1100836531862115f,1.456126032046498f,0.3939985001211294f,0.8022797399184034f,1.2686911953624769f,0.12434220506980284f,-0.8140134623260897f,-0.7419130691544737f,0f,0f,0f,1f],start_interpolation:0}
execute if entity @s[tag=aj.dino.bone.tail_0] run data modify entity @s {} merge value {transformation:[-1.1756300123411816f,0.3316758281343121f,-0.37645841164479127f,0.039921629457153586f,0.23471271305623703f,1.2112297365547475f,0.33416789821783494f,0.7338572444340619f,0.44344078860258357f,0.23822129816824314f,-1.1749240812437982f,-0.39282424055991605f,0f,0f,0f,1f],start_interpolation:0}
execute if entity @s[tag=aj.dino.bone.body_1] run data modify entity @s {} merge value {transformation:[-1.2275829286708213f,-0.09708300994555735f,0.11054246908826479f,0.020761283516339938f,-0.0540037818653479f,1.1614680420164711f,0.42033340811184045f,0.5579025f,-0.13685152478675236f,0.4125184500244636f,-1.1574561691957086f,-0.15151793964424684f,0f,0f,0f,1f],start_interpolation:0}