execute if entity @s[tag=aj.dino.bone.head_lower] run data modify entity @s {} merge value {transformation:[-0.9585359001732302f,0.11774326520245575f,0.2595100221158317f,0.22531935750970275f,0.19696235465714843f,0.9318566637347016f,0.3047113209271085f,0.32010634384873526f,-0.20594843754446635f,0.34319044531090287f,-0.916409056764662f,0.7562526952669164f,0f,0f,0f,1f],start_interpolation:0}
execute if entity @s[tag=aj.dino.bone.head_upper] run data modify entity @s {} merge value {transformation:[-0.997739619100357f,-0.03576829880040732f,0.2944626018052317f,0.2445059389017679f,0.20501803289497805f,0.6636120018778148f,0.7752797299911176f,0.3885169614899111f,-0.21437164282818605f,0.8011315012831235f,-0.6290509192319018f,0.7308102311520677f,0f,0f,0f,1f],start_interpolation:0}
execute if entity @s[tag=aj.dino.bone.neck_0] run data modify entity @s {} merge value {transformation:[-0.9762965239407648f,-0.13537262530227598f,0.16887672918418703f,0.2579386422013114f,-0.0692435868006503f,0.9346057362402065f,0.3488802709725539f,0.39592818481055553f,-0.20506199801074915f,0.3289169653661413f,-0.9218260176769629f,0.6659305540161967f,0f,0f,0f,1f],start_interpolation:0}
execute if entity @s[tag=aj.dino.bone.neck_1] run data modify entity @s {} merge value {transformation:[-0.9894205200460768f,-0.06267351708459944f,0.1308398439619875f,0.26873376519882464f,-0.03129755340719878f,0.9728459053360017f,0.22932794775539017f,0.41983705139489613f,-0.14165979550484453f,0.22280681032504782f,-0.9645152293304156f,0.5852498979538419f,0f,0f,0f,1f],start_interpolation:0}
execute if entity @s[tag=aj.dino.bone.neck_2] run data modify entity @s {} merge value {transformation:[-0.9937474623913938f,-0.11152535526805246f,0.005298690687348173f,0.2681060673117952f,-0.10660655916786123f,0.9618830025770044f,0.2518255961887827f,0.4513162980851105f,-0.03318165958861641f,0.24968617199552964f,-0.967758127313413f,0.5029116114929257f,0f,0f,0f,1f],start_interpolation:0}
execute if entity @s[tag=aj.dino.bone.body_0] run data modify entity @s {} merge value {transformation:[-0.8936982954541014f,-0.1931819856611109f,-0.4049494747724265f,0.07541459852117686f,-0.22727839719391343f,0.9731127763029012f,0.037363816253503795f,0.4781958401563313f,0.3868434914424689f,0.12542824646821077f,-0.913575321534306f,0.07354184919418089f,0f,0f,0f,1f],start_interpolation:0}
execute if entity @s[tag=aj.dino.bone.leg_left_3] run data modify entity @s {} merge value {transformation:[-0.9333563857757712f,0.0077949864015594145f,-0.3588664031622211f,0.3817602884069273f,0.0071796439661996475f,0.9999695827971777f,0.0030473255417388934f,0.02506817234493361f,0.35887924131120896f,0.00026770774778403506f,-0.9333839609123641f,-0.2496976386638749f,0f,0f,0f,1f],start_interpolation:0}
execute if entity @s[tag=aj.dino.bone.leg_left_2] run data modify entity @s {} merge value {transformation:[-0.9435271320839645f,-0.3768358635420459f,-0.14076037251522305f,0.28810650225675977f,-0.34571565241437296f,0.9431222322198151f,-0.2075170891013861f,0.23795905201824658f,0.20566827221963102f,-0.14344820159879593f,-0.9945779882749056f,-0.31355305157207974f,0f,0f,0f,1f],start_interpolation:0}
execute if entity @s[tag=aj.dino.bone.leg_left_1] run data modify entity @s {} merge value {transformation:[-0.9984762893916139f,0.05464136888897861f,0.007708458256545739f,0.3224273062728237f,0.02206010607296362f,0.26720149727230125f,0.9633881417037944f,0.25901551364989384f,0.050581135246294595f,0.9620902663790852f,-0.26799975390999375f,-0.03897684449103721f,0f,0f,0f,1f],start_interpolation:0}
execute if entity @s[tag=aj.dino.bone.leg_left_0] run data modify entity @s {} merge value {transformation:[-0.9967892789959443f,-0.05883346472256576f,-0.05431166272067367f,0.18784638831994288f,-0.03160414015878652f,0.9123245094217873f,-0.40824645477103544f,0.6467827884045978f,0.07356841444240447f,-0.4052192159029898f,-0.9112546710219909f,-0.11534303934663427f,0f,0f,0f,1f],start_interpolation:0}
execute if entity @s[tag=aj.dino.bone.leg_right_3] run data modify entity @s {} merge value {transformation:[-0.9911692679473892f,0.03442350170577292f,-0.1280566468675064f,-0.5065027461170601f,0.020404726655310415f,0.9938085903313509f,0.10921599202377019f,0.06850102854899082f,0.13102339259368379f,0.1056385739866211f,-0.9857349351013767f,-0.14705148389409847f,0f,0f,0f,1f],start_interpolation:0}
execute if entity @s[tag=aj.dino.bone.leg_right_2] run data modify entity @s {} merge value {transformation:[-0.8018095239102605f,0.48444123058318195f,-0.4177084880374689f,-0.40524535201259826f,0.3806034569841496f,0.8996476022679053f,0.3127897053389367f,0.28728372139169134f,0.5141057239510279f,0.08951583851674809f,-0.8830313803915056f,-0.15427266923210925f,0f,0f,0f,1f],start_interpolation:0}
execute if entity @s[tag=aj.dino.bone.leg_right_1] run data modify entity @s {} merge value {transformation:[-0.8655968471042573f,0.4891025665808749f,0.10733488550871906f,-0.2953030111574528f,-0.016983302812196528f,-0.24290401218655902f,0.9699016487712874f,0.1695161126212687f,0.5004534600827116f,0.83772090831474f,0.2185635240921251f,0.07168497651494957f,0f,0f,0f,1f],start_interpolation:0}
execute if entity @s[tag=aj.dino.bone.leg_right_0] run data modify entity @s {} merge value {transformation:[-0.8666773303511723f,-0.06075441116550835f,-0.4951558406999732f,-0.178074939082498f,0.05025817269208922f,0.9768735086904404f,-0.2078274863834913f,0.5641430563944435f,0.49633106001238436f,-0.2050049988238348f,-0.8435807189144513f,0.00215489000352731f,0f,0f,0f,1f],start_interpolation:0}
execute if entity @s[tag=aj.dino.bone.tail_4] run data modify entity @s {} merge value {transformation:[1.5396438777956187f,0.0163799433248736f,-2.292354631950114f,-1.3421107454102343f,1.8366897987405364f,1.6435785377319816f,1.2453439304502376f,1.1065346639961713f,1.3717611469818336f,-2.219018390947554f,0.9054778119134733f,-0.6514124083131762f,0f,0f,0f,1f],start_interpolation:0}
execute if entity @s[tag=aj.dino.bone.tail_3] run data modify entity @s {} merge value {transformation:[0.7290325277670071f,0.19717346119046766f,-1.9405101715023971f,-1.0150014272952372f,1.5668587681400148f,1.1745770758599887f,0.7080026974605371f,0.9749894113234623f,1.1616413819268177f,-1.7080505979363765f,0.2628649476989742f,-0.6792699734684516f,0f,0f,0f,1f],start_interpolation:0}
execute if entity @s[tag=aj.dino.bone.tail_2] run data modify entity @s {} merge value {transformation:[0.410198297660879f,0.7879612741465221f,-1.7405827363398392f,-0.6909400815357043f,1.030335541361928f,1.4079822099461288f,0.8802094317174827f,0.8124573103598791f,1.6090120893906656f,-1.1024867354863643f,-0.11990400024219315f,-0.6560526456716389f,0f,0f,0f,1f],start_interpolation:0}
execute if entity @s[tag=aj.dino.bone.tail_1] run data modify entity @s {} merge value {transformation:[0.05216484174124051f,0.5191671868480257f,-1.4196480237673064f,-0.3918437852226683f,0.22466719674582467f,1.4020529210925428f,0.5209880105743712f,0.6829932138750388f,1.4948109345306797f,-0.22884337123057621f,-0.02876163158342142f,-0.6484941900081695f,0f,0f,0f,1f],start_interpolation:0}
execute if entity @s[tag=aj.dino.bone.tail_0] run data modify entity @s {} merge value {transformation:[-0.8539196350857076f,0.2599465422185084f,-0.9149233676039545f,-0.11820893929342881f,0.2324237903096778f,1.2493055132687483f,0.13802402978619385f,0.6728073518722217f,0.9222993847429384f,-0.07415690317818287f,-0.8818731854398605f,-0.39257988675545535f,0f,0f,0f,1f],start_interpolation:0}
execute if entity @s[tag=aj.dino.bone.body_1] run data modify entity @s {} merge value {transformation:[-1.150863915741209f,-0.16385221169045758f,-0.42103360343944873f,-0.009287915001450047f,-0.2599112936437602f,1.1825530288689257f,0.2502379835388847f,0.5349771875f,0.3695442624875789f,0.3214426569286123f,-1.1352163896920429f,-0.1503094220608423f,0f,0f,0f,1f],start_interpolation:0}