execute if entity @s[tag=aj.dino.bone.head_lower] run data modify entity @s {} merge value {transformation:[0.21248434036466948f,-0.16761052132281162f,0.9626822519615116f,-0.48283536135223554f,0.11630268307427852f,0.9825144088807707f,0.14539299244253295f,0.17182884675000687f,-0.9702185789859498f,0.08106879475831535f,0.2282624794111352f,0.5534368816914081f,0f,0f,0f,1f],start_interpolation:0}
execute if entity @s[tag=aj.dino.bone.head_upper] run data modify entity @s {} merge value {transformation:[0.22117486135044268f,-0.7188498610964541f,0.7195891192143812f,-0.44930170786139506f,0.12105941435256524f,0.7497753630021368f,0.711795943944004f,0.23777177177253314f,-1.0099001146087339f,-0.06755534634749957f,0.24291969100227961f,0.5683526858878499f,0f,0f,0f,1f],start_interpolation:0}
execute if entity @s[tag=aj.dino.bone.neck_0] run data modify entity @s {} merge value {transformation:[-0.004225359896951109f,-0.03578814101620718f,0.9993504667014199f,-0.38409955895148196f,0.11113383816362575f,0.9931518883526281f,0.03603604690626188f,0.22394530270386953f,-0.993796466258943f,0.11121391830258177f,-0.00021915068875427712f,0.5668544252564197f,0f,0f,0f,1f],start_interpolation:0}
execute if entity @s[tag=aj.dino.bone.neck_1] run data modify entity @s {} merge value {transformation:[-0.39465682170745275f,0.014013973163812962f,0.9187217215435457f,-0.30620721029152936f,0.21440497615237747f,0.9736852441643618f,0.07724992878757736f,0.23497503178670237f,-0.8934632053312943f,0.2274657201706473f,-0.38727618938733943f,0.5350949551549375f,0f,0f,0f,1f],start_interpolation:0}
execute if entity @s[tag=aj.dino.bone.neck_2] run data modify entity @s {} merge value {transformation:[-0.667617930998204f,-0.04163293253146631f,0.7433390862442981f,-0.24149274372344787f,0.2774611426558251f,0.9125948288741514f,0.30030982772510484f,0.27021929876557554f,-0.6908701850027988f,0.4067399380943413f,-0.5977131504603275f,0.48671303853238934f,0f,0f,0f,1f],start_interpolation:0}
execute if entity @s[tag=aj.dino.bone.body_0] run data modify entity @s {} merge value {transformation:[-0.9175264071259269f,0.09231434434511544f,0.38681178117363424f,-0.05831039227767581f,0.19560281316806122f,0.9516498288837381f,0.23685890877544058f,0.39091566843293646f,-0.34624389049819865f,0.2929857761286089f,-0.891220793787369f,0.06947507624822427f,0f,0f,0f,1f],start_interpolation:0}
execute if entity @s[tag=aj.dino.bone.leg_left_3] run data modify entity @s {} merge value {transformation:[-0.9914895258079468f,-0.08468985627335537f,0.0988744074952217f,0.3631899196744959f,-0.08361842238588418f,0.9963858767274086f,0.01493800842981391f,0.042302077729352044f,-0.09978216098496051f,0.006543156925501614f,-0.9949877926118589f,0.15038357342664455f,0f,0f,0f,1f],start_interpolation:0}
execute if entity @s[tag=aj.dino.bone.leg_left_2] run data modify entity @s {} merge value {transformation:[-0.904246056177723f,-0.35378282532189914f,0.3305132098645727f,0.2895351676625184f,-0.4132907319864317f,0.9287646664248846f,-0.13656194475580108f,0.25393422692880946f,-0.2521746225175085f,-0.2535667691331449f,-0.961339717711811f,0.06117660622515109f,0f,0f,0f,1f],start_interpolation:0}
execute if entity @s[tag=aj.dino.bone.leg_left_1] run data modify entity @s {} merge value {transformation:[-0.9162838816981769f,-0.39821552420425477f,0.04299121332146777f,0.19732072741527837f,-0.038172100799654184f,0.19366850321119783f,0.9803241308794122f,0.25531541266920144f,-0.3987063316034276f,0.8966141350361727f,-0.19265605101494426f,0.3229168877937402f,0f,0f,0f,1f],start_interpolation:0}
execute if entity @s[tag=aj.dino.bone.leg_left_0] run data modify entity @s {} merge value {transformation:[-0.9341070045407112f,0.28131035254640746f,0.21979215094765292f,0.18126598385352427f,-0.06637498469314523f,0.4680838059512621f,-0.8811877847616624f,0.5031167278830535f,-0.3507683929246827f,-0.8377123827164052f,-0.4185683915068577f,-0.012707950309616578f,0f,0f,0f,1f],start_interpolation:0}
execute if entity @s[tag=aj.dino.bone.leg_right_3] run data modify entity @s {} merge value {transformation:[-0.9866887052909896f,0.06547528736934673f,0.14885692995320182f,-0.47322264423825366f,0.06493980143170067f,0.9978533192091301f,-0.008460232463288711f,0.046413866932339065f,-0.14909131779282872f,0.0013191236572304282f,-0.9888225517612219f,-0.16087254364091244f,0f,0f,0f,1f],start_interpolation:0}
execute if entity @s[tag=aj.dino.bone.leg_right_2] run data modify entity @s {} merge value {transformation:[-0.8814278042488845f,0.5046525750843271f,0.14308390495944165f,-0.3497995001978164f,0.4959445625281116f,0.8928897806821458f,-0.09406928272759472f,0.25086861858217563f,-0.17083973863385807f,-0.011654077176753517f,-1.0113061681258388f,-0.1945779454185616f,0f,0f,0f,1f],start_interpolation:0}
execute if entity @s[tag=aj.dino.bone.leg_right_1] run data modify entity @s {} merge value {transformation:[-0.9902523422990677f,-0.04873035863596152f,0.13048237704157956f,-0.38967980608947117f,0.12223675847169696f,0.1450475394893233f,0.9818448890565276f,0.24063455277152934f,-0.06677180130520984f,0.9882239439698388f,-0.1376770246451956f,0.07986368910276422f,0f,0f,0f,1f],start_interpolation:0}
execute if entity @s[tag=aj.dino.bone.leg_right_0] run data modify entity @s {} merge value {transformation:[-0.981319019585695f,0.19132184468142735f,-0.020222105406368734f,-0.19881094381263953f,0.16261627976625379f,0.7687006645218581f,-0.61859133029702f,0.5739003073514035f,-0.10280528855245737f,-0.6103238813215071f,-0.7854526290835727f,-0.08387479996412546f,0f,0f,0f,1f],start_interpolation:0}
execute if entity @s[tag=aj.dino.bone.tail_4] run data modify entity @s {} merge value {transformation:[0.04921539376932766f,-0.5924075678771833f,2.6967188303822063f,1.0053639507781982f,2.3337234727263976f,1.450249059898963f,0.27599592154235614f,0.6893254049035888f,-1.4754571933682024f,2.2740915261668797f,0.5264932409385846f,-1.2398366277924489f,0f,0f,0f,1f],start_interpolation:0}
execute if entity @s[tag=aj.dino.bone.tail_3] run data modify entity @s {} merge value {transformation:[-0.3263432198770441f,0.26530533407543233f,2.0393770393421256f,0.6569647473293376f,1.7151819442880933f,1.1744317661975447f,0.12168175943284909f,0.6571999383108f,-1.1347231058160592f,1.6989021844419647f,-0.40259206011783116f,-1.1881969834563308f,0f,0f,0f,1f],start_interpolation:0}
execute if entity @s[tag=aj.dino.bone.tail_2] run data modify entity @s {} merge value {transformation:[-0.7820588052569972f,0.6110463205936663f,1.6833835849893866f,0.3435945263813228f,1.3976073676829919f,1.3567911909174326f,0.1567966359647049f,0.6294080923108919f,-1.1197551276600584f,1.2666940961970934f,-0.9800042835320721f,-1.0065429114181559f,0f,0f,0f,1f],start_interpolation:0}
execute if entity @s[tag=aj.dino.bone.tail_1] run data modify entity @s {} merge value {transformation:[-1.0588905489770324f,0.6237855789462704f,0.8816453974165502f,0.14726077337735421f,0.7748177020685177f,1.2989148769607f,0.01157242288509421f,0.6102997044423767f,-0.7523726362969231f,0.4597476959255324f,-1.2289116006624652f,-0.7469959909138448f,0f,0f,0f,1f],start_interpolation:0}
execute if entity @s[tag=aj.dino.bone.tail_0] run data modify entity @s {} merge value {transformation:[-1.1756529466089214f,0.4169110032787614f,0.27903598524004986f,0.07578077826141064f,0.4140879161964298f,1.2077980663882406f,-0.05992282597602706f,0.6569568657739979f,-0.2832085157156953f,0.03528119552893977f,-1.2459469854099687f,-0.3820499251788092f,0f,0f,0f,1f],start_interpolation:0}
execute if entity @s[tag=aj.dino.bone.body_1] run data modify entity @s {} merge value {transformation:[-1.1953848778420555f,0.12600604335018228f,0.2894513187429215f,1.8557991432579204e-17f,0.22262235441535755f,1.1402164084280155f,0.4230253235000596f,0.4818077370541838f,-0.2238277824519273f,0.4611221248725755f,-1.1251098190007514f,-0.1515375f,0f,0f,0f,1f],start_interpolation:0}