execute if entity @s[tag=aj.dino.bone.head_lower] run data modify entity @s {} merge value {transformation:[-0.9948573072046902f,-0.09570824863891472f,0.03314919974756435f,-0.09954543261387744f,-0.09725522483635976f,0.9940668057302886f,-0.048709413743238394f,0.37506272110232863f,-0.02829062642398292f,-0.05168284906671189f,-0.9982627527704746f,0.8010017648562707f,0f,0f,0f,1f],start_interpolation:0}
execute if entity @s[tag=aj.dino.bone.head_upper] run data modify entity @s {} merge value {transformation:[-1.0355465565454842f,-0.09481009038066443f,-0.04611202199326522f,-0.10517467271234704f,-0.10123292300915654f,0.7670207984468417f,0.6963497200634885f,0.44025905993936615f,-0.029447701256962815f,0.6972532424417164f,-0.7722970227695434f,0.7634091385851941f,0f,0f,0f,1f],start_interpolation:0}
execute if entity @s[tag=aj.dino.bone.neck_0] run data modify entity @s {} merge value {transformation:[-0.9952593772679925f,0.0972101374395f,0.0029935161801563637f,-0.10623741595666636f,0.09397663398672138f,0.9533168055334207f,0.2869764111422403f,0.4433110073419196f,0.025043247086852433f,0.28589728481842547f,-0.9579329717202549f,0.6968186554202134f,0f,0f,0f,1f],start_interpolation:0}
execute if entity @s[tag=aj.dino.bone.neck_1] run data modify entity @s {} merge value {transformation:[-0.9707180220872813f,0.18842635456979256f,0.14900345800851367f,-0.09274681073075018f,0.20748296147612422f,0.9702534110803506f,0.12473627773844075f,0.4583476434131816f,-0.12106751129866858f,0.15199943154657883f,-0.9809377301936467f,0.6144205972463089f,0f,0f,0f,1f],start_interpolation:0}
execute if entity @s[tag=aj.dino.bone.neck_2] run data modify entity @s {} merge value {transformation:[-0.9515897621294197f,0.12675724215037182f,0.280017010506337f,-0.06697418785888776f,0.1641843430122031f,0.9797696383378831f,0.11443320016894108f,0.47796540711233404f,-0.25984692824839256f,0.15486787063069513f,-0.9531503116120715f,0.532433734567648f,0f,0f,0f,1f],start_interpolation:0}
execute if entity @s[tag=aj.dino.bone.body_0] run data modify entity @s {} merge value {transformation:[-0.9916225890688238f,0.11296082464103288f,0.06264577355943476f,-0.036373376646240366f,0.1127521654618723f,0.993599410125665f,-0.006867414476294076f,0.4841940968031705f,-0.06302055245791427f,0.00025356330266895766f,-0.9980121971567035f,0.062076744100845044f,0f,0f,0f,1f],start_interpolation:0}
execute if entity @s[tag=aj.dino.bone.leg_left_3] run data modify entity @s {} merge value {transformation:[-0.993222086763456f,-0.043999341107334944f,-0.10758226781103808f,0.34948121312874086f,-0.08023822135794434f,0.9292060201308305f,0.3607464483344728f,0.13245080624393635f,0.0840934848758158f,0.3669335500260823f,-0.9264383712188835f,-0.03204169198715767f,0f,0f,0f,1f],start_interpolation:0}
execute if entity @s[tag=aj.dino.bone.leg_left_2] run data modify entity @s {} merge value {transformation:[-0.979770480671528f,-0.2956093365990324f,0.06875408948460335f,0.28117992064828645f,-0.2847454798883598f,0.9757437043802977f,0.13750067107493255f,0.36370288568506737f,-0.1050334060598085f,0.11225659436482598f,-1.0141147075818302f,-0.03737847619376514f,0f,0f,0f,1f],start_interpolation:0}
execute if entity @s[tag=aj.dino.bone.leg_left_1] run data modify entity @s {} merge value {transformation:[-0.9838714827146917f,-0.14313769651877364f,0.10727770195195938f,0.25619869003494206f,0.11699696028798426f,-0.06128410086858982f,0.9912396129413414f,0.29215221109812806f,-0.1353093373872099f,0.9878035527451943f,0.07704235458373693f,0.2295856126701913f,0f,0f,0f,1f],start_interpolation:0}
execute if entity @s[tag=aj.dino.bone.leg_left_0] run data modify entity @s {} merge value {transformation:[-0.9925661462680773f,0.12022982798408832f,0.018900628176176493f,0.1864549496972756f,0.07437358983335675f,0.7221157533698186f,-0.6877626101137215f,0.6403143352540407f,-0.09633802166246277f,-0.6812441759002831f,-0.725689574393974f,0.009980912011466503f,0f,0f,0f,1f],start_interpolation:0}
execute if entity @s[tag=aj.dino.bone.leg_right_3] run data modify entity @s {} merge value {transformation:[-0.9734924353907835f,0.030568513893621384f,0.22666725435152102f,-0.23300721680843714f,0.029012620041962537f,0.999527070260449f,-0.010193316185877987f,0.013268207767695467f,-0.22687165119340572f,-0.003346905272043066f,-0.9739189145457021f,-0.06583241332703349f,0f,0f,0f,1f],start_interpolation:0}
execute if entity @s[tag=aj.dino.bone.leg_right_2] run data modify entity @s {} merge value {transformation:[-0.9992969796993145f,0.13297758857251282f,0.18916846143573154f,-0.1946138935830733f,0.06927939253630712f,0.972751922673618f,-0.31783055580808317f,0.23008540224638646f,-0.220608503087081f,-0.29687178608435366f,-0.9566928611071887f,-0.16425664294615666f,0f,0f,0f,1f],start_interpolation:0}
execute if entity @s[tag=aj.dino.bone.leg_right_1] run data modify entity @s {} merge value {transformation:[-0.9621505031304377f,-0.12036535990694311f,-0.24449660418974664f,-0.23350804604224135f,-0.27232629567933186f,0.3909582226398329f,0.8791985309541164f,0.2842435924234676f,-0.010237089792449751f,0.9125041634342144f,-0.40893930320746424f,0.10512695158215117f,0f,0f,0f,1f],start_interpolation:0}
execute if entity @s[tag=aj.dino.bone.leg_right_0] run data modify entity @s {} merge value {transformation:[-0.9711283811038713f,-0.1264862144157112f,0.20226444318603456f,-0.18671767498384034f,-0.23291598788667284f,0.68602647747992f,-0.6892879041324229f,0.6367946788523976f,-0.051573345842102825f,-0.7164976690536236f,-0.6956804440541471f,-0.11356386029263109f,0f,0f,0f,1f],start_interpolation:0}
execute if entity @s[tag=aj.dino.bone.tail_4] run data modify entity @s {} merge value {transformation:[-2.4695081984336147f,0.6080293541269092f,-1.0758675076370585f,-0.5266083274377281f,1.1411080489784053f,2.0448408648908116f,-1.4636118301753696f,0.8046116985954654f,0.4744080627749287f,-1.7534501627912358f,-2.079906451786121f,-1.542544617746423f,0f,0f,0f,1f],start_interpolation:0}
execute if entity @s[tag=aj.dino.bone.tail_3] run data modify entity @s {} merge value {transformation:[-1.6827334452207205f,0.49496272547546377f,-1.1222145867747169f,-0.34116580282780556f,1.0348825808695408f,1.5955481407970524f,-0.8480505293060737f,0.9327960382334374f,0.6583097463905936f,-1.2430541246596685f,-1.5353795123741178f,-1.2700367305713158f,0f,0f,0f,1f],start_interpolation:0}
execute if entity @s[tag=aj.dino.bone.tail_2] run data modify entity @s {} merge value {transformation:[-1.3721802396918508f,0.5532933332889423f,-1.2766212250076383f,-0.10472769947955762f,0.7201755342801555f,1.8165753683164942f,0.013228985330060882f,0.9313015883077187f,1.190479930375261f,-0.4611879156770935f,-1.4794719047044829f,-0.9942355814191716f,0f,0f,0f,1f],start_interpolation:0}
execute if entity @s[tag=aj.dino.bone.tail_1] run data modify entity @s {} merge value {transformation:[-1.204416999690482f,0.260895028452899f,-0.8769091885623839f,0.0819348681567118f,0.10271237227972078f,1.4790931514858296f,0.2989813837154231f,0.8487856159724059f,0.9091128144720269f,0.1785314632110488f,-1.1955319557445854f,-0.7400213466646615f,0f,0f,0f,1f],start_interpolation:0}
execute if entity @s[tag=aj.dino.bone.tail_0] run data modify entity @s {} merge value {transformation:[-1.2539215710462384f,0.2406085287898999f,-0.06019922028167314f,0.10533279188924856f,0.21385700275811415f,1.2059885803800234f,0.36563977210954396f,0.7710398290277061f,0.12562480893628247f,0.3486184109460705f,-1.2233230675145415f,-0.3741251303981674f,0f,0f,0f,1f],start_interpolation:0}
execute if entity @s[tag=aj.dino.bone.body_1] run data modify entity @s {} merge value {transformation:[-1.173670064919722f,-0.15767551578400502f,0.3553049471789455f,0.033349933631133324f,-0.01106971702691612f,1.1431864030687215f,0.4707514251279469f,0.5845950000000001f,-0.3885622667379442f,0.4436979542631418f,-1.0866260098609934f,-0.15138601023097992f,0f,0f,0f,1f],start_interpolation:0}