execute if entity @s[tag=aj.dino.bone.head_lower] run data modify entity @s {} merge value {transformation:[0.2590591973318096f,-0.27794487393817463f,0.925005394216321f,-0.45109867245066165f,0.15088059421341846f,0.9575880897802264f,0.24547932010835982f,0.16632724833540674f,-0.9540038671659588f,0.07597168790114582f,0.29000848965133175f,0.5574576204021972f,0f,0f,0f,1f],start_interpolation:0}
execute if entity @s[tag=aj.dino.bone.head_upper] run data modify entity @s {} merge value {transformation:[0.26965461056134843f,-0.7913707727518055f,0.6200730873217492f,-0.42603878042203686f,0.15705154764983303f,0.6672657546916196f,0.7833027298433999f,0.2353581043343972f,-0.9930222278314352f,-0.1093647805901921f,0.2922638232533397f,0.5748414986621592f,0f,0f,0f,1f],start_interpolation:0}
execute if entity @s[tag=aj.dino.bone.neck_0] run data modify entity @s {} merge value {transformation:[0.03142140588318609f,-0.14437585557922744f,0.989023916585484f,-0.3597533017567717f,0.12193396512683101f,0.9826753574646582f,0.13957524845098657f,0.2283932381224006f,-0.9920407266845312f,0.11620995722171121f,0.048481361797656f,0.5764106420789807f,0f,0f,0f,1f],start_interpolation:0}
execute if entity @s[tag=aj.dino.bone.neck_1] run data modify entity @s {} merge value {transformation:[-0.400703976964197f,-0.026952085207648385f,0.9158110656396526f,-0.2822962493643977f,0.2167491151323535f,0.9684048607408609f,0.1233363157501278f,0.2433027629984062f,-0.8902000583770022f,0.2479225903310005f,-0.38220183839059274f,0.5451752783514998f,0f,0f,0f,1f],start_interpolation:0}
execute if entity @s[tag=aj.dino.bone.neck_2] run data modify entity @s {} merge value {transformation:[-0.6920526934313719f,-0.027636246106649567f,0.7213177575905896f,-0.21937398003831798f,0.28193749563757675f,0.9095463682454126f,0.30534677428325885f,0.2789584579380296f,-0.6645105853694094f,0.4146825797073139f,-0.6216623199288277f,0.494772998290282f,0f,0f,0f,1f],start_interpolation:0}
execute if entity @s[tag=aj.dino.bone.body_0] run data modify entity @s {} merge value {transformation:[-0.9379713727484479f,0.1225889460725344f,0.32431721231722754f,-0.06535668111523137f,0.20237567692831282f,0.953101870878533f,0.2250353508132599f,0.39409626159121003f,-0.2815204953323994f,0.27671063230144427f,-0.9187912911424093f,0.06438612290316792f,0f,0f,0f,1f],start_interpolation:0}
execute if entity @s[tag=aj.dino.bone.leg_left_3] run data modify entity @s {} merge value {transformation:[-0.9885959663000802f,-0.07867847250814859f,0.12840449127267808f,0.35790301127997615f,-0.07742480617756875f,0.9968893200403159f,0.014733736047685547f,0.05267434823560782f,-0.12916429384151262f,0.004624019176155486f,-0.9916124261237766f,0.17374216666739353f,0f,0f,0f,1f],start_interpolation:0}
execute if entity @s[tag=aj.dino.bone.leg_left_2] run data modify entity @s {} merge value {transformation:[-0.8873110327217262f,-0.3549929444690885f,0.37245313811023895f,0.28528858651674127f,-0.43056184715955403f,0.9187869724960543f,-0.15003064501221883f,0.2615376742681499f,-0.2817052120241138f,-0.28613407355538106f,-0.9438387918335143f,0.07743885197395117f,0f,0f,0f,1f],start_interpolation:0}
execute if entity @s[tag=aj.dino.bone.leg_left_1] run data modify entity @s {} merge value {transformation:[-0.8981079309396934f,-0.43811703050788764f,0.0381524830407336f,0.18212879661840337f,-0.0584770310514234f,0.2049555865867964f,0.9770228474126247f,0.2665646809121473f,-0.43586991318813645f,0.8752409240350985f,-0.20969202100116618f,0.335016359944072f,0f,0f,0f,1f],start_interpolation:0}
execute if entity @s[tag=aj.dino.bone.leg_left_0] run data modify entity @s {} merge value {transformation:[-0.9176849214702804f,0.312221814468622f,0.24570698703131472f,0.17801075597770383f,-0.08558108833207792f,0.44857265489657394f,-0.8896395059792118f,0.505160105335454f,-0.38798229627907294f,-0.8374366315423277f,-0.38492807889923686f,-0.00756581085586433f,0f,0f,0f,1f],start_interpolation:0}
execute if entity @s[tag=aj.dino.bone.leg_right_3] run data modify entity @s {} merge value {transformation:[-0.9849682847660238f,0.06642890842882089f,0.15945117788850816f,-0.49053986081706863f,0.06488321102013211f,0.9977818220222899f,-0.01488638873592299f,0.06153070385446682f,-0.16008637335137027f,-0.004316916357233261f,-0.987093570691437f,-0.16753542650194522f,0f,0f,0f,1f],start_interpolation:0}
execute if entity @s[tag=aj.dino.bone.leg_right_2] run data modify entity @s {} merge value {transformation:[-0.8594282194657822f,0.5388204148845349f,0.1520457023076537f,-0.3589094129276332f,0.5267547114073997f,0.8725858437859811f,-0.11482864945260556f,0.2605632816820904f,-0.1896702641340413f,-0.018130229691317813f,-1.007848542775827f,-0.2026143406489542f,0f,0f,0f,1f],start_interpolation:0}
execute if entity @s[tag=aj.dino.bone.leg_right_1] run data modify entity @s {} merge value {transformation:[-0.9838839262796831f,-0.055513654415052564f,0.1699725089005904f,-0.4026001058249953f,0.1591209213421951f,0.16179227173055877f,0.9739115941395688f,0.2560335597172126f,-0.0815656300146461f,0.9852621453104506f,-0.15035143171437582f,0.0714002404098554f,0f,0f,0f,1f],start_interpolation:0}
execute if entity @s[tag=aj.dino.bone.leg_right_0] run data modify entity @s {} merge value {transformation:[-0.9740190648989059f,0.22510756876993993f,-0.02476779554074024f,-0.19894462944115765f,0.1931743322464267f,0.7687688879886949f,-0.6096540611049618f,0.5850453948263487f,-0.11819703285027212f,-0.5985991808740736f,-0.7922805576828702f,-0.08538922945800217f,0f,0f,0f,1f],start_interpolation:0}
execute if entity @s[tag=aj.dino.bone.tail_4] run data modify entity @s {} merge value {transformation:[-1.106652824524553f,0.5835575517252986f,2.461796385040039f,0.7630808612542943f,2.4081129837371473f,1.0669652949109132f,0.8296012588058433f,0.8483109459853818f,-0.7758690064233779f,2.4792553266817925f,-0.9364729796377244f,-1.5123809998126747f,0f,0f,0f,1f],start_interpolation:0}
execute if entity @s[tag=aj.dino.bone.tail_3] run data modify entity @s {} merge value {transformation:[-1.0051454353617109f,0.9054916642592233f,1.5829444165140554f,0.48581103773970713f,1.7499730391592543f,0.9874341090925994f,0.5463641354084937f,0.7460049610736752f,-0.5130521825620495f,1.5940527758521708f,-1.2376262488371645f,-1.3181243812530976f,0f,0f,0f,1f],start_interpolation:0}
execute if entity @s[tag=aj.dino.bone.tail_2] run data modify entity @s {} merge value {transformation:[-1.1657543595452473f,1.0031981706199733f,1.2055638011605883f,0.26107606288977875f,1.4607363948935312f,1.241368996216313f,0.3795076743217841f,0.6768308348728374f,-0.5709989779653515f,1.1275505845417397f,-1.4904240072760777f,-1.0412117320066372f,0f,0f,0f,1f],start_interpolation:0}
execute if entity @s[tag=aj.dino.bone.tail_1] run data modify entity @s {} merge value {transformation:[-1.155323885996735f,0.7834071676625888f,0.5823711686719085f,0.1272837055784369f,0.8630544599026235f,1.24137342568007f,0.0422524230964225f,0.6517395391355703f,-0.4560920605399691f,0.3645839788995243f,-1.3952472199012607f,-0.7449910220585861f,0f,0f,0f,1f],start_interpolation:0}
execute if entity @s[tag=aj.dino.bone.tail_0] run data modify entity @s {} merge value {transformation:[-1.1813564287884504f,0.45208046275260366f,0.18399989114567034f,0.08442416770720264f,0.4596049404857846f,1.1925458534297093f,0.020818326846620886f,0.6744341959453041f,-0.16430460561190963f,0.0854011665554172f,-1.2647317319928826f,-0.3733461325921307f,0f,0f,0f,1f],start_interpolation:0}
execute if entity @s[tag=aj.dino.bone.body_1] run data modify entity @s {} merge value {transformation:[-1.1855672748086827f,0.1327250263821155f,0.3246827672218386f,1.8557991432579204e-17f,0.2512482607292757f,1.1199246445305724f,0.4596169025501942f,0.49214483196159126f,-0.2447634438380817f,0.5067123967313091f,-1.1008805560166757f,-0.1515375f,0f,0f,0f,1f],start_interpolation:0}