execute if entity @s[tag=aj.dino.bone.head_lower] run data modify entity @s {} merge value {transformation:[-0.9473941784549496f,-0.13222201890012783f,0.29148174616542627f,0.18210240675437542f,0.0691900208506581f,0.8045468776225105f,0.5898449480351216f,0.33210829211294934f,-0.3125012186285955f,0.5789832980543084f,-0.7530745839090567f,0.7622752251552475f,0f,0f,0f,1f],start_interpolation:0}
execute if entity @s[tag=aj.dino.bone.head_upper] run data modify entity @s {} merge value {transformation:[-0.9861422056061827f,-0.20752593250474316f,0.2606309272586769f,0.1951035495387124f,0.07201986387427467f,0.6622538363320941f,0.7998155650238763f,0.40213856189735286f,-0.32528238826166395f,0.7757736694326305f,-0.613056705603427f,0.7373315267121174f,0f,0f,0f,1f],start_interpolation:0}
execute if entity @s[tag=aj.dino.bone.neck_0] run data modify entity @s {} merge value {transformation:[-0.9248321433548244f,-0.3098667244328874f,0.22060852138336567f,0.21469706449631404f,-0.21855039913960364f,0.9075632366430559f,0.35855919250508805f,0.4106628376691543f,-0.31132174619457886f,0.28339298612212327f,-0.9070651496795278f,0.6741795896993115f,0f,0f,0f,1f],start_interpolation:0}
execute if entity @s[tag=aj.dino.bone.neck_1] run data modify entity @s {} merge value {transformation:[-0.9371868602228753f,-0.2944858428727563f,0.18697293219370364f,0.22917946640547132f,-0.22796939015062356f,0.9227664650578195f,0.3106960059592805f,0.4412339370176968f,-0.2640279268939969f,0.24855610898189334f,-0.9319383641141936f,0.5963772454923763f,0f,0f,0f,1f],start_interpolation:0}
execute if entity @s[tag=aj.dino.bone.neck_2] run data modify entity @s {} merge value {transformation:[-0.9482370127629864f,-0.3131415138877507f,0.05281060410955052f,0.2307402202705915f,-0.2783439258122573f,0.8996124058058401f,0.33648503426400606f,0.4795203173675736f,-0.15287650764505506f,0.304368052857583f,-0.9402068186361632f,0.5169880300962173f,0f,0f,0f,1f],start_interpolation:0}
execute if entity @s[tag=aj.dino.bone.body_0] run data modify entity @s {} merge value {transformation:[-0.8668248614560017f,-0.3694597063808445f,-0.33483456351273466f,0.06941438058874233f,-0.41696112294417276f,0.9053563944667503f,0.08045632946698873f,0.5260637350869187f,0.2734192413033834f,0.20935454224627276f,-0.9388357652571273f,0.07651261827272646f,0f,0f,0f,1f],start_interpolation:0}
execute if entity @s[tag=aj.dino.bone.leg_left_3] run data modify entity @s {} merge value {transformation:[-0.9538248103235744f,-0.1246214105029192f,-0.2732905692764761f,0.45569341344321923f,-0.11966704474495811f,0.9922042488981399f,-0.03479262666840793f,0.14390395901023526f,0.2754959702304294f,-0.00048219575066976716f,-0.9613021054143454f,-0.17397981418683764f,0f,0f,0f,1f],start_interpolation:0}
execute if entity @s[tag=aj.dino.bone.leg_left_2] run data modify entity @s {} merge value {transformation:[-0.8983549635842661f,-0.49471669083894165f,-0.016611884588241695f,0.3384686010811229f,-0.48144669583138405f,0.8812719207022309f,-0.20888054087333954f,0.3421249139111482f,0.11502016335081802f,-0.17514964198611127f,-1.0040693026059422f,-0.24565874045430636f,0f,0f,0f,1f],start_interpolation:0}
execute if entity @s[tag=aj.dino.bone.leg_left_1] run data modify entity @s {} merge value {transformation:[-0.9914756876327498f,-0.07387479486695064f,-0.10732416091696996f,0.3438370569240557f,-0.12286894449496162f,0.2560732651627784f,0.9588168257532654f,0.3632869807141896f,-0.043349548000639324f,0.9638303779982449f,-0.26296733473171297f,0.03099398819706939f,0f,0f,0f,1f],start_interpolation:0}
execute if entity @s[tag=aj.dino.bone.leg_left_0] run data modify entity @s {} merge value {transformation:[-0.9847686784956433f,-0.14218109858408592f,0.10007589649544346f,0.1653607397126524f,-0.17325655852851102f,0.8507434329201832f,-0.49620336180848135f,0.7175650419341933f,-0.014588172634051988f,-0.5059843342916897f,-0.8624192940041375f,-0.09916183417482038f,0f,0f,0f,1f],start_interpolation:0}
execute if entity @s[tag=aj.dino.bone.leg_right_3] run data modify entity @s {} merge value {transformation:[-0.9947744098015425f,0.005940271074818149f,-0.10192441701354232f,-0.4304278414121625f,0.004647468155373272f,0.9999057752773567f,0.012916718110008801f,0.0342040210582302f,0.1019915420205893f,0.012375530152131414f,-0.9947082846793407f,-0.1541695150442194f,0f,0f,0f,1f],start_interpolation:0}
execute if entity @s[tag=aj.dino.bone.leg_right_2] run data modify entity @s {} merge value {transformation:[-0.9087400575800331f,0.32456582731585726f,-0.34772220376171786f,-0.3641083923108354f,0.2638272169556981f,0.9678358686438191f,0.2138951389362785f,0.26600617884758726f,0.39578896756168386f,0.10006475206550962f,-0.940957139327408f,-0.16053837531196924f,0f,0f,0f,1f],start_interpolation:0}
execute if entity @s[tag=aj.dino.bone.leg_right_1] run data modify entity @s {} merge value {transformation:[-0.9080932736115309f,0.41253680157261763f,-0.07197217357929356f,-0.26630314600987925f,-0.1390740088155127f,-0.1349809874362728f,0.9810395267789731f,0.17453565930806153f,0.39500003353604424f,0.9008848541178629f,0.17994847353495547f,0.08252676721353597f,0f,0f,0f,1f],start_interpolation:0}
execute if entity @s[tag=aj.dino.bone.leg_right_0] run data modify entity @s {} merge value {transformation:[-0.9101671300009819f,-0.1538204998249875f,-0.38462325631631655f,-0.18955708455259304f,-0.02134993937608894f,0.9446857162079052f,-0.3272813433139671f,0.5745751981758813f,0.41369067617534394f,-0.2896690377419522f,-0.8631059454199342f,-0.00904663480730028f,0f,0f,0f,1f],start_interpolation:0}
execute if entity @s[tag=aj.dino.bone.tail_4] run data modify entity @s {} merge value {transformation:[1.567212997394597f,0.0174878316890563f,-2.273587237855688f,-1.3386464270155236f,1.8773488783802263f,1.5477801336957657f,1.3059859027498046f,1.0603887784282935f,1.2826012401529745f,-2.286860766439342f,0.8665236438081302f,-0.7928238905065469f,0f,0f,0f,1f],start_interpolation:0}
execute if entity @s[tag=aj.dino.bone.tail_3] run data modify entity @s {} merge value {transformation:[0.6666290392646304f,0.3105107166966429f,-1.9481104549973793f,-1.011357475703739f,1.6628648431065798f,1.0178818133425647f,0.731261002427331f,0.9264331628831108f,1.0613348970111598f,-1.7898170953836132f,0.07790075418968456f,-0.7885182142635899f,0f,0f,0f,1f],start_interpolation:0}
execute if entity @s[tag=aj.dino.bone.tail_2] run data modify entity @s {} merge value {transformation:[0.16948110731938046f,0.8402620127412708f,-1.7561348977822182f,-0.6845705691106627f,1.163372702809184f,1.3696974194677585f,0.7676371593823436f,0.7849172651607718f,1.56096572147598f,-1.1120533278805154f,-0.38144106665331834f,-0.7167195210978429f,0f,0f,0f,1f],start_interpolation:0}
execute if entity @s[tag=aj.dino.bone.tail_1] run data modify entity @s {} merge value {transformation:[-0.14315259868274638f,0.43674765379339864f,-1.4409771234812643f,-0.3796903940667077f,0.29858334236820483f,1.4269638731757512f,0.40283786107004693f,0.680502634581807f,1.4758087854294026f,-0.24633684571582215f,-0.22127547828932914f,-0.6675022397319054f,0f,0f,0f,1f],start_interpolation:0}
execute if entity @s[tag=aj.dino.bone.tail_0] run data modify entity @s {} merge value {transformation:[-0.9302882209673454f,0.13643570737013774f,-0.865901172344656f,-0.1233615094341928f,0.1733147399471502f,1.2663412092768793f,0.013328885484174307f,0.7071666936199416f,0.8592796654352362f,-0.10770773428871612f,-0.940145317027069f,-0.39536910657931956f,0f,0f,0f,1f],start_interpolation:0}
execute if entity @s[tag=aj.dino.bone.body_1] run data modify entity @s {} merge value {transformation:[-1.1162566552209277f,-0.3670107093446446f,-0.3845501449194602f,-0.009238211666118268f,-0.44971921332677395f,1.1288729012700731f,0.22804209479630178f,0.5781125f,0.2834224830460431f,0.3457653930928872f,-1.1527022963886153f,-0.1506717224031145f,0f,0f,0f,1f],start_interpolation:0}