execute if entity @s[tag=aj.dino.bone.head_lower] run data modify entity @s {} merge value {transformation:[-0.6770632205239785f,-0.6239865560100154f,0.39016172714972674f,-0.1788720935512685f,-0.28584159206040705f,0.7115182957954735f,0.6419005366851444f,0.7043864468210224f,-0.6781445123733365f,0.3230827953745979f,-0.6601041794072098f,0.7790445392329265f,0f,0f,0f,1f],start_interpolation:0}
execute if entity @s[tag=aj.dino.bone.head_upper] run data modify entity @s {} merge value {transformation:[-0.704754824133734f,-0.3730856675351583f,0.669028897076637f,-0.14134732005844264f,-0.29753239407501436f,0.9710428018885104f,0.22808396252259358f,0.7418221011782926f,-0.7058803403691926f,-0.03680902285938682f,-0.7641007678964323f,0.725323783011965f,0f,0f,0f,1f],start_interpolation:0}
execute if entity @s[tag=aj.dino.bone.neck_0] run data modify entity @s {} merge value {transformation:[-0.7292127646045653f,-0.1731824198860299f,0.6620095115481236f,-0.09549384150755635f,-0.45751203270326984f,0.8428070472184196f,-0.2834766676301425f,0.7099594632665746f,-0.5088531063769668f,-0.509592121800747f,-0.6938186978808831f,0.6888962238789811f,0f,0f,0f,1f],start_interpolation:0}
execute if entity @s[tag=aj.dino.bone.neck_1] run data modify entity @s {} merge value {transformation:[-0.7383669813052807f,-0.31683673150645997f,0.5953391356919435f,-0.04652043010575164f,-0.5105963035866556f,0.8393336543378157f,-0.18657553821327f,0.698020771604799f,-0.44057418862408493f,-0.44173917900072135f,-0.7815119206090194f,0.6206568696791802f,0f,0f,0f,1f],start_interpolation:0}
execute if entity @s[tag=aj.dino.bone.neck_2] run data modify entity @s {} merge value {transformation:[-0.8167781977730951f,-0.3257017328241484f,0.47622658144824465f,-0.007988233399455959f,-0.41712876627441164f,0.903611052860304f,-0.09742000562040545f,0.6983329654268198f,-0.39859373802020753f,-0.2782183430042667f,-0.8739093692294635f,0.5413719231499338f,0f,0f,0f,1f],start_interpolation:0}
execute if entity @s[tag=aj.dino.bone.body_0] run data modify entity @s {} merge value {transformation:[-0.9394161741533573f,-0.33159154121778656f,0.08685793879595453f,0.029788763518280997f,-0.34255421396178365f,0.8989919449668368f,-0.27289209109420565f,0.5782839682552026f,0.012404121738086638f,-0.28611279712301724f,-0.9581156532936669f,0.0870900266527353f,0f,0f,0f,1f],start_interpolation:0}
execute if entity @s[tag=aj.dino.bone.leg_left_3] run data modify entity @s {} merge value {transformation:[-0.9450197347110647f,-0.32689621936314206f,-0.008750015583607496f,0.45857629758127955f,-0.32558653736892035f,0.9430564772348493f,-0.06810203689694413f,0.37172070837978705f,0.03051405726456713f,-0.0615088815658425f,-0.9976399900754652f,0.10046454950259825f,0f,0f,0f,1f],start_interpolation:0}
execute if entity @s[tag=aj.dino.bone.leg_left_2] run data modify entity @s {} merge value {transformation:[-0.7906358133111843f,-0.594384533883764f,0.27141156218967033f,0.32718738346784937f,-0.6471413499281589f,0.7712114893879146f,-0.19622209699707394f,0.5444208840681007f,-0.09036195783412712f,-0.3224935100378763f,-0.9694817440573744f,-0.004809733355728041f,0f,0f,0f,1f],start_interpolation:0}
execute if entity @s[tag=aj.dino.bone.leg_left_1] run data modify entity @s {} merge value {transformation:[-0.908209770887485f,-0.3564501227774767f,-0.21931329653357534f,0.2600701442171557f,-0.3114297403781354f,0.22553389311220323f,0.9231175330723927f,0.5629350205523342f,-0.27958277642320756f,0.9066850462148226f,-0.31584125458514073f,0.26382736126333967f,0f,0f,0f,1f],start_interpolation:0}
execute if entity @s[tag=aj.dino.bone.leg_left_0] run data modify entity @s {} merge value {transformation:[-0.9102530467556034f,0.014570365848303901f,0.41379595854864015f,0.12626512421582764f,-0.3436736287210295f,0.5307946042820505f,-0.774690599521371f,0.7944460236598373f,-0.2309281875256055f,-0.847375237131761f,-0.47814995524629184f,-0.05680662107018497f,0f,0f,0f,1f],start_interpolation:0}
execute if entity @s[tag=aj.dino.bone.leg_right_3] run data modify entity @s {} merge value {transformation:[-0.9981421656893821f,0.009094213858421768f,-0.06024543424366193f,-0.28576131776641495f,0.013217128228857419f,0.9975708058163515f,-0.0683944069664876f,0.022005652922545554f,0.05947709302153285f,-0.06906361312017263f,-0.9958376839367427f,-0.10878408645223063f,0f,0f,0f,1f],start_interpolation:0}
execute if entity @s[tag=aj.dino.bone.leg_right_2] run data modify entity @s {} merge value {transformation:[-1.021007891160648f,0.0027930969505538207f,-0.09796573022136787f,-0.2865538613165464f,-0.0013116114183976838f,1.0248029622400996f,0.04288785096153528f,0.26221319697491674f,0.09799676200705913f,0.042816897295770234f,-1.0201105564804192f,-0.13048154531415596f,0f,0f,0f,1f],start_interpolation:0}
execute if entity @s[tag=aj.dino.bone.leg_right_1] run data modify entity @s {} merge value {transformation:[-0.9100340673596793f,0.14757735554049556f,-0.38737439303143534f,-0.24404071767890112f,-0.38438114491637904f,0.049468491711614104f,0.9218481457162842f,0.21910568082512571f,0.1552067385056859f,0.987812630238879f,0.011707940167918485f,0.14034637113687404f,0f,0f,0f,1f],start_interpolation:0}
execute if entity @s[tag=aj.dino.bone.leg_right_0] run data modify entity @s {} merge value {transformation:[-0.9783283347946541f,-0.2022205582899416f,-0.04450297903313491f,-0.2060605218113028f,-0.1282668673334667f,0.7606035591570632f,-0.6364195444375249f,0.5844661964712194f,0.16254623982848126f,-0.616919015432749f,-0.7700582109912925f,-0.05808869857897142f,0f,0f,0f,1f],start_interpolation:0}
execute if entity @s[tag=aj.dino.bone.tail_4] run data modify entity @s {} merge value {transformation:[-1.2152695805621787f,2.1728013549713823f,-1.1948704741497085f,-0.4196174539990948f,2.4389519825775103f,0.8072238692637723f,-1.0127014284437723f,0.1979288053131394f,-0.4475426290773422f,-1.5009947462684035f,-2.2742870747628134f,-1.6665622061818102f,0f,0f,0f,1f],start_interpolation:0}
execute if entity @s[tag=aj.dino.bone.tail_3] run data modify entity @s {} merge value {transformation:[-1.0098093898862035f,1.681874776237104f,-0.6982318806811162f,-0.31768159465017876f,1.767895422535452f,0.7139135147973636f,-0.8371492067799596f,0.33289217045447317f,-0.4367794605064376f,-0.9987843893911791f,-1.7741473930969323f,-1.3559584810217749f,0f,0f,0f,1f],start_interpolation:0}
execute if entity @s[tag=aj.dino.bone.tail_2] run data modify entity @s {} merge value {transformation:[-1.5059905128996867f,1.1534814246458196f,-0.469304861530291f,-0.23127796883189364f,1.2415180273722763f,1.3333840459922282f,-0.7067487874809725f,0.46551054329394115f,-0.09695069761774662f,-0.8428175745042478f,-1.7604070476287543f,-1.028974896418501f,0f,0f,0f,1f],start_interpolation:0}
execute if entity @s[tag=aj.dino.bone.tail_1] run data modify entity @s {} merge value {transformation:[-1.4420443023629521f,0.2176599255352158f,-0.40098458429040795f,-0.14627353921569514f,0.34882410063596575f,1.3827857295642105f,-0.5038666717784425f,0.5567006456173658f,0.2940854073871344f,-0.572873487717471f,-1.3685707837859047f,-0.7277519072847094f,0f,0f,0f,1f],start_interpolation:0}
execute if entity @s[tag=aj.dino.bone.tail_0] run data modify entity @s {} merge value {transformation:[-1.2557818818995503f,-0.014170279526131112f,-0.23800585046381303f,-0.0770646520266398f,0.0949405743972309f,1.1407168870987496f,-0.5688470685561194f,0.7504585107799044f,0.21870955399793485f,-0.576541328310398f,-1.1196436684607005f,-0.4144789736908712f,0f,0f,0f,1f],start_interpolation:0}
execute if entity @s[tag=aj.dino.bone.body_1] run data modify entity @s {} merge value {transformation:[-1.0452017022428934f,-0.6458476857488937f,-0.13798102586082728f,-0.0014835714306440523f,-0.6604102796095814f,1.0205388820866792f,0.22575041039058014f,0.6292341666666666f,-0.00403227861168895f,0.2645482035817279f,-1.2077262039746959f,-0.15151874769216972f,0f,0f,0f,1f],start_interpolation:0}