execute if entity @s[tag=aj.dino.bone.head_lower] run data modify entity @s {} merge value {transformation:[-0.9936495307368959f,-0.11208128870574362f,0.009919414720938352f,-0.11486324156868723f,-0.11246037334398905f,0.9921163590862525f,-0.05529732779048557f,0.3817763913565369f,-0.0036434178564623936f,-0.05606170489289092f,-0.9984206582151762f,0.7976200956732648f,0f,0f,0f,1f],start_interpolation:0}
execute if entity @s[tag=aj.dino.bone.head_upper] run data modify entity @s {} merge value {transformation:[-1.0342893825233972f,-0.08979583051806744f,-0.07519391334707187f,-0.12238432649759252f,-0.11705995575526931f,0.7709249149174818f,0.6895242453326458f,0.4465849526872588f,-0.0037924321287009324f,0.6936017783747033f,-0.7761276525659329f,0.7596893673447562f,0f,0f,0f,1f],start_interpolation:0}
execute if entity @s[tag=aj.dino.bone.neck_0] run data modify entity @s {} merge value {transformation:[-0.9944264114681588f,0.10486832402425221f,-0.01089710011445666f,-0.12446983891587152f,0.09759518897459868f,0.9546769748640428f,0.28118864264662574f,0.44923940478268587f,0.0398909922610661f,0.278557908307741f,-0.9595906421259243f,0.6931060302676528f,0f,0f,0f,1f],start_interpolation:0}
execute if entity @s[tag=aj.dino.bone.neck_1] run data modify entity @s {} merge value {transformation:[-0.9710718701311373f,0.1918988715851388f,0.1421064605300056f,-0.1115475024476518f,0.21020587417888412f,0.9693105334609449f,0.12747776348190845f,0.4645039369590871f,-0.11328245010021101f,0.15366168294668855f,-0.9816084625212257f,0.6106588100466595f,0f,0f,0f,1f],start_interpolation:0}
execute if entity @s[tag=aj.dino.bone.neck_2] run data modify entity @s {} merge value {transformation:[-0.9495107354633376f,0.13265599218285615f,0.28430925236061816f,-0.08534109454800365f,0.17180664668118772f,0.9781093121739437f,0.11740804740212724f,0.48436606395637205f,-0.26251064625275145f,0.1603264207066216f,-0.951516473544923f,0.5288685264533033f,0f,0f,0f,1f],start_interpolation:0}
execute if entity @s[tag=aj.dino.bone.body_0] run data modify entity @s {} merge value {transformation:[-0.9881009470003865f,0.1251622729306499f,0.08939196816142309f,-0.04201866807089996f,0.1250255150138579f,0.9921277643071706f,-0.007149817226660193f,0.49044763902399285f,-0.08958314089413799f,0.0041115356849416584f,-0.9959708610907512f,0.05951036202878007f,0f,0f,0f,1f],start_interpolation:0}
execute if entity @s[tag=aj.dino.bone.leg_left_3] run data modify entity @s {} merge value {transformation:[-0.9944655976186626f,-0.05424020107743742f,-0.08997875160300503f,0.3430108531141558f,-0.08382716737028867f,0.9259087184761688f,0.36832872690097557f,0.13914427054523013f,0.06333388637711843f,0.3738329113880945f,-0.9253311694736497f,-0.022839126864840735f,0f,0f,0f,1f],start_interpolation:0}
execute if entity @s[tag=aj.dino.bone.leg_left_2] run data modify entity @s {} merge value {transformation:[-0.9805434742135233f,-0.28994173747379104f,0.08081140729282782f,0.276402095682018f,-0.2773809964041724f,0.9773641037430532f,0.14100138669198387f,0.37089367561760206f,-0.11686093235892256f,0.1129397940759279f,-1.0127439582159872f,-0.02799264488304734f,0f,0f,0f,1f],start_interpolation:0}
execute if entity @s[tag=aj.dino.bone.leg_left_1] run data modify entity @s {} merge value {transformation:[-0.9814840167567558f,-0.15436418038856284f,0.11340557598280418f,0.24799843289308593f,0.12449649262469248f,-0.06415673367714708f,0.9901436950503851f,0.29847136196790397f,-0.1455669886175235f,0.9859288074383703f,0.08218660771670117f,0.23839358990689644f,0f,0f,0f,1f],start_interpolation:0}
execute if entity @s[tag=aj.dino.bone.leg_left_0] run data modify entity @s {} merge value {transformation:[-0.9909230088392028f,0.13303523622521865f,0.019318811442773323f,0.18343952610661196f,0.08233984603853033f,0.7142446980612569f,-0.6950357264527738f,0.6450614125465204f,-0.1062626006994572f,-0.6871361853474783f,-0.7187156061187927f,0.014753783613605825f,0f,0f,0f,1f],start_interpolation:0}
execute if entity @s[tag=aj.dino.bone.leg_right_3] run data modify entity @s {} merge value {transformation:[-0.9613875518140265f,0.04181143087507101f,0.2720032710560883f,-0.2230329029524696f,0.03779933070419508f,0.9990856774179293f,-0.019975479385313688f,0.01960431583833855f,-0.27258977569847986f,-0.008922635627286346f,-0.9620889775681436f,-0.04914060437796125f,0f,0f,0f,1f],start_interpolation:0}
execute if entity @s[tag=aj.dino.bone.leg_right_2] run data modify entity @s {} merge value {transformation:[-0.9869378082978731f,0.13257106525765597f,0.24584725890140696f,-0.18300188475815318f,0.03888709015027852f,0.9592302752414376f,-0.361147162221407f,0.23197810673209573f,-0.276593124051429f,-0.33817804662245793f,-0.9280054159382825f,-0.15621983947868778f,0f,0f,0f,1f],start_interpolation:0}
execute if entity @s[tag=aj.dino.bone.leg_right_1] run data modify entity @s {} merge value {transformation:[-0.9555149115181496f,-0.1759873498961936f,-0.23668482533313664f,-0.23728894921239385f,-0.2910848900541252f,0.43331308580858896f,0.8529415902916311f,0.2986617701807691f,-0.04754829806250073f,0.8838937845372337f,-0.46526437324150055f,0.10763540364104035f,0f,0f,0f,1f],start_interpolation:0}
execute if entity @s[tag=aj.dino.bone.leg_right_0] run data modify entity @s {} merge value {transformation:[-0.9634025298081632f,-0.1032909745225209f,0.24735913191434666f,-0.18596069081898448f,-0.25231569745992555f,0.6610067040724195f,-0.7066872900984055f,0.6450614125465204f,-0.0905116256319734f,-0.7432369149561292f,-0.66287746520149f,-0.11969689987878951f,0f,0f,0f,1f],start_interpolation:0}
execute if entity @s[tag=aj.dino.bone.tail_4] run data modify entity @s {} merge value {transformation:[-2.559073152207098f,0.6848161935230217f,-0.779636270539965f,-0.4265207968772454f,1.016007479507403f,2.075477956627392f,-1.5118800827905625f,0.7820211349891425f,0.21103254449928063f,-1.687921610810888f,-2.175326925434366f,-1.5876053002046966f,0f,0f,0f,1f],start_interpolation:0}
execute if entity @s[tag=aj.dino.bone.tail_3] run data modify entity @s {} merge value {transformation:[-1.7745025459382313f,0.5380297781459679f,-0.9474229247444773f,-0.2711379237950562f,0.9684495247785421f,1.6084958418013775f,-0.9004399873996807f,0.9189620872939761f,0.499191104146894f,-1.20797790161092f,-1.6209698198315494f,-1.300927708179552f,0f,0f,0f,1f],start_interpolation:0}
execute if entity @s[tag=aj.dino.bone.tail_2] run data modify entity @s {} merge value {transformation:[-1.4802259433935063f,0.5383178062479036f,-1.1566844733910904f,-0.05707925793943f,0.7055111309397625f,1.8215351261306842f,-0.05511536441814605f,0.9301630393821858f,1.0629953318936434f,-0.4593447493455132f,-1.5741083827436424f,-1.0076276737206937f,0f,0f,0f,1f],start_interpolation:0}
execute if entity @s[tag=aj.dino.bone.tail_1] run data modify entity @s {} merge value {transformation:[-1.2723457845308466f,0.2390293925834441f,-0.7820852920671599f,0.10951044718596253f,0.11424279579610186f,1.484219100962754f,0.26776574453429447f,0.8542906490454064f,0.8097783883231726f,0.16617719403848585f,-1.2666097867876358f,-0.7378723632453552f,0f,0f,0f,1f],start_interpolation:0}
execute if entity @s[tag=aj.dino.bone.tail_0] run data modify entity @s {} merge value {transformation:[-1.2590969947087107f,0.22025002275463995f,0.0006340158522647841f,0.11464019840808175f,0.21151183394514625f,1.2081074387858692f,0.359965105302494f,0.7782542634610022f,0.06142653010451791f,0.35468586158861093f,-1.2264829544565594f,-0.3709063361795787f,0f,0f,0f,1f],start_interpolation:0}
execute if entity @s[tag=aj.dino.bone.body_1] run data modify entity @s {} merge value {transformation:[-1.1618054163295215f,-0.16182250718900829f,0.3906740915529215f,0.034713838826039636f,0f,1.1422546279121484f,0.47313735856464517f,0.5913175f,-0.4228625895531988f,0.44460368446133347f,-1.0733682449075992f,-0.15131046800870748f,0f,0f,0f,1f],start_interpolation:0}