execute if entity @s[tag=aj.dino.bone.head_lower] run data modify entity @s {} merge value {transformation:[-0.9549872077517055f,-0.03452235552990794f,0.2946313628914393f,0.2018942697734293f,0.12146259458400255f,0.8606276591412999f,0.49453702635686353f,0.32338039360437415f,-0.27064048320146544f,0.5080632237129881f,-0.8176952302434225f,0.7578588506255383f,0f,0f,0f,1f],start_interpolation:0}
execute if entity @s[tag=aj.dino.bone.head_upper] run data modify entity @s {} merge value {transformation:[-0.9940457866374138f,-0.141707436850936f,0.27434270355351137f,0.21731614971586463f,0.12643036409307384f,0.656945777657637f,0.797439371260664f,0.3931445543718274f,-0.2817095661975374f,0.7948667750902967f,-0.6101626608977758f,0.7335569168907319f,0f,0f,0f,1f],start_interpolation:0}
execute if entity @s[tag=aj.dino.bone.neck_0] run data modify entity @s {} merge value {transformation:[-0.9477518196832365f,-0.2487469001425089f,0.19972848559133077f,0.23457483898159642f,-0.1641775921134974f,0.9171417703414729f,0.3631758408026663f,0.4017943045038195f,-0.27351820146916705f,0.31140962214485646f,-0.9100614488597294f,0.6697442557506422f,0f,0f,0f,1f],start_interpolation:0}
execute if entity @s[tag=aj.dino.bone.neck_1] run data modify entity @s {} merge value {transformation:[-0.963329736351585f,-0.2112739856672887f,0.16540593109391163f,0.24761357945537535f,-0.1577093977535021f,0.9445590406062017f,0.28798604943524597f,0.4305419681380763f,-0.21707962806540199f,0.25133945529771207f,-0.9432417045962482f,0.5909971927770918f,0f,0f,0f,1f],start_interpolation:0}
execute if entity @s[tag=aj.dino.bone.neck_2] run data modify entity @s {} merge value {transformation:[-0.9700477255697583f,-0.24072142221143578f,0.03256696187000824f,0.24810987639306326f,-0.21896791832800125f,0.9245703557483713f,0.3118055612307647f,0.4669105954828495f,-0.10516872567470181f,0.29533515564496227f,-0.9495876394415237f,0.510697709412955f,0f,0f,0f,1f],start_interpolation:0}
execute if entity @s[tag=aj.dino.bone.body_0] run data modify entity @s {} merge value {transformation:[-0.878843782775977f,-0.30672261698554215f,-0.36545155863062295f,0.072952010923737f,-0.35386569591714656f,0.9328157862085298f,0.06807186095029535f,0.5078788446626141f,0.3200198036514065f,0.18914530189698925f,-0.9283379664977686f,0.07497735250212734f,0f,0f,0f,1f],start_interpolation:0}
execute if entity @s[tag=aj.dino.bone.leg_left_3] run data modify entity @s {} merge value {transformation:[-0.947546113047414f,-0.07459281301151874f,-0.31079297916099347f,0.43139221917452697f,-0.06990921032821514f,0.997209265069425f,-0.026198930722129837f,0.09682438681896047f,0.3118798902783289f,-0.0030974032230541015f,-0.9501164876651977f,-0.20683645817832388f,0f,0f,0f,1f],start_interpolation:0}
execute if entity @s[tag=aj.dino.bone.leg_left_2] run data modify entity @s {} merge value {transformation:[-0.9170656753441113f,-0.45461959845505645f,-0.06613446383623417f,0.3219544839198932f,-0.4331829671322041f,0.9048862239270814f,-0.21353135187653946f,0.30048094592424573f,0.1529877890319445f,-0.16298509731949692f,-1.0010458500785897f,-0.2755275063705576f,0f,0f,0f,1f],start_interpolation:0}
execute if entity @s[tag=aj.dino.bone.leg_left_1] run data modify entity @s {} merge value {transformation:[-0.9974553492671823f,-0.023260253851133877f,-0.06739278009597147f,0.33907460685508717f,-0.07115196578999872f,0.26515341512188945f,0.9615773833724552f,0.3229334201384396f,-0.004497108237747105f,0.9639256335630773f,-0.2661337050760729f,0.0005452620295699068f,0f,0f,0f,1f],start_interpolation:0}
execute if entity @s[tag=aj.dino.bone.leg_left_0] run data modify entity @s {} merge value {transformation:[-0.9921636100879013f,-0.11907895486443876f,0.037836137827950006f,0.1738757971489918f,-0.12302718647623383f,0.8782018423272921f,-0.4621967497945999f,0.6910646461594612f,0.02181013996022635f,-0.4632296694312043f,-0.8859698590547946f,-0.10667428965948522f,0f,0f,0f,1f],start_interpolation:0}
execute if entity @s[tag=aj.dino.bone.leg_right_3] run data modify entity @s {} merge value {transformation:[-0.9933347487526193f,0.016050698305437483f,-0.11414224460942671f,-0.4642433677502017f,0.010520866301564652f,0.9987489874377222f,0.048885288834056545f,0.04735409352085712f,0.11478409425018318f,0.04735858080678057f,-0.9922609417543011f,-0.1522575278567955f,0f,0f,0f,1f],start_interpolation:0}
execute if entity @s[tag=aj.dino.bone.leg_right_2] run data modify entity @s {} merge value {transformation:[-0.8674505701595816f,0.3935447169358747f,-0.3804132800026479f,-0.3829193959289516f,0.31412780829388554f,0.9417296777141476f,0.2579362976968966f,0.27435396993573f,0.44823590651239725f,0.1016364569677851f,-0.9169606328674853f,-0.15759979150290798f,0f,0f,0f,1f],start_interpolation:0}
execute if entity @s[tag=aj.dino.bone.leg_right_1] run data modify entity @s {} merge value {transformation:[-0.8939071976154235f,0.44823907640261124f,0.003413566620711961f,-0.2791306096466971f,-0.08781165627865249f,-0.18257722947111443f,0.9792623082199434f,0.17106821761544466f,0.4395668721286214f,0.8750698747325184f,0.20256771525263884f,0.07814016452800075f,0f,0f,0f,1f],start_interpolation:0}
execute if entity @s[tag=aj.dino.bone.leg_right_0] run data modify entity @s {} merge value {transformation:[-0.8926085322411398f,-0.11611196893840009f,-0.43562371243949305f,-0.18546883448345478f,0.01020847940078285f,0.9608116266016793f,-0.2770140883337148f,0.5696777694029193f,0.4507169789553549f,-0.25171219449260573f,-0.8564433291380549f,-0.0033777823396182183f,0f,0f,0f,1f],start_interpolation:0}
execute if entity @s[tag=aj.dino.bone.tail_4] run data modify entity @s {} merge value {transformation:[1.635331174386684f,0.06390963502514403f,-2.2242456789280314f,-1.3494560086007126f,1.7951039963067936f,1.5932420746466014f,1.3655924229502645f,1.0845118827055336f,1.3148973055423183f,-2.2545856785065297f,0.9019699694284753f,-0.7008656486703142f,0f,0f,0f,1f],start_interpolation:0}
execute if entity @s[tag=aj.dino.bone.tail_3] run data modify entity @s {} merge value {transformation:[0.7248880502614056f,0.25428886609130663f,-1.9354121042337877f,-1.0237700533760412f,1.595141968535393f,1.112852175148905f,0.7436582968862959f,0.9475247846032324f,1.1251688499286203f,-1.7415058813833484f,0.19260802242367395f,-0.7164828493692091f,0f,0f,0f,1f],start_interpolation:0}
execute if entity @s[tag=aj.dino.bone.tail_2] run data modify entity @s {} merge value {transformation:[0.30683395255492446f,0.7991135297923693f,-1.7567140823324316f,-0.6967837041660647f,1.0716327132514527f,1.4088092891225974f,0.8280299449742075f,0.7947234700512804f,1.6050639016723385f,-1.0933653682038034f,-0.21701593988393875f,-0.6752133731105098f,0f,0f,0f,1f],start_interpolation:0}
execute if entity @s[tag=aj.dino.bone.tail_1] run data modify entity @s {} merge value {transformation:[-0.016902351945953947f,0.44950528126253825f,-1.444062174082467f,-0.39151622540736475f,0.22651010789526974f,1.4286163493871642f,0.442046091810533f,0.6819203225926017f,1.4953473614916266f,-0.21132103156283116f,-0.08328229163064953f,-0.6561373846813259f,0f,0f,0f,1f],start_interpolation:0}
execute if entity @s[tag=aj.dino.bone.tail_0] run data modify entity @s {} merge value {transformation:[-0.8919785759230761f,0.15816960852253284f,-0.9017717624865492f,-0.12418064287495238f,0.1559983873341832f,1.2668425476251592f,0.06789830086061473f,0.6926500283339252f,0.9021498987570762f,-0.06267416573400136f,-0.9033455738011739f,-0.3936712515754686f,0f,0f,0f,1f],start_interpolation:0}
execute if entity @s[tag=aj.dino.bone.body_1] run data modify entity @s {} merge value {transformation:[-1.130179464522628f,-0.2921436773120933f,-0.407370893454802f,-0.009794666641041975f,-0.3817754414461539f,1.1527357818839088f,0.2324915579743451f,0.5609540625f,0.32487918575401303f,0.33831477063130344f,-1.1439410936288408f,-0.15050887201992114f,0f,0f,0f,1f],start_interpolation:0}