execute if entity @s[tag=aj.dino.bone.head_lower] run data modify entity @s {} merge value {transformation:[-0.985161258193506f,-0.17163061779522312f,0.00047580439095767924f,-0.07893587111642864f,-0.16171061165794492f,0.9291420632962242f,0.3324826375780371f,0.4057240100496977f,-0.057506290367243584f,0.32747207094478326f,-0.9431092563003148f,0.796980558678756f,0f,0f,0f,1f],start_interpolation:0}
execute if entity @s[tag=aj.dino.bone.head_upper] run data modify entity @s {} merge value {transformation:[-1.025453943169763f,-0.1443069556546829f,-0.10531692917460804f,-0.08975484752948092f,-0.16832450829533335f,0.5748424482502892f,0.8512901750756053f,0.4772653944593966f,-0.05985827368230953f,0.8556889650000158f,-0.5896484756467049f,0.7755274340132351f,0f,0f,0f,1f],start_interpolation:0}
execute if entity @s[tag=aj.dino.bone.neck_0] run data modify entity @s {} merge value {transformation:[-0.9969830329424976f,0.07531887671271525f,-0.0187589668029408f,-0.09186825394544348f,0.070374946972424f,0.9790849469923494f,0.1908927274979769f,0.47369375176457795f,0.032744447825662645f,0.18899664913358438f,-0.9814316419154566f,0.7089878733287941f,0f,0f,0f,1f],start_interpolation:0}
execute if entity @s[tag=aj.dino.bone.neck_1] run data modify entity @s {} merge value {transformation:[-0.9895418190723432f,0.12206936945557947f,0.07685087733861914f,-0.0847956176406867f,0.13294824952320616f,0.9785134018817568f,0.15759532127099035f,0.49155203284311655f,-0.05596205192551053f,0.16616435050427825f,-0.9845088406742611f,0.6263525512373798f,0f,0f,0f,1f],start_interpolation:0}
execute if entity @s[tag=aj.dino.bone.neck_2] run data modify entity @s {} merge value {transformation:[-0.9813997457843221f,0.08827555793771193f,0.17047570162710507f,-0.06899639472595617f,0.12194223546193449f,0.9725015079032209f,0.19842103803908484f,0.5184566015089407f,-0.14827214905373903f,0.21551854443817015f,-0.9651772515026648f,0.5439058464255f,0f,0f,0f,1f],start_interpolation:0}
execute if entity @s[tag=aj.dino.bone.body_0] run data modify entity @s {} merge value {transformation:[-0.9921735279796949f,0.0957946640853087f,0.08009414903167739f,-0.03033575872164282f,0.0978949652683872f,0.9949375604188961f,0.022711817249987998f,0.5386386197444858f,-0.07751300633717503f,0.030374877785407872f,-0.9965285247538549f,0.0745350483704793f,0f,0f,0f,1f],start_interpolation:0}
execute if entity @s[tag=aj.dino.bone.leg_left_3] run data modify entity @s {} merge value {transformation:[-0.9964287899048366f,-0.02017761149141047f,-0.08199104001831192f,0.26410199660784656f,-0.038832331437317014f,0.9717535047933928f,0.23278139091624186f,0.07919352841654981f,0.07497810803111185f,0.23513398290391727f,-0.969066712564112f,-0.07865733208859688f,0f,0f,0f,1f],start_interpolation:0}
execute if entity @s[tag=aj.dino.bone.leg_left_2] run data modify entity @s {} merge value {transformation:[-1.0166839422480463f,-0.1355528601339589f,-0.006432976384910251f,0.230728752549021f,-0.13485450872848997f,1.0146096657715624f,-0.06666098633541545f,0.31342823494387656f,0.01517308641190186f,-0.06522919387142674f,-1.0235121539172436f,-0.12546973327741448f,0f,0f,0f,1f],start_interpolation:0}
execute if entity @s[tag=aj.dino.bone.leg_left_1] run data modify entity @s {} merge value {transformation:[-0.9638413571919158f,-0.057923669127247654f,0.26010514551097f,0.22039320326752715f,0.24939267781870286f,0.14779390959976524f,0.9570581239066063f,0.2978536366492329f,-0.0938782744667926f,0.9873205198110964f,-0.1280041434606079f,0.1514129024525567f,0f,0f,0f,1f],start_interpolation:0}
execute if entity @s[tag=aj.dino.bone.leg_left_0] run data modify entity @s {} merge value {transformation:[-0.9773239741966993f,0.20144483610802658f,-0.06525203035752822f,0.19115996004979932f,0.2025668133114587f,0.799679624362825f,-0.5652248972964407f,0.6814002688794563f,-0.0616809176748377f,-0.5656257387923054f,-0.8223521070748518f,-0.010897531470466265f,0f,0f,0f,1f],start_interpolation:0}
execute if entity @s[tag=aj.dino.bone.leg_right_3] run data modify entity @s {} merge value {transformation:[-0.9620647918015744f,0.03486556313187396f,0.2705840514207937f,-0.19537988866961817f,0.03216892129430062f,0.9993787654694489f,-0.014395958860818125f,0.02627096410184035f,-0.27091787847714016f,-0.005145448110568718f,-0.9625887114885501f,-0.05955031495197742f,0f,0f,0f,1f],start_interpolation:0}
execute if entity @s[tag=aj.dino.bone.leg_right_2] run data modify entity @s {} merge value {transformation:[-0.9865560957701419f,0.10321650519247376f,0.2609896979869532f,-0.16172399879340082f,-0.003377892952826768f,0.9493824784379032f,-0.3882315017808303f,0.23557778942932492f,-0.280638306791265f,-0.37427458127910795f,-0.9128104283313019f,-0.17456773108529816f,0f,0f,0f,1f],start_interpolation:0}
execute if entity @s[tag=aj.dino.bone.leg_right_1] run data modify entity @s {} merge value {transformation:[-0.9455285373195018f,-0.19329420276113768f,-0.26194109317436176f,-0.21917441171295066f,-0.3231893438013638f,0.46086504224331504f,0.826530133081252f,0.3105078428284889f,-0.03904399016093513f,0.8661643978004429f,-0.49823167584499184f,0.086388822411136f,0f,0f,0f,1f],start_interpolation:0}
execute if entity @s[tag=aj.dino.bone.leg_right_0] run data modify entity @s {} merge value {transformation:[-0.9571356972654508f,-0.16735722264433397f,0.23639546748817786f,-0.1928368135487105f,-0.27948800525937f,0.7478503366264676f,-0.6021680238304068f,0.685656073305461f,-0.0760112619045209f,-0.6424262090205021f,-0.7625685897197891f,-0.09493247986024277f,0f,0f,0f,1f],start_interpolation:0}
execute if entity @s[tag=aj.dino.bone.tail_4] run data modify entity @s {} merge value {transformation:[-2.6781155733567816f,0.651395577323481f,0.17041745564138627f,-0.06948517849256075f,0.5740646008976342f,2.574234088641116f,-0.8181870339196818f,0.6470064538222173f,-0.3518638107849615f,-0.7580659538070915f,-2.6319553947471124f,-1.7718526299825315f,0f,0f,0f,1f],start_interpolation:0}
execute if entity @s[tag=aj.dino.bone.tail_3] run data modify entity @s {} merge value {transformation:[-2.013420243619585f,0.5015285158962604f,-0.17479587057533322f,-0.04475410853185153f,0.5310556009297095f,1.8906840253467463f,-0.6922711831820355f,0.7458882367165225f,-0.008024795852813592f,-0.7139527926172461f,-1.9560553516222388f,-1.4331913380919352f,0f,0f,0f,1f],start_interpolation:0}
execute if entity @s[tag=aj.dino.bone.tail_2] run data modify entity @s {} merge value {transformation:[-1.8662403734824147f,0.3748716762030418f,-0.4420316388763549f,0.03612782736705231f,0.4640753497507877f,1.8593341883744021f,-0.38247133317225845f,0.8177744143218564f,0.3472100418200466f,-0.4702355551482707f,-1.8646977193466223f,-1.0864032559961392f,0f,0f,0f,1f],start_interpolation:0}
execute if entity @s[tag=aj.dino.bone.tail_1] run data modify entity @s {} merge value {transformation:[-1.4778009561215089f,0.14278547692739124f,-0.28874364350574394f,0.09792868248821246f,0.1525014362289876f,1.504347048548947f,-0.036599446309598875f,0.807115422648762f,0.2837320849577127f,-0.06487306914807253f,-1.4842317335459645f,-0.7664912099559276f,0f,0f,0f,1f],start_interpolation:0}
execute if entity @s[tag=aj.dino.bone.tail_0] run data modify entity @s {} merge value {transformation:[-1.2702085534979244f,0.11200927073750595f,0.0886559105395149f,0.07472434810339432f,0.1226322661258638f,1.2618692823859492f,0.16273585363905746f,0.7900113774891031f,-0.0732616851401446f,0.1702220726687626f,-1.264710594583126f,-0.3928056177721839f,0f,0f,0f,1f],start_interpolation:0}
execute if entity @s[tag=aj.dino.bone.body_1] run data modify entity @s {} merge value {transformation:[-1.207713236155646f,-0.06945835840713846f,0.2553602763119053f,0.020035174238138664f,0.013384985732066547f,1.1754627137990115f,0.38303112886744056f,0.62178625f,-0.26429940678643127f,0.3769184792125466f,-1.1474680294704038f,-0.15142350876192187f,0f,0f,0f,1f],start_interpolation:0}