execute if entity @s[tag=aj.dino.bone.head_lower] run data modify entity @s {} merge value {transformation:[-0.9956185559032941f,-0.09270319702949315f,0.012239624240563213f,-0.03336669628615805f,-0.08851112737502095f,0.9765245851425618f,0.19638104527410494f,0.4113817524686973f,-0.03015744471672f,0.19443726976240489f,-0.98045126174405f,0.8092040666716195f,0f,0f,0f,1f],start_interpolation:0}
execute if entity @s[tag=aj.dino.bone.head_upper] run data modify entity @s {} merge value {transformation:[-1.036338939998674f,-0.08133115791923835f,-0.05346762363756095f,-0.039200592296462285f,-0.09213119560502292f,0.6352837409593196f,0.8193890125286205f,0.48210480061132027f,-0.03139087164003189f,0.8205313850229953f,-0.639698993240908f,0.7835199741131106f,0f,0f,0f,1f],start_interpolation:0}
execute if entity @s[tag=aj.dino.bone.neck_0] run data modify entity @s {} merge value {transformation:[-0.9995083691081758f,0.03086583701631108f,-0.005506377030067865f,-0.03973468922613446f,0.029692465021524526f,0.9882544467137636f,0.1499049901484883f,0.47574712132116603f,0.01006864457910205f,0.14966779431713206f,-0.9886850730847434f,0.7171571011432779f,0f,0f,0f,1f],start_interpolation:0}
execute if entity @s[tag=aj.dino.bone.neck_1] run data modify entity @s {} merge value {transformation:[-0.9981153427810724f,0.05033470762443537f,0.035102417486338904f,-0.03652916803962473f,0.056091401932352375f,0.9803395717328764f,0.1891773737101335f,0.4962892296919712f,-0.024890101130488f,0.19078978301513638f,-0.9813153119985193f,0.6349057591351612f,0f,0f,0f,1f],start_interpolation:0}
execute if entity @s[tag=aj.dino.bone.neck_2] run data modify entity @s {} merge value {transformation:[-0.9966243565292938f,0.035465874280589324f,0.07404095984037942f,-0.029695391575030285f,0.05356525365236147f,0.9643706330961986f,0.25907536668466746f,0.5284279661084558f,-0.06221459293228093f,0.2621668434092118f,-0.9630150002170892f,0.5531051997548958f,0f,0f,0f,1f],start_interpolation:0}
execute if entity @s[tag=aj.dino.bone.body_0] run data modify entity @s {} merge value {transformation:[-0.9985473883824425f,0.040472304917933355f,0.03556832423988461f,-0.012546624447264107f,0.04250218365472401f,0.9973939775722612f,0.05829938153328609f,0.5654056703812604f,-0.03311612204325629f,0.05972642662350883f,-0.9976653128297098f,0.08347824793479894f,0f,0f,0f,1f],start_interpolation:0}
execute if entity @s[tag=aj.dino.bone.leg_left_3] run data modify entity @s {} merge value {transformation:[-0.9914765222979076f,0.007852164518063018f,-0.1300486418399972f,0.21305554065930804f,-0.0059940207817544945f,0.9943760794994908f,0.10573686317500994f,0.04813662158247292f,0.1301475218623639f,0.1056151316412765f,-0.9858534711210801f,-0.11112353536845422f,0f,0f,0f,1f],start_interpolation:0}
execute if entity @s[tag=aj.dino.bone.leg_left_2] run data modify entity @s {} merge value {transformation:[-1.0183425342496013f,-0.07116466476582523f,-0.09988129418245272f,0.19180054676241665f,-0.048046474464199566f,1.0000812023377925f,-0.22269109664028097f,0.2742974071891345f,0.11283713365003112f,-0.2164148301758861f,-0.9962402331015762f,-0.19218275047837505f,0f,0f,0f,1f],start_interpolation:0}
execute if entity @s[tag=aj.dino.bone.leg_left_1] run data modify entity @s {} merge value {transformation:[-0.9490825280090995f,0.03830938874148708f,0.3126895357413012f,0.2045257018470022f,0.30926829196708217f,0.30223186469260727f,0.9016701301186555f,0.30242388631463174f,-0.059962309925656335f,0.9524643251579996f,-0.2986908614097465f,0.08360767223394808f,0f,0f,0f,1f],start_interpolation:0}
execute if entity @s[tag=aj.dino.bone.leg_left_0] run data modify entity @s {} merge value {transformation:[-0.9650150684557754f,0.2432903370470013f,-0.0977534119754988f,0.19579940358212627f,0.2601507809698952f,0.8419998987802777f,-0.4726073863311444f,0.7017428012675114f,-0.03267244732260972f,-0.48150387574095227f,-0.8758347611464121f,-0.037946983966052256f,0f,0f,0f,1f],start_interpolation:0}
execute if entity @s[tag=aj.dino.bone.leg_right_3] run data modify entity @s {} merge value {transformation:[-0.9776396726388038f,0.00851475557005385f,0.2101146577949154f,-0.18580019116765395f,0.009260070569412627f,0.9999538384597287f,0.0025635995599920247f,0.028906613392877756f,-0.2100831301550451f,0.004451953193456537f,-0.977673390523145f,-0.09728383837033977f,0f,0f,0f,1f],start_interpolation:0}
execute if entity @s[tag=aj.dino.bone.leg_right_2] run data modify entity @s {} merge value {transformation:[-1.0028878851090424f,0.07006989354459975f,0.20339198465243105f,-0.16162541888635107f,-0.004042753104243917f,0.9634556386583224f,-0.3518509456936508f,0.24261922552046988f,-0.215085437790531f,-0.34482697379530314f,-0.9417509289054742f,-0.2064331483487548f,0f,0f,0f,1f],start_interpolation:0}
execute if entity @s[tag=aj.dino.bone.leg_right_1] run data modify entity @s {} merge value {transformation:[-0.9432250047128274f,-0.13955647765853704f,-0.30141429964092403f,-0.20233758406140173f,-0.3319630464878451f,0.4268762314514959f,0.8411760926157359f,0.30736408063390763f,0.011275027760286204f,0.8934767330855969f,-0.4489679289032721f,0.06033268342672754f,0f,0f,0f,1f],start_interpolation:0}
execute if entity @s[tag=aj.dino.bone.leg_right_0] run data modify entity @s {} merge value {transformation:[-0.9586409518816839f,-0.2336623519756921f,0.16250978630398455f,-0.19584375393416864f,-0.2840281682411453f,0.8221282373427556f,-0.49338946179389875f,0.703348884436391f,-0.018317342082259436f,-0.5191407002276753f,-0.854492485833644f,-0.07180793823156656f,0f,0f,0f,1f],start_interpolation:0}
execute if entity @s[tag=aj.dino.bone.tail_4] run data modify entity @s {} merge value {transformation:[-2.740275143363494f,0.3115436003601917f,0.13962111351364667f,-0.022090609638785542f,0.3021866212128329f,2.7389260233013846f,-0.18063448298272466f,0.6346517131644941f,-0.1588606818069003f,-0.16396998370760887f,-2.752006260861114f,-1.8097454627907035f,0f,0f,0f,1f],start_interpolation:0}
execute if entity @s[tag=aj.dino.bone.tail_3] run data modify entity @s {} merge value {transformation:[-2.067196548182649f,0.2476825689962919f,-0.03601808214746159f,-0.01840704230764931f,0.24999848462495894f,2.028912823757009f,-0.39618056151713144f,0.6819747910841317f,-0.012029751095028936f,-0.39763252464329724f,-2.0439396239808145f,-1.4592776881484484f,0f,0f,0f,1f],start_interpolation:0}
execute if entity @s[tag=aj.dino.bone.tail_2] run data modify entity @s {} merge value {transformation:[-1.9373779888036389f,0.18361122751623948f,-0.17784071702487958f,0.01326426491748826f,0.2187817509098615f,1.8941889277134707f,-0.42773441128729045f,0.7621021887115191f,0.13219284765356593f,-0.4439697042146561f,-1.89847039159729f,-1.106364083398994f,0f,0f,0f,1f],start_interpolation:0}
execute if entity @s[tag=aj.dino.bone.tail_1] run data modify entity @s {} merge value {transformation:[-1.5059494275504015f,0.07265578313514762f,-0.12038982032396416f,0.039721410934942476f,0.08436129920035912f,1.5028465127536585f,-0.14829625855494816f,0.7755625465017131f,0.11249774601228894f,-0.1543688643515489f,-1.5003902028675635f,-0.7817173289233037f,0f,0f,0f,1f],start_interpolation:0}
execute if entity @s[tag=aj.dino.bone.tail_0] run data modify entity @s {} merge value {transformation:[-1.2765451288160052f,0.05511137532800753f,0.03508542417602341f,0.030798570188545007f,0.056713974454932876f,1.2755528725480987f,0.05986744540939449f,0.7888492505168024f,-0.032431092822802356f,0.06134592266627919f,-1.2763309204804878f,-0.4072633828762482f,0f,0f,0f,1f],start_interpolation:0}
execute if entity @s[tag=aj.dino.bone.body_1] run data modify entity @s {} merge value {transformation:[-1.2317619774502593f,-0.02225511442436535f,0.10426761647815508f,0.008056849803806328f,0.005051313018193997f,1.1955919656626728f,0.31486335279912836f,0.6351163281250001f,-0.10649652670800797f,0.3141164697704891f,-1.1910474080716964f,-0.15151951778101333f,0f,0f,0f,1f],start_interpolation:0}