execute if entity @s[tag=aj.dino.bone.head_lower] run data modify entity @s {} merge value {transformation:[0.23270319793154004f,-0.15699837146213735f,0.959792025925758f,-0.4852909998964973f,0.1273066383639789f,0.9833098810628551f,0.12997960467941444f,0.16553165136886738f,-0.9641795691160945f,0.09194122667438408f,0.24880628878047256f,0.5467296754424859f,0f,0f,0f,1f],start_interpolation:0}
execute if entity @s[tag=aj.dino.bone.head_upper] run data modify entity @s {} merge value {transformation:[0.24222066176727425f,-0.7296227336719289f,0.7017490720375996f,-0.4532225610456996f,0.132513426828633f,0.7382011093104687f,0.7217833861391056f,0.23190674319002694f,-1.0036141117514557f,-0.07862398683227696f,0.26466757635086635f,0.5628981295183135f,0f,0f,0f,1f],start_interpolation:0}
execute if entity @s[tag=aj.dino.bone.neck_0] run data modify entity @s {} merge value {transformation:[0.01577423314004267f,-0.05017312760463159f,0.9986159576309668f,-0.38784087393380656f,0.11974592687081143f,0.9916468564092413f,0.047931463273302076f,0.2188711007567744f,-0.9926792465679405f,0.11882411135808665f,0.02165049637461386f,0.5626901125675735f,0f,0f,0f,1f],start_interpolation:0}
execute if entity @s[tag=aj.dino.bone.neck_1] run data modify entity @s {} merge value {transformation:[-0.38462661100165596f,0.00661068915247455f,0.9230485734230404f,-0.3096160901337596f,0.22351410718221548f,0.9708830528077297f,0.08618318665076374f,0.2306446846843225f,-0.8956024865976635f,0.239462724781275f,-0.3749050405641534f,0.5320339098433591f,0f,0f,0f,1f],start_interpolation:0}
execute if entity @s[tag=aj.dino.bone.neck_2] run data modify entity @s {} merge value {transformation:[-0.6640301790101166f,-0.04635084198371095f,0.7462677273011298f,-0.24469124392652264f,0.28355520505427745f,0.907910654850501f,0.30869837786350773f,0.2665779905781455f,-0.6918528507207433f,0.4165931375530991f,-0.5897370521624409f,0.48444722823339387f,0f,0f,0f,1f],start_interpolation:0}
execute if entity @s[tag=aj.dino.bone.body_0] run data modify entity @s {} merge value {transformation:[-0.9163450445501908f,0.09198533513714695f,0.38967994232192077f,-0.06016027311113485f,0.19889735316177487f,0.9492522156578735f,0.24363922913574126f,0.3904470595421219f,-0.34749331250190835f,0.30076390938462805f,-0.8881382035348588f,0.06873617561745349f,0f,0f,0f,1f],start_interpolation:0}
execute if entity @s[tag=aj.dino.bone.leg_left_3] run data modify entity @s {} merge value {transformation:[-0.9909846856516774f,-0.08461671284800981f,0.10387186679098437f,0.36207609805018637f,-0.08356011396296134f,0.9963973877042963f,0.014489759506359112f,0.04110714736670554f,-0.10472373254589162f,0.005679584742977362f,-0.9944851342070451f,0.1532939738158742f,0f,0f,0f,1f],start_interpolation:0}
execute if entity @s[tag=aj.dino.bone.leg_left_2] run data modify entity @s {} merge value {transformation:[-0.9023146505327928f,-0.35337267542911627f,0.33618183055401296f,0.2886951334932908f,-0.41462236924414203f,0.9280567003309679f,-0.1373362712245599f,0.25254827466827f,-0.25686331356765013f,-0.25671134126010087f,-0.9592615518784134f,0.06341096211644953f,0f,0f,0f,1f],start_interpolation:0}
execute if entity @s[tag=aj.dino.bone.leg_left_1] run data modify entity @s {} merge value {transformation:[-0.9139357496352191f,-0.4035760278499073f,0.04298645465261469f,0.19497789978560048f,-0.039693419105485135f,0.194288114159624f,0.9801410924841452f,0.2541377950154828f,-0.4039132060460845f,0.8940797047473945f,-0.19358616567406234f,0.32461574612893584f,0f,0f,0f,1f],start_interpolation:0}
execute if entity @s[tag=aj.dino.bone.leg_left_0] run data modify entity @s {} merge value {transformation:[-0.9320191362390042f,0.28587397422145466f,0.2227473917852499f,0.18071717552843738f,-0.06779269513277675f,0.46625463711184634f,-0.8820491844893543f,0.5011261972491382f,-0.3560119101532067f,-0.8371873650710048f,-0.415178076967623f,-0.01168863901966774f,0f,0f,0f,1f],start_interpolation:0}
execute if entity @s[tag=aj.dino.bone.leg_right_3] run data modify entity @s {} merge value {transformation:[-0.9856627227836345f,0.0676595356803977f,0.15456773319896053f,-0.475708919003848f,0.06647783006473208f,0.9977057044881571f,-0.012807237862852733f,0.04761237950532163f,-0.15507964090955528f,-0.002348289442145865f,-0.9878991803377813f,-0.16175913440809844f,0f,0f,0f,1f],start_interpolation:0}
execute if entity @s[tag=aj.dino.bone.leg_right_2] run data modify entity @s {} merge value {transformation:[-0.8760777024245561f,0.5124937887825808f,0.1479870780658937f,-0.3503147694561157f,0.5023230670398084f,0.88835746629744f,-0.10273630270750697f,0.2507329100412025f,-0.17950374685483803f,-0.015275078839850815f,-1.009756047930492f,-0.1962472396045125f,0f,0f,0f,1f],start_interpolation:0}
execute if entity @s[tag=aj.dino.bone.leg_right_1] run data modify entity @s {} merge value {transformation:[-0.9887519332623594f,-0.05306232639538436f,0.13983563203796265f,-0.39183811560059345f,0.1303503524683171f,0.15272112975498947f,0.9796351576672542f,0.24286230206787524f,-0.0733375761893743f,0.986843779959052f,-0.14408661934683037f,0.07802862684177504f,0f,0f,0f,1f],start_interpolation:0}
execute if entity @s[tag=aj.dino.bone.leg_right_0] run data modify entity @s {} merge value {transformation:[-0.9798685595942377f,0.19891671375993003f,-0.017021953638286527f,-0.19841642638721121f,0.16658674732565582f,0.7676547438650037f,-0.6188336204805083f,0.5752754495436849f,-0.11002936668986166f,-0.6092112402184531f,-0.7853376364706598f,-0.08444238008413919f,0f,0f,0f,1f],start_interpolation:0}
execute if entity @s[tag=aj.dino.bone.tail_4] run data modify entity @s {} merge value {transformation:[-0.05368375010738748f,-0.5212413763298611f,2.711288773660261f,0.9904220987248332f,2.361680378079253f,1.3959991785783232f,0.31514031288314326f,0.7132626021572682f,-1.430120686644958f,2.324898933848609f,0.41864197188021535f,-1.264278514264618f,0f,0f,0f,1f],start_interpolation:0}
execute if entity @s[tag=aj.dino.bone.tail_3] run data modify entity @s {} merge value {transformation:[-0.399458576992782f,0.3099515056842673f,2.019977335376663f,0.6448754703300911f,1.7321118219249223f,1.1436026760767515f,0.16705412794200258f,0.6737453454112556f,-1.0845123363333733f,1.7123225483064202f,-0.47721065468677426f,-1.2001176425509217f,0f,0f,0f,1f],start_interpolation:0}
execute if entity @s[tag=aj.dino.bone.tail_2] run data modify entity @s {} merge value {transformation:[-0.8264090148695016f,0.6367708057833905f,1.652375549337126f,0.337242902158997f,1.415933077222151f,1.332683156217412f,0.19458417449881263f,0.6389366928086883f,-1.0634639326152096f,1.2795516484453242f,-1.0249711791022342f,-1.01005963910568f,0f,0f,0f,1f],start_interpolation:0}
execute if entity @s[tag=aj.dino.bone.tail_1] run data modify entity @s {} merge value {transformation:[-1.0651695594127524f,0.6452658110691862f,0.8583135165926663f,0.14567333473671046f,0.7996279713452352f,1.2835502342400624f,0.027388932519998608f,0.6165888823825079f,-0.7167043791848546f,0.47306139056945534f,-1.2450718869245045f,-0.7472320279122941f,0f,0f,0f,1f],start_interpolation:0}
execute if entity @s[tag=aj.dino.bone.tail_0] run data modify entity @s {} merge value {transformation:[-1.1750652957751775f,0.42717510623092325f,0.2656665125028401f,0.07834790137816666f,0.4283272759249479f,1.2036216722998296f,-0.04082072087681821f,0.6575631808009647f,-0.26380487476075165f,0.05149772005428005f,-1.249636222852756f,-0.3808165476266206f,0f,0f,0f,1f],start_interpolation:0}
execute if entity @s[tag=aj.dino.bone.body_1] run data modify entity @s {} merge value {transformation:[-1.1924180117816265f,0.13270130417612397f,0.2985535866556609f,1.8557991432579204e-17f,0.23320777570073847f,1.1369621321284484f,0.42607022721013565f,0.481925353223594f,-0.2288187352200808f,0.4672387708999954f,-1.1215767973867836f,-0.1515375f,0f,0f,0f,1f],start_interpolation:0}