execute if entity @s[tag=aj.dino.bone.head_lower] run data modify entity @s {} merge value {transformation:[-0.7556012337899661f,-0.5967690558862755f,0.27006197331665216f,-0.0750084421556303f,-0.20747863071386774f,0.6091054012884326f,0.765469286071202f,0.5399620325461134f,-0.6213045897884382f,0.5223574485521008f,-0.5840576192893641f,0.806282331214527f,0f,0f,0f,1f],start_interpolation:0}
execute if entity @s[tag=aj.dino.bone.head_upper] run data modify entity @s {} merge value {transformation:[-0.7865050094181284f,-0.4907497099104805f,0.4733355416261026f,-0.05364174559333601f,-0.21596442026063548f,0.8647160352400839f,0.5376778683967424f,0.5963780567341838f,-0.646715688633873f,0.3080630506973469f,-0.7552005809408294f,0.760937508085279f,0f,0f,0f,1f],start_interpolation:0}
execute if entity @s[tag=aj.dino.bone.neck_0] run data modify entity @s {} merge value {transformation:[-0.7410995958589468f,-0.384661134590097f,0.5502792023632774f,-0.011576421334085457f,-0.4427192636135781f,0.8961517262640026f,0.030194985336958108f,0.5839273519619727f,-0.5047484944436753f,-0.22124171182195085f,-0.8344345764090411f,0.7107356684781867f,0f,0f,0f,1f],start_interpolation:0}
execute if entity @s[tag=aj.dino.bone.neck_1] run data modify entity @s {} merge value {transformation:[-0.7253166312538945f,-0.4915982746888262f,0.48192003563814545f,0.026983799083226095f,-0.5042779440010253f,0.855959166697695f,0.11418257371545806f,0.5975434114880324f,-0.46863582835779954f,-0.16020312502930936f,-0.8687435865145954f,0.6364036486692081f,0f,0f,0f,1f],start_interpolation:0}
execute if entity @s[tag=aj.dino.bone.neck_2] run data modify entity @s {} merge value {transformation:[-0.7964986839023092f,-0.4951225103993543f,0.34704977487059496f,0.05254040340682306f,-0.46202952163611766f,0.8686392260266478f,0.17887038923345144f,0.6217183200351192f,-0.39002380398969216f,-0.017877211853845446f,-0.9206312169472327f,0.5555744202531968f,0f,0f,0f,1f],start_interpolation:0}
execute if entity @s[tag=aj.dino.bone.body_0] run data modify entity @s {} merge value {transformation:[-0.8619099206109893f,-0.5068597342337027f,-0.014300299468832461f,0.040972253350041545f,-0.5051134334535036f,0.8607268845350016f,-0.06332179390607195f,0.6000744955077162f,0.044403919840158616f,-0.04735440899441257f,-0.9978907013554232f,0.08482116485583294f,0f,0f,0f,1f],start_interpolation:0}
execute if entity @s[tag=aj.dino.bone.leg_left_3] run data modify entity @s {} merge value {transformation:[-0.9351523287983414f,-0.3503229226549822f,-0.05257348956946087f,0.4919542960518951f,-0.3482926890124769f,0.9363486355767802f,-0.04408441259630799f,0.37869559041808876f,0.06467089549014174f,-0.022914679050227454f,-0.997643519880989f,0.03721117207135452f,0f,0f,0f,1f],start_interpolation:0}
execute if entity @s[tag=aj.dino.bone.leg_left_2] run data modify entity @s {} merge value {transformation:[-0.7740146315743931f,-0.6306048223371504f,0.23516187542750644f,0.35102799334177043f,-0.6688918306024881f,0.7604349982219698f,-0.16243316143294378f,0.5498942678930167f,-0.07447998766583906f,-0.2759318231465505f,-0.9850769309617461f,-0.057666971361712366f,0f,0f,0f,1f],start_interpolation:0}
execute if entity @s[tag=aj.dino.bone.leg_left_1] run data modify entity @s {} merge value {transformation:[-0.9096540578384685f,-0.3236681608554092f,-0.26032367680732643f,0.29502038936709435f,-0.3322057794834427f,0.19070233613389098f,0.9237271994863394f,0.5593271922158582f,-0.24933675047173978f,0.9267532253202867f,-0.280997587574413f,0.21397167444462548f,0f,0f,0f,1f],start_interpolation:0}
execute if entity @s[tag=aj.dino.bone.leg_left_0] run data modify entity @s {} merge value {transformation:[-0.9057032345309383f,-0.08796901564888113f,0.41468434169373125f,0.12141178797972331f,-0.37071408198831873f,0.6388181728792954f,-0.6741531068049135f,0.8219232332502326f,-0.20560330828017948f,-0.764311974448213f,-0.6111910383336129f,-0.060273929570912294f,0f,0f,0f,1f],start_interpolation:0}
execute if entity @s[tag=aj.dino.bone.leg_right_3] run data modify entity @s {} merge value {transformation:[-0.9998813647966078f,0.013931307237699735f,0.006570769446736985f,-0.2628146277221438f,0.013118791320412196f,0.9937692253848863f,-0.11068253697948334f,0.009361079798074906f,-0.008071780891775779f,-0.11058320558101052f,-0.9938340912831797f,-0.13108155180117637f,0f,0f,0f,1f],start_interpolation:0}
execute if entity @s[tag=aj.dino.bone.leg_right_2] run data modify entity @s {} merge value {transformation:[-1.0210541454006685f,-0.002672006851643117f,-0.09748585559038661f,-0.26486617700025394f,-0.004037134305350345f,1.025594952732478f,0.014173707241296856f,0.2488700683459128f,0.09743886907905643f,0.014493198741002593f,-1.0209592614220917f,-0.15940658695326032f,0f,0f,0f,1f],start_interpolation:0}
execute if entity @s[tag=aj.dino.bone.leg_right_1] run data modify entity @s {} merge value {transformation:[-0.9080897446487647f,0.14662927519917685f,-0.39226632702579206f,-0.22231242492753647f,-0.38478444188913324f,0.07751799120160424f,0.9197455595544544f,0.21348620603474538f,0.16526932245220188f,0.9861494900341592f,-0.01397262901382662f,0.11253191001295393f,0f,0f,0f,1f],start_interpolation:0}
execute if entity @s[tag=aj.dino.bone.leg_right_0] run data modify entity @s {} merge value {transformation:[-0.9673592086994354f,-0.24574763709056624f,-0.06184060323772354f,-0.20128642584914497f,-0.1707190577827957f,0.8123418139410393f,-0.5576340920646228f,0.5976833687471919f,0.18727296829536472f,-0.5288751045259977f,-0.8277801393839177f,-0.04951044892727652f,0f,0f,0f,1f],start_interpolation:0}
execute if entity @s[tag=aj.dino.bone.tail_4] run data modify entity @s {} merge value {transformation:[-0.6723540125054327f,1.174039009810296f,-2.407329187483819f,-0.8090609276957637f,2.677748834496534f,0.24172251604481254f,-0.6299942350445913f,0.3449809146949744f,-0.05711911081501964f,-2.487742743991152f,-1.1973031272401633f,-1.5235544655392197f,0f,0f,0f,1f],start_interpolation:0}
execute if entity @s[tag=aj.dino.bone.tail_3] run data modify entity @s {} merge value {transformation:[-0.65169998439628f,1.234544513984463f,-1.5450347890494889f,-0.559161110151231f,1.9733425908637645f,0.29819685027449155f,-0.5940902150464197f,0.4427985707977743f,-0.13096440533754597f,-1.6501284821254625f,-1.263277421256845f,-1.2932014955550466f,0f,0f,0f,1f],start_interpolation:0}
execute if entity @s[tag=aj.dino.bone.tail_2] run data modify entity @s {} merge value {transformation:[-1.1803551335199276f,1.1159517472619018f,-1.0863642720372566f,-0.35781562850309f,1.5278032290672217f,1.0942336552532093f,-0.535951374628098f,0.5438208632666044f,0.3022464673535505f,-1.1730636301996094f,-1.5334088389852165f,-1.008199780799923f,0f,0f,0f,1f],start_interpolation:0}
execute if entity @s[tag=aj.dino.bone.tail_1] run data modify entity @s {} merge value {transformation:[-1.2533992472861157f,0.3976899023013327f,-0.7473214291790083f,-0.2006642806250651f,0.6510515844895732f,1.306268399773837f,-0.3968008972846653f,0.6126182111185965f,0.5410900213792663f,-0.650508923351445f,-1.2536809719398032f,-0.7309867656157869f,0f,0f,0f,1f],start_interpolation:0}
execute if entity @s[tag=aj.dino.bone.tail_0] run data modify entity @s {} merge value {transformation:[-1.2163639410113858f,0.1920772931008012f,-0.3426379912770132f,-0.09590232868788896f,0.31026232851479785f,1.1535948065580701f,-0.45474391295634925f,0.7733432493473613f,0.24089783539055143f,-0.5159079882511464f,-1.1443963024873987f,-0.40901734655016186f,0f,0f,0f,1f],start_interpolation:0}
execute if entity @s[tag=aj.dino.bone.body_1] run data modify entity @s {} merge value {transformation:[-1.0149223402913028f,-0.6764464343996268f,-0.20237949407463796f,-0.0032884634455569305f,-0.7052597080339686f,0.9882106441920346f,0.2337799435059722f,0.6524296875000001f,0.033852362660774356f,0.3073508404898958f,-1.1970773047087178f,-0.1514159018079191f,0f,0f,0f,1f],start_interpolation:0}