execute if entity @s[tag=aj.dino.bone.head_lower] run data modify entity @s {} merge value {transformation:[-0.9326534570185301f,-0.23560505275108035f,0.27321747423901327f,0.15706116666517442f,0.01179916654160168f,0.7369852125172264f,0.6758058716819959f,0.3452693935738318f,-0.36058051636258537f,0.6335164209782562f,-0.6845718629702743f,0.7685180008399507f,0f,0f,0f,1f],start_interpolation:0}
execute if entity @s[tag=aj.dino.bone.head_upper] run data modify entity @s {} merge value {transformation:[-0.970798594804981f,-0.27892939328560973f,0.2514367206068032f,0.167829902323336f,0.012281747536833797f,0.6729821571150358f,0.7939874794137134f,0.41512024767803934f,-0.3753281092399333f,0.7434819112457424f,-0.6243680009804009f,0.7420538929760112f,0f,0f,0f,1f],start_interpolation:0}
execute if entity @s[tag=aj.dino.bone.neck_0] run data modify entity @s {} merge value {transformation:[-0.8956565550190858f,-0.36851246150721095f,0.24899377736248773f,0.19020136406639493f,-0.2736110711618496f,0.8979358747246676f,0.34474359547366723f,0.4229252426564309f,-0.3506227562338317f,0.24064440695005268f,-0.9050712415134228f,0.679737474536221f,0f,0f,0f,1f],start_interpolation:0}
execute if entity @s[tag=aj.dino.bone.neck_1] run data modify entity @s {} merge value {transformation:[-0.9017360598053373f,-0.37631343472579365f,0.21274462928972238f,0.20648999748589145f,-0.2976401840384521f,0.8973804027735051f,0.32575870450936284f,0.4546553998543978f,-0.3135002381056542f,0.23042702003657878f,-0.9212062685114341f,0.6027607612389594f,0f,0f,0f,1f],start_interpolation:0}
execute if entity @s[tag=aj.dino.bone.neck_2] run data modify entity @s {} merge value {transformation:[-0.9197778006642473f,-0.38470048996908834f,0.0775521142380014f,0.20951768609939353f,-0.3351317104000693f,0.872796901907184f,0.35484123873296597f,0.4942873808444312f,-0.2041948434450898f,0.3003849214570615f,-0.9317045480578435f,0.5240774111666223f,0f,0f,0f,1f],start_interpolation:0}
execute if entity @s[tag=aj.dino.bone.body_0] run data modify entity @s {} merge value {transformation:[-0.8515875938502527f,-0.43098338011055054f,-0.2984156431369208f,0.06476985712284643f,-0.4745011426370215f,0.8757083946174118f,0.08935028389857795f,0.5447400516764904f,0.22281659641170898f,0.21768815692425753f,-0.9502445110067312f,0.07830448835096596f,0f,0f,0f,1f],start_interpolation:0}
execute if entity @s[tag=aj.dino.bone.leg_left_3] run data modify entity @s {} merge value {transformation:[-0.9569310684795254f,-0.17693055540431177f,-0.23017060790412758f,0.4759942786882473f,-0.1724111156997572f,0.9842219898544046f,-0.03976784970552641f,0.19495145970026517f,0.23357512145303222f,0.0016288804001993173f,-0.9723373948310554f,-0.1352319901404731f,0f,0f,0f,1f],start_interpolation:0}
execute if entity @s[tag=aj.dino.bone.leg_left_2] run data modify entity @s {} merge value {transformation:[-0.8756979433517144f,-0.5327784896482936f,0.03691060116491244f,0.3515865504401925f,-0.5290040390781642f,0.8556135695578396f,-0.20035554828398072f,0.38738117122962074f,0.07328054413867435f,-0.1900912940070366f,-1.0052648712126397f,-0.2104954961636634f,0f,0f,0f,1f],start_interpolation:0}
execute if entity @s[tag=aj.dino.bone.leg_left_1] run data modify entity @s {} merge value {transformation:[-0.9808720130262917f,-0.1279843711659654f,-0.14666320192537308f,0.34413034173354f,-0.17439343127749102f,0.2430916950373574f,0.954197756720863f,0.4062876715606997f,-0.08646979350624945f,0.9615229734858741f,-0.26076147389879095f,0.0662721588408898f,0f,0f,0f,1f],start_interpolation:0}
execute if entity @s[tag=aj.dino.bone.leg_left_0] run data modify entity @s {} merge value {transformation:[-0.9732920156420409f,-0.15578009571061807f,0.16862744162159327f,0.15606854820864485f,-0.2229185302664254f,0.8168518382178656f,-0.5320342124938495f,0.7444011696097932f,-0.05486329511895918f,-0.5554148325175379f,-0.8297616420805468f,-0.09063323564144929f,0f,0f,0f,1f],start_interpolation:0}
execute if entity @s[tag=aj.dino.bone.leg_right_3] run data modify entity @s {} merge value {transformation:[-0.9963932112022231f,-0.0007846206289031238f,-0.08485253703096218f,-0.391941880944223f,0.0011241779373172833f,0.9997474391286874f,-0.022445359867847348f,0.022686310200078358f,0.08484871769265195f,-0.02245979354536959f,-0.9961406792114319f,-0.1539219719104852f,0f,0f,0f,1f],start_interpolation:0}
execute if entity @s[tag=aj.dino.bone.leg_right_2] run data modify entity @s {} merge value {transformation:[-0.9472727686010447f,0.24811156650546234f,-0.3052493274911702f,-0.3420714281016989f,0.20620505095539027f,0.9910180970406264f,0.1656043713165666f,0.2584892045265471f,0.33498653454742183f,0.09157500425812669f,-0.9651218781934893f,-0.16292225115934345f,0f,0f,0f,1f],start_interpolation:0}
execute if entity @s[tag=aj.dino.bone.leg_right_1] run data modify entity @s {} merge value {transformation:[-0.917830137756961f,0.3665456921352522f,-0.1524207787741784f,-0.2526877524104341f,-0.19548252674832103f,-0.08314879725732344f,0.9771759612530142f,0.1801813694398694f,0.345506034623319f,0.9266771460933683f,0.14796975010832603f,0.08786017873502167f,0f,0f,0f,1f],start_interpolation:0}
execute if entity @s[tag=aj.dino.bone.leg_right_0] run data modify entity @s {} merge value {transformation:[-0.9272161428687233f,-0.19003906668506523f,-0.3227311226657829f,-0.19321829928399648f,-0.05652957513611469f,0.9228442870286133f,-0.38100240029897525f,0.580109017295906f,0.37023591335603534f,-0.3350277227814432f,-0.8664189479860784f,-0.016200088368390486f,0f,0f,0f,1f],start_interpolation:0}
execute if entity @s[tag=aj.dino.bone.tail_4] run data modify entity @s {} merge value {transformation:[1.1677840523427752f,-0.12721883404836437f,-2.4991512773254163f,-1.315219613560558f,2.142386259360681f,1.4759641602347386f,0.9259439750898049f,0.9696668198950839f,1.2931058945022387f,-2.3304519942633317f,0.7228637351794809f,-0.9402558967360896f,0f,0f,0f,1f],start_interpolation:0}
execute if entity @s[tag=aj.dino.bone.tail_3] run data modify entity @s {} merge value {transformation:[0.43846507490164743f,0.35881661343819654f,-2.0037326523407955f,-0.9789719041719346f,1.776617684460142f,0.9330603946498938f,0.5558537840509059f,0.8662838307379724f,0.9936415386845604f,-1.826634737406736f,-0.10967020900888381f,-0.9037848271245468f,0f,0f,0f,1f],start_interpolation:0}
execute if entity @s[tag=aj.dino.bone.tail_2] run data modify entity @s {} merge value {transformation:[-0.09312208089138552f,0.8596712841314588f,-1.7524461293554796f,-0.6530602936944975f,1.277842937396179f,1.3530858782712858f,0.5958606450943917f,0.7567815035169458f,1.4755404367213871f,-1.1175409452299139f,-0.6266231166638113f,-0.7864717994663915f,0f,0f,0f,1f],start_interpolation:0}
execute if entity @s[tag=aj.dino.bone.tail_1] run data modify entity @s {} merge value {transformation:[-0.36861648763731153f,0.406014713569756f,-1.409585111799497f,-0.3543442490135191f,0.400205184223329f,1.4261080458547488f,0.3061174644954471f,0.6730933981216339f,1.4112455298645605f,-0.2983691403500355f,-0.45499248403031683f,-0.6862635030816958f,0f,0f,0f,1f],start_interpolation:0}
execute if entity @s[tag=aj.dino.bone.tail_0] run data modify entity @s {} merge value {transformation:[-0.9974813618984889f,0.11896901671395778f,-0.7903878935758553f,-0.12050360188884958f,0.20317263040439865f,1.260200300395494f,-0.06672182342900557f,0.7230019437854007f,0.7730378590364906f,-0.17770000711662304f,-1.0023327254714671f,-0.3976468020354383f,0f,0f,0f,1f],start_interpolation:0}
execute if entity @s[tag=aj.dino.bone.body_1] run data modify entity @s {} merge value {transformation:[-1.0985465970945816f,-0.44307916116481405f,-0.3542327285975281f,-0.008304928686839786f,-0.5167173804263206f,1.1001734279910795f,0.2263319954490921f,0.5962784375f,0.2341006574820464f,0.3491473619262953f,-1.1627113127868984f,-0.15085026135167207f,0f,0f,0f,1f],start_interpolation:0}