execute if entity @s[tag=aj.dino.bone.head_lower] run data modify entity @s {} merge value {transformation:[-0.8153281959553687f,-0.5273518565887791f,0.23903964573378156f,0.002065383871132991f,-0.15398361102721314f,0.5954749840275048f,0.7884786559777397f,0.4605853107898943f,-0.5581478123357502f,0.6060606922988907f,-0.5667110876231425f,0.8020648138668255f,0f,0f,0f,1f],start_interpolation:0}
execute if entity @s[tag=aj.dino.bone.head_upper] run data modify entity @s {} merge value {transformation:[-0.8486747794498617f,-0.4752110777382618f,0.37067167804416296f,0.016684320751917003f,-0.16028147655838826f,0.7951051490734111f,0.6523722808126651f,0.5233622571345228f,-0.580975825298694f,0.4748201513155225f,-0.7214463645391197f,0.7628118116387645f,0f,0f,0f,1f],start_interpolation:0}
execute if entity @s[tag=aj.dino.bone.neck_0] run data modify entity @s {} merge value {transformation:[-0.7776090571209106f,-0.43630652362446726f,0.45272593445291004f,0.053291766414508404f,-0.40993752170269737f,0.8977741462003098f,0.16109876074804355f,0.5193391084070127f,-0.47673407952838726f,-0.060317492131530405f,-0.8769757223316867f,0.7072380277953583f,0f,0f,0f,1f],start_interpolation:0}
execute if entity @s[tag=aj.dino.bone.neck_1] run data modify entity @s {} merge value {transformation:[-0.7615808943558579f,-0.5170855335308832f,0.39066237643931534f,0.08400384872532407f,-0.4658647744009696f,0.8558642135831679f,0.22464741235990068f,0.5423125521801344f,-0.4505158746642176f,-0.010908662647065859f,-0.8927017686522118f,0.6315642164345702f,0f,0f,0f,1f],start_interpolation:0}
execute if entity @s[tag=aj.dino.bone.neck_2] run data modify entity @s {} merge value {transformation:[-0.8190971037302891f,-0.5147966466285684f,0.25310935834265913f,0.10113794591793074f,-0.44835346466063536f,0.8497405631072564f,0.2773448145124893f,0.5749295292182094f,-0.3578534691566593f,0.11368987655083279f,-0.9268308942748941f,0.5514799738119879f,0f,0f,0f,1f],start_interpolation:0}
execute if entity @s[tag=aj.dino.bone.body_0] run data modify entity @s {} merge value {transformation:[-0.839948962182593f,-0.5326720520694765f,-0.10366400470982029f,0.04720712210218326f,-0.5370600332280964f,0.8433503214943616f,0.018076391907484807f,0.5914828309378729f,0.07779628292804802f,0.07085704043671132f,-0.9944480972796564f,0.08347531662591076f,0f,0f,0f,1f],start_interpolation:0}
execute if entity @s[tag=aj.dino.bone.leg_left_3] run data modify entity @s {} merge value {transformation:[-0.9434004473076747f,-0.3183626904994913f,-0.09295586758029128f,0.49794865923566356f,-0.31568708073140983f,0.947907077983967f,-0.04258918368763448f,0.34200048869646116f,0.10167233192447098f,-0.010833688468105451f,-0.9947589497537666f,-0.003937132186075928f,0f,0f,0f,1f],start_interpolation:0}
execute if entity @s[tag=aj.dino.bone.leg_left_2] run data modify entity @s {} merge value {transformation:[-0.7962546218691413f,-0.6171389349311448f,0.19282196878151045f,0.3588182399288746f,-0.6449727530385794f,0.7795799776523786f,-0.16830747393401124f,0.5175173980487977f,-0.04528713383027405f,-0.2519063177775906f,-0.9932544900849275f,-0.09342239924684093f,0f,0f,0f,1f],start_interpolation:0}
execute if entity @s[tag=aj.dino.bone.leg_left_1] run data modify entity @s {} merge value {transformation:[-0.9280859897412145f,-0.28256277576389555f,-0.2425173672104187f,0.31340038809672033f,-0.30410853507154045f,0.19932375751853798f,0.9315514148909513f,0.5283179519149359f,-0.21488228066248757f,0.9383114181556642f,-0.2709193385788365f,0.18013555152575633f,0f,0f,0f,1f],start_interpolation:0}
execute if entity @s[tag=aj.dino.bone.leg_left_0] run data modify entity @s {} merge value {transformation:[-0.9222026579180845f,-0.12226922177036381f,0.3668684984248307f,0.12829843875398506f,-0.3453671259090467f,0.687195882782164f,-0.6391270351256996f,0.8100045461450772f,-0.17396495644279908f,-0.7161089694277765f,-0.6759616393220425f,-0.0662324852505193f,0f,0f,0f,1f],start_interpolation:0}
execute if entity @s[tag=aj.dino.bone.leg_right_3] run data modify entity @s {} merge value {transformation:[-0.9998668450259893f,0.00671246878700392f,-0.01487396989905311f,-0.2843438494709845f,0.008158026854447623f,0.995017863339119f,-0.09936245887606275f,0.008408159576768742f,0.014132898344520528f,-0.09947057051630241f,-0.9949401322620098f,-0.1380139470285684f,0f,0f,0f,1f],start_interpolation:0}
execute if entity @s[tag=aj.dino.bone.leg_right_2] run data modify entity @s {} merge value {transformation:[-1.0145214778767986f,0.04033059370930786f,-0.1455397321641956f,-0.2778667696596337f,0.035124951781965064f,1.0243566027934192f,0.03901265918307644f,0.24833537021381286f,0.1468829744718076f,0.03360346745910236f,-1.0145730127919501f,-0.16176374911322838f,0f,0f,0f,1f],start_interpolation:0}
execute if entity @s[tag=aj.dino.bone.leg_right_1] run data modify entity @s {} merge value {transformation:[-0.9142434237331614f,0.19670218460507655f,-0.35421351291594927f,-0.22385050580710059f,-0.3511762500310275f,0.05131787599199705f,0.9349019825724062f,0.20569924365948372f,0.2020747474941198f,0.979119362578057f,0.02216010491688425f,0.10708154024781365f,0f,0f,0f,1f],start_interpolation:0}
execute if entity @s[tag=aj.dino.bone.leg_right_0] run data modify entity @s {} merge value {transformation:[-0.9615491667361444f,-0.24822134391212466f,-0.11751325191434725f,-0.1999392291265511f,-0.1522954828314602f,0.8380125920894355f,-0.5239665842481542f,0.595092629922895f,0.2285372745487233f,-0.4859228950420059f,-0.843593299058164f,-0.04160712827226244f,0f,0f,0f,1f],start_interpolation:0}
execute if entity @s[tag=aj.dino.bone.tail_4] run data modify entity @s {} merge value {transformation:[-0.43822336362452363f,0.5357415747859242f,-2.6733130344610796f,-0.9880509842821166f,2.6956144075125734f,0.491312713145343f,-0.34341828069047264f,0.48920413069935664f,0.4090043779524219f,-2.664067212843486f,-0.6009348016782619f,-1.421979844912813f,0f,0f,0f,1f],start_interpolation:0}
execute if entity @s[tag=aj.dino.bone.tail_3] run data modify entity @s {} merge value {transformation:[-0.5055782827507286f,0.8956357754916014f,-1.8105724740299203f,-0.6898093000071999f,2.0068307087084096f,0.4353562587289488f,-0.34502313055051814f,0.5434470008378207f,0.23014480798004594f,-1.8287282498199493f,-0.968881768697676f,-1.2397977595290732f,0f,0f,0f,1f],start_interpolation:0}
execute if entity @s[tag=aj.dino.bone.tail_2] run data modify entity @s {} merge value {transformation:[-1.0089077868993273f,0.9862437281311808f,-1.352110299220662f,-0.43896630084566335f,1.5307891996627188f,1.1819464508556004f,-0.28010870837694213f,0.5969317799194949f,0.6764343122082529f,-1.203785600110973f,-1.3827909188433327f,-0.9825262062096857f,0f,0f,0f,1f],start_interpolation:0}
execute if entity @s[tag=aj.dino.bone.tail_1] run data modify entity @s {} merge value {transformation:[-1.114057556827867f,0.37016691342815006f,-0.9536815329436765f,-0.23720524403181847f,0.6427010018171951f,1.3502615745869444f,-0.22668337490243856f,0.628591941757692f,0.7959066731331623f,-0.5722118369948862f,-1.151851740140648f,-0.7284262512617012f,0f,0f,0f,1f],start_interpolation:0}
execute if entity @s[tag=aj.dino.bone.tail_0] run data modify entity @s {} merge value {transformation:[-1.187641766746589f,0.1594748256398317f,-0.4448713639359286f,-0.10335508009508744f,0.2979208673079257f,1.1866850169683794f,-0.3699426224555347f,0.7653345976589891f,0.36685951982408954f,-0.44741721812412427f,-1.1397664858314336f,-0.40615696794113576f,0f,0f,0f,1f],start_interpolation:0}
execute if entity @s[tag=aj.dino.bone.body_1] run data modify entity @s {} merge value {transformation:[-1.0323445491202503f,-0.636252289341455f,-0.24094055546070825f,-0.004483669142115663f,-0.6759222568377069f,1.0090074715803021f,0.23159797076571514f,0.6435275f,0.07744952982025266f,0.3251023556653096f,-1.190342229666636f,-0.15131702432339506f,0f,0f,0f,1f],start_interpolation:0}