execute if entity @s[tag=aj.dino.bone.head_lower] run data modify entity @s {} merge value {transformation:[0.27690394621105635f,-0.19864379247020414f,0.9401408661928268f,-0.47849349917714123f,0.14931646462438394f,0.9754090102416961f,0.1621167978075987f,0.15714112510703687f,-0.9492253673205431f,0.09548772932879457f,0.2997553929169772f,0.5398388475822444f,0f,0f,0f,1f],start_interpolation:0}
execute if entity @s[tag=aj.dino.bone.head_upper] run data modify entity @s {} merge value {transformation:[0.2882292022344443f,-0.7623013434768087f,0.6475280158388943f,-0.450882424272362f,0.15542344581232767f,0.699828261258867f,0.7546892736873372f,0.2249301218897274f,-0.9880482893333836f,-0.1122898439768742f,0.30760934879897756f,0.5582164684727707f,0f,0f,0f,1f],start_interpolation:0}
execute if entity @s[tag=aj.dino.bone.neck_0] run data modify entity @s {} merge value {transformation:[0.055495251653715216f,-0.10115896451047898f,0.9933212677392236f,-0.38502834085909377f,0.13178116347567959f,0.9868932585190515f,0.09314194137253354f,0.2148911446609435f,-0.9897242050171793f,0.1257320968918273f,0.06809873577605585f,0.5608987973666902f,0f,0f,0f,1f],start_interpolation:0}
execute if entity @s[tag=aj.dino.bone.neck_1] run data modify entity @s {} merge value {transformation:[-0.37150802777164615f,-0.01412200983342135f,0.9283223331039098f,-0.30645231334862205f,0.2345818731626017f,0.9660140590471378f,0.10857339686496773f,0.2285390424195129f,-0.8983056996839924f,0.2581034803359641f,-0.35556921035674005f,0.5319664688745612f,0f,0f,0f,1f],start_interpolation:0}
execute if entity @s[tag=aj.dino.bone.neck_2] run data modify entity @s {} merge value {transformation:[-0.6659963443500396f,-0.045859840126654214f,0.7445439841781956f,-0.24167367275197074f,0.2928952318173674f,0.901874119472107f,0.31754599006295464f,0.26518836404490986f,-0.6860475584761119f,0.42955785138904057f,-0.5872127381273304f,0.484727868757827f,0f,0f,0f,1f],start_interpolation:0}
execute if entity @s[tag=aj.dino.bone.body_0] run data modify entity @s {} merge value {transformation:[-0.9219687360237004f,0.1032602330024215f,0.3732438533655254f,-0.06478156153060943f,0.20584990248568966f,0.9470347099708853f,0.2464773331505214f,0.3903738962746114f,-0.32802357756949774f,0.30407660612195514f,-0.8943925034166269f,0.0661007456385278f,0f,0f,0f,1f],start_interpolation:0}
execute if entity @s[tag=aj.dino.bone.leg_left_3] run data modify entity @s {} merge value {transformation:[-0.9892542657752234f,-0.082926973927856f,0.1204122694773784f,0.3590446481935252f,-0.08189447943370809f,0.9965494789204437f,0.013506676189027927f,0.0440929566339778f,-0.12111685218748874f,0.0035004369101592214f,-0.992632084438959f,0.16574822659496496f,0f,0f,0f,1f],start_interpolation:0}
execute if entity @s[tag=aj.dino.bone.leg_left_2] run data modify entity @s {} merge value {transformation:[-0.8931499402471296f,-0.35464555900187433f,0.35856925581746624f,0.28607306597337673f,-0.4237069178669522f,0.9231914515662092f,-0.14231019291483896f,0.2542321914819486f,-0.2735284838712986f,-0.27204093577257615f,-0.9503883928561759f,0.07254027504675659f,0f,0f,0f,1f],start_interpolation:0}
execute if entity @s[tag=aj.dino.bone.leg_left_1] run data modify entity @s {} merge value {transformation:[-0.9043536445643204f,-0.42492460697103773f,0.039794019069958664f,0.18653457166194085f,-0.050059993239004084f,0.1982128070067528f,0.9788798088710458f,0.2571612787850779f,-0.4238378022783503f,0.8832614344173605f,-0.20052619736793775f,0.331570957124283f,0f,0f,0f,1f],start_interpolation:0}
execute if entity @s[tag=aj.dino.bone.leg_left_0] run data modify entity @s {} merge value {transformation:[-0.9233984448568184f,0.3027919265828476f,0.23590752686647554f,0.17884744436725208f,-0.07751369662834637f,0.45483458066398036f,-0.887196219033439f,0.4989544809617977f,-0.3759347534759432f,-0.8375216734081982f,-0.39652302291356717f,-0.008699867395739996f,0f,0f,0f,1f],start_interpolation:0}
execute if entity @s[tag=aj.dino.bone.leg_right_3] run data modify entity @s {} merge value {transformation:[-0.9838932227886781f,0.07060521519681613f,0.1642225007041371f,-0.4852482738445661f,0.06828626111596127f,0.9974706423899411f,-0.019730790987730812f,0.054554006988121184f,-0.1652002200159302f,-0.008198850968889448f,-0.9862259711392104f,-0.16518427601232172f,0f,0f,0f,1f],start_interpolation:0}
execute if entity @s[tag=aj.dino.bone.leg_right_2] run data modify entity @s {} merge value {transformation:[-0.8616129858241923f,0.5341080781938228f,0.15624923349545122f,-0.35458296745477025f,0.5212898703027309f,0.8754446494278546f,-0.11796497958545793f,0.25416451964674674f,-0.19478740534125077f,-0.019683142455837754f,-1.0068429073714436f,-0.20058615460989215f,0f,0f,0f,1f],start_interpolation:0}
execute if entity @s[tag=aj.dino.bone.leg_right_1] run data modify entity @s {} merge value {transformation:[-0.984442323458763f,-0.05989548596781351f,0.1651842684513019f,-0.3992212375640725f,0.15340902055897596f,0.16536705557760878f,0.9742275962734415f,0.2504754390989088f,-0.08566787142358573f,0.9844116352879376f,-0.15360582057812944f,0.07328827133405426f,0f,0f,0f,1f],start_interpolation:0}
execute if entity @s[tag=aj.dino.bone.leg_right_0] run data modify entity @s {} merge value {transformation:[-0.9753258268482596f,0.2201656121661297f,-0.016328952883521014f,-0.19804116392915727f,0.18313429728397013f,0.7655337535374498f,-0.6167818912331728f,0.5799647165422726f,-0.12329379806407675f,-0.6045536993637345f,-0.7869647158193043f,-0.08567924920568763f,0f,0f,0f,1f],start_interpolation:0}
execute if entity @s[tag=aj.dino.bone.tail_4] run data modify entity @s {} merge value {transformation:[-0.5932521318427056f,-0.07140399620195985f,2.696036852305709f,0.901313366807885f,2.4568021497277703f,1.1244726416286575f,0.5703909246487657f,0.8014087534972456f,-1.1125809798648785f,2.5211354741772722f,-0.17804722881261026f,-1.3790000257980382f,0f,0f,0f,1f],start_interpolation:0}
execute if entity @s[tag=aj.dino.bone.tail_3] run data modify entity @s {} merge value {transformation:[-0.7239226800375853f,0.5663980388977662f,1.8684417948933836f,0.5789520355610126f,1.7852506084571864f,0.9987826724732075f,0.3889202543131007f,0.7256883780160348f,-0.7904187145904953f,1.7371159894332002f,-0.8328336093872943f,-1.254781265989005f,0f,0f,0f,1f],start_interpolation:0}
execute if entity @s[tag=aj.dino.bone.tail_2] run data modify entity @s {} merge value {transformation:[-1.0030256214338744f,0.7963586950815307f,1.4759831660686409f,0.3040178023077411f,1.4740762560746021f,1.2388617444292767f,0.33330863245573095f,0.665111820278994f,-0.7998829095730525f,1.284448629552956f,-1.236589230106448f,-1.0251878601444397f,0f,0f,0f,1f],start_interpolation:0}
execute if entity @s[tag=aj.dino.bone.tail_1] run data modify entity @s {} merge value {transformation:[-1.1011105648721429f,0.7298973022515165f,0.7365199943605805f,0.137656646492678f,0.8627695686349197f,1.2408316088411637f,0.0601817242870618f,0.6361692342913987f,-0.5751873132853906f,0.4639429885951586f,-1.3196865946007512f,-0.7463277347212178f,0f,0f,0f,1f],start_interpolation:0}
execute if entity @s[tag=aj.dino.bone.tail_0] run data modify entity @s {} merge value {transformation:[-1.174161637083328f,0.4546841367351438f,0.22009657513747125f,0.08431164988528433f,0.4623354537123898f,1.1916626601247557f,0.0046636132962634335f,0.6635633608433038f,-0.2035340139298247f,0.08389372354256032f,-1.2591153501199983f,-0.37636045986005306f,0f,0f,0f,1f],start_interpolation:0}
execute if entity @s[tag=aj.dino.bone.body_1] run data modify entity @s {} merge value {transformation:[-1.185357253214225f,0.1419904961543988f,0.3215143485297444f,1.8557991432579204e-17f,0.25478634327516736f,1.1262081188410096f,0.44197713446886966f,0.48495175925925926f,-0.24210885276905283f,0.4899985378699332f,-1.109003756239099f,-0.1515375f,0f,0f,0f,1f],start_interpolation:0}