execute if entity @s[tag=aj.dino.bone.head_lower] run data modify entity @s {} merge value {transformation:[-0.986773496217515f,0.11970427366009737f,0.10931127128603968f,0.11313588990404068f,0.12140418619514107f,0.9925622957999287f,0.009006249534105837f,0.3494790166706957f,-0.10742015982559858f,0.02215797427301519f,-0.9939667667679636f,0.8044850575604456f,0f,0f,0f,1f],start_interpolation:0}
execute if entity @s[tag=aj.dino.bone.head_upper] run data modify entity @s {} merge value {transformation:[-1.027132121057188f,0.010395005017820291f,0.16841464409827422f,0.12466051767971377f,0.12636956682544476f,0.7358392526076932f,0.7252884043507164f,0.4160407931155069f,-0.11181359960406564f,0.7361416173372748f,-0.7273686690744593f,0.7708373330766112f,0f,0f,0f,1f],start_interpolation:0}
execute if entity @s[tag=aj.dino.bone.neck_0] run data modify entity @s {} merge value {transformation:[-0.9961101407566098f,0.03504394987661624f,0.0808486800071109f,0.12964138399557706f,0.05737094195645577f,0.9543303415385438f,0.2931930664902493f,0.4194900977335855f,-0.06688170527787082f,0.2966909516584084f,-0.9526286352525585f,0.7044443400525572f,0f,0f,0f,1f],start_interpolation:0}
execute if entity @s[tag=aj.dino.bone.neck_1] run data modify entity @s {} merge value {transformation:[-0.9842067289027f,0.13391344048772594f,0.11577696333635346f,0.14006613484395689f,0.1482948399729185f,0.9808687588062956f,0.12611549641183548f,0.4346924753087841f,-0.09667344630276464f,0.14129284643794787f,-0.9852363048149458f,0.6216328122901644f,0f,0f,0f,1f],start_interpolation:0}
execute if entity @s[tag=aj.dino.bone.neck_2] run data modify entity @s {} merge value {transformation:[-0.9927231826459165f,0.06271162360292246f,0.10280046158674394f,0.14968621227225493f,0.07653430810534081f,0.9876701907868508f,0.1365653466802708f,0.45632653237974846f,-0.09296871689013994f,0.14343934779603257f,-0.9852826859250343f,0.5367190202475024f,0f,0f,0f,1f],start_interpolation:0}
execute if entity @s[tag=aj.dino.bone.body_0] run data modify entity @s {} merge value {transformation:[-0.9678245798201612f,-0.006077661598325422f,-0.2515524691300496f,0.031072579569220767f,-0.003646823221668219f,0.9999420564078673f,-0.01012840101869178f,0.46107875297599826f,0.25159945027030206f,-0.00888514807427393f,-0.9677906647449024f,0.08051826702638018f,0f,0f,0f,1f],start_interpolation:0}
execute if entity @s[tag=aj.dino.bone.leg_left_3] run data modify entity @s {} merge value {transformation:[-0.9561523493192062f,0.07621663116010201f,-0.28277855298089255f,0.34460849515540676f,0.02395108203049097f,0.9826590005830381f,0.18386852433930592f,0.02245684850833768f,0.2918887297600426f,0.16903346919397394f,-0.9413971827721385f,-0.1859342559674428f,0f,0f,0f,1f],start_interpolation:0}
execute if entity @s[tag=aj.dino.bone.leg_left_2] run data modify entity @s {} merge value {transformation:[-0.9853408259278136f,-0.265771804485276f,-0.102620681157497f,0.277957398352711f,-0.2623891682783514f,0.9905101402422649f,-0.04586704642920551f,0.25151876200617995f,0.11098459636716908f,-0.017810376710898752f,-1.0195231284043178f,-0.22142148107339277f,0f,0f,0f,1f],start_interpolation:0}
execute if entity @s[tag=aj.dino.bone.leg_left_1] run data modify entity @s {} merge value {transformation:[-0.9917725218206501f,0.025380011287909024f,0.12547159036424865f,0.29794958128971166f,0.12761643468653566f,0.11895502301940947f,0.984664281923717f,0.22907066233685336f,0.010065314669963667f,0.992575215046939f,-0.12121522971606036f,0.054458531073944716f,0f,0f,0f,1f],start_interpolation:0}
execute if entity @s[tag=aj.dino.bone.leg_left_0] run data modify entity @s {} merge value {transformation:[-0.9963224083851722f,0.04777467079428646f,-0.07112833036187434f,0.20664974962737953f,0.07666874892251051f,0.8677162486335045f,-0.4911114077233956f,0.6186585070623634f,0.038256522165866405f,-0.49475862063019777f,-0.8681879668734627f,-0.0646755553371861f,0f,0f,0f,1f],start_interpolation:0}
execute if entity @s[tag=aj.dino.bone.leg_right_3] run data modify entity @s {} merge value {transformation:[-0.9967754363395013f,-0.008224657917524547f,-0.07981907361236601f,-0.40120893983498196f,-0.01642024159597139f,0.9945901397332079f,0.10257109539927656f,0.021982982048349337f,0.07854365140561353f,0.10355099684511603f,-0.9915180713815841f,-0.15938046138585735f,0f,0f,0f,1f],start_interpolation:0}
execute if entity @s[tag=aj.dino.bone.leg_right_2] run data modify entity @s {} merge value {transformation:[-0.9287681226991736f,0.32529513540063626f,-0.28919724867852475f,-0.3328797357195761f,0.31045549354104834f,0.9727513037705704f,0.09713128766537296f,0.25125005652805193f,0.3050727131172678f,0.00041880548124443277f,-0.979281708097283f,-0.19002031273160158f,0f,0f,0f,1f],start_interpolation:0}
execute if entity @s[tag=aj.dino.bone.leg_right_1] run data modify entity @s {} merge value {transformation:[-0.931116098263313f,0.3568862519727808f,-0.07519983183309074f,-0.2504803357173633f,-0.08951087202352304f,-0.023728300269586167f,0.9957031543366246f,0.19021279247435952f,0.3535684026387155f,0.9338464386177936f,0.05403900199272765f,0.06785209163901103f,0f,0f,0f,1f],start_interpolation:0}
execute if entity @s[tag=aj.dino.bone.leg_right_0] run data modify entity @s {} merge value {transformation:[-0.9433274060616094f,-0.17013451152110198f,-0.2849344713483288f,-0.18439924378453f,-0.04816652550639716f,0.9196887914978251f,-0.3896825793051464f,0.5886356922310236f,0.3283494948887803f,-0.3538739532414701f,-0.8757624303562792f,-0.03797683069750682f,0f,0f,0f,1f],start_interpolation:0}
execute if entity @s[tag=aj.dino.bone.tail_4] run data modify entity @s {} merge value {transformation:[-0.5020939568789665f,0.11137625965926572f,-2.7131454658477003f,-1.172208208363682f,1.946774508250838f,1.9382819147134134f,-0.28070191434974767f,0.9648910546438166f,1.8930483364379076f,-1.9637514810889938f,-0.43094019078110163f,-1.0175174996853609f,0f,0f,0f,1f],start_interpolation:0}
execute if entity @s[tag=aj.dino.bone.tail_3] run data modify entity @s {} merge value {transformation:[-0.4011880337034459f,0.23670155726707795f,-2.029523604308397f,-0.8303923149107235f,1.449886815467091f,1.4903192457872414f,-0.11279314702272893f,0.9694326603906619f,1.4397298045092712f,-1.4348750623200381f,-0.4519481956864148f,-0.9268424080947723f,0f,0f,0f,1f],start_interpolation:0}
execute if entity @s[tag=aj.dino.bone.tail_2] run data modify entity @s {} merge value {transformation:[-0.28598558538408586f,0.7079879325793389f,-1.7988160570990384f,-0.49603934158935753f,0.8734344468689225f,1.669525623387322f,0.5182377204321689f,0.8741365252412825f,1.7245574467027989f,-0.7281559964581661f,-0.5607711947369568f,-0.8214943192374337f,0f,0f,0f,1f],start_interpolation:0}
execute if entity @s[tag=aj.dino.bone.tail_1] run data modify entity @s {} merge value {transformation:[-0.4613708798836599f,0.476174157192572f,-1.3594305179807173f,-0.20888501770162826f,0.14209467378752474f,1.4355466935570105f,0.4546108712940686f,0.7586255092590158f,1.4333883859152041f,0.010959591209484842f,-0.482632233158879f,-0.719140636068953f,0f,0f,0f,1f],start_interpolation:0}
execute if entity @s[tag=aj.dino.bone.tail_0] run data modify entity @s {} merge value {transformation:[-1.0602418467055004f,0.362667709800599f,-0.6149756705321978f,-0.020423015534391322f,0.25207854625878573f,1.2202662158115474f,0.285030674926492f,0.7047801188172707f,0.6679665782017803f,0.11514430685441153f,-1.0836965237502838f,-0.3996806871425285f,0f,0f,0f,1f],start_interpolation:0}
execute if entity @s[tag=aj.dino.bone.body_1] run data modify entity @s {} merge value {transformation:[-1.2298932642144937f,-0.06505598174976729f,-0.10832761852197081f,0.009143620383994914f,-0.09442514456220352f,1.1775133703486063f,0.3648982731953159f,0.5406325000000001f,0.08397050536036241f,0.3712607937085337f,-1.1763158471859014f,-0.15121077933854346f,0f,0f,0f,1f],start_interpolation:0}