execute if entity @s[tag=aj.dino.bone.head_lower] run data modify entity @s {} merge value {transformation:[-0.8689225935776508f,-0.4387508116104896f,0.22906604218308957f,0.07316794867154694f,-0.10126662818573454f,0.6106142162215089f,0.7854268578066863f,0.3987683408515978f,-0.48447765313395064f,0.6592783966271979f,-0.5750073037401268f,0.7888815669774721f,0f,0f,0f,1f],start_interpolation:0}
execute if entity @s[tag=aj.dino.bone.head_upper] run data modify entity @s {} merge value {transformation:[-0.9044611656038961f,-0.4246719272928924f,0.29167738456604525f,0.08345875264668784f,-0.10540839108410267f,0.729381967719638f,0.7350938435587643f,0.4657891313105594f,-0.5042925872814404f,0.6092024638150082f,-0.676781565261807f,0.7557489623168353f,0f,0f,0f,1f],start_interpolation:0}
execute if entity @s[tag=aj.dino.bone.neck_0] run data modify entity @s {} merge value {transformation:[-0.8193113622345649f,-0.44752711581732796f,0.35839694798026f,0.11416231548434838f,-0.37127284547590184f,0.8904528320477312f,0.2631543807547239f,0.4684714354596234f,-0.43690429836014255f,0.08254231948763623f,-0.8957127885477758f,0.6966318520371317f,0f,0f,0f,1f],start_interpolation:0}
execute if entity @s[tag=aj.dino.bone.neck_1] run data modify entity @s {} merge value {transformation:[-0.8086123581471243f,-0.5025744567310009f,0.30588391538831516f,0.1377594001437755f,-0.4186707024550947f,0.856808323917196f,0.3009889349659932f,0.49791635757826047f,-0.41335323532966844f,0.11531873875370245f,-0.9032390001183247f,0.6206469127298291f,0f,0f,0f,1f],start_interpolation:0}
execute if entity @s[tag=aj.dino.bone.neck_2] run data modify entity @s {} merge value {transformation:[-0.8504338826020971f,-0.49849947007115314f,0.16810856510333425f,0.14760634988690044f,-0.42370562300372044f,0.8384339010306845f,0.34278584952926106f,0.5361557608031738f,-0.3118264843744861f,0.22028815660685788f,-0.92424962629227f,0.541832472327708f,0f,0f,0f,1f],start_interpolation:0}
execute if entity @s[tag=aj.dino.bone.body_0] run data modify entity @s {} merge value {transformation:[-0.8298038020669039f,-0.5249742989969788f,-0.18928189418943694f,0.053397466546702084f,-0.5450809697184055f,0.8351781092890884f,0.07324112379767199f,0.5786301432584176f,0.11963438688835744f,0.16394972142987585f,-0.9791874704656474f,0.08190691548403403f,0f,0f,0f,1f],start_interpolation:0}
execute if entity @s[tag=aj.dino.bone.leg_left_3] run data modify entity @s {} merge value {transformation:[-0.9510312287405613f,-0.2768156652129279f,-0.13752341419897143f,0.4976891499324897f,-0.27356586652822573f,0.960919301612074f,-0.04237702750341281f,0.2970908744844291f,0.1438795281854875f,-0.002680164563681392f,-0.989591581455215f,-0.047919619869300795f,0f,0f,0f,1f],start_interpolation:0}
execute if entity @s[tag=aj.dino.bone.leg_left_2] run data modify entity @s {} merge value {transformation:[-0.8225679442088697f,-0.5955232604632389f,0.1442089557133025f,0.3620541311948071f,-0.6126607886856584f,0.8031220966825131f,-0.17805576465828263f,0.47784427983366967f,-0.00953596705922626f,-0.22893043390561307f,-0.9997810366598917f,-0.1321954776976093f,0f,0f,0f,1f],start_interpolation:0}
execute if entity @s[tag=aj.dino.bone.leg_left_1] run data modify entity @s {} merge value {transformation:[-0.9476673167469791f,-0.23486067715906392f,-0.21625706715380774f,0.3285926753897759f,-0.26715976315135026f,0.2125218379466965f,0.9399255977728622f,0.49105034656948143f,-0.17479221299158293f,0.9485119560238258f,-0.2641453228004634f,0.14297595329867496f,0f,0f,0f,1f],start_interpolation:0}
execute if entity @s[tag=aj.dino.bone.leg_left_0] run data modify entity @s {} merge value {transformation:[-0.9404762869086212f,-0.1460992454480277f,0.30685397869685455f,0.13689506364013307f,-0.3110506628190809f,0.7338167329941478f,-0.6039540442265503f,0.7921686686736709f,-0.13693735400679788f,-0.66345159043996f,-0.735581503451728f,-0.07355824794236206f,0f,0f,0f,1f],start_interpolation:0}
execute if entity @s[tag=aj.dino.bone.leg_right_3] run data modify entity @s {} merge value {transformation:[-0.9992308684772019f,0.00039018798846288463f,-0.039211213136424505f,-0.31521875231871127f,0.0035426630161091138f,0.9967596067622251f,-0.08036003898685447f,0.00971647271372783f,0.03905279786456717f,-0.08043714366229165f,-0.995994349832569f,-0.1452145610986005f,0f,0f,0f,1f],start_interpolation:0}
execute if entity @s[tag=aj.dino.bone.leg_right_2] run data modify entity @s {} merge value {transformation:[-1.0010828134364527f,0.09976927125974125f,-0.19985367811264002f,-0.29658599573276256f,0.08672254167616732f,1.019312614966828f,0.07445262410020778f,0.24948314338763822f,0.20585091913342543f,0.055768135906461236f,-1.0032833665570946f,-0.16354039210221372f,0f,0f,0f,1f],start_interpolation:0}
execute if entity @s[tag=aj.dino.bone.leg_right_1] run data modify entity @s {} merge value {transformation:[-0.9197749746862371f,0.2539495964681093f,-0.29920494380042595f,-0.2300450115768672f,-0.3058527159212451f,0.013864233205460097f,0.9519778879791392f,0.19666903703542138f,0.24590264761594113f,0.9671180824962945f,0.0649191990412793f,0.1006496025182247f,0f,0f,0f,1f],start_interpolation:0}
execute if entity @s[tag=aj.dino.bone.leg_right_0] run data modify entity @s {} merge value {transformation:[-0.9533411285886233f,-0.23966246018172602f,-0.1835826727145357f,-0.19834916995865345f,-0.1251199881631828f,0.8670785079990792f,-0.4822031206121916f,0.5909149919383727f,0.2747465761450264f,-0.4367342053763748f,-0.8566081675718787f,-0.03303951159068953f,0f,0f,0f,1f],start_interpolation:0}
execute if entity @s[tag=aj.dino.bone.tail_4] run data modify entity @s {} merge value {transformation:[-0.03322036230642273f,0.02731267366879809f,-2.7611250889782752f,-1.1436335657512746f,2.6258548832691804f,0.8544073672789391f,-0.023141183004942566f,0.6590790529888945f,0.854074862725526f,-2.625814806911664f,-0.0362499691564004f,-1.2809605374128807f,0f,0f,0f,1f],start_interpolation:0}
execute if entity @s[tag=aj.dino.bone.tail_3] run data modify entity @s {} merge value {transformation:[-0.23398223999464487f,0.603292450281264f,-1.9792008631882616f,-0.8139379292447209f,1.9847476309430598f,0.6283828776175949f,-0.04309671248930622f,0.6602374430474695f,0.5847860111848123f,-1.8913272336100662f,-0.6456408774015918f,-1.1529755819072578f,0f,0f,0f,1f],start_interpolation:0}
execute if entity @s[tag=aj.dino.bone.tail_2] run data modify entity @s {} merge value {transformation:[-0.745807445937318f,0.9061270929211683f,-1.5625232222471006f,-0.5238041430163125f,1.4841130176298898f,1.2709683326072574f,0.028669206717441668f,0.6563077506702031f,1.0295405186240774f,-1.1757325648235388f,-1.1732319171960446f,-0.9343928113700333f,0f,0f,0f,1f],start_interpolation:0}
execute if entity @s[tag=aj.dino.bone.tail_1] run data modify entity @s {} merge value {transformation:[-0.9041128512197238f,0.36000107992684555f,-1.1578581194217392f,-0.27818287125543206f,0.5931050366785132f,1.3910228334198316f,-0.030629109866985454f,0.6453283403660608f,1.0575739301466927f,-0.4723462176795422f,-0.9726678173548821f,-0.7203219810199617f,0f,0f,0f,1f],start_interpolation:0}
execute if entity @s[tag=aj.dino.bone.tail_0] run data modify entity @s {} merge value {transformation:[-1.1395457157174458f,0.1298135224603974f,-0.564286919714134f,-0.11015248652726115f,0.2721876334771435f,1.2195613761859307f,-0.2691090085478731f,0.7533984358043213f,0.511062785336747f,-0.36007529169040603f,-1.1148974528367814f,-0.40321229087970545f,0f,0f,0f,1f],start_interpolation:0}
execute if entity @s[tag=aj.dino.bone.body_1] run data modify entity @s {} merge value {transformation:[-1.0543809898919447f,-0.5816362047727246f,-0.2803295355618344f,-0.00580247033094167f,-0.6329655505708459f,1.0370824133380987f,0.22895256013336293f,0.6303153125000001f,0.12743600355189477f,0.3387683401657486f,-1.1822016206029813f,-0.151185425874182f,0f,0f,0f,1f],start_interpolation:0}