execute if entity @s[tag=aj.dino.bone.head_lower] run data modify entity @s {} merge value {transformation:[-0.9982322992054062f,-0.058383728432064685f,0.011118321701553587f,-0.01635640417694444f,-0.05618471045767037f,0.9880140177645289f,0.14377614201104705f,0.4118759656431834f,-0.019379244925333442f,0.14289730912499343f,-0.9895477774776515f,0.8112202397200968f,0f,0f,0f,1f],start_interpolation:0}
execute if entity @s[tag=aj.dino.bone.head_upper] run data modify entity @s {} merge value {transformation:[-1.0390595843127828f,-0.05239985993428263f,-0.032884304920763614f,-0.020122540339200242f,-0.05848264170509307f,0.651589283024102f,0.8096191261641721f,0.4823020856692859f,-0.020171847968094195f,0.810035556942108f,-0.6533815390891816f,0.7843607101584456f,0f,0f,0f,1f],start_interpolation:0}
execute if entity @s[tag=aj.dino.bone.neck_0] run data modify entity @s {} merge value {transformation:[-0.9998788384737125f,0.015449525311800332f,-0.0019027716887329293f,-0.02017326603827929f,0.015030826567625923f,0.9900299860724828f,0.14005249348017146f,0.4752832426801241f,0.004047545571498036f,0.14000692427504985f,-0.9901422516638136f,0.7180623728920116f,0f,0f,0f,1f],start_interpolation:0}
execute if entity @s[tag=aj.dino.bone.neck_1] run data modify entity @s {} merge value {transformation:[-0.9994963478632998f,0.025467400073131505f,0.018933096456753003f,-0.018452059142789412f,0.028772503631145942f,0.9789342668438047f,0.20213818103905645f,0.4969168274783244f,-0.013386322972397804f,0.20258112629881814f,-0.9791739853696996f,0.636046750598858f,0f,0f,0f,1f],start_interpolation:0}
execute if entity @s[tag=aj.dino.bone.neck_2] run data modify entity @s {} merge value {transformation:[-0.9991005356811958f,0.017568355263188944f,0.03859368465039195f,-0.014898957736531538f,0.027675784487200247f,0.9597225100035099f,0.2795831803696009f,0.5308066941520574f,-0.032127411264612715f,0.2803998157736718f,-0.9593454918638672f,0.5547461798667033f,0f,0f,0f,1f],start_interpolation:0}
execute if entity @s[tag=aj.dino.bone.body_0] run data modify entity @s {} merge value {transformation:[-0.9996327014221902f,0.0203054098478626f,0.017948609369106545f,-0.006246411037593556f,0.021550382264743557f,0.9971622094735547f,0.07213257947739038f,0.5743017248605758f,-0.01643299338580409f,0.07249288467655937f,-0.997233542556433f,0.08544433622829106f,0f,0f,0f,1f],start_interpolation:0}
execute if entity @s[tag=aj.dino.bone.leg_left_3] run data modify entity @s {} merge value {transformation:[-0.9886426807224259f,0.011807841212645272f,-0.14982064190181765f,0.19674835055490664f,0.002600686443750731f,0.9981035598143089f,0.06150219765200021f,0.04079102828362943f,0.1502627241999724f,0.06041406104460589f,-0.9867984875059858f,-0.11917715255945877f,0f,0f,0f,1f],start_interpolation:0}
execute if entity @s[tag=aj.dino.bone.leg_left_2] run data modify entity @s {} merge value {transformation:[-1.0154957456231108f,-0.05738120350361899f,-0.1324310673767038f,0.17770474412516485f,-0.02007869585024359f,0.9881671286705092f,-0.27419841591214406f,0.2626262423477139f,0.1429245818430481f,-0.2688778957077951f,-0.9794587488023331f,-0.2119001320268299f,0f,0f,0f,1f],start_interpolation:0}
execute if entity @s[tag=aj.dino.bone.leg_left_1] run data modify entity @s {} merge value {transformation:[-0.944069011969741f,0.07123728393055864f,0.32196110016067797f,0.19878380302208795f,0.3257781358552558f,0.3525463472477303f,0.8772569060662656f,0.3053875760503214f,-0.05101281052002165f,0.933078947581864f,-0.3560356312819947f,0.06148700606814317f,0f,0f,0f,1f],start_interpolation:0}
execute if entity @s[tag=aj.dino.bone.leg_left_0] run data modify entity @s {} merge value {transformation:[-0.9608005396469685f,0.2570084867029023f,-0.10396615207257746f,0.1964394989968349f,0.2760847967340339f,0.8527656125119687f,-0.4433598934606219f,0.7084052690252034f,-0.025288495930390398f,-0.45468389885696503f,-0.8902937965041695f,-0.04750162614776267f,0f,0f,0f,1f],start_interpolation:0}
execute if entity @s[tag=aj.dino.bone.leg_right_3] run data modify entity @s {} merge value {transformation:[-0.9819038132384691f,-0.0015530152535807931f,0.18937394142641784f,-0.1832859103610596f,0.00013456150718411936f,0.9999604015094993f,0.008898163078020715f,0.031318090723804065f,-0.18938026148718606f,0.008762622700106137f,-0.9818647223535744f,-0.1114171564658577f,0f,0f,0f,1f],start_interpolation:0}
execute if entity @s[tag=aj.dino.bone.leg_right_2] run data modify entity @s {} merge value {transformation:[-1.0074913953089113f,0.05851854056525166f,0.1832999407782521f,-0.16241753405231968f,-0.00536342522909058f,0.9681941445102477f,-0.338575739985276f,0.24654755386533317f,-0.19233959953428645f,-0.3335234301317947f,-0.9506996368489932f,-0.21824346938576372f,0f,0f,0f,1f],start_interpolation:0}
execute if entity @s[tag=aj.dino.bone.leg_right_1] run data modify entity @s {} merge value {transformation:[-0.9414434980935844f,-0.12086599310729063f,-0.31476269093954534f,-0.19730865021666355f,-0.3359857654853905f,0.4144938177666907f,0.845759091245486f,0.30760531410692443f,0.028243676965143755f,0.9019901810681658f,-0.4308317629517428f,0.05021126718420686f,0f,0f,0f,1f],start_interpolation:0}
execute if entity @s[tag=aj.dino.bone.leg_right_0] run data modify entity @s {} merge value {transformation:[-0.9579732336538402f,-0.2531739062815164f,0.1348712600258591f,-0.19630338100984981f,-0.2868544882866533f,0.8432854020477252f,-0.45451538284529924f,0.7090611475207638f,0.001336470204393439f,-0.4741019973290183f,-0.8804689148266555f,-0.06441631159278122f,0f,0f,0f,1f],start_interpolation:0}
execute if entity @s[tag=aj.dino.bone.tail_4] run data modify entity @s {} merge value {transformation:[-2.75503601820497f,0.17281543259724103f,0.07465049396709883f,-0.014467890520343949f,0.17365007227858303f,2.755842835574194f,0.02893526588829984f,0.6372017771712398f,-0.07268784211232512f,0.0335622328013525f,-2.7602991478711947f,-1.8165337108022777f,0f,0f,0f,1f],start_interpolation:0}
execute if entity @s[tag=aj.dino.bone.tail_3] run data modify entity @s {} merge value {transformation:[-2.07765258077333f,0.13770044751182098f,-0.01854363517248804f,-0.012671082241502521f,0.13894030840808622f,2.0571534287069215f,-0.2911372313931462f,0.6664370315963496f,-0.0009329254160868221f,-0.2917256991744894f,-2.061756719920119f,-1.4640811965347895f,0f,0f,0f,1f],start_interpolation:0}
execute if entity @s[tag=aj.dino.bone.tail_2] run data modify entity @s {} merge value {transformation:[-1.9491368380015401f,0.10131219747620425f,-0.09682613485354104f,0.003911512790570943f,0.12017510418161417f,1.902913214404701f,-0.4280807374569454f,0.7465579722797469f,0.0720930376879189f,-0.432933034185758f,-1.904244064407296f,-1.1101360929167985f,0f,0f,0f,1f],start_interpolation:0}
execute if entity @s[tag=aj.dino.bone.tail_1] run data modify entity @s {} merge value {transformation:[-1.5104736708339912f,0.04073358375899807f,-0.0668304935746898f,0.019237827499118152f,0.04824516012885661f,1.5015417066140329f,-0.17521745866995875f,0.7658619262257459f,0.06162746337006699f,-0.177114450152342f,-1.5008293631541878f,-0.7850681947196165f,0f,0f,0f,1f],start_interpolation:0}
execute if entity @s[tag=aj.dino.bone.tail_0] run data modify entity @s {} merge value {transformation:[-1.2777477114856222f,0.03098107225188806f,0.015384262718959311f,0.015489816830480084f,0.03132544068932877f,1.277500550468508f,0.02909943130554564f,0.788186760014864f,-0.01467034910634422f,0.029465798798100042f,-1.2777919486920848f,-0.41095662645007314f,0f,0f,0f,1f],start_interpolation:0}
execute if entity @s[tag=aj.dino.bone.body_1] run data modify entity @s {} merge value {transformation:[-1.2352207289269852f,-0.01054892089260606f,0.05218300636547705f,0.004068543500465967f,0.0020628119683796598f,1.2014605501696412f,0.29170684984946194f,0.639442109375f,-0.05319859671195274f,0.29152334676714137f,-1.2003285561269523f,-0.15153321727392113f,0f,0f,0f,1f],start_interpolation:0}