execute if entity @s[tag=aj.dino.bone.head_lower] run data modify entity @s {} merge value {transformation:[0.2622658952785448f,-0.1652011552223922f,0.9507497980472728f,-0.48493379657483127f,0.14204065594506135f,0.9811146871837413f,0.13129517375382083f,0.15843380773188825f,-0.9544847050804116f,0.10061087866397128f,0.280778202255844f,0.5395586270169169f,0f,0f,0f,1f],start_interpolation:0}
execute if entity @s[tag=aj.dino.bone.head_upper] run data modify entity @s {} merge value {transformation:[0.272992461117981f,-0.7473819594540716f,0.6710940809147752f,-0.45536785832474375f,0.14785005958960773f,0.7177608542212595f,0.7392101586223125f,0.2255560357412182f,-0.9935227318162401f,-0.09854697059609331f,0.2944028167905934f,0.5573327175492732f,0f,0f,0f,1f],start_interpolation:0}
execute if entity @s[tag=aj.dino.bone.neck_0] run data modify entity @s {} merge value {transformation:[0.043677030724764476f,-0.07689234258410094f,0.9960822680075161f,-0.3897253174683958f,0.12964921528608328f,0.9890387901465045f,0.07066365799505102f,0.21402943344703834f,-0.9905974954353414f,0.12605490564618246f,0.053167309502750226f,0.5590445948145533f,0f,0f,0f,1f],start_interpolation:0}
execute if entity @s[tag=aj.dino.bone.neck_1] run data modify entity @s {} merge value {transformation:[-0.3726727559139733f,-0.00533129868714835f,0.9279475169716186f,-0.31114054409637887f,0.2336321461375887f,0.9672323683198973f,0.09938594450638885f,0.22690464600405486f,-0.8980707306724949f,0.25383680373143497f,-0.3592155895569965f,0.529783714099653f,0f,0f,0f,1f],start_interpolation:0}
execute if entity @s[tag=aj.dino.bone.neck_2] run data modify entity @s {} merge value {transformation:[-0.6618063868788f,-0.0494903662297311f,0.7480394441049718f,-0.24609122011382045f,0.2910590939717306f,0.902582607895656f,0.31722112120826973f,0.2635324432257368f,-0.6908667817334855f,0.42766264692479694f,-0.5829303134359141f,0.4829017312678642f,0f,0f,0f,1f],start_interpolation:0}
execute if entity @s[tag=aj.dino.bone.body_0] run data modify entity @s {} merge value {transformation:[-0.9173137514616381f,0.09554918298936234f,0.3865305098041312f,-0.06301061492809283f,0.20364304798108135f,0.9467881548868813f,0.24924224917712068f,0.3900187212649705f,-0.34214761490963397f,0.3073475937695954f,-0.8879597210547833f,0.06733751459884643f,0f,0f,0f,1f],start_interpolation:0}
execute if entity @s[tag=aj.dino.bone.leg_left_3] run data modify entity @s {} merge value {transformation:[-0.9900377207664678f,-0.08406882132025864f,0.1129501869912572f,0.3603011886950762f,-0.08304271256103794f,0.9964508848049147f,0.013767427574099489f,0.04133560396331848f,-0.11370672517508515f,0.004250582704248385f,-0.9935052658122313f,0.159613201602624f,0f,0f,0f,1f],start_interpolation:0}
execute if entity @s[tag=aj.dino.bone.leg_left_2] run data modify entity @s {} merge value {transformation:[-0.8977942659246897f,-0.3536774578385901f,0.3477641605891475f,0.2872141385044555f,-0.4187692777909645f,0.9258712924674419f,-0.1394877817724457f,0.25219439112826214f,-0.26581938896904433f,-0.2640772710821506f,-0.9548117337185499f,0.06813682740809046f,0f,0f,0f,1f],start_interpolation:0}
execute if entity @s[tag=aj.dino.bone.leg_left_1] run data modify entity @s {} merge value {transformation:[-0.9090458244854831f,-0.4146008290107629f,0.04173537551162765f,0.19047077747692798f,-0.0444027128371438f,0.1959674476165375f,0.9796045929697155f,0.2543623763468945f,-0.4143236513623263f,0.8886523009919278f,-0.19655279154349775f,0.32823182466285294f,0f,0f,0f,1f],start_interpolation:0}
execute if entity @s[tag=aj.dino.bone.leg_left_0] run data modify entity @s {} merge value {transformation:[-0.9276370045364215f,0.294798816794865f,0.2293103692183212f,0.17968950419235857f,-0.07219661206618645f,0.46085753509126975f,-0.8845326345340593f,0.49892180108277734f,-0.3664385856059099f,-0.8370806352830931f,-0.40622502755639456f,-0.009971857285866553f,0f,0f,0f,1f],start_interpolation:0}
execute if entity @s[tag=aj.dino.bone.leg_right_3] run data modify entity @s {} merge value {transformation:[-0.9843315300833784f,0.07022886673450525f,0.1617385085899526f,-0.48072154148018403f,0.06818133187304147f,0.9975072491000906f,-0.018182243447632224f,0.05080111515695934f,-0.16261225312913294f,-0.0068698085823337696f,-0.9866661344458465f,-0.16352266321848272f,0f,0f,0f,1f],start_interpolation:0}
execute if entity @s[tag=aj.dino.bone.leg_right_2] run data modify entity @s {} merge value {transformation:[-0.8673708349242082f,0.5253346501714555f,0.1541218334721289f,-0.35215812201152663f,0.5132297449637089f,0.8807510993775373f,-0.11373183077063831f,0.25179188115688034f,-0.1905918757661581f,-0.01905795831638421f,-1.0076575463010453f,-0.19881049714615107f,0f,0f,0f,1f],start_interpolation:0}
execute if entity @s[tag=aj.dino.bone.leg_right_1] run data modify entity @s {} merge value {transformation:[-0.9861895380344999f,-0.058316592021404254f,0.15501409666965313f,-0.39586286507315577f,0.14385933051808664f,0.1621472170901393f,0.9762237310231767f,0.24693201556460842f,-0.08206514542841778f,0.9850418544838246f,-0.1515185032294084f,0.07519618671412931f,0f,0f,0f,1f],start_interpolation:0}
execute if entity @s[tag=aj.dino.bone.leg_right_0] run data modify entity @s {} merge value {transformation:[-0.9772775334733883f,0.21145483301133927f,-0.014679106386870394f,-0.1980102983434483f,0.17504651824070064f,0.7660770030131514f,-0.6184535082819052f,0.577711082046232f,-0.11952965749126228f,-0.6069702456056103f,-0.7856842762391816f,-0.0852620620001871f,0f,0f,0f,1f],start_interpolation:0}
execute if entity @s[tag=aj.dino.bone.tail_4] run data modify entity @s {} merge value {transformation:[-0.3090067780264896f,-0.32948915660252087f,2.7242637608012643f,0.9519965910461319f,2.420012956126056f,1.2597578634367932f,0.4268591679830692f,0.7597330308851243f,-1.2937207716179406f,2.4351813798545945f,0.14778208245167743f,-1.3187846701973183f,0f,0f,0f,1f],start_interpolation:0}
execute if entity @s[tag=aj.dino.bone.tail_3] run data modify entity @s {} merge value {transformation:[-0.5605332917603287f,0.4230672324322743f,1.9602964244508712f,0.615462713499109f,1.765733106892894f,1.0690945984577345f,0.27416940167587805f,0.7027821020984336f,-0.9507547265699727f,1.7360865135225942f,-0.6465404809555737f,-1.2261442664402948f,0f,0f,0f,1f],start_interpolation:0}
execute if entity @s[tag=aj.dino.bone.tail_2] run data modify entity @s {} merge value {transformation:[-0.9160818098873204f,0.7062193350840951f,1.5750626156917467f,0.32215266820924027f,1.4503954151899494f,1.281730128924463f,0.2688770931225482f,0.6541759167728547f,-0.9359065830478613f,1.2950660223955517f,-1.1250141067768964f,-1.0173904879133153f,0f,0f,0f,1f],start_interpolation:0}
execute if entity @s[tag=aj.dino.bone.tail_1] run data modify entity @s {} merge value {transformation:[-1.0809442366927815f,0.68904436836937f,0.8027662583710881f,0.1420161740603057f,0.8386629285903254f,1.2577067887934685f,0.049743096316186265f,0.6272963562252029f,-0.6448723124533723f,0.4806742575188296f,-1.280916940628768f,-0.7470111068589824f,0f,0f,0f,1f],start_interpolation:0}
execute if entity @s[tag=aj.dino.bone.tail_0] run data modify entity @s {} merge value {transformation:[-1.17400702266524f,0.44407218601507215f,0.241543207158723f,0.08214788783579116f,0.4499124249993089f,1.1963500588911844f,-0.012691060094757895f,0.659875036984204f,-0.2304821840142268f,0.07336311595674373f,-1.2551221186216015f,-0.3784648693726611f,0f,0f,0f,1f],start_interpolation:0}
execute if entity @s[tag=aj.dino.bone.body_1] run data modify entity @s {} merge value {transformation:[-1.1879085507442346f,0.14044389096990426f,0.3126553751564427f,1.8557991432579204e-17f,0.24780119008562318f,1.1310811371655363f,0.4334219957463122f,0.4829241529492455f,-0.236796199963452f,0.47909870558560375f,-1.114897567064041f,-0.1515375f,0f,0f,0f,1f],start_interpolation:0}