execute if entity @s[tag=aj.dino.bone.head_lower] run data modify entity @s {} merge value {transformation:[-0.08085809567817767f,-0.3651163628116019f,0.9274438042116219f,-0.3976765144665253f,-0.10668531593797963f,0.9283154261193763f,0.3561582695825183f,0.3229182032133355f,-0.9909996022837305f,-0.07014635582856113f,-0.11401437206537045f,0.6687456382733045f,0f,0f,0f,1f],start_interpolation:0}
execute if entity @s[tag=aj.dino.bone.head_upper] run data modify entity @s {} merge value {transformation:[-0.08416515810054195f,-0.5504642523484969f,0.8794187146245116f,-0.34943836168305153f,-0.11104870090762803f,0.8820187721997506f,0.541463769884449f,0.38001631470050756f,-1.0315310731006342f,-0.050039334099904416f,-0.13004481094683926f,0.6583368548461419f,0f,0f,0f,1f],start_interpolation:0}
execute if entity @s[tag=aj.dino.bone.neck_0] run data modify entity @s {} merge value {transformation:[-0.29666232353191696f,0.10610990457581601f,0.9490690986158781f,-0.2896962779560342f,-0.07111926944442135f,0.9885934241854958f,-0.13275952384250217f,0.3554080904914824f,-0.9523305703957717f,-0.10688184975994432f,-0.28573196335299383f,0.6419035049889373f,0f,0f,0f,1f],start_interpolation:0}
execute if entity @s[tag=aj.dino.bone.neck_1] run data modify entity @s {} merge value {transformation:[-0.5758424039579177f,0.10862847918153537f,0.8103119024885868f,-0.22055178664650132f,0.040032345791731386f,0.9936911449563847f,-0.10476316015508753f,0.35111108670329044f,-0.816580024917569f,-0.027888383710355083f,-0.5765581505448053f,0.5929329840143608f,0f,0f,0f,1f],start_interpolation:0}
execute if entity @s[tag=aj.dino.bone.neck_2] run data modify entity @s {} merge value {transformation:[-0.7511195988429133f,0.07043774079169329f,0.6563976484618324f,-0.16235680015294263f,0.1709935767802396f,0.9811175425010349f,0.0903856431997368f,0.3686353008794606f,-0.6376366872553376f,0.18013020976197208f,-0.7489810161794133f,0.5290802169743736f,0f,0f,0f,1f],start_interpolation:0}
execute if entity @s[tag=aj.dino.bone.body_0] run data modify entity @s {} merge value {transformation:[-0.9525086467447811f,0.14755089290502554f,0.2663756968632004f,-0.03540932643664304f,0.16737644642121727f,0.984456881274011f,0.05319562101952613f,0.403084379947621f,-0.2543863264010692f,0.09525430654399497f,-0.9624002358816166f,0.07641201114196702f,0f,0f,0f,1f],start_interpolation:0}
execute if entity @s[tag=aj.dino.bone.leg_left_3] run data modify entity @s {} merge value {transformation:[-0.9964841272223104f,-0.06515522992665645f,0.05267048706054139f,0.36417957683117486f,-0.06485156929080778f,0.9978670680568764f,0.007455766096963523f,0.07710715083760847f,-0.053043926650557266f,0.0040137888307194f,-0.9985841133047891f,0.13845103558490474f,0f,0f,0f,1f],start_interpolation:0}
execute if entity @s[tag=aj.dino.bone.leg_left_2] run data modify entity @s {} merge value {transformation:[-0.9230909178220488f,-0.3463172315035773f,0.2828952670138535f,0.290764200668389f,-0.39803687407424715f,0.9320585378578802f,-0.1577838026672146f,0.2888749107245668f,-0.2037940230044634f,-0.25178057246464064f,-0.9732095041756054f,0.049368655276833595f,0f,0f,0f,1f],start_interpolation:0}
execute if entity @s[tag=aj.dino.bone.leg_left_1] run data modify entity @s {} merge value {transformation:[-0.934319604712036f,-0.3523515224854018f,0.053807814051157865f,0.21079509719380543f,-0.02497996337117844f,0.2153184052721404f,0.9762243521757876f,0.29609240552177357f,-0.35555994948913927f,0.9107614336110641f,-0.20997793542655613f,0.3150117163909707f,0f,0f,0f,1f],start_interpolation:0}
execute if entity @s[tag=aj.dino.bone.leg_left_0] run data modify entity @s {} merge value {transformation:[-0.9505200247628971f,0.2524550786814498f,0.18104727496619366f,0.1846564761921617f,-0.051859816315070466f,0.44565657531067765f,-0.8937006077731653f,0.5377944433745574f,-0.3063041657837985f,-0.8588694022552559f,-0.41051322499182674f,-0.024405690284639903f,0f,0f,0f,1f],start_interpolation:0}
execute if entity @s[tag=aj.dino.bone.leg_right_3] run data modify entity @s {} merge value {transformation:[-0.9981282037342439f,0.03183099081577893f,0.052219507216536246f,-0.4518222935915152f,0.035145812099156445f,0.9973411059468168f,0.06383956673311755f,0.0470379696736426f,-0.05004858441697277f,0.06555536905904226f,-0.9965930126111614f,-0.15337069859433256f,0f,0f,0f,1f],start_interpolation:0}
execute if entity @s[tag=aj.dino.bone.leg_right_2] run data modify entity @s {} merge value {transformation:[-0.9377883254182094f,0.41111917129330755f,0.05996901871057501f,-0.35268283594942323f,0.41365176711095536f,0.93774244365245f,0.0399189734263174f,0.2662163164609067f,-0.03882617385204429f,0.060682253324437295f,-1.0231678219413347f,-0.17078598797031802f,0f,0f,0f,1f],start_interpolation:0}
execute if entity @s[tag=aj.dino.bone.leg_right_1] run data modify entity @s {} merge value {transformation:[-0.9994467036736472f,0.02643835827756258f,0.02018166810420534f,-0.3664753259569478f,0.020800438243845545f,0.02334213283095421f,0.9995111238019148f,0.2199615763975868f,0.025954350015845645f,0.9993778855100255f,-0.023879147153230362f,0.10249711048407358f,0f,0f,0f,1f],start_interpolation:0}
execute if entity @s[tag=aj.dino.bone.leg_right_0] run data modify entity @s {} merge value {transformation:[-0.9912984592442511f,0.1023989102848038f,-0.0827153424248406f,-0.20427279206011506f,0.13162466814074225f,0.7783466812510107f,-0.6138822285441866f,0.560234889337817f,0.0015203410187840521f,-0.6194278868100969f,-0.7850520884662142f,-0.07697904130936122f,0f,0f,0f,1f],start_interpolation:0}
execute if entity @s[tag=aj.dino.bone.tail_4] run data modify entity @s {} merge value {transformation:[0.6607867131480077f,-0.630184708918051f,2.6061253776387896f,1.1093231969899569f,2.2424412474207718f,1.6013203973470238f,-0.18136032781824524f,0.2088328383226877f,-1.4698569669165176f,2.159699411790039f,0.8949191466946798f,-0.937394602521489f,0f,0f,0f,1f],start_interpolation:0}
execute if entity @s[tag=aj.dino.bone.tail_3] run data modify entity @s {} merge value {transformation:[0.5315103724094948f,0.14891673490669963f,2.007801298966183f,0.7674170260702744f,1.605699936829816f,1.2213821573910217f,-0.5156538223614966f,0.28431648778498414f,-1.2145657507645637f,1.6798794473759198f,0.19692791929569145f,-0.9872252395398906f,0f,0f,0f,1f],start_interpolation:0}
execute if entity @s[tag=aj.dino.bone.tail_2] run data modify entity @s {} merge value {transformation:[0.011304336454601237f,0.8064613175235911f,1.7799624238500684f,0.43672615788927166f,1.1849178023624234f,1.4125979939115172f,-0.6475419555863068f,0.40590543632537107f,-1.553903436068246f,1.0830332062951933f,-0.480829554457739f,-0.8987313908063295f,0f,0f,0f,1f],start_interpolation:0}
execute if entity @s[tag=aj.dino.bone.tail_1] run data modify entity @s {} merge value {transformation:[-0.8836929663192895f,0.6154190376652879f,1.0620745733501702f,0.2015009527536523f,0.36911771836143886f,1.3813304301824547f,-0.4932895728105351f,0.49481786653925f,-1.1706814687477805f,-0.029015525690316166f,-0.9572456570804876f,-0.6912696844092305f,0f,0f,0f,1f],start_interpolation:0}
execute if entity @s[tag=aj.dino.bone.tail_0] run data modify entity @s {} merge value {transformation:[-1.0658579222661815f,0.4069870390861935f,0.5763194913780895f,0.0429083246986832f,0.19766333831898447f,1.1745528393410591f,-0.46388635339324064f,0.6587202930182723f,-0.6772826668467464f,-0.29769597611613263f,-1.0423535923942746f,-0.393853672362656f,0f,0f,0f,1f],start_interpolation:0}
execute if entity @s[tag=aj.dino.bone.body_1] run data modify entity @s {} merge value {transformation:[-1.223226489105135f,0.013437475616674585f,0.17927907199901139f,0.00032334241693791373f,0.07057773783120488f,1.1698238796696643f,0.3938724013351208f,0.488354537037037f,-0.16534912860491627f,0.3999201418532406f,-1.1581572176807122f,-0.15153580203519362f,0f,0f,0f,1f],start_interpolation:0}