execute if entity @s[tag=aj.dino.bone.head_lower] run data modify entity @s {} merge value {transformation:[-0.4438218670610846f,-0.5743219344464692f,0.6878782348149115f,-0.247910446219583f,-0.34956989915483494f,0.817768586082501f,0.45722579238435945f,0.5675929597300369f,-0.825120013042522f,-0.03753472033054403f,-0.563709241405901f,0.7473835897936968f,0f,0f,0f,1f],start_interpolation:0}
execute if entity @s[tag=aj.dino.bone.head_upper] run data modify entity @s {} merge value {transformation:[-0.46197399649810506f,-0.34225026001217407f,0.8677077438081761f,-0.19592150941982628f,-0.3638671623761431f,0.957709628994638f,0.1840241757454528f,0.6016712633812907f,-0.8588670777759558f,-0.22165055523516927f,-0.5446928645209508f,0.7045901771875408f,0f,0f,0f,1f],start_interpolation:0}
execute if entity @s[tag=aj.dino.bone.neck_0] run data modify entity @s {} merge value {transformation:[-0.6278170082946495f,0.17120702380372887f,0.759298333394869f,-0.14940000313683782f,-0.2506243290519644f,0.8790919366053983f,-0.4054439698437048f,0.5612661686415914f,-0.7369078977614563f,-0.4448432555357445f,-0.5090002241857576f,0.6791360217991828f,0f,0f,0f,1f],start_interpolation:0}
execute if entity @s[tag=aj.dino.bone.neck_1] run data modify entity @s {} merge value {transformation:[-0.7794553859378351f,0.11154525543897506f,0.6164470434040172f,-0.09666497264442248f,-0.15887479700351792f,0.9166519565138576f,-0.3667533087736331f,0.5344202507334518f,-0.6059769799337196f,-0.38380574071836215f,-0.6967675747206079f,0.6183425180741572f,0f,0f,0f,1f],start_interpolation:0}
execute if entity @s[tag=aj.dino.bone.neck_2] run data modify entity @s {} merge value {transformation:[-0.8566141119577163f,0.11874662394909571f,0.5021070627820178f,-0.051514024476645194f,0.011784882576152886f,0.9774047709757864f,-0.21104745963037994f,0.5255003139997181f,-0.5158230120279236f,-0.1748689594366667f,-0.8386581349322132f,0.5431576991120987f,0f,0f,0f,1f],start_interpolation:0}
execute if entity @s[tag=aj.dino.bone.body_0] run data modify entity @s {} merge value {transformation:[-0.9855381349119713f,0.144463218628292f,0.08857179628859002f,-0.008394276293611037f,0.12218505489355516f,0.9679854429252933f,-0.21926010728215622f,0.43138511898870724f,-0.11741123027586456f,-0.20526704739991275f,-0.9716378143407296f,0.08327301564482317f,0f,0f,0f,1f],start_interpolation:0}
execute if entity @s[tag=aj.dino.bone.leg_left_3] run data modify entity @s {} merge value {transformation:[-0.9991222072363443f,-0.04115549651468824f,0.007812817277094763f,0.3582137404378282f,-0.04138227529584057f,0.9986464941932438f,-0.03150693458405937f,0.13068856543858073f,-0.006505559047080195f,-0.031802590180273455f,-0.9994729976138982f,0.13803751004165818f,0f,0f,0f,1f],start_interpolation:0}
execute if entity @s[tag=aj.dino.bone.leg_left_2] run data modify entity @s {} merge value {transformation:[-0.9404702278761876f,-0.3346936400926107f,0.2357076945302469f,0.28602253732288363f,-0.3844428521187774f,0.9250292565531278f,-0.2204240628339909f,0.33890303491674306f,-0.1406472304525979f,-0.2904535097102825f,-0.9736104532941745f,0.040026097651264025f,0f,0f,0f,1f],start_interpolation:0}
execute if entity @s[tag=aj.dino.bone.leg_left_1] run data modify entity @s {} merge value {transformation:[-0.9494634358989097f,-0.3064604914825328f,0.06783178496340514f,0.21807841291274715f,-0.020475859963393742f,0.276123414904084f,0.9609040529108342f,0.36336217986185815f,-0.3132090724257467f,0.9109543495159305f,-0.26844412835488096f,0.30797895142681053f,0f,0f,0f,1f],start_interpolation:0}
execute if entity @s[tag=aj.dino.bone.leg_left_0] run data modify entity @s {} merge value {transformation:[-0.9639837757158185f,0.22274801439300507f,0.14532240790961407f,0.18161855439380004f,-0.04484041746959348f,0.40246454413482513f,-0.9143367146054563f,0.5906017155936873f,-0.26215380431690716f,-0.8879220758593183f,-0.3779811768909289f,-0.04036018028482205f,0f,0f,0f,1f],start_interpolation:0}
execute if entity @s[tag=aj.dino.bone.leg_right_3] run data modify entity @s {} merge value {transformation:[-0.9963991154149372f,0.0079392804478407f,-0.08441427975349558f,-0.43126981581860524f,-0.002852689487342646f,0.9919034624618268f,0.12696213340571055f,0.056282381554976196f,0.08473880435207765f,0.12674576514507768f,-0.9883090842721066f,-0.13542553219605388f,0f,0f,0f,1f],start_interpolation:0}
execute if entity @s[tag=aj.dino.bone.leg_right_2] run data modify entity @s {} merge value {transformation:[-0.9741779119616581f,0.3140593068953981f,-0.06638032162546713f,-0.3586031781805958f,0.2993755690923857f,0.9654491397084077f,0.17419651766783753f,0.28624618214069864f,0.11581823680806314f,0.1460715916575606f,-1.0086185729174302f,-0.13272696580405932f,0f,0f,0f,1f],start_interpolation:0}
execute if entity @s[tag=aj.dino.bone.leg_right_1] run data modify entity @s {} merge value {transformation:[-0.9858781310493052f,0.14218750306741457f,-0.08847047355012337f,-0.33491751395750624f,-0.10303105533444278f,-0.09852616380668267f,0.98978643993652f,0.20493321344056364f,0.13201860609550503f,0.9849240117983689f,0.1117845187295951f,0.1315467106967371f,0f,0f,0f,1f],start_interpolation:0}
execute if entity @s[tag=aj.dino.bone.leg_right_0] run data modify entity @s {} merge value {transformation:[-0.9879296061972411f,-0.0021377804832671266f,-0.15488874424427854f,-0.20827583180037867f,0.09621222796301293f,0.775179848744699f,-0.6243712111320787f,0.5489345973699956f,0.12140140192500828f,-0.6317369959047443f,-0.7656174420791965f,-0.06828374433827936f,0f,0f,0f,1f],start_interpolation:0}
execute if entity @s[tag=aj.dino.bone.tail_4] run data modify entity @s {} merge value {transformation:[-0.42353530852927274f,0.8108787440736559f,2.6055239082454307f,0.8361444828046655f,2.2886058161279004f,1.5415378195378313f,-0.10773068699349658f,0.27290731108155997f,-1.4861233436073058f,2.1428481385632714f,-0.9084605628431898f,-1.379479446684095f,0f,0f,0f,1f],start_interpolation:0}
execute if entity @s[tag=aj.dino.bone.tail_3] run data modify entity @s {} merge value {transformation:[-0.2965152427762213f,0.9737965924156188f,1.8165198687175244f,0.5186004768276677f,1.6458577140216009f,1.2165589426827117f,-0.3835130378732313f,0.3260319655844972f,-1.2406355718104298f,1.381177056579965f,-0.942930984950732f,-1.2331090986391797f,0f,0f,0f,1f],start_interpolation:0}
execute if entity @s[tag=aj.dino.bone.tail_2] run data modify entity @s {} merge value {transformation:[-0.8351340639059164f,1.045522750823911f,1.4241513781253619f,0.2534850956247623f,1.1110238146577083f,1.5355788970476376f,-0.47581236764944473f,0.41567138192950126f,-1.3736633698145262f,0.6063443769462517f,-1.2506675489426595f,-1.0014842000291517f,0f,0f,0f,1f],start_interpolation:0}
execute if entity @s[tag=aj.dino.bone.tail_1] run data modify entity @s {} merge value {transformation:[-1.2960320573210125f,0.3397302928422153f,0.7018122858155214f,0.09954826259552033f,0.16314657821481213f,1.4494026895271996f,-0.4003389658878065f,0.48394654457760466f,-0.7624567859315455f,-0.2673413954416018f,-1.2786103698430868f,-0.7223451117574974f,0f,0f,0f,1f],start_interpolation:0}
execute if entity @s[tag=aj.dino.bone.tail_0] run data modify entity @s {} merge value {transformation:[-1.222149680617563f,0.14500991810471747f,0.3451926974918212f,0.0021742810000351426f,-0.0043642053495524585f,1.1728594816113758f,-0.5081508700081003f,0.6607432278761041f,-0.37438860621296133f,-0.48704052873409387f,-1.1209194491542906f,-0.40653955166763217f,0f,0f,0f,1f],start_interpolation:0}
execute if entity @s[tag=aj.dino.bone.body_1] run data modify entity @s {} merge value {transformation:[-1.2262618940695136f,-0.14964514746110935f,0.04992686702209935f,0.0006466464188552936f,-0.13104779428128485f,1.1841398300989878f,0.33052070047638593f,0.5041415740740741f,-0.08782276369660429f,0.3225271890410692f,-1.1903226325506069f,-0.15153070835805826f,0f,0f,0f,1f],start_interpolation:0}