execute if entity @s[tag=aj.dino.bone.head_lower] run data modify entity @s {} merge value {transformation:[-0.6989742733746264f,-0.6419746572442281f,0.31512458586496994f,-0.14409196508439956f,-0.2615902885354056f,0.6396208624760888f,0.7228109526212976f,0.6266491939121339f,-0.6655865729598038f,0.42279272905467535f,-0.6150128634054118f,0.797230902517841f,0f,0f,0f,1f],start_interpolation:0}
execute if entity @s[tag=aj.dino.bone.head_upper] run data modify entity @s {} merge value {transformation:[-0.7275620299163681f,-0.469102547390082f,0.5779863625031448f,-0.11500653773702005f,-0.2722892223405502f,0.9199076991967081f,0.4038568396589376f,0.6750617783294938f,-0.6928087864661211f,0.13108992171125178f,-0.7657044863422088f,0.7471737743755955f,0f,0f,0f,1f],start_interpolation:0}
execute if entity @s[tag=aj.dino.bone.neck_0] run data modify entity @s {} merge value {transformation:[-0.7141606572321938f,-0.3027013658571979f,0.6311469232832144f,-0.06905122038175474f,-0.46930429702496956f,0.8760482129110837f,-0.11087382670944512f,0.6538242076710661f,-0.5193534754438254f,-0.375381688103567f,-0.7676982192117788f,0.7037939328175397f,0f,0f,0f,1f],start_interpolation:0}
execute if entity @s[tag=aj.dino.bone.neck_1] run data modify entity @s {} merge value {transformation:[-0.7060862947650598f,-0.43237859855013805f,0.5607948750307619f,-0.023536448190110124f,-0.5311818962233222f,0.8471129170412541f,-0.01566840471947123f,0.6563994314632093f,-0.46828189957497274f,-0.30894733094441185f,-0.8278065047055256f,0.6322445751733629f,0f,0f,0f,1f],start_interpolation:0}
execute if entity @s[tag=aj.dino.bone.neck_2] run data modify entity @s {} merge value {transformation:[-0.7861871338056657f,-0.44254043567609735f,0.4313557156570924f,0.009920800216277309f,-0.46446326468726135f,0.8835614037385735f,0.05994265242356728f,0.670301475753885f,-0.4076563091557438f,-0.1532227418340095f,-0.9001883830567828f,0.5518811749979471f,0f,0f,0f,1f],start_interpolation:0}
execute if entity @s[tag=aj.dino.bone.body_0] run data modify entity @s {} merge value {transformation:[-0.8906091128105199f,-0.45051461332530235f,0.06206441298531781f,0.034879810479518755f,-0.454425865570276f,0.8763039729223069f,-0.15996399514042609f,0.6032589354312351f,0.017678825740534802f,-0.17066906638560525f,-0.9851697969890783f,0.08594850787007735f,0f,0f,0f,1f],start_interpolation:0}
execute if entity @s[tag=aj.dino.bone.leg_left_3] run data modify entity @s {} merge value {transformation:[-0.9289123763377463f,-0.3698372775060626f,-0.018498250010880846f,0.4812487123239757f,-0.3686370133170466f,0.9283156038045537f,-0.04834141232602403f,0.40416492291232176f,0.03505067045363314f,-0.038085796563686825f,-0.9986595629146402f,0.07354497013541839f,0f,0f,0f,1f],start_interpolation:0}
execute if entity @s[tag=aj.dino.bone.leg_left_2] run data modify entity @s {} merge value {transformation:[-0.7592196928279992f,-0.6349349774809524f,0.2692679555649268f,0.3403900399255338f,-0.6830037362551662f,0.7477584676220189f,-0.16255881969843314f,0.5723829432026512f,-0.09567420647351399f,-0.29962818287258397f,-0.9762845885011354f,-0.0266179178309654f,0f,0f,0f,1f],start_interpolation:0}
execute if entity @s[tag=aj.dino.bone.leg_left_1] run data modify entity @s {} merge value {transformation:[-0.8951940230926014f,-0.3563611782877336f,-0.2676459819027014f,0.27560113174541884f,-0.3495869540945487f,0.1889752074768788f,0.9176477169840102f,0.5820152505516315f,-0.27643556671705466f,0.915038295137667f,-0.2937486951211395f,0.2430541083262336f,0f,0f,0f,1f],start_interpolation:0}
execute if entity @s[tag=aj.dino.bone.leg_left_0] run data modify entity @s {} merge value {transformation:[-0.8936136296974357f,-0.04653508608418103f,0.4464181521646629f,0.11708323355722912f,-0.38528576113545965f,0.5897322412001358f,-0.7097681071697531f,0.8265435120393052f,-0.23023805742153924f,-0.8062570120328892f,-0.5449220746699047f,-0.05591960933514818f,0f,0f,0f,1f],start_interpolation:0}
execute if entity @s[tag=aj.dino.bone.leg_right_3] run data modify entity @s {} merge value {transformation:[-0.999568294978222f,0.01934232291031291f,0.022115565079012293f,-0.25318180699124604f,0.01669988760294672f,0.9933419952077928f,-0.11398593909184779f,0.011288623233419337f,-0.02417307238188346f,-0.11356740333843457f,-0.9932361790987003f,-0.1266759716696515f,0f,0f,0f,1f],start_interpolation:0}
execute if entity @s[tag=aj.dino.bone.leg_right_2] run data modify entity @s {} merge value {transformation:[-1.0235525865628317f,-0.02557356872346155f,-0.06122331764922973f,-0.2594471262156567f,-0.025768370053090676f,1.0253740590837686f,0.002495909368895053f,0.250418938899055f,0.06114158278977653f,0.004028776677496651f,-1.0238689737037343f,-0.1574738607318146f,0f,0f,0f,1f],start_interpolation:0}
execute if entity @s[tag=aj.dino.bone.leg_right_1] run data modify entity @s {} merge value {transformation:[-0.9048006765920442f,0.10956625817129971f,-0.41149844557290816f,-0.2258767343568197f,-0.4032687697560113f,0.08993462422196141f,0.910651449625776f,0.21852247830526783f,0.13678462990428691f,0.9899025196636254f,-0.0371882587055723f,0.1161481965877639f,0f,0f,0f,1f],start_interpolation:0}
execute if entity @s[tag=aj.dino.bone.leg_right_0] run data modify entity @s {} merge value {transformation:[-0.9720403356771931f,-0.23375696181387287f,-0.022254631430736402f,-0.2028210510202213f,-0.17747620801776845f,0.7934344085741755f,-0.5822061790106512f,0.5980819924997496f,0.15375233788207626f,-0.561978222081689f,-0.8127365480287569f,-0.056218532263208415f,0f,0f,0f,1f],start_interpolation:0}
execute if entity @s[tag=aj.dino.bone.tail_4] run data modify entity @s {} merge value {transformation:[-0.783384362598245f,1.7934875028648198f,-1.9481716682839465f,-0.6330993759952095f,2.613828933930843f,0.1983439720211809f,-0.8684580038832128f,0.24626012005304893f,-0.4241091559757882f,-2.0903883795674374f,-1.7538726230792607f,-1.5923558539068228f,0f,0f,0f,1f],start_interpolation:0}
execute if entity @s[tag=aj.dino.bone.tail_3] run data modify entity @s {} merge value {transformation:[-0.711185387525927f,1.5439435618078328f,-1.2026633562914375f,-0.44428081398983976f,1.9132252842126336f,0.27911389715665513f,-0.7730523722930787f,0.37460988631210124f,-0.4119828667111411f,-1.3690431828144107f,-1.5139142667833938f,-1.3222547773109739f,0f,0f,0f,1f],start_interpolation:0}
execute if entity @s[tag=aj.dino.bone.tail_2] run data modify entity @s {} merge value {transformation:[-1.26498166781028f,1.2457061187357459f,-0.8165852808194765f,-0.2931183588154448f,1.4894868113755384f,1.0543884612734717f,-0.6989047763998102f,0.5058870460957037f,-0.004928878678858789f,-1.074827945989711f,-1.6320215892191146f,-1.0191249314792905f,0f,0f,0f,1f],start_interpolation:0}
execute if entity @s[tag=aj.dino.bone.tail_1] run data modify entity @s {} merge value {transformation:[-1.3312730391957506f,0.42148126553853443f,-0.5811384412603812f,-0.17194416223491094f,0.6267861321511733f,1.2793634629939663f,-0.5079611442807991f,0.5989569064727347f,0.3500106993414372f,-0.687923631194715f,-1.3007343456641698f,-0.7311466472783976f,0f,0f,0f,1f],start_interpolation:0}
execute if entity @s[tag=aj.dino.bone.tail_0] run data modify entity @s {} merge value {transformation:[-1.231738275126339f,0.20967244729750764f,-0.2696182542356748f,-0.08809567218401886f,0.3046959759610004f,1.1304734045743574f,-0.5128605662041706f,0.776107020920177f,0.15432725101547215f,-0.5584828224559487f,-1.1393488285857287f,-0.41167962399082136f,0f,0f,0f,1f],start_interpolation:0}
execute if entity @s[tag=aj.dino.bone.body_1] run data modify entity @s {} merge value {transformation:[-1.0061351171430484f,-0.6990235299719584f,-0.1663214527754526f,-0.0023440688460161117f,-0.7185372900779595f,0.9784347615048594f,0.23446572308676883f,0.6556925f,-0.000940146380464651f,0.28746498409497073f,-1.2024839267534146f,-0.1514817618098316f,0f,0f,0f,1f],start_interpolation:0}