execute if entity @s[tag=aj.dino.bone.head_lower] run data modify entity @s {} merge value {transformation:[-0.9792433572943411f,0.155411658970872f,0.13011404017564338f,0.1574894024330255f,0.16220301759215525f,0.9858082059011635f,0.043270801493952404f,0.3447429482145268f,-0.12154270146292828f,0.0634775348753514f,-0.9905543772490442f,0.7934868818007352f,0f,0f,0f,1f],start_interpolation:0}
execute if entity @s[tag=aj.dino.bone.head_upper] run data modify entity @s {} merge value {transformation:[-1.0192940025896142f,0.02654845982174115f,0.20930087947604098f,0.17219777429374686f,0.16883705342708374f,0.7218618543749444f,0.7306719203390358f,0.4113751744083318f,-0.12651374730996978f,0.7494548585892065f,-0.7111846660763492f,0.7612492218133663f,0f,0f,0f,1f],start_interpolation:0}
execute if entity @s[tag=aj.dino.bone.neck_0] run data modify entity @s {} merge value {transformation:[-0.995183009660684f,0.011193386575078453f,0.09739345655476017f,0.17863529666559197f,0.0399117805933728f,0.9536618924202946f,0.2982214692392372f,0.4151661166504618f,-0.0895423198971836f,0.30067208557217895f,-0.949514860286613f,0.6950002722599906f,0f,0f,0f,1f],start_interpolation:0}
execute if entity @s[tag=aj.dino.bone.neck_1] run data modify entity @s {} merge value {transformation:[-0.9882294094964381f,0.10827134403294286f,0.10807381860386633f,0.18828936011825037f,0.12264297922218138f,0.9829973496272049f,0.1366561753943036f,0.4312712342337252f,-0.091440329471349f,0.14830214660345015f,-0.9847056105552459f,0.6122659922364566f,0f,0f,0f,1f],start_interpolation:0}
execute if entity @s[tag=aj.dino.bone.neck_2] run data modify entity @s {} merge value {transformation:[-0.9973565321772524f,0.03804982145119146f,0.06190443288568115f,0.19408518425542826f,0.04707146060563231f,0.9873343031519654f,0.151509905339141f,0.4542112581775213f,-0.0553554452589603f,0.1540233258534418f,-0.9865153773627791f,0.5273478309388308f,0f,0f,0f,1f],start_interpolation:0}
execute if entity @s[tag=aj.dino.bone.body_0] run data modify entity @s {} merge value {transformation:[-0.9487920537883568f,-0.04016324018874185f,-0.3133377615379498f,0.04602766719235031f,-0.039842608122639726f,0.9991783482522661f,-0.007429331185159926f,0.4602282649899855f,0.3133786930313824f,0.005435303249539947f,-0.9496126853789011f,0.07985071142490577f,0f,0f,0f,1f],start_interpolation:0}
execute if entity @s[tag=aj.dino.bone.leg_left_3] run data modify entity @s {} merge value {transformation:[-0.9445561822609798f,0.08037013368124775f,-0.3183618384238611f,0.3423923929454311f,0.03831543735378293f,0.9899361099441225f,0.13622931215082484f,0.006645936612049375f,0.3261066479128425f,0.11647806592125781f,-0.9381296895132851f,-0.21691446959170718f,0f,0f,0f,1f],start_interpolation:0}
execute if entity @s[tag=aj.dino.bone.leg_left_2] run data modify entity @s {} merge value {transformation:[-0.9787473137949118f,-0.27553473416829727f,-0.1348944235568855f,0.27247839724178846f,-0.26478290288386186f,0.9864841581992281f,-0.09381481473120552f,0.23328388514829068f,0.15493840576285162f,-0.05469748979122158f,-1.0124546777663184f,-0.2607133914283314f,0f,0f,0f,1f],start_interpolation:0}
execute if entity @s[tag=aj.dino.bone.leg_left_1] run data modify entity @s {} merge value {transformation:[-0.9920960024281994f,0.056141918762967306f,0.1122212409644383f,0.3015368202919843f,0.12007087996526997f,0.16496203654673064f,0.9789639984609857f,0.2237870494322105f,0.036448672820171196f,0.9847007725476645f,-0.1703991865992342f,0.015110472334366326f,0f,0f,0f,1f],start_interpolation:0}
execute if entity @s[tag=aj.dino.bone.leg_left_0] run data modify entity @s {} merge value {transformation:[-0.9957658134342919f,0.03249289974939379f,-0.08599218721150595f,0.20551159793231913f,0.06774664915553254f,0.8916859650283318f,-0.44755617669705977f,0.6182030930776572f,0.062135628456949143f,-0.451486822883424f,-0.8901116853737465f,-0.08247241423035354f,0f,0f,0f,1f],start_interpolation:0}
execute if entity @s[tag=aj.dino.bone.leg_right_3] run data modify entity @s {} merge value {transformation:[-0.9939127745988576f,0.00326640699310422f,-0.11012141969006756f,-0.44288545924932804f,-0.010153451874069165f,0.9925904366488968f,0.12108316352075757f,0.037341815965156955f,0.10970097494663147f,0.12146421554725062f,-0.9865151496237909f,-0.15955283594842587f,0f,0f,0f,1f],start_interpolation:0}
execute if entity @s[tag=aj.dino.bone.leg_right_2] run data modify entity @s {} merge value {transformation:[-0.8810845777674019f,0.3885189011477152f,-0.3532778365141313f,-0.3618732395407573f,0.34709223074307965f,0.9486945141511827f,0.1776735818233542f,0.2634335679240092f,0.3940547546711322f,0.03307539525265083f,-0.9464085101321998f,-0.1817025993801828f,0f,0f,0f,1f],start_interpolation:0}
execute if entity @s[tag=aj.dino.bone.leg_right_1] run data modify entity @s {} merge value {transformation:[-0.9064992692107818f,0.4221830712782361f,-0.004530921141915084f,-0.2649924887374011f,-0.054251488687436344f,-0.10583126692698441f,0.9929030762948755f,0.18094221184250414f,0.41870735710698387f,0.9003117222755159f,0.11884002624444093f,0.06491995018773083f,0f,0f,0f,1f],start_interpolation:0}
execute if entity @s[tag=aj.dino.bone.leg_right_0] run data modify entity @s {} merge value {transformation:[-0.9178790097553957f,-0.13590876208566027f,-0.3728631543057017f,-0.18127433907811083f,-0.011054858987072973f,0.9479239511281705f,-0.31830484283204646f,0.5803253768336406f,0.3967063316147476f,-0.28804338434670096f,-0.8715819497849118f,-0.023350302467059297f,0f,0f,0f,1f],start_interpolation:0}
execute if entity @s[tag=aj.dino.bone.tail_4] run data modify entity @s {} merge value {transformation:[0.07125583336293478f,0.0442316137577929f,-2.7601861354184316f,-1.2494472653244708f,2.011206836848705f,1.8904890984054914f,0.08221532596187581f,1.0010028245671485f,1.8909338955195603f,-2.0124005229462574f,0.016567124700666833f,-0.89017539740674f,0f,0f,0f,1f],start_interpolation:0}
execute if entity @s[tag=aj.dino.bone.tail_3] run data modify entity @s {} merge value {transformation:[-0.07272807329008267f,0.19985068772436737f,-2.0714043197830923f,-0.9001693355035405f,1.5047088660125152f,1.4368145897351374f,0.08579387689120302f,0.9723949947324366f,1.4375351758977195f,-1.4938437212053972f,-0.19459979629066212f,-0.842560029646749f,0f,0f,0f,1f],start_interpolation:0}
execute if entity @s[tag=aj.dino.bone.tail_2] run data modify entity @s {} merge value {transformation:[-0.05145892546787378f,0.7273759793437109f,-1.8130223491910535f,-0.5629974105033357f,0.911089293730527f,1.613254122435122f,0.6213705096787827f,0.8579411530399746f,1.7280168265506204f,-0.8289205004839958f,-0.38160519655536695f,-0.7705399277124021f,0f,0f,0f,1f],start_interpolation:0}
execute if entity @s[tag=aj.dino.bone.tail_1] run data modify entity @s {} merge value {transformation:[-0.290592721955507f,0.5046531117810542f,-1.395900195829268f,-0.2685065012884944f,0.16247733973190562f,1.4246669319430414f,0.4812291523813213f,0.7368157007685536f,1.4754027362114157f,-0.05749451971884697f,-0.32792894989946625f,-0.7006800236136423f,0f,0f,0f,1f],start_interpolation:0}
execute if entity @s[tag=aj.dino.bone.tail_0] run data modify entity @s {} merge value {transformation:[-0.9942255821165283f,0.35971445457214324f,-0.7183012735760279f,-0.04992162371082782f,0.25860206395235186f,1.2253859184872173f,0.255714762727634f,0.6916606487820212f,0.7605762164100729f,0.053577780181078984f,-1.0259088444331852f,-0.3995926876540718f,0f,0f,0f,1f],start_interpolation:0}
execute if entity @s[tag=aj.dino.bone.body_1] run data modify entity @s {} merge value {transformation:[-1.216485470200245f,-0.0623975953643738f,-0.21183539822391087f,0.0035300598869398405f,-0.11912969693614146f,1.184042117415189f,0.33534605193905204f,0.53394375f,0.1859457209936333f,0.3503646662207109f,-1.1710138276572388f,-0.1509479226454815f,0f,0f,0f,1f],start_interpolation:0}