execute if entity @s[tag=aj.dino.bone.head_lower] run data modify entity @s {} merge value {transformation:[0.2760467809654528f,-0.24137240331048992f,0.9303426990301634f,-0.46691190321638953f,0.15157019220283044f,0.9667739118446056f,0.205851111758658f,0.1601615444614386f,-0.9491178280667834f,0.08418768494736469f,0.3034596878483119f,0.5462715702713083f,0f,0f,0f,1f],start_interpolation:0}
execute if entity @s[tag=aj.dino.bone.head_upper] run data modify entity @s {} merge value {transformation:[0.2873369792874478f,-0.776549791300175f,0.6307771591847048f,-0.44077581033987884f,0.15776934990967947f,0.6832369535969934f,0.7692646099048649f,0.2285835013316923f,-0.9879363517689532f,-0.11674600402010163f,0.30630716279952785f,0.5644593947424322f,0f,0f,0f,1f],start_interpolation:0}
execute if entity @s[tag=aj.dino.bone.neck_0] run data modify entity @s {} merge value {transformation:[0.05134012979083474f,-0.12353945086439447f,0.9910106937632832f,-0.37470651309153324f,0.1284687433534961f,0.9848916909297303f,0.11612122596127873f,0.22006396725124117f,-0.9903837503989216f,0.12135221966532253f,0.06643542524937673f,0.5671054775942469f,0f,0f,0f,1f],start_interpolation:0}
execute if entity @s[tag=aj.dino.bone.neck_1] run data modify entity @s {} merge value {transformation:[-0.38098745084012636f,-0.02094145758195355f,0.9243430194774478f,-0.2964990020170607f,0.22828489527184917f,0.9666600865797214f,0.1159926015071937f,0.23434334518815722f,-0.8959545573817139f,0.25520527496121437f,-0.3635047437639678f,0.5374875535987639f,0f,0f,0f,1f],start_interpolation:0}
execute if entity @s[tag=aj.dino.bone.neck_2] run data modify entity @s {} merge value {transformation:[-0.6762611831453985f,-0.03778650914779083f,0.7356921855621478f,-0.23241680241154988f,0.28963752380247937f,0.9046143982668766f,0.31270256675285707f,0.27059517564798985f,-0.67733368215109f,0.4245526706719447f,-0.6008112123196149f,0.4890086213067707f,0f,0f,0f,1f],start_interpolation:0}
execute if entity @s[tag=aj.dino.bone.body_0] run data modify entity @s {} merge value {transformation:[-0.9292321080716164f,0.11298414657652617f,0.3517986241461926f,-0.06553911486996523f,0.20542687907848928f,0.94936490896757f,0.23771004811128474f,0.39167091737421017f,-0.30712780186894806f,0.29315670253871323f,-0.9053903363057155f,0.06509423505720752f,0f,0f,0f,1f],start_interpolation:0}
execute if entity @s[tag=aj.dino.bone.leg_left_3] run data modify entity @s {} merge value {transformation:[-0.9887386672884668f,-0.08114035629802516f,0.12574613468594675f,0.35824980304545173f,-0.08003289720656924f,0.9966961006715017f,0.01384262514650697f,0.048242157842264266f,-0.126453877652484f,0.0036229112676872677f,-0.9919658720644564f,0.17074747768147924f,0f,0f,0f,1f],start_interpolation:0}
execute if entity @s[tag=aj.dino.bone.leg_left_2] run data modify entity @s {} merge value {transformation:[-0.8893297517491197f,-0.3553592261508561f,0.3672527910636057f,0.28538615274036583f,-0.4280680919069393f,0.9206348355771713f,-0.14577862570912672f,0.2576714932756106f,-0.2791281083045844f,-0.2796668006967474f,-0.9465390532054369f,0.07587222279285877f,0f,0f,0f,1f],start_interpolation:0}
execute if entity @s[tag=aj.dino.bone.leg_left_1] run data modify entity @s {} merge value {transformation:[-0.9004800979393308f,-0.43321111781821064f,0.0382586018284744f,0.18360076105588738f,-0.05520648769655135f,0.20112500464394661f,0.9780086790121971f,0.2615404307852468f,-0.43137899454120826f,0.8785652280312879f,-0.20502512812566975f,0.33401588632529855f,0f,0f,0f,1f],start_interpolation:0}
execute if entity @s[tag=aj.dino.bone.leg_left_0] run data modify entity @s {} merge value {transformation:[-0.9198727501544762f,0.3089394224463812f,0.24164138052439818f,0.17827052126157125f,-0.08239558649265417f,0.4501298209698794f,-0.88915359280619f,0.5010780890649069f,-0.38346458878203094f,-0.8378183439935657f,-0.38860691143893356f,-0.00789137796442807f,0f,0f,0f,1f],start_interpolation:0}
execute if entity @s[tag=aj.dino.bone.leg_right_3] run data modify entity @s {} merge value {transformation:[-0.98418005880114f,0.06916996837829685f,0.163110782392612f,-0.4887005475410953f,0.06707798079566549f,0.9975798059779283f,-0.018305059339327467f,0.058308471341221746f,-0.16398218302779385f,-0.00707433244804008f,-0.9864379339167034f,-0.16657979667202127f,0f,0f,0f,1f],start_interpolation:0}
execute if entity @s[tag=aj.dino.bone.leg_right_2] run data modify entity @s {} merge value {transformation:[-0.8589668032069004f,0.5386336152777952f,0.1552805814710408f,-0.35701438594433343f,0.5259815481942111f,0.8726862164995314f,-0.11757711508473624f,0.2572807054724845f,-0.19385985001653455f,-0.01883601670206676f,-1.007038113741015f,-0.20179168322672253f,0f,0f,0f,1f],start_interpolation:0}
execute if entity @s[tag=aj.dino.bone.leg_right_1] run data modify entity @s {} merge value {transformation:[-0.9836637020702972f,-0.058690233253686414f,0.1701798394345979f,-0.4015746661753279f,0.15861313273684216f,0.16450556477699974f,0.9735398262427716f,0.25349770468559f,-0.0851328100837892f,0.9846285470562128f,-0.15250911110228543f,0.07209416158922866f,0f,0f,0f,1f],start_interpolation:0}
execute if entity @s[tag=aj.dino.bone.leg_right_0] run data modify entity @s {} merge value {transformation:[-0.9742000654466859f,0.22477459504807654f,-0.020263610355662848f,-0.198395548969744f,0.18958611743817405f,0.7663537916258502f,-0.6138069485883992f,0.5823165873882039f,-0.12243911367856192f,-0.6018124686990592f,-0.7891960567311218f,-0.08571479656656594f,0f,0f,0f,1f],start_interpolation:0}
execute if entity @s[tag=aj.dino.bone.tail_4] run data modify entity @s {} merge value {transformation:[-0.8672136665885729f,0.24161637210498702f,2.610598267986254f,0.8381391617816774f,2.4541217099485464f,1.0422657105668807f,0.7187698887235988f,0.8332517240371137f,-0.9224361337465187f,2.5457739587220503f,-0.5420404614523124f,-1.4436771384970781f,0f,0f,0f,1f],start_interpolation:0}
execute if entity @s[tag=aj.dino.bone.tail_3] run data modify entity @s {} merge value {transformation:[-0.8738942586335365f,0.7322965430585127f,1.742411008859947f,0.5355245473841994f,1.781023434918267f,0.9615914996550827f,0.4891245629770284f,0.7409043455927719f,-0.6326214310657862f,1.6955910730067212f,-1.0299060948167247f,-1.285635813894021f,0f,0f,0f,1f],start_interpolation:0}
execute if entity @s[tag=aj.dino.bone.tail_2] run data modify entity @s {} merge value {transformation:[-1.0853212278791768f,0.8995950624420498f,1.3533589438679958f,0.28334960152748656f,1.4795746497361384f,1.2200850377928285f,0.375533262727859f,0.672477919100525f,-0.6720941624324647f,1.2332457578223135f,-1.3587377276870793f,-1.0332529602592986f,0f,0f,0f,1f],start_interpolation:0}
execute if entity @s[tag=aj.dino.bone.tail_1] run data modify entity @s {} merge value {transformation:[-1.1258177853130114f,0.7629803310756647f,0.6618546507085796f,0.1326747933567079f,0.8711906474958906f,1.2350302418383847f,0.05816706508250228f,0.6440317357524911f,-0.5110943357038872f,0.42452039543029074f,-1.3587572497967075f,-0.745564597904376f,0f,0f,0f,1f],start_interpolation:0}
execute if entity @s[tag=aj.dino.bone.tail_0] run data modify entity @s {} merge value {transformation:[-1.1764281303174098f,0.45770107359477674f,0.2009037033309739f,0.08501120403564079f,0.4656017075794003f,1.1903093976404757f,0.014639138360650845f,0.6684781253934372f,-0.18184504579739852f,0.08665438074895165f,-1.2622436825747974f,-0.37461653201463857f,0f,0f,0f,1f],start_interpolation:0}
execute if entity @s[tag=aj.dino.bone.body_1] run data modify entity @s {} merge value {transformation:[-1.184657345857598f,0.13891107630878616f,0.32541555101226566f,1.8557991432579204e-17f,0.2555042553900113f,1.1224618623613243f,0.45100059653862284f,0.4880210322359397f,-0.24476344383808166f,0.4993873000781381f,-1.104222702237841f,-0.1515375f,0f,0f,0f,1f],start_interpolation:0}