execute if entity @s[tag=aj.dino.bone.head_lower] run data modify entity @s {} merge value {transformation:[0.08287932594695288f,-0.2554749312366342f,0.9632567554085546f,-0.44998771795914716f,0.02034791828171613f,0.9668145066137401f,0.2546677679307503f,0.23160338543811365f,-0.9963518352229696f,-0.0015064232031514121f,0.08532731764771277f,0.6077236202543559f,0f,0f,0f,1f],start_interpolation:0}
execute if entity @s[tag=aj.dino.bone.head_upper] run data modify entity @s {} merge value {transformation:[0.08626905584513078f,-0.6472184609575776f,0.8106403989333382f,-0.40861064358595267f,0.021180139661139036f,0.8143684150028943f,0.6479409146774999f,0.29456372749586884f,-1.037102210136991f,-0.037206061668570094f,0.08066385366191119f,0.6121269753481974f,0f,0f,0f,1f],start_interpolation:0}
execute if entity @s[tag=aj.dino.bone.neck_0] run data modify entity @s {} merge value {transformation:[-0.1358580717170571f,0.03647003672969745f,0.9900568270408814f,-0.3451397907309568f,0.030718977802472187f,0.9989968098986882f,-0.032584017785032324f,0.2762312663974786f,-0.9902519521576791f,0.025986731867986043f,-0.1368421024930821f,0.6031766702007538f,0f,0f,0f,1f],start_interpolation:0}
execute if entity @s[tag=aj.dino.bone.neck_1] run data modify entity @s {} merge value {transformation:[-0.4742298479927637f,0.06300458845837575f,0.8781437656249408f,-0.2704592338821463f,0.13729283727773797f,0.9905257282785752f,0.003075459384683371f,0.28105502638722907f,-0.8696302249260826f,0.12202132375691135f,-0.4783869442654368f,0.5632131541787105f,0f,0f,0f,1f],start_interpolation:0}
execute if entity @s[tag=aj.dino.bone.neck_2] run data modify entity @s {} merge value {transformation:[-0.703094081286215f,0.009913051686451367f,0.7110277380430069f,-0.2080708163498759f,0.23123205548812537f,0.9487486286865542f,0.21542464130205594f,0.3092166826928333f,-0.6724510758226429f,0.31587619563943825f,-0.6693517607755473f,0.5076655451744991f,0f,0f,0f,1f],start_interpolation:0}
execute if entity @s[tag=aj.dino.bone.body_0] run data modify entity @s {} merge value {transformation:[-0.9336387618968642f,0.11640464893324792f,0.33877517617207065f,-0.04729844643998931f,0.18013874861445756f,0.9700171239520134f,0.16314659201920664f,0.39534768533881315f,-0.3096267002881171f,0.2133465184777841f,-0.9266145744170555f,0.07298796332804394f,0f,0f,0f,1f],start_interpolation:0}
execute if entity @s[tag=aj.dino.bone.leg_left_3] run data modify entity @s {} merge value {transformation:[-0.9940836617986762f,-0.07862902918751793f,0.07493429864863604f,0.3661402264858995f,-0.07774212372720994f,0.9968653494561338f,0.014684592336289604f,0.057181390684488714f,-0.07585404104803975f,0.008772161804725426f,-0.9970803446232175f,0.141786556251357f,0f,0f,0f,1f],start_interpolation:0}
execute if entity @s[tag=aj.dino.bone.leg_left_2] run data modify entity @s {} merge value {transformation:[-0.9127681184858253f,-0.3537047692854812f,0.30628336154816643f,0.29174163743858905f,-0.4078315333485439f,0.9305474063727427f,-0.14077345062273344f,0.26910740886441137f,-0.22932510063906184f,-0.24705598591890104f,-0.9687288255952842f,0.05390433488555335f,0f,0f,0f,1f],start_interpolation:0}
execute if entity @s[tag=aj.dino.bone.leg_left_1] run data modify entity @s {} merge value {transformation:[-0.9258815421242939f,-0.3751537748150477f,0.04475505776512395f,0.20588994953177717f,-0.032951515758761554f,0.19818988745512128f,0.9796095988299245f,0.27165083829707437f,-0.3763742387076182f,0.90552769905318f,-0.19586224415316505f,0.31779144012193666f,0f,0f,0f,1f],start_interpolation:0}
execute if entity @s[tag=aj.dino.bone.leg_left_0] run data modify entity @s {} merge value {transformation:[-0.9427454621091825f,0.26438024845923735f,0.2033078402255444f,0.1835253807439289f,-0.060851366637771284f,0.4630081095906041f,-0.8842627446814947f,0.5183518532572241f,-0.3279147829099186f,-0.8460062497865881f,-0.4204108948055151f,-0.018282530671724473f,0f,0f,0f,1f],start_interpolation:0}
execute if entity @s[tag=aj.dino.bone.leg_right_3] run data modify entity @s {} merge value {transformation:[-0.9931375096760451f,0.04906009881242236f,0.10616493573199423f,-0.46229170593024815f,0.05200893973417907f,0.9983289618129023f,0.02518638904845601f,0.04498773084568711f,-0.10475188333480971f,0.030535073441683838f,-0.9940295026948255f,-0.1573620962508014f,0f,0f,0f,1f],start_interpolation:0}
execute if entity @s[tag=aj.dino.bone.leg_right_2] run data modify entity @s {} merge value {transformation:[-0.9108259632275776f,0.4594126047488003f,0.10676292806574844f,-0.3504908064965867f,0.45882667400121746f,0.9168358358694978f,-0.03085988968151578f,0.2570353104462312f,-0.10925359232643156f,0.02035456126025219f,-1.019662465672032f,-0.18396012131641326f,0f,0f,0f,1f],start_interpolation:0}
execute if entity @s[tag=aj.dino.bone.leg_right_1] run data modify entity @s {} merge value {transformation:[-0.9969353783674649f,-0.016024965058557425f,0.07657056780637973f,-0.3787598956444594f,0.07488170772260977f,0.08779265669060343f,0.9933202803123231f,0.22969516504219523f,-0.022640256355991397f,0.9960098643718737f,-0.08632362866595178f,0.09075202022050798f,0f,0f,0f,1f],start_interpolation:0}
execute if entity @s[tag=aj.dino.bone.leg_right_0] run data modify entity @s {} merge value {transformation:[-0.9876899714602199f,0.14854983472417388f,-0.04900476385343071f,-0.2016008398669076f,0.146998150998078f,0.7743414312517851f,-0.6154566527791241f,0.5667364933073163f,-0.05347956506981079f,-0.6150839734949674f,-0.7866458171690651f,-0.08049368209561515f,0f,0f,0f,1f],start_interpolation:0}
execute if entity @s[tag=aj.dino.bone.tail_4] run data modify entity @s {} merge value {transformation:[0.6167443958681963f,-0.9788597680942213f,2.5074132559615494f,1.1099653299352388f,2.2152288603072523f,1.6458697266768496f,0.09764871156602209f,0.40909098297635016f,-1.5290679442807655f,1.9896250221625178f,1.1528247154523514f,-1.0070187412565021f,0f,0f,0f,1f],start_interpolation:0}
execute if entity @s[tag=aj.dino.bone.tail_3] run data modify entity @s {} merge value {transformation:[0.29262088912296874f,0.0034349263702324797f,2.0616272074684496f,0.7603559277321035f,1.6217354661131749f,1.2852799222884672f,-0.23232547289799924f,0.43590732472823773f,-1.2729071526407616f,1.6382885120415835f,0.17794285069371815f,-1.0532232122628662f,0f,0f,0f,1f],start_interpolation:0}
execute if entity @s[tag=aj.dino.bone.tail_2] run data modify entity @s {} merge value {transformation:[-0.2391740070297604f,0.6157892647240026f,1.8391229569593155f,0.4184366597366109f,1.2752457849726386f,1.4460901117549807f,-0.31834800391515355f,0.4963745987779987f,-1.4612726840920638f,1.1612066332646893f,-0.5788395050367913f,-0.9464224308445719f,0f,0f,0f,1f],start_interpolation:0}
execute if entity @s[tag=aj.dino.bone.tail_1] run data modify entity @s {} merge value {transformation:[-0.9244387846617544f,0.5867478190110353f,1.0434539665451907f,0.1876078048737926f,0.5504492632749354f,1.3790690133653372f,-0.28780290988042034f,0.540922996170781f,-1.0630497598763569f,0.20384283961265223f,-1.0564229999226025f,-0.7205681480618829f,0f,0f,0f,1f],start_interpolation:0}
execute if entity @s[tag=aj.dino.bone.tail_0] run data modify entity @s {} merge value {transformation:[-1.1190690941702197f,0.4012887068357815f,0.46956091492280044f,0.06007500325134172f,0.30640429779137907f,1.2043790647640418f,-0.2990371067895951f,0.6573724012894685f,-0.5363175228836395f,-0.1492452971057582f,-1.1506194299262458f,-0.3879319626300906f,0f,0f,0f,1f],start_interpolation:0}
execute if entity @s[tag=aj.dino.bone.body_1] run data modify entity @s {} merge value {transformation:[-1.2112654746120806f,0.07550163601801964f,0.236093303648417f,0.00010104631073161075f,0.15217515935751022f,1.156075410937798f,0.4110194157892888f,0.4839462615740741f,-0.19566109971973863f,0.431733415709109f,-1.1418964869342836f,-0.15153733418152876f,0f,0f,0f,1f],start_interpolation:0}