execute if entity @s[tag=aj.dino.bone.head_lower] run data modify entity @s {} merge value {transformation:[-0.9551272103966403f,0.1876404294255466f,-0.22917914653154772f,-0.12876309737865552f,0.1580909585695386f,0.9772657048298112f,0.14127629306453537f,0.39227390886358887f,0.2504780644657264f,0.09870568073058689f,-0.9630773218246886f,0.7931832513713837f,0f,0f,0f,1f],start_interpolation:0}
execute if entity @s[tag=aj.dino.bone.head_upper] run data modify entity @s {} merge value {transformation:[-0.994191515332192f,0.3033443348395201f,-0.0551125026265029f,-0.12605951673936353f,0.1645568129038f,0.6794389981109196f,0.7712040234312062f,0.46074638872903306f,0.26072251293651444f,0.7278851591771233f,-0.6969066715717894f,0.7615657460207073f,0f,0f,0f,1f],start_interpolation:0}
execute if entity @s[tag=aj.dino.bone.neck_0] run data modify entity @s {} merge value {transformation:[-0.9936403310310788f,0.10967468545828628f,-0.0255020767404132f,-0.12916768459085134f,0.09966646452854158f,0.9620409668015476f,0.25405466743188304f,0.4615261064333274f,0.05239740830259568f,0.2498972620201544f,-0.966853592866056f,0.6949739478229902f,0f,0f,0f,1f],start_interpolation:0}
execute if entity @s[tag=aj.dino.bone.neck_1] run data modify entity @s {} merge value {transformation:[-0.9756059190178447f,0.18450115495374797f,0.1189639214135097f,-0.11823990528743097f,0.1999361591674166f,0.9705428483808628f,0.1344325545176582f,0.4773854778128857f,-0.09065662157133417f,0.154938385423028f,-0.9837557998242129f,0.6123507015573524f,0f,0f,0f,1f],start_interpolation:0}
execute if entity @s[tag=aj.dino.bone.neck_2] run data modify entity @s {} merge value {transformation:[-0.9568315189273031f,0.1323087715568888f,0.25878143935834513f,-0.09427332477232056f,0.17179278814117438f,0.9756488296101558f,0.13636934854656632f,0.498884667338081f,-0.23443694745059152f,0.17493927589149427f,-0.9562612443368225f,0.5302878094421393f,0f,0f,0f,1f],start_interpolation:0}
execute if entity @s[tag=aj.dino.bone.body_0] run data modify entity @s {} merge value {transformation:[-0.9855521228574479f,0.1333333398736567f,0.10444727669649331f,-0.04377754821357946f,0.13365918384473666f,0.9910196634544468f,-0.0039050250439720546f,0.5064849447476838f,-0.10402997503189537f,0.010111732036160559f,-0.9945227584978094f,0.06166928970977553f,0f,0f,0f,1f],start_interpolation:0}
execute if entity @s[tag=aj.dino.bone.leg_left_3] run data modify entity @s {} merge value {transformation:[-0.9959128139391903f,-0.060930928544720556f,-0.06667150049610421f,0.32024751215713565f,-0.08043798539127786f,0.9340731070727896f,0.34790395391483797f,0.12576060291659452f,0.04107794466519034f,0.35184492690681674f,-0.9351565376299417f,-0.0331405843857904f,0f,0f,0f,1f],start_interpolation:0}
execute if entity @s[tag=aj.dino.bone.leg_left_2] run data modify entity @s {} merge value {transformation:[-0.9938419414664694f,-0.2432323162522023f,0.0719613452725971f,0.2642325154824f,-0.2362517933598475f,0.9935502949484292f,0.09542065312519991f,0.3599381437807882f,-0.09233355304064284f,0.07588182416871934f,-1.0187142205959494f,-0.04707871798910662f,0f,0f,0f,1f],start_interpolation:0}
execute if entity @s[tag=aj.dino.bone.leg_left_1] run data modify entity @s {} merge value {transformation:[-0.9768412450320725f,-0.1423186434184725f,0.15977041572117237f,0.23654976773300776f,0.16372101943046163f,-0.016418743974793426f,0.9863700383947904f,0.2999037097521755f,-0.13775561622250093f,0.9896847117045993f,0.03933905969063267f,0.2224447835236062f,0f,0f,0f,1f],start_interpolation:0}
execute if entity @s[tag=aj.dino.bone.leg_left_0] run data modify entity @s {} merge value {transformation:[-0.9876646975998719f,0.1564720147986895f,-0.005912165406392f,0.18362572329470717f,0.12044075573853914f,0.7350203622624988f,-0.667262385734903f,0.656820244875909f,-0.1000623279365585f,-0.6597435680962291f,-0.7447992715380252f,0.012404523001927598f,0f,0f,0f,1f],start_interpolation:0}
execute if entity @s[tag=aj.dino.bone.leg_right_3] run data modify entity @s {} merge value {transformation:[-0.9505227841177654f,0.049943504400989394f,0.30661389929545024f,-0.21141780347384784f,0.04418427321959861f,0.9986927687767428f,-0.02570026445582474f,0.025958675568309608f,-0.3074966453037626f,-0.010881174623716627f,-0.9514869484999466f,-0.03735800556230928f,0f,0f,0f,1f],start_interpolation:0}
execute if entity @s[tag=aj.dino.bone.leg_right_2] run data modify entity @s {} merge value {transformation:[-0.9751318756388407f,0.1309773324614266f,0.28987059698261847f,-0.17041607921482543f,0.008045378474583519f,0.944567979094443f,-0.3997359181451363f,0.23376998827846723f,-0.31798631495548885f,-0.37775451122577375f,-0.8990263801748533f,-0.15270265859609228f,0f,0f,0f,1f],start_interpolation:0}
execute if entity @s[tag=aj.dino.bone.leg_right_1] run data modify entity @s {} merge value {transformation:[-0.9479058673976354f,-0.21941643044806805f,-0.23093483193871953f,-0.23665488691409517f,-0.3102094199563386f,0.47100589353994243f,0.8257866334719836f,0.3117529298003f,-0.0724194885613568f,0.8544061553500586f,-0.5145342936835627f,0.10525948367665906f,0f,0f,0f,1f],start_interpolation:0}
execute if entity @s[tag=aj.dino.bone.leg_right_0] run data modify entity @s {} merge value {transformation:[-0.9555910909558287f,-0.0996052745438129f,0.2773525845722386f,-0.18722943736393172f,-0.27123296554229f,0.6652753688036814f,-0.6955870628945456f,0.6611245779699038f,-0.11523170262121463f,-0.7399239643005064f,-0.6627474494593237f,-0.11790828943691554f,0f,0f,0f,1f],start_interpolation:0}
execute if entity @s[tag=aj.dino.bone.tail_4] run data modify entity @s {} merge value {transformation:[-2.635198420171939f,0.7956556740928623f,-0.21982417111672134f,-0.23267476051879887f,0.7922616764698006f,2.231403918639518f,-1.420851617684783f,0.7101548839552492f,-0.2317586113191513f,-1.4189538159376567f,-2.3576512350038934f,-1.6795453964629132f,0f,0f,0f,1f],start_interpolation:0}
execute if entity @s[tag=aj.dino.bone.tail_3] run data modify entity @s {} merge value {transformation:[-1.9117261146775018f,0.6022038149945003f,-0.5644460591682597f,-0.14285860459369876f,0.8035108695917568f,1.6834722319279012f,-0.9253307802186387f,0.8505826920660011f,0.18873015379744623f,-1.0673412460774696f,-1.7779508203304815f,-1.367625867932214f,0f,0f,0f,1f],start_interpolation:0}
execute if entity @s[tag=aj.dino.bone.tail_2] run data modify entity @s {} merge value {transformation:[-1.6868989413872701f,0.4954790104881696f,-0.8530219145572693f,0.014586837884761047f,0.6505364549416656f,1.8290342939820425f,-0.2240753159817447f,0.8931540638180592f,0.7415848955724592f,-0.4773970848319592f,-1.7438227378536815f,-1.0430182664823238f,0f,0f,0f,1f],start_interpolation:0}
execute if entity @s[tag=aj.dino.bone.tail_1] run data modify entity @s {} merge value {transformation:[-1.3912936935315643f,0.1923254331554569f,-0.5612210225043823f,0.13433356353441184f,0.14764339786263922f,1.4980470522537466f,0.14735232031235923f,0.8429923565021369f,0.574595105623841f,0.08076018199228865f,-1.3967728904863883f,-0.7439844860926039f,0f,0f,0f,1f],start_interpolation:0}
execute if entity @s[tag=aj.dino.bone.tail_0] run data modify entity @s {} merge value {transformation:[-1.264068114903867f,0.16789390822154746f,0.08819950708199012f,0.11261119669992013f,0.1839916859082473f,1.2297940107612368f,0.29595517768145135f,0.7861844951107383f,-0.045984529833980894f,0.3053752499170704f,-1.2403495863417147f,-0.3741562597982543f,0f,0f,0f,1f],start_interpolation:0}
execute if entity @s[tag=aj.dino.bone.body_1] run data modify entity @s {} merge value {transformation:[-1.1663813787465762f,-0.13829180127930102f,0.3860498051656192f,0.03217495889845083f,0.013537613875567235f,1.1503205234242888f,0.45297242902375057f,0.6033925f,-0.4098485176013722f,0.4315584156797861f,-1.0836909714176644f,-0.15128181088404483f,0f,0f,0f,1f],start_interpolation:0}