execute if entity @s[tag=aj.dino.bone.head_lower] run data modify entity @s {} merge value {transformation:[0.2493172164505306f,-0.15691152293855526f,0.9556252924397002f,-0.48593816971921067f,0.1357700285609936f,0.9827037171620261f,0.12593610927960103f,0.1611492521154141f,-0.9588573537945602f,0.09834723303194606f,0.2663088373093424f,0.5421407845586479f,0f,0f,0f,1f],start_interpolation:0}
execute if entity @s[tag=aj.dino.bone.head_upper] run data modify entity @s {} merge value {transformation:[0.2595141867211838f,-0.7390186163707995f,0.6855478204555382f,-0.4551922161275237f,0.141322966158293f,0.7275841636962758f,0.7308358547294461f,0.2279127312978415f,-0.9980742200408603f,-0.08913311382021438f,0.2817358370780121f,0.5592516196344784f,0f,0f,0f,1f],start_interpolation:0}
execute if entity @s[tag=aj.dino.bone.neck_0] run data modify entity @s {} merge value {transformation:[0.03174036281659737f,-0.06386942889578318f,0.9974533800738745f,-0.38966854586543664f,0.12581734154027818f,0.9902731574759692f,0.05940597739547222f,0.2156393883459499f,-0.9915455339700784f,0.12361136531525281f,0.039467511055187865f,0.5601176118211777f,0f,0f,0f,1f],start_interpolation:0}
execute if entity @s[tag=aj.dino.bone.neck_1] run data modify entity @s {} merge value {transformation:[-0.3772986576550738f,0.00018434427205785142f,0.9260916201698774f,-0.311215581433515f,0.22983936098066005f,0.9687320188786159f,0.0934459402187327f,0.22801831327991334f,-0.8971173786499074f,0.24810933399723298f,-0.36554365992008175f,0.5302942747534688f,0f,0f,0f,1f],start_interpolation:0}
execute if entity @s[tag=aj.dino.bone.neck_2] run data modify entity @s {} merge value {transformation:[-0.662101280651402f,-0.048899486539421055f,0.7478173135037423f,-0.24617993267613592f,0.2880544732550783f,0.9046048389603615f,0.31418896506280736f,0.2644002697880996f,-0.6918428395217463f,0.42343703846697167f,-0.5848543065215539f,0.4832023643496225f,0f,0f,0f,1f],start_interpolation:0}
execute if entity @s[tag=aj.dino.bone.body_0] run data modify entity @s {} merge value {transformation:[-0.916307523988157f,0.09312720110332923f,0.389496913848304f,-0.06172434479334661f,0.20158076722858345f,0.947647372242725f,0.2476482428061903f,0.3901434837215738f,-0.3460429391942982f,0.3054370349124648f,-0.8871090699218744f,0.06802085590829018f,0f,0f,0f,1f],start_interpolation:0}
execute if entity @s[tag=aj.dino.bone.leg_left_3] run data modify entity @s {} merge value {transformation:[-0.9904969625355449f,-0.08441296643976373f,0.10858277167533986f,0.36111815677654535f,-0.08337348341467225f,0.996418812437746f,0.014085896615250726f,0.04083339393408936f,-0.10938294872219817f,0.004899113898602592f,-0.9939876101903112f,0.15641395360236826f,0f,0f,0f,1f],start_interpolation:0}
execute if entity @s[tag=aj.dino.bone.leg_left_2] run data modify entity @s {} merge value {transformation:[-0.900127261386651f,-0.35338084899544603f,0.3419869710566765f,0.28791808528475465f,-0.41650876542864734f,0.9270653298222044f,-0.1383203602635788f,0.25201009493621673f,-0.26144513981018347f,-0.2602576594561626f,-0.9570656137719759f,0.0657650564581092f,0f,0f,0f,1f],start_interpolation:0}
execute if entity @s[tag=aj.dino.bone.leg_left_1] run data modify entity @s {} merge value {transformation:[-0.9115015985899669f,-0.40909290713782265f,0.042518573558620015f,0.1926784248962763f,-0.04183505769735686f,0.19505749407736833f,0.9798991794831324f,0.25386411399343944f,-0.40916337044681034f,0.891400901577838f,-0.1949096430421644f,0.32641684594398324f,0f,0f,0f,1f],start_interpolation:0}
execute if entity @s[tag=aj.dino.bone.leg_left_0] run data modify entity @s {} merge value {transformation:[-0.9298427416062026f,0.29040111923283707f,0.22596385956735723f,0.18018642596858328f,-0.06979312314767672f,0.46375984240187296f,-0.883207636140383f,0.4997346829301478f,-0.3612774499516321f,-0.837014933274016f,-0.41095572222897747f,-0.010775816873556388f,0f,0f,0f,1f],start_interpolation:0}
execute if entity @s[tag=aj.dino.bone.leg_right_3] run data modify entity @s {} merge value {transformation:[-0.9848784392850123f,0.0692363658574532f,0.1588105332601436f,-0.47823664198215077f,0.06754651721284223f,0.997587495684725f,-0.016020501424538022f,0.049099901140351176f,-0.1595366034611915f,-0.005051148021125551f,-0.9871790911783611f,-0.16264533106618376f,0f,0f,0f,1f],start_interpolation:0}
execute if entity @s[tag=aj.dino.bone.leg_right_2] run data modify entity @s {} merge value {transformation:[-0.8713737054932384f,0.5194053622811439f,0.15161838446992804f,-0.3511264887327583f,0.5081020744522207f,0.8842895806162792f,-0.1092081455365354f,0.25106323907198647f,-0.18601706054291645f,-0.017669373157330078f,-1.0085373795451977f,-0.19764377586654114f,0f,0f,0f,1f],start_interpolation:0}
execute if entity @s[tag=aj.dino.bone.leg_right_1] run data modify entity @s {} merge value {transformation:[-0.9873837869899682f,-0.056210579074120505f,0.14803252341800194f,-0.3939126016395009f,0.13757471641128996f,0.15833838187544313f,0.9777536265488453f,0.24496233003858814f,-0.07839932776307709f,0.9857836109538531f,-0.1486075966466024f,0.0764830435274453f,0f,0f,0f,1f],start_interpolation:0}
execute if entity @s[tag=aj.dino.bone.leg_right_0] run data modify entity @s {} merge value {transformation:[-0.9785082523276082f,0.20564335500609549f,-0.01524502110877575f,-0.19815263844838352f,0.1707833386002853f,0.766761092776308f,-0.6187976065411228f,0.5765337080202353f,-0.11556232683409554f,-0.6081021601230496f,-0.7854025155742568f,-0.08490387254451236f,0f,0f,0f,1f],start_interpolation:0}
execute if entity @s[tag=aj.dino.bone.tail_4] run data modify entity @s {} merge value {transformation:[-0.1749580860741231f,-0.4338155452678533f,2.7215537974475605f,0.9726920254850029f,2.3918418449149073f,1.3307454982609155f,0.36588295857058073f,0.7368503362894299f,-1.368993640829399f,2.3804583220762896f,0.2914376774310486f,-1.2906947191284557f,0f,0f,0f,1f],start_interpolation:0}
execute if entity @s[tag=aj.dino.bone.tail_3] run data modify entity @s {} merge value {transformation:[-0.47843960996084983f,0.36252244638431685f,1.9938953185993706f,0.6310534953712181f,1.7497622653371134f,1.1074906125482928f,0.21849962005501183f,0.6889632100962293f,-1.022434878350346f,1.7256846597885092f,-0.5590929265764106f,-1.212780398741156f,0f,0f,0f,1f],start_interpolation:0}
execute if entity @s[tag=aj.dino.bone.tail_2] run data modify entity @s {} merge value {transformation:[-0.8713157309739942f,0.6686053278223584f,1.6163383580078736f,0.33009453142802103f,1.4339622390622315f,1.3071187648716802f,0.232307353449567f,0.6471491493719942f,-1.0016661464298686f,1.2896438753123545f,-1.073432569362625f,-1.0136654311542665f,0f,0f,0f,1f],start_interpolation:0}
execute if entity @s[tag=aj.dino.bone.tail_1] run data modify entity @s {} merge value {transformation:[-1.0725145204122157f,0.6672205091380173f,0.8319769502159067f,0.14393094291822245f,0.820958341729611f,1.2696764202310478f,0.040067930491098316f,0.6222221746496361f,-0.680732146038016f,0.4799946146519539f,-1.2624837287092459f,-0.7472101042359003f,0f,0f,0f,1f],start_interpolation:0}
execute if entity @s[tag=aj.dino.bone.tail_0] run data modify entity @s {} merge value {transformation:[-1.1744564661821004f,0.43631099653737626f,0.2532201412361243f,0.08046309383165044f,0.44026769669019944f,1.1997352920769928f,-0.02520517367659499f,0.6585394619593476f,-0.24627643183664086f,0.0640598144668127f,-1.2526292252204234f,-0.3796168533789656f,0f,0f,0f,1f],start_interpolation:0}
execute if entity @s[tag=aj.dino.bone.body_1] run data modify entity @s {} merge value {transformation:[-1.1899191015830128f,0.13744677394515775f,0.306276853640941f,1.8557991432579204e-17f,0.24154161050875095f,1.1339062795878982f,0.42955650915824806f,0.4822969560185185f,-0.23314110992479323f,0.4732541901551955f,-1.1181593309630948f,-0.1515375f,0f,0f,0f,1f],start_interpolation:0}