execute if entity @s[tag=aj.dino.bone.head_lower] run data modify entity @s {} merge value {transformation:[-0.9644652027205616f,0.1739943870928178f,-0.1988286347621517f,-0.1254604655166878f,0.13734277412209417f,0.9730388272737722f,0.18529005103925417f,0.3949788869074638f,0.22570741046238113f,0.1513981303645348f,-0.9623589616065771f,0.7936473582247959f,0f,0f,0f,1f],start_interpolation:0}
execute if entity @s[tag=aj.dino.bone.head_upper] run data modify entity @s {} merge value {transformation:[-1.0039114276513315f,0.2707224134515837f,-0.04840622759028745f,-0.12303010590473876f,0.14296003635753196f,0.6702229044235453f,0.7834766295009874f,0.4640837586981476f,0.23493874950553817f,0.7489877007164565f,-0.6835884366632871f,0.7634138248761014f,0f,0f,0f,1f],start_interpolation:0}
execute if entity @s[tag=aj.dino.bone.neck_0] run data modify entity @s {} merge value {transformation:[-0.9939264363409931f,0.10687914031095634f,-0.02621237320208264f,-0.1261387334700774f,0.09729938887742802f,0.9647796985671402f,0.2444032777128346f,0.4641957095564947f,0.05141077772776227f,0.240368430953586f,-0.969319322686976f,0.6968175775646934f,0f,0f,0f,1f],start_interpolation:0}
execute if entity @s[tag=aj.dino.bone.neck_1] run data modify entity @s {} merge value {transformation:[-0.9776077989180784f,0.17777113391809096f,0.11260735073709291f,-0.1157804434985983f,0.19248923008826144f,0.9716668171501673f,0.1371549953493909f,0.48029088539016074f,-0.08503462703263195f,0.15575949535979916f,-0.9841280870957204f,0.6141665764317285f,0f,0f,0f,1f],start_interpolation:0}
execute if entity @s[tag=aj.dino.bone.neck_2] run data modify entity @s {} merge value {transformation:[-0.9603409839423785f,0.12806325854017744f,0.24767922071230802f,-0.09282806682939983f,0.16732679690382257f,0.9752501376036643f,0.1445299697015842f,0.5025011030892682f,-0.22304021520454875f,0.18024142397380694f,-0.9580010915888367f,0.5320031719919529f,0f,0f,0f,1f],start_interpolation:0}
execute if entity @s[tag=aj.dino.bone.body_0] run data modify entity @s {} merge value {transformation:[-0.9859622955664262f,0.13080887719255996f,0.10376603186498506f,-0.042677407067696245f,0.13139713830123811f,0.9913291124444359f,-0.0011759533887205076f,0.5113905296244132f,-0.10302011341300601f,0.012475113937312154f,-0.9946010394950441f,0.06337027288598207f,0f,0f,0f,1f],start_interpolation:0}
execute if entity @s[tag=aj.dino.bone.leg_left_3] run data modify entity @s {} merge value {transformation:[-0.9962814356499191f,-0.056638569493447734f,-0.06492590719483185f,0.3125093894538007f,-0.07521198313402401f,0.9393187993410258f,0.33469889572208134f,0.11899664288402251f,0.0420292585276409f,0.3383375025773366f,-0.9400857810739118f,-0.039420651127021866f,0f,0f,0f,1f],start_interpolation:0}
execute if entity @s[tag=aj.dino.bone.leg_left_2] run data modify entity @s {} merge value {transformation:[-0.9983642919582574f,-0.22638983016532205f,0.063863799143947f,0.2601630855100282f,-0.22169782234414026f,0.9986820025744021f,0.07447504818757772f,0.3537456430488136f,-0.07861943532770814f,0.058686472311707025f,-1.020998081221044f,-0.05741630202029885f,0f,0f,0f,1f],start_interpolation:0}
execute if entity @s[tag=aj.dino.bone.leg_left_1] run data modify entity @s {} merge value {transformation:[-0.9753216284686508f,-0.13320434513421026f,0.17608044604278347f,0.23406112082338315f,0.1769880328289646f,0.005090600849476823f,0.9841998384567658f,0.29940550424467793f,-0.1319960502310307f,0.9910755209469946f,0.018610601899178736f,0.21346969321387704f,0f,0f,0f,1f],start_interpolation:0}
execute if entity @s[tag=aj.dino.bone.leg_left_0] run data modify entity @s {} merge value {transformation:[-0.9865254947329956f,0.16288084950280446f,-0.015403801708129328f,0.18455853322008212f,0.13317304335956687f,0.7447515404860101f,-0.6539190190429287f,0.6605370374583004f,-0.09503888027628238f,-0.647159154929419f,-0.7564077203644016f,0.009899587098541662f,0f,0f,0f,1f],start_interpolation:0}
execute if entity @s[tag=aj.dino.bone.leg_right_3] run data modify entity @s {} merge value {transformation:[-0.9505776765513713f,0.049488848447146225f,0.3065174297190493f,-0.20871815975396885f,0.04388773505486177f,0.9987200260889244f,-0.025143114379355735f,0.026441750225907862f,-0.30736939918272793f,-0.010448127502786508f,-0.9515329153937532f,-0.03810186815512481f,0f,0f,0f,1f],start_interpolation:0}
execute if entity @s[tag=aj.dino.bone.leg_right_2] run data modify entity @s {} merge value {transformation:[-0.9750656678242695f,0.12840408381822938f,0.29124136758006614f,-0.16827399577952978f,0.004031401760263829f,0.9434396926541073f,-0.40245185255539073f,0.2339123536630258f,-0.3182654406795582f,-0.38143955888740716f,-0.8973701419623467f,-0.15425388223952413f,0f,0f,0f,1f],start_interpolation:0}
execute if entity @s[tag=aj.dino.bone.leg_right_1] run data modify entity @s {} merge value {transformation:[-0.9470045736844582f,-0.2209772934090963f,-0.2331338096851417f,-0.2348022658072332f,-0.31317521491378264f,0.47374472438303045f,0.8230961188603387f,0.3127229790818342f,-0.07143964014763615f,0.8524875200944805f,-0.5178430321040726f,0.10338202416325763f,0f,0f,0f,1f],start_interpolation:0}
execute if entity @s[tag=aj.dino.bone.leg_right_0] run data modify entity @s {} merge value {transformation:[-0.9550855669842507f,-0.10641175051387647f,0.27656481896825724f,-0.18804391100543436f,-0.27365779818869607f,0.6747648828849957f,-0.6854223240570101f,0.6652749945494577f,-0.11367923833703025f,-0.7303210884109608f,-0.67357860609831f,-0.11531413769240621f,0f,0f,0f,1f],start_interpolation:0}
execute if entity @s[tag=aj.dino.bone.tail_4] run data modify entity @s {} merge value {transformation:[-2.640266990054402f,0.8001624090165692f,-0.11996529508932542f,-0.19547880882914476f,0.7544567689751386f,2.286804765995582f,-1.351658343505298f,0.6959792194235207f,-0.2923123955234582f,-1.3251133585534078f,-2.4050549644460615f,-1.6985143025899918f,0f,0f,0f,1f],start_interpolation:0}
execute if entity @s[tag=aj.dino.bone.tail_3] run data modify entity @s {} merge value {transformation:[-1.9328907393021866f,0.6047577666907173f,-0.4838873418385181f,-0.11934742680842013f,0.762593367726208f,1.7134065372977594f,-0.9047844602388725f,0.8326302002586458f,0.13538933290437424f,-1.0170799416058716f,-1.811950233026048f,-1.3813215764073468f,0f,0f,0f,1f],start_interpolation:0}
execute if entity @s[tag=aj.dino.bone.tail_2] run data modify entity @s {} merge value {transformation:[-1.7255885260837684f,0.48337293122587394f,-0.779402798948612f,0.024380893376024268f,0.6297009749880093f,1.8318433017342461f,-0.25807106578092637f,0.8815065693671478f,0.6667794206107254f,-0.4790350741357665f,-1.7733314628124497f,-1.0512840717372443f,0f,0f,0f,1f],start_interpolation:0}
execute if entity @s[tag=aj.dino.bone.tail_1] run data modify entity @s {} merge value {transformation:[-1.411746966486454f,0.18481688413843111f,-0.5103620988608549f,0.1332946708290887f,0.15451562055679796f,1.5001221728416794f,0.11582158500342855f,0.8380979927665857f,0.5203380397590043f,0.055968168507827f,-1.419074394982038f,-0.7470963639690873f,0f,0f,0f,1f],start_interpolation:0}
execute if entity @s[tag=aj.dino.bone.tail_0] run data modify entity @s {} merge value {transformation:[-1.2646613850426458f,0.15810433622319714f,0.09731555185820498f,0.10867214402348155f,0.17568929787028328f,1.2357455109551245f,0.2755032111466812f,0.7874102916459205f,-0.060004736312158115f,0.28595763253619955f,-1.2443726855723038f,-0.3765610762708836f,0f,0f,0f,1f],start_interpolation:0}
execute if entity @s[tag=aj.dino.bone.body_1] run data modify entity @s {} merge value {transformation:[-1.1718767829690129f,-0.12821045755696922f,0.3726546379256263f,0.030671044927007875f,0.01490141033661636f,1.1538578970505886f,0.4438406205387507f,0.606503046875f,-0.3938113108640061f,0.42518069928358226f,-1.0921257342671433f,-0.1512960786876647f,0f,0f,0f,1f],start_interpolation:0}