execute if entity @s[tag=aj.dino.bone.head_lower] run data modify entity @s {} merge value {transformation:[-0.9813297383976252f,0.12049309897490781f,-0.14991116581453096f,-0.11934406212088507f,0.08448167070026155f,0.9702616402247274f,0.22683737968887402f,0.3973233651125641f,0.1727853924732681f,0.2099375207242501f,-0.9623260598882345f,0.7939771571576226f,0f,0f,0f,1f],start_interpolation:0}
execute if entity @s[tag=aj.dino.bone.head_upper] run data modify entity @s {} merge value {transformation:[-1.0214657158106972f,0.19421909148805439f,-0.04856622806438865f,-0.118648043745551f,0.08793693583120614f,0.6621211086286746f,0.7983324341453631f,0.46725335251040856f,0.17985224303151126f,0.7793244026677192f,-0.6661670876489203f,0.7656087079092873f,0f,0f,0f,1f],start_interpolation:0}
execute if entity @s[tag=aj.dino.bone.neck_0] run data modify entity @s {} merge value {transformation:[-0.9943702657885571f,0.10272036541934768f,-0.02600578865772034f,-0.12167566504032118f,0.09384299786011849f,0.9676867850989903f,0.2340422562218339f,0.46664926967338055f,0.049206364102828554f,0.23028419935570152f,-0.9718785527311956f,0.6990113742725841f,0f,0f,0f,1f],start_interpolation:0}
execute if entity @s[tag=aj.dino.bone.neck_1] run data modify entity @s {} merge value {transformation:[-0.979837815421853f,0.16935110846881685f,0.10600970488457134f,-0.1119150722713941f,0.18334470286630822f,0.9729876268229484f,0.14028470330122322f,0.48301565765304494f,-0.07938876117055897f,0.15689257506278023f,-0.984419699360986f,0.6163408897098969f,0f,0f,0f,1f],start_interpolation:0}
execute if entity @s[tag=aj.dino.bone.neck_2] run data modify entity @s {} merge value {transformation:[-0.9642700587873603f,0.12238683251781698f,0.23495684061647734f,-0.09013284727496629f,0.16119644597828767f,0.974872103453276f,0.1537533339884186f,0.5060302100483076f,-0.21023548589662483f,0.18613394406942824f,-0.9597683029434599f,0.5340803557559324f,0f,0f,0f,1f],start_interpolation:0}
execute if entity @s[tag=aj.dino.bone.body_0] run data modify entity @s {} merge value {transformation:[-0.9867350884017012f,0.12663287489024927f,0.10157745967446402f,-0.041053435021441945f,0.12752055876725174f,0.9918333360998802f,0.00226726546087902f,0.5165472160757959f,-0.10046080035802421f,0.015190404800816293f,-0.9948250495405776f,0.06536774809512771f,0f,0f,0f,1f],start_interpolation:0}
execute if entity @s[tag=aj.dino.bone.leg_left_3] run data modify entity @s {} merge value {transformation:[-0.9965987554569402f,-0.05076416223586253f,-0.06491471677646707f,0.30400133712855226f,-0.06891312182519094f,0.9453425709012664f,0.3187136728822451f,0.11146895331409393f,0.0451874126498109f,0.3221031255270204f,-0.9456255465371803f,-0.04659309192642159f,0f,0f,0f,1f],start_interpolation:0}
execute if entity @s[tag=aj.dino.bone.leg_left_2] run data modify entity @s {} merge value {transformation:[-1.0028719816044762f,-0.20842754101832442f,0.05355322733934911f,0.2555163807218713f,-0.20587300351759047f,1.0035575009139577f,0.05050592324344309f,0.3466382220215671f,-0.06266015030345476f,0.038632913494597465f,-1.0230559139458422f,-0.06930203562378828f,0f,0f,0f,1f],start_interpolation:0}
execute if entity @s[tag=aj.dino.bone.leg_left_1] run data modify entity @s {} merge value {transformation:[-0.973554123477205f,-0.12184426643955093f,0.19325202041980996f,0.23155467753595715f,0.19105529285787384f,0.029573773447154117f,0.9811336641839827f,0.29883185622283825f,-0.12526070306174647f,0.9921085458052987f,-0.0055126770785963175f,0.20300986978857877f,0f,0f,0f,1f],start_interpolation:0}
execute if entity @s[tag=aj.dino.bone.leg_left_0] run data modify entity @s {} merge value {transformation:[-0.9851634278854746f,0.16971611967552985f,-0.025484487030786096f,0.18571484511228353f,0.1466549565505125f,0.7554006299974187f,-0.6386409099945523f,0.6644684523918024f,-0.08913665955210798f,-0.6329030944163441f,-0.7690827842320407f,0.006755270174209543f,0f,0f,0f,1f],start_interpolation:0}
execute if entity @s[tag=aj.dino.bone.leg_right_3] run data modify entity @s {} merge value {transformation:[-0.951595064639904f,0.04811823397591465f,0.3035646035229011f,-0.20599148905744163f,0.04286441303409079f,0.9987937720855193f,-0.023950844211064026f,0.0266207958381261f,-0.30435090774995205f,-0.009779386597272177f,-0.9525097839652679f,-0.04016865562126412f,0f,0f,0f,1f],start_interpolation:0}
execute if entity @s[tag=aj.dino.bone.leg_right_2] run data modify entity @s {} merge value {transformation:[-0.976006410912468f,0.12487671016690537f,0.2896195653203489f,-0.16641821226530573f,0.001109438177265173f,0.9432311874670538f,-0.4029589254962806f,0.23403165926461017f,-0.315392540345183f,-0.38312260928856307f,-0.8976674279749878f,-0.15672663073506315f,0f,0f,0f,1f],start_interpolation:0}
execute if entity @s[tag=aj.dino.bone.leg_right_1] run data modify entity @s {} merge value {transformation:[-0.9464104458356047f,-0.21966982462178747f,-0.23675395701843094f,-0.23238745241545197f,-0.31568091235661144f,0.4743676509839861f,0.8217791024804856f,0.31303146145378313f,-0.06821165286774153f,0.8524790319125557f,-0.5182920707115655f,0.1009950724019631f,0f,0f,0f,1f],start_interpolation:0}
execute if entity @s[tag=aj.dino.bone.leg_right_0] run data modify entity @s {} merge value {transformation:[-0.9550261763347997f,-0.11562649275463932f,0.27304856104472225f,-0.18896776520979575f,-0.27548398570579563f,0.686647377370594f,-0.6727733294132088f,0.6694315643122193f,-0.1096976578372621f,-0.7177366462173617f,-0.687619466377787f,-0.11207997543309463f,0f,0f,0f,1f],start_interpolation:0}
execute if entity @s[tag=aj.dino.bone.tail_4] run data modify entity @s {} merge value {transformation:[-2.6448949105329387f,0.7931032682697062f,-0.03434311716876978f,-0.16251446971244932f,0.7197583883543679f,2.345412247855771f,-1.2675372111309646f,0.683230116551053f,-0.3348732689100174f,-1.2229840248621608f,-2.453126841462028f,-1.7160517735927805f,0f,0f,0f,1f],start_interpolation:0}
execute if entity @s[tag=aj.dino.bone.tail_3] run data modify entity @s {} merge value {transformation:[-1.9515589279885999f,0.5998508514127169f,-0.4093192307867654f,-0.09897906570838137f,0.7204672957553566f,1.746452926428388f,-0.8756566550658584f,0.8146187131602906f,0.09105027391169535f,-0.9623027890812758f,-1.844350486158053f,-1.393901199243051f,0f,0f,0f,1f],start_interpolation:0}
execute if entity @s[tag=aj.dino.bone.tail_2] run data modify entity @s {} merge value {transformation:[-1.7602656524858278f,0.46875230368538645f,-0.7074673034643101f,0.031347482134102475f,0.6049788228422533f,1.835541244251749f,-0.28907237772903793f,0.8692407577132605f,0.595180083330937f,-0.4794095258160409f,-1.7985274671146376f,-1.0592328452783315f,0f,0f,0f,1f],start_interpolation:0}
execute if entity @s[tag=aj.dino.bone.tail_1] run data modify entity @s {} merge value {transformation:[-1.4293347282008997f,0.17765146204630225f,-0.4616258688501667f,0.12987815937631447f,0.15946089246428005f,1.5017132233625738f,0.08417760125166324f,0.832617439840574f,0.4682207903685564f,0.03088046001600236f,-1.4378706265362835f,-0.7506439355148482f,0f,0f,0f,1f],start_interpolation:0}
execute if entity @s[tag=aj.dino.bone.tail_0] run data modify entity @s {} merge value {transformation:[-1.2653917416605232f,0.14891895773061448f,0.10218904417697014f,0.10360982529932242f,0.16662664787521045f,1.241607802807676f,0.2539317640804178f,0.7883748844649057f,-0.06967795160053095f,0.26470535434620474f,-1.248563885039621f,-0.3793967372500913f,0f,0f,0f,1f],start_interpolation:0}
execute if entity @s[tag=aj.dino.bone.body_1] run data modify entity @s {} merge value {transformation:[-1.1784191403557127f,-0.11711818066367148f,0.35526927316837376f,0.028903436413697105f,0.015609547712180644f,1.157790376290032f,0.4334540133009006f,0.6096175f,-0.3737502732036113f,0.417623480403662f,-1.1020462589891626f,-0.1513163243120951f,0f,0f,0f,1f],start_interpolation:0}