execute if entity @s[tag=aj.dino.bone.head_lower] run data modify entity @s {} merge value {transformation:[0.49635007997904046f,0.0944709699170348f,0.8629668788242886f,-0.910560423203273f,0.07375653641474664f,0.9858779116901323f,-0.15034865006910902f,0.5611643172639914f,-0.8649835671507871f,0.1382750125092669f,0.4823727287841445f,0.5331602025851959f,0f,0f,0f,1f],start_interpolation:0}
execute if entity @s[tag=aj.dino.bone.head_upper] run data modify entity @s {} merge value {transformation:[0.5166505914376499f,-0.6282268224640004f,0.6495191825399914f,-0.8797305660508544f,0.07677314802221961f,0.7760002845944798f,0.6894935711343154f,0.6261449014197692f,-0.9003610346374347f,-0.29432390393846447f,0.43150363783001494f,0.5560184632918248f,0f,0f,0f,1f],start_interpolation:0}
execute if entity @s[tag=aj.dino.bone.neck_0] run data modify entity @s {} merge value {transformation:[0.1304087586735012f,-0.03620374809151351f,0.9907990938052792f,-0.8151181225136975f,0.09110389300029058f,0.9955427682048757f,0.024386007364147137f,0.6115327826636175f,-0.9872657374493596f,0.08708550567745979f,0.13312579900031785f,0.5635320762650035f,0f,0f,0f,1f],start_interpolation:0}
execute if entity @s[tag=aj.dino.bone.neck_1] run data modify entity @s {} merge value {transformation:[-0.08154382663587642f,0.08058726505655439f,0.9934064108149707f,-0.7305923056018202f,0.1981198803384654f,0.9781454881507987f,-0.0630865835571035f,0.6106947150206464f,-0.9767799738693714f,0.19166923780549627f,-0.09572766542024211f,0.5563056827982155f,0f,0f,0f,1f],start_interpolation:0}
execute if entity @s[tag=aj.dino.bone.neck_2] run data modify entity @s {} merge value {transformation:[-0.2547062418132854f,0.16352854093861927f,0.9530913632385083f,-0.6454933073757754f,0.26554448277202736f,0.9595374343823995f,-0.09366984407042958f,0.6118830053497465f,-0.9298445343446873f,0.22922985913124064f,-0.2878242756127128f,0.5333344211620316f,0f,0f,0f,1f],start_interpolation:0}
execute if entity @s[tag=aj.dino.bone.body_0] run data modify entity @s {} merge value {transformation:[-0.6072742782351165f,0.4400074866734885f,0.6615220046720274f,-0.32952884596144305f,0.39746404217905734f,0.8892043465898171f,-0.2265788277409452f,0.5135680364127443f,-0.6879246224468947f,0.125335715887596f,-0.714878082021152f,0.19760904126174444f,0f,0f,0f,1f],start_interpolation:0}
execute if entity @s[tag=aj.dino.bone.leg_left_3] run data modify entity @s {} merge value {transformation:[-0.9113418976636083f,-0.4078096452530545f,-0.056100256697013795f,0.15550918618274f,-0.25163359786073486f,0.44403259001667506f,0.859950923850161f,0.15548725428641272f,-0.32578593890859536f,0.7978260162727595f,-0.5072841114876198f,0.15247939469537458f,0f,0f,0f,1f],start_interpolation:0}
execute if entity @s[tag=aj.dino.bone.leg_left_2] run data modify entity @s {} merge value {transformation:[-0.93611495894309f,-0.4128730621206083f,0.07271050624788156f,0.06006388677014755f,-0.2521196403545884f,0.6965717525193647f,0.7094263034595408f,0.33939043587843f,-0.33494278629512825f,0.6295917944731713f,-0.7372175403105944f,0.2759333808051383f,0f,0f,0f,1f],start_interpolation:0}
execute if entity @s[tag=aj.dino.bone.leg_left_1] run data modify entity @s {} merge value {transformation:[-0.9139284154176012f,-0.39997577384447486f,-0.06895093784558523f,-0.026738676964849516f,-0.019603606595353474f,-0.12618304522159507f,0.9918132574769605f,0.2528988079126239f,-0.40540171447679757f,0.9077980058559935f,0.10748130285382085f,0.5249271535799248f,0f,0f,0f,1f],start_interpolation:0}
execute if entity @s[tag=aj.dino.bone.leg_left_0] run data modify entity @s {} merge value {transformation:[-0.9297899458106513f,0.24860165153878513f,0.27145510774640835f,-0.05933963844987816f,-0.057202769934186874f,0.6309207338961859f,-0.773735659415898f,0.5569544236626147f,-0.3636186185844755f,-0.7349396209159542f,-0.5724030519019191f,0.2406831766769856f,0f,0f,0f,1f],start_interpolation:0}
execute if entity @s[tag=aj.dino.bone.leg_right_3] run data modify entity @s {} merge value {transformation:[-0.5998309384905838f,-0.10851211115105966f,0.7927344870529133f,-0.1465232355921088f,-0.044116214275841156f,0.9937392519206019f,0.1026453059338373f,0.014793086008998368f,-0.7989096349822511f,0.02659738569527123f,-0.6008626916415288f,-0.3493096643884144f,0f,0f,0f,1f],start_interpolation:0}
execute if entity @s[tag=aj.dino.bone.leg_right_2] run data modify entity @s {} merge value {transformation:[-0.6946950102723076f,-0.19982520730870867f,0.7276887581428507f,-0.16953562448790419f,0.17855939785370556f,0.9174715471436241f,0.42240348142587747f,0.24143151794475542f,-0.7331968246259492f,0.4127687563353249f,-0.5866059747841887f,-0.2700851530738879f,0f,0f,0f,1f],start_interpolation:0}
execute if entity @s[tag=aj.dino.bone.leg_right_1] run data modify entity @s {} merge value {transformation:[-0.7250342688797531f,-0.6787119801692817f,-0.11694168172509896f,-0.3621578220942833f,-0.21535176204777237f,0.06213382772178305f,0.9745578515591364f,0.20233557846386163f,-0.6541780549154195f,0.731771436602531f,-0.1912109752073512f,-0.07417297334745812f,0f,0f,0f,1f],start_interpolation:0}
execute if entity @s[tag=aj.dino.bone.leg_right_0] run data modify entity @s {} merge value {transformation:[-0.7228427575843721f,0.06890296980166252f,0.6875687082469152f,-0.30702767354451116f,-0.15986202033249622f,0.9513487147576296f,-0.26340037468503924f,0.6158964957905643f,-0.6722666749609363f,-0.30031317600384716f,-0.6766605604403503f,-0.05883305987868663f,0f,0f,0f,1f],start_interpolation:0}
execute if entity @s[tag=aj.dino.bone.tail_4] run data modify entity @s {} merge value {transformation:[-0.025118854088989964f,0.8965512001402969f,-2.6117477520419627f,-0.27366598384329266f,2.761218369853195f,-0.01693228682336889f,-0.03236886232473859f,0.014612612713855722f,-0.026523362428673314f,-2.611813656214762f,-0.8963187312867857f,-1.3020506563737086f,0f,0f,0f,1f],start_interpolation:0}
execute if entity @s[tag=aj.dino.bone.tail_3] run data modify entity @s {} merge value {transformation:[-0.5353773209616625f,1.4725325902277195f,-1.3714825631270702f,-0.05552311050600604f,2.008552605599584f,0.30457286639911546f,-0.4570528696299751f,0.08913140480620191f,-0.12260946449390207f,-1.4404265568973351f,-1.4986940246247231f,-1.0338318280412893f,0f,0f,0f,1f],start_interpolation:0}
execute if entity @s[tag=aj.dino.bone.tail_2] run data modify entity @s {} merge value {transformation:[-0.9289157437696046f,1.417632564948605f,-0.9727318884343091f,0.12495607063995011f,1.605373704795076f,0.3194749802456364f,-1.0674665708828361f,0.28883421439356033f,-0.6153573627838316f,-1.306532633651783f,-1.3164655970717347f,-0.7898696650222239f,0f,0f,0f,1f],start_interpolation:0}
execute if entity @s[tag=aj.dino.bone.tail_1] run data modify entity @s {} merge value {transformation:[-1.0306345896391005f,1.1040534001715785f,-0.0807135813170249f,0.12981345987684267f,1.0895003248301296f,0.9921114523330137f,-0.34111604820753016f,0.34907016653508366f,-0.19605518313598908f,-0.2905808075548964f,-1.4713196149872596f,-0.4695187436278356f,0f,0f,0f,1f],start_interpolation:0}
execute if entity @s[tag=aj.dino.bone.tail_0] run data modify entity @s {} merge value {transformation:[-0.9568414215511107f,0.8216039935788971f,0.20798338472888794f,0.08886264879957517f,0.6814025031325134f,0.932295782330717f,-0.5480428081428764f,0.5317189707412078f,-0.5039651171587399f,-0.2993779694092265f,-1.1358819079039921f,-0.14481217348339254f,0f,0f,0f,1f],start_interpolation:0}
execute if entity @s[tag=aj.dino.bone.body_1] run data modify entity @s {} merge value {transformation:[-0.7790068536719947f,0.24470314507025764f,0.9283713092190179f,-0.1434531695382279f,0.18537947599995566f,1.2113740039764516f,-0.1637439080524591f,0.48819250000000003f,-0.9420124027136219f,0.03602760523591225f,-0.7999495233143927f,0.03873817029695262f,0f,0f,0f,1f],start_interpolation:0}