execute if entity @s[tag=aj.dino.bone.head_lower] run data modify entity @s {} merge value {transformation:[-0.9879368096110086f,-0.03831682223805998f,0.15004226520950134f,0.03651494541138533f,0.1100901236213367f,0.5076313071631726f,0.8545119195592579f,0.7067405951173473f,-0.10890833254007812f,0.8607219511092915f,-0.49728935036048577f,0.9509787394348763f,0f,0f,0f,1f],start_interpolation:0}
execute if entity @s[tag=aj.dino.bone.head_upper] run data modify entity @s {} merge value {transformation:[-1.0283430134837617f,-0.023040273513725163f,0.15953599906934995f,0.04667634655273816f,0.11459276380656454f,0.6200316130122001f,0.8281915478512019f,0.777792157382429f,-0.11336263796249543f,0.8357642533905175f,-0.610015547057845f,0.9276575491064948f,0f,0f,0f,1f],start_interpolation:0}
execute if entity @s[tag=aj.dino.bone.neck_0] run data modify entity @s {} merge value {transformation:[-0.9897990564339906f,0.058756044104305266f,-0.1297904278581223f,0.03764996218709439f,0.019334447883268494f,0.9579675693632754f,0.2862242393181738f,0.78074409608376f,0.14115242473096484f,0.2807950557424952f,-0.9493314119226954f,0.8616685598925045f,0f,0f,0f,1f],start_interpolation:0}
execute if entity @s[tag=aj.dino.bone.neck_1] run data modify entity @s {} merge value {transformation:[-0.9773754605069176f,0.11774963891091575f,-0.17570495649024673f,0.023307904112574294f,0.09019348721483932f,0.9834182083851128f,0.1573332840839517f,0.7986027750037785f,0.19131739090557648f,0.13792624823783098f,-0.9717890748429513f,0.7799806795065499f,0f,0f,0f,1f],start_interpolation:0}
execute if entity @s[tag=aj.dino.bone.neck_2] run data modify entity @s {} merge value {transformation:[-0.9710530606963211f,0.103564788315933f,-0.215244716389004f,0.005464816627130303f,0.11772372768941562f,0.9915770112961351f,-0.054001431535958155f,0.8035800032667133f,0.20783906574851396f,-0.07777766575373968f,-0.9750659246731395f,0.6937960995519776f,0f,0f,0f,1f],start_interpolation:0}
execute if entity @s[tag=aj.dino.bone.body_0] run data modify entity @s {} merge value {transformation:[-0.9636965779173318f,0.048795056100632304f,-0.2625032346668517f,-0.11778713958104826f,0.13510026470003908f,0.9371258758487194f,-0.3217809989616383f,0.6608531205096432f,0.23029725180384472f,-0.34556350402625946f,-0.9096972246284419f,0.26176728461895515f,0f,0f,0f,1f],start_interpolation:0}
execute if entity @s[tag=aj.dino.bone.leg_left_3] run data modify entity @s {} merge value {transformation:[-0.8595417840680246f,0.01976353679891013f,-0.5106831934324406f,0.0842494475269431f,0.043878955094009756f,0.9984160260620636f,-0.035214715706569935f,0.018370147882255078f,0.5091783172337716f,-0.052676764475760904f,-0.8590474956271917f,0.025034580585939787f,0f,0f,0f,1f],start_interpolation:0}
execute if entity @s[tag=aj.dino.bone.leg_left_2] run data modify entity @s {} merge value {transformation:[-0.8830184483880552f,0.0996939151070104f,-0.5122516399170256f,0.09028718862665054f,0.04633032010247119f,1.0178110970845031f,0.11822128231218325f,0.259345879822827f,0.519802001483496f,0.0786377354898436f,-0.8807293485012723f,0.016952850317355578f,0f,0f,0f,1f],start_interpolation:0}
execute if entity @s[tag=aj.dino.bone.leg_left_1] run data modify entity @s {} merge value {transformation:[-0.9367221880956078f,0.3437483716228662f,-0.06624650433045168f,0.20584175305255764f,0.16293805902946332f,0.5955987245662057f,0.7865833383785983f,0.37618899696538177f,0.30984307519950766f,0.7260159890124578f,-0.6139202329693778f,0.24057801499368567f,0f,0f,0f,1f],start_interpolation:0}
execute if entity @s[tag=aj.dino.bone.leg_left_0] run data modify entity @s {} merge value {transformation:[-0.9281071062657442f,-0.1795607225245135f,-0.3261520293137864f,0.05397495745428618f,0.12287050457925411f,0.6792153456838319f,-0.7235809238032969f,0.7160618704719691f,0.35145417681892155f,-0.7116350617515044f,-0.6083218724347059f,0.0515537181069066f,0f,0f,0f,1f],start_interpolation:0}
execute if entity @s[tag=aj.dino.bone.leg_right_3] run data modify entity @s {} merge value {transformation:[-0.9803169357375073f,0.06416280036482598f,-0.18671325757847823f,-0.5116497040385575f,0.07113541199071806f,0.9969885606652978f,-0.030879816441313827f,0.13870588389430916f,0.1841696464326695f,-0.04355393153185961f,-0.9819290179951826f,-0.1604911787471127f,0f,0f,0f,1f],start_interpolation:0}
execute if entity @s[tag=aj.dino.bone.leg_right_2] run data modify entity @s {} merge value {transformation:[-0.9912372699898127f,0.17818823053883956f,-0.1943188837485303f,-0.47458182612919175f,0.19022708556022633f,1.0068038397473367f,-0.047136861265647506f,0.37163854281143854f,0.18255007533030448f,-0.08159155757890581f,-1.0060221107060434f,-0.21088384590324055f,0f,0f,0f,1f],start_interpolation:0}
execute if entity @s[tag=aj.dino.bone.leg_right_1] run data modify entity @s {} merge value {transformation:[-0.9392793929971159f,0.25709924096520975f,-0.22727560842748235f,-0.4113884868839206f,-0.19699865104076553f,0.13830048396528888f,0.9706000760473317f,0.35381012287178454f,0.28097286947157013f,0.9564376385473754f,-0.07925459097637283f,0.05874948841811713f,0f,0f,0f,1f],start_interpolation:0}
execute if entity @s[tag=aj.dino.bone.leg_right_0] run data modify entity @s {} merge value {transformation:[-0.9486138401893204f,-0.1364447818440798f,-0.28550762460710555f,-0.3314183704739807f,-0.13942754693019654f,0.9901822318574779f,-0.009955243380832743f,0.759610292214562f,0.28406291795709326f,0.030363946075325096f,-0.9583247306735f,0.11565538975714207f,0f,0f,0f,1f],start_interpolation:0}
execute if entity @s[tag=aj.dino.bone.tail_4] run data modify entity @s {} merge value {transformation:[-2.675887907232151f,0.6817042171418057f,0.023761310145258018f,-0.47279938578721864f,0.2798406307819955f,1.009396642597721f,2.5550868812774223f,1.4872187974986244f,0.62207271350886f,2.478317798395421f,-1.0471999622155255f,-1.2550344493278918f,0f,0f,0f,1f],start_interpolation:0}
execute if entity @s[tag=aj.dino.bone.tail_3] run data modify entity @s {} merge value {transformation:[-2.0176248660703866f,0.5120942137854939f,-0.053804665841513506f,-0.4686873466735533f,0.20595127837524824f,1.0019996424705375f,1.8137051341022774f,1.1698760775103267f,0.4719316653865271f,1.7520564370877945f,-1.0215303571158163f,-1.098965898237282f,0f,0f,0f,1f],start_interpolation:0}
execute if entity @s[tag=aj.dino.bone.tail_2] run data modify entity @s {} merge value {transformation:[-1.8934789631723308f,0.4649544184236887f,-0.13163844352962392f,-0.44550553383926095f,0.19327894872821064f,1.2166037542580965f,1.5170011298962174f,0.8883012943269714f,0.44289337204922163f,1.4568687548698995f,-1.2248072367035865f,-0.8706027466604507f,0f,0f,0f,1f],start_interpolation:0}
execute if entity @s[tag=aj.dino.bone.tail_1] run data modify entity @s {} merge value {transformation:[-1.40599212256546f,0.2864620420953519f,-0.47831150908423103f,-0.3447366907837719f,0.006893773287976889f,1.3064189808434934f,0.7621536409292438f,0.7083181256143498f,0.5574898000625012f,0.7063038970092189f,-1.2157286612957119f,-0.6181579482425581f,0f,0f,0f,1f],start_interpolation:0}
execute if entity @s[tag=aj.dino.bone.tail_0] run data modify entity @s {} merge value {transformation:[-1.1695364891293192f,0.2205356693245234f,-0.46624471657561806f,-0.203167229514332f,0.1709597949800945f,1.2559113206245844f,0.16521265027655888f,0.6903465266806241f,0.48661367189944216f,0.08880591121442842f,-1.1786247753368944f,-0.2715933502692118f,0f,0f,0f,1f],start_interpolation:0}
execute if entity @s[tag=aj.dino.bone.body_1] run data modify entity @s {} merge value {transformation:[-1.21210555730265f,0.11128293566826754f,-0.21684284918192331f,-0.16025f,0.13696470639414215f,1.2208633199780212f,-0.13906120303974337f,0.6404425f,0.20160699941879134f,-0.1603541618341929f,-1.2092335405636312f,0.020337499999999988f,0f,0f,0f,1f],start_interpolation:0}