execute if entity @s[tag=aj.dino.bone.head_lower] run data modify entity @s {} merge value {transformation:[0.4141080292795895f,-0.04375499816676154f,-0.9091754727342797f,-0.335833030516771f,0.2876495117766339f,0.953946749132653f,0.08510792086467273f,0.2179674680080462f,0.8635810896845986f,-0.29676775423665874f,0.4076231121814506f,-0.6849037270279031f,0f,0f,0f,1f],start_interpolation:0}
execute if entity @s[tag=aj.dino.bone.head_upper] run data modify entity @s {} merge value {transformation:[0.43104487513211254f,0.5424835869361538f,-0.7767778421857389f,-0.37706691431165285f,0.299414256954335f,0.7316601955760538f,0.6771236249944329f,0.2811687698551497f,0.8989011964272448f,-0.5038420969887315f,0.14694122276329705f,-0.6858085827171474f,0f,0f,0f,1f],start_interpolation:0}
execute if entity @s[tag=aj.dino.bone.neck_0] run data modify entity @s {} merge value {transformation:[0.7287580971771078f,0.028750276250072388f,-0.6841674191412109f,-0.4220086132976915f,0.21898220780759803f,0.9368687631155491f,0.27262375788263793f,0.2835192379291931f,0.6488130920862423f,-0.3484972629933925f,0.6764548981444392f,-0.6366206243698234f,0f,0f,0f,1f],start_interpolation:0}
execute if entity @s[tag=aj.dino.bone.neck_1] run data modify entity @s {} merge value {transformation:[0.9307680625015934f,-0.1285122683649593f,-0.34227972581898924f,-0.4515962384522851f,0.2288331830001148f,0.9349114168298648f,0.2712489945404608f,0.31080460794323156f,0.28514239983745965f,-0.3307948602394959f,0.8995935594778715f,-0.5619371732883454f,0f,0f,0f,1f],start_interpolation:0}
execute if entity @s[tag=aj.dino.bone.neck_2] run data modify entity @s {} merge value {transformation:[0.9823931051637073f,-0.10335146692673075f,-0.15563502565586515f,-0.4662429094183108f,0.15920065418264967f,0.8990523927904255f,0.40787246379919667f,0.3553395796486835f,0.09776982476523777f,-0.4254682941206118f,0.8996764930037193f,-0.48728436544464665f,0f,0f,0f,1f],start_interpolation:0}
execute if entity @s[tag=aj.dino.bone.body_0] run data modify entity @s {} merge value {transformation:[0.9511093934633541f,-0.1460436016612734f,0.27214369013367495f,-0.33937385665747355f,0.07438933847422816f,0.9635216961015564f,0.2570839696732314f,0.4856810390482786f,-0.2997618187613914f,-0.224270389386079f,0.9272786228839093f,-0.0523978835711852f,0f,0f,0f,1f],start_interpolation:0}
execute if entity @s[tag=aj.dino.bone.leg_left_3] run data modify entity @s {} merge value {transformation:[-0.190827909150245f,-0.4784369387605595f,0.8571363979663744f,0.0027289551992941696f,-0.23292943607405717f,0.8703132791751781f,0.43393395108192523f,0.19010345059260728f,-0.9535872203944258f,-0.11684558922258759f,-0.277522109713188f,0.33788628737138626f,0f,0f,0f,1f],start_interpolation:0}
execute if entity @s[tag=aj.dino.bone.leg_left_2] run data modify entity @s {} merge value {transformation:[-0.16848657716401555f,-0.8155175344453347f,0.5988368925078442f,-0.16912164217106185f,-0.2908051348710973f,0.6205003690228548f,0.7631997543735185f,0.3578763277977322f,-0.9690752531918515f,-0.044414440843021076f,-0.33314067688657384f,0.3157344042960917f,0f,0f,0f,1f],start_interpolation:0}
execute if entity @s[tag=aj.dino.bone.leg_left_1] run data modify entity @s {} merge value {transformation:[-0.1611828217575266f,-0.9106409146782065f,-0.3804644825529986f,-0.39312585511318066f,-0.046479331106288005f,-0.3780731875606961f,0.9246082070950956f,0.20705357042961875f,-0.9858294831004971f,0.1667146944985184f,0.018612922609634347f,0.3796718276397542f,0f,0f,0f,1f],start_interpolation:0}
execute if entity @s[tag=aj.dino.bone.leg_left_0] run data modify entity @s {} merge value {transformation:[-0.19695007432881245f,0.618309471604807f,0.7608574541565979f,-0.235196506617121f,-0.09161916920816209f,0.7610544172264854f,-0.6421854108072379f,0.5474930988381637f,-0.9761232483941161f,-0.1961875922270292f,-0.0932407239390573f,0.19673323973378298f,0f,0f,0f,1f],start_interpolation:0}
execute if entity @s[tag=aj.dino.bone.leg_right_3] run data modify entity @s {} merge value {transformation:[0.3249770397244215f,-0.17741524452159113f,0.9289315123642301f,0.03244951716922245f,0.019757020030804952f,0.983305200394321f,0.18088820590902605f,0.07019608714041015f,-0.9455155122003309f,-0.0404315951803509f,0.32305680970955886f,-0.20035022155491863f,0f,0f,0f,1f],start_interpolation:0}
execute if entity @s[tag=aj.dino.bone.leg_right_2] run data modify entity @s {} merge value {transformation:[0.2598925049232587f,-0.4387347877321157f,0.8899606010487564f,-0.042718347601867324f,0.12228237569521806f,0.9271318930423501f,0.42134982259250564f,0.29914107585168137f,-0.9846649714393936f,-0.0006621465529512682f,0.28722230951459005f,-0.1901005232292778f,0f,0f,0f,1f],start_interpolation:0}
execute if entity @s[tag=aj.dino.bone.leg_right_1] run data modify entity @s {} merge value {transformation:[0.1806948185412887f,-0.9792367689802906f,0.09189522745698941f,-0.31002150459648603f,-0.27081538592103993f,0.040285240288517876f,0.9617879839982064f,0.25368223108775406f,-0.9455201792139439f,-0.19867674673181412f,-0.2579130493156436f,-0.24922667102536727f,0f,0f,0f,1f],start_interpolation:0}
execute if entity @s[tag=aj.dino.bone.leg_right_0] run data modify entity @s {} merge value {transformation:[0.2189997436450853f,0.6627534457437619f,0.7160984446555915f,-0.1335621833879148f,-0.22792155945507991f,0.7483580276881101f,-0.6229061126127485f,0.6247220869005016f,-0.9487311921819326f,-0.026797995252111073f,0.31494601510658377f,-0.17507269661051278f,0f,0f,0f,1f],start_interpolation:0}
execute if entity @s[tag=aj.dino.bone.tail_4] run data modify entity @s {} merge value {transformation:[0.1170984599669538f,0.7113166930719103f,-2.6657040054046903f,0.11685816261482207f,2.720031160871935f,-0.4764799626790897f,-0.00765902415508066f,0.008881929053929816f,-0.46193047762519723f,-2.6253869693671015f,-0.7208500721498067f,-0.8327207204547855f,0f,0f,0f,1f],start_interpolation:0}
execute if entity @s[tag=aj.dino.bone.tail_3] run data modify entity @s {} merge value {transformation:[0.0982771584134047f,1.3759796997873002f,-1.5597970996100363f,0.36787706817337695f,2.0239517317187583f,-0.4232362705307572f,-0.245837289735099f,0.05470854786511564f,-0.4794856763775848f,-1.504492090748539f,-1.3574028735302803f,-0.5878327185124992f,0f,0f,0f,1f],start_interpolation:0}
execute if entity @s[tag=aj.dino.bone.tail_2] run data modify entity @s {} merge value {transformation:[-0.2584933780713462f,1.7052937751160524f,-0.9186556422547476f,0.5388677835453821f,1.6998049020484334f,-0.24468668403080585f,-0.9325050115859435f,0.22925788113215842f,-0.9287724928464215f,-0.922429098744845f,-1.4509583347992432f,-0.3190090040047546f,0f,0f,0f,1f],start_interpolation:0}
execute if entity @s[tag=aj.dino.bone.tail_1] run data modify entity @s {} merge value {transformation:[-0.36930010935818003f,1.423205577630679f,0.3546259480480273f,0.4455118371105553f,1.1377619731562754f,0.5087555435714338f,-0.8569257490149738f,0.40635274481311845f,-0.9256194529435816f,0.05753199706477215f,-1.1948116787369312f,-0.06171781969812508f,0f,0f,0f,1f],start_interpolation:0}
execute if entity @s[tag=aj.dino.bone.tail_0] run data modify entity @s {} merge value {transformation:[-0.03453421860925643f,0.7718546826649083f,1.0182747434643211f,0.16657451859445693f,0.8360567662568649f,0.7839686517222629f,-0.5658957088518332f,0.5906391836632423f,-0.966256791916719f,0.6507451256437179f,-0.5260364151936437f,0.1077058861277405f,0f,0f,0f,1f],start_interpolation:0}
execute if entity @s[tag=aj.dino.bone.body_1] run data modify entity @s {} merge value {transformation:[0.3196514289986468f,-0.1008531700917018f,1.1900656272146621f,-0.1033058928592479f,0.24289389263283595f,1.211695106002281f,0.03744492045711594f,0.5003175f,-1.1693716756947046f,0.22411649477186105f,0.33308598876323653f,0.01517222316745673f,0f,0f,0f,1f],start_interpolation:0}