execute if entity @s[tag=aj.dino.bone.head_lower] run data modify entity @s {} merge value {transformation:[-0.9559452498342073f,0.26215239504879734f,0.13207876850423036f,0.134710684314235f,0.2930624046091792f,0.8265194603599698f,0.4806037959181652f,0.5085987187694777f,0.01682576370036437f,0.49813823725592776f,-0.866934363293702f,0.9049040017400785f,0f,0f,0f,1f],start_interpolation:0}
execute if entity @s[tag=aj.dino.bone.head_upper] run data modify entity @s {} merge value {transformation:[-0.9950430122419056f,0.09573772114425252f,0.29016484129226777f,0.1565547594395027f,0.3050485348483594f,0.2546033219917292f,0.9620782101269894f,0.5807336020422784f,0.0175139304249744f,1.004730501062045f,-0.27144396302034063f,0.9087577646982721f,0f,0f,0f,1f],start_interpolation:0}
execute if entity @s[tag=aj.dino.bone.neck_0] run data modify entity @s {} merge value {transformation:[-0.9679055491570178f,0.2177015819062203f,-0.12555823010293107f,0.14521497847513307f,0.04928882635199006f,0.6543441912321728f,0.7545888224705932f,0.6188895705861974f,0.24643347886984562f,0.7241820908005406f,-0.6440736292194106f,0.8552762942019173f,0f,0f,0f,1f],start_interpolation:0}
execute if entity @s[tag=aj.dino.bone.neck_1] run data modify entity @s {} merge value {transformation:[-0.9422820949827321f,0.25383565518538065f,-0.21833898788709594f,0.12788818963586218f,0.13870879202672612f,0.8894641205647782f,0.43544626447176227f,0.6598752344396037f,0.3047364836862158f,0.38002768107670004f,-0.8733353520418298f,0.7830440673807391f,0f,0f,0f,1f],start_interpolation:0}
execute if entity @s[tag=aj.dino.bone.neck_2] run data modify entity @s {} merge value {transformation:[-0.9006173656546934f,0.2393979080967678f,-0.36273544392586077f,0.09845369937608725f,0.22890541400364364f,0.9707568992472037f,0.07234192424711103f,0.6757172463347747f,0.36944644012497974f,-0.017879713723820134f,-0.9290799985556325f,0.7014746378350991f,0f,0f,0f,1f],start_interpolation:0}
execute if entity @s[tag=aj.dino.bone.body_0] run data modify entity @s {} merge value {transformation:[-0.842043658091366f,0.1421748319447534f,-0.5203352717523494f,-0.14542396995071222f,0.2905639288882856f,0.9322776365297296f,-0.21547856425998516f,0.583044116878651f,0.4544613086909748f,-0.3326330193892699f,-0.8263293491791661f,0.3088599690010605f,0f,0f,0f,1f],start_interpolation:0}
execute if entity @s[tag=aj.dino.bone.leg_left_3] run data modify entity @s {} merge value {transformation:[-0.6029684204664773f,-0.06670699843654426f,-0.7949712323598561f,0.028906372459656285f,-0.09595023658935675f,0.9953281567590343f,-0.010743019180395053f,0.03956382291217861f,0.7919738859448638f,0.06979997652041667f,-0.6065519988089572f,-0.05068775165959385f,0f,0f,0f,1f],start_interpolation:0}
execute if entity @s[tag=aj.dino.bone.leg_left_2] run data modify entity @s {} merge value {transformation:[-0.6203912096452717f,0.2899832297613437f,-0.7636011216287928f,0.07193988590050751f,-0.09628223591835987f,0.9262381194887239f,0.4299707856974108f,0.26860723673244136f,0.8111144663622591f,0.33174519131988484f,-0.533010928588425f,0.011427491014902702f,0f,0f,0f,1f],start_interpolation:0}
execute if entity @s[tag=aj.dino.bone.leg_left_1] run data modify entity @s {} merge value {transformation:[-0.7282656707412674f,0.6635330157169546f,-0.17132731794239842f,0.27579149532914204f,0.07474746728064552f,0.3254255861091585f,0.9426086165745782f,0.30553413015986924f,0.6812062308544314f,0.6736632133040028f,-0.28659369512608746f,0.19607394111595516f,0f,0f,0f,1f],start_interpolation:0}
execute if entity @s[tag=aj.dino.bone.leg_left_0] run data modify entity @s {} merge value {transformation:[-0.6955875504191021f,-0.5863195328180615f,-0.4151955745645214f,-0.0014969710653524593f,0.04236915656318549f,0.543428225843125f,-0.8383857214487362f,0.5920780508400134f,0.7171909189846712f,-0.6007621565919441f,-0.3531600443607957f,0.07233645087838175f,0f,0f,0f,1f],start_interpolation:0}
execute if entity @s[tag=aj.dino.bone.leg_right_3] run data modify entity @s {} merge value {transformation:[-0.9832287901384041f,-0.05325025563296979f,-0.17442923068681376f,-0.7403141229608619f,-0.06406885530981658f,0.9963170474302484f,0.05698704044922662f,0.05317269869072902f,0.1707522416317284f,0.06720677997713767f,-0.9830192880624695f,-0.2056936302020539f,0f,0f,0f,1f],start_interpolation:0}
execute if entity @s[tag=aj.dino.bone.leg_right_2] run data modify entity @s {} merge value {transformation:[-0.9402493377261352f,0.3656671377147957f,-0.18515109181889156f,-0.6593409597323389f,0.3189202173845542f,0.9437506233037317f,0.24430893446188295f,0.2802150731861286f,0.2574553890475933f,0.16638661277272518f,-0.9788229754358374f,-0.19755857726594356f,0f,0f,0f,1f],start_interpolation:0}
execute if entity @s[tag=aj.dino.bone.leg_right_1] run data modify entity @s {} merge value {transformation:[-0.9058276761482483f,0.3923442964691535f,-0.15981919206399864f,-0.5623171888286203f,-0.047705642380642524f,0.28038122061674003f,0.9587025309294418f,0.304589814124509f,0.4209517701695939f,0.8760435629314287f,-0.23526003280942853f,0.061295909934056925f,0f,0f,0f,1f],start_interpolation:0}
execute if entity @s[tag=aj.dino.bone.leg_right_0] run data modify entity @s {} merge value {transformation:[-0.8997654329730518f,0.12391097316906403f,-0.4184115633620946f,-0.3749836092535349f,0.008320787061696859f,0.9635347513896885f,0.26745382286870645f,0.6601649549155244f,0.43629454515211463f,0.2371641912108719f,-0.8679862995910722f,0.17434336801909245f,0f,0f,0f,1f],start_interpolation:0}
execute if entity @s[tag=aj.dino.bone.tail_4] run data modify entity @s {} merge value {transformation:[-2.5533784324687963f,-0.026173254780654836f,-1.0513015138091342f,-0.9859646695863289f,0.07808094436797956f,2.7482664629634135f,-0.2580622914669571f,0.13223806408162286f,1.0487245960354863f,-0.2683425811994049f,-2.540438999933958f,-1.3401459902168256f,0f,0f,0f,1f],start_interpolation:0}
execute if entity @s[tag=aj.dino.bone.tail_3] run data modify entity @s {} merge value {transformation:[-1.9199204357965405f,-0.06912622032809013f,-0.8031641251440563f,-0.8491012598569705f,0.06109605811467306f,2.056179217566534f,-0.32301675339643154f,0.1668884407793957f,0.8038148530215855f,-0.3213940213430781f,-1.8938144289109364f,-1.0158799545197117f,0f,0f,0f,1f],start_interpolation:0}
execute if entity @s[tag=aj.dino.bone.tail_2] run data modify entity @s {} merge value {transformation:[-1.8011657762710278f,-0.10535279371750025f,-0.7506507245375035f,-0.7109138617137156f,0.05770934338133638f,1.9105262181824625f,-0.406611702151684f,0.24297395623265722f,0.7558077487557637f,-0.39694361500862135f,-1.7578294252934237f,-0.688638879314062f,0f,0f,0f,1f],start_interpolation:0}
execute if entity @s[tag=aj.dino.bone.tail_1] run data modify entity @s {} merge value {transformation:[-1.1948457185771184f,-0.15029876432072678f,-0.9151012185772633f,-0.511015520131019f,0.1458085607640901f,1.4434921918930332f,-0.4274650927874136f,0.3171751727250659f,0.9158273977152211f,-0.42590705956524144f,-1.1258417314199434f,-0.44203898170183187f,0f,0f,0f,1f],start_interpolation:0}
execute if entity @s[tag=aj.dino.bone.tail_0] run data modify entity @s {} merge value {transformation:[-1.0412676491852975f,-0.09185163731753106f,-0.7356362389566193f,-0.2982620569587541f,0.3198778917777956f,1.0885559321910918f,-0.5886933271469995f,0.5154738391593173f,0.6687866129760257f,-0.6636602864400581f,-0.8637796056230912f,-0.20563780975171989f,0f,0f,0f,1f],start_interpolation:0}
execute if entity @s[tag=aj.dino.bone.body_1] run data modify entity @s {} merge value {transformation:[-1.174657672876065f,0.10276918060595519f,-0.37178278890666533f,-0.21875f,0.21414100563988084f,1.1649138674291983f,-0.3545756706698005f,0.5194425f,0.3208232789452443f,-0.4012714443428275f,-1.1245702497834864f,0.08283749999999998f,0f,0f,0f,1f],start_interpolation:0}