execute if entity @s[tag=aj.dino.bone.head_lower] run data modify entity @s {} merge value {transformation:[-0.9995177029100936f,0.019225321599020323f,-0.024387467657470532f,0.3237840672577929f,0.007393877250003053f,0.9100674137889933f,0.4143942964600558f,0.6285636270362231f,0.03016110323814092f,0.41401411735450144f,-0.9097706405916995f,0.7661061036725634f,0f,0f,0f,1f],start_interpolation:0}
execute if entity @s[tag=aj.dino.bone.head_upper] run data modify entity @s {} merge value {transformation:[-1.040397560493407f,0.032140716569341844f,-0.003439918790322246f,0.3239456704559077f,0.007696283748745991f,0.35389386554116403f,0.9788625244294002f,0.7039928129851187f,0.03139467979345453f,0.978364987545164f,-0.35396082807271895f,0.7636836496915455f,0f,0f,0f,1f],start_interpolation:0}
execute if entity @s[tag=aj.dino.bone.neck_0] run data modify entity @s {} merge value {transformation:[-0.9138725040182978f,0.035776992664957194f,-0.40442187526786666f,0.2975095610901187f,-0.08056044426855771f,0.9603241844148971f,0.2669971453913231f,0.705695517998424f,0.397928462438387f,0.2765817557680084f,-0.87473165665689f,0.7025038395289224f,0f,0f,0f,1f],start_interpolation:0}
execute if entity @s[tag=aj.dino.bone.neck_1] run data modify entity @s {} merge value {transformation:[-0.9163640718619628f,0.12812513870674155f,-0.3792899110600514f,0.2659689839416293f,0.056568646918875885f,0.9793387721007912f,0.1941534384086f,0.7266545538012333f,0.39632925199426156f,0.15645931832745757f,-0.9046787306675097f,0.6265864656551642f,0f,0f,0f,1f],start_interpolation:0}
execute if entity @s[tag=aj.dino.bone.neck_2] run data modify entity @s {} merge value {transformation:[-0.8574984778994994f,0.15848882694654817f,-0.4894667017613646f,0.22463973453839411f,0.22559365248610144f,0.9708604548928718f,-0.08085469116375563f,0.7290764070862902f,0.46238929957128283f,-0.17975335562462616f,-0.8682654356725628f,0.5487600038020677f,0f,0f,0f,1f],start_interpolation:0}
execute if entity @s[tag=aj.dino.bone.body_0] run data modify entity @s {} merge value {transformation:[-0.6219199738641452f,-0.03792650623902725f,-0.7821618286731472f,-0.14435149958846213f,0.41436579357137904f,0.8315951215196039f,-0.3697979759040827f,0.5627139908114818f,0.6644671062037473f,-0.5540858543486707f,-0.5014701693858984f,0.3071406331136399f,0f,0f,0f,1f],start_interpolation:0}
execute if entity @s[tag=aj.dino.bone.leg_left_3] run data modify entity @s {} merge value {transformation:[-0.5931319005173397f,-0.047317041246899005f,-0.8037136593316849f,0.08636448128788504f,-0.08042112134919616f,0.9967607524100631f,0.0006676045707042499f,0.05174014625225898f,0.8010786427246869f,0.06503153129493566f,-0.5950158889540761f,0.003740716884930842f,0f,0f,0f,1f],start_interpolation:0}
execute if entity @s[tag=aj.dino.bone.leg_left_2] run data modify entity @s {} merge value {transformation:[-0.610447709136154f,0.22587248429609585f,-0.7927152166755885f,0.11356954323329566f,-0.0805840545547687f,0.9653591498040052f,0.33712033688565446f,0.2870574744977901f,0.8203182334086144f,0.2629173486635922f,-0.5567896040783913f,0.049091700313594916f,0f,0f,0f,1f],start_interpolation:0}
execute if entity @s[tag=aj.dino.bone.leg_left_1] run data modify entity @s {} merge value {transformation:[-0.7290708596189331f,0.6447767257424661f,-0.2296054345945108f,0.31543254341395577f,0.07492414471771666f,0.40863469391779855f,0.9096175347172162f,0.3483358868557813f,0.6803249622002918f,0.6459726471512022f,-0.3462329922749133f,0.22939608461057326f,0f,0f,0f,1f],start_interpolation:0}
execute if entity @s[tag=aj.dino.bone.leg_left_0] run data modify entity @s {} merge value {transformation:[-0.6918175781669953f,-0.6626746780988495f,-0.28679384502764244f,-0.0018497819752629763f,0.0538460400033062f,0.34872960654422724f,-0.9356752991799403f,0.567689263376284f,0.7200618324249076f,-0.6627593322814056f,-0.20557486460846763f,0.06963594950447882f,0f,0f,0f,1f],start_interpolation:0}
execute if entity @s[tag=aj.dino.bone.leg_right_3] run data modify entity @s {} merge value {transformation:[-0.983572252202276f,-0.03141471066254082f,-0.17776034611726887f,-0.7607534888767037f,-0.03721469156504341f,0.9988750824265868f,0.02938769196445895f,0.0617623994868077f,0.1766371745399622f,0.03552021482575907f,-0.9836349032589636f,-0.213068309554565f,0f,0f,0f,1f],start_interpolation:0}
execute if entity @s[tag=aj.dino.bone.leg_right_2] run data modify entity @s {} merge value {transformation:[-0.9172563980470416f,0.4216537829068321f,-0.18141385587330316f,-0.6666500933598738f,0.3511351777365411f,0.9056331405364605f,0.3295374048855298f,0.28250360798898605f,0.2956467261756659f,0.2325917058347523f,-0.9542307431534499f,-0.18880018463283846f,0f,0f,0f,1f],start_interpolation:0}
execute if entity @s[tag=aj.dino.bone.leg_right_1] run data modify entity @s {} merge value {transformation:[-0.9033285535879227f,0.41604724415494165f,-0.10441367201583157f,-0.5660757017119559f,-0.029168100538619162f,0.1832760373972469f,0.9826286765746926f,0.27959813887337537f,0.4279564769736758f,0.8906820896071961f,-0.15342316992305452f,0.069830315605697f,0f,0f,0f,1f],start_interpolation:0}
execute if entity @s[tag=aj.dino.bone.leg_right_0] run data modify entity @s {} merge value {transformation:[-0.8966915885336534f,0.13361320464827034f,-0.42200913093985604f,-0.3749972594333278f,0.0271776635670066f,0.9681763703558464f,0.24878884719299138f,0.6363225806980193f,0.44182074380457936f,0.2116176444160514f,-0.871786902239171f,0.17251419976344745f,0f,0f,0f,1f],start_interpolation:0}
execute if entity @s[tag=aj.dino.bone.tail_4] run data modify entity @s {} merge value {transformation:[-2.544009230422857f,0.051437177193671864f,-1.0728618661904454f,-0.9912496606340415f,0.09707082218637471f,2.7580146471032765f,-0.09794791189122766f,0.07701388282049515f,1.0696988466869362f,-0.1279482503441821f,-2.542643300628404f,-1.3313745267560797f,0f,0f,0f,1f],start_interpolation:0}
execute if entity @s[tag=aj.dino.bone.tail_3] run data modify entity @s {} merge value {transformation:[-1.9170827616871426f,-0.08210882550348798f,-0.8087010273647974f,-0.8533203519156201f,0.0737848864566907f,2.0455124224200256f,-0.382596714962868f,0.12187120223906385f,0.809502934779742f,-0.3808970944287222f,-1.8803105935145892f,-1.0088159582358736f,0f,0f,0f,1f],start_interpolation:0}
execute if entity @s[tag=aj.dino.bone.tail_2] run data modify entity @s {} merge value {transformation:[-1.7986692831733435f,-0.11569704647512953f,-0.7551005748960848f,-0.714306351735268f,0.06954582801225796f,1.8988041640753976f,-0.4565961008361739f,0.20725467136783907f,0.7607404699222701f,-0.4471362375491838f,-1.7435931284263484f,-0.6842296755273567f,0f,0f,0f,1f],start_interpolation:0}
execute if entity @s[tag=aj.dino.bone.tail_1] run data modify entity @s {} merge value {transformation:[-1.1924898057175324f,-0.15075721081793053f,-0.9180939911829074f,-0.5137606456163952f,0.15884602682207247f,1.4376086447747403f,-0.44238622744359574f,0.28472621421953564f,0.9167291055827802f,-0.4452077019272394f,-1.1176108889600453f,-0.4391658944329474f,0f,0f,0f,1f],start_interpolation:0}
execute if entity @s[tag=aj.dino.bone.tail_0] run data modify entity @s {} merge value {transformation:[-1.0389594483074132f,-0.08984449037196454f,-0.7391393298334118f,-0.2999350618393094f,0.3292540404591691f,1.082638459554676f,-0.5944084953282696f,0.4845521864734522f,0.6678253949934032f,-0.6735411271978184f,-0.8568473074935959f,-0.2050289434065307f,0f,0f,0f,1f],start_interpolation:0}
execute if entity @s[tag=aj.dino.bone.body_1] run data modify entity @s {} merge value {transformation:[-1.1735909740621433f,0.09583046984168266f,-0.3769686216464734f,-0.21875f,0.21585953703193267f,1.157261450209407f,-0.3778295795564849f,0.4944425f,0.3235637200436405f,-0.4244608956846236f,-1.1152327390111796f,0.08283749999999998f,0f,0f,0f,1f],start_interpolation:0}