execute if entity @s[tag=aj.dino.bone.head_lower] run data modify entity @s {} merge value {transformation:[-0.9987597925671544f,0.0497831147516959f,0.0007198866813390853f,0.33699203823394286f,0.04675046151227506f,0.9327486637300842f,0.35748332081110007f,0.6074982496559561f,0.017125159841700432f,0.3570736223741011f,-0.9339192454945098f,0.7577686430562042f,0f,0f,0f,1f],start_interpolation:0}
execute if entity @s[tag=aj.dino.bone.head_upper] run data modify entity @s {} merge value {transformation:[-1.0396086519332375f,0.03611186811822524f,0.03717158040863162f,0.34004270725296637f,0.04866253590876815f,0.42341091309128964f,0.9496457754645338f,0.6824870139268442f,0.017825571743742715f,0.9502058062544766f,-0.4245740422303233f,0.7498417809116716f,0f,0f,0f,1f],start_interpolation:0}
execute if entity @s[tag=aj.dino.bone.neck_0] run data modify entity @s {} merge value {transformation:[-0.9213353149033079f,0.06933563563682546f,-0.382536020712899f,0.31447947000155707f,-0.03023889972157609f,0.9682059645410415f,0.24831999349786615f,0.6828378230601919f,0.3875910814965313f,0.24035344777637202f,-0.8899457138985278f,0.6882695949144455f,0f,0f,0f,1f],start_interpolation:0}
execute if entity @s[tag=aj.dino.bone.neck_1] run data modify entity @s {} merge value {transformation:[-0.9087892562752157f,0.15568428337555373f,-0.3871233544861127f,0.28240225891553145f,0.09874005122835702f,0.9816743593324045f,0.16299035098046372f,0.7011676961007433f,0.4054041069872897f,0.10989929999391981f,-0.907507385038097f,0.6118981007049495f,0f,0f,0f,1f],start_interpolation:0}
execute if entity @s[tag=aj.dino.bone.neck_2] run data modify entity @s {} merge value {transformation:[-0.8420828230367601f,0.17871010668848064f,-0.5088803561878097f,0.23957020674910479f,0.2557630852693096f,0.9629915416178949f,-0.08504431189629413f,0.7031454656084414f,0.47484920065212743f,-0.20176716417638962f,-0.856626084181572f,0.5348758043932479f,0f,0f,0f,1f],start_interpolation:0}
execute if entity @s[tag=aj.dino.bone.body_0] run data modify entity @s {} merge value {transformation:[-0.5768414895273234f,-0.03158824434888481f,-0.8162451094976642f,-0.14542396995071222f,0.43255417288009673f,0.8358411582039121f,-0.338033202180434f,0.551794116878651f,0.6929291330893185f,-0.5480618040616387f,-0.4684842317995216f,0.3088599690010605f,0f,0f,0f,1f],start_interpolation:0}
execute if entity @s[tag=aj.dino.bone.leg_left_3] run data modify entity @s {} merge value {transformation:[-0.6012091017979297f,0.013648303897084185f,-0.7989751809136874f,0.08589072432070412f,-0.10119632038187544f,0.9905037573598848f,0.09306777851179232f,0.06018523905518497f,0.7926581360564562f,0.13680654391031138f,-0.5941187161559726f,-0.005933166778022275f,0f,0f,0f,1f],start_interpolation:0}
execute if entity @s[tag=aj.dino.bone.leg_left_2] run data modify entity @s {} merge value {transformation:[-0.6187007621506406f,0.23319487693552193f,-0.7841503145353814f,0.11505451559096425f,-0.10182738604106206f,0.9535509557438537f,0.36391476715396254f,0.29354520587793576f,0.811728248779698f,0.297359922773236f,-0.5520294611359384f,0.04758011408986154f,0f,0f,0f,1f],start_interpolation:0}
execute if entity @s[tag=aj.dino.bone.leg_left_1] run data modify entity @s {} merge value {transformation:[-0.7328189773741401f,0.6485014587561839f,-0.20596651279133002f,0.3167503356747294f,0.06348809068697622f,0.3665517820101482f,0.9282289876135673f,0.3426316806564973f,0.6774552448252517f,0.6671473968294315f,-0.30978822147149476f,0.2317612744030618f,0f,0f,0f,1f],start_interpolation:0}
execute if entity @s[tag=aj.dino.bone.leg_left_0] run data modify entity @s {} merge value {transformation:[-0.6955875504191021f,-0.662286188654252f,-0.27845100829369873f,-0.0014969710653524593f,0.042369156563185434f,0.3490869251653301f,-0.9361320276813201f,0.5608280508400134f,0.7171909189846712f,-0.6629595183692892f,-0.21476001194236083f,0.07233645087838175f,0f,0f,0f,1f],start_interpolation:0}
execute if entity @s[tag=aj.dino.bone.leg_right_3] run data modify entity @s {} merge value {transformation:[-0.9807900235471386f,-0.03393328212303429f,-0.19209232695441442f,-0.7397205354251967f,-0.03691912422922602f,0.9992463867617001f,0.011984857522503667f,0.04834278579951273f,0.19154087808233022f,0.01884650917401659f,-0.9813036742596064f,-0.19234183942327066f,0f,0f,0f,1f],start_interpolation:0}
execute if entity @s[tag=aj.dino.bone.leg_right_2] run data modify entity @s {} merge value {transformation:[-0.9192803302962569f,0.40990274700567f,-0.19739709174226697f,-0.648847103010039f,0.3358422244389628f,0.9116150929228715f,0.32898346788221544f,0.2704849847386665f,0.3069134635609666f,0.23021698428466322f,-0.9512446927749877f,-0.16855245528704602f,0f,0f,0f,1f],start_interpolation:0}
execute if entity @s[tag=aj.dino.bone.leg_right_1] run data modify entity @s {} merge value {transformation:[-0.9036794573095912f,0.4141157650209955f,-0.10895674186445901f,-0.5485634749627639f,-0.04892619537722614f,0.1529270362178294f,0.987025607063738f,0.2587079488967252f,0.4254052959737952f,0.8972856037821549f,-0.11793591226908562f,0.08993909396015673f,0f,0f,0f,1f],start_interpolation:0}
execute if entity @s[tag=aj.dino.bone.leg_right_0] run data modify entity @s {} merge value {transformation:[-0.8997654329730518f,0.08697248392737791f,-0.42761893394273204f,-0.3749836092535349f,0.008320787061696859f,0.9831783473443784f,0.1824584934056257f,0.6289149549155244f,0.43629454515211463f,0.16061171922583617f,-0.8853535709070307f,0.17434336801909245f,0f,0f,0f,1f],start_interpolation:0}
execute if entity @s[tag=aj.dino.bone.tail_4] run data modify entity @s {} merge value {transformation:[-2.5538634399248386f,0.07799842578570951f,-1.0475490954557787f,-0.9801866694649692f,0.10302434434605101f,2.7591586512029913f,-0.04572585224744134f,0.1026973028047392f,1.0453845446950782f,-0.08137023206701441f,-2.5546450576637887f,-1.352747188510556f,0f,0f,0f,1f],start_interpolation:0}
execute if entity @s[tag=aj.dino.bone.tail_3] run data modify entity @s {} merge value {transformation:[-1.9257540631402321f,-0.07924482226698751f,-0.7881224984018691f,-0.8457747453171721f,0.0776860448468635f,2.042962280905891f,-0.39524109512586597f,0.1497235969736555f,0.7882776749213328f,-0.3949315168280655f,-1.8864233168302773f,-1.0290147901652698f,0f,0f,0f,1f],start_interpolation:0}
execute if entity @s[tag=aj.dino.bone.tail_2] run data modify entity @s {} merge value {transformation:[-1.807261036538228f,-0.10656020219804352f,-0.7356808711126438f,-0.7103750046454779f,0.07290596687385727f,1.8992531704095024f,-0.4541981832707161f,0.234663889944616f,0.7397743850713776f,-0.44749993631255786f,-1.7524986565459322f,-0.7027885790399436f,0f,0f,0f,1f],start_interpolation:0}
execute if entity @s[tag=aj.dino.bone.tail_1] run data modify entity @s {} merge value {transformation:[-1.203759493414135f,-0.12218026497900193f,-0.9075744128527455f,-0.5124315513143458f,0.1454915810661541f,1.4544227530683724f,-0.38877101897632127f,0.30040526147864854f,0.9041302626581063f,-0.39671487016077106f,-1.1457844605069083f,-0.45224289787381705f,0f,0f,0f,1f],start_interpolation:0}
execute if entity @s[tag=aj.dino.bone.tail_0] run data modify entity @s {} merge value {transformation:[-1.0426289969806555f,-0.05465253891049602f,-0.737410056366047f,-0.2982620569587541f,0.3213745565357407f,1.114535274351349f,-0.536996492746505f,0.4842238391593173f,0.6659421038277997f,-0.623425968982066f,-0.8953752800542373f,-0.20563780975171989f,0f,0f,0f,1f],start_interpolation:0}
execute if entity @s[tag=aj.dino.bone.body_1] run data modify entity @s {} merge value {transformation:[-1.174657672876065f,0.10276918060595519f,-0.37178278890666533f,-0.21875f,0.21414100563988084f,1.1649138674291983f,-0.3545756706698005f,0.48819250000000003f,0.3208232789452443f,-0.4012714443428275f,-1.1245702497834864f,0.08283749999999998f,0f,0f,0f,1f],start_interpolation:0}