execute if entity @s[tag=aj.dino.bone.head_lower] run data modify entity @s {} merge value {transformation:[0.7581314726440628f,-0.2106197524250321f,-0.6171515130622002f,-0.6457901404472454f,0.23365469369763642f,0.9713029197919226f,-0.04445359509364738f,0.2962654502050947f,0.6088038717843445f,-0.11049867823691145f,0.785587606704871f,-0.5707590378899294f,0f,0f,0f,1f],start_interpolation:0}
execute if entity @s[tag=aj.dino.bone.head_upper] run data modify entity @s {} merge value {transformation:[0.7891387339870914f,0.3217158142280044f,-0.597687992166791f,-0.6795241612032333f,0.2432110733137474f,0.7216821398760567f,0.7095739604755787f,0.36146229101026944f,0.6337036964720443f,-0.6776029563417172f,0.47195953345402314f,-0.5532420665633517f,0f,0f,0f,1f],start_interpolation:0}
execute if entity @s[tag=aj.dino.bone.neck_0] run data modify entity @s {} merge value {transformation:[0.9452734380342958f,-0.09196678060901947f,-0.3130498979575538f,-0.6985792027663943f,0.17344766869082281f,0.9542950572634757f,0.24338621552630785f,0.36165405669479034f,0.2763585236111616f,-0.28436429970534677f,0.9180211933722155f,-0.48935462749082875f,0f,0f,0f,1f],start_interpolation:0}
execute if entity @s[tag=aj.dino.bone.neck_1] run data modify entity @s {} merge value {transformation:[0.9760179074829388f,-0.20909322726145865f,0.060572820522190846f,-0.6944111562112355f,0.19380169542449507f,0.9613268990520122f,0.19568213002119983f,0.3826596142936127f,-0.09914608980296072f,-0.1792501477612516f,0.9787948903648571f,-0.407263636618457f,0f,0f,0f,1f],start_interpolation:0}
execute if entity @s[tag=aj.dino.bone.neck_2] run data modify entity @s {} merge value {transformation:[0.9423233084711935f,-0.21087680696818537f,0.2599187461396481f,-0.6737049403970292f,0.13076185233469687f,0.9467937053100377f,0.29407995096450984f,0.4176929257187872f,-0.3081040737898526f,-0.243130935646191f,0.9197604187210411f,-0.3290661295521643f,0f,0f,0f,1f],start_interpolation:0}
execute if entity @s[tag=aj.dino.bone.body_0] run data modify entity @s {} merge value {transformation:[0.718284623514748f,-0.14100109637107294f,0.6813118892580935f,-0.3539484136035793f,0.07981357676969991f,0.9894833171128383f,0.12063398409487035f,0.48397333549490534f,-0.6911562721885002f,-0.03227159707125788f,0.7219844537363436f,0.010895008750472815f,0f,0f,0f,1f],start_interpolation:0}
execute if entity @s[tag=aj.dino.bone.leg_left_3] run data modify entity @s {} merge value {transformation:[-0.42055232584993835f,-0.6813712933488557f,0.5990566766361229f,0.10043490305862038f,-0.24998848924386238f,0.7217529331505197f,0.6454288951807113f,0.21574132962963136f,-0.8721476345595275f,0.12167934947529106f,-0.47386985496388273f,0.2891743453672643f,0f,0f,0f,1f],start_interpolation:0}
execute if entity @s[tag=aj.dino.bone.leg_left_2] run data modify entity @s {} merge value {transformation:[-0.3986763435700899f,-0.8596922365818f,0.39249029407013586f,-0.08844689879157303f,-0.3022199923186001f,0.5195944277523586f,0.8311118495078382f,0.3620742575983328f,-0.8954230557793471f,0.20739597033302443f,-0.4552654853699039f,0.3220591623493731f,0f,0f,0f,1f],start_interpolation:0}
execute if entity @s[tag=aj.dino.bone.leg_left_1] run data modify entity @s {} merge value {transformation:[-0.4066076943649277f,-0.8189586290022883f,-0.4049406707975023f,-0.2813579848196679f,-0.058482119839706095f,-0.4189941969834601f,0.9061035837878806f,0.20135499961884507f,-0.9117291398997248f,0.39211047789733866f,0.12247182770265583f,0.44024553492146623f,0f,0f,0f,1f],start_interpolation:0}
execute if entity @s[tag=aj.dino.bone.leg_left_0] run data modify entity @s {} merge value {transformation:[-0.43695823942819045f,0.5181215903413758f,0.7352669682625083f,-0.18858952852348992f,-0.10487244234178594f,0.7825130176917648f,-0.6137386642376351f,0.5463630963947342f,-0.8933472269129654f,-0.34528740892921583f,-0.28758883393112367f,0.22421149769594959f,0f,0f,0f,1f],start_interpolation:0}
execute if entity @s[tag=aj.dino.bone.leg_right_3] run data modify entity @s {} merge value {transformation:[0.07456418007258334f,-0.16220172377684794f,0.9839363718523282f,0.018757455606963014f,-0.01914467881181129f,0.9862683983502573f,0.1640369704938825f,0.04220204838706812f,-0.9970324289225984f,-0.031068428016838553f,0.07043499455005711f,-0.22058004332474668f,0f,0f,0f,1f],start_interpolation:0}
execute if entity @s[tag=aj.dino.bone.leg_right_2] run data modify entity @s {} merge value {transformation:[-0.009776437923528846f,-0.44759114589234905f,0.9228373566783024f,-0.057040415841989434f,0.10475468410196331f,0.917617426455359f,0.4461691543852353f,0.269723449352891f,-1.020290682561063f,0.09850189990508966f,0.03696617771507426f,-0.19489411619775807f,0f,0f,0f,1f],start_interpolation:0}
execute if entity @s[tag=aj.dino.bone.leg_right_1] run data modify entity @s {} merge value {transformation:[-0.06991859523443857f,-0.9975329833608892f,0.006271933319729417f,-0.3297640668621574f,-0.2882472015359144f,0.0262220048345721f,0.9571969271101792f,0.22034038993025717f,-0.9549999690299247f,0.0651179972786331f,-0.289369496635812f,-0.18087593956682896f,0f,0f,0f,1f],start_interpolation:0}
execute if entity @s[tag=aj.dino.bone.leg_right_0] run data modify entity @s {} merge value {transformation:[-0.03886999450077347f,0.5455010377214032f,0.8372083022595885f,-0.17921698612050418f,-0.24102612278638894f,0.8079844581806117f,-0.5376500009049975f,0.6093748811613428f,-0.9697399299101129f,-0.22268752363672184f,0.10007364865175068f,-0.16369980271392612f,0f,0f,0f,1f],start_interpolation:0}
execute if entity @s[tag=aj.dino.bone.tail_4] run data modify entity @s {} merge value {transformation:[-0.1349968831637366f,0.8612473902442426f,-2.6202461918555593f,0.017292408237841894f,2.743416079153781f,-0.22894593200650515f,-0.2165948024726528f,0.03441667734896524f,-0.2847900801934146f,-2.6137134549554495f,-0.844427567769003f,-0.9942125177701103f,0f,0f,0f,1f],start_interpolation:0}
execute if entity @s[tag=aj.dino.bone.tail_3] run data modify entity @s {} merge value {transformation:[-0.3516670335535756f,1.2331854601652121f,-1.6405881397819468f,0.2834078423844587f,2.027026365313503f,-0.05214627643555494f,-0.473698644944525f,0.1152487546645159f,-0.3216207982702632f,-1.6770449942489511f,-1.1916483019032829f,-0.7757418002343816f,0f,0f,0f,1f],start_interpolation:0}
execute if entity @s[tag=aj.dino.bone.tail_2] run data modify entity @s {} merge value {transformation:[-0.6221763012360614f,1.5673999546229438f,-0.9873843767403785f,0.46687334363309385f,1.716395238279735f,0.09591949330227384f,-0.9292796736279472f,0.28929182051470537f,-0.6968916064881565f,-1.16311250876921f,-1.4072260855149492f,-0.514933623502527f,0f,0f,0f,1f],start_interpolation:0}
execute if entity @s[tag=aj.dino.bone.tail_1] run data modify entity @s {} merge value {transformation:[-0.7350971154707548f,1.2993141974624411f,0.2430454630292644f,0.3993921889847071f,1.1796389953602515f,0.7703102733961797f,-0.5502092086886227f,0.39714746226023534f,-0.5964397047917199f,-0.07785209677867388f,-1.3877517715986278f,-0.21478344224353035f,0f,0f,0f,1f],start_interpolation:0}
execute if entity @s[tag=aj.dino.bone.tail_0] run data modify entity @s {} merge value {transformation:[-0.41886310415002825f,0.8830368988907561f,0.8237932093451776f,0.1799699198408905f,0.8008541574454514f,0.855737923204297f,-0.5100793486079992f,0.5668549837207987f,-0.9038927121446255f,0.34899019838875317f,-0.8336783090283924f,0.0372584912998231f,0f,0f,0f,1f],start_interpolation:0}
execute if entity @s[tag=aj.dino.bone.body_1] run data modify entity @s {} merge value {transformation:[0.0294777047485064f,0.010602293510066987f,1.2359705705846467f,-0.10809006433715444f,0.19817918203654178f,1.2202863353601718f,-0.015194294877347244f,0.48819250000000003f,-1.2200248652328105f,0.19847782284632953f,0.027394837252554472f,0.017520685513696486f,0f,0f,0f,1f],start_interpolation:0}