execute if entity @s[tag=aj.dino.bone.head_lower] run data modify entity @s {} merge value {transformation:[-0.8725327001062128f,-0.48500509248185064f,0.058794111202005145f,0.4321915423556659f,-0.47023270167964326f,0.8663541217667422f,0.16826093417320837f,0.22339477578434738f,-0.13254393051522895f,0.11916625346317089f,-0.9839875560794078f,0.726071093073952f,0f,0f,0f,1f],start_interpolation:0}
execute if entity @s[tag=aj.dino.bone.head_upper] run data modify entity @s {} merge value {transformation:[-0.9082189239852653f,-0.4400306709588324f,-0.25491829536946614f,0.4044554371306513f,-0.48946502324804836f,0.6148386944504618f,0.6825461987343763f,0.28410180896092085f,-0.1379649220466641f,0.7154147964680901f,-0.7433836774255179f,0.6908458027040744f,0f,0f,0f,1f],start_interpolation:0}
execute if entity @s[tag=aj.dino.bone.neck_0] run data modify entity @s {} merge value {transformation:[-0.9045279862943767f,-0.39823070293829355f,-0.1524513996246432f,0.40135395038137545f,-0.42455935190380995f,0.8077582051174254f,0.4089939348896172f,0.297573879179405f,-0.039730073260149934f,0.43467112775378614f,-0.8997124718353054f,0.6256260176824324f,0f,0f,0f,1f],start_interpolation:0}
execute if entity @s[tag=aj.dino.bone.neck_1] run data modify entity @s {} merge value {transformation:[-0.8376063163973823f,-0.19643775370504526f,-0.5097331337577778f,0.35726789952811117f,-0.36267346295985103f,0.8977627543012369f,0.24997999170766988f,0.32288634625315726f,0.4085139140787228f,0.3942515008326198f,-0.8232145140212903f,0.5577052110372309f,0f,0f,0f,1f],start_interpolation:0}
execute if entity @s[tag=aj.dino.bone.neck_2] run data modify entity @s {} merge value {transformation:[-0.854240464650319f,0.12197088631082649f,-0.5053675211631222f,0.31418808562659983f,-0.019329220806022913f,0.963964821203046f,0.2653266000724606f,0.3555687644465965f,0.5195186327525119f,0.2364210785347426f,-0.8211001545776435f,0.4880853893670992f,0f,0f,0f,1f],start_interpolation:0}
execute if entity @s[tag=aj.dino.bone.body_0] run data modify entity @s {} merge value {transformation:[-0.829947703196767f,0.23171820411168267f,-0.5074381576524059f,0.07724179036003109f,0.1943066003917185f,0.972762484425943f,0.12640448543338922f,0.4244095030317951f,0.5229070232867639f,0.006310529036734701f,-0.8523663661951077f,0.08642843303045442f,0f,0f,0f,1f],start_interpolation:0}
execute if entity @s[tag=aj.dino.bone.leg_left_3] run data modify entity @s {} merge value {transformation:[0.03996981745241064f,-0.001572864680066205f,-0.9991996496143899f,-0.16666254488561055f,-0.09853919583684806f,0.9951179260514371f,-0.005508187988273877f,0.01495940340115251f,0.9943301466699319f,0.09868049122184715f,0.03961969302716344f,-0.3986968007898848f,0f,0f,0f,1f],start_interpolation:0}
execute if entity @s[tag=aj.dino.bone.leg_left_2] run data modify entity @s {} merge value {transformation:[-0.007805540217187434f,0.2152807861898698f,-1.002823741312542f,-0.1474847609308904f,-0.31961786655930763f,0.9524075738969154f,0.20694548088944315f,0.24286392012147126f,0.9746002731472473f,0.3140639995000349f,0.05983570255330489f,-0.3221277735851484f,0f,0f,0f,1f],start_interpolation:0}
execute if entity @s[tag=aj.dino.bone.leg_left_1] run data modify entity @s {} merge value {transformation:[-0.0461198974047096f,0.9673014899020017f,0.2494008474258798f,0.10299204659138388f,-0.07085429714628888f,-0.25220536136069716f,0.9650762271845814f,0.12457468841489816f,0.9964199032733563f,0.026838094833427584f,0.08016915258643738f,-0.33893289826436057f,0f,0f,0f,1f],start_interpolation:0}
execute if entity @s[tag=aj.dino.bone.leg_left_0] run data modify entity @s {} merge value {transformation:[-0.025795948840121208f,-0.36279831974539956f,-0.9315105733234341f,0.033376977849706f,-0.12541089975082448f,0.9256333760914995f,-0.3570363556966453f,0.5024911950337343f,0.9917694667850622f,0.1076114875622842f,-0.06937645492172284f,-0.1757148392342407f,0f,0f,0f,1f],start_interpolation:0}
execute if entity @s[tag=aj.dino.bone.leg_right_3] run data modify entity @s {} merge value {transformation:[-0.7585417982671332f,0.15079408721848664f,-0.633936498035574f,-0.23842333146501965f,0.11305289129861423f,0.9885567353756551f,0.09987304297181576f,0.02471750431717404f,0.6417424592861906f,0.0040895236116116895f,-0.7669093112917214f,0.3173032069467673f,0f,0f,0f,1f],start_interpolation:0}
execute if entity @s[tag=aj.dino.bone.leg_right_2] run data modify entity @s {} merge value {transformation:[-0.7658355826833936f,0.10924343994635947f,-0.6735160952979279f,-0.232585407647326f,0.1684620544860785f,1.0113981236407603f,-0.027505839288640598f,0.2593615364448887f,0.6611948245373759f,-0.13115603617572938f,-0.7730987632122781f,0.26181294745591227f,0f,0f,0f,1f],start_interpolation:0}
execute if entity @s[tag=aj.dino.bone.leg_right_1] run data modify entity @s {} merge value {transformation:[-0.6176014341540448f,0.6961407747572517f,-0.3660006697415189f,-0.03635432908648742f,-0.19218177948613546f,0.31767567446784567f,0.9285194287062285f,0.29259148103017596f,0.7626497440925355f,0.6437935908129034f,-0.06241137928148932f,0.4552102593541761f,0f,0f,0f,1f],start_interpolation:0}
execute if entity @s[tag=aj.dino.bone.leg_right_0] run data modify entity @s {} merge value {transformation:[-0.7143462351025609f,-0.5505294707068751f,-0.4320031924395987f,-0.13428127665632122f,0.042881752040729956f,0.5817335021864279f,-0.8122482919500851f,0.5821349453243193f,0.6984773523434489f,-0.5987515631020276f,-0.39195146886593557f,0.17081234482480706f,0f,0f,0f,1f],start_interpolation:0}
execute if entity @s[tag=aj.dino.bone.tail_4] run data modify entity @s {} merge value {transformation:[-0.14289104162577365f,2.201013508921608f,-1.6615604158042814f,-1.5015366786699387f,1.8215157943860742f,1.3245348911892965f,1.5979201683514186f,0.906623070923323f,2.0705853502391953f,-1.0133154430712827f,-1.520371484804973f,-0.925868858264219f,0f,0f,0f,1f],start_interpolation:0}
execute if entity @s[tag=aj.dino.bone.tail_3] run data modify entity @s {} merge value {transformation:[-0.11608396724769014f,1.3247747060874997f,-1.6023239424982898f,-1.2428057110373656f,1.6395885074451018f,1.0451022543513668f,0.7452894271677805f,0.7700223795652998f,1.2783659745340632f,-1.2201142496114508f,-1.101384210479297f,-0.7271750210593673f,0f,0f,0f,1f],start_interpolation:0}
execute if entity @s[tag=aj.dino.bone.tail_2] run data modify entity @s {} merge value {transformation:[-0.5767983554682755f,0.7801320722885141f,-1.696311139478457f,-0.9277060511589716f,1.3302613095217064f,1.417513747214755f,0.1995833155590789f,0.734241233682482f,1.3101459386348775f,-1.0958205150693192f,-0.949457157134814f,-0.5499649820859115f,0f,0f,0f,1f],start_interpolation:0}
execute if entity @s[tag=aj.dino.bone.tail_1] run data modify entity @s {} merge value {transformation:[-0.22545134800756841f,0.6767406578923166f,-1.3337353641697616f,-0.6487581468557586f,0.9280857687354168f,1.120998703859395f,0.41191620727563905f,0.6310117434729263f,1.1728106179398108f,-0.756994212594146f,-0.5823497802408858f,-0.41651680474823133f,0f,0f,0f,1f],start_interpolation:0}
execute if entity @s[tag=aj.dino.bone.tail_0] run data modify entity @s {} merge value {transformation:[-0.6723279066261221f,0.613241214224009f,-0.8976336199880371f,-0.3716501372562967f,0.6561645038991759f,1.0704089040355431f,0.23980958814902165f,0.5867646817428747f,0.8667520097343372f,-0.3346575980349438f,-0.8778274103051219f,-0.1680711168306045f,0f,0f,0f,1f],start_interpolation:0}
execute if entity @s[tag=aj.dino.bone.body_1] run data modify entity @s {} merge value {transformation:[-0.5273041521161022f,0.26680155634565517f,-1.085988883805403f,-0.13714391222828526f,0.25048859265568535f,1.1983355540189962f,0.17277719751057896f,0.46587999999999996f,1.0898671438146683f,-0.14633326539707803f,-0.5651378409978716f,-0.026827901241087318f,0f,0f,0f,1f],start_interpolation:0}