execute if entity @s[tag=aj.dino.bone.head_lower] run data modify entity @s {} merge value {transformation:[-0.9825257202733856f,0.11629915644864922f,0.14531935593924605f,0.19467990387750855f,0.16633801817490523f,0.898975033917204f,0.4051858241636881f,0.5709899647743609f,-0.08351570337912242f,0.42227762740038066f,-0.9026110639063736f,0.8762296305869336f,0f,0f,0f,1f],start_interpolation:0}
execute if entity @s[tag=aj.dino.bone.head_upper] run data modify entity @s {} merge value {transformation:[-1.0227106128468504f,-0.037485144743911604f,0.19007842822754684f,0.20662421231328243f,0.1731411738107513f,0.28139092580683284f,0.9870730587897313f,0.6454084878099039f,-0.0869314608491188f,1.0014419370990055f,-0.27023861736905147f,0.8800602202277497f,0f,0f,0f,1f],start_interpolation:0}
execute if entity @s[tag=aj.dino.bone.neck_0] run data modify entity @s {} merge value {transformation:[-0.9719815710014874f,0.10883450488021693f,-0.20834316926877694f,0.1916998358111482f,-0.026855788251034338f,0.8291293177982276f,0.5584114441922385f,0.6680667731440745f,0.2335178628518508f,0.5483608528286131f,-0.8029755804594435f,0.8191619333385871f,0f,0f,0f,1f],start_interpolation:0}
execute if entity @s[tag=aj.dino.bone.neck_1] run data modify entity @s {} merge value {transformation:[-0.956194645732284f,0.1759716530553052f,-0.23393541158596567f,0.172693115456709f,0.08754713891761684f,0.9344767481902858f,0.345092314546483f,0.7016056390921092f,0.27933366775283525f,0.30949504747684187f,-0.9089474779364625f,0.7435879570185657f,0f,0f,0f,1f],start_interpolation:0}
execute if entity @s[tag=aj.dino.bone.neck_2] run data modify entity @s {} merge value {transformation:[-0.9052034898087451f,0.2131933860943023f,-0.3676346313443753f,0.14257286098693617f,0.21667869043330756f,0.975708339367152f,0.03230451363976111f,0.7139885512309211f,0.3655912842918657f,-0.050416431994345035f,-0.9294090575385974f,0.6616711446307584f,0f,0f,0f,1f],start_interpolation:0}
execute if entity @s[tag=aj.dino.bone.body_0] run data modify entity @s {} merge value {transformation:[-0.7912789606852587f,0.11617707107862396f,-0.6003169950388287f,-0.13924755576276965f,0.3408452958811087f,0.8989051525746365f,-0.2753071211401711f,0.5928005326489768f,0.5076436650373726f,-0.42245995648151285f,-0.7508831430502766f,0.3037582759625175f,0f,0f,0f,1f],start_interpolation:0}
execute if entity @s[tag=aj.dino.bone.leg_left_3] run data modify entity @s {} merge value {transformation:[-0.5810756037794857f,-0.0543242990058202f,-0.8120344901725742f,0.0228913825179317f,-0.058474867737198295f,0.997977790141036f,-0.024920277452957273f,0.034876301405574905f,0.8117461626243903f,0.03300304414355501f,-0.5830771531640006f,-0.037558937371372794f,0f,0f,0f,1f],start_interpolation:0}
execute if entity @s[tag=aj.dino.bone.leg_left_2] run data modify entity @s {} merge value {transformation:[-0.5979472874097428f,0.3089613380882547f,-0.7739923336485575f,0.07006234947338885f,-0.05786997269333529f,0.9349159357365705f,0.41790604071606896f,0.26562923888513273f,0.8313677328598321f,0.28729302841040727f,-0.5275913267738335f,0.01439348111957059f,0f,0f,0f,1f],start_interpolation:0}
execute if entity @s[tag=aj.dino.bone.leg_left_1] run data modify entity @s {} merge value {transformation:[-0.7091879164062035f,0.6816567494700629f,-0.17999048620784275f,0.27891712755280207f,0.10460940098468778f,0.35421350632108006f,0.9292952518792678f,0.31048828247653015f,0.6972154419181007f,0.6402162664612907f,-0.3225116427500149f,0.19153956078612666f,0f,0f,0f,1f],start_interpolation:0}
execute if entity @s[tag=aj.dino.bone.leg_left_0] run data modify entity @s {} merge value {transformation:[-0.6754987286937032f,-0.6031860196523613f,-0.42410858660151163f,-0.001932254545890133f,0.07381706376657773f,0.5169626354435987f,-0.8528192508686059f,0.591472556803485f,0.7336569420581199f,-0.6073847703483766f,-0.3046821821485107f,0.06317001330624164f,0f,0f,0f,1f],start_interpolation:0}
execute if entity @s[tag=aj.dino.bone.leg_right_3] run data modify entity @s {} merge value {transformation:[-0.9780697512633961f,-0.05220793626465309f,-0.2016281058149986f,-0.7477102077393595f,-0.05621300228606678f,0.9983180262483327f,0.014185092231631141f,0.041239534973365216f,0.20054839824228204f,0.025208130803753892f,-0.9793594284550671f,-0.17055922045364627f,0f,0f,0f,1f],start_interpolation:0}
execute if entity @s[tag=aj.dino.bone.leg_right_2] run data modify entity @s {} merge value {transformation:[-0.9330286469662249f,0.36933905432612646f,-0.21238739696731682f,-0.6667340519270731f,0.330173000879505f,0.9499680667450905f,0.2015159079465237f,0.2683912329887017f,0.2692685145561813f,0.11494143993691781f,-0.9830285509356428f,-0.17456426035723188f,0f,0f,0f,1f],start_interpolation:0}
execute if entity @s[tag=aj.dino.bone.leg_right_1] run data modify entity @s {} merge value {transformation:[-0.8937845962807814f,0.41621352984780874f,-0.16707900233969494f,-0.5626008776526971f,-0.02899710147776287f,0.3181246673878114f,0.9476053314039992f,0.3039808350653208f,0.4475581119330638f,0.851799855348087f,-0.272265941446758f,0.08019650565538627f,0f,0f,0f,1f],start_interpolation:0}
execute if entity @s[tag=aj.dino.bone.leg_right_0] run data modify entity @s {} merge value {transformation:[-0.8873470451772786f,0.12961869113216706f,-0.44250900140487137f,-0.3725085362412398f,0.027642148994635726f,0.9729040372383815f,0.22955096585337353f,0.664073588001624f,0.46027288972316294f,0.1914594715192805f,-0.8668864618572879f,0.17242117471913315f,0f,0f,0f,1f],start_interpolation:0}
execute if entity @s[tag=aj.dino.bone.tail_4] run data modify entity @s {} merge value {transformation:[-2.4998232933687787f,0.004327868822494161f,-1.1732544920358623f,-1.0366605156916915f,0.07426234555657209f,2.756487697910127f,-0.14806082163275128f,0.07091700334515383f,1.17090987593551f,-0.16558433628089467f,-2.495438482835252f,-1.2590896740718693f,0f,0f,0f,1f],start_interpolation:0}
execute if entity @s[tag=aj.dino.bone.tail_3] run data modify entity @s {} merge value {transformation:[-1.878157427150833f,-0.0402212602959397f,-0.8982496618996388f,-0.8839569704577904f,0.057638232967281905f,2.070544954629287f,-0.21322980796327812f,0.08681099116306261f,0.8973004173536414f,-0.21718970307971192f,-1.8664474597313399f,-0.9404837860864026f,0f,0f,0f,1f],start_interpolation:0}
execute if entity @s[tag=aj.dino.bone.tail_2] run data modify entity @s {} merge value {transformation:[-1.7600649868111196f,-0.1056844024969395f,-0.8424820023437986f,-0.7286680254762893f,0.05529593096598958f,1.9205887960523684f,-0.3564476279897165f,0.15357172462843716f,0.8472824070066344f,-0.34488165876102456f,-1.7268303446575362f,-0.6189253434933988f,0f,0f,0f,1f],start_interpolation:0}
execute if entity @s[tag=aj.dino.bone.tail_1] run data modify entity @s {} merge value {transformation:[-1.1440087611975103f,-0.23983189262722945f,-0.9598858617472078f,-0.518086646546753f,0.19052432919450016f,1.3865259980564208f,-0.5735001191792662f,0.2598516821655589f,0.970876245609256f,-0.5546914187117806f,-1.0185150935156475f,-0.39389927728579077f,0f,0f,0f,1f],start_interpolation:0}
execute if entity @s[tag=aj.dino.bone.tail_0] run data modify entity @s {} merge value {transformation:[-1.0187804457109948f,-0.21129354605675524f,-0.742480408775677f,-0.3062155039050168f,0.34546610605673334f,0.9746337301612897f,-0.7513840417402514f,0.5029432110183994f,0.6903443268304102f,-0.799549777068745f,-0.7197086778596015f,-0.20287823442282524f,0f,0f,0f,1f],start_interpolation:0}
execute if entity @s[tag=aj.dino.bone.body_1] run data modify entity @s {} merge value {transformation:[-1.1655042728998437f,0.09063844521841112f,-0.4024786418641938f,-0.21875f,0.22833844543760942f,1.1462952574678846f,-0.4030798085962907f,0.5194425f,0.34360724562149836f,-0.45430876065873477f,-1.0973341358954354f,0.08283749999999998f,0f,0f,0f,1f],start_interpolation:0}