execute if entity @s[tag=aj.dino.bone.head_lower] run data modify entity @s {} merge value {transformation:[-0.9965473050896386f,-0.03224062637934025f,0.07651150716883694f,0.25128031442247645f,-0.005626811820497332f,0.9456335081050158f,0.32518549681333825f,0.6595989061991095f,-0.08283602904120807f,0.3236322146506257f,-0.9425499360421258f,0.8400889546718712f,0f,0f,0f,1f],start_interpolation:0}
execute if entity @s[tag=aj.dino.bone.head_upper] run data modify entity @s {} merge value {transformation:[-1.037305674639761f,-0.08220960288809168f,0.026654476859242795f,0.25094979958516533f,-0.005856946079450748f,0.3871681954108069f,0.9661979234238027f,0.7348979868914504f,-0.08622398811398138f,0.9627119570457346f,-0.3862939997183472f,0.8350495401594971f,0f,0f,0f,1f],start_interpolation:0}
execute if entity @s[tag=aj.dino.bone.neck_0] run data modify entity @s {} merge value {transformation:[-0.9522672370448503f,-0.008651034570133768f,-0.3051430301544401f,0.2316668029749309f,-0.09296390165780548f,0.9603371248021344f,0.26288841685271636f,0.7363388116340042f,0.29076592344964547f,0.2787073130142731f,-0.9153018143939401f,0.7712465126444346f,0f,0f,0f,1f],start_interpolation:0}
execute if entity @s[tag=aj.dino.bone.neck_1] run data modify entity @s {} merge value {transformation:[-0.9487166883598459f,0.08938398701797137f,-0.3032278814560072f,0.2063912024048564f,0.03569422102333243f,0.9833486405222179f,0.1781891516581282f,0.7559639357803689f,0.3141059818167504f,0.15822753884162208f,-0.9361097575279611f,0.6926746642342497f,0f,0f,0f,1f],start_interpolation:0}
execute if entity @s[tag=aj.dino.bone.neck_2] run data modify entity @s {} merge value {transformation:[-0.8980539281376374f,0.14433871864862427f,-0.41553035563654384f,0.17140079304069705f,0.1931136728026628f,0.9781023031291144f,-0.0776079505604163f,0.7587411301132208f,0.39522936572732725f,-0.14994071799346323f,-0.9062623955314373f,0.6118112680756245f,0f,0f,0f,1f],start_interpolation:0}
execute if entity @s[tag=aj.dino.bone.body_0] run data modify entity @s {} merge value {transformation:[-0.7498113553752299f,0.027925597776699264f,-0.6610620941630028f,-0.13988926672965274f,0.3720597523636386f,0.843978521635045f,-0.386357083136613f,0.5846924360617226f,0.5471329564388061f,-0.5356495272167594f,-0.6432146702081611f,0.3035638747528828f,0f,0f,0f,1f],start_interpolation:0}
execute if entity @s[tag=aj.dino.bone.leg_left_3] run data modify entity @s {} merge value {transformation:[-0.5817315191209578f,-0.05848955339433437f,-0.8112751763766431f,0.04172046879494415f,-0.05386630317531506f,0.997991890815866f,-0.033325774529589514f,0.032634009186416846f,0.8115952569128576f,0.02431374116633092f,-0.5837139547304387f,-0.020242345560731213f,0f,0f,0f,1f],start_interpolation:0}
execute if entity @s[tag=aj.dino.bone.leg_left_2] run data modify entity @s {} merge value {transformation:[-0.5986679765589027f,0.28499689726876315f,-0.7825826613788098f,0.08303876172458838f,-0.0532210539834018f,0.94871963495161f,0.3862133777730562f,0.2656323359018979f,0.8311596553950744f,0.2660263564107052f,-0.5389487957487978f,0.026401523095091584f,0f,0f,0f,1f],start_interpolation:0}
execute if entity @s[tag=aj.dino.bone.leg_left_1] run data modify entity @s {} merge value {transformation:[-0.7133697844526203f,0.6713515288094478f,-0.20097431526252002f,0.29029012150817113f,0.10367957011000374f,0.3847352662757559f,0.9171855437290362f,0.3194439595398785f,0.6930758236815266f,0.6334555230234715f,-0.34406395187411476f,0.20293641678205043f,0f,0f,0f,1f],start_interpolation:0}
execute if entity @s[tag=aj.dino.bone.leg_left_0] run data modify entity @s {} merge value {transformation:[-0.6784290982317986f,-0.6241658824527226f,-0.38749310942828696f,-0.0021180958096397584f,0.07589419391456731f,0.46507599884110484f,-0.8820115569719066f,0.5826738097958903f,0.730735266702276f,-0.6277907824139842f,-0.2681505239852999f,0.06324118084441899f,0f,0f,0f,1f],start_interpolation:0}
execute if entity @s[tag=aj.dino.bone.leg_right_3] run data modify entity @s {} merge value {transformation:[-0.9802695820424898f,-0.04893099574026336f,-0.19151319583284176f,-0.755991062059256f,-0.052141739751151515f,0.9985704661568083f,0.011758532863310439f,0.041377501975723374f,0.19066406451653442f,0.021512363311377403f,-0.9814196007451624f,-0.18278386204657834f,0f,0f,0f,1f],start_interpolation:0}
execute if entity @s[tag=aj.dino.bone.leg_right_2] run data modify entity @s {} merge value {transformation:[-0.9288554716666352f,0.38579436759247676f,-0.20112786527373083f,-0.6708377008278872f,0.33930120784882073f,0.9391360949237693f,0.23443610017307165f,0.2670075031784487f,0.2723314205301664f,0.14576796851828608f,-0.9780846058735245f,-0.17945524457474762f,0f,0f,0f,1f],start_interpolation:0}
execute if entity @s[tag=aj.dino.bone.leg_right_1] run data modify entity @s {} merge value {transformation:[-0.8950942968301145f,0.4187878347240635f,-0.15304557905844005f,-0.5667755320161634f,-0.02302279522376035f,0.2993782714751221f,0.9538566986023911f,0.2972917282798765f,0.4452821023601639f,0.8573152279387661f,-0.2583301168311857f,0.07601944378394668f,0f,0f,0f,1f],start_interpolation:0}
execute if entity @s[tag=aj.dino.bone.leg_right_0] run data modify entity @s {} merge value {transformation:[-0.8880908089714259f,0.1394023964713454f,-0.4380201900352588f,-0.37312072561866194f,0.0334455891400823f,0.9699762041390755f,0.24088909475321457f,0.6546371256010018f,0.458449678359088f,0.1992815477207966f,-0.866089347094428f,0.1714624190990862f,0f,0f,0f,1f],start_interpolation:0}
execute if entity @s[tag=aj.dino.bone.tail_4] run data modify entity @s {} merge value {transformation:[-2.510279121956812f,0.015254135092928233f,-1.1506204295206595f,-1.0282300007045309f,0.09272777215947214f,2.754919276874933f,-0.16577897868317257f,0.05219872489458914f,1.146979346692032f,-0.18933679216005964f,-2.504845561905256f,-1.276748088165172f,0f,0f,0f,1f],start_interpolation:0}
execute if entity @s[tag=aj.dino.bone.tail_3] run data modify entity @s {} merge value {transformation:[-1.8882065867099396f,-0.06373683019037535f,-0.8755335678470176f,-0.8791481472558763f,0.07155928091544565f,2.058710563568563f,-0.3041966646932826f,0.0836331388203672f,0.8749289578385829f,-0.3059312961645744f,-1.864631568650225f,-0.9575817020462349f,0f,0f,0f,1f],start_interpolation:0}
execute if entity @s[tag=aj.dino.bone.tail_2] run data modify entity @s {} merge value {transformation:[-1.770302214435479f,-0.11686517423960785f,-0.8192352992990248f,-0.7281909439601684f,0.0681313651845093f,1.9074325267772843f,-0.41932463303852735f,0.16208893071782893f,0.8247193835758386f,-0.40843305674828395f,-1.7238892805259618f,-0.6366018032051688f,0f,0f,0f,1f],start_interpolation:0}
execute if entity @s[tag=aj.dino.bone.tail_1] run data modify entity @s {} merge value {transformation:[-1.1569186957451f,-0.2114180533767721f,-0.9510508862000147f,-0.5198457492393356f,0.1891049245208447f,1.3996496709615585f,-0.5411805392834883f,0.2612550079673226f,0.9557377825310781f,-0.5328596956831866f,-1.0441657367290884f,-0.4063084121612357f,0f,0f,0f,1f],start_interpolation:0}
execute if entity @s[tag=aj.dino.bone.tail_0] run data modify entity @s {} merge value {transformation:[-1.0227295373419452f,-0.17170649185746176f,-0.7472462048658138f,-0.30562662407667784f,0.3469922771941221f,1.0072175624584305f,-0.7063602891067441f,0.49197585576761405f,0.6837078101060392f,-0.7680269390544378f,-0.7592851690048364f,-0.20296149650810466f,0f,0f,0f,1f],start_interpolation:0}
execute if entity @s[tag=aj.dino.bone.body_1] run data modify entity @s {} merge value {transformation:[-1.1668451858853017f,0.08796866544902793f,-0.39917216978599956f,-0.21875f,0.22633275847872716f,1.1444533509645944f,-0.4093954139478986f,0.5100675f,0.340368020930222f,-0.4594481868734255f,-1.0962032516659563f,0.08283749999999998f,0f,0f,0f,1f],start_interpolation:0}