execute if entity @s[tag=aj.dino.bone.head_lower] run data modify entity @s {} merge value {transformation:[0.9301940045185781f,-0.18107577057288032f,-0.31929716451783424f,-0.8331407365331985f,0.16524949811765843f,0.9833018525727308f,-0.0762238158248304f,0.37044731687327415f,0.3277677795780929f,0.018139240294822057f,0.9445841681036019f,-0.4132609087022807f,0f,0f,0f,1f],start_interpolation:0}
execute if entity @s[tag=aj.dino.bone.head_upper] run data modify entity @s {} merge value {transformation:[0.9682385517225529f,0.12906582539854636f,-0.3596221103546225f,-0.8547334294572205f,0.17200813373671314f,0.7275786630010966f,0.7242336871876763f,0.4367650620558855f,0.34117334519292875f,-0.7331052069404745f,0.655461247268012f,-0.3844309108184794f,0f,0f,0f,1f],start_interpolation:0}
execute if entity @s[tag=aj.dino.bone.neck_0] run data modify entity @s {} merge value {transformation:[0.9917984517173535f,-0.12511606384682014f,0.026111333526628866f,-0.8513346282384959f,0.11741370502801571f,0.9726090227703768f,0.20061333628960748f,0.433911889145459f,-0.050496069576300096f,-0.19590216791330164f,0.9793224635247647f,-0.31790990805306935f,0f,0f,0f,1f],start_interpolation:0}
execute if entity @s[tag=aj.dino.bone.neck_1] run data modify entity @s {} merge value {transformation:[0.9083610606313459f,-0.19718510536217698f,0.3687793618845874f,-0.8210025831900121f,0.16122534657340454f,0.9788099995135404f,0.12624330665262612f,0.44911560947884516f,-0.38585822675042447f,-0.055217923499626106f,0.9209041262658169f,-0.2401516237630198f,0f,0f,0f,1f],start_interpolation:0}
execute if entity @s[tag=aj.dino.bone.neck_2] run data modify entity @s {} merge value {transformation:[0.8077032520884395f,-0.21333085325053228f,0.5496411589547845f,-0.7749385377419867f,0.12551652544752656f,0.9730907703512209f,0.1932354897446324f,0.475571654470118f,-0.5760738306895561f,-0.08708788497068568f,0.8127451272606889f,-0.16980169985032006f,0f,0f,0f,1f],start_interpolation:0}
execute if entity @s[tag=aj.dino.bone.body_0] run data modify entity @s {} merge value {transformation:[0.4665646227881084f,-0.06818075095606924f,0.8818553384550419f,-0.3599729305644399f,0.12321316231538243f,0.9923132188592929f,0.01153222915798336f,0.4904597746275745f,-0.8758629855147627f,0.10327565480874708f,0.47137900857907444f,0.05334128892833738f,0f,0f,0f,1f],start_interpolation:0}
execute if entity @s[tag=aj.dino.bone.leg_left_3] run data modify entity @s {} merge value {transformation:[-0.5447049435604379f,-0.7596657845498903f,0.3552526146913211f,0.12401015110270228f,-0.2623880528303046f,0.5567231209709461f,0.7881699539492043f,0.21041114775245315f,-0.7965230908095143f,0.3361060284502042f,-0.5025770621971212f,0.2631269181267853f,0f,0f,0f,1f],start_interpolation:0}
execute if entity @s[tag=aj.dino.bone.leg_left_2] run data modify entity @s {} merge value {transformation:[-0.5381239986835556f,-0.8074610318352543f,0.3324025324949583f,-0.054769949795132666f,-0.2981318917917453f,0.5368863860048602f,0.8215428066266602f,0.36048542198737443f,-0.8207326828134665f,0.33439780216215803f,-0.516370189662051f,0.3238431416740156f,0f,0f,0f,1f],start_interpolation:0}
execute if entity @s[tag=aj.dino.bone.leg_left_1] run data modify entity @s {} merge value {transformation:[-0.5372448139400856f,-0.7710790964387879f,-0.3417675188335273f,-0.23542241025742744f,-0.054822234071773245f,-0.3724311341538234f,0.9264391901060083f,0.21126447986989877f,-0.8416427582685321f,0.5164611092309267f,0.15781441666114746f,0.47254144234439194f,0f,0f,0f,1f],start_interpolation:0}
execute if entity @s[tag=aj.dino.bone.leg_left_0] run data modify entity @s {} merge value {transformation:[-0.5661476299653535f,0.48848395448910376f,0.6639731073554866f,-0.16350846428363225f,-0.09985280605895125f,0.7589227259389364f,-0.6434793805364454f,0.5500150029514048f,-0.8182336330210136f,-0.43060390413940897f,-0.38088580904666436f,0.23933821326954147f,0f,0f,0f,1f],start_interpolation:0}
execute if entity @s[tag=aj.dino.bone.leg_right_3] run data modify entity @s {} merge value {transformation:[-0.07257109185542222f,-0.1534103610983764f,0.985494138863635f,0.0020850115646276757f,-0.03040031259745629f,0.987980647013676f,0.15155877447516675f,0.033330905971936636f,-0.9968998232625428f,-0.01896054414048294f,-0.0763625572188883f,-0.24060225764512322f,0f,0f,0f,1f],start_interpolation:0}
execute if entity @s[tag=aj.dino.bone.leg_right_2] run data modify entity @s {} merge value {transformation:[-0.16658969304415272f,-0.4273361360935355f,0.9174387720501006f,-0.06891501027631397f,0.11253239935529906f,0.9161976558840063f,0.4471918089016003f,0.26054089890559834f,-1.0058064091899042f,0.17328554943212407f,-0.10192048415903669f,-0.20179906092517771f,0f,0f,0f,1f],start_interpolation:0}
execute if entity @s[tag=aj.dino.bone.leg_right_1] run data modify entity @s {} merge value {transformation:[-0.21783945065321061f,-0.9753985105038073f,-0.0338189214207264f,-0.33644508441496057f,-0.28072756666990173f,0.029433947014657513f,0.959336060030443f,0.21206673043988672f,-0.934739539685095f,0.21847514382668837f,-0.28023312523540916f,-0.14619959975248562f,0f,0f,0f,1f],start_interpolation:0}
execute if entity @s[tag=aj.dino.bone.leg_right_0] run data modify entity @s {} merge value {transformation:[-0.19284918787919222f,0.44675630899898683f,0.8736234836037421f,-0.2097287897826375f,-0.23140514180158095f,0.8445163283793785f,-0.4829532394015013f,0.6098734773785239f,-0.9535517034131533f,-0.2952981061067197f,-0.05948258104401889f,-0.1464261592511385f,0f,0f,0f,1f],start_interpolation:0}
execute if entity @s[tag=aj.dino.bone.tail_4] run data modify entity @s {} merge value {transformation:[-0.13243774317069176f,1.1628319693763862f,-2.50118839489953f,-0.028904021580743844f,2.7410964536221556f,-0.22360916013780013f,-0.24909939189509483f,0.04740500110901566f,-0.3074277276432499f,-2.4946907796556066f,-1.143532875687186f,-1.075228293379979f,0f,0f,0f,1f],start_interpolation:0}
execute if entity @s[tag=aj.dino.bone.tail_3] run data modify entity @s {} merge value {transformation:[-0.3436320724017436f,1.301758499035969f,-1.5884858624013456f,0.22770575069675647f,2.0359336977090914f,0.004276524214025782f,-0.4369224369584103f,0.12144905118293986f,-0.2698823880765698f,-1.6252236915491696f,-1.273482224091809f,-0.8433886788722222f,0f,0f,0f,1f],start_interpolation:0}
execute if entity @s[tag=aj.dino.bone.tail_2] run data modify entity @s {} merge value {transformation:[-0.6552627538863136f,1.541992739679014f,-1.0058145898471096f,0.414566876975751f,1.7101024866777927f,0.11437350094492325f,-0.9387449399825322f,0.2972514274157605f,-0.6818754163558992f,-1.1949690238920778f,-1.3877567594901707f,-0.5861962840278567f,0f,0f,0f,1f],start_interpolation:0}
execute if entity @s[tag=aj.dino.bone.tail_1] run data modify entity @s {} merge value {transformation:[-0.8063736330353933f,1.2645138123985482f,0.19601691814379163f,0.35769923482674176f,1.175538921742415f,0.8235708950783303f,-0.476964856408267f,0.38869856275597714f,-0.5054958530136343f,-0.10194139999610885f,-1.421878385640928f,-0.27849485453278855f,0f,0f,0f,1f],start_interpolation:0}
execute if entity @s[tag=aj.dino.bone.tail_0] run data modify entity @s {} merge value {transformation:[-0.5593604242317592f,0.9085621335561186f,0.7038938001255928f,0.1739303291601205f,0.7782639598432893f,0.8754675320857942f,-0.5115638040916104f,0.5593159872183313f,-0.8457285860111015f,0.20471239902748997f,-0.936307486391143f,0.00005602965303953475f,0f,0f,0f,1f],start_interpolation:0}
execute if entity @s[tag=aj.dino.bone.body_1] run data modify entity @s {} merge value {transformation:[-0.14536814557440741f,0.07043262058884431f,1.2257699389630567f,-0.11578814816832819f,0.18826166476414527f,1.2210135828167177f,-0.04783274206613403f,0.48819250000000003f,-1.213272534465666f,0.18102395308444857f,-0.15428765529746338f,0.023732500408206063f,0f,0f,0f,1f],start_interpolation:0}