execute if entity @s[tag=aj.dino.bone.head_lower] run data modify entity @s {} merge value {transformation:[0.849428454923978f,0.021407740771641814f,0.527269389022839f,-1.0211455343316471f,0.06221532186563536f,0.9881455224462847f,-0.14034842426801258f,0.5208511055356753f,-0.5240234285703449f,0.15202017992494576f,0.8380270348890708f,0.19027203418857858f,0f,0f,0f,1f],start_interpolation:0}
execute if entity @s[tag=aj.dino.bone.head_upper] run data modify entity @s {} merge value {transformation:[0.8841697248018459f,-0.4104997611175418f,0.36497367911916156f,-1.0049284024830178f,0.06475990260688907f,0.7647058434446031f,0.7032091229495896f,0.5865198607541646f,-0.5454557684557768f,-0.5746188838766317f,0.675102277832181f,0.2237395664318612f,0f,0f,0f,1f],start_interpolation:0}
execute if entity @s[tag=aj.dino.bone.neck_0] run data modify entity @s {} merge value {transformation:[0.5869422068939029f,-0.09066020255537366f,0.8045368689122543f,-0.9516236106577712f,0.06088630169605822f,0.9958394663842256f,0.06779834406058251f,0.5747198131783661f,-0.8073361778294664f,0.009191564839523138f,0.590020178556216f,0.26200305163607257f,0f,0f,0f,1f],start_interpolation:0}
execute if entity @s[tag=aj.dino.bone.neck_1] run data modify entity @s {} merge value {transformation:[0.35423757535353223f,-0.03045215583464482f,0.9346595136265791f,-0.8725859717228944f,0.1559952599452927f,0.9873900202821851f,-0.026952304572082652f,0.5769853816318007f,-0.9220527203377534f,0.15534997281032353f,0.35452103867835616f,0.2927513146067525f,0f,0f,0f,1f],start_interpolation:0}
execute if entity @s[tag=aj.dino.bone.neck_2] run data modify entity @s {} merge value {transformation:[0.16151360257239922f,-0.004496753641959811f,0.9868602410629221f,-0.7861736391826002f,0.1937648563840646f,0.9806696464132617f,-0.027243807262401665f,0.5841999885439747f,-0.9676613749729541f,0.1956190783394391f,0.15926280034923557f,0.3086191634272153f,0f,0f,0f,1f],start_interpolation:0}
execute if entity @s[tag=aj.dino.bone.body_0] run data modify entity @s {} merge value {transformation:[-0.27694538443465866f,0.2707291584230412f,0.9219582294333573f,-0.34907914934859174f,0.29694753189523143f,0.9366353835787234f,-0.18583950476060807f,0.5055371496712597f,-0.9138508725944676f,0.2223058276516598f,-0.33978920178610883f,0.1505955277255955f,0f,0f,0f,1f],start_interpolation:0}
execute if entity @s[tag=aj.dino.bone.leg_left_3] run data modify entity @s {} merge value {transformation:[-0.808004925600573f,-0.5890677073933008f,-0.011281680354154028f,0.15371726320644416f,-0.2686414949854208f,0.3513097264078753f,0.8968908647674045f,0.17822763418166898f,-0.5243660814518906f,0.7277229639345076f,-0.4421080189107237f,0.1901977973806404f,0f,0f,0f,1f],start_interpolation:0}
execute if entity @s[tag=aj.dino.bone.leg_left_2] run data modify entity @s {} merge value {transformation:[-0.8288115113937721f,-0.5767247979778491f,0.1803390847245126f,0.023571035463507944f,-0.2727406673433474f,0.6302036695057024f,0.7619173595734304f,0.3482507297201112f,-0.5392088709015934f,0.5677094695701765f,-0.6625873159079277f,0.301216617649211f,0f,0f,0f,1f],start_interpolation:0}
execute if entity @s[tag=aj.dino.bone.leg_left_1] run data modify entity @s {} merge value {transformation:[-0.8088252804240079f,-0.5666094685249279f,-0.1573384121088171f,-0.10590615025417288f,-0.03427695410489556f,-0.22167813729086466f,0.9745172619633498f,0.23702561308926517f,-0.5870491939900062f,0.7936072792163338f,0.1598772348101269f,0.520027077794172f,0f,0f,0f,1f],start_interpolation:0}
execute if entity @s[tag=aj.dino.bone.leg_left_0] run data modify entity @s {} merge value {transformation:[-0.8309380635265693f,0.3608448351422031f,0.4234772007250348f,-0.09531827406456579f,-0.07483305594427614f,0.6817460750682368f,-0.7277515392406223f,0.5552435422992209f,-0.5513093036769432f,-0.6364065477980648f,-0.5394856416986402f,0.24996685308202693f,0f,0f,0f,1f],start_interpolation:0}
execute if entity @s[tag=aj.dino.bone.leg_right_3] run data modify entity @s {} merge value {transformation:[-0.4253752463794034f,-0.12682255041594026f,0.8960870161282657f,-0.07610925005903106f,-0.042418514276547914f,0.9918384430960282f,0.12023798253221896f,0.01846738823020566f,-0.9040224385568271f,0.013135581557138981f,-0.4272831462659435f,-0.31146074978976357f,0f,0f,0f,1f],start_interpolation:0}
execute if entity @s[tag=aj.dino.bone.leg_right_2] run data modify entity @s {} merge value {transformation:[-0.5276517388277309f,-0.30412858082800637f,0.8253191190904945f,-0.12067653573195769f,0.15107425587591644f,0.9167958248103847f,0.43442396840238895f,0.24536243701254917f,-0.8665000930319076f,0.34504118802613193f,-0.4268329495738412f,-0.24287893039262753f,0f,0f,0f,1f],start_interpolation:0}
execute if entity @s[tag=aj.dino.bone.leg_right_1] run data modify entity @s {} merge value {transformation:[-0.5633156009242642f,-0.8201409916843095f,-0.10022119294047963f,-0.3493866397871623f,-0.24283932032813874f,0.048400262439248276f,0.9688583379929081f,0.20229036594180522f,-0.7897497060828212f,0.5701106632531002f,-0.2264271039147206f,-0.09171719364519548f,0f,0f,0f,1f],start_interpolation:0}
execute if entity @s[tag=aj.dino.bone.leg_right_0] run data modify entity @s {} merge value {transformation:[-0.553889882956045f,0.1897299993012318f,0.8106839858564455f,-0.27648332673825665f,-0.1891859429236798f,0.919539261961577f,-0.3444651284400735f,0.613370693330674f,-0.8108111226167392f,-0.34416576395149007f,-0.47342924536267333f,-0.09403018841536076f,0f,0f,0f,1f],start_interpolation:0}
execute if entity @s[tag=aj.dino.bone.tail_4] run data modify entity @s {} merge value {transformation:[0.05482929523004174f,1.112252577878075f,-2.526964440388537f,-0.1632039415443279f,2.753534632553217f,-0.20671787304482997f,-0.031242277347219582f,0.044172374384813154f,-0.2017476327360399f,-2.519091752113725f,-1.1131648434612043f,-1.2424986524999002f,0f,0f,0f,1f],start_interpolation:0}
execute if entity @s[tag=aj.dino.bone.tail_3] run data modify entity @s {} merge value {transformation:[-0.37295900059124487f,1.4680960332992148f,-1.4288250931914426f,0.06470552104123517f,2.04084969480567f,0.13988023874649805f,-0.3889878765003744f,0.10876150558063155f,-0.17826842999821288f,-1.4700588702034274f,-1.4639306032208765f,-0.9798844403367067f,0f,0f,0f,1f],start_interpolation:0}
execute if entity @s[tag=aj.dino.bone.tail_2] run data modify entity @s {} merge value {transformation:[-0.7658614285206816f,1.4927960960987898f,-1.0018931893067493f,0.25074417940440563f,1.6696308038934744f,0.18669076488924724f,-0.998124948089103f,0.2955897771449856f,-0.666755671889687f,-1.2471889386857378f,-1.3486031663264224f,-0.7299718586049176f,0f,0f,0f,1f],start_interpolation:0}
execute if entity @s[tag=aj.dino.bone.tail_1] run data modify entity @s {} merge value {transformation:[-0.940682879208384f,1.1829703748730767f,0.057905638213197594f,0.22472164334996114f,1.1390356506152146f,0.9238484242882109f,-0.3698082280963539f,0.3627870866190587f,-0.3246070815490631f,-0.18639053386060855f,-1.4654504636784411f,-0.41203471667971103f,0f,0f,0f,1f],start_interpolation:0}
execute if entity @s[tag=aj.dino.bone.tail_0] run data modify entity @s {} merge value {transformation:[-0.8305869713738537f,0.8880463585741735f,0.3941251889833832f,0.13097924335550482f,0.7192091344421213f,0.9105956883294265f,-0.5360871476867364f,0.5414185070409206f,-0.6532221831069822f,-0.12658939135265848f,-1.091380603674969f,-0.09616276575318661f,0f,0f,0f,1f],start_interpolation:0}
execute if entity @s[tag=aj.dino.bone.body_1] run data modify entity @s {} merge value {transformation:[-0.5697845583244773f,0.19525243152262284f,1.0797345229896718f,-0.13319554543893986f,0.18281645708331706f,1.2165224546778504f,-0.1235145956570772f,0.48819250000000003f,-1.0819095596077957f,0.10273363765257738f,-0.5895100504488324f,0.03397022371113669f,0f,0f,0f,1f],start_interpolation:0}