execute if entity @s[tag=aj.dino.bone.head_lower] run data modify entity @s {} merge value {transformation:[-0.9638670674769431f,0.22348009320651852f,0.14497214964883373f,0.12760949722529474f,0.26626217197962665f,0.7918210363110454f,0.5496579865952951f,0.5530807280186992f,0.008045620304844264f,0.568397831096942f,-0.8227145152470587f,0.9117231115981442f,0f,0f,0f,1f],start_interpolation:0}
execute if entity @s[tag=aj.dino.bone.head_upper] run data modify entity @s {} merge value {transformation:[-1.003288828925472f,0.09800417656759006f,0.259381282501592f,0.1473797678276667f,0.27715218387102175f,0.3250415725789334f,0.9492136670183611f,0.625901776054177f,0.008374682822970601f,0.9839792172877585f,-0.33939167228571204f,0.9104239368137139f,0f,0f,0f,1f],start_interpolation:0}
execute if entity @s[tag=aj.dino.bone.neck_0] run data modify entity @s {} merge value {transformation:[-0.9691896202211172f,0.20228449450662178f,-0.1405434571150398f,0.1353216771383904f,0.047233419775629254f,0.7126221277293708f,0.6999562180070715f,0.6595798019301209f,0.24174466718408846f,0.6717519529950506f,-0.7002205577783258f,0.8541644551566161f,0f,0f,0f,1f],start_interpolation:0}
execute if entity @s[tag=aj.dino.bone.neck_1] run data modify entity @s {} merge value {transformation:[-0.9454653141836227f,0.23410311718376103f,-0.22647531918624114f,0.11721472891272741f,0.13204602138804822f,0.9110785026747594f,0.39051224078062546f,0.6968585389744099f,0.29775692756214867f,0.33931061358107323f,-0.8923055079959918f,0.7801376287025045f,0f,0f,0f,1f],start_interpolation:0}
execute if entity @s[tag=aj.dino.bone.neck_2] run data modify entity @s {} merge value {transformation:[-0.9123156412483773f,0.21243226814119878f,-0.35007528074108274f,0.08862535343047293f,0.21037759979606532f,0.9766127459916494f,0.044371273034434056f,0.7103074444429985f,0.35131387139936365f,-0.0331673908988262f,-0.93567007430149f,0.6978411831816178f,0f,0f,0f,1f],start_interpolation:0}
execute if entity @s[tag=aj.dino.bone.body_0] run data modify entity @s {} merge value {transformation:[-0.8694577409457579f,0.1199132088563144f,-0.4792327816951605f,-0.13609293625365737f,0.2609824247743733f,0.9351627398138193f,-0.23949702299360476f,0.6063419896701002f,0.4194417845999466f,-0.3333038739734247f,-0.8443797231849657f,0.2967130500390661f,0f,0f,0f,1f],start_interpolation:0}
execute if entity @s[tag=aj.dino.bone.leg_left_3] run data modify entity @s {} merge value {transformation:[-0.6584145947644351f,-0.06513113016688785f,-0.7498320860595182f,0.05081510119514354f,-0.08191819053300729f,0.9965316903414165f,-0.014628745847719338f,0.04131640646785498f,0.7481842229431082f,0.05179310792434799f,-0.6614664333967026f,-0.050208938412134654f,0f,0f,0f,1f],start_interpolation:0}
execute if entity @s[tag=aj.dino.bone.leg_left_2] run data modify entity @s {} merge value {transformation:[-0.677228546212916f,0.23536287785852528f,-0.7335039273386256f,0.0819586518157448f,-0.08201088347231249f,0.949075301855145f,0.3802531865761954f,0.2741687781013704f,0.7659620817554387f,0.30971371722190977f,-0.6078171617996286f,0.0043889035361045214f,0f,0f,0f,1f],start_interpolation:0}
execute if entity @s[tag=aj.dino.bone.leg_left_1] run data modify entity @s {} merge value {transformation:[-0.7794974189317444f,0.6019820974950195f,-0.17320891482324335f,0.2702089053573017f,0.08172575470419993f,0.3718831001553919f,0.9246750028182031f,0.32452888096496274f,0.6210512659167337f,0.7066261487620678f,-0.339079357951661f,0.20197201956800032f,0f,0f,0f,1f],start_interpolation:0}
execute if entity @s[tag=aj.dino.bone.leg_left_0] run data modify entity @s {} merge value {transformation:[-0.7509261645464786f,-0.5175074444416785f,-0.4102388820516139f,0.013100263558073921f,0.04739459992286532f,0.5773762078401748f,-0.8151015068801251f,0.6230907386618865f,0.6586832678136483f,-0.6315241559651872f,-0.4090398429673952f,0.06390231975963785f,0f,0f,0f,1f],start_interpolation:0}
execute if entity @s[tag=aj.dino.bone.leg_right_3] run data modify entity @s {} merge value {transformation:[-0.982257340180398f,-0.03755245614582854f,-0.1837398451592507f,-0.6948668465801418f,-0.04612714116918817f,0.9980261024081143f,0.04261673098239993f,0.06983283077607527f,0.1817767986000621f,0.050335990598021324f,-0.9820506522278921f,-0.20646822161022438f,0f,0f,0f,1f],start_interpolation:0}
execute if entity @s[tag=aj.dino.bone.leg_right_2] run data modify entity @s {} merge value {transformation:[-0.9517559269494666f,0.33080755588792204f,-0.19180515109015012f,-0.6222071904248849f,0.2951380873092525f,0.9626227470520551f,0.19573746646486948f,0.2998100890771537f,0.24313857044223153f,0.12643578340845293f,-0.9884127820591421f,-0.207919806170132f,0f,0f,0f,1f],start_interpolation:0}
execute if entity @s[tag=aj.dino.bone.leg_right_1] run data modify entity @s {} merge value {transformation:[-0.9138140942798179f,0.3673273548165644f,-0.1732466897202429f,-0.5314266511747787f,-0.07433919204202678f,0.26808559244998453f,0.9605226700329773f,0.3202175349410019f,0.39927119307820713f,0.8906181726891759f,-0.21767357408215254f,0.05352964497968332f,0f,0f,0f,1f],start_interpolation:0}
execute if entity @s[tag=aj.dino.bone.leg_right_0] run data modify entity @s {} merge value {transformation:[-0.9106004907013387f,0.07560738788311942f,-0.406313018782284f,-0.36278367308490966f,-0.01764052688878702f,0.9751173936642832f,0.22098615428225732f,0.6871418241761765f,0.41291107777046515f,0.2083976762607184f,-0.8866086230031635f,0.15951733518328665f,0f,0f,0f,1f],start_interpolation:0}
execute if entity @s[tag=aj.dino.bone.tail_4] run data modify entity @s {} merge value {transformation:[-2.5826953755673396f,-0.022664748635107954f,-0.9771551759021627f,-0.9319136630391622f,0.06213109590938331f,2.7513272999846747f,-0.2280332144231185f,0.20770556035788934f,0.9754412619651575f,-0.23525673025090768f,-2.57270867898553f,-1.3965717537813966f,0f,0f,0f,1f],start_interpolation:0}
execute if entity @s[tag=aj.dino.bone.tail_3] run data modify entity @s {} merge value {transformation:[-1.943241179532916f,-0.07618529521788481f,-0.7442815629884497f,-0.8049654813080638f,0.048795543591657956f,2.0541535712264993f,-0.3376649623331682f,0.2448595545192511f,0.7465776845965602f,-0.33255741256876087f,-1.9151952522530056f,-1.0685710780080209f,0f,0f,0f,1f],start_interpolation:0}
execute if entity @s[tag=aj.dino.bone.tail_2] run data modify entity @s {} merge value {transformation:[-1.8236721581361601f,-0.10189701420560533f,-0.694701902356514f,-0.6771946669272798f,0.04579311885034012f,1.9121027616018371f,-0.4006742995793022f,0.3198328835528255f,0.700640225014048f,-0.39019726110441677f,-1.782027847010717f,-0.7368707570928382f,0f,0f,0f,1f],start_interpolation:0}
execute if entity @s[tag=aj.dino.bone.tail_1] run data modify entity @s {} merge value {transformation:[-1.2242376795883418f,-0.11738151380935773f,-0.880408958434645f,-0.48513601179328514f,0.1144996102563068f,1.4658672233281134f,-0.3546538774967529f,0.3781223389181858f,0.8807883929340273f,-0.3537104943144202f,-1.1776064466045275f,-0.4799807234594582f,0f,0f,0f,1f],start_interpolation:0}
execute if entity @s[tag=aj.dino.bone.tail_0] run data modify entity @s {} merge value {transformation:[-1.058286446307925f,-0.04378823916288712f,-0.7155054886274356f,-0.27710536633447536f,0.2981044739648126f,1.1333940929982342f,-0.5102815586937277f,0.5545892888437832f,0.651919655131776f,-0.5893523026609395f,-0.9281704278768755f,-0.22296987264819587f,0f,0f,0f,1f],start_interpolation:0}
execute if entity @s[tag=aj.dino.bone.body_1] run data modify entity @s {} merge value {transformation:[-1.1821974473584047f,0.10844289410335688f,-0.34533162211707513f,-0.204125f,0.20144790030612225f,1.1771299974999174f,-0.3199817299539916f,0.5496925f,0.30072002590079844f,-0.36222879891110626f,-1.1432245441372795f,0.06721249999999998f,0f,0f,0f,1f],start_interpolation:0}