execute if entity @s[tag=aj.dino.bone.head_lower] run data modify entity @s {} merge value {transformation:[-0.919659291978951f,0.14481273292267624f,0.36504254417840154f,0.14642697327066279f,0.2247444818654986f,0.9563406205022524f,0.18682220277144507f,0.5341098716058282f,-0.32205077945532606f,0.2538540721769735f,-0.9120534005700461f,0.8756599252736568f,0f,0f,0f,1f],start_interpolation:0}
execute if entity @s[tag=aj.dino.bone.head_upper] run data modify entity @s {} merge value {transformation:[-0.9572729738295186f,-0.16880923879663498f,0.37229536265712176f,0.16800430300704813f,0.2339364375302634f,0.5511825173240716f,0.8514361504983539f,0.6052549149838345f,-0.33522252214722414f,0.8667024957139026f,-0.4689611787259728f,0.8626884898871712f,0f,0f,0f,1f],start_interpolation:0}
execute if entity @s[tag=aj.dino.bone.neck_0] run data modify entity @s {} merge value {transformation:[-0.9824400415187574f,0.1857105034251524f,-0.017977033631802225f,0.16414489556610934f,0.17792985132409936f,0.9615357720520105f,0.20926042882525023f,0.6031210646317935f,0.05614742049646052f,0.20238717346195706f,-0.9776946860803089f,0.7961656523711962f,0f,0f,0f,1f],start_interpolation:0}
execute if entity @s[tag=aj.dino.bone.neck_1] run data modify entity @s {} merge value {transformation:[-0.9495377537969023f,0.30133985652860185f,-0.08701922190904296f,0.15816146039467105f,0.28915919690518865f,0.9485040046248271f,0.12933333698552713f,0.6184469351608216f,0.12151136967164795f,0.09764447796976211f,-0.9877755529281604f,0.7129379343884958f,0f,0f,0f,1f],start_interpolation:0}
execute if entity @s[tag=aj.dino.bone.neck_2] run data modify entity @s {} merge value {transformation:[-0.8812183249270573f,0.3901443954308382f,-0.26691124840788794f,0.13859779067129208f,0.41448678882304196f,0.9091990912311546f,-0.039467890691108204f,0.6238908792796855f,0.22727728813921205f,-0.14541101477655724f,-0.9629125978393562f,0.6271559042567376f,0f,0f,0f,1f],start_interpolation:0}
execute if entity @s[tag=aj.dino.bone.body_0] run data modify entity @s {} merge value {transformation:[-0.648666418524477f,0.26602383707248567f,-0.7130660527523798f,-0.19493335641529497f,0.5432427834751431f,0.8180260216215693f,-0.18899922262317978f,0.5426089747929381f,0.5330282878804904f,-0.5099654361417244f,-0.6751415394270851f,0.3041061702694803f,0f,0f,0f,1f],start_interpolation:0}
execute if entity @s[tag=aj.dino.bone.leg_left_3] run data modify entity @s {} merge value {transformation:[-0.8240919275571069f,0.08627834575359372f,-0.5598468915598578f,0.11626599397154677f,-0.14321976345370205f,0.9244852678081849f,0.353291790113914f,0.07871986057374472f,0.5480516346946497f,0.3713260516845698f,-0.7495040820761891f,0.03447345338481621f,0f,0f,0f,1f],start_interpolation:0}
execute if entity @s[tag=aj.dino.bone.leg_left_2] run data modify entity @s {} merge value {transformation:[-0.8470118772854589f,0.14431725153737113f,-0.5601835504071464f,0.1312799190880375f,-0.14277698222379484f,0.9103838353214484f,0.4504200320069811f,0.3046275061400452f,0.5605781056954715f,0.44992888637517275f,-0.7316955542578951f,0.11760822224419762f,0f,0f,0f,1f],start_interpolation:0}
execute if entity @s[tag=aj.dino.bone.leg_left_1] run data modify entity @s {} merge value {transformation:[-0.9076835341286725f,0.41400687824904486f,-0.06862147356450018f,0.2654691607050743f,0.043500944415029164f,0.25546067485942764f,0.9658403136312783f,0.32193729152331985f,0.41739462108019976f,0.8736922503735778f,-0.2498871383854525f,0.35990350578061964f,0f,0f,0f,1f],start_interpolation:0}
execute if entity @s[tag=aj.dino.bone.leg_left_0] run data modify entity @s {} merge value {transformation:[-0.8850211569783232f,-0.41716796111614124f,-0.20666021368166607f,0.015592506066286482f,0.018709933410555102f,0.4116746083179874f,-0.9111388232635048f,0.5599220262060474f,0.465174687716908f,-0.8102437343691301f,-0.3565355533786833f,0.12488818268662895f,0f,0f,0f,1f],start_interpolation:0}
execute if entity @s[tag=aj.dino.bone.leg_right_3] run data modify entity @s {} merge value {transformation:[-0.9933068151141627f,-0.0411663970980743f,0.10792079872629863f,-0.5759192918669153f,-0.037699416259045555f,0.9987115042023573f,0.033971832267215396f,0.03271663392352686f,-0.10918024116792278f,0.029675901398748872f,-0.9935788925972038f,-0.3179623227666101f,0f,0f,0f,1f],start_interpolation:0}
execute if entity @s[tag=aj.dino.bone.leg_right_2] run data modify entity @s {} merge value {transformation:[-0.9811460538456849f,0.2854773240501555f,0.08897931207251088f,-0.5051029541493078f,0.29835198171549326f,0.914167369441296f,0.3568561547121097f,0.25637331723036105f,0.02001788026172488f,0.36723686852307974f,-0.9574959876510626f,-0.26198191199223414f,0f,0f,0f,1f],start_interpolation:0}
execute if entity @s[tag=aj.dino.bone.leg_right_1] run data modify entity @s {} merge value {transformation:[-0.9879874071685709f,0.11340462637164644f,-0.10497749279646433f,-0.4884032352122707f,-0.090502224369972f,0.12601995483001466f,0.9878908433469399f,0.2364125667314102f,0.12526065088610916f,0.9855244094907789f,-0.11424275748352695f,0.01430792402550328f,0f,0f,0f,1f],start_interpolation:0}
execute if entity @s[tag=aj.dino.bone.leg_right_0] run data modify entity @s {} merge value {transformation:[-0.9909164586060338f,-0.02319798773245298f,-0.13246292095843734f,-0.371508778924157f,-0.032408162191062f,0.9971722294947956f,0.06780306591723251f,0.6261834781075678f,0.1305154515261473f,0.07148005378805844f,-0.9888661784202059f,0.10769743788310303f,0f,0f,0f,1f],start_interpolation:0}
execute if entity @s[tag=aj.dino.bone.tail_4] run data modify entity @s {} merge value {transformation:[-2.273026622381418f,0.7485802715554227f,-1.3779110575735025f,-0.7262694907517345f,0.9035876771456455f,2.6084072481954967f,-0.07350012837901777f,0.033438235966402f,1.2816164072201386f,-0.5113712312979731f,-2.391990840313763f,-1.4353790878998829f,0f,0f,0f,1f],start_interpolation:0}
execute if entity @s[tag=aj.dino.bone.tail_3] run data modify entity @s {} merge value {transformation:[-1.8542465748179193f,0.403989078394159f,-0.857034416087648f,-0.5849014750316837f,0.6591367708771289f,1.9030560153417877f,-0.5290198916804099f,0.10451756299616799f,0.6806275656319902f,-0.742371977551766f,-1.8225189957562027f,-1.1190825232091852f,0f,0f,0f,1f],start_interpolation:0}
execute if entity @s[tag=aj.dino.bone.tail_2] run data modify entity @s {} merge value {transformation:[-1.8463941231500733f,0.3015024753793093f,-0.5645342100703882f,-0.48124936191264955f,0.530245447306271f,1.6859171287602122f,-0.8338447550753502f,0.2603207379303646f,0.3583885916301197f,-0.9410385578156976f,-1.6747471227311634f,-0.8077096051582993f,0f,0f,0f,1f],start_interpolation:0}
execute if entity @s[tag=aj.dino.bone.tail_1] run data modify entity @s {} merge value {transformation:[-1.3192895305477694f,0.18614403563578819f,-0.7158783294556894f,-0.3282153388776061f,0.3738185490725772f,1.430919030832738f,-0.31683855442475933f,0.310652217199383f,0.6382719459261229f,-0.453296123078414f,-1.2941359271134394f,-0.5242947026088208f,0f,0f,0f,1f],start_interpolation:0}
execute if entity @s[tag=aj.dino.bone.tail_0] run data modify entity @s {} merge value {transformation:[-1.1585063048476245f,0.22238777363325893f,-0.4921814059376615f,-0.17902187957562643f,0.4370869835121499f,1.070291150931599f,-0.545222466215205f,0.49580692600491016f,0.31725987306399217f,-0.6624622607816867f,-1.046100206752424f,-0.2345863029904627f,0f,0f,0f,1f],start_interpolation:0}
execute if entity @s[tag=aj.dino.bone.body_1] run data modify entity @s {} merge value {transformation:[-1.2174772752247722f,0.21529882872578404f,0.00030613203018853866f,-0.19359495496602552f,0.20839975231674057f,1.178903292358203f,-0.3088060322557846f,0.48819250000000003f,-0.054066834583093255f,-0.3040362423668353f,-1.1971814130623104f,0.06422060422105533f,0f,0f,0f,1f],start_interpolation:0}