execute if entity @s[tag=aj.dino.bone.head_lower] run data modify entity @s {} merge value {transformation:[-0.9850608612431485f,0.09028745252410195f,0.1466399521399786f,0.27223789781041363f,0.12985596677321687f,0.9487334811978085f,0.28817045224602816f,0.574543453504664f,-0.11310405625042982f,0.3029075066270152f,-0.9462845845139315f,0.8061596448106695f,0f,0f,0f,1f],start_interpolation:0}
execute if entity @s[tag=aj.dino.bone.head_upper] run data modify entity @s {} merge value {transformation:[-1.025349440025968f,-0.04227031828102371f,0.17419439891788413f,0.28297893413811276f,0.13516702170758862f,0.48204328910814914f,0.9125985350919673f,0.648321706597508f,-0.11772996502438231f,0.9215852810248898f,-0.46935292447915916f,0.7944610978508043f,0f,0f,0f,1f],start_interpolation:0}
execute if entity @s[tag=aj.dino.bone.neck_0] run data modify entity @s {} merge value {transformation:[-0.9614952891633605f,0.12399484153858173f,-0.2452592265104174f,0.2654180270877113f,0.06529230884589135f,0.9699440912041882f,0.23440429676875463f,0.6477136191119213f,0.266952661200893f,0.2093650859381852f,-0.9406925839336979f,0.730149504592093f,0f,0f,0f,1f],start_interpolation:0}
execute if entity @s[tag=aj.dino.bone.neck_1] run data modify entity @s {} merge value {transformation:[-0.9347564432713819f,0.2227227012370326f,-0.2768121928606394f,0.24299445683664522f,0.18723067445501795f,0.9709535908211522f,0.14897583365979158f,0.6648068893544365f,0.3019520927328624f,0.0874283868385457f,-0.9493056467066096f,0.6501336283290471f,0f,0f,0f,1f],start_interpolation:0}
execute if entity @s[tag=aj.dino.bone.neck_2] run data modify entity @s {} merge value {transformation:[-0.8620213790369533f,0.2737989362389031f,-0.42655982534420034f,0.2083052796479172f,0.3314735302672463f,0.9411707706653544f,-0.06574860589664228f,0.668261468439892f,0.38346374120038806f,-0.19806999510180276f,-0.9020664256167465f,0.5691666149010344f,0f,0f,0f,1f],start_interpolation:0}
execute if entity @s[tag=aj.dino.bone.body_0] run data modify entity @s {} merge value {transformation:[-0.6000515884558012f,0.09224457669070044f,-0.7946250872347432f,-0.16531979922304038f,0.4880455317429281f,0.8292630741870036f,-0.2722761699739492f,0.547838497927281f,0.6338372426241866f,-0.5511929715272808f,-0.5426201783950666f,0.30818095760409675f,0f,0f,0f,1f],start_interpolation:0}
execute if entity @s[tag=aj.dino.bone.leg_left_3] run data modify entity @s {} merge value {transformation:[-0.7086909091108846f,0.05971927833307708f,-0.7029870575899421f,0.1019695579794503f,-0.11865210874095401f,0.972130460630939f,0.20219803313782267f,0.06781139568435932f,0.695470252731857f,0.22670680472552118f,-0.6818542016122154f,0.011922236740256636f,0f,0f,0f,1f],start_interpolation:0}
execute if entity @s[tag=aj.dino.bone.leg_left_2] run data modify entity @s {} merge value {transformation:[-0.728795507528326f,0.20208678077937825f,-0.6928782293747234f,0.1265320148565518f,-0.1190631424896101f,0.9375203936302482f,0.39867490406166617f,0.29848216650117304f,0.7118590280439823f,0.3637013116037765f,-0.6426820984208789f,0.0779430915435172f,0f,0f,0f,1f],start_interpolation:0}
execute if entity @s[tag=aj.dino.bone.leg_left_1] run data modify entity @s {} merge value {transformation:[-0.81950980679641f,0.5554400123154943f,-0.14103215691279272f,0.30122857543033266f,0.055285860502765766f,0.3215832402540181f,0.9452659378271261f,0.3346118703412725f,0.5703921021481448f,0.7668576219264502f,-0.29424859812806264f,0.29052047012337384f,0f,0f,0f,1f],start_interpolation:0}
execute if entity @s[tag=aj.dino.bone.leg_left_0] run data modify entity @s {} merge value {transformation:[-0.7883462811341717f,-0.5606718781227001f,-0.25329268861198045f,0.010044725620339173f,0.032771087495581094f,0.37285009737088404f,-0.9273127092383018f,0.560304465114155f,0.6143583619079979f,-0.7393442026369628f,-0.27556116050857943f,0.09409721070899675f,0f,0f,0f,1f],start_interpolation:0}
execute if entity @s[tag=aj.dino.bone.leg_right_3] run data modify entity @s {} merge value {transformation:[-0.9975042117438746f,-0.03514870551385174f,-0.061236558148969125f,-0.6704607144353137f,-0.036503903006609315f,0.9991095937323158f,0.021153835995649295f,0.04130792035557179f,0.060438502781882474f,0.02333641387932789f,-0.997899092678582f,-0.25564821521881964f,0f,0f,0f,1f],start_interpolation:0}
execute if entity @s[tag=aj.dino.bone.leg_right_2] run data modify entity @s {} merge value {transformation:[-0.95666726085078f,0.3629256828795424f,-0.07165821811472713f,-0.5865936717919673f,0.3206045750634024f,0.9125236632355186f,0.3414315011599536f,0.2640702450584522f,0.18456071620302927f,0.29605356313063014f,-0.96454747384096f,-0.216733720268439f,0f,0f,0f,1f],start_interpolation:0}
execute if entity @s[tag=aj.dino.bone.leg_right_1] run data modify entity @s {} merge value {transformation:[-0.9524236053243841f,0.28631501946059995f,-0.1044652365726429f,-0.522238495310493f,-0.06611586554893187f,0.14050189594348161f,0.987870391073142f,0.24853053968867206f,0.2975196940432978f,0.9477778889948655f,-0.11488735695810548f,0.05276639935458528f,0f,0f,0f,1f],start_interpolation:0}
execute if entity @s[tag=aj.dino.bone.leg_right_0] run data modify entity @s {} merge value {transformation:[-0.9518754704940916f,0.03266365893709956f,-0.30473951837018554f,-0.37392606457167976f,-0.008388232206588637f,0.9911556952870487f,0.13243876041588176f,0.6278844823208249f,0.3063702437119182f,0.12862143322513464f,-0.9431828034283768f,0.14442493775793863f,0f,0f,0f,1f],start_interpolation:0}
execute if entity @s[tag=aj.dino.bone.tail_4] run data modify entity @s {} merge value {transformation:[-2.4807789995538996f,0.3308771002243695f,-1.16701209570401f,-0.8567756980705354f,0.410921875512528f,2.7288903576518315f,-0.09980961747310235f,0.06452072435874079f,1.1412887886935619f,-0.26332317038569386f,-2.500756313666009f,-1.4045516078328755f,0f,0f,0f,1f],start_interpolation:0}
execute if entity @s[tag=aj.dino.bone.tail_3] run data modify entity @s {} merge value {transformation:[-1.9241912530883336f,0.09851484324133394f,-0.7897647581678531f,-0.7238248252344001f,0.3033190716991177f,2.0011092057319604f,-0.4893924943466457f,0.12792118175060568f,0.7358200108221964f,-0.5672762100074192f,-1.8635214351538016f,-1.0830159941765065f,0f,0f,0f,1f],start_interpolation:0}
execute if entity @s[tag=aj.dino.bone.tail_2] run data modify entity @s {} merge value {transformation:[-1.8508591473317795f,0.04737222680635267f,-0.6251801051444792f,-0.6089625453464527f,0.260654504827195f,1.8303464249603603f,-0.632981096677377f,0.24621926099612004f,0.5702223433489291f,-0.6829068104544079f,-1.7399019059657987f,-0.7593128816259699f,0f,0f,0f,1f],start_interpolation:0}
execute if entity @s[tag=aj.dino.bone.tail_1] run data modify entity @s {} merge value {transformation:[-1.270298992065359f,0.004786300988684704f,-0.8209590806371408f,-0.4311462102765504f,0.23927632913933447f,1.4489682136995545f,-0.36179304028951076f,0.3061323493066219f,0.7853302229453151f,-0.4337331633748662f,-1.2176979239193493f,-0.4927262168615177f,0f,0f,0f,1f],start_interpolation:0}
execute if entity @s[tag=aj.dino.bone.tail_0] run data modify entity @s {} merge value {transformation:[-1.109988174106083f,0.06653999736223787f,-0.6303446665751243f,-0.245339119463228f,0.3701479496898519f,1.099936918371643f,-0.5356911307157517f,0.48921718552798915f,0.5145410238932072f,-0.64772441743241f,-0.9744415479528787f,-0.22360249243339125f,0f,0f,0f,1f],start_interpolation:0}
execute if entity @s[tag=aj.dino.bone.body_1] run data modify entity @s {} merge value {transformation:[-1.2076315154066788f,0.15844527340920506f,-0.212428372368432f,-0.20662491210517875f,0.21254678917030984f,1.1710219309582177f,-0.3348672792085383f,0.48819250000000003f,0.1582863874949795f,-0.36360325576845376f,-1.1710434180612688f,0.07313995814494768f,0f,0f,0f,1f],start_interpolation:0}