execute if entity @s[tag=aj.dino.bone.head_lower] run data modify entity @s {} merge value {transformation:[-0.8865376872312851f,-0.3091871389883927f,-0.34417182075640174f,-0.1367544447590774f,-0.46198459461810665f,0.5515272797361364f,0.6945414991506272f,0.46772177680682003f,-0.024923150967480275f,0.7747392934342686f,-0.6317894140889211f,0.8736223358806223f,0f,0f,0f,1f],start_interpolation:0}
execute if entity @s[tag=aj.dino.bone.head_upper] run data modify entity @s {} merge value {transformation:[-0.9227967092483418f,-0.44020009402156546f,-0.19529990580474912f,-0.1603889449851368f,-0.4808795720444062f,0.819542504798313f,0.42494336399431215f,0.5152695843383341f,-0.025942497457403985f,0.46695385493196107f,-0.9299209787790362f,0.8199933055909802f,0f,0f,0f,1f],start_interpolation:0}
execute if entity @s[tag=aj.dino.bone.neck_0] run data modify entity @s {} merge value {transformation:[-0.8546875311641642f,-0.5061706710849053f,-0.1153276888087279f,-0.15935397961270195f,-0.5132826496016916f,0.7906397062231587f,0.33381098927570396f,0.5241867183752076f,-0.07778268245807075f,0.34449979198370184f,-0.9355585217573581f,0.7539315933701848f,0f,0f,0f,1f],start_interpolation:0}
execute if entity @s[tag=aj.dino.bone.neck_1] run data modify entity @s {} merge value {transformation:[-0.9006680912195137f,-0.4344121760416823f,-0.00911321928455526f,-0.16212727149060893f,-0.42378667398669545f,0.8736213431686826f,0.23914557012715304f,0.5484701512758956f,-0.09592624463770145f,0.2192528450599383f,-0.9709409588243924f,0.6726902210082597f,0f,0f,0f,1f],start_interpolation:0}
execute if entity @s[tag=aj.dino.bone.neck_2] run data modify entity @s {} merge value {transformation:[-0.9618762814495312f,-0.2702424819509162f,0.04198833330618429f,-0.1610946213803381f,-0.2619571394345189f,0.9545136627938808f,0.14241532445314048f,0.5702920871427155f,-0.07856510856675805f,0.125986779023904f,-0.9889160000864964f,0.5872872518390628f,0f,0f,0f,1f],start_interpolation:0}
execute if entity @s[tag=aj.dino.bone.body_0] run data modify entity @s {} merge value {transformation:[-0.9576086954279308f,-0.1361108371029787f,0.25388861034702437f,-0.04273449726802655f,-0.16586840234020545f,0.9811007411690562f,-0.09964441169797725f,0.5326762605115644f,-0.2355276194970019f,-0.1375324532634195f,-0.9620870879257348f,0.13254904659334316f,0f,0f,0f,1f],start_interpolation:0}
execute if entity @s[tag=aj.dino.bone.leg_left_3] run data modify entity @s {} merge value {transformation:[-0.9050927437752788f,-0.0875761714467208f,-0.4160979924970461f,0.30461155766384496f,-0.10393970843347387f,0.9944418953422403f,0.016788501984928247f,0.047056218926535054f,0.4123150035786979f,0.05844425534531213f,-0.9091647853062892f,-0.2465979331528483f,0f,0f,0f,1f],start_interpolation:0}
execute if entity @s[tag=aj.dino.bone.leg_left_2] run data modify entity @s {} merge value {transformation:[-0.8905704348935809f,-0.27555534524738545f,-0.4278034030950976f,0.22577735379690345f,-0.3268609469217902f,0.9706569715534108f,0.055219239879289596f,0.2745143865369076f,0.39001079648074244f,0.1842728812957837f,-0.9305897502917716f,-0.23179852931307032f,0f,0f,0f,1f],start_interpolation:0}
execute if entity @s[tag=aj.dino.bone.leg_left_1] run data modify entity @s {} merge value {transformation:[-0.962197798317843f,0.26183344978228107f,-0.07495759792979739f,0.3200475602377716f,-0.025094726172460616f,0.18881898152109555f,0.9816912177134244f,0.2742451595334915f,0.2711930154532462f,0.9464621687064129f,-0.17511056957513862f,0.02921189452893337f,0f,0f,0f,1f],start_interpolation:0}
execute if entity @s[tag=aj.dino.bone.leg_left_0] run data modify entity @s {} merge value {transformation:[-0.9528451697219169f,-0.19527685559472063f,-0.23227792018754145f,0.15149172703609748f,-0.07544142738526607f,0.893844765047107f,-0.4419843063186245f,0.6524059500619862f,0.29392970855577855f,-0.40361923351956447f,-0.8664276315777297f,-0.024552649224421436f,0f,0f,0f,1f],start_interpolation:0}
execute if entity @s[tag=aj.dino.bone.leg_right_3] run data modify entity @s {} merge value {transformation:[-0.9956943002175961f,-0.0096611774868241f,0.09219285310565001f,-0.26995765855656145f,0.008376405116616196f,0.9811079631260797f,0.1932795915970385f,0.07479681826665291f,-0.0923184507642659f,0.19321963238802548f,-0.9768026808461993f,-0.10945737855997582f,0f,0f,0f,1f],start_interpolation:0}
execute if entity @s[tag=aj.dino.bone.leg_right_2] run data modify entity @s {} merge value {transformation:[-1.0216486590484104f,0.017971824379945912f,0.08929294761477925f,-0.2614239368064483f,0.024671195607041226f,1.0225487162575453f,0.07646995807544386f,0.31547642921942726f,-0.08767866942762319f,0.07831561727521144f,-1.0189412713787278f,-0.12255594835703676f,0f,0f,0f,1f],start_interpolation:0}
execute if entity @s[tag=aj.dino.bone.leg_right_1] run data modify entity @s {} merge value {transformation:[-0.9345298958016058f,-0.029683590300808166f,-0.35464455207981627f,-0.26929077050981176f,-0.3556549424113653f,0.1136940141447012f,0.9276762544584359f,0.290079979711618f,0.012784200851371379f,0.9930722811631175f,-0.11680757079091048f,0.15368039780263593f,0f,0f,0f,1f],start_interpolation:0}
execute if entity @s[tag=aj.dino.bone.leg_right_0] run data modify entity @s {} merge value {transformation:[-0.9725574904501945f,-0.18297363614313805f,0.14371004225793835f,-0.2397463322798148f,-0.23202671974687297f,0.8083994498106528f,-0.54097498174069f,0.6785016731519946f,-0.017190959622021256f,-0.5594738403378592f,-0.8286697127836166f,0.0034705685668730557f,0f,0f,0f,1f],start_interpolation:0}
execute if entity @s[tag=aj.dino.bone.tail_4] run data modify entity @s {} merge value {transformation:[-2.7603138239303076f,-0.06200134238856039f,-0.04984735260032451f,-0.22495953812840647f,-0.043888189742987055f,2.6299543638584333f,-0.8408776381989641f,0.47482014760441194f,0.06635323519112037f,-0.8397363926637932f,-2.6298481649357f,-1.7238684339402903f,0f,0f,0f,1f],start_interpolation:0}
execute if entity @s[tag=aj.dino.bone.tail_3] run data modify entity @s {} merge value {transformation:[-2.0771878597641824f,0.06583318870811689f,-0.13000812496633266f,-0.2035591939057116f,0.10898490705249858f,1.9350110199464656f,-0.7614461036507711f,0.5849976662697022f,0.09673888219065965f,-0.7663836310847877f,-1.9337122962639093f,-1.3884826216543866f,0f,0f,0f,1f],start_interpolation:0}
execute if entity @s[tag=aj.dino.bone.tail_2] run data modify entity @s {} merge value {transformation:[-1.9391051720782406f,0.12144938914295392f,-0.20951146149792702f,-0.16601643320224713f,0.18811607640862932f,1.8201046980287148f,-0.6860066362748976f,0.7130970022848893f,0.1525036013306464f,-0.7008871586021391f,-1.8177661338826232f,-1.0506178777103474f,0f,0f,0f,1f],start_interpolation:0}
execute if entity @s[tag=aj.dino.bone.tail_1] run data modify entity @s {} merge value {transformation:[-1.4327606837683335f,0.14238585437005952f,-0.46322709497934816f,-0.06670683127784315f,0.18455523024279386f,1.4971147119860757f,-0.11064879640049925f,0.7184303891298651f,0.4480986945280327f,-0.16133833279837137f,-1.4355604314455435f,-0.740157195901513f,0f,0f,0f,1f],start_interpolation:0}
execute if entity @s[tag=aj.dino.bone.tail_0] run data modify entity @s {} merge value {transformation:[-1.2748305349959197f,0.09296649727533832f,0.00023240137615080647f,-0.06453129717693082f,0.09295082991084525f,1.2745485245906527f,0.026868536742877352f,0.7413359045180035f,0.0017224531721467516f,0.026814276648321967f,-1.2779333880554669f,-0.3660682817153789f,0f,0f,0f,1f],start_interpolation:0}
execute if entity @s[tag=aj.dino.bone.body_1] run data modify entity @s {} merge value {transformation:[-1.2304878978428704f,0.09975264549663392f,-0.06747990837950778f,-0.055562212289930676f,0.08207399736073694f,1.2015423496401785f,0.2795790336106031f,0.5954052914951989f,0.08813618596078247f,0.2737699523209804f,-1.202450257177695f,-0.10495578966241424f,0f,0f,0f,1f],start_interpolation:0}