execute if entity @s[tag=aj.dino.bone.head_lower] run data modify entity @s {} merge value {transformation:[-0.999422275014756f,-0.03156182853166365f,0.012608218909372781f,0.295256286886778f,-0.024189412322496343f,0.9211498223900645f,0.38845575944017724f,0.6510769166513078f,-0.023874432680612012f,0.3879263534364359f,-0.9213811132065213f,0.7954714601844326f,0f,0f,0f,1f],start_interpolation:0}
execute if entity @s[tag=aj.dino.bone.head_upper] run data modify entity @s {} merge value {transformation:[-1.0402982296369117f,-0.03200150221083264f,-0.015081109178833286f,0.2931751113558179f,-0.025178749207564643f,0.35805695482665106f,0.9770533200762972f,0.726464656537515f,-0.024850887029568763f,0.9768536551295812f,-0.3586241939096244f,0.7926761292459268f,0f,0f,0f,1f],start_interpolation:0}
execute if entity @s[tag=aj.dino.bone.neck_0] run data modify entity @s {} merge value {transformation:[-0.9304275952772622f,-0.008682909440445957f,-0.36637289341628376f,0.2699263374357434f,-0.10426361542669849f,0.9646776726736984f,0.24192165331571716f,0.7264829270266137f,0.3513311663441263f,0.26328994460196464f,-0.8984680387341389f,0.7301922878811437f,0f,0f,0f,1f],start_interpolation:0}
execute if entity @s[tag=aj.dino.bone.neck_1] run data modify entity @s {} merge value {transformation:[-0.9340204248413628f,0.09366026875968908f,-0.3447224971408484f,0.24115529859578086f,0.031615069804385845f,0.9829026079584066f,0.18139170496421955f,0.746377294655249f,0.35581783729940136f,0.15852513152312955f,-0.9210121873977299f,0.652900772788882f,0f,0f,0f,1f],start_interpolation:0}
execute if entity @s[tag=aj.dino.bone.neck_2] run data modify entity @s {} merge value {transformation:[-0.8805551703787312f,0.142230155593755f,-0.45209863388320404f,0.20294058964496814f,0.2008098059219116f,0.976016757599195f,-0.08406373017632562f,0.7485684954811963f,0.42929944533494024f,-0.16480859117573363f,-0.8879978122212815f,0.5734919253417261f,0f,0f,0f,1f],start_interpolation:0}
execute if entity @s[tag=aj.dino.bone.body_0] run data modify entity @s {} merge value {transformation:[-0.6803182086984937f,-0.01774642360189274f,-0.7327019853682769f,-0.14254816529449316f,0.3986159400825106f,0.8299603438537246f,-0.3902193741247906f,0.572565977504472f,0.6150385900294459f,-0.5575400363019225f,-0.557563127094181f,0.30540324863314405f,0f,0f,0f,1f],start_interpolation:0}
execute if entity @s[tag=aj.dino.bone.leg_left_3] run data modify entity @s {} merge value {transformation:[-0.5871631111952624f,-0.06750801280588711f,-0.8066487147814099f,0.07287112303138919f,-0.06504209928306896f,0.9972288436466512f,-0.03611313777580871f,0.04223543341039465f,0.8068512912379524f,0.03126182346190534f,-0.5899268532805447f,-0.0003990360178664637f,0f,0f,0f,1f],start_interpolation:0}
execute if entity @s[tag=aj.dino.bone.leg_left_2] run data modify entity @s {} merge value {transformation:[-0.6043084452400901f,0.24271324895726182f,-0.7924416579741436f,0.10401972127751352f,-0.064789441562489f,0.9638940086740746f,0.3446343973037777f,0.27746796092884024f,0.8262419928654194f,0.2531023870364075f,-0.5525627117377238f,0.04280391400410427f,0f,0f,0f,1f],start_interpolation:0}
execute if entity @s[tag=aj.dino.bone.leg_left_1] run data modify entity @s {} merge value {transformation:[-0.7230171439739889f,0.652250876224299f,-0.22762909300950618f,0.307687833299856f,0.08809790089945002f,0.4138641148090298f,0.906065811257907f,0.3400930500289381f,0.6851897323930116f,0.6350474698303838f,-0.3566927833377354f,0.22059813218969374f,0f,0f,0f,1f],start_interpolation:0}
execute if entity @s[tag=aj.dino.bone.leg_left_0] run data modify entity @s {} merge value {transformation:[-0.6863923708801809f,-0.6522671724139122f,-0.32157899338831814f,-0.0020456192617564484f,0.06490638050565803f,0.38548498661435837f,-0.9204284257152116f,0.5739226405264622f,0.7243291206124042f,-0.6526475778596651f,-0.22225765261689723f,0.0666624653139608f,0f,0f,0f,1f],start_interpolation:0}
execute if entity @s[tag=aj.dino.bone.leg_right_3] run data modify entity @s {} merge value {transformation:[-0.9833682539876468f,-0.036717883182261726f,-0.17787263449980276f,-0.7654359684844769f,-0.042204936349799264f,0.9987396887026608f,0.027162061000982562f,0.058018593689714126f,0.17665112622623172f,0.034217411718677315f,-0.9836785797903084f,-0.20896168692115116f,0f,0f,0f,1f],start_interpolation:0}
execute if entity @s[tag=aj.dino.bone.leg_right_2] run data modify entity @s {} merge value {transformation:[-0.9204281944579813f,0.41383260314265025f,-0.18334861582158857f,-0.6732105507072115f,0.35215077407977036f,0.9157497632447587f,0.2990892892312946f,0.2801754135275519f,0.28436590981081616f,0.20544378110334754f,-0.9638418343504918f,-0.1913012287911096f,0f,0f,0f,1f],start_interpolation:0}
execute if entity @s[tag=aj.dino.bone.leg_right_1] run data modify entity @s {} merge value {transformation:[-0.9004561666764556f,0.4183561181237169f,-0.11898256310400167f,-0.5711790254237301f,-0.021229484243818333f,0.23095630830788144f,0.9727324877125962f,0.29090614326157815f,0.4344283610597778f,0.8784289055360422f,-0.19908454743064816f,0.06655106409663492f,0f,0f,0f,1f],start_interpolation:0}
execute if entity @s[tag=aj.dino.bone.leg_right_0] run data modify entity @s {} merge value {transformation:[-0.8929318459214997f,0.1486611124788862f,-0.42493833926319574f,-0.3743909960307932f,0.03486697086485647f,0.9639065272649667f,0.26394791349563873f,0.6438259841657679f,0.44883962935767174f,0.22087118493033864f,-0.8658861973640276f,0.17157170943962982f,0f,0f,0f,1f],start_interpolation:0}
execute if entity @s[tag=aj.dino.bone.tail_4] run data modify entity @s {} merge value {transformation:[-2.5305904588856825f,0.03289298713655603f,-1.1048489998158046f,-1.0064957289333962f,0.09584837246047932f,2.7563699659517553f,-0.13747374984264102f,0.05959863424756882f,1.1011749863184446f,-0.16432891953747575f,-2.527067665756146f,-1.3081526428959354f,0f,0f,0f,1f],start_interpolation:0}
execute if entity @s[tag=aj.dino.bone.tail_3] run data modify entity @s {} merge value {transformation:[-1.9056453157660407f,-0.07875017449085783f,-0.8356194508034444f,-0.8640349173835463f,0.0733834775586678f,2.049535857094292f,-0.3605040384664314f,0.10067047968098491f,0.8361078409898971f,-0.3593698742895252f,-1.8728914805008823f,-0.987062742525311f,0f,0f,0f,1f],start_interpolation:0}
execute if entity @s[tag=aj.dino.bone.tail_2] run data modify entity @s {} merge value {transformation:[-1.7874514411014224f,-0.11963221246349073f,-0.7806915872790703f,-0.7202562453023152f,0.06946249092526587f,1.9003237261304942f,-0.45024279368219633f,0.18487318284730214f,0.7867440391014611f,-0.4395813288225304f,-1.7339480809100696f,-0.6642484271624642f,0f,0f,0f,1f],start_interpolation:0}
execute if entity @s[tag=aj.dino.bone.tail_1] run data modify entity @s {} merge value {transformation:[-1.1782613025279742f,-0.17675456415048155f,-0.9317265569989164f,-0.5164727658431297f,0.1729663723236956f,1.4210181603066445f,-0.4883096068314659f,0.272416235927356f,0.9324372295282201f,-0.486951190706721f,-1.086782223289949f,-0.42532336703741436f,0f,0f,0f,1f],start_interpolation:0}
execute if entity @s[tag=aj.dino.bone.tail_0] run data modify entity @s {} merge value {transformation:[-1.0326501475181677f,-0.1239689457757219f,-0.7430350529402971f,-0.30233224512545764f,0.33778463428676603f,1.0507309567535335f,-0.6447493419489374f,0.4861829887131457f,0.673328248519613f,-0.7172390630655082f,-0.816108395216254f,-0.20414578207238102f,0f,0f,0f,1f],start_interpolation:0}
execute if entity @s[tag=aj.dino.bone.body_1] run data modify entity @s {} merge value {transformation:[-1.1710682767754164f,0.09104722877089501f,-0.385893882200336f,-0.21875f,0.21985391328572762f,1.1505035507621975f,-0.395740358761622f,0.5006925f,0.32995142521204274f,-0.44345978044571954f,-1.1059295073302935f,0.08283749999999998f,0f,0f,0f,1f],start_interpolation:0}