execute if entity @s[tag=aj.dino.bone.head_lower] run data modify entity @s {} merge value {transformation:[-0.9999153721956091f,-0.006894585073348336f,-0.011032367995240775f,0.3107842823826434f,-0.010794600731045434f,0.9130142141407585f,0.4077848959586303f,0.640453367058472f,0.007261201138472839f,0.4078694760258482f,-0.9130113720455112f,0.7793363286376589f,0f,0f,0f,1f],start_interpolation:0}
execute if entity @s[tag=aj.dino.bone.head_upper] run data modify entity @s {} merge value {transformation:[-1.0408114942870046f,0.003337074153089907f,-0.013124019188349056f,0.3096313825387122f,-0.011236095403194889f,0.3502354648127336f,0.9801432609220991f,0.7158828180337734f,0.007558181239535905f,0.9802019820970638f,-0.35016980277123416f,0.7772090676495972f,0f,0f,0f,1f],start_interpolation:0}
execute if entity @s[tag=aj.dino.bone.neck_0] run data modify entity @s {} merge value {transformation:[-0.9206721334441067f,0.012271452276510612f,-0.3901438634125905f,0.2845022523144085f,-0.09553652148366984f,0.962021718008508f,0.25570879363596244f,0.7168328820487678f,0.3784647880084446f,0.2726969481658792f,-0.8845342156744073f,0.7154647525523002f,0f,0f,0f,1f],start_interpolation:0}
execute if entity @s[tag=aj.dino.bone.neck_1] run data modify entity @s {} merge value {transformation:[-0.9249329068043043f,0.11006173502453986f,-0.36384822714138376f,0.25418657262309324f,0.04181464511477316f,0.9808167617137489f,0.1903943680765818f,0.7374802841700553f,0.3778235743895098f,0.16088783181068506f,-0.9117918908450497f,0.6389652022593301f,0f,0f,0f,1f],start_interpolation:0}
execute if entity @s[tag=aj.dino.bone.neck_2] run data modify entity @s {} merge value {transformation:[-0.8690501252617029f,0.14947087645468718f,-0.47160400430285354f,0.21433393811592014f,0.21211845111949248f,0.9737763473894452f,-0.0822519784536408f,0.7398082730188378f,0.44694254941467093f,-0.17151700311263118f,-0.8779659874767222f,0.5603695383528635f,0f,0f,0f,1f],start_interpolation:0}
execute if entity @s[tag=aj.dino.bone.body_0] run data modify entity @s {} merge value {transformation:[-0.6508035219480324f,-0.030147019440823472f,-0.7586474365862389f,-0.14350094186323517f,0.4065732616010328f,0.8300339530882053f,-0.38176146960093466f,0.5677926349470348f,0.6412121012357259f,-0.5568974716584748f,-0.5279320479846465f,0.306251999343493f,0f,0f,0f,1f],start_interpolation:0}
execute if entity @s[tag=aj.dino.bone.leg_left_3] run data modify entity @s {} merge value {transformation:[-0.5899143157873113f,-0.0614550448407962f,-0.8051238274283055f,0.08096532182024146f,-0.07198887005157406f,0.9971317322360953f,-0.02336474173924402f,0.04694245473941458f,0.8042503979594203f,0.04417675895150877f,-0.5926463628089305f,0.00306402151038572f,0f,0f,0f,1f],start_interpolation:0}
execute if entity @s[tag=aj.dino.bone.leg_left_2] run data modify entity @s {} merge value {transformation:[-0.6071435887396438f,0.23206968456130694f,-0.7934623643630844f,0.10959697788006437f,-0.07193330801320501f,0.9658942538176013f,0.33754420324027384f,0.2824110349028264f,0.8235681279355813f,0.25544892141179487f,-0.555466998748735f,0.046720041634929405f,0f,0f,0f,1f],start_interpolation:0}
execute if entity @s[tag=aj.dino.bone.leg_left_1] run data modify entity @s {} merge value {transformation:[-0.7262312171426453f,0.6474403698463919f,-0.23110427676847356f,0.31220654663843983f,0.08150954780334206f,0.41490062631565056f,0.90620839981749f,0.34544136059542496f,0.6826012107112077f,0.639279624089528f,-0.35408635861826876f,0.22557732091199909f,0f,0f,0f,1f],start_interpolation:0}
execute if entity @s[tag=aj.dino.bone.leg_left_0] run data modify entity @s {} merge value {transformation:[-0.6892214120133989f,-0.6586529401865193f,-0.30191083055417206f,-0.0019642257947836694f,0.05956879305428259f,0.36376568327775327f,-0.9295838243878417f,0.5708679220819325f,0.7220979186483731f,-0.6586735398155319f,-0.21147993718214636f,0.06813885772865019f,0f,0f,0f,1f],start_interpolation:0}
execute if entity @s[tag=aj.dino.bone.leg_right_3] run data modify entity @s {} merge value {transformation:[-0.9837635694545769f,-0.033382432217463356f,-0.1763373262620153f,-0.7647109983180506f,-0.03926755543155576f,0.9987785877251478f,0.029989861489995495f,0.06150198492544515f,0.1751208111688033f,0.03642726892049253f,-0.9838728350628317f,-0.21336925509304863f,0f,0f,0f,1f],start_interpolation:0}
execute if entity @s[tag=aj.dino.bone.leg_right_2] run data modify entity @s {} merge value {transformation:[-0.9183515459684677f,0.41960263546304594f,-0.18062742269789991f,-0.6710597189958735f,0.3531136333270403f,0.9093139065861137f,0.31705075421511203f,0.282712211881447f,0.2898333995187513f,0.22168456667585398f,-0.9586004135831763f,-0.19176959219268525f,0f,0f,0f,1f],start_interpolation:0}
execute if entity @s[tag=aj.dino.bone.leg_right_1] run data modify entity @s {} merge value {transformation:[-0.9020997805222586f,0.41728521883058933f,-0.10995013473024906f,-0.5698309033110672f,-0.023950222057118158f,0.20598512328739682f,0.9782619873263454f,0.2863116018770368f,0.4308623595129975f,0.8851232542023642f,-0.17582506085626526f,0.06659673093491743f,0f,0f,0f,1f],start_interpolation:0}
execute if entity @s[tag=aj.dino.bone.leg_right_0] run data modify entity @s {} merge value {transformation:[-0.8948370864351383f,0.14427209319774179f,-0.42243597368668173f,-0.37474832069724867f,0.03219173619376545f,0.9647245632937274f,0.26128568483282455f,0.6400804169477738f,0.4452305929078816f,0.2202091735193364f,-0.8679156865945141f,0.17194230515909842f,0f,0f,0f,1f],start_interpolation:0}
execute if entity @s[tag=aj.dino.bone.tail_4] run data modify entity @s {} merge value {transformation:[-2.5375697511909476f,0.041319943327801326f,-1.0884363792726237f,-0.9986083288502025f,0.09615829761567407f,2.7571963657636056f,-0.11951198274492587f,0.06717329804984873f,1.0849675899492885f,-0.1477233715542512f,-2.5350906228094243f,-1.319803145775362f,0f,0f,0f,1f],start_interpolation:0}
execute if entity @s[tag=aj.dino.bone.tail_3] run data modify entity @s {} merge value {transformation:[-1.9115783632532874f,-0.0811618257144484f,-0.821721634881925f,-0.8584804733984577f,0.07336854684843334f,2.0473186741877902f,-0.37289251628283443f,0.1103674683909084f,0.8224540981232178f,-0.37127419842091397f,-1.8766113748220956f,-0.9979659956360283f,0f,0f,0f,1f],start_interpolation:0}
execute if entity @s[tag=aj.dino.bone.tail_2] run data modify entity @s {} merge value {transformation:[-1.7932656834658456f,-0.11828167327072334f,-0.7674513074292255f,-0.7171671183704926f,0.06930386145475842f,1.8992773643080867f,-0.4546606902044244f,0.1953910825888403f,0.7734138855063372f,-0.444442138188968f,-1.7386995204781028f,-0.6742794115943012f,0f,0f,0f,1f],start_interpolation:0}
execute if entity @s[tag=aj.dino.bone.tail_1] run data modify entity @s {} merge value {transformation:[-1.1855943134202445f,-0.1640443172698663f,-0.9247225724275593f,-0.5150391821325739f,0.1659969528394743f,1.4291978102589737f,-0.4663634642625471f,0.27811824125864426f,0.9243740507140972f,-0.4670538846026422f,-1.1022928527591902f,-0.43225215773753184f,0f,0f,0f,1f],start_interpolation:0}
execute if entity @s[tag=aj.dino.bone.tail_0] run data modify entity @s {} merge value {transformation:[-1.0360091248115797f,-0.10705998833839749f,-0.740985133985935f,-0.30108965211428906f,0.3335768259612545f,1.0665613061915258f,-0.6204910941348547f,0.4851781847502547f,0.6702591372542315f,-0.6962907838080555f,-0.8365210994919401f,-0.20460398685318817f,0f,0f,0f,1f],start_interpolation:0}
execute if entity @s[tag=aj.dino.bone.body_1] run data modify entity @s {} merge value {transformation:[-1.1724480948705467f,0.09317821135827867f,-0.38116647389132674f,-0.21875f,0.21768111584246821f,1.1537013155274418f,-0.38754716024256786f,0.49756750000000005f,0.32647356967487184f,-0.43462131854589525f,-1.1104611262108297f,0.08283749999999998f,0f,0f,0f,1f],start_interpolation:0}