execute if entity @s[tag=aj.dino.bone.head_lower] run data modify entity @s {} merge value {transformation:[-0.9584857139386549f,-0.1857133164627655f,-0.21636936073276924f,-0.12463919376725795f,-0.27631138773809255f,0.792303451787266f,0.5439735814285773f,0.4336608574506075f,0.07040705349434793f,0.5811762248874125f,-0.8107262438356485f,0.8687186016503862f,0f,0f,0f,1f],start_interpolation:0}
execute if entity @s[tag=aj.dino.bone.head_upper] run data modify entity @s {} merge value {transformation:[-0.9976873802696985f,-0.23772028204776485f,-0.1777101610410158f,-0.14253772088019576f,-0.28761240836683566f,0.9282317814232033f,0.3730104624442085f,0.4801291321991963f,0.07328667264599448f,0.4066285406148281f,-0.9553817227440773f,0.8120105893340127f,0f,0f,0f,1f],start_interpolation:0}
execute if entity @s[tag=aj.dino.bone.neck_0] run data modify entity @s {} merge value {transformation:[-0.9259633204365553f,-0.37660599410365997f,-0.027565456849158974f,-0.13790793168683657f,-0.3629050401123979f,0.867346515962019f,0.3406023386730721f,0.4881917215094875f,-0.10436407939098434f,0.3253889156897347f,-0.9398032732860271f,0.7459931979894926f,0f,0f,0f,1f],start_interpolation:0}
execute if entity @s[tag=aj.dino.bone.neck_1] run data modify entity @s {} merge value {transformation:[-0.9476410799928114f,-0.3172214701861853f,0.036700440909787184f,-0.13626032230895466f,-0.29647309521697984f,0.9166657327516277f,0.2680067876218532f,0.5151183784577161f,-0.11865954374815887f,0.2430935483550246f,-0.9627177361125338f,0.6655582716610526f,0f,0f,0f,1f],start_interpolation:0}
execute if entity @s[tag=aj.dino.bone.neck_2] run data modify entity @s {} merge value {transformation:[-0.976670387794887f,-0.20452569234206178f,0.06545376059925792f,-0.13252851633384166f,-0.18906540494592866f,0.9634992525334501f,0.18953485964358865f,0.5411563135432772f,-0.10182939780444886f,0.1727380431158207f,-0.9796899214564271f,0.5814213002704395f,0f,0f,0f,1f],start_interpolation:0}
execute if entity @s[tag=aj.dino.bone.body_0] run data modify entity @s {} merge value {transformation:[-0.9716285339464539f,-0.10612456306147298f,0.21136596021137327f,-0.033923501027436596f,-0.1202338954561779f,0.991219606132267f,-0.05502274804502488f,0.5246669044978796f,-0.2036708187357661f,-0.07887502477974154f,-0.9758570223457419f,0.12075216189791711f,0f,0f,0f,1f],start_interpolation:0}
execute if entity @s[tag=aj.dino.bone.leg_left_3] run data modify entity @s {} merge value {transformation:[-0.941121593833776f,-0.020790684761009613f,-0.3374283524645517f,0.28081695393560696f,-0.02685050020810218f,0.9995509621774825f,0.01330130251683212f,0.04741307771905498f,0.33700029118436703f,0.02157826307277541f,-0.9412572349280584f,-0.2843502154184658f,0f,0f,0f,1f],start_interpolation:0}
execute if entity @s[tag=aj.dino.bone.leg_left_2] run data modify entity @s {} merge value {transformation:[-0.9465032929348323f,-0.19467906480841035f,-0.34393862488754673f,0.2233399178786371f,-0.2540873145554679f,0.9834500281146767f,0.14257586851893048f,0.2806658987790605f,0.30271001395098346f,0.21676785607478646f,-0.9557408349166789f,-0.2628889978465177f,0f,0f,0f,1f],start_interpolation:0}
execute if entity @s[tag=aj.dino.bone.leg_left_1] run data modify entity @s {} merge value {transformation:[-0.9762127670654283f,0.21103772667199158f,0.04971630858760153f,0.29747739410421703f,0.07010569095766725f,0.09025638357171811f,0.9934480244682674f,0.2511007812443258f,0.20516779843291177f,0.9733020410672488f,-0.10290437959834084f,0.002898368489477568f,0f,0f,0f,1f],start_interpolation:0}
execute if entity @s[tag=aj.dino.bone.leg_left_0] run data modify entity @s {} merge value {transformation:[-0.9732096014277303f,-0.0936255153129668f,-0.2099936536451989f,0.16465121516814282f,-0.01385495281107605f,0.9355559843417417f,-0.3529065605014416f,0.6455482726597517f,0.22950187792582705f,-0.34054260092495936f,-0.911789243731128f,-0.029898906851205137f,0f,0f,0f,1f],start_interpolation:0}
execute if entity @s[tag=aj.dino.bone.leg_right_3] run data modify entity @s {} merge value {transformation:[-0.9952745072704906f,0.007866226873745868f,0.09678211432001668f,-0.24486803050684133f,0.017180347167959322f,0.9952537766122617f,0.09578494563457746f,0.045013951472005265f,-0.09556929867206529f,0.09699506489405188f,-0.9906858566354564f,-0.12711140041664035f,0f,0f,0f,1f],start_interpolation:0}
execute if entity @s[tag=aj.dino.bone.leg_right_2] run data modify entity @s {} merge value {transformation:[-1.0210693220181386f,0.028319971154282864f,0.09315373512604566f,-0.23380375391226868f,0.02702605121109462f,1.0252283529365513f,-0.015447213070191158f,0.2834738762745568f,-0.09353732778975561f,-0.012922966746114362f,-1.0213451741410073f,-0.16154275404405224f,0f,0f,0f,1f],start_interpolation:0}
execute if entity @s[tag=aj.dino.bone.leg_right_1] run data modify entity @s {} merge value {transformation:[-0.9370755975073598f,-0.03306069725352809f,-0.34755764249018484f,-0.24301460438935057f,-0.34806344907664205f,0.16609438731127452f,0.922639956819866f,0.27273126631952194f,0.027224253398328336f,0.9855555006192207f,-0.16715021754727294f,0.11560908561177333f,0f,0f,0f,1f],start_interpolation:0}
execute if entity @s[tag=aj.dino.bone.leg_right_0] run data modify entity @s {} merge value {transformation:[-0.9669723676828956f,-0.2201832327574082f,0.12838919016113443f,-0.22748206362646997f,-0.25487250788983784f,0.8311393981539222f,-0.49421382574578054f,0.6689311604675175f,0.0021082835861175736f,-0.5106139881053329f,-0.8598074844356076f,-0.015126000034810655f,0f,0f,0f,1f],start_interpolation:0}
execute if entity @s[tag=aj.dino.bone.tail_4] run data modify entity @s {} merge value {transformation:[-2.4529374852178303f,-0.08885492177927f,1.2652524760255657f,0.055424381394044625f,-0.3111643240893636f,2.7126508598584254f,-0.41275102364907534f,0.49729733309198393f,-1.229607981686535f,-0.5092066839554936f,-2.419593787392383f,-1.744120369962294f,0f,0f,0f,1f],start_interpolation:0}
execute if entity @s[tag=aj.dino.bone.tail_3] run data modify entity @s {} merge value {transformation:[-1.98079351603606f,0.07223153650106834f,0.6381106314806555f,-0.053482443174474426f,-0.11045399870111698f,1.9999250800294426f,-0.569249606486126f,0.5742501932524143f,-0.632615591844589f,-0.5753501589887419f,-1.8986087626341543f,-1.4165562322574825f,0f,0f,0f,1f],start_interpolation:0}
execute if entity @s[tag=aj.dino.bone.tail_2] run data modify entity @s {} merge value {transformation:[-1.9426939797686664f,0.12099333585305537f,0.17342026597980076f,-0.08712861647977946f,0.0600403420040373f,1.8523159145121366f,-0.6197538101374483f,0.6899462333845371f,-0.2027538737124232f,-0.6107865752674955f,-1.845157039704314f,-1.0738408324155784f,0f,0f,0f,1f],start_interpolation:0}
execute if entity @s[tag=aj.dino.bone.tail_1] run data modify entity @s {} merge value {transformation:[-1.4888218288686346f,0.1108802548695472f,-0.24242809442042432f,-0.03489381336618845f,0.13731462793864221f,1.4979255134276588f,-0.15817742941570004f,0.7055424729102481f,0.22849618123357385f,-0.1777103691475283f,-1.4845419394072783f,-0.7524299432796171f,0f,0f,0f,1f],start_interpolation:0}
execute if entity @s[tag=aj.dino.bone.tail_0] run data modify entity @s {} merge value {transformation:[-1.275743150591651f,0.07547127980953332f,0.024884055666760333f,-0.040344256369189584f,0.07573648467896965f,1.275902725986855f,0.013112409840036456f,0.7325005275935206f,-0.02406481229902889f,0.014561467208080969f,-1.2779063209272377f,-0.37864462085570755f,0f,0f,0f,1f],start_interpolation:0}
execute if entity @s[tag=aj.dino.bone.body_1] run data modify entity @s {} merge value {transformation:[-1.233303464243492f,0.08207307534829689f,-0.028830026779812248f,-0.03916988304305546f,0.07354182390737386f,1.2025791650263542f,0.2774879223266188f,0.5869862317784257f,0.046462460951059444f,0.2750853634849364f,-1.204480750188637f,-0.11714866989707574f,0f,0f,0f,1f],start_interpolation:0}