execute if entity @s[tag=aj.dino.bone.head_lower] run data modify entity @s {} merge value {transformation:[-0.9502360583234748f,0.2689647243708886f,0.15719227241171246f,0.14390324041435737f,0.3114520836098547f,0.8088515245547531f,0.49875526146651505f,0.4592975882547244f,0.007002362240432047f,0.5228930944940307f,-0.8523695082847053f,0.8916112874867386f,0f,0f,0f,1f],start_interpolation:0}
execute if entity @s[tag=aj.dino.bone.head_upper] run data modify entity @s {} merge value {transformation:[-0.989100317177214f,0.0711243708373105f,0.31637608793402633f,0.16700340833642463f,0.3241903440577963f,0.194062985975741f,0.969903150256444f,0.5306184272076324f,0.007288755938414785f,1.0201729382465912f,-0.20655748035279245f,0.9002817352734748f,0f,0f,0f,1f],start_interpolation:0}
execute if entity @s[tag=aj.dino.bone.neck_0] run data modify entity @s {} merge value {transformation:[-0.9698563160675016f,0.21818113097669758f,-0.1085159908479112f,0.15675845687747278f,0.05379131353947183f,0.6260332778423874f,0.7779388341133346f,0.5707423356267494f,0.2376661961063733f,0.7486516740912593f,-0.6188985782086447f,0.8480337764896627f,0f,0f,0f,1f],start_interpolation:0}
execute if entity @s[tag=aj.dino.bone.neck_1] run data modify entity @s {} merge value {transformation:[-0.9429005535777536f,0.2675871653149177f,-0.19833218352424006f,0.14118985844527107f,0.14573472763873133f,0.8668802539144317f,0.4767389375049152f,0.6151219898017225f,0.29949947449508285f,0.4206135213375545f,-0.8563786139583308f,0.7774249818341958f,0f,0f,0f,1f],start_interpolation:0}
execute if entity @s[tag=aj.dino.bone.neck_2] run data modify entity @s {} merge value {transformation:[-0.8948527318666005f,0.26837698453923947f,-0.35666844889968424f,0.11257060572254646f,0.24149132736992135f,0.9631024851795578f,0.11880884582417897f,0.6349599110312254f,0.37539382929930454f,0.02018408309992853f,-0.9266456041623572f,0.6964414918561423f,0f,0f,0f,1f],start_interpolation:0}
execute if entity @s[tag=aj.dino.bone.body_0] run data modify entity @s {} merge value {transformation:[-0.8203265259226167f,0.17183534951036838f,-0.545469525754079f,-0.1428701897563563f,0.3110641552825646f,0.9344290543446452f,-0.17344000027363027f,0.5621198940812151f,0.4798994500581085f,-0.31195345014155856f,-0.8199887577148257f,0.3070121187485755f,0f,0f,0f,1f],start_interpolation:0}
execute if entity @s[tag=aj.dino.bone.leg_left_3] run data modify entity @s {} merge value {transformation:[-0.5610068247055771f,-0.0920851580473222f,-0.8226734870537433f,0.04560715578987779f,-0.10958471425585611f,0.9933086959454394f,-0.036455794609812464f,0.05222556399396208f,0.8205257662226264f,0.06970048942848364f,-0.5673440831966093f,-0.04558541358424108f,0f,0f,0f,1f],start_interpolation:0}
execute if entity @s[tag=aj.dino.bone.leg_left_2] run data modify entity @s {} merge value {transformation:[-0.5774034501420757f,0.31074217515109887f,-0.788737444177139f,0.09276941458142088f,-0.11023793906097751f,0.9186842663993832f,0.44263869573559594f,0.2798780302134136f,0.8405444973684082f,0.3339471795857617f,-0.4837627814240146f,0.018610754805286622f,0f,0f,0f,1f],start_interpolation:0}
execute if entity @s[tag=aj.dino.bone.leg_left_1] run data modify entity @s {} merge value {transformation:[-0.6918030857192397f,0.6976630760413116f,-0.18621150049852814f,0.3059563208930613f,0.06185813705434516f,0.31419131178379717f,0.9473422773632253f,0.31375856582799977f,0.7194317629000713f,0.6438556141932377f,-0.26051465717372596f,0.193014991977169f,0f,0f,0f,1f],start_interpolation:0}
execute if entity @s[tag=aj.dino.bone.leg_left_0] run data modify entity @s {} merge value {transformation:[-0.6544554040045714f,-0.6643066687642133f,-0.36108831884264436f,-0.0015744324099787321f,0.034841170397870214f,0.4505630868199749f,-0.892064458231894f,0.5673350781805275f,0.7552974361233591f,-0.5963971450557501f,-0.2717282251714579f,0.0687931471975724f,0f,0f,0f,1f],start_interpolation:0}
execute if entity @s[tag=aj.dino.bone.leg_right_3] run data modify entity @s {} merge value {transformation:[-0.9783272909504547f,-0.04078534218720103f,-0.20300804822522958f,-0.7603160859275769f,-0.056355597206277426f,0.995846137598475f,0.07151585064671254f,0.06347515531680364f,0.1992479822860649f,0.0814065482186293f,-0.9765619363164117f,-0.20329807578695347f,0f,0f,0f,1f],start_interpolation:0}
execute if entity @s[tag=aj.dino.bone.leg_right_2] run data modify entity @s {} merge value {transformation:[-0.9163769923961952f,0.40941934056078305f,-0.21140295854687394f,-0.6699926830466174f,0.34885095185244397f,0.9238930423227244f,0.2771044193801288f,0.286855850005212f,0.3010289366476943f,0.17566914761314262f,-0.9646678855328005f,-0.19262942083220091f,0f,0f,0f,1f],start_interpolation:0}
execute if entity @s[tag=aj.dino.bone.leg_right_1] run data modify entity @s {} merge value {transformation:[-0.9008631587510645f,0.4205921895269863f,-0.107460594237841f,-0.567972874562913f,-0.03152349902448856f,0.1835102726098596f,0.9825122130823147f,0.2839732828309453f,0.4329570858806994f,0.8884965897264606f,-0.15205910637032558f,0.06543459282177548f,0f,0f,0f,1f],start_interpolation:0}
execute if entity @s[tag=aj.dino.bone.leg_right_0] run data modify entity @s {} merge value {transformation:[-0.8937595219735917f,0.14146786539748346f,-0.42565333305568787f,-0.3738547042409904f,0.024494738399254534f,0.962938982488085f,0.26860477247354275f,0.6373401745969391f,0.44787713122271483f,0.22964180600380912f,-0.8641011030330998f,0.17386546628022614f,0f,0f,0f,1f],start_interpolation:0}
execute if entity @s[tag=aj.dino.bone.tail_4] run data modify entity @s {} merge value {transformation:[-2.5340779099775395f,-0.025849217296055774f,-1.0970151757058986f,-1.0071996473848561f,0.07610117377140992f,2.7499067465112095f,-0.24058850438611212f,0.08549261604114612f,1.094677618805864f,-0.25101002979425724f,-2.5227636051418307f,-1.31108110531535f,0f,0f,0f,1f],start_interpolation:0}
execute if entity @s[tag=aj.dino.bone.tail_3] run data modify entity @s {} merge value {transformation:[-1.9043547931263507f,-0.058750548023471634f,-0.8401944543069055f,-0.8641587963520503f,0.05955892118416827f,2.0626276062815014f,-0.27922324179277436f,0.11265412897597703f,0.8401375380546421f,-0.27939444689690923f,-1.8846891484377732f,-0.9887733787780122f,0f,0f,0f,1f],start_interpolation:0}
execute if entity @s[tag=aj.dino.bone.tail_2] run data modify entity @s {} merge value {transformation:[-1.7858793515887292f,-0.10551723228020582f,-0.7863046039949922f,-0.7193321555488771f,0.056604560485416434f,1.9149240396437985f,-0.38553303506873016f,0.18482139580529772f,0.7913309928873311f,-0.37510786593855766f,-1.7469582775812789f,-0.6635217628232334f,0f,0f,0f,1f],start_interpolation:0}
execute if entity @s[tag=aj.dino.bone.tail_1] run data modify entity @s {} merge value {transformation:[-1.1752664240367847f,-0.1825284825469132f,-0.9343920138736791f,-0.5149073805439633f,0.16212929482301586f,1.4243881766362356f,-0.48217078304174843f,0.2710126009679374f,0.9381466699253268f,-0.47482409934419134f,-1.0872346344694863f,-0.42465304466275455f,0f,0f,0f,1f],start_interpolation:0}
execute if entity @s[tag=aj.dino.bone.tail_0] run data modify entity @s {} merge value {transformation:[-1.03213707451239f,-0.1360259056008557f,-0.7416371949993472f,-0.3014663023240475f,0.3297511797863374f,1.049208528784524f,-0.6513534671277658f,0.48667249372627114f,0.6780803311043254f,-0.7172824636886851f,-0.8121260052714518f,-0.2046402539332949f,0f,0f,0f,1f],start_interpolation:0}
execute if entity @s[tag=aj.dino.bone.body_1] run data modify entity @s {} merge value {transformation:[-1.1708635143899018f,0.09914850689460894f,-0.3845163186489594f,-0.21875f,0.2201739372655513f,1.1584221314145853f,-0.3717340418284621f,0.4950675f,0.3304643143756425f,-0.42051436846522783f,-1.1147042647692602f,0.08283749999999998f,0f,0f,0f,1f],start_interpolation:0}