execute if entity @s[tag=aj.dino.bone.head_lower] run data modify entity @s {} merge value {transformation:[-0.9713043708442666f,0.1782235460762476f,0.1574934500315207f,0.175652423717494f,0.23072600816072972f,0.866812657488762f,0.44204222193754833f,0.5092177521667074f,-0.057734983649762456f,0.46569537730288624f,-0.883059730268391f,0.881847398959273f,0f,0f,0f,1f],start_interpolation:0}
execute if entity @s[tag=aj.dino.bone.head_upper] run data modify entity @s {} merge value {transformation:[-1.0110303149016426f,-0.003611244131311085f,0.24754111547219082f,0.1923223138078935f,0.24016260575866685f,0.23834193952285654f,0.9843713655136445f,0.5825041793469832f,-0.060096320424794555f,1.0132383832858947f,-0.23066935967113897f,0.8886790054556248f,0f,0f,0f,1f],start_interpolation:0}
execute if entity @s[tag=aj.dino.bone.neck_0] run data modify entity @s {} merge value {transformation:[-0.9737905297185738f,0.1530189638849624f,-0.16827715508051527f,0.17927206881122668f,0.0038637063987254907f,0.7508753485732549f,0.6604326481011195f,0.6130196294256642f,0.22741388700623283f,0.6424728847169856f,-0.7317865237896574f,0.830858294059799f,0f,0f,0f,1f],start_interpolation:0}
execute if entity @s[tag=aj.dino.bone.neck_1] run data modify entity @s {} merge value {transformation:[-0.9533394291349616f,0.2122809652917682f,-0.21466421367200592f,0.16206514431738187f,0.11077352876781706f,0.9074105397299036f,0.4053829519249797f,0.6515412130351722f,0.28084365433627134f,0.36268843952058893f,-0.8885853575527614f,0.7572543118970787f,0f,0f,0f,1f],start_interpolation:0}
execute if entity @s[tag=aj.dino.bone.neck_2] run data modify entity @s {} merge value {transformation:[-0.9021920749037796f,0.2386436110733915f,-0.35930305714628236f,0.13292397184310434f,0.22826112120050174f,0.9709532567331697f,0.07174004312475207f,0.6673324180924272f,0.3659867764402186f,-0.0172916203145716f,-0.9304593915576294f,0.6755697949810513f,0f,0f,0f,1f],start_interpolation:0}
execute if entity @s[tag=aj.dino.bone.body_0] run data modify entity @s {} merge value {transformation:[-0.8006561691401453f,0.14339460872915527f,-0.58171099783762f,-0.13986822713011798f,0.3319635346976823f,0.914445833447241f,-0.23149304378750019f,0.5669418542751693f,0.4987483438056188f,-0.37845317263618394f,-0.7797584790643568f,0.304467308356491f,0f,0f,0f,1f],start_interpolation:0}
execute if entity @s[tag=aj.dino.bone.leg_left_3] run data modify entity @s {} merge value {transformation:[-0.5720551890799713f,-0.07007373935612099f,-0.8172163310282834f,0.04269847813345615f,-0.07144401263620379f,0.9968140053847823f,-0.03546253977348113f,0.03078616591805383f,0.8170976769671523f,0.03809868398512187f,-0.5752389734479797f,-0.029479054369577498f,0f,0f,0f,1f],start_interpolation:0}
execute if entity @s[tag=aj.dino.bone.leg_left_2] run data modify entity @s {} merge value {transformation:[-0.5887375050441594f,0.29829306039995773f,-0.7851570542078189f,0.08705193303223657f,-0.07119376624216278f,0.9376614302093254f,0.4096152944492596f,0.261902182733949f,0.8368881629604575f,0.2896109319686057f,-0.5174996717695973f,0.023334105692213558f,0f,0f,0f,1f],start_interpolation:0}
execute if entity @s[tag=aj.dino.bone.leg_left_1] run data modify entity @s {} merge value {transformation:[-0.7034621552666749f,0.6833800100856119f,-0.19527610689214842f,0.29707152705732376f,0.09097580972062522f,0.35907280002853303f,0.9288649666799509f,0.30837568677715366f,0.7048860887783511f,0.6356559494687816f,-0.3147651755701393f,0.19867768044546605f,0f,0f,0f,1f],start_interpolation:0}
execute if entity @s[tag=aj.dino.bone.leg_left_0] run data modify entity @s {} merge value {transformation:[-0.6674616173160278f,-0.6418532980009611f,-0.37751732841706986f,-0.00181818467051853f,0.06370013335936511f,0.4559025693107925f,-0.8877472277094517f,0.5670527978967395f,0.7419146058812104f,-0.6165851045404094f,-0.2634113255709044f,0.06429624210472668f,0f,0f,0f,1f],start_interpolation:0}
execute if entity @s[tag=aj.dino.bone.leg_right_3] run data modify entity @s {} merge value {transformation:[-0.9713213213963134f,-0.03987958203277529f,-0.2344024520729479f,-0.7509076489131833f,-0.04657173622358136f,0.998648236781896f,0.02308186642218174f,0.0445058653203238f,0.2331651002745494f,0.03333643816158896f,-0.971865586336227f,-0.16412596526428821f,0f,0f,0f,1f],start_interpolation:0}
execute if entity @s[tag=aj.dino.bone.leg_right_2] run data modify entity @s {} merge value {transformation:[-0.9162001842744334f,0.39187256939157195f,-0.24305413223114763f,-0.6656528102479392f,0.34767308193690716f,0.9421842885243069f,0.20850514155562794f,0.27003202531241105f,0.3029238352006677f,0.10385978681418284f,-0.9744293172164546f,-0.17050057971555393f,0f,0f,0f,1f],start_interpolation:0}
execute if entity @s[tag=aj.dino.bone.leg_right_1] run data modify entity @s {} merge value {transformation:[-0.8943826160341084f,0.43058824171115045f,-0.12113423230484693f,-0.5600631242169495f,-0.0281791995135635f,0.21603355206309124f,0.9759792196034596f,0.2763981061034447f,0.4464142345969263f,0.8763123133239106f,-0.18108302147395522f,0.08606067394330369f,0f,0f,0f,1f],start_interpolation:0}
execute if entity @s[tag=aj.dino.bone.leg_right_0] run data modify entity @s {} merge value {transformation:[-0.8883659685365708f,0.12243790686438528f,-0.4425097342530996f,-0.37267165647565725f,0.028698785278550333f,0.9767109645067392f,0.21263130422365056f,0.6392400875706761f,0.4582382411689539f,0.17619492267083958f,-0.8711906011633738f,0.17287894890399713f,0f,0f,0f,1f],start_interpolation:0}
execute if entity @s[tag=aj.dino.bone.tail_4] run data modify entity @s {} merge value {transformation:[-2.500554709134153f,0.0008956446896010618f,-1.1717024690797575f,-1.0342559541746352f,0.062025335251122186f,2.757688543995828f,-0.13026159718489488f,0.05612973456693462f,1.1700599711185729f,-0.1442720476556838f,-2.4971597009104642f,-1.2579781477379046f,0f,0f,0f,1f],start_interpolation:0}
execute if entity @s[tag=aj.dino.bone.tail_3] run data modify entity @s {} merge value {transformation:[-1.8780251022538608f,-0.031682197303495606f,-0.8988678878026743f,-0.8815311421086692f,0.04824236761276081f,2.074457250071805f,-0.173911809938506f,0.06531855799984715f,0.8981313463608392f,-0.17767634069564284f,-1.8702237108660331f,-0.9391186163795027f,0f,0f,0f,1f],start_interpolation:0}
execute if entity @s[tag=aj.dino.bone.tail_2] run data modify entity @s {} merge value {transformation:[-1.7596839224415097f,-0.10086156781356719f,-0.843868065660639f,-0.7259831016003293f,0.046501790964361786f,1.9260243300842463f,-0.32717233740555496f,0.1266318695049869f,0.8486011734264488f,-0.3146920702281782f,-1.7319407681550583f,-0.6166019983651279f,0f,0f,0f,1f],start_interpolation:0}
execute if entity @s[tag=aj.dino.bone.tail_1] run data modify entity @s {} merge value {transformation:[-1.1432925897928794f,-0.24763598613961588f,-0.9587568630749672f,-0.5155499578177203f,0.1860460759745861f,1.3846414239112985f,-0.5794922215210058f,0.23422857598135766f,0.9725868402045906f,-0.5559683404273591f,-1.0161841824705296f,-0.3920635434135681f,0f,0f,0f,1f],start_interpolation:0}
execute if entity @s[tag=aj.dino.bone.tail_0] run data modify entity @s {} merge value {transformation:[-1.0200942718450456f,-0.22174150135555873f,-0.7376137876351937f,-0.30535308275679135f,0.341313662395083f,0.9672101973845162f,-0.762787738838196f,0.48047338710303117f,0.6904696785488914f,-0.8057113982289288f,-0.7126825957974581f,-0.20324437592506125f,0f,0f,0f,1f],start_interpolation:0}
execute if entity @s[tag=aj.dino.bone.body_1] run data modify entity @s {} merge value {transformation:[-1.166376067111515f,0.09290305750212917f,-0.39942519579075236f,-0.21875f,0.22703718160030217f,1.1491202971688679f,-0.3957034948819308f,0.49506750000000005f,0.34150488034099336f,-0.4466499295841643f,-1.1011279908175957f,0.08283749999999998f,0f,0f,0f,1f],start_interpolation:0}