execute if entity @s[tag=aj.dino.bone.head_lower] run data modify entity @s {} merge value {transformation:[-0.960096578051926f,0.22910370630884516f,0.1603934305653829f,0.15847207208831476f,0.2784757948863553f,0.8360672063731898f,0.4726974276318239f,0.4568929742729966f,-0.025802954780304088f,0.4985008707945061f,-0.8665051005860984f,0.8863690947377585f,0f,0f,0f,1f],start_interpolation:0}
execute if entity @s[tag=aj.dino.bone.head_upper] run data modify entity @s {} merge value {transformation:[-0.9993641280540091f,0.03318158745257009f,0.28920972389683713f,0.17884428109227302f,0.2898653388656261f,0.20883599995852145f,0.9776694497779645f,0.5290702701151148f,-0.026858284879587368f,1.0191950009487678f,-0.2097429978756743f,0.8947873817972056f,0f,0f,0f,1f],start_interpolation:0}
execute if entity @s[tag=aj.dino.bone.neck_0] run data modify entity @s {} merge value {transformation:[-0.9729470335619338f,0.18811302033440547f,-0.13411771495108651f,0.16743293465109937f,0.030107169453609917f,0.678814416546971f,0.7336924057365508f,0.565484037606583f,0.22905813286265322f,0.7098059449375322f,-0.6661140234980885f,0.8401197042923609f,0f,0f,0f,1f],start_interpolation:0}
execute if entity @s[tag=aj.dino.bone.neck_1] run data modify entity @s {} merge value {transformation:[-0.9489129517266318f,0.24175226054967136f,-0.20278080423100867f,0.1513684614799972f,0.12942849692215294f,0.8843106006078556f,0.44860118795768483f,0.607560354515366f,0.28777156605530546f,0.39943786271671544f,-0.8704234139764274f,0.7682235771250522f,0f,0f,0f,1f],start_interpolation:0}
execute if entity @s[tag=aj.dino.bone.neck_2] run data modify entity @s {} merge value {transformation:[-0.8989103691754231f,0.255680133320036f,-0.35579181780129954f,0.12270169810725631f,0.2359656138624024f,0.9667502883512522f,0.098560179825883f,0.6256600550113511f,0.3691617223703509f,0.004642132938576848f,-0.929353578213554f,0.6868506829045099f,0f,0f,0f,1f],start_interpolation:0}
execute if entity @s[tag=aj.dino.bone.body_0] run data modify entity @s {} merge value {transformation:[-0.8107938313684819f,0.16059403855074708f,-0.5628702495218403f,-0.14104708076920722f,0.32178289603240207f,0.9255699007210093f,-0.19943953143823154f,0.540482162009499f,0.4889469611684051f,-0.34282636080275714f,-0.8021227808153313f,0.3055473746470751f,0f,0f,0f,1f],start_interpolation:0}
execute if entity @s[tag=aj.dino.bone.leg_left_3] run data modify entity @s {} merge value {transformation:[-0.5670558588567888f,-0.07243328485624961f,-0.8204883132507875f,0.06376259874753376f,-0.08589080720585501f,0.9958951952037604f,-0.028557475511516994f,0.029839935383147054f,0.8191888806457983f,0.054278719725115665f,-0.5709495585524924f,-0.02083404991954614f,0f,0f,0f,1f],start_interpolation:0}
execute if entity @s[tag=aj.dino.bone.leg_left_2] run data modify entity @s {} merge value {transformation:[-0.5836506578771684f,0.2834482255038028f,-0.7943999071745839f,0.10437799025334077f,-0.08603941257402282f,0.9410006226294481f,0.3989702334706221f,0.2613823018256566f,0.8390538293483675f,0.29366159294403965f,-0.5116773786147905f,0.03310660803943952f,0f,0f,0f,1f],start_interpolation:0}
execute if entity @s[tag=aj.dino.bone.leg_left_1] run data modify entity @s {} merge value {transformation:[-0.7014583072150623f,0.6809228098991877f,-0.2104765312284798f,0.3144963053941372f,0.07583351130231591f,0.36494936293747043f,0.9279338559698616f,0.3098032353259637f,0.708664604592709f,0.6349457374063774f,-0.30763352994582827f,0.20780375312520605f,0f,0f,0f,1f],start_interpolation:0}
execute if entity @s[tag=aj.dino.bone.leg_left_0] run data modify entity @s {} merge value {transformation:[-0.6634362666530971f,-0.6755352913344169f,-0.3217209819876918f,-0.0016921727435432465f,0.05254086416137352f,0.38685290144942125f,-0.9206434110084861f,0.542749606650117f,0.7463858102098248f,-0.627691725930722f,-0.2211590367033071f,0.06614178594861926f,0f,0f,0f,1f],start_interpolation:0}
execute if entity @s[tag=aj.dino.bone.leg_right_3] run data modify entity @s {} merge value {transformation:[-0.9652924082600193f,-0.03932210972092389f,-0.258194380734105f,-0.7505691753530832f,-0.04878334437269493f,0.9983485412794969f,0.030337690039220933f,0.045396739046580564f,0.2565750413960551f,0.041880327269451983f,-0.9656165317145399f,-0.15888633614289308f,0f,0f,0f,1f],start_interpolation:0}
execute if entity @s[tag=aj.dino.bone.leg_right_2] run data modify entity @s {} merge value {transformation:[-0.9010626042656273f,0.4111273149778602f,-0.26668842039697827f,-0.6615799729266476f,0.3582219740250218f,0.9334949707375929f,0.22874954958192087f,0.2695067092421821f,0.33440305025576045f,0.10781312530211887f,-0.9636457489622045f,-0.1640550087431931f,0f,0f,0f,1f],start_interpolation:0}
execute if entity @s[tag=aj.dino.bone.leg_right_1] run data modify entity @s {} merge value {transformation:[-0.8959437018438643f,0.43722601338187145f,-0.07821953942915072f,-0.5564941361426963f,-0.029686543704202827f,0.11676411458800151f,0.9927158962499687f,0.24798671577271486f,0.4431744490031113f,0.8917396227412329f,-0.09163434391162001f,0.09188881800059953f,0f,0f,0f,1f],start_interpolation:0}
execute if entity @s[tag=aj.dino.bone.leg_right_0] run data modify entity @s {} merge value {transformation:[-0.890545111046539f,0.1119374443767819f,-0.4409074888652975f,-0.37310254287035816f,0.027439001344323262f,0.9807047221609658f,0.1935596784880807f,0.6140958079889729f,0.4540666321106781f,0.16027556419360312f,-0.8764332473874372f,0.1733684760636638f,0f,0f,0f,1f],start_interpolation:0}
execute if entity @s[tag=aj.dino.bone.tail_4] run data modify entity @s {} merge value {transformation:[-2.516547260707674f,-0.01804545231949048f,-1.1368049867392758f,-1.0230925052862794f,0.07060586781817212f,2.753302348718428f,-0.20000579884401432f,0.04401816208709114f,1.134753729958331f,-0.21133355103289786f,-2.5086517163913933f,-1.2836796619482989f,0f,0f,0f,1f],start_interpolation:0}
execute if entity @s[tag=aj.dino.bone.tail_3] run data modify entity @s {} merge value {transformation:[-1.8903923993352025f,-0.04625961062201763f,-0.8719071917384553f,-0.8747965795302823f,0.05516012904687215f,2.068887886124263f,-0.22935954494255498f,0.06266337295255472f,0.8713893864075196f,-0.2313190202249326f,-1.8769969563595326f,-0.9631467027214513f,0f,0f,0f,1f],start_interpolation:0}
execute if entity @s[tag=aj.dino.bone.tail_2] run data modify entity @s {} merge value {transformation:[-1.7720513443937806f,-0.10404521461131121f,-0.8171796015267737f,-0.7242197687994874f,0.05276562714128176f,1.920201981520694f,-0.3589066922741405f,0.12987927803333363f,0.8220849691043856f,-0.347523838726588f,-1.7384410717916656f,-0.6394491121473869f,0f,0f,0f,1f],start_interpolation:0}
execute if entity @s[tag=aj.dino.bone.tail_1] run data modify entity @s {} merge value {transformation:[-1.1581178143559037f,-0.2151645658969097f,-0.9487484322273735f,-0.5163230936356098f,0.1754381643822872f,1.404667959507003f,-0.5327153311221734f,0.2271754503783757f,0.9568912313056688f,-0.5179463129676933f,-1.050593659953026f,-0.4079559064120194f,0f,0f,0f,1f],start_interpolation:0}
execute if entity @s[tag=aj.dino.bone.tail_0] run data modify entity @s {} merge value {transformation:[-1.0251424810373373f,-0.17952317440731322f,-0.7420849277591897f,-0.30380084407687413f,0.3367927656022285f,1.008637855016816f,-0.7092644267472513f,0.45877922888512507f,0.6851928510971512f,-0.7643669432032144f,-0.7616361661105381f,-0.20383365254274535f,0f,0f,0f,1f],start_interpolation:0}
execute if entity @s[tag=aj.dino.bone.body_1] run data modify entity @s {} merge value {transformation:[-1.1681275752504463f,0.09578463982714666f,-0.39358336571677754f,-0.21875f,0.22439186376199394f,1.1531544270533278f,-0.3853410877404332f,0.47069250000000007f,0.3372400546690468f,-0.4355051838919318f,-1.1068915824895966f,0.08283749999999998f,0f,0f,0f,1f],start_interpolation:0}