execute if entity @s[tag=aj.dino.bone.head_lower] run data modify entity @s {} merge value {transformation:[-0.9966891921736851f,-0.04972816031835363f,0.06432545589049446f,0.2634210366583022f,-0.02495929882744423f,0.9400860997209268f,0.34002229120094185f,0.6622766072380623f,-0.0773801499495197f,0.3372910244623297f,-0.9382148353180852f,0.8277606713907961f,0f,0f,0f,1f],start_interpolation:0}
execute if entity @s[tag=aj.dino.bone.head_upper] run data modify entity @s {} merge value {transformation:[-1.0374533648464255f,-0.08444950478043298f,0.005544320939228928f,0.26158490103490173f,-0.025980123749778854f,0.38269166878366984f,0.9676487288251989f,0.7375689366006093f,-0.08054496584072592f,0.9643066474775629f,-0.3835324506372395f,0.8229492020797555f,0f,0f,0f,1f],start_interpolation:0}
execute if entity @s[tag=aj.dino.bone.neck_0] run data modify entity @s {} merge value {transformation:[-0.9481793411635595f,-0.02349476556491163f,-0.31686579648439306f,0.24178350905826984f,-0.10341607442085242f,0.9657810355281711f,0.23784891625886048f,0.7373056727656087f,0.30043477252478556f,0.2582924455054457f,-0.9181633623995225f,0.759289388835937f,0f,0f,0f,1f],start_interpolation:0}
execute if entity @s[tag=aj.dino.bone.neck_1] run data modify entity @s {} merge value {transformation:[-0.9472652029317412f,0.08000031292860149f,-0.3103040206732961f,0.2158652372085933f,0.027603995290374578f,0.9851079580075018f,0.16970660126906986f,0.7562203185162863f,0.31925954137456336f,0.15219152736475178f,-0.9353668180129588f,0.6807526700033815f,0f,0f,0f,1f],start_interpolation:0}
execute if entity @s[tag=aj.dino.bone.neck_2] run data modify entity @s {} merge value {transformation:[-0.8966182022942978f,0.1381305363561634f,-0.42070863342757825f,0.18036038988809877f,0.18978838851579413f,0.9782867022499545f,-0.08327962407147926f,0.7585024370946603f,0.4000702024634174f,-0.15451564039561655f,-0.9033652361996297f,0.600098295381274f,0f,0f,0f,1f],start_interpolation:0}
execute if entity @s[tag=aj.dino.bone.body_0] run data modify entity @s {} merge value {transformation:[-0.7317862082276867f,0.013057149477015681f,-0.6814091695121807f,-0.14066081074840087f,0.3812703449166738f,0.8365689738415756f,-0.3934275995564801f,0.5810508499642478f,0.5649087267292527f,-0.5477060003808505f,-0.6171679411731837f,0.30401177480000385f,0f,0f,0f,1f],start_interpolation:0}
execute if entity @s[tag=aj.dino.bone.leg_left_3] run data modify entity @s {} merge value {transformation:[-0.5830494453713502f,-0.06387673085386222f,-0.8099216675133372f,0.05223319576720144f,-0.05592030550175355f,0.9976953751219912f,-0.03842990883128111f,0.03474106178837322f,0.8105098788323012f,0.022884530050085478f,-0.5852777414182395f,-0.012816489877226063f,0f,0f,0f,1f],start_interpolation:0}
execute if entity @s[tag=aj.dino.bone.leg_left_2] run data modify entity @s {} merge value {transformation:[-0.6000449431473824f,0.27080665287178474f,-0.7865570687905171f,0.09011880014422521f,-0.0553662064123504f,0.9546778863486246f,0.37092710335741574f,0.2686525059619205f,0.8300258121838464f,0.2594534439509307f,-0.5438779835875343f,0.03214114942521945f,0f,0f,0f,1f],start_interpolation:0}
execute if entity @s[tag=aj.dino.bone.leg_left_1] run data modify entity @s {} merge value {transformation:[-0.7163428245336275f,0.6650221812166386f,-0.21118346580414218f,0.2962513389907304f,0.09959219243352141f,0.39701583104866844f,0.9123923635711888f,0.3261359902632371f,0.6906043389274852f,0.6325534984383537f,-0.35063045884225613f,0.20882847528941384f,0f,0f,0f,1f],start_interpolation:0}
execute if entity @s[tag=aj.dino.bone.leg_left_0] run data modify entity @s {} merge value {transformation:[-0.6807978171894481f,-0.6342728969028213f,-0.36634986606328357f,-0.002121837110591218f,0.07333493081087208f,0.43861943038262763f,-0.8956757131985795f,0.5797928997048819f,0.7287909988693928f,-0.6366403125355181f,-0.25209679177179223f,0.06412568112089752f,0f,0f,0f,1f],start_interpolation:0}
execute if entity @s[tag=aj.dino.bone.leg_right_3] run data modify entity @s {} merge value {transformation:[-0.9814503612171045f,-0.045089862967640226f,-0.18633865064546978f,-0.760259352629576f,-0.04905226847762191f,0.998656479939429f,0.01670658649121895f,0.04665003728138711f,0.18533500323472166f,0.02553701886573098f,-0.9823435230322626f,-0.19210120440472303f,0f,0f,0f,1f],start_interpolation:0}
execute if entity @s[tag=aj.dino.bone.leg_right_2] run data modify entity @s {} merge value {transformation:[-0.9260537812324022f,0.39569667958114735f,-0.19470678348305992f,-0.6726036831446457f,0.3443984503931434f,0.9317444546521969f,0.2555468217223148f,0.27120156597117734f,0.2754565322018448f,0.16534390975790356f,-0.974087927178034f,-0.18409079640995588f,0f,0f,0f,1f],start_interpolation:0}
execute if entity @s[tag=aj.dino.bone.leg_right_1] run data modify entity @s {} merge value {transformation:[-0.8967402538706651f,0.4191653399323761f,-0.1419765293538006f,-0.5690587991154444f,-0.021278038774057248f,0.27960225141039796f,0.9598801102596961f,0.2958285531703055f,0.4420454299660892f,0.8637841158562782f,-0.2418115775567479f,0.07220074491093695f,0f,0f,0f,1f],start_interpolation:0}
execute if entity @s[tag=aj.dino.bone.leg_right_0] run data modify entity @s {} merge value {transformation:[-0.8894338334502615f,0.14469770493928222f,-0.4335551061852195f,-0.3735322072374061f,0.03503136054378298f,0.9673566516969525f,0.25098588047161646f,0.6511391010437378f,0.4557194967218584f,0.2080473085693864f,-0.8654686925040158f,0.17135237123594205f,0f,0f,0f,1f],start_interpolation:0}
execute if entity @s[tag=aj.dino.bone.tail_4] run data modify entity @s {} merge value {transformation:[-2.516535973966582f,0.0200848394309911f,-1.1367957699415923f,-1.021809742498228f,0.09471065414919645f,2.755136161855133f,-0.16098432603455726f,0.051953166323553734f,1.1330215864327995f,-0.1856950738797365f,-2.5114618762414262f,-1.2862174868228675f,0f,0f,0f,1f],start_interpolation:0}
execute if entity @s[tag=aj.dino.bone.tail_3] run data modify entity @s {} merge value {transformation:[-1.8936469867659804f,-0.06992194942063538f,-0.8632250787284763f,-0.8747544277072199f,0.07292305224503474f,2.055251746244334f,-0.3264475670844074f,0.08719435827509282f,0.8629767343375103f,-0.3271035105181219f,-1.8666065400730099f,-0.9665090317949813f,0f,0f,0f,1f],start_interpolation:0}
execute if entity @s[tag=aj.dino.bone.tail_2] run data modify entity @s {} merge value {transformation:[-1.775675159540084f,-0.11886109869892394f,-0.8072320868320082f,-0.7260330433258735f,0.06929625270964393f,1.9043688503298302f,-0.43284083247381f,0.16816291448596804f,0.8129880885692454f,-0.42193032139478265f,-1.726209444631502f,-0.6451097058747752f,0f,0f,0f,1f],start_interpolation:0}
execute if entity @s[tag=aj.dino.bone.tail_1] run data modify entity @s {} merge value {transformation:[-1.1635800697507865f,-0.20047425199443578f,-0.9452765444916248f,-0.5190578350929858f,0.1848837942684177f,1.4060687819415236f,-0.5257801946311739f,0.26394057513712654f,0.9484490781774573f,-0.5200354841131067f,-1.0571961461183916f,-0.4121621154258237f,0f,0f,0f,1f],start_interpolation:0}
execute if entity @s[tag=aj.dino.bone.tail_0] run data modify entity @s {} merge value {transformation:[-1.025742716453164f,-0.1564436212901432f,-0.7464670050209438f,-0.30469808998008124f,0.344761233343329f,1.0208139316781968f,-0.6876876656297657f,0.4895329529743764f,0.6803141099601698f,-0.7531932201190847f,-0.7769867447645254f,-0.20328442385095155f,0f,0f,0f,1f],start_interpolation:0}
execute if entity @s[tag=aj.dino.bone.body_1] run data modify entity @s {} merge value {transformation:[-1.1681275752504463f,0.08840833014318336f,-0.39530561614661736f,-0.21875f,0.2243918637619939f,1.1457473690558424f,-0.40683639566204516f,0.5069425000000001f,0.3372400546690468f,-0.45612665841754885f,-1.0985546013120646f,0.08283749999999998f,0f,0f,0f,1f],start_interpolation:0}