execute if entity @s[tag=aj.dino.bone.head_lower] run data modify entity @s {} merge value {transformation:[-0.9906432518212946f,0.05285988367656196f,0.12582440271517878f,0.2140091034912808f,0.09617306862780804f,0.9245233132997461f,0.36879178954522723f,0.6078760692942835f,-0.09683330259596673f,0.377442016557458f,-0.9209564786923418f,0.8674625927445554f,0f,0f,0f,1f],start_interpolation:0}
execute if entity @s[tag=aj.dino.bone.head_upper] run data modify entity @s {} merge value {transformation:[-1.0311601480527641f,-0.06474418437492067f,0.1264471519684615f,0.22095212187304042f,0.10010650706257347f,0.3262067376326316f,0.9833818150394661f,0.6830237828692971f,-0.10079374432493236f,0.9863413696566767f,-0.31692785644726523f,0.8677311667476519f,0f,0f,0f,1f],start_interpolation:0}
execute if entity @s[tag=aj.dino.bone.neck_0] run data modify entity @s {} merge value {transformation:[-0.9672790426877801f,0.06062934075229915f,-0.2463642356693713f,0.20435017262196173f,-0.05674390630392551f,0.89473414753853f,0.4429796093793393f,0.6971627975321802f,0.24728805606899673f,0.44246456159611497f,-0.8620172440602187f,0.8047295810555103f,0f,0f,0f,1f],start_interpolation:0}
execute if entity @s[tag=aj.dino.bone.neck_1] run data modify entity @s {} merge value {transformation:[-0.956543469603683f,0.1385698812492412f,-0.2565598931421659f,0.1832545564459029f,0.06403314633155308f,0.9582120975861419f,0.2787998066901205f,0.7251951637633635f,0.2844720494695926f,0.250255797235824f,-0.9254445899244491f,0.7274851750045576f,0f,0f,0f,1f],start_interpolation:0}
execute if entity @s[tag=aj.dino.bone.neck_2] run data modify entity @s {} merge value {transformation:[-0.9063461550825f,0.18488883618544838f,-0.37993784415501364f,0.15177932902587069f,0.20442535595152656f,0.9788164864292562f,-0.011338418689466001f,0.7337850584104726f,0.3697930786416381f,-0.08794546121475733f,-0.9249425251551919f,0.6455922317008183f,0f,0f,0f,1f],start_interpolation:0}
execute if entity @s[tag=aj.dino.bone.body_0] run data modify entity @s {} merge value {transformation:[-0.7809512228773761f,0.084191624795454f,-0.6188917173469303f,-0.1390999860500898f,0.3497182575085459f,0.8799296411016306f,-0.32159130441593425f,0.5906027123501787f,0.5175058722869892f,-0.4675848554273942f,-0.7166254775846482f,0.3033950012316994f,0f,0f,0f,1f],start_interpolation:0}
execute if entity @s[tag=aj.dino.bone.leg_left_3] run data modify entity @s {} merge value {transformation:[-0.5807232720187738f,-0.05149613157983696f,-0.8124706947134283f,0.02588761415210967f,-0.055071444036742113f,0.9981962207405236f,-0.02390483112352093f,0.03264466108766795f,0.8122361832543026f,0.030861842648296278f,-0.5825117417536186f,-0.033460028792632754f,0f,0f,0f,1f],start_interpolation:0}
execute if entity @s[tag=aj.dino.bone.leg_left_2] run data modify entity @s {} merge value {transformation:[-0.5975936658412212f,0.305652477060635f,-0.7755775740142585f,0.07223884797929747f,-0.05439448061524162f,0.9379391048934212f,0.4115503316619007f,0.2639112668333487f,0.8318565083749379f,0.28090745500808667f,-0.5302527234214178f,0.016922431008223132f,0f,0f,0f,1f],start_interpolation:0}
execute if entity @s[tag=aj.dino.bone.leg_left_1] run data modify entity @s {} merge value {transformation:[-0.709506992686066f,0.6802921619963291f,-0.18385429463554748f,0.28093418679871573f,0.10657209196080651f,0.36148026724628607f,0.9262690784035983f,0.3108658709573734f,0.6965932934967662f,0.6376006514409418f,-0.32897293617775647f,0.19371300305993047f,0f,0f,0f,1f],start_interpolation:0}
execute if entity @s[tag=aj.dino.bone.leg_left_0] run data modify entity @s {} merge value {transformation:[-0.6755733857028028f,-0.607285833084426f,-0.4180963016638709f,-0.00202303365844006f,0.07639786502053855f,0.5063580863213323f,-0.8589323923553599f,0.5884841868540411f,0.7333239166632679f,-0.6122135292134212f,-0.2956867056492252f,0.06267651717026854f,0f,0f,0f,1f],start_interpolation:0}
execute if entity @s[tag=aj.dino.bone.leg_right_3] run data modify entity @s {} merge value {transformation:[-0.9783939819350038f,-0.05302702168703612f,-0.19983330824557208f,-0.7487265568047744f,-0.05597600074121274f,0.9983903497460087f,0.009132188952404335f,0.0375806884780337f,0.19902739372856945f,0.020120748123398813f,-0.9797873504187363f,-0.17041615175696243f,0f,0f,0f,1f],start_interpolation:0}
execute if entity @s[tag=aj.dino.bone.leg_right_2] run data modify entity @s {} merge value {transformation:[-0.9326725153315328f,0.37117327465935485f,-0.21074766623736788f,-0.6672727243667376f,0.3312658802358505f,0.9488275430638192f,0.20506440358028497f,0.2645745010191948f,0.2691599807501351f,0.11840140709815025f,-0.9826475518009797f,-0.17360273538211238f,0f,0f,0f,1f],start_interpolation:0}
execute if entity @s[tag=aj.dino.bone.leg_right_1] run data modify entity @s {} merge value {transformation:[-0.8933793344602767f,0.4171042215135224f,-0.16702524705837557f,-0.5628923569369966f,-0.027391777212692123f,0.32048966087032504f,0.9468558854526673f,0.30087831675786936f,0.4484674517737527f,0.8504765991318176f,-0.2748936140195589f,0.08095601523905613f,0f,0f,0f,1f],start_interpolation:0}
execute if entity @s[tag=aj.dino.bone.leg_right_0] run data modify entity @s {} merge value {transformation:[-0.8869059607274681f,0.13020890450546102f,-0.44321942422864846f,-0.3725617330853309f,0.029279303404535793f,0.9733689575890065f,0.22736665277528345f,0.66114106811802f,0.4610211917235823f,0.18867568362027715f,-0.8670991564937593f,0.1720179840905103f,0f,0f,0f,1f],start_interpolation:0}
execute if entity @s[tag=aj.dino.bone.tail_4] run data modify entity @s {} merge value {transformation:[-2.501481204712382f,0.007636972561164881f,-1.1696985896891525f,-1.0361381274773136f,0.08307404084768687f,2.755588152304987f,-0.15966831311697635f,0.061541121715057004f,1.1667698221191396f,-0.17982475671187198f,-2.4963919104711074f,-1.2628097930758062f,0f,0f,0f,1f],start_interpolation:0}
execute if entity @s[tag=aj.dino.bone.tail_3] run data modify entity @s {} merge value {transformation:[-1.8801187032996685f,-0.048641649602468945f,-0.8937187351013567f,-0.8841204598720466f,0.06435823905079746f,2.066486927685275f,-0.2478614952278726f,0.08334707488871192f,0.8927245961737013f,-0.2514185627082195f,-1.8643435916581146f,-0.9442256871056424f,0f,0f,0f,1f],start_interpolation:0}
execute if entity @s[tag=aj.dino.bone.tail_2] run data modify entity @s {} merge value {transformation:[-1.7621714889030027f,-0.1101204659211231f,-0.8374956726368601f,-0.7297610759087924f,0.06154947705726087f,1.9156021307961628f,-0.3813843381235717f,0.15474692586481498f,0.8424590082455817f,-0.37029155334316205f,-1.7239260018780838f,-0.6232167684877704f,0f,0f,0f,1f],start_interpolation:0}
execute if entity @s[tag=aj.dino.bone.tail_1] run data modify entity @s {} merge value {transformation:[-1.1467625549446998f,-0.2311635520380905f,-0.9587258757256104f,-0.5195326436407491f,0.19228295352422964f,1.3897357215397623f,-0.5650824188207908f,0.25917457250726184f,0.9672740864722386f,-0.5503219843741386f,-1.0242962487258296f,-0.39699663259870066f,0f,0f,0f,1f],start_interpolation:0}
execute if entity @s[tag=aj.dino.bone.tail_0] run data modify entity @s {} merge value {transformation:[-1.0189672752953225f,-0.19933772919834644f,-0.7455238951095408f,-0.30648360839684236f,0.3476123101039641f,0.9839111214070373f,-0.7381871738385594f,0.4986335498124628f,0.6889899058226033f,-0.7912136825621893f,-0.7301435028711596f,-0.20272512652956784f,0f,0f,0f,1f],start_interpolation:0}
execute if entity @s[tag=aj.dino.bone.body_1] run data modify entity @s {} merge value {transformation:[-1.1653860724195708f,0.08905637968368242f,-0.40317348437660505f,-0.21875f,0.22851410020450494f,1.1446278262736589f,-0.40769233544918904f,0.5163175f,0.3438912666446507f,-0.45880354795263345f,-1.0953733136095034f,0.08283749999999998f,0f,0f,0f,1f],start_interpolation:0}