execute if entity @s[tag=aj.dino.bone.head_lower] run data modify entity @s {} merge value {transformation:[-0.9905178651874186f,-0.08646809639448336f,0.10675966958769015f,-0.039095964984741896f,0.042372429711926396f,0.5469279915326193f,0.8361066614244879f,0.6495896590190293f,-0.13068640306040372f,0.8327022519388364f,-0.5380780832473333f,0.9177901251954321f,0f,0f,0f,1f],start_interpolation:0}
execute if entity @s[tag=aj.dino.bone.head_upper] run data modify entity @s {} merge value {transformation:[-1.031029633157807f,-0.06497141835624469f,0.1273913377383351f,-0.03209291888691651f,0.044105444431965145f,0.7375839003721262f,0.733141624972152f,0.7167064542720529f,-0.1360314224929063f,0.731587757751677f,-0.727837033535624f,0.8840003392814564f,0f,0f,0f,1f],start_interpolation:0}
execute if entity @s[tag=aj.dino.bone.neck_0] run data modify entity @s {} merge value {transformation:[-0.9993112079442661f,0.0188550735395411f,-0.03196241353199104f,-0.03414281923816308f,0.01799919807974859f,0.9994772271327321f,0.026857053292405453f,0.7022138762878701f,0.0324520961643078f,0.026263256555188047f,-0.9991281713622425f,0.8189580503747825f,0f,0f,0f,1f],start_interpolation:0}
execute if entity @s[tag=aj.dino.bone.neck_1] run data modify entity @s {} merge value {transformation:[-0.9955984503702819f,0.06504575398776277f,-0.0674742581171257f,-0.03955911684241903f,0.05958806240563241f,0.9950148513577064f,0.07996692063812312f,0.7135720330751011f,0.07233939755786965f,0.07559428196474162f,-0.9945111945549931f,0.7350581526442724f,0f,0f,0f,1f],start_interpolation:0}
execute if entity @s[tag=aj.dino.bone.neck_2] run data modify entity @s {} merge value {transformation:[-0.9963239464313082f,0.054669954592920046f,-0.06595293649529037f,-0.04480183570224387f,0.05293347059885997f,0.9982110967490395f,0.02779665478864668f,0.7257803390286061f,0.06735459492791396f,0.024203354971731206f,-0.9974354897186127f,0.6479122889510192f,0f,0f,0f,1f],start_interpolation:0}
execute if entity @s[tag=aj.dino.bone.body_0] run data modify entity @s {} merge value {transformation:[-0.9977872073153901f,0.03181182692918703f,-0.05838404392625157f,-0.07201496924823735f,0.04364866997169487f,0.9757978960235281f,-0.21427379617152903f,0.6340895971266942f,0.050154586305312956f,-0.21634803854780696f,-0.9750272015123781f,0.18632463972802493f,0f,0f,0f,1f],start_interpolation:0}
execute if entity @s[tag=aj.dino.bone.leg_left_3] run data modify entity @s {} merge value {transformation:[-0.9479213570430771f,0.14573846840385402f,-0.28320557849186173f,0.07854020247152295f,0.13231955072981294f,0.9890036296212482f,0.0660557120214223f,-0.006980353096738723f,0.2897182033567646f,0.02514198526957319f,-0.9567817113743514f,-0.0018637054746860338f,0f,0f,0f,1f],start_interpolation:0}
execute if entity @s[tag=aj.dino.bone.leg_left_2] run data modify entity @s {} merge value {transformation:[-0.9730637405558418f,0.10932595277612038f,-0.30538007853453897f,0.09307672110772297f,0.13649219171467414f,1.0140330916582874f,-0.07189555009563398f,0.22737914475427828f,0.2942431612070062f,-0.10884357846112336f,-0.9765430031552012f,-0.05695805599244946f,0f,0f,0f,1f],start_interpolation:0}
execute if entity @s[tag=aj.dino.bone.leg_left_1] run data modify entity @s {} merge value {transformation:[-0.9600423953665909f,0.22063361198540796f,0.17216099546950459f,0.16300504941803706f,0.275131080903455f,0.6315599230938365f,0.7248689204694896f,0.3550305028949091f,0.05120046308066829f,0.7432717355072632f,-0.6670274655337256f,0.17932259349951146f,0f,0f,0f,1f],start_interpolation:0}
execute if entity @s[tag=aj.dino.bone.leg_left_0] run data modify entity @s {} merge value {transformation:[-0.9694257061335338f,0.12931590398119797f,-0.2085454321365609f,0.11803499780105868f,0.22960845398595423f,0.7778492486695899f,-0.5850047044275235f,0.7347603037354755f,0.08656649551460012f,-0.6150023929397997f,-0.783759081945875f,0.011721127588251792f,0f,0f,0f,1f],start_interpolation:0}
execute if entity @s[tag=aj.dino.bone.leg_right_3] run data modify entity @s {} merge value {transformation:[-0.9940374953008759f,0.10526566126881545f,-0.02843586632406611f,-0.3271646260343803f,0.10641004057649207f,0.9934230770203356f,-0.04227875717139948f,0.13167390267729243f,0.023798344490121602f,-0.045052531572463556f,-0.9987011105423096f,-0.14234211666810948f,0f,0f,0f,1f],start_interpolation:0}
execute if entity @s[tag=aj.dino.bone.leg_right_2] run data modify entity @s {} merge value {transformation:[-1.0218856616204706f,0.07145629672332222f,-0.05201818656754841f,-0.31053053075384685f,0.08146075805563457f,0.9956621187548076f,-0.23255814256736626f,0.3564478322080436f,0.03429342462031377f,-0.23582438897614183f,-0.9976337093806201f,-0.22819699156475526f,0f,0f,0f,1f],start_interpolation:0}
execute if entity @s[tag=aj.dino.bone.leg_right_1] run data modify entity @s {} merge value {transformation:[-0.9442428497322267f,0.0962999436588447f,-0.3148519677258934f,-0.28647546426587406f,-0.3016185749553504f,0.13046647206517992f,0.9444600229277942f,0.33579395526805156f,0.13202907244795498f,0.9867648253348766f,-0.09414618160267432f,0.047498776997935144f,0f,0f,0f,1f],start_interpolation:0}
execute if entity @s[tag=aj.dino.bone.leg_right_0] run data modify entity @s {} merge value {transformation:[-0.9613806599819532f,-0.26652238564757325f,-0.06865161732537996f,-0.2737470070234365f,-0.24668605666534751f,0.9450686177554514f,-0.2144558163834723f,0.7530002285489344f,0.12203776489089403f,-0.18923827753001482f,-0.9743180477944089f,0.038323240187603455f,0f,0f,0f,1f],start_interpolation:0}
execute if entity @s[tag=aj.dino.bone.tail_4] run data modify entity @s {} merge value {transformation:[-2.744375553279883f,0.3063839460499118f,0.013893587104174517f,-0.2203225116700821f,0.08576542502046151f,0.6465462631084486f,2.6833344094859966f,1.7600067651690638f,0.2944629790496528f,2.6671648128421657f,-0.6520619193802208f,-1.2158104083320513f,0f,0f,0f,1f],start_interpolation:0}
execute if entity @s[tag=aj.dino.bone.tail_3] run data modify entity @s {} merge value {transformation:[-2.0693826433518514f,0.22981842461282465f,-0.028008804812564837f,-0.2178222071218014f,0.06266821409887119f,0.7985407701992637f,1.9220694210448461f,1.4262804714163737f,0.2228759663584367f,1.9093092091336312f,-0.8005061983406164f,-1.098758228642715f,0f,0f,0f,1f],start_interpolation:0}
execute if entity @s[tag=aj.dino.bone.tail_2] run data modify entity @s {} merge value {transformation:[-1.9420520473521894f,0.2087932711545184f,-0.06010898683676892f,-0.20803443546587602f,0.058812194006560514f,1.0256043900758471f,1.6623629675543372f,1.117538360482516f,0.20916224853945758f,1.6502469148525998f,-1.0255292042687874f,-0.9075672444639166f,0f,0f,0f,1f],start_interpolation:0}
execute if entity @s[tag=aj.dino.bone.tail_1] run data modify entity @s {} merge value {transformation:[-1.4921106309914902f,0.1392326638404267f,-0.20463719163943972f,-0.16427524987756836f,-0.04101269458862293f,1.0941328900156777f,1.0434785229550831f,0.879657962556452f,0.2440902983831156f,1.0349607404659564f,-1.0756079406221404f,-0.6889929391167107f,0f,0f,0f,1f],start_interpolation:0}
execute if entity @s[tag=aj.dino.bone.tail_0] run data modify entity @s {} merge value {transformation:[-1.2546826875592996f,0.1345545796471788f,-0.2037207284960761f,-0.10149627640592251f,0.04706501693066943f,1.1798680844507068f,0.4894199669608539f,0.7651103916604527f,0.23956617938331098f,0.47290811472697164f,-1.1631000289334932f,-0.3376959624823342f,0f,0f,0f,1f],start_interpolation:0}
execute if entity @s[tag=aj.dino.bone.body_1] run data modify entity @s {} merge value {transformation:[-1.2321986679212407f,0.06347674848633791f,-0.07913115840787721f,-0.087375f,0.05736662424859412f,1.2314140563054679f,0.09451501156898015f,0.6601925f,0.08366664957849676f,0.09052468940110227f,-1.2302072050729476f,-0.057787500000000006f,0f,0f,0f,1f],start_interpolation:0}