execute if entity @s[tag=aj.dino.bone.head_lower] run data modify entity @s {} merge value {transformation:[-0.9980433594434878f,-0.04785429388419416f,0.04024200824514386f,0.2788142783419341f,-0.02998649911972663f,0.9310989731556913f,0.36353199592189855f,0.6588841820055129f,-0.05486585952393047f,0.36161397753026886f,-0.9307121298841217f,0.8122792236008421f,0f,0f,0f,1f],start_interpolation:0}
execute if entity @s[tag=aj.dino.bone.head_upper] run data modify entity @s {} merge value {transformation:[-1.0388629169933268f,-0.06449203529478857f,-0.00874983789330786f,0.2764404432035142f,-0.03121293443934882f,0.3709058982660452f,0.9720733048174145f,0.7342152592046076f,-0.05710985031768443f,0.9704336837715913f,-0.3721140591024449f,0.8083997640306834f,0f,0f,0f,1f],start_interpolation:0}
execute if entity @s[tag=aj.dino.bone.neck_0] run data modify entity @s {} merge value {transformation:[-0.9403215347693564f,-0.022072158110822655f,-0.3395706569851596f,0.2551452817352293f,-0.10697804888731678f,0.9664740863607276f,0.23341708902618802f,0.7336553265595831f,0.32303422156989026f,0.25581372173815736f,-0.9111576326109593f,0.7452258862981141f,0f,0f,0f,1f],start_interpolation:0}
execute if entity @s[tag=aj.dino.bone.neck_1] run data modify entity @s {} merge value {transformation:[-0.9419287542756059f,0.08251187740861535f,-0.32551806701827024f,0.22794975093938907f,0.026585070478043645f,0.9846237455718286f,0.1726537392696153f,0.7528174028739286f,0.3347588025675844f,0.15397360079769679f,-0.9296390021728375f,0.6671825984343462f,0f,0f,0f,1f],start_interpolation:0}
execute if entity @s[tag=aj.dino.bone.neck_2] run data modify entity @s {} merge value {transformation:[-0.8902675588297918f,0.1379658877190248f,-0.43403811759008526f,0.19127552882206472f,0.19288105820310417f,0.9775425927916394f,-0.08489627002789901f,0.7549506058450102f,0.41257795758098137f,-0.15929812649275146f,-0.8968854641559343f,0.5870490769136121f,0f,0f,0f,1f],start_interpolation:0}
execute if entity @s[tag=aj.dino.bone.body_0] run data modify entity @s {} merge value {transformation:[-0.708018752586779f,-0.002718881821080779f,-0.7061883981396921f,-0.1415743157626272f,0.3901852155978125f,0.8319881821867454f,-0.39439974927791666f,0.5769972104299442f,0.5886127279581627f,-0.5547866908850987f,-0.5880023674292579f,0.30464072943903664f,0f,0f,0f,1f],start_interpolation:0}
execute if entity @s[tag=aj.dino.bone.leg_left_3] run data modify entity @s {} merge value {transformation:[-0.5848695160981995f,-0.06760257002232287f,-0.8083053517486046f,0.0629689805213073f,-0.05966454821315157f,0.997406826749197f,-0.04024628728986779f,0.038040413409412f,0.8089300283866206f,0.024688347058378968f,-0.5873863249122735f,-0.0059410366183950195f,0f,0f,0f,1f],start_interpolation:0}
execute if entity @s[tag=aj.dino.bone.leg_left_2] run data modify entity @s {} merge value {transformation:[-0.6019358805228207f,0.25617086357742236f,-0.7900075214160364f,0.09733343566367025f,-0.059243457606112555f,0.9599571810570754f,0.356419167229431f,0.27272807822167894f,0.8283873538211359f,0.2547957980258822f,-0.5485578299853762f,0.03778374209744567f,0f,0f,0f,1f],start_interpolation:0}
execute if entity @s[tag=aj.dino.bone.leg_left_1] run data modify entity @s {} merge value {transformation:[-0.7196432499214203f,0.6583903264660003f,-0.22053519188222587f,0.3022260173364605f,0.09426387836453481f,0.40731564942792176f,0.9084097549931898f,0.3333270406363894f,0.6879156300580854f,0.6329424458409348f,-0.35518438334854086f,0.2148718032124886f,0f,0f,0f,1f],start_interpolation:0}
execute if entity @s[tag=aj.dino.bone.leg_left_0] run data modify entity @s {} merge value {transformation:[-0.6835193384052448f,-0.643932840326437f,-0.3437321794292527f,-0.0020976341340029903f,0.06958454498276123f,0.4112820184337389f,-0.9088482229792891f,0.5768866398491933f,0.7266080822049797f,-0.6451337833831037f,-0.23631143944423083f,0.06529535001401454f,0f,0f,0f,1f],start_interpolation:0}
execute if entity @s[tag=aj.dino.bone.leg_right_3] run data modify entity @s {} merge value {transformation:[-0.9825423849319965f,-0.0408205709848809f,-0.181505214240838f,-0.763691147226046f,-0.04560917653004955f,0.9987107398188864f,0.022285896586487164f,0.0526227254495297f,0.18036148377188244f,0.030175141339869732f,-0.983137424786954f,-0.20135635892790263f,0f,0f,0f,1f],start_interpolation:0}
execute if entity @s[tag=aj.dino.bone.leg_right_2] run data modify entity @s {} merge value {transformation:[-0.9231212088631539f,0.4054694448111674f,-0.1884249520956481f,-0.673567873157476f,0.348975326692246f,0.9236219674962988f,0.2778504670123853f,0.2759630962505383f,0.2795096681829876f,0.1859548062930454f,-0.9692044959189192f,-0.1883969489241628f,0f,0f,0f,1f],start_interpolation:0}
execute if entity @s[tag=aj.dino.bone.leg_right_1] run data modify entity @s {} merge value {transformation:[-0.8986005325961052f,0.41902499860056963f,-0.1301350581733786f,-0.570726191321844f,-0.020508882569977793f,0.2561555252965614f,0.9664179906209183f,0.2938889142439471f,0.4382881113533961f,0.87109264570873f,-0.221587756968741f,0.06873266661292667f,0f,0f,0f,1f],start_interpolation:0}
execute if entity @s[tag=aj.dino.bone.leg_right_0] run data modify entity @s {} merge value {transformation:[-0.8910906968905288f,0.14830001125491057f,-0.4289108025883063f,-0.3739706394169642f,0.03566002171649619f,0.9650596260958628f,0.2595925286499833f,0.647523842289019f,0.4524220736948305f,0.21602551872754938f,-0.8652440363805823f,0.17138191904866548f,0f,0f,0f,1f],start_interpolation:0}
execute if entity @s[tag=aj.dino.bone.tail_4] run data modify entity @s {} merge value {transformation:[-2.5234464589250374f,0.025892423309090622f,-1.1212532644116902f,-1.0143985417754497f,0.09555901183241637f,2.7556487033136365f,-0.15142665149664353f,0.05447027814044756f,1.1174738367390535f,-0.17717544395614385f,-2.5190320398642485f,-1.2968218555638273f,0f,0f,0f,1f],start_interpolation:0}
execute if entity @s[tag=aj.dino.bone.tail_3] run data modify entity @s {} merge value {transformation:[-1.8995671505485003f,-0.07496845205071f,-0.8496881179577688f,-0.8695892112945169f,0.07338341267967001f,2.052182143538072f,-0.34512150111433854f,0.09290791769683894f,0.8498264771969511f,-0.344780665039456f,-1.8694562786314133f,-0.9764572053513507f,0f,0f,0f,1f],start_interpolation:0}
execute if entity @s[tag=aj.dino.bone.tail_2] run data modify entity @s {} merge value {transformation:[-1.7814927968162355f,-0.11980608140363692f,-0.7941686173309471f,-0.7233008240451926f,0.06960024852939413f,1.90200621008306f,-0.4430598799405086f,0.17577583510311495f,0.8001331734775717f,-0.4321952737674909f,-1.7296728086654218f,-0.6544259956994307f,0f,0f,0f,1f],start_interpolation:0}
execute if entity @s[tag=aj.dino.bone.tail_1] run data modify entity @s {} merge value {transformation:[-1.1708111790226214f,-0.18890422267719711f,-0.9387079565713627f,-0.5178736259041304f,0.17938393938835343f,1.413249141054688f,-0.5081382859003076f,0.2676746357609831f,0.9405736735445954f,-0.504676440863759f,-1.0715778574942252f,-0.41856384591615925f,0f,0f,0f,1f],start_interpolation:0}
execute if entity @s[tag=aj.dino.bone.tail_0] run data modify entity @s {} merge value {transformation:[-1.0291399501685878f,-0.14047527079152863f,-0.744965353454153f,-0.30356735353802033f,0.3416029853798783f,1.0353990180194512f,-0.6671521493991744f,0.48761802258031617f,0.6767673750489006f,-0.736241324814378f,-0.7960969465391875f,-0.20369262978946365f,0f,0f,0f,1f],start_interpolation:0}
execute if entity @s[tag=aj.dino.bone.body_1] run data modify entity @s {} merge value {transformation:[-1.1695826150841222f,0.089447852654979f,-0.3907431166439779f,-0.21875f,0.22216198212326482f,1.1478070820114639f,-0.4022282327729382f,0.5038175f,0.33365424506260705f,-0.4507134113779975f,-1.1018787867147457f,0.08283749999999998f,0f,0f,0f,1f],start_interpolation:0}