execute if entity @s[tag=aj.dino.bone.head_lower] run data modify entity @s {} merge value {transformation:[0.03076326318202499f,0.11687013236131483f,0.9926706371200078f,-0.6745336930251375f,0.12376369124390435f,0.985052496677113f,-0.11980871220353723f,0.5698708436068682f,-0.9918347495263903f,0.1265422891844275f,0.0158391502261886f,0.7948270227724241f,0f,0f,0f,1f],start_interpolation:0}
execute if entity @s[tag=aj.dino.bone.head_upper] run data modify entity @s {} merge value {transformation:[0.03202146782814349f,-0.7058576359279682f,0.7643373378187268f,-0.6376821968751478f,0.12882557464757535f,0.7615044680808709f,0.6978444375311016f,0.6351177733252907f,-1.0324003775175408f,0.07312923819210351f,0.11078590888100102f,0.8037859225722548f,0f,0f,0f,1f],start_interpolation:0}
execute if entity @s[tag=aj.dino.bone.neck_0] run data modify entity @s {} merge value {transformation:[-0.3492089347424162f,0.026850110688970266f,0.9366601259005622f,-0.5774389864000822f,0.14453623446869535f,0.9891700747863698f,0.025531158860071866f,0.6206658776496702f,-0.9258306523450589f,0.14429703636290658f,-0.34930784198927595f,0.7791559701294503f,0f,0f,0f,1f],start_interpolation:0}
execute if entity @s[tag=aj.dino.bone.neck_1] run data modify entity @s {} merge value {transformation:[-0.4908711252698498f,0.17530991821699837f,0.8534119585235849f,-0.504336161601693f,0.2530568229387934f,0.9660049234857608f,-0.05288413907206877f,0.6206361608978241f,-0.8336712677911093f,0.1900024220267182f,-0.5185472947413239f,0.736103525739591f,0f,0f,0f,1f],start_interpolation:0}
execute if entity @s[tag=aj.dino.bone.neck_2] run data modify entity @s {} merge value {transformation:[-0.6046795133581085f,0.30997494536353276f,0.7336744641677779f,-0.43702592753266456f,0.34070244440061315f,0.9332934066361291f,-0.11351326578411983f,0.6198290732249887f,-0.7199198083845506f,0.18132553702224086f,-0.669952624533368f,0.6791859415216923f,0f,0f,0f,1f],start_interpolation:0}
execute if entity @s[tag=aj.dino.bone.body_0] run data modify entity @s {} merge value {transformation:[-0.8023971768832162f,0.528538706150362f,0.2771382446194432f,-0.3013767202624734f,0.4803473142589675f,0.8475545996803913f,-0.2256494144570479f,0.5215553673818916f,-0.35415424353527325f,-0.047937841644291726f,-0.9339575660191664f,0.2385585751337679f,0f,0f,0f,1f],start_interpolation:0}
execute if entity @s[tag=aj.dino.bone.leg_left_3] run data modify entity @s {} merge value {transformation:[-0.9683878911033658f,-0.21716210181018253f,-0.12274165512066473f,0.15033754907818872f,-0.22854897018334833f,0.5752522625276453f,0.785398117316916f,0.13260323005708866f,-0.09995129109975127f,0.7886225053815099f,-0.6066995000931548f,0.1174781100636931f,0f,0f,0f,1f],start_interpolation:0}
execute if entity @s[tag=aj.dino.bone.leg_left_2] run data modify entity @s {} merge value {transformation:[-0.9948926388268813f,-0.24069349959109282f,-0.06570750309798937f,0.09065813280022152f,-0.22714637648193217f,0.7620212350716399f,0.6479123092299724f,0.3299002760319626f,-0.10322480496425261f,0.6430027029921259f,-0.7924357154278239f,0.24271115278136102f,0f,0f,0f,1f],start_interpolation:0}
execute if entity @s[tag=aj.dino.bone.leg_left_1] run data modify entity @s {} merge value {transformation:[-0.9800015789250897f,-0.19881831875003786f,-0.00825720495931942f,0.0566006838001009f,-0.0034474145640097298f,-0.024525910792756567f,0.9996932504686675f,0.2702860287647904f,-0.19895984679617051f,0.9797294299086841f,0.02335002213382653f,0.5115970344303207f,0f,0f,0f,1f],start_interpolation:0}
execute if entity @s[tag=aj.dino.bone.leg_left_0] run data modify entity @s {} merge value {transformation:[-0.9876070507750324f,0.10319526401387924f,0.11824995029406493f,-0.027342413801369536f,-0.037784033541565495f,0.5749480656263711f,-0.8173170062110686f,0.5581706755636399f,-0.15233082442097162f,-0.8116559981405915f,-0.563923630125239f,0.22110905693895389f,0f,0f,0f,1f],start_interpolation:0}
execute if entity @s[tag=aj.dino.bone.leg_right_3] run data modify entity @s {} merge value {transformation:[-0.7531847856423365f,-0.08847056681310822f,0.6518325225736099f,-0.2389694942343843f,-0.04376301935583302f,0.9954584234858237f,0.08454185500673062f,0.014610167443449867f,-0.6563516411297902f,0.03514947963889953f,-0.753635878436892f,-0.3761549730821878f,0f,0f,0f,1f],start_interpolation:0}
execute if entity @s[tag=aj.dino.bone.leg_right_2] run data modify entity @s {} merge value {transformation:[-0.8309073108468782f,-0.0757657128141303f,0.5965859510947866f,-0.23690414224904313f,0.20905409064423086f,0.917677762937186f,0.40770836402532823f,0.24079521422800793f,-0.5638719956398062f,0.4518730791638983f,-0.727956930292455f,-0.29244636541093616f,0f,0f,0f,1f],start_interpolation:0}
execute if entity @s[tag=aj.dino.bone.leg_right_1] run data modify entity @s {} merge value {transformation:[-0.8570500200256389f,-0.500660503800472f,-0.1216730171743513f,-0.38353356173884756f,-0.1843888044108538f,0.07753025609247896f,0.9797907063236364f,0.20622111885672967f,-0.4811091684659398f,0.8621647866414475f,-0.15876349924815666f,-0.05938450467626686f,0f,0f,0f,1f],start_interpolation:0}
execute if entity @s[tag=aj.dino.bone.leg_right_0] run data modify entity @s {} merge value {transformation:[-0.8600972558107373f,-0.019480368376947377f,0.5097580070923242f,-0.33267132926029047f,-0.12749279775729783f,0.9757682832948966f,-0.1778253183203877f,0.6186398564092606f,-0.49394159276867555f,-0.21793754280442104f,-0.8417392294348144f,-0.018997665392572603f,0f,0f,0f,1f],start_interpolation:0}
execute if entity @s[tag=aj.dino.bone.tail_4] run data modify entity @s {} merge value {transformation:[-0.6196622687966385f,1.2878559219244217f,-2.3628599468851315f,-0.3711941085060837f,2.6745836314323794f,0.5624561648818068f,-0.3948503421050048f,-0.024680866420262043f,0.29712354787830625f,-2.37712673590422f,-1.3735528422108698f,-1.3589437258377963f,0f,0f,0f,1f],start_interpolation:0}
execute if entity @s[tag=aj.dino.bone.tail_3] run data modify entity @s {} merge value {transformation:[-0.9126642353482944f,1.4160546571293369f,-1.2238377047561804f,-0.17753366614742466f,1.8716103986649313f,0.6963278409428821f,-0.5900403203015595f,0.06855405289217634f,0.008002197814071287f,-1.3586251403512988f,-1.5779794735293622f,-1.0780815063759803f,0f,0f,0f,1f],start_interpolation:0}
execute if entity @s[tag=aj.dino.bone.tail_2] run data modify entity @s {} merge value {transformation:[-1.2170868794676235f,1.2693345683529937f,-0.8522107464792146f,-0.01970747669816707f,1.4536651379528833f,0.6233129239063817f,-1.1476552359460919f,0.28312387914740206f,-0.47363600953787804f,-1.3487196252291187f,-1.3324406846061247f,-0.8310548528467103f,0f,0f,0f,1f],start_interpolation:0}
execute if entity @s[tag=aj.dino.bone.tail_1] run data modify entity @s {} merge value {transformation:[-1.1649386991815132f,0.9376006384644967f,-0.2268901053379213f,0.01876849304187875f,0.9643151969047544f,1.1223029448813255f,-0.3133505240609151f,0.33591314212577683f,-0.02588973093389446f,-0.3860018039616832f,-1.4621862327249897f,-0.511665481599652f,0f,0f,0f,1f],start_interpolation:0}
execute if entity @s[tag=aj.dino.bone.tail_0] run data modify entity @s {} merge value {transformation:[-1.0588761509257705f,0.7159001663520815f,0.010196342565609345f,0.03306483103745367f,0.6404642230088583f,0.9552447610894145f,-0.5578070831756395f,0.5219690941768056f,-0.3200352990379541f,-0.4569793374019414f,-1.150036090364732f,-0.18662593211823447f,0f,0f,0f,1f],start_interpolation:0}
execute if entity @s[tag=aj.dino.bone.body_1] run data modify entity @s {} merge value {transformation:[-0.9602939345691889f,0.2748382662424789f,0.7286316502147744f,-0.15484412875347825f,0.19018240544672377f,1.204549645133559f,-0.20370419760860384f,0.48819250000000003f,-0.7551627685104548f,-0.046137564670184275f,-0.9778574094612057f,0.04381991037656211f,0f,0f,0f,1f],start_interpolation:0}