execute if entity @s[tag=aj.dino.bone.head_lower] run data modify entity @s {} merge value {transformation:[-0.9961956288496966f,-0.02506814113303587f,0.08346171194560607f,-0.03469328169504082f,0.0319003102576003f,0.786357701184182f,0.6169472716479081f,0.5636529842495986f,-0.08109648121975438f,0.6172626297520876f,-0.782566423152253f,0.8900979924452787f,0f,0f,0f,1f],start_interpolation:0}
execute if entity @s[tag=aj.dino.bone.head_upper] run data modify entity @s {} merge value {transformation:[-1.0369396149881374f,-0.0379849977926308f,0.08237303803098552f,-0.03018954026426585f,0.033205019655340215f,0.720680312492515f,0.7503261000650896f,0.6315714825413511f,-0.08441329351144183f,0.7500993065667318f,-0.7167268438883577f,0.8575058094144534f,0f,0f,0f,1f],start_interpolation:0}
execute if entity @s[tag=aj.dino.bone.neck_0] run data modify entity @s {} merge value {transformation:[-0.9997292948993941f,0.014618986738593891f,-0.018100335541001027f,-0.031274197935429265f,0.013710612677252878f,0.9986883668730555f,0.04933117647536775f,0.6185463139314453f,0.01879776635598926f,0.04906965558434591f,-0.9986184521031339f,0.792130701347875f,0f,0f,0f,1f],start_interpolation:0}
execute if entity @s[tag=aj.dino.bone.neck_1] run data modify entity @s {} merge value {transformation:[-0.9982564417034776f,0.04301937495985276f,-0.040415467033980225f,-0.03449973356319404f,0.03778226438536989f,0.9917568036313711f,0.12243750629933801f,0.6334872773319987f,0.04534949939552982f,0.12069704150868818f,-0.9916529872266936f,0.7086807140674171f,0f,0f,0f,1f],start_interpolation:0}
execute if entity @s[tag=aj.dino.bone.neck_2] run data modify entity @s {} merge value {transformation:[-0.9986630977859129f,0.03718186661610788f,-0.03590996958486619f,-0.037281682510761874f,0.03233507381123841f,0.9913478508852118f,0.12721588559175262f,0.6543382580815513f,0.040329395262832995f,0.12588465887555195f,-0.9912247941499043f,0.6230744774022328f,0f,0f,0f,1f],start_interpolation:0}
execute if entity @s[tag=aj.dino.bone.body_0] run data modify entity @s {} merge value {transformation:[-0.9993736860713308f,0.023177098898985234f,-0.026740562350625764f,-0.049663618431116524f,0.025838620461249406f,0.9942511359738078f,-0.10390882689864406f,0.6148379025063917f,0.024178529336180685f,-0.10453468659454399f,-0.9942272869005959f,0.15350306188013652f,0f,0f,0f,1f],start_interpolation:0}
execute if entity @s[tag=aj.dino.bone.leg_left_3] run data modify entity @s {} merge value {transformation:[-0.9643879122208394f,0.10383002364755811f,-0.24325969857680507f,0.10715703949436983f,0.09431834100788221f,0.9942624715627668f,0.05045976804760957f,0.0025760377324517136f,0.2471032280482215f,0.02571893915474041f,-0.9686477847271956f,-0.04345430498456275f,0f,0f,0f,1f],start_interpolation:0}
execute if entity @s[tag=aj.dino.bone.leg_left_2] run data modify entity @s {} merge value {transformation:[-0.9898909292082512f,0.05028261792710777f,-0.263912497063545f,0.10918607117546619f,0.09721530155692386f,1.0063378981121216f,-0.17290291919793419f,0.23195928369561133f,0.25045425313840347f,-0.19187989122981983f,-0.9759697607647542f,-0.11795451684907574f,0f,0f,0f,1f],start_interpolation:0}
execute if entity @s[tag=aj.dino.bone.leg_left_1] run data modify entity @s {} merge value {transformation:[-0.9522253977530845f,0.18240097981325082f,0.24494218590750388f,0.16471206628989674f,0.30536683647699236f,0.5575646523862231f,0.771927945853409f,0.3364104409325811f,0.004229308928652802f,0.8098466157073178f,-0.5866264330674078f,0.13308373776200075f,0f,0f,0f,1f],start_interpolation:0}
execute if entity @s[tag=aj.dino.bone.leg_left_0] run data modify entity @s {} merge value {transformation:[-0.9655394584234863f,0.1973465141250581f,-0.16966999613947392f,0.14374021562998024f,0.25783202530435323f,0.8141079131756312f,-0.5203373448372451f,0.7283939580179486f,0.0354429253129059f,-0.5461525968696909f,-0.8369355650094915f,-0.009100587596797743f,0f,0f,0f,1f],start_interpolation:0}
execute if entity @s[tag=aj.dino.bone.leg_right_3] run data modify entity @s {} merge value {transformation:[-0.9959491380160949f,0.07134113624950318f,0.05473350677260917f,-0.2709542810849997f,0.07002525470721628f,0.9972167686810434f,-0.025596483440650075f,0.09461935405861877f,-0.05640725297501095f,-0.021660067866187516f,-0.9981728624200545f,-0.1314134578225816f,0f,0f,0f,1f],start_interpolation:0}
execute if entity @s[tag=aj.dino.bone.leg_right_2] run data modify entity @s {} merge value {transformation:[-1.0234841689761973f,0.05871293956230577f,0.03309299145967269f,-0.2546578473412942f,0.047558596929043115f,0.9860194101914407f,-0.27850691568533453f,0.3157781544004303f,-0.04775494962763264f,-0.2763706079784359f,-0.9866108408751578f,-0.22625165342236808f,0f,0f,0f,1f],start_interpolation:0}
execute if entity @s[tag=aj.dino.bone.leg_right_1] run data modify entity @s {} merge value {transformation:[-0.9424917966025204f,0.01817123330063488f,-0.3337349541436845f,-0.2507915538295615f,-0.32059312052350275f,0.23315586786699719f,0.9180731955308301f,0.3240433456966247f,0.09449478509397334f,0.9722695858451611f,-0.213921920406775f,0.05111114878276553f,0f,0f,0f,1f],start_interpolation:0}
execute if entity @s[tag=aj.dino.bone.leg_right_0] run data modify entity @s {} merge value {transformation:[-0.960396516218139f,-0.27859331636861345f,0.0049290679442861515f,-0.24890689588491383f,-0.26730734152313973f,0.9162088584870453f,-0.2985098202701162f,0.7391586135855951f,0.0786467850830109f,-0.28800536749269645f,-0.9543938345837654f,0.006579800337506284f,0f,0f,0f,1f],start_interpolation:0}
execute if entity @s[tag=aj.dino.bone.tail_4] run data modify entity @s {} merge value {transformation:[-2.7565193569586874f,0.12717575643576318f,-0.10530286457194828f,-0.17270459707667543f,-0.0006340728448347581f,1.7529869002629586f,2.1337051945051106f,1.4441120732345087f,0.16511197492518248f,2.12991187284391f,-1.7498213569547179f,-1.56974953688348f,0f,0f,0f,1f],start_interpolation:0}
execute if entity @s[tag=aj.dino.bone.tail_3] run data modify entity @s {} merge value {transformation:[-2.0785093355991138f,0.08161487820198349f,-0.09530729000370824f,-0.15734266834589433f,-0.0013250681221514849f,1.5672618607195423f,1.370997458120486f,1.196304680644289f,0.12546996479734585f,1.3685666946241373f,-1.5643618559475807f,-1.317884075261461f,0f,0f,0f,1f],start_interpolation:0}
execute if entity @s[tag=aj.dino.bone.tail_2] run data modify entity @s {} merge value {transformation:[-1.9506171676895476f,0.06260926254838192f,-0.09973274467662285f,-0.14023004499368952f,-0.00124353573166984f,1.6440229335299468f,1.0563905161677896f,1.0003142714676825f,0.11774970801012088f,1.0545342807483842f,-1.640995530765637f,-1.0124885913362194f,0f,0f,0f,1f],start_interpolation:0}
execute if entity @s[tag=aj.dino.bone.tail_1] run data modify entity @s {} merge value {transformation:[-1.5042620986209945f,0.03556616664354109f,-0.1535800652514707f,-0.10617895835297769f,-0.034814071459367595f,1.3621762410350964f,0.6564450615153695f,0.842436681249234f,0.15375229780651795f,0.6564047426319977f,-1.3539384383233373f,-0.7293069058333774f,0f,0f,0f,1f],start_interpolation:0}
execute if entity @s[tag=aj.dino.bone.tail_0] run data modify entity @s {} merge value {transformation:[-1.2699140072966082f,0.058591021319108025f,-0.13312108351678006f,-0.06586397801235631f,0.02238540516151765f,1.2347093065912795f,0.3298901914829599f,0.7758308349461422f,0.14371160110322478f,0.32541625193234136f,-1.2277161541947237f,-0.36268683696212f,0f,0f,0f,1f],start_interpolation:0}
execute if entity @s[tag=aj.dino.bone.body_1] run data modify entity @s {} merge value {transformation:[-1.2349195262005708f,0.04011705777922093f,-0.04437319618809138f,-0.058249999999999996f,0.03385605792952859f,1.2248241701874785f,0.16511848631294265f,0.6549425f,0.04931659159228871f,0.16371001452551295f,-1.2244882604557816f,-0.0890375f,0f,0f,0f,1f],start_interpolation:0}