execute if entity @s[tag=aj.dino.bone.head_lower] run data modify entity @s {} merge value {transformation:[-0.9948218453263447f,-0.0007842045953932453f,0.10163110293920341f,0.23286379887037817f,0.03395857409737173f,0.9399357162624641f,0.3396581583584322f,0.6399643890794302f,-0.09579306502435192f,0.3413506032180419f,-0.9350419532705039f,0.8550641568140744f,0f,0f,0f,1f],start_interpolation:0}
execute if entity @s[tag=aj.dino.bone.head_upper] run data modify entity @s {} merge value {transformation:[-1.03550964429109f,-0.08116683934311984f,0.06785030106562186f,0.23539718814141652f,0.03534746562854836f,0.36376903109533004f,0.9746253594449051f,0.7153318039870667f,-0.09971096147007083f,0.9718826980610984f,-0.35912906865874983f,0.8520991609054059f,0f,0f,0f,1f],start_interpolation:0}
execute if entity @s[tag=aj.dino.bone.neck_0] run data modify entity @s {} merge value {transformation:[-0.9602709840598639f,0.017452209053341834f,-0.27852299289620414f,0.2174143746760329f,-0.0804329530156053f,0.9383820288600017f,0.33610966659972186f,0.7218595753382709f,0.26722682732444736f,0.34515878709913395f,-0.8996973015666795f,0.78823412449774f,0f,0f,0f,1f],start_interpolation:0}
execute if entity @s[tag=aj.dino.bone.neck_1] run data modify entity @s {} merge value {transformation:[-0.9540125737369836f,0.10699316564015514f,-0.280022269932294f,0.19418571726043324f,0.045091594962529735f,0.9747255730288773f,0.21880769032934327f,0.7448858974343493f,0.29635579497534953f,0.19611863702826668f,-0.9347249451013402f,0.7099541474287117f,0f,0f,0f,1f],start_interpolation:0}
execute if entity @s[tag=aj.dino.bone.neck_2] run data modify entity @s {} merge value {transformation:[-0.9043151511722198f,0.15975574892814656f,-0.39584366616730404f,0.16107095190603077f,0.19525431453717573f,0.9794371866900256f,-0.0507794248032169f,0.7500265411818385f,0.3795917017203916f,-0.12321078691873888f,-0.9169128867956227f,0.6284193910880878f,0f,0f,0f,1f],start_interpolation:0}
execute if entity @s[tag=aj.dino.bone.body_0] run data modify entity @s {} merge value {transformation:[-0.7678141017314938f,0.05288227763010877f,-0.6384864680593563f,-0.13934155636881473f,0.359783729437676f,0.8601950894310918f,-0.36141399551007014f,0.5878879138711185f,0.5301105292428896f,-0.5072158049896394f,-0.6794961029722948f,0.3033435613053489f,0f,0f,0f,1f],start_interpolation:0}
execute if entity @s[tag=aj.dino.bone.leg_left_3] run data modify entity @s {} merge value {transformation:[-0.5809472398692135f,-0.05362626563411149f,-0.8121727206219636f,0.03255219832274277f,-0.05356119482662473f,0.9981831829278441f,-0.027595864342011944f,0.03190644037879642f,0.8121770145092061f,0.027469200100805613f,-0.5827640518672501f,-0.02740325894358976f,0f,0f,0f,1f],start_interpolation:0}
execute if entity @s[tag=aj.dino.bone.leg_left_2] run data modify entity @s {} merge value {transformation:[-0.5978405850258001f,0.2971393303732031f,-0.7786893172132695f,0.07682248014979715f,-0.052872911576543086f,0.9428503407763621f,0.40037468653751274f,0.26397483111562653f,0.831777187483597f,0.2735025644193429f,-0.5342333358548631f,0.02112998980185038f,0f,0f,0f,1f],start_interpolation:0}
execute if entity @s[tag=aj.dino.bone.leg_left_1] run data modify entity @s {} merge value {transformation:[-0.7109963924439625f,0.6766568860366795f,-0.19136245324204793f,0.28495809499729974f,0.10613421903427092f,0.37227673608787065f,0.9220333829736034f,0.31409586434901005f,0.6951400272475009f,0.6352523044798074f,-0.33650386650295383f,0.1977109443791653f,0f,0f,0f,1f],start_interpolation:0}
execute if entity @s[tag=aj.dino.bone.leg_left_0] run data modify entity @s {} merge value {transformation:[-0.6766186019060612f,-0.6147355107928041f,-0.40532396835740847f,-0.002085391968214112f,0.07700199143113293f,0.4883717501801159f,-0.8692316877229281f,0.5855608323101986f,0.7322963613663029f,-0.6193490820178235f,-0.2831055522828056f,0.06272914440241718f,0f,0f,0f,1f],start_interpolation:0}
execute if entity @s[tag=aj.dino.bone.leg_right_3] run data modify entity @s {} merge value {transformation:[-0.979187636105533f,-0.05176246637213784f,-0.1962453066270163f,-0.751817210701337f,-0.05454197446453639f,0.9984728594325037f,0.008781913128072333f,0.03798744991982489f,0.1954910389751106f,0.019302747259197284f,-0.980515506062336f,-0.17501769179317203f,0f,0f,0f,1f],start_interpolation:0}
execute if entity @s[tag=aj.dino.bone.leg_right_2] run data modify entity @s {} merge value {transformation:[-0.9311731779180699f,0.37713962491644215f,-0.20674722620761463f,-0.6688513252052054f,0.3346107139148289f,0.945031331290349f,0.21682631877540415f,0.2644546777688085f,0.27021173616270944f,0.12939739447983523f,-0.9809710145781362f,-0.17559094588599022f,0f,0f,0f,1f],start_interpolation:0}
execute if entity @s[tag=aj.dino.bone.leg_right_1] run data modify entity @s {} merge value {transformation:[-0.8938942973899764f,0.4180296397095761f,-0.16187713062061232f,-0.5645028431699344f,-0.025230586336931708f,0.31361998847056194f,0.9492133165652592f,0.29881023035491977f,0.44756720457019117f,0.8525806256044096f,-0.26979598632525637f,0.07925111493443887f,0f,0f,0f,1f],start_interpolation:0}
execute if entity @s[tag=aj.dino.bone.leg_right_0] run data modify entity @s {} merge value {transformation:[-0.8872003661864724f,0.13402165118691173f,-0.44149032520738585f,-0.3727817383453146f,0.03137115254276231f,0.9721901648854938f,0.23208217098272516f,0.6579830456688809f,0.46031658782486673f,0.1920533267429907f,-0.8667318839527145f,0.17169128622767804f,0f,0f,0f,1f],start_interpolation:0}
execute if entity @s[tag=aj.dino.bone.tail_4] run data modify entity @s {} merge value {transformation:[-2.505112734378391f,0.011184112216463147f,-1.1618719530521222f,-1.0331677733627638f,0.08903876135347968f,2.75506036004094f,-0.16545646892074506f,0.05534875922632373f,1.1585092225061757f,-0.18755974985324753f,-2.4996677885677383f,-1.268816356347671f,0f,0f,0f,1f],start_interpolation:0}
execute if entity @s[tag=aj.dino.bone.tail_3] run data modify entity @s {} merge value {transformation:[-1.8835824165461152f,-0.05657329210944453f,-0.8859245276786512f,-0.8823940979594755f,0.06885110901412954f,2.062491165778819f,-0.2780921464484308f,0.0823198153668288f,0.8850549875065772f,-0.28084725341129885f,-1.8637993495506722f,-0.9500365508850047f,0f,0f,0f,1f],start_interpolation:0}
execute if entity @s[tag=aj.dino.bone.tail_2] run data modify entity @s {} merge value {transformation:[-1.7656922203840282f,-0.11390882676427247f,-0.8295357961313572f,-0.729517942491843f,0.06568814105622522f,1.9111902948314294f,-0.4022568831847475f,0.15760183738663802f,0.8347394359934579f,-0.3913442361018199f,-1.723030364755649f,-0.6292048469977707f,0f,0f,0f,1f],start_interpolation:0}
execute if entity @s[tag=aj.dino.bone.tail_1] run data modify entity @s {} merge value {transformation:[-1.1511895689331877f,-0.22167128343433476f,-0.9556571919260571f,-0.5200616604729316f,0.19169004626740604f,1.3941551331036006f,-0.554294723953676f,0.25965463615833373f,0.9621194065922495f,-0.543000512837195f,-1.0330212681823747f,-0.4011917570566312f,0f,0f,0f,1f],start_interpolation:0}
execute if entity @s[tag=aj.dino.bone.tail_0] run data modify entity @s {} merge value {transformation:[-1.0203774381480575f,-0.18607280462228626f,-0.7470224305082354f,-0.30625461209691346f,0.3480311275469958f,0.9948426291771854f,-0.7231861406403054f,0.4949937596618206f,0.6866876542947323f,-0.7807053036427056f,-0.7435018566805175f,-0.20276304362501393f,0f,0f,0f,1f],start_interpolation:0}
execute if entity @s[tag=aj.dino.bone.body_1] run data modify entity @s {} merge value {transformation:[-1.1658818898886179f,0.08817240240151522f,-0.40193238404082393f,-0.21875f,0.22777604313003555f,1.1440444752960615f,-0.40973760844817964f,0.5131925f,0.3426982463655443f,-0.4604263904855529f,-1.0950662290193574f,0.08283749999999998f,0f,0f,0f,1f],start_interpolation:0}