execute if entity @s[tag=aj.dino.bone.head_lower] run data modify entity @s {} merge value {transformation:[-0.9853800482274342f,-0.1315573897042388f,0.10825347001138722f,-0.029095149071069852f,0.04940424015874462f,0.3874533775228949f,0.9205645557485027f,0.7053145309590159f,-0.16305024259300063f,0.9124541267703862f,-0.37528933495378675f,0.937532061625095f,0f,0f,0f,1f],start_interpolation:0}
execute if entity @s[tag=aj.dino.bone.head_upper] run data modify entity @s {} merge value {transformation:[-1.0256816816249164f,-0.08824112235114978f,0.15382631403241864f,-0.020790600246269286f,0.05142485299613721f,0.7161011753274229f,0.7536753503813934f,0.7733667503866164f,-0.1697189295774533f,0.7502563252678379f,-0.701272325079345f,0.9059823169099458f,0f,0f,0f,1f],start_interpolation:0}
execute if entity @s[tag=aj.dino.bone.neck_0] run data modify entity @s {} merge value {transformation:[-0.9986671201468085f,0.014658334546513729f,-0.04948854782676808f,-0.023905860480645046f,0.010938446216101533f,0.9971522157986489f,0.07461775205822069f,0.7620024895347358f,0.05044138709489742f,0.07397696774109576f,-0.9959834711037004f,0.8403630744329146f,0f,0f,0f,1f],start_interpolation:0}
execute if entity @s[tag=aj.dino.bone.neck_1] run data modify entity @s {} merge value {transformation:[-0.9928469853665239f,0.07500420067177128f,-0.09289366786920454f,-0.03142963840158768f,0.06741890960605113f,0.9943273412800514f,0.08226681597384955f,0.77355231037004f,0.0985370705680686f,0.07541557043829068f,-0.9922716046825742f,0.756652076057552f,0f,0f,0f,1f],start_interpolation:0}
execute if entity @s[tag=aj.dino.bone.neck_2] run data modify entity @s {} merge value {transformation:[-0.9928469853665239f,0.06412928815984431f,-0.10070897700164107f,-0.03962463429236898f,0.06741890960605113f,0.997285442780584f,-0.029604665940787506f,0.7807227673868562f,0.0985370705680686f,-0.03618259274908542f,-0.9944753720961708f,0.6691743246995027f,0f,0f,0f,1f],start_interpolation:0}
execute if entity @s[tag=aj.dino.bone.body_0] run data modify entity @s {} merge value {transformation:[-0.9928469853665239f,0.03587873439431091f,-0.11387528294967222f,-0.09295183832071463f,0.06741890960605113f,0.9556415139945211f,-0.2867123774059823f,0.6546999790595223f,0.0985370705680686f,-0.29233886698234607f,-0.9512247014114706f,0.21808079688531629f,0f,0f,0f,1f],start_interpolation:0}
execute if entity @s[tag=aj.dino.bone.leg_left_3] run data modify entity @s {} merge value {transformation:[-0.928687789422484f,0.14318466576048564f,-0.3421069149675847f,0.07051864545330729f,0.12851730251411403f,0.989555606305326f,0.06529169154030748f,0.001054471282039754f,0.34788258469212846f,0.016668938801163317f,-0.9373899155352413f,0.02332865841101288f,0f,0f,0f,1f],start_interpolation:0}
execute if entity @s[tag=aj.dino.bone.leg_left_2] run data modify entity @s {} merge value {transformation:[-0.9534548314211253f,0.1321567596036288f,-0.3542889708013455f,0.08889590900754586f,0.132865022701318f,1.016826811625261f,0.02173293360958802f,0.23895309361069808f,0.3540239676674254f,-0.025690962453149942f,-0.9623248953788625f,-0.011850792187313303f,0f,0f,0f,1f],start_interpolation:0}
execute if entity @s[tag=aj.dino.bone.leg_left_1] run data modify entity @s {} merge value {transformation:[-0.9643923252042326f,0.2507768585514075f,0.08401434581225456f,0.17177481475269396f,0.2333264576867692f,0.6571730246634195f,0.7167163872816618f,0.37482767602589334f,0.12452392232225132f,0.7107985529457834f,-0.6922854973922694f,0.21548721716384817f,0f,0f,0f,1f],start_interpolation:0}
execute if entity @s[tag=aj.dino.bone.leg_left_0] run data modify entity @s {} merge value {transformation:[-0.9681771580928081f,0.0328551860236153f,-0.2480998333306318f,0.09229630146821775f,0.18973003122490123f,0.7428369400549352f,-0.6420247625607742f,0.7408154071811706f,0.1632038780137643f,-0.6686656991660138f,-0.7254313730189051f,0.030978612664342764f,0f,0f,0f,1f],start_interpolation:0}
execute if entity @s[tag=aj.dino.bone.leg_right_3] run data modify entity @s {} merge value {transformation:[-0.9884554982742856f,0.10954202296622095f,-0.10467221759283418f,-0.39054388837971354f,0.1145111481916014f,0.992504378093862f,-0.04268789529078516f,0.1587343662426685f,0.09921151581935835f,-0.05418122063025012f,-0.9935901924132711f,-0.15356700952013902f,0f,0f,0f,1f],start_interpolation:0}
execute if entity @s[tag=aj.dino.bone.leg_right_2] run data modify entity @s {} merge value {transformation:[-1.0136030574736983f,0.09747321949469576f,-0.12316660611547074f,-0.370056940475482f,0.11696646452862738f,1.005223774134907f,-0.16705151777323243f,0.3877064690965975f,0.10483266454849836f,-0.17912658902576717f,-1.0044829401479898f,-0.22652681452422785f,0f,0f,0f,1f],start_interpolation:0}
execute if entity @s[tag=aj.dino.bone.leg_right_1] run data modify entity @s {} merge value {transformation:[-0.9453192087158611f,0.1635793844094304f,-0.282158428243868f,-0.32947953151333553f,-0.2733153966104669f,0.07473120311618006f,0.959017174641034f,0.35170268005899036f,0.1779614778778861f,0.9836955993990418f,-0.025936077469012137f,0.045632305691538255f,0f,0f,0f,1f],start_interpolation:0}
execute if entity @s[tag=aj.dino.bone.leg_right_0] run data modify entity @s {} merge value {transformation:[-0.9605512284260511f,-0.23508861848606183f,-0.14857549941870896f,-0.297999294831753f,-0.21708365544875383f,0.9677514316094288f,-0.12779613904538603f,0.7673182861891313f,0.17382757004057392f,-0.09050142582421448f,-0.9806087230988584f,0.06971427413267979f,0f,0f,0f,1f],start_interpolation:0}
execute if entity @s[tag=aj.dino.bone.tail_4] run data modify entity @s {} merge value {transformation:[-2.720209153738122f,0.4363271835279797f,0.1890557601182096f,-0.24836699874119994f,0.1919150420301873f,0.0028458422870716064f,2.7547816337096895f,1.834627828437002f,0.4350771289804657f,2.726769484517571f,-0.03312705453096265f,-0.9934768556851482f,0f,0f,0f,1f],start_interpolation:0}
execute if entity @s[tag=aj.dino.bone.tail_3] run data modify entity @s {} merge value {transformation:[-2.051327866457073f,0.34653627767542294f,0.08895009047764652f,-0.2668407765434011f,0.14153945073017615f,0.31058446485069613f,2.0541298401330064f,1.4832840033092423f,0.32858194446457245f,2.0296293810675667f,-0.3295208753988305f,-0.9574638092564616f,0f,0f,0f,1f],start_interpolation:0}
execute if entity @s[tag=aj.dino.bone.tail_2] run data modify entity @s {} merge value {transformation:[-1.9251081938093768f,0.33461333124864945f,0.027680962437353948f,-0.273330496417954f,0.132830426965607f,0.6110452096552668f,1.8514193756230006f,1.1393528058976747f,0.3083640621131314f,1.8257687546101806f,-0.6247030773808114f,-0.8406704063942458f,0f,0f,0f,1f],start_interpolation:0}
execute if entity @s[tag=aj.dino.bone.tail_1] run data modify entity @s {} merge value {transformation:[-1.4738130060079178f,0.24205733130170728f,-0.2386204552945997f,-0.22353289801581636f,-0.032755434593076f,0.9557380707308807f,1.171814008987874f,0.8755398881612781f,0.33831723991916995f,1.147008822336912f,-0.9260499212541219f,-0.6557390120134734f,0f,0f,0f,1f],start_interpolation:0}
execute if entity @s[tag=aj.dino.bone.tail_0] run data modify entity @s {} merge value {transformation:[-1.2314779448809559f,0.20756087224915795f,-0.27242663630227953f,-0.13891468951954775f,0.08209905381266594f,1.165997251263225f,0.5172483658685605f,0.7525254843987451f,0.3325019296468379f,0.48083740593032076f,-1.1366941419851502f,-0.3119671013537864f,0f,0f,0f,1f],start_interpolation:0}
execute if entity @s[tag=aj.dino.bone.body_1] run data modify entity @s {} merge value {transformation:[-1.227523745180146f,0.08464309780549929f,-0.12093633064157035f,-0.1165f,0.08335454872235942f,1.233434323705524f,0.0172157883536722f,0.6654425f,0.12182803159556656f,0.008939248024040013f,-1.230318095298352f,-0.026537500000000006f,0f,0f,0f,1f],start_interpolation:0}