execute if entity @s[tag=aj.dino.bone.head_lower] run data modify entity @s {} merge value {transformation:[-0.05198253356983429f,0.5382865681509276f,-0.8411571712539563f,0.14007835727331186f,0.04463288907196001f,0.8427065789891822f,0.5365198290291232f,0.3002242786192166f,0.9976500996926482f,-0.009653614693273213f,-0.06783130771703183f,-0.7373132222713379f,0f,0f,0f,1f],start_interpolation:0}
execute if entity @s[tag=aj.dino.bone.head_upper] run data modify entity @s {} merge value {transformation:[-0.05410859753345153f,0.6616562432748092f,-0.8017201618968656f,0.0996504006524256f,0.04645835563796606f,0.8035426482986787f,0.6600248299420785f,0.36378241131139333f,1.038453573082536f,-0.0014733241733082053f,-0.07130181239983399f,-0.7419392987882426f,0f,0f,0f,1f],start_interpolation:0}
execute if entity @s[tag=aj.dino.bone.neck_0] run data modify entity @s {} merge value {transformation:[0.3362278492009362f,0.1660436966515951f,-0.9270276825553729f,0.03690320836913065f,-0.006941495665077152f,0.9847451954082878f,0.1738640726493684f,0.3590427702961066f,0.9417550897444855f,-0.05202298456034769f,0.33225135066360456f,-0.7199151775139147f,0f,0f,0f,1f],start_interpolation:0}
execute if entity @s[tag=aj.dino.bone.neck_1] run data modify entity @s {} merge value {transformation:[0.6971549670824471f,0.04264981383698714f,-0.7156507145611902f,-0.02352531770871047f,0.12602956718462202f,0.9753927969900039f,0.1809017406640243f,0.378861034757329f,0.7057559777058419f,-0.21630969686929744f,0.6746247956996418f,-0.6637621146024762f,0f,0f,0f,1f],start_interpolation:0}
execute if entity @s[tag=aj.dino.bone.neck_2] run data modify entity @s {} merge value {transformation:[0.793195482613223f,0.06875413949872315f,-0.6050733795695906f,-0.07586113781232373f,0.1742980704041314f,0.9264056051389598f,0.33375565526371886f,0.41717062320365894f,0.5834904532341316f,-0.37019660056368414f,0.722837027216868f,-0.6040606258329683f,0f,0f,0f,1f],start_interpolation:0}
execute if entity @s[tag=aj.dino.bone.body_0] run data modify entity @s {} merge value {transformation:[0.920650851855086f,-0.13204525508873244f,-0.3673772714622607f,-0.2502625642990082f,0.20884607024958782f,0.9616642471821858f,0.1777222401187432f,0.5100915025479414f,0.32982620866118006f,-0.24034543120282428f,0.9129341409872453f,-0.17608777935270417f,0f,0f,0f,1f],start_interpolation:0}
execute if entity @s[tag=aj.dino.bone.leg_left_3] run data modify entity @s {} merge value {transformation:[0.4284397777553352f,0.05737376095379253f,0.9017469758147104f,-0.43373324588001166f,-0.1692509292268236f,0.9854137221652518f,0.01771776295927488f,0.07179395354706214f,-0.8875773091921714f,-0.16021250800871123f,0.4319009984762049f,0.20822157804940805f,0f,0f,0f,1f],start_interpolation:0}
execute if entity @s[tag=aj.dino.bone.leg_left_2] run data modify entity @s {} merge value {transformation:[0.43831192976693734f,-0.10392122548655815f,0.9214907653460505f,-0.4287989529156666f,-0.1827811915402173f,0.9895632983862802f,0.1985389483368409f,0.3083119016345909f,-0.9091401914687393f,-0.24905231755784235f,0.40435041100009494f,0.16125366292192223f,0f,0f,0f,1f],start_interpolation:0}
execute if entity @s[tag=aj.dino.bone.leg_left_1] run data modify entity @s {} merge value {transformation:[0.5512361325025313f,-0.8257296302015088f,0.11962150321297221f,-0.6704463774416225f,0.022760055547032747f,0.1581993789987815f,0.9871448406165612f,0.2984819878935621f,-0.8340387917208332f,-0.541427312103554f,0.10599886609380768f,0.025153403276387362f,0f,0f,0f,1f],start_interpolation:0}
execute if entity @s[tag=aj.dino.bone.leg_left_0] run data modify entity @s {} merge value {transformation:[0.5079710867215659f,0.762001680739458f,0.40164513392440393f,-0.3448915211217415f,-0.005399362838983686f,0.4690918149493785f,-0.8831328982822636f,0.5539274031387599f,-0.8613571976455785f,0.4464373502494374f,0.24239940257025508f,0.08055154332822656f,0f,0f,0f,1f],start_interpolation:0}
execute if entity @s[tag=aj.dino.bone.leg_right_3] run data modify entity @s {} merge value {transformation:[0.8721484924765425f,-0.20033167754796044f,0.4463454111354951f,0.11895014395148659f,0.12712914118724902f,0.9737807117990178f,0.18865128356094174f,0.12817897238578502f,-0.47243538027108684f,-0.10778842377091495f,0.874749373917521f,-0.11992420763263482f,0f,0f,0f,1f],start_interpolation:0}
execute if entity @s[tag=aj.dino.bone.leg_right_2] run data modify entity @s {} merge value {transformation:[0.8470180681901363f,-0.35835819017636567f,0.4540947028909977f,0.04813688496533973f,0.23336700618070247f,0.9484313941890171f,0.3131771550474709f,0.3585734896584531f,-0.5293037238546499f,-0.15530453164956692f,0.864742892346276f,-0.12857988949316831f,0f,0f,0f,1f],start_interpolation:0}
execute if entity @s[tag=aj.dino.bone.leg_right_1] run data modify entity @s {} merge value {transformation:[0.7797743418134189f,-0.594013909057248f,0.19773581288167447f,-0.10819560382062433f,-0.15636724611017944f,0.12104126445071495f,0.9802542000134918f,0.33635346041891967f,-0.6062188220381874f,-0.7952964781430252f,0.0015005532088958051f,-0.3567899000324659f,0f,0f,0f,1f],start_interpolation:0}
execute if entity @s[tag=aj.dino.bone.leg_right_0] run data modify entity @s {} merge value {transformation:[0.8070496121911881f,0.49310003601426217f,0.32484346683408283f,-0.034872990465754664f,-0.1263136148452772f,0.6815651205127552f,-0.7207730968932958f,0.6773207070297578f,-0.5768152166567483f,0.5406674957708912f,0.6123421142221573f,-0.12728519490882512f,0f,0f,0f,1f],start_interpolation:0}
execute if entity @s[tag=aj.dino.bone.tail_4] run data modify entity @s {} merge value {transformation:[0.6216539627342405f,2.0582526948651516f,-1.7328599269119116f,0.707717772220904f,2.669934030404019f,-0.2520170366391929f,0.6584838784162835f,0.05254124376004204f,0.3326559115773626f,-1.8236624108984492f,-2.046767399380958f,-0.2763459052677721f,0f,0f,0f,1f],start_interpolation:0}
execute if entity @s[tag=aj.dino.bone.tail_3] run data modify entity @s {} merge value {transformation:[0.5582797179571876f,1.9978734217308414f,0.1810278246667761f,0.6574713829927885f,1.9999544317531253f,-0.568957381308639f,0.11142394361130173f,0.03921555514219202f,0.15636992509150044f,0.1439958854980164f,-2.0714147719688984f,0.07348037994699341f,0f,0f,0f,1f],start_interpolation:0}
execute if entity @s[tag=aj.dino.bone.tail_2] run data modify entity @s {} merge value {transformation:[0.8038245750527222f,1.548236426697458f,0.8806837653727769f,0.4947169859336218f,1.7407302624444596f,-0.47805505540703547f,-0.7483952113773817f,0.17951401004598835f,-0.37748917991662984f,1.0923374964037613f,-1.5757774550992307f,0.3663947595166129f,0f,0f,0f,1f],start_interpolation:0}
execute if entity @s[tag=aj.dino.bone.tail_1] run data modify entity @s {} merge value {transformation:[0.9323928708856326f,0.6118010669459489f,1.0217628094648221f,0.2664756112028966f,1.057609117526189f,0.17120718707003285f,-1.0676175830422816f,0.4061501614528988f,-0.5475059258557152f,1.3726047514049207f,-0.32225720717077994f,0.41948531173940296f,0f,0f,0f,1f],start_interpolation:0}
execute if entity @s[tag=aj.dino.bone.tail_0] run data modify entity @s {} merge value {transformation:[0.916392035571902f,-0.1493412335744214f,0.878497893952446f,0.006154238405049292f,0.8162650731325609f,0.6461687455742618f,-0.7416286127239887f,0.63846448202282f,-0.35745305161420643f,1.0927025509174408f,0.5586270380980823f,0.2826103665391899f,0f,0f,0f,1f],start_interpolation:0}
execute if entity @s[tag=aj.dino.bone.body_1] run data modify entity @s {} merge value {transformation:[0.9750433041873172f,-0.37918574755247964f,0.6588727637934318f,-0.12148359885244746f,0.38808588146614703f,1.16970957694338f,0.09886075697582206f,0.5366925f,-0.6536700227349974f,0.1288497943974147f,1.0414978765785465f,0.031797751261555186f,0f,0f,0f,1f],start_interpolation:0}