execute if entity @s[tag=aj.dino.bone.head_lower] run data modify entity @s {} merge value {transformation:[-0.9712186200589694f,-0.22828853269579139f,-0.06796129700317288f,0.3751627195755144f,-0.19055916582164587f,0.5735226649452247f,0.7967176144127142f,0.30072200357320517f,-0.1429041509967761f,0.7867376301116721f,-0.6005183635778015f,0.024045649712202785f,0f,0f,0f,1f],start_interpolation:0}
execute if entity @s[tag=aj.dino.bone.head_upper] run data modify entity @s {} merge value {transformation:[-1.0109410569449564f,-0.24777041413411685f,0.008941132273352477f,0.36990165350663434f,-0.19835295630409877f,0.8307789331167753f,0.5949238704223293f,0.3603278347695482f,-0.148748871229148f,0.5760973257642047f,-0.8540828924284185f,-0.021942637524971012f,0f,0f,0f,1f],start_interpolation:0}
execute if entity @s[tag=aj.dino.bone.neck_0] run data modify entity @s {} merge value {transformation:[-0.9897661045649949f,-0.1345042276248651f,-0.04766204994829537f,0.3693228099729498f,-0.14255333419202754f,0.9470694902577299f,0.2876420128105419f,0.3636006556105855f,0.006450206583627133f,0.29149269866328087f,-0.9565513062355967f,-0.08852859579098135f,0f,0f,0f,1f],start_interpolation:0}
execute if entity @s[tag=aj.dino.bone.neck_1] run data modify entity @s {} merge value {transformation:[-0.9644457683638256f,-0.02424950565949617f,-0.26316595782961716f,0.34691748485019963f,-0.12163559472718027f,0.9247731112516879f,0.36055439922602306f,0.39840465962841715f,0.23462553565303795f,0.3797455123910529f,-0.8948431168860728f,-0.16258411249974425f,0f,0f,0f,1f],start_interpolation:0}
execute if entity @s[tag=aj.dino.bone.neck_2] run data modify entity @s {} merge value {transformation:[-0.9474452022404485f,0.10280608715026722f,-0.3029496611590896f,0.32138335825721026f,0.01125754307975347f,0.9570872792491574f,0.2895810898923701f,0.4331446176045618f,0.3197199657127517f,0.27095174541659095f,-0.9079450948049335f,-0.2394741254603982f,0f,0f,0f,1f],start_interpolation:0}
execute if entity @s[tag=aj.dino.bone.body_0] run data modify entity @s {} merge value {transformation:[-0.8791267558267819f,0.02903529954212719f,-0.4757027418146512f,0.09746303744751016f,0.003930712515492218f,0.9985502396363521f,0.053683968010052374f,0.4679581096331552f,0.47657181692647166f,0.04532516191568129f,-0.8779663621168631f,-0.6528246007285186f,0f,0f,0f,1f],start_interpolation:0}
execute if entity @s[tag=aj.dino.bone.leg_left_3] run data modify entity @s {} merge value {transformation:[0.017627287088034183f,0.11020599644271216f,-0.9937524425620217f,0.12775430745317776f,-0.12279400921534853f,0.9866214309816415f,0.10723704224081493f,0.07083382039753702f,0.992275622017762f,0.12013654845968585f,0.030924095353893788f,-1.3012349587338974f,0f,0f,0f,1f],start_interpolation:0}
execute if entity @s[tag=aj.dino.bone.leg_left_2] run data modify entity @s {} merge value {transformation:[-0.6692375534705785f,-0.09088418142960636f,-0.771960725744049f,0.08167405197173333f,-0.41973476449943287f,0.8996322961700474f,0.25796639056107173f,0.2878579519627672f,0.6542216933089381f,0.48421482500474156f,-0.6241731961165166f,-1.2066399882590457f,0f,0f,0f,1f],start_interpolation:0}
execute if entity @s[tag=aj.dino.bone.leg_left_1] run data modify entity @s {} merge value {transformation:[-0.7482069453891995f,0.6616079971913914f,-0.04961073395706417f,0.2789444457943193f,-0.14727176663852978f,-0.09270745962672342f,0.9847417700497552f,0.21337823086595892f,0.6469137451179482f,0.744096892200172f,0.16680054375065922f,-1.026222282569751f,0f,0f,0f,1f],start_interpolation:0}
execute if entity @s[tag=aj.dino.bone.leg_left_0] run data modify entity @s {} merge value {transformation:[-0.7321687152986123f,-0.24328201271898447f,-0.6361940227834425f,0.15008081562585407f,-0.16954130207078968f,0.9697328034647515f,-0.1757100929842523f,0.5887172247177374f,0.6596853183375546f,-0.020788270052921165f,-0.7512543701024881f,-0.8965223092521257f,0f,0f,0f,1f],start_interpolation:0}
execute if entity @s[tag=aj.dino.bone.leg_right_3] run data modify entity @s {} merge value {transformation:[-0.9867095340472956f,-0.05116420893366709f,-0.15422878831255993f,-0.22841991689478744f,-0.04948043028008027f,0.9986663367743304f,-0.014738887781555465f,0.04366423964862995f,0.1547772025831532f,-0.006911694288032899f,-0.9879252229002973f,-0.33356411660760626f,0f,0f,0f,1f],start_interpolation:0}
execute if entity @s[tag=aj.dino.bone.leg_right_2] run data modify entity @s {} merge value {transformation:[-1.0035358553308578f,0.20144978671160949f,0.0663021115795316f,-0.1778563681459346f,0.0399916733146763f,0.49465988969017055f,-0.8976494076742291f,0.1311653121204599f,-0.2082754249342679f,-0.8756664755865952f,-0.49182493877689343f,-0.5525571802425477f,0f,0f,0f,1f],start_interpolation:0}
execute if entity @s[tag=aj.dino.bone.leg_right_1] run data modify entity @s {} merge value {transformation:[-0.9528628383545514f,0.105656655017906f,-0.2844100605346703f,-0.15304557264011187f,-0.10318437440035975f,0.7686773943938936f,0.6312590975403211f,0.30445634239036595f,0.2853163089669323f,0.6308500095888416f,-0.7215420079518893f,-0.3372248117650511f,0f,0f,0f,1f],start_interpolation:0}
execute if entity @s[tag=aj.dino.bone.leg_right_0] run data modify entity @s {} merge value {transformation:[-0.9327485692471984f,-0.3154540206444575f,-0.17455333691038505f,-0.154237417960862f,-0.020121862924516405f,0.5289566009882196f,-0.8484102927849452f,0.5835474776126099f,0.35996557779842114f,-0.7878411484114265f,-0.4997310353280185f,-0.6477308444110265f,0f,0f,0f,1f],start_interpolation:0}
execute if entity @s[tag=aj.dino.bone.tail_4] run data modify entity @s {} merge value {transformation:[-0.5413258220048852f,1.2529658007378115f,-2.4005633480939816f,-1.442281070535306f,-2.566433446797028f,0.5434707694335051f,0.8623921483483502f,1.109739524272139f,0.8637401514299675f,2.4000786563262477f,1.0579398498283954f,-1.4083064143872388f,0f,0f,0f,1f],start_interpolation:0}
execute if entity @s[tag=aj.dino.bone.tail_3] run data modify entity @s {} merge value {transformation:[-0.5168701638862031f,0.4268479127093733f,-1.9714440441322052f,-1.1121740555738007f,-1.8962383868840147f,0.5911223117203986f,0.6251399193286944f,0.9979542995653032f,0.6878013810950102f,1.9504668154178957f,0.24197931349975532f,-1.4684240128523505f,0f,0f,0f,1f],start_interpolation:0}
execute if entity @s[tag=aj.dino.bone.tail_2] run data modify entity @s {} merge value {transformation:[-1.0068929247756784f,0.048948775163644126f,-1.6740802043060645f,-0.8016990964444368f,-1.3847193067843129f,1.0744141275197852f,0.8642688233457503f,0.8365203491646049f,0.9420684446781072f,1.631567398239697f,-0.5189111152653155f,-1.3708747259211518f,0f,0f,0f,1f],start_interpolation:0}
execute if entity @s[tag=aj.dino.bone.tail_1] run data modify entity @s {} merge value {transformation:[-0.9928956655329116f,0.19152009569988715f,-1.1247819790115159f,-0.5610511144808756f,-0.5518801328919303f,1.224399179372811f,0.695651650231905f,0.6723841111163502f,0.9986204315380002f,0.8670772471321648f,-0.7338872741917283f,-1.2245035500187211f,0f,0f,0f,1f],start_interpolation:0}
execute if entity @s[tag=aj.dino.bone.tail_0] run data modify entity @s {} merge value {transformation:[-0.6084566193376466f,0.06587722412737851f,-1.1221748751016933f,-0.23153579943728647f,-0.3436375532428222f,1.2040333448154148f,0.25700710721285264f,0.6263361303953842f,1.0702941142366038f,0.4240278440125169f,-0.555433716222384f,-1.051960361442565f,0f,0f,0f,1f],start_interpolation:0}
execute if entity @s[tag=aj.dino.bone.body_1] run data modify entity @s {} merge value {transformation:[-0.9571152258962858f,0.08807017802454252f,-0.7776751784366511f,-0.05666936542428362f,-0.016259438713325546f,1.2260120116718682f,0.15885456539009696f,0.5068240597667639f,0.7824772648879195f,0.13320204966619084f,-0.9479404722631566f,-0.8405495834848955f,0f,0f,0f,1f],start_interpolation:0}