execute if entity @s[tag=aj.dino.bone.head_lower] run data modify entity @s {} merge value {transformation:[-0.9226306656998452f,-0.09058760894001486f,-0.37489537182631616f,-0.6347793723611641f,-0.12006162503591773f,0.991187399956372f,0.055970924250559495f,0.18113598744383705f,0.36652129665818245f,0.09665103866104152f,-0.9253759861925023f,0.732523349362885f,0f,0f,0f,1f],start_interpolation:0}
execute if entity @s[tag=aj.dino.bone.head_upper] run data modify entity @s {} merge value {transformation:[-0.960365875497525f,0.18229682341754128f,-0.3576830942821506f,-0.6556418006072732f,-0.12497209547420968f,0.7455664579715124f,0.715530973951586f,0.24716551052808985f,0.38151186497429523f,0.7031148323732006f,-0.6659956245833363f,0.7025180554843218f,0f,0f,0f,1f],start_interpolation:0}
execute if entity @s[tag=aj.dino.bone.neck_0] run data modify entity @s {} merge value {transformation:[-0.9802982897279533f,-0.1943794602933786f,-0.035098270220981914f,-0.6544394185821006f,-0.19609958611990058f,0.9790394980372717f,0.05501466719458367f,0.23489457998795388f,0.023668871541623476f,0.060813540424661805f,-0.9978684772157922f,0.6369992429535564f,0f,0f,0f,1f],start_interpolation:0}
execute if entity @s[tag=aj.dino.bone.neck_1] run data modify entity @s {} merge value {transformation:[-0.9563702410420043f,-0.2641990305138288f,0.12471902150358583f,-0.6450912124322881f,-0.2289280478970212f,0.9429004582501868f,0.24193113631289204f,0.25973314712842127f,-0.18151559419322105f,0.20282405702268388f,-0.9622445068471634f,0.5564188888421456f,0f,0f,0f,1f],start_interpolation:0}
execute if entity @s[tag=aj.dino.bone.neck_2] run data modify entity @s {} merge value {transformation:[-0.8494803273707145f,-0.21059617876099992f,0.4837689767868636f,-0.6047712900111148f,-0.06010951887566314f,0.9495470489890094f,0.3078104083633302f,0.2959963065556198f,-0.5241851000845792f,0.23239976602296472f,-0.8192803730114562f,0.48691912252276304f,0f,0f,0f,1f],start_interpolation:0}
execute if entity @s[tag=aj.dino.bone.body_0] run data modify entity @s {} merge value {transformation:[-0.6922115273065943f,-0.2438468574836093f,0.6792509930498745f,-0.28696579030403613f,0.012813154689965911f,0.9368880629016119f,0.3493945916286576f,0.46958969726970395f,-0.7215809202929102f,0.2505583119511978f,-0.6454002694308416f,0.18513127691024286f,0f,0f,0f,1f],start_interpolation:0}
execute if entity @s[tag=aj.dino.bone.leg_left_3] run data modify entity @s {} merge value {transformation:[-0.7941037363997836f,-0.39107792338157366f,0.46524973259472124f,0.21241800875153286f,-0.3161266058339762f,0.9195621643867873f,0.2333867924972987f,0.08438658957978065f,-0.5190984732397053f,0.038255505118131486f,-0.853857887126636f,0.5038043849432302f,0f,0f,0f,1f],start_interpolation:0}
execute if entity @s[tag=aj.dino.bone.leg_left_2] run data modify entity @s {} merge value {transformation:[-0.13948069060751483f,-0.4625754902178631f,0.9047824336811858f,0.13233777613745656f,-0.4344440501884135f,0.8527389689293915f,0.36899433278279503f,0.293888395708347f,-0.9186216325039555f,-0.33305009566075267f,-0.3118880080683216f,0.41510702512142f,0f,0f,0f,1f],start_interpolation:0}
execute if entity @s[tag=aj.dino.bone.leg_left_1] run data modify entity @s {} merge value {transformation:[-0.16512852124902408f,-0.9707575882521864f,-0.17424774409130717f,-0.1188566397924669f,-0.03796653249647117f,-0.1702855225632406f,0.9846630810665945f,0.1961604305410265f,-0.9855410259752279f,0.16921154114351408f,-0.008737302989587359f,0.4811675722705715f,0f,0f,0f,1f],start_interpolation:0}
execute if entity @s[tag=aj.dino.bone.leg_left_0] run data modify entity @s {} merge value {transformation:[-0.1885579384282132f,0.33740255331977687f,0.9222827228507522f,-0.0833857018226607f,-0.056440847249738545f,0.9338533596895117f,-0.3531746499373123f,0.585009538846285f,-0.9804388479744333f,-0.11864830217877771f,-0.1570421783237217f,0.3333654677720208f,0f,0f,0f,1f],start_interpolation:0}
execute if entity @s[tag=aj.dino.bone.leg_right_3] run data modify entity @s {} merge value {transformation:[0.5310316239826663f,-0.0014684594939117779f,0.8473507290119281f,-0.2474233958498639f,0.0930495531375971f,0.994051922851557f,-0.05659112418051859f,0.014292025339646658f,-0.8422275197304022f,0.1088972832619626f,0.528009646414664f,-0.22030392180963337f,0f,0f,0f,1f],start_interpolation:0}
execute if entity @s[tag=aj.dino.bone.leg_right_2] run data modify entity @s {} merge value {transformation:[0.49624033001056606f,0.33685296356518846f,0.8320683958119355f,-0.14395867522813005f,0.2807566214462743f,0.8448061491662028f,-0.5094511648291117f,0.19503522948897317f,-0.8526332469976595f,0.4742307990514905f,0.3165183957464514f,-0.09865681824149646f,0f,0f,0f,1f],start_interpolation:0}
execute if entity @s[tag=aj.dino.bone.leg_right_1] run data modify entity @s {} merge value {transformation:[0.13126455088575642f,-0.9101859950454256f,0.3928499358583732f,-0.40944883860906156f,-0.10667988688751097f,0.381008568774839f,0.9183963590159837f,0.24771045558916716f,-0.9855906956817462f,-0.16246207232248427f,-0.04708562033418856f,-0.15992409631899307f,0f,0f,0f,1f],start_interpolation:0}
execute if entity @s[tag=aj.dino.bone.leg_right_0] run data modify entity @s {} merge value {transformation:[0.0454704957392055f,0.7309824769143144f,0.6808796167175549f,-0.18315632785155145f,-0.041217698014697865f,0.6823770114882031f,-0.7298374583171228f,0.5798397917411575f,-0.9981149910644564f,0.005121780612493937f,0.06115743598089618f,-0.046835271907588766f,0f,0f,0f,1f],start_interpolation:0}
execute if entity @s[tag=aj.dino.bone.tail_4] run data modify entity @s {} merge value {transformation:[2.7015659463838237f,-0.28480072002165296f,-0.4960759204138221f,0.6521329154407809f,0.10306719250195832f,2.5980141790281577f,-0.9302477148579372f,0.2079935910659247f,0.5626543546166122f,0.8915560593949198f,2.552294889268708f,1.1936785497119564f,0f,0f,0f,1f],start_interpolation:0}
execute if entity @s[tag=aj.dino.bone.tail_3] run data modify entity @s {} merge value {transformation:[2.059894279998751f,-0.23086771537389225f,0.19869871481947404f,0.6207001779858832f,0.286934215161174f,1.926584406021649f,-0.7361296140548185f,0.3139608296772105f,-0.10222444640452899f,0.7555912588937845f,1.9376732278908737f,0.8577267216294828f,0f,0f,0f,1f],start_interpolation:0}
execute if entity @s[tag=aj.dino.bone.tail_2] run data modify entity @s {} merge value {transformation:[1.8611916917656879f,-0.5955977122970416f,-0.0016512454946042828f,0.6222416656080502f,0.5309077286948114f,1.6614838972590618f,-0.8811254835514253f,0.47854806453027793f,0.26995619110750063f,0.838754135166049f,1.744244544388017f,0.5338746722172973f,0f,0f,0f,1f],start_interpolation:0}
execute if entity @s[tag=aj.dino.bone.tail_1] run data modify entity @s {} merge value {transformation:[1.3874463507062782f,-0.4623231510404045f,0.3858836326198658f,0.5435297088390505f,0.5782746635040154f,1.29333623568248f,-0.5296565349544845f,0.5761620747068532f,-0.168069293629593f,0.6333995070117631f,1.3631632429962695f,0.23295506521624015f,0f,0f,0f,1f],start_interpolation:0}
execute if entity @s[tag=aj.dino.bone.tail_0] run data modify entity @s {} merge value {transformation:[0.6299809124912327f,-0.14396366692908277f,1.1028300998272915f,0.21778302178145567f,0.30880081214597865f,1.24026919897505f,-0.014494449827417853f,0.61032759494572f,-1.0684576851231526f,0.2735735609706238f,0.6460583552769473f,0.050763615365841716f,0f,0f,0f,1f],start_interpolation:0}
execute if entity @s[tag=aj.dino.bone.body_1] run data modify entity @s {} merge value {transformation:[-0.3137898907468684f,-0.11744518703988449f,1.1901038305805445f,-0.05098868133305798f,-0.016259438713325546f,1.2306960758289287f,0.11716396480255145f,0.5001925f,-1.1957742806123763f,0.014085170808068172f,-0.31389500289987343f,0.1227910703621988f,0f,0f,0f,1f],start_interpolation:0}