execute if entity @s[tag=aj.dino.bone.head_lower] run data modify entity @s {} merge value {transformation:[-0.9590700725559915f,-0.09834236331914245f,-0.2655435472841531f,-0.24769007976821597f,-0.15319659563488408f,0.9688676288434324f,0.1944898991340856f,0.21917711336928103f,0.2381499506893235f,0.22720980911067817f,-0.9442776623592035f,0.682685248622954f,0f,0f,0f,1f],start_interpolation:0}
execute if entity @s[tag=aj.dino.bone.head_upper] run data modify entity @s {} merge value {transformation:[-0.9982956389110015f,0.04800746510661037f,-0.2908144480744045f,-0.26696996623897035f,-0.15946227256443601f,0.7757585851067306f,0.675457136941565f,0.2831113012022323f,0.24789018444337071f,0.6923625087414454f,-0.7366522622848521f,0.6475261517117336f,0f,0f,0f,1f],start_interpolation:0}
execute if entity @s[tag=aj.dino.bone.neck_0] run data modify entity @s {} merge value {transformation:[-0.9846536513195433f,-0.16980752755162107f,-0.04028139185650098f,-0.26650017579166185f,-0.1731502934095631f,0.979407357210076f,0.10382776379637818f,0.2739833304786069f,0.02182115568144228f,0.10920912154934564f,-0.9937792536248412f,0.5814868020654723f,0f,0f,0f,1f],start_interpolation:0}
execute if entity @s[tag=aj.dino.bone.neck_1] run data modify entity @s {} merge value {transformation:[-0.982263628960669f,-0.18718591740178567f,0.010935974920847746f,-0.2664360973044256f,-0.1763919203168843f,0.9422537895077729f,0.2846817286113799f,0.3024404547662174f,-0.0635928743487782f,0.27770349022778473f,-0.958559710110626f,0.5015635587894502f,0f,0f,0f,1f],start_interpolation:0}
execute if entity @s[tag=aj.dino.bone.neck_2] run data modify entity @s {} merge value {transformation:[-0.9554853338230525f,-0.10430775706407597f,0.2759849065896758f,-0.243278987734376f,-0.016768203076434042f,0.953106278444771f,0.30217089428789473f,0.33824439754494257f,-0.2945617154598301f,0.28409208684055304f,-0.912428124281547f,0.4244094509791778f,0f,0f,0f,1f],start_interpolation:0}
execute if entity @s[tag=aj.dino.bone.body_0] run data modify entity @s {} merge value {transformation:[-0.9055049093976542f,-0.10576534981177863f,0.4109434873993485f,-0.05061041032478529f,0.006890532138827461f,0.9646467482349367f,0.2634562044944214f,0.47159978484776954f,-0.42427983645654227f,0.24139250588813796f,-0.8727635868191657f,0.015378810733972542f,0f,0f,0f,1f],start_interpolation:0}
execute if entity @s[tag=aj.dino.bone.leg_left_3] run data modify entity @s {} merge value {transformation:[-0.8306664624761151f,-0.5167150400587338f,-0.20736150919232327f,0.6924029408198329f,-0.5532673403218713f,0.7243436987415086f,0.4113653561332468f,0.24876840448186388f,-0.06235766392817732f,0.4564337558403974f,-0.8875695737680789f,-0.1424358905520021f,0f,0f,0f,1f],start_interpolation:0}
execute if entity @s[tag=aj.dino.bone.leg_left_2] run data modify entity @s {} merge value {transformation:[-0.5230544055531328f,-0.7903425745331346f,0.3922179282140093f,0.5194850697526059f,-0.4215494978463461f,0.6244051959981085f,0.6960433690343952f,0.4151732241103988f,-0.7750950323654816f,0.19374974991363034f,-0.6432347353116538f,-0.11835440521599758f,0f,0f,0f,1f],start_interpolation:0}
execute if entity @s[tag=aj.dino.bone.leg_left_1] run data modify entity @s {} merge value {transformation:[-0.7010626178629698f,-0.568873870761573f,-0.42999270342630813f,0.4017071170911186f,-0.0660060572962945f,-0.5486349275145284f,0.8334524081861701f,0.22323762074736403f,-0.71003831321649f,0.6126844501665383f,0.3470783172265427f,0.043825937884829164f,0f,0f,0f,1f],start_interpolation:0}
execute if entity @s[tag=aj.dino.bone.leg_left_0] run data modify entity @s {} merge value {transformation:[-0.7081360288638668f,-0.1618084524064006f,0.6872855224393706f,0.19988756349941839f,-0.09361551238626187f,0.986309979808837f,0.1357525674532496f,0.5885586642380082f,-0.6998424826098877f,0.031790697685597f,-0.7135894135110837f,0.033024015120489664f,0f,0f,0f,1f],start_interpolation:0}
execute if entity @s[tag=aj.dino.bone.leg_right_3] run data modify entity @s {} merge value {transformation:[-0.0765019517058052f,0.033800643450758894f,0.9964963461486036f,-0.2799611436192275f,0.018982779143319167f,0.999293459217842f,-0.03243819446941876f,0.01380564087791572f,-0.9968887126862253f,0.016434684869340493f,-0.07708953010653845f,-0.3231909274735434f,0f,0f,0f,1f],start_interpolation:0}
execute if entity @s[tag=aj.dino.bone.leg_right_2] run data modify entity @s {} merge value {transformation:[0.00031566511149588996f,0.653803217287484f,0.7903185768541487f,-0.10313666869822585f,0.21657264694610118f,0.7724580232364743f,-0.6391143015400711f,0.17377700383928715f,-1.0025758766552244f,0.16706931167281505f,-0.13781021786092282f,-0.28695089205401253f,0f,0f,0f,1f],start_interpolation:0}
execute if entity @s[tag=aj.dino.bone.leg_right_1] run data modify entity @s {} merge value {transformation:[-0.41707116432881597f,-0.8060974712075438f,0.4198315266844662f,-0.3527006837935454f,-0.10775865345976252f,0.5025241954100338f,0.8578213716340004f,0.26265541419695343f,-0.9024631385768312f,0.3125320782580601f,-0.2964523293377088f,-0.20429609061112533f,0f,0f,0f,1f],start_interpolation:0}
execute if entity @s[tag=aj.dino.bone.leg_right_0] run data modify entity @s {} merge value {transformation:[-0.49357937909756333f,0.6497830493632365f,0.5780669384161994f,-0.08724175157819715f,-0.038333791273840165f,0.6477731393666577f,-0.7608682411309061f,0.5833889171328808f,-0.8688555213476161f,-0.39770837139200216f,-0.2948188161371046f,-0.23542250971113948f,0f,0f,0f,1f],start_interpolation:0}
execute if entity @s[tag=aj.dino.bone.tail_4] run data modify entity @s {} merge value {transformation:[2.7523293502534796f,-0.11843407654583107f,-0.19057242414893003f,1.123849512986486f,0.06414369296227897f,2.662865755884438f,-0.7284867084519524f,0.39221660762614763f,0.2150117810410037f,0.7216513474322174f,2.656812111979852f,0.3892629096615105f,0f,0f,0f,1f],start_interpolation:0}
execute if entity @s[tag=aj.dino.bone.tail_3] run data modify entity @s {} merge value {transformation:[2.0482959485391894f,-0.10474183056374327f,0.359803254810939f,1.0638651582270007f,0.2282526770026631f,1.93435134196966f,-0.7362955434509545f,0.4981359761654497f,-0.2972035475621167f,0.7637143188357635f,1.9142507715986856f,0.057203174091102316f,0f,0f,0f,1f],start_interpolation:0}
execute if entity @s[tag=aj.dino.bone.tail_2] run data modify entity @s {} merge value {transformation:[1.8034218260743065f,-0.34650348132417585f,0.6681159552591298f,0.940914941144352f,0.5824660514025228f,1.7411667322033397f,-0.6692126602468557f,0.6233861653169337f,-0.4766307703087861f,0.816729834829943f,1.7101313869689325f,-0.2608646146049361f,0f,0f,0f,1f],start_interpolation:0}
execute if entity @s[tag=aj.dino.bone.tail_1] run data modify entity @s {} merge value {transformation:[0.7748249778319508f,-0.27779871126446765f,1.2689091298227464f,0.6705154099083083f,0.6553167131566848f,1.3593001721600522f,-0.10256362621891078f,0.6282146018314892f,-1.1215446978097827f,0.602318161759592f,0.8167047035675196f,-0.4429015798262364f,0f,0f,0f,1f],start_interpolation:0}
execute if entity @s[tag=aj.dino.bone.tail_0] run data modify entity @s {} merge value {transformation:[-0.26280002606900166f,-0.08678458545126004f,1.2478943459324645f,0.30375741162366726f,0.2528788341846824f,1.2451228388203093f,0.1398468020852741f,0.6173951480124897f,-1.2250812863249345f,0.2756324882159846f,-0.23882690367782497f,-0.3664593047810554f,0f,0f,0f,1f],start_interpolation:0}
execute if entity @s[tag=aj.dino.bone.body_1] run data modify entity @s {} merge value {transformation:[-0.9030541352154916f,-0.0999817676659062f,0.838511460900119f,0.11554972421135763f,-0.01625943871332555f,1.229502186601404f,0.129091436010852f,0.5045675000000001f,-0.8442946491475467f,0.08326232240946106f,-0.8993545052670023f,-0.1629802885412688f,0f,0f,0f,1f],start_interpolation:0}