execute if entity @s[tag=aj.dino.bone.head_lower] run data modify entity @s {} merge value {transformation:[-0.9877816649801757f,-0.11185750981050219f,-0.10851396144268712f,0.40603875596778066f,-0.13561898795932997f,0.9600105355621011f,0.24492297098200977f,0.2621285207794854f,0.07677807261112149f,0.2566469736988159f,-0.9634508074921942f,0.15014520496099612f,0f,0f,0f,1f],start_interpolation:0}
execute if entity @s[tag=aj.dino.bone.head_upper] run data modify entity @s {} merge value {transformation:[-1.0281815235021712f,-0.04972202593845068f,-0.15440990074744845f,0.3939584723070612f,-0.14116574805895493f,0.7623775119054924f,0.6944960068274353f,0.3270804094468087f,0.07991826379005278f,0.7069513364163574f,-0.7598057788905118f,0.11366541059451074f,0f,0f,0f,1f],start_interpolation:0}
execute if entity @s[tag=aj.dino.bone.neck_0] run data modify entity @s {} merge value {transformation:[-0.9760601398366752f,-0.019877497166383238f,-0.21659060120053736f,0.3805913564080595f,-0.10469642823168276f,0.9157929125981079f,0.38776539189386394f,0.3373228406969697f,0.1906443320362234f,0.4011586049699972f,-0.8959500612874515f,0.04915844144446255f,0f,0f,0f,1f],start_interpolation:0}
execute if entity @s[tag=aj.dino.bone.neck_1] run data modify entity @s {} merge value {transformation:[-0.9302285678361661f,0.06357167454179553f,-0.361432502381049f,0.3502661464129457f,-0.09332645619660807f,0.9115216926673647f,0.4005226290368677f,0.3754516307338055f,0.3549154605751312f,0.40630880619643706f,-0.8419905996220912f,-0.020297399588602355f,0f,0f,0f,1f],start_interpolation:0}
execute if entity @s[tag=aj.dino.bone.neck_2] run data modify entity @s {} merge value {transformation:[-0.91433400979532f,0.16387016244964628f,-0.37032403161331306f,0.31942737512261593f,0.02181693690620874f,0.933073577120968f,0.3590232874657453f,0.4160401368814608f,0.40437277331151017f,0.32018786600589233f,-0.8567160501980519f,-0.09221731163071428f,0f,0f,0f,1f],start_interpolation:0}
execute if entity @s[tag=aj.dino.bone.body_0] run data modify entity @s {} merge value {transformation:[-0.8612748389170299f,0.07983299485129722f,-0.5018289995421914f,0.08367775856433157f,0.0041872992118481105f,0.9886628694261888f,0.15009396104868808f,0.49619710753122476f,0.5081221490682672f,0.12717084395036227f,-0.8518447382447099f,-0.4924770810954955f,0f,0f,0f,1f],start_interpolation:0}
execute if entity @s[tag=aj.dino.bone.leg_left_3] run data modify entity @s {} merge value {transformation:[-0.1537022795184732f,0.2156728431523165f,-0.9642929191886775f,0.16758245021208823f,-0.10181031368745347f,0.9672386897026823f,0.23255962067628985f,0.08013298698841337f,0.9828582142393111f,0.13391990841108686f,-0.12670907163056117f,-1.0635142529606825f,0f,0f,0f,1f],start_interpolation:0}
execute if entity @s[tag=aj.dino.bone.leg_left_2] run data modify entity @s {} merge value {transformation:[-0.7162011407297827f,-0.09933784841573139f,-0.7274957851356839f,0.1208329647700355f,-0.3717815717580584f,0.925424749004483f,0.23964493804750142f,0.30267748045545284f,0.6331639506629856f,0.43102578264277475f,-0.6821894060880147f,-0.9831432003085134f,0f,0f,0f,1f],start_interpolation:0}
execute if entity @s[tag=aj.dino.bone.leg_left_1] run data modify entity @s {} merge value {transformation:[-0.7879483672610588f,0.6150696572567194f,-0.028752169530891075f,0.30514556117291314f,-0.08113223430028209f,-0.05742150519809225f,0.995047904021826f,0.2359200416692276f,0.6103727804285473f,0.7863790990755586f,0.09514715681005562f,-0.7867107772371199f,0f,0f,0f,1f],start_interpolation:0}
execute if entity @s[tag=aj.dino.bone.leg_left_0] run data modify entity @s {} merge value {transformation:[-0.7718276195637425f,-0.29388389975018253f,-0.5638389656153532f,0.14591246784183803f,-0.10496514546264855f,0.9334989252502561f,-0.34287326345841185f,0.6181491971490747f,0.6271080002013784f,-0.20545561570383308f,-0.7513478196276256f,-0.7332975461624783f,0f,0f,0f,1f],start_interpolation:0}
execute if entity @s[tag=aj.dino.bone.leg_right_3] run data modify entity @s {} merge value {transformation:[-0.990469071637423f,-0.0472219278935751f,-0.12938743237159875f,-0.23810206291310235f,-0.048140494892480123f,0.9988326477101823f,0.003979273774620984f,0.036431238385280645f,0.12904848267689184f,0.010170122628575806f,-0.9915861322772277f,-0.2413246707425914f,0f,0f,0f,1f],start_interpolation:0}
execute if entity @s[tag=aj.dino.bone.leg_right_2] run data modify entity @s {} merge value {transformation:[-1.0116680690331104f,0.1668633988521307f,0.027322586316573718f,-0.19679257674247613f,0.0796797809918872f,0.6166591182146977f,-0.8157480394855083f,0.154839701747023f,-0.14913433575336332f,-0.8024651628244559f,-0.6211850061400525f,-0.4473441703600921f,0f,0f,0f,1f],start_interpolation:0}
execute if entity @s[tag=aj.dino.bone.leg_right_1] run data modify entity @s {} merge value {transformation:[-0.9443684636581844f,0.13609687141257656f,-0.2994091622505713f,-0.16274745880954145f,-0.12406428080380354f,0.6956959939167077f,0.7075416159328577f,0.3038423910739803f,0.30459195504234043f,0.7053259711934287f,-0.640108596476826f,-0.21571404671890315f,0f,0f,0f,1f],start_interpolation:0}
execute if entity @s[tag=aj.dino.bone.leg_right_0] run data modify entity @s {} merge value {transformation:[-0.9273935966983403f,-0.32470626280463427f,-0.18576049014352797f,-0.16728235556233795f,-0.05435467695684768f,0.6082629033493809f,-0.7918723441956401f,0.613449657527813f,0.3701171245644176f,-0.724280389976444f,-0.5817484256959687f,-0.4957677091389473f,0f,0f,0f,1f],start_interpolation:0}
execute if entity @s[tag=aj.dino.bone.tail_4] run data modify entity @s {} merge value {transformation:[-1.6599503249196275f,-0.1676645068915638f,-2.2004805983075673f,-0.9235155452267267f,-0.47560737165003236f,2.7159536665035553f,0.15183754818241182f,0.7645511050763715f,2.1549997397752443f,0.4702612318006949f,-1.6614727885324887f,-2.115004283981107f,0f,0f,0f,1f],start_interpolation:0}
execute if entity @s[tag=aj.dino.bone.tail_3] run data modify entity @s {} merge value {transformation:[-1.5771490207059573f,-0.4417724886383334f,-1.2858396326186932f,-0.7011615699953646f,-0.6167898257854092f,1.9874822030609174f,0.07369076854106879f,0.7326068002523741f,1.2116586991963898f,0.43668877572346887f,-1.6361942537068437f,-1.8418395451825424f,0f,0f,0f,1f],start_interpolation:0}
execute if entity @s[tag=aj.dino.bone.tail_2] run data modify entity @s {} merge value {transformation:[-1.6904252645161588f,-0.5520997991678616f,-0.8101988100750688f,-0.5519287310346619f,-0.5852564364937332f,1.8638265584983449f,-0.04898304177623073f,0.741723378702011f,0.786581975150021f,0.20027542684463737f,-1.777625501834981f,-1.5107535567411086f,0f,0f,0f,1f],start_interpolation:0}
execute if entity @s[tag=aj.dino.bone.tail_1] run data modify entity @s {} merge value {transformation:[-1.4333745125471085f,-0.03503530409682654f,-0.4815249570346087f,-0.44651225653496235f,-0.07797125050240451f,1.5055084183253646f,0.12256074594482384f,0.6970208799930325f,0.47646011467428245f,0.1409722661316872f,-1.4285548044461813f,-1.2055229381720403f,0f,0f,0f,1f],start_interpolation:0}
execute if entity @s[tag=aj.dino.bone.tail_0] run data modify entity @s {} merge value {transformation:[-1.0326976684244382f,0.20125456250691381f,-0.7258566272239355f,-0.22954344848567815f,0.08099130137649489f,1.2542736969561454f,0.2325373492782036f,0.6593359204631476f,0.7488735883419166f,0.14187956434293916f,-1.0261063563246198f,-0.9022470052995404f,0f,0f,0f,1f],start_interpolation:0}
execute if entity @s[tag=aj.dino.bone.body_1] run data modify entity @s {} merge value {transformation:[-0.9850331037315811f,0.09115827626126029f,-0.7416229151518f,-0.06326666600555172f,-0.014780583053465895f,1.224514816757656f,0.17014579913066835f,0.5372996428571428f,0.7470581730854551f,0.14442377666537423f,-0.9745001045747418f,-0.6854173478189316f,0f,0f,0f,1f],start_interpolation:0}