execute if entity @s[tag=aj.dino.bone.head_lower] run data modify entity @s {} merge value {transformation:[-0.9778907940484981f,-0.1670527062513518f,-0.12578946000876617f,0.4026859859597991f,-0.18980211217220005f,0.45654560234268093f,0.8692187706190714f,0.29341227527183383f,-0.08777672316832624f,0.8738761390012075f,-0.47815869808482314f,0.010370427423288558f,0f,0f,0f,1f],start_interpolation:0}
execute if entity @s[tag=aj.dino.bone.head_upper] run data modify entity @s {} merge value {transformation:[-1.0178861200705842f,-0.21320826308194063f,-0.04384091359381994f,0.39456019272415727f,-0.19756493947582965f,0.8169402298281634f,0.6140429123129147f,0.3540256230451738f,-0.09136675457227614f,0.6087880091011946f,-0.839345708702344f,-0.03385004349004077f,0f,0f,0f,1f],start_interpolation:0}
execute if entity @s[tag=aj.dino.bone.neck_0] run data modify entity @s {} merge value {transformation:[-0.9870012611197915f,-0.11783003205677114f,-0.10929132670729738f,0.3897247377521167f,-0.14798411360501132f,0.9315701582050173f,0.33208092758003666f,0.3604252854792328f,0.06268343216895517f,0.3439376744228213f,-0.9368978938198874f,-0.10003462591102721f,0f,0f,0f,1f],start_interpolation:0}
execute if entity @s[tag=aj.dino.bone.neck_1] run data modify entity @s {} merge value {transformation:[-0.9511267975952533f,-0.010900304013219078f,-0.3086081629973795f,0.3635313595260484f,-0.1263705351584895f,0.9256019067379506f,0.35677948103391083f,0.39491332253759703f,0.2817592992963225f,0.3783415039557372f,-0.8817422546552682f,-0.17298679573138465f,0f,0f,0f,1f],start_interpolation:0}
execute if entity @s[tag=aj.dino.bone.neck_2] run data modify entity @s {} merge value {transformation:[-0.9340995241350232f,0.1121130737537987f,-0.33895241215279504f,0.3349342431410932f,0.011906782907535898f,0.9586676542439697f,0.284279012991035f,0.42920425167054155f,0.3568141078089762f,0.2615090579690109f,-0.8968259056632142f,-0.24899513414109686f,0f,0f,0f,1f],start_interpolation:0}
execute if entity @s[tag=aj.dino.bone.body_0] run data modify entity @s {} merge value {transformation:[-0.8629076525170994f,0.03136502825863814f,-0.5043873692210812f,0.09751715858028107f,0.00420660229024486f,0.9984833581787592f,0.05489342344251398f,0.46458711837951083f,0.5053441280203027f,0.0452461980988709f,-0.8617308708831298f,-0.6546946355029107f,0f,0f,0f,1f],start_interpolation:0}
execute if entity @s[tag=aj.dino.bone.leg_left_3] run data modify entity @s {} merge value {transformation:[0.03617863446799957f,0.11243314540000154f,-0.9930004502634893f,0.11567859381119303f,-0.12279400921534853f,0.9866214309816415f,0.10723704224081493f,0.06746282914389265f,0.991772523166906f,0.11805481668784053f,0.049500732802138125f,-1.3035580384449887f,0f,0f,0f,1f],start_interpolation:0}
execute if entity @s[tag=aj.dino.bone.leg_left_2] run data modify entity @s {} merge value {transformation:[-0.6568873405281913f,-0.08181402298565306f,-0.7834970880592965f,0.07137521367750177f,-0.41973476449943287f,0.8996322961700474f,0.25796639056107173f,0.2844869607091228f,0.6666212934081086f,0.4858295964959371f,-0.6096292757440289f,-1.2081179583260842f,0f,0f,0f,1f],start_interpolation:0}
execute if entity @s[tag=aj.dino.bone.leg_left_1] run data modify entity @s {} merge value {transformation:[-0.7359795758575156f,0.6754060906519433f,-0.04648307897342571f,0.2719847235049436f,-0.14727176663852978f,-0.09270745962672342f,0.9847417700497552f,0.21000723961231454f,0.660791261043726f,0.7315954754096128f,0.16769904498363858f,-1.0314205294486365f,0f,0f,0f,1f],start_interpolation:0}
execute if entity @s[tag=aj.dino.bone.leg_left_0] run data modify entity @s {} merge value {transformation:[-0.7197053359346927f,-0.2436281945989846f,-0.650130396323361f,0.14556886621311504f,-0.16954130207078968f,0.9697328034647515f,-0.1757100929842523f,0.585346233464093f,0.673260704570876f,-0.01623553758988619f,-0.739226914417958f,-0.8993336289476416f,0f,0f,0f,1f],start_interpolation:0}
execute if entity @s[tag=aj.dino.bone.leg_right_3] run data modify entity @s {} merge value {transformation:[-0.9861114549957307f,-0.05007707422218715f,-0.1583555649907786f,-0.22886976459342454f,-0.048239153941273635f,0.9987166068184362f,-0.015431244023078883f,0.045845759161103394f,0.1589250840906909f,-0.007577988018945048f,-0.9872615619704599f,-0.3260983712331671f,0f,0f,0f,1f],start_interpolation:0}
execute if entity @s[tag=aj.dino.bone.leg_right_2] run data modify entity @s {} merge value {transformation:[-1.0035612850973135f,0.20290957708669602f,0.06127519955921231f,-0.17812125547410412f,0.043583197583353564f,0.48772421861985726f,-0.901270098783242f,0.13161266939099522f,-0.20743059427898675f,-0.8792127100985533f,-0.485818647706033f,-0.5457337463388171f,0f,0f,0f,1f],start_interpolation:0}
execute if entity @s[tag=aj.dino.bone.leg_right_1] run data modify entity @s {} merge value {transformation:[-0.9516105082936033f,0.11349052396847728f,-0.2855824600260854f,-0.1510951219744192f,-0.09782141935602147f,0.7690997540666592f,0.6315983994673973f,0.3051072528849769f,0.29132183306502013f,0.6289717555375322f,-0.7207816037578039f,-0.3308323660126948f,0f,0f,0f,1f],start_interpolation:0}
execute if entity @s[tag=aj.dino.bone.leg_right_0] run data modify entity @s {} merge value {transformation:[-0.929705080042267f,-0.32047078537606144f,-0.18151291927588065f,-0.15404404228119384f,-0.012404092148722942f,0.5197985905115718f,-0.8541987847100633f,0.5801764863589656f,0.36809591500255456f,-0.7919014465339949f,-0.4872345393501967f,-0.6448952565768454f,0f,0f,0f,1f],start_interpolation:0}
execute if entity @s[tag=aj.dino.bone.tail_4] run data modify entity @s {} merge value {transformation:[1.1586192781809392f,-0.08877118630257562f,-2.5050713315811812f,-1.5151037138695846f,-2.312717885868026f,1.0264969461259565f,-1.1060295346780802f,0.7409792316311834f,0.9667464404969928f,2.56204703853706f,0.3563391975490156f,-1.5297356333893621f,0f,0f,0f,1f],start_interpolation:0}
execute if entity @s[tag=aj.dino.bone.tail_3] run data modify entity @s {} merge value {transformation:[0.3227627729395661f,-0.31450872630092896f,-2.032942197783639f,-1.1673141279343542f,-1.9131510839071317f,0.7104169481334034f,-0.41364987126098796f,0.8041669761667758f,0.7560573050991394f,1.9319258647603001f,-0.1788444310590596f,-1.5183156381935947f,0f,0f,0f,1f],start_interpolation:0}
execute if entity @s[tag=aj.dino.bone.tail_2] run data modify entity @s {} merge value {transformation:[-0.4921899663334906f,-0.5411558829357883f,-1.8120908427580007f,-0.8309431151303877f,-1.6540688519855369f,1.0309404357278795f,0.14139280701377444f,0.776904584479124f,0.9168310340158988f,1.569422187732789f,-0.7177107542179796f,-1.3838433818957119f,0f,0f,0f,1f],start_interpolation:0}
execute if entity @s[tag=aj.dino.bone.tail_1] run data modify entity @s {} merge value {transformation:[-0.8719559039762591f,-0.10697577500443634f,-1.2312210748209054f,-0.5638573660863031f,-0.7233322077143897f,1.2659472656857582f,0.4022738964757469f,0.6755558838773468f,1.0020676967171294f,0.8207252610130584f,-0.7809779940120434f,-1.226775496754542f,0f,0f,0f,1f],start_interpolation:0}
execute if entity @s[tag=aj.dino.bone.tail_0] run data modify entity @s {} merge value {transformation:[-0.636772056790441f,0.08377934208390053f,-1.1051416588450946f,-0.23888754272555568f,-0.3264877105621869f,1.2038225343486149f,0.27937930709049846f,0.6229651391417398f,1.059133060161357f,0.4214594217934796f,-0.5783120552424728f,-1.0476087063780326f,0f,0f,0f,1f],start_interpolation:0}
execute if entity @s[tag=aj.dino.bone.body_1] run data modify entity @s {} merge value {transformation:[-0.9423164468824365f,0.09054550725003295f,-0.7952646226935687f,-0.060098540301183334f,-0.016259438713325546f,1.2260120116718682f,0.15885456539009696f,0.5034530685131196f,0.8002374270451473f,0.1315319482459802f,-0.9332330909280003f,-0.8395046953806742f,0f,0f,0f,1f],start_interpolation:0}