execute if entity @s[tag=aj.dino.bone.head_lower] run data modify entity @s {} merge value {transformation:[-0.9762848687066312f,-0.11199579676513503f,-0.18526952431908042f,-0.07390117807626517f,-0.1656550591049743f,0.9374272975842205f,0.3062490214463925f,0.24077719577914472f,0.1393781063417181f,0.32967711969575325f,-0.9337487564766599f,0.6333260376948798f,0f,0f,0f,1f],start_interpolation:0}
execute if entity @s[tag=aj.dino.bone.head_upper] run data modify entity @s {} merge value {transformation:[-1.0162145130513707f,-0.03932170711773097f,-0.22188692930549167f,-0.09039589900364937f,-0.17243028199942648f,0.7955461813685987f,0.6487264552513227f,0.3033089404415385f,0.14507861281688342f,0.6700985145802782f,-0.7831935389442004f,0.5944266600288841f,0f,0f,0f,1f],start_interpolation:0}
execute if entity @s[tag=aj.dino.bone.neck_0] run data modify entity @s {} merge value {transformation:[-0.9868238262947662f,-0.16107184259534027f,-0.015316572067502598f,-0.08845293180820799f,-0.16171541803556505f,0.9788559068212869f,0.1252566854529475f,0.2955718601511293f,-0.00518260808276224f,0.12608320746244572f,-0.9920061317196797f,0.5282367913074998f,0f,0f,0f,1f],start_interpolation:0}
execute if entity @s[tag=aj.dino.bone.neck_1] run data modify entity @s {} merge value {transformation:[-0.9877281027100006f,-0.15433617178999656f,-0.023948720093381337f,-0.09119271017848365f,-0.1543200775389839f,0.9407897730953059f,0.3018276271444431f,0.32547472254379833f,-0.024052209571356453f,0.3018193978466123f,-0.9530616676261006f,0.44889040336363617f,0f,0f,0f,1f],start_interpolation:0}
execute if entity @s[tag=aj.dino.bone.neck_2] run data modify entity @s {} merge value {transformation:[-0.9821004597152353f,-0.05732138780217457f,0.1794239268535726f,-0.07603504071910995f,-0.0011465058427469685f,0.9543708727312289f,0.29862170518330566f,0.360980110906479f,-0.18835438022906703f,0.29307080336100577f,-0.9373537921541998f,0.36964052735164343f,0f,0f,0f,1f],start_interpolation:0}
execute if entity @s[tag=aj.dino.bone.body_0] run data modify entity @s {} merge value {transformation:[-0.9652384415850501f,-0.05233182168302925f,0.2560783695000408f,0.044155208516065705f,0.004789915223874744f,0.9760446021574378f,0.21751779539034732f,0.47279347707351926f,-0.26132701276104586f,0.21118313152016793f,-0.9418651057145729f,-0.07224518167084437f,0f,0f,0f,1f],start_interpolation:0}
execute if entity @s[tag=aj.dino.bone.leg_left_3] run data modify entity @s {} merge value {transformation:[-0.8429490940380275f,-0.3096169791851177f,-0.43997062522485625f,0.7019095181109416f,-0.48067174882674446f,0.8007520567565735f,0.3574224579960755f,0.21127720079284712f,0.2416433213236147f,0.5127703870158646f,-0.823817355643405f,-0.4143547641794729f,0f,0f,0f,1f],start_interpolation:0}
execute if entity @s[tag=aj.dino.bone.leg_left_2] run data modify entity @s {} merge value {transformation:[-0.7531347840041861f,-0.6623105412672294f,0.21493008991291015f,0.5529997981016991f,-0.43293687776393813f,0.6933673527826477f,0.6195720890000538f,0.3913760278273606f,-0.5453584660529943f,0.364209638151144f,-0.7886682968668336f,-0.3546774665397757f,0f,0f,0f,1f],start_interpolation:0}
execute if entity @s[tag=aj.dino.bone.leg_left_1] run data modify entity @s {} merge value {transformation:[-0.8760832685670286f,-0.3881321234608975f,-0.28606216330484185f,0.4801758395403631f,-0.08187052051153473f,-0.4649291835073749f,0.8815543501079985f,0.21994546338953863f,-0.4751582098712823f,0.7957350746705212f,0.3755400997643501f,-0.14895527936553776f,0f,0f,0f,1f],start_interpolation:0}
execute if entity @s[tag=aj.dino.bone.leg_left_0] run data modify entity @s {} merge value {transformation:[-0.880367797699265f,-0.1305045648905788f,0.45598366123893797f,0.289450270135875f,-0.1086347997092822f,0.9913250610059585f,0.07398042790939136f,0.590517851962515f,-0.4616828143501443f,0.015594292682042932f,-0.8869079980299404f,-0.12431505681975272f,0f,0f,0f,1f],start_interpolation:0}
execute if entity @s[tag=aj.dino.bone.leg_right_3] run data modify entity @s {} merge value {transformation:[-0.3927279497080203f,0.0167935183524206f,0.9195013514179742f,-0.2909735981427107f,-0.010903773791276633f,0.9996779545523945f,-0.02291494924822185f,0.01669644363407835f,-0.9195900528144285f,-0.019025375772552144f,-0.3924183607343948f,-0.31324938624184995f,0f,0f,0f,1f],start_interpolation:0}
execute if entity @s[tag=aj.dino.bone.leg_right_2] run data modify entity @s {} merge value {transformation:[-0.26567186472751114f,0.7213797508928194f,0.679037491450004f,-0.1014235680587583f,0.18026557388709538f,0.7264931898982431f,-0.701266117392909f,0.16408902719088636f,-0.9741586024175208f,-0.06229847136152294f,-0.31495415111195807f,-0.3359932749515161f,0f,0f,0f,1f],start_interpolation:0}
execute if entity @s[tag=aj.dino.bone.leg_right_1] run data modify entity @s {} merge value {transformation:[-0.6524483127774102f,-0.6618826013696603f,0.3690834880593295f,-0.31380510709234644f,-0.10857551148467257f,0.5636419249519993f,0.8188523302416901f,0.27162171831949705f,-0.7500150381557373f,0.49418539278345286f,-0.43961146493206005f,-0.19336022171304387f,0f,0f,0f,1f],start_interpolation:0}
execute if entity @s[tag=aj.dino.bone.leg_right_0] run data modify entity @s {} merge value {transformation:[-0.7152638396566655f,0.5273868681184365f,0.45854196211015474f,-0.06089631420288563f,-0.03688998177822179f,0.6267263864765111f,-0.7783657017999299f,0.5853481048573876f,-0.6978801966842203f,-0.5736524451532667f,-0.4288194296503742f,-0.3025397776451274f,0f,0f,0f,1f],start_interpolation:0}
execute if entity @s[tag=aj.dino.bone.tail_4] run data modify entity @s {} merge value {transformation:[2.3758512992450718f,-0.6607497343579097f,1.2427396042701213f,1.3983465206660426f,0.6489063015022605f,2.6778743187165963f,0.18322411584937856f,0.6939056687981328f,-1.2489645901090087f,0.1343884418545016f,2.4592048574589627f,-0.1833836522617706f,0f,0f,0f,1f],start_interpolation:0}
execute if entity @s[tag=aj.dino.bone.tail_3] run data modify entity @s {} merge value {transformation:[1.5300244474196685f,-0.35716635322498297f,1.3665295139390694f,1.1701287671725857f,0.5115584242194336f,2.0179689283071323f,-0.045331104570048894f,0.681844738763745f,-1.3165404266306118f,0.36902456091075764f,1.5705055569899633f,-0.45329455310104944f,0f,0f,0f,1f],start_interpolation:0}
execute if entity @s[tag=aj.dino.bone.tail_2] run data modify entity @s {} merge value {transformation:[1.2360293672288487f,-0.40014965414740117f,1.4597552988896267f,0.8995822043783244f,0.7835079739127422f,1.7816425606088677f,-0.17503975561284493f,0.7153875550682549f,-1.2950368848669058f,0.695991318563364f,1.2873420005272214f,-0.6934006146732498f,0f,0f,0f,1f],start_interpolation:0}
execute if entity @s[tag=aj.dino.bone.tail_1] run data modify entity @s {} merge value {transformation:[0.1340870935379551f,-0.27641332323042866f,1.4809701469264176f,0.5841447162645155f,0.6395580890135258f,1.356642376101373f,0.19530274996371283f,0.6561660148887164f,-1.3640536470842748f,0.6089116422821395f,0.23715081650577777f,-0.7505729617480558f,0f,0f,0f,1f],start_interpolation:0}
execute if entity @s[tag=aj.dino.bone.tail_0] run data modify entity @s {} merge value {transformation:[-0.7386258465266895f,-0.07069637749905601f,1.0408023816437346f,0.2782920403266241f,0.1947084105572234f,1.243524666011454f,0.2226449111554294f,0.6211124624355461f,-1.0248688746786285f,0.2872005289229814f,-0.7078102588161242f,-0.5368036927152378f,0f,0f,0f,1f],start_interpolation:0}
execute if entity @s[tag=aj.dino.bone.body_1] run data modify entity @s {} merge value {transformation:[-1.1018795892025783f,-0.07564437691174473f,0.5556472749835467f,0.15420701786637123f,-0.01625943871332554f,1.2288618867641299f,0.1350506903628422f,0.5069425000000001f,-0.5605368824687049f,0.11305302541898897f,-1.0961852087544919f,-0.28957091033083027f,0f,0f,0f,1f],start_interpolation:0}