execute if entity @s[tag=aj.dino.bone.head_lower] run data modify entity @s {} merge value {transformation:[-0.9805151587110641f,-0.06871010625461889f,-0.18403517282382598f,0.45448697325782744f,-0.1779982449704322f,0.7070854941093538f,0.6843586258735821f,0.28467488271483826f,0.08310624720959645f,0.7037819444391923f,-0.7055383238039781f,-0.0011779039125224752f,0f,0f,0f,1f],start_interpolation:0}
execute if entity @s[tag=aj.dino.bone.head_upper] run data modify entity @s {} merge value {transformation:[-1.0206178201543639f,-0.08794390469041513f,-0.18459977625843565f,0.4394695649210876f,-0.1852782990237875f,0.7952895470539771f,0.6454908448932792f,0.3469738218758111f,0.08650525809286594f,0.6657719944230087f,-0.7954473171416211f,-0.041037358475547875f,0f,0f,0f,1f],start_interpolation:0}
execute if entity @s[tag=aj.dino.bone.neck_0] run data modify entity @s {} merge value {transformation:[-0.9662450671669722f,-0.046003478649587995f,-0.25348402341692056f,0.4241377533367392f,-0.14231693559245753f,0.9154833804813404f,0.3763456787396793f,0.35649501347452917f,0.21474720025896807f,0.3997172250661642f,-0.8911283745714418f,-0.10521694026274424f,0f,0f,0f,1f],start_interpolation:0}
execute if entity @s[tag=aj.dino.bone.neck_1] run data modify entity @s {} merge value {transformation:[-0.9085241482541643f,0.04002987009472938f,-0.41591042489849195f,0.3890890941313028f,-0.12072521867305337f,0.9277973524877213f,0.35301203137162135f,0.3906740122428591f,0.40001161685054654f,0.37093083211964767f,-0.8380936846007355f,-0.17450564335081567f,0f,0f,0f,1f],start_interpolation:0}
execute if entity @s[tag=aj.dino.bone.neck_2] run data modify entity @s {} merge value {transformation:[-0.8933006637556719f,0.1437989550041287f,-0.42583539621947386f,0.35319060130084257f,0.014595946426116242f,0.9562201611096214f,0.29228404307354133f,0.4256422795612883f,0.4492225311375217f,0.2548820590532225f,-0.8562909864591521f,-0.24702770128761792f,0f,0f,0f,1f],start_interpolation:0}
execute if entity @s[tag=aj.dino.bone.body_0] run data modify entity @s {} merge value {transformation:[-0.8244243459328005f,0.04793933106686264f,-0.563938222122012f,0.08786531403564701f,0.003985832951967808f,0.9968733465481223f,0.07891542357249481f,0.47233128747572073f,0.5659581353500919f,0.06281203291415591f,-0.8220377348712393f,-0.6338526399623787f,0f,0f,0f,1f],start_interpolation:0}
execute if entity @s[tag=aj.dino.bone.leg_left_3] run data modify entity @s {} merge value {transformation:[0.06706623218048163f,0.11605731436517912f,-0.9909756910658583f,0.08579834103997078f,-0.12279400921534853f,0.9866214309816415f,0.10723704224081493f,0.07520699824010255f,0.9901634975103526f,0.11449389376765705f,0.08042012489412043f,-1.28296686799151f,0f,0f,0f,1f],start_interpolation:0}
execute if entity @s[tag=aj.dino.bone.leg_left_2] run data modify entity @s {} merge value {transformation:[-0.635795378746934f,-0.06663508842973474f,-0.8021135835121472f,0.04449053702870845f,-0.41973476449943287f,0.8996322961700474f,0.25796639056107173f,0.2922311298053327f,0.6867671827740041f,0.48814311034620106f,-0.5849182335907198f,-1.1861925753713085f,0f,0f,0f,1f],start_interpolation:0}
execute if entity @s[tag=aj.dino.bone.leg_left_1] run data modify entity @s {} merge value {transformation:[-0.7150308766400488f,0.6978757349377815f,-0.04123474307443095f,0.2505087885395527f,-0.14727176663852978f,-0.09270745962672342f,0.9847417700497552f,0.21775140870852444f,0.6834046182186141f,0.7101934845622071f,0.16906608850641763f,-1.015832260598408f,0f,0f,0f,1f],start_interpolation:0}
execute if entity @s[tag=aj.dino.bone.leg_left_0] run data modify entity @s {} merge value {transformation:[-0.6983759729545614f,-0.24401580374329723f,-0.6728501229272998f,0.1282703560555883f,-0.16954130207078968f,0.9697328034647515f,-0.1757100929842523f,0.5930904025603029f,0.6953608755832549f,-0.0086358212062283f,-0.7186088472181393f,-0.8798701927903205f,0f,0f,0f,1f],start_interpolation:0}
execute if entity @s[tag=aj.dino.bone.leg_right_3] run data modify entity @s {} merge value {transformation:[-0.9820580047356672f,-0.051397117237529995f,-0.1814398293492136f,-0.22635307056532478f,-0.05040530925089333f,0.9986780131450904f,-0.01007625227439013f,0.04086179777531629f,0.18171785859931852f,-0.0007499334950242798f,-0.98335042455161f,-0.3158297654724116f,0f,0f,0f,1f],start_interpolation:0}
execute if entity @s[tag=aj.dino.bone.leg_right_2] run data modify entity @s {} merge value {transformation:[-1.0128217609510897f,0.16008242688056298f,0.025057866003650307f,-0.18669241930480907f,0.0632464112178674f,0.5366217278544101f,-0.8718366889293561f,0.13890576552980072f,-0.14917832118873103f,-0.859344481159489f,-0.5397546578666416f,-0.5325911208717655f,0f,0f,0f,1f],start_interpolation:0}
execute if entity @s[tag=aj.dino.bone.leg_right_1] run data modify entity @s {} merge value {transformation:[-0.9363888245585026f,0.1527207313917932f,-0.3159942205881327f,-0.14709258931094546f,-0.10378107016417269f,0.7396071352540902f,0.6649893043927979f,0.3024985075847695f,0.3352692331806256f,0.6554827714626783f,-0.6767103350755636f,-0.31194966087124976f,0f,0f,0f,1f],start_interpolation:0}
execute if entity @s[tag=aj.dino.bone.leg_right_0] run data modify entity @s {} merge value {transformation:[-0.9121560861654034f,-0.3541096054023265f,-0.20634355292381068f,-0.16326835508243426f,-0.02284950765298114f,0.546625547918382f,-0.8370653560881283f,0.5879206554551755f,0.40920554061672865f,-0.7588194104823209f,-0.5066990505258852f,-0.6162189834642497f,0f,0f,0f,1f],start_interpolation:0}
execute if entity @s[tag=aj.dino.bone.tail_4] run data modify entity @s {} merge value {transformation:[1.0203860455479492f,-1.47597854370229f,-2.099038110226083f,-1.3616277868435698f,-1.4275855586291446f,1.5505158761417674f,-1.7842537157662994f,0.5637040337505805f,2.132246027653595f,1.7444337728795531f,-0.19010265961493356f,-1.8238450116638254f,0f,0f,0f,1f],start_interpolation:0}
execute if entity @s[tag=aj.dino.bone.tail_3] run data modify entity @s {} merge value {transformation:[0.09672893466133534f,-1.1142284224880745f,-1.7564407367638295f,-1.0528967457687965f,-1.550253650353687f,1.1337221711442713f,-0.8045701860406183f,0.6890350436248311f,1.3868318783503635f,1.345033303386983f,-0.7768708258234093f,-1.7052786349984617f,0f,0f,0f,1f],start_interpolation:0}
execute if entity @s[tag=aj.dino.bone.tail_2] run data modify entity @s {} merge value {transformation:[-0.6545183901459766f,-1.0718252755852846f,-1.4971874066328583f,-0.7753119012050276f,-1.4461261908907275f,1.282811706885591f,-0.28615911605246847f,0.7414673162614972f,1.1397800629873167f,1.0121060113923743f,-1.2228314293977003f,-1.476873304885955f,0f,0f,0f,1f],start_interpolation:0}
execute if entity @s[tag=aj.dino.bone.tail_1] run data modify entity @s {} merge value {transformation:[-1.0717707889765389f,-0.2862979782561014f,-1.0281036394951026f,-0.5495518318457562f,-0.5456894123324174f,1.3991984035541718f,0.17922930217952288f,0.6863167513987994f,0.9171623036109299f,0.49792925716202563f,-1.0947766958138843f,-1.24825247626999f,0f,0f,0f,1f],start_interpolation:0}
execute if entity @s[tag=aj.dino.bone.tail_0] run data modify entity @s {} merge value {transformation:[-0.8117855845377208f,0.14301559482729223f,-0.9769270294945136f,-0.26061982686766666f,-0.1340007986826814f,1.2370745188288945f,0.2924485209411918f,0.6307093082379497f,0.9782043075315002f,0.28814734266427483f,-0.7706641020745437f,-1.0160930050756503f,0f,0f,0f,1f],start_interpolation:0}
execute if entity @s[tag=aj.dino.bone.body_1] run data modify entity @s {} merge value {transformation:[-0.9169221839902296f,0.09460027399242595f,-0.8239593993173424f,-0.07543280814279105f,-0.016259438713325546f,1.2260120116718682f,0.15885456539009696f,0.5111972376093294f,0.8292128401174003f,0.12864653300072618f,-0.9079981995508459f,-0.813661399645857f,0f,0f,0f,1f],start_interpolation:0}