execute if entity @s[tag=aj.dino.bone.head_lower] run data modify entity @s {} merge value {transformation:[-0.9935638876321535f,-0.071064344642443f,-0.08820805016449297f,0.3364688275503649f,-0.09098503735127546f,0.9645372692699792f,0.24776920544611353f,0.2193466324442627f,0.06747239562568245f,0.25420014773746985f,-0.9647951910736183f,0.256886187496647f,0f,0f,0f,1f],start_interpolation:0}
execute if entity @s[tag=aj.dino.bone.head_upper] run data modify entity @s {} merge value {transformation:[-1.0342002366513556f,-0.014127465370368568f,-0.11705651547862111f,0.32776098592974323f,-0.0947062874685104f,0.7150916336205312f,0.7504309543344803f,0.28710715947835963f,0.0702319884932747f,0.7562514878211057f,-0.7117746114776444f,0.22482155024361614f,0f,0f,0f,1f],start_interpolation:0}
execute if entity @s[tag=aj.dino.bone.neck_0] run data modify entity @s {} merge value {transformation:[-0.9857718980410914f,0.001099100231904293f,-0.16808496961699007f,0.3171929837219684f,-0.0643752755384933f,0.9212664831404839f,0.3835673225671178f,0.29697626060916177f,0.1552726277610039f,0.38893040382650024f,-0.9080878548067627f,0.15973964472062646f,0f,0f,0f,1f],start_interpolation:0}
execute if entity @s[tag=aj.dino.bone.neck_1] run data modify entity @s {} merge value {transformation:[-0.9538400514620646f,0.08265270928015417f,-0.2887173113540239f,0.2931156087356361f,-0.06422636794506137f,0.8829958937321462f,0.464965832414333f,0.34043282099914346f,0.2933668861467354f,0.4620462977893215f,-0.8369283654003788f,0.09096941702454672f,0f,0f,0f,1f],start_interpolation:0}
execute if entity @s[tag=aj.dino.bone.neck_2] run data modify entity @s {} merge value {transformation:[-0.9387288542362627f,0.1763414950180046f,-0.2961280387924933f,0.26889906502678335f,0.02829772012384852f,0.8957308192756799f,0.44369532162905573f,0.388073623441232f,0.3434929071466624f,0.40812985254025946f,-0.8458384279550086f,0.020863473285005263f,0f,0f,0f,1f],start_interpolation:0}
execute if entity @s[tag=aj.dino.bone.body_0] run data modify entity @s {} merge value {transformation:[-0.9016910900553786f,0.10806765908314273f,-0.41865804563513714f,0.07261657762395511f,0.00445248284758392f,0.9705316664326482f,0.24093247985267274f,0.5108697249863512f,0.43235789979048017f,0.21538260262090858f,-0.875600925637364f,-0.38975217094619585f,0f,0f,0f,1f],start_interpolation:0}
execute if entity @s[tag=aj.dino.bone.leg_left_3] run data modify entity @s {} merge value {transformation:[-0.3823098247969779f,0.296313251038177f,-0.8752357711627707f,0.23286932303380947f,-0.08485145002914712f,0.9319301885863441f,0.3525710638004369f,0.09006575066895128f,0.9201301154139314f,0.2090564059305689f,-0.33114345810801993f,-0.8700778299178284f,0f,0f,0f,1f],start_interpolation:0}
execute if entity @s[tag=aj.dino.bone.leg_left_2] run data modify entity @s {} merge value {transformation:[-0.8005108764137483f,-0.12569346928929573f,-0.6288447248900219f,0.1828943439723446f,-0.3225652696935835f,0.9482263173324836f,0.22108979489401023f,0.317428172674788f,0.5542528150866644f,0.37031095365488514f,-0.7795741235266928f,-0.8069913607389188f,0f,0f,0f,1f],start_interpolation:0}
execute if entity @s[tag=aj.dino.bone.leg_left_1] run data modify entity @s {} merge value {transformation:[-0.8596032948210958f,0.5109616014863517f,-0.0006460179708178415f,0.33886044278516614f,-0.014222736307371142f,-0.022663394421974736f,0.9996419780727521f,0.25853722946462365f,0.5107640250689617f,0.8593047261360641f,0.026748800638091763f,-0.5851359607850479f,0f,0f,0f,1f],start_interpolation:0}
execute if entity @s[tag=aj.dino.bone.leg_left_0] run data modify entity @s {} merge value {transformation:[-0.8448612717214885f,-0.2953984253101639f,-0.44603722027362763f,0.1609508656147623f,-0.03907718060381972f,0.8655847573146295f,-0.49923541727388543f,0.6344910962804651f,0.5335563751856082f,-0.4043547925137647f,-0.7428423764635029f,-0.6213871806502855f,0f,0f,0f,1f],start_interpolation:0}
execute if entity @s[tag=aj.dino.bone.leg_right_3] run data modify entity @s {} merge value {transformation:[-0.9970137253628789f,-0.040885019611544546f,-0.0655137131400569f,-0.2519642656446189f,-0.04217374636051842f,0.99894066584319f,0.018409813760104143f,0.02465628652010851f,0.06469162662936136f,0.021117795721302957f,-0.9976818291158358f,-0.21799387281167f,0f,0f,0f,1f],start_interpolation:0}
execute if entity @s[tag=aj.dino.bone.leg_right_2] run data modify entity @s {} merge value {transformation:[-1.0095613167292508f,0.17609309038726031f,0.04288788619715322f,-0.2080255826624829f,0.09002342538072954f,0.6978723162233884f,-0.7462789107514807f,0.1641262887554891f,-0.15730203478441085f,-0.7307719570889132f,-0.7023465071357706f,-0.40979737298899693f,0f,0f,0f,1f],start_interpolation:0}
execute if entity @s[tag=aj.dino.bone.leg_right_1] run data modify entity @s {} merge value {transformation:[-0.9539438872009598f,0.10524473014037779f,-0.280917437781284f,-0.18353345965016818f,-0.14921504832970003f,0.6459053226363805f,0.7486929834998842f,0.29691900118142434f,0.2602420592907451f,0.7561282040551536f,-0.6004533367451962f,-0.16735229241057376f,0f,0f,0f,1f],start_interpolation:0}
execute if entity @s[tag=aj.dino.bone.leg_right_0] run data modify entity @s {} merge value {transformation:[-0.9449708597314864f,-0.2907565188952632f,-0.1499690667379237f,-0.17560842189411258f,-0.08936997592745927f,0.6703901488615142f,-0.7366071243968265f,0.6304919348319222f,0.3147111082581303f,-0.6826695357413755f,-0.6594840584196058f,-0.418297645578985f,0f,0f,0f,1f],start_interpolation:0}
execute if entity @s[tag=aj.dino.bone.tail_4] run data modify entity @s {} merge value {transformation:[-2.489554654470796f,1.1510825623820446f,-0.32060550304506896f,-0.39582294976790994f,1.0109788995572493f,2.424085731765718f,0.8528724179499977f,0.7801821817578187f,0.6369463232116253f,0.651520246216377f,-2.606814546859316f,-2.201172832413853f,0f,0f,0f,1f],start_interpolation:0}
execute if entity @s[tag=aj.dino.bone.tail_3] run data modify entity @s {} merge value {transformation:[-2.036992808549317f,0.3962552655101059f,-0.1720104314229972f,-0.37053400595270586f,0.3660353752362999f,2.0236117137107743f,0.327046269284041f,0.7049245909136072f,0.2293990584950845f,0.289694533487437f,-2.0492434397292842f,-1.8565317614780137f,0f,0f,0f,1f],start_interpolation:0}
execute if entity @s[tag=aj.dino.bone.tail_2] run data modify entity @s {} merge value {transformation:[-1.9510092791130889f,0.09328727641192473f,-0.06028392718665877f,-0.36074782163316954f,0.0957315510645893f,1.9501649168790058f,-0.08041232559654743f,0.7204079022027708f,0.056321736018779954f,-0.08323554551225318f,-1.9515823275019386f,-1.4937150286263885f,0f,0f,0f,1f],start_interpolation:0}
execute if entity @s[tag=aj.dino.bone.tail_1] run data modify entity @s {} merge value {transformation:[-1.5016051626492397f,0.17446636412658248f,-0.048986460308958035f,-0.3509045616069032f,0.17422508037477447f,1.5023972444568747f,0.010217202004196032f,0.6996775703286184f,0.0498378056655162f,0.004500848458001346f,-1.5116719834307983f,-1.1685227154157731f,0f,0f,0f,1f],start_interpolation:0}
execute if entity @s[tag=aj.dino.bone.tail_0] run data modify entity @s {} merge value {transformation:[-1.1437959500252726f,0.24322413962262834f,-0.5161478075073499f,-0.19420474410721095f,0.190513014713188f,1.2527060871301696f,0.16813080347140583f,0.6807758712133254f,0.5378395044199566f,0.07352002282290214f,-1.1572204588208086f,-0.8285818319273358f,0f,0f,0f,1f],start_interpolation:0}
execute if entity @s[tag=aj.dino.bone.body_1] run data modify entity @s {} merge value {transformation:[-1.0585169830113361f,0.08557408874365437f,-0.6331062052045625f,-0.052780441955375415f,-0.012577814572938217f,1.2221969786678142f,0.18622819059445653f,0.5551567857142858f,0.6387395324491801f,0.16588012456955054f,-1.045514317939091f,-0.5966876018863911f,0f,0f,0f,1f],start_interpolation:0}