execute if entity @s[tag=aj.dino.bone.head_lower] run data modify entity @s {} merge value {transformation:[-0.9989749303879261f,0.0200381248106761f,-0.04059017135354523f,-1.0280044776289134f,0.004433532831412873f,0.9356863925055752f,0.3528049300485119f,0.197250739728238f,0.045049220227115716f,0.3522633225784004f,-0.9348160885024144f,0.4451450842409253f,0f,0f,0f,1f],start_interpolation:0}
execute if entity @s[tag=aj.dino.bone.head_upper] run data modify entity @s {} merge value {transformation:[-1.039832588801238f,0.03621863546982529f,-0.0301386843629025f,-1.0295916730164776f,0.004614862476912313f,0.7408836508809595f,0.7311238345760086f,0.2642902698466583f,0.046891714563896326f,0.7302407609039029f,-0.7402847700738232f,0.4105237222789808f,0f,0f,0f,1f],start_interpolation:0}
execute if entity @s[tag=aj.dino.bone.neck_0] run data modify entity @s {} merge value {transformation:[-0.9063627639203374f,-0.10854262057173757f,0.40831977627602895f,-1.0011342319655043f,-0.04507128996376551f,0.9857615575716786f,0.16199608154168532f,0.25877904550005737f,-0.42008941786206494f,0.12842371717590945f,-0.8983497258122989f,0.35048592827113356f,0f,0f,0f,1f],start_interpolation:0}
execute if entity @s[tag=aj.dino.bone.neck_1] run data modify entity @s {} merge value {transformation:[-0.7356120475472916f,-0.23070336484664306f,0.6369072718628026f,-0.9482426481947097f,-0.10139725735410236f,0.9671265537562744f,0.23320554285989475f,0.28299004694537644f,-0.6697712383376484f,0.10696815632677295f,-0.7348226329038208f,0.28872959564230105f,0f,0f,0f,1f],start_interpolation:0}
execute if entity @s[tag=aj.dino.bone.neck_2] run data modify entity @s {} merge value {transformation:[-0.3499619485796353f,-0.21546815122100949f,0.9116469219800749f,-0.8704851083453885f,0.0652800028316866f,0.9652121013468847f,0.25318791567495125f,0.3146212369976191f,-0.9344865733527898f,0.14811844997477994f,-0.3237217462581541f,0.26181931495627414f,0f,0f,0f,1f],start_interpolation:0}
execute if entity @s[tag=aj.dino.bone.body_0] run data modify entity @s {} merge value {transformation:[0.008036149641106882f,-0.3008377835623946f,0.9536414673661225f,-0.42390331686689886f,0.15970491200469167f,0.9418170152120966f,0.29576181453756206f,0.4629846554235318f,-0.9871320891251174f,0.14992444042998243f,0.05561385422030396f,0.2894581335989962f,0f,0f,0f,1f],start_interpolation:0}
execute if entity @s[tag=aj.dino.bone.leg_left_3] run data modify entity @s {} merge value {transformation:[0.10916035156336007f,-0.07475248884475204f,0.9912094042421504f,-0.5001741561014131f,-0.043126265653878504f,0.9958732453967168f,0.07985364308383916f,0.03768061831944022f,-0.9930881848342141f,-0.051464011838616666f,0.10548607788784292f,0.7177299306550065f,0f,0f,0f,1f],start_interpolation:0}
execute if entity @s[tag=aj.dino.bone.leg_left_2] run data modify entity @s {} merge value {transformation:[0.47177750602027824f,0.19317861906629466f,0.89003944038993f,-0.4269063897886836f,-0.4109326947172638f,0.9396830464205094f,0.013866945697342644f,0.2565104107568683f,-0.8127868753408781f,-0.36296004312624336f,0.5096073997383685f,0.6476126829384067f,0f,0f,0f,1f],start_interpolation:0}
execute if entity @s[tag=aj.dino.bone.leg_left_1] run data modify entity @s {} merge value {transformation:[0.6111452305335627f,-0.7748612299090828f,0.16152888775652924f,-0.658150197246669f,-0.033541674925997134f,0.17853827711956444f,0.9833610932136454f,0.25352789996883984f,-0.7908074754573559f,-0.6063943914540773f,0.08312267304293264f,0.494215186865299f,0f,0f,0f,1f],start_interpolation:0}
execute if entity @s[tag=aj.dino.bone.leg_left_0] run data modify entity @s {} merge value {transformation:[0.5869588921305733f,0.6588400938701718f,0.4705411668047684f,-0.36952414391859956f,-0.03633990705375323f,0.602043662188168f,-0.7976357815283763f,0.550616900597863f,-0.8088007604497995f,0.45107999238295f,0.3773170687467284f,0.5465640704251585f,0f,0f,0f,1f],start_interpolation:0}
execute if entity @s[tag=aj.dino.bone.leg_right_3] run data modify entity @s {} merge value {transformation:[0.9814425445174506f,-0.06379635467906565f,0.18083295313845504f,-0.14999917343538682f,0.07653658874168587f,0.9949869366785478f,-0.06436727757817573f,0.024509723247128773f,-0.17582002842366326f,0.07701312205528821f,0.9814052662567074f,0.02002636736047317f,0f,0f,0f,1f],start_interpolation:0}
execute if entity @s[tag=aj.dino.bone.leg_right_2] run data modify entity @s {} merge value {transformation:[0.9537275932648824f,-0.08460939039662435f,0.3678411727941566f,-0.15983315191910707f,0.23685256113489606f,0.9124496099014341f,-0.4042261411329751f,0.22434055623483348f,-0.2938821900519137f,0.46080273431060154f,0.8679610002314952f,0.15471862074067844f,0f,0f,0f,1f],start_interpolation:0}
execute if entity @s[tag=aj.dino.bone.leg_right_1] run data modify entity @s {} merge value {transformation:[0.7644370820907024f,-0.5404011746613994f,0.35157149763487977f,-0.3100650551163263f,-0.17220971370790783f,0.35435210941314244f,0.9191182715293487f,0.26843070035100264f,-0.6212726953836717f,-0.7631521165397083f,0.17781756097661122f,-0.0744097714618647f,0f,0f,0f,1f],start_interpolation:0}
execute if entity @s[tag=aj.dino.bone.leg_right_0] run data modify entity @s {} merge value {transformation:[0.7267418170930224f,0.624093086389516f,0.2869741291634833f,-0.17288967307283643f,-0.08973413162108884f,0.5004503946400278f,-0.8611023099068134f,0.5454567920784292f,-0.681024314478228f,0.6000476831264732f,0.4197006803235025f,0.20620871978185765f,0f,0f,0f,1f],start_interpolation:0}
execute if entity @s[tag=aj.dino.bone.tail_4] run data modify entity @s {} merge value {transformation:[2.6863266861102897f,0.20214093033608413f,-0.6070002564864085f,0.13536260395190264f,-0.19425976416783236f,2.754020192114472f,0.05742174719759902f,0.08282012001802191f,0.6095682169512793f,-0.013158925055994539f,2.6933092587324996f,1.8525959764985553f,0f,0f,0f,1f],start_interpolation:0}
execute if entity @s[tag=aj.dino.bone.tail_3] run data modify entity @s {} merge value {transformation:[2.0594435526847903f,0.07657270106855978f,-0.29795033277470107f,0.18513464590148632f,-0.12044457082162453f,2.0564570622183096f,-0.30401148441543735f,0.11424518649170781f,0.28307399158009f,0.31790957637030665f,2.038319931361956f,1.5038612456900813f,0f,0f,0f,1f],start_interpolation:0}
execute if entity @s[tag=aj.dino.bone.tail_2] run data modify entity @s {} merge value {transformation:[1.9438497950239482f,-0.07114225388496465f,-0.1875116772371668f,0.22141309865276745f,-0.010941548358258158f,1.7867470788031794f,-0.7913210687897834f,0.26176711578364475f,0.20025516699364376f,0.7881925723471696f,1.7769142387835928f,1.173872400101176f,0f,0f,0f,1f],start_interpolation:0}
execute if entity @s[tag=aj.dino.bone.tail_1] run data modify entity @s {} merge value {transformation:[1.5076006763872505f,-0.05491403966427233f,0.10853984892404281f,0.19728748222772755f,0.09369544872143741f,1.3849156231619204f,-0.6007379874878221f,0.37402055144826296f,-0.07757327790928915f,0.6055158255320672f,1.3838313559045508f,0.8687596376469819f,0f,0f,0f,1f],start_interpolation:0}
execute if entity @s[tag=aj.dino.bone.tail_0] run data modify entity @s {} merge value {transformation:[1.162382714797032f,0.022980820646772038f,0.5312005485760622f,0.042612903823322806f,0.15210260786521765f,1.2092808832494872f,-0.38514965749948044f,0.5157523349381457f,-0.5094771217686898f,0.413457789712285f,1.096960088200364f,0.558179877126471f,0f,0f,0f,1f],start_interpolation:0}
execute if entity @s[tag=aj.dino.bone.body_1] run data modify entity @s {} merge value {transformation:[0.618437626179605f,0.08360802578975925f,1.0673093251748174f,-0.21115315751846073f,-0.01622912427237088f,1.233181951086244f,-0.08719797071449904f,0.45296108600583096f,-1.0704560304407353f,0.02960690113662085f,0.6179416747189004f,0.4125228588416336f,0f,0f,0f,1f],start_interpolation:0}