execute if entity @s[tag=aj.dino.bone.head_lower] run data modify entity @s {} merge value {transformation:[-0.9792133953897617f,-0.08257680323315911f,-0.18526251066269753f,0.46495934801734656f,-0.17250843599746432f,0.8194733607390612f,0.5465384255006568f,0.2887279265386434f,0.10668629620978864f,0.5671370933088581f,-0.816684487176178f,0.03211658962900048f,0f,0f,0f,1f],start_interpolation:0}
execute if entity @s[tag=aj.dino.bone.head_upper] run data modify entity @s {} merge value {transformation:[-1.0192628152556216f,-0.06650592125942396f,-0.2003801847941226f,0.44933588477347947f,-0.17956395915124562f,0.7926902814749366f,0.6502852026708146f,0.35130078416696636f,0.11104972127214559f,0.6713352535627248f,-0.7876857744765725f,-0.007075263813902943f,0f,0f,0f,1f],start_interpolation:0}
execute if entity @s[tag=aj.dino.bone.neck_0] run data modify entity @s {} merge value {transformation:[-0.9621129877327931f,-0.03260468535166203f,-0.2706945387867982f,0.4326723862794685f,-0.13740954992593085f,0.9155038464918474f,0.3781154885055425f,0.36093449708282066f,0.23549355495433716f,0.40098583709621355f,-0.8852983361687842f,-0.07090516000441766f,0f,0f,0f,1f],start_interpolation:0}
execute if entity @s[tag=aj.dino.bone.neck_1] run data modify entity @s {} merge value {transformation:[-0.9020227620139796f,0.050673883661179156f,-0.42870397050104936f,0.3965889814862084f,-0.11624145379399697f,0.9278944620703301f,0.35425949765542025f,0.3952196199900917f,0.41574374466554437f,0.36938330332312797f,-0.8310915196279918f,-0.1396078170876069f,0f,0f,0f,1f],start_interpolation:0}
execute if entity @s[tag=aj.dino.bone.neck_2] run data modify entity @s {} merge value {transformation:[-0.8863399325719286f,0.1506082544941757f,-0.4378569145355668f,0.3597039807876908f,0.014889650354526746f,0.9544050655310031f,0.29814303480222637f,0.4306834080062423f,0.46279565927168f,0.257736541000649f,-0.8481698256789804f,-0.2113904532690437f,0f,0f,0f,1f],start_interpolation:0}
execute if entity @s[tag=aj.dino.bone.body_0] run data modify entity @s {} merge value {transformation:[-0.8187052619286624f,0.05226865595975953f,-0.5718301161135888f,0.0907005157101285f,0.0037321788028167498f,0.996311818003885f,0.08572532967085891f,0.4805765498663913f,0.5742018503381053f,0.06804960624393014f,-0.8158808038913172f,-0.5952637590285257f,0f,0f,0f,1f],start_interpolation:0}
execute if entity @s[tag=aj.dino.bone.leg_left_3] run data modify entity @s {} merge value {transformation:[0.0732368940138094f,0.1167687320258291f,-0.9904551582864766f,0.08458747317814262f,-0.12279400921534853f,0.9866214309816415f,0.10723704224081493f,0.08345226063077313f,0.9897262190404126f,0.11376825193707443f,0.0865955899289999f,-1.2443524926529985f,0f,0f,0f,1f],start_interpolation:0}
execute if entity @s[tag=aj.dino.bone.leg_left_2] run data modify entity @s {} merge value {transformation:[-0.6315022160658402f,-0.06359106200336881f,-0.8057439589831936f,0.04388369276351067f,-0.41973476449943287f,0.8996322961700474f,0.25796639056107173f,0.3004763921960033f,0.6907169304970253f,0.48854898221343757f,-0.5799070730760886f,-1.1473225970314394f,0f,0f,0f,1f],start_interpolation:0}
execute if entity @s[tag=aj.dino.bone.leg_left_1] run data modify entity @s {} merge value {transformation:[-0.7107571344464978f,0.7022890109595857f,-0.040180106007941585f,0.2509598452126124f,-0.14727176663852978f,-0.09270745962672342f,0.9847417700497552f,0.22599667109919502f,0.6878483281833062f,0.7058296338458492f,0.16931983168094852f,-0.9782497609755443f,0f,0f,0f,1f],start_interpolation:0}
execute if entity @s[tag=aj.dino.bone.leg_left_0] run data modify entity @s {} merge value {transformation:[-0.6940280276362839f,-0.24406489270929443f,-0.6773163404215862f,0.1295712768824489f,-0.16954130207078968f,0.9697328034647515f,-0.1757100929842523f,0.6013356649509735f,0.6997005386216525f,-0.007114635000750685f,-0.7144008246225472f,-0.8415283883319781f,0f,0f,0f,1f],start_interpolation:0}
execute if entity @s[tag=aj.dino.bone.leg_right_3] run data modify entity @s {} merge value {transformation:[-0.9795310775425753f,-0.05197556907509309f,-0.19446698523811637f,-0.2171931986897016f,-0.05137634173393415f,0.998646293221757f,-0.00812727165056698f,0.04188315797992334f,0.1946261535311212f,0.00203008713220032f,-0.9808753942820239f,-0.2842954179295363f,0f,0f,0f,1f],start_interpolation:0}
execute if entity @s[tag=aj.dino.bone.leg_right_2] run data modify entity @s {} merge value {transformation:[-1.0161946223918754f,0.13887442582675985f,0.011161665369283707f,-0.18290032394073608f,0.06654369935982211f,0.5559934827943133f,-0.8593633589270915f,0.1448230201099328f,-0.12240353343771453f,-0.8506746384148475f,-0.5598501889438147f,-0.4996984253182959f,0f,0f,0f,1f],start_interpolation:0}
execute if entity @s[tag=aj.dino.bone.leg_right_1] run data modify entity @s {} merge value {transformation:[-0.9292109184261386f,0.16609964127411575f,-0.3301181277153106f,-0.1387738306665881f,-0.10929307556410378f,0.7298198125928215f,0.6748466972436908f,0.30512427826753685f,0.35301854442988f,0.6631545448201261f,-0.6600029977000257f,-0.2775053901345139f,0f,0f,0f,1f],start_interpolation:0}
execute if entity @s[tag=aj.dino.bone.leg_right_0] run data modify entity @s {} merge value {transformation:[-0.904926099713392f,-0.3673920772324398f,-0.2147831828713347f,-0.16031835912694742f,-0.031109298915045686f,0.5604540945836095f,-0.8276010025280786f,0.596165917845846f,0.42443016572638015f,-0.7422359930987579f,-0.5185988478295898f,-0.5760650590274228f,0f,0f,0f,1f],start_interpolation:0}
execute if entity @s[tag=aj.dino.bone.tail_4] run data modify entity @s {} merge value {transformation:[0.3149487669957972f,-1.29670088652537f,-2.4176508053588193f,-1.3015943885872407f,-1.3330589008044467f,2.0545967485109418f,-1.2756361156671219f,0.6283683556685786f,2.397795356729566f,1.3125777475991982f,-0.39163556446465486f,-1.8814404590522535f,0f,0f,0f,1f],start_interpolation:0}
execute if entity @s[tag=aj.dino.bone.tail_3] run data modify entity @s {} merge value {transformation:[-0.38624568405462983f,-1.0257334289244844f,-1.7704888393831901f,-0.9913473014298443f,-1.3730760455847864f,1.4657738502084692f,-0.5496496330670366f,0.7072248737636962f,1.517043826207687f,1.0655155929766136f,-0.9482616076448949f,-1.7310772391511393f,0f,0f,0f,1f],start_interpolation:0}
execute if entity @s[tag=aj.dino.bone.tail_2] run data modify entity @s {} merge value {transformation:[-0.9690428452486882f,-0.9850715198108702f,-1.3817973584909642f,-0.7354251450166432f,-1.2334244305763018f,1.5017244763569901f,-0.2055763755167998f,0.7448863631170136f,1.165501614384394f,0.7702152770301316f,-1.3664363464499711f,-1.4760146075375538f,0f,0f,0f,1f],start_interpolation:0}
execute if entity @s[tag=aj.dino.bone.tail_1] run data modify entity @s {} merge value {transformation:[-1.1869413826540292f,-0.2202595608615027f,-0.9112146454005445f,-0.5355155037352579f,-0.4013513057211504f,1.4480051800582217f,0.17278419464894507f,0.6903882044928584f,0.8471974584117151f,0.3773896850387605f,-1.1947760217241874f,-1.2243347254886454f,0f,0f,0f,1f],start_interpolation:0}
execute if entity @s[tag=aj.dino.bone.tail_0] run data modify entity @s {} merge value {transformation:[-0.8627639815283142f,0.16418694725635224f,-0.9287177585855017f,-0.26016046575691854f,-0.06312324625056596f,1.2458220921030092f,0.27888794738191747f,0.6389545706286203f,0.9410045082486209f,0.23410612500049752f,-0.8327908226421868f,-0.9753244934333178f,0f,0f,0f,1f],start_interpolation:0}
execute if entity @s[tag=aj.dino.bone.body_1] run data modify entity @s {} merge value {transformation:[-0.9117356564014865f,0.09540032584079004f,-0.8296031977589479f,-0.07371523212094372f,-0.016259438713325546f,1.2260120116718682f,0.15885456539009696f,0.5194425f,0.8349121621794285f,0.12805436393196476f,-0.9028445914879822f,-0.7740511428984851f,0f,0f,0f,1f],start_interpolation:0}