execute if entity @s[tag=aj.dino.bone.head_lower] run data modify entity @s {} merge value {transformation:[-0.8501542315137517f,-0.21611441868657796f,-0.4801378350797034f,-0.6475305990121418f,-0.38446183190840166f,0.8778440411382697f,0.28562027106574106f,0.1589025268138902f,0.35975947860327145f,0.42741595369592134f,-0.8293905714928936f,0.11653894353333663f,0f,0f,0f,1f],start_interpolation:0}
execute if entity @s[tag=aj.dino.bone.head_upper] run data modify entity @s {} merge value {transformation:[-0.8849251853517344f,-0.01657413307269096f,-0.5478180875314305f,-0.6859426085897451f,-0.40018616064102536f,0.730420052140227f,0.6243472806430492f,0.21822054345098918f,0.37447349137836256f,0.7414066280576834f,-0.6273418196729301f,0.09005598836878169f,0f,0f,0f,1f],start_interpolation:0}
execute if entity @s[tag=aj.dino.bone.neck_0] run data modify entity @s {} merge value {transformation:[-0.9429970476905014f,-0.3266285583229371f,0.0637993176678058f,-0.676210725234461f,-0.31066194508700296f,0.9326914989272519f,0.18323679680565202f,0.2150300291182931f,-0.11935545199846506f,0.15297173829408997f,-0.9809963931439947f,0.02417847081575837f,0f,0f,0f,1f],start_interpolation:0}
execute if entity @s[tag=aj.dino.bone.neck_1] run data modify entity @s {} merge value {transformation:[-0.9469143005271325f,-0.22624923814155298f,0.22839568668776955f,-0.6579049148375825f,-0.09466526133086124f,0.8751682151932932f,0.47446715735922657f,0.2592554152994285f,-0.30723247835209555f,0.42765859906676984f,-0.850127241587915f,-0.045868294758208084f,0f,0f,0f,1f],start_interpolation:0}
execute if entity @s[tag=aj.dino.bone.neck_2] run data modify entity @s {} merge value {transformation:[-0.753109284661175f,-0.32762879591094685f,0.5705136084679103f,-0.6111313345636956f,-0.004707902121142145f,0.8698413811542719f,0.493309038321057f,0.31098927764650414f,-0.6578785913941501f,0.36882969473941696f,-0.6566280646329988f,-0.09978276470048544f,0f,0f,0f,1f],start_interpolation:0}
execute if entity @s[tag=aj.dino.bone.body_0] run data modify entity @s {} merge value {transformation:[-0.546701018171564f,-0.08043646267286236f,0.8334554410422025f,-0.2190931685109469f,0.14393051117559572f,0.971532312575943f,0.18817272271392493f,0.4089294359065433f,-0.8248648402513632f,0.22283388677110394f,-0.5195604432821805f,-0.3425268819538616f,0f,0f,0f,1f],start_interpolation:0}
execute if entity @s[tag=aj.dino.bone.leg_left_3] run data modify entity @s {} merge value {transformation:[0.12763995721157906f,0.045485259658890914f,0.9907770346938758f,-0.028171581305304248f,-0.01889615562412828f,0.9988780680335047f,-0.04342281087494218f,-0.016002395668782893f,-0.9916405480947494f,-0.013179391314303932f,0.12835625040849943f,0.05767159885633821f,0f,0f,0f,1f],start_interpolation:0}
execute if entity @s[tag=aj.dino.bone.leg_left_2] run data modify entity @s {} merge value {transformation:[0.33795030129804493f,0.09595099714062089f,0.963662388754991f,0.024500229756692193f,-0.24938637502634584f,0.9948538137896542f,-0.011598475765902085f,0.21515124640429373f,-0.9357661189124523f,-0.23048100753987122f,0.35111604258368273f,0.0133461418162025f,0f,0f,0f,1f],start_interpolation:0}
execute if entity @s[tag=aj.dino.bone.leg_left_1] run data modify entity @s {} merge value {transformation:[0.3957834934613577f,-0.9177101083507249f,-0.03411133732974997f,-0.23088606646382526f,0.1482534113072634f,0.027192269846903372f,0.9885754935746341f,0.16715563999760075f,-0.9062981586317403f,-0.39631898452064296f,0.14681590570930456f,-0.08405841212346474f,0f,0f,0f,1f],start_interpolation:0}
execute if entity @s[tag=aj.dino.bone.leg_left_0] run data modify entity @s {} merge value {transformation:[0.37994078927918246f,0.2955581304201736f,0.8765217556823355f,-0.1420168352587113f,0.09379554481660535f,0.9303862963785886f,-0.3543779554141158f,0.5722102535391635f,-0.920243115928866f,0.2168564757010141f,0.32576966791287887f,-0.1324350424128955f,0f,0f,0f,1f],start_interpolation:0}
execute if entity @s[tag=aj.dino.bone.leg_right_3] run data modify entity @s {} merge value {transformation:[0.6148449831675044f,-0.18673306130744483f,0.7662221678393946f,-0.08466329240378406f,0.17768812381364898f,0.9793835061635954f,0.09609827527218207f,0.03875675480565258f,-0.7683700783667572f,0.07706303698565786f,0.6353492826793861f,-0.7263536563930212f,0f,0f,0f,1f],start_interpolation:0}
execute if entity @s[tag=aj.dino.bone.leg_right_2] run data modify entity @s {} merge value {transformation:[0.6397031701000332f,0.061844233059299154f,0.7993856043875006f,-0.046535317348849664f,0.2644491155984853f,0.9491433720690041f,-0.28505389668859676f,0.25078099392396297f,-0.7569073384000458f,0.38388064498679947f,0.5760113983085505f,-0.6178960535681042f,0f,0f,0f,1f],start_interpolation:0}
execute if entity @s[tag=aj.dino.bone.leg_right_1] run data modify entity @s {} merge value {transformation:[0.4857840501053002f,-0.7908568575169742f,0.37223552702780516f,-0.2714536947568642f,-0.0887291644321073f,0.3790428935074219f,0.9211154217907229f,0.30313549844516596f,-0.8695636791187126f,-0.48049132749707146f,0.11396092381878403f,-0.7717924960879069f,0f,0f,0f,1f],start_interpolation:0}
execute if entity @s[tag=aj.dino.bone.leg_right_0] run data modify entity @s {} merge value {transformation:[0.5321058652157631f,0.782801603244884f,0.3226220670695412f,-0.052234738962325784f,-0.06370894095036089f,0.41698247533208105f,-0.906678987353801f,0.548073503432351f,-0.8442775130524132f,0.46189529681862934f,0.2717502819333637f,-0.5143906668447893f,0f,0f,0f,1f],start_interpolation:0}
execute if entity @s[tag=aj.dino.bone.tail_4] run data modify entity @s {} merge value {transformation:[0.9584366332662558f,-1.0134930179309547f,-2.3832524948520346f,-0.17967081832148257f,-2.5304441286105543f,-0.9074213678450834f,-0.6317438600877203f,0.2274537817107411f,-0.5512831065737642f,2.40313954971062f,-1.2436513066864907f,0.5366336821041557f,0f,0f,0f,1f],start_interpolation:0}
execute if entity @s[tag=aj.dino.bone.tail_3] run data modify entity @s {} merge value {transformation:[0.8138521736776939f,0.21090045461379858f,-1.9050226150070317f,0.14128679221637358f,-1.8438508964734366f,-0.4788791172643569f,-0.8407343151475741f,0.37469746106983476f,-0.5232628756357964f,2.0154754563963926f,-0.00041676078689385765f,0.516981339714713f,0f,0f,0f,1f],start_interpolation:0}
execute if entity @s[tag=aj.dino.bone.tail_2] run data modify entity @s {} merge value {transformation:[1.0659938679043255f,0.8395564003790228f,-1.4062631329789492f,0.4036960558738121f,-1.5850297482829185f,0.10628756392661667f,-1.1380498784392143f,0.585111696930855f,-0.412445930579198f,1.761426092500034f,0.7389454310106373f,0.3797271533926759f,0f,0f,0f,1f],start_interpolation:0}
execute if entity @s[tag=aj.dino.bone.tail_1] run data modify entity @s {} merge value {transformation:[1.3715708519292362f,0.613579102590924f,-0.17311941832684707f,0.4321386922817166f,-0.6354328451950857f,1.282366607065285f,-0.48930280433607515f,0.675335668933139f,-0.051717959988652626f,0.5164424652830025f,1.4206578344791638f,0.06775387199004207f,0f,0f,0f,1f],start_interpolation:0}
execute if entity @s[tag=aj.dino.bone.tail_0] run data modify entity @s {} merge value {transformation:[1.0925736291961883f,-0.07721478325630567f,0.6589055005202035f,0.23772786037501475f,0.045201604737533596f,1.275242664824906f,0.07448944437604524f,0.6843419991383509f,-0.6618726435638883f,-0.04037003394823831f,1.0927628199407204f,-0.2525510229996537f,0f,0f,0f,1f],start_interpolation:0}
execute if entity @s[tag=aj.dino.bone.body_1] run data modify entity @s {} merge value {transformation:[0.2823748362540055f,-0.4156247153997231f,1.1296570908269787f,0.003093684793633117f,-0.07591280600773226f,1.1518660197136086f,0.44277140102925694f,0.5038175f,-1.2012935914216833f,-0.17048566987954686f,0.2375561799473256f,-0.2962960874883953f,0f,0f,0f,1f],start_interpolation:0}