execute if entity @s[tag=aj.dino.bone.head_lower] run data modify entity @s {} merge value {transformation:[-0.954518235178494f,0.23216127271177286f,-0.18707239819006782f,0.03933042165705922f,0.1510152994489825f,0.9174605101265323f,0.368049713613117f,0.32628653309111066f,0.2570784278076782f,0.32305936886463016f,-0.9107926910909633f,0.6353268971612123f,0f,0f,0f,1f],start_interpolation:0}
execute if entity @s[tag=aj.dino.bone.head_upper] run data modify entity @s {} merge value {transformation:[-0.9935576332813632f,0.30864633880125764f,-0.03244394360158692f,0.04371596490725008f,0.15719176227340448f,0.5943087252981564f,0.8399760898331388f,0.3975861139369873f,0.26759282838900067f,0.7968729630013599f,-0.6138888349006805f,0.6109836583997025f,0f,0f,0f,1f],start_interpolation:0}
execute if entity @s[tag=aj.dino.bone.neck_0] run data modify entity @s {} merge value {transformation:[-0.966788398220478f,0.14038788188082876f,0.21356833961825178f,0.05555932913857366f,0.17983163093289553f,0.9674348328224851f,0.17813037011623023f,0.39334296829038107f,-0.18160610557549345f,0.21062071802827192f,-0.9605509541689903f,0.5455125449755154f,0f,0f,0f,1f],start_interpolation:0}
execute if entity @s[tag=aj.dino.bone.neck_1] run data modify entity @s {} merge value {transformation:[-0.9755048802715687f,0.06304623144962726f,0.21074961747617127f,0.07370303393504422f,0.12381819936719732f,0.9492411627554955f,0.2891544024151455f,0.4222111767081448f,-0.18182211656401276f,0.3081661688612087f,-0.9337956576776245f,0.4678274797213861f,0f,0f,0f,1f],start_interpolation:0}
execute if entity @s[tag=aj.dino.bone.neck_2] run data modify entity @s {} merge value {transformation:[-0.9966016124747923f,0.03761902542224685f,0.07328052223424922f,0.0804912710574559f,0.06006477151286182f,0.9406671625480748f,0.3339723229952769f,0.46067937643327583f,-0.05636886761104619f,0.3372389334433885f,-0.9397299891640225f,0.38880186462844313f,0f,0f,0f,1f],start_interpolation:0}
execute if entity @s[tag=aj.dino.bone.body_0] run data modify entity @s {} merge value {transformation:[-0.9971196170728817f,0.05118771988412923f,-0.05596683465673055f,0.054601938775914946f,0.04365779782814701f,0.9907680551958842f,0.12834585109056737f,0.5306065989411284f,0.062019883402232606f,0.12553277713979477f,-0.9901490069309488f,-0.07665579266110906f,0f,0f,0f,1f],start_interpolation:0}
execute if entity @s[tag=aj.dino.bone.leg_left_3] run data modify entity @s {} merge value {transformation:[-0.9982637786425346f,-0.02437185400149098f,0.053623138502507564f,0.47117580441573437f,-0.025947687158542294f,0.999245762631664f,-0.028889849320937466f,0.021271272091918814f,-0.052878594737866574f,-0.030231086569854904f,-0.9981432440403302f,-0.21065783323782103f,0f,0f,0f,1f],start_interpolation:0}
execute if entity @s[tag=aj.dino.bone.leg_left_2] run data modify entity @s {} merge value {transformation:[-0.9875284802256393f,-0.22443155198743983f,0.1627273139839864f,0.42235810814630603f,-0.26848340075889615f,0.9242443929249938f,-0.3546141073961128f,0.22533561454077555f,-0.06903885689140424f,-0.38401169268645075f,-0.9485941469458419f,-0.32959331464634434f,0f,0f,0f,1f],start_interpolation:0}
execute if entity @s[tag=aj.dino.bone.leg_left_1] run data modify entity @s {} merge value {transformation:[-0.9568146321574617f,-0.2283268368348851f,0.17992391522629048f,0.3698419134515595f,0.07245144543592547f,0.41210138398094487f,0.9082528488120664f,0.28767744142933005f,-0.2815253944915569f,0.8820653631687195f,-0.3777620247648086f,-0.06432188464539874f,0f,0f,0f,1f],start_interpolation:0}
execute if entity @s[tag=aj.dino.bone.leg_left_0] run data modify entity @s {} merge value {transformation:[-0.947663197964879f,0.07856845295723211f,0.30945348830298547f,0.26530886289225997f,-0.055103886192812444f,0.9144529315579415f,-0.40092318178366293f,0.6729517960393316f,-0.31448056370692984f,-0.39699223438877707f,-0.8622639624184568f,-0.18656668651879832f,0f,0f,0f,1f],start_interpolation:0}
execute if entity @s[tag=aj.dino.bone.leg_right_3] run data modify entity @s {} merge value {transformation:[-0.9183764299612747f,0.08216729863841284f,0.38708302459039706f,-0.24641405180995546f,0.1298985949800815f,0.9865961833175292f,0.09876399184665126f,0.08636137899008325f,-0.37377946427510544f,0.14098406327578494f,-0.9167400972950103f,-0.43949320863508534f,0f,0f,0f,1f],start_interpolation:0}
execute if entity @s[tag=aj.dino.bone.leg_right_2] run data modify entity @s {} merge value {transformation:[-0.9513334721877488f,0.27297689957093674f,0.26927761974686093f,-0.17298577019331515f,0.2797341656178359f,0.986745348252445f,-0.012025547345086424f,0.3155646701913578f,-0.2622510644058275f,0.062285066456530876f,-0.9896500134973024f,-0.4551524176619407f,0f,0f,0f,1f],start_interpolation:0}
execute if entity @s[tag=aj.dino.bone.leg_right_1] run data modify entity @s {} merge value {transformation:[-0.9835188616619192f,-0.12544143294001314f,-0.13021173394590435f,-0.2197457382331346f,-0.1263559272484232f,-0.03825345743137998f,0.9912471198665532f,0.2500839139031672f,-0.12932450813528723f,0.991363263338168f,0.02177272833303734f,-0.18956032138532464f,0f,0f,0f,1f],start_interpolation:0}
execute if entity @s[tag=aj.dino.bone.leg_right_0] run data modify entity @s {} merge value {transformation:[-0.9857280093248811f,-0.0065388148869344465f,0.16821871338314764f,-0.12139100374131935f,-0.07254203690279425f,0.9182118541503819f,-0.3893900920410165f,0.6507373875877265f,-0.1519142669876691f,-0.39603564839240435f,-0.9055814820809925f,-0.2536728692366914f,0f,0f,0f,1f],start_interpolation:0}
execute if entity @s[tag=aj.dino.bone.tail_4] run data modify entity @s {} merge value {transformation:[-0.8242110928625829f,-1.1967919849454018f,-2.348196403790091f,-0.20604345420018275f,-1.317911406724693f,2.317803866168162f,-0.7187183687654447f,0.6853650747642477f,2.28242128671006f,0.9061652798173008f,-1.262964325397367f,-1.7852504806567326f,0f,0f,0f,1f],start_interpolation:0}
execute if entity @s[tag=aj.dino.bone.tail_3] run data modify entity @s {} merge value {transformation:[-1.2017923570312485f,-0.5647414675282163f,-1.6039662501062166f,0.07145638726242362f,-0.44154622927971415f,2.0003739901527915f,-0.3734787182337309f,0.7291180338814571f,1.6421563823322631f,0.12456524562943314f,-1.2742650593935065f,-1.57040118465723f,0f,0f,0f,1f],start_interpolation:0}
execute if entity @s[tag=aj.dino.bone.tail_2] run data modify entity @s {} merge value {transformation:[-1.6927753997854575f,-0.288455767249918f,-0.932780033675798f,0.24353780501983385f,-0.2198533002705675f,1.9316040833876893f,-0.1983533876769439f,0.7662885567683937f,0.9512885194535362f,-0.06687907283329743f,-1.705682038767963f,-1.252631107620307f,0f,0f,0f,1f],start_interpolation:0}
execute if entity @s[tag=aj.dino.bone.tail_1] run data modify entity @s {} merge value {transformation:[-1.5073318394353525f,0.12230809717003001f,-0.025450052869959813f,0.24895934479863235f,0.12294826537443604f,1.5069733942123666f,-0.0396379007703039f,0.7562795365015778f,0.02215174633870863f,-0.04157124610479829f,-1.5117663118456635f,-0.9268288617432205f,0f,0f,0f,1f],start_interpolation:0}
execute if entity @s[tag=aj.dino.bone.tail_0] run data modify entity @s {} merge value {transformation:[-1.2105305140438976f,-0.0020699894137738706f,0.410423325721713f,0.12897415736523554f,0.059365220992676423f,1.263875009308929f,0.18147023988762723f,0.7337492700159792f,-0.4061124988093018f,0.19092247791239547f,-1.1968529409759092f,-0.5724733154490476f,0f,0f,0f,1f],start_interpolation:0}
execute if entity @s[tag=aj.dino.bone.body_1] run data modify entity @s {} merge value {transformation:[-1.2162147691409904f,-0.11279656209494994f,0.19158070351457063f,0.0920319763335475f,-0.0698668243197851f,1.2053598830518975f,0.2661405159776206f,0.5906857861328125f,-0.2110565261702324f,0.2509762597635999f,-1.1920866809306603f,-0.3122348927538887f,0f,0f,0f,1f],start_interpolation:0}