execute if entity @s[tag=aj.dino.bone.head_lower] run data modify entity @s {} merge value {transformation:[-0.8638942826904502f,-0.07865425751609587f,-0.497493895549829f,-0.672275771492567f,-0.27686549570340463f,0.8992755876411147f,0.33859845652577253f,0.16587424183438249f,0.4207519050743095f,0.43025216472124683f,-0.798655688722631f,0.08802215692824523f,0f,0f,0f,1f],start_interpolation:0}
execute if entity @s[tag=aj.dino.bone.head_upper] run data modify entity @s {} merge value {transformation:[-0.8992271988965386f,0.1225301323837299f,-0.5097536208858332f,-0.7049446072643885f,-0.2881891791170507f,0.7299269710457775f,0.683831526447329f,0.22931664072504934f,0.43796048267855503f,0.7318913349544924f,-0.5966553712269798f,0.06346068946174124f,0f,0f,0f,1f],start_interpolation:0}
execute if entity @s[tag=aj.dino.bone.neck_0] run data modify entity @s {} merge value {transformation:[-0.9627652888078541f,-0.26182557472789825f,0.06730800164270978f,-0.6960313321409353f,-0.24669549018000675f,0.9527246807107892f,0.1773612637792446f,0.22540035814693687f,-0.11056370919779862f,0.1541526878874654f,-0.9818414408780544f,-0.0024934803203043032f,0f,0f,0f,1f],start_interpolation:0}
execute if entity @s[tag=aj.dino.bone.neck_1] run data modify entity @s {} merge value {transformation:[-0.9231808116621503f,-0.23662235006229207f,0.3028977590372889f,-0.6714620060063328f,-0.07081547655708653f,0.8792631959272076f,0.47104288612382794f,0.2693545286752426f,-0.37778612634506026f,0.413407904785178f,-0.8284754353644548f,-0.07077170489440551f,0f,0f,0f,1f],start_interpolation:0}
execute if entity @s[tag=aj.dino.bone.neck_2] run data modify entity @s {} merge value {transformation:[-0.7107697560928519f,-0.334229971086199f,0.618948043256804f,-0.6205098356173782f,0.008552106816997342f,0.8757356008794158f,0.48271525646219127f,0.32021800437311415f,-0.703372742784861f,0.3483927148780337f,-0.6195880090247186f,-0.12164127897093582f,0f,0f,0f,1f],start_interpolation:0}
execute if entity @s[tag=aj.dino.bone.body_0] run data modify entity @s {} merge value {transformation:[-0.46777590565047156f,-0.0725445798470517f,0.8808649079329338f,-0.20605258555575928f,0.1668159334943367f,0.9714674621529076f,0.168592450336906f,0.4089294359065433f,-0.8679620650842375f,0.2258057880414136f,-0.4423274801114012f,-0.3279574792310593f,0f,0f,0f,1f],start_interpolation:0}
execute if entity @s[tag=aj.dino.bone.leg_left_3] run data modify entity @s {} merge value {transformation:[0.03888205528364369f,0.03723959298981928f,0.9985496474842257f,-0.004593302652900769f,-0.010204829670722452f,0.9992680004241989f,-0.036869021950871016f,-0.028227645883055014f,-0.999191696937235f,-0.008756485720588885f,0.03923361733913788f,0.0494693934961018f,0f,0f,0f,1f],start_interpolation:0}
execute if entity @s[tag=aj.dino.bone.leg_left_2] run data modify entity @s {} merge value {transformation:[0.2480430075316509f,0.0976585785049394f,0.9904542735329791f,0.04916505216663092f,-0.24583303803921241f,0.9951341801630943f,-0.03655516899469609f,0.20222558814933206f,-0.9644184689872746f,-0.22854532376798767f,0.2640572876493305f,0.0028601854238039376f,0f,0f,0f,1f],start_interpolation:0}
execute if entity @s[tag=aj.dino.bone.leg_left_1] run data modify entity @s {} merge value {transformation:[0.3301121765350033f,-0.9433705761304283f,0.03283149394508478f,-0.2154349026740523f,0.14731872174750424f,0.0858437205747255f,0.9853568134744741f,0.17035306969677877f,-0.9323750024137306f,-0.32044158863860317f,0.1673142048505266f,-0.07449866749921734f,0f,0f,0f,1f],start_interpolation:0}
execute if entity @s[tag=aj.dino.bone.leg_left_0] run data modify entity @s {} merge value {transformation:[0.31096444890169334f,0.3502657692599544f,0.8835241945776009f,-0.11367598384110116f,0.09379554481660532f,0.9137650781638159f,-0.3952667171680808f,0.5722102535391635f,-0.9457819554695587f,0.2057845300624122f,0.251295085298479f,-0.12412935152301172f,0f,0f,0f,1f],start_interpolation:0}
execute if entity @s[tag=aj.dino.bone.leg_right_3] run data modify entity @s {} merge value {transformation:[0.5427480802989872f,-0.1598642999708812f,0.8245410401711879f,-0.14904345513005912f,0.15397574028923747f,0.9840190938712653f,0.0894309470997367f,0.05120686995359802f,-0.8256609429627546f,0.07842084220151388f,0.5586896981100152f,-0.7318890359976837f,0f,0f,0f,1f],start_interpolation:0}
execute if entity @s[tag=aj.dino.bone.leg_right_2] run data modify entity @s {} merge value {transformation:[0.5765914353992836f,0.18994244153600157f,0.8267565451983014f,-0.080112178825475f,0.23765896928292501f,0.9234545524291656f,-0.37790488673464134f,0.254415132679272f,-0.8143234802240849f,0.4039997004972736f,0.47510389501091427f,-0.6217711302191494f,0f,0f,0f,1f],start_interpolation:0}
execute if entity @s[tag=aj.dino.bone.leg_right_1] run data modify entity @s {} merge value {transformation:[0.3792973515045298f,-0.8086026990766104f,0.4497723804188849f,-0.3160845599251776f,-0.09661038182524512f,0.4488293562004879f,0.888379785416258f,0.3273076543117419f,-0.9202173402328547f,-0.3804127811452671f,0.09212037058161299f,-0.7483298174277417f,0f,0f,0f,1f],start_interpolation:0}
execute if entity @s[tag=aj.dino.bone.leg_right_0] run data modify entity @s {} merge value {transformation:[0.42984552267402387f,0.8575930379666963f,0.28243053635920495f,-0.052337829098584004f,-0.07573254517914114f,0.345945454153448f,-0.9351932016173206f,0.548073503432351f,-0.8997207390283858f,0.3805994271955983f,0.2136508080504213f,-0.5116710326662331f,0f,0f,0f,1f],start_interpolation:0}
execute if entity @s[tag=aj.dino.bone.tail_4] run data modify entity @s {} merge value {transformation:[0.9440158877163284f,-0.887321580751522f,-2.4386790989533185f,-0.18223339793883092f,-2.5275496172288725f,-0.902571956009092f,-0.6500139446751145f,0.23418695247049842f,-0.5882076740279168f,2.454319785227373f,-1.1207084614903762f,0.4755054211254054f,0f,0f,0f,1f],start_interpolation:0}
execute if entity @s[tag=aj.dino.bone.tail_3] run data modify entity @s {} merge value {transformation:[0.8543592806089271f,0.09401060782791691f,-1.896622722445786f,0.13844376014813797f,-1.845209356353954f,-0.45018033306242533f,-0.8535136935000373f,0.38331670201359735f,-0.4485734910866527f,2.030873014096172f,-0.10140093566976176f,0.4728255858238638f,0f,0f,0f,1f],start_interpolation:0}
execute if entity @s[tag=aj.dino.bone.tail_2] run data modify entity @s {} merge value {transformation:[1.0962924337900337f,0.6863195755554236f,-1.4648830038016425f,0.4117362707357003f,-1.5863001809746777f,0.10918623534146499f,-1.136003510934029f,0.5933502729570826f,-0.3171253860182201f,1.8264220983179538f,0.6183750345230741f,0.35807112315414585f,0f,0f,0f,1f],start_interpolation:0}
execute if entity @s[tag=aj.dino.bone.tail_1] run data modify entity @s {} merge value {transformation:[1.3761382217953178f,0.5796157657951304f,-0.24071852557654305f,0.45513628398822986f,-0.6267057541949415f,1.3002589238315752f,-0.4519102550897739f,0.6753007328449746f,0.03376006772756853f,0.510909527253191f,1.4231963893956978f,0.04553754420194528f,0f,0f,0f,1f],start_interpolation:0}
execute if entity @s[tag=aj.dino.bone.tail_0] run data modify entity @s {} merge value {transformation:[1.0830651925867567f,-0.07408578483226998f,0.6747716663263399f,0.25616449797476587f,0.04090006719710622f,1.2753941194168457f,0.07438239875285406f,0.6843419991383509f,-0.6775933070022985f,-0.041434927618411506f,1.0830448622577797f,-0.27195323546764727f,0f,0f,0f,1f],start_interpolation:0}
execute if entity @s[tag=aj.dino.bone.body_1] run data modify entity @s {} merge value {transformation:[0.1929154265273979f,-0.4270770532032013f,1.144112504909929f,0.018941037329710576f,-0.07591280600773226f,1.1518660197136086f,0.44277140102925694f,0.5038175f,-1.2188623708803363f,-0.1393357754227127f,0.15350784213051405f,-0.29825640519037644f,0f,0f,0f,1f],start_interpolation:0}