execute if entity @s[tag=aj.dino.bone.head_lower] run data modify entity @s {} merge value {transformation:[-0.8194653978781024f,-0.3426137032844442f,-0.45944783382033927f,-0.6226586203135968f,-0.48621791334674647f,0.8399991657317076f,0.2408184841551218f,0.152686074061203f,0.30342808443059277f,0.42073418198638635f,-0.8549351704585719f,0.13816321552281388f,0f,0f,0f,1f],start_interpolation:0}
execute if entity @s[tag=aj.dino.bone.head_upper] run data modify entity @s {} merge value {transformation:[-0.852981191207401f,-0.14646572355577384f,-0.5783103162258078f,-0.6660794488052204f,-0.5061040234118312f,0.7118720499052906f,0.5661879940739675f,0.20754537228311187f,0.3158381666554355f,0.7451563050598378f,-0.6545687710980495f,0.10986930198124918f,0f,0f,0f,1f],start_interpolation:0}
execute if entity @s[tag=aj.dino.bone.neck_0] run data modify entity @s {} merge value {transformation:[-0.9174633877264242f,-0.3929533219614093f,0.062037238341545675f,-0.6553931800941627f,-0.375809005589933f,0.907249928406291f,0.18885221397771634f,0.2051519763900936f,-0.13049338488620194f,0.1499508391649491f,-0.9800439899997699f,0.04410600240290351f,0f,0f,0f,1f],start_interpolation:0}
execute if entity @s[tag=aj.dino.bone.neck_1] run data modify entity @s {} merge value {transformation:[-0.9598384778830558f,-0.2283996493966829f,0.16292236350670464f,-0.6426437261839382f,-0.12762234687267143f,0.8726149719932051f,0.471439972034626f,0.24910915777016057f,-0.24984521799276055f,0.4317136907821776f,-0.8667183257768237f,-0.027327564459197082f,0f,0f,0f,1f],start_interpolation:0}
execute if entity @s[tag=aj.dino.bone.neck_2] run data modify entity @s {} merge value {transformation:[-0.7832698303462788f,-0.33229557244096053f,0.5254217595469812f,-0.5998662207233557f,-0.029672121151040648f,0.8641809759349599f,0.5023054907708037f,0.30157575792037705f,-0.620973379538696f,0.37785035843338066f,-0.6867468008924804f,-0.08379234365284827f,0f,0f,0f,1f],start_interpolation:0}
execute if entity @s[tag=aj.dino.bone.body_0] run data modify entity @s {} merge value {transformation:[-0.6074977123413445f,-0.09976136842513234f,0.7880318514311322f,-0.22942011599926596f,0.11040045370177753f,0.9718484840257143f,0.2081400103760985f,0.4089294359065433f,-0.7866118924364636f,0.21344365407963228f,-0.5793820304519803f,-0.3548196043125763f,0f,0f,0f,1f],start_interpolation:0}
execute if entity @s[tag=aj.dino.bone.leg_left_3] run data modify entity @s {} merge value {transformation:[0.20138633325253408f,0.04572684977606068f,0.9784439687527628f,-0.048217414839215655f,-0.02723717721616581f,0.9987848987222046f,-0.04107142877683731f,-0.005203038631663298f,-0.9791331272898464f,-0.018378827330197682f,0.2023870987725562f,0.06580881406031787f,0f,0f,0f,1f],start_interpolation:0}
execute if entity @s[tag=aj.dino.bone.leg_left_2] run data modify entity @s {} merge value {transformation:[0.4127577146445951f,0.08747916553672783f,0.9349014194550481f,0.0017068363975339118f,-0.2514240340244039f,0.9942460394274483f,0.017971302079230554f,0.22671960952247844f,-0.9046984158364381f,-0.23639883286625024f,0.42154307929701373f,0.02232862917529556f,0f,0f,0f,1f],start_interpolation:0}
execute if entity @s[tag=aj.dino.bone.leg_left_1] run data modify entity @s {} merge value {transformation:[0.4504401510211497f,-0.8883906559555176f,-0.08868885363431805f,-0.2439082155366991f,0.1489691971058972f,-0.023158154107445927f,0.9885706237856556f,0.16503136933193713f,-0.8802907750633697f,-0.4585038083912297f,0.12191148030054577f,-0.09116671410055768f,0f,0f,0f,1f],start_interpolation:0}
execute if entity @s[tag=aj.dino.bone.leg_left_0] run data modify entity @s {} merge value {transformation:[0.4374268366397755f,0.24858386907150637f,0.8642128341009288f,-0.16579635676744683f,0.09379554481660535f,0.943178759912438f,-0.3187729954412569f,0.5722102535391635f,-0.8943490137300288f,0.22049917661405377f,0.38925564190214246f,-0.14027040377682923f,0f,0f,0f,1f],start_interpolation:0}
execute if entity @s[tag=aj.dino.bone.leg_right_3] run data modify entity @s {} merge value {transformation:[0.6722303826191727f,-0.21059094499176817f,0.709758949623853f,-0.030979775500092142f,0.1959946947425923f,0.9751073681313769f,0.10369040576957117f,0.03095207395264865f,-0.7139274419129992f,0.06940514752793375f,0.6967715071529453f,-0.7109854441931741f,0f,0f,0f,1f],start_interpolation:0}
execute if entity @s[tag=aj.dino.bone.leg_right_2] run data modify entity @s {} merge value {transformation:[0.6894969008633806f,-0.04482177877738584f,0.7580548999562758f,-0.01907004573754767f,0.28476080204215326f,0.9644568333249278f,-0.20198143918156672f,0.24908165857580947f,-0.7039655593996041f,0.3462314605878246f,0.660771114970319f,-0.6087664894189927f,0f,0f,0f,1f],start_interpolation:0}
execute if entity @s[tag=aj.dino.bone.leg_right_1] run data modify entity @s {} merge value {transformation:[0.5719149497106243f,-0.7613797342795515f,0.30530999087139854f,-0.23071557975762813f,-0.08162992366085782f,0.31751687313874755f,0.9447325498972263f,0.28361028795742654f,-0.8162412914454992f,-0.5652291000121915f,0.11944127694725748f,-0.784912245377368f,0f,0f,0f,1f],start_interpolation:0}
execute if entity @s[tag=aj.dino.bone.leg_right_0] run data modify entity @s {} merge value {transformation:[0.6140421864701814f,0.7089125768479521f,0.34698004499065266f,-0.05201794572408183f,-0.05318426783790256f,0.47578422846669827f,-0.877952619220932f,0.548073503432351f,-0.7874792866415377f,0.5206460662764534f,0.32985458429645886f,-0.5157772572841631f,0f,0f,0f,1f],start_interpolation:0}
execute if entity @s[tag=aj.dino.bone.tail_4] run data modify entity @s {} merge value {transformation:[0.9884673981665288f,-1.108603412395579f,-2.328001720013705f,-0.17342874239694017f,-2.5251507563453606f,-0.92067207364796f,-0.6337491003017013f,0.2190508659665873f,-0.5217347909525907f,2.35563637652963f,-1.343291256980411f,0.5878087635917328f,0f,0f,0f,1f],start_interpolation:0}
execute if entity @s[tag=aj.dino.bone.tail_3] run data modify entity @s {} merge value {transformation:[0.7844541019322677f,0.31437761830411065f,-1.9030880171751168f,0.1461882265571024f,-1.838036848817942f,-0.5012263958653992f,-0.8404392711669503f,0.366463202434813f,-0.5849767776531748f,1.9964679659943612f,0.08867556827723866f,0.5532356577379792f,0f,0f,0f,1f],start_interpolation:0}
execute if entity @s[tag=aj.dino.bone.tail_2] run data modify entity @s {} merge value {transformation:[1.042475845264888f,0.9669309881938689f,-1.3405455796475034f,0.396393659453118f,-1.5777366669307398f,0.1096729621004358f,-1.1478208598074748f,0.5787000407888577f,-0.4927118801737094f,1.694635707300339f,0.8391773934521498f,0.3972733232980988f,0f,0f,0f,1f],start_interpolation:0}
execute if entity @s[tag=aj.dino.bone.tail_1] run data modify entity @s {} merge value {transformation:[1.366776275908031f,0.6379684095566254f,-0.11213906555149787f,0.41142045082419154f,-0.6354355432811613f,1.2697359964900674f,-0.5211990210585118f,0.6759421215067356f,-0.12570016686523816f,0.5180956066453036f,1.4154266708045622f,0.08647620253026395f,0f,0f,0f,1f],start_interpolation:0}
execute if entity @s[tag=aj.dino.bone.tail_0] run data modify entity @s {} merge value {transformation:[1.1001120179585335f,-0.08367222685404548f,0.6454364592897706f,0.2207897561977264f,0.05206114393682172f,1.2748600044007075f,0.07653315004261584f,0.6843419991383509f,-0.6487518029410172f,-0.03958085669539232f,1.1006317143114068f,-0.23610912203176027f,0f,0f,0f,1f],start_interpolation:0}
execute if entity @s[tag=aj.dino.bone.body_1] run data modify entity @s {} merge value {transformation:[0.3578459571889562f,-0.4040001995154553f,1.1123554759029337f,-0.010605029908952159f,-0.07591280600773226f,1.1518660197136086f,0.44277140102925694f,0.5038175f,-1.181011478294687f,-0.1964512827060463f,0.30858285227082355f,-0.29461792462182596f,0f,0f,0f,1f],start_interpolation:0}