execute if entity @s[tag=aj.dino.bone.head_lower] run data modify entity @s {} merge value {transformation:[-0.9696005570233704f,0.13064759921404662f,-0.20689602374037036f,0.059074967107142724f,0.05092964955515791f,0.934765982271319f,0.35159455226798436f,0.3329761025521472f,0.2393343490102473f,0.3303691317419676f,-0.9130034535399633f,0.646856499762234f,0f,0f,0f,1f],start_interpolation:0}
execute if entity @s[tag=aj.dino.bone.head_upper] run data modify entity @s {} merge value {transformation:[-1.0092568158053943f,0.23261858710709257f,-0.10373627748364528f,0.05683374813795247f,0.05301265100127656f,0.6065108219746155f,0.8442785229087613f,0.40481393647922914f,0.249123024162121f,0.813329673836805f,-0.5999204139486698f,0.6238400046773172f,0f,0f,0f,1f],start_interpolation:0}
execute if entity @s[tag=aj.dino.bone.neck_0] run data modify entity @s {} merge value {transformation:[-0.9816795283850325f,0.0659213090021641f,0.17877271763102354f,0.06764070600886994f,0.09371595991523736f,0.9839606445112737f,0.15178527237556347f,0.39862684863224473f,-0.16589943461900675f,0.1657583514408839f,-0.9721119002052668f,0.5583444639142484f,0f,0f,0f,1f],start_interpolation:0}
execute if entity @s[tag=aj.dino.bone.neck_1] run data modify entity @s {} merge value {transformation:[-0.9840724476128281f,0.04527050109674605f,0.1719069503532285f,0.08241203652225185f,0.09420385560964614f,0.9528861036318301f,0.28832916448674717f,0.42744194035322497f,-0.15075493835219725f,0.2999310841440052f,-0.9419736160459204f,0.47992868024471436f,0f,0f,0f,1f],start_interpolation:0}
execute if entity @s[tag=aj.dino.bone.neck_2] run data modify entity @s {} merge value {transformation:[-0.9982077244250229f,0.04261447703834375f,0.04201601176892046f,0.08651017663755109f,0.054193645550526984f,0.941508902097037f,0.3326019182956946f,0.4657983235049089f,-0.02538479230093152f,0.33428280485059436f,-0.9421308925521222f,0.4006637856616946f,0f,0f,0f,1f],start_interpolation:0}
execute if entity @s[tag=aj.dino.bone.body_0] run data modify entity @s {} merge value {transformation:[-0.9959147462096725f,0.0494453380232647f,-0.07555777147248968f,0.05137111093555385f,0.03967855932704356f,0.9912747599666935f,0.12569790047055152f,0.5344824038116858f,0.0811136869575916f,0.12218636912822758f,-0.9891870707744854f,-0.0643723934438972f,0f,0f,0f,1f],start_interpolation:0}
execute if entity @s[tag=aj.dino.bone.leg_left_3] run data modify entity @s {} merge value {transformation:[-0.9992546636018604f,-0.020643261598685146f,0.03261859930317648f,0.4498428503935256f,-0.021556250313094265f,0.9993785290468783f,-0.027890567447391656f,0.019491152172678605f,-0.032022575511225865f,-0.02857291428375014f,-0.9990786471679604f,-0.20878556155452366f,0f,0f,0f,1f],start_interpolation:0}
execute if entity @s[tag=aj.dino.bone.leg_left_2] run data modify entity @s {} merge value {transformation:[-0.9945070321160927f,-0.21236413426320078f,0.13386350156400736f,0.40293520421203755f,-0.24636560802664703f,0.9306559452551953f,-0.3539006898036711f,0.22510637902301492f,-0.04818661384654768f,-0.37529080130013176f,-0.9533609307110312f,-0.3258031810953976f,0f,0f,0f,1f],start_interpolation:0}
execute if entity @s[tag=aj.dino.bone.leg_left_1] run data modify entity @s {} merge value {transformation:[-0.9609610483604574f,-0.19962872439718882f,0.19157827624634866f,0.3576798647161421f,0.09474932412199681f,0.4131129175466432f,0.9057374249386658f,0.2874123404301441f,-0.25995466741798634f,0.8885302975991599f,-0.3780707356248994f,-0.059188652083923377f,0f,0f,0f,1f],start_interpolation:0}
execute if entity @s[tag=aj.dino.bone.leg_left_0] run data modify entity @s {} merge value {transformation:[-0.9569344519904807f,0.09391261675949159f,0.27469414811215676f,0.26092303823198226f,-0.027170995507572664f,0.9131016496964731f,-0.4068256559322518f,0.6758845504733142f,-0.289029741716672f,-0.3967691995795092f,-0.8712267274758217f,-0.177656947915941f,0f,0f,0f,1f],start_interpolation:0}
execute if entity @s[tag=aj.dino.bone.leg_right_3] run data modify entity @s {} merge value {transformation:[-0.9214074788173332f,0.10470615408931731f,0.37422570632615537f,-0.25059249416423884f,0.15915876075460222f,0.9802219368458907f,0.11761565967655196f,0.1044645748342248f,-0.3545091632871356f,0.16793324811339558f,-0.9198487252388516f,-0.44286439066225636f,0f,0f,0f,1f],start_interpolation:0}
execute if entity @s[tag=aj.dino.bone.leg_right_2] run data modify entity @s {} merge value {transformation:[-0.9533769585724761f,0.2661134067784865f,0.268920488428341f,-0.17877194948915687f,0.28971126253866414f,0.9824008224569737f,0.05493821889003547f,0.33470916544527823f,-0.24331452632763806f,0.12702156615828647f,-0.9882943703721822f,-0.44342109789106376f,0f,0f,0f,1f],start_interpolation:0}
execute if entity @s[tag=aj.dino.bone.leg_right_1] run data modify entity @s {} merge value {transformation:[-0.9824000367436596f,-0.12985725261929845f,-0.13426563874731257f,-0.22649427173543674f,-0.12250130252713426f,-0.09472537839464634f,0.9879375150115246f,0.2541390492698557f,-0.14100921489467155f,0.9869975666789452f,0.07715053262699834f,-0.18218476427977834f,0f,0f,0f,1f],start_interpolation:0}
execute if entity @s[tag=aj.dino.bone.leg_right_0] run data modify entity @s {} merge value {transformation:[-0.9843143476031454f,-0.0014071287202871707f,0.17641792735251943f,-0.1269565121372229f,-0.06829501901029682f,0.9250440092605994f,-0.37367013703192753f,0.6557015218484324f,-0.1626685448418884f,-0.37985734285365713f,-0.9106301903622469f,-0.23828372679425908f,0f,0f,0f,1f],start_interpolation:0}
execute if entity @s[tag=aj.dino.bone.tail_4] run data modify entity @s {} merge value {transformation:[-0.8174991192661526f,-1.024929253590032f,-2.4304066628312317f,-0.2518489498273489f,-1.1935312243624638f,2.4128055979609937f,-0.6160468281875405f,0.6840936220764198f,2.352198915498199f,0.8680728674388289f,-1.157268806434195f,-1.763084681955555f,0f,0f,0f,1f],start_interpolation:0}
execute if entity @s[tag=aj.dino.bone.tail_3] run data modify entity @s {} merge value {transformation:[-1.160650005883787f,-0.5001494946300591f,-1.6548980551404686f,0.03365496046501465f,-0.3805950459032498f,2.018270358462084f,-0.3430418301485682f,0.7225104797293295f,1.6864117234294573f,0.11126890499628513f,-1.2163799800658752f,-1.5579204411858445f,0f,0f,0f,1f],start_interpolation:0}
execute if entity @s[tag=aj.dino.bone.tail_2] run data modify entity @s {} merge value {transformation:[-1.674786885035519f,-0.26543556258274525f,-0.9712912677627555f,0.21291431176693087f,-0.18556578086228312f,1.934122383145832f,-0.20859008363303216f,0.7616099350076152f,0.9896606012612458f,-0.08653579683255806f,-1.6828123261910584f,-1.2443780970967278f,0f,0f,0f,1f],start_interpolation:0}
execute if entity @s[tag=aj.dino.bone.tail_1] run data modify entity @s {} merge value {transformation:[-1.5061586885645335f,0.11625025003240555f,-0.07502089194996509f,0.22907587318043937f,0.11899959422353287f,1.5068390356232788f,-0.05414302629648821f,0.7547276707644035f,0.0705786896747145f,-0.059818476153366724f,-1.5096677278376491f,-0.9188506552882187f,0f,0f,0f,1f],start_interpolation:0}
execute if entity @s[tag=aj.dino.bone.tail_0] run data modify entity @s {} merge value {transformation:[-1.2207490442274722f,0.004045842471385084f,0.3789341879013268f,0.11844012961160214f,0.054641489223061536f,1.2666657215279553f,0.16250530497672486f,0.7378067439029307f,-0.37499572698529154f,0.1713980678093806f,-1.2098911619141663f,-0.5611561965949081f,0f,0f,0f,1f],start_interpolation:0}
execute if entity @s[tag=aj.dino.bone.body_1] run data modify entity @s {} merge value {transformation:[-1.2199250077678454f,-0.10244987790576833f,0.17289185346905736f,0.08514592182107927f,-0.0634779052635056f,1.2056303414993699f,0.26651572234245446f,0.5946378125f,-0.1906780690646679f,0.2540946619460079f,-1.19485663232229f,-0.3004838455187426f,0f,0f,0f,1f],start_interpolation:0}