execute if entity @s[tag=aj.dino.bone.head_lower] run data modify entity @s {} merge value {transformation:[-0.916641704350439f,-0.3378646145866495f,-0.21357782669494704f,0.08912971593686374f,-0.35108828678502324f,0.935976646059464f,0.026167401736398865f,0.3846044299015259f,0.1910628188002036f,0.0989708049956729f,-0.9765755367766638f,0.7311282247998475f,0f,0f,0f,1f],start_interpolation:0}
execute if entity @s[tag=aj.dino.bone.head_upper] run data modify entity @s {} merge value {transformation:[-0.9541319681243285f,-0.13364430112354578f,-0.3940093028900474f,0.058670615316719035f,-0.36544765142774455f,0.7403875427367096f,0.6338345550770721f,0.44481107543703235f,0.19887720847962412f,0.7193312379710777f,-0.7255910477740584f,0.6973220195326093f,0f,0f,0f,1f],start_interpolation:0}
execute if entity @s[tag=aj.dino.bone.neck_0] run data modify entity @s {} merge value {transformation:[-0.963483586056601f,-0.24232838992982314f,0.11391369905999782f,0.07028125845416093f,-0.23728372332311823f,0.9698168249440507f,0.05614054418473713f,0.43277595511524786f,-0.12407986962207061f,0.027060626183814107f,-0.9919031749445658f,0.6327845490284748f,0f,0f,0f,1f],start_interpolation:0}
execute if entity @s[tag=aj.dino.bone.neck_1] run data modify entity @s {} merge value {transformation:[-0.9974106284643534f,-0.04323652196937474f,0.057468612253432104f,0.07495041893541479f,-0.026047369193154164f,0.962026756463984f,0.2717095037084682f,0.4602252532802763f,-0.06703411657103472f,0.26950904069321746f,-0.96066190941463f,0.5526454710753382f,0f,0f,0f,1f],start_interpolation:0}
execute if entity @s[tag=aj.dino.bone.neck_2] run data modify entity @s {} merge value {transformation:[-0.9985539623737155f,0.04230948765393695f,-0.03316461189601837f,0.0724591865262962f,0.02954147540152272f,0.947285223813125f,0.31902665402191566f,0.49744889526689673f,0.04491420108221226f,0.31758559790988505f,-0.9471652984254478f,0.4727760486880672f,0f,0f,0f,1f],start_interpolation:0}
execute if entity @s[tag=aj.dino.bone.body_0] run data modify entity @s {} merge value {transformation:[-0.9950088944877316f,0.0336063892280104f,-0.0939569608563284f,0.028497766078695162f,0.023400051377828475f,0.9939088661489127f,0.10769216956723342f,0.557672035274449f,0.09700380139879652f,0.10495606887473553f,-0.9897345533629432f,0.007317702943805099f,0f,0f,0f,1f],start_interpolation:0}
execute if entity @s[tag=aj.dino.bone.leg_left_3] run data modify entity @s {} merge value {transformation:[-0.9974515103228433f,-0.0050481546320803984f,-0.07116881823867317f,0.3238862011086262f,-0.004104849667838067f,0.9999018639761091f,-0.013394499852825092f,0.019073790224380133f,0.07122945152030266f,-0.0130682268083121f,-0.9973743463134612f,-0.18000942706382753f,0f,0f,0f,1f],start_interpolation:0}
execute if entity @s[tag=aj.dino.bone.leg_left_2] run data modify entity @s {} merge value {transformation:[-1.0164256790624633f,-0.1367550331289994f,-0.01546283793457086f,0.28995406976619925f,-0.12354899176497232f,0.9574538701596549f,-0.34652551515126856f,0.23135403542380628f,0.0606356749526495f,-0.3415294232286285f,-0.9652684432285416f,-0.289356489331853f,0f,0f,0f,1f],start_interpolation:0}
execute if entity @s[tag=aj.dino.bone.leg_left_1] run data modify entity @s {} merge value {transformation:[-0.9647900700632629f,-0.04926236576573182f,0.25836667746922637f,0.2820826219777566f,0.21558165677147162f,0.4146384517857386f,0.8840811634484659f,0.2928165522842901f,-0.1506806887792574f,0.9086518440084128f,-0.38941899852102707f,-0.018849955232112234f,0f,0f,0f,1f],start_interpolation:0}
execute if entity @s[tag=aj.dino.bone.leg_left_0] run data modify entity @s {} merge value {transformation:[-0.9796209797326275f,0.18057205360749817f,0.0879572027957782f,0.23191477109418518f,0.127337831493067f,0.8970034205666833f,-0.42328470343530405f,0.6942735541419696f,-0.15533129993124417f,-0.40345829641691694f,-0.9017170234136811f,-0.12191663734432527f,0f,0f,0f,1f],start_interpolation:0}
execute if entity @s[tag=aj.dino.bone.leg_right_3] run data modify entity @s {} merge value {transformation:[-0.9500510819911203f,0.14312118751094782f,0.277343230119211f,-0.2630369951616863f,0.19449778534975976f,0.9664946859908028f,0.16750711461182222f,0.14372556659107394f,-0.24407694094596538f,0.21308295951810757f,-0.9460560761717373f,-0.3897100019873853f,0f,0f,0f,1f],start_interpolation:0}
execute if entity @s[tag=aj.dino.bone.leg_right_2] run data modify entity @s {} merge value {transformation:[-0.9768496993062689f,0.21836854268985534f,0.22392419259529625f,-0.20369988096861386f,0.25988484393135264f,0.9752755428346642f,0.18264633296078456f,0.37630228967211576f,-0.1740308373844214f,0.23068375454885015f,-0.984154699489474f,-0.3660827544511554f,0f,0f,0f,1f],start_interpolation:0}
execute if entity @s[tag=aj.dino.bone.leg_right_1] run data modify entity @s {} merge value {transformation:[-0.9787015326470806f,-0.11424490348366839f,-0.17056204742633327f,-0.2451821324152024f,-0.15103264897103222f,-0.16201708720264557f,0.9751613212177577f,0.277560500891033f,-0.13904117713486336f,0.9801523174906935f,0.1413116611556665f,-0.11006973208119931f,0f,0f,0f,1f],start_interpolation:0}
execute if entity @s[tag=aj.dino.bone.leg_right_0] run data modify entity @s {} merge value {transformation:[-0.9826487751211754f,-0.03620038131733292f,0.181909090331773f,-0.15994601503490186f,-0.09614582058337473f,0.9381267441655553f,-0.3326773107166826f,0.684160977474615f,-0.15861073714349536f,-0.34439475064787856f,-0.9253296114298853f,-0.15152012774141774f,0f,0f,0f,1f],start_interpolation:0}
execute if entity @s[tag=aj.dino.bone.tail_4] run data modify entity @s {} merge value {transformation:[-1.8681773016463297f,-0.4200635304057263f,-1.9897541384896062f,-0.2548287762159716f,-0.5690492461276471f,2.701950835597797f,-0.03613819439213238f,0.6778865694916075f,1.952372366300803f,0.38557702736994637f,-1.9144800419094374f,-1.8012535087479629f,0f,0f,0f,1f],start_interpolation:0}
execute if entity @s[tag=aj.dino.bone.tail_3] run data modify entity @s {} merge value {transformation:[-1.6352015406044949f,-0.21002044282000057f,-1.2719877598651732f,-0.03709144242823284f,-0.12170957989700264f,2.070449686136383f,-0.1853925602161343f,0.6890613210697981f,1.2834516842524406f,-0.07123929266836308f,-1.638176505573844f,-1.522782178379937f,0f,0f,0f,1f],start_interpolation:0}
execute if entity @s[tag=aj.dino.bone.tail_2] run data modify entity @s {} merge value {transformation:[-1.8176059251240468f,-0.14225854119157716f,-0.7034522609351522f,0.09230092600407838f,-0.03909684731544419f,1.932176539275373f,-0.289722509665046f,0.74335095984445f,0.7166268293098763f,-0.25540204293361507f,-1.7999971274925377f,-1.187697511344372f,0f,0f,0f,1f],start_interpolation:0}
execute if entity @s[tag=aj.dino.bone.tail_1] run data modify entity @s {} merge value {transformation:[-1.505764179050232f,0.07648830900199365f,-0.1203329783359295f,0.11869881460918202f,0.08715694152733111f,1.5039721586551893f,-0.13463901193061203f,0.7538559997989132f,0.11284571162778463f,-0.1409735243798127f,-1.5016819106558998f,-0.8629368723938122f,0f,0f,0f,1f],start_interpolation:0}
execute if entity @s[tag=aj.dino.bone.tail_0] run data modify entity @s {} merge value {transformation:[-1.262566025514759f,0.016161588725771735f,0.19874997069119668f,0.06100946171941197f,0.02875603878567917f,1.2754506226724671f,0.07895895099227004f,0.7615612546831716f,-0.1973216613381538f,0.08246349955163311f,-1.2601982581294406f,-0.49268766049578616f,0f,0f,0f,1f],start_interpolation:0}
execute if entity @s[tag=aj.dino.bone.body_1] run data modify entity @s {} merge value {transformation:[-1.2324464440247365f,-0.05113174189771014f,0.08405892360444628f,0.04491102513226855f,-0.031805196117538834f,1.2066289854082735f,0.26765559237343756f,0.6180600537109375f,-0.09310632184205901f,0.26464434926776126f,-1.204117592384538f,-0.23057286223745158f,0f,0f,0f,1f],start_interpolation:0}