execute if entity @s[tag=aj.dino.bone.head_lower] run data modify entity @s {} merge value {transformation:[-0.5622527503140764f,-0.4849768290350033f,0.669827828671973f,0.04459055986507009f,-0.10344822308398265f,0.8448681844752315f,0.5248773342432428f,0.5380505671806578f,-0.8204695667147097f,0.22582122610746602f,-0.525199451574635f,0.7877243522756416f,0f,0f,0f,1f],start_interpolation:0}
execute if entity @s[tag=aj.dino.bone.head_upper] run data modify entity @s {} merge value {transformation:[-0.5852486535299429f,-0.4659319614704053f,0.7237840585459429f,0.08384226908097735f,-0.10767921230469127f,0.9079819363961315f,0.49743937620506085f,0.5926977949256435f,-0.854026430131022f,0.2048124826327229f,-0.5587151744663739f,0.7535418960266476f,0f,0f,0f,1f],start_interpolation:0}
execute if entity @s[tag=aj.dino.bone.neck_0] run data modify entity @s {} merge value {transformation:[-0.6525501315947055f,-0.263017855216953f,0.7106334734536548f,0.13427329012217468f,-0.30208070451971225f,0.9503776484456643f,0.0743611006626706f,0.5821773217568394f,-0.6949284666155264f,-0.16614431429321744f,-0.6996216785630859f,0.7112244290024544f,0f,0f,0f,1f],start_interpolation:0}
execute if entity @s[tag=aj.dino.bone.neck_1] run data modify entity @s {} merge value {transformation:[-0.754786214211436f,-0.43946540006802925f,0.4869989044950872f,0.17350392702859163f,-0.38742591441159063f,0.897743995017045f,0.2096589617764496f,0.6040739819602222f,-0.529338201605279f,-0.03042830185670553f,-0.8478650758035775f,0.6392589494696554f,0f,0f,0f,1f],start_interpolation:0}
execute if entity @s[tag=aj.dino.bone.neck_2] run data modify entity @s {} merge value {transformation:[-0.8604869694106106f,-0.497698725496861f,0.1088951519276361f,0.17817117746677427f,-0.46930463725260796f,0.8575123505233546f,0.21077411167671734f,0.630934956805783f,-0.1982809444393003f,0.13026337681294517f,-0.9714505235644004f,0.5554279576000964f,0f,0f,0f,1f],start_interpolation:0}
execute if entity @s[tag=aj.dino.bone.body_0] run data modify entity @s {} merge value {transformation:[-0.8850236627680904f,-0.4573954202829117f,-0.0867326111953966f,0.13293715993520577f,-0.4442437618044121f,0.8854523636862173f,-0.13646095317106444f,0.5750564618844005f,0.13921421061952738f,-0.08224075113171792f,-0.9868413562548302f,0.08954988109681247f,0f,0f,0f,1f],start_interpolation:0}
execute if entity @s[tag=aj.dino.bone.leg_left_3] run data modify entity @s {} merge value {transformation:[-0.9080534177871115f,-0.36932544405154866f,-0.19757962147264052f,0.5128042071990141f,-0.3683639141366286f,0.9286872389173895f,-0.042988824523807534f,0.050187397492809066f,0.19936653983827868f,0.0337450536838014f,-0.9793437875152882f,-0.2673037751219887f,0f,0f,0f,1f],start_interpolation:0}
execute if entity @s[tag=aj.dino.bone.leg_left_2] run data modify entity @s {} merge value {transformation:[-0.9195602942422826f,-0.4460238669665218f,-0.08679732052299373f,0.40472767955303857f,-0.4019073118130238f,0.8897811259677543f,-0.31436008029563667f,0.2472554412345104f,0.21199428639699147f,-0.2478194049473947f,-0.972474248793892f,-0.35479504539407486f,0f,0f,0f,1f],start_interpolation:0}
execute if entity @s[tag=aj.dino.bone.leg_left_1] run data modify entity @s {} merge value {transformation:[-0.9982042351084777f,-0.0013626655950251827f,-0.05988696146887702f,0.4274135269742061f,-0.05634309539033489f,0.36084055873794907f,0.9309240284639345f,0.2970339332306634f,0.02034110649237751f,0.9326265245596229f,-0.36026935072873595f,-0.08272733374651813f,0f,0f,0f,1f],start_interpolation:0}
execute if entity @s[tag=aj.dino.bone.leg_left_0] run data modify entity @s {} merge value {transformation:[-0.9934876188400825f,-0.11366603968879191f,-0.007898267716944685f,0.26790912019203666f,-0.10479630427709566f,0.9387695244168298f,-0.3282217461352332f,0.6801594042700662f,0.04472231905128493f,-0.32525653175250013f,-0.9445676803337121f,-0.1283397906235278f,0f,0f,0f,1f],start_interpolation:0}
execute if entity @s[tag=aj.dino.bone.leg_right_3] run data modify entity @s {} merge value {transformation:[-0.9921798903936017f,0.001466640534454125f,0.12480750804371993f,-0.2527340191187925f,0.0053072011511903355f,0.9995223552666613f,0.030444949304064883f,0.05449003860311377f,-0.12470324259810275f,0.030869245013912694f,-0.9917137646507632f,0.033749894961129276f,0f,0f,0f,1f],start_interpolation:0}
execute if entity @s[tag=aj.dino.bone.leg_right_2] run data modify entity @s {} merge value {transformation:[-1.0130287365544788f,0.14766504356760132f,-0.06348238593270614f,-0.2187038111502082f,0.1596421955976267f,0.971463567971657f,-0.28781088407015f,0.27179447489971104f,0.0186908480358637f,-0.2941356328509868f,-0.9824444417816937f,-0.06520362431660337f,0f,0f,0f,1f],start_interpolation:0}
execute if entity @s[tag=aj.dino.bone.leg_right_1] run data modify entity @s {} merge value {transformation:[-0.9038244540673639f,0.3442414844574619f,-0.2541636413973377f,-0.12970449983648094f,-0.09598288534448923f,0.4157402444961391f,0.9044044088941832f,0.33486032996451853f,0.41699957068416527f,0.8418181807758804f,-0.34271490858205783f,0.18997318922724615f,0f,0f,0f,1f],start_interpolation:0}
execute if entity @s[tag=aj.dino.bone.leg_right_0] run data modify entity @s {} merge value {transformation:[-0.9196713318056862f,-0.24912424678328837f,-0.3035485976238641f,-0.09587266373601416f,-0.04673346091217175f,0.8369415770294328f,-0.5452932974745395f,0.7132950385810398f,0.38989822400970975f,-0.4873047365911246f,-0.7813536130395308f,0.016912920116011754f,0f,0f,0f,1f],start_interpolation:0}
execute if entity @s[tag=aj.dino.bone.tail_4] run data modify entity @s {} merge value {transformation:[-2.1264635380460484f,-0.8897517542385095f,-1.5205775116021454f,-0.6401120234936044f,0.08951478561939559f,2.32576888377862f,-1.4860846321803713f,0.9518650913577288f,1.759488919009208f,-1.1936508060051105f,-1.7621174276441274f,-1.6014312667906587f,0f,0f,0f,1f],start_interpolation:0}
execute if entity @s[tag=aj.dino.bone.tail_3] run data modify entity @s {} merge value {transformation:[-1.652895135284807f,0.5546550846541698f,-1.1385257725952176f,-0.45248786113104555f,0.8544665871579216f,1.8701068588498428f,-0.329443035983331f,0.9894259922133088f,0.9347566791561089f,-0.7286999379679504f,-1.7120665516337241f,-1.303997146590183f,0f,0f,0f,1f],start_interpolation:0}
execute if entity @s[tag=aj.dino.bone.tail_2] run data modify entity @s {} merge value {transformation:[-1.161225602143881f,0.7914513268114971f,-1.3579152304973519f,-0.200724719985163f,0.7619934003604091f,1.760133305351765f,0.3742601771514433f,0.9208341237286976f,1.3746617888540942f,-0.3070983876261283f,-1.3545366076945538f,-1.0512483378743183f,0f,0f,0f,1f],start_interpolation:0}
execute if entity @s[tag=aj.dino.bone.tail_1] run data modify entity @s {} merge value {transformation:[-1.1167290014192781f,0.9302864325708087f,-0.418497002096526f,-0.12097373340510001f,0.9089941688162858f,1.1891111285549103f,0.21771673110915918f,0.8585798296520749f,0.46292784367230694f,-0.09076413014812433f,-1.4370511244320303f,-0.7413437396390612f,0f,0f,0f,1f],start_interpolation:0}
execute if entity @s[tag=aj.dino.bone.tail_0] run data modify entity @s {} merge value {transformation:[-1.1775637525956908f,0.44217101531104824f,-0.22729742272093365f,-0.04388176934443883f,0.33436687536774284f,1.1368203886960553f,0.47924306263710276f,0.7459673691514394f,0.3679376547916704f,0.3820470045004597f,-1.1629693397173715f,-0.39227759387576344f,0f,0f,0f,1f],start_interpolation:0}
execute if entity @s[tag=aj.dino.bone.body_1] run data modify entity @s {} merge value {transformation:[-1.144134809792905f,0.1661133458523988f,-0.4381398046356029f,0.04679068520670369f,0.10421531350577809f,1.2173236569218102f,0.18938552686426122f,0.6199425000000002f,0.45683618563692535f,0.13832594002746826f,-1.1405135811837017f,-0.13644139599113092f,0f,0f,0f,1f],start_interpolation:0}