execute if entity @s[tag=aj.dino.bone.head_lower] run data modify entity @s {} merge value {transformation:[-0.860231598942353f,-0.41495942492303106f,-0.29632798019868134f,0.02205304726129502f,-0.5041112073979491f,0.7794503325922675f,0.37192616148583235f,0.22868652776083281f,0.07663867663826585f,0.46932489246720205f,-0.8796935026211029f,0.523664198063304f,0f,0f,0f,1f],start_interpolation:0}
execute if entity @s[tag=aj.dino.bone.head_upper] run data modify entity @s {} merge value {transformation:[-0.8954147129092624f,-0.07721915946665887f,-0.5251110700607948f,-0.016158624640632717f,-0.5247291457341888f,0.28357553044227635f,0.8530628257842192f,0.2936991541997727f,0.079773166579989f,0.9985459741690171f,-0.2828676756862775f,0.5266108954972364f,0f,0f,0f,1f],start_interpolation:0}
execute if entity @s[tag=aj.dino.bone.neck_0] run data modify entity @s {} merge value {transformation:[-0.876287602063416f,-0.3741232058315895f,0.30356525711655885f,0.009826345612455475f,-0.0755856643042151f,0.7290326310707858f,0.6802927532950047f,0.3258790162560564f,-0.4758222838640902f,0.5731869238671637f,-0.6671206071514051f,0.47432347776331535f,0f,0f,0f,1f],start_interpolation:0}
execute if entity @s[tag=aj.dino.bone.neck_1] run data modify entity @s {} merge value {transformation:[-0.8718431426278329f,-0.2331961298971807f,0.4307076730844269f,0.04523863313999557f,0.05242653142790346f,0.8298961042833851f,0.5554492910227717f,0.37675608909305036f,-0.4869712449983709f,0.5068451648148948f,-0.7113135633801022f,0.416400855273158f,0f,0f,0f,1f],start_interpolation:0}
execute if entity @s[tag=aj.dino.bone.neck_2] run data modify entity @s {} merge value {transformation:[-0.9717458828170145f,0.036252089833281195f,0.2332289116102484f,0.06602616563091439f,0.12441270545990911f,0.9183874564481169f,0.37561410857275296f,0.4186542893006252f,-0.2005777104972714f,0.3940181034184567f,-0.896949450208982f,0.34167903980775594f,0f,0f,0f,1f],start_interpolation:0}
execute if entity @s[tag=aj.dino.bone.body_0] run data modify entity @s {} merge value {transformation:[-0.9944796292929323f,0.08347807591871989f,-0.0635741910078344f,0.03685912083285901f,0.0696129243849587f,0.9782215534097856f,0.1955418962859875f,0.52013123481127f,0.07851310514790633f,0.19003684717826255f,-0.9786325607880516f,-0.11773647770411791f,0f,0f,0f,1f],start_interpolation:0}
execute if entity @s[tag=aj.dino.bone.leg_left_3] run data modify entity @s {} merge value {transformation:[-0.9689287678276727f,-0.09476715100972471f,0.22846494253046423f,0.5780841237402552f,-0.09012173395804687f,0.9954573070572847f,0.03070542125837261f,0.05361944185448009f,-0.23033696174158258f,0.009161709216033764f,-0.9730678019233286f,-0.14143724038883126f,0f,0f,0f,1f],start_interpolation:0}
execute if entity @s[tag=aj.dino.bone.leg_left_2] run data modify entity @s {} merge value {transformation:[-0.9145752107629406f,-0.2600638081006941f,0.3846832451183479f,0.5279332108666871f,-0.41248980791493045f,0.8452290028985706f,-0.4092704369070489f,0.23735287780548314f,-0.21322884824742003f,-0.5196315501159916f,-0.8582416384095015f,-0.2894169096599919f,0f,0f,0f,1f],start_interpolation:0}
execute if entity @s[tag=aj.dino.bone.leg_left_1] run data modify entity @s {} merge value {transformation:[-0.8864250650524452f,-0.4429445707444868f,0.13435293556432262f,0.41812714632060766f,-0.09060902347302885f,0.4506943978104818f,0.8880678829050802f,0.31449720656903996f,-0.4539169625735887f,0.775032042582905f,-0.43964158590576674f,-0.04650794237329789f,0f,0f,0f,1f],start_interpolation:0}
execute if entity @s[tag=aj.dino.bone.leg_left_0] run data modify entity @s {} merge value {transformation:[-0.8177471803378767f,-0.04937846153510447f,0.5734555925142579f,0.25697262370803764f,-0.25313605178439536f,0.9256406291245539f,-0.28126778166172484f,0.6713972036034231f,-0.516925225092044f,-0.3751682199365053f,-0.7694394832689663f,-0.1912797991784966f,0f,0f,0f,1f],start_interpolation:0}
execute if entity @s[tag=aj.dino.bone.leg_right_3] run data modify entity @s {} merge value {transformation:[-0.8300510778803026f,0.003934670677890412f,0.5576734945076776f,-0.2672107796323069f,0.019511709949341656f,0.999567792628622f,0.021989113542764116f,0.042584165266946084f,-0.5573459439922396f,0.029133250869073535f,-0.8297690958388356f,-0.46963257492764804f,0f,0f,0f,1f],start_interpolation:0}
execute if entity @s[tag=aj.dino.bone.leg_right_2] run data modify entity @s {} merge value {transformation:[-0.8678068350685996f,0.39600285985775907f,0.37703478817397096f,-0.16190472754642074f,0.3010949144408014f,0.9364703237184119f,-0.2905639082771863f,0.2514271996804348f,-0.45641576331980627f,-0.13515645482144997f,-0.9085590697439491f,-0.5285078196156032f,0f,0f,0f,1f],start_interpolation:0}
execute if entity @s[tag=aj.dino.bone.leg_right_1] run data modify entity @s {} merge value {transformation:[-0.9736187093875376f,-0.22628533608079832f,-0.02935226405826108f,-0.2412128730373074f,-0.06438631790624273f,0.1490369241035478f,0.9867331945973182f,0.23830095240097698f,-0.21890868141081565f,0.9625917836386062f,-0.15967481728320376f,-0.26289286267431855f,0f,0f,0f,1f],start_interpolation:0}
execute if entity @s[tag=aj.dino.bone.leg_right_0] run data modify entity @s {} merge value {transformation:[-0.9700483342574109f,0.09285036039876546f,0.224466121671494f,-0.11023677277936983f,-0.011146992632334596f,0.9060749675844831f,-0.42297032717678035f,0.6297839838430214f,-0.2426560812336613f,-0.4128037835226287f,-0.8779015107343908f,-0.3252913868445508f,0f,0f,0f,1f],start_interpolation:0}
execute if entity @s[tag=aj.dino.bone.tail_4] run data modify entity @s {} merge value {transformation:[0.17583069074752966f,-0.6172811437091325f,2.685834858924203f,1.2126146955446502f,-2.4897049613734525f,1.118311916124973f,0.4200107083936151f,0.8967534638336268f,-1.1815727252707138f,-2.4482654634401952f,-0.4853281848628836f,-1.512222890515246f,0f,0f,0f,1f],start_interpolation:0}
execute if entity @s[tag=aj.dino.bone.tail_3] run data modify entity @s {} merge value {transformation:[-0.588482148911896f,-0.6073917149034441f,1.9028162263138118f,0.8959111852469059f,-0.9742712496863442f,1.8189888790290403f,0.27932152807781935f,0.8315906205511812f,-1.7436828319654607f,-0.8113570660811261f,-0.7982577396264828f,-1.3689281109341331f,0f,0f,0f,1f],start_interpolation:0}
execute if entity @s[tag=aj.dino.bone.tail_2] run data modify entity @s {} merge value {transformation:[-1.4032529203289374f,-0.41585319088095474f,1.2948827129223768f,0.6540587352913628f,-0.525031795472822f,1.8819830716711474f,0.035428896237303074f,0.825064057295475f,-1.2545902639243105f,-0.322458860290948f,-1.4631464137566579f,-1.0979368188384064f,0f,0f,0f,1f],start_interpolation:0}
execute if entity @s[tag=aj.dino.bone.tail_1] run data modify entity @s {} merge value {transformation:[-0.9440953624826339f,0.20991711811951744f,1.162873595907647f,0.40215725393011065f,0.31458354755059503f,1.4793774612557686f,-0.011651984333990407f,0.8091870288595291f,-1.1390247530889166f,0.23459194497858113f,-0.9670809072677939f,-0.8916112492769025f,0f,0f,0f,1f],start_interpolation:0}
execute if entity @s[tag=aj.dino.bone.tail_0] run data modify entity @s {} merge value {transformation:[-1.0490438368286807f,-0.11667107926032563f,0.7209234385564248f,0.18867118839043684f,0.1403163116465551f,1.2060896561657197f,0.3993679889024532f,0.721587512190008f,-0.7166966427169136f,0.40690455531772307f,-0.9770416172118866f,-0.5962776484109704f,0f,0f,0f,1f],start_interpolation:0}
execute if entity @s[tag=aj.dino.bone.body_1] run data modify entity @s {} merge value {transformation:[-1.154915038536901f,-0.21076699596180537f,0.3877539454741829f,0.11272048052010733f,-0.13087827752489736f,1.2009655462230935f,0.2629776194154791f,0.5795553472222222f,-0.42148158357118665f,0.20460602448254783f,-1.1441565646851055f,-0.34405894193662745f,0f,0f,0f,1f],start_interpolation:0}