execute if entity @s[tag=aj.dino.bone.head_lower] run data modify entity @s {} merge value {transformation:[-0.8238649151527153f,-0.32828415059287075f,-0.46203475848676784f,-0.6255540348726114f,-0.4745899965566559f,0.8452162567736522f,0.24571083503559366f,0.15333537196469296f,0.3098563162963799f,0.42170961069799295f,-0.8521443935719961f,0.13588972282676273f,0f,0f,0f,1f],start_interpolation:0}
execute if entity @s[tag=aj.dino.bone.head_upper] run data modify entity @s {} merge value {transformation:[-0.8575606469054134f,-0.13165501980763236f,-0.5750901105236702f,-0.6684217220231465f,-0.49400052966999125f,0.7149403533307221f,0.5729709507894944f,0.20873492456568565f,0.3225293105261034f,0.7449826773303533f,-0.6514964289332386f,0.10780578681753228f,0f,0f,0f,1f],start_interpolation:0}
execute if entity @s[tag=aj.dino.bone.neck_0] run data modify entity @s {} merge value {transformation:[-0.9207610873574945f,-0.3851408734688191f,0.062173367223587434f,-0.6578523960815167f,-0.3681494004219409f,0.9105203204022358f,0.1881987383155771f,0.20624371410708753f,-0.12909314070549757f,0.15039698706518256f,-0.9801610619201855f,0.0420272228784537f,0f,0f,0f,1f],start_interpolation:0}
execute if entity @s[tag=aj.dino.bone.neck_1] run data modify entity @s {} merge value {transformation:[-0.9587528785869515f,-0.22763723551015902f,0.17021811540058346f,-0.6444813838836635f,-0.123422479429977f,0.8728542762616442f,0.4721147148555295f,0.2502591575049362f,-0.25604649845797683f,0.43163260004435877f,-0.8649471019700312f,-0.0292566716547919f,0f,0f,0f,1f],start_interpolation:0}
execute if entity @s[tag=aj.dino.bone.neck_2] run data modify entity @s {} merge value {transformation:[-0.7802278372086168f,-0.33128871746202704f,0.5305584866224733f,-0.6012440048662868f,-0.02628131617213715f,0.8648352416156874f,0.5013674274220412f,0.30264998194025633f,-0.6249430489772839f,0.3772370482096116f,-0.6834752336354808f,-0.08544084171038507f,0f,0f,0f,1f],start_interpolation:0}
execute if entity @s[tag=aj.dino.bone.body_0] run data modify entity @s {} merge value {transformation:[-0.6011095694857106f,-0.09703755757536459f,0.7932534260200275f,-0.22831104391624776f,0.11478177496782108f,0.9718262838474497f,0.20586116233639717f,0.4089294359065433f,-0.7908807935510508f,0.21479615090374354f,-0.5730359360013962f,-0.3534643276305363f,0f,0f,0f,1f],start_interpolation:0}
execute if entity @s[tag=aj.dino.bone.leg_left_3] run data modify entity @s {} merge value {transformation:[0.19340616775386435f,0.046392853170979916f,0.9800213045895579f,-0.046086863461921146f,-0.02616972319728785f,0.9987699451000186f,-0.04211582069344105f,-0.0064091088703299715f,-0.9807696976673684f,-0.01750142678642647f,0.19438235567534912f,0.06480213062944662f,0f,0f,0f,1f],start_interpolation:0}
execute if entity @s[tag=aj.dino.bone.leg_left_2] run data modify entity @s {} merge value {transformation:[0.404565751068829f,0.08913245369721765f,0.9383198592488178f,0.004315703111440611f,-0.2512438082256428f,0.9943572559522543f,0.013870683619509787f,0.2254130158150366f,-0.9084411380992632f,-0.23531097027913844f,0.4140358020460307f,0.021337710062783677f,0f,0f,0f,1f],start_interpolation:0}
execute if entity @s[tag=aj.dino.bone.leg_left_1] run data modify entity @s {} merge value {transformation:[0.4444483773996211f,-0.8919716442091828f,-0.08277817196344933f,-0.2424663418996657f,0.1488935933790105f,-0.01756449584925046f,0.9886972167131083f,0.16523918945275107f,-0.883343838874495f,-0.45175001318464636f,0.12500235161844772f,-0.09042596266151172f,0f,0f,0f,1f],start_interpolation:0}
execute if entity @s[tag=aj.dino.bone.leg_left_0] run data modify entity @s {} merge value {transformation:[0.4311219695132874f,0.2537879253561558f,0.8658669276201755f,-0.16317895741745636f,0.09379554481660535f,0.9418243139041684f,-0.3227527807959192f,0.5722102535391635f,-0.8974052836793085f,0.22036027473744152f,0.3822369764192092f,-0.1393681961904034f,0f,0f,0f,1f],start_interpolation:0}
execute if entity @s[tag=aj.dino.bone.leg_right_3] run data modify entity @s {} merge value {transformation:[0.665982651303169f,-0.20802909911316034f,0.7163735073865923f,-0.0368115069741283f,0.19408192152431106f,0.9755767640436643f,0.10286974868990043f,0.031677532197762176f,-0.7202772493287792f,0.07052567887130942f,0.6900918871564197f,-0.7131614347086525f,0f,0f,0f,1f],start_interpolation:0}
execute if entity @s[tag=aj.dino.bone.leg_right_2] run data modify entity @s {} merge value {transformation:[0.684070069838033f,-0.033293419003904534f,0.7635456026351752f,-0.02203642691263022f,0.28265773192932725f,0.9630906002906813f,-0.21124228201995413f,0.24920571101737696f,-0.7100809430149856f,0.3512979410464281f,0.6514883041806533f,-0.6100388838547601f,0f,0f,0f,1f],start_interpolation:0}
execute if entity @s[tag=aj.dino.bone.leg_right_1] run data modify entity @s {} merge value {transformation:[0.5626113978640529f,-0.765303037242204f,0.31269741953094743f,-0.23532488730743514f,-0.08243485695133908f,0.3244209564522201f,0.9423139271888318f,0.28572220801171583f,-0.8226013064376134f,-0.5559337228505608f,0.11943528140649018f,-0.783785722011435f,0f,0f,0f,1f],start_interpolation:0}
execute if entity @s[tag=aj.dino.bone.leg_right_0] run data modify entity @s {} merge value {transformation:[0.6052276090571276f,0.7175140276898553f,0.3447798736922931f,-0.05204601593363453f,-0.054363572355451736f,0.4693549257856726f,-0.8813345310615482f,0.548073503432351f,-0.7941940211533616f,0.5146645254036912f,0.32307318529281726f,-0.5156664730502433f,0f,0f,0f,1f],start_interpolation:0}
execute if entity @s[tag=aj.dino.bone.tail_4] run data modify entity @s {} merge value {transformation:[0.9843253097290793f,-1.0986245490880486f,-2.3344783392372332f,-0.17430549423758585f,-2.52610779011758f,-0.9187190521145242f,-0.6327685734840708f,0.22008520094439968f,-0.5249232790932679f,2.3610677108085802f,-1.3324699424914241f,0.5821880475545794f,0f,0f,0f,1f],start_interpolation:0}
execute if entity @s[tag=aj.dino.bone.tail_3] run data modify entity @s {} merge value {transformation:[0.7874773678399037f,0.30274387250274326f,-1.9037255760341147f,0.14553342647441164f,-1.8388730506805167f,-0.4989059808358491f,-0.8399906260260248f,0.36739875669327593f,-0.5782480649905464f,1.9988457909485426f,0.07867785829842439f,0.5492869149726622f,0f,0f,0f,1f],start_interpolation:0}
execute if entity @s[tag=aj.dino.bone.tail_2] run data modify entity @s {} merge value {transformation:[1.0449803370125372f,0.9530011249277043f,-1.3485469313844696f,0.39722483046499235f,-1.5788109353365916f,0.10895839021189481f,-1.1464109100435174f,0.5793725240688763f,-0.4838863510386892f,1.702554198870549f,0.8282131816081536f,0.3953712137885865f,0f,0f,0f,1f],start_interpolation:0}
execute if entity @s[tag=aj.dino.bone.tail_1] run data modify entity @s {} merge value {transformation:[1.3673532457248454f,0.6354745252901965f,-0.11905242170124072f,0.4137692328850843f,-0.6357694753064195f,1.2709999847842148f,-0.517699201223188f,0.67584635068392f,-0.11746712593032625f,0.5180612091111683f,1.4161462876200126f,0.08441179436920199f,0f,0f,0f,1f],start_interpolation:0}
execute if entity @s[tag=aj.dino.bone.tail_0] run data modify entity @s {} merge value {transformation:[1.0993008339209327f,-0.0827830547120206f,0.6469314948101662f,0.22272311143940943f,0.05115866328325574f,1.2749158946812948f,0.0762100337494471f,0.6843419991383509f,-0.6501970349792745f,-0.03965027018278719f,1.0997760628248914f,-0.2379251640123718f,0f,0f,0f,1f],start_interpolation:0}
execute if entity @s[tag=aj.dino.bone.body_1] run data modify entity @s {} merge value {transformation:[0.3495256565443272f,-0.405372732543704f,1.114499599902825f,-0.00907770362322536f,-0.07591280600773226f,1.1518660197136086f,0.44277140102925694f,0.5038175f,-1.1835005941517474f,-0.19360324221311304f,0.3007469423008009f,-0.2948040630363242f,0f,0f,0f,1f],start_interpolation:0}