execute if entity @s[tag=aj.dino.bone.head_lower] run data modify entity @s {} merge value {transformation:[-0.8123695257055167f,-0.36419725071025943f,-0.4554295953054462f,-0.6182638261282852f,-0.5037740024819766f,0.8316686049800619f,0.23353604842466402f,0.15174522709091004f,0.293713309416314f,0.4191511589696563f,-0.8590953368550611f,0.14151350598512824f,0f,0f,0f,1f],start_interpolation:0}
execute if entity @s[tag=aj.dino.bone.head_upper] run data modify entity @s {} merge value {transformation:[-0.84559510081957f,-0.16882248853953274f,-0.5830435964975244f,-0.6625106768862917f,-0.5243781492776551f,0.7067616835862425f,0.5558663704146782f,0.2057725550341541f,0.3057260613908957f,0.7452911059184637f,-0.6592000344423166f,0.11290021318075617f,0f,0f,0f,1f],start_interpolation:0}
execute if entity @s[tag=aj.dino.bone.neck_0] run data modify entity @s {} merge value {transformation:[-0.912281952410892f,-0.4048640455288455f,0.061860681724242084f,-0.6516441655323327f,-0.38748014737193687f,0.9021181814832815f,0.18984710171587882f,0.20353055955997415f,-0.13266791133500633f,0.14922429854187325f,-0.9798629159360472f,0.04716111795131965f,0f,0f,0f,1f],start_interpolation:0}
execute if entity @s[tag=aj.dino.bone.neck_1] run data modify entity @s {} merge value {transformation:[-0.9612990630786318f,-0.22979297184968375f,0.15198454333462802f,-0.6398277074119485f,-0.13416363724728608f,0.8722743528102158f,0.4702526681158734f,0.2473855915247602f,-0.24063297730095856f,0.43166265013087435f,-0.8693463790211972f,-0.024495314651678674f,0f,0f,0f,1f],start_interpolation:0}
execute if entity @s[tag=aj.dino.bone.neck_2] run data modify entity @s {} merge value {transformation:[-0.7876788777791393f,-0.33403830736716084f,0.5176682284165004f,-0.5977465318940165f,-0.035044676416500505f,0.8631858853625669f,0.5036685397815752f,0.2999618624325525f,-0.6150884945724955f,0.37858755463184957f,-0.6916195538895771f,-0.08137976594199237f,0f,0f,0f,1f],start_interpolation:0}
execute if entity @s[tag=aj.dino.bone.body_0] run data modify entity @s {} merge value {transformation:[-0.6168924660031452f,-0.10411685515889019f,0.780130351838961f,-0.23106586575259108f,0.10351857113854868f,0.9718665393658688f,0.21156402125702614f,0.4089294359065433f,-0.7802099658540589f,0.21127023011497112f,-0.5887591180178661f,-0.3568471173874873f,0f,0f,0f,1f],start_interpolation:0}
execute if entity @s[tag=aj.dino.bone.leg_left_3] run data modify entity @s {} merge value {transformation:[0.21323078936105194f,0.04431147721790133f,0.9759964771735758f,-0.05134619532818474f,-0.028933134003402285f,0.9988192061709004f,-0.03902649280775592f,-0.0033907547804432336f,-0.9765733481030517f,-0.01991698699352051f,0.21426107766903457f,0.06738501254230483f,0f,0f,0f,1f],start_interpolation:0}
execute if entity @s[tag=aj.dino.bone.leg_left_2] run data modify entity @s {} merge value {transformation:[0.4249849491804215f,0.08457104099928671f,0.9296761433397686f,-0.0022423390692264955f,-0.2516726775030835f,0.9940406648163999f,0.02462152697322346f,0.22868915684642316f,-0.8989498628228596f,-0.23831301940171298f,0.4326179011727269f,0.02380981333701053f,0f,0f,0f,1f],start_interpolation:0}
execute if entity @s[tag=aj.dino.bone.leg_left_1] run data modify entity @s {} merge value {transformation:[0.4593879917412094f,-0.882870913145662f,-0.09747627283253865f,-0.2460699994528734f,0.1490807523994682f,-0.03154708605179146f,0.9883216635416071f,0.1647328882250763f,-0.8756355419396744f,-0.4685549403036808f,0.11712670749674114f,-0.09225505385214672f,0f,0f,0f,1f],start_interpolation:0}
execute if entity @s[tag=aj.dino.bone.leg_left_0] run data modify entity @s {} merge value {transformation:[0.44684341850916665f,0.2407900067061991f,0.8615980106786866f,-0.1697104824373236f,0.09379554481660532f,0.9451788896781471f,-0.31279268258599185f,0.5722102535391635f,-0.8896816032197127f,0.22058340639588803f,0.39976193630107976f,-0.14163824413279713f,0f,0f,0f,1f],start_interpolation:0}
execute if entity @s[tag=aj.dino.bone.leg_right_3] run data modify entity @s {} merge value {transformation:[0.6815582899976919f,-0.21436237680537282f,0.699662110411714f,-0.022311648676334173f,0.1988033810705983f,0.9744112401415927f,0.10488065007722844f,0.02993217268542772f,-0.7042410901178097f,0.0676129166363569f,0.7067340238686721f,-0.7075081547078759f,0f,0f,0f,1f],start_interpolation:0}
execute if entity @s[tag=aj.dino.bone.leg_right_2] run data modify entity @s {} merge value {transformation:[0.6976086153059512f,-0.06191529031003782f,0.7493803548115145f,-0.014667058270451977f,0.2878392707265232f,0.9663459867949536f,-0.18811216742572828f,0.24892596298961858f,-0.6946603296426471f,0.33823679594598477f,0.6746147758459327f,-0.6067393494567169f,0f,0f,0f,1f],start_interpolation:0}
execute if entity @s[tag=aj.dino.bone.leg_right_1] run data modify entity @s {} merge value {transformation:[0.5857370373347763f,-0.7551934363608892f,0.29427027843754505f,-0.2237711880054321f,-0.0804148496478862f,0.3071316409369982f,0.9482634692380882f,0.28047018155802445f,-0.806502061404921f,-0.5790967352807114f,0.11916961079417424f,-0.7864441375466587f,0f,0f,0f,1f],start_interpolation:0}
execute if entity @s[tag=aj.dino.bone.leg_right_0] run data modify entity @s {} merge value {transformation:[0.6271209854920139f,0.6958425369229947f,0.3500320461959102f,-0.05197447392635009f,-0.051410694360159395f,0.48537697605399044f,-0.872792146860918f,0.548073503432351f,-0.77722339778273f,0.5293508807258703f,0.34016383554665813f,-0.515923103765718f,0f,0f,0f,1f],start_interpolation:0}
execute if entity @s[tag=aj.dino.bone.tail_4] run data modify entity @s {} merge value {transformation:[0.9950562027456666f,-1.1232959942808816f,-2.318130840614891f,-0.17202818324647645f,-2.5235370519986406f,-0.923842373179601f,-0.6355606566708585f,0.2174580080106432f,-0.5169963560484606f,2.347420437490994f,-1.3594092058987255f,0.5962067008051151f,0f,0f,0f,1f],start_interpolation:0}
execute if entity @s[tag=aj.dino.bone.tail_3] run data modify entity @s {} merge value {transformation:[0.7800329646459812f,0.33188814978798314f,-1.9019317432916345f,0.14722137008856412f,-1.8366993944823202f,-0.5046149375126147f,-0.8413350255349303f,0.3650553908580969f,-0.5950037263902843f,1.9927768432300426f,0.10371376336931555f,0.5591197933211401f,0f,0f,0f,1f],start_interpolation:0}
execute if entity @s[tag=aj.dino.bone.tail_2] run data modify entity @s {} merge value {transformation:[1.038768849748442f,0.987709864200767f,-1.3282177441803653f,0.3951372885711678f,-1.5760072401460774f,0.11092096652652202f,-1.1500746033169948f,0.5777127709903265f,-0.5058995263905876f,1.682527752623445f,0.8555348653634495f,0.40010400791804235f,0f,0f,0f,1f],start_interpolation:0}
execute if entity @s[tag=aj.dino.bone.tail_1] run data modify entity @s {} merge value {transformation:[1.36588867173959f,0.6416077533360395f,-0.10170485373146947f,0.40787511474736216f,-0.6347806289270328f,1.26790924128722f,-0.526418045850888f,0.6760996321231744f,-0.13805049638614317f,0.5180751844255295f,1.4142830034084386f,0.08956504041225746f,0f,0f,0f,1f],start_interpolation:0}
execute if entity @s[tag=aj.dino.bone.tail_0] run data modify entity @s {} merge value {transformation:[1.1013166524043285f,-0.08508614677036626f,0.6431933576683786f,0.21786578614294186f,0.05347937366787886f,1.274769277354095f,0.07706466564020692f,0.6843419991383509f,-0.6465889763312106f,-0.039488653128680135f,1.1019070099355335f,-0.23339073013545356f,0f,0f,0f,1f],start_interpolation:0}
execute if entity @s[tag=aj.dino.bone.body_1] run data modify entity @s {} merge value {transformation:[0.37029304834604027f,-0.4019039041134739f,1.1090360252314595f,-0.012898474552388201f,-0.07591280600773226f,1.1518660197136086f,0.44277140102925694f,0.5038175f,-1.1771681695012315f,-0.20070505609905867f,0.32030793968561594f,-0.2943389294822474f,0f,0f,0f,1f],start_interpolation:0}