execute if entity @s[tag=aj.dino.bone.head_lower] run data modify entity @s {} merge value {transformation:[-0.9018885358253801f,-0.4299886343833926f,0.04131395947930114f,-0.06276400795086522f,-0.3781027187129785f,0.8320550423183705f,0.4058604940794666f,0.3541860184764615f,-0.20889088790228844f,0.3504200063547741f,-0.9130007755186813f,0.6060979754877094f,0f,0f,0f,1f],start_interpolation:0}
execute if entity @s[tag=aj.dino.bone.head_upper] run data modify entity @s {} merge value {transformation:[-0.9387754011537482f,-0.3977874467052817f,-0.20961353967675578f,-0.08643784784496036f,-0.3935669623655399f,0.4923000665355943f,0.8283825403802992f,0.422224821838632f,-0.2174344381796221f,0.8263641656777291f,-0.5944043012636853f,0.5836095999681326f,0f,0f,0f,1f],start_interpolation:0}
execute if entity @s[tag=aj.dino.bone.neck_0] run data modify entity @s {} merge value {transformation:[-0.7655392790244121f,-0.37064139685077246f,0.5259035721606116f,-0.04616836709681548f,-0.1170631426947304f,0.8839925573041869f,0.45260731241688645f,0.4371802286351101f,-0.6326498501487349f,0.28492475071729406f,-0.7201194717097096f,0.5326248867481532f,0f,0f,0f,1f],start_interpolation:0}
execute if entity @s[tag=aj.dino.bone.neck_1] run data modify entity @s {} merge value {transformation:[-0.7832072682056526f,-0.2889442860962662f,0.550542981575606f,-0.0008612808887382417f,-0.06850591487545807f,0.9201695392314195f,0.3854801664128954f,0.47407456420351324f,-0.6179751731719614f,0.2641954174526049f,-0.7404778637745549f,0.47111380817826337f,0f,0f,0f,1f],start_interpolation:0}
execute if entity @s[tag=aj.dino.bone.neck_2] run data modify entity @s {} merge value {transformation:[-0.9449145850775613f,-0.08758911677046569f,0.3153800461840759f,0.02591082431095236f,-0.0024677888903466404f,0.9654098824320967f,0.2607252748017303f,0.5063680198458926f,-0.3273077098476185f,0.24558482348430014f,-0.9124460299373834f,0.39358112152295f,0f,0f,0f,1f],start_interpolation:0}
execute if entity @s[tag=aj.dino.bone.body_0] run data modify entity @s {} merge value {transformation:[-0.9996192037755433f,-0.019265139419445708f,0.019756058470716098f,0.035038256048587096f,-0.01842198578236541f,0.9989474698959669f,0.04200693785888643f,0.5356819554678652f,-0.02054453413887397f,0.04162699594728564f,-0.9989219765954804f,-0.07681051091894484f,0f,0f,0f,1f],start_interpolation:0}
execute if entity @s[tag=aj.dino.bone.leg_left_3] run data modify entity @s {} merge value {transformation:[-0.9498608672507227f,-0.15339279920002222f,0.2724609733875413f,0.5615218518905972f,-0.15560832245942025f,0.9877252995245307f,0.013593478603429132f,0.05365238526363883f,-0.27120173828179994f,-0.029485281629288873f,-0.9620708057727207f,-0.09379977272608508f,0f,0f,0f,1f],start_interpolation:0}
execute if entity @s[tag=aj.dino.bone.leg_left_2] run data modify entity @s {} merge value {transformation:[-0.9064926317002849f,-0.23113121338427497f,0.4206086903207051f,0.5192378811464369f,-0.40286865766719293f,0.854994463012203f,-0.3984262948006864f,0.24001219439533536f,-0.2608259052379962f,-0.5173248785035205f,-0.8464083037983458f,-0.24094989819161194f,0f,0f,0f,1f],start_interpolation:0}
execute if entity @s[tag=aj.dino.bone.leg_left_1] run data modify entity @s {} merge value {transformation:[-0.8655207684280231f,-0.4747925921436611f,0.15951737794129994f,0.3990287546473938f,-0.07746692511808535f,0.44154086043727736f,0.8938906779226741f,0.3140992407878334f,-0.494846112374861f,0.7613236256742674f,-0.4189435070002575f,-0.002047698279307786f,0f,0f,0f,1f],start_interpolation:0}
execute if entity @s[tag=aj.dino.bone.leg_left_0] run data modify entity @s {} merge value {transformation:[-0.8159484710641788f,0.0076407965103799935f,0.5780741395329114f,0.26009501332112267f,-0.2192663338547113f,0.9211144515172883f,-0.32166821733568807f,0.6764491839802632f,-0.5349302453647049f,-0.389216887396593f,-0.7499065589520901f,-0.1560191656165414f,0f,0f,0f,1f],start_interpolation:0}
execute if entity @s[tag=aj.dino.bone.leg_right_3] run data modify entity @s {} merge value {transformation:[-0.8113813101986986f,0.002587852811112415f,0.5845114819043944f,-0.26897913367359044f,0.01702950475285958f,0.9996703672976596f,0.01921334730948898f,0.05056212352515277f,-0.5842690864902194f,0.025543291972467574f,-0.811157922236536f,-0.4202331735779479f,0f,0f,0f,1f],start_interpolation:0}
execute if entity @s[tag=aj.dino.bone.leg_right_2] run data modify entity @s {} merge value {transformation:[-0.8667689828327508f,0.3785185980559049f,0.3968594219941932f,-0.16713757774693516f,0.27285412636547285f,0.9414807872180256f,-0.30203766739490634f,0.26026231130169164f,-0.4757355942381308f,-0.14966561971880468f,-0.896291273052334f,-0.4820813813041055f,0f,0f,0f,1f],start_interpolation:0}
execute if entity @s[tag=aj.dino.bone.leg_right_1] run data modify entity @s {} merge value {transformation:[-0.9795185057405819f,-0.19946204822522176f,-0.027538849459208883f,-0.23937234899697973f,-0.07063846644712181f,0.2123269042932366f,0.9746422383476154f,0.2648467173605052f,-0.1885568984941588f,0.956625411031429f,-0.2220678252228663f,-0.21417373545705742f,0f,0f,0f,1f],start_interpolation:0}
execute if entity @s[tag=aj.dino.bone.leg_right_0] run data modify entity @s {} merge value {transformation:[-0.9771846388261203f,0.07151160569432527f,0.19999067951603178f,-0.11395230510864814f,-0.017067535993275075f,0.9121286054229943f,-0.4095486618025039f,0.6583024111939371f,-0.21170470202001437f,-0.4036180092861602f,-0.8900975349491167f,-0.27557168449083824f,0f,0f,0f,1f],start_interpolation:0}
execute if entity @s[tag=aj.dino.bone.tail_4] run data modify entity @s {} merge value {transformation:[-0.05541165532467608f,-0.039993362765517355f,2.760614317681644f,1.2309602571528617f,-2.349436804239892f,1.450904817221997f,-0.026138971767288525f,0.8736400685062378f,-1.4500819228365087f,-2.349241808306823f,-0.06314012009858581f,-1.4199812781052201f,0f,0f,0f,1f],start_interpolation:0}
execute if entity @s[tag=aj.dino.bone.tail_3] run data modify entity @s {} merge value {transformation:[-0.5264704231590981f,-0.2522008478511494f,1.9987919231191342f,0.8945069938934359f,-0.7014998670697321f,1.9595763576872287f,0.06248168482722541f,0.8438694906630531f,-1.8885635695110383f,-0.6575718643470552f,-0.5804071098628182f,-1.3151308237822554f,0f,0f,0f,1f],start_interpolation:0}
execute if entity @s[tag=aj.dino.bone.tail_2] run data modify entity @s {} merge value {transformation:[-1.380899590347098f,-0.20814988496523443f,1.366954213487399f,0.6393225620564078f,-0.2916830712269001f,1.9322770711836914f,-0.0004256056821975475f,0.8441927171526072f,-1.3515957910343008f,-0.20433506935793777f,-1.3964991486182963f,-1.0565727350637042f,0f,0f,0f,1f],start_interpolation:0}
execute if entity @s[tag=aj.dino.bone.tail_1] run data modify entity @s {} merge value {transformation:[-0.8869185634160491f,0.34430994359348976f,1.1757901065286525f,0.3829441531562813f,0.4869740996873952f,1.4310267811236677f,-0.051718738775093503f,0.8373639472726998f,-1.1242277074070284f,0.34823736796829163f,-0.9499994986571595f,-0.8553262286329217f,0f,0f,0f,1f],start_interpolation:0}
execute if entity @s[tag=aj.dino.bone.tail_0] run data modify entity @s {} merge value {transformation:[-1.071147816879174f,-0.04476401072971235f,0.6960418481114462f,0.1784643123014406f,0.22992257253360388f,1.1816188837643027f,0.42982338321124497f,0.7402741332080275f,-0.6584934939834538f,0.48539541969308003f,-0.9821473013283036f,-0.5566065038244523f,0f,0f,0f,1f],start_interpolation:0}
execute if entity @s[tag=aj.dino.bone.body_1] run data modify entity @s {} merge value {transformation:[-1.1764210755803939f,-0.13519414414654896f,0.35547234966309493f,0.10492825539198604f,-0.057073650599131394f,1.2052840000392944f,0.26951377091498774f,0.5964315260631001f,-0.3760061786644041f,0.24003670072305683f,-1.1530855696644686f,-0.30469843624623677f,0f,0f,0f,1f],start_interpolation:0}