execute if entity @s[tag=aj.dino.bone.head_lower] run data modify entity @s {} merge value {transformation:[-0.9036908863632648f,0.3960381419254559f,-0.16277767673796636f,-0.00576475545221862f,0.30803505973837814f,0.8653597708183085f,0.39530604475679143f,0.3152541485390819f,0.2974175244936839f,0.30709323859296733f,-0.9040113710205928f,0.6137678374685298f,0f,0f,0f,1f],start_interpolation:0}
execute if entity @s[tag=aj.dino.bone.head_upper] run data modify entity @s {} merge value {transformation:[-0.9406514670776531f,0.43988442088393603f,0.07175274441978459f,0.008767172991225505f,0.32063356533373627f,0.5514775725536364f,0.8225196327962223f,0.38443930202312726f,0.3095817773215071f,0.765405856926546f,-0.6338650802154224f,0.587353938004411f,0f,0f,0f,1f],start_interpolation:0}
execute if entity @s[tag=aj.dino.bone.neck_0] run data modify entity @s {} merge value {transformation:[-0.9206032229009862f,0.2484509065016974f,0.30126707925494023f,0.02451231307005121f,0.3232509461578135f,0.9176932768762571f,0.23097158999365192f,0.384374025083275f,-0.21908567226634393f,0.31001805856208153f,-0.9251433789272894f,0.5225710501626656f,0f,0f,0f,1f],start_interpolation:0}
execute if entity @s[tag=aj.dino.bone.neck_1] run data modify entity @s {} merge value {transformation:[-0.9515192095649345f,0.08500938949310244f,0.2956088590129406f,0.04994589092594284f,0.17495892003925986f,0.940017789012588f,0.2928411389108116f,0.4135120575407263f,-0.2529833396246054f,0.3303633757514525f,-0.9093181345571452f,0.44706181214182433f,0f,0f,0f,1f],start_interpolation:0}
execute if entity @s[tag=aj.dino.bone.neck_2] run data modify entity @s {} merge value {transformation:[-0.989367323628412f,0.026061807387701533f,0.14308417498815068f,0.06273629916917248f,0.07328891132284052f,0.9391100677005925f,0.33570972017578116f,0.45211722135760724f,-0.12562258719460528f,0.34262671077876405f,-0.9310348557639821f,0.36885070565569955f,0f,0f,0f,1f],start_interpolation:0}
execute if entity @s[tag=aj.dino.bone.body_0] run data modify entity @s {} merge value {transformation:[-0.9984547384589662f,0.05473712009870073f,-0.009590773281544618f,0.05873764317732055f,0.052975445723019966f,0.989666488876112f,0.1332435474838303f,0.5243422160130894f,0.01678503498015238f,0.13252957586489433f,-0.9910369186472249f,-0.09695876784220966f,0f,0f,0f,1f],start_interpolation:0}
execute if entity @s[tag=aj.dino.bone.leg_left_3] run data modify entity @s {} merge value {transformation:[-0.995033515424849f,-0.03273377709306355f,0.09400427127789765f,0.5066677858172468f,-0.035601538974362815f,0.9989454114244233f,-0.02899302358753636f,0.025912509921065557f,-0.09295608427598408f,-0.03219572691075867f,-0.9951495372881226f,-0.20965703634801452f,0f,0f,0f,1f],start_interpolation:0}
execute if entity @s[tag=aj.dino.bone.leg_left_2] run data modify entity @s {} merge value {transformation:[-0.9726598005142455f,-0.2432855125380705f,0.21634988179652592f,0.45513550319300594f,-0.3072022741144968f,0.9115279302596654f,-0.3560980126820524f,0.22690673644680243f,-0.10780479925849294f,-0.402481293038961f,-0.9372561728317488f,-0.3326075012388469f,0f,0f,0f,1f],start_interpolation:0}
execute if entity @s[tag=aj.dino.bone.leg_left_1] run data modify entity @s {} merge value {transformation:[-0.946080672566925f,-0.28122747740342585f,0.16075592352576157f,0.3890506824866615f,0.03284515979660595f,0.4104259625469627f,0.91130221372788f,0.289420460741083f,-0.3222616273670359f,0.867445465271855f,-0.37905910925084624f,-0.07042776058973682f,0f,0f,0f,1f],start_interpolation:0}
execute if entity @s[tag=aj.dino.bone.leg_left_0] run data modify entity @s {} merge value {transformation:[-0.9266025338646756f,0.05250293381725274f,0.3723589480274965f,0.2716114062841018f,-0.10400062769910393f,0.9158020995570432f,-0.38793090091549043f,0.6684813905119598f,-0.3613746168088664f,-0.39818332007693763f,-0.8431242078951073f,-0.2001509523894704f,0f,0f,0f,1f],start_interpolation:0}
execute if entity @s[tag=aj.dino.bone.leg_right_3] run data modify entity @s {} merge value {transformation:[-0.910975514925375f,0.037422577485787985f,0.4107592505358445f,-0.23933419394751781f,0.07153250194697817f,0.9951188265672183f,0.06798251375676334f,0.05641592086450917f,-0.4062101825061183f,0.09131304236418347f,-0.9092058160408691f,-0.4313899322431396f,0f,0f,0f,1f],start_interpolation:0}
execute if entity @s[tag=aj.dino.bone.leg_right_2] run data modify entity @s {} merge value {transformation:[-0.9464963460299085f,0.28496639484544756f,0.27386314148040264f,-0.16297696944210402f,0.2579790316307085f,0.9838890163847664f,-0.13217950740184137f,0.28127386014582534f,-0.29942225316700877f,-0.05309196499377386f,-0.979586523520095f,-0.473574686290134f,0f,0f,0f,1f],start_interpolation:0}
execute if entity @s[tag=aj.dino.bone.leg_right_1] run data modify entity @s {} merge value {transformation:[-0.984863461967225f,-0.12211032611370011f,-0.12301637914659481f,-0.20924037304573276f,-0.1315523750620526f,0.06446622932988283f,0.9892108359149326f,0.2437033391191994f,-0.11286245565938219f,0.9904207053229411f,-0.07955433721766042f,-0.20253679392716345f,0f,0f,0f,1f],start_interpolation:0}
execute if entity @s[tag=aj.dino.bone.leg_right_0] run data modify entity @s {} merge value {transformation:[-0.9874525469986098f,-0.013158790866292097f,0.15736681241257844f,-0.11240092201339841f,-0.07845414162889823f,0.9057200708416409f,-0.4165526388535858f,0.6423507674423433f,-0.13704895142696732f,-0.42367204238367007f,-0.8953879524626285f,-0.28005857912044363f,0f,0f,0f,1f],start_interpolation:0}
execute if entity @s[tag=aj.dino.bone.tail_4] run data modify entity @s {} merge value {transformation:[-1.047034477920717f,-1.5774188695189888f,-2.0102561637091747f,-0.07225837750256633f,-1.5667093821500144f,2.112514443927763f,-0.8416446801826141f,0.6840940242825181f,2.0186138425980356f,0.8213974469658463f,-1.6959262130734276f,-1.8525500967967838f,0f,0f,0f,1f],start_interpolation:0}
execute if entity @s[tag=aj.dino.bone.tail_3] run data modify entity @s {} merge value {transformation:[-1.4099846786442083f,-0.692131540475035f,-1.367056203201861f,0.16631688668227332f,-0.565689079292816f,1.9616505090348375f,-0.4097177955820983f,0.7343707313976723f,1.424038130669919f,0.09395071648190213f,-1.5163225881437965f,-1.5963572017439416f,0f,0f,0f,1f],start_interpolation:0}
execute if entity @s[tag=aj.dino.bone.tail_2] run data modify entity @s {} merge value {transformation:[-1.7677407214435377f,-0.33380509561836f,-0.7631780754792915f,0.30680344710862095f,-0.2809063151861045f,1.92441248611535f,-0.1910552285981211f,0.7701376858441589f,0.7841927434257615f,-0.06312381820939625f,-1.7888071443662727f,-1.2632570136948538f,0f,0f,0f,1f],start_interpolation:0}
execute if entity @s[tag=aj.dino.bone.tail_1] run data modify entity @s {} merge value {transformation:[-1.5034946921411099f,0.12697438731493518f,0.10505934356118404f,0.284080114392831f,0.12531367483248995f,1.5070388007745277f,-0.028049703386148938f,0.7576319554166945f,-0.10703477754210117f,-0.019178319166986042f,-1.5085860924953676f,-0.9382894247639095f,0f,0f,0f,1f],start_interpolation:0}
execute if entity @s[tag=aj.dino.bone.tail_0] run data modify entity @s {} merge value {transformation:[-1.1903339715287218f,-0.017040029440204087f,0.465457184073213f,0.14765150071062808f,0.0635357454487401f,1.259479492079851f,0.20859131013678603f,0.7270702101913078f,-0.4614151729830315f,0.21738620703941847f,-1.172038818347789f,-0.5905465249107106f,0f,0f,0f,1f],start_interpolation:0}
execute if entity @s[tag=aj.dino.bone.body_1] run data modify entity @s {} merge value {transformation:[-1.2077621574413098f,-0.13274095366036587f,0.22868101217700623f,0.10342741391466032f,-0.08218376173953444f,1.2047728061833807f,0.26527892838220607f,0.5842465771484375f,-0.2513185138729395f,0.24394040206289888f,-1.1857220078426218f,-0.33131388460758543f,0f,0f,0f,1f],start_interpolation:0}