execute if entity @s[tag=aj.dino.bone.head_lower] run data modify entity @s {} merge value {transformation:[-0.8640512089181109f,-0.07245360451349066f,-0.4981626075491358f,-0.6733152508481687f,-0.27210828565609624f,0.8997823096969659f,0.3410995104565435f,0.16615979204187806f,0.42352401259486117f,0.43028161748951826f,-0.7971732185705636f,0.08657865392477579f,0f,0f,0f,1f],start_interpolation:0}
execute if entity @s[tag=aj.dino.bone.head_upper] run data modify entity @s {} merge value {transformation:[-0.8993905433415247f,0.12875945985191195f,-0.5079267610886324f,-0.7057183205235812f,-0.28323740116097823f,0.7294180109465694f,0.6864385496705678f,0.22977202085429319f,0.44084596824165245f,0.73132913888953f,-0.5952179982827179f,0.06210454693546623f,0f,0f,0f,1f],start_interpolation:0}
execute if entity @s[tag=aj.dino.bone.neck_0] run data modify entity @s {} merge value {transformation:[-0.9634864275422128f,-0.25910690356011945f,0.06750938060322975f,-0.6968359199715632f,-0.2440034995480662f,0.9534667033531541f,0.17709753754687124f,0.22582577097525777f,-0.11025514115106622f,0.1541585486580476f,-0.9818752190199134f,-0.0038520018419115343f,0f,0f,0f,1f],start_interpolation:0}
execute if entity @s[tag=aj.dino.bone.neck_1] run data modify entity @s {} merge value {transformation:[-0.9218262050809464f,-0.2374451041441961f,0.3063597071156935f,-0.6719771117218625f,-0.07009052326276893f,0.8794810058245094f,0.4707446005454132f,0.2697556762230442f,-0.3812135440600354f,0.41247179650475657f,-0.8273712896356302f,-0.07204100331470298f,0f,0f,0f,1f],start_interpolation:0}
execute if entity @s[tag=aj.dino.bone.neck_2] run data modify entity @s {} merge value {transformation:[-0.708580594965869f,-0.33485219748558437f,0.6211179809640766f,-0.6208409305005594f,0.008760632089563222f,0.875989431594377f,0.4822507304922945f,0.32058094112335167f,-0.7055755039421412f,0.3471548956503935f,-0.617775595716404f,-0.12276391541620071f,0f,0f,0f,1f],start_interpolation:0}
execute if entity @s[tag=aj.dino.bone.body_0] run data modify entity @s {} merge value {transformation:[-0.46384091989999227f,-0.07255583440789876f,0.882942383125707f,-0.2054046813848787f,0.167493479045841f,0.9714842774008868f,0.16782202847063066f,0.4089294359065433f,-0.869941110365207f,0.22572981561205058f,-0.43846153176795377f,-0.3272588324517189f,0f,0f,0f,1f],start_interpolation:0}
execute if entity @s[tag=aj.dino.bone.leg_left_3] run data modify entity @s {} merge value {transformation:[0.034667814210967346f,0.03693793867032432f,0.9987160413974643f,-0.0035361825879376696f,-0.009748564899060421f,0.9992816955794771f,-0.036620463708355123f,-0.028788915429805606f,-0.9993513436926189f,-0.008466496713135103f,0.03500300405913498f,0.04908629618125649f,0f,0f,0f,1f],start_interpolation:0}
execute if entity @s[tag=aj.dino.bone.leg_left_2] run data modify entity @s {} merge value {transformation:[0.2437039261064073f,0.0978329611428545f,0.9915136446943321f,0.05028882832854853f,-0.245632443250048f,0.9951365812120678f,-0.037816491868819725f,0.20162620895556826f,-0.9655751129373775f,-0.2284602721443562f,0.2598707463882613f,0.002365736249589495f,0f,0f,0f,1f],start_interpolation:0}
execute if entity @s[tag=aj.dino.bone.leg_left_1] run data modify entity @s {} merge value {transformation:[0.32693888653448266f,-0.9443562135392767f,0.0360874828902395f,-0.2146883807849756f,0.14727156552398654f,0.0886309591789054f,0.9851170687096749f,0.17052455043951037f,-0.9334998931224938f,-0.3167584174489888f,0.168053725086668f,-0.07400933263891557f,0f,0f,0f,1f],start_interpolation:0}
execute if entity @s[tag=aj.dino.bone.leg_left_0] run data modify entity @s {} merge value {transformation:[0.3076345045540843f,0.3528541591569976f,0.8836599764464674f,-0.11231142080876949f,0.09379554481660538f,0.9129285213754457f,-0.3971950536346075f,0.5722102535391635f,-0.9468703223674927f,0.2050742724596405f,0.24775216526769223f,-0.12375702158846055f,0f,0f,0f,1f],start_interpolation:0}
execute if entity @s[tag=aj.dino.bone.leg_right_3] run data modify entity @s {} merge value {transformation:[0.5391182056254765f,-0.1587126475274019f,0.827140771500238f,-0.1521083847468077f,0.15281532515388122f,0.9842164225734266f,0.08924970551705053f,0.051878796240595965f,-0.8282505881442404f,0.0782836448538865f,0.5548627165228448f,-0.7318129300524651f,0f,0f,0f,1f],start_interpolation:0}
execute if entity @s[tag=aj.dino.bone.leg_right_2] run data modify entity @s {} merge value {transformation:[0.5733797675825553f,0.19600736423738233f,0.827574138547347f,-0.08173313395809492f,0.2363361596424786f,0.9220547770925511f,-0.38212878351014795f,0.25463228821608164f,-0.8169718852403149f,0.40429976589928246f,0.4702774048594783f,-0.6217701309505335f,0f,0f,0f,1f],start_interpolation:0}
execute if entity @s[tag=aj.dino.bone.leg_right_1] run data modify entity @s {} merge value {transformation:[0.37408975775142916f,-0.809003595635457f,0.45339831869381564f,-0.31811044477799155f,-0.09697525165872835f,0.45209157750361934f,0.8866842764569671f,0.32849371025846136f,-0.9223083289828861f,-0.3756679222387651f,0.09066950143022584f,-0.7470044829598647f,0f,0f,0f,1f],start_interpolation:0}
execute if entity @s[tag=aj.dino.bone.leg_right_0] run data modify entity @s {} merge value {transformation:[0.42481910054870764f,0.860810916410789f,0.28023793104611044f,-0.052337328142793786f,-0.07629819434212905f,0.3425042420211181f,-0.9364130657662088f,0.548073503432351f,-0.9020572694397613f,0.3764245082158663f,0.21118066262166482f,-0.5115121402644418f,0f,0f,0f,1f],start_interpolation:0}
execute if entity @s[tag=aj.dino.bone.tail_4] run data modify entity @s {} merge value {transformation:[0.9438786269677852f,-0.8808988657946989f,-2.441059535815344f,-0.18222794877336435f,-2.52717533595806f,-0.9025715530205978f,-0.6514681455015673f,0.23441263841078147f,-0.5900332960763112f,2.456632473838852f,-1.1146653890750027f,0.47256378536948396f,0f,0f,0f,1f],start_interpolation:0}
execute if entity @s[tag=aj.dino.bone.tail_3] run data modify entity @s {} merge value {transformation:[0.8564535273263382f,0.08855662472011597f,-1.8959405596676544f,0.1383869112215988f,-1.845112803164923f,-0.4487876802425141f,-0.8544553163880872f,0.3836884241976771f,-0.4449624986126335f,2.0314263137818136f,-0.10611801236208272f,0.47067837748770686f,0f,0f,0f,1f],start_interpolation:0}
execute if entity @s[tag=aj.dino.bone.tail_2] run data modify entity @s {} merge value {transformation:[1.0978135063849859f,0.6789285152393811f,-1.4671862360983108f,0.4121069536879118f,-1.5861539581427557f,0.1094527837440338f,-1.1361820207174227f,0.59375535126971f,-0.3125619958816934f,1.8291664862248889f,0.6125592537909466f,0.3570090831646857f,0f,0f,0f,1f],start_interpolation:0}
execute if entity @s[tag=aj.dino.bone.tail_1] run data modify entity @s {} merge value {transformation:[1.3763303994341913f,0.5778510856391494f,-0.24384217112504586f,0.45620052840266234f,-0.6260531492806369f,1.3011828657370275f,-0.45015203452630626f,0.675315543993148f,0.037793331013770255f,0.5105560916667556f,1.4232218349199295f,0.04447049573807932f,0f,0f,0f,1f],start_interpolation:0}
execute if entity @s[tag=aj.dino.bone.tail_0] run data modify entity @s {} merge value {transformation:[1.0825917535709264f,-0.07405491150109814f,0.6755343675689777f,0.25700660838775063f,0.04079755706751331f,1.275394444110528f,0.07443310992661525f,0.6843419991383509f,-0.6783556375689505f,-0.04148009882569137f,1.0825658164582241f,-0.27288138567651987f,0f,0f,0f,1f],start_interpolation:0}
execute if entity @s[tag=aj.dino.bone.body_1] run data modify entity @s {} merge value {transformation:[0.18862529718766674f,-0.4275647041337453f,1.144645585365242f,0.019692060754887004f,-0.07591280600773226f,1.1518660197136086f,0.44277140102925694f,0.5038175f,-1.219533656034612f,-0.13783211332777828f,0.14948098671972185f,-0.2983496502363226f,0f,0f,0f,1f],start_interpolation:0}