execute if entity @s[tag=aj.dino.bone.head_lower] run data modify entity @s {} merge value {transformation:[0.6626596889335695f,0.3168301938964063f,-0.6786020666768052f,0.7649337872236347f,-0.5221098901080059f,0.8450483121340973f,-0.11530226715342407f,0.32228731520478177f,0.5369202913970292f,0.43071101494491565f,0.7253996293707695f,-0.5634584545130729f,0f,0f,0f,1f],start_interpolation:0}
execute if entity @s[tag=aj.dino.bone.head_upper] run data modify entity @s {} merge value {transformation:[0.6897621941027489f,0.7507108636920876f,-0.21007916913570818f,0.7675226186808424f,-0.5434639670676359f,0.6641816040153102f,0.589051488386427f,0.37764028853885734f,0.5588801075983797f,-0.28065626414857997f,0.8320799416573466f,-0.5122256253255278f,0f,0f,0f,1f],start_interpolation:0}
execute if entity @s[tag=aj.dino.bone.neck_0] run data modify entity @s {} merge value {transformation:[0.6212476036802752f,0.5765316107496743f,-0.5307190563074802f,0.7236463997305935f,-0.5085298257064936f,0.8119055698588936f,0.2867172160841215f,0.3831655303038149f,0.5961952962649395f,0.0917640857770174f,0.7975779092183216f,-0.46233489103181874f,0f,0f,0f,1f],start_interpolation:0}
execute if entity @s[tag=aj.dino.bone.neck_1] run data modify entity @s {} merge value {transformation:[0.643977684801786f,0.47198641175717515f,-0.6020976404155047f,0.6748152094565337f,-0.23637838669512f,0.8712560972911927f,0.43016051798872995f,0.42361953996746726f,0.7276111597417565f,-0.1346909055931639f,0.6726368709562014f,-0.4059742238686017f,0f,0f,0f,1f],start_interpolation:0}
execute if entity @s[tag=aj.dino.bone.neck_2] run data modify entity @s {} merge value {transformation:[0.5069000686041244f,0.37707836286831165f,-0.7751543257350038f,0.6105977097111619f,-0.3233020451124401f,0.9167675458075466f,0.23454861879815456f,0.45314348534199866f,0.7990795380156145f,0.13171626782809398f,0.586619737746856f,-0.3532923506092395f,0f,0f,0f,1f],start_interpolation:0}
execute if entity @s[tag=aj.dino.bone.body_0] run data modify entity @s {} merge value {transformation:[0.5614159342502727f,0.19804921610426324f,-0.8034853183290785f,0.2338047585975242f,-0.30459451058333176f,0.9522306591891858f,0.021885059347178354f,0.4725290190604522f,0.7694376731694351f,0.23245059625781928f,0.5949221692011403f,-0.07069338073027559f,0f,0f,0f,1f],start_interpolation:0}
execute if entity @s[tag=aj.dino.bone.leg_left_3] run data modify entity @s {} merge value {transformation:[0.1627993823763372f,0.2115785337197057f,-0.9637068460724468f,-0.47398719146830737f,-0.05905726593797819f,0.9770756560022295f,0.2045370425809085f,0.08152186485041049f,0.9848901463807088f,0.023615387289496217f,0.1715625630647697f,-0.4090247841704049f,0f,0f,0f,1f],start_interpolation:0}
execute if entity @s[tag=aj.dino.bone.leg_left_2] run data modify entity @s {} merge value {transformation:[0.09444599656001319f,0.1830584054000427f,-1.004804345853895f,-0.46222297642885113f,-0.3064957026196383f,0.9676628333803525f,0.14748296400159983f,0.3111650597345489f,0.9742702589683084f,0.2866713459824624f,0.14380264734393167f,-0.33624650201201156f,0f,0f,0f,1f],start_interpolation:0}
execute if entity @s[tag=aj.dino.bone.leg_left_1] run data modify entity @s {} merge value {transformation:[0.016845333556699576f,0.9979049026750044f,-0.06246631055660051f,-0.1881459053831187f,0.08826799547097107f,0.06074704076494403f,0.9942427057886013f,0.273179315363178f,0.9959543140691246f,-0.022262126032622866f,-0.08705976126550924f,-0.3575121553363518f,0f,0f,0f,1f],start_interpolation:0}
execute if entity @s[tag=aj.dino.bone.leg_left_0] run data modify entity @s {} merge value {transformation:[-0.010159291181111418f,0.4490159570164324f,-0.8934659809681146f,0.05970478944168049f,0.036588111191336266f,0.8930806831444084f,0.44840629290161366f,0.5915830474026951f,0.9992787893887011f,-0.028134742560307527f,-0.025501712470291385f,-0.25029100507846247f,0f,0f,0f,1f],start_interpolation:0}
execute if entity @s[tag=aj.dino.bone.leg_right_3] run data modify entity @s {} merge value {transformation:[-0.3669125835175291f,0.029865062175118473f,-0.9297759053222288f,0.1543052829241561f,0.033361288335771164f,0.9992640333540992f,0.018931880135814566f,0.023399296049567836f,0.9296570230450962f,-0.024072177013631374f,-0.3676388850444887f,0.2860016500156063f,0f,0f,0f,1f],start_interpolation:0}
execute if entity @s[tag=aj.dino.bone.leg_right_2] run data modify entity @s {} merge value {transformation:[-0.38766861937222236f,-0.10323284685774611f,-0.9439905827837353f,0.10166973961989917f,0.17696046290167877f,0.9939085706791625f,-0.18136412875986185f,0.24919844423300208f,0.9329845848803472f,-0.2314107429676618f,-0.35784218856291433f,0.2195538033483372f,0f,0f,0f,1f],start_interpolation:0}
execute if entity @s[tag=aj.dino.bone.leg_right_1] run data modify entity @s {} merge value {transformation:[-0.21507181689289848f,0.9047098867649054f,-0.36775553614897627f,0.36267222857073605f,-0.18462319548543396f,0.33211181191336153f,0.9249951459744924f,0.2866876848974608f,0.9589882112242754f,0.266836588903129f,0.09560253948200273f,0.3060734153194753f,0f,0f,0f,1f],start_interpolation:0}
execute if entity @s[tag=aj.dino.bone.leg_right_0] run data modify entity @s {} merge value {transformation:[-0.27065434130307736f,-0.9468695613350107f,-0.17373618319464165f,0.03651417938703498f,-0.17095395947293462f,0.224877718851485f,-0.9592730348053565f,0.4729505848179802f,0.947375834225427f,-0.22993052294420863f,-0.2227352314841081f,0.1237705419731285f,0f,0f,0f,1f],start_interpolation:0}
execute if entity @s[tag=aj.dino.bone.tail_4] run data modify entity @s {} merge value {transformation:[-0.12702106511641584f,-1.9479800649636845f,1.9531770649689622f,-0.8372906464802596f,2.6486121715409965f,0.46033239515394814f,0.6313548782869368f,0.3666065365333851f,-0.7709607936734366f,1.9024008736530555f,1.8472010454042398f,0.9957930033198292f,0f,0f,0f,1f],start_interpolation:0}
execute if entity @s[tag=aj.dino.bone.tail_3] run data modify entity @s {} merge value {transformation:[-0.17867096108919134f,-2.0127819012879993f,0.5027238124013768f,-0.902837376277152f,2.0627002371675296f,-0.11835260886284621f,0.25924104152085947f,0.32380700911003313f,-0.2220133899045883f,0.5202376417246911f,2.0039980980231116f,0.6508980481522644f,0f,0f,0f,1f],start_interpolation:0}
execute if entity @s[tag=aj.dino.bone.tail_2] run data modify entity @s {} merge value {transformation:[0.7228358409183492f,-1.7944098944369375f,-0.2763609104657508f,-0.8513549743017702f,1.776520885944768f,0.7604069026261464f,-0.2907383002689946f,0.37934920462111654f,0.37450736159474357f,-0.14369533112842103f,1.91255581955822f,0.29560083345195964f,0f,0f,0f,1f],start_interpolation:0}
execute if entity @s[tag=aj.dino.bone.tail_1] run data modify entity @s {} merge value {transformation:[0.5690430077375425f,-1.0600492113336888f,-0.916592589374274f,-0.6417001166982319f,1.1075859932557903f,0.9462816116419939f,-0.4067685201829359f,0.454255780163639f,0.8585450325338769f,-0.5181727810480364f,1.1322780780763835f,0.05746112105068746f,0f,0f,0f,1f],start_interpolation:0}
execute if entity @s[tag=aj.dino.bone.tail_0] run data modify entity @s {} merge value {transformation:[0.5643783935608035f,0.13778036708988217f,-1.1385645857439675f,-0.3056601963487607f,-0.13059258684174616f,1.2684252934963782f,0.08876129598330394f,0.45892702830627835f,1.1394113926619025f,0.07713340292786264f,0.5741322434849486f,-0.10845229815671809f,0f,0f,0f,1f],start_interpolation:0}
execute if entity @s[tag=aj.dino.bone.body_1] run data modify entity @s {} merge value {transformation:[-0.07293708865065393f,-0.26136950756542576f,-1.2062216863704716f,-0.007625459600270983f,-0.37311249768754723f,1.1564584123429607f,-0.22802543640306702f,0.4340440672705068f,1.1764658262035397f,0.3505631413774927f,-0.1470994178745019f,-0.09786665937665406f,0f,0f,0f,1f],start_interpolation:0}