execute if entity @s[tag=aj.dino.bone.head_lower] run data modify entity @s {} merge value {transformation:[-0.2377809429074563f,-0.44496670882684125f,0.8634030641744619f,-0.31077230551484947f,-0.08735624523928266f,0.895092108629493f,0.4372402125684484f,0.6047073081761701f,-0.9673826076624158f,0.02854374020720987f,-0.25170646651853823f,0.6388587317914625f,0f,0f,0f,1f],start_interpolation:0}
execute if entity @s[tag=aj.dino.bone.head_upper] run data modify entity @s {} merge value {transformation:[-0.2475060843969784f,-0.4306228186936402f,0.9147549774613566f,-0.25745786184593383f,-0.09092907927113382f,0.9474302997895758f,0.42140203151746336f,0.6550037239934574f,-1.0069481532397222f,0.020291812252371266f,-0.2628984625784922f,0.6208782661688647f,0f,0f,0f,1f],start_interpolation:0}
execute if entity @s[tag=aj.dino.bone.neck_0] run data modify entity @s {} merge value {transformation:[-0.24654777898275426f,-0.021334950800573294f,0.9688957697053939f,-0.19438127269160493f,-0.22960908552607331f,0.9725789749799519f,-0.037010880438407626f,0.636897943155167f,-0.9415380292492446f,-0.23159222202242222f,-0.24468588470969435f,0.6091198285520434f,0f,0f,0f,1f],start_interpolation:0}
execute if entity @s[tag=aj.dino.bone.neck_1] run data modify entity @s {} merge value {transformation:[-0.44295606727949755f,-0.21854243116133426f,0.8694993549407466f,-0.12173006281164654f,-0.3160133117825681f,0.9456499100809537f,0.07669311794481676f,0.6477513477717702f,-0.8390026872641676f,-0.24080168883539338f,-0.48794368262897686f,0.566675251092281f,0f,0f,0f,1f],start_interpolation:0}
execute if entity @s[tag=aj.dino.bone.neck_2] run data modify entity @s {} merge value {transformation:[-0.776622047003008f,-0.31515889332204533f,0.5454659183385164f,-0.0770287599107361f,-0.3107120014424553f,0.9448490382529741f,0.10352945026442267f,0.6660719667009563f,-0.5480111753134977f,-0.0890795536161553f,-0.8317142447133301f,0.49293870089393466f,0f,0f,0f,1f],start_interpolation:0}
execute if entity @s[tag=aj.dino.bone.body_0] run data modify entity @s {} merge value {transformation:[-0.9334130869739098f,-0.19028573102404608f,0.30418966063047f,0.06452197698800921f,-0.25847535020256657f,0.9446115582595449f,-0.20223624141121455f,0.5797573903666261f,-0.2488583982981019f,-0.26739548345310327f,-0.9308969615512688f,0.05166317755418243f,0f,0f,0f,1f],start_interpolation:0}
execute if entity @s[tag=aj.dino.bone.leg_left_3] run data modify entity @s {} merge value {transformation:[-0.9172389248206799f,-0.32578838442809477f,0.22920445756035135f,0.5362641436435464f,-0.34081849698648364f,0.939705653273624f,-0.028214133292841226f,0.060497026144890054f,-0.2061928876214631f,-0.10399622001459424f,-0.9729693105730514f,-0.036953267273167334f,0f,0f,0f,1f],start_interpolation:0}
execute if entity @s[tag=aj.dino.bone.leg_left_2] run data modify entity @s {} merge value {transformation:[-0.926169526796274f,-0.2495748759077639f,0.36329683242533845f,0.48787926251999414f,-0.3828368773468416f,0.874461816057678f,-0.3752527909304895f,0.25214188894196216f,-0.2184219139142859f,-0.47443768091649985f,-0.8827587178551612f,-0.1751640552318747f,0f,0f,0f,1f],start_interpolation:0}
execute if entity @s[tag=aj.dino.bone.leg_left_1] run data modify entity @s {} merge value {transformation:[-0.8946929740424606f,-0.42187287252824235f,0.1467915584215459f,0.38330268255216693f,-0.050376313172353054f,0.42182864290801064f,0.9052749986018319f,0.3197304336924045f,-0.44383184796746833f,0.8025483633072559f,-0.39865952300506596f,0.07284585021650797f,0f,0f,0f,1f],start_interpolation:0}
execute if entity @s[tag=aj.dino.bone.leg_left_0] run data modify entity @s {} merge value {transformation:[-0.8932962951009771f,0.0877829020646643f,0.440812762138273f,0.2780156039062019f,-0.12345041973726063f,0.8951069854645997f,-0.42841974562241103f,0.691700297368446f,-0.4321825112444536f,-0.43712429202411385f,-0.7887589177288934f,-0.08482573933430057f,0f,0f,0f,1f],start_interpolation:0}
execute if entity @s[tag=aj.dino.bone.leg_right_3] run data modify entity @s {} merge value {transformation:[-0.8597731893017735f,-0.02868317389009216f,0.5098699231112265f,-0.27774401801215554f,-0.009629063228070764f,0.9991544348753665f,0.039971194756185435f,0.07232291146492803f,-0.5105852956159301f,0.02945659186799804f,-0.8593223871727743f,-0.20854129794256399f,0f,0f,0f,1f],start_interpolation:0}
execute if entity @s[tag=aj.dino.bone.leg_right_2] run data modify entity @s {} merge value {transformation:[-0.9444356838790084f,0.2664304900923718f,0.2985267700991367f,-0.20494846626230506f,0.17242488116598564f,0.9615449407635547f,-0.3126710519821149f,0.28652720883922433f,-0.3610721518915295f,-0.23771478780640762f,-0.9301509448940366f,-0.2921379408047898f,0f,0f,0f,1f],start_interpolation:0}
execute if entity @s[tag=aj.dino.bone.leg_right_1] run data modify entity @s {} merge value {transformation:[-0.9936854703472024f,0.028314811117852938f,-0.1085700579912324f,-0.2112879353766779f,-0.09007114976484198f,0.37569652521186975f,0.9223553051420942f,0.33788012442849863f,0.0669057097780053f,0.926310095170665f,-0.37077383077020715f,-0.019491512528910238f,0f,0f,0f,1f],start_interpolation:0}
execute if entity @s[tag=aj.dino.bone.leg_right_0] run data modify entity @s {} merge value {transformation:[-0.9982854756428998f,-0.05008631270404394f,-0.0302897738542577f,-0.11241140503782476f,-0.035536794264429045f,0.9298168332801139f,-0.3663028703168302f,0.7369078382216753f,0.046510701713014364f,-0.36459843366182154f,-0.9300025466618407f,-0.09234474813031422f,0f,0f,0f,1f],start_interpolation:0}
execute if entity @s[tag=aj.dino.bone.tail_4] run data modify entity @s {} merge value {transformation:[-2.22316675827277f,-0.14185878156983392f,1.6318906160041677f,0.6077587185762116f,-1.1552266228556602f,2.0861957194250014f,-1.392443967166474f,0.8728871553777242f,-1.1613106157942616f,-1.8036975461380225f,-1.7388772663127285f,-1.7227568885780444f,0f,0f,0f,1f],start_interpolation:0}
execute if entity @s[tag=aj.dino.bone.tail_3] run data modify entity @s {} merge value {transformation:[-1.6936361933367843f,0.47865221059943314f,1.1128495100202929f,0.41437657840616343f,0.2494839760649989f,2.0096690758375857f,-0.48469936801418356f,0.9354080669249638f,-1.1854533800833036f,-0.26089805088353135f,-1.6919154874693618f,-1.4333174529143469f,0f,0f,0f,1f],start_interpolation:0}
execute if entity @s[tag=aj.dino.bone.tail_2] run data modify entity @s {} merge value {transformation:[-1.8593565901568343f,0.49008306600190754f,0.3484042681444873f,0.34835071067047263f,0.5051860753189417f,1.8872875226476258f,0.04131236092515196f,0.9285508320952571f,-0.3261195715484895f,0.12937646725558496f,-1.9224155715599762f,-1.0761549589576327f,0f,0f,0f,1f],start_interpolation:0}
execute if entity @s[tag=aj.dino.bone.tail_1] run data modify entity @s {} merge value {transformation:[-1.1342277615474856f,0.7837519197763018f,0.6220261756404966f,0.20600066940843015f,0.8629704152444677f,1.242121568486927f,0.00850420556949998f,0.9107127112610499f,-0.5064244241224662f,0.3612799293436306f,-1.378646932795228f,-0.7834179708665696f,0f,0f,0f,1f],start_interpolation:0}
execute if entity @s[tag=aj.dino.bone.tail_0] run data modify entity @s {} merge value {transformation:[-1.1847904594356824f,0.2805284829160285f,0.389115733538293f,0.09906166018786108f,0.4208880082676946f,1.1053580920468868f,0.4846364507823846f,0.7957649361270528f,-0.23013163257289346f,0.5773412987162145f,-1.116938750814044f,-0.4430902338255691f,0f,0f,0f,1f],start_interpolation:0}
execute if entity @s[tag=aj.dino.bone.body_1] run data modify entity @s {} merge value {transformation:[-1.2279370527924394f,0.13211563749760877f,0.05762506194589566f,0.07676571474063956f,0.14218282344105626f,1.1913780114738355f,0.29834053286677104f,0.6461571776406035f,-0.023648132146055247f,0.30293313975446784f,-1.198447693368698f,-0.18487262942124882f,0f,0f,0f,1f],start_interpolation:0}