execute if entity @s[tag=aj.dino.bone.head_lower] run data modify entity @s {} merge value {transformation:[-0.8599681576968784f,-0.14246925396543364f,-0.49005844490424816f,-0.6611554967529701f,-0.32634649583997444f,0.8917746464917662f,0.3134261388707942f,0.1627335837279988f,0.39236810828660207f,0.4294653554700514f,-0.8133921416208638f,0.10203565525178313f,0f,0f,0f,1f],start_interpolation:0}
execute if entity @s[tag=aj.dino.bone.head_upper] run data modify entity @s {} merge value {transformation:[-0.8951404970266151f,0.058199631045820724f,-0.5280229503654007f,-0.6965270277418769f,-0.33969393154212285f,0.7327405881111978f,0.656636281354768f,0.22434840454781615f,0.40841580042881237f,0.7370047327284223f,-0.6111403279767311f,0.07658128150895696f,0f,0f,0f,1f],start_interpolation:0}
execute if entity @s[tag=aj.dino.bone.neck_0] run data modify entity @s {} merge value {transformation:[-0.9545171986990777f,-0.29088201440327704f,0.06545663514386768f,-0.6872644901149116f,-0.27542163519873286f,0.9443068525694852f,0.18007634784937243f,0.2207536036662311f,-0.11419211992130562f,0.15385779761521268f,-0.9814723316838201f,0.010656938071743303f,0f,0f,0f,1f],start_interpolation:0}
execute if entity @s[tag=aj.dino.bone.neck_1] run data modify entity @s {} merge value {transformation:[-0.9356144885831075f,-0.2300129424335847f,0.2678051064980181f,-0.6656375235266805f,-0.0801381565319002f,0.8771825273640441f,0.47342231628314285f,0.2648997577790647f,-0.3438072201409375f,0.4214793707885025f,-0.8391374949188537f,-0.05848731865120308f,0f,0f,0f,1f],start_interpolation:0}
execute if entity @s[tag=aj.dino.bone.neck_2] run data modify entity @s {} merge value {transformation:[-0.7318195098121287f,-0.32952309118539574f,0.5965356128798657f,-0.6166027668359446f,0.004362514009276508f,0.8730462280658423f,0.4876179366384339f,0.3161664143897735f,-0.6814845365302536f,0.35945071433456116f,-0.6374747135647965f,-0.1108156374697992f,0f,0f,0f,1f],start_interpolation:0}
execute if entity @s[tag=aj.dino.bone.body_0] run data modify entity @s {} merge value {transformation:[-0.5062922147909902f,-0.07435481832951801f,0.8591504840441041f,-0.21239668810838505f,0.15802004614893714f,0.9714078674847811f,0.17719034963495456f,0.4089294359065433f,-0.8477604958106516f,0.22547309369380208f,-0.48006668887043635f,-0.334921354625552f,0f,0f,0f,1f],start_interpolation:0}
execute if entity @s[tag=aj.dino.bone.leg_left_3] run data modify entity @s {} merge value {transformation:[0.08120802108251693f,0.041149656523727485f,0.9958473593276437f,-0.015594167369756072f,-0.014462418228558656f,0.9990908277368328f,-0.040104318858597485f,-0.02249161123386123f,-0.9965922414763443f,-0.011145568631033184f,0.08172931254480964f,0.053312872839089885f,0f,0f,0f,1f],start_interpolation:0}
execute if entity @s[tag=aj.dino.bone.leg_left_2] run data modify entity @s {} merge value {transformation:[0.29116284904542855f,0.0968290516077959f,0.9787290378859608f,0.03767535881988027f,-0.24768235850899964f,0.9950390037410225f,-0.024759438971566596f,0.20830110920946457f,-0.9518087224436762f,-0.2293113937411359f,0.30584087379114233f,0.007835957421307743f,0f,0f,0f,1f],start_interpolation:0}
execute if entity @s[tag=aj.dino.bone.leg_left_1] run data modify entity @s {} merge value {transformation:[0.3616217377660895f,-0.9323247159808566f,0.0005854453422652339f,-0.22284110411147562f,0.1477770886612091f,0.05793843051073755f,0.9873221715006552f,0.16873423160365847f,-0.920538782910232f,-0.3569506439848058f,0.15872802813927234f,-0.07922161202574432f,0f,0f,0f,1f],start_interpolation:0}
execute if entity @s[tag=aj.dino.bone.leg_left_0] run data modify entity @s {} merge value {transformation:[0.3440453432371334f,0.3242787253938338f,0.8811788184323281f,-0.1272481133380507f,0.09379554481660532f,0.9219060176139988f,-0.37588786952980163f,0.5722102535391635f,-0.9342564945288845f,0.21197311844676814f,0.2867615725416381f,-0.1279695186735665f,0f,0f,0f,1f],start_interpolation:0}
execute if entity @s[tag=aj.dino.bone.leg_right_3] run data modify entity @s {} merge value {transformation:[0.5779801600181f,-0.172166250321486f,0.797682716921767f,-0.11832526715341962f,0.16547814881343165f,0.9819103442057779f,0.09202748614936046f,0.04486556149969745f,-0.7990969383564999f,0.07880899816601164f,0.5960144502588324f,-0.7309474866511556f,0f,0f,0f,1f],start_interpolation:0}
execute if entity @s[tag=aj.dino.bone.leg_right_2] run data modify entity @s {} merge value {transformation:[0.6075753086915172f,0.12893787872118892f,0.816265561689321f,-0.06398635195551625f,0.2507129591581865f,0.936627751594599f,-0.3345648913943102f,0.2524636261293892f,-0.7874372710757651f,0.3977004876466974f,0.5232963460096257f,-0.6208502663268576f,0f,0f,0f,1f],start_interpolation:0}
execute if entity @s[tag=aj.dino.bone.leg_right_1] run data modify entity @s {} merge value {transformation:[0.4307233530838578f,-0.8023819041360292f,0.4131109693813988f,-0.2953001727458646f,-0.09291005190829044f,0.4158923678067897f,0.9046553269917008f,0.31561869798730036f,-0.8976887630813909f,-0.428038337436149f,0.10458521082017397f,-0.7605597465698187f,0f,0f,0f,1f],start_interpolation:0}
execute if entity @s[tag=aj.dino.bone.leg_right_0] run data modify entity @s {} merge value {transformation:[0.4793566357766885f,0.8236488649555418f,0.30301776019616955f,-0.05231389174000912f,-0.07004147597893096f,0.3800747544488049f,-0.9223000448191325f,0.548073503432351f,-0.8748207858639095f,0.4208868354892188f,0.23988093782608744f,-0.5131133700901858f,0f,0f,0f,1f],start_interpolation:0}
execute if entity @s[tag=aj.dino.bone.tail_4] run data modify entity @s {} merge value {transformation:[0.9481251821262313f,-0.9494659909651886f,-2.4135522166753716f,-0.18164974542108858f,-2.530116303772034f,-0.9036482729535931f,-0.6384298080250721f,0.2314402409956846f,-0.5702906802719481f,2.4305545586117763f,-1.1801840573429536f,0.50477842608322f,0f,0f,0f,1f],start_interpolation:0}
execute if entity @s[tag=aj.dino.bone.tail_3] run data modify entity @s {} merge value {transformation:[0.8342403713124417f,0.14912337201430778f,-1.9020385771156192f,0.13940641981509438f,-1.84534806799868f,-0.4640375982735347f,-0.845757140890051f,0.3793903700716934f,-0.484436824416211f,2.0244448259589736f,-0.05375533314867372f,0.4940825621632332f,0f,0f,0f,1f],start_interpolation:0}
execute if entity @s[tag=aj.dino.bone.tail_2] run data modify entity @s {} merge value {transformation:[1.0814741017911245f,0.7598009380177101f,-1.4394061889353078f,0.4079693739247839f,-1.5867137846501387f,0.10708455521988278f,-1.1356258796969056f,0.5893529342549697f,-0.3626665241776397f,1.7972226650094156f,0.6761934335825374f,0.3685391621351907f,0f,0f,0f,1f],start_interpolation:0}
execute if entity @s[tag=aj.dino.bone.tail_1] run data modify entity @s {} merge value {transformation:[1.3740920776416232f,0.596526566278515f,-0.20900542549535425f,0.4443403196262408f,-0.6320453047741473f,1.2913605505284513f,-0.46964125803831536f,0.675232782829831f,-0.006778264931705214f,0.5140041189162021f,1.422466193222776f,0.056163614250327065f,0f,0f,0f,1f],start_interpolation:0}
execute if entity @s[tag=aj.dino.bone.tail_0] run data modify entity @s {} merge value {transformation:[1.0876938358182195f,-0.0749843565196875f,0.667184518993363f,0.2475639902697009f,0.04244046591430618f,1.2753575061318845f,0.0741468474721922f,0.6843419991383509f,-0.670042269532343f,-0.04094257459437928f,1.0877512487740748f,-0.26269059959040686f,0f,0f,0f,1f],start_interpolation:0}
execute if entity @s[tag=aj.dino.bone.body_1] run data modify entity @s {} merge value {transformation:[0.23567659284449335f,-0.4219107287000021f,1.1380037239171472f,0.011412747016992847f,-0.07591280600773226f,1.1518660197136086f,0.44277140102925694f,0.5038175f,-1.2113209254881605f,-0.15427444601492468f,0.1936636409797791f,-0.2973232045758697f,0f,0f,0f,1f],start_interpolation:0}