execute if entity @s[tag=aj.dino.bone.head_lower] run data modify entity @s {} merge value {transformation:[-0.8534486187210156f,-0.19570473966076302f,-0.4830373795862004f,-0.6513795911572751f,-0.36826034997517054f,0.8822813620126708f,0.29319603148956824f,0.1599673464087307f,0.3687950241521095f,0.42811126254675885f,-0.8250521056522828f,0.11267985702750868f,0f,0f,0f,1f],start_interpolation:0}
execute if entity @s[tag=aj.dino.bone.head_upper] run data modify entity @s {} merge value {transformation:[-0.8883543116231141f,0.004208147786957162f,-0.542476590367117f,-0.6889577758682719f,-0.38332204484734256f,0.7316695812393964f,0.633400170829252f,0.21994273839468964f,0.38387858697533744f,0.7403471199138124f,-0.6228926994921751f,0.08648274112224827f,0f,0f,0f,1f],start_interpolation:0}
execute if entity @s[tag=aj.dino.bone.neck_0] run data modify entity @s {} merge value {transformation:[-0.9464169317691539f,-0.31649986294664867f,0.06420925178985476f,-0.6793626880712478f,-0.300686865463518f,0.9361270075085351f,0.18235579165696825f,0.21663626867373886f,-0.11782359779935694f,0.15327773017587376f,-0.9811338019015285f,0.020590876658957168f,0f,0f,0f,1f],start_interpolation:0}
execute if entity @s[tag=aj.dino.bone.neck_1] run data modify entity @s {} merge value {transformation:[-0.9440833487992955f,-0.22690261197187156f,0.23921085928579744f,-0.6601437006177405f,-0.0902678673591522f,0.875684674385745f,0.47437122927973013f,0.2608559077504271f,-0.3171093543910962f,0.4262529245955669f,-0.8472013347672371f,-0.04921450197135039f,0f,0f,0f,1f],start_interpolation:0}
execute if entity @s[tag=aj.dino.bone.neck_2] run data modify entity @s {} merge value {transformation:[-0.747505754526261f,-0.3277962612359232f,0.577741082207138f,-0.6127385790284416f,-0.0017682859558995137f,0.8707364315602772f,0.4917468250212226f,0.3124616715987188f,-0.6642529790034088f,0.3665619700315692f,-0.6514601307921091f,-0.10269842459187978f,0f,0f,0f,1f],start_interpolation:0}
execute if entity @s[tag=aj.dino.bone.body_0] run data modify entity @s {} merge value {transformation:[-0.5359023855159384f,-0.0783491556700528f,0.8406366890661601f,-0.21729603350334625f,0.148244433249664f,0.9714835273472393f,0.18504957201639713f,0.4089294359065433f,-0.8311631736360872f,0.22378821662177759f,-0.5090055136169274f,-0.34045895189026837f,0f,0f,0f,1f],start_interpolation:0}
execute if entity @s[tag=aj.dino.bone.leg_left_3] run data modify entity @s {} merge value {transformation:[0.11503251931486788f,0.044451886537146365f,0.9923666405534615f,-0.024727252837127706f,-0.017678876937118445f,0.9989316551658128f,-0.04269666986934287f,-0.01778494087896057f,-0.9932043983039531f,-0.012632422213420449f,0.11569548434880716f,0.05645738100772717f,0f,0f,0f,1f],start_interpolation:0}
execute if entity @s[tag=aj.dino.bone.leg_left_2] run data modify entity @s {} merge value {transformation:[0.32526340163811973f,0.09634330867608135f,0.967979279700159f,0.02814973455966696f,-0.2489560575353058f,0.9949104889818172f,-0.015368794068923778f,0.2132660599610131f,-0.940365248439122f,-0.2300723479429913f,0.33888362861124244f,0.011842010554246496f,0f,0f,0f,1f],start_interpolation:0}
execute if entity @s[tag=aj.dino.bone.leg_left_1] run data modify entity @s {} merge value {transformation:[0.3865209811380337f,-0.9219487677268647f,-0.024738650468590306f,-0.22870069639679314f,0.14812641600394427f,0.03558122102277611f,0.9883281548111207f,0.16756511654541456f,-0.9103076930477512f,-0.38567401571462345f,0.15031785516244614f,-0.08277651589893076f,0f,0f,0f,1f],start_interpolation:0}
execute if entity @s[tag=aj.dino.bone.leg_left_0] run data modify entity @s {} merge value {transformation:[0.3702053207440701f,0.30339807285483505f,0.87800776185678f,-0.1380062168724284f,0.09379554481660535f,0.9281230699593612f,-0.36026374058704114f,0.5722102535391635f,-0.9242025839962452f,0.21572477001304902f,0.3151387112645489f,-0.1311924539314404f,0f,0f,0f,1f],start_interpolation:0}
execute if entity @s[tag=aj.dino.bone.leg_right_3] run data modify entity @s {} merge value {transformation:[0.6049580123751132f,-0.1827039046008156f,0.7750129589282804f,-0.09380709697247136f,0.17442116471410354f,0.980087418734798f,0.09489946753031253f,0.04032711581522849f,-0.7769189536643627f,0.0777684697122f,0.6247791646299471f,-0.7279735300989175f,0f,0f,0f,1f],start_interpolation:0}
execute if entity @s[tag=aj.dino.bone.leg_right_2] run data modify entity @s {} merge value {transformation:[0.6311082977199404f,0.08007601920621792f,0.8045820947534309f,-0.05125539031159049f,0.2607868214428617f,0.9459532778569869f,-0.29870525501578665f,0.2511915420895977f,-0.7653461633871712f,0.38835863162855355f,0.5616805345824523f,-0.6189019111586858f,0f,0f,0f,1f],start_interpolation:0}
execute if entity @s[tag=aj.dino.bone.leg_right_1] run data modify entity @s {} merge value {transformation:[0.470936208126514f,-0.7944885609054201f,0.38341493771872653f,-0.27804900611268f,-0.08988106422146663f,0.38915342543300285f,0.9167775115960126f,0.30649988786618015f,-0.8775764822337921f,-0.46620546764725374f,0.1118569611869018f,-0.7689653256843169f,0f,0f,0f,1f],start_interpolation:0}
execute if entity @s[tag=aj.dino.bone.leg_right_0] run data modify entity @s {} merge value {transformation:[0.5179086967125578f,0.7942885337078397f,0.3176103069639734f,-0.05226113485611081f,-0.06544349065848487f,0.4069860701359474f,-0.9110869817123558f,0.548073503432351f,-0.8529289134505482f,0.4510743441335888f,0.26276263940012473f,-0.5140745568829186f,0f,0f,0f,1f],start_interpolation:0}
execute if entity @s[tag=aj.dino.bone.tail_4] run data modify entity @s {} merge value {transformation:[0.9550200351488907f,-0.996477921906536f,-2.391783814481785f,-0.18034911570788636f,-2.5306170660938743f,-0.9060959036313183f,-0.6329524546259199f,0.22863538342463574f,-0.556394939641479f,2.410743307815118f,-1.226540951850357f,0.5279854416314204f,0f,0f,0f,1f],start_interpolation:0}
execute if entity @s[tag=aj.dino.bone.tail_3] run data modify entity @s {} merge value {transformation:[0.8192306939420827f,0.19393678044792678f,-1.9045196563273135f,0.14068921449357014f,-1.844423076400764f,-0.47489500211837093f,-0.8417385450647843f,0.3760103553727594f,-0.5127476098315443f,2.018120112430608f,-0.015054117694289685f,0.5107891740271997f,0f,0f,0f,1f],start_interpolation:0}
execute if entity @s[tag=aj.dino.bone.tail_2] run data modify entity @s {} merge value {transformation:[1.0701311506105429f,0.8179313190513194f,-1.4158324593011344f,0.40487530855603887f,-1.585705456561374f,0.10631993621706241f,-1.1371051627695046f,0.5862484787081399f,-0.398912773081055f,1.7715694464176515f,0.7219308630298436f,0.37671037939667545f,0f,0f,0f,1f],start_interpolation:0}
execute if entity @s[tag=aj.dino.bone.tail_1] run data modify entity @s {} merge value {transformation:[1.3722875591462753f,0.6090896816312308f,-0.18301055910171718f,0.43550060191445694f,-0.6347662246490903f,1.2847305412274292f,-0.483937523325293f,0.6752883685738873f,-0.039432791647289675f,0.5158812326183646f,1.4212557330667337f,0.0646035604736751f,0f,0f,0f,1f],start_interpolation:0}
execute if entity @s[tag=aj.dino.bone.tail_0] run data modify entity @s {} merge value {transformation:[1.0912639925018857f,-0.0764772866813468f,0.6611579538013064f,0.24044934791322042f,0.044339126956000494f,1.2752821977326354f,0.07433084521937477f,0.6843419991383509f,-0.6640878383720421f,-0.04052477454725815f,1.091412297052892f,-0.2553104145054254f,0f,0f,0f,1f],start_interpolation:0}
execute if entity @s[tag=aj.dino.bone.body_1] run data modify entity @s {} merge value {transformation:[0.26967797024938356f,-0.41740124348040225f,1.132101845842253f,0.005366462809705593f,-0.07591280600773226f,1.1518660197136086f,0.44277140102925694f,0.5038175f,-1.2042074710374684f,-0.16608874021556244f,0.22561802261211839f,-0.29657618905633426f,0f,0f,0f,1f],start_interpolation:0}