execute if entity @s[tag=aj.dino.bone.head_lower] run data modify entity @s {} merge value {transformation:[-0.8642825094429691f,-0.05405849568326798f,-0.5000934141892145f,-0.6763504358725319f,-0.25805371490921486f,0.9010558364124773f,0.3485780542268319f,0.16697812587787886f,0.4317684843669314f,0.43032087877707326f,-0.7927167950762808f,0.08220333780191477f,0f,0f,0f,1f],start_interpolation:0}
execute if entity @s[tag=aj.dino.bone.head_upper] run data modify entity @s {} merge value {transformation:[-0.8996313039614744f,0.14721851518905318f,-0.5024561356990419f,-0.707961956576798f,-0.2686080043266206f,0.72766375213837f,0.6941376998975677f,0.23108626378868916f,0.4494276354740038f,0.7295917455625072f,-0.5909167689808835f,0.05798939751601441f,0f,0f,0f,1f],start_interpolation:0}
execute if entity @s[tag=aj.dino.bone.neck_0] run data modify entity @s {} merge value {transformation:[-0.9655452287070047f,-0.25115882473534484f,0.06812970041544042f,-0.6991677919544703f,-0.23612890395141486f,0.9555921267547205f,0.17631457115931565f,0.22705234174929395f,-0.10938716579124269f,0.15415230144876269f,-0.9819732765804825f,-0.007973670907705607f,0f,0f,0f,1f],start_interpolation:0}
execute if entity @s[tag=aj.dino.bone.neck_1] run data modify entity @s {} merge value {transformation:[-0.9176422155547838f,-0.24008608024710315f,0.3166882351829457f,-0.6734461884623264f,-0.06814373742761445f,0.8801419879046114f,0.46979411679661864f,0.27090477361027854f,-0.391521640884771f,0.40952259424713083f,-0.8240158065959634f,-0.07589200553247297f,0f,0f,0f,1f],start_interpolation:0}
execute if entity @s[tag=aj.dino.bone.neck_2] run data modify entity @s {} merge value {transformation:[-0.7019240882088009f,-0.3368805927440333f,0.6275460466170365f,-0.6217667197366589f,0.009158743208022693f,0.8767314168725543f,0.4808930651314206f,0.3216183613420974f,-0.7121928754312927f,0.34329795936048324f,-0.6123134975515689f,-0.12617415868585832f,0f,0f,0f,1f],start_interpolation:0}
execute if entity @s[tag=aj.dino.bone.body_0] run data modify entity @s {} merge value {transformation:[-0.4519515822462476f,-0.0727972517436114f,0.8890671107648118f,-0.203446209254291f,0.169312273443908f,0.9715469710928708f,0.16561955506981532f,0.4089294359065433f,-0.8758271070059254f,0.22538199373251966f,-0.42676672261879317f,-0.3251606694630913f,0f,0f,0f,1f],start_interpolation:0}
execute if entity @s[tag=aj.dino.bone.leg_left_3] run data modify entity @s {} merge value {transformation:[0.022062440771355357f,0.036192986581139286f,0.9991012543428957f,-0.0004261087312742162f,-0.00833398296418175f,0.9993164356571027f,-0.03601674823657367f,-0.030456185627617927f,-0.9997218580361057f,-0.007531875458440166f,0.022348991407116853f,0.04793644843389987f,0f,0f,0f,1f],start_interpolation:0}
execute if entity @s[tag=aj.dino.bone.leg_left_2] run data modify entity @s {} merge value {transformation:[0.23065962835143353f,0.09851982350244724f,0.9945613001351495f,0.0536329583676447f,-0.24501361993251403f,0.9951317758432635f,-0.04175253591451792f,0.19983713727124688f,-0.9689306793558755f,-0.22818587288606218f,0.24731911676795576f,0.0008867432423748239f,0f,0f,0f,1f],start_interpolation:0}
execute if entity @s[tag=aj.dino.bone.leg_left_1] run data modify entity @s {} merge value {transformation:[0.31739564484460014f,-0.9471823971047751f,0.04588585019951358f,-0.21244164553781542f,0.14712866319706644f,0.09698846616039408f,0.9843507473953068f,0.17104944102793002f,-0.9368100987390799f,-0.30567751642328217f,0.17014139664928538f,-0.07252278857278284f,0f,0f,0f,1f],start_interpolation:0}
execute if entity @s[tag=aj.dino.bone.leg_left_0] run data modify entity @s {} merge value {transformation:[0.2976219818824194f,0.3606053800495545f,0.8839597930786766f,-0.10820992360370274f,0.09379554481660533f,0.9103944496103685f,-0.40296940565158396f,0.5722102535391635f,-0.9500650249708895f,0.20284404353579316f,0.23713022230224529f,-0.12265291137763851f,0f,0f,0f,1f],start_interpolation:0}
execute if entity @s[tag=aj.dino.bone.leg_right_3] run data modify entity @s {} merge value {transformation:[0.528100625675422f,-0.15536410453294835f,0.834848324058869f,-0.1612868005646622f,0.1493317732270017f,0.9847911616492704f,0.08880534579832622f,0.05393312935932515f,-0.8359484138785758f,0.07777122192788322f,0.5432696258523356f,-0.7313988988678958f,0f,0f,0f,1f],start_interpolation:0}
execute if entity @s[tag=aj.dino.bone.leg_right_2] run data modify entity @s {} merge value {transformation:[0.5636071659231204f,0.21413889978439318f,0.8297913554743336f,-0.08660143222947836f,0.23235861773450497f,0.9177747981377241f,-0.39466579807283086f,0.2553076852218956f,-0.8248749206911993f,0.4048408959123123f,0.45579316988333407f,-0.6216653302855972f,0f,0f,0f,1f],start_interpolation:0}
execute if entity @s[tag=aj.dino.bone.leg_right_1] run data modify entity @s {} merge value {transformation:[0.35840085605942956f,-0.809966799396321f,0.46422258696830765f,-0.32412694829211697f,-0.09806429982749114f,0.46184251860462777f,0.8815241806713405f,0.33207011629968436f,-0.9284030479674287f,-0.3614626839448495f,0.08609592696622731f,-0.7429193778632786f,0f,0f,0f,1f],start_interpolation:0}
execute if entity @s[tag=aj.dino.bone.leg_right_0] run data modify entity @s {} merge value {transformation:[0.40966210307668566f,0.8702658625969191f,0.27352200953712547f,-0.05233240515896988f,-0.07799136210592165f,0.332151111950319f,-0.93999626928357f,0.548073503432351f,-0.9088973037365936f,0.3637484944691965f,0.203942943079046f,-0.5110195252658432f,0f,0f,0f,1f],start_interpolation:0}
execute if entity @s[tag=aj.dino.bone.tail_4] run data modify entity @s {} merge value {transformation:[0.9437633971828553f,-0.8614020080926117f,-2.4480519933595954f,-0.18214189652096824f,-2.5259245842073788f,-0.9026755491389417f,-0.6561578921902048f,0.23503440087774458f,-0.5955476275115682f,2.4634984808277687f,-1.0964303853526758f,0.4637247061452453f,0f,0f,0f,1f],start_interpolation:0}
execute if entity @s[tag=aj.dino.bone.tail_3] run data modify entity @s {} merge value {transformation:[0.8628255354741899f,0.0722587633016414f,-1.8937413478361391f,0.13825954578616684f,-1.844730183351351f,-0.4446105605920848f,-0.8574599268111177f,0.3847787811645442f,-0.43410617596460466f,2.032989337547188f,-0.12021525466128713f,0.46421437419150624f,0f,0f,0f,1f],start_interpolation:0}
execute if entity @s[tag=aj.dino.bone.tail_2] run data modify entity @s {} merge value {transformation:[1.1024195402284507f,0.6567141484498258f,-1.47382887729583f,0.4132125606786148f,-1.5855990374530256f,0.11030276688109698f,-1.1368741650020864f,0.5949749889366311f,-0.2988657303092931f,1.8372081269815272f,0.5950793631126006f,0.35380659453387736f,0f,0f,0f,1f],start_interpolation:0}
execute if entity @s[tag=aj.dino.bone.tail_1] run data modify entity @s {} merge value {transformation:[1.3768935642382576f,0.5724768903523071f,-0.25316115968256125f,0.45937663371245396f,-0.6239659873972841f,1.303989220531196f,-0.44489865060458034f,0.6753684132482007f,0.04986791885169518f,0.5094492837869108f,1.4232465942057986f,0.041264673046192024f,0f,0f,0f,1f],start_interpolation:0}
execute if entity @s[tag=aj.dino.bone.tail_0] run data modify entity @s {} merge value {transformation:[1.0811595065332944f,-0.07402646365387931f,0.6778273531627439f,0.259513336510329f,0.0405467121646805f,1.2753918843570196f,0.07461381931595061f,0.6843419991383509f,-0.6806510134785264f,-0.041609380903585506f,1.0811191302791303f,-0.27566757284959625f,0f,0f,0f,1f],start_interpolation:0}
execute if entity @s[tag=aj.dino.bone.body_1] run data modify entity @s {} merge value {transformation:[0.1757411084390867f,-0.4289958684539967f,1.1461597631701488f,0.021943162821295496f,-0.07591280600773226f,1.1518660197136086f,0.44277140102925694f,0.5038175f,-1.2214568775625618f,-0.1333109617952695f,0.13738951479857042f,-0.2986292712023143f,0f,0f,0f,1f],start_interpolation:0}