execute if entity @s[tag=aj.dino.bone.head_lower] run data modify entity @s {} merge value {transformation:[-0.7991792618106338f,-0.40035238380751514f,-0.448364222782606f,-0.6108149043286107f,-0.5332870181490287f,0.816402065238534f,0.22156855405940096f,0.15028236229378486f,0.27733997866432436f,0.4161798128860845f,-0.8659543288075741f,0.14693878770602803f,0f,0f,0f,1f],start_interpolation:0}
execute if entity @s[tag=aj.dino.bone.head_upper] run data modify entity @s {} merge value {transformation:[-0.8318653606273297f,-0.20640602961528678f,-0.5906509250905505f,-0.6564258506544081f,-0.5550982349883998f,0.6968474462911414f,0.5382764426331371f,0.20286492898586522f,0.2886830682333708f,0.7451658406821097f,-0.6669796837830962f,0.11778108294150615f,0f,0f,0f,1f],start_interpolation:0}
execute if entity @s[tag=aj.dino.bone.neck_0] run data modify entity @s {} merge value {transformation:[-0.9029956526143466f,-0.42520525704576734f,0.06163879249493154f,-0.6452465117069891f,-0.4073947605681749f,0.892938912197995f,0.19154531616372344f,0.20088817490305416f,-0.1364857517149309f,0.14785326666429874f,-0.9795463496514629f,0.05208594553932318f,0f,0f,0f,1f],start_interpolation:0}
execute if entity @s[tag=aj.dino.bone.neck_1] run data modify entity @s {} merge value {transformation:[-0.9632812289770063f,-0.23278556832171787f,0.13379145369448314f,-0.6349850335812988f,-0.1456947448151647f,0.871750289385252f,0.46778678293638615f,0.24453189973370376f,-0.22552675059467397f,0.43111751546169447f,-0.8736563240933722f,-0.019938107346596526f,0f,0f,0f,1f],start_interpolation:0}
execute if entity @s[tag=aj.dino.bone.neck_2] run data modify entity @s {} merge value {transformation:[-0.7946045366551792f,-0.3375662045492018f,0.5046312394940033f,-0.5940805363887424f,-0.04475725215522526f,0.8614866194655488f,0.505803907518847f,0.2972786079953661f,-0.6054753658956914f,0.3793281719409555f,-0.6996497118311502f,-0.07751880959243462f,0f,0f,0f,1f],start_interpolation:0}
execute if entity @s[tag=aj.dino.bone.body_0] run data modify entity @s {} merge value {transformation:[-0.632030366226486f,-0.1120933315884956f,0.7667937800875833f,-0.23376133241018462f,0.09122176430178841f,0.9718423803430023f,0.21725785943646844f,0.4089294359065433f,-0.7695558497505445f,0.20726184594044048f,-0.60400854408864f,-0.3602113432294802f,0f,0f,0f,1f],start_interpolation:0}
execute if entity @s[tag=aj.dino.bone.leg_left_3] run data modify entity @s {} merge value {transformation:[0.23260714124568319f,0.040734702120619894f,0.9717173467035849f,-0.05635631939385237f,-0.03205164076144775f,0.9989008603313786f,-0.03420180629338264f,-0.0003583773112129651f,-0.972042494012484f,-0.02318955093086829f,0.23365708754843018f,0.07021442409318633f,0f,0f,0f,1f],start_interpolation:0}
execute if entity @s[tag=aj.dino.bone.leg_left_2] run data modify entity @s {} merge value {transformation:[0.44519617235631626f,0.07847154042319622f,0.9207088491828401f,-0.008920022165502861f,-0.2520291787242733f,0.9935596568616271f,0.037184685413053246f,0.2319971168593773f,-0.8890128574388269f,-0.2423708421021601f,0.4505271509108374f,0.026262244397293383f,0f,0f,0f,1f],start_interpolation:0}
execute if entity @s[tag=aj.dino.bone.leg_left_1] run data modify entity @s {} merge value {transformation:[0.47419266219234024f,-0.8732804788918198f,-0.11190408531155036f,-0.24967190845881457f,0.14926173276891946f,-0.04552301284130822f,0.9877492548378203f,0.16427077975097676f,-0.8676763534024429f,-0.4850864464075694f,0.10876067882242882f,-0.09400852581665847f,0f,0f,0f,1f],start_interpolation:0}
execute if entity @s[tag=aj.dino.bone.leg_left_0] run data modify entity @s {} merge value {transformation:[0.46242655050737735f,0.22783920989094525f,0.8568844611860561f,-0.176201644372896f,0.09379554481660532f,0.9484281374438741f,-0.302797727662048f,0.5722102535391635f,-0.8816825285545837f,0.22039365358606255f,0.41720804918000143f,-0.14395634443785285f,0f,0f,0f,1f],start_interpolation:0}
execute if entity @s[tag=aj.dino.bone.leg_right_3] run data modify entity @s {} merge value {transformation:[0.697006018217872f,-0.22042449729703334f,0.6823456979855719f,-0.008097975009978334f,0.20332205386540186f,0.9732788149834416f,0.10671687175129443f,0.02841590085508508f,-0.687635625153338f,0.06435362690461063f,0.7231983529600992f,-0.701153466149428f,0f,0f,0f,1f],start_interpolation:0}
execute if entity @s[tag=aj.dino.bone.leg_right_2] run data modify entity @s {} merge value {transformation:[0.7110753361228663f,-0.08981506428780531f,0.7337351838949964f,-0.00746117924604478f,0.29276569500504135f,0.9690673687246417f,-0.16510264141438927f,0.24874749600463697f,-0.6787652861532195f,0.3238886978589569f,0.6974496377612234f,-0.6030481414416191f,0f,0f,0f,1f],start_interpolation:0}
execute if entity @s[tag=aj.dino.bone.leg_right_1] run data modify entity @s {} merge value {transformation:[0.6084082229210513f,-0.7440838962334266f,0.27600469135167083f,-0.21212694502799748f,-0.07836912300999356f,0.28974875067128547f,0.9538888520383669f,0.275311719219201f,-0.7897453480968993f,-0.6019840669407389f,0.1179723200958388f,-0.7885734820872012f,0f,0f,0f,1f],start_interpolation:0}
execute if entity @s[tag=aj.dino.bone.leg_right_0] run data modify entity @s {} merge value {transformation:[0.6485283599674903f,0.6736322788522282f,0.3544439577792671f,-0.05189901312496337f,-0.04844245761685789f,0.5012254086661645f,-0.8639597317048261f,0.548073503432351f,-0.7596474804920479f,0.5431322514782102f,0.35769129537394917f,-0.5161119297988302f,0f,0f,0f,1f],start_interpolation:0}
execute if entity @s[tag=aj.dino.bone.tail_4] run data modify entity @s {} merge value {transformation:[1.0070355678402778f,-1.1470478568217335f,-2.3012652847651607f,-0.16946676891913456f,-2.5203647711615673f,-0.9297860635918503f,-0.6394690202332513f,0.21470090099291667f,-0.509217160936581f,2.3335467472735654f,-1.385972147229752f,0.6101118670918759f,0f,0f,0f,1f],start_interpolation:0}
execute if entity @s[tag=aj.dino.bone.tail_3] run data modify entity @s {} merge value {transformation:[0.7729671909285253f,0.36122675017853256f,-1.8994690002071537f,0.14907809295980232f,-1.8342563257222824f,-0.5099970127783713f,-0.8434170407036933f,0.362703984505687f,-0.6115316666700933f,1.9862939883000799f,0.12888265495055398f,0.5688206855150966f,0f,0f,0f,1f],start_interpolation:0}
execute if entity @s[tag=aj.dino.bone.tail_2] run data modify entity @s {} merge value {transformation:[1.0327214418174544f,1.0220173971143696f,-1.3068055473592173f,0.3930172226714893f,-1.5728178584035728f,0.11349169934668586f,-1.1541826083722533f,0.5761280038909312f,-0.5277350499067259f,1.6617382312439424f,0.8825506460962877f,0.40476163238454754f,0f,0f,0f,1f],start_interpolation:0}
execute if entity @s[tag=aj.dino.bone.tail_1] run data modify entity @s {} merge value {transformation:[1.3643482457384142f,0.6474024183012527f,-0.0841440617524583f,0.40190680022673314f,-0.6332824659884827f,1.2650538332865777f,-0.5350218380201713f,0.6763997782161181f,-0.15862986043635732f,0.517846654584758f,1.4122066632449077f,0.09469192460354517f,0f,0f,0f,1f],start_interpolation:0}
execute if entity @s[tag=aj.dino.bone.tail_0] run data modify entity @s {} merge value {transformation:[1.1032921912863527f,-0.08765588951999638f,0.6394517200407264f,0.21292885263071876f,0.05601342268798546f,1.2745987940953476f,0.07807769946335628f,0.6843419991383509f,-0.6429965425329772f,-0.03937100084035609f,1.1040113618833338f,-0.2288759473337065f,0f,0f,0f,1f],start_interpolation:0}
execute if entity @s[tag=aj.dino.bone.body_1] run data modify entity @s {} merge value {transformation:[0.39094581873769485f,-0.3983106693720721f,1.1032291568537043f,-0.016727422367255995f,-0.07591280600773226f,1.1518660197136086f,0.44277140102925694f,0.5038175f,-1.1704713613548159f,-0.20774474325419293f,0.3397697881723794f,-0.2938745809496017f,0f,0f,0f,1f],start_interpolation:0}