execute if entity @s[tag=aj.dino.bone.head_lower] run data modify entity @s {} merge value {transformation:[0.6033329153609452f,0.1894516074379468f,-0.7746595908405448f,0.8409760170198864f,-0.47862468446934103f,0.8629987847784155f,-0.1617142816438975f,0.3511113988699443f,0.6378932549092255f,0.46833875123691837f,0.6113517886055113f,-0.4585186209837603f,0f,0f,0f,1f],start_interpolation:0}
execute if entity @s[tag=aj.dino.bone.head_upper] run data modify entity @s {} merge value {transformation:[0.6280089802104932f,0.717936292918427f,-0.4167063026509556f,0.8285654039696645f,-0.49820023463718527f,0.7439316235689706f,0.5308805969754369f,0.4042590409683745f,0.6639828232461568f,-0.1208518156590501f,0.792460466944239f,-0.40639606046634424f,0f,0f,0f,1f],start_interpolation:0}
execute if entity @s[tag=aj.dino.bone.neck_0] run data modify entity @s {} merge value {transformation:[0.5475239711306433f,0.4803436767509157f,-0.6851915449294029f,0.7762858367391496f,-0.46378214611049007f,0.8557570449318598f,0.22931637751944162f,0.40534638612924806f,0.6965081636179712f,0.19222339153938237f,0.6913223168382597f,-0.36503906849415063f,0f,0f,0f,1f],start_interpolation:0}
execute if entity @s[tag=aj.dino.bone.neck_1] run data modify entity @s {} merge value {transformation:[0.5355056692200306f,0.43295419313174655f,-0.7251098846953097f,0.7168540782867041f,-0.20074383722895886f,0.8992413384054998f,0.3886732909749252f,0.4424148076526351f,0.8203265142903773f,-0.06257541012509467f,0.568461720786788f,-0.3171711767759444f,0f,0f,0f,1f],start_interpolation:0}
execute if entity @s[tag=aj.dino.bone.neck_2] run data modify entity @s {} merge value {transformation:[0.4049764016377981f,0.3215090622543887f,-0.8559357668685218f,0.6450154602534044f,-0.2901882808644469f,0.9329338272466771f,0.2131319676346191f,0.47022077175957205f,0.8670552899126087f,0.16206911139131666f,0.4711143463824801f,-0.2743112687815257f,0f,0f,0f,1f],start_interpolation:0}
execute if entity @s[tag=aj.dino.bone.body_0] run data modify entity @s {} merge value {transformation:[0.44746874522196156f,0.13221105523582108f,-0.8844727010614369f,0.22942626858071846f,-0.27530778172167725f,0.9613459799812484f,0.004419513251798235f,0.4814616939237662f,0.8508685840792176f,0.2415246232733304f,0.4665710117224424f,-0.052117276655575f,0f,0f,0f,1f],start_interpolation:0}
execute if entity @s[tag=aj.dino.bone.leg_left_3] run data modify entity @s {} merge value {transformation:[0.039440393966982804f,0.2223946817084922f,-0.9741586425585452f,-0.41924869786025226f,-0.08513046246932363f,0.9721204167374159f,0.21848272179289502f,0.07101373744844863f,0.9955889009443047f,0.07431353113700702f,0.05727337432403318f,-0.47768237975492156f,0f,0f,0f,1f],start_interpolation:0}
execute if entity @s[tag=aj.dino.bone.leg_left_2] run data modify entity @s {} merge value {transformation:[-0.019266260664082654f,0.14055521581364147f,-1.015842134393085f,-0.41790944243376016f,-0.3057653097494564f,0.9690224102789908f,0.13987617106429495f,0.3007398968756854f,0.9788761852525258f,0.30545375948802733f,0.023698402072456555f,-0.4042305578869108f,0f,0f,0f,1f],start_interpolation:0}
execute if entity @s[tag=aj.dino.bone.leg_left_1] run data modify entity @s {} merge value {transformation:[-0.11194871518530564f,0.9901825983696049f,-0.08370129661108766f,-0.14223904213968538f,0.08617514517626738f,0.09358717241260373f,0.9918746319538889f,0.2718430641964364f,0.9899703680020978f,0.10382611928523348f,-0.09580609287493105f,-0.3906589285603443f,0f,0f,0f,1f],start_interpolation:0}
execute if entity @s[tag=aj.dino.bone.leg_left_0] run data modify entity @s {} merge value {transformation:[-0.13739998893789657f,0.4186244740722336f,-0.8977052928147476f,0.07922908358093439f,0.033607623165351985f,0.9077494264451635f,0.41816444905521566f,0.5981215385825817f,0.98994533723082f,0.027286049479948227f,-0.13879373472436074f,-0.25354034846815415f,0f,0f,0f,1f],start_interpolation:0}
execute if entity @s[tag=aj.dino.bone.leg_right_3] run data modify entity @s {} merge value {transformation:[-0.46696113234891196f,0.056214511211573226f,-0.8824892235062506f,0.09622133064772592f,0.05229170342007286f,0.9979862849549256f,0.03590198873729364f,0.021674108895681776f,0.882730354428151f,-0.029382031432654693f,-0.4689603582394161f,0.28859687137700896f,0f,0f,0f,1f],start_interpolation:0}
execute if entity @s[tag=aj.dino.bone.leg_right_2] run data modify entity @s {} merge value {transformation:[-0.48621743150636737f,-0.06386483070651332f,-0.9008751812536923f,0.05424776026261652f,0.1882345864706344f,0.9934976357681278f,-0.17202438106287044f,0.24764861835531915f,0.8833020713528721f,-0.24687229618299178f,-0.4592316622596454f,0.215488646602924f,0f,0f,0f,1f],start_interpolation:0}
execute if entity @s[tag=aj.dino.bone.leg_right_1] run data modify entity @s {} merge value {transformation:[-0.3245251363893474f,0.8735453388832142f,-0.3627698675012649f,0.30433956301120557f,-0.17615245780926994f,0.32100272090925586f,0.9305522901893302f,0.2819938360982239f,0.9293297302137863f,0.36589041267060296f,0.04970370666768198f,0.330761721845666f,0f,0f,0f,1f],start_interpolation:0}
execute if entity @s[tag=aj.dino.bone.leg_right_0] run data modify entity @s {} merge value {transformation:[-0.37767097244064524f,-0.902495594209781f,-0.20704187742500713f,0.010758892816657092f,-0.159052186350085f,0.2835097339676754f,-0.9456873863824322f,0.4887877278934547f,0.9121770872988397f,-0.3242282115694317f,-0.25061729435434543f,0.11779704174881234f,0f,0f,0f,1f],start_interpolation:0}
execute if entity @s[tag=aj.dino.bone.tail_4] run data modify entity @s {} merge value {transformation:[-0.2596867256827498f,-2.225451064381288f,1.6141845297698663f,-0.9291350821669115f,2.693852731258007f,0.11778697999980234f,0.5957726254506034f,0.31492771965990085f,-0.548982329768409f,1.6306916075661633f,2.15988995419103f,0.893551007209697f,0f,0f,0f,1f],start_interpolation:0}
execute if entity @s[tag=aj.dino.bone.tail_3] run data modify entity @s {} merge value {transformation:[-0.37340948772934623f,-2.02625472085259f,0.3013348415645717f,-0.9604018425471235f,2.042754317165045f,-0.3453027936822018f,0.20944284762980636f,0.2827930114005206f,-0.15383653734312475f,0.33317159684208547f,2.0497015716636446f,0.5427370199526658f,0f,0f,0f,1f],start_interpolation:0}
execute if entity @s[tag=aj.dino.bone.tail_2] run data modify entity @s {} merge value {transformation:[0.5004889972198582f,-1.8348752520959222f,-0.4489069479419588f,-0.8770175511789033f,1.808555205903869f,0.5995224937730816f,-0.43413675456116035f,0.3649780710708216f,0.545355577456262f,-0.30426873600291005f,1.8516969799163452f,0.19884145457103797f,0f,0f,0f,1f],start_interpolation:0}
execute if entity @s[tag=aj.dino.bone.tail_1] run data modify entity @s {} merge value {transformation:[0.38581861573202686f,-1.0774819108820484f,-0.9888543762741778f,-0.6514246190823942f,1.1531668573272091f,0.8531129456684438f,-0.47964648554430195f,0.4566625156739992f,0.8994478555851426f,-0.6315752399001099f,1.0391162213286862f,-0.017903715166916745f,0f,0f,0f,1f],start_interpolation:0}
execute if entity @s[tag=aj.dino.bone.tail_0] run data modify entity @s {} merge value {transformation:[0.46241551047071894f,0.0809972879833162f,-1.1888847932409095f,-0.30205024140090037f,-0.09686005328517344f,1.2735947321372363f,0.049094856491315515f,0.4730499671329773f,1.1876976645332453f,0.07232989835232208f,0.46688152678237876f,-0.15259189933735479f,0f,0f,0f,1f],start_interpolation:0}
execute if entity @s[tag=aj.dino.bone.body_1] run data modify entity @s {} merge value {transformation:[-0.21534648557901495f,-0.28434205464826584f,-1.1837990041233435f,-0.007681100112540504f,-0.3438671869328089f,1.1674322512718462f,-0.2178575027340481f,0.4450639380215755f,1.1678980451888488f,0.29130075472782724f,-0.28242277067424026f,-0.10655373431353277f,0f,0f,0f,1f],start_interpolation:0}