execute if entity @s[tag=aj.dino.bone.head_lower] run data modify entity @s {} merge value {transformation:[-0.8636964049655688f,-0.08488885734999095f,-0.49681224013440406f,-0.6712226567809833f,-0.28165839573897045f,0.898726637846935f,0.33609370499027985f,0.16558273061024908f,0.41796778363804743f,0.4302142632714038f,-0.8001366255325033f,0.08945811530126324f,0f,0f,0f,1f],start_interpolation:0}
execute if entity @s[tag=aj.dino.bone.head_upper] run data modify entity @s {} merge value {transformation:[-0.8990212280551585f,0.11626300359219727f,-0.5115815556540542f,-0.704158168341155f,-0.2931781067670295f,0.7303967950578306f,0.6812041265767965f,0.22885300454396645f,0.4350624918356004f,0.7324447954272574f,-0.5980946350142492f,0.06480895697041915f,0f,0f,0f,1f],start_interpolation:0}
execute if entity @s[tag=aj.dino.bone.neck_0] run data modify entity @s {} merge value {transformation:[-0.9620262199549027f,-0.2645786807144436f,0.06710941685549948f,-0.695213284821777f,-0.24942079969398595f,0.951965406968322f,0.17762637364887374f,0.2249670695192204f,-0.1108819949283622f,0.1541427443866275f,-0.981807108119342f,-0.0011427285433347756f,0f,0f,0f,1f],start_interpolation:0}
execute if entity @s[tag=aj.dino.bone.neck_1] run data modify entity @s {} merge value {transformation:[-0.924515323727377f,-0.2358286128290162f,0.29942658793835375f,-0.6709343557901585f,-0.07157834548639189f,0.8790468438382111f,0.4713312919757295f,0.268944675101479f,-0.37436340185799877f,0.4143205422245216f,-0.8295724993272647f,-0.06950968442744712f,0f,0f,0f,1f],start_interpolation:0}
execute if entity @s[tag=aj.dino.bone.neck_2] run data modify entity @s {} merge value {transformation:[-0.7129439208538214f,-0.3336349168641771f,0.6167647103771527f,-0.6201676357837154f,0.008305531045422379f,0.8754787134473528f,0.4831853065384144f,0.3198468156228887f,-0.7011718647176548f,0.34960658539221123f,-0.6213962114293625f,-0.12052578604513939f,0f,0f,0f,1f],start_interpolation:0}
execute if entity @s[tag=aj.dino.bone.body_0] run data modify entity @s {} merge value {transformation:[-0.4716964455119996f,-0.07256806696180818f,0.8787697872302912f,-0.2066980319966762f,0.16610233761303209f,0.9714526822168152f,0.1693803402205868f,0.4089294359065433f,-0.865974870727108f,0.22586182030432225f,-0.4461770516263545f,-0.3286557411470226f,0f,0f,0f,1f],start_interpolation:0}
execute if entity @s[tag=aj.dino.bone.leg_left_3] run data modify entity @s {} merge value {transformation:[0.04310148205496478f,0.0375641652344209f,0.9983642600448531f,-0.005659773662285664f,-0.010654197858092363f,0.9992533626186568f,-0.03713765425156723f,-0.027663814148964933f,-0.9990138889488307f,-0.009036082422678284f,0.043469516926053f,0.04985247936034628f,0f,0f,0f,1f],start_interpolation:0}
execute if entity @s[tag=aj.dino.bone.leg_left_2] run data modify entity @s {} merge value {transformation:[0.2523774304820915f,0.0975076454959105f,0.9893735852314817f,0.04803672511256815f,-0.2460307900778839f,0.9951300763808348f,-0.03531544869630912f,0.2028264694196089f,-0.9632427951547855f,-0.2286276222437112f,0.268244156376756f,0.003355304544920973f,0f,0f,0f,1f],start_interpolation:0}
execute if entity @s[tag=aj.dino.bone.leg_left_1] run data modify entity @s {} merge value {transformation:[0.3332815119849735f,-0.9423632049190975f,0.029580800929275897f,-0.21618027317920804f,0.14736563867707297f,0.08305581734296452f,0.9855887071911851f,0.17018333162785382f,-0.931239390439595f,-0.32411930090647134f,0.16655292394188714f,-0.07498490881040328f,0f,0f,0f,1f],start_interpolation:0}
execute if entity @s[tag=aj.dino.bone.leg_left_0] run data modify entity @s {} merge value {transformation:[0.3142905428863041f,0.34767521489971837f,0.8833704769781854f,-0.11503923295090547f,0.09379554481660538f,0.9145975618221247f,-0.3933366187905483f,0.5722102535391635f,-0.9446818778958282f,0.2064781946198181f,0.2548389780268162f,-0.1245038203948442f,0f,0f,0f,1f],start_interpolation:0}
execute if entity @s[tag=aj.dino.bone.leg_right_3] run data modify entity @s {} merge value {transformation:[0.5463573168707521f,-0.16103244887861357f,0.8219259289680239f,-0.14597632002566785f,0.15513522181015785f,0.983819036166028f,0.08962793666743135f,0.05054153399761535f,-0.823059381366682f,0.07854078230769487f,0.5624985335614572f,-0.7319341755007974f,0f,0f,0f,1f],start_interpolation:0}
execute if entity @s[tag=aj.dino.bone.leg_right_2] run data modify entity @s {} merge value {transformation:[0.5797810012065094f,0.1838684221977996f,0.8258986581047116f,-0.07849234958665757f,0.23897964325946083f,0.9248403069839357f,-0.3736593852509727f,0.2542019702450622f,-0.8116679864626005f,0.4036397024538661f,0.4799294425802572f,-0.6217551733846862f,0f,0f,0f,1f],start_interpolation:0}
execute if entity @s[tag=aj.dino.bone.leg_right_1] run data modify entity @s {} merge value {transformation:[0.3844936395148529f,-0.8081617686605939f,0.4461380916801464f,-0.31404870730187845f,-0.09624458082620103f,0.44556126317164524f,0.8900629985694701f,0.3261246669714272f,-0.9180967388212482f,-0.38516193534183596f,0.09353428103920092f,-0.749636812783436f,0f,0f,0f,1f],start_interpolation:0}
execute if entity @s[tag=aj.dino.bone.leg_right_0] run data modify entity @s {} merge value {transformation:[0.43485872451374263f,0.8543423976090649f,0.28459964399463855f,-0.052337775621114094f,-0.075166266499562f,0.3493816693789604f,-0.9339606423626681f,0.548073503432351f,-0.8973560731921291f,0.3847486409976842f,0.2161493954551747f,-0.511827265462725f,0f,0f,0f,1f],start_interpolation:0}
execute if entity @s[tag=aj.dino.bone.tail_4] run data modify entity @s {} merge value {transformation:[0.9442027039620381f,-0.893706268075089f,-2.4362741413548f,-0.18222723464441387f,-2.527902566511667f,-0.9025906068625932f,-0.6486140163665444f,0.23395215584703086f,-0.5863882669822973f,2.451995235396413f,-1.1267339959097644f,0.4784446074568474f,0f,0f,0f,1f],start_interpolation:0}
execute if entity @s[tag=aj.dino.bone.tail_3] run data modify entity @s {} merge value {transformation:[0.8522799491699586f,0.09947517916396008f,-1.8972793950859197f,0.13850779573499633f,-1.8452905782929512f,-0.45157262783342894f,-0.852602116757471f,0.38294096035848835f,-0.4521803798823681f,2.030303518335707f,-0.09667498915194127f,0.47496899923222036f,0f,0f,0f,1f],start_interpolation:0}
execute if entity @s[tag=aj.dino.bone.tail_2] run data modify entity @s {} merge value {transformation:[1.094778499395877f,0.6937034370843265f,-1.4625352828703584f,0.4113645076691367f,-1.586427133996471f,0.10892874553728953f,-1.135850937367307f,0.5929460130639416f,-0.32168752040299975f,1.823645783801185f,0.6241851243372482f,0.3591304194765537f,0f,0f,0f,1f],start_interpolation:0}
execute if entity @s[tag=aj.dino.bone.tail_1] run data modify entity @s {} merge value {transformation:[1.3759438065980263f,0.5813670783742728f,-0.23758621859673376f,0.4540692611585817f,-0.6273367900606376f,1.2993408979643926f,-0.453671723511067f,0.675287346095136f,0.029722767720194502f,0.5112551232600494f,1.4231623259556174f,0.04660380316543089f,0f,0f,0f,1f],start_interpolation:0}
execute if entity @s[tag=aj.dino.bone.tail_0] run data modify entity @s {} merge value {transformation:[1.0835366678370555f,-0.074127365232815f,0.6740097475261304f,0.2553191221180453f,0.04101199769391498f,1.2753932003453603f,0.07433651284531469f,0.6843419991383509f,-0.6768323441456917f,-0.04138882482613132f,1.0835223392629187f,-0.2710253938401587f,0f,0f,0f,1f],start_interpolation:0}
execute if entity @s[tag=aj.dino.bone.body_1] run data modify entity @s {} merge value {transformation:[0.19720316718757808f,-0.42658411420294806f,1.143565258049196f,0.018189685762597094f,-0.07591280600773226f,1.1518660197136086f,0.44277140102925694f,0.5038175f,-1.218175993767514f,-0.14083771226154168f,0.15753279680661625f,-0.29816314303986596f,0f,0f,0f,1f],start_interpolation:0}