execute if entity @s[tag=aj.dino.bone.head_lower] run data modify entity @s {} merge value {transformation:[-0.943138857102248f,0.020856425569826725f,-0.33174403647438144f,-0.21850830701879168f,-0.017733575479986944f,0.9934511187433266f,0.11287335809804105f,0.30359957430111345f,0.3319256189638894f,0.11233825786473323f,-0.9365924937214455f,0.6098938074960747f,0f,0f,0f,1f],start_interpolation:0}
execute if entity @s[tag=aj.dino.bone.head_upper] run data modify entity @s {} merge value {transformation:[-0.9817128433832062f,0.1614598855974846f,-0.30601068782448554f,-0.23628309033612074f,-0.01845887132812863f,0.8948605570444786f,0.5313716177016273f,0.36031906082014037f,0.3455012384771713f,0.5065838838459037f,-0.8411145019685775f,0.5633920503374813f,0f,0f,0f,1f],start_interpolation:0}
execute if entity @s[tag=aj.dino.bone.neck_0] run data modify entity @s {} merge value {transformation:[-0.9682930710388609f,-0.041560516636311426f,-0.24633564913559367f,-0.25122413047901493f,-0.02419685592841618f,0.9970309433620137f,-0.07310136894636543f,0.3394163262042892f,0.24864239530158755f,-0.06482300082205417f,-0.9664237879021363f,0.5018731324396134f,0f,0f,0f,1f],start_interpolation:0}
execute if entity @s[tag=aj.dino.bone.neck_1] run data modify entity @s {} merge value {transformation:[-0.9509806451186362f,0.3034910265063782f,-0.059405466413851034f,-0.2548584079582782f,0.2540055480313253f,0.8761227451989366f,0.4097439650737828f,0.3781632059073685f,0.1764000968793624f,0.37456926218682723f,-0.9102641779427375f,0.426487403120265f,0f,0f,0f,1f],start_interpolation:0}
execute if entity @s[tag=aj.dino.bone.neck_2] run data modify entity @s {} merge value {transformation:[-0.9801473722956876f,0.1908401435771298f,0.05376958416539291f,-0.24827934483279868f,0.1963204272385629f,0.8961976672641263f,0.3978542836758284f,0.42179256035055657f,0.027738392720684034f,0.4005118984372361f,-0.9158716071477893f,0.3501714431027021f,0f,0f,0f,1f],start_interpolation:0}
execute if entity @s[tag=aj.dino.bone.body_0] run data modify entity @s {} merge value {transformation:[-0.9787264029210574f,0.19795433821091657f,0.05393244115266854f,-0.22097542504981857f,0.20461540157832964f,0.9610656317025819f,0.18570242054711122f,0.5184687662443397f,-0.015072015862082955f,0.19278727018036057f,-0.981124815094521f,-0.11039246330073338f,0f,0f,0f,1f],start_interpolation:0}
execute if entity @s[tag=aj.dino.bone.leg_left_3] run data modify entity @s {} merge value {transformation:[-0.8537473467334462f,-0.15205779595266755f,0.4979898539484696f,0.3065682889639001f,-0.1108920980705194f,0.9875653537059073f,0.11143435172891683f,0.04076376931308506f,-0.5087419881738869f,0.03991364240134726f,-0.8599933084734659f,-0.47291800380606247f,0f,0f,0f,1f],start_interpolation:0}
execute if entity @s[tag=aj.dino.bone.leg_left_2] run data modify entity @s {} merge value {transformation:[-0.8745563585834321f,-0.2456562660494063f,0.47630491716194295f,0.26266935765371946f,-0.11194327898873208f,0.9752249693703255f,0.29743429678937905f,0.27710567935716723f,-0.524101209167879f,0.20162206617333586f,-0.8583289954798548f,-0.45325948268786503f,0f,0f,0f,1f],start_interpolation:0}
execute if entity @s[tag=aj.dino.bone.leg_left_1] run data modify entity @s {} merge value {transformation:[-0.8290652828495801f,-0.5365284898960798f,0.15744185054609244f,0.12507256139198986f,0.2859985465275945f,-0.16494534846072878f,0.9439268315951571f,0.17653700349714935f,-0.4804743366275136f,0.8276051060445443f,0.29019683025724086f,-0.23424704296345947f,0f,0f,0f,1f],start_interpolation:0}
execute if entity @s[tag=aj.dino.bone.leg_left_0] run data modify entity @s {} merge value {transformation:[-0.8392078699685579f,0.15698781734997402f,0.5206582143657463f,0.04674682823892916f,0.2298300261556212f,0.9701048336247298f,0.07794081636242893f,0.5778104499383182f,-0.49285729177941834f,0.18507143750894306f,-0.8502001252400702f,-0.14967766746786418f,0f,0f,0f,1f],start_interpolation:0}
execute if entity @s[tag=aj.dino.bone.leg_right_3] run data modify entity @s {} merge value {transformation:[-0.6887279550212919f,-0.379683627356595f,0.6176521246539413f,-0.1673503377109069f,0.42402948377396343f,0.48007531941557596f,0.7679366409922233f,0.3591720940114611f,-0.5880925104629166f,0.7908021439053963f,-0.1696442404918403f,-0.7825426870360833f,0f,0f,0f,1f],start_interpolation:0}
execute if entity @s[tag=aj.dino.bone.leg_right_2] run data modify entity @s {} merge value {transformation:[-0.7231867063716141f,-0.15697129599877327f,0.7102275687837926f,-0.18086896966494898f,0.49483127170329616f,0.6278772755627746f,0.6426307951515089f,0.5246218748176424f,-0.533108994270937f,0.7957338365088088f,-0.36696683932352386f,-0.6075721504097892f,0f,0f,0f,1f],start_interpolation:0}
execute if entity @s[tag=aj.dino.bone.leg_right_1] run data modify entity @s {} merge value {transformation:[-0.6561144913747379f,-0.6827247882326585f,-0.32155969545442253f,-0.3623565692473705f,0.15707589042233744f,-0.5403125059137621f,0.8266737933436747f,0.337120438284652f,-0.738133415349894f,0.4918833799650713f,0.46174646902606475f,-0.5131324968968646f,0f,0f,0f,1f],start_interpolation:0}
execute if entity @s[tag=aj.dino.bone.leg_right_0] run data modify entity @s {} merge value {transformation:[-0.6495555996710694f,0.14246255861069382f,0.7468480048376995f,-0.2916917507734728f,0.21445668189780126f,0.9767334791528973f,0.00020564839398734547f,0.6956649202504858f,-0.7294421529671444f,0.1603001250653639f,-0.6649947483842906f,-0.3112423870688791f,0f,0f,0f,1f],start_interpolation:0}
execute if entity @s[tag=aj.dino.bone.tail_4] run data modify entity @s {} merge value {transformation:[-1.6207324656892956f,0.547650539460404f,2.1677099651220475f,1.1490348827378796f,-0.05634575689944272f,2.6664832574306185f,-0.7157887433605156f,0.4162486570632163f,-2.2351091163386463f,-0.4643352841115195f,-1.5538150834603675f,-1.366016636719298f,0f,0f,0f,1f],start_interpolation:0}
execute if entity @s[tag=aj.dino.bone.tail_3] run data modify entity @s {} merge value {transformation:[-1.1889794473366817f,0.13731623799884388f,1.7039417979019267f,0.8587655743053253f,-0.2867599502502317f,2.030132345190591f,-0.36369893866752034f,0.4580521181029622f,-1.6852424546004912f,-0.4423261668014237f,-1.1402854718969784f,-1.1683378501438266f,0f,0f,0f,1f],start_interpolation:0}
execute if entity @s[tag=aj.dino.bone.tail_2] run data modify entity @s {} merge value {transformation:[-1.1396689871865182f,0.013875515996559241f,1.5873676148592246f,0.5628379809142969f,-0.42864779630622957f,1.8788147885137196f,-0.32417577359626554f,0.5184457943082899f,-1.5284598592602445f,-0.5372488580916234f,-1.0926792750446848f,-0.9664692113874787f,0f,0f,0f,1f],start_interpolation:0}
execute if entity @s[tag=aj.dino.bone.tail_1] run data modify entity @s {} merge value {transformation:[-0.741289029305945f,0.24681229781789424f,1.2950793468650876f,0.2818425360408605f,0.1319786627775896f,1.4921884584524014f,-0.20883363482180284f,0.545017911466396f,-1.3117653973184724f,0.010655707733317086f,-0.7528706716897752f,-0.8033368738545921f,0f,0f,0f,1f],start_interpolation:0}
execute if entity @s[tag=aj.dino.bone.tail_0] run data modify entity @s {} merge value {transformation:[-0.8404226151012386f,0.4683715998837153f,0.8415186207284974f,0.047233877387507686f,0.26908914808510703f,1.1865928406229078f,-0.39169398457126914f,0.6881145965471879f,-0.9247251348337271f,-0.0803815376119118f,-0.878782083341438f,-0.5484760739960328f,0f,0f,0f,1f],start_interpolation:0}
execute if entity @s[tag=aj.dino.bone.body_1] run data modify entity @s {} merge value {transformation:[-1.0644275671085286f,0.241515060053542f,0.5807486764539399f,-0.10404980809975518f,0.3706656240943733f,1.1631552618500869f,0.1956564003589822f,0.5642804629629627f,-0.5081392964044383f,0.3425564298827854f,-1.07380358671957f,-0.3219053881784133f,0f,0f,0f,1f],start_interpolation:0}