execute if entity @s[tag=aj.dino.bone.head_lower] run data modify entity @s {} merge value {transformation:[-0.9416279970754444f,-0.3064802065844585f,-0.13930756654121254f,0.05512558633686412f,-0.3017895145716459f,0.9518348760575983f,-0.05416140337017228f,0.4068885600891862f,0.14919719842643522f,-0.008958330891620792f,-0.9887668806596118f,0.7805480596549402f,0f,0f,0f,1f],start_interpolation:0}
execute if entity @s[tag=aj.dino.bone.head_upper] run data modify entity @s {} merge value {transformation:[-0.9801401898108314f,-0.13930416195346562f,-0.32154548879363404f,0.0295267857781776f,-0.3141325799719952f,0.7725672228698163f,0.6228423162654129f,0.46707594551735465f,0.1552993016765771f,0.6835248197345647f,-0.7695114620907901f,0.7428965452488163f,0f,0f,0f,1f],start_interpolation:0}
execute if entity @s[tag=aj.dino.bone.neck_0] run data modify entity @s {} merge value {transformation:[-0.9798214106822343f,-0.19005608937884322f,0.061876377226673884f,0.036929399826974546f,-0.18610980415786135f,0.980420677623951f,0.06433067451624641f,0.4553817583954511f,-0.07289131611515182f,0.05151677180699396f,-0.9960084729848372f,0.6776801090758748f,0f,0f,0f,1f],start_interpolation:0}
execute if entity @s[tag=aj.dino.bone.neck_1] run data modify entity @s {} merge value {transformation:[-0.9988442042100305f,-0.039099590919766725f,0.027954922749629043f,0.03911742176431071f,-0.03117707915788791f,0.9696979099881243f,0.24230962238393733f,0.4803758407842409f,-0.03658203727532985f,0.24115800910309904f,-0.9697961482673645f,0.5966366315463699f,0f,0f,0f,1f],start_interpolation:0}
execute if entity @s[tag=aj.dino.bone.neck_2] run data modify entity @s {} merge value {transformation:[-0.9995477285698317f,0.021785143529009204f,-0.02073031192024504f,0.03751458113362155f,0.014327753247985256f,0.9510740242555177f,0.30863071116348706f,0.5167258149312228f,0.026439625522216327f,0.3081941075164082f,-0.9509560128073273f,0.5163431655882548f,0f,0f,0f,1f],start_interpolation:0}
execute if entity @s[tag=aj.dino.bone.body_0] run data modify entity @s {} merge value {transformation:[-0.9985801012205164f,0.016594592108864846f,-0.050620163563184745f,0.013815572104983017f,0.011687015109901486f,0.995336974471493f,0.09574821631631224f,0.5713334190783486f,0.05197302304315297f,0.09502066492439833f,-0.9941176379649851f,0.048724441365735754f,0f,0f,0f,1f],start_interpolation:0}
execute if entity @s[tag=aj.dino.bone.leg_left_3] run data modify entity @s {} merge value {transformation:[-0.9922960119972547f,0.0030380842955544073f,-0.12385230970053601f,0.24965647331880034f,0.0030144837576239515f,0.999995385009833f,0.000377950673809635f,0.02531638918220444f,0.12385288636935107f,0.0000016881704168469902f,-0.9923005908166799f,-0.15415846969992528f,0f,0f,0f,1f],start_interpolation:0}
execute if entity @s[tag=aj.dino.bone.leg_left_2] run data modify entity @s {} merge value {transformation:[-1.0173222034164515f,-0.0904271899793574f,-0.09455504877598052f,0.22407760052166903f,-0.054493452279254534f,0.9667791300191476f,-0.3382761843801661f,0.2401324114503235f,0.11894619622030576f,-0.3304893895007107f,-0.9636860304751043f,-0.2607927508169602f,0f,0f,0f,1f],start_interpolation:0}
execute if entity @s[tag=aj.dino.bone.leg_left_1] run data modify entity @s {} merge value {transformation:[-0.9548696586751554f,0.03148756715839281f,0.29535143144403125f,0.2359842822222596f,0.2817278997191907f,0.4110088504177343f,0.8670069869373065f,0.3001970855684476f,-0.09409211157905926f,0.9110874041455842f,-0.4013308068736506f,0.00988020962373487f,0f,0f,0f,1f],start_interpolation:0}
execute if entity @s[tag=aj.dino.bone.leg_left_0] run data modify entity @s {} merge value {transformation:[-0.973392583439566f,0.2287019252138851f,-0.014223498455379086f,0.2137561415351333f,0.21323596087678556f,0.8813456383973792f,-0.4216162836832446f,0.7053583721535195f,-0.08388863745348138f,-0.4134311249547846f,-0.9066627826401721f,-0.08839247314607503f,0f,0f,0f,1f],start_interpolation:0}
execute if entity @s[tag=aj.dino.bone.leg_right_3] run data modify entity @s {} merge value {transformation:[-0.9738704224677818f,0.08471361314620114f,0.21071308452523863f,-0.23874491907289386f,0.1089031715532986f,0.9883886532260456f,0.10596211303874647f,0.08713639544919247f,-0.19928998837888817f,0.1261406909831997f,-0.9717880564249716f,-0.277102988269822f,0f,0f,0f,1f],start_interpolation:0}
execute if entity @s[tag=aj.dino.bone.leg_right_2] run data modify entity @s {} merge value {transformation:[-1.0000192922402618f,0.1532465345664478f,0.16893523697368462f,-0.19625111064869788f,0.1492875812289057f,1.0141313141362247f,-0.036236656576607164f,0.3221774558137436f,-0.1724437088988848f,-0.010741360826386598f,-1.0110440098875462f,-0.3105850469629605f,0f,0f,0f,1f],start_interpolation:0}
execute if entity @s[tag=aj.dino.bone.leg_right_1] run data modify entity @s {} merge value {transformation:[-0.9692019924566232f,-0.08086117460955375f,-0.2326133449715967f,-0.2251838887921762f,-0.23957444525194369f,0.09087619031685101f,0.9666155405411806f,0.29082873856863667f,-0.05702265339613041f,0.9925739209118175f,-0.10744965577146365f,-0.03637064556188119f,0f,0f,0f,1f],start_interpolation:0}
execute if entity @s[tag=aj.dino.bone.leg_right_0] run data modify entity @s {} merge value {transformation:[-0.9793387843407104f,-0.14290916531208936f,0.14308219999657976f,-0.17906922774909037f,-0.18629096109612883f,0.9128367126109718f,-0.3633521899252496f,0.7004783362772694f,-0.07868432690148625f,-0.38249981252204035f,-0.9205990821854344f,-0.10246091487960851f,0f,0f,0f,1f],start_interpolation:0}
execute if entity @s[tag=aj.dino.bone.tail_4] run data modify entity @s {} merge value {transformation:[-2.540161590487014f,-0.17562492554226877f,-1.0688294117129993f,-0.13390423662712644f,-0.25202237426651186f,2.7459636649911023f,0.14774845182844032f,0.6620415603504373f,1.0534349285473474f,0.23345399477606554f,-2.541935368029554f,-1.8368340552003508f,0f,0f,0f,1f],start_interpolation:0}
execute if entity @s[tag=aj.dino.bone.tail_3] run data modify entity @s {} merge value {transformation:[-1.972463982857936f,-0.08846077095755453f,-0.661442404427057f,-0.020882389772067092f,-0.03662679916667194f,2.0751570970316693f,-0.16830634648267043f,0.6702730557743245f,0.666325626068408f,-0.14779458949885657f,-1.9672601366885505f,-1.5018131483134467f,0f,0f,0f,1f],start_interpolation:0}
execute if entity @s[tag=aj.dino.bone.tail_2] run data modify entity @s {} merge value {transformation:[-1.921153001930528f,-0.07022772541737508f,-0.3507322123198808f,0.04288066458338098f,-0.0048555207009554555f,1.9210778643866298f,-0.3580644325888929f,0.7372899873685119f,0.35766107153954957f,-0.351143532688821f,-1.88879608543611f,-1.1505091663432663f,0f,0f,0f,1f],start_interpolation:0}
execute if entity @s[tag=aj.dino.bone.tail_1] run data modify entity @s {} merge value {transformation:[-1.510690904472008f,0.04221389886196208f,-0.06072254843481396f,0.05687472986035335f,0.04887067705943691f,1.5019273600568135f,-0.17170355860180742f,0.7558324774082803f,0.055505838155085245f,-0.17346020251240382f,-1.501494891791197f,-0.8253368747823506f,0f,0f,0f,1f],start_interpolation:0}
execute if entity @s[tag=aj.dino.bone.tail_0] run data modify entity @s {} merge value {transformation:[-1.2745890317426525f,0.011180832005398674f,0.0955693765859261f,0.029216950176167655f,0.014123038880567816f,1.2775459046033335f,0.038893675424887225f,0.7752962999023789f,-0.09517907605211072f,0.03983926719890258f,-1.2740445411581767f,-0.4520700558208462f,0f,0f,0f,1f],start_interpolation:0}
execute if entity @s[tag=aj.dino.bone.body_1] run data modify entity @s {} merge value {transformation:[-1.235480167024319f,-0.02455889751341504f,0.03987746855978912f,0.021600213359980018f,-0.015348264167510246f,1.2069237297465842f,0.26777628053636254f,0.6317471875f,-0.044246838676403916f,0.2670890603970331f,-1.2063624024892456f,-0.18959803930138297f,0f,0f,0f,1f],start_interpolation:0}