execute if entity @s[tag=aj.dino.bone.head_lower] run data modify entity @s {} merge value {transformation:[-0.8500206606443401f,0.45004002334243626f,0.2737313534611964f,-0.7061635211850918f,0.5052542029277223f,0.5496628094108823f,0.6652736176750196f,0.8126437760190632f,0.14893980966024845f,0.7038002368147338f,-0.6946093576665185f,0.1189741590747387f,0f,0f,0f,1f],start_interpolation:0}
execute if entity @s[tag=aj.dino.bone.head_upper] run data modify entity @s {} merge value {transformation:[-0.8847861514894184f,0.54788552473955f,0.021139075119748104f,-0.6926782873297178f,0.5259188893048816f,0.8367023491959932f,0.32681867037507667f,0.8541249844908335f,0.1550313858170986f,0.2884832286533851f,-0.988035747724168f,0.05738751845045822f,0f,0f,0f,1f],start_interpolation:0}
execute if entity @s[tag=aj.dino.bone.neck_0] run data modify entity @s {} merge value {transformation:[-0.7641022512665219f,0.6437091345082896f,-0.04226463959412158f,-0.7056129038398292f,0.599071467721559f,0.6837605654764035f,-0.416635170936547f,0.815892282150381f,-0.23929297142074502f,-0.3436714117438009f,-0.9080907634034459f,0.004324419956499181f,0f,0f,0f,1f],start_interpolation:0}
execute if entity @s[tag=aj.dino.bone.neck_1] run data modify entity @s {} merge value {transformation:[-0.6288493345708916f,0.59985429328413f,0.4946952003388987f,-0.6609422737492467f,0.5212463743610811f,0.7973372955344847f,-0.30422927927006194f,0.7937933024402818f,-0.576932172464991f,0.06654369976451929f,-0.8140769032446966f,-0.064332020000829f,0f,0f,0f,1f],start_interpolation:0}
execute if entity @s[tag=aj.dino.bone.neck_2] run data modify entity @s {} merge value {transformation:[-0.3826008251523235f,0.3812406827663838f,0.8415890626645419f,-0.5834801753821532f,0.3428835942433197f,0.9044344670649966f,-0.25382894945935164f,0.78041096145463f,-0.8579320773764922f,0.19145191717158927f,-0.4767585489739846f,-0.10422521065350929f,0f,0f,0f,1f],start_interpolation:0}
execute if entity @s[tag=aj.dino.bone.body_0] run data modify entity @s {} merge value {transformation:[-0.15779757334120564f,0.6224671520390863f,0.7665732649133907f,-0.21626729257110325f,0.274963004801871f,0.7732943028388318f,-0.5713241349595968f,0.5185146339660964f,-0.9484172456455824f,0.12062572623347881f,-0.2931794029816773f,-0.24125045303148093f,0f,0f,0f,1f],start_interpolation:0}
execute if entity @s[tag=aj.dino.bone.leg_left_3] run data modify entity @s {} merge value {transformation:[-0.30351328600220157f,0.25136296289253895f,0.919073634757319f,0.02036610611317799f,0.03624891049130645f,0.9669231864949464f,-0.2524788464538213f,0.020293768799889755f,-0.9521374384553625f,-0.04331526641200676f,-0.302585667187522f,0.246950387539267f,0f,0f,0f,1f],start_interpolation:0}
execute if entity @s[tag=aj.dino.bone.leg_left_2] run data modify entity @s {} merge value {transformation:[-0.20858642340850442f,0.28392980758765735f,0.9632952651360734f,0.11599627398651327f,-0.49790299564305535f,0.825184407746005f,-0.35103489804183413f,0.20102206955517843f,-0.8721505090292697f,-0.5389960640642983f,-0.02998219511435178f,0.11903156810819478f,0f,0f,0f,1f],start_interpolation:0}
execute if entity @s[tag=aj.dino.bone.leg_left_1] run data modify entity @s {} merge value {transformation:[-0.005978094634972159f,-0.9218772095654503f,0.387436024226393f,-0.15487805153853304f,-0.16866599363754722f,0.38282151781884793f,0.9082948134197028f,0.26020925065543465f,-0.9856551349101744f,-0.059917409646048005f,-0.15777787882499075f,0.13075176539844238f,0f,0f,0f,1f],start_interpolation:0}
execute if entity @s[tag=aj.dino.bone.leg_left_0] run data modify entity @s {} merge value {transformation:[-0.03696289137108255f,0.5422252495177402f,0.8394197540247155f,-0.014614693904313171f,-0.21711028025436943f,0.815572399530074f,-0.5363811959163247f,0.5988496290134877f,-0.9754470107952347f,-0.20207285792550628f,0.0875767618747087f,-0.06913861259695464f,0f,0f,0f,1f],start_interpolation:0}
execute if entity @s[tag=aj.dino.bone.leg_right_3] run data modify entity @s {} merge value {transformation:[0.2080005928926406f,-0.07174624401234792f,0.9754938389484732f,-0.2464132220604202f,0.07007432967913975f,0.9958366378139059f,0.05830076421038377f,0.16903734539997395f,-0.9756153656417723f,0.056230483348591355f,0.21216218104566753f,-0.5801211528362771f,0f,0f,0f,1f],start_interpolation:0}
execute if entity @s[tag=aj.dino.bone.leg_right_2] run data modify entity @s {} merge value {transformation:[0.21434714563308604f,0.2530841853990809f,0.9706007911394497f,-0.15775628751687476f,0.08457382314055453f,0.9844204540857706f,-0.2753649170058696f,0.3898631086095884f,-0.9994822505172531f,0.13757530366727486f,0.18485255265350908f,-0.5407892023856778f,0f,0f,0f,1f],start_interpolation:0}
execute if entity @s[tag=aj.dino.bone.leg_right_1] run data modify entity @s {} merge value {transformation:[0.018917221740329067f,-0.9281473343534569f,0.371731979326771f,-0.42924343555085764f,-0.26584577160639034f,0.3537452934349155f,0.8967665767030171f,0.4331090292466212f,-0.9638299458102711f,-0.11578770705570289f,-0.24005216611010305f,-0.5787089130965376f,0f,0f,0f,1f],start_interpolation:0}
execute if entity @s[tag=aj.dino.bone.leg_right_0] run data modify entity @s {} merge value {transformation:[0.09227007249832736f,0.9895049367192809f,0.11120347984359881f,-0.060513057113980966f,-0.22224597553088796f,0.12932823997631782f,-0.9663751511214227f,0.5883982662836899f,-0.9706147330849029f,0.06445297939428561f,0.23184661603250206f,-0.45941750752725136f,0f,0f,0f,1f],start_interpolation:0}
execute if entity @s[tag=aj.dino.bone.tail_4] run data modify entity @s {} merge value {transformation:[-1.1551304213013887f,-1.8864651643456145f,1.6530530012962514f,1.5871034055713453f,-2.429374656430253f,1.2942722563413298f,-0.2205888409677972f,0.4070498493112939f,-0.624078376550949f,-1.5465347851812432f,-2.201003786854066f,-0.7522544022963734f,0f,0f,0f,1f],start_interpolation:0}
execute if entity @s[tag=aj.dino.bone.tail_3] run data modify entity @s {} merge value {transformation:[-0.9440712459150238f,-0.7855324078889809f,1.681551023560402f,1.3096615435307566f,-1.7258635851310875f,1.0655100805436852f,-0.471199193359565f,0.4765209671183832f,-0.6826931186114076f,-1.6073495669767586f,-1.1341529885269899f,-0.5442147896913454f,0f,0f,0f,1f],start_interpolation:0}
execute if entity @s[tag=aj.dino.bone.tail_2] run data modify entity @s {} merge value {transformation:[-0.8506129983985451f,-0.5132239830184907f,1.6828049635096893f,0.9960806716303281f,-1.518880154205254f,1.1574822745235391f,-0.4147429762250544f,0.5527730784619183f,-0.8878257031195022f,-1.4884924596454046f,-0.9027345088462676f,-0.37740910554670765f,0f,0f,0f,1f],start_interpolation:0}
execute if entity @s[tag=aj.dino.bone.tail_1] run data modify entity @s {} merge value {transformation:[-0.5007122038326072f,-0.08018077297896303f,1.4249612565180814f,0.690903401043939f,-0.8023094665490604f,1.2647282887639164f,-0.2107560805434999f,0.583431942711521f,-1.1803571742565282f,-0.8256449898381216f,-0.4612196244050683f,-0.2669394510745661f,0f,0f,0f,1f],start_interpolation:0}
execute if entity @s[tag=aj.dino.bone.tail_0] run data modify entity @s {} merge value {transformation:[0.1641036723794039f,-0.20682042003703816f,1.2506522358958638f,0.32044280469903896f,-0.3394334953245825f,1.2078683806729251f,0.24428383861060113f,0.5411945430391667f,-1.22134786344733f,-0.3634762790200987f,0.10015042499347376f,-0.3049770630590218f,0f,0f,0f,1f],start_interpolation:0}
execute if entity @s[tag=aj.dino.bone.body_1] run data modify entity @s {} merge value {transformation:[-0.1443555377997849f,0.1509229408887646f,1.2186009763972254f,0.026969416474672152f,-0.03287071655929595f,1.2260784091797863f,-0.1557428829587183f,0.4948175f,-1.2274712174856335f,-0.0505825613517253f,-0.1391416896105752f,-0.2692214748232708f,0f,0f,0f,1f],start_interpolation:0}