execute if entity @s[tag=aj.dino.bone.head_lower] run data modify entity @s {} merge value {transformation:[-0.9399698965416317f,0.30947620894863076f,-0.14380914327780897f,-0.7745249309213584f,0.1481284394117341f,0.7496516352019614f,0.6450429375448345f,0.45267440512637885f,0.3074322023356667f,0.5850187193020482f,-0.7504921978496734f,0.07388052820956001f,0f,0f,0f,1f],start_interpolation:0}
execute if entity @s[tag=aj.dino.bone.head_upper] run data modify entity @s {} merge value {transformation:[-0.9784142736560609f,0.3169935252564036f,-0.16028897852038135f,-0.77876055277031f,0.15418683086349094f,0.8021442847480436f,0.645184400166208f,0.5152115198030837f,0.32000605131444454f,0.5827105576313802f,-0.8009472365459351f,0.031849286409415395f,0f,0f,0f,1f],start_interpolation:0}
execute if entity @s[tag=aj.dino.bone.neck_0] run data modify entity @s {} merge value {transformation:[-0.9667381319946848f,0.2094734651953194f,0.1467591616441446f,-0.772358600048938f,0.1974678439527216f,0.9759595938633674f,-0.09224598501135092f,0.49334126052130967f,-0.16255409792463082f,-0.06019749600370497f,-0.9848616282111887f,-0.03080406956293602f,0f,0f,0f,1f],start_interpolation:0}
execute if entity @s[tag=aj.dino.bone.neck_1] run data modify entity @s {} merge value {transformation:[-0.8236116047232732f,0.1338100533673757f,0.5511431703132812f,-0.725053093579686f,0.25807526769782163f,0.9537557650305489f,0.15410093080085555f,0.510789465524884f,-0.505035722269081f,0.2691557361246689f,-0.820057381494329f,-0.09903372619677842f,0f,0f,0f,1f],start_interpolation:0}
execute if entity @s[tag=aj.dino.bone.neck_2] run data modify entity @s {} merge value {transformation:[-0.5501844020098535f,-0.021360225586240844f,0.8347699470800112f,-0.652130115399504f,0.22845984968785288f,0.9576811426184773f,0.17507977082910428f,0.5355040634847439f,-0.8031831801436479f,0.2870375756514692f,-0.522021272840929f,-0.14195642759307744f,0f,0f,0f,1f],start_interpolation:0}
execute if entity @s[tag=aj.dino.bone.body_0] run data modify entity @s {} merge value {transformation:[-0.26725138538719106f,0.26279017601891674f,0.9271019471431249f,-0.21268703942895092f,0.27446538389307623f,0.943004475630992f,-0.188178936080381f,0.45579933296705033f,-0.9237128612577902f,0.20416631046248682f,-0.3241460590830653f,-0.2927803103761613f,0f,0f,0f,1f],start_interpolation:0}
execute if entity @s[tag=aj.dino.bone.leg_left_3] run data modify entity @s {} merge value {transformation:[-0.11338286258691851f,0.13929326969779832f,0.9837386398269063f,-0.01568119709918077f,0.006587886343312421f,0.9902072143515903f,-0.13944989207450223f,-0.01602281380404147f,-0.9935295296190866f,-0.009330469600139373f,-0.11319017674655937f,0.1397893364983876f,0f,0f,0f,1f],start_interpolation:0}
execute if entity @s[tag=aj.dino.bone.leg_left_2] run data modify entity @s {} merge value {transformation:[0.058969146623546284f,0.23052216450029053f,0.9977195853150751f,0.06897867230093763f,-0.3822536008931911f,0.9320869046497825f,-0.1927651065034062f,0.19469496519377058f,-0.9499826439737591f,-0.360743306736496f,0.13949710496687295f,0.0585378983978855f,0f,0f,0f,1f],start_interpolation:0}
execute if entity @s[tag=aj.dino.bone.leg_left_1] run data modify entity @s {} merge value {transformation:[0.21640856651672752f,-0.9466397370716784f,0.23883161544284381f,-0.20517040689171917f,-0.012314964214897656f,0.24196233179573987f,0.970207488967362f,0.20921766269225156f,-0.976225216840131f,-0.21290241470878535f,0.04070488688852296f,0.017982266298858518f,0f,0f,0f,1f],start_interpolation:0}
execute if entity @s[tag=aj.dino.bone.leg_left_0] run data modify entity @s {} merge value {transformation:[0.1893756187471673f,0.4813829471672992f,0.8558080001966871f,-0.06381216847447757f,-0.06396198813240185f,0.8757761264118025f,-0.4784611170004195f,0.5845883378051113f,-0.9798192379711055f,0.03586968892622014f,0.19664085617708793f,-0.09787101704409748f,0f,0f,0f,1f],start_interpolation:0}
execute if entity @s[tag=aj.dino.bone.leg_right_3] run data modify entity @s {} merge value {transformation:[0.40520639518844614f,-0.11633667328572483f,0.9067930060091974f,-0.21843387599953298f,0.10439673155920083f,0.9912704762199276f,0.08052431567219476f,0.11511847167351008f,-0.9082450659035486f,0.06203725834955634f,0.4138143047773113f,-0.6712614585002206f,0f,0f,0f,1f],start_interpolation:0}
execute if entity @s[tag=aj.dino.bone.leg_right_2] run data modify entity @s {} merge value {transformation:[0.4308413260740064f,0.2739979793511652f,0.8895858916141631f,-0.12774155409343252f,0.15774398070371073f,0.9445861380538368f,-0.3673364450323175f,0.3237030668906268f,-0.9173629531429933f,0.2911088020117425f,0.3546309026195391f,-0.5910215591271062f,0f,0f,0f,1f],start_interpolation:0}
execute if entity @s[tag=aj.dino.bone.leg_right_1] run data modify entity @s {} merge value {transformation:[0.21219158844440497f,-0.8581249694391785f,0.4675427965635339f,-0.38143808042539196f,-0.17768576764708993f,0.4365828081372347f,0.8819428664118054f,0.39199530718372944f,-0.9609383423347748f,-0.27021655845639136f,-0.05983739438577726f,-0.6803950904583244f,0f,0f,0f,1f],start_interpolation:0}
execute if entity @s[tag=aj.dino.bone.leg_right_0] run data modify entity @s {} merge value {transformation:[0.27425489743271103f,0.9493874342844908f,0.15312658442244823f,-0.05303233925512594f,-0.14816195002039853f,0.19904596650111683f,-0.9687253169943427f,0.5662351413023905f,-0.9501748722210697f,0.24299012910476075f,0.19525242471561174f,-0.49040185916530465f,0f,0f,0f,1f],start_interpolation:0}
execute if entity @s[tag=aj.dino.bone.tail_4] run data modify entity @s {} merge value {transformation:[0.5065472314055767f,2.6918122075209565f,-0.3510246051155059f,0.8650398323373935f,-2.523904722644385f,0.5984830090855037f,0.9473037371663466f,0.5528112126427139f,0.9994879613925879f,0.147059371945868f,2.5700308729184895f,0.8957668292356906f,0f,0f,0f,1f],start_interpolation:0}
execute if entity @s[tag=aj.dino.bone.tail_3] run data modify entity @s {} merge value {transformation:[0.4880079061535314f,2.0193957894938257f,-0.14083484991541426f,0.8691588452991084f,-2.022680695389271f,0.49223064618428775f,0.04916626385051016f,0.5396575678846245f,0.08097292186691359f,0.12528033515300788f,2.0769433669680857f,0.5423680193953562f,0f,0f,0f,1f],start_interpolation:0}
execute if entity @s[tag=aj.dino.bone.tail_2] run data modify entity @s {} merge value {transformation:[0.6269831236124426f,1.8139374071895744f,0.3678275689862373f,0.8016757547903192f,-1.7622776672311329f,0.7037736028245429f,-0.46674834177373875f,0.6252894227342491f,-0.5657238383578654f,-0.18195514218758288f,1.8616183121005f,0.19583562278641584f,0f,0f,0f,1f],start_interpolation:0}
execute if entity @s[tag=aj.dino.bone.tail_1] run data modify entity @s {} merge value {transformation:[0.929689920974679f,0.7867543374549898f,0.896855904442768f,0.5981769117581748f,-0.8614866177270964f,1.2292856465806208f,-0.18534793386491527f,0.6509705231717404f,-0.8253324834969374f,-0.3969013247730797f,1.2037241710949198f,-0.057552180715896156f,0f,0f,0f,1f],start_interpolation:0}
execute if entity @s[tag=aj.dino.bone.tail_0] run data modify entity @s {} merge value {transformation:[0.78472677962784f,-0.01733356322518784f,1.0088305831530215f,0.30295487819894223f,-0.24370502863072588f,1.2369309778833268f,0.2108206146388943f,0.6192131875427656f,-0.9791054370899201f,-0.3217716894360697f,0.7560762127738453f,-0.2862601469865996f,0f,0f,0f,1f],start_interpolation:0}
execute if entity @s[tag=aj.dino.bone.body_1] run data modify entity @s {} merge value {transformation:[0.03390378077843013f,-0.16957308695483364f,1.224214073144802f,0.02976420548124769f,-0.057722876508531876f,1.2231208995371867f,0.17102026107796203f,0.49706750000000005f,-1.2345538458215417f,-0.06184519667849673f,0.025623592084037056f,-0.2880515603363997f,0f,0f,0f,1f],start_interpolation:0}