execute if entity @s[tag=aj.dino.bone.head_lower] run data modify entity @s {} merge value {transformation:[0.6492363755289076f,0.4739535779692728f,-0.5948614415308926f,0.7200648306729599f,-0.5700143208319898f,0.8210106302178244f,0.032019043017807614f,0.31773651263322905f,0.5035631070050037f,0.3182916131465845f,0.8031902926853709f,-0.595358103858821f,0f,0f,0f,1f],start_interpolation:0}
execute if entity @s[tag=aj.dino.bone.head_upper] run data modify entity @s {} merge value {transformation:[0.6757898727728835f,0.7910353806009618f,-0.03229577493432127f,0.7358107199117394f,-0.5933276690480512f,0.534155259727934f,0.6679164455457709f,0.3755910420323004f,0.5241586282635472f,-0.41522659804735734f,0.7976945200227978f,-0.5495282348661112f,0f,0f,0f,1f],start_interpolation:0}
execute if entity @s[tag=aj.dino.bone.neck_0] run data modify entity @s {} merge value {transformation:[0.615183381209615f,0.6584173879014745f,-0.43363112295187556f,0.6968851885750189f,-0.570809036886837f,0.7513747567380036f,0.331078568236042f,0.38498742456727575f,0.5438073656101278f,0.04384653060283111f,0.8380638584632245f,-0.49622488356708605f,0f,0f,0f,1f],start_interpolation:0}
execute if entity @s[tag=aj.dino.bone.neck_1] run data modify entity @s {} merge value {transformation:[0.6647711518673792f,0.5238077891408013f,-0.5326393861519665f,0.6541767586846021f,-0.2854582369352755f,0.8369983162909063f,0.46684838383782806f,0.42839155668174034f,0.6903570892014668f,-0.15830103777806956f,0.7059375828128605f,-0.4371519779654762f,0f,0f,0f,1f],start_interpolation:0}
execute if entity @s[tag=aj.dino.bone.neck_2] run data modify entity @s {} merge value {transformation:[0.507223767816772f,0.41436043263128164f,-0.7556649265589706f,0.5920316912418178f,-0.37217036982961726f,0.8961705490011442f,0.24159379736217051f,0.45833105506546107f,0.7773115624912852f,0.15869397900552085f,0.6087716779259299f,-0.3822652999533794f,0f,0f,0f,1f],start_interpolation:0}
execute if entity @s[tag=aj.dino.bone.body_0] run data modify entity @s {} merge value {transformation:[0.5901161701725134f,0.23145584527902147f,-0.7734281462340886f,0.2297228125233295f,-0.3459804002924991f,0.9380921354802169f,0.01675434163458961f,0.4751638136546804f,0.7294247516463691f,0.2577039717123896f,0.6336625242582147f,-0.08116757604442366f,0f,0f,0f,1f],start_interpolation:0}
execute if entity @s[tag=aj.dino.bone.leg_left_3] run data modify entity @s {} merge value {transformation:[0.1797137907637768f,0.13379770646562064f,-0.9745774095236626f,-0.4647786274849371f,0.0046040158099717975f,0.9905819220192356f,0.13684392133777296f,0.07840676533573426f,0.9837081663012333f,-0.029079709648079835f,0.17740522551223914f,-0.3900317573411439f,0f,0f,0f,1f],start_interpolation:0}
execute if entity @s[tag=aj.dino.bone.leg_left_2] run data modify entity @s {} merge value {transformation:[0.11697502009522436f,0.13627277403892074f,-1.0098558190306937f,-0.4640412372955861f,-0.2889127809557501f,0.9792116607515752f,0.0986718194280973f,0.30926076987592105f,0.9771941716848453f,0.27319673132117334f,0.1500576433284553f,-0.3201965448084704f,0f,0f,0f,1f],start_interpolation:0}
execute if entity @s[tag=aj.dino.bone.leg_left_1] run data modify entity @s {} merge value {transformation:[0.04989053120926945f,0.9979341551033344f,-0.04047662255982565f,-0.19178058563373318f,0.10805532958518757f,0.034895981459442116f,0.9935322421674189f,0.2638957037371091f,0.9928922301256533f,-0.05394156612646625f,-0.10609112498192616f,-0.3489981765443634f,0f,0f,0f,1f],start_interpolation:0}
execute if entity @s[tag=aj.dino.bone.leg_left_0] run data modify entity @s {} merge value {transformation:[0.02462344288719731f,0.42006236016012066f,-0.9071611211009264f,0.04986124021781836f,0.05566177653303618f,0.905452508856542f,0.42078203483345145f,0.5916236062525537f,0.998146007703065f,-0.06085530200485856f,-0.0010860590822738547f,-0.2567434830246909f,0f,0f,0f,1f],start_interpolation:0}
execute if entity @s[tag=aj.dino.bone.leg_right_3] run data modify entity @s {} merge value {transformation:[-0.35742016743422583f,0.04261591390126959f,-0.9329709040445204f,0.15246926688753668f,0.022490445133988936f,0.999061457100623f,0.037018708967979375f,0.0439937826626319f,0.9336728569413192f,-0.007751697771487043f,-0.3580431641474176f,0.2828334455710093f,0f,0f,0f,1f],start_interpolation:0}
execute if entity @s[tag=aj.dino.bone.leg_right_2] run data modify entity @s {} merge value {transformation:[-0.3728431519840278f,-0.07209504615319628f,-0.9528129343367869f,0.10679624962982998f,0.18252713814057134f,0.9985702058441521f,-0.14698158844996728f,0.27193348971508313f,0.9379413773586931f,-0.22298441161038848f,-0.35015157334780167f,0.2185797491058595f,0f,0f,0f,1f],start_interpolation:0}
execute if entity @s[tag=aj.dino.bone.leg_right_1] run data modify entity @s {} merge value {transformation:[-0.20693383482165337f,0.9183689185208549f,-0.3373083418785254f,0.3700567386560774f,-0.18299110691994694f,0.3023548365882538f,0.9354655565973038f,0.30081588283763194f,0.9610893001143116f,0.2553039018239358f,0.10548589914892421f,0.30148395855834287f,0f,0f,0f,1f],start_interpolation:0}
execute if entity @s[tag=aj.dino.bone.leg_right_0] run data modify entity @s {} merge value {transformation:[-0.26298422481241546f,-0.9546046562680622f,-0.13989012735410522f,0.03721451173903178f,-0.17141513192207264f,0.18891748728991653f,-0.9669162505326938f,0.47363545578461363f,0.9494504463361694f,-0.2303044359698683f,-0.21331600203606282f,0.11802626383888475f,0f,0f,0f,1f],start_interpolation:0}
execute if entity @s[tag=aj.dino.bone.tail_4] run data modify entity @s {} merge value {transformation:[0.7565753360566136f,-1.2612967387695777f,2.3371747108934855f,-0.8108882780893985f,2.1131169302440753f,1.7579403428915046f,0.26465812201849914f,0.6315090954456224f,-1.608723696470802f,1.7159363680520687f,1.446800532488702f,0.9285601377096264f,0f,0f,0f,1f],start_interpolation:0}
execute if entity @s[tag=aj.dino.bone.tail_3] run data modify entity @s {} merge value {transformation:[0.7045958546629401f,-1.8215466385628303f,0.7221205239963047f,-0.9155079697364048f,1.832086500754881f,0.8845876426078755f,0.4437446138733672f,0.547610022586992f,-0.6949455096538024f,0.48519900260649595f,1.9019932156887733f,0.6013043216758802f,0f,0f,0f,1f],start_interpolation:0}
execute if entity @s[tag=aj.dino.bone.tail_2] run data modify entity @s {} merge value {transformation:[1.3243121864656924f,-1.4345178880474698f,-0.08443658361788038f,-0.8991734849155896f,1.4110366137660153f,1.276408427224173f,0.44556826247571585f,0.46612696481280913f,-0.2719315766750377f,-0.36292400139108444f,1.9008191028669947f,0.2476587648388852f,0f,0f,0f,1f],start_interpolation:0}
execute if entity @s[tag=aj.dino.bone.tail_1] run data modify entity @s {} merge value {transformation:[0.7821620359010006f,-0.7355672439702051f,-1.0652791320556685f,-0.6616930069998718f,1.0004985228996175f,1.1332966134125038f,-0.04793476508167004f,0.4616327629354218f,0.8215117194969804f,-0.6798793022484412f,1.0726317537269192f,0.024366351718251716f,0f,0f,0f,1f],start_interpolation:0}
execute if entity @s[tag=aj.dino.bone.tail_0] run data modify entity @s {} merge value {transformation:[0.4384186415961414f,0.17167493056009647f,-1.1883402414722004f,-0.3102895469583343f,-0.14877676778424603f,1.2631004998934807f,0.1275865083797631f,0.4548298848789983f,1.1914236377765441f,0.09455454494656983f,0.45321614044656494f,-0.10579216863968041f,0f,0f,0f,1f],start_interpolation:0}
execute if entity @s[tag=aj.dino.bone.body_1] run data modify entity @s {} merge value {transformation:[-0.03977538986790172f,-0.26707325986814334f,-1.2065216066364122f,-0.011800894754992968f,-0.37108606328719457f,1.1540127828030093f,-0.24321641765620275f,0.4336433446977407f,1.1786931946232313f,0.3543034942629092f,-0.11728589837752858f,-0.10238969483200265f,0f,0f,0f,1f],start_interpolation:0}