execute if entity @s[tag=aj.dino.bone.head_lower] run data modify entity @s {} merge value {transformation:[-0.8463689090005253f,-0.23674489852068226f,-0.4770864941514188f,-0.6435888685727114f,-0.4009061885708247f,0.872900685679206f,0.2780622608452765f,0.15783394261838357f,0.3506193061468156f,0.42661018033469883f,-0.8337084959336336f,0.12032522523248718f,0f,0f,0f,1f],start_interpolation:0}
execute if entity @s[tag=aj.dino.bone.head_upper] run data modify entity @s {} merge value {transformation:[-0.8809850447249348f,-0.037629216354309596f,-0.5531015599608011f,-0.6828366700173658f,-0.41730308463912624f,0.7286768163493207f,0.6151098889216431f,0.2164707003247024f,0.36495948967684283f,0.742351723898508f,-0.631815187775064f,0.09355215631522808f,0f,0f,0f,1f],start_interpolation:0}
execute if entity @s[tag=aj.dino.bone.neck_0] run data modify entity @s {} merge value {transformation:[-0.939354271410634f,-0.3370329330915155f,0.06342203713478745f,-0.6729614768901364f,-0.320900719997852f,0.929041364995077f,0.18413275111436478f,0.21340067699938542f,-0.1209804971367558f,0.15261370888558606f,-0.9808530854173468f,0.027690241889827286f,0f,0f,0f,1f],start_interpolation:0}
execute if entity @s[tag=aj.dino.bone.neck_1] run data modify entity @s {} merge value {transformation:[-0.9495546914566897f,-0.22588042183915807f,0.217540623705905f,-0.6555735337099204f,-0.0993832941260014f,0.8746778157504497f,0.47440666045354746f,0.2576186790896547f,-0.297437134166625f,0.4288551663018493f,-0.853003163859876f,-0.042594639611372984f,0f,0f,0f,1f],start_interpolation:0}
execute if entity @s[tag=aj.dino.bone.neck_2] run data modify entity @s {} merge value {transformation:[-0.7585549286010307f,-0.3277274632887376f,0.5631954634950586f,-0.6094420438370384f,-0.007997275775446927f,0.8689322060401797f,0.4948665121892148f,0.30948008643603353f,-0.6515600232328994f,0.3708794023836804f,-0.6617537344150524f,-0.09693808875017698f,0f,0f,0f,1f],start_interpolation:0}
execute if entity @s[tag=aj.dino.bone.body_0] run data modify entity @s {} merge value {transformation:[-0.5573219801266344f,-0.08284683333211229f,0.8261528990898526f,-0.2208685002153925f,0.13925706696755022f,0.9715881509583549f,0.19137380755192263f,0.4089294359065433f,-0.8185350815739802f,0.2217044589632024f,-0.5299504251423063f,-0.34458972470345345f,0f,0f,0f,1f],start_interpolation:0}
execute if entity @s[tag=aj.dino.bone.leg_left_3] run data modify entity @s {} merge value {transformation:[0.14018141992837652f,0.04632122033955978f,0.9890417150217266f,-0.0316065889278605f,-0.020139929574712705f,0.9988317972857345f,-0.043925208794895046f,-0.01421305622855773f,-0.9899209830807658f,-0.013761732347471767f,0.14095056572858014f,0.058914002906845925f,0f,0f,0f,1f],start_interpolation:0}
execute if entity @s[tag=aj.dino.bone.leg_left_2] run data modify entity @s {} merge value {transformation:[0.35057853141424583f,0.09535618238397467f,0.9591997139768543f,0.020808246200420655f,-0.24979082703009617f,0.9947909378398838f,-0.007598172409171676f,0.21704892938547507f,-0.9310002339117566f,-0.23099867526350232f,0.36323597837143806f,0.01484983226509197f,0f,0f,0f,1f],start_interpolation:0}
execute if entity @s[tag=aj.dino.bone.leg_left_1] run data modify entity @s {} merge value {transformation:[0.40500380739374f,-0.9132838603617723f,-0.04341090184818977f,-0.23306599104771653f,0.148378215473939f,0.018801524180169893f,0.9887519445549889f,0.1667619757406439f,-0.9021950017426075f,-0.4068895342610834f,0.14312611829940414f,-0.08531243415577536f,0f,0f,0f,1f],start_interpolation:0}
execute if entity @s[tag=aj.dino.bone.leg_left_0] run data modify entity @s {} merge value {transformation:[0.38963391830901617f,0.2877169581205121f,0.8748739118941895f,-0.1460142395060211f,0.09379554481660535f,0.9326121979328201f,-0.3484779534482355f,0.5722102535391635f,-0.9161810986239123f,0.21783810565829315f,0.3363907761034586f,-0.13369595560874983f,0f,0f,0f,1f],start_interpolation:0}
execute if entity @s[tag=aj.dino.bone.leg_right_3] run data modify entity @s {} merge value {transformation:[0.6246232302253193f,-0.19077582597836773f,0.7572650820453553f,-0.07556083511744593f,0.18089968596592412f,0.9786725893674246f,0.0973409802616014f,0.03726099519688675f,-0.7596848845938144f,0.07618757801066414f,0.645812921113035f,-0.724460971825828f,0f,0f,0f,1f],start_interpolation:0}
execute if entity @s[tag=aj.dino.bone.leg_right_2] run data modify entity @s {} merge value {transformation:[0.6481929536079197f,0.043700845619469735f,0.7937243416236384f,-0.041850186574463516f,0.26803932164813604f,0.9521575218500963f,-0.2713174803350935f,0.2504067752776709f,-0.7483735808031589f,0.3788779344025198f,0.5902971233873934f,-0.6167412397681354f,0f,0f,0f,1f],start_interpolation:0}
execute if entity @s[tag=aj.dino.bone.leg_right_1] run data modify entity @s {} merge value {transformation:[0.5004984219740117f,-0.7868584110936863f,0.3610473244501932f,-0.26479588481951677f,-0.08756842222114247f,0.3688889796156251f,0.9253392308487964f,0.29980188061772084f,-0.8612973360177213f,-0.49474716937973684f,0.11572440261031461f,-0.7744394479451361f,0f,0f,0f,1f],start_interpolation:0}
execute if entity @s[tag=aj.dino.bone.leg_right_0] run data modify entity @s {} merge value {transformation:[0.546154998706577f,0.7710655891960765f,0.32737222628916723f,-0.05220513398732224f,-0.06196878482623705f,0.4269249142081853f,-0.9021612867638983f,0.548073503432351f,-0.8353888837511414f,0.4724330373566613f,0.2809491735509843f,-0.5146825374883652f,0f,0f,0f,1f],start_interpolation:0}
execute if entity @s[tag=aj.dino.bone.tail_4] run data modify entity @s {} merge value {transformation:[0.9623073030542694f,-1.0301745753358358f,-2.374524443003282f,-0.17888879272898423f,-2.5300719898008315f,-0.9089842283008119f,-0.6309871082087468f,0.22620516600579504f,-0.5462249651138972f,2.3954434555280173f,-1.2606150365810775f,0.5452501261355497f,0f,0f,0f,1f],start_interpolation:0}
execute if entity @s[tag=aj.dino.bone.tail_3] run data modify entity @s {} merge value {transformation:[0.8086103784934331f,0.22794795397574372f,-1.9052911882742287f,0.1419475347454648f,-1.843160346561746f,-0.48280276170884545f,-0.8400041405809501f,0.37336343068255423f,-0.5337178268519198f,2.012681482403271f,0.014284877874191608f,0.5231322703443873f,0f,0f,0f,1f],start_interpolation:0}
execute if entity @s[tag=aj.dino.bone.tail_2] run data modify entity @s {} merge value {transformation:[1.0619195200510196f,0.8610779107040414f,-1.3962971172479555f,0.40250624619504155f,-1.5841954305502977f,0.10640958534591623f,-1.139199593123542f,0.5839920419596829f,-0.4259408946801724f,1.7509984885335705f,0.7558786426371515f,0.38271777690320075f,0f,0f,0f,1f],start_interpolation:0}
execute if entity @s[tag=aj.dino.bone.tail_1] run data modify entity @s {} merge value {transformation:[1.3708315839772738f,0.617947403941999f,-0.16315031207969585f,0.42875095046864425f,-0.6359075290009585f,1.2800729917429066f,-0.4946625115877086f,0.6753978537415805f,-0.06402056646308048f,0.5169239709780425f,1.419981417236873f,0.07089592059913791f,0f,0f,0f,1f],start_interpolation:0}
execute if entity @s[tag=aj.dino.bone.tail_0] run data modify entity @s {} merge value {transformation:[1.0938677363884801f,-0.07804918035610356f,0.656656239837946f,0.23497726932261406f,0.04614529929518894f,1.2751966399759322f,0.07469844262819567f,0.6843419991383509f,-0.6596663575060709f,-0.040219043050038164f,1.0941016597806803f,-0.24979657082998685f,0f,0f,0f,1f],start_interpolation:0}
execute if entity @s[tag=aj.dino.bone.body_1] run data modify entity @s {} merge value {transformation:[0.2950402352216376f,-0.4138018713000012f,1.127086450085009f,0.0008179502188801861f,-0.07591280600773226f,1.1518660197136086f,0.44277140102925694f,0.5038175f,-1.1982458431142764f,-0.17486360111239815f,0.24946786470728236f,-0.2960160504327963f,0f,0f,0f,1f],start_interpolation:0}