execute if entity @s[tag=aj.dino.bone.head_lower] run data modify entity @s {} merge value {transformation:[0.5833560018962185f,0.4949024835618181f,-0.6440243060754796f,0.7600222690372861f,-0.5768507972854738f,0.8106513034091425f,0.10043715424170419f,0.33608281170681686f,0.5717857402233568f,0.31291531769059f,0.7583831955099116f,-0.5453830902664251f,0f,0f,0f,1f],start_interpolation:0}
execute if entity @s[tag=aj.dino.bone.head_upper] run data modify entity @s {} merge value {transformation:[0.6072150193087731f,0.8407462269538051f,-0.08892493897829776f,0.7729592492166922f,-0.6004437545399509f,0.5059377547558964f,0.6833492727222567f,0.39436541390148744f,0.5951715387544337f,-0.34733947768575124f,0.7801269571558056f,-0.49921785099430277f,0f,0f,0f,1f],start_interpolation:0}
execute if entity @s[tag=aj.dino.bone.neck_0] run data modify entity @s {} merge value {transformation:[0.5460333082089583f,0.6601670919197308f,-0.5157780889807422f,0.728715884171411f,-0.5910048188272632f,0.7398958542991414f,0.3213524994673261f,0.403325740465063f,0.5937684148296661f,0.1293581676477739f,0.7941697136087953f,-0.4501569352706745f,0f,0f,0f,1f],start_interpolation:0}
execute if entity @s[tag=aj.dino.bone.neck_1] run data modify entity @s {} merge value {transformation:[0.5839509747152412f,0.5490060103908234f,-0.5979913541882282f,0.6805873698992636f,-0.3158498763430141f,0.8322460121705079f,0.45563738964267353f,0.44575826095585447f,0.7478235853082078f,-0.07719440252400389f,0.6593943505033536f,-0.3946532041953179f,0f,0f,0f,1f],start_interpolation:0}
execute if entity @s[tag=aj.dino.bone.neck_2] run data modify entity @s {} merge value {transformation:[0.4241976313945787f,0.4046139635329893f,-0.8101505477584732f,0.6135735293732283f,-0.40241774136510744f,0.8856696150838523f,0.23162317317536754f,0.47472144717499587f,0.8112436939377923f,0.22776495215758213f,0.5385227902464479f,-0.3452446076140844f,0f,0f,0f,1f],start_interpolation:0}
execute if entity @s[tag=aj.dino.bone.body_0] run data modify entity @s {} merge value {transformation:[0.5268128721576697f,0.21072702237260052f,-0.8234453957433756f,0.22749424057648637f,-0.3729352268869506f,0.927856673302353f,-0.0011447074164329663f,0.48302094549633035f,0.7637980847552351f,0.3076948420924018f,0.5673943689128105f,-0.07490259128487754f,0f,0f,0f,1f],start_interpolation:0}
execute if entity @s[tag=aj.dino.bone.leg_left_3] run data modify entity @s {} merge value {transformation:[0.10366888442177927f,0.09072706063409411f,-0.9904652254730809f,-0.4161008906034017f,0.016320816988749466f,0.9955416430615142f,0.09290031142681848f,0.06797225647674407f,0.9944779501505118f,-0.02579607332672079f,0.10172595177907612f,-0.42824607296204525f,0f,0f,0f,1f],start_interpolation:0}
execute if entity @s[tag=aj.dino.bone.leg_left_2] run data modify entity @s {} merge value {transformation:[0.05537773541768703f,0.06819721727358424f,-1.021931820366135f,-0.43170057707598475f,-0.2865649971723057f,0.9835810954041705f,0.05010918737978347f,0.2983476093423405f,0.9832985346863584f,0.2828065908361498f,0.07215693566102661f,-0.3585688267476272f,0f,0f,0f,1f],start_interpolation:0}
execute if entity @s[tag=aj.dino.bone.leg_left_1] run data modify entity @s {} merge value {transformation:[-0.01751158621217448f,0.9988044675917098f,-0.04563967426674498f,-0.15758730451244288f,0.10954955098526845f,0.04728853785205073f,0.9928558254181423f,0.2563553297627609f,0.9938270675662139f,0.012386674560033666f,-0.11024667825419582f,-0.3691493711561854f,0f,0f,0f,1f],start_interpolation:0}
execute if entity @s[tag=aj.dino.bone.leg_left_0] run data modify entity @s {} merge value {transformation:[-0.04006282834046167f,0.37134204118531455f,-0.9276314236989209f,0.059070314654185475f,0.05580910589061873f,0.9277591240894054f,0.3689828605349421f,0.5970754417294946f,0.9976373657221609f,-0.036987783350494574f,-0.057892921827840685f,-0.26295822311230294f,0f,0f,0f,1f],start_interpolation:0}
execute if entity @s[tag=aj.dino.bone.leg_right_3] run data modify entity @s {} merge value {transformation:[-0.41118312143215524f,0.04925799484948516f,-0.9102209020851572f,0.12148032840783335f,0.024596662240466312f,0.9987748756080489f,0.04293893408964175f,0.053775793548673984f,0.9112208540501794f,-0.004732631142852786f,-0.41189095322248565f,0.28480946032398163f,0f,0f,0f,1f],start_interpolation:0}
execute if entity @s[tag=aj.dino.bone.leg_right_2] run data modify entity @s {} merge value {transformation:[-0.42380146620358755f,-0.04225566244144098f,-0.9330964450344984f,0.08345121162286184f,0.19280821137529408f,0.9986254754107846f,-0.13279440119048094f,0.2821508816557045f,0.9139362725981741f,-0.23026901301068178f,-0.40467131202636203f,0.217210070721141f,0f,0f,0f,1f],start_interpolation:0}
execute if entity @s[tag=aj.dino.bone.leg_right_1] run data modify entity @s {} merge value {transformation:[-0.2627087276109207f,0.9075590465687795f,-0.32759838434921884f,0.342149224664009f,-0.17432618255996915f,0.2892919959755629f,0.9412335114829594f,0.3073511658844567f,0.948996578766815f,0.30437923394286004f,0.08221177186533687f,0.3144400526357653f,0f,0f,0f,1f],start_interpolation:0}
execute if entity @s[tag=aj.dino.bone.leg_right_0] run data modify entity @s {} merge value {transformation:[-0.31776973421978505f,-0.9362071749338373f,-0.15012835047481882f,0.023734121535129264f,-0.16153556953139536f,0.20947470749347546f,-0.964378870930243f,0.48688686074304777f,0.9343065106216777f,-0.2821993489059209f,-0.21779548132828502f,0.1127322567142373f,0f,0f,0f,1f],start_interpolation:0}
execute if entity @s[tag=aj.dino.bone.tail_4] run data modify entity @s {} merge value {transformation:[1.5660645877326724f,-0.7698577056435592f,2.140192082900722f,-0.8586150881978257f,1.4861966171162875f,2.3133683614652116f,-0.2553581231209775f,0.7571921798485464f,-1.7217208408803673f,1.2966523315187466f,1.726276747466988f,0.793356486738243f,0f,0f,0f,1f],start_interpolation:0}
execute if entity @s[tag=aj.dino.bone.tail_3] run data modify entity @s {} merge value {transformation:[1.3495193053296308f,-1.4682243372883796f,0.5992165434808798f,-0.945852342657338f,1.4209160303292094f,1.4689061407828026f,0.3990713098789478f,0.6751500332523948f,-0.7040886345770366f,0.15025834755219514f,1.9538749063578185f,0.46058111046916334f,0f,0f,0f,1f],start_interpolation:0}
execute if entity @s[tag=aj.dino.bone.tail_2] run data modify entity @s {} merge value {transformation:[1.677441837486151f,-1.0023749259920274f,-0.014396686991811607f,-0.9421741720223649f,0.930011192363597f,1.5455463046481344f,0.7517577251147568f,0.5364553734260842f,-0.3742217777365488f,-0.652154125137418f,1.8037258475546454f,0.12484051660898575f,0f,0f,0f,1f],start_interpolation:0}
execute if entity @s[tag=aj.dino.bone.tail_1] run data modify entity @s {} merge value {transformation:[0.8081978206388799f,-0.4131436192356802f,-1.2098697791908886f,-0.6775455696318599f,0.9017008017611426f,1.1989017983354153f,0.1929414212952223f,0.4794197366568833f,0.9063157268953678f,-0.8243804205783583f,0.8869300848145649f,-0.05680561171201075f,0f,0f,0f,1f],start_interpolation:0}
execute if entity @s[tag=aj.dino.bone.tail_0] run data modify entity @s {} merge value {transformation:[0.24505186953579125f,0.17557415141282773f,-1.2421590136438678f,-0.3103209183520886f,-0.14053488023349833f,1.2615109413154282f,0.15058488955816948f,0.4658578382079803f,1.2466094999071673f,0.1077013411297894f,0.2611530058109134f,-0.13052156455597325f,0f,0f,0f,1f],start_interpolation:0}
execute if entity @s[tag=aj.dino.bone.body_1] run data modify entity @s {} merge value {transformation:[-0.11113631957193577f,-0.277986028419747f,-1.1995737082529236f,-0.012712502794003636f,-0.3465555360881204f,1.162825314950544f,-0.23736289173561617f,0.44271684866680244f,1.1815890038143255f,0.31490577951164067f,-0.18244552927239951f,-0.10931667363211907f,0f,0f,0f,1f],start_interpolation:0}