execute if entity @s[tag=aj.dino.bone.head_lower] run data modify entity @s {} merge value {transformation:[-0.9578482775666888f,-0.1032868096090845f,-0.26806438055680615f,-0.08625545256259926f,-0.18084069439617068f,0.9418305972707773f,0.28328743229250714f,0.2441970751295588f,0.22321138056299514f,0.31982332780044004f,-0.9208092737270918f,0.5194824470961417f,0f,0f,0f,1f],start_interpolation:0}
execute if entity @s[tag=aj.dino.bone.head_upper] run data modify entity @s {} merge value {transformation:[-0.9970238730157175f,0.11801720904815616f,-0.2747494815076625f,-0.10285541747493157f,-0.18823700344668473f,0.4954096510888791f,0.8958839493622571f,0.3170228129836459f,0.23234063302327976f,0.9078067848171141f,-0.4531849669504306f,0.5086977559687151f,0f,0f,0f,1f],start_interpolation:0}
execute if entity @s[tag=aj.dino.bone.neck_0] run data modify entity @s {} merge value {transformation:[-0.800045859166521f,-0.44060386174446037f,0.40717915006342287f,-0.06911610854432769f,-0.09430122733644336f,0.7626206088653649f,0.6399352197345138f,0.34605393285877317f,-0.592481140419966f,0.47358002908662505f,-0.6516809451694656f,0.459063197786153f,0f,0f,0f,1f],start_interpolation:0}
execute if entity @s[tag=aj.dino.bone.neck_1] run data modify entity @s {} merge value {transformation:[-0.8002270249758965f,-0.2891153878274163f,0.525403655316204f,-0.025939441468366645f,0.032547018987302764f,0.85388585725906f,0.5194416563272533f,0.3939912042300911f,-0.5988133265494899f,0.4327715740368847f,-0.6738926952062704f,0.40396936620569857f,0f,0f,0f,1f],start_interpolation:0}
execute if entity @s[tag=aj.dino.bone.neck_2] run data modify entity @s {} merge value {transformation:[-0.9406225622451819f,-0.006436345769192994f,0.3393932363033303f,0.003730935633280877f,0.11664483175324325f,0.9328097209615087f,0.3409692181194214f,0.43299545518077714f,-0.3187839058368009f,0.3603118065410172f,-0.8766711033486745f,0.33069408029999514f,0f,0f,0f,1f],start_interpolation:0}
execute if entity @s[tag=aj.dino.bone.body_0] run data modify entity @s {} merge value {transformation:[-0.9932086103300486f,0.06482940836379172f,0.09661161512703567f,0.04988120870052162f,0.0793085683127577f,0.9848060136096806f,0.15449034452155908f,0.5151876835021452f,-0.08512818192839769f,0.16110326926977647f,-0.9832593397838413f,-0.13117764929872383f,0f,0f,0f,1f],start_interpolation:0}
execute if entity @s[tag=aj.dino.bone.leg_left_3] run data modify entity @s {} merge value {transformation:[-0.971459417028021f,-0.11268866930192437f,0.20872916633412658f,0.5928998398896077f,-0.10902866491060154f,0.9936156127066684f,0.028995937876961142f,0.048716434997552294f,-0.21066407215135116f,0.005410914572820391f,-0.9775435390345008f,-0.16824828726699445f,0f,0f,0f,1f],start_interpolation:0}
execute if entity @s[tag=aj.dino.bone.leg_left_2] run data modify entity @s {} merge value {transformation:[-0.9161457650264259f,-0.2752557918005051f,0.37009915672035315f,0.5387545474940292f,-0.41822779792790155f,0.8427938150210266f,-0.4084682287563836f,0.2318981222219772f,-0.19448559269318083f,-0.5157470639211397f,-0.8650101269882341f,-0.3155025871805316f,0f,0f,0f,1f],start_interpolation:0}
execute if entity @s[tag=aj.dino.bone.leg_left_1] run data modify entity @s {} merge value {transformation:[-0.8946520117883492f,-0.43023402371080444f,0.12040125682346817f,0.43330533088011325f,-0.09659933146659538f,0.44940623781575606f,0.8880892987602629f,0.3088106630809518f,-0.43619530827745795f,0.7829001968666882f,-0.44362251383674645f,-0.07059789258711704f,0f,0f,0f,1f],start_interpolation:0}
execute if entity @s[tag=aj.dino.bone.leg_left_0] run data modify entity @s {} merge value {transformation:[-0.8290294170048822f,-0.059652733595196156f,0.5560141878721854f,0.268224785369699f,-0.2554606519345151f,0.9248792118838679f,-0.28167055000171415f,0.6651741964854283f,-0.4974435455946109f,-0.3755529187740341f,-0.7819910000419225f,-0.21223377828672962f,0f,0f,0f,1f],start_interpolation:0}
execute if entity @s[tag=aj.dino.bone.leg_right_3] run data modify entity @s {} merge value {transformation:[-0.8408651725700662f,0.0015965100165939994f,0.5412422865173042f,-0.2646893942431927f,0.014524402068399798f,0.9997020820138887f,0.019616038378105383f,0.03443466489997668f,-0.5410497235035503f,0.024355664081744166f,-0.84063785206465f,-0.4709551416974683f,0f,0f,0f,1f],start_interpolation:0}
execute if entity @s[tag=aj.dino.bone.leg_right_2] run data modify entity @s {} merge value {transformation:[-0.8790750347811684f,0.39033023230120734f,0.3562746026267761f,-0.16132972488514086f,0.29460628334987565f,0.9360148060904456f,-0.2985726378805198f,0.242934079520239f,-0.43874414017278285f,-0.15356038562026575f,-0.9143221461459273f,-0.5343258361801528f,0f,0f,0f,1f],start_interpolation:0}
execute if entity @s[tag=aj.dino.bone.leg_right_1] run data modify entity @s {} merge value {transformation:[-0.980269355740218f,-0.19494087612501182f,-0.03271154249299075f,-0.23207684836829762f,-0.06574597391147766f,0.16548612644738186f,0.9840181953947155f,0.2343934814573574f,-0.1864120626759149f,0.966753534655578f,-0.17503755631251472f,-0.2661182890019407f,0f,0f,0f,1f],start_interpolation:0}
execute if entity @s[tag=aj.dino.bone.leg_right_0] run data modify entity @s {} merge value {transformation:[-0.9775467491288452f,0.07811788172682389f,0.19570372970932476f,-0.10367187669616545f,-0.012539732817732036f,0.9055321837752796f,-0.4240922296482608f,0.6259166699440233f,-0.21034521237357973f,-0.4170240529054495f,-0.884220465115927f,-0.33341639218150043f,0f,0f,0f,1f],start_interpolation:0}
execute if entity @s[tag=aj.dino.bone.tail_4] run data modify entity @s {} merge value {transformation:[-0.7668091173096423f,-1.9036670167608483f,1.8476246909228229f,0.9075274765118133f,-2.5615553818084726f,1.0315499432114572f,-0.0002686791498191911f,0.8152120870471178f,-0.6899993732887393f,-1.7139480550930617f,-2.052302185572061f,-1.8188767225237517f,0f,0f,0f,1f],start_interpolation:0}
execute if entity @s[tag=aj.dino.bone.tail_3] run data modify entity @s {} merge value {transformation:[-1.4367433155157454f,-0.9294992734012717f,1.1864844171382f,0.7154394449681625f,-1.1041936964818289f,1.7648322611797502f,0.04548512496858582f,0.7902292215338046f,-1.0258998255263818f,-0.5977823321997079f,-1.7105938610141396f,-1.5229734477814894f,0f,0f,0f,1f],start_interpolation:0}
execute if entity @s[tag=aj.dino.bone.tail_2] run data modify entity @s {} merge value {transformation:[-1.746553419488823f,-0.48688899652222895f,0.7288786819082121f,0.5785351531369779f,-0.5446125140667353f,1.8760290114219054f,-0.051828880250634056f,0.7999077926942133f,-0.6868203821936167f,-0.24945566414034687f,-1.8124082071196017f,-1.1866179452136922f,0f,0f,0f,1f],start_interpolation:0}
execute if entity @s[tag=aj.dino.bone.tail_1] run data modify entity @s {} merge value {transformation:[-1.2010580257401218f,0.1730222550912826f,0.9028727308144645f,0.38327945360171045f,0.20645093506573836f,1.4982917682867538f,-0.012491536920433947f,0.7840835256036116f,-0.8958202276214374f,0.11331957609909865f,-1.2133923699516975f,-0.9260388183273148f,0f,0f,0f,1f],start_interpolation:0}
execute if entity @s[tag=aj.dino.bone.tail_0] run data modify entity @s {} merge value {transformation:[-1.086833349068291f,-0.08361343674976178f,0.6675610692153364f,0.1861848524411594f,0.11061311794188612f,1.2288386405218055f,0.33400007527502595f,0.7161350061039614f,-0.6636216739047965f,0.341760303925781f,-1.03761355290319f,-0.6145767368600032f,0f,0f,0f,1f],start_interpolation:0}
execute if entity @s[tag=aj.dino.bone.body_1] run data modify entity @s {} merge value {transformation:[-1.169657018339049f,-0.19616858163412748f,0.3493206865991627f,0.11818603209253623f,-0.12346935620963857f,1.2020474547205893f,0.2616138943809757f,0.5743470138888889f,-0.3811330116686734f,0.21261326213493267f,-1.1567790727865712f,-0.3599628183444487f,0f,0f,0f,1f],start_interpolation:0}