execute if entity @s[tag=aj.dino.bone.head_lower] run data modify entity @s {} merge value {transformation:[-0.8148018315136412f,-0.35699192101420363f,-0.4567874163028178f,-0.61973537963941f,-0.4979077540683837f,0.8345135132501755f,0.23595564125789953f,0.15205408805698684f,0.2969610139405396f,0.41969508519094845f,-0.8577121846318668f,0.1404047114081059f,0f,0f,0f,1f],start_interpolation:0}
execute if entity @s[tag=aj.dino.bone.head_upper] run data modify entity @s {} merge value {transformation:[-0.8481268869217861f,-0.16135250158448866f,-0.5814792313542195f,-0.6637074365420949f,-0.5182719737482164f,0.7085337260594651f,0.5593264367495299f,0.20636163013457368f,0.30910659567695187f,0.7452632231985058f,-0.657653239359685f,0.11189847389707964f,0f,0f,0f,1f],start_interpolation:0}
execute if entity @s[tag=aj.dino.bone.neck_0] run data modify entity @s {} merge value {transformation:[-0.914040900003658f,-0.40086862935642514f,0.0619158712964889f,-0.6529016412628567f,-0.383565964161826f,0.90385938387554f,0.18951349639732212f,0.20406853536495528f,-0.1319332568274999f,0.14947426593909133f,-0.9799240070356778f,0.046151133577811726f,0f,0f,0f,1f],start_interpolation:0}
execute if entity @s[tag=aj.dino.bone.neck_1] run data modify entity @s {} merge value {transformation:[-0.9608346689444487f,-0.2292951422838451f,0.15562929248519514f,-0.6407741316135057f,-0.13195130248751624f,0.8723855430550675f,0.47067219807458627f,0.24795961926313426f,-0.24369159346653518f,0.4317026777697194f,-0.8684740671316531f,-0.025431218356719965f,0f,0f,0f,1f],start_interpolation:0}
execute if entity @s[tag=aj.dino.bone.neck_2] run data modify entity @s {} merge value {transformation:[-0.7862299622724223f,-0.3334263276397004f,0.5202589071431726f,-0.5984600015450077f,-0.03321574303802341f,0.8635194841629306f,0.5032204436282554f,0.3004998997279294f,-0.6170406476396325f,0.37836620423564465f,-0.6899998946759148f,-0.08217594251119559f,0f,0f,0f,1f],start_interpolation:0}
execute if entity @s[tag=aj.dino.bone.body_0] run data modify entity @s {} merge value {transformation:[-0.6137862764480663f,-0.10262909114463148f,0.7827730683249423f,-0.23051966022198514f,0.1058538761505548f,0.9718628168516006f,0.21042248483746984f,0.4089294359065433f,-0.7823435075131133f,0.21201399687779865f,-0.5856523724702054f,-0.3561720111222495f,0f,0f,0f,1f],start_interpolation:0}
execute if entity @s[tag=aj.dino.bone.leg_left_3] run data modify entity @s {} merge value {transformation:[0.20930000728051726f,0.044840975899186765f,0.9768228057497345f,-0.05031273116012243f,-0.028354408592086943f,0.9988062864086501f,-0.039774737509560405f,-0.003995324991825588f,-0.9774402971362336f,-0.019372380105965134f,0.21032160236947028f,0.06685028365106227f,0f,0f,0f,1f],start_interpolation:0}
execute if entity @s[tag=aj.dino.bone.leg_left_2] run data modify entity @s {} merge value {transformation:[0.42091741159303936f,0.0855997685942085f,0.9314308410908068f,-0.0009211622618891802f,-0.2515926901001231f,0.9941149101302433f,0.02233524671043616f,0.22803136089994597f,-0.9008839272662676f,-0.23763506596049874f,0.4289521238086485f,0.023316825002938746f,0f,0f,0f,1f],start_interpolation:0}
execute if entity @s[tag=aj.dino.bone.leg_left_1] run data modify entity @s {} merge value {transformation:[0.4564107318193209f,-0.8847305070662084f,-0.09455777993650918f,-0.24534950812816367f,0.14904381422995075f,-0.02875101237210148f,0.9884125255819896f,0.16483061478491146f,-0.8771973468495786f,-0.46521533632711276f,0.1187413387414489f,-0.09189530581385255f,0f,0f,0f,1f],start_interpolation:0}
execute if entity @s[tag=aj.dino.bone.leg_left_0] run data modify entity @s {} merge value {transformation:[0.4437100389502573f,0.24338620343484907f,0.8624874244372095f,-0.16840737940590636f,0.09379554481660533f,0.9445163889703949f,-0.3147875263394057f,0.5722102535391635f,-0.891248448586205f,0.2205718634456716f,0.3962628621871934f,-0.1411803676540875f,0f,0f,0f,1f],start_interpolation:0}
execute if entity @s[tag=aj.dino.bone.leg_right_3] run data modify entity @s {} merge value {transformation:[0.6784544412724011f,-0.21311543341301387f,0.7030514797359699f,-0.025190000078131602f,0.1978752554312907f,0.9746420884417777f,0.10449010826796465f,0.030263001545284468f,-0.7074920172028483f,0.06822471311066738f,0.7034205243772831f,-0.7086955072903268f,0f,0f,0f,1f],start_interpolation:0}
execute if entity @s[tag=aj.dino.bone.leg_right_2] run data modify entity @s {} merge value {transformation:[0.6949080307148576f,-0.056245173086665864f,0.752330717738644f,-0.016128344522310795f,0.2868233103681103f,0.9657376463767382f,-0.19273138431737244f,0.24897381022806164f,-0.6977803500946206f,0.3409537774770403f,0.670011420907629f,-0.6074308015438087f,0f,0f,0f,1f],start_interpolation:0}
execute if entity @s[tag=aj.dino.bone.leg_right_1] run data modify entity @s {} merge value {transformation:[0.5811476475827491f,-0.7572956306587779f,0.29794418855577665f,-0.22608982573524378f,-0.0808209003357419f,0.3105971970604091f,0.9470994473903663f,0.28151316069706034f,-0.8097749031539302f,-0.574484733446713f,0.11929751572728636f,-0.7859546171474767f,0f,0f,0f,1f],start_interpolation:0}
execute if entity @s[tag=aj.dino.bone.leg_right_0] run data modify entity @s {} merge value {transformation:[0.6227806449190664f,0.7002211869685316f,0.3490480735293806f,-0.05198913400444049f,-0.052002500483867745f,0.48218627990290286f,-0.8745239455937297f,0.548073503432351f,-0.7806663872984523f,0.5264852142214248f,0.33670953498320083f,-0.5158771997572897f,0f,0f,0f,1f],start_interpolation:0}
execute if entity @s[tag=aj.dino.bone.tail_4] run data modify entity @s {} merge value {transformation:[0.9928099135834613f,-1.1184352346170308f,-2.32144188664234f,-0.17250641435662994f,-2.5240988565267855f,-0.9227531397778936f,-0.6349117553725191f,0.2179943183331082f,-0.5185699273681174f,2.3501682068731147f,-1.3540516834420455f,0.5934118678410545f,0f,0f,0f,1f],start_interpolation:0}
execute if entity @s[tag=aj.dino.bone.tail_3] run data modify entity @s {} merge value {transformation:[0.7814915191271771f,0.32604342363206223f,-1.902343874666992f,0.14687021646363513f,-1.8371561448447993f,-0.5034981010667668f,-0.8410068297734564f,0.3655251221861934f,-0.5916703736336109f,1.994023789771047f,0.09869559684109375f,0.5571636536074639f,0f,0f,0f,1f],start_interpolation:0}
execute if entity @s[tag=aj.dino.bone.tail_2] run data modify entity @s {} merge value {transformation:[1.0399979161592925f,0.9807993229709947f,-1.3323704054979395f,0.39555737005896635f,-1.5765993000079521f,0.11048105273377662f,-1.1493052071595466f,0.5780389307787567f,-0.5015105747654189f,1.6865943495841706f,0.8500944173160916f,0.39916344866052045f,0f,0f,0f,1f],start_interpolation:0}
execute if entity @s[tag=aj.dino.bone.tail_1] run data modify entity @s {} merge value {transformation:[1.3661875324591772f,0.6404081754242552f,-0.10519146829891195f,0.40905985486743357f,-0.6350193910206994f,1.2685088361740022f,-0.5246827189608773f,0.6760452676044799f,-0.13393374922253592f,0.51809164382207f,1.4146727711456601f,0.08853647326265171f,0f,0f,0f,1f],start_interpolation:0}
execute if entity @s[tag=aj.dino.bone.tail_0] run data modify entity @s {} merge value {transformation:[1.100916722114295f,-0.08460416227293988f,0.6439411644546708f,0.21884363088391484f,0.05299806266303033f,1.274800455994093f,0.07688120274322888f,0.6843419991383509f,-0.6473092714515288f,-0.03951771384295954f,1.1014829885066517f,-0.23429608965516788f,0f,0f,0f,1f],start_interpolation:0}
execute if entity @s[tag=aj.dino.bone.body_1] run data modify entity @s {} merge value {transformation:[0.36614853448839524f,-0.4026076572210716f,1.110156259314521f,-0.012133665777770392f,-0.07591280600773226f,1.1518660197136086f,0.44277140102925694f,0.5038175f,-1.178463869464093f,-0.1992895933869573f,0.31640347879191905f,-0.29443189799544556f,0f,0f,0f,1f],start_interpolation:0}