execute if entity @s[tag=aj.dino.bone.head_lower] run data modify entity @s {} merge value {transformation:[-0.8553808777485133f,-0.18222839749073128f,-0.48488799235508284f,-0.6538917843541084f,-0.3576011920122551f,0.8849671192987246f,0.29825255276616025f,0.16067156898132373f,0.37475984503892246f,0.42851605443445984f,-0.8221490434454849f,0.1100668234964584f,0f,0f,0f,1f],start_interpolation:0}
execute if entity @s[tag=aj.dino.bone.head_upper] run data modify entity @s {} merge value {transformation:[-0.8903655992397286f,0.017905049320555467f,-0.5388881623146075f,-0.6909156563467649f,-0.3722269317650597f,0.7322381926927672f,0.6393326857077672f,0.22107214517395393f,0.390087366551079f,0.7395800030790216f,-0.6199396810064555f,0.08405798288280308f,0f,0f,0f,1f],start_interpolation:0}
execute if entity @s[tag=aj.dino.bone.neck_0] run data modify entity @s {} merge value {transformation:[-0.9485776249730737f,-0.30990352050543f,0.0645003672763444f,-0.6814081173085142f,-0.2941863696635283f,0.9383025450709535f,0.18177654914087676f,0.2176908070193566f,-0.11685405129749127f,0.1534540383688621f,-0.9812221913530346f,0.01815722789458394f,0f,0f,0f,1f],start_interpolation:0}
execute if entity @s[tag=aj.dino.bone.neck_1] run data modify entity @s {} merge value {transformation:[-0.9420909738622304f,-0.22749480881838668f,0.24639543203557995f,-0.6615832304224304f,-0.0875163753399593f,0.8760431128457273f,0.474224997741498f,0.261899709646648f,-0.3237367464695193f,0.42519945484002464f,-0.8452218304025731f,-0.051485313938521855f,0f,0f,0f,1f],start_interpolation:0}
execute if entity @s[tag=aj.dino.bone.neck_2] run data modify entity @s {} merge value {transformation:[-0.7436842398835289f,-0.3280544388402282f,0.5825066836578622f,-0.6137631341241443f,-0.000002815637059935816f,0.8713248546136689f,0.49070663101749606f,0.3134201057282153f,-0.6685310399233009f,0.36492914776664775f,-0.6479914858772283f,-0.10468134360015832f,0f,0f,0f,1f],start_interpolation:0}
execute if entity @s[tag=aj.dino.bone.body_0] run data modify entity @s {} merge value {transformation:[-0.5286081857991201f,-0.07713665350756399f,0.8453539629006402f,-0.21608580453190993f,0.1509224493465788f,0.9714563148465031f,0.18301650916811135f,0.4089294359065433f,-0.835341726594208f,0.22432691552844491f,-0.5018781074923486f,-0.33907761933934627f,0f,0f,0f,1f],start_interpolation:0}
execute if entity @s[tag=aj.dino.bone.leg_left_3] run data modify entity @s {} merge value {transformation:[0.1065984926804085f,0.04368017789977674f,0.9933422388164659f,-0.02243211477335509f,-0.016875538673193823f,0.9989701700077459f,-0.042116690624797025f,-0.018968705581144663f,-0.994158929725401f,-0.012273609629573898f,0.10722584088691653f,0.0556605105539904f,0f,0f,0f,1f],start_interpolation:0}
execute if entity @s[tag=aj.dino.bone.leg_left_2] run data modify entity @s {} merge value {transformation:[0.31677404117212005f,0.09651995058000011f,0.9707730452995761f,0.03055921725595645f,-0.24865482640989633f,0.9949455707396764f,-0.017784489569795486f,0.21201628427787908f,-0.9433383187612188f,-0.22984649204681856f,0.3306744712723125f,0.010839474693564624f,0f,0f,0f,1f],start_interpolation:0}
execute if entity @s[tag=aj.dino.bone.leg_left_1] run data modify entity @s {} merge value {transformation:[0.3803229888222801f,-0.9246696559150512f,-0.018451330662804633f,-0.22724041296781422f,0.1480405376825759f,0.04117256244932038f,0.9881238886415055f,0.16784687743053528f,-0.9129284875475964f,-0.37853777556711177f,0.15254746504862407f,-0.08190641370590312f,0f,0f,0f,1f],start_interpolation:0}
execute if entity @s[tag=aj.dino.bone.leg_left_0] run data modify entity @s {} merge value {transformation:[0.36369202199882644f,0.3086227291398804f,0.8789084845378711f,-0.1353252259227839f,0.09379554481660535f,0.926593561086064f,-0.3641795825226926f,0.5722102535391635f,-0.9267850392118776f,0.21488690888953307f,0.308047248780021f,-0.1303743104723427f,0f,0f,0f,1f],start_interpolation:0}
execute if entity @s[tag=aj.dino.bone.leg_right_3] run data modify entity @s {} merge value {transformation:[0.5983010888791211f,-0.1800343625957621f,0.7807838595480803f,-0.09992155042163917f,0.17221484802104273f,0.9805514979082629f,0.09413185470897378f,0.04141460243033657f,-0.7825457514849515f,0.07814338253876549f,0.6176696192935611f,-0.7289010356432745f,0f,0f,0f,1f],start_interpolation:0}
execute if entity @s[tag=aj.dino.bone.leg_right_2] run data modify entity @s {} merge value {transformation:[0.6253135903702393f,0.09226739583080737f,0.807794429830744f,-0.05441978624512639f,0.2583079800874922f,0.9437313332880917f,-0.30775047927516724f,0.2514854043280913f,-0.770922888894924f,0.3910499939107229f,0.5521050634988081f,-0.619489337398183f,0f,0f,0f,1f],start_interpolation:0}
execute if entity @s[tag=aj.dino.bone.leg_right_1] run data modify entity @s {} merge value {transformation:[0.46096569115913694f,-0.7967059986440178f,0.3908582649744247f,-0.28240914582700705f,-0.09064411619622638f,0.39586900328459806f,0.9138223987391991f,0.3087596941924116f,-0.8827764585517583f,-0.4566697756181124f,0.11026531759224431f,-0.7669813483606327f,0f,0f,0f,1f],start_interpolation:0}
execute if entity @s[tag=aj.dino.bone.leg_right_0] run data modify entity @s {} merge value {transformation:[0.5083636644574513f,0.8018045693355695f,0.31412707182284344f,-0.05227682301001787f,-0.06659673772696408f,0.40029243985202306f,-0.9139643522159059f,0.548073503432351f,-0.8585634858200749f,0.44370642906083335f,0.2568917001901107f,-0.5138503679050984f,0f,0f,0f,1f],start_interpolation:0}
execute if entity @s[tag=aj.dino.bone.tail_4] run data modify entity @s {} merge value {transformation:[0.9529943796592917f,-0.9849487532130411f,-2.3973608400659834f,-0.1807436161896801f,-2.530622517679998f,-0.9053394398063144f,-0.6340122264926242f,0.2293846624710815f,-0.5598327580168456f,2.4157602910626843f,-1.2150517811089316f,0.522202956051001f,0f,0f,0f,1f],start_interpolation:0}
execute if entity @s[tag=aj.dino.bone.tail_3] run data modify entity @s {} merge value {transformation:[0.8228922515557715f,0.18267510517613908f,-1.9040545355432452f,0.14032605104860035f,-1.8447373225232013f,-0.47220939295588293f,-0.8425603991041897f,0.37687270969935954f,-0.5057055262342383f,2.0198003914242535f,-0.02477550368870968f,0.5066386334170173f,0f,0f,0f,1f],start_interpolation:0}
execute if entity @s[tag=aj.dino.bone.tail_2] run data modify entity @s {} merge value {transformation:[1.0729244795441428f,0.8034598512467757f,-1.4219912811379034f,0.4056556786243689f,-1.5860666094220488f,0.10642236190646566f,-1.1365917764815439f,0.5870151529649251f,-0.3898713206612566f,1.7781733389418297f,0.7105447241413375f,0.3746847542090791f,0f,0f,0f,1f],start_interpolation:0}
execute if entity @s[tag=aj.dino.bone.tail_1] run data modify entity @s {} merge value {transformation:[1.3727530757007345f,0.6060294980951187f,-0.18956131090692466f,0.43772758352531416f,-0.6342148285574922f,1.2863444336892884f,-0.4803600723981701f,0.6752649603484302f,-0.031253710051194004f,0.5154633792571136f,1.4216106922265581f,0.06249884579611581f,0f,0f,0f,1f],start_interpolation:0}
execute if entity @s[tag=aj.dino.bone.tail_0] run data modify entity @s {} merge value {transformation:[1.090382158136183f,-0.07603946262115444f,0.6626616526754762f,0.24224747923831935f,0.04380954052431965f,1.2753050567723403f,0.07425262900378525f,0.6843419991383509f,-0.66556982350566f,-0.04062916291547046f,1.090505294688412f,-0.2571526010886639f,0f,0f,0f,1f],start_interpolation:0}
execute if entity @s[tag=aj.dino.bone.body_1] run data modify entity @s {} merge value {transformation:[0.2611966098032962f,-0.41855976643589077f,1.1336616108895314f,0.006880005352644096f,-0.07591280600773226f,1.1518660197136086f,0.44277140102925694f,0.5038175f,-1.2060755249848771f,-0.16314714096946728f,0.21764520091697795f,-0.2967629438611619f,0f,0f,0f,1f],start_interpolation:0}