execute if entity @s[tag=aj.dino.bone.head_lower] run data modify entity @s {} merge value {transformation:[0.6696016059205289f,0.4382830600192065f,-0.5996179188857264f,0.7158027742046208f,-0.5594280653965139f,0.8286606043659814f,-0.019022155990315925f,0.3123318153095397f,0.4885426583169197f,0.3481803585385122f,0.8000603158091465f,-0.6054355682250762f,0f,0f,0f,1f],start_interpolation:0}
execute if entity @s[tag=aj.dino.bone.head_upper] run data modify entity @s {} merge value {transformation:[0.6969880326020095f,0.7714082641102844f,-0.051077539637741386f,0.7298197568681175f,-0.5823084401762041f,0.5690704123131675f,0.6484964833465056f,0.36963501488282546f,0.5085238494826407f,-0.40566007749788047f,0.8125978947888542f,-0.5583683396315815f,0f,0f,0f,1f],start_interpolation:0}
execute if entity @s[tag=aj.dino.bone.neck_0] run data modify entity @s {} merge value {transformation:[0.6360331461201948f,0.6419197306497644f,-0.42825330873092016f,0.6915030159123415f,-0.5536106794313926f,0.7662015091577414f,0.32626747153817093f,0.3784740796733242f,0.5375658589009896f,0.029568678816162566f,0.8427031746570725f,-0.5045312283564192f,0f,0f,0f,1f],start_interpolation:0}
execute if entity @s[tag=aj.dino.bone.neck_1] run data modify entity @s {} merge value {transformation:[0.6836287349307429f,0.5061285698991355f,-0.5258190026129217f,0.6492909160720719f,-0.26944027594168385f,0.8445969259699098f,0.46266399291780635f,0.421558744801697f,0.6782725783027508f,-0.17461358301699975f,0.7137621495627969f,-0.44487062911049874f,0f,0f,0f,1f],start_interpolation:0}
execute if entity @s[tag=aj.dino.bone.neck_2] run data modify entity @s {} merge value {transformation:[0.5327086069161133f,0.41019341421758315f,-0.740245164151726f,0.5884559377497236f,-0.35582041177902723f,0.9021766586978638f,0.24386289398381555f,0.451755836635448f,0.767862861895858f,0.13348647659325055f,0.6265524606031186f,-0.3886730183833152f,0f,0f,0f,1f],start_interpolation:0}
execute if entity @s[tag=aj.dino.bone.body_0] run data modify entity @s {} merge value {transformation:[0.6047486158727675f,0.23206409984163434f,-0.7618565253147497f,0.23160651496196843f,-0.3320715356882237f,0.9429580348390135f,0.023635560458992205f,0.47187804162580443f,0.7238836970022442f,0.2386972938624104f,0.6473144484075152f,-0.08132225618237808f,0f,0f,0f,1f],start_interpolation:0}
execute if entity @s[tag=aj.dino.bone.leg_left_3] run data modify entity @s {} merge value {transformation:[0.20280817795605904f,0.16311702966846198f,-0.9655369892377409f,-0.48167182128603137f,-0.013923047507297264f,0.9864088234429692f,0.1637186054850418f,0.08257763929215373f,0.9791194981728499f,-0.01976025470471817f,0.20232286235557193f,-0.379612758497913f,0f,0f,0f,1f],start_interpolation:0}
execute if entity @s[tag=aj.dino.bone.leg_left_2] run data modify entity @s {} merge value {transformation:[0.13450559223123693f,0.16743092706468132f,-1.0029642714581013f,-0.4734313346288719f,-0.29483493535542205f,0.9746612743188506f,0.12316639451495134f,0.3131187599446286f,0.9731612436041537f,0.2721479092444217f,0.17594007201715542f,-0.3092283984882502f,0f,0f,0f,1f],start_interpolation:0}
execute if entity @s[tag=aj.dino.bone.leg_left_1] run data modify entity @s {} merge value {transformation:[0.0671897481392911f,0.9967858072419692f,-0.0436301756351532f,-0.20165992528296187f,0.10193233411531574f,0.03664243486059282f,0.994116256395242f,0.2683191199753048f,0.9925196909919635f,-0.07124174652872364f,-0.09914270797569943f,-0.34309104724056105f,0f,0f,0f,1f],start_interpolation:0}
execute if entity @s[tag=aj.dino.bone.leg_left_0] run data modify entity @s {} merge value {transformation:[0.04078170619361236f,0.4402322350806757f,-0.8969573187369678f,0.04894940786201144f,0.05011854353013144f,0.8956727914250053f,0.44188050680626006f,0.5898450972203417f,0.9979103086121299f,-0.06297483542504607f,0.01446326618824939f,-0.25296176974590434f,0f,0f,0f,1f],start_interpolation:0}
execute if entity @s[tag=aj.dino.bone.leg_right_3] run data modify entity @s {} merge value {transformation:[-0.33815036403492416f,0.03454996585982509f,-0.9404576711166387f,0.16528103240223424f,0.023187349068716542f,0.9993283635647392f,0.02837549326769806f,0.03617876444813331f,0.940806397802552f,-0.012211536926391202f,-0.33872437204854555f,0.28228435144688807f,0f,0f,0f,1f],start_interpolation:0}
execute if entity @s[tag=aj.dino.bone.leg_right_2] run data modify entity @s {} merge value {transformation:[-0.35589772881103693f,-0.09133357487457368f,-0.9576310271855591f,0.1149483526212014f,0.1776965749702202f,0.9972542350690703f,-0.16115246625897484f,0.26338127105688525f,0.9454220927034088f,-0.22182057667882796f,-0.33020432748659373f,0.21890679703859922f,0f,0f,0f,1f],start_interpolation:0}
execute if entity @s[tag=aj.dino.bone.leg_right_1] run data modify entity @s {} merge value {transformation:[-0.18606573528567658f,0.9187356919659088f,-0.3482876260514034f,0.3793063838358348f,-0.1860006145101218f,0.3151319367105896f,0.930642591904588f,0.2959306587348774f,0.9647711197763217f,0.23794241062272742f,0.11225014776198591f,0.296809007237516f,0f,0f,0f,1f],start_interpolation:0}
execute if entity @s[tag=aj.dino.bone.leg_right_0] run data modify entity @s {} merge value {transformation:[-0.24235838105664648f,-0.9594206111504222f,-0.1441336394855534f,0.04252042204903727f,-0.17441213657598226f,0.18922813240495645f,-0.9663193677669579f,0.46917208965160306f,0.9543808578060451f,-0.2090569415405343f,-0.2131956224858178f,0.12111068305165423f,0f,0f,0f,1f],start_interpolation:0}
execute if entity @s[tag=aj.dino.bone.tail_4] run data modify entity @s {} merge value {transformation:[0.3517879741457253f,-1.5941448210609155f,2.227242430076058f,-0.8194703571777517f,2.4571707109738443f,1.1757436170093634f,0.45343177633910253f,0.4974225679098082f,-1.2100490279235547f,1.9240557601448043f,1.5682640445648368f,0.9908977141298498f,0f,0f,0f,1f],start_interpolation:0}
execute if entity @s[tag=aj.dino.bone.tail_3] run data modify entity @s {} merge value {transformation:[0.30077072007892514f,-1.9598440083335382f,0.6359983985724941f,-0.908133570585404f,2.0114194446477125f,0.4186654954953441f,0.3389049226835907f,0.43585984640580433f,-0.4468493232407735f,0.5653991439020847f,1.9536107638008389f,0.6541046480729382f,0f,0f,0f,1f],start_interpolation:0}
execute if entity @s[tag=aj.dino.bone.tail_2] run data modify entity @s {} merge value {transformation:[1.0557031412677724f,-1.6336678430202296f,-0.1881332804204588f,-0.8727681062385915f,1.6442934024700377f,1.0518908728530498f,0.0927290310783664f,0.42008788706511696f,0.023747823345327858f,-0.20839588597871764f,1.9428795821142084f,0.29289554907454546f,0f,0f,0f,1f],start_interpolation:0}
execute if entity @s[tag=aj.dino.bone.tail_1] run data modify entity @s {} merge value {transformation:[0.7058685653549883f,-0.9051253902026236f,-0.9849638807866197f,-0.65042501250443f,1.045828602631915f,1.0677957784821939f,-0.23175624991050864f,0.4559073907784647f,0.8340553652849836f,-0.5729017834377492f,1.1241847909366056f,0.05718982402468707f,0f,0f,0f,1f],start_interpolation:0}
execute if entity @s[tag=aj.dino.bone.tail_0] run data modify entity @s {} merge value {transformation:[0.5206427311101167f,0.1674021838139688f,-1.1553109416864968f,-0.3087765905228395f,-0.14858451707061512f,1.2642193585011445f,0.11622293862174787f,0.45245221197054175f,1.1578814725234698f,0.08695768528023674f,0.5344011350489561f,-0.0968761644272604f,0f,0f,0f,1f],start_interpolation:0}
execute if entity @s[tag=aj.dino.bone.body_1] run data modify entity @s {} merge value {transformation:[-0.020219886715777097f,-0.25929179971076516f,-1.2087032364646848f,-0.010304876506878537f,-0.3795302421989979f,1.1517852034999778f,-0.24073270511323355f,0.4308382866883778f,1.1765001260067172f,0.36710107961911187f,-0.09843193539147425f,-0.09871898110361985f,0f,0f,0f,1f],start_interpolation:0}