execute if entity @s[tag=aj.dino.bone.head_lower] run data modify entity @s {} merge value {transformation:[-0.8073009078907638f,-0.37863618364577f,-0.4526586843891498f,-0.6153018692648705f,-0.515545262411224f,0.8257719471865668f,0.2287220445104684f,0.15114303903334425f,0.28719040116983574f,0.4180135544140562f,-0.8618505333304817f,0.14370728953490555f,0f,0f,0f,1f],start_interpolation:0}
execute if entity @s[tag=aj.dino.bone.head_upper] run data modify entity @s {} merge value {transformation:[-0.8403191786481179f,-0.1838116676971957f,-0.5861304388939687f,-0.6600964590640517f,-0.5366308488333171f,0.7030086557023428f,0.5488880620595843f,0.2046012239456596f,0.2989363689150149f,0.7452946017579007f,-0.662302760460762f,0.11487807375645158f,0f,0f,0f,1f],start_interpolation:0}
execute if entity @s[tag=aj.dino.bone.neck_0] run data modify entity @s {} merge value {transformation:[-0.9086668334585012f,-0.4129287364441623f,0.06176118838824857f,-0.6491066442162085f,-0.39537827212948773f,0.8985421710769361f,0.19052031052947377f,0.20246335685111003f,-0.13416634339655376f,0.1487004553287377f,-0.9797385196493115f,0.04915600936257353f,0f,0f,0f,1f],start_interpolation:0}
execute if entity @s[tag=aj.dino.bone.neck_1] run data modify entity @s {} merge value {transformation:[-0.9621601002218123f,-0.23088913356497337f,0.14470020574542597f,-0.6379123149765626f,-0.13868289040993265f,0.8720586198068756f,0.4693408351380413f,0.2462401507398861f,-0.2345527604798106f,0.4315135821989192f,-0.8710803814397138f,-0.022648002741383927f,0f,0f,0f,1f],start_interpolation:0}
execute if entity @s[tag=aj.dino.bone.neck_2] run data modify entity @s {} merge value {transformation:[-0.7905134875156176f,-0.33535572801927094f,0.5124694739597284f,-0.5962994877112744f,-0.03881638755041431f,0.8625126560429309f,0.5045445532589812f,0.2988865756625927f,-0.6112133131022524f,0.37895706069478863f,-0.6948451856609027f,-0.07981142587180656f,0f,0f,0f,1f],start_interpolation:0}
execute if entity @s[tag=aj.dino.bone.body_0] run data modify entity @s {} merge value {transformation:[-0.6230271489032212f,-0.10720003024760089f,0.7748195436644827f,-0.2321511566436387f,0.09872389106862733f,0.9718660711241962f,0.2138455824418373f,0.4089294359065433f,-0.7759450786375242f,0.20972480376086258f,-0.5949157432995653f,-0.3581950938430274f,0f,0f,0f,1f],start_interpolation:0}
execute if entity @s[tag=aj.dino.bone.leg_left_3] run data modify entity @s {} merge value {transformation:[0.2210380812533114f,0.04307131880263263f,0.9743136189813101f,-0.053382811983673624f,-0.030133749749895772f,0.9988489382759198f,-0.03731964135786805f,-0.00217992198163644f,-0.9747995300377743f,-0.021110660853493217f,0.22208155312061317f,0.06848441356876762f,0f,0f,0f,1f],start_interpolation:0}
execute if entity @s[tag=aj.dino.bone.leg_left_2] run data modify entity @s {} merge value {transformation:[0.43309498238746347f,0.08232724532185678f,0.9261280475232423f,-0.004899051562992945f,-0.25182396726951256f,0.9938720829833944f,0.029413800767467017f,0.23000856148253937f,-0.8950282818102124f,-0.23979722026049327f,0.43986801135783266f,0.0247933940328047f,0f,0f,0f,1f],start_interpolation:0}
execute if entity @s[tag=aj.dino.bone.leg_left_1] run data modify entity @s {} merge value {transformation:[0.465326284844143f,-0.8790930247087987f,-0.10328069781660001f,-0.2475107976013749f,0.14915388713022126f,-0.037138411612212596f,0.9881163172101088f,0.16454273871085162f,-0.8724818431274619f,-0.47520121242612423f,0.11383866268385737f,-0.09296547991221626f,0f,0f,0f,1f],start_interpolation:0}
execute if entity @s[tag=aj.dino.bone.leg_left_0] run data modify entity @s {} merge value {transformation:[0.4530935404472141f,0.23560336397131054f,0.8597658393367411f,-0.1723118380564533f,0.09379554481660538f,0.9464912486856476f,-0.3087988211344724f,0.5722102535391635f,-0.8865148839007527f,0.2205569564690397f,0.40675052498497066f,-0.1425597578233063f,0f,0f,0f,1f],start_interpolation:0}
execute if entity @s[tag=aj.dino.bone.leg_right_3] run data modify entity @s {} merge value {transformation:[0.6877509461315515f,-0.21682317145635144f,0.692810470774486f,-0.01658961362120485f,0.20063524207413502f,0.9739536171866676f,0.10564019692739693f,0.029298037133431515f,-0.6976705065666805f,0.0663480511289938f,0.7133398912008048f,-0.7050494063352403f,0f,0f,0f,1f],start_interpolation:0}
execute if entity @s[tag=aj.dino.bone.leg_right_2] run data modify entity @s {} merge value {transformation:[0.7030015601389636f,-0.07316796895503716f,0.7433017249151731f,-0.011764229657617892f,0.2898405153829104f,0.9674985452888017f,-0.17888890409222075f,0.2488424226108205f,-0.6883628996288556f,0.332648782778085f,0.6837861546064726f,-0.6053094918527463f,0f,0f,0f,1f],start_interpolation:0}
execute if entity @s[tag=aj.dino.bone.leg_right_1] run data modify entity @s {} merge value {transformation:[0.5948611250824257f,-0.750869107384528f,0.28694219878092636f,-0.21912320857026357f,-0.07959965980617567f,0.3001893512776603f,0.950552601142219f,0.278395466068577f,-0.7998775756479309f,-0.5882872911724846f,0.1188020497320173f,-0.7873596419390743f,0f,0f,0f,1f],start_interpolation:0}
execute if entity @s[tag=aj.dino.bone.leg_right_0] run data modify entity @s {} merge value {transformation:[0.6357432067240276f,0.6870208875001763f,0.35189895601254656f,-0.05194469304808759f,-0.050225239494452456f,0.4917374896665695f,-0.8692937746091048f,0.548073503432351f,-0.7702648897762218f,0.5349734025116486f,0.347124557159436f,-0.5160067744843935f,0f,0f,0f,1f],start_interpolation:0}
execute if entity @s[tag=aj.dino.bone.tail_4] run data modify entity @s {} merge value {transformation:[0.9996985572376331f,-1.1329071673964612f,-2.3114466198289594f,-0.17103763726328794f,-2.522341153400014f,-0.9261195714168979f,-0.6369921325285498f,0.21636991119051222f,-0.5138669400941107f,2.341897781949568f,-1.370079150406285f,0.6017827014376873f,0f,0f,0f,1f],start_interpolation:0}
execute if entity @s[tag=aj.dino.bone.tail_3] run data modify entity @s {} merge value {transformation:[0.7771612855306276f,0.34360084412653585f,-1.9010271755638737f,0.1479439169033193f,-1.8357536793439952f,-0.5068090827474616f,-0.8420798705966707f,0.3641150636690049f,-0.601642993054695f,1.9902332877340416f,0.11376596744184708f,0.5630162023008239f,0f,0f,0f,1f],start_interpolation:0}
execute if entity @s[tag=aj.dino.bone.tail_2] run data modify entity @s {} merge value {transformation:[1.0363303829490245f,1.001482582800616f,-1.319782500538067f,0.39429321616262536f,-1.5747769486213166f,0.11187410258764954f,-1.1516664544319768f,0.5770695019810861f,-0.5146559768140667f,1.6743030479934007f,0.8663789032590433f,0.401976101932079f,0f,0f,0f,1f],start_interpolation:0}
execute if entity @s[tag=aj.dino.bone.tail_1] run data modify entity @s {} merge value {transformation:[1.365281820110686f,0.6439662774942421f,-0.09470604587597069f,0.4054967262218412f,-0.6342420401715876f,1.2667383644126002f,-0.5298747027404435f,0.6762139953182053f,-0.14628341038626086f,0.5180131268370518f,1.4134779143199463f,0.09161900470034645f,0f,0f,0f,1f],start_interpolation:0}
execute if entity @s[tag=aj.dino.bone.tail_0] run data modify entity @s {} merge value {transformation:[1.1021116835152496f,-0.08608210726136074f,0.6416972997080894f,0.21590054622424384f,0.05446757191474941f,1.274704043866654f,0.07745063423716406f,0.6843419991383509f,-0.645150243937737f,-0.03943587127820269f,1.1027518720853007f,-0.23158238048387525f,0f,0f,0f,1f],start_interpolation:0}
execute if entity @s[tag=aj.dino.bone.body_1] run data modify entity @s {} merge value {transformation:[0.3785682698908839f,-0.4004814775467272f,1.1067543748411675f,-0.014429073239686795f,-0.07591280600773226f,1.1518660197136086f,0.44277140102925694f,0.5038175f,-1.1745330586969893f,-0.20352850863544625f,0.3281049150146577f,-0.2941530878115034f,0f,0f,0f,1f],start_interpolation:0}