execute if entity @s[tag=aj.dino.bone.head_lower] run data modify entity @s {} merge value {transformation:[-0.8019564028497632f,-0.39310710977106744f,-0.44981410402043365f,-0.6123161522978847f,-0.5273628746205649f,0.8195960240419076f,0.22394364435418052f,0.15056324093675066f,0.280632012429449f,0.41680829840843525f,-0.8645903746732684f,0.14586948020002624f,0f,0f,0f,1f],start_interpolation:0}
execute if entity @s[tag=aj.dino.bone.head_upper] run data modify entity @s {} merge value {transformation:[-0.8347560855778174f,-0.19886095873515675f,-0.5891591799040733f,-0.6576557364320584f,-0.5489317964580149f,0.6989728856515884f,0.5418327514508288f,0.20344061060743499f,0.2921097448078083f,0.7452269230230034f,-0.6654176679150405f,0.1168218920205088f,0f,0f,0f,1f],start_interpolation:0}
execute if entity @s[tag=aj.dino.bone.neck_0] run data modify entity @s {} merge value {transformation:[-0.9049196631566205f,-0.4210896202533634f,0.061676048409298426f,-0.6465401712534149f,-0.4033671519088405f,0.8948390284909626f,0.1912016052503253f,0.20140948766130468f,-0.13570314658643104f,0.14814400023027915f,-0.979611153061414f,0.05111759227814857f,0f,0f,0f,1f],start_interpolation:0}
execute if entity @s[tag=aj.dino.bone.neck_1] run data modify entity @s {} merge value {transformation:[-0.9629303364067573f,-0.23211971877233076f,0.13742490088998777f,-0.6359678249756281f,-0.14332671156069934f,0.8718511584157271f,0.468330023938623f,0.24509969682589666f,-0.22852269248537432f,0.43127252836948604f,-0.8728008852499097f,-0.020833279585005464f,0f,0f,0f,1f],start_interpolation:0}
execute if entity @s[tag=aj.dino.bone.neck_2] run data modify entity @s {} merge value {transformation:[-0.7932625551008712f,-0.33679807584445587f,0.5072490263985817f,-0.5948264695567289f,-0.042739313792462444f,0.8618308971526892f,0.5053917844301987f,0.2978136707078009f,-0.6073778640446048f,0.37922890293391814f,-0.6980526981884323f,-0.07827504336376118f,0f,0f,0f,1f],start_interpolation:0}
execute if entity @s[tag=aj.dino.bone.body_0] run data modify entity @s {} merge value {transformation:[-0.629056209030326f,-0.11042648332914767f,0.7694766258048076f,-0.23322697163908407f,0.09376380461108991f,0.9718536343740948f,0.216122331790856f,0.4089294359065433f,-0.7716842844228771f,0.20810215071791294f,-0.6009965557649487f,-0.3595400332454209f,0f,0f,0f,1f],start_interpolation:0}
execute if entity @s[tag=aj.dino.bone.leg_left_3] run data modify entity @s {} merge value {transformation:[0.22877023892156423f,0.0415791426804228f,0.9725920792797621f,-0.055376499650453895f,-0.03139593041934634f,0.9988828348207119f,-0.035318236842186275f,-0.0009663753715639656f,-0.9729740352840225f,-0.02245567176679968f,0.22982008064707432f,0.06962641820696612f,0f,0f,0f,1f],start_interpolation:0}
execute if entity @s[tag=aj.dino.bone.leg_left_2] run data modify entity @s {} merge value {transformation:[0.4411710682409619f,0.07982421886599386f,0.9225282554644364f,-0.007574911696745401f,-0.25196367223426247f,0.9936726352882962f,0.03451378353834132f,0.2313330127003396f,-0.8910356872325866f,-0.24146425711135877f,0.44700404485452483f,0.025773544224311398f,0f,0f,0f,1f],start_interpolation:0}
execute if entity @s[tag=aj.dino.bone.leg_left_1] run data modify entity @s {} merge value {transformation:[0.4712427219842511f,-0.8752373290040721f,-0.10904088634402864f,-0.2489515164472746f,0.14922603196510364f,-0.042728493608054974f,0.9878794801077386f,0.16435966348273723f,-0.8692881503625963f,-0.4818027539894349f,0.110472702000867f,-0.09366384872048428f,0f,0f,0f,1f],start_interpolation:0}
execute if entity @s[tag=aj.dino.bone.leg_left_0] run data modify entity @s {} merge value {transformation:[0.459321221630911f,0.23042502599236447f,0.8578626479547327f,-0.1749066814934948f,0.09379554481660538f,0.9477867316809037f,-0.304799453776064f,0.5722102535391635f,-0.8833042573949499f,0.22046455190358594f,0.41372571858890683f,-0.14348891441783648f,0f,0f,0f,1f],start_interpolation:0}
execute if entity @s[tag=aj.dino.bone.leg_right_3] run data modify entity @s {} merge value {transformation:[0.6939252032789669f,-0.21923665248077068f,0.6858593897172147f,-0.0109159134048623f,0.20243456761037992f,0.97350207088524f,0.10636711812655136f,0.02870071744690561f,-0.6910051071378871f,0.06503082493075832f,0.7199186993808273f,-0.7024796118942095f,0f,0f,0f,1f],start_interpolation:0}
execute if entity @s[tag=aj.dino.bone.leg_right_2] run data modify entity @s {} merge value {transformation:[0.7083857424862686f,-0.0842981047162127f,0.7369841713932034f,-0.008888541531547889f,0.2918008449181502f,0.9685657224637396f,-0.1696906234122616f,0.24877508723495803f,-0.6819854149818203f,0.32685848667312084f,0.6929080912664578f,-0.6038173922166933f,0f,0f,0f,1f],start_interpolation:0}
execute if entity @s[tag=aj.dino.bone.leg_right_1] run data modify entity @s {} merge value {transformation:[0.6039112654242571f,-0.746385356056267f,0.2796427788419216f,-0.21446205226354875f,-0.07878033826931474f,0.293232503857476f,0.9527897758601568f,0.27633583859298066f,-0.7931486883276329f,-0.5974308319347394f,0.11828592163871599f,-0.7881901730973504f,0f,0f,0f,1f],start_interpolation:0}
execute if entity @s[tag=aj.dino.bone.leg_right_0] run data modify entity @s {} merge value {transformation:[0.6442865786401007f,0.678115542045529f,0.3536299142048528f,-0.05191436151508579f,-0.04903733089279111f,0.49806987382824774f,-0.8657492367675668f,0.548073503432351f,-0.7632104197160465f,0.5404495466008015f,0.35415271115133945f,-0.5160795920747794f,0f,0f,0f,1f],start_interpolation:0}
execute if entity @s[tag=aj.dino.bone.tail_4] run data modify entity @s {} merge value {transformation:[1.0045401915774668f,-1.1423711254690416f,-2.3046797059027755f,-0.17000171688714638f,-2.5210480679066682f,-0.9285301369347821f,-0.6385998400469042f,0.21526198886972256f,-0.5107611715954551f,2.3363393007220656f,-1.3806893311284651f,0.6073401824817645f,0f,0f,0f,1f],start_interpolation:0}
execute if entity @s[tag=aj.dino.bone.tail_3] run data modify entity @s {} merge value {transformation:[0.774350113652952f,0.355343977939989f,-1.900015285431117f,0.1486933423229872f,-1.8347657912764326f,-0.5089485373324891f,-0.8429421116264937f,0.36317428180623135f,-0.6082449495818864f,1.9876235986054678f,0.12383875653132226f,0.5668912484033543f,0f,0f,0f,1f],start_interpolation:0}
execute if entity @s[tag=aj.dino.bone.tail_2] run data modify entity @s {} merge value {transformation:[1.0339179579005362f,1.0151893266927545f,-1.3111743447393536f,0.3934438819243517f,-1.5734858824341333f,0.11292704254845345f,-1.153327159068282f,0.5764386467055392f,-0.5233829469079389f,1.6659567788610687f,0.8771728318043089f,0.4038361411602004f,0f,0f,0f,1f],start_interpolation:0}
execute if entity @s[tag=aj.dino.bone.tail_1] run data modify entity @s {} merge value {transformation:[1.364662586171669f,0.646270596728714f,-0.08767320974598991f,0.4031064277904818f,-0.6336224605882439f,1.265605684788909f,-0.5333114269056093f,0.6763359386487372f,-0.1545148968266546f,0.5179119774960891f,1.4126388711290438f,0.09366869723897173f,0f,0f,0f,1f],start_interpolation:0}
execute if entity @s[tag=aj.dino.bone.tail_0] run data modify entity @s {} merge value {transformation:[1.1029002912056793f,-0.08712066270516455f,0.6402004798282085f,0.21392259115823328f,0.05548970006150327f,1.2746348829263645f,0.07786221804190642f,0.6843419991383509f,-0.6437138785435187f,-0.039390632657192906f,1.1035925594227944f,-0.2297772646361468f,0f,0f,0f,1f],start_interpolation:0}
execute if entity @s[tag=aj.dino.bone.body_1] run data modify entity @s {} merge value {transformation:[0.3868247417586936f,-0.39903921598862147f,1.1044179092729147f,-0.015960979340687353f,-0.07591280600773226f,1.1518660197136086f,0.44277140102925694f,0.5038175f,-1.1718397757814856f,-0.20634188083994226f,0.3358856400087426f,-0.29396738095125063f,0f,0f,0f,1f],start_interpolation:0}