execute if entity @s[tag=aj.dino.bone.head_lower] run data modify entity @s {} merge value {transformation:[0.5048321067522465f,0.4825813005107097f,-0.7157232931723551f,0.8050280017022586f,-0.5759779268617423f,0.8058847881136004f,0.13710994148910927f,0.3529326099887757f,0.6429572083429334f,0.34302331798944774f,0.6847926923933787f,-0.48624550906127467f,0f,0f,0f,1f],start_interpolation:0}
execute if entity @s[tag=aj.dino.bone.head_upper] run data modify entity @s {} merge value {transformation:[0.5254795295717023f,0.8785960333697524f,-0.18818134001953274f,0.811947041451771f,-0.5995351840795847f,0.5052225234817975f,0.6846748917558247f,0.41129081858429994f,0.6692538902653226f,-0.23725756994694427f,0.7611044727572622f,-0.43889677232772695f,0f,0f,0f,1f],start_interpolation:0}
execute if entity @s[tag=aj.dino.bone.neck_0] run data modify entity @s {} merge value {transformation:[0.46649292370263346f,0.6351498930048357f,-0.6156045529000863f,0.7616804876072254f,-0.6012793359745433f,0.7381467758402444f,0.30594525236823733f,0.4192865944381233f,0.6487276102227972f,0.22742900152047046f,0.7262427534936378f,-0.3958377734147738f,0f,0f,0f,1f],start_interpolation:0}
execute if entity @s[tag=aj.dino.bone.neck_1] run data modify entity @s {} merge value {transformation:[0.48781253675934066f,0.5552894038941062f,-0.6735670767661864f,0.7071786645098116f,-0.343571049784023f,0.831453060979527f,0.4366288368146104f,0.460105187990104f,0.8024947742700396f,0.018425127155698967f,0.596374590302584f,-0.3452321359419818f,0f,0f,0f,1f],start_interpolation:0}
execute if entity @s[tag=aj.dino.bone.neck_2] run data modify entity @s {} merge value {transformation:[0.33874049495459724f,0.3840230322388026f,-0.8589419001236525f,0.6356887374947418f,-0.4283718824772835f,0.8757542516945342f,0.2226028322861482f,0.4881810470901096f,0.8377066356313427f,0.29254196510767877f,0.4611580979123697f,-0.30196705920199146f,0f,0f,0f,1f],start_interpolation:0}
execute if entity @s[tag=aj.dino.bone.body_0] run data modify entity @s {} merge value {transformation:[0.45656294580845186f,0.1823311553917001f,-0.8708074564955428f,0.22701738094540444f,-0.3972612092802407f,0.917563244047866f,-0.016162449491247316f,0.4893046821076813f,0.796073996633422f,0.3533171987688741f,0.4913584729484234f,-0.0670258655309011f,0f,0f,0f,1f],start_interpolation:0}
execute if entity @s[tag=aj.dino.bone.leg_left_3] run data modify entity @s {} merge value {transformation:[0.03199396114043297f,0.06404190734017065f,-0.9974342186604477f,-0.3678100350133706f,0.007792645794473595f,0.9978987895803596f,0.06432169482822184f,0.059482451541676334f,0.9994576835074442f,-0.009830557374129377f,0.03142767919601461f,-0.4632688308980325f,0f,0f,0f,1f],start_interpolation:0}
execute if entity @s[tag=aj.dino.bone.leg_left_2] run data modify entity @s {} merge value {transformation:[-0.00348959300814161f,0.012045956846306072f,-1.0256241597997724f,-0.39670393408563126f,-0.2926055439010436f,0.9829989426862403f,0.012540887400911397f,0.28855170553820175f,0.9830727429441356f,0.29262633699324614f,0.00009208096000700198f,-0.39353009319872395f,0f,0f,0f,1f],start_interpolation:0}
execute if entity @s[tag=aj.dino.bone.leg_left_1] run data modify entity @s {} merge value {transformation:[-0.084546315142191f,0.9947591703206178f,-0.05749881441311444f,-0.1217256395301707f,0.10197574720511f,0.06604066498141298f,0.9925923521520666f,0.25181860356561414f,0.9911876046328653f,0.07805654124959197f,-0.10702480455629866f,-0.38638849655599133f,0f,0f,0f,1f],start_interpolation:0}
execute if entity @s[tag=aj.dino.bone.leg_left_0] run data modify entity @s {} merge value {transformation:[-0.1045554329043129f,0.3257290877438799f,-0.9396641542847803f,0.07050347326507904f,0.04715011837868144f,0.945403846874834f,0.32247237502015835f,0.6022460221780178f,0.9934007387691376f,-0.010589037340816357f,-0.11420527352590487f,-0.265740781935898f,0f,0f,0f,1f],start_interpolation:0}
execute if entity @s[tag=aj.dino.bone.leg_right_3] run data modify entity @s {} merge value {transformation:[-0.4545537233642825f,0.04468754358888319f,-0.8895976259094104f,0.09829778766497624f,0.026816023572769635f,0.9989745346455975f,0.0364798575841043f,0.05697441636020917f,0.8903155695905874f,-0.007273415814013182f,-0.45528593649154653f,0.28595252077770383f,0f,0f,0f,1f],start_interpolation:0}
execute if entity @s[tag=aj.dino.bone.leg_right_2] run data modify entity @s {} merge value {transformation:[-0.46666227173167446f,-0.028833931958306223f,-0.9129387317946102f,0.06408671371932251f,0.20035101921078624f,0.9969915642539803f,-0.13390104334281694f,0.28492274020133f,0.8911498149829391f,-0.23924595017454217f,-0.4479682824504973f,0.2149579002524547f,0f,0f,0f,1f],start_interpolation:0}
execute if entity @s[tag=aj.dino.bone.leg_right_1] run data modify entity @s {} merge value {transformation:[-0.30622173355278176f,0.8932723217785489f,-0.3290787277298394f,0.3181153932477732f,-0.1661552841368596f,0.29022618214410867f,0.9424230391663044f,0.31047645408007024f,0.9373476790675532f,0.34326858630293466f,0.059548351818132755f,0.32372289160445544f,0f,0f,0f,1f],start_interpolation:0}
execute if entity @s[tag=aj.dino.bone.leg_right_0] run data modify entity @s {} merge value {transformation:[-0.3602341311866484f,-0.9172942904466037f,-0.1697131563617346f,0.01365800313912913f,-0.15173828781299614f,0.2371220139940674f,-0.959556482178604f,0.4993356223688339f,0.9204384079012464f,-0.31991301191645716f,-0.224608107749386f,0.10937459857191814f,0f,0f,0f,1f],start_interpolation:0}
execute if entity @s[tag=aj.dino.bone.tail_4] run data modify entity @s {} merge value {transformation:[2.182893447811636f,-0.7451122218869392f,1.5183692910144546f,-1.0056879958121305f,1.2580928806614717f,2.3722080188784593f,-0.6445872713586986f,0.7428531281274139f,-1.13041577781361f,1.2012902328594215f,2.2146609847348224f,0.6987568499354847f,0f,0f,0f,1f],start_interpolation:0}
execute if entity @s[tag=aj.dino.bone.tail_3] run data modify entity @s {} merge value {transformation:[1.6371998067926858f,-1.2791263999430176f,0.1391329279906521f,-1.016762542843977f,1.2652986041951106f,1.6414340302927648f,0.20164149489427682f,0.6925994614618337f,-0.23354177550138966f,-0.0739966432354137f,2.067831777957287f,0.348853110559253f,0f,0f,0f,1f],start_interpolation:0}
execute if entity @s[tag=aj.dino.bone.tail_2] run data modify entity @s {} merge value {transformation:[1.7958385844307596f,-0.728113575838204f,-0.25216715557860914f,-0.9687305522585383f,0.7691748698791019f,1.655832846659458f,0.6966788919386597f,0.5640511498104225f,-0.04590940229375077f,-0.7394877143039738f,1.808265501019497f,0.01249059269926217f,0f,0f,0f,1f],start_interpolation:0}
execute if entity @s[tag=aj.dino.bone.tail_1] run data modify entity @s {} merge value {transformation:[0.6898235615016566f,-0.20810193507409253f,-1.3298470921935308f,-0.6806775020277134f,0.825646464023922f,1.245594205405823f,0.233365040021488f,0.4978186950353778f,1.06306520046607f,-0.8323730594378067f,0.6816918068160868f,-0.12504260033433837f,0f,0f,0f,1f],start_interpolation:0}
execute if entity @s[tag=aj.dino.bone.tail_0] run data modify entity @s {} merge value {transformation:[0.08145123277658169f,0.17884113570524335f,-1.2630191057315252f,-0.3072782088556826f,-0.12821978129727665f,1.2603294273619083f,0.17019147685389635f,0.4784987840427962f,1.2691576343966424f,0.11585033141640363f,0.09825129183606604f,-0.1509582365149884f,0f,0f,0f,1f],start_interpolation:0}
execute if entity @s[tag=aj.dino.bone.body_1] run data modify entity @s {} merge value {transformation:[-0.17878542583376145f,-0.2772941970493827f,-1.19153191096522f,-0.011585998271723647f,-0.32366483401125956f,1.172001331276287f,-0.22418418714825827f,0.45167586047221664f,1.1797802514833662f,0.27950921778288407f,-0.24206972227128273f,-0.11350734629686715f,0f,0f,0f,1f],start_interpolation:0}