execute if entity @s[tag=aj.dino.bone.head_lower] run data modify entity @s {} merge value {transformation:[-0.8892691631932443f,-0.44018008660835406f,-0.12426522742524856f,-0.01490384135788702f,-0.4509872243323582f,0.7985701940788801f,0.39861782275484714f,0.29723668701328276f,-0.07622912096162515f,0.41052056767265804f,-0.9086594437054711f,0.5727844820291945f,0f,0f,0f,1f],start_interpolation:0}
execute if entity @s[tag=aj.dino.bone.head_upper] run data modify entity @s {} merge value {transformation:[-0.9256399014390301f,-0.2740543439832389f,-0.3893031363749413f,-0.04818253690208287f,-0.46943241389620827f,0.38352226139331946f,0.8461771837994927f,0.36403607854553416f,-0.07934686024682189f,0.9280500170482073f,-0.4646495283644442f,0.5615672539582955f,0f,0f,0f,1f],start_interpolation:0}
execute if entity @s[tag=aj.dino.bone.neck_0] run data modify entity @s {} merge value {transformation:[-0.8269974079429736f,-0.378492325418441f,0.4157148624417265f,-0.014890770779140687f,-0.09718449632616775f,0.8245466100426766f,0.5573850209154882f,0.3867251043293328f,-0.5537422332903927f,0.4205549280016477f,-0.7186814952425706f,0.5084484938852825f,0f,0f,0f,1f],start_interpolation:0}
execute if entity @s[tag=aj.dino.bone.neck_1] run data modify entity @s {} merge value {transformation:[-0.8320036071469021f,-0.2677560400746691f,0.4858772485907068f,0.025035890708260906f,-0.014878285275863615f,0.8862714724745351f,0.46292711489506566f,0.430024048769084f,-0.5545706756778557f,0.37792800912521884f,-0.7413648127587761f,0.4473862309284855f,0f,0f,0f,1f],start_interpolation:0}
execute if entity @s[tag=aj.dino.bone.neck_2] run data modify entity @s {} merge value {transformation:[-0.9621869918968696f,-0.03569343417924031f,0.2700410549915429f,0.04834405140442139f,0.05239289108579639f,0.9486141566022596f,0.31206756777572314f,0.46665103368997973f,-0.2673035308186653f,0.3144155858895611f,-0.9108741196024832f,0.3706651515910109f,0f,0f,0f,1f],start_interpolation:0}
execute if entity @s[tag=aj.dino.bone.body_0] run data modify entity @s {} merge value {transformation:[-0.9993195740844141f,0.021413550956563908f,-0.030030795646729835f,0.03439464087140126f,0.017993708768639816f,0.9937848686902284f,0.10985381744434225f,0.5278917690050431f,0.03219651062606599f,0.10923870466906933f,-0.9934939809106693f,-0.09652420079940546f,0f,0f,0f,1f],start_interpolation:0}
execute if entity @s[tag=aj.dino.bone.leg_left_3] run data modify entity @s {} merge value {transformation:[-0.9581999004764652f,-0.12641311399316182f,0.2566567266553598f,0.5681213128463396f,-0.125344217472741f,0.9918996521549956f,0.020589006798415466f,0.05239976102466701f,-0.25718043835610505f,-0.012442052296580242f,-0.9662833008293222f,-0.11556352943212744f,0f,0f,0f,1f],start_interpolation:0}
execute if entity @s[tag=aj.dino.bone.leg_left_2] run data modify entity @s {} merge value {transformation:[-0.9095458183310143f,-0.2421885692388446f,0.40759452987902217f,0.5228529560097933f,-0.40678333726971394f,0.8515879196349635f,-0.4017306699173009f,0.23785731670043878f,-0.24354859962022743f,-0.5178850370135543f,-0.851199957449006f,-0.2629655069565241f,0f,0f,0f,1f],start_interpolation:0}
execute if entity @s[tag=aj.dino.bone.leg_left_1] run data modify entity @s {} merge value {transformation:[-0.8734194858241214f,-0.46331309050868075f,0.14993125740159144f,0.406428171149664f,-0.08251397730936808f,0.4442414330232035f,0.8920992056571282f,0.3128735524413802f,-0.47992691665639703f,0.7668054051379561f,-0.4262389298502638f,-0.022484282106645825f,0f,0f,0f,1f],start_interpolation:0}
execute if entity @s[tag=aj.dino.bone.leg_left_0] run data modify entity @s {} merge value {transformation:[-0.8153085229463897f,-0.017051584140927334f,0.57877565246757f,0.2578167015073449f,-0.23335010505359555f,0.9244773263029781f,-0.30147869182277665f,0.6732627167083096f,-0.5299242784421679f,-0.3808555062356086f,-0.7577132323561241f,-0.1719552155157448f,0f,0f,0f,1f],start_interpolation:0}
execute if entity @s[tag=aj.dino.bone.leg_right_3] run data modify entity @s {} merge value {transformation:[-0.8164738484319691f,0.004681060594980649f,0.577363440562698f,-0.26778633691655096f,0.01967097880599826f,0.9996121488998732f,0.019713050616065153f,0.04607155666230503f,-0.577047231532657f,0.027452494303499997f,-0.8162492591953835f,-0.4447166698614492f,0f,0f,0f,1f],start_interpolation:0}
execute if entity @s[tag=aj.dino.bone.leg_right_2] run data modify entity @s {} merge value {transformation:[-0.8639753977501912f,0.3876756207981562f,0.3941019216165502f,-0.16389984530418428f,0.28638971030682386f,0.9393238438456576f,-0.29616524055683224f,0.2554294495521544f,-0.4728526677660462f,-0.13942929721718114f,-0.8994620754455134f,-0.5042812701808641f,0f,0f,0f,1f],start_interpolation:0}
execute if entity @s[tag=aj.dino.bone.leg_right_1] run data modify entity @s {} merge value {transformation:[-0.9754247380790314f,-0.21875858746243365f,-0.026291838180196467f,-0.24136149010849012f,-0.06771439214189787f,0.18408031154957932f,0.9805759532013127f,0.2520836718514651f,-0.2096696006585269f,0.9582583781586522f,-0.1943695944545939f,-0.2378194811461983f,0f,0f,0f,1f],start_interpolation:0}
execute if entity @s[tag=aj.dino.bone.leg_right_0] run data modify entity @s {} merge value {transformation:[-0.9722930483816149f,0.08529922525870545f,0.21764712320417004f,-0.11253409628671336f,-0.014404805342702082f,0.907418324040167f,-0.419981531473913f,0.6442296462559401f,-0.2333210870277811f,-0.4114802879439051f,-0.8810478097026151f,-0.30052766182389545f,0f,0f,0f,1f],start_interpolation:0}
execute if entity @s[tag=aj.dino.bone.tail_4] run data modify entity @s {} merge value {transformation:[0.1274989098529141f,-0.1472291988190031f,2.7545832575185365f,1.2490788012092897f,-2.411081154934245f,1.3337545846533907f,0.18288713414839367f,0.8836204486544312f,-1.3401839515183238f,-2.4135209969111884f,-0.06696794129697022f,-1.4255219412008966f,0f,0f,0f,1f],start_interpolation:0}
execute if entity @s[tag=aj.dino.bone.tail_3] run data modify entity @s {} merge value {transformation:[-0.4613399582719989f,-0.3644854315020384f,1.9975638510868199f,0.9139325663858116f,-0.8047217382642474f,1.9135568301911223f,0.16330556523988046f,0.8372042037566114f,-1.8642783839628145f,-0.7357962720047729f,-0.5648145529616955f,-1.3225499210789369f,0f,0f,0f,1f],start_interpolation:0}
execute if entity @s[tag=aj.dino.bone.tail_2] run data modify entity @s {} merge value {transformation:[-1.3468015046270416f,-0.2928574336601952f,1.3853281581224994f,0.6553375156253152f,-0.3964028557302771f,1.9134453185016282f,0.01912234493624263f,0.8338115933307237f,-1.3593249641296206f,-0.26783467224566704f,-1.3781415403505688f,-1.0674252968541964f,0f,0f,0f,1f],start_interpolation:0}
execute if entity @s[tag=aj.dino.bone.tail_1] run data modify entity @s {} merge value {transformation:[-0.8833309412427356f,0.2850914224273239f,1.1941966249749612f,0.39571868704920876f,0.4183034477672482f,1.4530225878969412f,-0.03746778145699716f,0.8237129064306397f,-1.154298455265906f,0.30839015859725716f,-0.9274410149713579f,-0.870517304709407f,0f,0f,0f,1f],start_interpolation:0}
execute if entity @s[tag=aj.dino.bone.tail_0] run data modify entity @s {} merge value {transformation:[-1.0562377120306157f,-0.08201346950672608f,0.7151722890939124f,0.1847495909120986f,0.19125048445807422f,1.1922847950697348f,0.4191848473216799f,0.7299893072549308f,-0.6939890953487018f,0.4533943921675889f,-0.9729585691446994f,-0.5752549828100102f,0f,0f,0f,1f],start_interpolation:0}
execute if entity @s[tag=aj.dino.bone.body_1] run data modify entity @s {} merge value {transformation:[-1.1647951005555615f,-0.1710419240451811f,0.377626308666295f,0.10847765123167512f,-0.09131228667099937f,1.2044234044351916f,0.2638767216105022f,0.5875152023319616f,-0.40437486949725576f,0.22071139101531603f,-1.147332576828276f,-0.3233827087288485f,0f,0f,0f,1f],start_interpolation:0}