execute if entity @s[tag=aj.dino.bone.head_lower] run data modify entity @s {} merge value {transformation:[-0.8774170409040933f,0.45282761672577226f,-0.15838713919242803f,-0.07306579893478364f,0.3398082145772887f,0.8197062494770744f,0.46109873332511325f,0.29382476041191535f,0.338629168319712f,0.3507546351777629f,-0.8730987757776405f,0.5739473472797498f,0f,0f,0f,1f],start_interpolation:0}
execute if entity @s[tag=aj.dino.bone.head_upper] run data modify entity @s {} merge value {transformation:[-0.9133030322866371f,0.48709502775693414f,0.10994520332425797f,-0.054832391559075024f,0.3537062289667438f,0.4692741585969773f,0.8591540084564188f,0.3636998020091376f,0.35247896020850145f,0.7911966510236742f,-0.5772680353204767f,0.5520275409609252f,0f,0f,0f,1f],start_interpolation:0}
execute if entity @s[tag=aj.dino.bone.neck_0] run data modify entity @s {} merge value {transformation:[-0.8758360833400455f,0.1872287693172951f,0.4448106822677482f,-0.028826168269146052f,0.3613360999174772f,0.8653744069911373f,0.3472223475255654f,0.3719884441122772f,-0.31991776758410206f,0.4648360180371876f,-0.8255786445392927f,0.49120229113342917f,0f,0f,0f,1f],start_interpolation:0}
execute if entity @s[tag=aj.dino.bone.neck_1] run data modify entity @s {} merge value {transformation:[-0.900784742460235f,0.030183642977736527f,0.43321564543243407f,0.008011935124570449f,0.19053542917943772f,0.9239044387829722f,0.3318084360358076f,0.40435328589165137f,-0.3902346703949502f,0.38143090553036424f,-0.8379900753159497f,0.42197073763734494f,0f,0f,0f,1f],start_interpolation:0}
execute if entity @s[tag=aj.dino.bone.neck_2] run data modify entity @s {} merge value {transformation:[-0.9684718565787569f,0.0073113018463718885f,0.2490156779807382f,0.02989915834790762f,0.09342537481267035f,0.9372776507590063f,0.3358307679900556f,0.4429511138978026f,-0.23094146954587333f,0.3485070304211806f,-0.9084100876757164f,0.34579930252601193f,0f,0f,0f,1f],start_interpolation:0}
execute if entity @s[tag=aj.dino.bone.body_0] run data modify entity @s {} merge value {transformation:[-0.9963124286322411f,0.05902211564937368f,0.0622730633355808f,0.05981047900318419f,0.0672312479581944f,0.9879734515474323f,0.1392423008120639f,0.517987170204704f,-0.05330575814027111f,0.1429155306526393f,-0.9882983594276403f,-0.11862055907950736f,0f,0f,0f,1f],start_interpolation:0}
execute if entity @s[tag=aj.dino.bone.leg_left_3] run data modify entity @s {} merge value {transformation:[-0.9867383269337524f,-0.058321936233714344f,0.1514794570690358f,0.5591467070459532f,-0.0608219323568881f,0.9980774639356637f,-0.01191925031740565f,0.03723902659287609f,-0.15049307859284883f,-0.020974454407812648f,-0.9883885397746888f,-0.19659200354938966f,0f,0f,0f,1f],start_interpolation:0}
execute if entity @s[tag=aj.dino.bone.leg_left_2] run data modify entity @s {} merge value {transformation:[-0.9439190794331659f,-0.27190861409574163f,0.29520277194374756f,0.5034239162361606f,-0.3699100175544406f,0.8821036036786732f,-0.3702998930470635f,0.23083830016789275f,-0.1557098259443271f,-0.4472372272724245f,-0.909832683599988f,-0.32920182189482594f,0f,0f,0f,1f],start_interpolation:0}
execute if entity @s[tag=aj.dino.bone.leg_left_1] run data modify entity @s {} merge value {transformation:[-0.924453482551462f,-0.35874594735242643f,0.1291785735200843f,0.41752377491994547f,-0.03553187264854182f,0.4183678346898506f,0.9075824154990079f,0.29706863842549797f,-0.3796356735405163f,0.8344277680872898f,-0.3995085170810538f,-0.07376475787336664f,0f,0f,0f,1f],start_interpolation:0}
execute if entity @s[tag=aj.dino.bone.leg_left_0] run data modify entity @s {} merge value {transformation:[-0.88300598967299f,-0.0028731157312369415f,0.46935292414942775f,0.27551536149809075f,-0.1870289438773139f,0.9193158038340857f,-0.3462349303190323f,0.6644606807282437f,-0.4304887877213065f,-0.3935100990151124f,-0.8122987169873878f,-0.21219877224295047f,0f,0f,0f,1f],start_interpolation:0}
execute if entity @s[tag=aj.dino.bone.leg_right_3] run data modify entity @s {} merge value {transformation:[-0.8857446111909708f,0.007366280166637887f,0.464114448883745f,-0.24494475857900652f,0.027162058060697873f,0.9989832352511687f,0.03598219405504463f,0.03811010312046356f,-0.4633774987502771f,0.044477338090472746f,-0.8850441006234221f,-0.44009684686096584f,0f,0f,0f,1f],start_interpolation:0}
execute if entity @s[tag=aj.dino.bone.leg_right_2] run data modify entity @s {} merge value {transformation:[-0.923778035523614f,0.32627946860323154f,0.303707176327494f,-0.158070446905947f,0.2611444259596982f,0.9624976004583385f,-0.2397168275336846f,0.254653438818243f,-0.3612477396123142f,-0.13857228070803854f,-0.9499263093235496f,-0.5011943902013205f,0f,0f,0f,1f],start_interpolation:0}
execute if entity @s[tag=aj.dino.bone.leg_right_1] run data modify entity @s {} merge value {transformation:[-0.9858935846996318f,-0.1408087188279448f,-0.09048062969576859f,-0.21115970916511767f,-0.11007415682999823f,0.1382344121297538f,0.9842636472517445f,0.23781356027734524f,-0.12608536650331378f,0.9803387945017651f,-0.15178382110274746f,-0.22932799951782612f,0f,0f,0f,1f],start_interpolation:0}
execute if entity @s[tag=aj.dino.bone.leg_right_0] run data modify entity @s {} merge value {transformation:[-0.9868846989466494f,0.014250702441811425f,0.16079648150658088f,-0.10390362363831974f,-0.05723159985707736f,0.9005038313597211f,-0.4310654169430231f,0.6331266899848405f,-0.15094083265564903f,-0.4346145041141378f,-0.8878778620119105f,-0.3101422319449572f,0f,0f,0f,1f],start_interpolation:0}
execute if entity @s[tag=aj.dino.bone.tail_4] run data modify entity @s {} merge value {transformation:[-1.4520170019949745f,-2.1952828885231677f,-0.8354884780024809f,0.2558988296617374f,-2.0571101508976497f,1.6626209922908088f,-0.7935052581223246f,0.7046803197044358f,1.1338455735202104f,0.20514825602793585f,-2.5095756095518067f,-1.9500624941285989f,0f,0f,0f,1f],start_interpolation:0}
execute if entity @s[tag=aj.dino.bone.tail_3] run data modify entity @s {} merge value {transformation:[-1.7859774330591536f,-0.8955325219681809f,-0.5867296112735315f,0.36414997843058144f,-0.8228644655868524f,1.878239153700574f,-0.3620183404539892f,0.7476852075167992f,0.6849264237291065f,-0.07864292497043696f,-1.9648502768593321f,-1.6161269137403491f,0f,0f,0f,1f],start_interpolation:0}
execute if entity @s[tag=aj.dino.bone.tail_2] run data modify entity @s {} merge value {transformation:[-1.8881916176865086f,-0.4129694128736155f,-0.2880322098863317f,0.41620005603497334f,-0.3921918880406589f,1.9073933581045388f,-0.1637375198803605f,0.778287520267298f,0.3157401033386251f,-0.10040277133769492f,-1.92587677322673f,-1.2579010466608793f,0f,0f,0f,1f],start_interpolation:0}
execute if entity @s[tag=aj.dino.bone.tail_1] run data modify entity @s {} merge value {transformation:[-1.4540410163374091f,0.1396445524689029f,0.3923268685346883f,0.3314578306635346f,0.1393902640102186f,1.505938137819945f,-0.019414668644056447f,0.7639236327944433f,-0.3924172869632993f,0.017492113227302354f,-1.4606022555326985f,-0.9434346558102964f,0f,0f,0f,1f],start_interpolation:0}
execute if entity @s[tag=aj.dino.bone.tail_0] run data modify entity @s {} merge value {transformation:[-1.1527420195515532f,-0.039237390115913054f,0.5508919859292978f,0.16952752033521065f,0.07856401520698304f,1.2503699160757473f,0.253453122038994f,0.7200323931494486f,-0.5466710605645693f,0.26243326156119756f,-1.1252178683933118f,-0.6082868600840234f,0f,0f,0f,1f],start_interpolation:0}
execute if entity @s[tag=aj.dino.bone.body_1] run data modify entity @s {} merge value {transformation:[-1.1933155742529487f,-0.1593679278234944f,0.28143276085568086f,0.11483290657380528f,-0.09854894093967823f,1.2038584310912417f,0.2638514339291187f,0.5776022222222222f,-0.308043246219217f,0.2322312135093596f,-1.1746414844483175f,-0.3508415893133935f,0f,0f,0f,1f],start_interpolation:0}