execute if entity @s[tag=aj.dino.bone.head_lower] run data modify entity @s {} merge value {transformation:[-0.8355283504500313f,-0.28564959481611873f,-0.4693577362477759f,-0.6340576033243996f,-0.44013570601611784f,0.8593015716790906f,0.260540532738263f,0.15536642624082475f,0.3288965428275935f,0.4242701001617148f,-0.8436954108117602f,0.1288760826806233f,0f,0f,0f,1f],start_interpolation:0}
execute if entity @s[tag=aj.dino.bone.head_upper] run data modify entity @s {} merge value {transformation:[-0.8697011118466249f,-0.08773782621575289f,-0.565149531086407f,-0.6752576328913987f,-0.4581370730022996f,0.7225785312358877f,0.5928428384668063f,0.2123185407337966f,0.34234827438901594f,0.7440794867696786f,-0.6423513983599174f,0.1014084524542152f,0f,0f,0f,1f],start_interpolation:0}
execute if entity @s[tag=aj.dino.bone.neck_0] run data modify entity @s {} merge value {transformation:[-0.92993447033934f,-0.36234541807698717f,0.06267119652044766f,-0.6650231652071164f,-0.3457793672785089f,0.9196384782215806f,0.18628391916311277f,0.20954828136360087f,-0.12513396836656765f,0.15156143102025824f,-0.9804950905475897f,0.03558810918149969f,0f,0f,0f,1f],start_interpolation:0}
execute if entity @s[tag=aj.dino.bone.neck_1] run data modify entity @s {} merge value {transformation:[-0.9549651178076348f,-0.22614225953847744f,0.19209711664020862f,-0.6497918272749461f,-0.11161431360515603f,0.873636088956039f,0.47360556275454135f,0.25369362085923103f,-0.27492520577258783f,0.43083600421091534f,-0.8595327036864112f,-0.03524078457057602f,0f,0f,0f,1f],start_interpolation:0}
execute if entity @s[tag=aj.dino.bone.neck_2] run data modify entity @s {} merge value {transformation:[-0.7706247710969337f,-0.32900655296322656f,0.5457949709177008f,-0.6051972741428793f,-0.01703086143111697f,0.8667582652481302f,0.498437618346535f,0.3058465996492201f,-0.6370615448531737f,0.3748130170248995f,-0.6735486547666618f,-0.09057904464823696f,0f,0f,0f,1f],start_interpolation:0}
execute if entity @s[tag=aj.dino.bone.body_0] run data modify entity @s {} merge value {transformation:[-0.5813714035727421f,-0.08973093190378911f,0.8086752444384193f,-0.2249264632612674f,0.12693696358459894f,0.9717272970509692f,0.19908055515780457f,0.4089294359065433f,-0.8036754932084105f,0.2183905218311798f,-0.5535442905409855f,-0.34938195028051966f,0f,0f,0f,1f],start_interpolation:0}
execute if entity @s[tag=aj.dino.bone.leg_left_3] run data modify entity @s {} merge value {transformation:[0.16910438797334457f,0.04720768076075666f,0.9844669323270084f,-0.039516118730964195f,-0.023221179672551252f,0.9987658204033723f,-0.0439045875574971f,-0.010018974198068686f,-0.9853245570789227f,-0.015436025109118073f,0.1699919008248774f,0.06196190876674959f,0f,0f,0f,1f],start_interpolation:0}
execute if entity @s[tag=aj.dino.bone.leg_left_2] run data modify entity @s {} merge value {transformation:[0.3798030485188724f,0.09287599752643831f,0.9482541288704911f,0.012027659582810046f,-0.2506337813526724f,0.9946034807568769f,0.00297038917652804f,0.22152462359204547f,-0.9192358519342716f,-0.2328092881533471f,0.3909827149234347f,0.018351436336770527f,0f,0f,0f,1f],start_interpolation:0}
execute if entity @s[tag=aj.dino.bone.leg_left_1] run data modify entity @s {} merge value {transformation:[0.42634857465090453f,-0.902234513997763f,-0.06480566830426165f,-0.2381352117482498f,0.14866087614936585f,-0.0007804959881749229f,0.9888879282954743f,0.1659050055739349f,-0.8922593999480448f,-0.431245026147818f,0.1337942099910257f,-0.08813040041807073f,0f,0f,0f,1f],start_interpolation:0}
execute if entity @s[tag=aj.dino.bone.leg_left_0] run data modify entity @s {} merge value {transformation:[0.41208050717588934f,0.2694307564074809f,0.8704003234761314f,-0.1552890480938749f,0.09379554481660532f,0.937660317172902f,-0.3346573252922589f,0.5722102535391635f,-0.9063068196688239f,0.2195454328855539f,0.361120134471725f,-0.13670855608622717f,0f,0f,0f,1f],start_interpolation:0}
execute if entity @s[tag=aj.dino.bone.leg_right_3] run data modify entity @s {} merge value {transformation:[0.6470734385333341f,-0.2001629404677556f,0.7356838739621447f,-0.05453253136421094f,0.1881544509891406f,0.9770016241232199f,0.1003281068971471f,0.03406976751183413f,-0.738846308590374f,0.07350254229543454f,0.6698533485461466f,-0.7189955027416457f,0f,0f,0f,1f],start_interpolation:0}
execute if entity @s[tag=aj.dino.bone.leg_right_2] run data modify entity @s {} merge value {transformation:[0.6676645174916478f,0.0018496467196720107f,0.7786416829263326f,-0.031073665991952798f,0.2761097540221553f,0.9584824109599945f,-0.23903361921460942f,0.2496750656795923f,-0.7280451190119773f,0.3651989131802318f,0.6234117884636988f,-0.6134724763281943f,0f,0f,0f,1f],start_interpolation:0}
execute if entity @s[tag=aj.dino.bone.leg_right_1] run data modify entity @s {} merge value {transformation:[0.5342881744516575f,-0.7761038264843705f,0.3349611875388442f,-0.24904122476147184f,-0.08482528772465167f,0.3450355246801913f,0.934748713436448f,0.29214552030121893f,-0.8410355623893351f,-0.5278383627825689f,0.11851517021660934f,-0.7799050136159922f,0f,0f,0f,1f],start_interpolation:0}
execute if entity @s[tag=aj.dino.bone.leg_right_0] run data modify entity @s {} merge value {transformation:[0.5783383072869827f,0.742754477415596f,0.337402709834275f,-0.05212501489627537f,-0.057886674174495126f,0.44990706982056505f,-0.8911973751523782f,0.548073503432351f,-0.813740705186513f,0.49588246067446007f,0.30319407962227596f,-0.5152691273359755f,0f,0f,0f,1f],start_interpolation:0}
execute if entity @s[tag=aj.dino.bone.tail_4] run data modify entity @s {} merge value {transformation:[0.9731049887688218f,-1.0678055519316756f,-2.353405896928347f,-0.17666158289452893f,-2.5284181231978096f,-0.9136054723482293f,-0.6309422848250373f,0.22304581160563397f,-0.53463053290857f,2.377136444497719f,-1.2996360448689626f,0.5652239606279281f,0f,0f,0f,1f],start_interpolation:0}
execute if entity @s[tag=aj.dino.bone.tail_3] run data modify entity @s {} merge value {transformation:[0.7969117381789189f,0.2680411776331122f,-1.905001610154215f,0.1437332991626425f,-1.8411054340447595f,-0.4916765758392912f,-0.8393631225794076f,0.3701822205553701f,-0.5578601870791267f,2.005580613664893f,0.048825606069332644f,0.5373187613325842f,0f,0f,0f,1f],start_interpolation:0}
execute if entity @s[tag=aj.dino.bone.tail_2] run data modify entity @s {} merge value {transformation:[1.0526550804065806f,0.9108599206438339f,-1.3715047800360378f,0.39968816450384015f,-1.5816462651291405f,0.10734958361496078f,-1.1426482546713637f,0.581454039124822f,-0.4572594982064713f,1.725567775216372f,0.7950493566047098f,0.3895933080225111f,0f,0f,0f,1f],start_interpolation:0}
execute if entity @s[tag=aj.dino.bone.tail_1] run data modify entity @s {} merge value {transformation:[1.3690157631133693f,0.6276684937523628f,-0.13958636143176362f,0.42074507400533623f,-0.6362736133098954f,1.2750071477243967f,-0.5071182428756328f,0.6756024597674565f,-0.09277919676677913f,0.5177309003742574f,1.4180983694528995f,0.07819427390138295f,0f,0f,0f,1f],start_interpolation:0}
execute if entity @s[tag=aj.dino.bone.tail_0] run data modify entity @s {} merge value {transformation:[1.0968280841794185f,-0.08037265976402046f,0.6514169984747024f,0.22844635125991616f,0.04865980912341889f,1.2750626093143849f,0.07538754465090991f,0.6843419991383509f,-0.6545502985374052f,-0.03989103251205106f,1.097181994380943f,-0.24339044741299454f,0f,0f,0f,1f],start_interpolation:0}
execute if entity @s[tag=aj.dino.bone.body_1] run data modify entity @s {} merge value {transformation:[0.3244625396728202f,-0.4093696012206072f,1.1206003681071117f,-0.004503589482919717f,-0.07591280600773226f,1.1518660197136086f,0.44277140102925694f,0.5038175f,-1.1906157655975105f,-0.18500215480328783f,0.2771513963252653f,-0.295363056793206f,0f,0f,0f,1f],start_interpolation:0}