execute if entity @s[tag=aj.dino.bone.head_lower] run data modify entity @s {} merge value {transformation:[-0.3176787927449072f,-0.4908876364027147f,0.811239491806886f,-0.12706149819884333f,-0.06711175620201222f,0.8650536131464946f,0.4971702510827418f,0.5731730445897503f,-0.945820382958424f,0.10349673815705956f,-0.30775351886083935f,0.7437498539096674f,0f,0f,0f,1f],start_interpolation:0}
execute if entity @s[tag=aj.dino.bone.head_upper] run data modify entity @s {} merge value {transformation:[-0.33067172300201025f,-0.414484677006295f,0.89572909225802f,-0.07472208821867055f,-0.06985659906744278f,0.9521237965369707f,0.41479184444521444f,0.623125704254312f,-0.9845040425295973f,0.07165661992111891f,-0.3302863328202787f,0.7222841965202298f,0f,0f,0f,1f],start_interpolation:0}
execute if entity @s[tag=aj.dino.bone.neck_0] run data modify entity @s {} merge value {transformation:[-0.45036299956427917f,-0.12305864902739425f,0.8843244526320744f,-0.015397014850216113f,-0.26100974662611814f,0.9653351408866867f,0.0014063909308763f,0.607631783563284f,-0.8538425386390833f,-0.2301839148785889f,-0.4668707364373267f,0.696107673723179f,0f,0f,0f,1f],start_interpolation:0}
execute if entity @s[tag=aj.dino.bone.neck_1] run data modify entity @s {} merge value {transformation:[-0.6155494251471584f,-0.3572921675976698f,0.7024537082074247f,0.04246403358527143f,-0.36177802156938127f,0.9199693299948555f,0.15090757097694335f,0.6246538191940202f,-0.7001539604332372f,-0.16124124423414604f,-0.6955470457470703f,0.6364428916363957f,0f,0f,0f,1f],start_interpolation:0}
execute if entity @s[tag=aj.dino.bone.neck_2] run data modify entity @s {} merge value {transformation:[-0.8261544872008539f,-0.46482490927996906f,0.3184439777900704f,0.06581118799209582f,-0.4291367909485881f,0.8853318015794402f,0.1789670801193628f,0.649000629335416f,-0.36511693733959f,0.011198429576112029f,-0.9308943104578449f,0.5549992079575286f,0f,0f,0f,1f],start_interpolation:0}
execute if entity @s[tag=aj.dino.bone.body_0] run data modify entity @s {} merge value {transformation:[-0.9180148347387801f,-0.3829257590041748f,0.10303701417746564f,0.1107242998734187f,-0.39533570974498533f,0.9040634267367231f,-0.16241612308352332f,0.5810668538055637f,-0.030958678911726184f,-0.18983462152128652f,-0.9813278640046406f,0.09069465356836434f,0f,0f,0f,1f],start_interpolation:0}
execute if entity @s[tag=aj.dino.bone.leg_left_3] run data modify entity @s {} merge value {transformation:[-0.9232919913116814f,-0.38177103695977316f,-0.042222909875673814f,0.5368311227970987f,-0.38021662774639553f,0.9240107766752087f,-0.04048951189181177f,0.054784473299547165f,0.054472146688640845f,-0.021329789655260056f,-0.9982874462339965f,-0.17422152410018035f,0f,0f,0f,1f],start_interpolation:0}
execute if entity @s[tag=aj.dino.bone.leg_left_2] run data modify entity @s {} merge value {transformation:[-0.9443700431725942f,-0.3920557381695219f,0.08074477832800026f,0.446473799607551f,-0.3959803885199732f,0.8847532828835888f,-0.3353704814603972f,0.2500404135141584f,0.05854018249423108f,-0.339950181785153f,-0.9659550302361277f,-0.2832249369960317f,0f,0f,0f,1f],start_interpolation:0}
execute if entity @s[tag=aj.dino.bone.leg_left_1] run data modify entity @s {} merge value {transformation:[-0.9868857014115238f,-0.1612177386708204f,0.008090308235882741f,0.4219013440020212f,-0.054966020330064744f,0.3827505869057732f,0.9222151185229841f,0.30620563808948753f,-0.15177400620185072f,0.9096762220488968f,-0.3865925789255238f,-0.012568239990982902f,0f,0f,0f,1f],start_interpolation:0}
execute if entity @s[tag=aj.dino.bone.leg_left_0] run data modify entity @s {} merge value {transformation:[-0.986424835696773f,-0.04779468243149965f,0.1571041433313152f,0.27564917489800594f,-0.10467730428918874f,0.9201492261122086f,-0.3773169273327823f,0.6860306662471329f,-0.1265255131874316f,-0.38864002626643546f,-0.9126610677005356f,-0.10557646318585673f,0f,0f,0f,1f],start_interpolation:0}
execute if entity @s[tag=aj.dino.bone.leg_right_3] run data modify entity @s {} merge value {transformation:[-0.9639453616196142f,-0.013107103028237619f,0.265777244440224f,-0.26927075535593564f,-0.0030801088515349725f,0.9992688472421621f,0.03810884229130701f,0.06149308369163106f,-0.2660824171971799f,0.03591621892026192f,-0.963280941614116f,-0.03437450572525094f,0f,0f,0f,1f],start_interpolation:0}
execute if entity @s[tag=aj.dino.bone.leg_right_2] run data modify entity @s {} merge value {transformation:[-1.0080561405457877f,0.178548862595105f,0.06328760285095293f,-0.2241315279177794f,0.15312609388652393f,0.9697690781869699f,-0.296921763877532f,0.2781310788235179f,-0.11152316521548825f,-0.2823657878693587f,-0.9797419787688644f,-0.13029896182242476f,0f,0f,0f,1f],start_interpolation:0}
execute if entity @s[tag=aj.dino.bone.leg_right_1] run data modify entity @s {} merge value {transformation:[-0.9444287709562421f,0.24945045131678042f,-0.2140765492246566f,-0.16381870747937305f,-0.09514511835714584f,0.4159309616384313f,0.9044052419150028f,0.34126538624883235f,0.3146453607522078f,0.874514669681638f,-0.36908317418805286f,0.1331204918564106f,0f,0f,0f,1f],start_interpolation:0}
execute if entity @s[tag=aj.dino.bone.leg_right_0] run data modify entity @s {} merge value {transformation:[-0.9560384044590426f,-0.17446249432553573f,-0.23569770315622618f,-0.1019671236326044f,-0.043483591162053706f,0.8792241227247026f,-0.4744197712138783f,0.7301541678545311f,0.28999956292908347f,-0.4433145385532598f,-0.8481582832279898f,-0.005613698887379642f,0f,0f,0f,1f],start_interpolation:0}
execute if entity @s[tag=aj.dino.bone.tail_4] run data modify entity @s {} merge value {transformation:[-2.5911021225248616f,-0.6371453692077658f,-0.7112642973918041f,-0.28591564656956225f,-0.14487731595686829f,2.2953643632883636f,-1.5283894577845465f,0.9475585290655961f,0.9438546951561401f,-1.396785434432543f,-2.1871877139808564f,-1.7362327702957392f,0f,0f,0f,1f],start_interpolation:0}
execute if entity @s[tag=aj.dino.bone.tail_3] run data modify entity @s {} merge value {transformation:[-1.9031601433947136f,0.6613531768167616f,-0.5258697273590042f,-0.20321943390608743f,0.7672042844153575f,1.8955701602167234f,-0.39262816979313814f,0.9955841152696349f,0.35401211930239856f,-0.5526040800200149f,-1.9761704572674652f,-1.3957396236457054f,0f,0f,0f,1f],start_interpolation:0}
execute if entity @s[tag=aj.dino.bone.tail_2] run data modify entity @s {} merge value {transformation:[-1.5168088492104415f,0.801980080901742f,-0.935357011945978f,-0.030269371570967304f,0.753930921968649f,1.7774980313398192f,0.3014345509150319f,0.9405285418687925f,0.9745013878179837f,-0.12689591570527076f,-1.6890880221944982f,-1.0810514545879488f,0f,0f,0f,1f],start_interpolation:0}
execute if entity @s[tag=aj.dino.bone.tail_1] run data modify entity @s {} merge value {transformation:[-1.1795847294344353f,0.9401820762561874f,-0.11087731766098695f,-0.01677562238591584f,0.9265384463206447f,1.1828831760502871f,0.17311888778210124f,0.8879305750726948f,0.1943260753857208f,0.06709176777958932f,-1.4984633199119f,-0.7596046477587697f,0f,0f,0f,1f],start_interpolation:0}
execute if entity @s[tag=aj.dino.bone.tail_0] run data modify entity @s {} merge value {transformation:[-1.204621557480306f,0.4264900606101988f,-0.028789721055580586f,0.0019293681297856968f,0.38314155168658104f,1.1154471001308872f,0.4927636702972546f,0.7708513032393541f,0.18953936585561362f,0.45576277995721787f,-1.179063541027687f,-0.40405650933365644f,0f,0f,0f,1f],start_interpolation:0}
execute if entity @s[tag=aj.dino.bone.body_1] run data modify entity @s {} merge value {transformation:[-1.187645921213776f,0.19221664003332015f,-0.2848763313700044f,0.055211969920999f,0.13877339754032886f,1.2058523197504865f,0.23508875375852148f,0.6349737500000001f,0.31439418731211527f,0.19384927470311022f,-1.1799081950464125f,-0.14280150616801987f,0f,0f,0f,1f],start_interpolation:0}