execute if entity @s[tag=aj.dino.bone.head_lower] run data modify entity @s {} merge value {transformation:[-0.8642433150638564f,-0.04197044825779392f,-0.5013202308310288f,-0.6783030941671173f,-0.2488676306059561f,0.9017060336083309f,0.35354084826354853f,0.167489222139637f,0.4372052090311979f,0.4303076927355264f,-0.7897384977121318f,0.07924961288679186f,0f,0f,0f,1f],start_interpolation:0}
execute if entity @s[tag=aj.dino.bone.head_upper] run data modify entity @s {} merge value {transformation:[-0.899590506548587f,0.15933186127205615f,-0.498820830654401f,-0.7093919918698798f,-0.25904621300289365f,0.7263121698700077f,0.6991692456130262f,0.23191684038726448f,0.4550867199117369f,0.7283927048411531f,-0.5880578946648646f,0.055207588463669424f,0f,0f,0f,1f],start_interpolation:0}
execute if entity @s[tag=aj.dino.bone.neck_0] run data modify entity @s {} merge value {transformation:[-0.9668334977398509f,-0.24603464239841755f,0.0685561258240916f,-0.7006530125963201f,-0.231048386564338f,0.9569280169865437f,0.1757993554374348f,0.2278262778878256f,-0.10885600908604942f,0.15412892345722828f,-0.9820359689134477f,-0.010759325925222274f,0f,0f,0f,1f],start_interpolation:0}
execute if entity @s[tag=aj.dino.bone.neck_1] run data modify entity @s {} merge value {transformation:[-0.9147531249920285f,-0.2419892522231198f,0.32352422185334717f,-0.6743610789862652f,-0.06703644073917622f,0.880587669473667f,0.4691177591862827f,0.27162346658129954f,-0.3984128962901945f,0.40743902387894987f,-0.821742420646657f,-0.07849467367013271f,0f,0f,0f,1f],start_interpolation:0}
execute if entity @s[tag=aj.dino.bone.neck_2] run data modify entity @s {} merge value {transformation:[-0.6974131462169887f,-0.33836627883019166f,0.6317619526643958f,-0.6223268110668909f,0.009235503796259134f,0.8772085871524978f,0.4800206246564288f,0.3222652937794776f,-0.7166098024401777f,0.3406073340028483f,-0.6086518176019208f,-0.12848237910122137f,0f,0f,0f,1f],start_interpolation:0}
execute if entity @s[tag=aj.dino.bone.body_0] run data modify entity @s {} merge value {transformation:[-0.4439572998486273f,-0.07313041158383393f,0.8930587096113531f,-0.20212824878057176f,0.1703491472415133f,0.9715989257412325f,0.16424583870701992f,0.4089294359065433f,-0.8797062486678183f,0.225049928682642f,-0.41889073235717755f,-0.3237601285377998f,0f,0f,0f,1f],start_interpolation:0}
execute if entity @s[tag=aj.dino.bone.leg_left_3] run data modify entity @s {} merge value {transformation:[0.013696256618691005f,0.03585230163742075f,0.9992632411041319f,0.001591002940159042f,-0.007348416253462145f,0.9993336002958136f,-0.03575410603515221f,-0.03155269556401316f,-0.9998791993702043f,-0.006853304830987569f,0.01395058707340821f,0.047169087122475584f,0f,0f,0f,1f],start_interpolation:0}
execute if entity @s[tag=aj.dino.bone.leg_left_2] run data modify entity @s {} merge value {transformation:[0.2219417840238315f,0.09913728145190256f,0.9964817326129666f,0.05583982388163988f,-0.2445868898896765f,0.9951165310376298f,-0.0445257504195477f,0.19865203106271417f,-0.9710722410300423f,-0.2279848428792029f,0.23896404252299325f,-0.0000952898562651544f,0f,0f,0f,1f],start_interpolation:0}
execute if entity @s[tag=aj.dino.bone.leg_left_1] run data modify entity @s {} merge value {transformation:[0.3110143637910464f,-0.948957268207095f,0.0524420502324045f,-0.2109375861011108f,0.14703220239144213f,0.10255640915468678f,0.9838006476930267f,0.17140806723529511f,-0.9389630434556904f,-0.29826546239587287f,0.1714237934657947f,-0.07151633449740193f,0f,0f,0f,1f],start_interpolation:0}
execute if entity @s[tag=aj.dino.bone.leg_left_0] run data modify entity @s {} merge value {transformation:[0.29092847210952677f,0.36576027562483887f,0.8840701583533165f,-0.10546916108546063f,0.09379554481660535f,0.9086847716312287f,-0.4068100067329442f,0.5722102535391635f,-0.9521360301388518f,0.20127445585653356f,0.2300555879153641f,-0.12192761640146049f,0f,0f,0f,1f],start_interpolation:0}
execute if entity @s[tag=aj.dino.bone.leg_right_3] run data modify entity @s {} merge value {transformation:[0.5206448357016535f,-0.15322786724548848f,0.8399108141681458f,-0.16738897982241166f,0.1470108975281873f,0.9851590803693536f,0.08859674019831082f,0.05533380275769326f,-0.841021254823655f,0.07734860739023786f,0.5354441538289834f,-0.7309682609666799f,0f,0f,0f,1f],start_interpolation:0}
execute if entity @s[tag=aj.dino.bone.leg_right_2] run data modify entity @s {} merge value {transformation:[0.5569724744963758f,0.22616531684742347f,0.8310794857348985f,-0.08985016922043382f,0.2297031619913545f,0.9148578500296283f,-0.4029066530984996f,0.25577786253568513f,-0.8301086191127353f,0.4049031528590084f,0.44613374315363885f,-0.6215105804862171f,0f,0f,0f,1f],start_interpolation:0}
execute if entity @s[tag=aj.dino.bone.leg_right_1] run data modify entity @s {} merge value {transformation:[0.347888206477673f,-0.810410137000258f,0.4713907144195471f,-0.3280856628421244f,-0.09878572333536668f,0.46831288592892173f,0.8780230189112544f,0.33446941110685496f,-0.9323171009151642f,-0.35202052599265854f,0.08286357837431144f,-0.7401060079784534f,0f,0f,0f,1f],start_interpolation:0}
execute if entity @s[tag=aj.dino.bone.leg_right_0] run data modify entity @s {} merge value {transformation:[0.3994942601729503f,0.8764015167254348f,0.26893255208364897f,-0.052326179680007204f,-0.07911698829435271f,0.32522493662159f,-0.9423211993597056f,0.548073503432351f,-0.9133153005682639f,0.35517477680832027f,0.199263743985356f,-0.5106778541864307f,0f,0f,0f,1f],start_interpolation:0}
execute if entity @s[tag=aj.dino.bone.tail_4] run data modify entity @s {} merge value {transformation:[0.9439328714849423f,-0.8482129581703209f,-2.4525877850389253f,-0.1820264122799516f,-2.5249841992423114f,-0.9028282092124162f,-0.6595584506523798f,0.23540222347486398f,-0.5992552538833988f,2.46801485689253f,-1.0841850111723956f,0.45782070151785265f,0f,0f,0f,1f],start_interpolation:0}
execute if entity @s[tag=aj.dino.bone.tail_3] run data modify entity @s {} merge value {transformation:[0.8671476926883341f,0.0614474820236838f,-1.8921481474933959f,0.13821067899923434f,-1.8443966748363765f,-0.4418294903515539f,-0.859612199397292f,0.3854843347013018f,-0.4268504550334478f,2.033950941997638f,-0.1295676681472007f,0.4598867832265755f,0f,0f,0f,1f],start_interpolation:0}
execute if entity @s[tag=aj.dino.bone.tail_2] run data modify entity @s {} merge value {transformation:[1.1055258833395343f,0.6418722507045082f,-1.4780346443993277f,0.41394430210769484f,-1.5851316034982983f,0.11090734018700538f,-1.1374670265490492f,0.5957912436417442f,-0.28973124764173025f,1.8424096858926216f,0.5834005729100665f,0.35165805733303773f,0f,0f,0f,1f],start_interpolation:0}
execute if entity @s[tag=aj.dino.bone.tail_1] run data modify entity @s {} merge value {transformation:[1.3772579137529748f,0.568827350260261f,-0.25933055084330797f,0.46148022305542735f,-0.622466851309707f,1.3058879223590638f,-0.44141590734511094f,0.6754105785600584f,0.05789566499646287f,0.5086732053417187f,1.4232202612884621f,0.03912361966953104f,0f,0f,0f,1f],start_interpolation:0}
execute if entity @s[tag=aj.dino.bone.tail_0] run data modify entity @s {} merge value {transformation:[1.080194580886212f,-0.07406089857262746f,0.679360263270309f,0.2611681429157963f,0.04042687949699103f,1.2753872611709658f,0.07475772897156716f,0.6843419991383509f,-0.6821884280917001f,-0.04168973410164105f,1.0801465785865996f,-0.27752636308330114f,0f,0f,0f,1f],start_interpolation:0}
execute if entity @s[tag=aj.dino.bone.body_1] run data modify entity @s {} merge value {transformation:[0.16714068050802122f,-0.4299234287033319f,1.1470982666831715f,0.023442258071544025f,-0.07591280600773226f,1.1518660197136086f,0.44277140102925694f,0.5038175f,-1.2226634180589513f,-0.1302885763885297f,0.12931994455343018f,-0.29881557849618273f,0f,0f,0f,1f],start_interpolation:0}