execute if entity @s[tag=aj.dino.bone.head_lower] run data modify entity @s {} merge value {transformation:[-0.8634569478246112f,-0.09115707091964426f,-0.4961174131944551f,-0.6701560525580937f,-0.28648667877336986f,0.8981347867183704f,0.33358550294002765f,0.1652855151662181f,0.4151716297374023f,0.43016775019484904f,-0.8016160081694299f,0.09088648564144307f,0f,0f,0f,1f],start_interpolation:0}
execute if entity @s[tag=aj.dino.bone.head_upper] run data modify entity @s {} merge value {transformation:[-0.8987719772169097f,0.10995830294033411f,-0.5134102133456208f,-0.70335911997389f,-0.2982038645657512f,0.7308267367838389f,0.6785563193600396f,0.22838135033497847f,0.43215197640548303f,0.7329893553114359f,-0.5995358345190618f,0.0661492992546371f,0f,0f,0f,1f],start_interpolation:0}
execute if entity @s[tag=aj.dino.bone.neck_0] run data modify entity @s {} merge value {transformation:[-0.9612689201088196f,-0.26736608303561626f,0.06691368227063763f,-0.6943818929562324f,-0.252179276258937f,0.9511885917226163f,0.1778928767608895f,0.22452614840185514f,-0.11121005286547908f,0.15412864957216169f,-0.9817722157011368f,0.0002002047390550904f,0f,0f,0f,1f],start_interpolation:0}
execute if entity @s[tag=aj.dino.bone.neck_1] run data modify entity @s {} merge value {transformation:[-0.925829699860315f,-0.23506402943708127f,0.29594639535118833f,-0.6703942595741608f,-0.0723790651089973f,0.8788320627083338f,0.47160945335071797f,0.2685263284336256f,-0.3709455995028199f,0.4152097152290858f,-0.8306625395362881f,-0.06825499554865389f,0f,0f,0f,1f],start_interpolation:0}
execute if entity @s[tag=aj.dino.bone.neck_2] run data modify entity @s {} merge value {transformation:[-0.7151029903801804f,-0.33306716444174767f,0.6145681224405131f,-0.619814418494316f,0.008020826841685091f,0.875218880346532f,0.48366060189118043f,0.31946756446420005f,-0.6989730892431406f,0.350796487233976f,-0.62320016452036f,-0.1194174871040462f,0f,0f,0f,1f],start_interpolation:0}
execute if entity @s[tag=aj.dino.bone.body_0] run data modify entity @s {} merge value {transformation:[-0.4756023069749957f,-0.07262637247247677f,0.8766572053097785f,-0.2073410220771032f,0.16535245292719922f,0.9714399267657512f,0.17018529606376256f,0.4089294359065433f,-0.8639797520260649f,0.22589793869542332f,-0.4500101214218837f,-0.3293536095537274f,0f,0f,0f,1f],start_interpolation:0}
execute if entity @s[tag=aj.dino.bone.leg_left_3] run data modify entity @s {} merge value {transformation:[0.04732547414788019f,0.03790941517391546f,0.9981598948754901f,-0.0067350794373979075f,-0.011097114452040315f,0.9992378508118677f,-0.03742421082291805f,-0.027097532250627943f,-0.998817878067627f,-0.009305576073065043f,0.04771009019517519f,0.05023561572259035f,0f,0f,0f,1f],start_interpolation:0}
execute if entity @s[tag=aj.dino.bone.leg_left_2] run data modify entity @s {} merge value {transformation:[0.25670710534448654f,0.09737787058342469f,0.9882718309690843f,0.04690383681573235f,-0.24622569764574417f,0.995124429665048f,-0.03409508473920651f,0.20342884741377265f,-0.9620481107435407f,-0.22870749726483594f,0.27243074865061373f,0.003851060016731453f,0f,0f,0f,1f],start_interpolation:0}
execute if entity @s[tag=aj.dino.bone.leg_left_1] run data modify entity @s {} merge value {transformation:[0.33644685739783026f,-0.9413341337830603f,0.026335541042850574f,-0.216924518424442f,0.14741231610355915f,0.08026727159816699f,0.9858127480263026f,0.17001533698934723f,-0.9300930712612092f,-0.32779141795520167f,0.1657699161693999f,-0.07546805465398851f,0f,0f,0f,1f],start_interpolation:0}
execute if entity @s[tag=aj.dino.bone.leg_left_0] run data modify entity @s {} merge value {transformation:[0.3176127453242087f,0.34508259235642974f,0.8831988159300178f,-0.1164011606198209f,0.09379554481660535f,0.9154259686395557f,-0.39140476710547006f,0.5722102535391635f,-0.9435701032674657f,0.20715525673488766f,0.2583837452838844f,-0.1248804235672831f,0f,0f,0f,1f],start_interpolation:0}
execute if entity @s[tag=aj.dino.bone.leg_right_3] run data modify entity @s {} merge value {transformation:[0.5499463293836067f,-0.16221635220585245f,0.8192953618045966f,-0.1429072950690617f,0.15629345047111512f,0.9836163372737553f,0.08984018247975467f,0.04988288511200478f,-0.820445849606987f,0.07864322046552635f,0.5662895476145398f,-0.7319483450818453f,0f,0f,0f,1f],start_interpolation:0}
execute if entity @s[tag=aj.dino.bone.leg_right_2] run data modify entity @s {} merge value {transformation:[0.582948965503498f,0.17778617751932127f,0.8249998655770585f,-0.07687377845952051f,0.24029782287227527f,0.9262117033434147f,-0.3693927942085902f,0.25399280363827814f,-0.8090053519241641f,0.40321973559518826f,0.48475394261965576f,-0.6217222687233395f,0f,0f,0f,1f],start_interpolation:0}
execute if entity @s[tag=aj.dino.bone.leg_right_1] run data modify entity @s {} merge value {transformation:[0.38967845078446006f,-0.8076807374959246f,0.44249579802780364f,-0.31200302268586433f,-0.09587784611072003f,0.4422873477790762f,0.8917338956323908f,0.3249447654990529f,-0.9159465833875862f,-0.3899150269899715f,0.09491115902789093f,-0.7509253773446928f,0f,0f,0f,1f],start_interpolation:0}
execute if entity @s[tag=aj.dino.bone.leg_right_0] run data modify entity @s {} merge value {transformation:[0.43985854765040855f,0.8510592112347704f,0.2867449686242534f,-0.05233717707244012f,-0.074599358572476f,0.35281283906696137f,-0.9327154101279155f,0.548073503432351f,-0.8949633477184686f,0.388871854936766f,0.2186762142497222f,-0.5119808367194422f,0f,0f,0f,1f],start_interpolation:0}
execute if entity @s[tag=aj.dino.bone.tail_4] run data modify entity @s {} merge value {transformation:[0.9444391492478061f,-0.9000529819879971f,-2.433844829602454f,-0.18220946200173999f,-2.528234171574963f,-0.9026279286446066f,-0.6472682038470716f,0.23370831380253176f,-0.5845750581822206f,2.4496589116947f,-1.1327420488822653f,0.4813812919425847f,0f,0f,0f,1f],start_interpolation:0}
execute if entity @s[tag=aj.dino.bone.tail_3] run data modify entity @s {} merge value {transformation:[0.8502155541392209f,0.1049502823765321f,-1.897910555261567f,0.13857901163624547f,-1.845356567179363f,-0.45296426505219406f,-0.8517206353013705f,0.3825612698961225f,-0.4557830377626852f,2.0297177978377334f,-0.09194025055984145f,0.47710857875577184f,0f,0f,0f,1f],start_interpolation:0}
execute if entity @s[tag=aj.dino.bone.tail_2] run data modify entity @s {} merge value {transformation:[1.0932717034080612f,0.7010798986615884f,-1.4601430865578453f,0.4109916605583526f,-1.5865348825351762f,0.1086807141435794f,-1.1357241935765545f,0.5925426225137956f,-0.32624825521236084f,1.8208375416463374f,0.6299893633268671f,0.3601869630072977f,0f,0f,0f,1f],start_interpolation:0}
execute if entity @s[tag=aj.dino.bone.tail_1] run data modify entity @s {} merge value {transformation:[1.375747147189385f,0.5831050184561846f,-0.23444524830220437f,0.4529994556450627f,-0.6279462525110148f,1.298428884106279f,-0.45543625994852094f,0.6752753947899054f,0.02568152950357209f,0.5115928267379597f,1.4231196325933466f,0.0476692666406911f,0f,0f,0f,1f],start_interpolation:0}
execute if entity @s[tag=aj.dino.bone.tail_0] run data modify entity @s {} merge value {transformation:[1.084006193613922f,-0.07417965918423693f,0.673248592240633f,0.2544704819236421f,0.04113333189462805f,1.2753916832881156f,0.07429548970685515f,0.6843419991383509f,-0.6760727311450524f,-0.04134185466141442f,1.0839982609945702f,-0.27009787228259263f,0f,0f,0f,1f],start_interpolation:0}
execute if entity @s[tag=aj.dino.bone.body_1] run data modify entity @s {} merge value {transformation:[0.20148846607738677f,-0.42608589323655816f,1.143003851559056f,0.017438005995390513f,-0.07591280600773226f,1.1518660197136086f,0.44277140102925694f,0.5038175f,-1.2174745331948693f,-0.1423379052472779f,0.161555800911025f,-0.29806986493956344f,0f,0f,0f,1f],start_interpolation:0}