execute if entity @s[tag=aj.dino.bone.head_lower] run data modify entity @s {} merge value {transformation:[-0.8807725060274705f,0.44738067176194635f,-0.15521058971577673f,-0.0294453570457304f,0.35356715372799175f,0.8393353919618708f,0.41292416689375233f,0.3103565571028846f,0.3150080323273936f,0.30881488684006536f,-0.8974426473235945f,0.6032810806945156f,0f,0f,0f,1f],start_interpolation:0}
execute if entity @s[tag=aj.dino.bone.head_upper] run data modify entity @s {} merge value {transformation:[-0.9167957345354499f,0.48194915211742345f,0.10335636649190354f,-0.01178280023472535f,0.3680279029958193f,0.5241120331428456f,0.8205693035416812f,0.37880748663031805f,0.32789172959623725f,0.7592782981698322f,-0.6320248588261532f,0.5768621324655412f,0f,0f,0f,1f],start_interpolation:0}
execute if entity @s[tag=aj.dino.bone.neck_0] run data modify entity @s {} merge value {transformation:[-0.8970783703829364f,0.270776267514335f,0.3491856387970454f,0.006690859814135117f,0.3694639088453847f,0.8931110297492951f,0.2566108115431673f,0.3807841732284134f,-0.24237742768621134f,0.3592114996644163f,-0.9012326453569337f,0.5128343818507575f,0f,0f,0f,1f],start_interpolation:0}
execute if entity @s[tag=aj.dino.bone.neck_1] run data modify entity @s {} merge value {transformation:[-0.9367888648908069f,0.08513119082964023f,0.33938076398717854f,0.03583305365112975f,0.19260205447937606f,0.9352390411613997f,0.2970393652326731f,0.4102558354630399f,-0.2921148254144542f,0.34362860217891245f,-0.8925179620252187f,0.4388094501856329f,0f,0f,0f,1f],start_interpolation:0}
execute if entity @s[tag=aj.dino.bone.neck_2] run data modify entity @s {} merge value {transformation:[-0.9835862240929365f,0.019820010652527087f,0.179346889999056f,0.05173923660851696f,0.08018527740805129f,0.9384245392061957f,0.33605015325488735f,0.44888411201848316f,-0.1616430049881331f,0.3449152814726728f,-0.9246107221663792f,0.3611835525211102f,0f,0f,0f,1f],start_interpolation:0}
execute if entity @s[tag=aj.dino.bone.body_0] run data modify entity @s {} merge value {transformation:[-0.9982957453356315f,0.056368024277171344f,0.0151079675623218f,0.059396540957031264f,0.05789799386711752f,0.989094059434504f,0.13542807647433125f,0.5221332138892366f,-0.007309387863505934f,0.13607199355658134f,-0.9906719867941147f,-0.10442018400638725f,0f,0f,0f,1f],start_interpolation:0}
execute if entity @s[tag=aj.dino.bone.leg_left_3] run data modify entity @s {} merge value {transformation:[-0.9928975799224663f,-0.03741585668938838f,0.11293559869371926f,0.520103278184261f,-0.040841057864076664f,0.9987685181753502f,-0.028168334958942942f,0.02852057667858096f,-0.11174257817256932f,-0.032580680932344175f,-0.9932029477671382f,-0.2066821419540758f,0f,0f,0f,1f],start_interpolation:0}
execute if entity @s[tag=aj.dino.bone.leg_left_2] run data modify entity @s {} merge value {transformation:[-0.9653899612621507f,-0.24959534757968097f,0.24038840375845047f,0.46785435844438833f,-0.32307428643110325f,0.9056043243175941f,-0.3571638457697007f,0.2280764567482391f,-0.1253292768749228f,-0.4118800429063627f,-0.9309723960000945f,-0.33165643203670125f,0f,0f,0f,1f],start_interpolation:0}
execute if entity @s[tag=aj.dino.bone.leg_left_1] run data modify entity @s {} merge value {transformation:[-0.9399322281854923f,-0.304721192326932f,0.15385838087380455f,0.39563039925575955f,0.016308768881303698f,0.41011965555322166f,0.9118858986663207f,0.29080534310442f,-0.3409713044756581f,0.8596201853584873f,-0.3805150541679108f,-0.0711527426282818f,0f,0f,0f,1f],start_interpolation:0}
execute if entity @s[tag=aj.dino.bone.leg_left_0] run data modify entity @s {} merge value {transformation:[-0.9156803390975957f,0.04240208447317034f,0.3996643339384217f,0.27327235727421206f,-0.12403280592874183f,0.9160663123893802f,-0.3813638346235332f,0.6671061571360971f,-0.38228965411524696f,-0.3987788541756602f,-0.8335646620501569f,-0.20431987628367027f,0f,0f,0f,1f],start_interpolation:0}
execute if entity @s[tag=aj.dino.bone.leg_right_3] run data modify entity @s {} merge value {transformation:[-0.9053391842547961f,0.021652470807913965f,0.42413692595761177f,-0.2378734086121683f,0.05137926727631141f,0.9969480912203865f,0.05877647749038778f,0.04748688846553448f,-0.4215698427864705f,0.07500449266504716f,-0.9036886597346734f,-0.4312694710302161f,0f,0f,0f,1f],start_interpolation:0}
execute if entity @s[tag=aj.dino.bone.leg_right_2] run data modify entity @s {} merge value {transformation:[-0.9422663041831763f,0.29236350435040875f,0.28057083388267706f,-0.1595911932764565f,0.2527095401131132f,0.9791570182241608f,-0.1716147473234294f,0.2700312552716334f,-0.3167558994517562f,-0.08852860829705904f,-0.9715403157750017f,-0.4814389002777312f,0f,0f,0f,1f],start_interpolation:0}
execute if entity @s[tag=aj.dino.bone.leg_right_1] run data modify entity @s {} merge value {transformation:[-0.9850513339742945f,-0.12601850141271942f,-0.11744448363867652f,-0.20721558000992332f,-0.13004357325054214f,0.09688829551440659f,0.9867630552713982f,0.2414286662750073f,-0.11297140563741696f,0.9872851642225795f,-0.11182784096235054f,-0.20954334063999647f,0f,0f,0f,1f],start_interpolation:0}
execute if entity @s[tag=aj.dino.bone.leg_right_0] run data modify entity @s {} merge value {transformation:[-0.9874745180359519f,-0.010314976510460469f,0.15744102860834347f,-0.10926304200361056f,-0.07715393124195549f,0.9019856033190249f,-0.42481671612487937f,0.6391313860435707f,-0.13762756672838541f,-0.4316428763049421f,-0.8914836399012718f,-0.2904452908715115f,0f,0f,0f,1f],start_interpolation:0}
execute if entity @s[tag=aj.dino.bone.tail_4] run data modify entity @s {} merge value {transformation:[-1.2059652105040726f,-1.8000654061844725f,-1.7120379014822644f,0.021293803048153176f,-1.7231645035414462f,1.976978181230029f,-0.8648252403087966f,0.6873699750041834f,1.7894170381408103f,0.690639657128328f,-1.9866214685271668f,-1.8901972574409853f,0f,0f,0f,1f],start_interpolation:0}
execute if entity @s[tag=aj.dino.bone.tail_3] run data modify entity @s {} merge value {transformation:[-1.54898186268153f,-0.763965073804073f,-1.1631672627509935f,0.22599998498796578f,-0.646129394381316f,1.9363064240926187f,-0.4113146773196094f,0.7381654660185341f,1.232524856075745f,0.05495747510246316f,-1.6774408130036278f,-1.6063030859562557f,0f,0f,0f,1f],start_interpolation:0}
execute if entity @s[tag=aj.dino.bone.tail_2] run data modify entity @s {} merge value {transformation:[-1.814247290754528f,-0.3601540796322645f,-0.6305312695789703f,0.3417871350489933f,-0.3166897701940306f,1.9194282392859703f,-0.1851396734597665f,0.7728050857724089f,0.6534433659063988f,-0.06970041720515965f,-1.840360696819273f,-1.2637174520000247f,0f,0f,0f,1f],start_interpolation:0}
execute if entity @s[tag=aj.dino.bone.tail_1] run data modify entity @s {} merge value {transformation:[-1.4946565824175804f,0.13018770358375886f,0.19159622248725877f,0.3003943083288847f,0.12812861180612278f,1.506866259634993f,-0.02435948296417979f,0.7595046809075161f,-0.1929792980411f,-0.007841390771643482f,-1.500117913071613f,-0.9406285940594001f,0f,0f,0f,1f],start_interpolation:0}
execute if entity @s[tag=aj.dino.bone.tail_0] run data modify entity @s {} merge value {transformation:[-1.1786282280279066f,-0.02439060355506271f,0.4940408031104766f,0.15543551437158717f,0.06751029265619242f,1.2567824055859456f,0.22310549517909029f,0.7246364679701862f,-0.49001385395241637f,0.23181630669961847f,-1.1575764940023947f,-0.5967636975058495f,0f,0f,0f,1f],start_interpolation:0}
execute if entity @s[tag=aj.dino.bone.body_1] run data modify entity @s {} merge value {transformation:[-1.2031170488139338f,-0.1421452038190602f,0.24679688600292088f,0.10763318365946142f,-0.08798381561974553f,1.2044663178585555f,0.2648099929940216f,0.5819425f,-0.27087415915603963f,0.24012543645299422f,-1.1821893079054715f,-0.338095395446159f,0f,0f,0f,1f],start_interpolation:0}