execute if entity @s[tag=aj.dino.bone.head_lower] run data modify entity @s {} merge value {transformation:[-0.9265149089922101f,0.34498408083898124f,0.15018690816059904f,-0.5886585701467824f,0.37597131329045397f,0.8644375301294214f,0.3337563903304283f,0.8834413822442209f,-0.014686558405843847f,0.36569624071273826f,-0.9306183774946433f,0.3988978677521455f,0f,0f,0f,1f],start_interpolation:0}
execute if entity @s[tag=aj.dino.bone.head_upper] run data modify entity @s {} merge value {transformation:[-0.9644089827221128f,0.38966220194277384f,0.03937797614804383f,-0.5774935745991493f,0.3913483833493197f,0.9628757440909618f,0.05646845911354271f,0.9090767750926622f,-0.015287232525243525f,0.06712385866361437f,-1.0386205422113184f,0.3288006067519874f,0f,0f,0f,1f],start_interpolation:0}
execute if entity @s[tag=aj.dino.bone.neck_0] run data modify entity @s {} merge value {transformation:[-0.8370162145725487f,0.5439523634206975f,-0.059326915238184175f,-0.5898886700810819f,0.4610345135127569f,0.6426893459915651f,-0.6118803656753418f,0.8589304184672633f,-0.2947049946856975f,-0.5395055429538902f,-0.7887222167717421f,0.28665276244781257f,0f,0f,0f,1f],start_interpolation:0}
execute if entity @s[tag=aj.dino.bone.neck_1] run data modify entity @s {} merge value {transformation:[-0.7716588001703002f,0.5293529865531148f,0.3526019168226837f,-0.5575799967861155f,0.35541741727316234f,0.8186197708460486f,-0.45115422006098727f,0.8244830135857758f,-0.5274667341345878f,-0.22281626154134432f,-0.8198364214732907f,0.21617537053110475f,0f,0f,0f,1f],start_interpolation:0}
execute if entity @s[tag=aj.dino.bone.neck_2] run data modify entity @s {} merge value {transformation:[-0.6392432958102198f,0.34668152665126545f,0.6864254714391331f,-0.49404974847514155f,0.19956448050640266f,0.9368212842670678f,-0.28729757998356265f,0.8084856567336431f,-0.7426587553391516f,-0.04666690929287967f,-0.6680420441073692f,0.15719297894317275f,0f,0f,0f,1f],start_interpolation:0}
execute if entity @s[tag=aj.dino.bone.body_0] run data modify entity @s {} merge value {transformation:[-0.532171101942177f,0.5360375725307029f,0.6553301756313689f,-0.18008866626291548f,0.16441242896496577f,0.8247354044697028f,-0.5410915503092207f,0.5613278738130505f,-0.8305193986051677f,-0.1802088606300678f,-0.5270315883236254f,-0.09291174692387288f,0f,0f,0f,1f],start_interpolation:0}
execute if entity @s[tag=aj.dino.bone.leg_left_3] run data modify entity @s {} merge value {transformation:[-0.6951511296700235f,0.197582078688866f,0.6911774223015947f,0.216122644113041f,0.04715701613190157f,0.9719488787263265f,-0.23041613001735034f,0.017950969443642995f,-0.7173152185392593f,-0.12758016822227364f,-0.6849687423002242f,0.1846125129405851f,0f,0f,0f,1f],start_interpolation:0}
execute if entity @s[tag=aj.dino.bone.leg_left_2] run data modify entity @s {} merge value {transformation:[-0.6487907648082213f,0.09015334870972362f,0.7893067317061729f,0.26052385231556413f,-0.39019670496962094f,0.8515231355498376f,-0.41799172306986915f,0.20291661680658296f,-0.6920110363506552f,-0.5646617773857997f,-0.5043213283503842f,0.03633131362057568f,0f,0f,0f,1f],start_interpolation:0}
execute if entity @s[tag=aj.dino.bone.leg_left_1] run data modify entity @s {} merge value {transformation:[-0.48609707701625504f,-0.7911154119647833f,0.37127622690935136f,0.035592345551387204f,-0.06811600246830268f,0.4578541116488444f,0.886414024400554f,0.28164576796062885f,-0.8712461431329215f,0.4055934138987453f,-0.2764491647264828f,0.178531607864737f,0f,0f,0f,1f],start_interpolation:0}
execute if entity @s[tag=aj.dino.bone.leg_left_0] run data modify entity @s {} merge value {transformation:[-0.5107078134674338f,0.4178773133518886f,0.7513694698676014f,0.07911551867630387f,-0.11734709378882396f,0.8318762955807857f,-0.5424126551161085f,0.6387786111185683f,-0.8517083942539428f,-0.3651854047420253f,-0.3758090357093259f,-0.033291772109047546f,0f,0f,0f,1f],start_interpolation:0}
execute if entity @s[tag=aj.dino.bone.leg_right_3] run data modify entity @s {} merge value {transformation:[-0.349651866311785f,-0.011752604399172112f,0.9368059824075217f,-0.3030028602312564f,0.056842817222982026f,0.9978130684438208f,0.03373387871089864f,0.12509205042486138f,-0.9351537127739163f,0.06504580488058814f,-0.34821915046791463f,-0.3469029080079794f,0f,0f,0f,1f],start_interpolation:0}
execute if entity @s[tag=aj.dino.bone.leg_right_2] run data modify entity @s {} merge value {transformation:[-0.3635350143495983f,0.2617039411984998f,0.9227218107337137f,-0.21291983424258829f,0.05189530960153875f,0.9907011285470798f,-0.26053857725411256f,0.3478907267760509f,-0.9577115273838424f,-0.045656549994592975f,-0.3643711147434624f,-0.36732031016639455f,0f,0f,0f,1f],start_interpolation:0}
execute if entity @s[tag=aj.dino.bone.leg_right_1] run data modify entity @s {} merge value {transformation:[-0.4991295615197394f,-0.8520663552434757f,0.15764709664060195f,-0.462701123891486f,-0.29891968737651886f,0.3400699095918251f,0.891627431772336f,0.38703534625023145f,-0.8133367699273389f,0.397913788215873f,-0.4244383533940546f,-0.2529070602024124f,0f,0f,0f,1f],start_interpolation:0}
execute if entity @s[tag=aj.dino.bone.leg_right_0] run data modify entity @s {} merge value {transformation:[-0.45647916054655147f,0.7708937146772405f,0.44424053918777057f,-0.14310975416470315f,-0.24231789114529134f,0.37270571513141354f,-0.8957524711321094f,0.6344672367912652f,-0.8561009377506921f,-0.5165397666971121f,0.016668947263658973f,-0.3575306450382506f,0f,0f,0f,1f],start_interpolation:0}
execute if entity @s[tag=aj.dino.bone.tail_4] run data modify entity @s {} merge value {transformation:[-1.6351013018898746f,-0.9018516794986208f,-2.0343963754252896f,0.6209971750657287f,-1.6524577036102919f,2.1829181356970078f,0.3604348515669705f,0.6736612049166223f,1.4904659009642047f,1.4308016258834135f,-1.8322061666287297f,-1.587419625636989f,0f,0f,0f,1f],start_interpolation:0}
execute if entity @s[tag=aj.dino.bone.tail_3] run data modify entity @s {} merge value {transformation:[-1.710962624965355f,-0.9781450835633476f,-0.6721492524112183f,0.7445407671345636f,-1.0458601562590208f,1.8000835546315093f,0.042676175314730364f,0.6488096718813758f,0.561007090477441f,0.37266193512416734f,-1.970365360177648f,-1.256965263282226f,0f,0f,0f,1f],start_interpolation:0}
execute if entity @s[tag=aj.dino.bone.tail_2] run data modify entity @s {} merge value {transformation:[-1.7103925263108897f,-0.9307751742545575f,0.16428285343890325f,0.7125147216558739f,-0.9271208727426435f,1.7182547810715108f,0.08259097803387455f,0.6331794982512303f,-0.18378837903292203f,-0.005653080493960753f,-1.945498329327516f,-0.8954386196549144f,0f,0f,0f,1f],start_interpolation:0}
execute if entity @s[tag=aj.dino.bone.tail_1] run data modify entity @s {} merge value {transformation:[-1.3060343079009895f,-0.42231846604049905f,0.6352776950490108f,0.5822202049375431f,-0.454545941770014f,1.4423764192524857f,0.02438241179189956f,0.610735374022111f,-0.6126325353798926f,-0.1698635582624436f,-1.3724008154210732f,-0.5974515776555137f,0f,0f,0f,1f],start_interpolation:0}
execute if entity @s[tag=aj.dino.bone.tail_0] run data modify entity @s {} merge value {transformation:[-0.6611750779756017f,-0.26284237475260924f,1.0618837595906598f,0.26557023519496836f,-0.18689176343595904f,1.2496698528740906f,0.1929571044597076f,0.5845055829999406f,-1.0778472533748846f,-0.055451433129233584f,-0.684840239428262f,-0.3986634843859693f,0f,0f,0f,1f],start_interpolation:0}
execute if entity @s[tag=aj.dino.bone.body_1] run data modify entity @s {} merge value {transformation:[-0.6989235896523311f,0.11998629778415804f,1.0127752461567183f,0.022032248547101195f,-0.013559759349826554f,1.226579267423049f,-0.15467394321786046f,0.5378462900874637f,-1.019767887222443f,-0.09854534046944317f,-0.6920743219610787f,-0.23112817093999102f,0f,0f,0f,1f],start_interpolation:0}