execute if entity @s[tag=aj.dino.bone.head_lower] run data modify entity @s {} merge value {transformation:[-0.41010745045974023f,-0.43632513010616353f,0.8008946621842672f,-0.29565553714021525f,-0.1205436850154993f,0.8963658002613362f,0.4266117346308447f,0.5803903837708694f,-0.9040360054114527f,0.07841385693672802f,-0.4202025320723452f,0.6391780571813236f,0f,0f,0f,1f],start_interpolation:0}
execute if entity @s[tag=aj.dino.bone.head_upper] run data modify entity @s {} merge value {transformation:[-0.4268806743054393f,-0.508017139563985f,0.8019746993498409f,-0.25190942074200107f,-0.12547387150609782f,0.9018003810602268f,0.5044643920758015f,0.6353775684401931f,-0.9410107013511123f,0.1102116201331028f,-0.4310733131543075f,0.6116436548087925f,0f,0f,0f,1f],start_interpolation:0}
execute if entity @s[tag=aj.dino.bone.neck_0] run data modify entity @s {} merge value {transformation:[-0.32243534401828355f,-0.09001197406239438f,0.9423021242962378f,-0.18941314853650326f,-0.2189599963382693f,0.9755628533172537f,0.01826579401623553f,0.6207942060887744f,-0.9209190892425656f,-0.20043693210805547f,-0.33426496573190906f,0.5935804945858294f,0f,0f,0f,1f],start_interpolation:0}
execute if entity @s[tag=aj.dino.bone.neck_1] run data modify entity @s {} merge value {transformation:[-0.4832940210829189f,-0.23556019343865547f,0.843171562881865f,-0.11907064689979421f,-0.2886040085438328f,0.9521506762763807f,0.10058238374020595f,0.6337012932821272f,-0.8265195795853446f,-0.19473182824996516f,-0.5281523450941891f,0.5479419537655532f,0f,0f,0f,1f],start_interpolation:0}
execute if entity @s[tag=aj.dino.bone.neck_2] run data modify entity @s {} merge value {transformation:[-0.8014338346526111f,-0.27546953400269936f,0.5308675395146583f,-0.07525968783810896f,-0.2609021167651571f,0.9597323792785185f,0.1041337871771417f,0.6522205738681225f,-0.5381764526077594f,-0.055048124407009374f,-0.8410325854910727f,0.4737222359891216f,0f,0f,0f,1f],start_interpolation:0}
execute if entity @s[tag=aj.dino.bone.body_0] run data modify entity @s {} merge value {transformation:[-0.9478733406372664f,-0.15499586925847197f,0.27841050738425754f,0.05447761085316541f,-0.21181736762138556f,0.9592259351937612f,-0.18713366352850838f,0.5731630060635142f,-0.23805363446731048f,-0.23635119158672507f,-0.9420555086365343f,0.02748346693802739f,0f,0f,0f,1f],start_interpolation:0}
execute if entity @s[tag=aj.dino.bone.leg_left_3] run data modify entity @s {} merge value {transformation:[-0.918099673289989f,-0.29197689433991714f,0.26803448113336553f,0.5367144218762419f,-0.30850133301495414f,0.950997234224359f,-0.020765067435883577f,0.05992952281771499f,-0.2488371303339034f,-0.1017533963523442f,-0.9631855111544978f,-0.0297242576942163f,0f,0f,0f,1f],start_interpolation:0}
execute if entity @s[tag=aj.dino.bone.leg_left_2] run data modify entity @s {} merge value {transformation:[-0.915148321002159f,-0.22622604960733764f,0.40421222711180077f,0.4950536852829968f,-0.3841230933978948f,0.8708476837480171f,-0.3822773343135069f,0.25051285135883905f,-0.25887294023527413f,-0.4924513028619855f,-0.8617068611913056f,-0.17154615295270553f,0f,0f,0f,1f],start_interpolation:0}
execute if entity @s[tag=aj.dino.bone.leg_left_1] run data modify entity @s {} merge value {transformation:[-0.8728120839237512f,-0.4589039029109909f,0.1661513588561303f,0.3789543887618071f,-0.053442540383532314f,0.42825239266730947f,0.9020774817342906f,0.3200771783119717f,-0.48512159407104655f,0.7784645759877481f,-0.3983088536527682f,0.07072465301162886f,0f,0f,0f,1f],start_interpolation:0}
execute if entity @s[tag=aj.dino.bone.leg_left_0] run data modify entity @s {} merge value {transformation:[-0.8647665990799073f,0.09407579524763784f,0.49328336061973105f,0.27518397807678463f,-0.1405730108649237f,0.8976749668653244f,-0.4176348674137599f,0.6901864184686718f,-0.48209745667462417f,-0.4304990111624686f,-0.7630548103878223f,-0.09224200241623776f,0f,0f,0f,1f],start_interpolation:0}
execute if entity @s[tag=aj.dino.bone.leg_right_3] run data modify entity @s {} merge value {transformation:[-0.8355651099501542f,-0.023333055771464536f,0.5488957237420898f,-0.2761663787610394f,-0.00533200124323388f,0.9993950686290489f,0.03436664898824143f,0.07062033837917034f,-0.5493655584369384f,0.02578886015907972f,-0.835184062285055f,-0.2604553986456076f,0f,0f,0f,1f],start_interpolation:0}
execute if entity @s[tag=aj.dino.bone.leg_right_2] run data modify entity @s {} merge value {transformation:[-0.9211181435097381f,0.2960848481807294f,0.34049570904148324f,-0.195197585325001f,0.19125978276126793f,0.9572226400212894f,-0.314970970772673f,0.2837168158765312f,-0.40868479381545453f,-0.21936449031044616f,-0.9148323120635564f,-0.33922733421751394f,0f,0f,0f,1f],start_interpolation:0}
execute if entity @s[tag=aj.dino.bone.leg_right_1] run data modify entity @s {} merge value {transformation:[-0.9962428281728766f,-0.03210634832692103f,-0.08043264083205763f,-0.21949482976954152f,-0.08658120733292722f,0.3479995987093647f,0.9334880683944995f,0.3270244064337283f,-0.001980366350207973f,0.9369447484751872f,-0.34947191082243995f,-0.0661934861834321f,0f,0f,0f,1f],start_interpolation:0}
execute if entity @s[tag=aj.dino.bone.leg_right_0] run data modify entity @s {} merge value {transformation:[-0.9992393901489377f,-0.02165561099473444f,0.03242954959945908f,-0.11445030986132597f,-0.03193594680050926f,0.9316774155462499f,-0.36188021314105473f,0.7260039225684012f,-0.02237714183567871f,-0.36264063185680795f,-0.9316603649666336f,-0.130133091332728f,0f,0f,0f,1f],start_interpolation:0}
execute if entity @s[tag=aj.dino.bone.tail_4] run data modify entity @s {} merge value {transformation:[-1.7434436304016123f,-0.055444236933849644f,2.1407922775932438f,0.8220369275429463f,-1.5188385739569745f,1.9781074631233513f,-1.1856987738022002f,0.8557083202542146f,-1.5097003098205901f,-1.9260524739805298f,-1.2793702253847754f,-1.6459530672654417f,0f,0f,0f,1f],start_interpolation:0}
execute if entity @s[tag=aj.dino.bone.tail_3] run data modify entity @s {} merge value {transformation:[-1.4316804346419303f,0.32464106048713426f,1.4767683775574716f,0.5684547157552671f,0.020501863725603125f,2.0377128815745764f,-0.4280787449678587f,0.9083540358432046f,-1.5118916405257727f,-0.2797854895366612f,-1.4042255065328577f,-1.4051103926212718f,0f,0f,0f,1f],start_interpolation:0}
execute if entity @s[tag=aj.dino.bone.tail_2] run data modify entity @s {} merge value {transformation:[-1.7976639530528076f,0.3281657025271996f,0.6924488851764865f,0.438478794760644f,0.34621700734313987f,1.9232129256496069f,-0.01263730364499308f,0.9114169254949768f,-0.6836022021056464f,0.11105489319199362f,-1.8273282997253673f,-1.0658931132298453f,0f,0f,0f,1f],start_interpolation:0}
execute if entity @s[tag=aj.dino.bone.tail_1] run data modify entity @s {} merge value {transformation:[-1.0786901439987868f,0.6937165947073934f,0.8017737270997694f,0.2584966156304773f,0.8015108100437415f,1.2822898379474055f,-0.031135877695073717f,0.9016766094957505f,-0.6940203488536214f,0.402673947163701f,-1.2821254609642156f,-0.7942532442145993f,0f,0f,0f,1f],start_interpolation:0}
execute if entity @s[tag=aj.dino.bone.tail_0] run data modify entity @s {} merge value {transformation:[-1.1644683003834162f,0.20912337002077247f,0.4838560840759792f,0.12214914144097447f,0.3980908913577423f,1.1179685356744893f,0.4748744171292706f,0.7898858399542328f,-0.3455038873937371f,0.5833090826800327f,-1.0836112284591841f,-0.46352057055165535f,0f,0f,0f,1f],start_interpolation:0}
execute if entity @s[tag=aj.dino.bone.body_1] run data modify entity @s {} merge value {transformation:[-1.225443855668798f,0.07964177861826054f,0.14334970791166712f,0.08345790339369395f,0.11265009698370594f,1.1942389674411562f,0.2995126697668951f,0.6398128703703704f,-0.11917175550188876f,0.30992752507618854f,-1.1909440024396598f,-0.2075185906654033f,0f,0f,0f,1f],start_interpolation:0}