execute if entity @s[tag=aj.dino.bone.head_lower] run data modify entity @s {} merge value {transformation:[-0.8628507686851888f,-0.10379295217083367f,-0.4946873498069682f,-0.6679829649189882f,-0.29624811497362835f,0.8968196843236363f,0.32855974827149054f,0.16467500411916774f,0.40954316665517765f,0.43004822623668193f,-0.8045700204188155f,0.09372029748548727f,0f,0f,0f,1f],start_interpolation:0}
execute if entity @s[tag=aj.dino.bone.head_upper] run data modify entity @s {} merge value {transformation:[-0.8981410056032595f,0.09723716349428008f,-0.5170682843426576f,-0.7017236640640583f,-0.30836453943933523f,0.7315639818734728f,0.6731993715277095f,0.2274149458969128f,0.42629331152838834f,0.7340510997502306f,-0.6024242177113608f,0.0688060160645052f,0f,0f,0f,1f],start_interpolation:0}
execute if entity @s[tag=aj.dino.bone.neck_0] run data modify entity @s {} merge value {transformation:[-0.9596984099680548f,-0.27304320272866167f,0.06653098036600932f,-0.6926795404429917f,-0.25779510451400406f,0.9495811615341564f,0.17843010325630687f,0.22362238825667807f,-0.11189569247026904f,0.15408772534863907f,-0.9817007318442224f,0.0028624296533215077f,0f,0f,0f,1f],start_interpolation:0}
execute if entity @s[tag=aj.dino.bone.neck_1] run data modify entity @s {} merge value {transformation:[-0.9283978731635397f,-0.23362286624102815f,0.2889597644564772f,-0.6692771271385338f,-0.07409377381499636f,0.878407644643055f,0.4721335854548931f,0.26766501391593156f,-0.36412566757545156f,0.4169176971561263f,-0.8328217888664806f,-0.0657678189335621f,0f,0f,0f,1f],start_interpolation:0}
execute if entity @s[tag=aj.dino.bone.neck_2] run data modify entity @s {} merge value {transformation:[-0.7193754369693697f,-0.3320140764223034f,0.6101357502577385f,-0.6190752847148011f,0.007336741054130909f,0.8746908023243242f,0.4846258067415879f,0.3186856389165519f,-0.6945827185554168f,0.3531043094988721f,-0.6267951768301125f,-0.11722266550751881f,0f,0f,0f,1f],start_interpolation:0}
execute if entity @s[tag=aj.dino.bone.body_0] run data modify entity @s {} merge value {transformation:[-0.4833690546331868f,-0.07284773562198982f,0.8723804012228655f,-0.2086196387864382f,0.16374288854455188f,0.9714204218544062f,0.17184478594154085f,0.4089294359065433f,-0.8599666409077191f,0.22591053853009213f,-0.45762627230846153f,-0.3307481312803033f,0f,0f,0f,1f],start_interpolation:0}
execute if entity @s[tag=aj.dino.bone.leg_left_3] run data modify entity @s {} merge value {transformation:[0.05578468335050926f,0.03865302480525937f,0.9976943483737329f,-0.008910137895080779f,-0.01196538588152007f,0.9992044823236854f,-0.038042503137442715f,-0.025958051890350636f,-0.9983711227014683f,-0.009815608878720475f,0.05620280400611924f,0.051002331909775156f,0f,0f,0f,1f],start_interpolation:0}
execute if entity @s[tag=aj.dino.bone.leg_left_2] run data modify entity @s {} merge value {transformation:[0.265351852784858f,0.09717266658785273f,0.9860061189427496f,0.04462433622804657f,-0.24660697260446407f,0.9951090856910191f,-0.031703440487423844f,0.2046380721341623f,-0.9596017896957044f,-0.22886148637130835f,0.2808006851298824f,0.00484434526339636f,0f,0f,0f,1f],start_interpolation:0}
execute if entity @s[tag=aj.dino.bone.leg_left_1] run data modify entity @s {} merge value {transformation:[0.342765436418364f,-0.9392110315479454f,0.019861868380710468f,-0.21840973761037025f,0.14750495161608962f,0.07468834105285399f,0.9862372640290509f,0.1696845809911749f,-0.9277683680993138f,-0.33511832228246907f,0.16413885958212238f,-0.07642505313876355f,0f,0f,0f,1f],start_interpolation:0}
execute if entity @s[tag=aj.dino.bone.leg_left_0] run data modify entity @s {} merge value {transformation:[0.32424531106650023f,0.33989152807728f,0.8828016353590877f,-0.11912102164344163f,0.09379554481660533f,0.9170705369993997f,-0.38753583826555826f,0.5722102535391635f,-0.9413115180554974f,0.20845953878132867f,0.2654755104847358f,-0.12564001413520332f,0f,0f,0f,1f],start_interpolation:0}
execute if entity @s[tag=aj.dino.bone.leg_right_3] run data modify entity @s {} merge value {transformation:[0.5570653412503365f,-0.16462846095018585f,0.8139875155202437f,-0.13676484333179645f,0.15860490665494292f,0.9832033691896209f,0.09030846250022456f,0.04858602848159965f,-0.8151826109299822f,0.07879469943689663f,0.5738194020578481f,-0.7318837774625335f,0f,0f,0f,1f],start_interpolation:0}
execute if entity @s[tag=aj.dino.bone.leg_right_2] run data modify entity @s {} merge value {transformation:[0.589222096200297f,0.16560051649313967f,0.8230771469231954f,-0.07364093923194129f,0.24292530248781358f,0.928910105371467f,-0.36079843825974156f,0.25358646848196864f,-0.8036583964976826f,0.4021998067834814f,0.49439932914881496f,-0.6216056545329922f,0f,0f,0f,1f],start_interpolation:0}
execute if entity @s[tag=aj.dino.bone.leg_right_1] run data modify entity @s {} merge value {transformation:[0.4000129605062835f,-0.8065981215216912f,0.43518858186385934f,-0.30788270496638137f,-0.09514156537838564f,0.43572224773216495f,0.8950386613820542f,0.3225942889278433f,-0.9115578500371486f,-0.39943158762034386f,0.09755353836095665f,-0.753446852808369f,0f,0f,0f,1f],start_interpolation:0}
execute if entity @s[tag=aj.dino.bone.leg_right_0] run data modify entity @s {} merge value {transformation:[0.44981742633315147f,0.8443960776636871f,0.29096313682870517f,-0.05233438224333425f,-0.07346365607393432f,0.3596598478012127f,-0.93018701620473f,0.548073503432351f,-0.8900940254845386f,0.3970391138235482f,0.2238136901329787f,-0.5122799870404519f,0f,0f,0f,1f],start_interpolation:0}
execute if entity @s[tag=aj.dino.bone.tail_4] run data modify entity @s {} merge value {transformation:[0.945061206011343f,-0.9126327043413004f,-2.4289137892191794f,-0.182139101517104f,-2.528833287290314f,-0.902760259928162f,-0.6447382800694408f,0.2331937615980918f,-0.5809671708322662f,2.4449512861529827f,-1.144705938813122f,0.4872469458783816f,0f,0f,0f,1f],start_interpolation:0}
execute if entity @s[tag=aj.dino.bone.tail_3] run data modify entity @s {} merge value {transformation:[0.8461316537251529f,0.11593185726169743f,-1.8990962469239512f,0.13874295827913152f,-1.8454432415990856f,-0.45574436636766624f,-0.8500481401690363f,0.3817903297967661f,-0.4629751533776301f,2.028497572845586f,-0.08244471092175609f,0.4813760809278347f,0f,0f,0f,1f],start_interpolation:0}
execute if entity @s[tag=aj.dino.bone.tail_2] run data modify entity @s {} merge value {transformation:[1.0902795238016298f,0.7158098156238272f,-1.4552253237345243f,0.41024269830748716f,-1.5866930340949317f,0.10821462025638337f,-1.1355477473537443f,0.5917386535942344f,-0.3353649512639725f,1.8151252790984227f,0.6415796487142995f,0.3622917558959089f,0f,0f,0f,1f],start_interpolation:0}
execute if entity @s[tag=aj.dino.bone.tail_1] run data modify entity @s {} merge value {transformation:[1.3753470660288658f,0.5865407618900766f,-0.22813731086168207f,0.4508514794469525f,-0.6291004475535236f,1.296623273751781f,-0.45897381499729406f,0.6752558426550461f,0.01758763354597943f,0.5122443465833688f,1.4230083114794623f,0.04979778311471145f,0f,0f,0f,1f],start_interpolation:0}
execute if entity @s[tag=aj.dino.bone.tail_0] run data modify entity @s {} merge value {transformation:[1.0849394524274156f,-0.07431641184854032f,0.6717284958080053f,0.2527634131480807f,0.041404143640958006f,1.2753868395685266f,0.07422818149996611f,0.6843419991383509f,-0.6745574831249642f,-0.04124556908797758f,1.0849454924440907f,-0.26824383531142465f,0f,0f,0f,1f],start_interpolation:0}
execute if entity @s[tag=aj.dino.bone.body_1] run data modify entity @s {} merge value {transformation:[0.21005152633443086f,-0.42507363014658867f,1.1418385876711414f,0.015933661648393403f,-0.07591280600773226f,1.1518660197136086f,0.44277140102925694f,0.5038175f,-1.2160263965987164f,-0.14533298537971293f,0.16959575817812145f,-0.2978832655096446f,0f,0f,0f,1f],start_interpolation:0}