execute if entity @s[tag=aj.dino.bone.head_lower] run data modify entity @s {} merge value {transformation:[-0.8642447025805582f,-0.06015541736149824f,-0.4994621305199288f,-0.6753527259740327f,-0.2627021132439976f,0.9006717621362513f,0.3460895499542248f,0.1667119879246856f,0.4290322758937613f,0.4303158173393629f,-0.7942037544540923f,0.08366919651769972f,0f,0f,0f,1f],start_interpolation:0}
execute if entity @s[tag=aj.dino.bone.head_upper] run data modify entity @s {} merge value {transformation:[-0.8995919508141437f,0.14110385160481742f,-0.5042776692222213f,-0.7072271093386492f,-0.2734465202164633f,0.7282856594467942f,0.6915916001580431f,0.23065706717772247f,0.4465795172143679f,0.7301791861522355f,-0.5923487431388279f,0.059368846391720784f,0f,0f,0f,1f],start_interpolation:0}
execute if entity @s[tag=aj.dino.bone.neck_0] run data modify entity @s {} merge value {transformation:[-0.9648761038429434f,-0.25377339988501557f,0.06792028963175417f,-0.698404262364204f,-0.23872006378634572f,0.9549001430148645f,0.17657419974626637f,0.22665200267165214f,-0.10966692928455901f,0.15415829001708356f,-0.981941131759081f,-0.006592150294689514f,0f,0f,0f,1f],start_interpolation:0}
execute if entity @s[tag=aj.dino.bone.neck_1] run data modify entity @s {} merge value {transformation:[-0.9190568684331503f,-0.2391771090973938f,0.3132551405319065f,-0.6729692995319052f,-0.06875460031146977f,0.8799205254174701f,0.47011985055414657f,0.2705310082071595f,-0.3880815346313985f,0.41052914565577003f,-0.8251415290998768f,-0.07460121133412555f,0f,0f,0f,1f],start_interpolation:0}
execute if entity @s[tag=aj.dino.bone.neck_2] run data modify entity @s {} merge value {transformation:[-0.704157667799288f,-0.3361776413841154f,0.6254171186599233f,-0.6214694585290823f,0.009063862524338002f,0.8764874599457418f,0.48133935944819783f,0.32128130617754885f,-0.7099857923054572f,0.34460749555294734f,-0.6141382977254539f,-0.1250304094909602f,0f,0f,0f,1f],start_interpolation:0}
execute if entity @s[tag=aj.dino.bone.body_0] run data modify entity @s {} merge value {transformation:[-0.45592853071730155f,-0.0726822519173298f,0.8870436658554011f,-0.20410149452750626f,0.1687413980895238f,0.9715240330630646f,0.16633518494795463f,0.4089294359065433f,-0.8738738555699878f,0.2255179448228083f,-0.43068102014616516f,-0.325860418910154f,0f,0f,0f,1f],start_interpolation:0}
execute if entity @s[tag=aj.dino.bone.leg_left_3] run data modify entity @s {} merge value {transformation:[0.026257381257908524f,0.03641237889121883f,0.9989918360992543f,-0.0014520664333981664f,-0.0088135794478105f,0.999305982841973f,-0.03619217420321708f,-0.029903304961566624f,-0.999616361784257f,-0.007854382198568391f,0.02656008157903217f,0.04831986354420941f,0f,0f,0f,1f],start_interpolation:0}
execute if entity @s[tag=aj.dino.bone.leg_left_2] run data modify entity @s {} merge value {transformation:[0.2350121466994056f,0.09826127571109472f,0.9935674169879264f,0.052522770512218486f,-0.24522273241810438f,0.9951355717347444f,-0.04041292954312036f,0.20043197817867234f,-0.9678312362751218f,-0.22828078119825734f,0.2515010586983234f,0.0013789817521542708f,0f,0f,0f,1f],start_interpolation:0}
execute if entity @s[tag=aj.dino.bone.leg_left_1] run data modify entity @s {} merge value {transformation:[0.3205805850781571f,-0.9462621557476725f,0.04261479872901369f,-0.21319177834584585f,0.14717653603696942f,0.0942033540727979f,0.9846140336810125f,0.17087273688111088f,-0.9357174550638166f,-0.30937624453277435f,0.16946735263080004f,-0.07302139081971878f,0f,0f,0f,1f],start_interpolation:0}
execute if entity @s[tag=aj.dino.bone.leg_left_0] run data modify entity @s {} merge value {transformation:[0.3009632297425726f,0.3580240606985288f,0.8838777666079489f,-0.10957838313122288f,0.09379554481660533f,0.9112432033425487f,-0.40104640646010853f,0.5722102535391635f,-0.9490118703764859f,0.20360401843516368f,0.24066963572826944f,-0.12301879694542373f,0f,0f,0f,1f],start_interpolation:0}
execute if entity @s[tag=aj.dino.bone.leg_right_3] run data modify entity @s {} merge value {transformation:[0.5317948899822516f,-0.15646180549739694f,0.8322943580304143f,-0.1582303703650586f,0.1504930052818749f,0.9846025434592753f,0.08893641984449135f,0.05324202604032727f,-0.8333942946468947f,0.0779585456125293f,0.547153008596302f,-0.7315678495982192f,0f,0f,0f,1f],start_interpolation:0}
execute if entity @s[tag=aj.dino.bone.leg_right_2] run data modify entity @s {} merge value {transformation:[0.5668881299997699f,0.20810645451166732f,0.8290909185105344f,-0.08497789292018884f,0.23368560620364937f,0.9192145463938604f,-0.39050973694884644f,0.25507856737416756f,-0.8222475813398856f,0.4047202994528539f,0.46062196397066835f,-0.6217172365066325f,0f,0f,0f,1f],start_interpolation:0}
execute if entity @s[tag=aj.dino.bone.leg_right_1] run data modify entity @s {} merge value {transformation:[0.3636413383628852f,-0.8096855708599048f,0.46062376553421497f,-0.32213177250421626f,-0.09770220808354746f,0.4585982078725034f,0.8832564532862056f,0.3308749586506663f,-0.926401238972212f,-0.3661925177791021f,0.08765719795517743f,-0.7442991688109902f,0f,0f,0f,1f],start_interpolation:0}
execute if entity @s[tag=aj.dino.bone.leg_right_0] run data modify entity @s {} merge value {transformation:[0.414727231263868f,0.8671475377230891f,0.2757833777967586f,-0.052334625517648725f,-0.07742760306374262f,0.3356070220463548f,-0.9388146212309333f,0.548073503432351f,-0.9066456253310938f,0.3679987426255164f,0.2063265263945218f,-0.5111863845474924f,0f,0f,0f,1f],start_interpolation:0}
execute if entity @s[tag=aj.dino.bone.tail_4] run data modify entity @s {} merge value {transformation:[0.9437524627509445f,-0.867939134422076f,-2.44574616008902f,-0.18218220099257243f,-2.5263628135962164f,-0.9026237812069371f,-0.6545399722537182f,0.23483642431270402f,-0.593703254774415f,2.4612219120059757f,-1.1025264063649078f,0.46667337540272397f,0f,0f,0f,1f],start_interpolation:0}
execute if entity @s[tag=aj.dino.bone.tail_3] run data modify entity @s {} merge value {transformation:[0.8606866779551904f,0.07768064692278583f,-1.8944998510236313f,0.13829479803757982f,-1.8448733133154196f,-0.4460024958495858f,-0.8564284894589671f,0.3844195321196991f,-0.43772871307636035f,2.032484444426093f,-0.11552524814479184f,0.4663727324344494f,0f,0f,0f,1f],start_interpolation:0}
execute if entity @s[tag=aj.dino.bone.tail_2] run data modify entity @s {} merge value {transformation:[1.1008770616611596f,0.6641256013044516f,-1.471659184663035f,0.41284509480704684f,-1.585803448383438f,0.11001145186603666f,-1.1366172524452982f,0.5945677599387212f,-0.3034320240288814f,1.8345594951249484f,0.600911258542731f,0.3548768093813504f,0f,0f,0f,1f],start_interpolation:0}
execute if entity @s[tag=aj.dino.bone.tail_1] run data modify entity @s {} merge value {transformation:[1.3767080655510826f,0.5742816427530848f,-0.25006348602588f,0.4583206990173375f,-0.6246832576045164f,1.303048111289833f,-0.446646053752418f,0.6753493952599419f,0.045847354506085104f,0.5098259158387469f,1.4232469236306038f,0.04233405420157266f,0f,0f,0f,1f],start_interpolation:0}
execute if entity @s[tag=aj.dino.bone.tail_0] run data modify entity @s {} merge value {transformation:[1.0816389255827088f,-0.07402525830270823f,0.6770621924029792f,0.2586810286604773f,0.04062086344680209f,1.2753933235805002f,0.0745488578259197f,0.6843419991383509f,-0.6798844730549064f,-0.041567389664618745f,1.0816029641228573f,-0.2747385658653003f,0f,0f,0f,1f],start_interpolation:0}
execute if entity @s[tag=aj.dino.bone.body_1] run data modify entity @s {} merge value {transformation:[0.18003808498006438f,-0.4285241176988742f,1.145669220832681f,0.02119312343236736f,-0.07591280600773226f,1.1518660197136086f,0.44277140102925694f,0.5038175f,-1.2208309174070726f,-0.13481968786412507f,0.14142177315914392f,-0.2985360843965057f,0f,0f,0f,1f],start_interpolation:0}