execute if entity @s[tag=aj.dino.bone.head_lower] run data modify entity @s {} merge value {transformation:[0.22660558061112773f,-0.058639550093926684f,-0.972219786879837f,0.9161104119071637f,-0.3109698103141292f,0.9415871050988929f,-0.12927296927309023f,0.5098035289532642f,0.9230101234055285f,0.331624978969119f,0.1951337628772714f,-0.0017080570864458494f,0f,0f,0f,1f],start_interpolation:0}
execute if entity @s[tag=aj.dino.bone.head_upper] run data modify entity @s {} merge value {transformation:[0.23587365443913097f,0.48476367479479227f,-0.8904154880304395f,0.865685976090258f,-0.3236883459852228f,0.9023587956519342f,0.40551991463607434f,0.5579207496298124f,0.9607608528652632f,0.18499925970810585f,0.3552264068063813f,0.02723267266779484f,0f,0f,0f,1f],start_interpolation:0}
execute if entity @s[tag=aj.dino.bone.neck_0] run data modify entity @s {} merge value {transformation:[0.14060905343207658f,0.08811566229390008f,-0.9861362604384056f,0.8004448397685352f,-0.30725572848637783f,0.9507372031857857f,0.04114228713593396f,0.5452481216251162f,0.941181710088568f,0.2972110370376203f,0.1607563002117852f,0.03249906471566439f,0f,0f,0f,1f],start_interpolation:0}
execute if entity @s[tag=aj.dino.bone.neck_1] run data modify entity @s {} merge value {transformation:[0.02403205690988798f,0.24976721224076182f,-0.9680076445618383f,0.7195925334997043f,-0.05026205013234496f,0.9673646049464807f,0.24835347272231426f,0.5707434482184385f,0.9984468871989005f,0.0426856039692293f,0.03580157338174639f,0.03572857511853469f,0f,0f,0f,1f],start_interpolation:0}
execute if entity @s[tag=aj.dino.bone.neck_2] run data modify entity @s {} merge value {transformation:[-0.09401803356388874f,0.07597307703675818f,-0.9926674674483629f,0.6333712422525848f,-0.15730942117075183f,0.9834246512866583f,0.09016485597303195f,0.5882709078145993f,0.9830637595678638f,0.1646330671744938f,-0.08050837109901124f,0.030287298620783346f,0f,0f,0f,1f],start_interpolation:0}
execute if entity @s[tag=aj.dino.bone.body_0] run data modify entity @s {} merge value {transformation:[-0.07153130360519216f,-0.12897830899982232f,-0.989064137663523f,0.16600034354617316f,-0.14603569224403629f,0.9822728860925155f,-0.11753107605346387f,0.5422363294932758f,0.9866898444776591f,0.13603151493321813f,-0.08909869667748632f,-0.01040871278407085f,0f,0f,0f,1f],start_interpolation:0}
execute if entity @s[tag=aj.dino.bone.leg_left_3] run data modify entity @s {} merge value {transformation:[-0.44216102345901576f,0.12269358478301f,-0.888504312643878f,-0.11325518860842054f,-0.0828424578213155f,0.9807790989042948f,0.17666206818274027f,0.011788770628107847f,0.8931017615679635f,0.1517189619183242f,-0.4234980520364017f,-0.6121386296925027f,0f,0f,0f,1f],start_interpolation:0}
execute if entity @s[tag=aj.dino.bone.leg_left_2] run data modify entity @s {} merge value {transformation:[-0.46104646738297533f,-0.11071111559620472f,-0.9095281212243067f,-0.16788553922949817f,-0.24404510067559754f,0.9962420514111973f,0.0024419944597556557f,0.24370820863128012f,0.8831423120033435f,0.21750177788732628f,-0.4741464255543172f,-0.5747224415739023f,0f,0f,0f,1f],start_interpolation:0}
execute if entity @s[tag=aj.dino.bone.leg_left_1] run data modify entity @s {} merge value {transformation:[-0.5835418726313576f,0.8033424954156209f,-0.1188264193910234f,0.06828122111449537f,0.13099024527988126f,0.23752002315405243f,0.9625101527996549f,0.2545782947264398f,0.8014489618980144f,0.5460998751696445f,-0.24383290961700327f,-0.42939354494053433f,0f,0f,0f,1f],start_interpolation:0}
execute if entity @s[tag=aj.dino.bone.leg_left_0] run data modify entity @s {} merge value {transformation:[-0.5959383286975726f,0.18330915169909728f,-0.7818281545790617f,0.13460694819692723f,0.07394562082447674f,0.9819875615217646f,0.1738748808120977f,0.6345820972369032f,0.7996183799476014f,0.04580593760524748f,-0.5987589352402831f,-0.26968979868194287f,0f,0f,0f,1f],start_interpolation:0}
execute if entity @s[tag=aj.dino.bone.leg_right_3] run data modify entity @s {} merge value {transformation:[-0.8087954664829448f,0.1988949013495031f,-0.5534353725719087f,-0.17421899054811335f,0.16023175951161805f,0.9799973454980887f,0.11802959823921981f,0.09302613061659523f,0.5658406813233268f,0.006783880443519491f,-0.8244866902052947f,0.21301874676735305f,0f,0f,0f,1f],start_interpolation:0}
execute if entity @s[tag=aj.dino.bone.leg_right_2] run data modify entity @s {} merge value {transformation:[-0.8112029714662465f,0.17842707800594737f,-0.6018103658290426f,-0.14996805094693932f,0.2868813908981078f,0.9800617869622483f,-0.09612575509938417f,0.31806133221952904f,0.5583108508182457f,-0.24434580223797414f,-0.8250129224975704f,0.12969934906187988f,0f,0f,0f,1f],start_interpolation:0}
execute if entity @s[tag=aj.dino.bone.leg_right_1] run data modify entity @s {} merge value {transformation:[-0.7364638478375903f,0.637127849756511f,-0.22735237824332344f,0.020510455337616793f,-0.09091697350721539f,0.23981215709690024f,0.9665527576065469f,0.3301377991317327f,0.670339544377727f,0.7325013531545019f,-0.1186872481367941f,0.3483420335991647f,0f,0f,0f,1f],start_interpolation:0}
execute if entity @s[tag=aj.dino.bone.leg_right_0] run data modify entity @s {} merge value {transformation:[-0.7722279882897625f,-0.5934936892477379f,-0.22678001438631176f,-0.10426185307892513f,-0.06519812991612095f,0.4290800329030384f,-0.9009103891172351f,0.579529254819438f,0.6319914065534332f,-0.6809225845770112f,-0.37004228927999033f,0.037628256230301166f,0f,0f,0f,1f],start_interpolation:0}
execute if entity @s[tag=aj.dino.bone.tail_4] run data modify entity @s {} merge value {transformation:[-0.16221856716895883f,-2.751806946407846f,0.16402742992309288f,-1.2988833145754828f,2.7114813854611666f,-0.12963968133969273f,0.5066789722494291f,0.3774487991331861f,-0.49720736555610784f,0.19082299212534148f,2.7096185622543048f,0.302741091366528f,0f,0f,0f,1f],start_interpolation:0}
execute if entity @s[tag=aj.dino.bone.tail_3] run data modify entity @s {} merge value {transformation:[-0.427064679431019f,-1.9200523605977162f,-0.6833448750009489f,-1.1642240564767088f,2.002439281829894f,-0.5252255905196714f,0.2243223744798674f,0.3445517587979158f,-0.3792073419799576f,-0.6111321769231626f,1.9541404197657075f,-0.022628502142504503f,0f,0f,0f,1f],start_interpolation:0}
execute if entity @s[tag=aj.dino.bone.tail_2] run data modify entity @s {} merge value {transformation:[0.02719696250405303f,-1.4983823094578432f,-1.254146982987684f,-0.9314173053061925f,1.8671881936940982f,0.3895919842798067f,-0.4249708344311072f,0.425026296234034f,0.575884059132306f,-1.1924103385544256f,1.4371113422239052f,-0.28964226471479726f,0f,0f,0f,1f],start_interpolation:0}
execute if entity @s[tag=aj.dino.bone.tail_1] run data modify entity @s {} merge value {transformation:[-0.13840316598785882f,-0.6673471039517006f,-1.3502402217723393f,-0.632570818811002f,1.2725343421827695f,0.6735295442453777f,-0.46332553458025727f,0.5152798355044546f,0.8057028990949481f,-1.1784150567079041f,0.49983701595030305f,-0.38356645306620485f,0f,0f,0f,1f],start_interpolation:0}
execute if entity @s[tag=aj.dino.bone.tail_0] run data modify entity @s {} merge value {transformation:[-0.14169498813079173f,0.04022660633272152f,-1.2697007785559535f,-0.26056400105701977f,0.06114394624549953f,1.2763100460092174f,0.03361251072896308f,0.536257113599025f,1.2688655030223535f,-0.05701055325928208f,-0.14340797969753397f,-0.34303507449256354f,0f,0f,0f,1f],start_interpolation:0}
execute if entity @s[tag=aj.dino.bone.body_1] run data modify entity @s {} merge value {transformation:[-0.751269366932512f,-0.2788014038915749f,-0.9415246733639856f,-0.02289345009507723f,-0.17314740916308008f,1.204522110498532f,-0.21852014798760702f,0.5059268749999998f,0.9665500028788917f,-0.0009260477847881231f,-0.7709635720490072f,-0.16373446758058421f,0f,0f,0f,1f],start_interpolation:0}