execute if entity @s[tag=aj.dino.bone.head_lower] run data modify entity @s {} merge value {transformation:[-0.2938649120677704f,0.16984940859714365f,-0.9406352065783004f,0.9556365587066841f,-0.5084327167599899f,0.8055433414209127f,0.30429606901911616f,0.4259272443168582f,0.8094069347265669f,0.5676716511255704f,-0.1503639269403112f,0.045660477292559384f,0f,0f,0f,1f],start_interpolation:0}
execute if entity @s[tag=aj.dino.bone.head_upper] run data modify entity @s {} merge value {transformation:[-0.30588386452762883f,0.6158735328379027f,-0.7814133320816269f,0.9155023045298811f,-0.5292274030285082f,0.5915473887406183f,0.6733958607991023f,0.4854681338100246f,0.8425113411039941f,0.5951835187632665f,0.13929523210516673f,0.06888935182042186f,0f,0f,0f,1f],start_interpolation:0}
execute if entity @s[tag=aj.dino.bone.neck_0] run data modify entity @s {} merge value {transformation:[-0.2520139373142267f,0.10952110436170878f,-0.9615061638381589f,0.8516332122796819f,-0.5995801258346033f,0.762220903575809f,0.24397329127639894f,0.48906536917280846f,0.7596003212897832f,0.6379846564389059f,-0.1264236134786092f,0.050113430879568675f,0f,0f,0f,1f],start_interpolation:0}
execute if entity @s[tag=aj.dino.bone.neck_1] run data modify entity @s {} merge value {transformation:[-0.2748370530411435f,0.23584937098071201f,-0.9321156947952662f,0.7737573074829656f,-0.46813652011595513f,0.8139556052891196f,0.3439832425455444f,0.5219550563255908f,0.8398290259388415f,0.5308967383836759f,-0.11329545606153446f,0.04296159365993721f,0f,0f,0f,1f],start_interpolation:0}
execute if entity @s[tag=aj.dino.bone.neck_2] run data modify entity @s {} merge value {transformation:[-0.2500602504986785f,0.08574522161495915f,-0.9644260614949907f,0.6901058506109171f,-0.538093393525819f,0.8157763854940242f,0.21204808113768292f,0.5485190192680879f,0.8049381162327985f,0.5719760885216326f,-0.15785431003012554f,0.03473237558565512f,0f,0f,0f,1f],start_interpolation:0}
execute if entity @s[tag=aj.dino.bone.body_0] run data modify entity @s {} merge value {transformation:[-0.047204386072824456f,-0.1156745877491934f,-0.9921648732365713f,0.22140032143124994f,-0.5092980633810554f,0.8572530510464231f,-0.07571452375802887f,0.5210014550279239f,0.859294611045475f,0.501733590883302f,-0.09937894750676823f,-0.007324910083079561f,0f,0f,0f,1f],start_interpolation:0}
execute if entity @s[tag=aj.dino.bone.leg_left_3] run data modify entity @s {} merge value {transformation:[-0.37737457169890265f,-0.06629689692912967f,-0.923684553347428f,-0.04575870558720754f,-0.13650248722929262f,0.9905211762128487f,-0.015325483813941956f,0.033635422951882044f,0.9159451422521363f,0.12030179105683736f,-0.3828471959584275f,-0.5860220050971048f,0f,0f,0f,1f],start_interpolation:0}
execute if entity @s[tag=aj.dino.bone.leg_left_2] run data modify entity @s {} merge value {transformation:[-0.3573821324827727f,-0.26675891782717465f,-0.9236773736767804f,-0.1370400250162408f,-0.3536721624611042f,0.9528077177248679f,-0.13833168127623124f,0.2509097706692336f,0.8940113043932086f,0.27029489877594287f,-0.42396539341501754f,-0.534732136572124f,0f,0f,0f,1f],start_interpolation:0}
execute if entity @s[tag=aj.dino.bone.leg_left_1] run data modify entity @s {} merge value {transformation:[-0.490889581937871f,0.8578316881152332f,-0.15215851343329892f,0.11385232719277272f,0.025760743194955908f,0.18886500349980662f,0.9816651132453784f,0.24964161242521943f,0.8708408594312198f,0.47796946065453516f,-0.11481024443274672f,-0.41613700582274593f,0f,0f,0f,1f],start_interpolation:0}
execute if entity @s[tag=aj.dino.bone.leg_left_0] run data modify entity @s {} merge value {transformation:[-0.4918063321661298f,0.05014930939554456f,-0.8692592124380669f,0.14712062002498089f,-0.03053278474759664f,0.9967326444220627f,0.0747782361316372f,0.6313536080216565f,0.8701691104014525f,0.06331731446099009f,-0.48866822793444714f,-0.2503164652547297f,0f,0f,0f,1f],start_interpolation:0}
execute if entity @s[tag=aj.dino.bone.leg_right_3] run data modify entity @s {} merge value {transformation:[-0.7394308196128534f,0.03388344364321527f,-0.6723793388062584f,-0.020419534191476903f,0.035666656350894776f,0.9993017099707154f,0.011134723811206532f,0.04847401102121249f,0.6722871058048127f,-0.01574816486076147f,-0.7401229915845794f,0.27303646479690147f,0f,0f,0f,1f],start_interpolation:0}
execute if entity @s[tag=aj.dino.bone.leg_right_2] run data modify entity @s {} merge value {transformation:[-0.720625465550389f,0.004301627352243528f,-0.7298922070436855f,-0.040855806883892704f,0.20490322913517758f,0.9856304522432032f,-0.1964929459332587f,0.2718326438011068f,0.7005539269684788f,-0.28385966094828624f,-0.6933325953653571f,0.18435528310003188f,0f,0f,0f,1f],start_interpolation:0}
execute if entity @s[tag=aj.dino.bone.leg_right_1] run data modify entity @s {} merge value {transformation:[-0.5148137707712384f,0.7764527514705944f,-0.3634389992255127f,0.1791047451613425f,-0.12776900902290964f,0.3497087301676019f,0.9281049964189759f,0.3150697691031787f,0.8477274690356581f,0.5242374736494014f,-0.08082827144069515f,0.3479440730562326f,0f,0f,0f,1f],start_interpolation:0}
execute if entity @s[tag=aj.dino.bone.leg_right_0] run data modify entity @s {} merge value {transformation:[-0.560160359726194f,-0.7651963096914092f,-0.31732472173795406f,-0.030370983347201296f,-0.10128164396459302f,0.44345414914191267f,-0.8905562566197892f,0.5734577120346059f,0.8221693256180569f,-0.4667151435763268f,-0.3259057759065928f,0.09562905432382847f,0f,0f,0f,1f],start_interpolation:0}
execute if entity @s[tag=aj.dino.bone.tail_4] run data modify entity @s {} merge value {transformation:[2.1686521254041273f,-1.3723268961960755f,-1.0194744629253867f,-1.4507773502673327f,0.9129999988297522f,2.3219616579878286f,-1.1834637267661752f,0.7870590376004646f,1.4453512696632036f,0.5923464192609401f,2.2772234757422707f,0.020626353005154002f,0f,0f,0f,1f],start_interpolation:0}
execute if entity @s[tag=aj.dino.bone.tail_3] run data modify entity @s {} merge value {transformation:[1.1458136338210596f,-0.8103311035164741f,-1.5383173096822371f,-1.1820058557096151f,1.0959984566056609f,1.7668214143496603f,-0.11434596170358917f,0.7891581525430169f,1.3497570246945312f,-0.7467604157383291f,1.3987317047305852f,-0.20923921828475095f,0f,0f,0f,1f],start_interpolation:0}
execute if entity @s[tag=aj.dino.bone.tail_2] run data modify entity @s {} merge value {transformation:[1.3378660924168984f,-0.12268982382730896f,-1.4190966848291697f,-0.91723879750555f,0.7245421805433971f,1.734830387627424f,0.5330816351935942f,0.6910080078762696f,1.2263469420915665f,-0.8911142509782238f,1.2331919738341472f,-0.43779213986091986f,0f,0f,0f,1f],start_interpolation:0}
execute if entity @s[tag=aj.dino.bone.tail_1] run data modify entity @s {} merge value {transformation:[-0.012634758799825948f,0.3048243420491353f,-1.4814110615775697f,-0.60216975698084f,0.7869008759384891f,1.266484872075817f,0.25388842086700264f,0.6201408001505034f,1.29162054192294f,-0.7686055160466999f,-0.16916910588307085f,-0.393227405251367f,0f,0f,0f,1f],start_interpolation:0}
execute if entity @s[tag=aj.dino.bone.tail_0] run data modify entity @s {} merge value {transformation:[-0.5018717409377117f,0.2690248066981902f,-1.1443714980779534f,-0.26126575976298005f,0.0014300603105624552f,1.244433963404555f,0.29192084926699985f,0.5648651514243939f,1.175567278874198f,0.11333790491384492f,-0.4889087938809056f,-0.2476218468424437f,0f,0f,0f,1f],start_interpolation:0}
execute if entity @s[tag=aj.dino.bone.body_1] run data modify entity @s {} merge value {transformation:[-0.5582311452522692f,-0.17755051688864565f,-1.0887875814313666f,0.003821388733873835f,-0.1820891338419384f,1.2183415695814677f,-0.1053183850175672f,0.5072862500000002f,1.0880377433082378f,0.11280172356214511f,-0.5762414731294312f,-0.12125177277584313f,0f,0f,0f,1f],start_interpolation:0}