execute if entity @s[tag=aj.dino.bone.head_lower] run data modify entity @s {} merge value {transformation:[-0.8489478790054488f,-0.2229674809885264f,-0.47913776844847106f,-0.6462267622509118f,-0.38991701130693035f,0.8762533432716799f,0.28309857417280415f,0.15854639384920438f,0.3567242955359514f,0.427159900771169f,-0.8308322310476072f,0.11780913742855545f,0f,0f,0f,1f],start_interpolation:0}
execute if entity @s[tag=aj.dino.bone.head_upper] run data modify entity @s {} merge value {transformation:[-0.8836694935284888f,-0.023562850420679828f,-0.5495861723794219f,-0.6849171989379222f,-0.4058644546039625f,0.7298948125669192f,0.6212886202566705f,0.21763999767675699f,0.3713141705882487f,0.7417346542069221f,-0.6288302092396693f,0.09122996160541215f,0f,0f,0f,1f],start_interpolation:0}
execute if entity @s[tag=aj.dino.bone.neck_0] run data modify entity @s {} merge value {transformation:[-0.9418080179913791f,-0.330066358295082f,0.06366990159386363f,-0.6751382661344331f,-0.314045885269224f,0.9314990814568904f,0.18353376580465763f,0.2144891345233516f,-0.11988677655446026f,0.15285830159592953f,-0.9809492853560724f,0.025357503104835102f,0f,0f,0f,1f],start_interpolation:0}
execute if entity @s[tag=aj.dino.bone.neck_1] run data modify entity @s {} merge value {transformation:[-0.9478156850558747f,-0.22609453781840355f,0.2247814207863834f,-0.6571379188115908f,-0.09620251748836282f,0.8750018282077499f,0.47446483142799617f,0.25871355714353994f,-0.3039580609080204f,0.4280806706705855f,-0.8510913209563696f,-0.04476898821406135f,0f,0f,0f,1f],start_interpolation:0}
execute if entity @s[tag=aj.dino.bone.neck_2] run data modify entity @s {} merge value {transformation:[-0.7549422351438979f,-0.327631986686616f,0.5680840632298325f,-0.6105772161618369f,-0.005765502212371987f,0.8695398578921927f,0.49382911469562485f,0.3104900299804127f,-0.6557659495431083f,0.3695371657040828f,-0.658341326807925f,-0.09882662618941512f,0f,0f,0f,1f],start_interpolation:0}
execute if entity @s[tag=aj.dino.bone.body_0] run data modify entity @s {} merge value {transformation:[-0.5502614430403985f,-0.08120398437291321f,0.8310344500831851f,-0.21968736567295202f,0.14241281227261432f,0.971550290597264f,0.189231666855674f,0.4089294359065433f,-0.8227581267928646f,0.2224768432047152f,-0.5230421771080812f,-0.3432150728247107f,0f,0f,0f,1f],start_interpolation:0}
execute if entity @s[tag=aj.dino.bone.leg_left_3] run data modify entity @s {} merge value {transformation:[0.13182852608203535f,0.04578850427026654f,0.990214447777717f,-0.0293182387651059f,-0.019307143637734434f,0.9988617052789739f,-0.04361797716230735f,-0.015406627869439221f,-0.9910844938326853f,-0.013368118935417523f,0.13256251159561852f,0.05808228008424533f,0f,0f,0f,1f],start_interpolation:0}
execute if entity @s[tag=aj.dino.bone.leg_left_2] run data modify entity @s {} merge value {transformation:[0.34216634658965056f,0.09577795507278729f,0.9621907160663419f,0.023274295845342935f,-0.24952406794852278f,0.994833644932976f,-0.010293586570493429f,0.21578242617952983f,-0.9341959806574883f,-0.2306399829434144f,0.35516935043996894f,0.01384746735482155f,0f,0f,0f,1f],start_interpolation:0}
execute if entity @s[tag=aj.dino.bone.leg_left_1] run data modify entity @s {} merge value {transformation:[0.3988616659807457f,-0.9162554669939972f,-0.03721949240217576f,-0.23161327861621547f,0.1482952564048445f,0.024395524433982352f,0.9886421877076722f,0.1670226608644555f,-0.904940820351743f,-0.39985094421697004f,0.14560677892842758f,-0.08447951435054753f,0f,0f,0f,1f],start_interpolation:0}
execute if entity @s[tag=aj.dino.bone.leg_left_0] run data modify entity @s {} merge value {transformation:[0.383176590118785f,0.29294441412028405f,0.8759904514437722f,-0.14335078112554708f,0.09379554481660532f,0.9311324152111686f,-0.35241285605887307f,0.5722102535391635f,-0.9189004824013843f,0.21720035814597388f,0.329311262886291f,-0.13285331762915806f,0f,0f,0f,1f],start_interpolation:0}
execute if entity @s[tag=aj.dino.bone.leg_right_3] run data modify entity @s {} merge value {transformation:[0.6181159651618712f,-0.18808002634911716f,0.7632552373226947f,-0.08162410668970274f,0.17876502822301138f,0.9791471807364998f,0.09650835787738687f,0.03824979639950543f,-0.7654905082993739f,0.07678998726578457f,0.6388486358749516f,-0.7257529817482975f,0f,0f,0f,1f],start_interpolation:0}
execute if entity @s[tag=aj.dino.bone.leg_right_2] run data modify entity @s {} merge value {transformation:[0.6425441402016215f,0.05578538800400502f,0.7975507619446519f,-0.044969551889424975f,0.2656541178138317f,0.9501678741828067f,-0.280483689472623f,0.25065221593230064f,-0.7540736814674065f,0.38227110910564843f,0.5807786855266162f,-0.6175276249458204f,0f,0f,0f,1f],start_interpolation:0}
execute if entity @s[tag=aj.dino.bone.leg_right_1] run data modify entity @s {} merge value {transformation:[0.4907038893944584f,-0.789564789437028f,0.36850662981066173f,-0.26924116637786977f,-0.08834323595415483f,0.3756630080764211f,0.9225360573029777f,0.30202085202997736f,-0.8668362968832694f,-0.48524709957323386f,0.11458659067039373f,-0.772694927622565f,0f,0f,0f,1f],start_interpolation:0}
execute if entity @s[tag=aj.dino.bone.leg_right_0] run data modify entity @s {} merge value {transformation:[0.5368055558266378f,0.778916915933165f,0.3242348428328154f,-0.052225214564314976f,-0.06312951136223227f,0.42030267976628133f,-0.905185241912642f,0.548073503432351f,-0.8413408702950428f,0.4654396797163397f,0.27479345792200166f,-0.5144906519787021f,0f,0f,0f,1f],start_interpolation:0}
execute if entity @s[tag=aj.dino.bone.tail_4] run data modify entity @s {} merge value {transformation:[0.9596763919475526f,-1.0190905528004106f,-2.380364887896702f,-0.17942166106043544f,-2.530342303709974f,-0.907915480824621f,-0.6314417133312451f,0.2270448972615675f,-0.5495911029067246f,2.400584357291355f,-1.2493220940709482f,0.539509429985946f,0f,0f,0f,1f],start_interpolation:0}
execute if entity @s[tag=aj.dino.bone.tail_3] run data modify entity @s {} merge value {transformation:[0.8120897103210459f,0.21657372880818782f,-1.905138222918547f,0.14150003486514934f,-1.843633719877911f,-0.480194123987141f,-0.8404604906013154f,0.37425501446970966f,-0.5267547203056295f,2.0145607335900255f,0.004476757464790866f,0.519036279017491f,0f,0f,0f,1f],start_interpolation:0}
execute if entity @s[tag=aj.dino.bone.tail_2] run data modify entity @s {} merge value {transformation:[1.0646287781615853f,0.8467420253452101f,-1.4029851682135617f,0.40330063246365416f,-1.5847691428451416f,0.1063105939748972f,-1.138410601012375f,0.5847365060526677f,-0.4169486822125981f,1.757981761886559f,0.744599084258222f,0.3807269417794742f,0f,0f,0f,1f],start_interpolation:0}
execute if entity @s[tag=aj.dino.bone.tail_1] run data modify entity @s {} merge value {transformation:[1.371326961759861f,0.6150486659941022f,-0.16980504235547242f,0.4310123212524486f,-0.6356123611220695f,1.2815941437856666f,-0.49109024323754646f,0.6753547290341148f,-0.05581702553251034f,0.5166118843708102f,1.4204410831102936f,0.06880214801183238f,0f,0f,0f,1f],start_interpolation:0}
execute if entity @s[tag=aj.dino.bone.tail_0] run data modify entity @s {} merge value {transformation:[1.0930067127524354f,-0.07748215029309949f,0.6581554214986759f,0.2368142278264251f,0.04550717376440692f,1.2752280560584501f,0.07455346243730392f,0.6843419991383509f,-0.6611362488913449f,-0.040319201522004064f,1.093210381845387f,-0.2516323082917184f,0f,0f,0f,1f],start_interpolation:0}
execute if entity @s[tag=aj.dino.bone.body_1] run data modify entity @s {} merge value {transformation:[0.28660020201953446f,-0.4150222369989051f,1.1288141840245616f,0.0023354350735822794f,-0.07591280600773226f,1.1518660197136086f,0.44277140102925694f,0.5038175f,-1.2002925331529162f,-0.1719471153634259f,0.241529748544154f,-0.29620273309391376f,0f,0f,0f,1f],start_interpolation:0}