execute if entity @s[tag=aj.dino.bone.head_lower] run data modify entity @s {} merge value {transformation:[-0.8337407112224354f,-0.2927141068799578f,-0.46818252646139613f,-0.6326604968876761f,-0.44582928877912187f,0.8571137437892631f,0.25805479161266537f,0.15502077696700672f,0.32574940017904797f,0.4238802682845977f,-0.845111144431292f,0.13006521293828718f,0f,0f,0f,1f],start_interpolation:0}
execute if entity @s[tag=aj.dino.bone.head_upper] run data modify entity @s {} merge value {transformation:[-0.8678403589194701f,-0.09499965322562871f,-0.5668334145946607f,-0.674139093722546f,-0.46406352092798436f,0.7214647296873802f,0.5895808977100133f,0.21172117199957877f,0.3390724149174543f,0.7442685350648872f,-0.6438681446833038f,0.10249625032527847f,0f,0f,0f,1f],start_interpolation:0}
execute if entity @s[tag=aj.dino.bone.neck_0] run data modify entity @s {} merge value {transformation:[-0.9284784333708346f,-0.3660760625233771f,0.06257887193470961f,-0.6638505110467082f,-0.3494425553652161f,0.9181889448700009f,0.1865983976842846f,0.20899595971203092f,-0.12576843509032018f,0.15138486703067522f,-0.9804411878175238f,0.036682463480825156f,0f,0f,0f,1f],start_interpolation:0}
execute if entity @s[tag=aj.dino.bone.neck_1] run data modify entity @s {} merge value {transformation:[-0.9556513241224678f,-0.22630937580311541f,0.1884532120357144f,-0.6489286295445282f,-0.11349871159487783f,0.8734988562058125f,0.4734108054041862f,0.25312416848976954f,-0.2717509690309796f,0.4310264662764247f,-0.8604461611280405f,-0.03422293467075742f,0f,0f,0f,1f],start_interpolation:0}
execute if entity @s[tag=aj.dino.bone.neck_2] run data modify entity @s {} merge value {transformation:[-0.7722739763526933f,-0.32931039262655254f,0.5432748574676957f,-0.6045578320317364f,-0.018476246993172553f,0.8664417025533967f,0.49893627285798603f,0.30531773380823746f,-0.6350208923692564f,0.37527781893487566f,-0.6752147990602961f,-0.08970261078342306f,0f,0f,0f,1f],start_interpolation:0}
execute if entity @s[tag=aj.dino.bone.body_0] run data modify entity @s {} merge value {transformation:[-0.5847191491391376f,-0.09085856338924964f,0.8061316505936511f,-0.22549654949012532f,0.12501381647048596f,0.9717461471281201f,0.20020232574357774f,0.4089294359065433f,-0.8015454212466606f,0.21783972778282593f,-0.5568400045596741f,-0.3500640210755892f,0f,0f,0f,1f],start_interpolation:0}
execute if entity @s[tag=aj.dino.bone.leg_left_3] run data modify entity @s {} merge value {transformation:[0.17318947193506093f,0.047184940321327515f,0.9837575861042838f,-0.040627486885038935f,-0.023689360848632834f,0.9987623036532688f,-0.04373413979717608f,-0.009418175226872938f,-0.984603585710228f,-0.015730295867797332f,0.17409289703624753f,0.062418561667406176f,0f,0f,0f,1f],start_interpolation:0}
execute if entity @s[tag=aj.dino.bone.leg_left_2] run data modify entity @s {} merge value {transformation:[0.3839491279523298f,0.0923682685964254f,0.9466326476526352f,0.01075426165747917f,-0.25074267106953013f,0.9945695809735691f,0.0046541387678822165f,0.22216938704794065f,-0.9174820867735006f,-0.23315585143687034f,0.3948761437352036f,0.018850350981880162f,0f,0f,0f,1f],start_interpolation:0}
execute if entity @s[tag=aj.dino.bone.leg_left_1] run data modify entity @s {} merge value {transformation:[0.42937797944180994f,-0.9005744093375903f,-0.06782539359796136f,-0.23885778869986324f,0.14870027656400753f,-0.003578014979535138f,0.9888758393036982f,0.16578962701325323f,-0.8907989551634288f,-0.43468716458512535f,0.13237934289264214f,-0.08852065364506831f,0f,0f,0f,1f],start_interpolation:0}
execute if entity @s[tag=aj.dino.bone.leg_left_0] run data modify entity @s {} merge value {transformation:[0.4152670699752683f,0.2668209848335361f,0.8696894978362204f,-0.15660792095214662f,0.09379554481660532f,0.9383647839461833f,-0.33267691236722324f,0.5722102535391635f,-0.9048511791265522f,0.2197227669179841f,0.36464537475634246f,-0.13714690328682827f,0f,0f,0f,1f],start_interpolation:0}
execute if entity @s[tag=aj.dino.bone.leg_right_3] run data modify entity @s {} merge value {transformation:[0.6502441102176255f,-0.20148948430382388f,0.7325193409339219f,-0.05155740326338307f,0.18916166304709306f,0.9767629993827813f,0.1007566785380036f,0.033648781930075006f,-0.7357991997553044f,0.07304813996079379f,0.6732484733645681f,-0.7180961354013926f,0f,0f,0f,1f],start_interpolation:0}
execute if entity @s[tag=aj.dino.bone.leg_right_2] run data modify entity @s {} merge value {transformation:[0.6704141529385479f,-0.004060376305852514f,0.7762670779986989f,-0.029553807330569642f,0.2772255044001756f,0.9593031764757376f,-0.234404852369405f,0.24958671802532434f,-0.7250883275508245f,0.3630194601512557f,0.6281130378377232f,-0.6129404337634639f,0f,0f,0f,1f],start_interpolation:0}
execute if entity @s[tag=aj.dino.bone.leg_right_1] run data modify entity @s {} merge value {transformation:[0.5390507655717512f,-0.774404915830457f,0.3312420542052765f,-0.24676772630233978f,-0.08442940840611592f,0.34161023869441715f,0.936041729740366f,0.2910659369329077f,-0.8380309941360774f,-0.5325405816994285f,0.11876271178502057f,-0.7806037078085202f,0f,0f,0f,1f],start_interpolation:0}
execute if entity @s[tag=aj.dino.bone.leg_right_0] run data modify entity @s {} merge value {transformation:[0.5828654505375385f,0.738608218590923f,0.3387119218445304f,-0.05211244685625442f,-0.05730103589700411f,0.45316477916942965f,-0.8895832025198385f,0.548073503432351f,-0.8105457777663162f,0.49909877013499526f,0.3064571092256345f,-0.5153421170905014f,0f,0f,0f,1f],start_interpolation:0}
execute if entity @s[tag=aj.dino.bone.tail_4] run data modify entity @s {} merge value {transformation:[0.9748492200339552f,-1.0730340102904474f,-2.350303883024318f,-0.17629750896143415f,-2.528090898341772f,-0.9143817958865591f,-0.631128887528342f,0.22256785806022752f,-0.5329978794710929f,2.3744821068416737f,-1.3051472393443002f,0.5680616514968135f,0f,0f,0f,1f],start_interpolation:0}
execute if entity @s[tag=aj.dino.bone.tail_3] run data modify entity @s {} merge value {transformation:[0.7953013408463383f,0.27380383785968504f,-1.9048550500407546f,0.1440161297621219f,-1.8407628105728433f,-0.49290764750846533f,-0.839392549576228f,0.3697213037439282f,-0.5612785213282501f,2.004499697042986f,0.05378579826120977f,0.5393259645230359f,0f,0f,0f,1f],start_interpolation:0}
execute if entity @s[tag=aj.dino.bone.tail_2] run data modify entity @s {} merge value {transformation:[1.0513590270372526f,0.917918809221356f,-1.3677876775829296f,0.39928071519868563f,-1.5812147047347276f,0.10756394582561359f,-1.1432252315671958f,0.5811007511814025f,-0.46171217094714523f,1.721809783988594f,0.8006040306938274f,0.3905637227004959f,0f,0f,0f,1f],start_interpolation:0}
execute if entity @s[tag=aj.dino.bone.tail_1] run data modify entity @s {} merge value {transformation:[1.3687456439788859f,0.629003264711485f,-0.13618555382682299f,0.41958975071464455f,-0.6362417246873446f,1.2743173018412535f,-0.5088891156184231f,0.6756386460683911f,-0.09689210419687581f,0.5178093830844716f,1.417794630027206f,0.07923301990108303f,0f,0f,0f,1f],start_interpolation:0}
execute if entity @s[tag=aj.dino.bone.tail_0] run data modify entity @s {} merge value {transformation:[1.097244318874185f,-0.08074757404552914f,0.6506692328427055f,0.22750049511712028f,0.04905441674846916f,1.2750402705482848f,0.07550953093253426f,0.6843419991383509f,-0.6538228242267325f,-0.03984789015676536f,1.0976172268847921f,-0.24247784536477932f,0f,0f,0f,1f],start_interpolation:0}
execute if entity @s[tag=aj.dino.bone.body_1] run data modify entity @s {} merge value {transformation:[0.32865007172148325f,-0.4087160809131801f,1.1196181896596198f,-0.005265122125210658f,-0.07591280600773226f,1.1518660197136086f,0.44277140102925694f,0.5038175f,-1.1894666751522491f,-0.18644149990908532f,0.281092850976602f,-0.2952698376332615f,0f,0f,0f,1f],start_interpolation:0}