execute if entity @s[tag=aj.dino.bone.head_lower] run data modify entity @s {} merge value {transformation:[0.04279112260913928f,0.3064469197564038f,-0.9509254467084483f,0.9419978805485181f,-0.5441293821912508f,0.8053993874427561f,0.23506391076258482f,0.4044620862191124f,0.8379093836818017f,0.5073678272009818f,0.2012107170588524f,-0.17765082261772094f,0f,0f,0f,1f],start_interpolation:0}
execute if entity @s[tag=aj.dino.bone.head_upper] run data modify entity @s {} merge value {transformation:[0.04454126169421866f,0.8189689495100416f,-0.6409195568311309f,0.9162181329810798f,-0.5663840472022972f,0.557121441825912f,0.6725301128693567f,0.46315873330775065f,0.8721795283454776f,0.3199648439746827f,0.4694649204560698f,-0.13783167235421234f,0f,0f,0f,1f],start_interpolation:0}
execute if entity @s[tag=aj.dino.bone.neck_0] run data modify entity @s {} merge value {transformation:[0.04098138897366764f,0.3543238174444684f,-0.9342243617832753f,0.8500448520519013f,-0.610556017515635f,0.7490129455712807f,0.2572954660348309f,0.46783534197782656f,0.7909120527803557f,0.5598519802217479f,0.24703012975860075f,-0.13120125180104444f,0f,0f,0f,1f],start_interpolation:0}
execute if entity @s[tag=aj.dino.bone.neck_1] run data modify entity @s {} merge value {transformation:[0.01665608262780605f,0.41597868181157344f,-0.9092218162746655f,0.7749381924668692f,-0.43445284709006804f,0.8220293135837169f,0.36812841681187414f,0.5028076368612789f,0.9005405590903884f,0.3888824293888691f,0.19441491081134069f,-0.11294022441772865f,0f,0f,0f,1f],start_interpolation:0}
execute if entity @s[tag=aj.dino.bone.neck_2] run data modify entity @s {} merge value {transformation:[-0.030291795659363213f,0.22574918672267108f,-0.9737143892383351f,0.6918437347429284f,-0.5081790071963902f,0.835385522082825f,0.20948777085858028f,0.5293392831239142f,0.8607185973130954f,0.5011669723639601f,0.08941567005239612f,-0.10020000321481243f,0f,0f,0f,1f],start_interpolation:0}
execute if entity @s[tag=aj.dino.bone.body_0] run data modify entity @s {} merge value {transformation:[0.14978132548015052f,0.014114006296843229f,-0.9886184043217392f,0.2260460416575942f,-0.4773362035588853f,0.8766833676911636f,-0.05980319043053235f,0.5095057686674364f,0.8658612494559389f,0.48086075701800896f,0.13804792302192598f,-0.030557734987747262f,0f,0f,0f,1f],start_interpolation:0}
execute if entity @s[tag=aj.dino.bone.leg_left_3] run data modify entity @s {} merge value {transformation:[-0.22800153349697347f,-0.013241790026409572f,-0.9735707245598157f,-0.17140408172728075f,-0.08010515421971394f,0.9967728416432611f,0.005202540711491413f,0.038999402029058605f,0.9703599667084705f,0.07917422029496321f,-0.2283264720750099f,-0.5603025049543128f,0f,0f,0f,1f],start_interpolation:0}
execute if entity @s[tag=aj.dino.bone.leg_left_2] run data modify entity @s {} merge value {transformation:[-0.22387926025420676f,-0.16988189814288424f,-0.9864483853765964f,-0.24183630049116503f,-0.33280281058951583f,0.9659483273324057f,-0.09082024932877647f,0.2608374990831273f,0.944024663656857f,0.3002435163459703f,-0.26595763722905f,-0.49707092011381104f,0f,0f,0f,1f],start_interpolation:0}
execute if entity @s[tag=aj.dino.bone.leg_left_1] run data modify entity @s {} merge value {transformation:[-0.34039439481147116f,0.9325975178727981f,-0.11997302046055242f,0.02466338766800888f,0.0528490102483725f,0.1463664439070097f,0.9878177191232114f,0.24715801936571358f,0.9387963773346697f,0.3299071592971453f,-0.09910917287409995f,-0.42088579226401657f,0f,0f,0f,1f],start_interpolation:0}
execute if entity @s[tag=aj.dino.bone.leg_left_0] run data modify entity @s {} merge value {transformation:[-0.34855174921181525f,0.1508443554229827f,-0.9250717045496574f,0.11866833001267157f,-0.0038506282847558123f,0.9867259370708885f,0.1623486919361839f,0.6209147584393165f,0.9372816283184027f,0.06014902782757316f,-0.34334420581713815f,-0.26033595770696555f,0f,0f,0f,1f],start_interpolation:0}
execute if entity @s[tag=aj.dino.bone.leg_right_3] run data modify entity @s {} merge value {transformation:[-0.6374670133001771f,0.03397608039434376f,-0.7697281552049325f,0.025946124052827577f,0.033395020739396576f,0.9993067961390337f,0.016452956577925115f,0.052037566284292014f,0.7697535836512662f,-0.015216870617078743f,-0.6381597506147312f,0.283230160575094f,0f,0f,0f,1f],start_interpolation:0}
execute if entity @s[tag=aj.dino.bone.leg_right_2] run data modify entity @s {} merge value {transformation:[-0.629222835446345f,-0.010141362414360628f,-0.8099617124419749f,-0.00047309499820891165f,0.20690009268382376f,0.9895874868128656f,-0.173121798429649f,0.2770377533266026f,0.7831559068927343f,-0.26958478854058404f,-0.605023195247291f,0.20047744000547021f,0f,0f,0f,1f],start_interpolation:0}
execute if entity @s[tag=aj.dino.bone.leg_right_1] run data modify entity @s {} merge value {transformation:[-0.4369719896055362f,0.8259690300144522f,-0.3561328990098557f,0.23410226210915352f,-0.14003103622206212f,0.3286378413495362f,0.9340173864161699f,0.31399279967265475f,0.8885081818389489f,0.45800909454955363f,-0.027944232233920036f,0.3440814512561319f,0f,0f,0f,1f],start_interpolation:0}
execute if entity @s[tag=aj.dino.bone.leg_right_0] run data modify entity @s {} merge value {transformation:[-0.4861613100384671f,-0.8324232417183938f,-0.26592992924588627f,-0.014557087866629185f,-0.11817320437825621f,0.3641433395542481f,-0.923815307312698f,0.5459123124984469f,0.8658419453853321f,-0.41769746815766085f,-0.2754025248722739f,0.1018230235292073f,0f,0f,0f,1f],start_interpolation:0}
execute if entity @s[tag=aj.dino.bone.tail_4] run data modify entity @s {} merge value {transformation:[2.472260218485622f,-1.2105749799929757f,-0.21931475442484621f,-1.3544964851136254f,1.0420464274763113f,2.322148895351002f,-1.0711792951714365f,0.7537145158741252f,0.6540106930909318f,0.8762385846532467f,2.535771536966134f,0.2977229699650606f,0f,0f,0f,1f],start_interpolation:0}
execute if entity @s[tag=aj.dino.bone.tail_3] run data modify entity @s {} merge value {transformation:[1.4734168367126774f,-1.0083700937595628f,-1.0715307300060892f,-1.1629367777854103f,1.1474146173213033f,1.7367162531791764f,-0.05658513890708131f,0.7463141324077285f,0.9211015401645241f,-0.5504106975696033f,1.7845351054972065f,0.00051796279384142f,0f,0f,0f,1f],start_interpolation:0}
execute if entity @s[tag=aj.dino.bone.tail_2] run data modify entity @s {} merge value {transformation:[1.5994255443280885f,-0.33122089802172483f,-1.0728021811439685f,-0.9624013232056297f,0.7338562982772705f,1.7215500387618956f,0.5625782367995348f,0.6426843611073811f,0.8497451009757903f,-0.8633261583870684f,1.5334194085816983f,-0.28411844725564434f,0f,0f,0f,1f],start_interpolation:0}
execute if entity @s[tag=aj.dino.bone.tail_1] run data modify entity @s {} merge value {transformation:[0.2352078174556927f,0.13734490289441015f,-1.4877734741070816f,-0.6441526811956291f,0.7833452599710685f,1.2711623309804854f,0.2411903438720516f,0.57449585771073f,1.2722828837521114f,-0.8080463822981849f,0.12654468683523157f,-0.302687423052481f,0f,0f,0f,1f],start_interpolation:0}
execute if entity @s[tag=aj.dino.bone.tail_0] run data modify entity @s {} merge value {transformation:[-0.31333656764041734f,0.22808559900500072f,-1.2180446919098988f,-0.28270760042417264f,-0.05242063738343623f,1.2528142054013058f,0.24808135783455484f,0.5322333574732334f,1.2381066144479094f,0.11076661435311722f,-0.29775574719744935f,-0.2130032775162033f,0f,0f,0f,1f],start_interpolation:0}
execute if entity @s[tag=aj.dino.bone.body_1] run data modify entity @s {} merge value {transformation:[-0.41900899077195525f,-0.22602790286537827f,-1.1410291178733332f,-0.0022097305268923874f,-0.23589116611053754f,1.2041122496475565f,-0.15190010880826157f,0.4864425000000002f,1.1390309119859428f,0.16622175679263543f,-0.45120228741163493f,-0.1193012809420336f,0f,0f,0f,1f],start_interpolation:0}