execute if entity @s[tag=aj.dino.bone.head_lower] run data modify entity @s {} merge value {transformation:[-0.8641678084012f,-0.06628722061307214f,-0.49881860761850155f,-0.6743409501782798f,-0.26738706251915256f,0.9002474770728934f,0.34359662224950577f,0.16643912556580714f,0.42628412792461007f,0.4303027822444152f,-0.7956892344830806f,0.08512765146943585f,0f,0f,0f,1f],start_interpolation:0}
execute if entity @s[tag=aj.dino.bone.head_upper] run data modify entity @s {} merge value {transformation:[-0.899511911694889f,0.13495076828888916f,-0.5061013272465819f,-0.7064791927355913f,-0.2783230819649099f,0.7288706594235631f,0.6890252291901379f,0.2302189081610919f,0.44371897113834f,0.730758369471884f,-0.5937824708445294f,0.06074058134564911f,0f,0f,0f,1f],start_interpolation:0}
execute if entity @s[tag=aj.dino.bone.neck_0] run data modify entity @s {} merge value {transformation:[-0.9641899341799193f,-0.2564228017406458f,0.06771349624410436f,-0.6976269343681563f,-0.24134497592885795f,0.9541917625216018f,0.17683518577991908f,0.2262430660196615f,-0.10995623411167638f,0.15416039401674186f,-0.981908447614431f,-0.0052182425929225285f,0f,0f,0f,1f],start_interpolation:0}
execute if entity @s[tag=aj.dino.bone.neck_1] run data modify entity @s {} merge value {transformation:[-0.9204515442823507f,-0.2382967369215455f,0.309812233136104f,-0.6724795752158738f,-0.06940354594334489f,0.8797001561669435f,0.4704368002721996f,0.27014790614266193f,-0.3846454243049384f,0.411512211741522f,-0.8262600057783719f,-0.07331752442445968f,0f,0f,0f,1f],start_interpolation:0}
execute if entity @s[tag=aj.dino.bone.neck_2] run data modify entity @s {} merge value {transformation:[-0.7063765340836587f,-0.33550146504814016f,0.6232743850396143f,-0.6211608335597527f,0.008931188726993153f,0.8762400907891125f,0.4817920061207024f,0.3209354374577636f,-0.7077799276356181f,0.345893148594244f,-0.6159590114542361f,-0.12389364341248119f,0f,0f,0f,1f],start_interpolation:0}
execute if entity @s[tag=aj.dino.bone.body_0] run data modify entity @s {} merge value {transformation:[-0.45989171875987994f,-0.07260175196735807f,0.8850020297306407f,-0.20475431814499234f,0.16813521775635773f,0.9715031339697267f,0.16706947428247232f,0.4089294359065433f,-0.8719117819860597f,0.2256338766636556f,-0.4345793346854227f,-0.3265598094596487f,0f,0f,0f,1f],start_interpolation:0}
execute if entity @s[tag=aj.dino.bone.leg_left_3] run data modify entity @s {} merge value {transformation:[0.030459381328839852f,0.03666144943710594f,0.9988634362185028f,-0.0024889309578335697f,-0.009284961290107889f,0.9992943794315482f,-0.03639413043827021f,-0.029347507808241247f,-0.9994928792057031f,-0.008165865642242112f,0.030778288701734713f,0.048703134296717895f,0f,0f,0f,1f],start_interpolation:0}
execute if entity @s[tag=aj.dino.bone.leg_left_2] run data modify entity @s {} merge value {transformation:[0.2393602759030961f,0.09803309189550147f,0.9925514448700865f,0.05140806417578919f,-0.24542900745402932f,0.9951371069952951f,-0.039101663415495425f,0.2010283371850699f,-0.9667127081612296f,-0.22837217579017122f,0.2556851358705458f,0.0018719905438718681f,0f,0f,0f,1f],start_interpolation:0}
execute if entity @s[tag=aj.dino.bone.leg_left_1] run data modify entity @s {} merge value {transformation:[0.3237616775200638f,-0.9453200841294567f,0.039348630355727054f,-0.21394068138511962f,0.14722417021671963f,0.09141751104621648f,0.9848694747925298f,0.17069777309166906f,-0.9346140486176061f,-0.31306992384384724f,0.16877145170619084f,-0.07351690632293373f,0f,0f,0f,1f],start_interpolation:0}
execute if entity @s[tag=aj.dino.bone.leg_left_0] run data modify entity @s {} merge value {transformation:[0.30430075107486126f,0.3554402883616088f,0.8837778308515619f,-0.11094555138854129f,0.09379554481660532f,0.9120878951859861f,-0.39912161959452164f,0.5722102535391635f,-0.9479469651134667f,0.20434743175438785f,0.24421031605473645f,-0.1233868352013815f,0f,0f,0f,1f],start_interpolation:0}
execute if entity @s[tag=aj.dino.bone.leg_right_3] run data modify entity @s {} merge value {transformation:[0.5354672796055278f,-0.15757823469990453f,0.8297251909040233f,-0.15517079431296993f,0.15165430250622838f,0.9844109348150115f,0.0890847009760104f,0.052557214750975134f,-0.8308283607359616f,0.07812945261230037f,0.5510172625529055f,-0.7317058645152744f,0f,0f,0f,1f],start_interpolation:0}
execute if entity @s[tag=aj.dino.bone.leg_right_2] run data modify entity @s {} merge value {transformation:[0.570145498431444f,0.20206232297706372f,0.8283520554402989f,-0.08335508274212358f,0.23501158065184605f,0.920641324946467f,-0.38633056733971965f,0.2548534340658506f,-0.8196132423762904f,0.40453994603082305f,0.46545006658877786f,-0.6217521684041547f,0f,0f,0f,1f],start_interpolation:0}
execute if entity @s[tag=aj.dino.bone.leg_right_1] run data modify entity @s {} merge value {transformation:[0.3688710295255452f,-0.8093645284526979f,0.4570155617255353f,-0.3201262269693787f,-0.09733919288774458f,0.45534787779641805f,0.8849764921817194f,0.3296828174951285f,-0.9243696474380404f,-0.37092771569247923f,0.08918175052348104f,-0.7456609021426451f,0f,0f,0f,1f],start_interpolation:0}
execute if entity @s[tag=aj.dino.bone.leg_right_0] run data modify entity @s {} merge value {transformation:[0.41977961698682353f,0.8639958197917562f,0.27802211520806613f,-0.05233626339855218f,-0.07686321372379289f,0.33905808171034924f,-0.9376202128809664f,0.548073503432351f,-0.904365589536912f,0.37222418058109735f,0.20873916702977502f,-0.5113505902247572f,0f,0f,0f,1f],start_interpolation:0}
execute if entity @s[tag=aj.dino.bone.tail_4] run data modify entity @s {} merge value {transformation:[0.9437908451638645f,-0.874438068634942f,-2.4434152811806005f,-0.18221088411227615f,-2.5267797323729084f,-0.9025889713939633f,-0.6529767717059168f,0.23462914982907584f,-0.5918651503969239f,2.458933212683903f,-1.108604722570515f,0.46961975263854394f,0f,0f,0f,1f],start_interpolation:0}
execute if entity @s[tag=aj.dino.bone.tail_3] run data modify entity @s {} merge value {transformation:[0.8585626673686929f,0.08311328585505512f,-1.8952329286817429f,0.13833725516152556f,-1.8450008211405766f,-0.44739496835785597f,-0.8554269333631693f,0.3840560571705286f,-0.441347529998525f,2.031963447025289f,-0.1108261420502962f,0.46852741329659175f,0f,0f,0f,1f],start_interpolation:0}
execute if entity @s[tag=aj.dino.bone.tail_2] run data modify entity @s {} merge value {transformation:[1.0993417162370018f,0.6715304569785076f,-1.4694449670859053f,0.4124765604228571f,-1.5859884015017411f,0.10972798987693179f,-1.136386568709036f,0.5941611971735665f,-0.3079974938953437f,1.831878950310468f,0.6067379419208784f,0.3559443087725161f,0f,0f,0f,1f],start_interpolation:0}
execute if entity @s[tag=aj.dino.bone.tail_1] run data modify entity @s {} merge value {transformation:[1.3765203455480803f,0.5760730429207822f,-0.246957157240249f,0.45726199866185324f,-0.6253789812514098f,1.3021126272103214f,-0.4483972411471595f,0.6753317684853801f,0.041822459290951707f,0.5101948699070049f,1.4232386752120785f,0.04340266374983598f,0f,0f,0f,1f],start_interpolation:0}
execute if entity @s[tag=aj.dino.bone.tail_0] run data modify entity @s {} merge value {transformation:[1.0821163361992387f,-0.07403473839419512f,0.6762978700437161f,0.25784545229137923f,0.04070448374524473f,1.2753941777911944f,0.07448860881627298f,0.6843419991383509f,-0.6791193536616356f,-0.041524274241143945f,1.082085188289248f,-0.2738098329744169f,0f,0f,0f,1f],start_interpolation:0}
execute if entity @s[tag=aj.dino.bone.body_1] run data modify entity @s {} merge value {transformation:[0.18433283228878322f,-0.4280470609564843f,1.1451644928145308f,0.020442756100345467f,-0.07591280600773226f,1.1518660197136086f,0.44277140102925694f,0.5038175f,-1.2201898409184853f,-0.1363267445950886f,0.14545228043477954f,-0.2984428770231438f,0f,0f,0f,1f],start_interpolation:0}