execute if entity @s[tag=aj.dino.bone.head_lower] run data modify entity @s {} merge value {transformation:[0.6492256854630751f,0.2768371241654177f,-0.7084258719293225f,0.7878530989016661f,-0.5091785336251081f,0.8500976310364614f,-0.1344293070784081f,0.32968828808253015f,0.5650161327169206f,0.44799020568536685f,0.6928647381557225f,-0.536831892335119f,0f,0f,0f,1f],start_interpolation:0}
execute if entity @s[tag=aj.dino.bone.head_upper] run data modify entity @s {} merge value {transformation:[0.6757787454878127f,0.7434401989099831f,-0.2721979066324896f,0.785992026530975f,-0.5300037234926528f,0.6906696798984561f,0.5705640971322985f,0.3843657505558794f,0.5881250571216541f,-0.23182753610638202f,0.8269442866795818f,-0.4848475870218477f,0f,0f,0f,1f],start_interpolation:0}
execute if entity @s[tag=aj.dino.bone.neck_0] run data modify entity @s {} merge value {transformation:[0.6037570425340564f,0.5503968783305426f,-0.576663428625852f,0.7395748256682783f,-0.49476218336218347f,0.8259239913112586f,0.27029602751643406f,0.3885971735441771f,0.6250502503840909f,0.12211812683002299f,0.7709729875905587f,-0.4371792036019848f,0f,0f,0f,1f],start_interpolation:0}
execute if entity @s[tag=aj.dino.bone.neck_1] run data modify entity @s {} merge value {transformation:[0.6163813046342401f,0.4613131153689918f,-0.6381726231090981f,0.6876384403336249f,-0.22606764212268848f,0.8799825045514856f,0.41776095182338724f,0.4280409786767663f,0.7542993493848977f,-0.11322986033661654f,0.6466927324824907f,-0.3829174771314423f,0f,0f,0f,1f],start_interpolation:0}
execute if entity @s[tag=aj.dino.bone.neck_2] run data modify entity @s {} merge value {transformation:[0.4820141787190352f,0.3621964957202197f,-0.7977944785480823f,0.6212917906201345f,-0.3135769559916266f,0.9215545208027333f,0.22892522329151482f,0.45711913990651204f,0.8181270220356002f,0.13982476059710341f,0.5577788200883244f,-0.3326828973538334f,0f,0f,0f,1f],start_interpolation:0}
execute if entity @s[tag=aj.dino.bone.body_0] run data modify entity @s {} merge value {transformation:[0.5325742806501832f,0.18053236804103245f,-0.8269054962203582f,0.23329412761814142f,-0.2961394867606721f,0.9549795155861065f,0.017763141390275877f,0.47458821544232094f,0.7928846321950411f,0.23541917700226214f,0.5620602913642913f,-0.06554332782501779f,0f,0f,0f,1f],start_interpolation:0}
execute if entity @s[tag=aj.dino.bone.leg_left_3] run data modify entity @s {} merge value {transformation:[0.1315238798339465f,0.2186516446398143f,-0.9668986127457885f,-0.46140829404334643f,-0.06924701998546706f,0.9750155164883139f,0.21106774464649716f,0.07899633772021006f,0.9888914597955422f,0.03919439887701985f,0.14337879843307083f,-0.42785970061238743f,0f,0f,0f,1f],start_interpolation:0}
execute if entity @s[tag=aj.dino.bone.leg_left_2] run data modify entity @s {} merge value {transformation:[0.06550521798201696f,0.174790131411773f,-1.0085730890118367f,-0.45173277080529184f,-0.3076430243594968f,0.9672729406235319f,0.1476517097806244f,0.3085520842392053f,0.9762822519542007f,0.2930762150009017f,0.11419937049158702f,-0.35450020527475384f,0f,0f,0f,1f],start_interpolation:0}
execute if entity @s[tag=aj.dino.bone.leg_left_1] run data modify entity @s {} merge value {transformation:[-0.01660142799106534f,0.9974606170358791f,-0.06925828507161363f,-0.17675006426496187f,0.0863049247549513f,0.07043884602105277f,0.9937755425317452f,0.27326317285451507f,0.9961304395267219f,0.01052076202686001f,-0.08725514892930114f,-0.3668529173981671f,0f,0f,0f,1f],start_interpolation:0}
execute if entity @s[tag=aj.dino.bone.leg_left_0] run data modify entity @s {} merge value {transformation:[-0.04332087148564835f,0.44313263677116393f,-0.8954087157951722f,0.06509291510475441f,0.03442314108065507f,0.8963800025271021f,0.44194789107727783f,0.5932363459323441f,0.9984680012157954f,-0.01167721275595339f,-0.05408598016479815f,-0.250937342928911f,0f,0f,0f,1f],start_interpolation:0}
execute if entity @s[tag=aj.dino.bone.leg_right_3] run data modify entity @s {} merge value {transformation:[-0.39205013028662616f,0.034762958885745765f,-0.9192868061882251f,0.1407008082062494f,0.03839994356034788f,0.9990332303670248f,0.02140207833340821f,0.02176504842922855f,0.9191420671891813f,-0.026909873874383053f,-0.39300600378526446f,0.2875694707289755f,0f,0f,0f,1f],start_interpolation:0}
execute if entity @s[tag=aj.dino.bone.leg_right_2] run data modify entity @s {} merge value {transformation:[-0.41278279984896526f,-0.09610878400029506f,-0.9340426442553509f,0.09007227106330062f,0.1793790556655423f,0.9934510363093823f,-0.1814948824210952f,0.24744975298928695f,0.9216809176922791f,-0.23639022736672832f,-0.3829962739611433f,0.2192010758346982f,0f,0f,0f,1f],start_interpolation:0}
execute if entity @s[tag=aj.dino.bone.leg_right_1] run data modify entity @s {} merge value {transformation:[-0.2420146185459204f,0.8973089698162499f,-0.36914162200620615f,0.348601092219717f,-0.18257363948806227f,0.3315406984797568f,0.9256066288740796f,0.28479222740985705f,0.9529406018079803f,0.29140586462673534f,0.08358726868961024f,0.31291219521435537f,0f,0f,0f,1f],start_interpolation:0}
execute if entity @s[tag=aj.dino.bone.leg_right_0] run data modify entity @s {} merge value {transformation:[-0.29705033169743944f,-0.9368894866940116f,-0.1843886931475792f,0.030297935861452806f,-0.16794036214423771f,0.2413565678064742f,-0.9557944559054217f,0.4768916730162308f,0.9399771992986338f,-0.252952756258772f,-0.22903660820879002f,0.12294329719538165f,0f,0f,0f,1f],start_interpolation:0}
execute if entity @s[tag=aj.dino.bone.tail_4] run data modify entity @s {} merge value {transformation:[-0.18776041868146284f,-2.026091342443347f,1.866912217768333f,-0.8564586754148913f,2.663704222638659f,0.34440068020813475f,0.6416613728199223f,0.3495545716488386f,-0.7036243110307769f,1.8444520528190176f,1.9309507464920417f,0.9738609175095982f,0f,0f,0f,1f],start_interpolation:0}
execute if entity @s[tag=aj.dino.bone.tail_3] run data modify entity @s {} merge value {transformation:[-0.25254581679152f,-2.0157598671215577f,0.4570320498254232f,-0.914228629044547f,2.0572724096479593f,-0.20070599255428323f,0.25158072879002474f,0.3088598426965524f,-0.19949027286267457f,0.48205268249365013f,2.01588054417376f,0.6273248083840224f,0f,0f,0f,1f],start_interpolation:0}
execute if entity @s[tag=aj.dino.bone.tail_2] run data modify entity @s {} merge value {transformation:[0.6563975894811837f,-1.8137228832165115f,-0.31356878419710843f,-0.8558830876237042f,1.7896175957234741f,0.7067099210996344f,-0.3414730201627286f,0.37383041876909373f,0.43033119873302f,-0.17246525829543205f,1.8983794850031612f,0.27469737608436223f,0f,0f,0f,1f],start_interpolation:0}
execute if entity @s[tag=aj.dino.bone.tail_1] run data modify entity @s {} merge value {transformation:[0.521009130080486f,-1.0751203939613736f,-0.9275353766089554f,-0.6436433444409898f,1.1226030667397617f,0.9168669312263401f,-0.4321731539210585f,0.4545490052429073f,0.8694642551130303f,-0.5395622474858067f,1.1138046238765615f,0.04078397713031977f,0f,0f,0f,1f],start_interpolation:0}
execute if entity @s[tag=aj.dino.bone.tail_0] run data modify entity @s {} merge value {transformation:[0.546030569978328f,0.12148806655947565f,-1.1493158760396598f,-0.304854809417867f,-0.1211535011978867f,1.2701474038799325f,0.07670148726451291f,0.4627859673804359f,1.149351191925542f,0.0761704580840562f,0.554098922141732f,-0.1192984775373062f,0f,0f,0f,1f],start_interpolation:0}
execute if entity @s[tag=aj.dino.bone.body_1] run data modify entity @s {} merge value {transformation:[-0.1094341407874251f,-0.26716693854665163f,-1.202185755544449f,-0.007367871934020092f,-0.3659171407098891f,1.1594695766284444f,-0.22436475227629907f,0.43684912527986974f,1.1758968534786831f,0.3359415468156857f,-0.1816988226661561f,-0.0996840936478418f,0f,0f,0f,1f],start_interpolation:0}