execute if entity @s[tag=aj.dino.bone.head_lower] run data modify entity @s {} merge value {transformation:[-0.956096933181775f,0.10649630596760948f,-0.27301500174103677f,-0.10142290625754695f,0.009368827923403988f,0.9422627178367475f,0.3347434773647545f,0.2578822601082753f,0.29290080133681196f,0.3174893815392252f,-0.9018922403403271f,0.5300707106458786f,0f,0f,0f,1f],start_interpolation:0}
execute if entity @s[tag=aj.dino.bone.head_upper] run data modify entity @s {} merge value {transformation:[-0.9952008993751875f,0.27009493986774985f,-0.1417597824637234f,-0.10543948053275437f,0.009752009081792912f,0.5116630168110472f,0.9064092884178726f,0.331860013590493f,0.30488032206948706f,0.8652870178554412f,-0.49172991421018025f,0.5156965806682821f,0f,0f,0f,1f],start_interpolation:0}
execute if entity @s[tag=aj.dino.bone.neck_0] run data modify entity @s {} merge value {transformation:[-0.8380906332528385f,-0.30465311294613207f,0.4525379224176554f,-0.07096163067705188f,0.011045812197247498f,0.8198898354841567f,0.5724147514719251f,0.35556150619691107f,-0.545419178693562f,0.48473409044752985f,-0.6837768503475725f,0.46379038285094587f,0f,0f,0f,1f],start_interpolation:0}
execute if entity @s[tag=aj.dino.bone.neck_1] run data modify entity @s {} merge value {transformation:[-0.8217191378309631f,-0.2178688117975626f,0.526603113709231f,-0.027355129662362514f,0.06612590072914964f,0.8813470997859957f,0.4678190408176788f,0.3992521749994058f,-0.5660433055651286f,0.4192379641024089f,-0.7098130075450647f,0.4055912817120292f,0f,0f,0f,1f],start_interpolation:0}
execute if entity @s[tag=aj.dino.bone.neck_2] run data modify entity @s {} merge value {transformation:[-0.943673408725278f,-0.008583593863740774f,0.3307670170697146f,0.0015385030369003405f,0.10874845826439714f,0.936082434846839f,0.3345496196326193f,0.4377260628900429f,-0.3124968327678398f,0.35167598309750414f,-0.8824226495407249f,0.3317275671144041f,0f,0f,0f,1f],start_interpolation:0}
execute if entity @s[tag=aj.dino.bone.body_0] run data modify entity @s {} merge value {transformation:[-0.9918568504295382f,0.06097448870807111f,0.1118127898891102f,0.05481630983673115f,0.07688406462076842f,0.986585977182411f,0.14400329938725923f,0.5149927425440194f,-0.10153240302182595f,0.15142728074497153f,-0.9832400265361441f,-0.13022723610878428f,0f,0f,0f,1f],start_interpolation:0}
execute if entity @s[tag=aj.dino.bone.leg_left_3] run data modify entity @s {} merge value {transformation:[-0.976459160409041f,-0.09859505987876399f,0.19185025989238028f,0.5846472841341783f,-0.09665048625912806f,0.9951275164839213f,0.019491265798241952f,0.041978939664167575f,-0.19283721518198965f,0.0004900041291222568f,-0.9812306397258541f,-0.18122782776439422f,0f,0f,0f,1f],start_interpolation:0}
execute if entity @s[tag=aj.dino.bone.leg_left_2] run data modify entity @s {} merge value {transformation:[-0.9257595343887141f,-0.27319803864670617f,0.34697884037600696f,0.5302522150839982f,-0.4019747147165266f,0.8550142921102322f,-0.39928572290591674f,0.22831819759556204f,-0.18288743181982928f,-0.49636235903574144f,-0.878771184845928f,-0.32437086630493606f,0f,0f,0f,1f],start_interpolation:0}
execute if entity @s[tag=aj.dino.bone.leg_left_1] run data modify entity @s {} merge value {transformation:[-0.9044062833781146f,-0.4081282214435039f,0.12442117764893496f,0.43078951502903734f,-0.07672669684096178f,0.4424217020540571f,0.8935189150451525f,0.30264951592917f,-0.4197169148105193f,0.7985576951059663f,-0.4314432975594659f,-0.0761866362009056f,0f,0f,0f,1f],start_interpolation:0}
execute if entity @s[tag=aj.dino.bone.leg_left_0] run data modify entity @s {} merge value {transformation:[-0.8467844061054713f,-0.04158421623399719f,0.5303083278026174f,0.2728314018781931f,-0.23306945568435358f,0.925154100794113f,-0.2996139492928118f,0.6631852348407244f,-0.478157712897746f,-0.3773070934186642f,-0.7930980764397024f,-0.2153646101881957f,0f,0f,0f,1f],start_interpolation:0}
execute if entity @s[tag=aj.dino.bone.leg_right_3] run data modify entity @s {} merge value {transformation:[-0.8536509905905528f,0.006792118645659484f,0.5208011649258009f,-0.2604090534397473f,0.022410873794636015f,0.999467909266719f,0.023699178926146702f,0.03561327332940589f,-0.520363083816991f,0.03190243674573945f,-0.8533489881227695f,-0.4648876347333495f,0f,0f,0f,1f],start_interpolation:0}
execute if entity @s[tag=aj.dino.bone.leg_right_2] run data modify entity @s {} merge value {transformation:[-0.8913914624689607f,0.3761717626307539f,0.34055581794679923f,-0.16081637621937828f,0.2897732511259992f,0.9424703621737085f,-0.28256553019913977f,0.24611965788619075f,-0.4165512250252186f,-0.14935401207910085f,-0.9253327269185714f,-0.5276525355213375f,0f,0f,0f,1f],start_interpolation:0}
execute if entity @s[tag=aj.dino.bone.leg_right_1] run data modify entity @s {} merge value {transformation:[-0.9831643220055587f,-0.17724277440265865f,-0.04441750620418326f,-0.22619229317490094f,-0.0731633185215674f,0.15910636341228832f,0.9845467454339729f,0.2356701242084992f,-0.16743668880583512f,0.9712209656117216f,-0.1693953694702805f,-0.2581526609612387f,0f,0f,0f,1f],start_interpolation:0}
execute if entity @s[tag=aj.dino.bone.leg_right_0] run data modify entity @s {} merge value {transformation:[-0.9812817666481727f,0.06362837586627912f,0.18176227394170913f,-0.10190715928253091f,-0.019995993798772073f,0.9050730316763099f,-0.42478579020990426f,0.6279364762288713f,-0.19153656224293278f,-0.420469067966804f,-0.8868593508596988f,-0.328775554773644f,0f,0f,0f,1f],start_interpolation:0}
execute if entity @s[tag=aj.dino.bone.tail_4] run data modify entity @s {} merge value {transformation:[-1.2711705682635803f,-2.2898769721745853f,0.8753571672665974f,0.6640454548088025f,-2.4504685417864063f,1.2152926332936953f,-0.3793798528879431f,0.7627897196871292f,-0.0706444880769054f,-0.9514139999845654f,-2.5914247217578446f,-1.925098923410041f,0f,0f,0f,1f],start_interpolation:0}
execute if entity @s[tag=aj.dino.bone.tail_3] run data modify entity @s {} merge value {transformation:[-1.763204812524998f,-0.977630648939422f,0.5208575903137224f,0.5852941387318032f,-1.0404062667444416f,1.7976807815598634f,-0.1477976108523298f,0.770259015014073f,-0.3802750521031142f,-0.3853928488037212f,-2.010673708706455f,-1.5803915935224608f,0f,0f,0f,1f],start_interpolation:0}
execute if entity @s[tag=aj.dino.bone.tail_2] run data modify entity @s {} merge value {transformation:[-1.8678088790391054f,-0.4693181890506783f,0.3313673245986252f,0.5222008592874717f,-0.49281885581374135f,1.8881638996389616f,-0.10363656911245493f,0.7896097084721753f,-0.295285356460312f,-0.18262365818578294f,-1.923078010048923f,-1.2231573948225174f,0f,0f,0f,1f],start_interpolation:0}
execute if entity @s[tag=aj.dino.bone.tail_1] run data modify entity @s {} merge value {transformation:[-1.3238247967653571f,0.16217030471769744f,0.713333687510222f,0.3679817889854891f,0.17568383907599194f,1.5021824588923258f,-0.015469288404044122f,0.7744080546236333f,-0.7101262888787337f,0.0693174037596308f,-1.3336311339269724f,-0.9363437531066998f,0f,0f,0f,1f],start_interpolation:0}
execute if entity @s[tag=aj.dino.bone.tail_0] run data modify entity @s {} merge value {transformation:[-1.1112345943504784f,-0.06206958996590112f,0.6286022262959465f,0.18279175861362784f,0.10092219160315835f,1.2382425168976354f,0.300675734260436f,0.7164246143866768f,-0.6235447892050504f,0.3110282172609133f,-1.0715825028931534f,-0.6156967749360991f,0f,0f,0f,1f],start_interpolation:0}
execute if entity @s[tag=aj.dino.bone.body_1] run data modify entity @s {} merge value {transformation:[-1.1785951120644644f,-0.1800315050511606f,0.3272717740090286f,0.1188320549616067f,-0.11086132816860617f,1.2030688593700367f,0.26256366958705823f,0.5743470138888889f,-0.356690233663182f,0.22094925177366692f,-1.1629953140087073f,-0.3601991554705396f,0f,0f,0f,1f],start_interpolation:0}