execute if entity @s[tag=aj.dino.bone.head_lower] run data modify entity @s {} merge value {transformation:[-0.997056011130592f,0.07082216813954752f,0.029385900843204846f,-0.3967654149772551f,0.07376725904430367f,0.9905530274051799f,0.11559883819279243f,0.7011450186289208f,-0.020921332688038807f,0.11742623385958728f,-0.9928612075411696f,0.6878630594822854f,0f,0f,0f,1f],start_interpolation:0}
execute if entity @s[tag=aj.dino.bone.head_upper] run data modify entity @s {} merge value {transformation:[-1.0378351865458286f,0.06709551999196686f,0.04322336576320667f,-0.3926012715722507f,0.07678430920285777f,0.9931728760386352f,0.3019664728821608f,0.7442870621804811f,-0.021777006477757644f,0.30426595616608243f,-0.9951984387501389f,0.6260821524017425f,0f,0f,0f,1f],start_interpolation:0}
execute if entity @s[tag=aj.dino.bone.neck_0] run data modify entity @s {} merge value {transformation:[-0.9727670306409866f,0.2199293300762296f,0.07318055663998999f,-0.3911248196142205f,0.17045656615808505f,0.8927328990288073f,-0.4171001439045733f,0.7027707772094784f,-0.15706324570539196f,-0.39326716207158996f,-0.9059095297460146f,0.5739385581056161f,0f,0f,0f,1f],start_interpolation:0}
execute if entity @s[tag=aj.dino.bone.neck_1] run data modify entity @s {} merge value {transformation:[-0.9451308431888759f,0.19624047057299832f,0.2611845457954446f,-0.36809500522031185f,0.1411027531655674f,0.9662755667914199f,-0.2154101716981282f,0.6889742191599056f,-0.29464843848590394f,-0.166736938712477f,-0.9409469118747401f,0.49345986850707624f,0f,0f,0f,1f],start_interpolation:0}
execute if entity @s[tag=aj.dino.bone.neck_2] run data modify entity @s {} merge value {transformation:[-0.8947860454080426f,0.09422800137068282f,0.4364390183069371f,-0.328937122898067f,0.08633014080194473f,0.9955436770777432f,-0.037945932847180786f,0.6953968656613856f,-0.4380696745178247f,0.0037243507102523166f,-0.8989333064691919f,0.41474303258174905f,0f,0f,0f,1f],start_interpolation:0}
execute if entity @s[tag=aj.dino.bone.body_0] run data modify entity @s {} merge value {transformation:[-0.8600918469454658f,0.21486659665065835f,0.4626817053458033f,-0.10883009730864163f,0.08899774503321327f,0.9562624880591174f,-0.27864216355388405f,0.5731834544134264f,-0.5023160520996125f,-0.1984802246440426f,-0.8415962121043022f,0.01621112156277152f,0f,0f,0f,1f],start_interpolation:0}
execute if entity @s[tag=aj.dino.bone.leg_left_3] run data modify entity @s {} merge value {transformation:[-0.9298327241497667f,0.07892636967720819f,0.35941860451262236f,0.2736298376938549f,0.03304400985311182f,0.9906902878865036f,-0.13206379859819528f,0.012039469051781798f,-0.36649583696551247f,-0.11092060970321888f,-0.9237842929115083f,0.02039634141824953f,0f,0f,0f,1f],start_interpolation:0}
execute if entity @s[tag=aj.dino.bone.leg_left_2] run data modify entity @s {} merge value {transformation:[-0.9261059698370897f,-0.025649585679528124f,0.4401500095277368f,0.27981682260666174f,-0.21174943388428472f,0.9240153158018327f,-0.39168874494171924f,0.2149926574377047f,-0.3867196780388644f,-0.44452220914010865f,-0.8395892422484995f,-0.10976815684334412f,0f,0f,0f,1f],start_interpolation:0}
execute if entity @s[tag=aj.dino.bone.leg_left_1] run data modify entity @s {} merge value {transformation:[-0.80575314641372f,-0.47653009084411974f,0.35168301005946484f,0.14775361795393274f,0.12075912581783911f,0.4491417848723712f,0.8852620462966726f,0.2876544720387329f,-0.5798095381900006f,0.7557716120639597f,-0.3043520491505557f,0.12324033299233317f,0f,0f,0f,1f],start_interpolation:0}
execute if entity @s[tag=aj.dino.bone.leg_left_0] run data modify entity @s {} merge value {transformation:[-0.826043440621873f,0.33026145665426454f,0.4567051614052349f,0.14419762745263465f,0.07000076164675462f,0.8641709935343096f,-0.4983055160268631f,0.6756606553826069f,-0.559242458665696f,-0.3796522937933172f,-0.7369613342930686f,-0.030856504038566795f,0f,0f,0f,1f],start_interpolation:0}
execute if entity @s[tag=aj.dino.bone.leg_right_3] run data modify entity @s {} merge value {transformation:[-0.7465708128065874f,0.012351887632212205f,0.6651912900341023f,-0.25558124500387386f,0.03838444148147292f,0.9989618997516805f,0.02453074594605631f,0.06544964666801076f,-0.6641977537732772f,0.043846935085998656f,-0.7462699177684291f,-0.19033723770407746f,0f,0f,0f,1f],start_interpolation:0}
execute if entity @s[tag=aj.dino.bone.leg_right_2] run data modify entity @s {} merge value {transformation:[-0.7689835505511471f,0.2164801355868024f,0.6433217308460565f,-0.1840455323249805f,0.03482922156606804f,0.9834405395581558f,-0.2892988592776696f,0.2856935446905276f,-0.6778741946759351f,-0.1950468034872111f,-0.7446512741831364f,-0.25776378486011764f,0f,0f,0f,1f],start_interpolation:0}
execute if entity @s[tag=aj.dino.bone.leg_right_1] run data modify entity @s {} merge value {transformation:[-0.8234647582747627f,-0.5647983539855842f,-0.05393154192735175f,-0.351023083740273f,-0.30933192472995075f,0.36723927084596003f,0.8771824657911218f,0.33277797118739666f,-0.47562543269084234f,0.739011594823588f,-0.47711875931883707f,-0.04116521661789688f,0f,0f,0f,1f],start_interpolation:0}
execute if entity @s[tag=aj.dino.bone.leg_right_0] run data modify entity @s {} merge value {transformation:[-0.8174504713587947f,0.257714692102884f,0.5151289783632834f,-0.196721073824285f,-0.25268967856696956f,0.6432174504348419f,-0.7227857482005463f,0.6735469744161289f,-0.5176124546617924f,-0.721009326521105f,-0.4606765653347003f,-0.2265692476928326f,0f,0f,0f,1f],start_interpolation:0}
execute if entity @s[tag=aj.dino.bone.tail_4] run data modify entity @s {} merge value {transformation:[-2.391841015192509f,-0.5769040890459106f,-1.2537701390944742f,0.3618579554937546f,-1.053883266877401f,2.3832261384643423f,0.9139062120021705f,0.77391773633793f,0.8911161256753722f,1.270069358965268f,-2.284403030460883f,-1.7840932002228926f,0f,0f,0f,1f],start_interpolation:0}
execute if entity @s[tag=aj.dino.bone.tail_3] run data modify entity @s {} merge value {transformation:[-1.9702812150531117f,-0.5318410227063392f,-0.41362130774411654f,0.43719732620898455f,-0.5915298430171256f,1.9774636382055284f,0.2750918581847415f,0.7079212888342349f,0.32253667151722876f,0.377793875262787f,-2.022173931536295f,-1.444904238769412f,0f,0f,0f,1f],start_interpolation:0}
execute if entity @s[tag=aj.dino.bone.tail_2] run data modify entity @s {} merge value {transformation:[-1.8860502934555545f,-0.5034120163685166f,0.09035766339817318f,0.4188856151369263f,-0.5011453144843834f,1.8879318953369328f,0.05779625716792618f,0.6972557603135237f,-0.10218385062886386f,0.03260943648787417f,-1.9512224271787615f,-1.0822440511169376f,0f,0f,0f,1f],start_interpolation:0}
execute if entity @s[tag=aj.dino.bone.tail_1] run data modify entity @s {} merge value {transformation:[-1.4576951761116477f,-0.2245842000299802f,0.3351760144129155f,0.35089742725049256f,-0.22878094583652792f,1.4950817044564662f,0.006798957397472044f,0.6777354420937334f,-0.3323255969120899f,-0.04414616740378242f,-1.4748786606160456f,-0.7640094827819668f,0f,0f,0f,1f],start_interpolation:0}
execute if entity @s[tag=aj.dino.bone.tail_0] run data modify entity @s {} merge value {transformation:[-1.0867543993553295f,-0.13502551674287983f,0.6592182505772903f,0.15500012652830786f,-0.09274989901289214f,1.270323313471807f,0.10729329926484231f,0.6770370107567101f,-0.6664818439379749f,0.043387851552652124f,-1.089841806237359f,-0.4444853505725034f,0f,0f,0f,1f],start_interpolation:0}
execute if entity @s[tag=aj.dino.bone.body_1] run data modify entity @s {} merge value {transformation:[-1.0722278318296954f,-0.021078238025451917f,0.6152136048461404f,0.013391350084085443f,-0.006647765439026056f,1.2359669142622403f,0.03076018725550825f,0.586634555393586f,-0.6155386900274492f,0.023368564078022295f,-1.0719937622712519f,-0.1968358557106728f,0f,0f,0f,1f],start_interpolation:0}