execute if entity @s[tag=aj.dino.bone.head_lower] run data modify entity @s {} merge value {transformation:[-0.7724454057866329f,-0.4188495523025843f,0.4773815534926427f,-0.1925711959743497f,-0.22344464778887332f,0.8828652245670058f,0.4130635358207708f,0.48390412745222416f,-0.5944750494794802f,0.21240067746166794f,-0.7755548773363456f,0.6458734831039497f,0f,0f,0f,1f],start_interpolation:0}
execute if entity @s[tag=aj.dino.bone.head_upper] run data modify entity @s {} merge value {transformation:[-0.8040381010310539f,-0.5712812527452068f,0.3326144989860654f,-0.18271919463900022f,-0.2325834407815017f,0.7347206362852315f,0.6996874104015091f,0.5485644913072965f,-0.6187888313052536f,0.466149396075978f,-0.6951813183431977f,0.608224686209297f,0f,0f,0f,1f],start_interpolation:0}
execute if entity @s[tag=aj.dino.bone.neck_0] run data modify entity @s {} merge value {transformation:[-0.5610833382954611f,-0.2693982180052333f,0.7826941213672338f,-0.12755458694634683f,-0.17255629447295107f,0.9628508243072057f,0.20770800506648474f,0.5464221633962549f,-0.809573846369178f,-0.01851729641549829f,-0.5867259130194228f,0.5708480525522366f,0f,0f,0f,1f],start_interpolation:0}
execute if entity @s[tag=aj.dino.bone.neck_1] run data modify entity @s {} merge value {transformation:[-0.63531349572059f,-0.28913946625830317f,0.7160831873512655f,-0.06822497176447942f,-0.19297936160926243f,0.9572859689418229f,0.2153196220970045f,0.5690726582560801f,-0.7477537884545725f,-0.0013938145424887763f,-0.6639746449472719f,0.5145942643286173f,0f,0f,0f,1f],start_interpolation:0}
execute if entity @s[tag=aj.dino.bone.neck_2] run data modify entity @s {} merge value {transformation:[-0.8801018484782728f,-0.19258347546553392f,0.43397274255734497f,-0.03209121731036656f,-0.13645541834995473f,0.9780769599517368f,0.15730664071967015f,0.5924298845189562f,-0.4547534003260078f,0.07922793313714951f,-0.887086399119471f,0.4376545336006291f,0f,0f,0f,1f],start_interpolation:0}
execute if entity @s[tag=aj.dino.bone.body_0] run data modify entity @s {} merge value {transformation:[-0.9829210468063555f,-0.09562375479848857f,0.1572333083775091f,0.041101315508897965f,-0.11209462340651083f,0.9887089790859231f,-0.09944521143938573f,0.5549804181991338f,-0.1459486592896654f,-0.1153717998174171f,-0.9825417734928318f,-0.026512780322902524f,0f,0f,0f,1f],start_interpolation:0}
execute if entity @s[tag=aj.dino.bone.leg_left_3] run data modify entity @s {} merge value {transformation:[-0.9306177877432954f,-0.2204946180130342f,0.29211753895146503f,0.5465929524436288f,-0.23154829064583407f,0.9728176038507381f,-0.003361359412613396f,0.05703364225081689f,-0.28343592262585016f,-0.07076745767225617f,-0.9563765182708319f,-0.05000498936414624f,0f,0f,0f,1f],start_interpolation:0}
execute if entity @s[tag=aj.dino.bone.leg_left_2] run data modify entity @s {} merge value {transformation:[-0.9042900264288904f,-0.21461916057822483f,0.43388980572793917f,0.5085717802620955f,-0.3926504116504727f,0.8629047421724326f,-0.3915140606258431f,0.2454667973313585f,-0.28310316464611446f,-0.5112692258973939f,-0.8429226395810766f,-0.1956703888190284f,0f,0f,0f,1f],start_interpolation:0}
execute if entity @s[tag=aj.dino.bone.leg_left_1] run data modify entity @s {} merge value {transformation:[-0.8563431487392031f,-0.4860902553594962f,0.17433495132063057f,0.38432478516103075f,-0.06479609817737352f,0.43606536572059545f,0.8975792235117472f,0.3176183488547544f,-0.5123259482677167f,0.7573395938834196f,-0.4049183402466256f,0.04175375376316223f,0f,0f,0f,1f],start_interpolation:0}
execute if entity @s[tag=aj.dino.bone.leg_left_0] run data modify entity @s {} merge value {transformation:[-0.8283682968305457f,0.06300596760694563f,0.5566293316489649f,0.26743082776375904f,-0.18169218110248517f,0.9097179808510197f,-0.37336462960832995f,0.6840710364349908f,-0.5298999114288306f,-0.4104186196583389f,-0.7421338427167039f,-0.12059004517501576f,0f,0f,0f,1f],start_interpolation:0}
execute if entity @s[tag=aj.dino.bone.leg_right_3] run data modify entity @s {} merge value {transformation:[-0.8112522706154567f,-0.008031269964641777f,0.5846411310573533f,-0.2722630617036333f,0.006941944813506032f,0.9997028824755441f,0.023365705045982288f,0.061725967494097644f,-0.5846550802169366f,0.023014027740590026f,-0.8109554807162254f,-0.3511762214035057f,0f,0f,0f,1f],start_interpolation:0}
execute if entity @s[tag=aj.dino.bone.leg_right_2] run data modify entity @s {} merge value {transformation:[-0.885055558616835f,0.34625841659507023f,0.3858030152800928f,-0.1782546303298355f,0.23474220379999242f,0.9482897644570508f,-0.3125777021506961f,0.27274670970377773f,-0.46220661550572756f,-0.18142169402737157f,-0.8975039905313374f,-0.4204851909091142f,0f,0f,0f,1f],start_interpolation:0}
execute if entity @s[tag=aj.dino.bone.leg_right_1] run data modify entity @s {} merge value {transformation:[-0.9903760151981424f,-0.13173378232445557f,-0.042444777237511014f,-0.23151542781761003f,-0.07835507255829921f,0.2808759241765088f,0.956540222793781f,0.2967601242968391f,-0.11408694546105007f,0.9506602578274144f,-0.28849478862343836f,-0.14919193808053072f,0f,0f,0f,1f],start_interpolation:0}
execute if entity @s[tag=aj.dino.bone.leg_right_0] run data modify entity @s {} merge value {transformation:[-0.9904580078375935f,0.02953940167595541f,0.13461188082413905f,-0.11570942321484445f,-0.02409358599690693f,0.9246013657598343f,-0.3801733993178101f,0.6935386575970343f,-0.1356924236064611f,-0.3797890706480058f,-0.9150671166598268f,-0.2080395665335388f,0f,0f,0f,1f],start_interpolation:0}
execute if entity @s[tag=aj.dino.bone.tail_4] run data modify entity @s {} merge value {transformation:[-0.7430825490247072f,0.02646785470272709f,2.659471584657821f,1.1066213742445017f,-2.0771202310179744f,1.7187954857114025f,-0.5974738118059576f,0.8535314614015168f,-1.6610422038078319f,-2.1611808953823237f,-0.4426028312196847f,-1.491799908509716f,0f,0f,0f,1f],start_interpolation:0}
execute if entity @s[tag=aj.dino.bone.tail_3] run data modify entity @s {} merge value {transformation:[-0.8811598228300742f,0.008340543909225881f,1.8866460526558282f,0.7866343043028396f,-0.4029084376096817f,2.0334047936414397f,-0.1971681063036926f,0.8670654237967967f,-1.8431407118224703f,-0.4484873538548859f,-0.858857925328308f,-1.3417805418706095f,0f,0f,0f,1f],start_interpolation:0}
execute if entity @s[tag=aj.dino.bone.tail_2] run data modify entity @s {} merge value {transformation:[-1.5671526859498923f,0.019812843965104f,1.1672248220188053f,0.568495650573854f,-0.00335706522153187f,1.9538023041175743f,-0.03767176052075667f,0.8745309523346134f,-1.1673881376971047f,-0.03221618601959763f,-1.5668251109569356f,-1.051382061154719f,0f,0f,0f,1f],start_interpolation:0}
execute if entity @s[tag=aj.dino.bone.tail_1] run data modify entity @s {} merge value {transformation:[-0.9592207397143745f,0.5044586731387718f,1.0550228763381766f,0.3362164248995518f,0.6461364772212498f,1.3659616794689051f,-0.0656703359714417f,0.8713477049015951f,-0.9747099441915643f,0.409055481955148f,-1.0817903620279299f,-0.8226619150049868f,0f,0f,0f,1f],start_interpolation:0}
execute if entity @s[tag=aj.dino.bone.tail_0] run data modify entity @s {} merge value {transformation:[-1.1160753496458364f,0.06731580757554452f,0.6194191735387308f,0.15683219609988489f,0.3207639977157057f,1.1514782247083981f,0.45281792408854826f,0.7668110037558302f,-0.5341553971143516f,0.5508195681499303f,-1.0223069654760069f,-0.5106278016899661f,0f,0f,0f,1f],start_interpolation:0}
execute if entity @s[tag=aj.dino.bone.body_1] run data modify entity @s {} merge value {transformation:[-1.205019375747826f,-0.03560122991106451f,0.27434549669602615f,0.0954487065647652f,0.029776738187551083f,1.2022729487877957f,0.28680602771256203f,0.6191510048010975f,-0.27503862454477146f,0.2861414057737335f,-1.170931870762173f,-0.25767619816033555f,0f,0f,0f,1f],start_interpolation:0}