execute if entity @s[tag=aj.dino.bone.head_lower] run data modify entity @s {} merge value {transformation:[-0.8593257834400626f,-0.14902316845633512f,-0.4892354169296797f,-0.6599742508126822f,-0.33147770416198497f,0.8907663619685663f,0.3108984078903984f,0.16239674477753283f,0.3894633866727685f,0.42933365072926666f,-0.8148563596075433f,0.10339407199056769f,0f,0f,0f,1f],start_interpolation:0}
execute if entity @s[tag=aj.dino.bone.head_upper] run data modify entity @s {} merge value {transformation:[-0.8944718499303514f,0.05156911462075632f,-0.5298421261875215f,-0.6956198699165845f,-0.3450350041465001f,0.7327778391319776f,0.6538038138265952f,0.2238154811882977f,0.4053922769112736f,0.7374613260895844f,-0.6126008789794481f,0.07784832580453185f,0f,0f,0f,1f],start_interpolation:0}
execute if entity @s[tag=aj.dino.bone.neck_0] run data modify entity @s {} merge value {transformation:[-0.9535818347535957f,-0.29397117936781436f,0.06528882085826485f,-0.6863183427758943f,-0.2784711556778644f,0.9433586637299958f,0.1803558898982543f,0.22025513227875848f,-0.11461020846068115f,0.15380304700054878f,-0.9814321794448899f,0.011927602486365534f,0f,0f,0f,1f],start_interpolation:0}
execute if entity @s[tag=aj.dino.bone.neck_1] run data modify entity @s {} merge value {transformation:[-0.9367456007914727f,-0.2295167077168349f,0.2642532124244624f,-0.6649899821429923f,-0.08127586400475309f,0.8769862637883005f,0.4735919415033558f,0.26441475171231466f,-0.34044370067325946f,0.42215775961773144f,-0.8401671932814528f,-0.05730075795014635f,0f,0f,0f,1f],start_interpolation:0}
execute if entity @s[tag=aj.dino.bone.neck_2] run data modify entity @s {} merge value {transformation:[-0.7338379013420206f,-0.32920664942291383f,0.594226317601028f,-0.6161544388757665f,0.003731794937363142f,0.8727642429571432f,0.4881276983761422f,0.31572330646400487f,-0.6793143662992005f,0.3604241365269306f,-0.6392389487103648f,-0.10977410658760567f,0f,0f,0f,1f],start_interpolation:0}
execute if entity @s[tag=aj.dino.bone.body_0] run data modify entity @s {} merge value {transformation:[-0.5100551781039466f,-0.0747296055888696f,0.8568892585030364f,-0.21301763758324582f,0.15693367678777367f,0.9714120454767867f,0.17813045498307112f,0.4089294359065433f,-0.8457041659937724f,0.22533114287895795f,-0.4837461520980201f,-0.3356152932234815f,0f,0f,0f,1f],start_interpolation:0}
execute if entity @s[tag=aj.dino.bone.leg_left_3] run data modify entity @s {} merge value {transformation:[0.0854455388841047f,0.04158157908801295f,0.995474777262263f,-0.01672603548965454f,-0.014867703051609997f,0.9990707149270087f,-0.040455629783808525f,-0.02190787422233359f,-0.996231906380625f,-0.011343670295929772f,0.08598435819056358f,0.053700707937709216f,0f,0f,0f,1f],start_interpolation:0}
execute if entity @s[tag=aj.dino.bone.leg_left_2] run data modify entity @s {} merge value {transformation:[0.29544577355026663f,0.09678796290871694f,0.9774487631727606f,0.036500991196800725f,-0.2478515922804509f,0.9950247493602892f,-0.023612197382561574f,0.20891671590368896f,-0.950443887136965f,-0.22939057935575483f,0.30999770806814286f,0.008335916642160546f,0f,0f,0f,1f],start_interpolation:0}
execute if entity @s[tag=aj.dino.bone.leg_left_1] run data modify entity @s {} merge value {transformation:[0.3647495843764796f,-0.9311020115007158f,-0.002604779550411218f,-0.22357639659200174f,0.1478216013254086f,0.055145098083234645f,0.9874754641706205f,0.1685819606030733f,-0.9192967501730753f,-0.36056630782244653f,0.1577511419436048f,-0.07967684115781955f,0f,0f,0f,1f],start_interpolation:0}
execute if entity @s[tag=aj.dino.bone.leg_left_0] run data modify entity @s {} merge value {transformation:[0.34733067660615f,0.32167182868242183f,0.8808454096607536f,-0.1285978124429935f,0.09379554481660533f,0.9226975688806799f,-0.3739406265093953f,0.5722102535391635f,-0.9330400832016117f,0.21250042591437215f,0.2903097864787548f,-0.1283651175598504f,0f,0f,0f,1f],start_interpolation:0}
execute if entity @s[tag=aj.dino.bone.leg_right_3] run data modify entity @s {} merge value {transformation:[0.5814058244596585f,-0.17345885377271075f,0.7949083553040824f,-0.11525359893164246f,0.1666118788260788f,0.981687900201379f,0.09235447164187599f,0.04427120869475082f,-0.7963716149627815f,0.07874574684428048f,0.5996593685047433f,-0.7306833312489301f,0f,0f,0f,1f],start_interpolation:0}
execute if entity @s[tag=aj.dino.bone.leg_right_2] run data modify entity @s {} merge value {transformation:[0.610571472620697f,0.12282140899138486f,0.8149721331529429f,-0.062385044865916284f,0.2519938217238546f,0.9378558832413406f,-0.33013278477501173f,0.2522905338722905f,-0.7847061807679955f,0.3967410279561078f,0.5281050710810598f,-0.6206653853960106f,0f,0f,0f,1f],start_interpolation:0}
execute if entity @s[tag=aj.dino.bone.leg_right_1] run data modify entity @s {} merge value {transformation:[0.4357972266578774f,-0.8015374917457023f,0.40941229410376817f,-0.29317225196760927f,-0.0925348006703458f,0.41256828475372875f,0.9062145005903761f,0.3144673368844434f,-0.8952754257222758f,-0.43281065114132056f,0.10562600227417493f,-0.7616784906917732f,0f,0f,0f,1f],start_interpolation:0}
execute if entity @s[tag=aj.dino.bone.leg_right_0] run data modify entity @s {} merge value {transformation:[0.48422899551831367f,0.8200829249713509f,0.30493651153930074f,-0.05230880991830571f,-0.06946891765560417f,0.3834583424577089f,-0.9209417837623314f,0.548073503432351f,-0.872179081025843f,0.42476310547176693f,0.2426519211770157f,-0.5132429058827406f,0f,0f,0f,1f],start_interpolation:0}
execute if entity @s[tag=aj.dino.bone.tail_4] run data modify entity @s {} merge value {transformation:[0.9488110973487929f,-0.9554732947420964f,-2.4109105367438386f,-0.18152764287270168f,-2.5302548356773045f,-0.903872093506417f,-0.637563358978501f,0.23111816024319612f,-0.5685325845361896f,2.4281160090108993f,-1.186037385037078f,0.5076902433586218f,0f,0f,0f,1f],start_interpolation:0}
execute if entity @s[tag=aj.dino.bone.tail_3] run data modify entity @s {} merge value {transformation:[0.8323112207564224f,0.15469066431339223f,-1.9024390545354355f,0.1395419482087617f,-1.8452814754942566f,-0.4654097661564152f,-0.8451482425044837f,0.3789784703942947f,-0.48799573158495907f,2.0237119543020343f,-0.048945050968901414f,0.49618590506524085f,0f,0f,0f,1f],start_interpolation:0}
execute if entity @s[tag=aj.dino.bone.tail_2] run data modify entity @s {} merge value {transformation:[1.0800314405556872f,0.7671016889046982f,-1.4366144093992461f,0.4075865870664483f,-1.5866518502228641f,0.10693944212855105f,-1.1357260835713752f,0.5889596735259993f,-0.3672082087839893f,1.7941273169983147f,0.6819378100713146f,0.369570543121459f,0f,0f,0f,1f],start_interpolation:0}
execute if entity @s[tag=aj.dino.bone.tail_1] run data modify entity @s {} merge value {transformation:[1.373874818834691f,0.5981439457939768f,-0.20578642394958377f,0.44324527631896493f,-0.63246067008501f,1.290506876841427f,-0.4714252343909975f,0.6752342460153655f,-0.010850482365579284f,0.514268481374271f,1.422345403232786f,0.05722164681894648f,0f,0f,0f,1f],start_interpolation:0}
execute if entity @s[tag=aj.dino.bone.tail_0] run data modify entity @s {} merge value {transformation:[1.0881464105256746f,-0.07513330416317124f,0.6664293604348793f,0.24668602747276763f,0.04264564697855743f,1.2753504047179116f,0.07415126811907742f,0.6843419991383509f,-0.669293997162606f,-0.04089068812592241f,1.088213772000115f,-0.2617664749455648f,0f,0f,0f,1f],start_interpolation:0}
execute if entity @s[tag=aj.dino.bone.body_1] run data modify entity @s {} merge value {transformation:[0.2399375319192383f,-0.42136525546478687f,1.1373152145820655f,0.010658111502647019f,-0.07591280600773226f,1.1518660197136086f,0.44277140102925694f,0.5038175f,-1.2104841269991058f,-0.15575811109689797f,0.19766685146222546f,-0.29722983492005806f,0f,0f,0f,1f],start_interpolation:0}