execute if entity @s[tag=aj.dino.bone.head_lower] run data modify entity @s {} merge value {transformation:[-0.9764038398916565f,0.205230847137754f,0.06720000616032483f,-0.5165788903551793f,0.2147477564139916f,0.9555748525765727f,0.20189131293450535f,0.8083322099324128f,-0.02278031079649534f,0.21155850374395563f,-0.9770998193294449f,0.5502651543482071f,0f,0f,0f,1f],start_interpolation:0}
execute if entity @s[tag=aj.dino.bone.head_upper] run data modify entity @s {} merge value {transformation:[-1.016338350108292f,0.21844482489231323f,0.053010934347810644f,-0.5083348358897319f,0.22353085017309204f,1.0080559082226421f,0.1316403718538733f,0.840112169684128f,-0.023712016016275837f,0.13991814377948952f,-1.0311801956599307f,0.4823127723741588f,0f,0f,0f,1f],start_interpolation:0}
execute if entity @s[tag=aj.dino.bone.neck_0] run data modify entity @s {} merge value {transformation:[-0.9204775046283401f,0.39016843466227336f,0.02213043303631701f,-0.5129395765617424f,0.3119118061819093f,0.7676133219330776f,-0.5598935730611705f,0.7913478114572182f,-0.23544041419756906f,-0.508466695648846f,-0.8282689362631084f,0.4370847944804034f,0f,0f,0f,1f],start_interpolation:0}
execute if entity @s[tag=aj.dino.bone.neck_1] run data modify entity @s {} merge value {transformation:[-0.8728669096339473f,0.36550830368898335f,0.3232754831416758f,-0.4838700490823691f,0.2433920524857205f,0.9003333224269745f,-0.36077724057151084f,0.7649329670542846f,-0.42292276700701575f,-0.2362278316837523f,-0.8748329810227334f,0.3618866867128139f,0f,0f,0f,1f],start_interpolation:0}
execute if entity @s[tag=aj.dino.bone.neck_2] run data modify entity @s {} merge value {transformation:[-0.7816008844858077f,0.21737956845201614f,0.5846761330776364f,-0.4305197529163945f,0.13936095404140847f,0.9744745219342013f,-0.17600548454459697f,0.7590542811833559f,-0.6080119915426598f,-0.0560850186834691f,-0.7919443723012389f,0.29195731273038517f,0f,0f,0f,1f],start_interpolation:0}
execute if entity @s[tag=aj.dino.bone.body_0] run data modify entity @s {} merge value {transformation:[-0.7133569087778919f,0.3791482844765607f,0.5893797579467173f,-0.14913542182520417f,0.12693991268538304f,0.8970046641965973f,-0.42340157176961096f,0.5680517988465352f,-0.6892083714423944f,-0.22722062139698188f,-0.6880135245369031f,-0.03446544177772323f,0f,0f,0f,1f],start_interpolation:0}
execute if entity @s[tag=aj.dino.bone.leg_left_3] run data modify entity @s {} merge value {transformation:[-0.8269947860052421f,0.13726274216118697f,0.5451958946420402f,0.26209185907359184f,0.04047615725118227f,0.9817577893266697f,-0.1857776191864549f,0.01279317628875623f,-0.5607506617154557f,-0.1315696876594355f,-0.8174644412296335f,0.10663258537891551f,0f,0f,0f,1f],start_interpolation:0}
execute if entity @s[tag=aj.dino.bone.leg_left_2] run data modify entity @s {} merge value {transformation:[-0.7995732238062175f,0.019914750329649615f,0.6421434901890183f,0.28533862801630117f,-0.3063577427133826f,0.8893192713527113f,-0.40904567786609997f,0.20697558684266962f,-0.5647032785033107f,-0.5106631334066365f,-0.6873103890729588f,-0.03451928754954159f,0f,0f,0f,1f],start_interpolation:0}
execute if entity @s[tag=aj.dino.bone.leg_left_1] run data modify entity @s {} merge value {transformation:[-0.6591273400862923f,-0.6620284012896783f,0.3567485745403919f,0.0996925261193741f,0.02171383322643038f,0.45742844895821305f,0.888981284128242f,0.28366392359538956f,-0.7517178054279308f,0.5936982482452811f,-0.2871284225448608f,0.15696911814736417f,0f,0f,0f,1f],start_interpolation:0}
execute if entity @s[tag=aj.dino.bone.leg_left_0] run data modify entity @s {} merge value {transformation:[-0.6811702134750096f,0.36714963970599834f,0.6334100428144198f,0.11308037843018794f,-0.028479084883478993f,0.8512237805278158f,-0.524029595717773f,0.6572299054856225f,-0.7315709685318367f,-0.37499228995765826f,-0.569372198543011f,-0.028978458199688722f,0f,0f,0f,1f],start_interpolation:0}
execute if entity @s[tag=aj.dino.bone.leg_right_3] run data modify entity @s {} merge value {transformation:[-0.562977237938644f,0.004492909095443476f,0.8264601885940032f,-0.28821556973926526f,0.050123355150309516f,0.9983301166417523f,0.028716327664614072f,0.09341265332278656f,-0.8249510766290635f,0.057591596382854174f,-0.5622623312961871f,-0.258465024894973f,0f,0f,0f,1f],start_interpolation:0}
execute if entity @s[tag=aj.dino.bone.leg_right_2] run data modify entity @s {} merge value {transformation:[-0.5818173081944603f,0.25020552341301167f,0.8068134948299187f,-0.20405625596086255f,0.045315382091861374f,0.9875078624164922f,-0.27356340638355386f,0.3150746663719691f,-0.8435030145363529f,-0.11953082121329969f,-0.5712068335978251f,-0.3026717431779219f,0f,0f,0f,1f],start_interpolation:0}
execute if entity @s[tag=aj.dino.bone.leg_right_1] run data modify entity @s {} merge value {transformation:[-0.6813255841199247f,-0.729724135462916f,0.05742938748187065f,-0.4189143638749774f,-0.30264214659502064f,0.3522676503834096f,0.8856157369862564f,0.3577777334855482f,-0.666485693415846f,0.5860121062028081f,-0.4608542414427228f,-0.13230206517615611f,0f,0f,0f,1f],start_interpolation:0}
execute if entity @s[tag=aj.dino.bone.leg_right_0] run data modify entity @s {} merge value {transformation:[-0.6581612458151439f,0.5360960385336774f,0.5286064812084273f,-0.17492939717834238f,-0.244980312776609f,0.5114097556569808f,-0.8236775510906814f,0.6541115639978091f,-0.7119047835623331f,-0.671610824277993f,-0.2052571067069353f,-0.2965119171474237f,0f,0f,0f,1f],start_interpolation:0}
execute if entity @s[tag=aj.dino.bone.tail_4] run data modify entity @s {} merge value {transformation:[-2.001310402961081f,-0.7372272629731206f,-1.7541134414081991f,0.4857621578196725f,-1.4575782203012304f,2.2303928112402818f,0.7255859500232694f,0.7493993853037481f,1.2230632585043384f,1.4517249057231307f,-2.0055603694229487f,-1.6983080797374106f,0f,0f,0f,1f],start_interpolation:0}
execute if entity @s[tag=aj.dino.bone.tail_3] run data modify entity @s {} merge value {transformation:[-1.840262608445714f,-0.7657669287927397f,-0.6024782724450367f,0.5954138393416661f,-0.8583079081783593f,1.883446443038611f,0.2277774286625821f,0.6923457486477645f,0.46117956671941734f,0.44963989259960413f,-1.9801724420534568f,-1.3669440884551773f,0f,0f,0f,1f],start_interpolation:0}
execute if entity @s[tag=aj.dino.bone.tail_2] run data modify entity @s {} merge value {transformation:[-1.807832801455246f,-0.735750291086567f,0.09584334171598101f,0.5760849046213957f,-0.7294654363938896f,1.8086245226289863f,0.12462499048955028f,0.6690692029749111f,-0.13562674548895798f,0.07951553504743797f,-1.9478338072322723f,-1.0049274055892359f,0f,0f,0f,1f],start_interpolation:0}
execute if entity @s[tag=aj.dino.bone.tail_1] run data modify entity @s {} merge value {transformation:[-1.397232617600054f,-0.3371009629184125f,0.470914220547629f,0.4802050061698346f,-0.342045309717243f,1.4727890558879795f,0.03941640466900176f,0.6429106882057264f,-0.4673352847955497f,-0.07008272009614248f,-1.436781957684947f,-0.6944447906543304f,0f,0f,0f,1f],start_interpolation:0}
execute if entity @s[tag=aj.dino.bone.tail_0] run data modify entity @s {} merge value {transformation:[-0.8981683397610813f,-0.2055888589037982f,0.885924698340375f,0.2163559931192922f,-0.1380202178040785f,1.2615195236210828f,0.15282220906720065f,0.6286952001024646f,-0.8989325722834641f,0.011723020152614325f,-0.9086355253182454f,-0.42863747414287323f,0f,0f,0f,1f],start_interpolation:0}
execute if entity @s[tag=aj.dino.bone.body_1] run data modify entity @s {} merge value {transformation:[-0.9058232830578903f,0.039886334960821446f,0.8405342677189719f,0.018256922171496784f,-0.009807536283164626f,1.2343934867125357f,-0.06914569581668731f,0.561625444606414f,-0.8414229537863404f,-0.05732709046613643f,-0.9040606244032574f,-0.2145946564769877f,0f,0f,0f,1f],start_interpolation:0}