execute if entity @s[tag=aj.dino.bone.head_lower] run data modify entity @s {} merge value {transformation:[-0.8449949846310901f,-0.24366805642209266f,-0.4760350346642389f,-0.6422551629865777f,-0.40643907543391367f,0.8711374461561555f,0.2755482314676627f,0.15747815868470583f,0.34754964236599184f,0.42631611297722616f,-0.8351429924912619f,0.12157110881759535f,0f,0f,0f,1f],start_interpolation:0}
execute if entity @s[tag=aj.dino.bone.head_upper] run data modify entity @s {} merge value {transformation:[-0.8795549274212582f,-0.04470581381903834f,-0.5548481435881978f,-0.6817818284812711f,-0.423062264269546f,0.7279825951224821f,0.6119898727375872f,0.2158824543268426f,0.36176427792640997f,0.7426403395944909f,-0.6333118314123536f,0.09470035413497875f,0f,0f,0f,1f],start_interpolation:0}
execute if entity @s[tag=aj.dino.bone.neck_0] run data modify entity @s {} merge value {transformation:[-0.9380888542918693f,-0.3405612319207822f,0.06330362364009823f,-0.6718574301749808f,-0.324371127107011f,0.927775391160521f,0.18443480001417734f,0.21285363255406212f,-0.12154288688646181f,0.15248236248675298f,-0.9808039843810602f,0.028843928395164115f,0f,0f,0f,1f],start_interpolation:0}
execute if entity @s[tag=aj.dino.bone.neck_1] run data modify entity @s {} merge value {transformation:[-0.950392189719191f,-0.22582121634911956f,0.21391461840502007f,-0.6547763844827774f,-0.1010264932435658f,0.874520210920117f,0.47435013266061377f,0.2570661199325899f,-0.29419098113924047f,0.4292076175219148f,-0.8539511037978069f,-0.04151963236177615f,0f,0f,0f,1f],start_interpolation:0}
execute if entity @s[tag=aj.dino.bone.neck_2] run data modify entity @s {} merge value {transformation:[-0.7603343748152445f,-0.32781993454320485f,0.5607367733530593f,-0.6088611996578863f,-0.00917142950660748f,0.8686261135387561f,0.4953832453357313f,0.3089698001412054f,-0.64946710721569f,0.3715141523477201f,-0.6634528704062094f,-0.09600572395805876f,0f,0f,0f,1f],start_interpolation:0}
execute if entity @s[tag=aj.dino.bone.body_0] run data modify entity @s {} merge value {transformation:[-0.5608215417025293f,-0.08372221014774639f,0.8236927763980784f,-0.2214554416938034f,0.13761878714907966f,0.9716077931124745f,0.19245613990393562f,0.4089294359065433f,-0.8164191740680852f,0.2212891499624045f,-0.5333768314455569f,-0.34527616869040245f,0f,0f,0f,1f],start_interpolation:0}
execute if entity @s[tag=aj.dino.bone.leg_left_3] run data modify entity @s {} merge value {transformation:[0.14434463355727703f,0.04654676499307471f,0.9884321046141182f,-0.03274736479030239f,-0.020562726950372038f,0.9988184357879467f,-0.04403301704953626f,-0.013615355059395234f,-0.9893138031098019f,-0.013968929765725016f,0.1451312095230397f,0.05933555559483788f,0f,0f,0f,1f],start_interpolation:0}
execute if entity @s[tag=aj.dino.bone.leg_left_2] run data modify entity @s {} merge value {transformation:[0.35477449681065243f,0.09510341472926447f,0.9576808426716473f,0.019568120167712644f,-0.24991989080522928f,0.9947681983592004f,-0.0062031615961612215f,0.2176842418705287f,-0.9293746844482826f,-0.23120071699871356f,0.3672480413380447f,0.015350801876326717f,0f,0f,0f,1f],start_interpolation:0}
execute if entity @s[tag=aj.dino.bone.leg_left_1] run data modify entity @s {} merge value {transformation:[0.4080677077397157f,-0.9117670007814636f,-0.0464938940725432f,-0.23379154287828546f,0.1484193290756603f,0.016004313711974416f,0.9887950064089828f,0.1666342709119878f,-0.9008065545147775f,-0.41039590425415273f,0.14185469013970448f,-0.08572425571018213f,0f,0f,0f,1f],start_interpolation:0}
execute if entity @s[tag=aj.dino.bone.leg_left_0] run data modify entity @s {} merge value {transformation:[0.392855365704983f,0.285103411638463f,0.8742886859092442f,-0.1473437377634956f,0.09379554481660532f,0.9333458552257242f,-0.34650816773276444f,0.5722102535391635f,-0.9148043820453421f,0.21813197657627026f,0.33992849746022946f,-0.13412030793853247f,0f,0f,0f,1f],start_interpolation:0}
execute if entity @s[tag=aj.dino.bone.leg_right_3] run data modify entity @s {} merge value {transformation:[0.6278602714045192f,-0.19212334875571246f,0.7542414059535145f,-0.07253740839068323f,0.18195712254268828f,0.9784345220277824f,0.0977624245825075f,0.03677926993309155f,-0.7567582739209582f,0.07585845349831599f,0.6492783762647696f,-0.723769787462943f,0f,0f,0f,1f],start_interpolation:0}
execute if entity @s[tag=aj.dino.bone.leg_right_2] run data modify entity @s {} merge value {transformation:[0.6510017350355624f,0.037676990084922424f,0.7917318895304915f,-0.04029684500321279f,0.2692191669555892f,0.9531223433804481f,-0.2667227740433811f,0.250290115130066f,-0.7455065262122927f,0.3770947393796398f,0.5950477093542801f,-0.6163233490773559f,0f,0f,0f,1f],start_interpolation:0}
execute if entity @s[tag=aj.dino.bone.leg_right_1] run data modify entity @s {} merge value {transformation:[0.5053727886987498f,-0.785444115245737f,0.3573176265854936f,-0.2625634380149444f,-0.08717953235462765f,0.36549493831523233f,0.9267217377424432f,0.2986975875160995f,-0.858485919267915f,-0.49949073253843895f,0.11623654557382895f,-0.7752814061487681f,0f,0f,0f,1f],start_interpolation:0}
execute if entity @s[tag=aj.dino.bone.leg_right_0] run data modify entity @s {} merge value {transformation:[0.5508044561967651f,0.76709949584221f,0.3288963583143071f,-0.05219459677976601f,-0.06138748861707749f,0.43022685179553705f,-0.9006311299502088f,0.548073503432351f,-0.832373730529186f,0.4758815183138851f,0.2840611787136666f,-0.5147744354881882f,0f,0f,0f,1f],start_interpolation:0}
execute if entity @s[tag=aj.dino.bone.tail_4] run data modify entity @s {} merge value {transformation:[0.9636984625344005f,-1.0356611234232929f,-2.371571766221387f,-0.1786050933812876f,-2.5299033599712133f,-0.9095595440422297f,-0.630834175237882f,0.22577451165312593f,-0.5445508186709497f,2.3928578739388793f,-1.266237312913146f,0.548114974642908f,0f,0f,0f,1f],start_interpolation:0}
execute if entity @s[tag=aj.dino.bone.tail_3] run data modify entity @s {} merge value {transformation:[0.8068935174025792f,0.23364877031281087f,-1.9053284834246942f,0.14218177100910728f,-1.8429043696440923f,-0.484095783405194f,-0.8398215780036057f,0.3729144736956117f,-0.5371888513035703f,2.0117169409897278f,0.01919930765752286f,0.5251732519639156f,0f,0f,0f,1f],start_interpolation:0}
execute if entity @s[tag=aj.dino.bone.tail_2] run data modify entity @s {} merge value {transformation:[1.060575320980587f,0.868227748756856f,-1.392887087964527f,0.4021072728261969f,-1.5838825122428577f,0.1064862725217272f,-1.1396274549950343f,0.5836228731939552f,-0.4304300767150867f,1.7474596204364223f,0.7615042343979553f,0.38370881171435633f,0f,0f,0f,1f],start_interpolation:0}
execute if entity @s[tag=aj.dino.bone.tail_1] run data modify entity @s {} merge value {transformation:[1.3705800557100247f,0.6193765706824079f,-0.1598099639559565f,0.42761594166796696f,-0.6360232440734929f,1.279324468049257f,-0.49644696438664654f,0.6754219397888155f,-0.06812484046318545f,0.517066551944898f,1.419738510068555f,0.07194140452582184f,0f,0f,0f,1f],start_interpolation:0}
execute if entity @s[tag=aj.dino.bone.tail_0] run data modify entity @s {} merge value {transformation:[1.0942956919978257f,-0.0783488400198178f,0.6559070927551977f,0.23405394738983173f,0.046477812662306786f,1.275179814531587f,0.07477947663191077f,0.6843419991383509f,-0.6589328250961204f,-0.0401698451921834f,1.0945453997583239f,-0.24887957080629877f,0f,0f,0f,1f],start_interpolation:0}
execute if entity @s[tag=aj.dino.bone.body_1] run data modify entity @s {} merge value {transformation:[0.2992547981536891f,-0.4131839991124879f,1.126201644340682f,0.00005871515094415039f,-0.07591280600773226f,1.1518660197136086f,0.44277140102925694f,0.5038175f,-1.1972002366865273f,-0.1763186052655539f,0.2534323139837984f,-0.29592272447766577f,0f,0f,0f,1f],start_interpolation:0}