execute if entity @s[tag=aj.dino.bone.head_lower] run data modify entity @s {} merge value {transformation:[-0.9998156283294357f,-0.00573369602236687f,0.018325776331133532f,-0.24598145757591547f,-0.0041811730690816205f,0.9964855462086308f,0.08366046849649184f,0.5830288068265208f,-0.018741054932474493f,0.08356842063368913f,-0.9963257960791784f,0.7778798667512552f,0f,0f,0f,1f],start_interpolation:0}
execute if entity @s[tag=aj.dino.bone.head_upper] run data modify entity @s {} merge value {transformation:[-1.0407076709382646f,-0.013378293781462016f,0.014849494579169776f,-0.2455812440164251f,-0.004352181305451614f,0.906464248122277f,0.511640076594383f,0.6386529898207807f,-0.019507556270439815f,0.5114836563519098f,-0.9063530587562134f,0.7268774492877197f,0f,0f,0f,1f],start_interpolation:0}
execute if entity @s[tag=aj.dino.bone.neck_0] run data modify entity @s {} merge value {transformation:[-0.9939362099489507f,0.08506690045300844f,0.06967376119912941f,-0.24213563763593804f,0.06841476705104911f,0.9744794982987488f,-0.21379692945589518f,0.6089887435648683f,-0.08608269397309798f,-0.20773379562010685f,-0.9743902913902609f,0.6672712705389001f,0f,0f,0f,1f],start_interpolation:0}
execute if entity @s[tag=aj.dino.bone.neck_1] run data modify entity @s {} merge value {transformation:[-0.9833435705083687f,0.07148469498846094f,0.16710882897758422f,-0.22765000546393135f,0.06487632510000214f,0.9968924412781877f,-0.04468246819428809f,0.6097961109168305f,-0.1697836410888034f,-0.033096811097467496f,-0.9849254369310434f,0.5836826860128564f,0f,0f,0f,1f],start_interpolation:0}
execute if entity @s[tag=aj.dino.bone.neck_2] run data modify entity @s {} merge value {transformation:[-0.9643397352337267f,0.01598796057947313f,0.26418414064030193f,-0.2043489612362377f,0.04471621656006983f,0.9936663266943844f,0.10309069390707126f,0.6285562432630866f,-0.2608626746506647f,0.11122776771201398f,-0.9589468435027583f,0.500760739783944f,0f,0f,0f,1f],start_interpolation:0}
execute if entity @s[tag=aj.dino.bone.body_0] run data modify entity @s {} merge value {transformation:[-0.9520424809601031f,0.08885612652205174f,0.2927792739024206f,-0.06551672169302333f,0.05280074644212019f,0.990258585175878f,-0.12884104804224134f,0.5772673913217401f,-0.301375506009507f,-0.10720318682280554f,-0.9474599100292044f,0.05320519280337188f,0f,0f,0f,1f],start_interpolation:0}
execute if entity @s[tag=aj.dino.bone.leg_left_3] run data modify entity @s {} merge value {transformation:[-0.987240894988064f,0.03635171839866102f,0.15502892579332003f,0.25217911015210065f,0.024939797443208296f,0.9968767394658922f,-0.07493178774954823f,0.017066065833655664f,-0.15726862931512467f,-0.0701093351937962f,-0.9850640889566653f,-0.053747678502997595f,0f,0f,0f,1f],start_interpolation:0}
execute if entity @s[tag=aj.dino.bone.leg_left_2] run data modify entity @s {} merge value {transformation:[-1.0031881578426542f,-0.04458594588861709f,0.20901629815441017f,0.2466894064018957f,-0.11899776786837024f,0.9497799464779054f,-0.36853735768774726f,0.2268843267064841f,-0.1775253522945427f,-0.38469773354978115f,-0.9341063122552237f,-0.17256363964901664f,0f,0f,0f,1f],start_interpolation:0}
execute if entity @s[tag=aj.dino.bone.leg_left_1] run data modify entity @s {} merge value {transformation:[-0.9005801680622075f,-0.2580090976657132f,0.34983805741338425f,0.1759779155874968f,0.21531552631698078f,0.434359377400289f,0.8746262947060731f,0.29421115371418727f,-0.37761698190082443f,0.8629966609356939f,-0.3356220764400857f,0.0872061990383213f,0f,0f,0f,1f],start_interpolation:0}
execute if entity @s[tag=aj.dino.bone.leg_left_0] run data modify entity @s {} merge value {transformation:[-0.9198133222820292f,0.30626249937742644f,0.24524831014216558f,0.16930991219512415f,0.16449292048212602f,0.8684894021165691f,-0.4676197574124358f,0.6924020069047117f,-0.3562099539088668f,-0.389781271851658f,-0.8492261352843227f,-0.03812081612846008f,0f,0f,0f,1f],start_interpolation:0}
execute if entity @s[tag=aj.dino.bone.leg_right_3] run data modify entity @s {} merge value {transformation:[-0.8780114955864946f,0.009399373911853415f,0.47854724467708787f,-0.21971151977341657f,0.022192942110752553f,0.9995313152558137f,0.02108608886096297f,0.046222784453592236f,-0.4781247608505922f,0.02913419971526257f,-0.8778085847543964f,-0.14990193939721316f,0f,0f,0f,1f],start_interpolation:0}
execute if entity @s[tag=aj.dino.bone.leg_right_2] run data modify entity @s {} merge value {transformation:[-0.9025419096840802f,0.16191433962387639f,0.4596346890615116f,-0.1663645677191216f,0.020252176576509434f,0.9790568348311492f,-0.3051225377041501f,0.26497843924042264f,-0.48689850082786457f,-0.2594102162507688f,-0.8646955470551485f,-0.23633768588740955f,0f,0f,0f,1f],start_interpolation:0}
execute if entity @s[tag=aj.dino.bone.leg_right_1] run data modify entity @s {} merge value {transformation:[-0.9081178644806107f,-0.38485165363742313f,-0.1649580216410118f,-0.2802537153677719f,-0.3195770942838111f,0.3825037686843575f,0.8669263796605683f,0.3165496581775723f,-0.2705409858418712f,0.8399881377941031f,-0.4703482787731915f,0.011418357600869844f,0f,0f,0f,1f],start_interpolation:0}
execute if entity @s[tag=aj.dino.bone.leg_right_0] run data modify entity @s {} merge value {transformation:[-0.9143355027240175f,0.00391705704735712f,0.4049385695664294f,-0.2053653498564682f,-0.2652580092307261f,0.7497771758770837f,-0.6061949975649227f,0.6911276475152093f,-0.30598819748050765f,-0.6616788066712371f,-0.6845088602821423f,-0.15707597814746205f,0f,0f,0f,1f],start_interpolation:0}
execute if entity @s[tag=aj.dino.bone.tail_4] run data modify entity @s {} merge value {transformation:[-2.64841587500095f,-0.38131661646570114f,-0.6827534860036276f,0.23746877739933303f,-0.5813479181675525f,2.572567199381751f,0.8182871954927475f,0.7458809646137816f,0.5230576284552287f,0.9285240838407385f,-2.5475311724574654f,-1.8314272785157222f,0f,0f,0f,1f],start_interpolation:0}
execute if entity @s[tag=aj.dino.bone.tail_3] run data modify entity @s {} merge value {transformation:[-2.0499907263806993f,-0.30459516177425394f,-0.20175563244007416f,0.2746597797424324f,-0.3212999491525658f,2.050392108980621f,0.16912737255986945f,0.6971385157069082f,0.17392495643850708f,0.19763479677972295f,-2.065583724440659f,-1.4831146223373368f,0f,0f,0f,1f],start_interpolation:0}
execute if entity @s[tag=aj.dino.bone.tail_2] run data modify entity @s {} merge value {transformation:[-1.9321076939773298f,-0.27849566787313457f,0.09040960597348184f,0.2563578752394706f,-0.28297301208682535f,1.931036655858234f,-0.09898274175397805f,0.7157894439794121f,-0.07523302670299073f,-0.1109570714759636f,-1.949564668069608f,-1.1207768418958282f,0f,0f,0f,1f],start_interpolation:0}
execute if entity @s[tag=aj.dino.bone.tail_1] run data modify entity @s {} merge value {transformation:[-1.4925591802481342f,-0.11810472036716053f,0.21441692676655424f,0.21308740215288574f,-0.12806168902863266f,1.5057920723139226f,-0.062021679755363344f,0.7108514115109029f,-0.20862297874431987f,-0.07935842730005353f,-1.4959394849913914f,-0.7976979676359484f,0f,0f,0f,1f],start_interpolation:0}
execute if entity @s[tag=aj.dino.bone.tail_0] run data modify entity @s {} merge value {transformation:[-1.208702655675389f,-0.07018824091877628f,0.40981363762571155f,0.09163656500077935f,-0.05297564402527954f,1.2756008119918893f,0.06222432136846995f,0.7234505384560318f,-0.412392031794259f,0.041855655130311614f,-1.2091387980005617f,-0.4433494563422584f,0f,0f,0f,1f],start_interpolation:0}
execute if entity @s[tag=aj.dino.bone.body_1] run data modify entity @s {} merge value {transformation:[-1.1783960292148385f,-0.04313438659922787f,0.3716541646203634f,0.008137584812518382f,-0.004008004254562789f,1.229508560863861f,0.12998934464264056f,0.6104137099125364f,-0.3741274238663176f,0.1226895207890068f,-1.1719985269854083f,-0.1791402257930968f,0f,0f,0f,1f],start_interpolation:0}