execute if entity @s[tag=aj.dino.bone.head_lower] run data modify entity @s {} merge value {transformation:[-0.8640550948831481f,-0.030025277268481892f,-0.5025010206272469f,-0.6801978085128878f,-0.23983083256964655f,0.902203418453392f,0.3584831425324815f,0.16797041533275764f,0.44259458283560615f,0.43026442387904196f,-0.7867544475810804f,0.07626690207422712f,0f,0f,0f,1f],start_interpolation:0}
execute if entity @s[tag=aj.dino.bone.head_upper] run data modify entity @s {} merge value {transformation:[-0.8993945882409128f,0.17128947386515062f,-0.4951981758543403f,-0.7107684040890689f,-0.24963981369223154f,0.724821798962466f,0.7041202068908613f,0.2327087939380428f,0.46069651685917296f,0.7271624429763415f,-0.5852054711483916f,0.05239563244998653f,0f,0f,0f,1f],start_interpolation:0}
execute if entity @s[tag=aj.dino.bone.neck_0] run data modify entity @s {} merge value {transformation:[-0.9680570180693554f,-0.24105119273734366f,0.06899226222245436f,-0.7020817188001962f,-0.22610447903127295f,0.9582016292342431f,0.1752894814152824f,0.22856299141339304f,-0.10836223663557598f,0.15409075317080495f,-0.9820965662594433f,-0.013574740251822384f,0f,0f,0f,1f],start_interpolation:0}
execute if entity @s[tag=aj.dino.bone.neck_1] run data modify entity @s {} merge value {transformation:[-0.911784553377706f,-0.24400510746973264f,0.3303186881641751f,-0.6752234915093831f,-0.0660819704053968f,0.8810361143697929f,0.46841065141979565f,0.27230234472783693f,-0.4053172848635466f,0.40526148682654417f,-0.8194394583408715f,-0.08112502850406084f,0f,0f,0f,1f],start_interpolation:0}
execute if entity @s[tag=aj.dino.bone.neck_2] run data modify entity @s {} merge value {transformation:[-0.6928443998010398f,-0.33995742668223844f,0.635921053046624f,-0.6228404335352118f,0.009162266920897923f,0.8776705522295418f,0.4791768510831478f,0.32287477395952624f,-0.7210289110217472f,0.33782147621588743f,-0.6049743462975199f,-0.13081783515674467f,0f,0f,0f,1f],start_interpolation:0}
execute if entity @s[tag=aj.dino.bone.body_0] run data modify entity @s {} merge value {transformation:[-0.43591064311032446f,-0.07360053416660406f,0.8969754024462062f,-0.20080042710867857f,0.17124796348104374f,0.9716588739666518f,0.16295142725810421f,0.4089294359065433f,-0.8835474216060721f,0.22463747241332785f,-0.4109525030475091f,-0.3223582560495718f,0f,0f,0f,1f],start_interpolation:0}
execute if entity @s[tag=aj.dino.bone.leg_left_3] run data modify entity @s {} merge value {transformation:[0.005365887632414523f,0.035657571169991284f,0.9993496609636553f,0.0035582307243277878f,-0.006324835409967212f,0.9993452686542534f,-0.03562345400707982f,-0.032635997760698504f,-0.99996560126184f,-0.0061295706713212945f,0.005587902686353063f,0.04640094190684923f,0f,0f,0f,1f],start_interpolation:0}
execute if entity @s[tag=aj.dino.bone.leg_left_2] run data modify entity @s {} merge value {transformation:[0.21320746324058992f,0.09990405298319592f,0.9983105515403196f,0.05802875345722944f,-0.2441488321127393f,0.9950894750948657f,-0.04743926468764304f,0.197473061117476f,-0.9731372590221753f,-0.2277681194848166f,0.230624713224434f,-0.0010738434156866705f,0f,0f,0f,1f],start_interpolation:0}
execute if entity @s[tag=aj.dino.bone.leg_left_1] run data modify entity @s {} merge value {transformation:[0.30461812042207703f,-0.9506444644518465f,0.05901612421688124f,-0.20942829406735167f,0.14693478951975034f,0.10812116336179772f,0.9832191930907765f,0.1717736453194314f,-0.941072775261992f,-0.2908348607721447f,0.172618409853467f,-0.07049756714784304f,0f,0f,0f,1f],start_interpolation:0}
execute if entity @s[tag=aj.dino.bone.leg_left_0] run data modify entity @s {} merge value {transformation:[0.2842205532714114f,0.37090420739975993f,0.8841090125268762f,-0.10272332468700231f,0.09379554481660532f,0.9069588917322575f,-0.4106433543603879f,0.5722102535391635f,-0.954159878044895f,0.19963876788076698f,0.2229871957947367f,-0.12121098619515705f,0f,0f,0f,1f],start_interpolation:0}
execute if entity @s[tag=aj.dino.bone.leg_right_3] run data modify entity @s {} merge value {transformation:[0.513096651709283f,-0.1511754819617055f,0.8449128947165903f,-0.1734748567696066f,0.14469452874062694f,0.9855139999555979f,0.08846269973296889f,0.05675840408282995f,-0.8460468777539755f,0.07686435809374609f,0.5275381987094262f,-0.7304141261987414f,0f,0f,0f,1f],start_interpolation:0}
execute if entity @s[tag=aj.dino.bone.leg_right_2] run data modify entity @s {} merge value {transformation:[0.5502374925171859f,0.23813478914185146f,0.8322215591592538f,-0.09310023586557747f,0.22704841447794202f,0.9118934551609792f,-0.4110493199341386f,0.2562639413613854f,-0.8353142635033515f,0.4047274986155885f,0.43647214407441465f,-0.6212879012308441f,0f,0f,0f,1f],start_interpolation:0}
execute if entity @s[tag=aj.dino.bone.leg_right_1] run data modify entity @s {} merge value {transformation:[0.33733446011802637f,-0.81069521739861f,0.4785172165177542f,-0.33200132432448776f,-0.09950348426197386f,0.4747585883673364f,0.8744731781999837f,0.3368805614388405f,-0.936111381533526f,-0.34260406777864416f,0.07948543328761168f,-0.7372215726132374f,0f,0f,0f,1f],start_interpolation:0}
execute if entity @s[tag=aj.dino.bone.leg_right_0] run data modify entity @s {} merge value {transformation:[0.3892773740819402f,0.8824011774631102f,0.2642561031264649f,-0.05231751237907839f,-0.08024009032695131f,0.31827994898047274f,-0.9445948348267154f,0.548073503432351f,-0.9176190134975363f,0.3465054632883922f,0.1947031329463005f,-0.5103255939087581f,0f,0f,0f,1f],start_interpolation:0}
execute if entity @s[tag=aj.dino.bone.tail_4] run data modify entity @s {} merge value {transformation:[0.9442985481734761f,-0.8348704766814847f,-2.457021137614224f,-0.18186440952816152f,-2.5239585635618935f,-0.903043417887919f,-0.6631795280554819f,0.23573215841455716f,-0.6029881864017328f,2.4724815882378053f,-1.07186817029195f,0.4519081585934544f,0f,0f,0f,1f],start_interpolation:0}
execute if entity @s[tag=aj.dino.bone.tail_3] run data modify entity @s {} merge value {transformation:[0.8715289333719862f,0.05067987929556889f,-1.8904534890270428f,0.1381906997457068f,-1.8439995377254157f,-0.43905412840180713f,-0.861883230632914f,0.38617219351906384f,-0.4195813975957315f,2.034848532007324f,-0.1388827873557288f,0.45554495666493044f,0f,0f,0f,1f],start_interpolation:0}
execute if entity @s[tag=aj.dino.bone.tail_2] run data modify entity @s {} merge value {transformation:[1.108660711154577f,0.6270063600700304f,-1.4820621872838997f,0.4146718149308418f,-1.5845856357186852f,0.11153846992704858f,-1.1381658085723367f,0.5966095584036901f,-0.28059519885239637f,1.847483712826947f,0.5717028425877554f,0.34949877627384124f,0f,0f,0f,1f],start_interpolation:0}
execute if entity @s[tag=aj.dino.bone.tail_1] run data modify entity @s {} merge value {transformation:[1.377613420092245f,0.5651244666152272f,-0.2654653499321595f,0.46357280048289007f,-0.620881676509066f,1.307807943805906f,-0.43795042629669895f,0.6754581757546871f,0.06590492058291524f,0.507867078428031f,1.4231598020222243f,0.03697955102089373f,0f,0f,0f,1f],start_interpolation:0}
execute if entity @s[tag=aj.dino.bone.tail_0] run data modify entity @s {} merge value {transformation:[1.0792214317594895f,-0.07413797528369603f,0.6808967457962033f,0.26280986443967813f,0.04034510918715666f,1.2753803264026184f,0.07492003586394272f,0.6843419991383509f,-0.6837317383153292f,-0.041764820483417946f,1.0791674227729051f,-0.27938611161362537f,0f,0f,0f,1f],start_interpolation:0}
execute if entity @s[tag=aj.dino.bone.body_1] run data modify entity @s {} merge value {transformation:[0.15853197445639458f,-0.43082969576441377f,1.1479799568715254f,0.024940042495028722f,-0.07591280600773226f,1.1518660197136086f,0.44277140102925694f,0.5038175f,-1.2238094026502817f,-0.12725973806715657f,0.12124396936792046f,-0.2990017896773472f,0f,0f,0f,1f],start_interpolation:0}