execute if entity @s[tag=aj.dino.bone.head_lower] run data modify entity @s {} merge value {transformation:[0.9356154925023475f,-0.34928679928646544f,0.05120919872255472f,0.21720147474385176f,0.3220449963514791f,0.9039120862753045f,0.28147817075290604f,0.9967231859928164f,-0.14460522298508272f,-0.24686367114187302f,0.9582002177811229f,-1.1404074459071203f,0f,0f,0f,1f],start_interpolation:0}
execute if entity @s[tag=aj.dino.bone.head_upper] run data modify entity @s {} merge value {transformation:[0.9738817763059051f,-0.28821119031684284f,0.22794854274355608f,0.22674626140575052f,0.3352165025168395f,0.9613227215847305f,-0.21670363169271373f,1.0034745169284973f,-0.15051951635299637f,0.27616096270939877f,0.9922454033432379f,-1.0658502660384275f,0f,0f,0f,1f],start_interpolation:0}
execute if entity @s[tag=aj.dino.bone.neck_0] run data modify entity @s {} merge value {transformation:[0.9564225280323763f,-0.1094336866289444f,0.27070318820242306f,0.24571770701617685f,0.27218607812028617f,0.6697401460953516f,-0.6909145211859964f,0.9478396000634893f,-0.10569146961631268f,0.7344878521384643f,0.670340889631066f,-1.0343927306745249f,0f,0f,0f,1f],start_interpolation:0}
execute if entity @s[tag=aj.dino.bone.neck_1] run data modify entity @s {} merge value {transformation:[0.9017954474651289f,-0.43164441619733007f,0.021167637960675785f,0.24552235190682523f,0.40809050114981377f,0.8344217320079567f,-0.37040857984681685f,0.9203052083544976f,0.14222205807279692f,0.34267108299141286f,0.9286277053152301f,-0.9541471329502367f,0f,0f,0f,1f],start_interpolation:0}
execute if entity @s[tag=aj.dino.bone.neck_2] run data modify entity @s {} merge value {transformation:[0.9447311391503149f,-0.32298453616946277f,-0.056250014356845346f,0.23743220829962372f,0.271860367227416f,0.8676778423910145f,-0.41620560130138606f,0.8923375845141459f,0.1832348641790717f,0.37791024227860065f,0.9075289710693573f,-0.8709408111514689f,0f,0f,0f,1f],start_interpolation:0}
execute if entity @s[tag=aj.dino.bone.body_0] run data modify entity @s {} merge value {transformation:[0.9450355380865358f,-0.3267888317518489f,-0.010811623178470675f,0.22922365873072137f,0.2559388364431063f,0.7599140337067573f,-0.5975165046889285f,0.6179694276047455f,0.20347762470021225f,0.5619072172679285f,0.8017837211047456f,-0.48771028145525785f,0f,0f,0f,1f],start_interpolation:0}
execute if entity @s[tag=aj.dino.bone.leg_left_3] run data modify entity @s {} merge value {transformation:[0.8647951117703221f,0.045630881726591785f,-0.5000472350598588f,-0.1576922615842979f,-0.08788689745678278f,0.9942446222495342f,-0.061266013280624365f,-0.044303511872978985f,0.49437365212314544f,0.0969301488739932f,0.8638282458484952f,-0.36021901539419376f,0f,0f,0f,1f],start_interpolation:0}
execute if entity @s[tag=aj.dino.bone.leg_left_2] run data modify entity @s {} merge value {transformation:[0.8926072267337725f,-0.035056688177657294f,-0.5040690100545285f,-0.18005714343229465f,-0.05988453177596173f,1.0086780836443539f,-0.17619468190107734f,0.1852797764581306f,0.5017254041179415f,0.182761461173472f,0.8757465767407371f,-0.28977472644884794f,0f,0f,0f,1f],start_interpolation:0}
execute if entity @s[tag=aj.dino.bone.leg_left_1] run data modify entity @s {} merge value {transformation:[0.733604548799806f,0.5238480432459945f,-0.43290598698513705f,-0.02939448327366003f,0.29316945098752717f,0.3307424724451217f,0.8970290351647262f,0.22171846150562757f,0.6130873012776442f,-0.7849793911359905f,0.08905793902771711f,-0.51996241231779f,0f,0f,0f,1f],start_interpolation:0}
execute if entity @s[tag=aj.dino.bone.leg_left_0] run data modify entity @s {} merge value {transformation:[0.7565323621092183f,-0.3786153820947418f,-0.5332065055142324f,-0.046678571957480056f,0.2396528274902354f,0.9191451497218059f,-0.3126319177864193f,0.6359206938605195f,0.6084614263512371f,0.10873171655102104f,0.7860992980905697f,-0.47051496996687503f,0f,0f,0f,1f],start_interpolation:0}
execute if entity @s[tag=aj.dino.bone.leg_right_3] run data modify entity @s {} merge value {transformation:[0.5626752549446886f,0.31501773943387545f,-0.7643038540494871f,0.19140481009649618f,0.46994303597092446f,0.6387393936886876f,0.60923355939462f,0.3698240141402539f,0.6801103589972439f,-0.7019799219295223f,0.21136245833274492f,0.15244293664086234f,0f,0f,0f,1f],start_interpolation:0}
execute if entity @s[tag=aj.dino.bone.leg_right_2] run data modify entity @s {} merge value {transformation:[0.5873620137159944f,0.0700056148475216f,-0.8379542220396088f,0.18091525783118914f,0.5571703212337831f,0.7331460297807326f,0.4517967813671168f,0.5538174514668015f,0.6297851200849615f,-0.7139035736058922f,0.38180438658166427f,-0.0031445190875824675f,0f,0f,0f,1f],start_interpolation:0}
execute if entity @s[tag=aj.dino.bone.leg_right_1] run data modify entity @s {} merge value {transformation:[0.5784998100769484f,0.7967012778425622f,0.1749429724937896f,0.3995969641612207f,0.19119040141953f,-0.3409405110617614f,0.9204378296886673f,0.41618567449573685f,0.7929591415362922f,-0.499025692525919f,-0.3495556580189387f,-0.10438280702321753f,0f,0f,0f,1f],start_interpolation:0}
execute if entity @s[tag=aj.dino.bone.leg_right_0] run data modify entity @s {} merge value {transformation:[0.5592899504917096f,-0.3565728401745879f,-0.7483652590338548f,0.255484699309954f,0.24632702789729313f,0.9334719437501965f,-0.26067820307520223f,0.7752761032961762f,0.7915287402275846f,-0.03854789074719969f,0.60991500515455f,-0.26120435410080506f,0f,0f,0f,1f],start_interpolation:0}
execute if entity @s[tag=aj.dino.bone.tail_4] run data modify entity @s {} merge value {transformation:[0.5315148747139657f,-2.157228645317355f,-2.8197915100560267f,-1.274341835147206f,3.315133952919186f,1.3220612547090695f,-0.38653403912656525f,0.011311426248893391f,1.2707267458286273f,-2.546740320689043f,2.187860810658771f,1.1267600202207237f,0f,0f,0f,1f],start_interpolation:0}
execute if entity @s[tag=aj.dino.bone.tail_3] run data modify entity @s {} merge value {transformation:[-0.6078889774306069f,-1.6239086514861125f,-2.0787351013926805f,-0.9059739587661269f,2.450918274041626f,0.441017039192262f,-1.0612499819203869f,0.18694450766039458f,0.9753043340938771f,-2.1204180252454368f,1.3712610229737632f,0.9149947795197323f,0f,0f,0f,1f],start_interpolation:0}
execute if entity @s[tag=aj.dino.bone.tail_2] run data modify entity @s {} merge value {transformation:[0.394767528759849f,-1.9241685497821552f,-1.6110437110832134f,-0.6066504042022587f,2.064112371304536f,1.176529357820008f,-0.8994146082702329f,0.3559499750236226f,1.4273494896552483f,-1.1692227807272537f,1.7462300456022462f,0.5911516545464892f,0f,0f,0f,1f],start_interpolation:0}
execute if entity @s[tag=aj.dino.bone.tail_1] run data modify entity @s {} merge value {transformation:[0.6066267241247453f,-1.2954569814823491f,-1.3490494020629198f,-0.3010939550658478f,1.207373176676653f,1.3543800858246384f,-0.757656688654812f,0.5012798534246445f,1.4284232889166326f,-0.5946300150095745f,1.213326466961924f,0.33596139814332693f,0f,0f,0f,1f],start_interpolation:0}
execute if entity @s[tag=aj.dino.bone.tail_0] run data modify entity @s {} merge value {transformation:[1.3095200286128998f,-0.6953652566440297f,-0.750204515809562f,-0.0986471614984022f,0.4907791799995497f,1.4963623780762496f,-0.5302997180689126f,0.6923556460751672f,0.8974828422692249f,0.19633938564990305f,1.384614659210995f,-0.06391716759326627f,0f,0f,0f,1f],start_interpolation:0}
execute if entity @s[tag=aj.dino.bone.body_1] run data modify entity @s {} merge value {transformation:[0.9503376259388064f,-0.37478985163503464f,-0.6964162253226384f,0.08850461185338075f,0.43828850677089415f,1.155826461869644f,-0.02393679031721565f,0.6200675f,0.65830553439401f,-0.22847834078866036f,1.0212913718586523f,-0.2859634678896895f,0f,0f,0f,1f],start_interpolation:0}