execute if entity @s[tag=aj.dino.bone.head_lower] run data modify entity @s {} merge value {transformation:[-0.8046634290769148f,-0.38586808171942444f,-0.45124559766977523f,-0.6138118770613523f,-0.5214486804071529f,0.8227191504517878f,0.2263282421208797f,0.1508502160532707f,0.28391555013387343f,0.4174194808463786f,-0.863222414793615f,0.14479232234019798f,0f,0f,0f,1f],start_interpolation:0}
execute if entity @s[tag=aj.dino.bone.head_upper] run data modify entity @s {} merge value {transformation:[-0.8375738280497319f,-0.19132921882565312f,-0.587652239996744f,-0.6588793282074508f,-0.542775714165522f,0.7010264207611652f,0.5453699882560504f,0.20401945612244587f,0.295527577836203f,0.7452697699503599f,-0.6638586922831635f,0.115854228943132f,0f,0f,0f,1f],start_interpolation:0}
execute if entity @s[tag=aj.dino.bone.neck_0] run data modify entity @s {} merge value {transformation:[-0.9068099360549594f,-0.4169973283558232f,0.06171683737932804f,-0.6478269403136399f,-0.399361539289515f,0.8967066654989364f,0.1908599407578439f,0.20193463094557437f,-0.13492998483772897f,0.14842635949818464f,-0.9796752089329432f,0.05014095417978215f,0f,0f,0f,1f],start_interpolation:0}
execute if entity @s[tag=aj.dino.bone.neck_1] run data modify entity @s {} merge value {transformation:[-0.962556603448075f,-0.2314875929710088f,0.14106126136893093f,-0.6369436344515043f,-0.1409893472923765f,0.8719539019794561f,0.4688479463246805f,0.2456691882607519f,-0.2315313998328843f,0.431404551579245f,-0.8719422708919069f,-0.021736573563511136f,0f,0f,0f,1f],start_interpolation:0}
execute if entity @s[tag=aj.dino.bone.neck_2] run data modify entity @s {} merge value {transformation:[-0.7918988084511296f,-0.33606126394091934f,0.5098618480060191f,-0.5955661624145885f,-0.040758993942659055f,0.8621728815978864f,0.5049719067928227f,0.2983497259539985f,-0.6092905559636251f,0.37910519531606085f,-0.6964511966375733f,-0.07903924497004605f,0f,0f,0f,1f],start_interpolation:0}
execute if entity @s[tag=aj.dino.bone.body_0] run data modify entity @s {} merge value {transformation:[-0.6260550344277434f,-0.1087953676534984f,0.772151968102664f,-0.2326902472887925f,0.09626451908922246f,0.9718614572526956f,0.2149847675329293f,0.4089294359065433f,-0.7738140837644388f,0.20892313391246797f,-0.5979656243330339f,-0.35886794734268f,0f,0f,0f,1f],start_interpolation:0}
execute if entity @s[tag=aj.dino.bone.leg_left_3] run data modify entity @s {} merge value {transformation:[0.2249137547042427f,0.04235750750374463f,0.9734575720096436f,-0.05438520821396972f,-0.030756839811143907f,0.99886545588861f,-0.036356812804083025f,-0.0015735268628707388f,-0.9738931254247931f,-0.02176333132840014f,0.22596136320136437f,0.0690498864634646f,0f,0f,0f,1f],start_interpolation:0}
execute if entity @s[tag=aj.dino.bone.leg_left_2] run data modify entity @s {} merge value {transformation:[0.43713731049263477f,0.0811089325880297f,0.924334632224927f,-0.00623458810825292f,-0.25189526819638874f,0.9937765429469465f,0.03192422355171542f,0.23067015905136695f,-0.8930408418074897f,-0.24060698918265236f,0.44345070878387804f,0.025283915636582457f,0f,0f,0f,1f],start_interpolation:0}
execute if entity @s[tag=aj.dino.bone.leg_left_1] run data modify entity @s {} merge value {transformation:[0.46828725190077364f,-0.8771748678641285f,-0.10616638307284573f,-0.24823115445920504f,0.14919008336545694f,-0.039933619141949706f,0.9880018345568158f,0.1644503166040583f,-0.8708899865842009f,-0.478507635518781f,0.11216538689629721f,-0.09331616868197312f,0f,0f,0f,1f],start_interpolation:0}
execute if entity @s[tag=aj.dino.bone.leg_left_0] run data modify entity @s {} merge value {transformation:[0.45621020543731877f,0.23301310914463919f,0.8588231129991718f,-0.1736100771569587f,0.09379554481660535f,0.9471411011355235f,-0.30679982123910104f,0.5722102535391635f,-0.8849150491586161f,0.22051899126047325f,0.41023984480553294f,-0.14302338362491962f,0f,0f,0f,1f],start_interpolation:0}
execute if entity @s[tag=aj.dino.bone.leg_right_3] run data modify entity @s {} merge value {transformation:[0.6908402549871587f,-0.2180360597441776f,0.6893475311774978f,-0.013746564041917275f,0.20153896891975792f,0.9737270365069338f,0.10600802980050972f,0.02899476734402151f,-0.6943499017757823f,0.06569577632282281f,0.716632596856509f,-0.7037783120851433f,0f,0f,0f,1f],start_interpolation:0}
execute if entity @s[tag=aj.dino.bone.leg_right_2] run data modify entity @s {} merge value {transformation:[0.7056945863565298f,-0.07874878710082973f,0.7401729384528519f,-0.010322932103465077f,0.2908257910888659f,0.9680427935630908f,-0.1742862833638884f,0.24880672936485326f,-0.685184434678223f,0.3297786801195771f,0.6883534790454454f,-0.6045711945838366f,0f,0f,0f,1f],start_interpolation:0}
execute if entity @s[tag=aj.dino.bone.leg_right_1] run data modify entity @s {} merge value {transformation:[0.5993955152930819f,-0.7486471204965683f,0.28328873118911413f,-0.21679419518013704f,-0.07919051652385606f,0.2967127213598593f,0.9516776886508962f,0.27736375904042804f,-0.7965261316110264f,-0.5928651195300868f,0.11856252234728462f,-0.7877855478408828f,0f,0f,0f,1f],start_interpolation:0}
execute if entity @s[tag=aj.dino.bone.leg_right_0] run data modify entity @s {} merge value {transformation:[0.6400248162348119f,0.6825785181221234f,0.35278152049363604f,-0.05192959133945042f,-0.04963159167662273f,0.49490721970205476f,-0.867527261239915f,0.548073503432351f,-0.7667495938774539f,0.5377298675775679f,0.3506303606417608f,-0.5160445401586295f,0f,0f,0f,1f],start_interpolation:0}
execute if entity @s[tag=aj.dino.bone.tail_4] run data modify entity @s {} merge value {transformation:[1.0020944977476929f,-1.1376575560818232f,-2.3080734897905084f,-0.1705253434277531f,-2.5217068202283714f,-0.9273080559724141f,-0.6377741087112121f,0.2158183669346456f,-0.5123110988428011f,2.3391229950600283f,-1.3753916836973692f,0.6045637791978458f,0f,0f,0f,1f],start_interpolation:0}
execute if entity @s[tag=aj.dino.bone.tail_3] run data modify entity @s {} merge value {transformation:[0.775748141435468f,0.3494686477736987f,-1.9005346645949623f,0.14831527801355154f,-1.835264948323766f,-0.507885795101363f,-0.8424963588246929f,0.36364467690132274f,-0.6049486891944035f,1.9889367032165512f,0.11879983200532926f,0.5649564107504941f,0f,0f,0f,1f],start_interpolation:0}
execute if entity @s[tag=aj.dino.bone.tail_2] run data modify entity @s {} merge value {transformation:[1.0351209289264633f,1.0083443136250894f,-1.3155000124215666f,0.3938692105294744f,-1.574138952724094f,0.11238794420941811f,-1.152488343765719f,0.5767524966784031f,-0.5190232124075815f,1.6701450745905595f,0.8717822031940012f,0.4029076299930761f,0f,0f,0f,1f],start_interpolation:0}
execute if entity @s[tag=aj.dino.bone.tail_1] run data modify entity @s {} merge value {transformation:[1.364973766828905f,0.6451252149539646f,-0.09119387533991757f,0.40430306816695905f,-0.6339423412845192f,1.266167216862924f,-0.5315956516642136f,0.6762740143881187f,-0.15039938096818573f,0.5179674564798437f,1.4130626278520668f,0.09264438833144512f,0f,0f,0f,1f],start_interpolation:0}
execute if entity @s[tag=aj.dino.bone.tail_0] run data modify entity @s {} merge value {transformation:[1.1025067892224962f,-0.08659606532541282f,0.6409489977934962f,0.21491315665733896f,0.05497440773241768f,1.2746699613830914f,0.0776532074426166f,0.6843419991383509f,-0.6444317735779331f,-0.039412277297981316f,1.103172732705724f,-0.23067941274300346f,0f,0f,0f,1f],start_interpolation:0}
execute if entity @s[tag=aj.dino.bone.body_1] run data modify entity @s {} merge value {transformation:[0.38269887511425804f,-0.3997628217000694f,1.1055929867853407f,-0.01519486292327683f,-0.07591280600773226f,1.1518660197136086f,0.44277140102925694f,0.5038175f,-1.1731936804835612f,-0.20493646349973252f,0.3319973329078245f,-0.2940602169550498f,0f,0f,0f,1f],start_interpolation:0}