execute if entity @s[tag=aj.dino.bone.head_lower] run data modify entity @s {} merge value {transformation:[-0.8513060352152076f,-0.20928589809286116f,-0.48112103182632393f,-0.6488241305667596f,-0.3790336463874912f,0.879378510783408f,0.28814393916679476f,0.1592582415368975f,0.36278303338547213f,0.42765973347022f,-0.8279466305600954f,0.11526065915005719f,0f,0f,0f,1f],start_interpolation:0}
execute if entity @s[tag=aj.dino.bone.head_upper] run data modify entity @s {} merge value {transformation:[-0.8861240973446617f,-0.009615736512597315f,-0.5460435553139825f,-0.6869579317894854f,-0.39453596459405366f,0.7308904337535855f,0.6273854390028846f,0.2187980170844594f,0.37762070829134076f,0.7410658904863471f,-0.6258561250085598f,0.08887344967560831f,0f,0f,0f,1f],start_interpolation:0}
execute if entity @s[tag=aj.dino.bone.neck_0] run data modify entity @s {} merge value {transformation:[-0.9441613126559261f,-0.32322139258082616f,0.06393236318132431f,-0.6772723739471501f,-0.30730730729623956f,0.93386007013156f,0.18294148872306704f,0.21556835550838765f,-0.11883448391006723f,0.1530793937536622f,-0.9810428454669238f,0.022991012640509893f,0f,0f,0f,1f],start_interpolation:0}
execute if entity @s[tag=aj.dino.bone.neck_1] run data modify entity @s {} merge value {transformation:[-0.9459917430520771f,-0.22643555707358662f,0.23200551840433925f,-0.6586616217728669f,-0.09316363434628053f,0.8753375009005233f,0.4744521016421139f,0.2597932461507698f,-0.3105159566152509f,0.4272132933442035f,-0.8491576076779355f,-0.046975663682636885f,0f,0f,0f,1f],start_interpolation:0}
execute if entity @s[tag=aj.dino.bone.neck_2] run data modify entity @s {} merge value {transformation:[-0.751258792680908f,-0.32765517668225835f,0.5729330777786718f,-0.6116763361255766f,-0.0036891665511811986f,0.8701413379191218f,0.49278843543094464f,0.31148443654435076f,-0.6599974367145538f,0.36809799950235866f,-0.6549101055050072f,-0.10074679127428904f,0f,0f,0f,1f],start_interpolation:0}
execute if entity @s[tag=aj.dino.bone.body_0] run data modify entity @s {} merge value {transformation:[-0.5431208532900936f,-0.07970483867795086f,0.8358629537267228f,-0.21849654873970448f,0.14540825938559845f,0.9715151214505628f,0.1871224382465893f,0.4089294359065433f,-0.8269680627593127f,0.22317147551651817f,-0.516060379889688f,-0.3418381258212352f,0f,0f,0f,1f],start_interpolation:0}
execute if entity @s[tag=aj.dino.bone.leg_left_3] run data modify entity @s {} merge value {transformation:[0.12344405508424836f,0.04516006957207443f,0.9913234252153036f,-0.027023885942653314f,-0.018488109634025064f,0.9988952443992503f,-0.04320278369182737f,-0.016597410682602703f,-0.9921792958263728f,-0.012994569358310995f,0.1241426038903434f,0.057264043937461956f,0f,0f,0f,1f],start_interpolation:0}
execute if entity @s[tag=aj.dino.bone.leg_left_2] run data modify entity @s {} merge value {transformation:[0.33372773707743253f,0.09610152828690015f,0.9651178649609548f,0.025721443650574716f,-0.24924580814541475f,0.9948733027929274f,-0.012877810859229996f,0.21452145513655152f,-0.937317728482615f,-0.23033412068451586f,0.3470502387571223f,0.012844767327130191f,0f,0f,0f,1f],start_interpolation:0}
execute if entity @s[tag=aj.dino.bone.leg_left_1] run data modify entity @s {} merge value {transformation:[0.3927006321939596f,-0.919143905977218f,-0.03099505733833452f,-0.23015824927465123f,0.14821132274933174f,0.029988815870905572f,0.9885009229796169f,0.16729037605717323f,-0.9076450943421429f,-0.39277875582521404f,0.14800416105312375f,-0.08363421264910688f,0f,0f,0f,1f],start_interpolation:0}
execute if entity @s[tag=aj.dino.bone.leg_left_0] run data modify entity @s {} merge value {transformation:[0.37670028401127054f,0.29817171007770155f,0.8770350775967667f,-0.14068142114209187f,0.09379554481660533f,0.929636030326463f,-0.3563414751210024f,0.5722102535391635f,-0.9215743550025597f,0.2164959178095391f,0.3222269786554518f,-0.13201880329281793f,0f,0f,0f,1f],start_interpolation:0}
execute if entity @s[tag=aj.dino.bone.leg_right_3] run data modify entity @s {} merge value {transformation:[0.6115619230932926f,-0.18538760433207682f,0.7691706250127124f,-0.08770707214197043f,0.17660505926155537f,0.9796190530411192f,0.09569307165121194f,0.039272003522426824f,-0.771234508606595f,0.07731718488689818f,0.6318381008260812f,-0.7269240162992895f,0f,0f,0f,1f],start_interpolation:0}
execute if entity @s[tag=aj.dino.bone.leg_right_2] run data modify entity @s {} merge value {transformation:[0.6368505258211064f,0.06791289984725439f,0.8011687995025837f,-0.048104965423454576f,0.26323609803373677f,0.9480993148607654f,-0.2896146497558697f,0.2509138085725123f,-0.7597304548022592f,0.3854318703682646f,0.5712390995468254f,-0.618247930776243f,0f,0f,0f,1f],start_interpolation:0}
execute if entity @s[tag=aj.dino.bone.leg_right_1] run data modify entity @s {} merge value {transformation:[0.4808493805382968f,-0.7921081741497331f,0.37596344726730024f,-0.2736592783953422f,-0.08911411041115695f,0.3824179586810358f,0.9196821082329797f,0.30425356396701236f,-0.8722628895932488f,-0.47573222018632044f,0.11329742324973655f,-0.7708700394433698f,0f,0f,0f,1f],start_interpolation:0}
execute if entity @s[tag=aj.dino.bone.leg_right_0] run data modify entity @s {} merge value {transformation:[0.5273897259133522f,0.786658613027398f,0.3209802229902166f,-0.05224390679281348f,-0.06428774760035373f,0.4136562745632671f,-0.9081605430885623f,0.548073503432351f,-0.8471877964828767f,0.45831944434449756f,0.2687305796262096f,-0.5142879884310558f,0f,0f,0f,1f],start_interpolation:0}
execute if entity @s[tag=aj.dino.bone.tail_4] run data modify entity @s {} merge value {transformation:[0.957247329121344f,-1.007858424275622f,-2.3861182449968212f,-0.17990845011681195f,-2.530523821746253f,-0.9069536347805177f,-0.6320962138259858f,0.2278552192741362f,-0.5529810756841419f,2.4056844831721107f,-1.2379642276577059f,0.533754401166855f,0f,0f,0f,1f],start_interpolation:0}
execute if entity @s[tag=aj.dino.bone.tail_3] run data modify entity @s {} merge value {transformation:[0.8156298291987862f,0.20523649473314434f,-1.9048809645212093f,0.14108056802722152f,-1.8440549205507413f,-0.47755739157125604f,-0.841038592332541f,0.3751375586759562f,-0.5197643290551994f,2.0163735876641895f,-0.00530313647643607f,0.5149218186030625f,0f,0f,0f,1f],start_interpolation:0}
execute if entity @s[tag=aj.dino.bone.tail_2] run data modify entity @s {} merge value {transformation:[1.067365950840371f,0.8323592678778022f,-1.4094970206308826f,0.40409030633730364f,-1.5852727296160918f,0.10628169013109832f,-1.1377119363359072f,0.5854887907690646f,-0.4079389350441462f,1.764838838682893f,0.7332827379355402f,0.3787244593037207f,0f,0f,0f,1f],start_interpolation:0}
execute if entity @s[tag=aj.dino.bone.tail_1] run data modify entity @s {} merge value {transformation:[1.3718122357436322f,0.6120960814467452f,-0.17642513126421608f,0.4332621930775361f,-0.6352320018878344f,1.2831468839977405f,-0.4875147463046262f,0.6753182626729083f,-0.047620832013219594f,0.5162641873735078f,1.4208658610839873f,0.06670467787901718f,0f,0f,0f,1f],start_interpolation:0}
execute if entity @s[tag=aj.dino.bone.tail_0] run data modify entity @s {} merge value {transformation:[1.092138820327619f,-0.0769581831863056f,0.6596559343764641f,0.23863825917311135f,0.04490505993932059f,1.2752565524254065f,0.0744310262722499f,0.6843419991383509f,-0.6626100280778049f,-0.04042128301720983f,1.092313959973963f,-0.2534702865272423f,0f,0f,0f,1f],start_interpolation:0}
execute if entity @s[tag=aj.dino.bone.body_1] run data modify entity @s {} merge value {transformation:[0.2781459741221713f,-0.4162220475337224f,1.1304860102109682f,0.0038516060044521683f,-0.07591280600773226f,1.1518660197136086f,0.44277140102925694f,0.5038175f,-1.202279775268598f,-0.16902211344144985f,0.23357966992896628f,-0.29638944905097386f,0f,0f,0f,1f],start_interpolation:0}