execute if entity @s[tag=aj.dino.bone.head_lower] run data modify entity @s {} merge value {transformation:[0.0029714996381586395f,-0.09387543507700402f,-0.9955795161005488f,0.8468953346118633f,-0.21232072269279773f,0.9728252040255574f,-0.0923635920037777f,0.6094591915358656f,0.9771955182588123f,0.2116566207368328f,-0.017040950476896563f,0.1926132014473286f,0f,0f,0f,1f],start_interpolation:0}
execute if entity @s[tag=aj.dino.bone.head_upper] run data modify entity @s {} merge value {transformation:[0.003093032735234479f,0.34132664010431096f,-0.9833404804476971f,0.7867717921695435f,-0.2210045517839654f,0.9611397438123659f,0.3329254023630145f,0.6539237244279545f,1.0171624077907986f,0.20779427374908252f,0.07532674530221037f,0.20278775061040089f,0f,0f,0f,1f],start_interpolation:0}
execute if entity @s[tag=aj.dino.bone.neck_0] run data modify entity @s {} merge value {transformation:[-0.08257060367098426f,-0.08468416779579231f,-0.9929807083393629f,0.7239650611819436f,-0.2178269569160594f,0.973824712659582f,-0.06493724550804003f,0.6339881447037216f,0.9724883095698883f,0.21093605841158697f,-0.09885578896395068f,0.19265742692322818f,0f,0f,0f,1f],start_interpolation:0}
execute if entity @s[tag=aj.dino.bone.neck_1] run data modify entity @s {} merge value {transformation:[-0.22725592756616417f,0.16360316314926399f,-0.9599941397704453f,0.6433946569425357f,0.031132243722129065f,0.9865038522831042f,0.16075115188209693f,0.6521505770614904f,0.9733373139805485f,0.006644880597146102f,-0.2292821815470651f,0.17326482895185996f,0f,0f,0f,1f],start_interpolation:0}
execute if entity @s[tag=aj.dino.bone.neck_2] run data modify entity @s {} merge value {transformation:[-0.3289799359475699f,-0.020843432088019753f,-0.9441068546953384f,0.560479745442527f,-0.08542628531663339f,0.9963141858124294f,0.007771288562204631f,0.6625859387996735f,0.9404650719303372f,0.0832081395520175f,-0.3295479540087573f,0.14520861626233922f,0f,0f,0f,1f],start_interpolation:0}
execute if entity @s[tag=aj.dino.bone.body_0] run data modify entity @s {} merge value {transformation:[-0.3133513495319019f,-0.21249042515734695f,-0.9255586156278734f,0.12224320382926362f,-0.07490417845218884f,0.9771382207178234f,-0.19897301742399334f,0.5781191648116739f,0.946678559911937f,0.006979744182708178f,-0.3221040008664988f,-0.006531300668017909f,0f,0f,0f,1f],start_interpolation:0}
execute if entity @s[tag=aj.dino.bone.leg_left_3] run data modify entity @s {} merge value {transformation:[-0.6244877830183336f,0.0658414831488704f,-0.7782543979686873f,0.026008924071645928f,-0.07217089766088629f,0.9873126193038061f,0.14143957471047588f,-0.010959152142760248f,0.7776929795180543f,0.14449460495193378f,-0.6118128298328799f,-0.5841958418521375f,0f,0f,0f,1f],start_interpolation:0}
execute if entity @s[tag=aj.dino.bone.leg_left_2] run data modify entity @s {} merge value {transformation:[-0.6343892080219051f,-0.19796969220680521f,-0.7812941400097517f,-0.04526718983086439f,-0.20471514501378474f,1.001249751832426f,-0.08748053130946054f,0.21940958037574138f,0.7795538734738092f,0.10182894934026956f,-0.6587782805534287f,-0.5796094782826977f,0f,0f,0f,1f],start_interpolation:0}
execute if entity @s[tag=aj.dino.bone.leg_left_1] run data modify entity @s {} merge value {transformation:[-0.7501741374569567f,0.6537834169212118f,-0.09902528590989135f,0.15253745044097977f,0.1560579802823839f,0.3205768963844151f,0.9342785239395793f,0.2538416835165231f,0.6425610245578968f,0.6854178997249495f,-0.342516616320647f,-0.3880340617491704f,0f,0f,0f,1f],start_interpolation:0}
execute if entity @s[tag=aj.dino.bone.leg_left_0] run data modify entity @s {} merge value {transformation:[-0.7569805117772463f,0.08483399940085415f,-0.647907167220053f,0.15057134642252387f,0.09815463081452355f,0.9950487650765925f,0.015608445445100205f,0.654672533803046f,0.6460233534781252f,-0.05177979977948896f,-0.7615593733227065f,-0.2712520320612741f,0f,0f,0f,1f],start_interpolation:0}
execute if entity @s[tag=aj.dino.bone.leg_right_3] run data modify entity @s {} merge value {transformation:[-0.8986514397892896f,0.2597531552407422f,-0.3534881725137568f,-0.2902884564459781f,0.21964648149865784f,0.9639838033731157f,0.14996883009333117f,0.1433498419186562f,0.379711749791729f,0.05712727174285004f,-0.9233392994416095f,0.12859889826621548f,0f,0f,0f,1f],start_interpolation:0}
execute if entity @s[tag=aj.dino.bone.leg_right_2] run data modify entity @s {} merge value {transformation:[-0.8917288393408374f,0.29049517114452417f,-0.4153244901643184f,-0.23402643211386637f,0.3435532273903388f,0.964392222278588f,-0.06309533309955148f,0.36566535927591787f,0.37262991900573383f,-0.19396493665344458f,-0.9357279232295572f,0.05388967911461673f,0f,0f,0f,1f],start_interpolation:0}
execute if entity @s[tag=aj.dino.bone.leg_right_1] run data modify entity @s {} merge value {transformation:[-0.8680249401686632f,0.47850057153458425f,-0.13255152313823032f,-0.11429000345078687f,-0.0375938079993828f,0.20285762578911404f,0.9784863255351655f,0.3681314873369121f,0.4950953532859042f,0.8543336506894015f,-0.15809681987448682f,0.3042304299386959f,0f,0f,0f,1f],start_interpolation:0}
execute if entity @s[tag=aj.dino.bone.leg_right_0] run data modify entity @s {} merge value {transformation:[-0.8925890858940396f,-0.39788942457216964f,-0.21205831640487532f,-0.1494650967937767f,-0.008528598734256855f,0.48514614755691376f,-0.8743914904173733f,0.6307882325325412f,0.45079040223420097f,-0.778663740856291f,-0.4364295956156209f,-0.018386100288760643f,0f,0f,0f,1f],start_interpolation:0}
execute if entity @s[tag=aj.dino.bone.tail_4] run data modify entity @s {} merge value {transformation:[-0.015179142414499134f,-2.7172564328265736f,-0.4918825098518549f,-1.3856770841418378f,2.7004654928122807f,-0.11738555184818193f,0.5651266105461914f,0.456101614688587f,-0.5769896423383085f,-0.4779115421078438f,2.6578835268225007f,-0.008453195063551355f,0f,0f,0f,1f],start_interpolation:0}
execute if entity @s[tag=aj.dino.bone.tail_3] run data modify entity @s {} merge value {transformation:[-0.31053269299518205f,-1.7463653667748387f,-1.0907442314103637f,-1.1836376138737337f,1.9872754508849424f,-0.5428313181307787f,0.3033413397657756f,0.4099781637840408f,-0.5387497145573762f,-0.9957347497352028f,1.7476288448290622f,-0.29504241880583626f,0f,0f,0f,1f],start_interpolation:0}
execute if entity @s[tag=aj.dino.bone.tail_2] run data modify entity @s {} merge value {transformation:[-0.06983876582345017f,-1.1888907437283691f,-1.5493337991756448f,-0.8959543864734798f,1.896316619801372f,0.32926581601406296f,-0.33814371925627806f,0.4743189142342537f,0.4667758554768366f,-1.5155516147213115f,1.1419270899940455f,-0.507339645526342f,0f,0f,0f,1f],start_interpolation:0}
execute if entity @s[tag=aj.dino.bone.tail_1] run data modify entity @s {} merge value {transformation:[-0.27600446560642977f,-0.37253925557911083f,-1.4396847877288523f,-0.5813326882973073f,1.326850653868133f,0.5995222165886022f,-0.4095078804448055f,0.553844265628439f,0.6715244800415074f,-1.3377009624236844f,0.21741034436229506f,-0.5384134692563066f,0f,0f,0f,1f],start_interpolation:0}
execute if entity @s[tag=aj.dino.bone.tail_0] run data modify entity @s {} merge value {transformation:[-0.4060130016884816f,0.09548723243931148f,-1.2082513593971318f,-0.22594928169279546f,0.15050240753907412f,1.2683525989871216f,0.049663130706631954f,0.5699391521428272f,1.202638010528887f,-0.12648948441559266f,-0.41412310071695596f,-0.4204494906906343f,0f,0f,0f,1f],start_interpolation:0}
execute if entity @s[tag=aj.dino.bone.body_1] run data modify entity @s {} merge value {transformation:[-0.9436485114332073f,-0.20182505108670556f,-0.7729157332335723f,-0.03266285109979763f,-0.07511882589637907f,1.2133753890656471f,-0.22512645837837247f,0.5405484570312502f,0.7952919237123509f,-0.12486556378717185f,-0.9383623724949068f,-0.19388280161982716f,0f,0f,0f,1f],start_interpolation:0}