execute if entity @s[tag=aj.dino.bone.head_lower] run data modify entity @s {} merge value {transformation:[-0.8611115130895385f,-0.1294521990631463f,-0.4916595266872809f,-0.6634814664412453f,-0.31618093632782135f,0.8936450026179643f,0.3184779816546193f,0.16339694274127886f,0.3981414039352195f,0.4296984261707893f,-0.8104583178787415f,0.09929515175156513f,0f,0f,0f,1f],start_interpolation:0}
execute if entity @s[tag=aj.dino.bone.head_upper] run data modify entity @s {} merge value {transformation:[-0.8963306151784369f,0.07135545478070442f,-0.5243775070980742f,-0.6983066490775688f,-0.32911260488157246f,0.732526919746722f,0.6622394942450593f,0.22539652117572628f,0.4144252214639184f,0.7360602241005317f,-0.6082261297372584f,0.07402233196242447f,0f,0f,0f,1f],start_interpolation:0}
execute if entity @s[tag=aj.dino.bone.neck_0] run data modify entity @s {} merge value {transformation:[-0.9563250742225756f,-0.28480245637064294f,0.06580207639910138f,-0.6891198730276002f,-0.26941766647409043f,0.9461427293939587f,0.17952174410529115f,0.22173411882064248f,-0.11338638985716445f,0.15395290338346299f,-0.9815508291142956f,0.008091108637704576f,0f,0f,0f,1f],start_interpolation:0}
execute if entity @s[tag=aj.dino.bone.neck_1] run data modify entity @s {} merge value {transformation:[-0.9332906457181146f,-0.23109628062151832f,0.2748873945781531f,-0.6668979344875651f,-0.07797403750710963f,0.8775821624974607f,0.47304291300168544f,0.26584997356497386f,-0.3505547319462463f,0.4200524457126523f,-0.8370587331608903f,-0.06088362334605304f,0f,0f,0f,1f],start_interpolation:0}
execute if entity @s[tag=aj.dino.bone.neck_2] run data modify entity @s {} merge value {transformation:[-0.7277345867454321f,-0.33024106675584575f,0.6011182987419499f,-0.6174687295747361f,0.005508035323183821f,0.873603758639826f,0.4866067554373318f,0.317033501691383f,-0.6858367391743705f,0.3574315468986051f,-0.633932690812153f,-0.1129214033175246f,0f,0f,0f,1f],start_interpolation:0}
execute if entity @s[tag=aj.dino.bone.body_0] run data modify entity @s {} merge value {transformation:[-0.49871595643343775f,-0.07371143494263394f,0.8636255086305518f,-0.2111474595099367f,0.1600783667042229f,0.971404692244291f,0.17535062132505444f,0.4089294359065433f,-0.8518552173415326f,0.22569791369100461f,-0.4726554140634994f,-0.3335320727575502f,0f,0f,0f,1f],start_interpolation:0}
execute if entity @s[tag=aj.dino.bone.leg_left_3] run data modify entity @s {} merge value {transformation:[0.07273082488462757f,0.04029068962077798f,0.9965374490913447f,-0.013343735112138322f,-0.013644370485578454f,0.9991303689226606f,-0.03939970876188287f,-0.023654312351127887f,-0.9972582705927557f,-0.010731552839689715f,0.07321731699533268f,0.05254007651909577f,0f,0f,0f,1f],start_interpolation:0}
execute if entity @s[tag=aj.dino.bone.leg_left_2] run data modify entity @s {} merge value {transformation:[0.28258043748747375f,0.0969162122828677f,0.9812327673120302f,0.04001016999118112f,-0.24733531577033788f,0.9950655980641705f,-0.027053587981575943f,0.20707424610467254f,-0.9544819209512927f,-0.22915912123812948f,0.29751060356093695f,0.00683706579605993f,0f,0f,0f,1f],start_interpolation:0}
execute if entity @s[tag=aj.dino.bone.leg_left_1] run data modify entity @s {} merge value {transformation:[0.3553531582419296f,-0.9347060139224366f,0.006985732940493816f,-0.22136782174938707f,0.14768733952090982f,0.0635237433879019f,0.9869919876935291f,0.16904402258772755f,-0.9229911064970896f,-0.3496990156737901f,0.16061760726664f,-0.07830183948633324f,0f,0f,0f,1f],start_interpolation:0}
execute if entity @s[tag=aj.dino.bone.leg_left_0] run data modify entity @s {} merge value {transformation:[0.3374619373185831f,0.3294888225775468f,0.881791674182542f,-0.1245445574197019f,0.09379554481660529f,0.9203105903718226f,-0.3797773203102358f,0.5722102535391635f,-0.9366545983625687f,0.2108685207562503f,0.27966521113704135f,-0.12718459993836126f,0f,0f,0f,1f],start_interpolation:0}
execute if entity @s[tag=aj.dino.bone.leg_right_3] run data modify entity @s {} merge value {transformation:[0.5710789379559742f,-0.16960926142403776f,0.8031821369168193f,-0.12447126171007471f,0.16319950452040033f,0.9823496499405834f,0.0914061649228835f,0.04607665752263995f,-0.8045090231609415f,0.07887879119767241f,0.5886793422159655f,-0.7313832263258934f,0f,0f,0f,1f],start_interpolation:0}
execute if entity @s[tag=aj.dino.bone.leg_right_2] run data modify entity @s {} merge value {transformation:[0.6015312433625901f,0.14116924041316906f,0.8187146073696981f,-0.06719617074807185f,0.24813539993656014f,0.9341205219311769f,-0.3433800712127066f,0.25282186078677826f,-0.7928752651317066f,0.3994399774295118f,0.5136717997653089f,-0.6211695386615199f,0f,0f,0f,1f],start_interpolation:0}
execute if entity @s[tag=aj.dino.bone.leg_right_1] run data modify entity @s {} merge value {transformation:[0.4205367667633113f,-0.803949097009724f,0.42049337357146216f,-0.2995301561348412f,-0.0936576882258265f,0.42252435957985257f,0.9014995302260724f,0.31793111954136233f,-0.9024284266557955f,-0.4184961349628985f,0.10239101417927843f,-0.7582647220871045f,0f,0f,0f,1f],start_interpolation:0}
execute if entity @s[tag=aj.dino.bone.leg_right_0] run data modify entity @s {} merge value {transformation:[0.46956771798678676f,0.8306890589326115f,0.29910173117909783f,-0.05232266439601841f,-0.07118471243165106f,0.3732911901117932f,-0.9249791479276406f,0.548073503432351f,-0.8800220991206441f,0.4130488769559516f,0.2344178540656033f,-0.51284626774916f,0f,0f,0f,1f],start_interpolation:0}
execute if entity @s[tag=aj.dino.bone.tail_4] run data modify entity @s {} merge value {transformation:[0.9469037678236837f,-0.9373388000669473f,-2.418766330171305f,-0.1818592144830885f,-2.529774564603728f,-0.9032672019167808f,-0.6403205024247194f,0.23205914094726157f,-0.573825093879073f,2.435398461736905f,-1.1684264742824808f,0.49894592995623255f,0f,0f,0f,1f],start_interpolation:0}
execute if entity @s[tag=aj.dino.bone.tail_3] run data modify entity @s {} merge value {transformation:[0.8381439289484287f,0.13801886965164864f,-1.9011604540467946f,0.13915671980425626f,-1.84543818064878f,-0.4612834482265735f,-0.8470661295556364f,0.3802042746080263f,-0.4773030502888659f,2.025861273151922f,-0.06335160749863601f,0.489863378496269f,0f,0f,0f,1f],start_interpolation:0}
execute if entity @s[tag=aj.dino.bone.tail_2] run data modify entity @s {} merge value {transformation:[1.0843807533284893f,0.7451719604782119f,-1.4448567424248575f,0.408731588204387f,-1.5867819045467506f,0.10741339624524687f,-1.1354996365973986f,0.5901433983525912f,-0.35357523133910324f,1.8033177719489417f,0.664682965149085f,0.36646792226891434f,0f,0f,0f,1f],start_interpolation:0}
execute if entity @s[tag=aj.dino.bone.tail_1] run data modify entity @s {} merge value {transformation:[1.3745196117033172f,0.5932515716899198f,-0.21541740814149968f,0.4465219460042026f,-0.6311499392036868f,1.2930883624398732f,-0.46607777373068293f,0.6752344487395383f,0.0013569399929038934f,0.5134503964454665f,1.4226816576816645f,0.054045005375425115f,0f,0f,0f,1f],start_interpolation:0}
execute if entity @s[tag=aj.dino.bone.tail_0] run data modify entity @s {} merge value {transformation:[1.086783172237207f,-0.07471872464442293f,0.668696616795368f,0.24931015669582596f,0.042057853715757085f,1.2753697905545462f,0.07415356273102792f,0.6843419991383509f,-0.671542396328694f,-0.04104541524203932f,1.0868218807167767f,-0.2645401072464655f,0f,0f,0f,1f],start_interpolation:0}
execute if entity @s[tag=aj.dino.bone.body_1] run data modify entity @s {} merge value {transformation:[0.2271460130446735f,-0.42298599618028715f,1.139338461937246f,0.012921032445573225f,-0.07591280600773226f,1.1518660197136086f,0.44277140102925694f,0.5038175f,-1.2129495165497166f,-0.15130140356503238f,0.1856500757805118f,-0.2975099260824459f,0f,0f,0f,1f],start_interpolation:0}