execute if entity @s[tag=aj.dino.bone.head_lower] run data modify entity @s {} merge value {transformation:[-0.8171669229789214f,-0.3497971315545842f,-0.45812682386577935f,-0.6212003782962139f,-0.4920554688646542f,0.8372901858021615f,0.2383832215567338f,0.15236778877234117f,0.30019932636424607f,0.4202226927660697f,-0.8563254363470038f,0.1392879542774258f,0f,0f,0f,1f],start_interpolation:0}
execute if entity @s[tag=aj.dino.bone.head_upper] run data modify entity @s {} merge value {transformation:[-0.8505887096425414f,-0.15389998553042625f,-0.5799013571857531f,-0.6648970806528013f,-0.5121803325181066f,0.7102369668875196f,0.562767003680533f,0.20695265131212326f,0.3124773537294911f,0.7452182149569737f,-0.6561094863557937f,0.11088817476296883f,0f,0f,0f,1f],start_interpolation:0}
execute if entity @s[tag=aj.dino.bone.neck_0] run data modify entity @s {} merge value {transformation:[-0.9157679240000146f,-0.3968982788764557f,0.06197471740646246f,-0.654151368461824f,-0.3796754752154844f,0.9055698497896093f,0.18918187194316555f,0.20460909190035353f,-0.13120839490139216f,0.14971640984518536f,-0.9799843640234618f,0.04513276697707585f,0f,0f,0f,1f],start_interpolation:0}
execute if entity @s[tag=aj.dino.bone.neck_1] run data modify entity @s {} merge value {transformation:[-0.9603477840500562f,-0.22883072468378923f,0.15927533742183336f,-0.6417128514381687f,-0.12977079807178243f,0.8724990576856849f,0.4710678659231644f,0.24853421700616152f,-0.24676238294756297f,0.43171969352611617f,-0.8675980823997693f,-0.02637529916390293f,0f,0f,0f,1f],start_interpolation:0}
execute if entity @s[tag=aj.dino.bone.neck_2] run data modify entity @s {} merge value {transformation:[-0.7847602190175196f,-0.33284543397849875f,0.5228434906616318f,-0.5991666051570755f,-0.031424865826746536f,0.8638511608035434f,0.5027659990354773f,0.30103793203790435f,-0.6190023234652242f,0.37812046897521356f,-0.6883756492545469f,-0.08298013313941022f,0f,0f,0f,1f],start_interpolation:0}
execute if entity @s[tag=aj.dino.bone.body_0] run data modify entity @s {} merge value {transformation:[-0.6106545915303982f,-0.10117725282156143f,0.7854069858069284f,-0.2299710778271584f,0.10814783249104681f,0.9718567314880868f,0.209281006755943f,0.4089294359065433f,-0.7844775434455287f,0.21273847083396652f,-0.5825266748028751f,-0.35549617064119265f,0f,0f,0f,1f],start_interpolation:0}
execute if entity @s[tag=aj.dino.bone.leg_left_3] run data modify entity @s {} merge value {transformation:[0.20535170801595462f,0.04531222391041452f,0.977638725899922f,-0.04926967462862113f,-0.027789283725636865f,0.9987948206776502f,-0.040455678186337676f,-0.0045994046953232726f,-0.9782936326711662f,-0.018860237320694848f,0.2063634166301307f,0.0663250123675291f,0f,0f,0f,1f],start_interpolation:0}
execute if entity @s[tag=aj.dino.bone.leg_left_2] run data modify entity @s {} merge value {transformation:[0.41684163867305f,0.08656858381907957f,0.933172614292029f,0.0003952292198208529f,-0.2515098086813318f,0.9941831982000637f,0.020119245872225657f,0.2273748432751448f,-0.9028001240064939f,-0.23699757005704983f,0.4252602584084334f,0.02282308516566324f,0f,0f,0f,1f],start_interpolation:0}
execute if entity @s[tag=aj.dino.bone.leg_left_1] run data modify entity @s {} merge value {transformation:[0.4534281071725086f,-0.8865704436335267f,-0.09162859870917872f,-0.24462892186766264f,0.14900662907684253f,-0.02595469433041253f,0.9884955125509528f,0.16493010863503055f,-0.8787490973634696f,-0.4618649178251868f,0.12033628532251262f,-0.09153252754901471f,0f,0f,0f,1f],start_interpolation:0}
execute if entity @s[tag=aj.dino.bone.leg_left_0] run data modify entity @s {} merge value {transformation:[0.44057116537194524f,0.24598418948487466f,0.8633590369980935f,-0.16710266858476733f,0.09379554481660535f,0.9438496780578651f,-0.3167809669197638f,0.5722102535391635f,-0.8928042585109921f,0.22054379101106786f,0.39276073152888413f,-0.14072441898691204f,0f,0f,0f,1f],start_interpolation:0}
execute if entity @s[tag=aj.dino.bone.leg_right_3] run data modify entity @s {} merge value {transformation:[0.6753452296570841f,-0.2118581198428512f,0.7064169858065932f,-0.02807948244241735f,0.19693901862506996f,0.9748741640297043f,0.10409316620402989f,0.03060297647812349f,-0.7107206509750611f,0.06882224468903672f,0.7000997464030019f,-0.7098546508441057f,0f,0f,0f,1f],start_interpolation:0}
execute if entity @s[tag=aj.dino.bone.leg_right_2] run data modify entity @s {} merge value {transformation:[0.6922042447228116f,-0.05054704126975051f,0.7552221393121964f,-0.01759604816082605f,0.28579714527413846f,0.965107926281279f,-0.19735471082012912f,0.24902570879377758f,-0.7008819264623459f,0.34361881023689295f,0.6653967522542524f,-0.6081065320435929f,0f,0f,0f,1f],start_interpolation:0}
execute if entity @s[tag=aj.dino.bone.leg_right_1] run data modify entity @s {} merge value {transformation:[0.5765402333095925f,-0.7593577518309346f,0.3016242100853138f,-0.22840467733167713f,-0.0812259243082011f,0.3140589583648822f,0.9459224703383695f,0.2825598677727833f,-0.8130213457195321f,-0.5698620669995803f,0.11938808985559138f,-0.7854439722767343f,0f,0f,0f,1f],start_interpolation:0}
execute if entity @s[tag=aj.dino.bone.leg_right_0] run data modify entity @s {} merge value {transformation:[0.6184209995285094f,0.7045779703665277f,0.34803067539563787f,-0.052003627783969775f,-0.052593691793220626f,0.47898868269299943f,-0.8762441129249229f,0.548073503432351f,-0.784085053374772f,0.5235835420696582f,0.33327301653159885f,-0.5158285840627849f,0f,0f,0f,1f],start_interpolation:0}
execute if entity @s[tag=aj.dino.bone.tail_4] run data modify entity @s {} merge value {transformation:[0.990613627396558f,-1.1135377052498583f,-2.3247321892646293f,-0.17297327067338678f,-2.524636720070138f,-0.9216964633772797f,-0.6343078059359741f,0.21852531038144077f,-0.5201494059303812f,2.352906870231947f,-1.3486790526754597f,0.5906125402085625f,0f,0f,0f,1f],start_interpolation:0}
execute if entity @s[tag=aj.dino.bone.tail_3] run data modify entity @s {} merge value {transformation:[0.7829652288317387f,0.3202065530870556f,-1.9027292870624068f,0.14652583020716106f,-1.837602001685361f,-0.5023684873142478f,-0.8407082207282105f,0.3659944270179016f,-0.5883280206541772f,1.9952541673576694f,0.09368283620512448f,0.5552022647260264f,0f,0f,0f,1f],start_interpolation:0}
execute if entity @s[tag=aj.dino.bone.tail_2] run data modify entity @s {} merge value {transformation:[1.0412335728197366f,0.9738729570794326f,-1.3364796988002419f,0.3959761580035055f,-1.5771758139598877f,0.11006515704021239f,-1.1485538681613743f,0.5783680380677902f,-0.497114648442176f,1.690630355718793f,0.8446418777382144f,0.3982198859025815f,0f,0f,0f,1f],start_interpolation:0}
execute if entity @s[tag=aj.dino.bone.tail_1] run data modify entity @s {} merge value {transformation:[1.3664833905364655f,0.6391950594044286f,-0.10866954228731966f,0.41024163196495f,-0.6352377157587384f,1.26911777767456f,-0.5229429805131789f,0.6759927674904213f,-0.12981693982522663f,0.5180984389315951f,1.4150539988675548f,0.08750685840511471f,0f,0f,0f,1f],start_interpolation:0}
execute if entity @s[tag=aj.dino.bone.tail_0] run data modify entity @s {} merge value {transformation:[1.100515178324057f,-0.08413285295072258f,0.644688856671782f,0.2198182884711164f,0.0525253110171036f,1.274830693932232f,0.07670404223277794f,0.6843419991383509f,-0.6480302080651439f,-0.03954846958686723f,1.101057893379095f,-0.23520222402718985f,0f,0f,0f,1f],start_interpolation:0}
execute if entity @s[tag=aj.dino.bone.body_1] run data modify entity @s {} merge value {transformation:[0.3619994869781931f,-0.4033064252391149f,1.1112627474385262f,-0.01136918419515175f,-0.07591280600773226f,1.1518660197136086f,0.44277140102925694f,0.5038175f,-1.1797449776828075f,-0.197871663070347f,0.31249510018913523f,-0.29452489675914206f,0f,0f,0f,1f],start_interpolation:0}