execute if entity @s[tag=aj.dino.bone.head_lower] run data modify entity @s {} merge value {transformation:[-0.8616137911367919f,-0.12298991646084274f,-0.49243797109061366f,-0.6646258773956659f,-0.31114737768708045f,0.8945084174181283f,0.3210015584488167f,0.16372293456607726f,0.4010099553394386f,0.4298001531142942f,-0.8089887787241494f,0.09791312186082785f,0f,0f,0f,1f],start_interpolation:0}
execute if entity @s[tag=aj.dino.bone.head_upper] run data modify entity @s {} merge value {transformation:[-0.8968534361885405f,0.07788009275246573f,-0.5225519569700056f,-0.6991788646932291f,-0.3238731757897414f,0.7323520072227461f,0.665010260149563f,0.22591122115647672f,0.41741109542534033f,0.7355726825087985f,-0.606772402755873f,0.07273049746300847f,0f,0f,0f,1f],start_interpolation:0}
execute if entity @s[tag=aj.dino.bone.neck_0] run data modify entity @s {} merge value {transformation:[-0.9571982318912137f,-0.28181241077941654f,0.06597961802729627f,-0.6900288603759003f,-0.26646358750433374f,0.9470310410209288f,0.1792466565298671f,0.22221565762291967f,-0.11299867874738523f,0.15399341698108146f,-0.9815891839908568f,0.0067960111492500405f,0f,0f,0f,1f],start_interpolation:0}
execute if entity @s[tag=aj.dino.bone.neck_1] run data modify entity @s {} merge value {transformation:[-0.9320980156109282f,-0.23168313137057478f,0.2784173412926987f,-0.667510592566637f,-0.0769478318579899f,0.8777853822081765f,0.47283385449225185f,0.2663147385754139f,-0.3539383003667792f,0.4193038867217551f,-0.8360095275255571f,-0.06209328786407208f,0f,0f,0f,1f],start_interpolation:0}
execute if entity @s[tag=aj.dino.bone.neck_2] run data modify entity @s {} merge value {transformation:[-0.7256682911621426f,-0.3306423664760868f,0.6033913793657555f,-0.6178861777181315f,0.0060229267184741045f,0.8738791488175666f,0.4861059119323989f,0.3174570852964236f,-0.6880183540833483f,0.35638582849627787f,-0.6321549538613631f,-0.1139855629823601f,0f,0f,0f,1f],start_interpolation:0}
execute if entity @s[tag=aj.dino.bone.body_0] run data modify entity @s {} merge value {transformation:[-0.49490316017947955f,-0.07344272086749387f,0.8658389161939672f,-0.21051917713151447f,0.1610507066127898f,0.9714057992486023f,0.17445183600554381f,0.4089294359065433f,-0.8538931619025212f,0.2257807342041465f,-0.46892379777353077f,-0.33283674668957125f,0f,0f,0f,1f],start_interpolation:0}
execute if entity @s[tag=aj.dino.bone.leg_left_3] run data modify entity @s {} merge value {transformation:[0.06849234960680281f,0.039867968863567645f,0.9968547251751545f,-0.01222617126628043f,-0.01323067734184552f,0.9991496347743991f,-0.03905069150809182f,-0.0242330964666862f,-0.9975639063350354f,-0.010514389610327184f,0.06896158632678606f,0.052154841607490614f,0f,0f,0f,1f],start_interpolation:0}
execute if entity @s[tag=aj.dino.bone.leg_left_2] run data modify entity @s {} merge value {transformation:[0.27828112803636174f,0.09696671112145915f,0.9824557344805879f,0.04117063035101015f,-0.24715750984615711f,0.9950778077662266f,-0.028204987475640472f,0.206463000495548f,-0.9557902377646211f,-0.2290847287056513f,0.2933383847511291f,0.006338201732323759f,0f,0f,0f,1f],start_interpolation:0}
execute if entity @s[tag=aj.dino.bone.leg_left_1] run data modify entity @s {} merge value {transformation:[0.35221249542326943f,-0.9358645250958224f,0.010195525238270386f,-0.22062977975569786f,0.14764210344486908f,0.06631567953335799f,0.9868150991641764f,0.16920154119031067f,-0.9242013673210444f,-0.3460633198060722f,0.16153021799871436f,-0.0778372969485232f,0f,0f,0f,1f],start_interpolation:0}
execute if entity @s[tag=aj.dino.bone.leg_left_0] run data modify entity @s {} merge value {transformation:[0.3341639462848064f,0.3320918298739926f,0.8820711272535272f,-0.1231907153589476f,0.09379554481660532f,0.9195067215079826f,-0.38171951073294313f,0.5722102535391635f,-0.9378362611756497f,0.21029124002816751f,0.27611726058233743f,-0.12679528980830657f,0f,0f,0f,1f],start_interpolation:0}
execute if entity @s[tag=aj.dino.bone.leg_right_3] run data modify entity @s {} merge value {transformation:[0.5676025543394181f,-0.16834632185305073f,0.8059074737374738f,-0.12754494112627013f,0.1620551102201016f,0.9825663277680305f,0.0911128574241773f,0.046693232951098035f,-0.8071960614119217f,0.07888553387660363f,0.5849885391920807f,-0.7315547594361993f,0f,0f,0f,1f],start_interpolation:0}
execute if entity @s[tag=aj.dino.bone.leg_right_2] run data modify entity @s {} merge value {transformation:[0.5984823379785491f,0.14728233255885445f,0.8198713345058767f,-0.06880441920566616f,0.2468392883909065f,0.9328419775483727f,-0.34776200213796626f,0.25300699884243405f,-0.7955824635668481f,0.4002198882369027f,0.5088563493022766f,-0.6213038947944847f,0f,0f,0f,1f],start_interpolation:0}
execute if entity @s[tag=aj.dino.bone.leg_right_1] run data modify entity @s {} merge value {transformation:[0.41542439089870753f,-0.8046719558883025f,0.42417640063225037f,-0.30163193286493656f,-0.09403007822874343f,0.42583216833299564f,0.8999029441007045f,0.31909214642746325f,-0.9047546185760725f,-0.4137269725552261f,0.10123770219415745f,-0.7570886060534212f,0f,0f,0f,1f],start_interpolation:0}
execute if entity @s[tag=aj.dino.bone.leg_right_0] run data modify entity @s {} merge value {transformation:[0.46465146902731314f,0.8341628357741571f,0.2971049911125301f,-0.052326336398913306f,-0.07175538994816433f,0.3698913093155686f,-0.9262999424086138f,0.548073503432351f,-0.8825815409038118f,0.4090877445072524f,0.2317262198151564f,-0.5127087045079513f,0f,0f,0f,1f],start_interpolation:0}
execute if entity @s[tag=aj.dino.bone.tail_4] run data modify entity @s {} merge value {transformation:[0.946368173520639f,-0.9312188156209165f,-2.421338499504104f,-0.18194657320037938f,-2.5295714256916666f,-0.9031091653856997f,-0.6413451249682753f,0.23235580569294978f,-0.5756014368219017f,2.437803659942678f,-1.1625221000474097f,0.4960253548651111f,0f,0f,0f,1f],start_interpolation:0}
execute if entity @s[tag=aj.dino.bone.tail_3] run data modify entity @s {} merge value {transformation:[0.8401183074605082f,0.1324817790614727f,-1.9006828598508594f,0.13904256353880645f,-1.8454614946180958f,-0.45990207193194316f,-0.8477661718652696f,0.3806061228084639f,-0.47372843211705046f,2.026544889335998f,-0.06813743577878673f,0.4877476133043091f,0f,0f,0f,1f],start_interpolation:0}
execute if entity @s[tag=aj.dino.bone.tail_2] run data modify entity @s {} merge value {transformation:[1.0858447554901751f,0.7378441425327862f,-1.4475154794707084f,0.4091110242223491f,-1.5867879370323923f,0.10759634654628988f,-1.1354738852572313f,0.5905404985079974f,-0.3490259085880919f,1.8063175032487293f,0.6589171932756864f,0.3654280792436797f,0f,0f,0f,1f],start_interpolation:0}
execute if entity @s[tag=aj.dino.bone.tail_1] run data modify entity @s {} merge value {transformation:[1.3747299107680147f,0.5915939652140823f,-0.2186103903341406f,0.44760853777878606f,-0.6306699207932106f,1.293962317895529f,-0.46429863328801174f,0.6752375559228956f,0.005419727525604662f,0.5131611347215503f,1.4227763444634713f,0.05298444126387142f,0f,0f,0f,1f],start_interpolation:0}
execute if entity @s[tag=aj.dino.bone.tail_0] run data modify entity @s {} merge value {transformation:[1.086325059805257f,-0.07460203362164296f,0.6694535963027215f,0.2501783574267665f,0.04188045966848069f,1.2753749849127969f,0.07416462459062155f,0.6843419991383509f,-0.6722942868425171f,-0.04109624097440454f,1.0863550098566823f,-0.2654654673570713f,0f,0f,0f,1f],start_interpolation:0}
execute if entity @s[tag=aj.dino.bone.body_1] run data modify entity @s {} merge value {transformation:[0.2228764779452699f,-0.42351577711139093f,1.139984674095532f,0.013674682406999874f,-0.07591280600773226f,1.1518660197136086f,0.44277140102925694f,0.5038175f,-1.2137412889569976f,-0.14981206300933617f,0.1816398202876854f,-0.2976032756212241f,0f,0f,0f,1f],start_interpolation:0}