execute if entity @s[tag=aj.dino.bone.head_lower] run data modify entity @s {} merge value {transformation:[-0.7873584488362739f,-0.4293778241987052f,-0.4423814611085354f,-0.6047589201450485f,-0.5570661282233632f,0.8029081638326764f,0.21216929381291644f,0.14922473191863528f,0.2640908969131047f,0.4134890138047518f,-0.8713683685046214f,0.15113804099610828f,0f,0f,0f,1f],start_interpolation:0}
execute if entity @s[tag=aj.dino.bone.head_upper] run data modify entity @s {} merge value {transformation:[-0.8195610813276573f,-0.23670194708553668f,-0.5964593572092438f,-0.6514467516970562f,-0.5798499007568121f,0.6876148770927849f,0.5238624017587984f,0.20059863408115394f,0.274892104558977f,0.7447347928156018f,-0.6732580202303914f,0.12153356408189506f,0f,0f,0f,1f],start_interpolation:0}
execute if entity @s[tag=aj.dino.bone.neck_0] run data modify entity @s {} merge value {transformation:[-0.8949550113906904f,-0.44189395822824695f,0.0615244444758483f,-0.6400065159276428f,-0.42371799499894275f,0.8850067175756091f,0.19294084730849959f,0.19884614649549667f,-0.139708941377298f,0.1466043639439776f,-0.9792796189913361f,0.055876987510318964f,0f,0f,0f,1f],start_interpolation:0}
execute if entity @s[tag=aj.dino.bone.neck_1] run data modify entity @s {} merge value {transformation:[-0.9644549922113901f,-0.23578725960277513f,0.11929348769962811f,-0.6309870342240408f,-0.15546869625570173f,0.8713633941357801f,0.46535504708203723f,0.24228208900469744f,-0.2136727696340368f,0.43026759530458053f,-0.8770483133486624f,-0.016438326861306606f,0f,0f,0f,1f],start_interpolation:0}
execute if entity @s[tag=aj.dino.bone.neck_2] run data modify entity @s {} merge value {transformation:[-0.7997509396981335f,-0.3409526068941447f,0.4941151225210979f,-0.5910369827446467f,-0.05320316288770969f,0.860084754253703f,0.507369331906345f,0.2951522150467978f,-0.5979697800982057f,0.37948061261734306f,-0.7059933475160156f,-0.07457328668090929f,0f,0f,0f,1f],start_interpolation:0}
execute if entity @s[tag=aj.dino.bone.body_0] run data modify entity @s {} merge value {transformation:[-0.6436506588148305f,-0.11911700925813945f,0.7559927033461573f,-0.23587519503968563f,0.0806408904040245f,0.9717584648519916f,0.22177135248572263f,0.4089294359065433f,-0.7610590490902008f,0.2037072018704711f,-0.6158672744220319f,-0.36288865788191527f,0f,0f,0f,1f],start_interpolation:0}
execute if entity @s[tag=aj.dino.bone.leg_left_3] run data modify entity @s {} merge value {transformation:[0.24775146523789915f,0.03666649935827144f,0.9681295260951833f,-0.060153704533303404f,-0.03485335733382695f,0.9989740435287164f,-0.028915460197737317f,0.0020842557256259275f,-0.9681964960456296f,-0.026578716686406344f,0.24877523362318263f,0.07268969089174464f,0f,0f,0f,1f],start_interpolation:0}
execute if entity @s[tag=aj.dino.bone.leg_left_2] run data modify entity @s {} merge value {transformation:[0.4612083938989219f,0.07235075587650366f,0.9132986286105823f,-0.014348321290055366f,-0.2522622168610504f,0.9930014031019951f,0.04872562860048198f,0.23466592706299455f,-0.8807455880344902f,-0.2465274448459285f,0.46429907128510645f,0.02820705281944659f,0f,0f,0f,1f],start_interpolation:0}
execute if entity @s[tag=aj.dino.bone.leg_left_1] run data modify entity @s {} merge value {transformation:[0.48593646849077166f,-0.8652614079325326f,-0.12324140754360416f,-0.2525542727857787f,0.1494020548597144f,-0.05669709416411739f,0.9871496672324009f,0.16393294652522655f,-0.8611299405980567f,-0.4981045426975712f,0.10172064662413f,-0.09535732633582f,0f,0f,0f,1f],start_interpolation:0}
execute if entity @s[tag=aj.dino.bone.leg_left_0] run data modify entity @s {} merge value {transformation:[0.47479022490439543f,0.2175205202802688f,0.8527948555146395f,-0.18136494816892554f,0.09379554481660532f,0.9509514557727727f,-0.29477741524106016f,0.5722102535391635f,-0.8750866460572863f,0.21994579336883313f,0.43109999985103775f,-0.14584494068326995f,0f,0f,0f,1f],start_interpolation:0}
execute if entity @s[tag=aj.dino.bone.leg_right_3] run data modify entity @s {} merge value {transformation:[0.7092921350160842f,-0.22503978249070053f,0.6680282654954525f,0.003040449751966927f,0.20679147063528455f,0.9724047411007339f,0.10801068075570736f,0.027369166092457015f,-0.6739005526610149f,0.06153142108998655f,0.7362553424877987f,-0.6955777701831076f,0f,0f,0f,1f],start_interpolation:0}
execute if entity @s[tag=aj.dino.bone.leg_right_2] run data modify entity @s {} merge value {transformation:[0.7218238546188541f,-0.1115423961863416f,0.7201324990978275f,-0.0018244229096488207f,0.29652373630485906f,0.9708621599916962f,-0.14684188641106122f,0.2486776334587182f,-0.6656622238130088f,0.3115239311031526f,0.715478052520867f,-0.5998178236919028f,0f,0f,0f,1f],start_interpolation:0}
execute if entity @s[tag=aj.dino.bone.leg_right_1] run data modify entity @s {} merge value {transformation:[0.6262050946766738f,-0.7344828619796744f,0.26153796064648893f,-0.20276019074675666f,-0.07671385172153529f,0.2757794203082052f,0.9581548394119381f,0.2712535399446198f,-0.7758750958466347f,-0.6200650262614534f,0.11634946863806017f,-0.789892891256845f,0f,0f,0f,1f],start_interpolation:0}
execute if entity @s[tag=aj.dino.bone.leg_right_0] run data modify entity @s {} merge value {transformation:[0.6652930178345561f,0.6555028085891944f,0.3573531423567826f,-0.05183662495519081f,-0.04605684923620143f,0.5137754922955776f,-0.8566875218858221f,0.548073503432351f,-0.7451603633172011f,0.5534896669750167f,0.37200164178785866f,-0.516214131270135f,0f,0f,0f,1f],start_interpolation:0}
execute if entity @s[tag=aj.dino.bone.tail_4] run data modify entity @s {} merge value {transformation:[1.1524037676003178f,-1.1456559654771703f,-2.232733592882761f,-0.16550688006324984f,-2.4631410272612944f,-0.9864859095936765f,-0.7651425759917653f,0.2026546236430742f,-0.48016993642123107f,2.310839520723954f,-1.4335685798794287f,0.6147008536538145f,0f,0f,0f,1f],start_interpolation:0}
execute if entity @s[tag=aj.dino.bone.tail_3] run data modify entity @s {} merge value {transformation:[0.8255776376326728f,0.36091476139293976f,-1.8772606705766721f,0.14927532285500025f,-1.8163848103447684f,-0.4893366823241523f,-0.8928837315828058f,0.3588432523773661f,-0.5959138453116345f,1.9915410295510145f,0.12081615217027998f,0.5747261064400944f,0f,0f,0f,1f],start_interpolation:0}
execute if entity @s[tag=aj.dino.bone.tail_2] run data modify entity @s {} merge value {transformation:[1.0776923247171535f,1.0150832610678548f,-1.2755230697044893f,0.387430711792543f,-1.5470885412554185f,0.1550543682846903f,-1.1837436645637402f,0.5777915229152956f,-0.5136829506268373f,1.6626298418404686f,0.8891376216647353f,0.40945315185405806f,0f,0f,0f,1f],start_interpolation:0}
execute if entity @s[tag=aj.dino.bone.tail_1] run data modify entity @s {} merge value {transformation:[1.3807958308235426f,0.6115977359010645f,-0.08370981436495056f,0.3966488058483113f,-0.6003446190776911f,1.2827244080623421f,-0.53090552954888f,0.6769300411678962f,-0.14368528778126358f,0.5179020683505778f,1.4137850740736408f,0.09902883267225498f,0f,0f,0f,1f],start_interpolation:0}
execute if entity @s[tag=aj.dino.bone.tail_0] run data modify entity @s {} merge value {transformation:[1.1060621149954448f,-0.07647164158754283f,0.6360930768281772f,0.20892222768673402f,0.04218727069613379f,1.2750167286530678f,0.07992679419361276f,0.6843419991383509f,-0.6392828392402242f,-0.04816789669233432f,1.1058178067680147f,-0.22527920921318872f,0f,0f,0f,1f],start_interpolation:0}
execute if entity @s[tag=aj.dino.bone.body_1] run data modify entity @s {} merge value {transformation:[0.40738121035838076f,-0.39534725518752345f,1.0983376950277552f,-0.019796457930354974f,-0.07591280600773226f,1.1518660197136086f,0.44277140102925694f,0.5038175f,-1.1648529479669198f,-0.21333029672568754f,0.35526383036830095f,-0.29350376393852207f,0f,0f,0f,1f],start_interpolation:0}