execute if entity @s[tag=aj.dino.bone.head_lower] run data modify entity @s {} merge value {transformation:[-0.9494908877305317f,-0.3137650157138054f,0.00430917982942413f,0.5196452995984396f,-0.26583002736733063f,0.8115789974783016f,0.5202633250595312f,0.47667810194078114f,-0.16673767020853858f,0.49283977697242576f,-0.8539950254932392f,0.7042969773954173f,0f,0f,0f,1f],start_interpolation:0}
execute if entity @s[tag=aj.dino.bone.head_upper] run data modify entity @s {} merge value {transformation:[-0.9883246694175073f,-0.3242805947174904f,-0.039094581388637216f,0.5093617828735937f,-0.27670236472414306f,0.7650367667428275f,0.6493277211634009f,0.5385338464136972f,-0.17355717144603858f,0.6269232680359362f,-0.8125989581695876f,0.6623020651884844f,0f,0f,0f,1f],start_interpolation:0}
execute if entity @s[tag=aj.dino.bone.neck_0] run data modify entity @s {} merge value {transformation:[-0.8945663683309062f,-0.4456001524694137f,-0.03451835411036547f,0.5146517441075349f,-0.44281771150849936f,0.8732182508865737f,0.2034757004975498f,0.5376600827017288f,-0.06052674636579255f,0.19730785700987205f,-0.9784713192202125f,0.5958491562873992f,0f,0f,0f,1f],start_interpolation:0}
execute if entity @s[tag=aj.dino.bone.neck_1] run data modify entity @s {} merge value {transformation:[-0.8878571879514787f,-0.40761091854759185f,-0.21345480290609764f,0.4946915081567163f,-0.456631386056563f,0.8375856387237338f,0.29989677402702625f,0.5669239279463725f,0.05654547790013645f,0.36373566897479714f,-0.9297843685739732f,0.5187599016093545f,0f,0f,0f,1f],start_interpolation:0}
execute if entity @s[tag=aj.dino.bone.neck_2] run data modify entity @s {} merge value {transformation:[-0.8005194597458541f,-0.4031459090300125f,-0.4434433115975148f,0.45189549782034f,-0.5390666883567629f,0.8076854494919583f,0.2388541818412358f,0.5957570910359608f,0.2618696241878361f,0.43025293806241227f,-0.8638904497772757f,0.44728906420220904f,0f,0f,0f,1f],start_interpolation:0}
execute if entity @s[tag=aj.dino.bone.body_0] run data modify entity @s {} merge value {transformation:[-0.6691726295311591f,-0.477979429525709f,-0.5689847597577917f,0.1791817626988226f,-0.5205112080198094f,0.8479587973821735f,-0.10016965742148104f,0.556625374622994f,0.5303546683231071f,0.2291321515904211f,-0.8162244684493547f,0.0647883032228731f,0f,0f,0f,1f],start_interpolation:0}
execute if entity @s[tag=aj.dino.bone.leg_left_3] run data modify entity @s {} merge value {transformation:[-0.7871575094950592f,-0.2776327612183318f,-0.5507296116460602f,0.3634107564017499f,-0.30460933072715074f,0.9514482764074957f,-0.044264353097762305f,0.038986630800746075f,0.5362799743412883f,0.13291436047128544f,-0.8335091852529383f,-0.47042086025767754f,0f,0f,0f,1f],start_interpolation:0}
execute if entity @s[tag=aj.dino.bone.leg_left_2] run data modify entity @s {} merge value {transformation:[-0.7685776702836143f,-0.47683862168417035f,-0.4837101333572067f,0.2361192015946624f,-0.4001621139180689f,0.9081053146137049f,-0.2593785258182745f,0.24202790007544353f,0.5488359015468361f,-0.005644992593386549f,-0.8664926351288781f,-0.4976637512960692f,0f,0f,0f,1f],start_interpolation:0}
execute if entity @s[tag=aj.dino.bone.leg_left_1] run data modify entity @s {} merge value {transformation:[-0.90514577461862f,0.391453415331092f,-0.16575690126109965f,0.369282529893039f,-0.04262241123694158f,0.30438815030692373f,0.9515940226867123f,0.2751005218572102f,0.42295916676483936f,0.8683962675981248f,-0.2588309596459424f,-0.25644369544510004f,0f,0f,0f,1f],start_interpolation:0}
execute if entity @s[tag=aj.dino.bone.leg_left_0] run data modify entity @s {} merge value {transformation:[-0.8941582233528615f,-0.1666457065331579f,-0.4155842635429291f,0.23371435970745685f,-0.09337922293483136f,0.9771542431825305f,-0.1909185840992519f,0.6634472737216429f,0.43790568885839f,-0.13190448636964816f,-0.889291748607294f,-0.1849220196165036f,0f,0f,0f,1f],start_interpolation:0}
execute if entity @s[tag=aj.dino.bone.leg_right_3] run data modify entity @s {} merge value {transformation:[-0.97562542600208f,0.026503410584728784f,-0.21783617093044316f,-0.18093155594084567f,0.023944134785980363f,0.9996098656307633f,0.014380366580784842f,0.04477066079925257f,0.2181323143131493f,0.0088139526334238f,-0.9758794022272248f,0.1653549216979207f,0f,0f,0f,1f],start_interpolation:0}
execute if entity @s[tag=aj.dino.bone.leg_right_2] run data modify entity @s {} merge value {transformation:[-0.9580256337783317f,0.08212380444673165f,-0.357078094073993f,-0.17133766870470735f,0.18071516308762198f,0.9754699523724812f,-0.2605045131074266f,0.2638201765101095f,0.3187336103308439f,-0.30622908461202436f,-0.9255781073922623f,0.06487438099199641f,0f,0f,0f,1f],start_interpolation:0}
execute if entity @s[tag=aj.dino.bone.leg_right_1] run data modify entity @s {} merge value {transformation:[-0.7732635638999588f,0.5439388419418495f,-0.3258742042133659f,-0.02168336483950154f,-0.10149849130258254f,0.4011216664369992f,0.9103842402953295f,0.32248762617375487f,0.625908553231248f,0.7370427022512096f,-0.25496379752859316f,0.2910935343463267f,0f,0f,0f,1f],start_interpolation:0}
execute if entity @s[tag=aj.dino.bone.leg_right_0] run data modify entity @s {} merge value {transformation:[-0.8009226054468155f,-0.456204260293778f,-0.38781523045658195f,-0.07610562393998527f,-0.05980971728661106f,0.7054038103499276f,-0.7062777513569992f,0.6639019231959525f,0.5957732603955807f,-0.5424786974929161f,-0.5922593055106938f,0.05703846803138532f,0f,0f,0f,1f],start_interpolation:0}
execute if entity @s[tag=aj.dino.bone.tail_4] run data modify entity @s {} merge value {transformation:[-0.352247758175204f,-1.3478004401023247f,-2.3843273311608293f,-1.2442536055640872f,0.4533936378879911f,2.3421041552398107f,-1.390914687078653f,0.9102896512333977f,2.701114040092206f,-0.5688966789043461f,-0.07746510665047661f,-1.0562354080986442f,0f,0f,0f,1f],start_interpolation:0}
execute if entity @s[tag=aj.dino.bone.tail_3] run data modify entity @s {} merge value {transformation:[-0.6180200794315527f,0.07236602294857045f,-1.9871486774236267f,-0.908014781565132f,0.9585990349817013f,1.833988372484218f,-0.23134404200083547f,0.9315700356166854f,1.74214941884903f,-0.983460896202661f,-0.5776379437750709f,-0.9486654219916221f,0f,0f,0f,1f],start_interpolation:0}
execute if entity @s[tag=aj.dino.bone.tail_2] run data modify entity @s {} merge value {transformation:[-0.1256589270359212f,0.5494418726913477f,-1.8711219462109845f,-0.5601394751309816f,0.7377298107449891f,1.7490520950550146f,0.46405319751576274f,0.8462652623704058f,1.8051976167159987f,-0.6765384485155781f,-0.3198924308041553f,-0.8880242577227249f,0f,0f,0f,1f],start_interpolation:0}
execute if entity @s[tag=aj.dino.bone.tail_1] run data modify entity @s {} merge value {transformation:[-0.7996119735160664f,0.7788822279968215f,-1.0205975782454362f,-0.349275366920847f,0.851044057886063f,1.221803190847427f,0.265663743051005f,0.773349043488797f,0.9612496831451056f,-0.4338152691477721f,-1.0841861504869361f,-0.6503349018575914f,0f,0f,0f,1f],start_interpolation:0}
execute if entity @s[tag=aj.dino.bone.tail_0] run data modify entity @s {} merge value {transformation:[-1.0114656056535702f,0.4109730327865625f,-0.6647361969128049f,-0.14510648891092867f,0.20521346186709558f,1.188725562562961f,0.4226756304329856f,0.6785194657340118f,0.7540958030863231f,0.22774639363909757f,-1.0066314203997444f,-0.3506778783527158f,0f,0f,0f,1f],start_interpolation:0}
execute if entity @s[tag=aj.dino.bone.body_1] run data modify entity @s {} merge value {transformation:[-0.9744188514139999f,0.04598357546592231f,-0.7596038492876674f,0.028393445563595833f,0.0014299239620931075f,1.2342167452820274f,0.07288056009082129f,0.5784425000000004f,0.7609930698651165f,0.05656086552607739f,-0.9727769585904353f,-0.12833063759214222f,0f,0f,0f,1f],start_interpolation:0}