execute if entity @s[tag=aj.dino.bone.head_lower] run data modify entity @s {} merge value {transformation:[-0.7904215809724611f,-0.42211665498094175f,-0.44390455496727665f,-0.6062801373115655f,-0.551110695843213f,0.806390300339464f,0.2145033436700669f,0.1494787688628767f,0.2674148934898825f,0.4141886202035611f,-0.8700212995287329f,0.15009986909632456f,0f,0f,0f,1f],start_interpolation:0}
execute if entity @s[tag=aj.dino.bone.head_upper] run data modify entity @s {} merge value {transformation:[-0.8227494942919094f,-0.22911242720162187f,-0.5950316864904728f,-0.6527001181171901f,-0.5736508936737439f,0.6900337949445797f,0.5274940346631459f,0.2011592667402477f,0.27835205121074647f,0.7448709956225109f,-0.6716839123059347f,0.12060803949981833f,0f,0f,0f,1f],start_interpolation:0}
execute if entity @s[tag=aj.dino.bone.neck_0] run data modify entity @s {} merge value {transformation:[-0.8970175820656534f,-0.43768860317232683f,0.06154790100520462f,-0.6413259599340564f,-0.4196059948174498f,0.8870402175726939f,0.19258884059531167f,0.1993496815326793f,-0.1388894041255389f,0.14692970789341936f,-0.9793474329164331f,0.054941532197400514f,0f,0f,0f,1f],start_interpolation:0}
execute if entity @s[tag=aj.dino.bone.neck_1] run data modify entity @s {} merge value {transformation:[-0.9641961627404919f,-0.23498599392243918f,0.12291192951375607f,-0.6319962573859178f,-0.15298043003872608f,0.8714578593577552f,0.46600234697774406f,0.24284089402832704f,-0.21661659165834335f,0.43051455495010016f,-0.876204582386123f,-0.017301169375512127f,0f,0f,0f,1f],start_interpolation:0}
execute if entity @s[tag=aj.dino.bone.neck_2] run data modify entity @s {} merge value {transformation:[-0.7984979585542883f,-0.3400588582690063f,0.49675042334900377f,-0.59180658343161f,-0.05103577358185393f,0.8604391271288997f,0.5069909844568828f,0.2956813435281799f,-0.599830275994415f,0.3794792239615201f,-0.704414053367781f,-0.07529778477883176f,0f,0f,0f,1f],start_interpolation:0}
execute if entity @s[tag=aj.dino.bone.body_0] run data modify entity @s {} merge value {transformation:[-0.6407876544949125f,-0.11730776049972702f,0.7587028872842436f,-0.23535026084383384f,0.08334794603427104f,0.9717857476432247f,0.2206480921498468f,0.4089294359065433f,-0.7631803861072277f,0.20462490074289041f,-0.6129309490123547f,-0.3622205345965937f,0f,0f,0f,1f],start_interpolation:0}
execute if entity @s[tag=aj.dino.bone.leg_left_3] run data modify entity @s {} merge value {transformation:[0.24399659495422868f,0.03779002968506694f,0.9690395117368251f,-0.05922334835742017f,-0.03412480726490444f,0.9989562073551583f,-0.030364342833853787f,0.0014717559699315153f,-0.9691755048389716f,-0.025659490310613018f,0.24503149058258705f,0.07205152401781355f,0f,0f,0f,1f],start_interpolation:0}
execute if entity @s[tag=aj.dino.bone.leg_left_2] run data modify entity @s {} merge value {transformation:[0.45721873310771705f,0.07399044303023943f,0.9151713740804277f,-0.012984069669177561f,-0.2522083066753234f,0.9931585984938398f,0.045707414960956774f,0.233996876639553f,-0.8828387166634883f,-0.24540499603438376f,0.4609060509279781f,0.02772242037263839f,0f,0f,0f,1f],start_interpolation:0}
execute if entity @s[tag=aj.dino.bone.leg_left_1] run data modify entity @s {} merge value {transformation:[0.48300897551160094f,-0.8672947801457296f,-0.12042463995048722f,-0.25183351279024196f,0.1493673468195375f,-0.05390421749525581f,0.9873113647883915f,0.1640147488156275f,-0.8627813890432072f,-0.49486775977850384f,0.10350929935266376f,-0.09502459981831707f,0f,0f,0f,1f],start_interpolation:0}
execute if entity @s[tag=aj.dino.bone.leg_left_0] run data modify entity @s {} merge value {transformation:[0.4717080290870352f,0.22009631627580162f,0.8538437485024102f,-0.18007661764199442f,0.09379554481660535f,0.9503269775417471f,-0.2967844866715978f,0.5722102535391635f,-0.8767519210514348f,0.22008236485050292f,0.42763281166724f,-0.1453699718661445f,0f,0f,0f,1f],start_interpolation:0}
execute if entity @s[tag=aj.dino.bone.leg_right_3] run data modify entity @s {} merge value {transformation:[0.7062257843534945f,-0.22390720497914532f,0.6716477537167223f,0.00027645900079259836f,0.20593611587640712f,0.9726202350750884f,0.10770419908350468f,0.027616955130400245f,-0.6773739422889183f,0.06225304716162214f,0.7330000685041322f,-0.6970120172360404f,0f,0f,0f,1f],start_interpolation:0}
execute if entity @s[tag=aj.dino.bone.leg_right_2] run data modify entity @s {} merge value {transformation:[0.7191376548731859f,-0.1061633147737397f,0.7236246150045208f,-0.0032224682584951203f,0.29559933939423233f,0.9704451069000475f,-0.15139195666924835f,0.24868902456448f,-0.6689725430792228f,0.3146868992994495f,0.7109923287322518f,-0.600648280850493f,0f,0f,0f,1f],start_interpolation:0}
execute if entity @s[tag=aj.dino.bone.leg_right_1] run data modify entity @s {} merge value {transformation:[0.6217848222718859f,-0.7369422156684282f,0.2651411049951088f,-0.20510549539010572f,-0.07712923506952502f,0.2792767965365845f,0.9571079103287432f,0.2722623114522239f,-0.7793809825046474f,-0.6155653025325352f,0.11681028391421483f,-0.7895951759328181f,0f,0f,0f,1f],start_interpolation:0}
execute if entity @s[tag=aj.dino.bone.leg_right_0] run data modify entity @s {} merge value {transformation:[0.6611324875102864f,0.6600639890554634f,0.3566782363849112f,-0.051852352081058956f,-0.04665416764660932f,0.5106488656896532f,-0.8585226407096513f,0.548073503432351f,-0.7488172157473835f,0.5509566828000729f,0.3684012908205899f,-0.5161926539823953f,0f,0f,0f,1f],start_interpolation:0}
execute if entity @s[tag=aj.dino.bone.tail_4] run data modify entity @s {} merge value {transformation:[1.0148190312374599f,-1.1608567962410687f,-2.290898331235847f,-0.16779411400439237f,-2.518166327971972f,-0.9337593466132121f,-0.6423341489292175f,0.21299063540432592f,-0.5046206596111762f,2.325116408447842f,-1.4017321458325025f,0.6183981715821283f,0f,0f,0f,1f],start_interpolation:0}
execute if entity @s[tag=aj.dino.bone.tail_3] run data modify entity @s {} merge value {transformation:[0.7689089316015104f,0.3789188614500458f,-1.8976683264957737f,0.1502722889571907f,-1.8326672568058577f,-0.5130538820048061f,-0.8450159560836316f,0.36129474974422937f,-0.6213334907918286f,1.9822062800429336f,0.14404333592097077f,0.5745763001969122f,0f,0f,0f,1f],start_interpolation:0}
execute if entity @s[tag=aj.dino.bone.tail_2] run data modify entity @s {} merge value {transformation:[1.0291703355203297f,1.0423976938736652f,-1.2934408928492305f,0.39172918228837267f,-1.5707252867652515f,0.11534198886329161f,-1.1568457866647803f,0.5752158357806816f,-0.5407442732049654f,1.6489018007191036f,0.8986057854165581f,0.4075199576624855f,0f,0f,0f,1f],start_interpolation:0}
execute if entity @s[tag=aj.dino.bone.tail_1] run data modify entity @s {} merge value {transformation:[1.3633859346946875f,0.6507164758377448f,-0.0735058579298294f,0.39828994550685115f,-0.6321425018772452f,1.2634570001965943f,-0.5401189831644512f,0.676602889417167f,-0.17097046644690161f,0.5175912738131603f,1.4108595333609226f,0.09775504883688649f,0f,0f,0f,1f],start_interpolation:0}
execute if entity @s[tag=aj.dino.bone.tail_0] run data modify entity @s {} merge value {transformation:[1.1044582946574926f,-0.08932524226519467f,0.6372037296191511f,0.20992862850474697f,0.05763490722072247f,1.2744843178631482f,0.07876330093763291f,0.6843419991383509f,-0.6408477271676563f,-0.039324816581869586f,1.105261718313305f,-0.22617709180176274f,0f,0f,0f,1f],start_interpolation:0}
execute if entity @s[tag=aj.dino.bone.body_1] run data modify entity @s {} merge value {transformation:[0.4032798017104987f,-0.3960954746057057f,1.099580998192253f,-0.019028709794635116f,-0.07591280600773226f,1.1518660197136086f,0.44277140102925694f,0.5038175f,-1.166279230061405f,-0.21193782739817701f,0.3513967983652772f,-0.2935964084457416f,0f,0f,0f,1f],start_interpolation:0}