execute if entity @s[tag=aj.dino.bone.head_lower] run data modify entity @s {} merge value {transformation:[-0.8280052661271854f,-0.3140095761709319f,-0.46454845316565246f,-0.6284200393591078f,-0.46302989254454224f,0.8501692745978564f,0.2506302518451113f,0.15399991836904348f,0.3162445222859015f,0.42262298872956017f,-0.8493404567789384f,0.13358410499213474f,0f,0f,0f,1f],start_interpolation:0}
execute if entity @s[tag=aj.dino.bone.head_upper] run data modify entity @s {} merge value {transformation:[-0.8618703365095931f,-0.1169263568512062f,-0.5718213818159059f,-0.6707329985815628f,-0.48196762222049216f,0.7177439252610278f,0.5796747462720142f,0.20992830179451888f,0.32917879147884394f,0.7447441355310584f,-0.648436148295367f,0.10570784446370773f,0f,0f,0f,1f],start_interpolation:0}
execute if entity @s[tag=aj.dino.bone.neck_0] run data modify entity @s {} merge value {transformation:[-0.9239369029664892f,-0.3774337998270576f,0.06232436188843421f,-0.6602779831123392f,-0.36058965293864026f,0.9136733518417134f,0.1875529480651249f,0.20734171097186757f,-0.12773293048498877f,0.15081356995455356f,-0.980275249910595f,0.03991469547575189f,0f,0f,0f,1f],start_interpolation:0}
execute if entity @s[tag=aj.dino.bone.neck_1] run data modify entity @s {} merge value {transformation:[-0.9575784221808153f,-0.22700729740324188f,0.17751409042488975f,-0.6462860040241388f,-0.1193534178337872f,0.8731039599747631f,0.4726988858964876f,0.2514077915857862f,-0.26229435187417466f,0.43145933991752133f,-0.8631596092107432f,-0.03121857314768637f,0f,0f,0f,1f],start_interpolation:0}
execute if entity @s[tag=aj.dino.bone.neck_2] run data modify entity @s {} merge value {transformation:[-0.7771054056945156f,-0.33040528167068683f,0.5356673765355474f,-0.6025923985451579f,-0.023043864107022555f,0.8654826757675769f,0.5004085513589994f,0.30372095007140676f,-0.6289484627275744f,0.37652634408538965f,-0.6801850802849996f,-0.08712145933119347f,0f,0f,0f,1f],start_interpolation:0}
execute if entity @s[tag=aj.dino.bone.body_0] run data modify entity @s {} merge value {transformation:[-0.5946242319747955f,-0.09445781794688807f,0.7984358104300536f,-0.2271924240119793f,0.11899806839631544f,0.9717977340336665f,0.2035893510107461f,0.4089294359065433f,-0.7951487172009586f,0.21607148066263504f,-0.5666141833540052f,-0.35210624820008607f,0f,0f,0f,1f],start_interpolation:0}
execute if entity @s[tag=aj.dino.bone.leg_left_3] run data modify entity @s {} merge value {transformation:[0.1853632150574148f,0.04685242803985143f,0.9815525092883972f,-0.043924275532791726f,-0.025147516142603764f,0.9987617634468362f,-0.04292484488526449f,-0.007613741384282613f,-0.9823482482986551f,-0.016726920318369646f,0.18631191373937123f,0.06382728910299729f,0f,0f,0f,1f],start_interpolation:0}
execute if entity @s[tag=aj.dino.bone.leg_left_2] run data modify entity @s {} merge value {transformation:[0.3963421982652892f,0.09057349869755627f,0.9416854584778382f,0.0069054507877413795f,-0.25105201940021354f,0.994451995571637f,0.010015565853141917f,0.22411162409926122f,-0.9121118050601075f,-0.23435842066793236f,0.4064362006917194f,0.020344350153181687f,0f,0f,0f,1f],start_interpolation:0}
execute if entity @s[tag=aj.dino.bone.leg_left_1] run data modify entity @s {} merge value {transformation:[0.4384356779667974f,-0.8954729523830822f,-0.07682673906994075f,-0.24102368525398948f,0.14881700439731085f,-0.01197021507558621f,0.9887923003104622f,0.1654540714419046f,-0.886356393042892f,-0.44495494772096905f,0.12801343293039316f,-0.089673015192549f,0f,0f,0f,1f],start_interpolation:0}
execute if entity @s[tag=aj.dino.bone.leg_left_0] run data modify entity @s {} merge value {transformation:[0.4247957498373827f,0.2589976046161542f,0.8674496018347059f,-0.16055523609920852f,0.0937955448166053f,0.9404530750954629f,-0.3267268114435111f,0.5722102535391635f,-0.9004171070635276f,0.22015506886415706f,0.37520764779088167f,-0.13847378957922293f,0f,0f,0f,1f],start_interpolation:0}
execute if entity @s[tag=aj.dino.bone.leg_right_3] run data modify entity @s {} merge value {transformation:[0.6597089075025847f,-0.20543417153923876f,0.7228976127542076f,-0.04268261088450055f,0.19213728579832492f,0.9760494761348462f,0.10203275720544419f,0.032439147185250955f,-0.7265448511742401f,0.071583666439202f,0.6833800976991664f,-0.7152224258808932f,0f,0f,0f,1f],start_interpolation:0}
execute if entity @s[tag=aj.dino.bone.leg_right_2] run data modify entity @s {} merge value {transformation:[0.6786245148284406f,-0.02166724727997035f,0.7688052404672241f,-0.025026492591169985f,0.2805144899743097f,0.9616391789660226f,-0.22050829892024687f,0.2493459653545479f,-0.7161302872306203f,0.35614999561077726f,0.6421657043459474f,-0.6112475934237112f,0f,0f,0f,1f],start_interpolation:0}
execute if entity @s[tag=aj.dino.bone.leg_right_1] run data modify entity @s {} merge value {transformation:[0.5532382437140091f,-0.7690650813113037f,0.32010364946353936f,-0.23991645368105402f,-0.08323571721999236f,0.33130903413762003f,0.9398436781069877f,0.28784880091866133f,-0.8288541856509577f,-0.546601522689459f,0.11927914454108346f,-0.7825754135116251f,0f,0f,0f,1f],start_interpolation:0}
execute if entity @s[tag=aj.dino.bone.leg_right_0] run data modify entity @s {} merge value {transformation:[0.5963380222469487f,0.7260230964981397f,0.3424491591081087f,-0.0520732683519206f,-0.05554041052771659f,0.4628987267927007f,-0.8846694476086022f,0.548073503432351f,-0.8008097314724706f,0.5085422618474787f,0.3163677320683005f,-0.5155448525424363f,0f,0f,0f,1f],start_interpolation:0}
execute if entity @s[tag=aj.dino.bone.tail_4] run data modify entity @s {} merge value {transformation:[0.9803840131430354f,-1.0884986469044622f,-2.340871464660268f,-0.17513659687942235f,-2.526970819989133f,-0.916891829699216f,-0.6319724512621372f,0.22109640168891317f,-0.5281353929599936f,2.36646178923683f,-1.3215872798967967f,0.5765500907868433f,0f,0f,0f,1f],start_interpolation:0}
execute if entity @s[tag=aj.dino.bone.tail_3] run data modify entity @s {} merge value {transformation:[0.7905613694662671f,0.29114281108497714f,-1.904256839479801f,0.14490593197413387f,-1.8396638269214034f,-0.49653926254705566f,-0.8396614143275654f,0.36833097510298085f,-0.5714851276008515f,2.0011572028072178f,0.06870316316062146f,0.5453176789144984f,0f,0f,0f,1f],start_interpolation:0}
execute if entity @s[tag=aj.dino.bone.tail_2] run data modify entity @s {} merge value {transformation:[1.0475115850335257f,0.9390114938225843f,-1.3563741256351083f,0.3980509371258174f,-1.5798212075177087f,0.1083347393842767f,-1.1450774696598511f,0.5800559633834437f,-0.47503505818056935f,1.7103493425947798f,0.8172029703738016f,0.39345715187230557f,0f,0f,0f,1f],start_interpolation:0}
execute if entity @s[tag=aj.dino.bone.tail_1] run data modify entity @s {} merge value {transformation:[1.3679186711052607f,0.6329265560661733f,-0.12593146496340787f,0.41610623900631516f,-0.636020740499763f,1.2723002304235536f,-0.5141847832426651f,0.6757578723515207f,-0.10923541960257356f,0.5179887530539501f,1.4168315089712904f,0.08234330182268446f,0f,0f,0f,1f],start_interpolation:0}
execute if entity @s[tag=aj.dino.bone.tail_0] run data modify entity @s {} merge value {transformation:[1.0984831402568085f,-0.0819367029459802f,0.648426467585886f,0.22464367574493277f,0.05029081828060905f,1.2749682279829155f,0.07591157892442316f,0.6843419991383509f,-0.6516451033747086f,-0.039725444345839335f,1.0989159498812082f,-0.23974412565232578f,0f,0f,0f,1f],start_interpolation:0}
execute if entity @s[tag=aj.dino.bone.body_1] run data modify entity @s {} merge value {transformation:[0.3411880446412113f,-0.40672518832719085f,1.1165885251203183f,-0.0075516876748751224f,-0.07591280600773226f,1.1518660197136086f,0.44277140102925694f,0.5038175f,-1.1859310937546874f,-0.19074561296551423f,0.2928961369777195f,-0.29499030401990267f,0f,0f,0f,1f],start_interpolation:0}