execute if entity @s[tag=aj.dino.bone.head_lower] run data modify entity @s {} merge value {transformation:[-0.8308460857570835f,0.4601995908430854f,0.31290752367111596f,-0.6503615763408271f,0.5512715992547745f,0.6036996669523654f,0.5758874334248723f,0.9042426102170794f,0.07612099340665887f,0.6509708508907751f,-0.7552764696806882f,0.18300624080849898f,0f,0f,0f,1f],start_interpolation:0}
execute if entity @s[tag=aj.dino.bone.head_upper] run data modify entity @s {} merge value {transformation:[-0.8648273444786793f,0.579004024096044f,0.017318975317578776f,-0.6364347366397448f,0.5738183779677952f,0.8520587767038675f,0.16792930873383857f,0.9351300985868216f,0.07923431031991064f,0.14907086806617817f,-1.027118173797753f,0.11557136340854918f,0f,0f,0f,1f],start_interpolation:0}
execute if entity @s[tag=aj.dino.bone.neck_0] run data modify entity @s {} merge value {transformation:[-0.7146429397010153f,0.6874685127850982f,-0.12912208434089145f,-0.6557119966832078f,0.6380642435565698f,0.5650414832443865f,-0.5230699220061945f,0.8919295594392606f,-0.2866347673086315f,-0.4561964118031061f,-0.8424519832179739f,0.06859438056722952f,0f,0f,0f,1f],start_interpolation:0}
execute if entity @s[tag=aj.dino.bone.neck_1] run data modify entity @s {} merge value {transformation:[-0.6121999619205785f,0.6776274173161229f,0.4074706000755435f,-0.618072143997035f,0.5191187232735781f,0.7331603974702273f,-0.4393080726871617f,0.8580919780702996f,-0.5964285018099422f,-0.0574187676877483f,-0.8006098471452672f,0.0005076974243901633f,0f,0f,0f,1f],start_interpolation:0}
execute if entity @s[tag=aj.dino.bone.neck_2] run data modify entity @s {} merge value {transformation:[-0.40966675638460925f,0.46261394823094987f,0.7862324615630453f,-0.5446630039337518f,0.3114872505811707f,0.8810119291869976f,-0.35608099269069093f,0.8355222699223464f,-0.8574082116697367f,0.09902684248413175f,-0.5050196461811429f,-0.04276627654872814f,0f,0f,0f,1f],start_interpolation:0}
execute if entity @s[tag=aj.dino.bone.body_0] run data modify entity @s {} merge value {transformation:[-0.2270425531997948f,0.6803756017413949f,0.6968075197581849f,-0.2097788048238294f,0.23464557572658046f,0.7326314265974679f,-0.6388995590495431f,0.5413905337432673f,-0.9451947592049269f,0.01844541451943847f,-0.3259856344300254f,-0.19622636797940418f,0f,0f,0f,1f],start_interpolation:0}
execute if entity @s[tag=aj.dino.bone.leg_left_3] run data modify entity @s {} merge value {transformation:[-0.4379670418996696f,0.2665873727380869f,0.8585546242996177f,0.0852091345035702f,0.05023421561730508f,0.9607853060690555f,-0.2727051873784323f,0.026926228095200677f,-0.8975864269199745f,-0.07630706611052585f,-0.43418410596270895f,0.26010945045265016f,0f,0f,0f,1f],start_interpolation:0}
execute if entity @s[tag=aj.dino.bone.leg_left_2] run data modify entity @s {} merge value {transformation:[-0.3704103767747128f,0.23567793605359585f,0.9269920510639923f,0.1682188790918309f,-0.4916362593916077f,0.8057934273467499f,-0.40131401719464127f,0.2015903915637268f,-0.8204584942151171f,-0.5892495756493933f,-0.17803088599444375f,0.11598143662727561f,0f,0f,0f,1f],start_interpolation:0}
execute if entity @s[tag=aj.dino.bone.leg_left_1] run data modify entity @s {} merge value {transformation:[-0.1717363014760484f,-0.8985955425044547f,0.4037730720918031f,-0.09389582251157116f,-0.17442605142799547f,0.43112257039403995f,0.8852733373823445f,0.27523514715018893f,-0.9695783595659331f,0.08160502611947741f,-0.2307778680321693f,0.16970032378752287f,0f,0f,0f,1f],start_interpolation:0}
execute if entity @s[tag=aj.dino.bone.leg_left_0] run data modify entity @s {} merge value {transformation:[-0.20150124617471676f,0.51641422226655f,0.8322941780589784f,0.017681553342642233f,-0.22218664521023762f,0.8034742226251361f,-0.5523244230225143f,0.6098330088882555f,-0.9539551050653569f,-0.2962187107827047f,-0.04716071354396814f,-0.0536873184003438f,0f,0f,0f,1f],start_interpolation:0}
execute if entity @s[tag=aj.dino.bone.leg_right_3] run data modify entity @s {} merge value {transformation:[0.03323495641074131f,-0.0486564198069214f,0.9982624857641142f,-0.27335794475526004f,0.06239559050244845f,0.9969669286353138f,0.04651594880597146f,0.16990702366489507f,-0.9974979839369236f,0.06074122174472331f,0.03617009846173317f,-0.51009387764679f,0f,0f,0f,1f],start_interpolation:0}
execute if entity @s[tag=aj.dino.bone.leg_right_2] run data modify entity @s {} merge value {transformation:[0.030979072913423937f,0.25153802079472326f,0.9938969366271294f,-0.18405699044774204f,0.0637721170392303f,0.9919522756994719f,-0.25303359327106717f,0.39321085280046125f,-1.0232475817857836f,0.06943706740643957f,0.014320598459355767f,-0.49187818333732003f,0f,0f,0f,1f],start_interpolation:0}
execute if entity @s[tag=aj.dino.bone.leg_right_1] run data modify entity @s {} merge value {transformation:[-0.14704840517030662f,-0.9417644321684349f,0.30241779186968243f,-0.45887262303766885f,-0.28921268586579696f,0.3333169417381059f,0.8973604842451266f,0.43041016333678367f,-0.945903160408697f,0.044492366230865554f,-0.32138394557914274f,-0.4815842511641313f,0f,0f,0f,1f],start_interpolation:0}
execute if entity @s[tag=aj.dino.bone.leg_right_0] run data modify entity @s {} merge value {transformation:[-0.07690772789486078f,0.9783186289285497f,0.19229628618725988f,-0.08146455938400687f,-0.23950188284520316f,0.1690929758496689f,-0.9560577459713958f,0.6024788681765655f,-0.9678450544914989f,-0.11958355158493092f,0.2213045970753467f,-0.4340154287233085f,0f,0f,0f,1f],start_interpolation:0}
execute if entity @s[tag=aj.dino.bone.tail_4] run data modify entity @s {} merge value {transformation:[-1.6833484775155012f,-1.4414382737669482f,-1.6474996017498773f,1.0068927321386119f,-1.5677157710883827f,2.244333596263776f,-0.3617945568447236f,0.45932640949972814f,1.5278306502773813f,0.7147613190439658f,-2.186437991910936f,-1.3063801628928242f,0f,0f,0f,1f],start_interpolation:0}
execute if entity @s[tag=aj.dino.bone.tail_3] run data modify entity @s {} merge value {transformation:[-1.6739874834120592f,-1.2306839371128164f,-0.1383057423128304f,1.0423874835570175f,-1.1750080808389751f,1.6517880870533712f,-0.47633774937130513f,0.5239316459561567f,0.39123834345232f,-0.30489127315406733f,-2.0223549135133574f,-0.9604799034553382f,0f,0f,0f,1f],start_interpolation:0}
execute if entity @s[tag=aj.dino.bone.tail_2] run data modify entity @s {} merge value {transformation:[-1.4894738687495375f,-1.0443125712861978f,0.713899658753717f,0.9083252150521544f,-1.185898359421336f,1.5365969292668498f,-0.22647038016537618f,0.5655207260548397f,-0.4403255050946373f,-0.6058506461365505f,-1.8049466250119013f,-0.6254140285157737f,0f,0f,0f,1f],start_interpolation:0}
execute if entity @s[tag=aj.dino.bone.tail_1] run data modify entity @s {} merge value {transformation:[-0.9862583421491103f,-0.38554439014785014f,1.0799565990199846f,0.6815857294325478f,-0.655091764922664f,1.3585601174065105f,-0.1132494455744447f,0.5739096055161591f,-0.9411724135735166f,-0.5415959569807848f,-1.0528649283313933f,-0.39132962202707167f,0f,0f,0f,1f],start_interpolation:0}
execute if entity @s[tag=aj.dino.bone.tail_0] run data modify entity @s {} merge value {transformation:[-0.1659237672155804f,-0.2811044365535796f,1.2358338544508773f,0.3136628029131953f,-0.28517105028739503f,1.2226998370548772f,0.23982972528022595f,0.5333317107445832f,-1.2349018147751671f,-0.24458356608713339f,-0.22143193908993128f,-0.332524300004968f,0f,0f,0f,1f],start_interpolation:0}
execute if entity @s[tag=aj.dino.bone.body_1] run data modify entity @s {} merge value {transformation:[-0.3118257258550533f,0.21221888428737803f,1.1774262001938973f,0.025633256615146174f,-0.02312960339439065f,1.2154646660760715f,-0.22520049294717917f,0.5038175f,-1.196174875675809f,-0.0788250323733188f,-0.3025836679821929f,-0.25686841040940817f,0f,0f,0f,1f],start_interpolation:0}