execute if entity @s[tag=aj.dino.bone.head_lower] run data modify entity @s {} merge value {transformation:[-0.9499491190627818f,-0.18271401702145929f,-0.25340137958528647f,0.09405756570375767f,-0.23969546257215157f,0.9464906675906447f,0.21610530161506464f,0.3602526737353167f,0.20035657317434574f,0.2660282017901439f,-0.942913696707252f,0.690824256020036f,0f,0f,0f,1f],start_interpolation:0}
execute if entity @s[tag=aj.dino.bone.head_upper] run data modify entity @s {} merge value {transformation:[-0.9888016422203167f,0.005337551256981091f,-0.3251380713981227f,0.07145630463913344f,-0.24949890711824319f,0.6550243633608533f,0.7695227880537512f,0.4279324947560353f,0.20855107353527103f,0.8089416150339869f,-0.6209604301217577f,0.6662461902562484f,0f,0f,0f,1f],start_interpolation:0}
execute if entity @s[tag=aj.dino.bone.neck_0] run data modify entity @s {} merge value {transformation:[-0.979948965461233f,-0.15712594581075487f,0.12252127262044987f,0.08224585457527951f,-0.1474317367123576f,0.9854484273061805f,0.0845888889261098f,0.41745413410710897f,-0.13402950459297003f,0.06482927018601531f,-0.9888545179275423f,0.6012960106985034f,0f,0f,0f,1f],start_interpolation:0}
execute if entity @s[tag=aj.dino.bone.neck_1] run data modify entity @s {} merge value {transformation:[-0.996344857071734f,-0.013579785803877356f,0.08433572910828803f,0.08932763736147081f,0.010876480759588768f,0.9590798793583042f,0.282926646281942f,0.4458400955786407f,-0.08472678415348966f,0.2828097848865587f,-0.9554266050406105f,0.5216617066051218f,0f,0f,0f,1f],start_interpolation:0}
execute if entity @s[tag=aj.dino.bone.neck_2] run data modify entity @s {} merge value {transformation:[-0.9985010284452704f,0.049999009489045954f,-0.02226646006556779f,0.08786645001355528f,0.04001867676842644f,0.9444557520870495f,0.326192945753568f,0.48366385617152374f,0.03733901047753457f,0.3248129175383889f,-0.9450409339794539f,0.442049154452291f,0f,0f,0f,1f],start_interpolation:0}
execute if entity @s[tag=aj.dino.bone.body_0] run data modify entity @s {} merge value {transformation:[-0.9934682218082065f,0.043192324647546f,-0.1056187263167916f,0.03850020125334878f,0.030780608851887076f,0.9927205279398249f,0.11644100448545859f,0.5479989688610403f,0.10987923541755953f,0.11242942896953821f,-0.9875657836952616f,-0.022315865183875933f,0f,0f,0f,1f],start_interpolation:0}
execute if entity @s[tag=aj.dino.bone.leg_left_3] run data modify entity @s {} merge value {transformation:[-0.9994648529332345f,-0.010837372203893103f,-0.030863556419542693f,0.37633652867888034f,-0.010193082838334047f,0.9997284202098145f,-0.02095678618107666f,0.017408313636869704f,0.031082290993407632f,-0.020630976431152748f,-0.9993038847108013f,-0.19479348447201306f,0f,0f,0f,1f],start_interpolation:0}
execute if entity @s[tag=aj.dino.bone.leg_left_2] run data modify entity @s {} merge value {transformation:[-1.0107652004788048f,-0.16884799649060997f,0.043660772815456016f,0.336759540111954f,-0.17353808449189229f,0.948213025737447f,-0.3504836523340494f,0.22733465525765106f,0.017333269530608927f,-0.3527670781176112f,-0.9629730763964469f,-0.3067562690734332f,0f,0f,0f,1f],start_interpolation:0}
execute if entity @s[tag=aj.dino.bone.leg_left_1] run data modify entity @s {} merge value {transformation:[-0.9667834966993857f,-0.10914395390591805f,0.23112175976201754f,0.3141048047295511f,0.16693982537960278f,0.41509262573788464f,0.8943317095799832f,0.28934563893404297f,-0.19354783701177503f,0.9032085636129737f,-0.383084227558708f,-0.03721075060205292f,0f,0f,0f,1f],start_interpolation:0}
execute if entity @s[tag=aj.dino.bone.leg_left_0] run data modify entity @s {} merge value {transformation:[-0.9758659349208872f,0.1452618074391597f,0.16304810443697682f,0.2443967550879488f,0.06463677869989681f,0.9053466372439913f,-0.41972556899752617f,0.6864981189242664f,-0.20858514784203447f,-0.39905698055604166f,-0.8928861978825812f,-0.145460341904894f,0f,0f,0f,1f],start_interpolation:0}
execute if entity @s[tag=aj.dino.bone.leg_right_3] run data modify entity @s {} merge value {transformation:[-0.9348097115626472f,0.14711876894757359f,0.3232442899596389f,-0.26106738457061185f,0.20906990559290584f,0.963706933933156f,0.1660081927632752f,0.1475153823747601f,-0.2870898426338594f,0.22276672397938085f,-0.9316407080757904f,-0.4299318725904428f,0f,0f,0f,1f],start_interpolation:0}
execute if entity @s[tag=aj.dino.bone.leg_right_2] run data modify entity @s {} merge value {transformation:[-0.9639456264987167f,0.23935117265355108f,0.25608991546732424f,-0.19586520398546017f,0.2921100588342123f,0.9627265383881072f,0.19972862917423528f,0.3776448767078636f,-0.1937594957223111f,0.26063543107819415f,-0.9729278644302535f,-0.39894536664112784f,0f,0f,0f,1f],start_interpolation:0}
execute if entity @s[tag=aj.dino.bone.leg_right_1] run data modify entity @s {} merge value {transformation:[-0.9791794860947138f,-0.13370625708764455f,-0.15274217108220348f,-0.24358911519733578f,-0.12365676388334655f,-0.20384451920019597f,0.9711624049240882f,0.2682971771460259f,-0.16098614461248123f,0.969829907152617f,0.18306668849125873f,-0.1483881983961528f,0f,0f,0f,1f],start_interpolation:0}
execute if entity @s[tag=aj.dino.bone.leg_right_0] run data modify entity @s {} merge value {transformation:[-0.9811750871067375f,-0.0026429647270489465f,0.19310220914981233f,-0.14625980927136537f,-0.06864728999715812f,0.9393756354217176f,-0.33594786076427086f,0.6724568434100606f,-0.1805076120753149f,-0.34287961489930474f,-0.9218734032769207f,-0.18697898664627743f,0f,0f,0f,1f],start_interpolation:0}
execute if entity @s[tag=aj.dino.bone.tail_4] run data modify entity @s {} merge value {transformation:[-1.3148357435004585f,-0.628931456474497f,-2.3454879070825463f,-0.29339070574501214f,-0.8197414822276657f,2.6256231055302863f,-0.2445169556915947f,0.6834816725905646f,2.2858023102466203f,0.5798360650756069f,-1.4368574277599186f,-1.7672419093145537f,0f,0f,0f,1f],start_interpolation:0}
execute if entity @s[tag=aj.dino.bone.tail_3] run data modify entity @s {} merge value {transformation:[-1.3615828215354215f,-0.3161495670765133f,-1.5434011783659547f,-0.028593129226618857f,-0.21368104284042877f,2.0581446267407566f,-0.2330807443638889f,0.7028629925914213f,1.5608901812987075f,0.005972662716983774f,-1.3782349927605964f,-1.5336026332076123f,0f,0f,0f,1f],start_interpolation:0}
execute if entity @s[tag=aj.dino.bone.tail_2] run data modify entity @s {} merge value {transformation:[-1.7322490485253463f,-0.19185549588246792f,-0.883899642258951f,0.1343953282492515f,-0.08741104564409476f,1.93627114809188f,-0.24897233816056083f,0.749542512118942f,0.9002479758295573f,-0.18116121209967379f,-1.7249661075650555f,-1.2123126253401766f,0f,0f,0f,1f],start_interpolation:0}
execute if entity @s[tag=aj.dino.bone.tail_1] run data modify entity @s {} merge value {transformation:[-1.5035028574872027f,0.09524295073388912f,-0.1344030798133693f,0.16358952918820657f,0.10455615428120409f,1.5053718864185643f,-0.10285788342435677f,0.7531748748568287f,0.12729264758713282f,-0.11153705176359774f,-1.5030011037767548f,-0.8876417434131019f,0f,0f,0f,1f],start_interpolation:0}
execute if entity @s[tag=aj.dino.bone.tail_0] run data modify entity @s {} merge value {transformation:[-1.248663666189958f,0.014934498823388317f,0.2728584359443104f,0.0842143484452776f,0.03927064239032154f,1.2728644919144498f,0.11004325719301859f,0.7517341650607565f,-0.2704303643589836f,0.11588210626447715f,-1.2438948798288398f,-0.5213503070702736f,0f,0f,0f,1f],start_interpolation:0}
execute if entity @s[tag=aj.dino.bone.body_1] run data modify entity @s {} merge value {transformation:[-1.228659030508231f,-0.07114672294269903f,0.118066615185408f,0.0615577509470194f,-0.04416139784743321f,1.2063070160670175f,0.2673532288637993f,0.6083249462890625f,-0.13058082840518784f,0.2614691604343678f,-1.2013272328766265f,-0.259670356810179f,0f,0f,0f,1f],start_interpolation:0}