execute if entity @s[tag=aj.dino.bone.head_lower] run data modify entity @s {} merge value {transformation:[-0.831891405259623f,-0.29979608924164824f,-0.4669892875972457f,-0.6312550740372654f,-0.4515432956826768f,0.8548628145140271f,0.25557429543125487f,0.15467763414841668f,0.3225916024623021f,0.42347594174471026f,-0.8465239422392224f,0.13124625394915068f,0f,0f,0f,1f],start_interpolation:0}
execute if entity @s[tag=aj.dino.bone.head_upper] run data modify entity @s {} merge value {transformation:[-0.8659154171133229f,-0.10228546243697102f,-0.5685069191865847f,-0.6730120412327886f,-0.4700112283330585f,0.7202881564483276f,0.5862988653448221f,0.21112350853676878f,0.3357854645898426f,0.7444424749017424f,-0.6453878414688793f,0.10357541285309353f,0f,0f,0f,1f],start_interpolation:0}
execute if entity @s[tag=aj.dino.bone.neck_0] run data modify entity @s {} merge value {transformation:[-0.9269937335729729f,-0.3698345322436855f,0.06249029265841405f,-0.662668658991973f,-0.3531321911160444f,0.9167118106864878f,0.18691471784073715f,0.20844391897461445f,-0.12641310657531288f,0.15120143818097506f,-0.9803865827202978f,0.037768342580244724f,0f,0f,0f,1f],start_interpolation:0}
execute if entity @s[tag=aj.dino.bone.neck_1] run data modify entity @s {} merge value {transformation:[-0.9563156550212251f,-0.22650919638657196f,0.18480787838627033f,-0.6480565056433555f,-0.11541682615880486f,0.8733644485996099f,0.47319498746471034f,0.2525532259412282f,-0.26858764714847444f,0.4311938356175891f,-0.8613550672775068f,-0.03321328080195729f,0f,0f,0f,1f],start_interpolation:0}
execute if entity @s[tag=aj.dino.bone.neck_2] run data modify entity @s {} merge value {transformation:[-0.773903929220987f,-0.32964474569065594f,0.5407467521630254f,-0.6039104626415108f,-0.019960240747469625f,0.8661236004411418f,0.49943117398514125f,0.3047870338917006f,-0.632988386248611f,0.3757183125659649f,-0.6768762460575517f,-0.08883419942447812f,0f,0f,0f,1f],start_interpolation:0}
execute if entity @s[tag=aj.dino.bone.body_0] run data modify entity @s {} merge value {transformation:[-0.5880440629668717f,-0.09202225705746991f,0.8035770555556342f,-0.22606423679839244f,0.12304965813067956f,0.9717642806236435f,0.20132800236910808f,0.4089294359065433f,-0.7994141365045635f,0.21726961846991313f,-0.5601169085526714f,-0.35074543328399604f,0f,0f,0f,1f],start_interpolation:0}
execute if entity @s[tag=aj.dino.bone.leg_left_3] run data modify entity @s {} merge value {transformation:[0.17726130585949068f,0.047119341677943925f,0.9830351962594348f,-0.04173291675422211f,-0.024166118862678852f,0.998760434007215f,-0.043515447381758006f,-0.008817031479494725f,-0.9838670784938902f,-0.016042540371051916f,0.17818027038463075f,0.06288145534216105f,0f,0f,0f,1f],start_interpolation:0}
execute if entity @s[tag=aj.dino.bone.leg_left_2] run data modify entity @s {} merge value {transformation:[0.3880877364380936f,0.09181650332171037f,0.9449972688028393f,0.009476096119685362f,-0.25084867462410304f,0.9945332242801659f,0.006388093841096681f,0.22281547862963835f,-0.9157101346858525f,-0.23352857431450666f,0.3987499889817504f,0.019348831632603036f,0f,0f,0f,1f],start_interpolation:0}
execute if entity @s[tag=aj.dino.bone.leg_left_1] run data modify entity @s {} merge value {transformation:[0.43240232072377066f,-0.8988940736735826f,-0.07083556555297149f,-0.23958004296273036f,0.1487394315263859f,-0.00637548928445647f,0.9888558715230404f,0.16567601146803512f,-0.8893282940185278f,-0.43811961546008826f,0.1309442171582974f,-0.08890783808161878f,0f,0f,0f,1f],start_interpolation:0}
execute if entity @s[tag=aj.dino.bone.leg_left_0] run data modify entity @s {} merge value {transformation:[0.4184484909361955f,0.2642121381663658f,0.8689607623355486f,-0.15792524786909004f,0.09379554481660532f,0.9390650679356158f,-0.3306950165267591f,0.5722102535391635f,-0.9033843347135132f,0.21988347875325798f,0.36816843912207975f,-0.137587228241335f,0f,0f,0f,1f],start_interpolation:0}
execute if entity @s[tag=aj.dino.bone.leg_right_3] run data modify entity @s {} merge value {transformation:[0.6534066927855643f,-0.20281059288631365f,0.7293336391776621f,-0.04859048908905442f,0.1901612625672343f,0.9765246990060049f,0.10118402270154475f,0.033236657111996804f,-0.7327335041076437f,0.07257668802262426f,0.6766344924062032f,-0.717167425680044f,0f,0f,0f,1f],start_interpolation:0}
execute if entity @s[tag=aj.dino.bone.leg_right_2] run data modify entity @s {} merge value {transformation:[0.6731570863092556f,-0.009950473163972661f,0.7738363681917128f,-0.02803924132961294f,0.27833160702759246f,0.96010294351393f,-0.22977391907268158f,0.2495024183404752f,-0.722117201832061f,0.36078459701100674f,0.6328059899199235f,-0.6123922434954616f,0f,0f,0f,1f],start_interpolation:0}
execute if entity @s[tag=aj.dino.bone.leg_right_1] run data modify entity @s {} merge value {transformation:[0.5437967468218436f,-0.7726654615708349f,0.3275258503408667f,-0.2444889922369517f,-0.08403252167628776f,0.3381806940274906f,0.9373219049439785f,0.28998994569046166f,-0.8349991817042122f,-0.5372354257517024f,0.1189725341021326f,-0.7812817077050467f,0f,0f,0f,1f],start_interpolation:0}
execute if entity @s[tag=aj.dino.bone.leg_right_0] run data modify entity @s {} merge value {transformation:[0.5873745453520922f,0.7344373724034864f,0.3399895432060891f,-0.052099626738265924f,-0.056714778920609374f,0.4564159884693053f,-0.8879571382232214f,0.548073503432351f,-0.8073255708352172f,0.5022809885777573f,0.3097405869254809f,-0.5154124017843462f,0f,0f,0f,1f],start_interpolation:0}
execute if entity @s[tag=aj.dino.bone.tail_4] run data modify entity @s {} merge value {transformation:[0.9766438199773121f,-1.078225671248584f,-2.347180773259841f,-0.17592198142826043f,-2.5277406695142566f,-0.9151880952226674f,-0.6313629618898496f,0.22208356605732116f,-0.5313711397730775f,2.3718181810213124f,-1.3106428039679663f,0.5708952686466456f,0f,0f,0f,1f],start_interpolation:0}
execute if entity @s[tag=aj.dino.bone.tail_3] run data modify entity @s {} merge value {transformation:[0.79370614903032f,0.2795750461967888f,-1.9046820912110156f,0.1443058540649687f,-1.840408259087207f,-0.49412865441380094f,-0.8394521063260533f,0.36925905887606164f,-0.5646888655883869f,2.0034021544551943f,0.05875217995300653f,0.5413282071821042f,0f,0f,0f,1f],start_interpolation:0}
execute if entity @s[tag=aj.dino.bone.tail_2] run data modify entity @s {} merge value {transformation:[1.0500697742006904f,0.9249638454920128f,-1.3640268431543112f,0.39887203165059115f,-1.5807666042763722f,0.1077993663271989f,-1.143822588702802f,0.5807499410649678f,-0.46615907919661353f,1.7180206797809097f,0.8061479589569664f,0.39153117133177695f,0f,0f,0f,1f],start_interpolation:0}
execute if entity @s[tag=aj.dino.bone.tail_1] run data modify entity @s {} merge value {transformation:[1.3684727728314896f,0.6303245347592926f,-0.13277613075916975f,0.4184315068934495f,-0.6361889181214153f,1.2736361500308153f,-0.510657289964792f,0.6756766032710341f,-0.10100584378340595f,0.5178785458147152f,1.4174822331537136f,0.08027077756240011f,0f,0f,0f,1f],start_interpolation:0}
execute if entity @s[tag=aj.dino.bone.tail_0] run data modify entity @s {} merge value {transformation:[1.09765890305309f,-0.08113322281899128f,0.6499215716433165f,0.22655142888377303f,0.049457803227262495f,1.275017101670479f,0.07563750876233653f,0.6843419991383509f,-0.6530961451671936f,-0.03980586874875448f,1.098051289587575f,-0.24156591686234133f,0f,0f,0f,1f],start_interpolation:0}
execute if entity @s[tag=aj.dino.bone.body_1] run data modify entity @s {} merge value {transformation:[0.3328335344236989f,-0.40805749988167295f,1.1186221480954133f,-0.006026982753288369f,-0.07591280600773226f,1.1518660197136086f,0.44277140102925694f,0.5038175f,-1.188302856726058f,-0.18787853649551645f,0.2850308251351808f,-0.2951766383484436f,0f,0f,0f,1f],start_interpolation:0}