execute if entity @s[tag=aj.dino.bone.head_lower] run data modify entity @s {} merge value {transformation:[-0.8405276405629636f,-0.2645678789897316f,-0.47277597533771926f,-0.6381971497204838f,-0.4231840142252167f,0.8654924867737249f,0.26802620290274803f,0.15641577448220806f,0.3382729305662647f,0.4253546670075552f,-0.8394312548988172f,0.12526008886007403f,0f,0f,0f,1f],start_interpolation:0}
execute if entity @s[tag=aj.dino.bone.head_upper] run data modify entity @s {} merge value {transformation:[-0.8749048708421386f,-0.0661026563148971f,-0.5600391489782852f,-0.6785606863827496f,-0.44049206408035546f,0.7255503180653128f,0.6025076099279233f,0.2141063610607607f,0.35210815247937055f,0.7434239149818528f,-0.6378186844034334f,0.09809324104636341f,0f,0f,0f,1f],start_interpolation:0}
execute if entity @s[tag=aj.dino.bone.neck_0] run data modify entity @s {} merge value {transformation:[-0.9341341972174343f,-0.35132321553076445f,0.06297062662911132f,-0.668484410963417f,-0.33495128917995154f,0.9238249313885233f,0.18535136908498517f,0.21120434844674707f,-0.12329207381509749f,0.15205095979346472f,-0.9806526246129457f,0.03225417019357308f,0f,0f,0f,1f],start_interpolation:0}
execute if entity @s[tag=aj.dino.bone.neck_1] run data modify entity @s {} merge value {transformation:[-0.9527759096296147f,-0.22583623407386685f,0.20301739188747686f,-0.6523265725681283f,-0.10616532480602636f,0.8740650243212272f,0.47406672216805446f,0.2553907302490296f,-0.2845118448119351f,0.4301259450877916f,-0.8567640757665108f,-0.03834345558906845f,0f,0f,0f,1f],start_interpolation:0}
execute if entity @s[tag=aj.dino.bone.neck_2] run data modify entity @s {} merge value {transformation:[-0.7655632871985729f,-0.3282773515538623f,0.5533053711563776f,-0.607066912709603f,-0.01292675919004857f,0.8676988933746023f,0.49692205559155167f,0.3074201437122122f,-0.6432307145889082f,0.37327283706864134f,-0.6685219793815085f,-0.09325642052730881f,0f,0f,0f,1f],start_interpolation:0}
execute if entity @s[tag=aj.dino.bone.body_0] run data modify entity @s {} merge value {transformation:[-0.571194059085349f,-0.0865643900387486f,0.816237681832211f,-0.22320178817399544f,0.13246103936573897f,0.9716680260411303f,0.19574299532673306f,0.4089294359065433f,-0.8100564300811091f,0.21992692774317713f,-0.543544594801288f,-0.3473318708695119f,0f,0f,0f,1f],start_interpolation:0}
execute if entity @s[tag=aj.dino.bone.leg_left_3] run data modify entity @s {} merge value {transformation:[0.15677476996302814f,0.047036944685727215f,0.9865136579579991f,-0.03615066950128075f,-0.02186280133490898f,0.9987857626914165f,-0.044147685813828406f,-0.011819129437395465f,-0.9873923685247067f,-0.014646708830247006f,0.15761276756535944f,0.06062621420358872f,0f,0f,0f,1f],start_interpolation:0}
execute if entity @s[tag=aj.dino.bone.leg_left_2] run data modify entity @s {} merge value {transformation:[0.36732084313310237f,0.09415371921432014f,0.9530334070004013f,0.015819280361618032f,-0.25028980525832395f,0.9946929001716859f,-0.0018020079039416852f,0.21959835707953732f,-0.9243876952255649f,-0.23191229162518856f,0.3791916104153892f,0.016852439960913707f,0f,0f,0f,1f],start_interpolation:0}
execute if entity @s[tag=aj.dino.bone.leg_left_1] run data modify entity @s {} merge value {transformation:[0.41723031726356735f,-0.9070928483818694f,-0.05569045493268732f,-0.23596528953905252f,0.14854120395360995f,0.00761210720023886f,0.9888769218421393f,0.1662617141664534f,-0.8965792620199038f,-0.42086175905924117f,0.13791666569855218f,-0.08694119444150117f,0f,0f,0f,1f],start_interpolation:0}
execute if entity @s[tag=aj.dino.bone.leg_left_0] run data modify entity @s {} merge value {transformation:[0.4024903626227696f,0.27726465708288167f,0.8724252506252345f,-0.1513232236552293f,0.0937955448166053f,0.9355218516448865f,-0.34058957833069287f,0.5722102535391635f,-0.9106063385285366f,0.21891362458201408f,0.35053233974059705f,-0.1354054351611787f,0f,0f,0f,1f],start_interpolation:0}
execute if entity @s[tag=aj.dino.bone.leg_right_3] run data modify entity @s {} merge value {transformation:[0.6375094902793506f,-0.19615667596016045f,0.7450531580229849f,-0.06350391921242997f,0.18508811941144365f,0.9777184325942812f,0.09904067153506776f,0.035385459809015196f,-0.7478796947748331f,0.07476111985278586f,0.6596110498633718f,-0.7215164993333005f,0f,0f,0f,1f],start_interpolation:0}
execute if entity @s[tag=aj.dino.bone.leg_right_2] run data modify entity @s {} merge value {transformation:[0.659371116497027f,0.019690133721177547f,0.7854325106998056f,-0.03566372902589998f,0.27270571572201374f,0.9558950377766673f,-0.25290011638427956f,0.24996438912311436f,-0.7368334430810686f,0.3714016355492799f,0.6092614395883853f,-0.614971302487979f,0f,0f,0f,1f],start_interpolation:0}
execute if entity @s[tag=aj.dino.bone.leg_right_1] run data modify entity @s {} merge value {transformation:[0.5199023399616496f,-0.7809569575697217f,0.34613261522983474f,-0.2558287253678539f,-0.08600690332963316f,0.3552853176782933f,0.9307927565370719f,0.2954056687021157f,-0.849884915433877f,-0.5136911265202833f,0.11754597846065931f,-0.7776853158849082f,0f,0f,0f,1f],start_interpolation:0}
execute if entity @s[tag=aj.dino.bone.leg_right_0] run data modify entity @s {} merge value {transformation:[0.5646500157332853f,0.755042820570326f,0.3332877118010903f,-0.0521611113947305f,-0.059639872753003156f,0.44009539397255704f,-0.8959682638253125f,0.548073503432351f,-0.8231727918914753f,0.48603125754353055f,0.29353052887263353f,-0.5150339369133095f,0f,0f,0f,1f],start_interpolation:0}
execute if entity @s[tag=aj.dino.bone.tail_4] run data modify entity @s {} merge value {transformation:[0.9681747314078843f,-1.051899240926882f,-2.362584814985638f,-0.1776850087282441f,-2.5292626804000626f,-0.9114532651789711f,-0.6306699378677276f,0.2244405759588642f,-0.5395640041725934f,2.3850413547634854f,-1.2830080876865886f,0.5566869274340648f,0f,0f,0f,1f],start_interpolation:0}
execute if entity @s[tag=aj.dino.bone.tail_3] run data modify entity @s {} merge value {transformation:[0.8018341826154206f,0.2508052130460126f,-1.9052832374066722f,0.14292629434847304f,-1.8420606055393616f,-0.48792600576941825f,-0.8394560527259949f,0.37155604015473814f,-0.5475583942867346f,2.0087235957312024f,0.033983037581818684f,0.5312677227130743f,0f,0f,0f,1f],start_interpolation:0}
execute if entity @s[tag=aj.dino.bone.tail_2] run data modify entity @s {} merge value {transformation:[1.0565842462443344f,0.8896022987315413f,-1.3823933433298299f,0.40090316691338346f,-1.5828406658661047f,0.10682940810658496f,-1.1410419707648447f,0.5825282470833926f,-0.44386825981547073f,1.7366545720602966f,0.778322388392645f,0.38666431647925975f,0f,0f,0f,1f],start_interpolation:0}
execute if entity @s[tag=aj.dino.bone.tail_1] run data modify entity @s {} merge value {transformation:[1.3698098572860322f,0.6235832151473188f,-0.14973703172078812f,0.4241935670651559f,-0.6362433264914887f,1.2771280820700335f,-0.5017913326106416f,0.675504420902968f,-0.08044646901551851f,0.5174399344606591f,1.418957550403917f,0.07507217061953092f,0f,0f,0f,1f],start_interpolation:0}
execute if entity @s[tag=aj.dino.bone.tail_0] run data modify entity @s {} merge value {transformation:[1.0955694213218456f,-0.0793123697432976f,0.6536611566050458f,0.23126463584190265f,0.047528891895651675f,1.2751247547642846f,0.0750571835770761f,0.6843419991383509f,-0.6567376676297128f,-0.040026545904610675f,1.0958691656047534f,-0.2461321817930227f,0f,0f,0f,1f],start_interpolation:0}
execute if entity @s[tag=aj.dino.bone.body_1] run data modify entity @s {} merge value {transformation:[0.3118760461966058f,-0.41129971719340863f,1.1234636039950936f,-0.002220960129517578f,-0.07591280600773226f,1.1518660197136086f,0.44277140102925694f,0.5038175f,-1.1939745276801574f,-0.18067044673105992f,0.26530663765762486f,-0.29564282198025427f,0f,0f,0f,1f],start_interpolation:0}