execute if entity @s[tag=aj.dino.bone.head_lower] run data modify entity @s {} merge value {transformation:[-0.8655357650355031f,0.4324181531255361f,0.2527100716075777f,-0.6248346449137063f,0.5004658436957915f,0.727027585697414f,0.47006896188628433f,0.9160221179241995f,0.019539159098227343f,0.5333342577432001f,-0.8456788934218733f,0.26950867299978615f,0f,0f,0f,1f],start_interpolation:0}
execute if entity @s[tag=aj.dino.bone.head_upper] run data modify entity @s {} merge value {transformation:[-0.9009358171855532f,0.5207955388547375f,0.023634775326000588f,-0.6117906758514774f,0.5209346881755146f,0.8974833766968111f,0.0813792466902742f,0.941946653810751f,0.020338302564028552f,0.08226504631616688f,-1.0374443398018613f,0.1998435468463987f,0f,0f,0f,1f],start_interpolation:0}
execute if entity @s[tag=aj.dino.bone.neck_0] run data modify entity @s {} merge value {transformation:[-0.7530291472072463f,0.6468335279010546f,-0.12063784911628295f,-0.6298473437988109f,0.5797730752472505f,0.5655720813886691f,-0.5865078021408024f,0.8946543251186677f,-0.3111435113812805f,-0.5116000468498458f,-0.8009089257765595f,0.1564600402590264f,0f,0f,0f,1f],start_interpolation:0}
execute if entity @s[tag=aj.dino.bone.neck_1] run data modify entity @s {} merge value {transformation:[-0.6703973294951979f,0.6411805834082113f,0.373436581049598f,-0.595258525228595f,0.45490446743300894f,0.7527632624757509f,-0.4758249638011381f,0.8578135917368794f,-0.5861990669688901f,-0.14911381601706108f,-0.7963263927295344f,0.08831379429976671f,0f,0f,0f,1f],start_interpolation:0}
execute if entity @s[tag=aj.dino.bone.neck_2] run data modify entity @s {} merge value {transformation:[-0.5008139744318387f,0.43755745219978537f,0.7468124523856161f,-0.5255481923757785f,0.2601594149777834f,0.8990128806289441f,-0.35226824901155274f,0.8357541490960076f,-0.8255316116371335f,0.01786942885714521f,-0.5640729045966633f,0.03907173018721899f,0f,0f,0f,1f],start_interpolation:0}
execute if entity @s[tag=aj.dino.bone.body_0] run data modify entity @s {} merge value {transformation:[-0.35522802439924656f,0.6427894905185069f,0.6787007599526957f,-0.19955569595387104f,0.2005685466737734f,0.7615553960461711f,-0.61628373079137f,0.5525567049296102f,-0.9130089313728419f,-0.08279522710831777f,-0.3994491727385393f,-0.1499758950222974f,0f,0f,0f,1f],start_interpolation:0}
execute if entity @s[tag=aj.dino.bone.leg_left_3] run data modify entity @s {} merge value {transformation:[-0.5578192134003482f,0.24461160327793413f,0.7930970235117615f,0.14969697990103256f,0.051485207434074795f,0.9639399027904956f,-0.26109220061832544f,0.024022029106681303f,-0.8283640495439712f,-0.1048094812030301f,-0.5502980774753485f,0.23784631018062705f,0f,0f,0f,1f],start_interpolation:0}
execute if entity @s[tag=aj.dino.bone.leg_left_2] run data modify entity @s {} merge value {transformation:[-0.5000789628850898f,0.16961506240989413f,0.8793258559738563f,0.21563330060162145f,-0.45403066294650574f,0.8200801431011596f,-0.41639754501705717f,0.2016085972090865f,-0.7719063333622956f,-0.5922512043006444f,-0.3247480916345882f,0.08855972502276857f,0f,0f,0f,1f],start_interpolation:0}
execute if entity @s[tag=aj.dino.bone.leg_left_1] run data modify entity @s {} merge value {transformation:[-0.31616519095147483f,-0.864262380961566f,0.391267311291478f,-0.03361450366367068f,-0.13676933488045f,0.4496374375335327f,0.8826779275617114f,0.27967095736635805f,-0.9387937585364405f,0.2255586655904031f,-0.26036429730302874f,0.1823423761655715f,0f,0f,0f,1f],start_interpolation:0}
execute if entity @s[tag=aj.dino.bone.leg_left_0] run data modify entity @s {} merge value {transformation:[-0.34365411965778003f,0.47295750414419724f,0.8113033004468352f,0.04608022673319245f,-0.18501601031317183f,0.812888483396749f,-0.5522512014371082f,0.6222812419564512f,-0.920690459367334f,-0.3398875002624028f,-0.19184776567722286f,-0.0425447542010188f,0f,0f,0f,1f],start_interpolation:0}
execute if entity @s[tag=aj.dino.bone.leg_right_3] run data modify entity @s {} merge value {transformation:[-0.1397784025680377f,-0.030954050701848423f,0.9896988657771991f,-0.2948130888420465f,0.060037491043271954f,0.9974073585748143f,0.03967443421197431f,0.15314819201597218f,-0.9883610159474908f,0.06496466582657545f,-0.13755760374942816f,-0.43727553917812667f,0f,0f,0f,1f],start_interpolation:0}
execute if entity @s[tag=aj.dino.bone.leg_right_2] run data modify entity @s {} merge value {transformation:[-0.1478733031147935f,0.2585045876227535f,0.9815146783948798f,-0.20399343747062676f,0.056875391828167074f,0.9924285192661634f,-0.2528102518733301f,0.3765806345147575f,-1.0133907812542045f,0.017978092942643912f,-0.15741064812722402f,-0.4363774134539788f,0f,0f,0f,1f],start_interpolation:0}
execute if entity @s[tag=aj.dino.bone.leg_right_1] run data modify entity @s {} merge value {transformation:[-0.3091648593264332f,-0.9201958372395109f,0.24011811860986615f,-0.4728740662983337f,-0.29566035478486874f,0.3329784844745873f,0.8953827580903555f,0.413664478611831f,-0.90388165396038f,0.20582747630985015f,-0.3750106740211079f,-0.37857272845382994f,0f,0f,0f,1f],start_interpolation:0}
execute if entity @s[tag=aj.dino.bone.leg_right_0] run data modify entity @s {} merge value {transformation:[-0.249443419731856f,0.9174749217209408f,0.30986730767480214f,-0.10886454007967938f,-0.24205937073697023f,0.2507517405301996f,-0.9372997522988562f,0.6165654239556813f,-0.937648783602314f,-0.30880954103496994f,0.15953503055715396f,-0.40378284081168725f,0f,0f,0f,1f],start_interpolation:0}
execute if entity @s[tag=aj.dino.bone.tail_4] run data modify entity @s {} merge value {transformation:[-1.4943425677698958f,-1.1302818438267015f,-2.0285621940839236f,0.7873160987529485f,-1.6451852607974118f,2.2177605046186932f,-0.023772534748947725f,0.567679194949351f,1.6388920279889776f,1.1956850042001659f,-1.8735078390348472f,-1.4602759088860355f,0f,0f,0f,1f],start_interpolation:0}
execute if entity @s[tag=aj.dino.bone.tail_3] run data modify entity @s {} merge value {transformation:[-1.6510680980225794f,-1.1476593186543258f,-0.5411078913141386f,0.8902987483687569f,-1.13457072647028f,1.7329391398360146f,-0.2135807348651999f,0.5869364249415194f,0.5680395482475201f,0.12548128137194894f,-1.9993826661488416f,-1.122482426998208f,0f,0f,0f,1f],start_interpolation:0}
execute if entity @s[tag=aj.dino.bone.tail_2] run data modify entity @s {} merge value {transformation:[-1.6091616122741559f,-1.0498167818972108f,0.35673169894613915f,0.822543411243097f,-1.0749364449250727f,1.631241716744174f,-0.04833193486859808f,0.5955145283711379f,-0.27181688681511496f,-0.23602766999502447f,-1.9207239244726544f,-0.7656812016616356f,0f,0f,0f,1f],start_interpolation:0}
execute if entity @s[tag=aj.dino.bone.tail_1] run data modify entity @s {} merge value {transformation:[-1.175687144318476f,-0.4475268605685005f,0.8397235841358568f,0.6484380367650662f,-0.5585993634044302f,1.405176271708631f,-0.033206123399111526f,0.5860169574874428f,-0.7703134036795883f,-0.33593988226576155f,-1.2575443950870417f,-0.4902292244968275f,0f,0f,0f,1f],start_interpolation:0}
execute if entity @s[tag=aj.dino.bone.tail_0] run data modify entity @s {} merge value {transformation:[-0.40640861329680794f,-0.29036169067520257f,1.176587372110729f,0.29760491536956435f,-0.23738394018768427f,1.2360182024450592f,0.22303269883468269f,0.5506689401239221f,-1.188409281587435f,-0.14759677637655344f,-0.44691642129610104f,-0.3631916320246045f,0f,0f,0f,1f],start_interpolation:0}
execute if entity @s[tag=aj.dino.bone.body_1] run data modify entity @s {} merge value {transformation:[-0.4873187969766879f,0.1872579499495505f,1.1207405789700555f,0.024435278029768883f,-0.017976893374119937f,1.2180395391112457f,-0.21133174754998296f,0.5177570043731778f,-1.1361345943478964f,-0.09959285315024288f,-0.4773720165485038f,-0.24550103967409106f,0f,0f,0f,1f],start_interpolation:0}