execute if entity @s[tag=aj.dino.bone.head_lower] run data modify entity @s {} merge value {transformation:[-0.8915996194090036f,-0.15906492766086056f,-0.4239675311364837f,0.7423875273089905f,-0.3655405176701828f,0.8054284057488044f,0.46654604612444606f,0.45783220798853247f,0.26726437961526894f,0.5709495879683113f,-0.7762643360271559f,0.5337076575369256f,0f,0f,0f,1f],start_interpolation:0}
execute if entity @s[tag=aj.dino.bone.head_upper] run data modify entity @s {} merge value {transformation:[-0.9280656723429905f,-0.051100653854406715f,-0.46856672265293486f,0.7086502220978527f,-0.3804909725343443f,0.6919562161041751f,0.6781557029164966f,0.5200020541763012f,0.2781953813813753f,0.7759234889819688f,-0.6356272583894017f,0.5073987055647057f,0f,0f,0f,1f],start_interpolation:0}
execute if entity @s[tag=aj.dino.bone.neck_0] run data modify entity @s {} merge value {transformation:[-0.7982651336322087f,-0.36463246880360434f,-0.4793912171925353f,0.6838284952115175f,-0.5156368858467085f,0.8250621868661621f,0.23106490377799588f,0.521717452985582f,0.3112737997028664f,0.4316428506274774f,-0.8466363275460871f,0.44554666003990356f,0f,0f,0f,1f],start_interpolation:0}
execute if entity @s[tag=aj.dino.bone.neck_1] run data modify entity @s {} merge value {transformation:[-0.7842949290246918f,-0.23832482648451622f,-0.5727850743405235f,0.6342081489257636f,-0.4811463196921114f,0.8165068112264539f,0.3190843873766695f,0.5525096333949391f,0.39163718331242514f,0.5258496974439877f,-0.7550512647133151f,0.3840064316957487f,0f,0f,0f,1f],start_interpolation:0}
execute if entity @s[tag=aj.dino.bone.neck_2] run data modify entity @s {} merge value {transformation:[-0.6677874800695481f,-0.2622066632800349f,-0.6966401848830669f,0.5706100768159442f,-0.5562463984250059f,0.7976946488752352f,0.23296607348501375f,0.5807291378494216f,0.49462089088672f,0.5430754209935906f,-0.6785420115299139f,0.32987811021430713f,0f,0f,0f,1f],start_interpolation:0}
execute if entity @s[tag=aj.dino.bone.body_0] run data modify entity @s {} merge value {transformation:[-0.4829184865648648f,-0.3935465377809111f,-0.7822473125134779f,0.1981908291502286f,-0.5350040241682117f,0.8398014385917167f,-0.09221842474854203f,0.5452670985389109f,0.6932246601627212f,0.37397147797651764f,-0.6161046211499626f,0.04307285845073286f,0f,0f,0f,1f],start_interpolation:0}
execute if entity @s[tag=aj.dino.bone.leg_left_3] run data modify entity @s {} merge value {transformation:[-0.6732758156830567f,-0.20685904749428471f,-0.709865487600343f,0.23850154123455466f,-0.25457504216813576f,0.9662208755339949f,-0.04010944511474246f,0.03431682131143299f,0.6941838545525291f,0.1537093170633385f,-0.7031942988438653f,-0.5446661657666755f,0f,0f,0f,1f],start_interpolation:0}
execute if entity @s[tag=aj.dino.bone.leg_left_2] run data modify entity @s {} merge value {transformation:[-0.6447286967616948f,-0.43521977154088326f,-0.6685587913808052f,0.11539076508164106f,-0.3896941726942368f,0.9218879244284272f,-0.22432856719975663f,0.24167023737393029f,0.6960787016141319f,0.11299825110877953f,-0.7448275209108723f,-0.5402650626940663f,0f,0f,0f,1f],start_interpolation:0}
execute if entity @s[tag=aj.dino.bone.leg_left_1] run data modify entity @s {} merge value {transformation:[-0.7924014739585455f,0.5817121264426816f,-0.1836052995364198f,0.29894267850451045f,-0.024967745493200803f,0.2698105786746733f,0.9625896650807263f,0.2644144421509558f,0.609488733081516f,0.7673416798172582f,-0.1992742599080896f,-0.3333718972979377f,0f,0f,0f,1f],start_interpolation:0}
execute if entity @s[tag=aj.dino.bone.leg_left_0] run data modify entity @s {} merge value {transformation:[-0.7824253249950119f,-0.12740903276604784f,-0.609571611195986f,0.20756369674129524f,-0.07791584321203922f,0.9911839321787517f,-0.10716125217271713f,0.6532493497199328f,0.6178508980190991f,-0.03635039147365402f,-0.7854545924855904f,-0.21186233013470504f,0f,0f,0f,1f],start_interpolation:0}
execute if entity @s[tag=aj.dino.bone.leg_right_3] run data modify entity @s {} merge value {transformation:[-0.9202228117658603f,0.032371358221244206f,-0.3900539345688566f,-0.12922179915589901f,0.0310694078341138f,0.9994706588361633f,0.009648524366148853f,0.04385838184738397f,0.3901597988037358f,-0.003239952548811431f,-0.9207414588824109f,0.21587039431690958f,0f,0f,0f,1f],start_interpolation:0}
execute if entity @s[tag=aj.dino.bone.leg_right_2] run data modify entity @s {} merge value {transformation:[-0.8944064378252635f,0.05142015114614852f,-0.4994549945025324f,-0.13128367031182522f,0.19126742706772104f,0.9782698545709491f,-0.24179963292222642f,0.26412224472159196f,0.46423711055915334f,-0.30398397851619835f,-0.8626354070439299f,0.11763266498095568f,0f,0f,0f,1f],start_interpolation:0}
execute if entity @s[tag=aj.dino.bone.leg_right_1] run data modify entity @s {} merge value {transformation:[-0.6894989290432731f,0.6343898663016327f,-0.3494863722407158f,0.045863876180030676f,-0.10771805307098367f,0.38734195537891963f,0.9156216634865257f,0.31864453776115975f,0.7162318394840993f,0.6689661479753904f,-0.19873662212131857f,0.32417431209695236f,0f,0f,0f,1f],start_interpolation:0}
execute if entity @s[tag=aj.dino.bone.leg_right_0] run data modify entity @s {} merge value {transformation:[-0.7236996972656878f,-0.5705342700524734f,-0.38826459389602275f,-0.062390621397620284f,-0.07090462191897996f,0.6211023512957435f,-0.7805154731364559f,0.6342928236703185f,0.6864628779242755f,-0.5373290573853142f,-0.4899451003136282f,0.07326715412557541f,0f,0f,0f,1f],start_interpolation:0}
execute if entity @s[tag=aj.dino.bone.tail_4] run data modify entity @s {} merge value {transformation:[0.6747715424051975f,-1.4621520432107382f,-2.243313642738076f,-1.4164836746236313f,0.6133040090980537f,2.336334870305637f,-1.338304486213134f,0.8713739734523529f,2.6065691798961264f,-0.17120779167027153f,0.895626224541814f,-0.6909204106576414f,0f,0f,0f,1f],start_interpolation:0}
execute if entity @s[tag=aj.dino.bone.tail_3] run data modify entity @s {} merge value {transformation:[0.03665033133845644f,-0.242473742529607f,-2.0678028831203696f,-1.06348792356977f,1.0007717469140116f,1.8155754794600825f,-0.19515920425748606f,0.8866989311470149f,1.8256665056455146f,-0.9903724999268824f,0.14849123744220594f,-0.7064074647462328f,0f,0f,0f,1f],start_interpolation:0}
execute if entity @s[tag=aj.dino.bone.tail_2] run data modify entity @s {} merge value {transformation:[0.4400562933393222f,0.3415233858821002f,-1.8730953287515455f,-0.714876929145829f,0.7259117158514707f,1.7471696594610209f,0.4891055477616377f,0.7967277939455857f,1.760163774904144f,-0.8059366184491582f,0.2665774325795529f,-0.754853857868665f,0f,0f,0f,1f],start_interpolation:0}
execute if entity @s[tag=aj.dino.bone.tail_1] run data modify entity @s {} merge value {transformation:[-0.5566417612065726f,0.6417029460989924f,-1.2514086177778703f,-0.45290011229931676f,0.822579949647518f,1.2401960361086095f,0.2700597497932264f,0.7226679637361555f,1.140687698767166f,-0.5811947788722529f,-0.8054194266920192f,-0.5755218585401918f,0f,0f,0f,1f],start_interpolation:0}
execute if entity @s[tag=aj.dino.bone.tail_0] run data modify entity @s {} merge value {transformation:[-0.8674386443716235f,0.36852145551787885f,-0.863468500674884f,-0.19168146834197897f,0.1341601774025506f,1.2122146433443863f,0.3825864893651976f,0.6401201981210867f,0.9291861824381938f,0.16900683970909092f,-0.8613277210687632f,-0.3197434432236711f,0f,0f,0f,1f],start_interpolation:0}
execute if entity @s[tag=aj.dino.bone.body_1] run data modify entity @s {} merge value {transformation:[-0.8490368294464381f,-0.0336620066334639f,-0.8981135377051161f,0.019384723636739175f,-0.05962041609647875f,1.2348880258894126f,0.010077924175249381f,0.55459875f,0.8967644413580823f,0.050229750951084465f,-0.8496441042526977f,-0.12559642078473068f,0f,0f,0f,1f],start_interpolation:0}