execute if entity @s[tag=aj.dino.bone.head_lower] run data modify entity @s {} merge value {transformation:[-0.2708278937986461f,-0.07262633573855665f,-0.9598841947327709f,0.7009716364002851f,-0.09825217260460647f,0.9940278575098507f,-0.04748819930099202f,0.7233433024002462f,0.9576005234538374f,0.08144957858433997f,-0.2763461663011984f,0.382546961343265f,0f,0f,0f,1f],start_interpolation:0}
execute if entity @s[tag=aj.dino.bone.head_upper] run data modify entity @s {} merge value {transformation:[-0.281904641810055f,0.20517940241087926f,-0.9807666023757979f,0.6378799086680489f,-0.10227064552572963f,1.0076303199303005f,0.2401953288563664f,0.762496060322395f,0.9967659858628813f,0.1614140445159033f,-0.2527350752137955f,0.36905800546640605f,0f,0f,0f,1f],start_interpolation:0}
execute if entity @s[tag=aj.dino.bone.neck_0] run data modify entity @s {} merge value {transformation:[-0.3472902129798892f,-0.21652437412156042f,-0.9124180529667582f,0.5825080613046324f,-0.11427379957343822f,0.9754989017839398f,-0.18799838124137386f,0.734542480979456f,0.9307690404710679f,0.03897547985071896f,-0.3635242842933239f,0.3446184437727625f,0f,0f,0f,1f],start_interpolation:0}
execute if entity @s[tag=aj.dino.bone.neck_1] run data modify entity @s {} merge value {transformation:[-0.4976696302570197f,0.10839198410012585f,-0.860567322702111f,0.5101060624474044f,0.12055179784310861f,0.9911752014942921f,0.055126980504500434f,0.7437786800261903f,0.858948312273f,-0.07630791391190936f,-0.5063446446026432f,0.3013728655805553f,0f,0f,0f,1f],start_interpolation:0}
execute if entity @s[tag=aj.dino.bone.neck_2] run data modify entity @s {} merge value {transformation:[-0.5791559560635108f,-0.07570627594879814f,-0.8116938698414108f,0.43825437998731176f,-0.004917376781088222f,0.9959848864592452f,-0.08938638235412094f,0.7456990770630918f,0.8152019369222286f,-0.0477772511424496f,-0.5772028554256446f,0.2503377972743866f,0f,0f,0f,1f],start_interpolation:0}
execute if entity @s[tag=aj.dino.bone.body_0] run data modify entity @s {} merge value {transformation:[-0.5701325635640031f,-0.23834871255099965f,-0.7862180048747414f,0.06544221318442547f,0.004159727860419335f,0.9561405708208088f,-0.2928786531903359f,0.6167749002222177f,0.8215421818921198f,-0.17025011029581955f,-0.5441354089895235f,-0.007733025587797648f,0f,0f,0f,1f],start_interpolation:0}
execute if entity @s[tag=aj.dino.bone.leg_left_3] run data modify entity @s {} merge value {transformation:[-0.8000732055342155f,0.011910122261259593f,-0.599784140148709f,0.1485677744523685f,-0.05977578949432829f,0.9932444397406964f,0.099460232829603f,-0.02204419539390981f,0.5969168457804942f,0.11542803780672586f,-0.7939563258212342f,-0.49894752891722816f,0f,0f,0f,1f],start_interpolation:0}
execute if entity @s[tag=aj.dino.bone.leg_left_2] run data modify entity @s {} merge value {transformation:[-0.8096505654239862f,-0.23901674787564442f,-0.5825797418759631f,0.07359291977741822f,-0.1609001402969429f,0.995965318473161f,-0.18500386145097727f,0.20414680930678575f,0.6088015327360283f,-0.05464684926232254f,-0.8236726383124895f,-0.536196322521526f,0f,0f,0f,1f],start_interpolation:0}
execute if entity @s[tag=aj.dino.bone.leg_left_1] run data modify entity @s {} merge value {transformation:[-0.8925979211226442f,0.45021984828883377f,-0.023896430995292137f,0.2149476057484676f,0.18121880685972833f,0.40680446233568035f,0.8953601920255969f,0.26356723629925877f,0.4128301045804071f,0.7948661633448468f,-0.4447011211157138f,-0.30489251522509664f,0f,0f,0f,1f],start_interpolation:0}
execute if entity @s[tag=aj.dino.bone.leg_left_0] run data modify entity @s {} merge value {transformation:[-0.897044636785721f,0.043417322515170165f,-0.4398020642511666f,0.16349286862869394f,0.12409621865270873f,0.9798700083391497f,-0.15638061028635736f,0.6754557717885841f,0.424159224973444f,-0.19485816088388028f,-0.8843750612759718f,-0.2600871257630369f,0f,0f,0f,1f],start_interpolation:0}
execute if entity @s[tag=aj.dino.bone.leg_right_3] run data modify entity @s {} merge value {transformation:[-0.949180581435277f,0.3012253022416105f,-0.09121151854694612f,-0.39804113136356317f,0.2810856336031403f,0.9417041084604919f,0.18488980147793668f,0.19958794607912497f,0.14158774808616262f,0.14985556178560805f,-0.9785173581463992f,-0.004136767724050042f,0f,0f,0f,1f],start_interpolation:0}
execute if entity @s[tag=aj.dino.bone.leg_right_2] run data modify entity @s {} merge value {transformation:[-0.9333710289018002f,0.3930580939588279f,-0.16243785482744524f,-0.3099919061047335f,0.40174840487043173f,0.9433988972333113f,-0.025669814641518972f,0.4180762832688192f,0.1395669770810868f,-0.0869830729114553f,-1.0124313327016412f,-0.055917579898232456f,0f,0f,0f,1f],start_interpolation:0}
execute if entity @s[tag=aj.dino.bone.leg_right_1] run data modify entity @s {} merge value {transformation:[-0.9672323440676304f,0.2528584937750311f,-0.02289486220223441f,-0.25934693419083665f,0.018681481933829666f,0.1608100207274618f,0.9868085627244976f,0.4097987683411641f,0.2532046500801136f,0.9540454493154165f,-0.1602644246810606f,0.2168093077132178f,0f,0f,0f,1f],start_interpolation:0}
execute if entity @s[tag=aj.dino.bone.leg_right_0] run data modify entity @s {} merge value {transformation:[-0.9772612837907224f,-0.14554953999225878f,-0.15419375672105096f,-0.19031041188270553f,0.05122808839903134f,0.5435854738545143f,-0.837789063889798f,0.6854727798904728f,0.20575729917232538f,-0.8266378675226564f,-0.5237688133278889f,-0.08904208840647218f,0f,0f,0f,1f],start_interpolation:0}
execute if entity @s[tag=aj.dino.bone.tail_4] run data modify entity @s {} merge value {transformation:[0.19795792580587443f,-2.468539754023191f,-1.221796003438282f,-1.4048001285699647f,2.683644662841726f,-0.10291679950870303f,0.6427447297177945f,0.5425869678192352f,-0.6201010520969557f,-1.233442721323535f,2.391600942883708f,-0.3925620298483346f,0f,0f,0f,1f],start_interpolation:0}
execute if entity @s[tag=aj.dino.bone.tail_3] run data modify entity @s {} merge value {transformation:[-0.10915691525563373f,-1.4367554202148933f,-1.503251195369371f,-1.1358444974400363f,1.9669610231192836f,-0.5596962659552485f,0.3921096140746051f,0.48157673470056245f,-0.6746070170298099f,-1.399435414159339f,1.3865177316627675f,-0.6139696254115239f,0f,0f,0f,1f],start_interpolation:0}
execute if entity @s[tag=aj.dino.bone.tail_2] run data modify entity @s {} merge value {transformation:[-0.1232772242666781f,-0.7355939408422908f,-1.806233139762414f,-0.8003358952445517f,1.9215331018415815f,0.2637634258154053f,-0.23856501992531684f,0.5274090821569853f,0.3335972714321101f,-1.7911181659513717f,0.7066699732511789f,-0.7455175548844215f,0f,0f,0f,1f],start_interpolation:0}
execute if entity @s[tag=aj.dino.bone.tail_1] run data modify entity @s {} merge value {transformation:[-0.37665051256813964f,0.016163294863894527f,-1.4647625709586183f,-0.48497307063253065f,1.3777497410900306f,0.5176535534745236f,-0.34856376676521084f,0.5947720725161041f,0.49759048655346244f,-1.4210664292967945f,-0.14363203409110112f,-0.6977138585688324f,0f,0f,0f,1f],start_interpolation:0}
execute if entity @s[tag=aj.dino.bone.tail_0] run data modify entity @s {} merge value {transformation:[-0.6861638133581487f,0.19144855009523493f,-1.0613022144932438f,-0.1702159020497056f,0.24672270199222396f,1.2524189678587008f,0.06641049505485319f,0.6055884830205783f,1.0498299129589932f,-0.1692037180389567f,-0.7092693227839008f,-0.4945320646248302f,0f,0f,0f,1f],start_interpolation:0}
execute if entity @s[tag=aj.dino.bone.body_1] run data modify entity @s {} merge value {transformation:[-1.1127512891961555f,-0.07323732191677465f,-0.5338777557896585f,-0.04116374890540367f,0.031504622182003714f,1.2139593751271505f,-0.23219536898551074f,0.577801875f,0.537955966813003f,-0.2225837489027602f,-1.0907174004071494f,-0.22596295249433673f,0f,0f,0f,1f],start_interpolation:0}