execute if entity @s[tag=aj.dino.bone.head_lower] run data modify entity @s {} merge value {transformation:[0.2959545594686024f,0.4076528562302033f,-0.8638460786141839f,0.8881114775856844f,-0.564549359183503f,0.8041533293929926f,0.1860683849332304f,0.38096939933807517f,0.7705160087728492f,0.43261596322087087f,0.4681330030997991f,-0.34405724280573646f,0f,0f,0f,1f],start_interpolation:0}
execute if entity @s[tag=aj.dino.bone.head_upper] run data modify entity @s {} merge value {transformation:[0.3080589776364685f,0.8961795668700234f,-0.43062024198327964f,0.8786447581843176f,-0.5876391927452087f,0.5277603877846324f,0.6779536081611195f,0.43937403499132155f,0.8020297924833218f,0.042462920219631814f,0.6621306932616007f,-0.2972092305769962f,0f,0f,0f,1f],start_interpolation:0}
execute if entity @s[tag=aj.dino.bone.neck_0] run data modify entity @s {} merge value {transformation:[0.26736858478385045f,0.5239943031521835f,-0.8086680469356623f,0.8177629625134331f,-0.6106307583699039f,0.7413380083483456f,0.27847447694663885f,0.44554472098987447f,0.7454153988235532f,0.41934225597018654f,0.5181775328539027f,-0.2707504731516597f,0f,0f,0f,1f],start_interpolation:0}
execute if entity @s[tag=aj.dino.bone.neck_1] run data modify entity @s {} merge value {transformation:[0.2587413012392258f,0.5166098319734794f,-0.8161906765832146f,0.7510008566238775f,-0.3951093840313482f,0.8276476187915239f,0.39860756861741686f,0.48312488289992794f,0.8814428590007413f,0.2193483544890487f,0.4182640143492454f,-0.23430751097050356f,0f,0f,0f,1f],start_interpolation:0}
execute if entity @s[tag=aj.dino.bone.neck_2] run data modify entity @s {} merge value {transformation:[0.15492124087780373f,0.31919951915251954f,-0.9349390761422275f,0.6722183443029499f,-0.47377239883093464f,0.8544470148919073f,0.21321353814495558f,0.5101695582481383f,0.8669135615682011f,0.40991702296331745f,0.2835999137059597f,-0.20544868767755842f,0f,0f,0f,1f],start_interpolation:0}
execute if entity @s[tag=aj.dino.bone.body_0] run data modify entity @s {} merge value {transformation:[0.30632817144557434f,0.10847326335225821f,-0.9457254371732434f,0.2275348356585992f,-0.44214038737858163f,0.8960337894117604f,-0.04043916518820383f,0.49964657322819095f,0.8430153789982295f,0.43053106667244434f,0.32244080294273986f,-0.04938219982976781f,0f,0f,0f,1f],start_interpolation:0}
execute if entity @s[tag=aj.dino.bone.leg_left_3] run data modify entity @s {} merge value {transformation:[-0.10046578322049408f,0.025053557364192652f,-0.9946250276688654f,-0.2705763133216497f,-0.033719119657038464f,0.9990229032550536f,0.028570259736268394f,0.04701931007336313f,0.9943689694331009f,0.03640821384306879f,-0.09952283453213323f,-0.5205636043939524f,0f,0f,0f,1f],start_interpolation:0}
execute if entity @s[tag=aj.dino.bone.leg_left_2] run data modify entity @s {} merge value {transformation:[-0.11408017725862228f,-0.08384033191285432f,-1.0158832174034953f,-0.3216916961630423f,-0.3136307829663407f,0.9755238397773945f,-0.04528983884473808f,0.2725262818633856f,0.9698884702032785f,0.30559161682121566f,-0.1341354486928565f,-0.45197136447508496f,0f,0f,0f,1f],start_interpolation:0}
execute if entity @s[tag=aj.dino.bone.leg_left_1] run data modify entity @s {} merge value {transformation:[-0.21362114365479176f,0.972832419204443f,-0.08923615370716945f,-0.04841637933214338f,0.07676129301156985f,0.10777740559442517f,0.9912072107982904f,0.24770737235963175f,0.9738961499455735f,0.2048929354276656f,-0.09769940702493403f,-0.41052249715905403f,0f,0f,0f,1f],start_interpolation:0}
execute if entity @s[tag=aj.dino.bone.leg_left_0] run data modify entity @s {} merge value {transformation:[-0.22804440874795145f,0.23682908751806914f,-0.9444086673385395f,0.09493517929339934f,0.02049434528442494f,0.9709192445295358f,0.23852841007636447f,0.6118871120615079f,0.9734350155250017f,0.03504003292741384f,-0.22626636215373636f,-0.2651583805595493f,0f,0f,0f,1f],start_interpolation:0}
execute if entity @s[tag=aj.dino.bone.leg_right_3] run data modify entity @s {} merge value {transformation:[-0.5456228193180308f,0.03559102847698509f,-0.8372747564159533f,0.06235457125063837f,0.02994423234944931f,0.999287738465767f,0.022964291867488884f,0.055123841789544076f,0.8374957205791835f,-0.01254170817406651f,-0.5462999391979015f,0.2863210052764727f,0f,0f,0f,1f],start_interpolation:0}
execute if entity @s[tag=aj.dino.bone.leg_right_2] run data modify entity @s {} merge value {transformation:[-0.5486511853216919f,-0.01941580581010775f,-0.8664104701759675f,0.031903976346074114f,0.20619501382317856f,0.9930709444902428f,-0.1528264210940338f,0.2815643296680901f,0.8417408702327909f,-0.25592054469052683f,-0.5272942079008098f,0.20906468653619212f,0f,0f,0f,1f],start_interpolation:0}
execute if entity @s[tag=aj.dino.bone.leg_right_1] run data modify entity @s {} merge value {transformation:[-0.37301910297228574f,0.8616179539498856f,-0.3441965285254399f,0.276804633436572f,-0.15186723656925769f,0.3092692627471476f,0.9387698682726523f,0.31276975933255413f,0.9153103797480768f,0.4024512697843658f,0.015488194677985873f,0.33580566245110355f,0f,0f,0f,1f],start_interpolation:0}
execute if entity @s[tag=aj.dino.bone.leg_right_0] run data modify entity @s {} merge value {transformation:[-0.4248339993823585f,-0.8784888219347945f,-0.2185714132827237f,-0.0009277110297610386f,-0.13377880793690158f,0.2997156783519225f,-0.9446024257310736f,0.5228996311373537f,0.8953319515776101f,-0.3720590032315627f,-0.2448525976961736f,0.10555045539383477f,0f,0f,0f,1f],start_interpolation:0}
execute if entity @s[tag=aj.dino.bone.tail_4] run data modify entity @s {} merge value {transformation:[2.5105109304522224f,-1.0261924779747917f,0.5195432588609654f,-1.2274807343580645f,1.1467014409710603f,2.3303990312031244f,-0.9380711552128828f,0.7325220669430664f,-0.08984433735528433f,1.0685647781559588f,2.544751194425439f,0.5013308574217821f,0f,0f,0f,1f],start_interpolation:0}
execute if entity @s[tag=aj.dino.bone.tail_3] run data modify entity @s {} merge value {transformation:[1.6370513827281834f,-1.1432140482396462f,-0.590821408091909f,-1.1161120098772128f,1.1961689782050924f,1.7043631151537757f,0.01648251581365741f,0.7130487102423205f,0.47453985283848654f,-0.3523542786107212f,1.9966481704239212f,0.1662211753457798f,0f,0f,0f,1f],start_interpolation:0}
execute if entity @s[tag=aj.dino.bone.tail_2] run data modify entity @s {} merge value {transformation:[1.740238527755602f,-0.5052234386817369f,-0.7315005253069827f,-0.9789610686196741f,0.7467284902061102f,1.7032521777213219f,0.6000853739301215f,0.6024516083190802f,0.48243165674766253f,-0.8139134911628829f,1.7098474787166051f,-0.1514726778013848f,0f,0f,0f,1f],start_interpolation:0}
execute if entity @s[tag=aj.dino.bone.tail_1] run data modify entity @s {} merge value {transformation:[0.44031747232772295f,-0.011040203935043963f,-1.446946746587447f,-0.6678799842273503f,0.7896157379987889f,1.2692462079109839f,0.23060203817012576f,0.5365590221620405f,1.2125525802486068f,-0.8225256394791967f,0.3752653228474307f,-0.22332950087102146f,0f,0f,0f,1f],start_interpolation:0}
execute if entity @s[tag=aj.dino.bone.tail_0] run data modify entity @s {} merge value {transformation:[-0.14372423020321334f,0.19884778720669274f,-1.2544475356743792f,-0.29650270690838926f,-0.09361806918710917f,1.257360898203359f,0.2100355812117263f,0.50552410191639f,1.2666549330256445f,0.11549392094942428f,-0.12681542275905067f,-0.18348401282930127f,0f,0f,0f,1f],start_interpolation:0}
execute if entity @s[tag=aj.dino.bone.body_1] run data modify entity @s {} merge value {transformation:[-0.3014996204641733f,-0.2565357432784336f,-1.1712779287328825f,-0.006917492654073543f,-0.2798756811342808f,1.1894341150739864f,-0.1884693186278223f,0.4692237500000003f,1.1659211710170772f,0.2191814165822341f,-0.3481263056067774f,-0.11731294707500352f,0f,0f,0f,1f],start_interpolation:0}