execute if entity @s[tag=aj.dino.bone.head_lower] run data modify entity @s {} merge value {transformation:[-0.9064428306982334f,0.4099560992037365f,0.10147606319437869f,-0.7620562930673456f,0.3583763013857316f,0.6195225895991079f,0.6983968696819158f,0.6494291236257299f,0.22344534293839433f,0.6694234517120469f,-0.7084803603608721f,0.08634967808283806f,0f,0f,0f,1f],start_interpolation:0}
execute if entity @s[tag=aj.dino.bone.head_upper] run data modify entity @s {} merge value {transformation:[-0.9435159647892785f,0.4387830223887153f,-0.026814660816202634f,-0.7543449626967572f,0.3730337427889492f,0.8327431833374347f,0.5008558274887208f,0.7027716332590835f,0.23258416436234844f,0.4443874350743583f,-0.9120835250235624f,0.033523845938629636f,0f,0f,0f,1f],start_interpolation:0}
execute if entity @s[tag=aj.dino.bone.neck_0] run data modify entity @s {} merge value {transformation:[-0.877176214821069f,0.47358906490584046f,0.07921670123018992f,-0.7566264632024028f,0.43780450165378626f,0.8565812895230136f,-0.2731221572314685f,0.6710656564699787f,-0.1972032111398324f,-0.20489483165932412f,-0.9587121577801311f,-0.02507873118548981f,0f,0f,0f,1f],start_interpolation:0}
execute if entity @s[tag=aj.dino.bone.neck_1] run data modify entity @s {} merge value {transformation:[-0.7226519722845636f,0.39824059935355394f,0.5649588940619948f,-0.7069323851287204f,0.4260035921328186f,0.9002650134693381f,-0.08968748526404133f,0.6676153577037969f,-0.5443299242584088f,0.1758616801624921f,-0.8202302134201467f,-0.09375282300592874f,0f,0f,0f,1f],start_interpolation:0}
execute if entity @s[tag=aj.dino.bone.neck_2] run data modify entity @s {} merge value {transformation:[-0.4477760229883767f,0.20052923361790811f,0.8713694163219908f,-0.6286305824604012f,0.31627485184029397f,0.947047492835773f,-0.05541898958729291f,0.6720324254330734f,-0.8363413485713308f,0.2507769382899688f,-0.48748751357526715f,-0.13400512239002876f,0f,0f,0f,1f],start_interpolation:0}
execute if entity @s[tag=aj.dino.bone.body_0] run data modify entity @s {} merge value {transformation:[-0.18419385681913325f,0.4694966152623985f,0.8635077019733199f,-0.2171900985431145f,0.29304228088882966f,0.8648163145350862f,-0.4076995998592875f,0.48812358930923055f,-0.9381891305709976f,0.1779485048296339f,-0.2968762114204047f,-0.2722265856025394f,0f,0f,0f,1f],start_interpolation:0}
execute if entity @s[tag=aj.dino.bone.leg_left_3] run data modify entity @s {} merge value {transformation:[-0.19387693460642724f,0.2021766230585072f,0.9599668469880996f,-0.0127600080701806f,0.01829573275980312f,0.9791086524988033f,-0.20251299406398596f,0.003374142248527945f,-0.9808552392633667f,-0.021699301616330328f,-0.19352555365885543f,0.20093233534846688f,0f,0f,0f,1f],start_interpolation:0}
execute if entity @s[tag=aj.dino.bone.leg_left_2] run data modify entity @s {} merge value {transformation:[-0.05872029558523626f,0.2800204639908016f,0.9849886629466621f,0.0828618197031886f,-0.45761205458143434f,0.8754374439454505f,-0.2761570001660465f,0.19819292170125896f,-0.916081510504843f,-0.4552581915631257f,0.07481206203902857f,0.09570315074721694f,0f,0f,0f,1f],start_interpolation:0}
execute if entity @s[tag=aj.dino.bone.leg_left_1] run data modify entity @s {} merge value {transformation:[0.1284949319715189f,-0.9359532879261254f,0.32784218044344204f,-0.1913540168081808f,-0.10773419525296923f,0.3154519801677026f,0.9428061260839745f,0.23603405926625726f,-0.9858409585885695f,-0.1564656225135444f,-0.060300193537161914f,0.0760280656413663f,0f,0f,0f,1f],start_interpolation:0}
execute if entity @s[tag=aj.dino.bone.leg_left_0] run data modify entity @s {} merge value {transformation:[0.09863329434406216f,0.5270160352543214f,0.8441122981165796f,-0.04167776216907652f,-0.15781843610509236f,0.8457974653930457f,-0.5096273037819331f,0.591258043001048f,-0.9825298033506058f,-0.08295026292613995f,0.16659663684571716f,-0.0843471779009218f,0f,0f,0f,1f],start_interpolation:0}
execute if entity @s[tag=aj.dino.bone.leg_right_3] run data modify entity @s {} merge value {transformation:[0.32883911740714f,-0.0949823352356916f,0.9395973557093847f,-0.2295109837064618f,0.0851098637151102f,0.9938614016667472f,0.07068115290093208f,0.14768791498151376f,-0.9405430059073793f,0.056726274954241845f,0.3349044397563685f,-0.6314333745910277f,0f,0f,0f,1f],start_interpolation:0}
execute if entity @s[tag=aj.dino.bone.leg_right_2] run data modify entity @s {} merge value {transformation:[0.34476780220860026f,0.26362032603437185f,0.9293555217259312f,-0.13987508542107846f,0.11849895007779966f,0.9677764986267612f,-0.3184789585465275f,0.3632489486371908f,-0.958725904986094f,0.21441821729497f,0.2948417655308289f,-0.5708535217199275f,0f,0f,0f,1f],start_interpolation:0}
execute if entity @s[tag=aj.dino.bone.leg_right_1] run data modify entity @s {} merge value {transformation:[0.13549328014257359f,-0.8935605960669767f,0.428008215099472f,-0.4026290929445789f,-0.225604944278088f,0.3928184504823511f,0.8915133616934334f,0.4181898570591664f,-0.964750734725549f,-0.21735483918485618f,-0.14836742812840853f,-0.6412468010289217f,0f,0f,0f,1f],start_interpolation:0}
execute if entity @s[tag=aj.dino.bone.leg_right_0] run data modify entity @s {} merge value {transformation:[0.2043985604816564f,0.9729620391207493f,0.10754579909517578f,-0.0531340456961979f,-0.18887833862013143f,0.14700109944113474f,-0.9709354509766325f,0.5769094271635716f,-0.9604926869441148f,0.17814473664156025f,0.2138182666045712f,-0.4770256435029264f,0f,0f,0f,1f],start_interpolation:0}
execute if entity @s[tag=aj.dino.bone.tail_4] run data modify entity @s {} merge value {transformation:[1.3982429462335502f,1.2377667866674067f,2.034333152836862f,1.5782879039417566f,-2.36794713789042f,0.4732579844611593f,1.3395949253040365f,0.5753644467185436f,0.25180219829200967f,-2.4227301941336354f,1.3010132170614208f,0.3048330035361472f,0f,0f,0f,1f],start_interpolation:0}
execute if entity @s[tag=aj.dino.bone.tail_3] run data modify entity @s {} merge value {transformation:[0.5474968865264607f,1.1700873137391494f,1.6331222745143665f,1.2899204938346243f,-1.9842419433173117f,0.5800028359656146f,0.24965205125659523f,0.5273569014099437f,-0.31460546032866793f,-1.621862483240484f,1.2674900456543399f,0.10578472844612452f,0f,0f,0f,1f],start_interpolation:0}
execute if entity @s[tag=aj.dino.bone.tail_2] run data modify entity @s {} merge value {transformation:[0.1297920113047054f,0.959109000400162f,1.697656571322851f,0.9746540419470038f,-1.7563908201828928f,0.7963876556482854f,-0.31564515474036353f,0.5849253946007756f,-0.8467698598683819f,-1.5048755770113373f,0.9149339741948872f,-0.06528372824612644f,0f,0f,0f,1f],start_interpolation:0}
execute if entity @s[tag=aj.dino.bone.tail_1] run data modify entity @s {} merge value {transformation:[0.2406119984070991f,0.4307953997499722f,1.4297473342436435f,0.6614924646765749f,-0.9063381678447398f,1.1930544737687523f,-0.20695023104168173f,0.6157408069427603f,-1.1867237428021662f,-0.8238280137107667f,0.4479401880775945f,-0.15047125011710719f,0f,0f,0f,1f],start_interpolation:0}
execute if entity @s[tag=aj.dino.bone.tail_0] run data modify entity @s {} merge value {transformation:[0.4990079897993777f,-0.09327530386946035f,1.1730841659439752f,0.3164391071372928f,-0.33764834084771866f,1.209270026216562f,0.23978181374117116f,0.5748528277778271f,-1.1273066754983732f,-0.4034866019662644f,0.447452721518766f,-0.29096418556746223f,0f,0f,0f,1f],start_interpolation:0}
execute if entity @s[tag=aj.dino.bone.body_1] run data modify entity @s {} merge value {transformation:[-0.036031306000822265f,0.0075475847023926575f,1.2358193128484785f,0.02862004458004424f,-0.04512801788681487f,1.2355118501056774f,-0.008861450575595245f,0.49369250000000003f,-1.2350181383468553f,-0.04536625695223939f,-0.035730879371503946f,-0.2796015172763619f,0f,0f,0f,1f],start_interpolation:0}