execute if entity @s[tag=aj.dino.bone.head_lower] run data modify entity @s {} merge value {transformation:[-0.6428346450388058f,0.00949506368571923f,-0.7659461227158451f,0.8939134520638276f,-0.44982032807293326f,0.8046794476093637f,0.3874953664851335f,0.44284050327147817f,0.6200203961082176f,0.5936335825748856f,-0.5130047544118042f,0.2983573428204186f,0f,0f,0f,1f],start_interpolation:0}
execute if entity @s[tag=aj.dino.bone.head_upper] run data modify entity @s {} merge value {transformation:[-0.6691263141731243f,0.2984842358816331f,-0.7393572067646016f,0.8494387827567422f,-0.4682177920659796f,0.6341681850730698f,0.6797608070619362f,0.5037961532350718f,0.6453789719672121f,0.7695516984288928f,-0.2734010032374755f,0.29699022199981906f,0f,0f,0f,1f],start_interpolation:0}
execute if entity @s[tag=aj.dino.bone.neck_0] run data modify entity @s {} merge value {transformation:[-0.559396740818198f,-0.15769809106930188f,-0.8137607746967629f,0.7995599760372493f,-0.5695348892501787f,0.7864197273271256f,0.23911089978818645f,0.5066764765978939f,0.6022501940960786f,0.5972230107286789f,-0.5297351972140495f,0.2528478995432249f,0f,0f,0f,1f],start_interpolation:0}
execute if entity @s[tag=aj.dino.bone.neck_1] run data modify entity @s {} merge value {transformation:[-0.5634793932214703f,-0.0015700152438503506f,-0.8261286270714128f,0.7295688055220938f,-0.4856961818250428f,0.8095491633386923f,0.3297413700132246f,0.5383393902953514f,0.668274039878356f,0.5870499869600182f,-0.4569268217503805f,0.21684466648510864f,0f,0f,0f,1f],start_interpolation:0}
execute if entity @s[tag=aj.dino.bone.neck_2] run data modify entity @s {} merge value {transformation:[-0.4744539116664206f,-0.08700697431792997f,-0.875969903663631f,0.6519754195289507f,-0.5557554944357631f,0.801316095950217f,0.22142345127732715f,0.5655831307050425f,0.6826633988349549f,0.5918803095146362f,-0.42854216023626623f,0.1850960373375517f,0f,0f,0f,1f],start_interpolation:0}
execute if entity @s[tag=aj.dino.bone.body_0] run data modify entity @s {} merge value {transformation:[-0.26658141804252866f,-0.26202011760654453f,-0.9275126983087008f,0.2123460938433293f,-0.5304375128936493f,0.8433714173983846f,-0.08579450583014767f,0.5331826688016821f,0.80471758553522f,0.4691163078436862f,-0.36381244789791567f,0.018101514167539565f,0f,0f,0f,1f],start_interpolation:0}
execute if entity @s[tag=aj.dino.bone.leg_left_3] run data modify entity @s {} merge value {transformation:[-0.5317360259041872f,-0.13294333356548868f,-0.8364107058234704f,0.09614409887478065f,-0.1967451803932369f,0.9799743956444451f,-0.03068416323345355f,0.03213982682012148f,0.8237403308978228f,0.14824390018412154f,-0.5472436507722548f,-0.5835884829356854f,0f,0f,0f,1f],start_interpolation:0}
execute if entity @s[tag=aj.dino.bone.leg_left_2] run data modify entity @s {} merge value {transformation:[-0.5025804705239558f,-0.3605690164037339f,-0.8182084419988936f,-0.013970013476888338f,-0.3735156835476687f,0.937447569508513f,-0.18368529627380026f,0.24440133163416822f,0.8123799014577673f,0.20795249056676338f,-0.590641055866626f,-0.5521082049652473f,0f,0f,0f,1f],start_interpolation:0}
execute if entity @s[tag=aj.dino.bone.leg_left_1] run data modify entity @s {} merge value {transformation:[-0.6481340054092363f,0.7407503283509453f,-0.1766670939370037f,0.20954645625059734f,-0.0012813367995318837f,0.23092967661547084f,0.9729696000565896f,0.2555605678903943f,0.7615252255888747f,0.6308410540748277f,-0.1487242256176633f,-0.3880068799660101f,0f,0f,0f,1f],start_interpolation:0}
execute if entity @s[tag=aj.dino.bone.leg_left_0] run data modify entity @s {} merge value {transformation:[-0.642460772719746f,-0.04929031396249607f,-0.7647317310441781f,0.17774489164806132f,-0.05624231946084554f,0.9982708195306714f,-0.017093050495042526f,0.6423660057348731f,0.7642518936960583f,0.032028671890049425f,-0.6441220436834532f,-0.2341319557345914f,0f,0f,0f,1f],start_interpolation:0}
execute if entity @s[tag=aj.dino.bone.leg_right_3] run data modify entity @s {} merge value {transformation:[-0.8380343056223121f,0.034104457029587185f,-0.5445506299792942f,-0.07373567663742647f,0.03510109076347706f,0.999347029407849f,0.00856902800334075f,0.04538953236800583f,0.5444872964793056f,-0.011933181655574054f,-0.8386841975071616f,0.2515853821158394f,0f,0f,0f,1f],start_interpolation:0}
execute if entity @s[tag=aj.dino.bone.leg_right_2] run data modify entity @s {} merge value {transformation:[-0.812408232637437f,0.024956198289634073f,-0.625645467665625f,-0.08599331785984597f,0.19963736872435447f,0.9817206585511172f,-0.22007196341985782f,0.26711627000265126f,0.593464391562313f,-0.2960809623085949f,-0.7824310060361132f,0.1574680292228942f,0f,0f,0f,1f],start_interpolation:0}
execute if entity @s[tag=aj.dino.bone.leg_right_1] run data modify entity @s {} merge value {transformation:[-0.6011027556954357f,0.7124998042202539f,-0.3619661670397562f,0.1147966043856805f,-0.11663156331839036f,0.369866043569031f,0.9217354220450138f,0.31638913497084775f,0.7906153018587874f,0.5962743821435655f,-0.13922753199725735f,0.34258684934183f,0f,0f,0f,1f],start_interpolation:0}
execute if entity @s[tag=aj.dino.bone.leg_right_0] run data modify entity @s {} merge value {transformation:[-0.6413725340828529f,-0.6765158393193328f,-0.3618944482500362f,-0.04678903870969535f,-0.08502104819309715f,0.5314553718961309f,-0.8428087618474859f,0.6035515625628097f,0.7625042254888078f,-0.5097857460078731f,-0.3983789644031289f,0.08619827960948397f,0f,0f,0f,1f],start_interpolation:0}
execute if entity @s[tag=aj.dino.bone.tail_4] run data modify entity @s {} merge value {transformation:[1.5567874204811838f,-1.4672033632012538f,-1.7462498532691333f,-1.4811038648981967f,0.7675494156722347f,2.3279525113093165f,-1.2716785486866788f,0.8281585356173712f,2.147776094832223f,0.23154422406869685f,1.7202053512205093f,-0.31830865561383914f,0f,0f,0f,1f],start_interpolation:0}
execute if entity @s[tag=aj.dino.bone.tail_3] run data modify entity @s {} merge value {transformation:[0.6524855861907053f,-0.548807597934143f,-1.899741641989134f,-1.1536073725168745f,1.0462272205627914f,1.7933644174604393f,-0.15873939392816036f,0.8375253920212635f,1.677979942910902f,-0.9047650593833619f,0.8376926790608796f,-0.45149654137604034f,0f,0f,0f,1f],start_interpolation:0}
execute if entity @s[tag=aj.dino.bone.tail_2] run data modify entity @s {} merge value {transformation:[0.9448264460530317f,0.10848504166180487f,-1.7071343993889905f,-0.835530354762883f,0.7213233073596681f,1.7430934320553748f,0.5099920081608155f,0.743667144624672f,1.551054334348505f,-0.8767155512843536f,0.8027292003145678f,-0.5997838440742411f,0f,0f,0f,1f],start_interpolation:0}
execute if entity @s[tag=aj.dino.bone.tail_1] run data modify entity @s {} merge value {transformation:[-0.2850449391934349f,0.478281303932193f,-1.406290377891114f,-0.5384865263802647f,0.8003496671925058f,1.255764587155026f,0.26486215636102695f,0.6705567072660488f,1.2513377013680427f,-0.6942323429200696f,-0.4897465274799346f,-0.48710507514301515f,0f,0f,0f,1f],start_interpolation:0}
execute if entity @s[tag=aj.dino.bone.tail_0] run data modify entity @s {} merge value {transformation:[-0.6924946406826561f,0.31817342067913823f,-1.026183494109685f,-0.2309337672607846f,0.06484536530862124f,1.2310302687984704f,0.33792791018793505f,0.6015132710078286f,1.0724187464828365f,0.13101857982488485f,-0.6830723830728919f,-0.28433373700955683f,0f,0f,0f,1f],start_interpolation:0}
execute if entity @s[tag=aj.dino.bone.body_1] run data modify entity @s {} merge value {transformation:[-0.7061845783700228f,-0.11153137251443672f,-1.0086965298213575f,0.011086475755580995f,-0.12207580895438536f,1.2292909006244206f,-0.05045764130816575f,0.5304425000000001f,1.0074747804271507f,0.07077591146214263f,-0.7131549145986568f,-0.1233024689723108f,0f,0f,0f,1f],start_interpolation:0}