execute if entity @s[tag=aj.dino.bone.head_lower] run data modify entity @s {} merge value {transformation:[-0.8571080609459003f,-0.16886106709296006f,-0.48667413315460406f,-0.6563593728782408f,-0.3470600581147226f,0.8874410471674459f,0.3033112326699299f,0.16136877140932981f,0.38067714394610563f,0.4288756554324036f,-0.8192378069000857f,0.1074216772580073f,0f,0f,0f,1f],start_interpolation:0}
execute if entity @s[tag=aj.dino.bone.head_upper] run data modify entity @s {} merge value {transformation:[-0.892163423510229f,0.031471436515198625f,-0.5352811569798477f,-0.6928305158835153f,-0.3612546698832573f,0.732602235178914f,0.6451828973879462f,0.22218422636435686f,0.39624668051802475f,0.7387661715847823f,-0.6169968026529129f,0.08159934858108986f,0f,0f,0f,1f],start_interpolation:0}
execute if entity @s[tag=aj.dino.bone.neck_0] run data modify entity @s {} merge value {transformation:[-0.9506461129720223f,-0.3034340416783049f,0.06480548003026768f,-0.683407591073962f,-0.28780756125074175f,0.9403893070840005f,0.18120363906106873f,0.21872990955717386f,-0.1159257330280262f,0.1536090279665953f,-0.9813080509957476f,0.015690226012768503f,0f,0f,0f,1f],start_interpolation:0}
execute if entity @s[tag=aj.dino.bone.neck_1] run data modify entity @s {} merge value {transformation:[-0.9400150772858185f,-0.22821122878682815f,0.25355727071204714f,-0.6629793029100909f,-0.08491025215197948f,0.8764125046885692f,0.4740162135465368f,0.26292282716490545f,-0.33039658526507754f,0.42405277582055123f,-0.843218441309286f,-0.053787885076561855f,0f,0f,0f,1f],start_interpolation:0}
execute if entity @s[tag=aj.dino.bone.neck_2] run data modify entity @s {} merge value {transformation:[-0.7397953334714562f,-0.32842887940439214f,0.587228520890319f,-0.6147492042636109f,0.0016073513024409264f,0.8719062539021941f,0.4896701959768769f,0.31435811602606095f,-0.6728300535764193f,0.36319960845163046f,-0.6445042772743523f,-0.10669534238137796f,0f,0f,0f,1f],start_interpolation:0}
execute if entity @s[tag=aj.dino.bone.body_0] run data modify entity @s {} merge value {transformation:[-0.5212403710409601f,-0.07606701021853746f,0.8500131090480281f,-0.21486584687452856f,0.15344351286521643f,0.971434212926546f,0.18102667846304926f,0.4089294359065433f,-0.8395019737657943f,0.22478741048420603f,-0.4946787403266294f,-0.337694196582917f,0f,0f,0f,1f],start_interpolation:0}
execute if entity @s[tag=aj.dino.bone.leg_left_3] run data modify entity @s {} merge value {transformation:[0.09814660526970115f,0.04286140686399962f,0.9942485321466017f,-0.020142297658523503f,-0.016074228655866978f,0.9990100279029149f,-0.041479914688150696f,-0.020148146391456345f,-0.9950421413423416f,-0.011910665432965921f,0.09873840692350472f,0.0548717863031037f,0f,0f,0f,1f],start_interpolation:0}
execute if entity @s[tag=aj.dino.bone.leg_left_2] run data modify entity @s {} merge value {transformation:[0.3082603586402358f,0.0966483441321626f,0.9734972256602472f,0.03294994415428032f,-0.2483421254377059f,0.9949787201950951f,-0.020142854631546903f,0.2107721716311549f,-0.9462367248869441f,-0.22964895696722865f,0.322427691955558f,0.009837436639291652f,0f,0f,0f,1f],start_interpolation:0}
execute if entity @s[tag=aj.dino.bone.leg_left_1] run data modify entity @s {} merge value {transformation:[0.3741069321505459f,-0.9273061875331244f,-0.012134161680501687f,-0.2257771916182924f,0.14795368931644381f,0.04676266274378016f,0.9878881309089429f,0.16813565368871697f,-0.9155073506720524f,-0.37137109194967405f,0.15469260786975808f,-0.0810238984402157f,0f,0f,0f,1f],start_interpolation:0}
execute if entity @s[tag=aj.dino.bone.leg_left_0] run data modify entity @s {} merge value {transformation:[0.3571607103653017f,0.31384490554608446f,0.8797372347662239f,-0.13263850618598788f,0.09379554481660535f,0.9250475309778331f,-0.36808893110819185f,0.5722102535391635f,-0.9293215927459716f,0.21398233734255825f,0.3009533793821003f,-0.12956441343642114f,0f,0f,0f,1f],start_interpolation:0}
execute if entity @s[tag=aj.dino.bone.leg_right_3] run data modify entity @s {} merge value {transformation:[0.5915879630299147f,-0.17738449744816448f,0.7864848517696823f,-0.10604780722268399f,0.16998772958258773f,0.981010518943207f,0.09339450473201372f,0.0425339030344532f,-0.7881166498618549f,0.07844170949082638f,0.6105072025968928f,-0.7297061028674361f,0f,0f,0f,1f],start_interpolation:0}
execute if entity @s[tag=aj.dino.bone.leg_right_2] run data modify entity @s {} merge value {transformation:[0.6194624932731122f,0.10447969776829923f,0.8108097259424057f,-0.05759710977525656f,0.25580139786383704f,0.9414351853130691f,-0.31674538071793534f,0.2517953820863802f,-0.7764625321156591f,0.39350474471026076f,0.5425146556653989f,-0.6200099982516684f,0f,0f,0f,1f],start_interpolation:0}
execute if entity @s[tag=aj.dino.bone.leg_right_1] run data modify entity @s {} merge value {transformation:[0.45093915472364904f,-0.7987605894816456f,0.3982905967105614f,-0.2867385052254957f,-0.09140328532661111f,0.4025642881661924f,0.9108169043911898f,0.31103285244727946f,-0.8878622180094291f,-0.44712807402821536f,0.10852265775954714f,-0.7649186890059649f,0f,0f,0f,1f],start_interpolation:0}
execute if entity @s[tag=aj.dino.bone.leg_right_0] run data modify entity @s {} merge value {transformation:[0.498755833715054f,0.8092046500492605f,0.3105325307819706f,-0.05229089558661329f,-0.0677474860683111f,0.39357575888383384f,-0.9167924520579557f,0.548073503432351f,-0.8640907917959926f,0.43621778546692525f,0.2511197865077665f,-0.5136154326011964f,0f,0f,0f,1f],start_interpolation:0}
execute if entity @s[tag=aj.dino.bone.tail_4] run data modify entity @s {} merge value {transformation:[0.9511701816189679f,-0.9732706027852304f,-2.4028485076993547f,-0.18109191230488103f,-2.530540616042538f,-0.904681335265398f,-0.6352772652798677f,0.23010235073140667f,-0.5632946012150207f,2.4207348774652067f,-1.2034962305157086f,0.5164073516049983f,0f,0f,0f,1f],start_interpolation:0}
execute if entity @s[tag=aj.dino.bone.tail_3] run data modify entity @s {} merge value {transformation:[0.8266144370808014f,0.17145197906882814f,-1.9034858332352822f,0.13999115113769772f,-1.8449968015455027f,-0.46950300025754327f,-0.8435041559355082f,0.3777239400653216f,-0.4986390485520542f,2.0214145239576644f,-0.03446661626203925f,0.502470487982805f,0f,0f,0f,1f],start_interpolation:0}
execute if entity @s[tag=aj.dino.bone.tail_2] run data modify entity @s {} merge value {transformation:[1.0757460290936796f,0.7889465287470738f,-1.4279732948027775f,0.4064314548819313f,-1.5863554941318212f,0.10658596570471535f,-1.1361732056140716f,0.5877883972364819f,-0.3808157062540119f,1.784650296751583f,0.6991255904181464f,0.3726476381326844f,0f,0f,0f,1f],start_interpolation:0}
execute if entity @s[tag=aj.dino.bone.tail_1] run data modify entity @s {} merge value {transformation:[1.3732089195716268f,0.6029155627150079f,-0.19607737616811208f,0.4399431734699034f,-0.6335776385240794f,1.2879878692217348f,-0.4767838867871968f,0.6752479513210236f,-0.023084392371832078f,0.5150109930610229f,1.421930742988252f,0.06039058358396515f,0f,0f,0f,1f],start_interpolation:0}
execute if entity @s[tag=aj.dino.bone.tail_0] run data modify entity @s {} merge value {transformation:[1.0894932415312f,-0.07564470704719359f,0.6641672014919211f,0.24403263898172828f,0.0433164629121138f,1.2753251904670353f,0.07419608604927448f,0.6843419991383509f,-0.6670561275354939f,-0.04073393474723669f,1.0895928532536299f,-0.2589967550373944f,0f,0f,0f,1f],start_interpolation:0}
execute if entity @s[tag=aj.dino.bone.body_1] run data modify entity @s {} merge value {transformation:[0.25270231284756023f,-0.4196975590210227f,1.1351652281009752f,0.008392233561661844f,-0.07591280600773226f,1.1518660197136086f,0.44277140102925694f,0.5038175f,-1.2078838445901063f,-0.16019746139428637f,0.20966159972035872f,-0.29694970421589056f,0f,0f,0f,1f],start_interpolation:0}