execute if entity @s[tag=aj.dino.bone.head_lower] run data modify entity @s {} merge value {transformation:[-0.8586354108733448f,-0.15560674961803603f,-0.48839714440982585f,-0.6587810415124701f,-0.3366406516286792f,0.8897084461089438f,0.30836983087427156f,0.16205681933369862f,0.38654663737430256f,0.4291915893813839f,-0.8163187347714742f,0.10474456369621134f,0f,0f,0f,1f],start_interpolation:0}
execute if entity @s[tag=aj.dino.bone.head_upper] run data modify entity @s {} merge value {transformation:[-0.8937532414133101f,0.044903996336045936f,-0.5316584591255564f,-0.6947013142165869f,-0.350409114013354f,0.7327676983985614f,0.6509507627951276f,0.2232769779378972f,0.4023562337818127f,0.7379072257948384f,-0.6140637832018653f,0.079107038832537f,0f,0f,0f,1f],start_interpolation:0}
execute if entity @s[tag=aj.dino.bone.neck_0] run data modify entity @s {} merge value {transformation:[-0.9526250853898267f,-0.2970930294099613f,0.06512433156691555f,-0.685360058931878f,-0.2815521140188784f,0.9423898884411956f,0.18063694321841078f,0.2197515230370691f,-0.1150384882442658f,0.15374339023126446f,-0.9813914184374504f,0.013190057926665624f,0f,0f,0f,1f],start_interpolation:0}
execute if entity @s[tag=aj.dino.bone.neck_1] run data modify entity @s {} merge value {transformation:[-0.9378561048888983f,-0.22905092881053518f,0.26069445435922717f,-0.664331026030602f,-0.08245052563069104f,0.8767924632168723f,0.47374770423645574f,0.2639234448034972f,-0.3370872844618241f,0.4228127818043357f,-0.8411905338251449f,-0.0561219752799057f,0f,0f,0f,1f],start_interpolation:0}
execute if entity @s[tag=aj.dino.bone.neck_2] run data modify entity @s {} merge value {transformation:[-0.7358400851879097f,-0.32891872510250114f,0.591905263794465f,-0.615696005525685f,0.003062384009324362f,0.8724802080067996f,0.48863985555886763f,0.31527408748588737f,-0.6771484260004074f,0.36137343415552414f,-0.6409986351403671f,-0.1087401914291865f,0f,0f,0f,1f],start_interpolation:0}
execute if entity @s[tag=aj.dino.bone.body_0] run data modify entity @s {} merge value {transformation:[-0.513801028400582f,-0.07513986480691859f,0.8546124875821218f,-0.21363614606217632f,0.15580891782416775f,0.9714178727469522f,0.1790834934723124f,0.4089294359065433f,-0.8436421541986661f,0.22516952996483347f,-0.4874080410030693f,-0.3363087521389518f,0f,0f,0f,1f],start_interpolation:0}
execute if entity @s[tag=aj.dino.bone.leg_left_3] run data modify entity @s {} merge value {transformation:[0.08968153854468866f,0.04201226449497512f,0.9950840121699583f,-0.017861675438121387f,-0.015271118971420338f,0.9990504859301844f,-0.0408034249545773f,-0.021322662199892123f,-0.9958534101812466f,-0.011536732408586405f,0.09023795895139933f,0.05408969801207841f,0f,0f,0f,1f],start_interpolation:0}
execute if entity @s[tag=aj.dino.bone.leg_left_2] run data modify entity @s {} merge value {transformation:[0.2997230589839393f,0.09674560297894806f,0.976149873594339f,0.03532197139207838f,-0.24801796566371626f,0.9950099263362869f,-0.02246184990118868f,0.2095337654824368f,-0.9490602594788362f,-0.22947273105358618f,0.314148196049996f,0.008836172474172926f,0f,0f,0f,1f],start_interpolation:0}
execute if entity @s[tag=aj.dino.bone.leg_left_1] run data modify entity @s {} merge value {transformation:[0.367873088911035f,-0.9298579929520827f,-0.005788212001823501f,-0.2243108246582849f,0.1478658724540611f,0.05235134453853868f,0.9876208890502504f,0.16843144017105666f,-0.9180441570090476f,-0.36417502614557684f,0.15675291421027987f,-0.08012896524186486f,0f,0f,0f,1f],start_interpolation:0}
execute if entity @s[tag=aj.dino.bone.leg_left_0] run data modify entity @s {} merge value {transformation:[0.35061170932539754f,0.3190638287106819f,0.8804940104807093f,-0.1299461158386044f,0.09379554481660536f,0.9234850072005049f,-0.37199171663955094f,0.5722102535391635f,-0.9318121189684533f,0.2130110670466778f,0.29385789126575557f,-0.12876280293614434f,0f,0f,0f,1f],start_interpolation:0}
execute if entity @s[tag=aj.dino.bone.leg_right_3] run data modify entity @s {} merge value {transformation:[0.5848154067067748f,-0.17475990491798768f,0.792117362334298f,-0.11218324926273177f,0.1677415459151211f,0.9814637189810181f,0.0926916506377698f,0.04368442847516554f,-0.7936332363582027f,0.07866348553811353f,0.6032896005987507f,-0.730388358705377f,0f,0f,0f,1f],start_interpolation:0}
execute if entity @s[tag=aj.dino.bone.leg_right_2] run data modify entity @s {} merge value {transformation:[0.6135510586027944f,0.11670561765939527f,0.8136320401722291f,-0.06078631461731632f,0.2532690294391985f,0.9390666697747823f,-0.32568510550180335f,0.25212146111739664f,-0.781966813052198f,0.395721856896398f,0.5329111696710342f,-0.6204636999687132f,0f,0f,0f,1f],start_interpolation:0}
execute if entity @s[tag=aj.dino.bone.leg_right_1] run data modify entity @s {} merge value {transformation:[0.44085792980308663f,-0.8006524886029636f,0.4057091054236f,-0.29103590371476046f,-0.09215859078202501f,0.40923887701550854f,0.9077611666535182f,0.31331923117813265f,-0.8928331758367897f,-0.43758328810977987f,0.10662919906022653f,-0.7627779484465695f,0f,0f,0f,1f],start_interpolation:0}
execute if entity @s[tag=aj.dino.bone.leg_right_0] run data modify entity @s {} merge value {transformation:[0.48908641723157276f,0.8164867453971989f,0.30682873247183584f,-0.052303276997992074f,-0.06889573301694983f,0.38683640418197807f,-0.9195710817395326f,0.548073503432351f,-0.8695101232600118f,0.42861053532344107f,0.24544888379887198f,-0.5133697626070556f,0f,0f,0f,1f],start_interpolation:0}
execute if entity @s[tag=aj.dino.bone.tail_4] run data modify entity @s {} merge value {transformation:[0.9495472096130143f,-0.9614431340296649f,-2.408245944321999f,-0.1813939670288126f,-2.530371759235558f,-0.9041186220688499f,-0.6367492511903542f,0.23078776425685107f,-0.5667805469308997f,2.425666495801833f,-1.191873816460941f,0.5105990377663918f,0f,0f,0f,1f],start_interpolation:0}
execute if entity @s[tag=aj.dino.bone.tail_3] run data modify entity @s {} merge value {transformation:[0.8303971734441982f,0.16026790360832358f,-1.9028137742441653f,0.13968458500282133f,-1.8452006638838672f,-0.4667782582247939f,-0.8445697684002254f,0.3785633783461161f,-0.49154915357761353f,2.022962625153037f,-0.04412678206611316f,0.49828503189601553f,0f,0f,0f,1f],start_interpolation:0}
execute if entity @s[tag=aj.dino.bone.tail_2] run data modify entity @s {} merge value {transformation:[1.0785958799306516f,0.7743930080206557f,-1.4337783203578305f,0.4072026745744314f,-1.5865714369603614f,0.10680771651654561f,-1.1358508097971465f,0.5885677959274676f,-0.3717470621550824f,1.791000127254049f,0.6876747348549481f,0.3705990878089154f,0f,0f,0f,1f],start_interpolation:0}
execute if entity @s[tag=aj.dino.bone.tail_1] run data modify entity @s {} merge value {transformation:[1.3736552152807382f,0.599747907813257f,-0.20255874852903868f,0.442147407112066f,-0.6328545051706702f,1.289660145546301f,-0.4732104545280896f,0.6752372545469255f,-0.014925642941451078f,0.5145244465165046f,1.4222159010219473f,0.05827882332178447f,0f,0f,0f,1f],start_interpolation:0}
execute if entity @s[tag=aj.dino.bone.tail_0] run data modify entity @s {} merge value {transformation:[1.0885971623959352f,-0.07529301020009523f,0.6656747683535507f,0.24580481361922232f,0.04286005292963615f,1.2753426558642345f,0.07416092353832644f,0.6843419991383509f,-0.6685468947429295f,-0.040838576520210335f,1.088674871934416f,-0.26084278501461466f,0f,0f,0f,1f],start_interpolation:0}
execute if entity @s[tag=aj.dino.bone.body_1] run data modify entity @s {} merge value {transformation:[0.2441955000865432f,-0.42081456488336383f,1.1366126230056386f,0.009903147430249167f,-0.07591280600773226f,1.1518660197136086f,0.44277140102925694f,0.5038175f,-1.209632340290952f,-0.15723984758134255f,0.20166761443295908f,-0.2971364608706791f,0f,0f,0f,1f],start_interpolation:0}