execute if entity @s[tag=aj.dino.bone.head_lower] run data modify entity @s {} merge value {transformation:[-0.856269775948366f,-0.17553085121695036f,-0.48578903967502896f,-0.6551312369144268f,-0.3523156363494029f,0.8862302314005357f,0.3007817636351444f,0.16102118121420053f,0.3777244540416329f,0.4287014080018928f,-0.8206944252254581f,0.10874825600913016f,0f,0f,0f,1f],start_interpolation:0}
execute if entity @s[tag=aj.dino.bone.head_upper] run data modify entity @s {} merge value {transformation:[-0.8912908530055809f,0.024704769359858717f,-0.5370868014604027f,-0.6918785291446592f,-0.3667251990779117f,0.7324454111529854f,0.642268083144186f,0.22163047690364543f,0.39317322682674655f,0.7391788258840464f,-0.6184669915644924f,0.08283288833718307f,0f,0f,0f,1f],start_interpolation:0}
execute if entity @s[tag=aj.dino.bone.neck_0] run data modify entity @s {} merge value {transformation:[-0.9496232257686116f,-0.30665282124833915f,0.06465118948054721f,-0.6824136647441399f,-0.2909816483497709f,0.9393568601270659f,0.1814893100319413f,0.21821241629391508f,-0.11638474730163603f,0.15353415435222872f,-0.9812654350596888f,0.016927885053328512f,0f,0f,0f,1f],start_interpolation:0}
execute if entity @s[tag=aj.dino.bone.neck_1] run data modify entity @s {} merge value {transformation:[-0.9410634375971707f,-0.2278375492960697f,0.24997931424131092f,-0.6622867549593148f,-0.08619507684236669f,0.8762264620108933f,0.4741282484729329f,0.2624139676550101f,-0.32706270827768424f,0.4246377731698319f,-0.8442231615227296f,-0.05263264401536985f,0f,0f,0f,1f],start_interpolation:0}
execute if entity @s[tag=aj.dino.bone.neck_2] run data modify entity @s {} merge value {transformation:[-0.7417481442102523f,-0.32822717922609823f,0.5848731566570011f,-0.6142610291140971f,0.0008216716439918281f,0.8716164569768561f,0.49018779746421864f,0.3138917649954458f,-0.6706780266389797f,0.36407646277175226f,-0.646250194459741f,-0.10568447180817694f,0f,0f,0f,1f],start_interpolation:0}
execute if entity @s[tag=aj.dino.bone.body_0] run data modify entity @s {} merge value {transformation:[-0.5249333491494892f,-0.07658399616426032f,0.847690905036861f,-0.21547704270457813f,0.1522025213733733f,0.9714445825402989f,0.1820159760589502f,0.4089294359065433f,-0.8374242481790745f,0.224566949003225f,-0.49828738091295754f,-0.33838616495683344f,0f,0f,0f,1f],start_interpolation:0}
execute if entity @s[tag=aj.dino.bone.leg_left_3] run data modify entity @s {} merge value {transformation:[0.10237449013214348f,0.04327563717871476f,0.9938041472025363f,-0.021286300070575928f,-0.01647487025154066f,0.9989899780447752f,-0.04180433489836903f,-0.019559003068809006f,-0.9946094924242269f,-0.012093096910070798f,0.10298405015702722f,0.055265227748593944f,0f,0f,0f,1f],start_interpolation:0}
execute if entity @s[tag=aj.dino.bone.leg_left_2] run data modify entity @s {} merge value {transformation:[0.3125201961510576f,0.0965891138891542f,0.9721439551715102f,0.03175692175841416f,-0.24849990897315644f,0.9949623835192083f,-0.01896971593892846f,0.2113935173566677f,-0.9447968679767792f,-0.2297446364130807f,0.3265554773715852f,0.010338376165871632f,0f,0f,0f,1f],start_interpolation:0}
execute if entity @s[tag=aj.dino.bone.leg_left_1] run data modify entity @s {} merge value {transformation:[0.3772172011897555f,-0.9259984897114437f,-0.015296410647362091f,-0.22650918250663027f,0.14799723465872833f,0.043967778824519854f,0.9880099457791948f,0.1679903889568694f,-0.9142231684112674f,-0.37495817297048395f,0.15363061824616822f,-0.08146670807587117f,0f,0f,0f,1f],start_interpolation:0}
execute if entity @s[tag=aj.dino.bone.leg_left_0] run data modify entity @s {} merge value {transformation:[0.3604285975962024f,0.31123417566473216f,0.8793318565440065f,-0.1339825785233609f,0.09379554481660536f,0.9258226094703488f,-0.36613507284343866f,0.5722102535391635f,-0.9280590615943528f,0.21444296139488622f,0.3045005656822338f,-0.12996832863485974f,0f,0f,0f,1f],start_interpolation:0}
execute if entity @s[tag=aj.dino.bone.leg_right_3] run data modify entity @s {} merge value {transformation:[0.5949517521828005f,-0.17870662239299884f,0.7836430027043568f,-0.10298336722175111f,0.17110378319933814f,0.9807816885812433f,0.09375913138782005f,0.041970312138522786f,-0.7853380851260744f,0.07830212293808383f,0.6140951633044343f,-0.7293188986927587f,0f,0f,0f,1f],start_interpolation:0}
execute if entity @s[tag=aj.dino.bone.leg_right_2] run data modify entity @s {} merge value {transformation:[0.6223953364928386f,0.09837138849345674f,0.8093264573325951f,-0.05600689739051204f,0.2570580374696903f,0.942592423043155f,-0.31225452581917673f,0.251638379633209f,-0.7736972340553453f,0.3923070142735114f,0.5473116078319603f,-0.6197580260180032f,0f,0f,0f,1f],start_interpolation:0}
execute if entity @s[tag=aj.dino.bone.leg_right_1] run data modify entity @s {} merge value {transformation:[0.4559593423243932f,-0.797753641468824f,0.39457598212554335f,-0.2845777471313222f,-0.09102418492303391f,0.39921920756198953f,0.9123259406991966f,0.30989461252229966f,-0.8853336523064081f,-0.4518994930698723f,0.1094128523391483f,-0.7659598168350161f,0f,0f,0f,1f],start_interpolation:0}
execute if entity @s[tag=aj.dino.bone.leg_right_0] run data modify entity @s {} merge value {transformation:[0.5035675232904061f,0.805519231890877f,0.3123435873218736f,-0.05228406597164281f,-0.06717242440680962f,0.396936957185417f,-0.9153845735097864f,0.548073503432351f,-0.8613405916862839f,0.43997706653223767f,0.2539932401447117f,-0.5137342428291353f,0f,0f,0f,1f],start_interpolation:0}
execute if entity @s[tag=aj.dino.bone.tail_4] run data modify entity @s {} merge value {transformation:[0.952057111743886f,-0.9791283212773325f,-2.4001158967955107f,-0.18092354215770806f,-2.5305924601627074f,-0.9049982767244008f,-0.6346189811954284f,0.22974749870764663f,-0.561560671829455f,2.418252919195694f,-1.2092823335581953f,0.5193067681453504f,0f,0f,0f,1f],start_interpolation:0}
execute if entity @s[tag=aj.dino.bone.tail_3] run data modify entity @s {} merge value {transformation:[0.824745770360775f,0.17705869193585386f,-1.9037831178804006f,0.14015506368775632f,-1.8448739612064047f,-0.4708586423553218f,-0.8430170414803835f,0.37729975745305455f,-0.5021752757544393f,2.020615719174161f,-0.029624886357339463f,0.5045567429851436f,0f,0f,0f,1f],start_interpolation:0}
execute if entity @s[tag=aj.dino.bone.tail_2] run data modify entity @s {} merge value {transformation:[1.0743317214454267f,0.7962083181248011f,-1.4250044005011904f,0.40604413862683286f,-1.5862201278822032f,0.10649670531008748f,-1.136370552532158f,0.5874009798413823f,-0.3853452130236617f,1.7814276973567433f,0.7048392021537798f,0.37366762904470485f,0f,0f,0f,1f],start_interpolation:0}
execute if entity @s[tag=aj.dino.bone.tail_1] run data modify entity @s {} merge value {transformation:[1.3729821987122f,0.6044792473772568f,-0.19282367984673823f,0.438836800241135f,-0.6339069677216271f,1.287162502230027f,-0.47857172829880834f,0.6752556613629138f,-0.027167780428011535f,0.515241479641499f,1.4217750804411555f,0.061445155033258536f,0f,0f,0f,1f],start_interpolation:0}
execute if entity @s[tag=aj.dino.bone.tail_0] run data modify entity @s {} merge value {transformation:[1.0899385900238165f,-0.07583670174740202f,0.663414185278697f,0.24314168141806455f,0.043558428108924414f,1.2753154606314672f,0.07422166664160015f,0.6843419991383509f,-0.6663124266450399f,-0.040681532990446245f,1.0900497601283958f,-0.2580744378486745f,0f,0f,0f,1f],start_interpolation:0}
execute if entity @s[tag=aj.dino.bone.body_1] run data modify entity @s {} merge value {transformation:[0.25695105210988417f,-0.4191312575708753f,1.1344204426943874f,0.007636283750825628f,-0.07591280600773226f,1.1518660197136086f,0.44277140102925694f,0.5038175f,-1.2069871572472948f,-0.16167330210159991f,0.21365472305546818f,-0.2968563239229026f,0f,0f,0f,1f],start_interpolation:0}