execute if entity @s[tag=aj.dino.bone.head_lower] run data modify entity @s {} merge value {transformation:[-0.8631752803314845f,-0.09745855420623839f,-0.49540919010116513f,-0.6690761058581108f,-0.29135002765451073f,0.8974993602776347f,0.33107409999417403f,0.16498285337299035f,0.4123634280708934f,0.4301124603092381f,-0.8030938143681315f,0.09230722632117438f,0f,0f,0f,1f],start_interpolation:0}
execute if entity @s[tag=aj.dino.bone.head_upper] run data modify entity @s {} merge value {transformation:[-0.8984787896406755f,0.10361627178175327f,-0.5152392409079333f,-0.7025475792348871f,-0.3032661223897354f,0.7312160486503471f,0.6758880763783116f,0.22790191732558812f,0.42922892046089794f,0.7335248468877722f,-0.6009790141275728f,0.0674816678558843f,0f,0f,0f,1f],start_interpolation:0}
execute if entity @s[tag=aj.dino.bone.neck_0] run data modify entity @s {} merge value {transformation:[-0.9604930855909402f,-0.2701876392120699f,0.06672085243012704f,-0.6935372725006398f,-0.25497076430980936f,0.9503939418450799f,0.17816078314669131f,0.22407783937875259f,-0.11154793534291013f,0.15411033359635226f,-0.9817367586066821f,0.0015352725434171488f,0f,0f,0f,1f],start_interpolation:0}
execute if entity @s[tag=aj.dino.bone.neck_1] run data modify entity @s {} merge value {transformation:[-0.9271238975415228f,-0.23432873570138443f,0.29245738532648896f,-0.6698418166545881f,-0.07321756590743737f,0.8786189614384813f,0.47187700584299985f,0.26809970288733326f,-0.3675329463463183f,0.41607543093212684f,-0.8317456156329526f,-0.06700769026102363f,0f,0f,0f,1f],start_interpolation:0}
execute if entity @s[tag=aj.dino.bone.neck_2] run data modify entity @s {} merge value {transformation:[-0.7172468635460437f,-0.3325268420321947f,0.6123584212382962f,-0.6194502718787255f,0.0076979202026313046f,0.8749562088314026f,0.4841408624067307f,0.3190804416227209f,-0.6967766347674961f,0.3519624013378059f,-0.6249998314292641f,-0.11831643110736495f,0f,0f,0f,1f],start_interpolation:0}
execute if entity @s[tag=aj.dino.bone.body_0] run data modify entity @s {} merge value {transformation:[-0.479493255522376f,-0.07271957111654614f,0.8745273477057072f,-0.20798155719692862f,0.16456604601481717f,0.9714291801435437f,0.1710069134996936f,0.4089294359065433f,-0.8619769338025249f,0.22591416941455472f,-0.4538265678099172f,-0.33005107581016424f,0f,0f,0f,1f],start_interpolation:0}
execute if entity @s[tag=aj.dino.bone.leg_left_3] run data modify entity @s {} merge value {transformation:[0.051553413296201334f,0.03827310999835884f,0.9979365784600568f,-0.00781870523952334f,-0.011534027074173905f,0.9992215340823964f,-0.03772654298335931f,-0.02652890935955987f,-0.9986036309752551f,-0.009565295451608663f,0.05195472380794794f,0.05061887336600049f,0f,0f,0f,1f],start_interpolation:0}
execute if entity @s[tag=aj.dino.bone.leg_left_2] run data modify entity @s {} merge value {transformation:[0.26103194259162393f,0.09726696967330081f,0.9871492597667848f,0.04576637715277404f,-0.2464177590458143f,0.9951173875450091f,-0.032891830796268735f,0.20403271677336954f,-0.960834435516534f,-0.22878531665485985f,0.27661645993948597f,0.004347418169890038f,0f,0f,0f,1f],start_interpolation:0}
execute if entity @s[tag=aj.dino.bone.leg_left_1] run data modify entity @s {} merge value {transformation:[0.33960817733742715f,-0.9402833974603609f,0.02309585127141589f,-0.21766766452981473f,0.14745875381889711f,0.07747810545995437f,0.9860289342085831f,0.16984908653009906f,-0.9289360590523593f,-0.33145780370167316f,0.1649652162049157f,-0.07594810328637215f,0f,0f,0f,1f],start_interpolation:0}
execute if entity @s[tag=aj.dino.bone.leg_left_0] run data modify entity @s {} merge value {transformation:[0.32093101507988364f,0.34248799795804996f,0.8830092042637393f,-0.11776175934584782f,0.09379554481660532f,0.9162502949234657f,-0.38947117072412263f,0.5722102535391635f,-0.9424466453504684f,0.2078157075568379f,0.2619292888554068f,-0.12525915637722654f,0f,0f,0f,1f],start_interpolation:0}
execute if entity @s[tag=aj.dino.bone.leg_right_3] run data modify entity @s {} merge value {transformation:[0.5535155324879721f,-0.16341526926125133f,0.816649254617201f,-0.13983669693979425f,0.15745011390662486f,0.9834110854036571f,0.09006719011933517f,0.04923101863672141f,-0.8178202840021441f,0.07872792946263912f,0.5700630633510457f,-0.7319315446398973f,0f,0f,0f,1f],start_interpolation:0}
execute if entity @s[tag=aj.dino.bone.leg_right_2] run data modify entity @s {} merge value {transformation:[0.5860958297582284f,0.17169658265410556f,0.8240595617706348f,-0.07525659762787984f,0.2416131570705831f,0.9275684107791659f,-0.3651056356120693f,0.25378763551888966f,-0.8063355134006526f,0.40273977495426144f,0.4895772799052172f,-0.6216724256129399f,0f,0f,0f,1f],start_interpolation:0}
execute if entity @s[tag=aj.dino.bone.leg_right_1] run data modify entity @s {} merge value {transformation:[0.39485161459350676f,-0.8071595419230092f,0.43884584575399455f,-0.30994764273265785f,-0.0955101751382029f,0.43900765946123643f,0.89339245652705f,0.3237679671009299f,-0.9137669335765934f,-0.3946716975120018f,0.09625093394364731f,-0.7521954205182837f,0f,0f,0f,1f],start_interpolation:0}
execute if entity @s[tag=aj.dino.bone.leg_right_0] run data modify entity @s {} merge value {transformation:[0.44484483410322884f,0.8477436974719397f,0.28886622676989315f,-0.05233604282136742f,-0.07403182167132835f,0.3562389146852984f,-0.9314575272356037f,0.548073503432351f,-0.8925426392905246f,0.39296877619022763f,0.22123105113853106f,-0.5121317445348649f,0f,0f,0f,1f],start_interpolation:0}
execute if entity @s[tag=aj.dino.bone.tail_4] run data modify entity @s {} merge value {transformation:[0.9447252940982958f,-0.9063617762997379f,-2.4313913261245457f,-0.18218008320156176f,-2.5285444176230825f,-0.9026843409586507f,-0.6459763465446677f,0.2334554930195787f,-0.5827680313795872f,2.4473109002843985f,-1.1387326773879507f,0.48431542219716206f,0f,0f,0f,1f],start_interpolation:0}
execute if entity @s[tag=aj.dino.bone.tail_3] run data modify entity @s {} merge value {transformation:[0.8481661158264663f,0.11043586076393866f,-1.8985161802485697f,0.138657401362826f,-1.8454074218151457f,-0.4543549447201686f,-0.850869295345857f,0.38217770220956315f,-0.459381337798858f,2.0291158249124437f,-0.08719679820079997f,0.4792442855580602f,0f,0f,0f,1f],start_interpolation:0}
execute if entity @s[tag=aj.dino.bone.tail_2] run data modify entity @s {} merge value {transformation:[1.0917720452970794f,0.7084487587891006f,-1.4577064287025672f,0.4106177254384904f,-1.586623493243103f,0.10844253986649838f,-1.1356231686783844f,0.5921401523223164f,-0.3308074467113211f,1.8179973725834324f,0.6357875914822897f,0.3612407447618203f,0f,0f,0f,1f],start_interpolation:0}
execute if entity @s[tag=aj.dino.bone.tail_1] run data modify entity @s {} merge value {transformation:[1.3755482362969451f,0.5848295812100319f,-0.23129561293302442f,0.45192686317009756f,-0.6285341387496343f,1.2975229777199806f,-0.4572036840566041f,0.6752648899670032f,0.021636451802921113f,0.5119225851926971f,1.4230682979825693f,0.04873392862783371f,0f,0f,0f,1f],start_interpolation:0}
execute if entity @s[tag=aj.dino.bone.tail_0] run data modify entity @s {} merge value {transformation:[1.0844737839116876f,-0.07424267280457655f,0.6724881814033066f,0.2536185785380282f,0.04126405291313839f,1.2753895643939588f,0.07425936679098231f,0.6843419991383509f,-0.6753144501115578f,-0.0412940813416224f,1.0844726409184804f,-0.26917068227952456f,0f,0f,0f,1f],start_interpolation:0}
execute if entity @s[tag=aj.dino.bone.body_1] run data modify entity @s {} merge value {transformation:[0.20577127013623636f,-0.42558239647300544f,1.1424282923908458f,0.016685997973998553f,-0.07591280600773226f,1.1518660197136086f,0.44277140102925694f,0.5038175f,-1.2167579978478886f,-0.14383633580452593f,0.16557680463088784f,-0.29797657204443867f,0f,0f,0f,1f],start_interpolation:0}