execute if entity @s[tag=aj.dino.bone.head_lower] run data modify entity @s {} merge value {transformation:[-0.8684736835393203f,0.4736032820178998f,-0.14646976569079828f,-0.051813570924280294f,0.37381978159293905f,0.8197093477308467f,0.4339762160907866f,0.3047757191708854f,0.3255951963550002f,0.3221436271363184f,-0.888938272101053f,0.5905788290919544f,0f,0f,0f,1f],start_interpolation:0}
execute if entity @s[tag=aj.dino.bone.head_upper] run data modify entity @s {} merge value {transformation:[-0.9039938953320438f,0.5009326870271287f,0.12382819894387863f,-0.032309495602125565f,0.389108854901848f,0.49769900863723937f,0.82726171096092f,0.37310145228142316f,0.3389119042212546f,0.7647444556535188f,-0.619497038982297f,0.5651496778569612f,0f,0f,0f,1f],start_interpolation:0}
execute if entity @s[tag=aj.dino.bone.neck_0] run data modify entity @s {} merge value {transformation:[-0.8789898891222104f,0.26635952766320753f,0.3955115381932068f,-0.010774468908584283f,0.39224917807348564f,0.8755317500387799f,0.28210766911714075f,0.3770047956775914f,-0.2711408436986181f,0.40310886457266626f,-0.8740628616874975f,0.5021755340363666f,0f,0f,0f,1f],start_interpolation:0}
execute if entity @s[tag=aj.dino.bone.neck_1] run data modify entity @s {} merge value {transformation:[-0.9208977010731578f,0.07541659425471517f,0.38243922585058143f,0.021970587858456427f,0.20243440904725624f,0.9309584052914478f,0.30386963923842775f,0.40703535141347824f,-0.33311819852998203f,0.35725171088215063f,-0.8725843689179378f,0.4299019992947455f,0f,0f,0f,1f],start_interpolation:0}
execute if entity @s[tag=aj.dino.bone.neck_2] run data modify entity @s {} merge value {transformation:[-0.9765163751628588f,0.013506176337130322f,0.21501942293555923f,0.04094013586098416f,0.08697024188771041f,0.9378129161125883f,0.3360700989353207f,0.4456593871877692f,-0.19710897002618558f,0.3468782460362042f,-0.9169643048461934f,0.35296520378553076f,0f,0f,0f,1f],start_interpolation:0}
execute if entity @s[tag=aj.dino.bone.body_0] run data modify entity @s {} merge value {transformation:[-0.9975491929328778f,0.057812228669615565f,0.03941261086525508f,0.060065885307852056f,0.06271873744778214f,0.9885247774712353f,0.13742315779518646f,0.5198433402811842f,-0.03101560336218076f,0.13955826934186533f,-0.9897280039517843f,-0.1121604260336124f,0f,0f,0f,1f],start_interpolation:0}
execute if entity @s[tag=aj.dino.bone.leg_left_3] run data modify entity @s {} merge value {transformation:[-0.9899589093622636f,-0.04615869394726507f,0.1336066343688087f,0.5426343578602392f,-0.049477516700517254f,0.9985410849046953f,-0.021625843301580405f,0.03380364696242291f,-0.13241349295078586f,-0.028019220732154404f,-0.9907984609163134f,-0.20146343706084263f,0f,0f,0f,1f],start_interpolation:0}
execute if entity @s[tag=aj.dino.bone.leg_left_2] run data modify entity @s {} merge value {transformation:[-0.953478553545323f,-0.26400361689650204f,0.27063432468069953f,0.4879801049937382f,-0.3501812501128355f,0.8934625412371403f,-0.36216015652771383f,0.23033283348870018f,-0.1425269781452798f,-0.4290559138065007f,-0.9206841384693984f,-0.33015012461219717f,0f,0f,0f,1f],start_interpolation:0}
execute if entity @s[tag=aj.dino.bone.leg_left_1] run data modify entity @s {} merge value {transformation:[-0.932110373558915f,-0.3347142218214847f,0.1383352493556797f,0.40827548853404183f,-0.012941819999687632f,0.41249601632309185f,0.9108674688519046f,0.2943438602622086f,-0.36194303529555005f,0.847238706757439f,-0.38882362707663054f,-0.07215177534193629f,0f,0f,0f,1f],start_interpolation:0}
execute if entity @s[tag=aj.dino.bone.leg_left_0] run data modify entity @s {} merge value {transformation:[-0.8985566190776907f,0.017289676978661586f,0.43851689748702216f,0.2748857289631679f,-0.16010070346329935f,0.917443662269584f,-0.3642319196774636f,0.6655970043413797f,-0.4086120006341305f,-0.39748986607377434f,-0.821606985916275f,-0.20884688724213463f,0f,0f,0f,1f],start_interpolation:0}
execute if entity @s[tag=aj.dino.bone.leg_right_3] run data modify entity @s {} merge value {transformation:[-0.8960912272725737f,0.012181622383755766f,0.44370273887055556f,-0.2405673601490801f,0.03585787507707031f,0.9983428409271097f,0.04500871876142404f,0.04161327270793941f,-0.4424191736352417f,0.056242155414665096f,-0.8950430686588341f,-0.43387924439420744f,0f,0f,0f,1f],start_interpolation:0}
execute if entity @s[tag=aj.dino.bone.leg_right_2] run data modify entity @s {} merge value {transformation:[-0.9337942625628557f,0.3084024926930952f,0.291510509597977f,-0.15822153827978297f,0.2545764547280198f,0.9708159844229325f,-0.21158769479282f,0.26097511723387457f,-0.3395310050694921f,-0.12027645817163156f,-0.9603720475455761f,-0.49106856903495716f,0f,0f,0f,1f],start_interpolation:0}
execute if entity @s[tag=aj.dino.bone.leg_right_1] run data modify entity @s {} merge value {transformation:[-0.9856885103717992f,-0.13152767210266014f,-0.10544492397587821f,-0.20799169594048025f,-0.12163777515287781f,0.1218500377470349f,0.9850669114110495f,0.23941121737996102f,-0.11671508975655877f,0.9837952224788964f,-0.136104915601227f,-0.2189081103175209f,0f,0f,0f,1f],start_interpolation:0}
execute if entity @s[tag=aj.dino.bone.leg_right_0] run data modify entity @s {} merge value {transformation:[-0.9875286736830949f,-0.00032563531563972736f,0.15743891709278476f,-0.10611054905520975f,-0.06883012489345179f,0.9002625022830928f,-0.4298718889275458f,0.6358810585564496f,-0.1415963719904553f,-0.43534735665285207f,-0.8890574483656919f,-0.3010005917715795f,0f,0f,0f,1f],start_interpolation:0}
execute if entity @s[tag=aj.dino.bone.tail_4] run data modify entity @s {} merge value {transformation:[-1.3519613641265327f,-2.014985748542727f,-1.3182163080006364f,0.1318728953687868f,-1.8901145313935372f,1.8246901929849786f,-0.850666849853355f,0.6938486065044849f,1.4917536189746992f,0.4857977607957313f,-2.272516888272063f,-1.9250895783338624f,0f,0f,0f,1f],start_interpolation:0}
execute if entity @s[tag=aj.dino.bone.tail_3] run data modify entity @s {} merge value {transformation:[-1.6818287229098035f,-0.8338136433495439f,-0.9011950293938501f,0.29284179057513404f,-0.7336087700937585f,1.9080601566810078f,-0.39632075011588214f,0.7423780934543286f,0.984487605448411f,-0.0026024402110262296f,-1.8348631851088641f,-1.6139391209869405f,0f,0f,0f,1f],start_interpolation:0}
execute if entity @s[tag=aj.dino.bone.tail_2] run data modify entity @s {} merge value {transformation:[-1.856749123728056f,-0.3870531468095606f,-0.4705809474284827f,0.3788566966228666f,-0.3542486224430002f,1.913690376205063f,-0.17626948834139936f,0.775339627121843f,0.4957463868099378f,-0.08217591233274395f,-1.8884534716004917f,-1.2625327220625246f,0f,0f,0f,1f],start_interpolation:0}
execute if entity @s[tag=aj.dino.bone.tail_1] run data modify entity @s {} merge value {transformation:[-1.4786547591482013f,0.13435835816833f,0.2884166861308227f,0.31656291671889397f,0.13268196789091738f,1.5065146370198463f,-0.02157298870242283f,0.7614395478555714f,-0.2891917160725188f,0.004210704842662234f,-1.4845897316497108f,-0.9428407612932632f,0f,0f,0f,1f],start_interpolation:0}
execute if entity @s[tag=aj.dino.bone.tail_0] run data modify entity @s {} merge value {transformation:[-1.1660338888370236f,-0.0317731715867094f,0.5226769099883373f,0.16305783224934423f,0.0725644444162016f,1.2537462544705045f,0.23809755855904177f,0.7221170378158036f,-0.5185895178985042f,0.24687347275989344f,-1.1419081035518115f,-0.603191176357627f,0f,0f,0f,1f],start_interpolation:0}
execute if entity @s[tag=aj.dino.bone.body_1] run data modify entity @s {} merge value {transformation:[-1.198276338566134f,-0.1510492497211896f,0.26442869671700897f,0.11175610320753968f,-0.09346000674179346f,1.2041592409930748f,0.26432999172824884f,0.5795553472222222f,-0.2898338120865372f,0.23619746303865732f,-1.178478559364462f,-0.345120994470117f,0f,0f,0f,1f],start_interpolation:0}