execute if entity @s[tag=aj.dino.bone.head_lower] run data modify entity @s {} merge value {transformation:[0.611008759996228f,0.4925706352383521f,-0.6197115978491594f,0.7426116691054613f,-0.5757039446989268f,0.813810634920591f,0.07922889970357594f,0.3288161777116335f,0.5433537183695049f,0.3083608596936888f,0.7808202846641488f,-0.5668468382909694f,0f,0f,0f,1f],start_interpolation:0}
execute if entity @s[tag=aj.dino.bone.head_upper] run data modify entity @s {} merge value {transformation:[0.6359987636930904f,0.8219468625282763f,-0.05814525212165418f,0.7572573203455105f,-0.5992499961604694f,0.5117884466595605f,0.680032330518909f,0.38700186496627925f,0.565576659053435f,-0.38203126001575355f,0.785905275264289f,-0.5210714388906772f,0f,0f,0f,1f],start_interpolation:0}
execute if entity @s[tag=aj.dino.bone.neck_0] run data modify entity @s {} merge value {transformation:[0.5748366557295043f,0.663598880587647f,-0.47874768397616435f,0.715343399273483f,-0.584949991401305f,0.7423770978484286f,0.32666458661715636f,0.3962634493438776f,0.5721855702386531f,0.09226467510898495f,0.8149177277110254f,-0.4700598467818108f,0f,0f,0f,1f],start_interpolation:0}
execute if entity @s[tag=aj.dino.bone.neck_1] run data modify entity @s {} merge value {transformation:[0.618597481131054f,0.5415846740103891f,-0.5692303551422535f,0.6696171299396045f,-0.30447259690000406f,0.8331070252996484f,0.46176738963826636f,0.43921922787040507f,0.7243159490686941f,-0.11233309963421995f,0.680255599500133f,-0.4129507736977835f,0f,0f,0f,1f],start_interpolation:0}
execute if entity @s[tag=aj.dino.bone.neck_2] run data modify entity @s {} merge value {transformation:[0.4578508575149433f,0.4103047555350776f,-0.7886840938285312f,0.604539628186682f,-0.3913016276374013f,0.8895833987054279f,0.23563618770473266f,0.46857230264769784f,0.7982829250843035f,0.20072713900466926f,0.5678494405965797f,-0.361237659685401f,0f,0f,0f,1f],start_interpolation:0}
execute if entity @s[tag=aj.dino.bone.body_0] run data modify entity @s {} merge value {transformation:[0.5534359355834468f,0.22036711772172726f,-0.8032104323475222f,0.2280888357156127f,-0.3628386667790304f,0.931834848093243f,0.005649581317072577f,0.4801118208581524f,0.7497044531646393f,0.2883091210941148f,0.5956686021598321f,-0.07775477647990747f,0f,0f,0f,1f],start_interpolation:0}
execute if entity @s[tag=aj.dino.bone.leg_left_3] run data modify entity @s {} merge value {transformation:[0.13379091824368405f,0.10472851409053925f,-0.9854602622794589f,-0.4354479792945556f,0.015211703309340307f,0.9940661567895734f,0.10770830983743121f,0.07187798078010005f,0.990892826837464f,-0.02940092280856492f,0.13140392482747376f,-0.41312518482710126f,0f,0f,0f,1f],start_interpolation:0}
execute if entity @s[tag=aj.dino.bone.leg_left_2] run data modify entity @s {} merge value {transformation:[0.07995434538590662f,0.09332938949153774f,-1.0183119007513084f,-0.44503939356416333f,-0.2860929465583028f,0.9826715027594898f,0.06759987496060145f,0.3025825818393176f,0.9817435144090303f,0.2787625194000041f,0.10263200862432278f,-0.3434512019609575f,0f,0f,0f,1f],start_interpolation:0}
execute if entity @s[tag=aj.dino.bone.leg_left_1] run data modify entity @s {} merge value {transformation:[0.009834763589849239f,0.9990516899989854f,-0.042414598139124404f,-0.17157462398981446f,0.11047684385821055f,0.04107139092055517f,0.9930297114482425f,0.2588736078442056f,0.9938300379824814f,-0.014452043385714534f,-0.1099681501422893f,-0.36133781856971126f,0f,0f,0f,1f],start_interpolation:0}
execute if entity @s[tag=aj.dino.bone.leg_left_0] run data modify entity @s {} merge value {transformation:[-0.013761779195285956f,0.3901214798980992f,-0.9206605478435022f,0.054947111212117185f,0.05723551532258842f,0.9195454188696487f,0.38879341355223607f,0.5949219060128872f,0.9982658509731454f,-0.04734399178311205f,-0.03498338495489929f,-0.26100475650394983f,0f,0f,0f,1f],start_interpolation:0}
execute if entity @s[tag=aj.dino.bone.leg_right_3] run data modify entity @s {} merge value {transformation:[-0.39099329137045363f,0.04842187386724647f,-0.9191189086481053f,0.13276369422030146f,0.02361063574340078f,0.9988141872345951f,0.042576487157671206f,0.051002794903365845f,0.9200906390041645f,-0.005053860908192653f,-0.39167291776025137f,0.2841301538957477f,0f,0f,0f,1f],start_interpolation:0}
execute if entity @s[tag=aj.dino.bone.leg_right_2] run data modify entity @s {} merge value {transformation:[-0.4043526967715224f,-0.051491116006118054f,-0.9412277944720588f,0.09230033910108909f,0.18911910179460745f,0.9989140750758025f,-0.13589273509849242f,0.27935512598217394f,0.9234690365413951f,-0.22711568657534995f,-0.38429884590173985f,0.21788061163780803f,0f,0f,0f,1f],start_interpolation:0}
execute if entity @s[tag=aj.dino.bone.leg_right_1] run data modify entity @s {} merge value {transformation:[-0.24201214611530764f,0.912601969503551f,-0.3295265791873293f,0.35288280629160323f,-0.17773633926836058f,0.29217854994926296f,0.9397028725363291f,0.30535286066840645f,0.9538552903014929f,0.28598835676961787f,0.09149177534657743f,0.30971895463164995f,0f,0f,0f,1f],start_interpolation:0}
execute if entity @s[tag=aj.dino.bone.leg_right_0] run data modify entity @s {} merge value {transformation:[-0.29748435807427154f,-0.9437575883313747f,-0.1443075575570683f,0.0286706217612746f,-0.16551361543244875f,0.1998419839670632f,-0.965747598780648f,0.4816804079820091f,0.9402703333656859f,-0.2634099388995337f,-0.21565459485326505f,0.1145207629778989f,0f,0f,0f,1f],start_interpolation:0}
execute if entity @s[tag=aj.dino.bone.tail_4] run data modify entity @s {} merge value {transformation:[1.2707978136305773f,-0.9045201119237404f,2.2787228035891536f,-0.8273499903453895f,1.6794035574010686f,2.191072162291637f,-0.0668416234040238f,0.7320654277924915f,-1.78615171244225f,1.4165830291077592f,1.558401717588731f,0.8388967510528884f,0f,0f,0f,1f],start_interpolation:0}
execute if entity @s[tag=aj.dino.bone.tail_3] run data modify entity @s {} merge value {transformation:[1.1453388483395877f,-1.593444557926982f,0.6964760508025225f,-0.9298534849415941f,1.554499843392363f,1.3119575369848768f,0.445245083168965f,0.6437297808607046f,-0.7795349161017172f,0.2750407024531185f,1.911183783056153f,0.5121391183777293f,0f,0f,0f,1f],start_interpolation:0}
execute if entity @s[tag=aj.dino.bone.tail_2] run data modify entity @s {} merge value {transformation:[1.5759818511017725f,-1.1554368308195833f,-0.004561796379326309f,-0.9281150445926306f,1.080736012920748f,1.471339919501782f,0.6970956797021699f,0.5152904709783078f,-0.4087355506642077f,-0.5647109404543744f,1.8255987177792221f,0.17232769203772613f,0f,0f,0f,1f],start_interpolation:0}
execute if entity @s[tag=aj.dino.bone.tail_1] run data modify entity @s {} merge value {transformation:[0.8189708006738357f,-0.5242925266547366f,-1.1584733161094607f,-0.673197999258103f,0.9376559743295064f,1.1797592646479964f,0.1289403012304646f,0.4722268083223823f,0.8589204569969454f,-0.7879985240920262f,0.9638310145357158f,-0.02626610936453111f,0f,0f,0f,1f],start_interpolation:0}
execute if entity @s[tag=aj.dino.bone.tail_0] run data modify entity @s {} merge value {transformation:[0.3176210066352044f,0.1744023147219266f,-1.2257799334903887f,-0.3107879743912148f,-0.14453596046156492f,1.2620419441042905f,0.14210983090181756f,0.4611543330347488f,1.2296592897471723f,0.10329414564787437f,0.3333227672952798f,-0.12117809737325169f,0f,0f,0f,1f],start_interpolation:0}
execute if entity @s[tag=aj.dino.bone.body_1] run data modify entity @s {} merge value {transformation:[-0.08264252798818292f,-0.27529584879944685f,-1.202491997169946f,-0.012682300226910156f,-0.3561573051053254f,1.1591899364822709f,-0.24090508553077727f,0.4390817224709954f,1.181070184893381f,0.33029605182059185f,-0.15678753637931292f,-0.10697497444279835f,0f,0f,0f,1f],start_interpolation:0}