execute if entity @s[tag=aj.dino.bone.head_lower] run data modify entity @s {} merge value {transformation:[0.6739742138710363f,0.41415248603842153f,-0.6117487044082018f,0.7209612062790263f,-0.5521772039517133f,0.8325262902414364f,-0.044724842010896826f,0.31207089750152184f,0.49077397493447705f,0.3679370793560045f,0.789786813742789f,-0.6033109073446613f,0f,0f,0f,1f],start_interpolation:0}
execute if entity @s[tag=aj.dino.bone.head_upper] run data modify entity @s {} merge value {transformation:[0.7015394783957726f,0.7651809761732451f,-0.07623894371155594f,0.733105208828392f,-0.5747610215195035f,0.5903352546233477f,0.6361021913766305f,0.3689995065871521f,0.510846426020141f,-0.3866190676038291f,0.8203862310955139f,-0.5552784895265527f,0f,0f,0f,1f],start_interpolation:0}
execute if entity @s[tag=aj.dino.bone.neck_0] run data modify entity @s {} merge value {transformation:[0.6396648285502473f,0.6300706109059155f,-0.4402725660184029f,0.694202440103457f,-0.5437423944051643f,0.7757678033337658f,0.320200755522598f,0.3772878185641138f,0.5432983670528762f,0.03457369785472987f,0.8388274815326024f,-0.5017750809958463f,0f,0f,0f,1f],start_interpolation:0}
execute if entity @s[tag=aj.dino.bone.neck_1] run data modify entity @s {} merge value {transformation:[0.6835154985691729f,0.49781510529503536f,-0.5338414410251678f,0.6512724353429179f,-0.26177386651408363f,0.8498808495719599f,0.45735870423674074f,0.41994739848483065f,0.6813816889424034f,-0.1728660246287185f,0.7112217175417674f,-0.4423216389022273f,0f,0f,0f,1f],start_interpolation:0}
execute if entity @s[tag=aj.dino.bone.neck_2] run data modify entity @s {} merge value {transformation:[0.5362805757461554f,0.40522541554914326f,-0.7404022600386875f,0.5903750544306894f,-0.34807812332454935f,0.9053242029512133f,0.24337154232491973f,0.4501322606535803f,0.7689244203042535f,0.12720239834128352f,0.6265578869633623f,-0.3861850778388244f,0f,0f,0f,1f],start_interpolation:0}
execute if entity @s[tag=aj.dino.bone.body_0] run data modify entity @s {} merge value {transformation:[0.6035123430122147f,0.22829723646682204f,-0.7639720044959232f,0.2324927301556697f,-0.32557928286547577f,0.9451775322300336f,0.02525001260091378f,0.47103649437125006f,0.7278536819998299f,0.23349476308721723f,0.6447551575676885f,-0.08009006042215414f,0f,0f,0f,1f],start_interpolation:0}
execute if entity @s[tag=aj.dino.bone.leg_left_3] run data modify entity @s {} merge value {transformation:[0.20441781155929678f,0.17715413762111598f,-0.9627199851675597f,-0.4852860754330999f,-0.024923380923573015f,0.9841106638915481f,0.17579825453705422f,0.08357932984574351f,0.9785663919227178f,-0.011942057555341192f,0.20558502829899492f,-0.38023681899159f,0f,0f,0f,1f],start_interpolation:0}
execute if entity @s[tag=aj.dino.bone.leg_left_2] run data modify entity @s {} merge value {transformation:[0.13469009269108825f,0.1777596020532319f,-1.001160477800356f,-0.47458195809920223f,-0.2982199026027212f,0.9724002510900062f,0.13253241442157074f,0.31387760986850693f,0.9721037332112163f,0.2736813385283404f,0.1793740681337364f,-0.3093905335796179f,0f,0f,0f,1f],start_interpolation:0}
execute if entity @s[tag=aj.dino.bone.leg_left_1] run data modify entity @s {} merge value {transformation:[0.0660307141788428f,0.996715919213168f,-0.04687559249845652f,-0.2026343275208816f,0.09824061462512165f,0.04025596447061003f,0.9943481477644636f,0.2701208772237655f,0.9929696503031249f,-0.07026260535726205f,-0.09525985442619223f,-0.3432020734862756f,0f,0f,0f,1f],start_interpolation:0}
execute if entity @s[tag=aj.dino.bone.leg_left_0] run data modify entity @s {} merge value {transformation:[0.03924978592873077f,0.44662153356613166f,-0.8938616559958177f,0.05005352058041149f,0.046596283599419544f,0.8927597277405384f,0.44811701025442263f,0.589585847658028f,0.9981423949814331f,-0.05923912794493682f,0.014229724559952861f,-0.2515600380886117f,0f,0f,0f,1f],start_interpolation:0}
execute if entity @s[tag=aj.dino.bone.leg_right_3] run data modify entity @s {} merge value {transformation:[-0.3358303550036564f,0.031031935807210753f,-0.9414111703279152f,0.16789966903581505f,0.02446913231297213f,0.999407277318487f,0.024214780748532283f,0.032384020684352116f,0.9416046060964061f,-0.014903456072548449f,-0.3363906252782993f,0.28255907158156657f,0f,0f,0f,1f],start_interpolation:0}
execute if entity @s[tag=aj.dino.bone.leg_right_2] run data modify entity @s {} merge value {transformation:[-0.35464717712197713f,-0.0987483121359511f,-0.9573590497354729f,0.1158450900075606f,0.1762139732931257f,0.9963784081515863f,-0.16805029867945917f,0.25917149946823026f,0.9461692316263284f,-0.222578161822553f,-0.32754380852647913f,0.21908598803382268f,0f,0f,0f,1f],start_interpolation:0}
execute if entity @s[tag=aj.dino.bone.leg_right_1] run data modify entity @s {} merge value {transformation:[-0.18316318403579723f,0.9170888497627115f,-0.35411762121472434f,0.38012273286262077f,-0.1866158135817292f,0.32122663742001345f,0.9284330808049985f,0.2934815589786208f,0.9652076388710865f,0.23613870723102048f,0.1123063881182384f,0.29650389915994607f,0f,0f,0f,1f],start_interpolation:0}
execute if entity @s[tag=aj.dino.bone.leg_right_0] run data modify entity @s {} merge value {transformation:[-0.2394445646518411f,-0.9593873003528929f,-0.14913855430531028f,0.043418475500975995f,-0.17476845597242235f,0.19368756289727165f,-0.9653709726192987f,0.468438133206152f,0.9550509343776935f,-0.2050881174044541f,-0.21404807133863896f,0.12235534540895253f,0f,0f,0f,1f],start_interpolation:0}
execute if entity @s[tag=aj.dino.bone.tail_4] run data modify entity @s {} merge value {transformation:[0.19356711451659983f,-1.7267442011867447f,2.1462869257034742f,-0.8259845505498941f,2.562544912444577f,0.902314169286266f,0.4948272862420337f,0.4379350925281932f,-1.010720869222624f,1.956998961464514f,1.66561091523341f,1.0051975354621179f,0f,0f,0f,1f],start_interpolation:0}
execute if entity @s[tag=aj.dino.bone.tail_3] run data modify entity @s {} merge value {transformation:[0.13670098762961555f,-1.9939980477260022f,0.5841490834456775f,-0.9055218120696814f,2.05183584103452f,0.22180771421772078f,0.27697751786764224f,0.38879937834350065f,-0.32745693987408153f,0.5574214291026552f,1.97939355080032f,0.6641107297128206f,0f,0f,0f,1f],start_interpolation:0}
execute if entity @s[tag=aj.dino.bone.tail_2] run data modify entity @s {} merge value {transformation:[0.9373115291239662f,-1.6994942443497936f,-0.2279041153555457f,-0.8628662440410898f,1.7062901769584724f,0.9501388576411082f,-0.06770419645969025f,0.4028732366132291f,0.16969031907889082f,-0.16652128880461692f,1.9396519613035041f,0.3036195190034575f,0f,0f,0f,1f],start_interpolation:0}
execute if entity @s[tag=aj.dino.bone.tail_1] run data modify entity @s {} merge value {transformation:[0.6647497456526653f,-0.9668104802788359f,-0.9544849505768671f,-0.6462885557670331f,1.063095571214527f,1.031804083214177f,-0.30473659170931783f,0.45482076055474957f,0.8459266115442741f,-0.536948860773127f,1.1330270688715536f,0.06556020560228255f,0f,0f,0f,1f],start_interpolation:0}
execute if entity @s[tag=aj.dino.bone.tail_0] run data modify entity @s {} merge value {transformation:[0.5453144172794812f,0.16444805607161156f,-1.14430098302214f,-0.307928787967155f,-0.14696591123882677f,1.264813425785043f,0.11173063801694144f,0.4526926722961298f,1.1466773407654434f,0.08390203449380507f,0.5585044685290522f,-0.09562307540278124f,0f,0f,0f,1f],start_interpolation:0}
execute if entity @s[tag=aj.dino.bone.body_1] run data modify entity @s {} merge value {transformation:[-0.020867966388962177f,-0.256997844079576f,-1.2091820504677901f,-0.009500270593391657f,-0.3810232489779f,1.1518128407295543f,-0.23822900479389544f,0.4304948101974354f,1.1760061253128593f,0.3686243116307097f,-0.09864230916635645f,-0.09751958360893627f,0f,0f,0f,1f],start_interpolation:0}