execute if entity @s[tag=aj.dino.bone.head_lower] run data modify entity @s {} merge value {transformation:[0.6614139315046776f,0.45821040412196606f,-0.5937801249333884f,0.7155400564718034f,-0.565358993201259f,0.8248174019943582f,0.0067425643294191095f,0.31425781749785403f,0.4928496931296442f,0.3312393076337141f,0.804599093375299f,-0.6027139013670463f,0f,0f,0f,1f],start_interpolation:0}
execute if entity @s[tag=aj.dino.bone.head_upper] run data modify entity @s {} merge value {transformation:[0.688465485714081f,0.779851744660309f,-0.03631079611154451f,0.7307619700122225f,-0.5884819404569435f,0.550210238380525f,0.6591127687435464f,0.3718674591662079f,0.5130070402246079f,-0.41541773254764325f,0.8048129141287864f,-0.5564010626847895f,0f,0f,0f,1f],start_interpolation:0}
execute if entity @s[tag=aj.dino.bone.neck_0] run data modify entity @s {} merge value {transformation:[0.6278907477060721f,0.6513798278017231f,-0.4259783197277855f,0.6924414100090228f,-0.5626174712665296f,0.7580537888465694f,0.32987275462065163f,0.38107481141796323f,0.5377869373374231f,0.032538794512989425f,0.8424526318321262f,-0.5026284339611522f,0f,0f,0f,1f],start_interpolation:0}
execute if entity @s[tag=aj.dino.bone.neck_1] run data modify entity @s {} merge value {transformation:[0.677429950246502f,0.5147951467120232f,-0.525428034492611f,0.6503023561360549f,-0.27723012561625543f,0.840303644689859f,0.46586826697225764f,0.424411142004648f,0.6813458152508294f,-0.16992863691175178f,0.7119635794038182f,-0.44309861425284197f,0f,0f,0f,1f],start_interpolation:0}
execute if entity @s[tag=aj.dino.bone.neck_2] run data modify entity @s {} merge value {transformation:[0.5229752660652818f,0.41323790606000677f,-0.7454738788710767f,0.5890391106668758f,-0.3637646662405458f,0.8991707183190564f,0.2432432669417526f,0.4545245198272902f,0.7708256214468044f,0.14396684449113092f,0.6205653946268793f,-0.3873229060562216f,0f,0f,0f,1f],start_interpolation:0}
execute if entity @s[tag=aj.dino.bone.body_0] run data modify entity @s {} merge value {transformation:[0.6002209999388303f,0.23307683051891676f,-0.7651208677769069f,0.2306608630436045f,-0.33878203874356017f,0.9406354677840799f,0.020776115406450663f,0.4732769537328957f,0.7245422565021227f,0.24673894670659807f,0.6435514048783756f,-0.08166904536374782f,0f,0f,0f,1f],start_interpolation:0}
execute if entity @s[tag=aj.dino.bone.leg_left_3] run data modify entity @s {} merge value {transformation:[0.19439048547109172f,0.14855083003543504f,-0.969610741511302f,-0.47479739773147484f,-0.003916506329673216f,0.9885761632535277f,0.15067126608980383f,0.0808294889659534f,0.980916408332781f,-0.025491573955293008f,0.19275160056611446f,-0.38301152503360575f,0f,0f,0f,1f],start_interpolation:0}
execute if entity @s[tag=aj.dino.bone.leg_left_2] run data modify entity @s {} merge value {transformation:[0.12842839434657657f,0.15348509722661433f,-1.0059874114299798f,-0.46991052036015224f,-0.2916331959614936f,0.976988442184197f,0.11182961303910413f,0.31156767885136627f,0.9749453451550706f,0.2720259330808872f,0.16596886814287568f,-0.3129609845362159f,0f,0f,0f,1f],start_interpolation:0}
execute if entity @s[tag=aj.dino.bone.leg_left_1] run data modify entity @s {} merge value {transformation:[0.06163557834573237f,0.9972367597133398f,-0.041471683814693405f,-0.19802046486905356f,0.10530509567050267f,0.03482148802815288f,0.9938301166685037f,0.2662213496559917f,0.9925280309934895f,-0.06562247364999303f,-0.10286786983428127f,-0.3450996499303738f,0f,0f,0f,1f],start_interpolation:0}
execute if entity @s[tag=aj.dino.bone.leg_left_0] run data modify entity @s {} merge value {transformation:[0.035732931683916364f,0.4313594996741881f,-0.9014722068006905f,0.04888563468627046f,0.053239258158967975f,0.8999456772131117f,0.4327393666586351f,0.5905320097142845f,0.9979422523292394f,-0.06345675776675089f,0.009192437640614545f,-0.25472679814741883f,0f,0f,0f,1f],start_interpolation:0}
execute if entity @s[tag=aj.dino.bone.leg_right_3] run data modify entity @s {} merge value {transformation:[-0.3456044921445806f,0.03860210068714537f,-0.9375859495705053f,0.15997318610181088f,0.02256200584839543f,0.9992065040112659f,0.0328225263147264f,0.04010312608956468f,0.9381089973460353f,-0.00981020713968013f,-0.3462011971878391f,0.2824093857897329f,0f,0f,0f,1f],start_interpolation:0}
execute if entity @s[tag=aj.dino.bone.leg_right_2] run data modify entity @s {} merge value {transformation:[-0.36219536359670784f,-0.08221560708230986f,-0.9560948237710685f,0.11182313695468798f,0.17983851787178573f,0.9980082338574467f,-0.15394762792298292f,0.26770072753343305f,0.9426212524547823f,-0.22199630313480695f,-0.3380015019430401f,0.2187542473471586f,0f,0f,0f,1f],start_interpolation:0}
execute if entity @s[tag=aj.dino.bone.leg_right_1] run data modify entity @s {} merge value {transformation:[-0.19428397318286222f,0.9191871703253327f,-0.3425619413676725f,0.3758364805424495f,-0.18478606471027822f,0.3086699617842419f,0.9330471397421478f,0.29839125887876067f,0.9633835415104256f,0.24457677854085502f,0.10988335335894966f,0.29855669939668955f,0f,0f,0f,1f],start_interpolation:0}
execute if entity @s[tag=aj.dino.bone.leg_right_0] run data modify entity @s {} merge value {transformation:[-0.2504982655074022f,-0.9577938580612803f,-0.1410019306175321f,0.04038076436482655f,-0.17328717267572336f,0.1876529707447231f,-0.966828794749481f,0.47092489479461574f,0.9524821125689643f,-0.21775511022882654f,-0.21298013335847674f,0.11964642712070661f,0f,0f,0f,1f],start_interpolation:0}
execute if entity @s[tag=aj.dino.bone.tail_4] run data modify entity @s {} merge value {transformation:[0.5400036408813615f,-1.4374636470638995f,2.295159180275875f,-0.8139101543948746f,2.3051384381107978f,1.472334544273156f,0.3797750682760392f,0.5650577436354092f,-1.4214057058345397f,1.841627156812614f,1.4878429239376387f,0.9649443195783829f,0f,0f,0f,1f],start_interpolation:0}
execute if entity @s[tag=aj.dino.bone.tail_3] run data modify entity @s {} merge value {transformation:[0.49280257697921664f,-1.9034085009907293f,0.685658241781802f,-0.9115461078194769f,1.9387078614030777f,0.6460322437742141f,0.3999996177278218f,0.49091065742371826f,-0.5783623209554651f,0.5437131085459719f,1.9250502869636235f,0.6332062698464436f,0f,0f,0f,1f],start_interpolation:0}
execute if entity @s[tag=aj.dino.bone.tail_2] run data modify entity @s {} merge value {transformation:[1.187742300037974f,-1.5455677904835174f,-0.1387887197259847f,-0.8852350901730679f,1.5461244088699366f,1.1637485924165611f,0.27196029296174346f,0.4417740242602993f,-0.13244401081161783f,-0.2751059680762077f,1.930168170220347f,0.27422882542839305f,0f,0f,0f,1f],start_interpolation:0}
execute if entity @s[tag=aj.dino.bone.tail_1] run data modify entity @s {} merge value {transformation:[0.7464676214527687f,-0.8272026072235538f,-1.0228285226396463f,-0.6557352606894553f,1.025369629632068f,1.1025936494935389f,-0.14338973716663084f,0.4581722182415622f,0.8240506433168061f,-0.6226390131521434f,1.1049513322088371f,0.0432794705906413f,0f,0f,0f,1f],start_interpolation:0}
execute if entity @s[tag=aj.dino.bone.tail_0] run data modify entity @s {} merge value {transformation:[0.4847572709544976f,0.16978602600920115f,-1.1704780263690464f,-0.30959713768916514f,-0.14920026432214395f,1.2636496553491512f,0.12150944920540885f,0.4531584502192612f,1.17327975605436f,0.09054264460464084f,0.49905146039767034f,-0.10037000987077846f,0f,0f,0f,1f],start_interpolation:0}
execute if entity @s[tag=aj.dino.bone.body_1] run data modify entity @s {} merge value {transformation:[-0.026748778024198987f,-0.2628262661691316f,-1.2078126724546547f,-0.01109439593242909f,-0.3761778893952509f,1.1525216573435484f,-0.242463646636903f,0.43189733920211687f,1.1774460894073226f,0.3622440865244363f,-0.10490244693871592f,-0.10038137029728297f,0f,0f,0f,1f],start_interpolation:0}