execute if entity @s[tag=aj.dino.bone.head_lower] run data modify entity @s {} merge value {transformation:[-0.7934124004690738f,-0.41485807150349274f,-0.4454094108685907f,-0.6077966837210397f,-0.5451617855820932f,0.8097996836946207f,0.21684810312528924f,0.14973988144052053f,0.27073121416424417f,0.41487016378198993f,-0.8686698779632338f,0.14905395507960062f,0f,0f,0f,1f],start_interpolation:0}
execute if entity @s[tag=aj.dino.bone.head_upper] run data modify entity @s {} merge value {transformation:[-0.8258626370597588f,-0.2215326587530211f,-0.5935875069423427f,-0.6539478713049588f,-0.5674586754616568f,0.6923784825691027f,0.5311069864934144f,0.20172401828112096f,0.2818040080188892f,0.7449880942435466f,-0.6701128136988324f,0.1196741338866712f,0f,0f,0f,1f],start_interpolation:0}
execute if entity @s[tag=aj.dino.bone.neck_0] run data modify entity @s {} merge value {transformation:[-0.8990449727141706f,-0.4335051173995807f,0.061574753152181236f,-0.642639227529178f,-0.4155145437490888f,0.8890398530844941f,0.19223892311518948f,0.19985802686939302f,-0.13807896642994835f,0.1472462319242057f,-0.9794144915273413f,0.053997890797554564f,0f,0f,0f,1f],start_interpolation:0}
execute if entity @s[tag=aj.dino.bone.neck_1] run data modify entity @s {} merge value {transformation:[-0.9639142123032002f,-0.2342186550979427f,0.12653463132286047f,-0.6329990995557999f,-0.15052184982179392f,0.8715537517130231f,0.46662322124084166f,0.24340227732819403f,-0.21957359596756298f,0.4307385279715121f,-0.8753580732904728f,-0.018172068528811598f,0f,0f,0f,1f],start_interpolation:0}
execute if entity @s[tag=aj.dino.bone.neck_2] run data modify entity @s {} merge value {transformation:[-0.7972224331797773f,-0.3391965618818353f,0.49938170215022704f,-0.5925704634233482f,-0.04890558620129566f,0.8607908289198345f,0.5066037825419505f,0.2962122484166313f,-0.6017014506158544f,0.37945334529431485f,-0.7028303657866032f,-0.07603019439068931f,0f,0f,0f,1f],start_interpolation:0}
execute if entity @s[tag=aj.dino.bone.body_0] run data modify entity @s {} merge value {transformation:[-0.6378963977387165f,-0.11553402498703497f,0.761406642223631f,-0.234822974223792f,0.08601380317896251f,0.9718086694552089f,0.21952115076772702f,0.4089294359065433f,-0.7653037380116865f,0.2055232323655689f,-0.6099757286510249f,-0.3615516022026124f,0f,0f,0f,1f],start_interpolation:0}
execute if entity @s[tag=aj.dino.bone.leg_left_3] run data modify entity @s {} merge value {transformation:[0.24022068411238393f,0.03884161340658238f,0.9699409012886053f,-0.05828009911658502f,-0.03341543884682498f,0.9989378400822814f,-0.031726961695396946f,0.000860571428845075f,-0.9701429953214387f,-0.024789528428768044f,0.24126344088781232f,0.07142654778819973f,0f,0f,0f,1f],start_interpolation:0}
execute if entity @s[tag=aj.dino.bone.leg_left_2] run data modify entity @s {} merge value {transformation:[0.453220087569399f,0.07555615525691746f,0.9170305442716036f,-0.011624601907096216f,-0.2521514965441917f,0.9933034546327447f,0.042779309319745704f,0.23332905440844076f,-0.8849143317377145f,-0.24433934173223648f,0.45747908265596876f,0.027236717879990352f,0f,0f,0f,1f],start_interpolation:0}
execute if entity @s[tag=aj.dino.bone.leg_left_1] run data modify entity @s {} merge value {transformation:[0.4800758216963393f,-0.869309131790313f,-0.11759608330449198f,-0.2511128818674691f,0.14933239035361542f,-0.05111089694670612f,0.9874651960472223f,0.16409832203305458f,-0.8644229535440743f,-0.4916190696049895f,0.10527890475714666f,-0.09468889516401012f,0f,0f,0f,1f],start_interpolation:0}
execute if entity @s[tag=aj.dino.bone.leg_left_0] run data modify entity @s {} merge value {transformation:[0.4686199925790513f,0.22267475988935254f,0.8548749931208828f,-0.1787866190893352f,0.09379554481660532f,0.9496982632051043f,-0.2987902351780674f,0.5722102535391635f,-0.8784063400999373f,0.22020254352170388f,0.42416169263478526f,-0.144896878984858f,0f,0f,0f,1f],start_interpolation:0}
execute if entity @s[tag=aj.dino.bone.leg_right_3] run data modify entity @s {} merge value {transformation:[0.7031561069520049f,-0.2227601948705209f,0.6752402423118372f,-0.00250147980848223f,0.2050727921444487f,0.9728378053746268f,0.10738600633210879f,0.027874011257403353f,-0.6808205631281867f,0.06296427570557353f,0.7297388990636939f,-0.6984194988033282f,0f,0f,0f,1f],start_interpolation:0}
execute if entity @s[tag=aj.dino.bone.leg_right_2] run data modify entity @s {} merge value {transformation:[0.716451012245324f,-0.10074851064707603f,0.7270556265897001f,-0.004628022462812464f,0.2946649015499231f,0.9700070029593444f,-0.1559525873626318f,0.24870446504948884f,-0.6722594308359832f,0.31780237776473785f,0.7064921130768935f,-0.6014635265255126f,0f,0f,0f,1f],start_interpolation:0}
execute if entity @s[tag=aj.dino.bone.leg_right_1] run data modify entity @s {} merge value {transformation:[0.6173451525247291f,-0.7393622356244561f,0.26875350637084866f,-0.2074485004111245f,-0.07754357341064647f,0.2827708450245228f,0.9560479294610836f,0.2732749413256579f,-0.7828613905902675f,-0.6110516620847406f,0.1172344206560057f,-0.789276015673988f,0f,0f,0f,1f],start_interpolation:0}
execute if entity @s[tag=aj.dino.bone.leg_right_0] run data modify entity @s {} merge value {transformation:[0.6569514467453837f,0.6646061783565458f,0.3559682911573094f,-0.0518679988545465f,-0.04725087550799986f,0.5075149476368859f,-0.8603464027290733f,0.548073503432351f,-0.7524507634276647f,0.5483860005647817f,0.3648159028903326f,-0.5161684611026237f,0f,0f,0f,1f],start_interpolation:0}
execute if entity @s[tag=aj.dino.bone.tail_4] run data modify entity @s {} merge value {transformation:[1.0121750670852128f,-1.156290717482543f,-2.2943745862074807f,-0.16836295539706697f,-2.5189240320601547f,-0.9324004298264222f,-0.6413364879447586f,0.21356509744928562f,-0.5061469014830182f,2.3279352539800606f,-1.396493501236555f,0.6156409050558531f,0f,0f,0f,1f],start_interpolation:0}
execute if entity @s[tag=aj.dino.bone.tail_3] run data modify entity @s {} merge value {transformation:[0.770246612644434f,0.37301427862515485f,-1.8982955590992605f,0.14986758401365025f,-1.833206940377568f,-0.5120499800456991f,-0.8444540589819913f,0.36176411083637094f,-0.6180760434653142f,1.9835853124888276f,0.13898503019141567f,0.572663240481983f,0f,0f,0f,1f],start_interpolation:0}
execute if entity @s[tag=aj.dino.bone.tail_2] run data modify entity @s {} merge value {transformation:[1.0303476598678438f,1.0356218072174952f,-1.2979387686725454f,0.3921598808612169f,-1.5714374371951623f,0.11469887898094039f,-1.1559422230997503f,0.5755165467536607f,-0.5364158422242351f,1.653210668541327f,0.8932672638324887f,0.40660354339417004f,0f,0f,0f,1f],start_interpolation:0}
execute if entity @s[tag=aj.dino.bone.tail_1] run data modify entity @s {} merge value {transformation:[1.3637099535744812f,0.6496253625070323f,-0.07706037184891744f,0.39949856399203487f,-0.6325424147205972f,1.263979428063669f,-0.5384258064128027f,0.676533243568523f,-0.1668577421078281f,0.5176863372926195f,1.4113169736381799f,0.09673510729047805f,0f,0f,0f,1f],start_interpolation:0}
execute if entity @s[tag=aj.dino.bone.tail_0] run data modify entity @s {} merge value {transformation:[1.1040711918007897f,-0.08875819009816018f,0.637953371109606f,0.21093186830203586f,0.057086052979478434f,1.2745235265447146f,0.07852820781907956f,0.6843419991383509f,-0.6415634828875755f,-0.039338029418759975f,1.1048459319971455f,-0.22707584977210696f,0f,0f,0f,1f],start_interpolation:0}
execute if entity @s[tag=aj.dino.bone.body_1] run data modify entity @s {} merge value {transformation:[0.39917339965056675f,-0.3968387895682035f,1.100810686340618f,-0.018261287728999237f,-0.07591280600773226f,1.1518660197136086f,0.44277140102925694f,0.5038175f,-1.1676910712819946f,-0.2105427338556755f,0.34752541536574966f,-0.2936890935484943f,0f,0f,0f,1f],start_interpolation:0}