execute if entity @s[tag=aj.dino.bone.head_lower] run data modify entity @s {} merge value {transformation:[0.6297601444692266f,0.2340245217649846f,-0.7406987806462012f,0.8136284656311097f,-0.4947072553682081f,0.8559884214642418f,-0.1501617587976709f,0.3392591538058931f,0.5988880462358165f,0.460994951742235f,0.6548410208165192f,-0.5021554234055746f,0f,0f,0f,1f],start_interpolation:0}
execute if entity @s[tag=aj.dino.bone.head_upper] run data modify entity @s {} merge value {transformation:[0.6555170719779578f,0.7328855106562319f,-0.34153790301971826f,0.8067439840496492f,-0.5149405759847447f,0.7173842156658926f,0.5510608250469621f,0.39319665595443926f,0.6233823177901755f,-0.178074866185808f,0.8143437667735675f,-0.4498218178817147f,0f,0f,0f,1f],start_interpolation:0}
execute if entity @s[tag=aj.dino.bone.neck_0] run data modify entity @s {} merge value {transformation:[0.5794567989788098f,0.5186377840426738f,-0.6286848710447359f,0.7574863408447357f,-0.4798757709882827f,0.840614419283688f,0.251170544671841f,0.39594812599918194f,0.6587481024911059f,0.1561481573879525f,0.7359814470546895f,-0.40497931290276423f,0f,0f,0f,1f],start_interpolation:0}
execute if entity @s[tag=aj.dino.bone.neck_1] run data modify entity @s {} merge value {transformation:[0.5804989233721694f,0.4485150656634736f,-0.6795993200678192f,0.701981611537044f,-0.21430094718684725f,0.8893509215382399f,0.4038936028137901f,0.43426034378770834f,0.7855546473661601f,-0.08882102359224077f,0.6123844558522483f,-0.35351149929915726f,0f,0f,0f,1f],start_interpolation:0}
execute if entity @s[tag=aj.dino.bone.neck_2] run data modify entity @s {} merge value {transformation:[0.44835200242648554f,0.34383113348225636f,-0.8250821980678454f,0.6330645445610649f,-0.3026363325466468f,0.9269338671241614f,0.22182167658045288f,0.4627688482115429f,0.8410658310399228f,0.15024565759633246f,0.5196484486944702f,-0.30651539893875235f,0f,0f,0f,1f],start_interpolation:0}
execute if entity @s[tag=aj.dino.bone.body_0] run data modify entity @s {} merge value {transformation:[0.4949365579360939f,0.15868460175929047f,-0.8543166864710456f,0.23193996310234477f,-0.28647330010404365f,0.958013306815499f,0.011981330974946774f,0.47754187883409527f,0.8203480066080919f,0.23880892179507876f,0.5196147100739179f,-0.05934798114482728f,0f,0f,0f,1f],start_interpolation:0}
execute if entity @s[tag=aj.dino.bone.leg_left_3] run data modify entity @s {} merge value {transformation:[0.09058228873353412f,0.22247523275911163f,-0.9707211853959786f,-0.4434114337917303f,-0.07808480042337586f,0.9733141492374963f,0.2157830642959055f,0.07549810449885389f,0.9928230521652065f,0.05625244619452942f,0.10553695744380438f,-0.45095592693581926f,0f,0f,0f,1f],start_interpolation:0}
execute if entity @s[tag=aj.dino.bone.leg_left_2] run data modify entity @s {} merge value {transformation:[0.02779697075269988f,0.16075042463137396f,-1.0126444730992714f,-0.4371928695799553f,-0.3074967295156093f,0.9676943864106708f,0.145174155231482f,0.3050757488447f,0.9781284625522724f,0.29964825210703827f,0.07441663291912011f,-0.37729109990302245f,0f,0f,0f,1f],start_interpolation:0}
execute if entity @s[tag=aj.dino.bone.leg_left_1] run data modify entity @s {} merge value {transformation:[-0.05940921089393338f,0.9952996114685302f,-0.07648025282092863f,-0.1615616708824305f,0.08551138780049979f,0.08140814852343736f,0.9930057985280946f,0.2728234822790266f,0.9945644012417661f,0.05245375834560355f,-0.08994584491808576f,-0.37807803427641407f,0f,0f,0f,1f],start_interpolation:0}
execute if entity @s[tag=aj.dino.bone.leg_left_0] run data modify entity @s {} merge value {transformation:[-0.08562058930620063f,0.4331657565005193f,-0.8972382861214695f,0.07159849970188867f,0.033332634313320494f,0.9012865046810591f,0.43193931514685463f,0.5954110688422166f,0.9957700789723466f,0.007075583024193047f,-0.09160723742300261f,-0.2520587404643923f,0f,0f,0f,1f],start_interpolation:0}
execute if entity @s[tag=aj.dino.bone.leg_right_3] run data modify entity @s {} merge value {transformation:[-0.42534206343761305f,0.0433661496655251f,-0.903993089649374f,0.12153979039087469f,0.044673762587575154f,0.9986397508607823f,0.026886854352699885f,0.02111878206294049f,0.9039294131772142f,-0.028948662558080596f,-0.426700821336444f,0.28869141885991256f,0f,0f,0f,1f],start_interpolation:0}
execute if entity @s[tag=aj.dino.bone.leg_right_2] run data modify entity @s {} merge value {transformation:[-0.445596354595401f,-0.08326075248195883f,-0.9200944165508899f,0.07438807968867955f,0.1830992046818063f,0.9933042763676212f,-0.17855950071441304f,0.24685422217795866f,0.905527895493493f,-0.24181906696252964f,-0.41665929587276945f,0.21804229062784486f,0f,0f,0f,1f],start_interpolation:0}
execute if entity @s[tag=aj.dino.bone.leg_right_1] run data modify entity @s {} merge value {transformation:[-0.2783263361651352f,0.887289248188124f,-0.3677665572705684f,0.3293987567667394f,-0.17976528386147647f,0.32800816266890753f,0.9274131161142645f,0.28319713785909856f,0.9435141192982197f,0.3242351542820761f,0.0682104934198795f,0.3212998942982222f,0f,0f,0f,1f],start_interpolation:0}
execute if entity @s[tag=aj.dino.bone.leg_right_0] run data modify entity @s {} merge value {transformation:[-0.33257582178195677f,-0.9225508146878177f,-0.19568678311245244f,0.021775912744158573f,-0.1639878108189623f,0.26090886313515893f,-0.9513330452792667f,0.48215067797663574f,0.9287094920742764f,-0.2843001221532674f,-0.23805906803727706f,0.12106764595992002f,0f,0f,0f,1f],start_interpolation:0}
execute if entity @s[tag=aj.dino.bone.tail_4] run data modify entity @s {} merge value {transformation:[-0.23029897102095312f,-2.119038943251765f,1.7556473656543718f,-0.8871666620276919f,2.6791819874004528f,0.2295144892612809f,0.6284650421527791f,0.3321113670169776f,-0.6281779954245859f,1.7557500926389202f,2.0367609947813645f,0.9402834587413524f,0f,0f,0f,1f],start_interpolation:0}
execute if entity @s[tag=aj.dino.bone.tail_3] run data modify entity @s {} merge value {transformation:[-0.3166851835962854f,-2.020641635338488f,0.3907216426967339f,-0.9336450491170589f,2.0505777715714757f,-0.27609051634764653f,0.23420152767284563f,0.2951012050879377f,-0.17546174304386608f,0.420389027406683f,2.031854268496763f,0.5916422235405764f,0f,0f,0f,1f],start_interpolation:0}
execute if entity @s[tag=aj.dino.bone.tail_2] run data modify entity @s {} merge value {transformation:[0.582861303444012f,-1.827998507504413f,-0.3707668168970397f,-0.8647242913104456f,1.8001757869275492f,0.6529974739293345f,-0.3895321683821036f,0.36900089801652436f,0.488276266175311f,-0.225365548845256f,1.8787151280293535f,0.2427006116660919f,0f,0f,0f,1f],start_interpolation:0}
execute if entity @s[tag=aj.dino.bone.tail_1] run data modify entity @s {} merge value {transformation:[0.4600562516847653f,-1.0816738957402665f,-0.9518330098078335f,-0.6471176260962344f,1.1378427448432578f,0.8857215411112523f,-0.4565824017842448f,0.4553382429548415f,0.8839221590690696f,-0.5771786420906297f,1.0831448111038022f,0.01583087123740365f,0f,0f,0f,1f],start_interpolation:0}
execute if entity @s[tag=aj.dino.bone.tail_0] run data modify entity @s {} merge value {transformation:[0.5123800953619877f,0.10244882561343789f,-1.1665361514292196f,-0.3037563771673037f,-0.10995135265100026f,1.2718985230424593f,0.06340791525238487f,0.4675021534304105f,1.1658529300521072f,0.07492731008694772f,0.5186603515558893f,-0.13392560881166982f,0f,0f,0f,1f],start_interpolation:0}
execute if entity @s[tag=aj.dino.bone.body_1] run data modify entity @s {} merge value {transformation:[-0.15669766483840009f,-0.27497489026140415f,-1.195173312376147f,-0.007373813534330909f,-0.35621672520494047f,1.1631490464670862f,-0.22090390545037145f,0.4405128745165886f,1.173524640378169f,0.3163505974147788f,-0.22664247835931417f,-0.10254286506466763f,0f,0f,0f,1f],start_interpolation:0}