execute if entity @s[tag=aj.dino.bone.head_lower] run data modify entity @s {} merge value {transformation:[-0.8657516548299165f,0.19474184220659202f,0.4610311128907066f,-0.6075786986026163f,0.2958501230970183f,0.9421440326796067f,0.15759862419985587f,1.0831254264837478f,-0.4036666654837129f,0.2728373812002142f,-0.8732771533694607f,0.3502981973408468f,0f,0f,0f,1f],start_interpolation:0}
execute if entity @s[tag=aj.dino.bone.head_upper] run data modify entity @s {} merge value {transformation:[-0.901160536782604f,0.33697955024624204f,0.3972737245842419f,-0.5729046539343525f,0.30795026986080176f,0.9848430655930587f,-0.1368309542078574f,1.0959026482678356f,-0.4201764639075528f,-0.000928144715950186f,-0.9523249552064872f,0.2844961478163803f,0f,0f,0f,1f],start_interpolation:0}
execute if entity @s[tag=aj.dino.bone.neck_0] run data modify entity @s {} merge value {transformation:[-0.8546857867236587f,0.46330666359997774f,0.234220283998669f,-0.5650036967133529f,0.25192799577049513f,0.7646274002658787f,-0.5931924002460796f,1.0450529748158495f,-0.4539212386743117f,-0.44798646656623514f,-0.770236090334566f,0.24210957164991925f,0f,0f,0f,1f],start_interpolation:0}
execute if entity @s[tag=aj.dino.bone.neck_1] run data modify entity @s {} merge value {transformation:[-0.6736189149562363f,0.5140836742278702f,0.5309948524284914f,-0.517653144178513f,0.401568451982263f,0.8577348168684621f,-0.32098872613254636f,1.0218124938198532f,-0.620467836221791f,-0.0029932965103309644f,-0.7842261819081593f,0.17566153133079962f,0f,0f,0f,1f],start_interpolation:0}
execute if entity @s[tag=aj.dino.bone.neck_2] run data modify entity @s {} merge value {transformation:[-0.6854292188590456f,0.4686940162233728f,0.5572366688317296f,-0.46424622536125026f,0.26584427582626113f,0.8735424322222404f,-0.40773820046405207f,0.9946440957981746f,-0.6778743297578754f,-0.13133749755365892f,-0.7233511282853254f,0.11100467117255663f,0f,0f,0f,1f],start_interpolation:0}
execute if entity @s[tag=aj.dino.bone.body_0] run data modify entity @s {} merge value {transformation:[-0.6811349640226578f,0.5752011345620078f,0.45298875878373746f,-0.2452748122461989f,0.2613256169031014f,0.7689479794122605f,-0.5834620183936701f,0.7269858252006829f,-0.6839328057171009f,-0.2790388140678295f,-0.674072145625046f,-0.20934119679249513f,0f,0f,0f,1f],start_interpolation:0}
execute if entity @s[tag=aj.dino.bone.leg_left_3] run data modify entity @s {} merge value {transformation:[-0.5376914036654109f,0.03158006059009344f,0.8425500900228104f,-0.035527917562046374f,-0.028444427340922486f,0.9980500517054932f,-0.05556085712000486f,0.03201518144091056f,-0.8426617761460211f,-0.05384045007045024f,-0.5357446564909856f,-0.03347290722565051f,0f,0f,0f,1f],start_interpolation:0}
execute if entity @s[tag=aj.dino.bone.leg_left_2] run data modify entity @s {} merge value {transformation:[-0.5488897939009241f,0.35419591653862004f,0.7907764831856484f,0.07062163592985748f,-0.029538244392625344f,0.9278967155184619f,-0.4361162424732043f,0.23478278827757715f,-0.8659732592697632f,-0.25615451887115326f,-0.4863510832642253f,-0.10955603266891863f,0f,0f,0f,1f],start_interpolation:0}
execute if entity @s[tag=aj.dino.bone.leg_left_1] run data modify entity @s {} merge value {transformation:[-0.2681366833715533f,-0.7106895246089737f,0.6504022744744777f,-0.1516052868535821f,0.2523132541458892f,0.5997527948212905f,0.7593646073437733f,0.3524180530473482f,-0.9297530536722184f,0.3677186216594445f,0.01850066139528468f,0.00787703308564075f,0f,0f,0f,1f],start_interpolation:0}
execute if entity @s[tag=aj.dino.bone.leg_left_0] run data modify entity @s {} merge value {transformation:[-0.30471548218139877f,0.628391415157414f,0.7157322853381841f,0.001425540967081168f,0.20678191266360232f,0.7771929077907845f,-0.5943167713222364f,0.7299940432146199f,-0.9297256130246921f,-0.03309703062462649f,-0.3667626903730702f,-0.08336558826085441f,0f,0f,0f,1f],start_interpolation:0}
execute if entity @s[tag=aj.dino.bone.leg_right_3] run data modify entity @s {} merge value {transformation:[-0.06438892178966202f,-0.3873080549178548f,0.9196991558909428f,-0.04556253956219902f,0.4467069124627983f,0.8129332989099453f,0.3736206443457695f,0.38330099967207076f,-0.8923603538418312f,0.43489300077046783f,0.12066928678060253f,-0.741091258916657f,0f,0f,0f,1f],start_interpolation:0}
execute if entity @s[tag=aj.dino.bone.leg_right_2] run data modify entity @s {} merge value {transformation:[-0.08563315396365699f,-0.16188427271163286f,1.0092188289422452f,-0.05197529683119756f,0.5513506563876095f,0.8454614987329843f,0.18239930745982352f,0.585158449627668f,-0.8606634743869886f,0.5577190474687922f,0.01643312043753218f,-0.6092446870702563f,0f,0f,0f,1f],start_interpolation:0}
execute if entity @s[tag=aj.dino.bone.leg_right_1] run data modify entity @s {} merge value {transformation:[-0.11100735342017683f,-0.9928504593783504f,-0.04387861436789886f,-0.32158536372912905f,0.16927751337005645f,-0.062395774236015056f,0.9835913230731244f,0.5194127398045612f,-0.979296937069599f,0.10175820689107601f,0.17499364667442843f,-0.6103844795576797f,0f,0f,0f,1f],start_interpolation:0}
execute if entity @s[tag=aj.dino.bone.leg_right_0] run data modify entity @s {} merge value {transformation:[-0.07586757745022432f,0.6158786409334962f,0.7841795778606732f,-0.1347869620177678f,0.21557140540687797f,0.7779779224177923f,-0.5901519477231258f,0.8478485135267876f,-0.9735363782944824f,0.12427329508951276f,-0.19178912446970825f,-0.432779360763157f,0f,0f,0f,1f],start_interpolation:0}
execute if entity @s[tag=aj.dino.bone.tail_4] run data modify entity @s {} merge value {transformation:[0.7860409943967971f,2.0858366318088812f,-1.9605687891176216f,0.3745459751126598f,2.817844747286031f,-0.20563321876582874f,0.9109724671266397f,0.7917557343816845f,0.5042771179128454f,-2.102238188473049f,-2.0343805110168875f,-1.773411044270759f,0f,0f,0f,1f],start_interpolation:0}
execute if entity @s[tag=aj.dino.bone.tail_3] run data modify entity @s {} merge value {transformation:[0.9382976735900772f,1.7498861075919814f,-1.0335488061659939f,0.5326736494088449f,2.0265933294739265f,-0.7202258836650913f,0.6204201817846872f,0.6936033743325098f,0.15245983471837518f,-1.1957844017591719f,-1.8861555375531f,-1.4418870771955894f,0f,0f,0f,1f],start_interpolation:0}
execute if entity @s[tag=aj.dino.bone.tail_2] run data modify entity @s {} merge value {transformation:[-0.04714158322890192f,2.064399963856972f,-0.3861360118638197f,0.6049118619682871f,2.099842178163978f,0.053478759456377256f,0.029553483562184964f,0.6896748895083336f,0.03887231964169248f,-0.3853094481250493f,-2.064726648070232f,-1.0581218445141474f,0f,0f,0f,1f],start_interpolation:0}
execute if entity @s[tag=aj.dino.bone.tail_1] run data modify entity @s {} merge value {transformation:[-0.2474081010645394f,1.5668762099111433f,0.3568766288906907f,0.5091989168678079f,1.588529084924702f,0.29305168089735606f,-0.18538827518961137f,0.7244684878365423f,-0.2429759901352056f,0.3204565634278372f,-1.5754183612869603f,-0.722794508151096f,0f,0f,0f,1f],start_interpolation:0}
execute if entity @s[tag=aj.dino.bone.tail_0] run data modify entity @s {} merge value {transformation:[-0.9836822927652652f,0.35892275169923177f,0.889744348220399f,0.2578563840984275f,0.5631894257692562f,1.2476685601388697f,0.11934083425263971f,0.7197027872114947f,-0.7767163044375899f,0.4501100113650796f,-1.0402952273595998f,-0.40793410763113397f,0f,0f,0f,1f],start_interpolation:0}
execute if entity @s[tag=aj.dino.bone.body_1] run data modify entity @s {} merge value {transformation:[-0.42840371090381196f,0.34136098215134536f,1.1083986356021742f,-0.02282385710151487f,0.3706656240943735f,1.1599268464821912f,-0.21396565374110366f,0.6913175f,-1.0989457905897002f,0.2581607749655205f,-0.5042576312467965f,-0.3080902321209438f,0f,0f,0f,1f],start_interpolation:0}