execute if entity @s[tag=aj.dino.bone.head_lower] run data modify entity @s {} merge value {transformation:[-0.9996240875757106f,-0.01850890314765882f,-0.020226320542771334f,0.01776955071040607f,-0.02727548662150831f,0.5965403986874918f,0.8021194428283911f,0.27704556543674597f,-0.0027805337595989263f,0.8023695988994343f,-0.5968209910802171f,0.9360019601047063f,0f,0f,0f,1f],start_interpolation:0}
execute if entity @s[tag=aj.dino.bone.head_upper] run data modify entity @s {} merge value {transformation:[-1.0405082962475207f,-0.028301889118678928f,-0.0036648459589742667f,0.016558390912774897f,-0.028391042659541912f,1.0130159121632634f,0.23762292184097694f,0.3161648547879836f,-0.0028942564318107894f,0.23763355688928472f,-1.013407054693898f,0.8714754478450496f,0f,0f,0f,1f],start_interpolation:0}
execute if entity @s[tag=aj.dino.bone.neck_0] run data modify entity @s {} merge value {transformation:[-0.9996030705586902f,-0.027219505326445105f,0.007266351176632902f,0.017793067154459406f,-0.02815193829319487f,0.9749718166252774f,-0.22053894249484113f,0.28608786919482654f,-0.0010815266869921047f,-0.22065596596555082f,-0.9753511034411326f,0.8119894262390948f,0f,0f,0f,1f],start_interpolation:0}
execute if entity @s[tag=aj.dino.bone.neck_1] run data modify entity @s {} merge value {transformation:[-0.9996134795558613f,-0.027748080845540347f,-0.0017133299778738032f,0.017520093677932235f,-0.02773289954363373f,0.9995806918885831f,-0.008326264855524679f,0.2899874685792816f,0.0019436494350690255f,-0.008275530975773215f,-0.9999638682542198f,0.7272412377354275f,0f,0f,0f,1f],start_interpolation:0}
execute if entity @s[tag=aj.dino.bone.neck_2] run data modify entity @s {} merge value {transformation:[-0.9996065387617051f,-0.026799228406847397f,-0.008280641378618574f,0.016532266192734117f,-0.027913270199712677f,0.9213724943721808f,0.38767715429354827f,0.3329717074517663f,-0.0027598934040101303f,0.3877557581405896f,-0.9217580241132785f,0.6502846928574686f,0f,0f,0f,1f],start_interpolation:0}
execute if entity @s[tag=aj.dino.bone.body_0] run data modify entity @s {} merge value {transformation:[-0.9996065387617051f,-0.027956238510648292f,-0.002283942464120323f,0.015189534557066387f,-0.027913270199712677f,0.9834409809336113f,0.17906615081330782f,0.42673341747663146f,-0.0027598934040101303f,0.17905944752699376f,-0.9838343850667786f,0.18831300161644388f,0f,0f,0f,1f],start_interpolation:0}
execute if entity @s[tag=aj.dino.bone.leg_left_3] run data modify entity @s {} merge value {transformation:[-0.952733586083343f,0.02399983515132071f,-0.3028575933693643f,0.25030484101839245f,-0.05131162240838874f,0.9698421373214224f,0.23827158051608843f,0.027944902049081732f,0.29944253431099693f,0.24254945184132096f,-0.9227697069458245f,-0.1502249736295063f,0f,0f,0f,1f],start_interpolation:0}
execute if entity @s[tag=aj.dino.bone.leg_left_2] run data modify entity @s {} merge value {transformation:[-0.9781528259436936f,-0.053451393876250794f,-0.3040101924142461f,0.22693263701235852f,-0.05168182859096264f,1.0243048984288692f,-0.013808082734893918f,0.2662019769782972f,0.30431601534023023f,0.0021501274392950673f,-0.9795148489227381f,-0.17952306899576212f,0f,0f,0f,1f],start_interpolation:0}
execute if entity @s[tag=aj.dino.bone.leg_left_1] run data modify entity @s {} merge value {transformation:[-0.8990111634840063f,0.24997831728317654f,0.35956886519748216f,0.29367811897171375f,0.34215431710355326f,-0.11152179795549069f,0.9330023107517882f,0.17960782865480146f,0.2733301139986859f,0.9618075324455755f,0.014728180893073428f,0.07554531354881652f,0f,0f,0f,1f],start_interpolation:0}
execute if entity @s[tag=aj.dino.bone.leg_left_0] run data modify entity @s {} merge value {transformation:[-0.9663647496215743f,0.021993596197986985f,-0.25623319928360594f,0.21080783826988383f,0.08710656016200592f,0.965437373533522f,-0.24564837667169231f,0.5887956011065693f,0.2419744157252478f,-0.2597055246061868f,-0.9348804322604312f,0.07781732077004165f,0f,0f,0f,1f],start_interpolation:0}
execute if entity @s[tag=aj.dino.bone.leg_right_3] run data modify entity @s {} merge value {transformation:[-0.991073536710469f,0.02669890701046447f,0.130615516676424f,-0.19024032950503247f,0.04319006475911995f,0.9912031439089792f,0.1251037401961208f,0.02641634626028741f,-0.1261263776468096f,0.12962829887567806f,-0.9835083329551878f,-0.05295764933053375f,0f,0f,0f,1f],start_interpolation:0}
execute if entity @s[tag=aj.dino.bone.leg_right_2] run data modify entity @s {} merge value {transformation:[-1.0169087491281834f,-0.02272485063832689f,0.13206959003008137f,-0.18987830715322873f,0.04204257018784019f,0.9057120859851385f,0.4795625497191623f,0.2522919253492829f,-0.1272447159580646f,0.480865259677396f,-0.8970170476623266f,0.03160690457382603f,0f,0f,0f,1f],start_interpolation:0}
execute if entity @s[tag=aj.dino.bone.leg_right_1] run data modify entity @s {} merge value {transformation:[-0.9421158248742958f,-0.06372408641737387f,-0.3291762648364801f,-0.2084947008539571f,-0.3352107838543816f,0.15800158476705445f,0.9287998867349363f,0.23928002312092195f,-0.007176552734880766f,0.985380505196531f,-0.17021679432263143f,0.3081887296197692f,0f,0f,0f,1f],start_interpolation:0}
execute if entity @s[tag=aj.dino.bone.leg_right_0] run data modify entity @s {} merge value {transformation:[-0.9534792099988916f,-0.16303214216644876f,0.2535703388026853f,-0.182282237739154f,-0.29726687120900436f,0.6482670312538656f,-0.7009866357291765f,0.585440312826155f,-0.05009793789667402f,-0.7437542449021174f,-0.6665731916365845f,0.07625503398005126f,0f,0f,0f,1f],start_interpolation:0}
execute if entity @s[tag=aj.dino.bone.tail_4] run data modify entity @s {} merge value {transformation:[-2.4513964013556158f,1.0897900687170123f,0.6547324805953242f,0.5198757008781801f,1.1802074014384f,1.4219469093921269f,2.052032847704978f,1.6356028256027242f,0.4726811870709017f,2.101448530084891f,-1.7280474248102375f,-1.1016719303654439f,0f,0f,0f,1f],start_interpolation:0}
execute if entity @s[tag=aj.dino.bone.tail_3] run data modify entity @s {} merge value {transformation:[-1.8861620270395605f,0.2092279212028139f,0.8570659314122862f,0.37250153156810395f,0.8376083063270908f,1.0599159241036544f,1.5845933500579272f,1.3565422412785066f,-0.27703909285572453f,1.7800975919496915f,-1.0442449091132937f,-0.9420262353669347f,0f,0f,0f,1f],start_interpolation:0}
execute if entity @s[tag=aj.dino.bone.tail_2] run data modify entity @s {} merge value {transformation:[-1.675423163514915f,-0.19666546865090126f,0.9864348896915458f,0.18783975968626976f,0.8064339024461274f,0.8827613460603129f,1.5456942265176745f,1.0700074297011277f,-0.6011617578871435f,1.73229009532032f,-0.6756844245000274f,-0.8164502992608557f,0f,0f,0f,1f],start_interpolation:0}
execute if entity @s[tag=aj.dino.bone.tail_1] run data modify entity @s {} merge value {transformation:[-1.4295789259938039f,-0.15628018393777726f,0.4685475946611801f,0.09028968825039076f,0.2078691111206385f,1.1111797634632326f,1.0048513402049635f,0.8399930154371622f,-0.4480522034275902f,1.0141559482536058f,-1.0287823801103475f,-0.6070367615120082f,0f,0f,0f,1f],start_interpolation:0}
execute if entity @s[tag=aj.dino.bone.tail_0] run data modify entity @s {} merge value {transformation:[-1.2514892810953144f,-0.0002000056841832949f,0.2600197221083186f,0.014301055536289464f,0.09341442097543606f,1.192533326586439f,0.45052605642574484f,0.7371167840319914f,-0.2426603425394948f,0.4601086193090016f,-1.1675837157053053f,-0.25473842201706764f,0f,0f,0f,1f],start_interpolation:0}
execute if entity @s[tag=aj.dino.bone.body_1] run data modify entity @s {} merge value {transformation:[-1.2363126995798963f,-0.011640326356794064f,-0.00008195136641929488f,0.01510416666666667f,-0.010552760715669398f,1.1170733136738393f,0.5297550813114265f,0.5387133333333334f,-0.004913568458560163f,0.5297323000689175f,-1.1171231544305882f,-0.030704166666666657f,0f,0f,0f,1f],start_interpolation:0}