execute if entity @s[tag=aj.dino.bone.head_lower] run data modify entity @s {} merge value {transformation:[-0.8435649260722151f,-0.5279092038631334f,-0.0985397786549721f,0.031843465513081884f,-0.5109262886606502f,0.7324299732493933f,0.4500007353786733f,0.9837138090265223f,-0.16538604250731773f,0.42995140046577995f,-0.8875749265167882f,0.6041373073218053f,0f,0f,0f,1f],start_interpolation:0}
execute if entity @s[tag=aj.dino.bone.head_upper] run data modify entity @s {} merge value {transformation:[-0.8780663800631829f,-0.47463023518003794f,-0.2952922529278191f,0.0005565221633493309f,-0.5318229609809172f,0.5399762103989909f,0.7134857903000882f,1.0448595697284675f,-0.172150262735016f,0.7527441628067225f,-0.6980060565526479f,0.5728678395327952f,0f,0f,0f,1f],start_interpolation:0}
execute if entity @s[tag=aj.dino.bone.neck_0] run data modify entity @s {} merge value {transformation:[-0.8608790008869118f,-0.45407988340216987f,0.22956220359942608f,0.023049184111780172f,-0.4805725512894763f,0.8738538129235571f,-0.07368538923073131f,1.0260659334466904f,-0.16714475396815842f,-0.17375549812432536f,-0.9705007254466589f,0.5129878291112967f,0f,0f,0f,1f],start_interpolation:0}
execute if entity @s[tag=aj.dino.bone.neck_1] run data modify entity @s {} merge value {transformation:[-0.9506493983778616f,-0.27799849745231625f,0.13777719977581288f,0.03344001693058793f,-0.30979834372789994f,0.8748945047920154f,-0.3722695148789167f,0.9985603491208271f,-0.017050149185848802f,-0.3965809386480752f,-0.9178414086941991f,0.43340761631467467f,0f,0f,0f,1f],start_interpolation:0}
execute if entity @s[tag=aj.dino.bone.neck_2] run data modify entity @s {} merge value {transformation:[-0.9840965981626943f,-0.14196456971359106f,0.10677053165854052f,0.041403994417511386f,-0.17658835067199388f,0.846982693574083f,-0.5014348125060083f,0.9629233887184808f,-0.019246815101656836f,-0.5123147252734648f,-0.8585820766685133f,0.3531735056758073f,0f,0f,0f,1f],start_interpolation:0}
execute if entity @s[tag=aj.dino.bone.body_0] run data modify entity @s {} merge value {transformation:[-0.9942976104103975f,-0.09263756377041783f,-0.05282559711782866f,0.015624999999999991f,-0.013756621304046777f,0.6026425103456517f,-0.7978926996122899f,0.5926204747030124f,0.10574978629988066f,-0.7926161028536909f,-0.600480387851724f,0.06261869153293428f,0f,0f,0f,1f],start_interpolation:0}
execute if entity @s[tag=aj.dino.bone.leg_left_3] run data modify entity @s {} merge value {transformation:[-0.9225850540692674f,0.04735697182864479f,-0.38287613561989975f,0.30529909039238634f,-0.018694267771962574f,0.9857838666631248f,0.16697512563004613f,0.057650480015029204f,0.38534055374496584f,0.16120634431039157f,-0.9085841580137766f,-0.15837495580299726f,0f,0f,0f,1f],start_interpolation:0}
execute if entity @s[tag=aj.dino.bone.leg_left_2] run data modify entity @s {} merge value {transformation:[-0.9474871933536921f,-0.07920527067704955f,-0.38478142240551705f,0.273475076301745f,-0.018666239601807317f,1.012579442844902f,-0.16247043708850956f,0.2886312553121245f,0.39240513430709f,-0.14307898701618865f,-0.9368077783326476f,-0.2200692475675285f,0f,0f,0f,1f],start_interpolation:0}
execute if entity @s[tag=aj.dino.bone.leg_left_1] run data modify entity @s {} merge value {transformation:[-0.9070766850378723f,0.32092723034760195f,0.2724290738561543f,0.36427735844839404f,0.349719512977732f,0.21425425720496538f,0.9120259730469125f,0.2915021213605195f,0.23432488067493484f,0.9225512593297822f,-0.3065795560791872f,0.042152203394932364f,0f,0f,0f,1f],start_interpolation:0}
execute if entity @s[tag=aj.dino.bone.leg_left_0] run data modify entity @s {} merge value {transformation:[-0.9366468135328097f,-0.1731321704823214f,-0.30449630251107235f,0.21217875000000003f,0.0881795493363826f,0.724761503632175f,-0.6833338349091616f,0.6419478196447596f,0.33899426806019384f,-0.6668928057768424f,-0.6635788361795637f,-0.12625535114638448f,0f,0f,0f,1f],start_interpolation:0}
execute if entity @s[tag=aj.dino.bone.leg_right_3] run data modify entity @s {} merge value {transformation:[-0.9985886588542561f,0.04419021948537624f,0.029460395609908575f,-0.2057118477277467f,0.04617409077857986f,0.9964453395525807f,0.07046019177317998f,0.047582411447128686f,-0.02624202256743026f,0.07172105538665824f,-0.9970794584514289f,-0.09596597234310142f,0f,0f,0f,1f],start_interpolation:0}
execute if entity @s[tag=aj.dino.bone.leg_right_2] run data modify entity @s {} merge value {transformation:[-1.0243909705785903f,0.04025008168765115f,0.032638471500441406f,-0.19373171925805097f,0.04581859775834588f,1.0053034779612455f,0.19831231126477455f,0.2879748492330995f,-0.024207333541855107f,0.1995170359238913f,-1.0058176558798482f,-0.08050555698052622f,0f,0f,0f,1f],start_interpolation:0}
execute if entity @s[tag=aj.dino.bone.leg_right_1] run data modify entity @s {} merge value {transformation:[-0.9395126223994714f,0.05265887306464272f,-0.33844213011921237f,-0.18018722868311024f,-0.27650489234404746f,0.4665465915418858f,0.840166246900252f,0.3646549437152913f,0.20214122999001158f,0.8829276986300807f,-0.42376597566335444f,0.18585903440697996f,0f,0f,0f,1f],start_interpolation:0}
execute if entity @s[tag=aj.dino.bone.leg_right_0] run data modify entity @s {} merge value {transformation:[-0.9561733076250295f,-0.25534444026400815f,0.14328929691945239f,-0.18092874999999997f,-0.24962185165051587f,0.4551001992774695f,-0.85473547942985f,0.6419478196447596f,0.15304096498643233f,-0.8530433901296394f,-0.4988942148313143f,-0.1262553511463845f,0f,0f,0f,1f],start_interpolation:0}
execute if entity @s[tag=aj.dino.bone.tail_4] run data modify entity @s {} merge value {transformation:[-1.1574928544510887f,0.2727379995847125f,2.4922852178426926f,0.1776627782143551f,2.3132217698366615f,1.1748154558935264f,0.9457668950367346f,0.4932818388638558f,-0.9668902042364534f,2.484166652979669f,-0.7209027013233997f,-1.656716286393337f,0f,0f,0f,1f],start_interpolation:0}
execute if entity @s[tag=aj.dino.bone.tail_3] run data modify entity @s {} merge value {transformation:[-1.5222444158434942f,0.49152563698483986f,1.3330866485958028f,-0.053189418570443806f,1.1179841026571733f,1.6200732595585f,0.6792788130906016f,0.3622475656137394f,-0.87682895178226f,1.21231625737453f,-1.448242316556963f,-1.423011374360637f,0f,0f,0f,1f],start_interpolation:0}
execute if entity @s[tag=aj.dino.bone.tail_2] run data modify entity @s {} merge value {transformation:[-1.8514438807286275f,0.4547211238392097f,0.42913649466073267f,-0.13422579434833457f,0.5458330597018668f,1.829654961893159f,0.41617648463003903f,0.2857202513159788f,-0.30495196745027425f,0.5141646574366279f,-1.8604872688610523f,-1.0772540028755204f,0f,0f,0f,1f],start_interpolation:0}
execute if entity @s[tag=aj.dino.bone.tail_1] run data modify entity @s {} merge value {transformation:[-1.477812870251103f,0.03556306229477613f,-0.3200947346027649f,-0.0643678395736451f,0.077600323980483f,1.4982809642166963f,-0.1918035244306301f,0.30860515567111124f,0.31257568721562584f,-0.20382755178362197f,-1.4657445271586635f,-0.7596491787525516f,0f,0f,0f,1f],start_interpolation:0}
execute if entity @s[tag=aj.dino.bone.tail_0] run data modify entity @s {} merge value {transformation:[-1.2429938502368227f,-0.09704354021451679f,-0.2817526506709392f,0.01562500000000006f,0.07634686637885522f,1.064496777677844f,-0.7034582310923968f,0.5398602041667179f,0.28805062202952464f,-0.7009029021199357f,-1.0293676104931044f,-0.4757580738143712f,0f,0f,0f,1f],start_interpolation:0}
execute if entity @s[tag=aj.dino.bone.body_1] run data modify entity @s {} merge value {transformation:[-1.2363675f,3.980041497846339e-17f,1.4608670001104445e-16f,0.01562500000000002f,0f,1.1928884320994078f,-0.3249950516848939f,0.5350675f,-1.5141135014448153e-16f,-0.3249950516848939f,-1.1928884320994078f,-0.17653749999999996f,0f,0f,0f,1f],start_interpolation:0}