execute if entity @s[tag=aj.dino.bone.head_lower] run data modify entity @s {} merge value {transformation:[-0.9992358635753198f,0.03887982213722944f,0.00400604236903844f,0.0173913326917229f,0.022617081718262252f,0.4915756696088741f,0.870541112563408f,0.2372971051000599f,0.03187721065956954f,0.8699665053777439f,-0.4920793868487086f,0.9265010632657713f,0f,0f,0f,1f],start_interpolation:0}
execute if entity @s[tag=aj.dino.bone.head_upper] run data modify entity @s {} merge value {transformation:[-1.040104194047274f,0.027277278193994663f,-0.03018539718316558f,0.015600056917223732f,0.02354211093675513f,1.033382665731931f,0.12262943268610882f,0.26896249786600646f,0.03318097529337483f,0.12185302147506559f,-1.0332099528263772f,0.8580207688455886f,0f,0f,0f,1f],start_interpolation:0}
execute if entity @s[tag=aj.dino.bone.neck_0] run data modify entity @s {} merge value {transformation:[-0.9992358635753198f,0.01315169636901006f,-0.036806545987127f,0.01332947803834042f,0.022617081718262252f,0.9625753474569946f,-0.2700688210115995f,0.2358676306578233f,0.03187721065956954f,-0.27069490824665193f,-0.962137261564015f,0.8001907550955957f,0f,0f,0f,1f],start_interpolation:0}
execute if entity @s[tag=aj.dino.bone.neck_1] run data modify entity @s {} merge value {transformation:[-0.9998044460659399f,0.012050242482204687f,-0.015679964378129557f,0.012056693216815592f,0.012389543902298362f,0.9996872121225544f,-0.021725034419479983f,0.23863266912676367f,0.015413267942664328f,-0.021915053610580992f,-0.9996410163636609f,0.7154070808086517f,0f,0f,0f,1f],start_interpolation:0}
execute if entity @s[tag=aj.dino.bone.neck_2] run data modify entity @s {} merge value {transformation:[-0.9999427255057828f,0.009876135784650719f,-0.004124033223683523f,0.011792090518088334f,0.007014018718137561f,0.8957616944960516f,0.4444792348524098f,0.28634245053427165f,0.008083888265464828f,0.44442485148281846f,-0.8957796615993167f,0.6412812611666385f,0f,0f,0f,1f],start_interpolation:0}
execute if entity @s[tag=aj.dino.bone.body_0] run data modify entity @s {} merge value {transformation:[-0.9999299461883316f,0.008817731532523588f,0.007896222287936187f,0.015597550386570782f,0.010516347768320247f,0.9679894247015643f,0.25077057262675395f,0.4137509902806767f,-0.005432232084135093f,0.2508360446119231f,-0.9680143436840332f,0.1874492579121268f,0f,0f,0f,1f],start_interpolation:0}
execute if entity @s[tag=aj.dino.bone.leg_left_3] run data modify entity @s {} merge value {transformation:[-0.9509128362856564f,0.04268257625012613f,-0.3065011834753998f,0.239443880812436f,-0.03746743976311055f,0.9672766538938489f,0.25094235551121613f,0.026748370816181005f,0.3071823053900832f,0.2501081216525607f,-0.918196579572513f,-0.16078903538432893f,0f,0f,0f,1f],start_interpolation:0}
execute if entity @s[tag=aj.dino.bone.leg_left_2] run data modify entity @s {} merge value {transformation:[-0.9762909197077515f,-0.03314302028009955f,-0.3127615382421566f,0.22053796194162825f,-0.037417670406756996f,1.024985439502554f,0.00818329088953555f,0.2658658399341085f,0.3122789738970884f,0.019198659202255438f,-0.9768190484666606f,-0.18601747688005116f,0f,0f,0f,1f],start_interpolation:0}
execute if entity @s[tag=aj.dino.bone.leg_left_1] run data modify entity @s {} merge value {transformation:[-0.8870952517279463f,0.2559228551235184f,0.38414256023924f,0.28735777960167164f,0.3551029273809427f,-0.1533074482565957f,0.9221706660236688f,0.16823642637653058f,0.2948964654369671f,0.9544633667849587f,0.04511935436490361f,0.06501438411780643f,0f,0f,0f,1f],start_interpolation:0}
execute if entity @s[tag=aj.dino.bone.leg_left_0] run data modify entity @s {} merge value {transformation:[-0.9626682241357755f,0.03836338552508189f,-0.2679517510491885f,0.21229858937366897f,0.0961453756400719f,0.9738179900457272f,-0.20599657522961234f,0.5785377906988542f,0.2530335096035737f,-0.22406867901238187f,-0.9411520972209245f,0.08307503089496733f,0f,0f,0f,1f],start_interpolation:0}
execute if entity @s[tag=aj.dino.bone.leg_right_3] run data modify entity @s {} merge value {transformation:[-0.9899718912499319f,0.02925293136210446f,0.13820246214071946f,-0.1923961977019653f,0.056532266752755696f,0.9786083310997514f,0.19781263134075527f,0.030282812254265018f,-0.12945948150223777f,0.20364184321715967f,-0.9704484748508229f,-0.06917757725848613f,0f,0f,0f,1f],start_interpolation:0}
execute if entity @s[tag=aj.dino.bone.leg_right_2] run data modify entity @s {} merge value {transformation:[-1.0157988491967527f,-0.025347375030804857f,0.13990142261712263f,-0.19240516514621214f,0.05554485086545385f,0.8583164613415496f,0.5588110783020931f,0.24753872740699545f,-0.13088035381057575f,0.5609924796910035f,-0.8486577462188456f,0.03556467456354645f,0f,0f,0f,1f],start_interpolation:0}
execute if entity @s[tag=aj.dino.bone.leg_right_1] run data modify entity @s {} merge value {transformation:[-0.9458921536684449f,-0.06611885198977518f,-0.3176733086679224f,-0.21235742342377345f,-0.32410941137325266f,0.1456703987393131f,0.9347369813965918f,0.23108303681903075f,-0.015528138579837366f,0.9871212855281171f,-0.15921822938835134f,0.311869765534857f,0f,0f,0f,1f],start_interpolation:0}
execute if entity @s[tag=aj.dino.bone.leg_right_0] run data modify entity @s {} merge value {transformation:[-0.9565701501519925f,-0.15126570355357122f,0.24918313499640682f,-0.18080852729230545f,-0.28564167480514946f,0.6569495606062996f,-0.6977292515250446f,0.5790354713197599f,-0.05815824492454717f,-0.7386040629103205f,-0.6716261287350749f,0.0833067566240651f,0f,0f,0f,1f],start_interpolation:0}
execute if entity @s[tag=aj.dino.bone.tail_4] run data modify entity @s {} merge value {transformation:[-1.682441977678956f,0.9465092313526552f,1.974631762711196f,0.43248816652328936f,1.8230420117350168f,-0.774064303532551f,1.9243189987748415f,1.7126101642361933f,1.2130820857604248f,2.476006070380457f,-0.15325509533540976f,-0.8928553703905198f,0f,0f,0f,1f],start_interpolation:0}
execute if entity @s[tag=aj.dino.bone.tail_3] run data modify entity @s {} merge value {transformation:[-1.5704919882670085f,0.3854608300205038f,1.3118385530824612f,0.20627678893651985f,1.3451325814399302f,0.07730465839121582f,1.5876359325060045f,1.442649293012394f,0.24519131139241088f,2.0448446064078722f,-0.3073064960373409f,-0.8607579547134137f,0f,0f,0f,1f],start_interpolation:0}
execute if entity @s[tag=aj.dino.bone.tail_2] run data modify entity @s {} merge value {transformation:[-1.7478390638036576f,0.09181307770276151f,0.8691391377722416f,0.043435137874949736f,0.8660069396592363f,0.4437615570722372f,1.6946626613959617f,1.1283611644747116f,-0.11774745223049655f,1.9008997643827374f,-0.43759513053238697f,-0.7790447188885875f,0f,0f,0f,1f],start_interpolation:0}
execute if entity @s[tag=aj.dino.bone.tail_1] run data modify entity @s {} merge value {transformation:[-1.506131533914988f,-0.053964005511920446f,0.12771820017520788f,0.01805017611826558f,0.0693332901680186f,0.9134024095321962f,1.203555226458369f,0.8581378679001533f,-0.1200705934913391f,1.2043422164691762f,-0.9070827570893132f,-0.5984577572777939f,0f,0f,0f,1f],start_interpolation:0}
execute if entity @s[tag=aj.dino.bone.tail_0] run data modify entity @s {} merge value {transformation:[-1.2781883878888336f,-0.003669590951867936f,0.0075296581873048815f,0.015761281223925432f,-0.0004912762982369721f,1.1798898898074877f,0.49162518564624114f,0.7429464070523351f,-0.008361835789494376f,0.4916117356373302f,-1.1798659659766058f,-0.24181003247264468f,0f,0f,0f,1f],start_interpolation:0}
execute if entity @s[tag=aj.dino.bone.body_1] run data modify entity @s {} merge value {transformation:[-1.2363662943711813f,0.0017244430080126177f,0.00008657618311757676f,0.015625000000000003f,0.0015652617797103903f,1.093249560050558f,0.5774145343347984f,0.5350675f,0.0007288035979224278f,0.5774140808828818f,-1.0932506771549435f,-0.026537499999999988f,0f,0f,0f,1f],start_interpolation:0}