execute if entity @s[tag=aj.dino.bone.head_lower] run data modify entity @s {} merge value {transformation:[-0.9059911020655778f,-0.41933869801541346f,-0.057751011460731576f,0.011843649952789973f,-0.37560448875823965f,0.7334844031805212f,0.5664996895988348f,0.8288496051073037f,-0.19519577608816507f,0.5349352172344353f,-0.8220358400700585f,0.7564330181427195f,0f,0f,0f,1f],start_interpolation:0}
execute if entity @s[tag=aj.dino.bone.head_upper] run data modify entity @s {} merge value {transformation:[-0.9430457606437674f,-0.4319804625006524f,-0.08677278336579636f,-0.004130992601226898f,-0.39096655584658135f,0.7258774959011233f,0.6353888224837481f,0.888829656679095f,-0.20317920199859768f,0.60824886645644f,-0.8198923532471664f,0.7135067942170873f,0f,0f,0f,1f],start_interpolation:0}
execute if entity @s[tag=aj.dino.bone.neck_0] run data modify entity @s {} merge value {transformation:[-0.9196280337834212f,-0.29793500976147286f,0.2559668131576235f,0.017553500120308006f,-0.338843981259391f,0.9313464068161796f,-0.13333651740943497f,0.8651998579617358f,-0.19866815508260025f,-0.20935281337737557f,-0.9574457497357508f,0.6550589401736437f,0f,0f,0f,1f],start_interpolation:0}
execute if entity @s[tag=aj.dino.bone.neck_1] run data modify entity @s {} merge value {transformation:[-0.9719848110144881f,-0.18621049101866627f,0.14342656724511346f,0.028845764383852578f,-0.22154933931891335f,0.9296186941783429f,-0.29449104176783614f,0.8445352386508198f,-0.07849469666469734f,-0.3180168807921047f,-0.9448300620359079f,0.573554369006939f,0f,0f,0f,1f],start_interpolation:0}
execute if entity @s[tag=aj.dino.bone.neck_2] run data modify entity @s {} merge value {transformation:[-0.991072266156021f,-0.09843411069152776f,0.08992490816640988f,0.035760129311052095f,-0.12080254047950797f,0.9483660321020376f,-0.2932722546862105f,0.8281274857814467f,-0.056413734764381926f,-0.30151715541143725f,-0.951790363222138f,0.4872183533612554f,0f,0f,0f,1f],start_interpolation:0}
execute if entity @s[tag=aj.dino.bone.body_0] run data modify entity @s {} merge value {transformation:[-0.9971615929073274f,-0.06285262810424506f,-0.041452439866801506f,0.015624999999999988f,-0.02508961437086865f,0.7964866935683591f,-0.6041352979418301f,0.550988316733435f,0.0709878079760351f,-0.6013804902962285f,-0.7958028882894466f,0.10643053547558595f,0f,0f,0f,1f],start_interpolation:0}
execute if entity @s[tag=aj.dino.bone.leg_left_3] run data modify entity @s {} merge value {transformation:[-0.9325076179939955f,0.0322113590810688f,-0.35971095441939915f,0.2980356908619473f,-0.03868466636350974f,0.9813751876468415f,0.18816545288514155f,0.04877484621884012f,0.3590724703614976f,0.18938101651769867f,-0.9138937529118002f,-0.153608766948373f,0f,0f,0f,1f],start_interpolation:0}
execute if entity @s[tag=aj.dino.bone.leg_left_2] run data modify entity @s {} merge value {transformation:[-0.9575901618457663f,-0.07922297517303162f,-0.3588969234217905f,0.26699182331176247f,-0.03904434246130923f,1.0178489597196503f,-0.12050408300171368f,0.28224927241632225f,0.3654570026126977f,-0.09884035058139544f,-0.9532753871987799f,-0.2055418264124434f,0f,0f,0f,1f],start_interpolation:0}
execute if entity @s[tag=aj.dino.bone.leg_left_1] run data modify entity @s {} merge value {transformation:[-0.9080311798639057f,0.2995922867207588f,0.2927863352897295f,0.35093740454629985f,0.3414708213363259f,0.12451611819151659f,0.9316079725326589f,0.2598668124408523f,0.24264594488855215f,0.9459070768568882f,-0.21536654192608196f,0.05802135488647747f,0f,0f,0f,1f],start_interpolation:0}
execute if entity @s[tag=aj.dino.bone.leg_left_0] run data modify entity @s {} merge value {transformation:[-0.9471426110573067f,-0.13340736325038738f,-0.29175906112771627f,0.21217875000000003f,0.06823313866914263f,0.8048594507149639f,-0.5895299003292065f,0.631806060016836f,0.31347266724055045f,-0.5782765255700648f,-0.7532138785681721f,-0.0712632554334087f,0f,0f,0f,1f],start_interpolation:0}
execute if entity @s[tag=aj.dino.bone.leg_right_3] run data modify entity @s {} merge value {transformation:[-0.9981807998525914f,0.03361618794425342f,0.0500504017340261f,-0.20066366298644162f,0.03850290434208983f,0.9942310005159817f,0.10011115807048929f,0.046689230355666134f,-0.046396305487233294f,0.10185612166721864f,-0.9937166162020481f,-0.08512372715622174f,0f,0f,0f,1f],start_interpolation:0}
execute if entity @s[tag=aj.dino.bone.leg_right_2] run data modify entity @s {} merge value {transformation:[-1.0240177722506834f,0.022856288532846648f,0.05410537579524904f,-0.19207515792245214f,0.03768361728276934f,0.9804147161255623f,0.29904703458421705f,0.2844059084813916f,-0.045052709174117925f,0.3005441298372527f,-0.9796456905009767f,-0.04527287286610976f,0f,0f,0f,1f],start_interpolation:0}
execute if entity @s[tag=aj.dino.bone.leg_right_1] run data modify entity @s {} merge value {transformation:[-0.940669045157459f,0.02674874555419779f,-0.3382694962508905f,-0.18560182603560293f,-0.3010930738180938f,0.39390583653362754f,0.8684360384297256f,0.33936276711875946f,0.1564759035165679f,0.9187615014550949f,-0.36248116511434597f,0.226666872891587f,0f,0f,0f,1f],start_interpolation:0}
execute if entity @s[tag=aj.dino.bone.leg_right_0] run data modify entity @s {} merge value {transformation:[-0.9561733076250295f,-0.23506773281429855f,0.17457309865771464f,-0.18092874999999997f,-0.2720661644100387f,0.4929040194902058f,-0.8264536464639798f,0.631806060016836f,0.10822480292714966f,-0.8377283500992101f,-0.5352556431009721f,-0.07126325543340874f,0f,0f,0f,1f],start_interpolation:0}
execute if entity @s[tag=aj.dino.bone.tail_4] run data modify entity @s {} merge value {transformation:[-1.135895746643893f,0.18840933363160586f,2.5099609772577756f,0.24338044077106674f,2.4777528868154346f,0.5682265801463944f,1.0786660822946643f,0.8017359579402776f,-0.44288013754750605f,2.6957896446524963f,-0.40278618043606607f,-1.5780899019736665f,0f,0f,0f,1f],start_interpolation:0}
execute if entity @s[tag=aj.dino.bone.tail_3] run data modify entity @s {} merge value {transformation:[-1.4593250282573693f,0.42784125143863333f,1.4224162019301863f,-0.0019955454546582013f,1.3134632877909154f,1.302870339522762f,0.9556613396291429f,0.6269415012614616f,-0.6936354803292237f,1.5669799832811242f,-1.1829577669845956f,-1.3928381091810567f,0f,0f,0f,1f],start_interpolation:0}
execute if entity @s[tag=aj.dino.bone.tail_2] run data modify entity @s {} merge value {transformation:[-1.8321956425994697f,0.40438066021950825f,0.5461769712123787f,-0.1047872358366731f,0.612451635135372f,1.6631657445088235f,0.8231382483612324f,0.47477052812752063f,-0.2945097568202154f,0.9429368287089133f,-1.6860925286605277f,-1.0793905899804446f,0f,0f,0f,1f],start_interpolation:0}
execute if entity @s[tag=aj.dino.bone.tail_1] run data modify entity @s {} merge value {transformation:[-1.4933031921725997f,0.035491461279231154f,-0.23757563516360303f,-0.0526707963269073f,0.011792668613551025f,1.504927721347223f,0.1506974999382097f,0.4239346543762602f,0.23992240248483584f,0.14693250047869097f,-1.4861037416980634f,-0.7616229584136045f,0f,0f,0f,1f],start_interpolation:0}
execute if entity @s[tag=aj.dino.bone.tail_0] run data modify entity @s {} merge value {transformation:[-1.253313045737052f,-0.07427441031381615f,-0.23984461207597918f,0.015625000000000052f,0.020165906873086108f,1.187286775870636f,-0.4730530251744767f,0.5908230879750098f,0.25027077769753325f,-0.46762072280778255f,-1.1629837118444206f,-0.433056608590908f,0f,0f,0f,1f],start_interpolation:0}
execute if entity @s[tag=aj.dino.bone.body_1] run data modify entity @s {} merge value {transformation:[-1.2363675f,1.430168388049648e-17f,1.5073439816696497e-16f,0.015625000000000017f,0f,1.230839767612279f,-0.116782111303062f,0.5350675f,-1.5141135014448153e-16f,-0.116782111303062f,-1.230839767612279f,-0.13903749999999993f,0f,0f,0f,1f],start_interpolation:0}