execute if entity @s[tag=aj.dino.bone.head_lower] run data modify entity @s {} merge value {transformation:[-0.8942281850176391f,0.022853488728087387f,-0.44702759553859095f,0.06717547237366914f,-0.26342202290081956f,0.7805693755871854f,0.5668512042381766f,0.3206394020863559f,0.3618905787263588f,0.6246512370502328f,-0.6919870237805872f,0.8311713580643152f,0f,0f,0f,1f],start_interpolation:0}
execute if entity @s[tag=aj.dino.bone.head_upper] run data modify entity @s {} merge value {transformation:[-0.9308017451897835f,0.11221975246480159f,-0.4522021460496389f,0.038232765158410634f,-0.2741958738782869f,0.6848475272525368f,0.7343517071184046f,0.3865566260635962f,0.3766917526085258f,0.7757979982935836f,-0.5828488071051472f,0.8085285717078832f,0f,0f,0f,1f],start_interpolation:0}
execute if entity @s[tag=aj.dino.bone.neck_0] run data modify entity @s {} merge value {transformation:[-0.9520600000218024f,-0.11040892964953584f,-0.28529217411651786f,0.021885016589672197f,-0.15085133546432694f,0.9807673096621107f,0.12385216545048497f,0.378694190767685f,0.26613085305374645f,0.1609513981044869f,-0.9504046593431117f,0.744375087919021f,0f,0f,0f,1f],start_interpolation:0}
execute if entity @s[tag=aj.dino.bone.neck_1] run data modify entity @s {} merge value {transformation:[-0.9927091165136707f,-0.10998972818572156f,-0.0493038506029538f,0.01720162440152725f,-0.11916609885114562f,0.9570416467055344f,0.26433071587645285f,0.405495442979233f,0.018112174779586317f,0.2682788589598333f,-0.96317101438943f,0.664017788549043f,0f,0f,0f,1f],start_interpolation:0}
execute if entity @s[tag=aj.dino.bone.neck_2] run data modify entity @s {} merge value {transformation:[-0.9926825361457962f,-0.11380109167201616f,-0.040381851931373045f,0.012549687495298147f,-0.12072891169385472f,0.9286058647129666f,0.35087843749922976f,0.44532665748665223f,-0.002431524700139999f,0.3531861542514667f,-0.935549906810263f,0.5855145132796311f,0f,0f,0f,1f],start_interpolation:0}
execute if entity @s[tag=aj.dino.bone.body_0] run data modify entity @s {} merge value {transformation:[-0.9926825361457962f,-0.1198437838474109f,-0.014793576453482038f,0.00443586854280737f,-0.12072891169385472f,0.9825381914589604f,0.1415741226558464f,0.5214099150377786f,-0.002431524700139999f,0.1423241715159104f,-0.9898171133547562f,0.12037323520861302f,0f,0f,0f,1f],start_interpolation:0}
execute if entity @s[tag=aj.dino.bone.leg_left_3] run data modify entity @s {} merge value {transformation:[-0.9786486481377663f,-0.020947053141658983f,-0.204470155433019f,0.220459198716393f,-0.04021515612776498f,0.995080624944293f,0.0905388926268397f,0.027072925501000045f,0.20156776705550405f,0.09682856409735413f,-0.9746766974023243f,-0.13406395925735537f,0f,0f,0f,1f],start_interpolation:0}
execute if entity @s[tag=aj.dino.bone.leg_left_2] run data modify entity @s {} merge value {transformation:[-1.0044346443163312f,-0.0843100637004539f,-0.18990802499274503f,0.19337937858882925f,-0.04093966630776841f,0.999394139603392f,-0.22715082423292723f,0.25294675757137014f,0.20370858725254629f,-0.21486127241993874f,-0.9820385148222804f,-0.21418116960395095f,0f,0f,0f,1f],start_interpolation:0}
execute if entity @s[tag=aj.dino.bone.leg_left_1] run data modify entity @s {} merge value {transformation:[-0.9445931021205761f,0.13114016839942266f,0.30090883612549146f,0.23185914995214946f,0.3249916898638417f,0.24492542785644505f,0.9134505658812531f,0.26456693720218155f,0.04608983560039458f,0.960631974806954f,-0.2739743346242861f,0.06040518162447393f,0f,0f,0f,1f],start_interpolation:0}
execute if entity @s[tag=aj.dino.bone.leg_left_0] run data modify entity @s {} merge value {transformation:[-0.9758003488945904f,0.1742860454442952f,-0.1320532220757402f,0.19757767785672334f,0.210789371249006f,0.9103590058032321f,-0.35610998514700365f,0.6755027139119275f,0.05815083890748632f,-0.3753276634040442f,-0.9250662814188051f,-0.004892955067022545f,0f,0f,0f,1f],start_interpolation:0}
execute if entity @s[tag=aj.dino.bone.leg_right_3] run data modify entity @s {} merge value {transformation:[-0.9867867494486362f,-0.014999469840132514f,0.16132863049412363f,-0.16420990417487286f,-0.014629262304107977f,0.9998869223785872f,0.0034824044445030487f,0.01663127963280009f,-0.16136262205675808f,0.0010762717093957645f,-0.9868945971288804f,-0.09696813175119418f,0f,0f,0f,1f],start_interpolation:0}
execute if entity @s[tag=aj.dino.bone.leg_right_2] run data modify entity @s {} merge value {transformation:[-1.0126088408996796f,-0.013900370138128795f,0.16276459855424558f,-0.16084896576488245f,-0.015961292143125312f,1.0255096689292456f,-0.011719879967197769f,0.2553386597039184f,-0.1625754347545272f,-0.014103125304227101f,-1.0126364250666295f,-0.13129833505094973f,0f,0f,0f,1f],start_interpolation:0}
execute if entity @s[tag=aj.dino.bone.leg_right_1] run data modify entity @s {} merge value {transformation:[-0.9276981049760422f,-0.10471945876939079f,-0.358343495795453f,-0.18876846257247132f,-0.3733191838212601f,0.26792973855189944f,0.8881702777004752f,0.2735866911031576f,0.0030021683643959916f,0.9577303848967915f,-0.28765169359931647f,0.1442028386449694f,0f,0f,0f,1f],start_interpolation:0}
execute if entity @s[tag=aj.dino.bone.leg_right_0] run data modify entity @s {} merge value {transformation:[-0.9442045604261403f,-0.25202816950454054f,0.21203667099506543f,-0.1951960476922551f,-0.32799685358761255f,0.7780252823289697f,-0.5358122097279545f,0.6608212046142862f,-0.0299301203991114f,-0.5754636928887154f,-0.8172794663147833f,-0.011731109742739318f,0f,0f,0f,1f],start_interpolation:0}
execute if entity @s[tag=aj.dino.bone.tail_4] run data modify entity @s {} merge value {transformation:[-2.7144341425286798f,0.44354439334593393f,-0.246529893939821f,0.26839072837733263f,0.36885551773047426f,2.64591666060488f,0.6990936731034718f,0.8610723904010921f,0.3485028328642046f,0.6542589150060603f,-2.660103828654197f,-1.7374030623648111f,0f,0f,0f,1f],start_interpolation:0}
execute if entity @s[tag=aj.dino.bone.tail_3] run data modify entity @s {} merge value {transformation:[-2.07486334000052f,0.13874435726030632f,0.10787793886961307f,0.24874089402117489f,0.1495295817087944f,2.0652546143191954f,0.2197949232164095f,0.8035931559952422f,-0.09235015192366754f,0.22675737563779222f,-2.0678486569567855f,-1.3889913446275075f,0f,0f,0f,1f],start_interpolation:0}
execute if entity @s[tag=aj.dino.bone.tail_2] run data modify entity @s {} merge value {transformation:[-1.8832212396107382f,0.09480838045117217f,0.5130916182106245f,0.15198830425858f,0.10927781787009494f,1.9506871870547f,0.040641503231899696f,0.7965829658979858f,-0.5102058370925621f,0.0678582659638745f,-1.8851681979441068f,-1.0389038161747333f,0f,0f,0f,1f],start_interpolation:0}
execute if entity @s[tag=aj.dino.bone.tail_1] run data modify entity @s {} merge value {transformation:[-1.4640299667135506f,0.053943004883154205f,0.3759822586092286f,0.07182041263296937f,0.05233160075049377f,1.5115377230629379f,-0.013090657760421408f,0.7808729460958209f,-0.3762099282682633f,0.0003376120340883828f,-1.464964923092189f,-0.7233044159393271f,0f,0f,0f,1f],start_interpolation:0}
execute if entity @s[tag=aj.dino.bone.tail_0] run data modify entity @s {} merge value {transformation:[-1.2563413809339887f,0.001510886006693065f,0.2354565105499961f,0.0030510081025492963f,0.02191909246736173f,1.2733896879089257f,0.10878406453448825f,0.7798128755758329f,-0.23443891426619623f,0.11096006729770498f,-1.251623735603877f,-0.354873205871823f,0f,0f,0f,1f],start_interpolation:0}
execute if entity @s[tag=aj.dino.bone.body_1] run data modify entity @s {} merge value {transformation:[-1.2353177416423666f,-0.050651354089724016f,0.0053956064284509785f,0.005208333333333348f,-0.04617500542867192f,1.168804490365169f,0.40046039408676815f,0.6079841666666667f,-0.021506769016183282f,0.3999188651305973f,-1.1697037895362183f,-0.10987083333333332f,0f,0f,0f,1f],start_interpolation:0}