execute if entity @s[tag=aj.dino.bone.head_lower] run data modify entity @s {} merge value {transformation:[-0.9897568805516694f,-0.04159856353463525f,-0.13656821340444977f,0.021333541825096808f,-0.07934058121394766f,0.9555513549349475f,0.2839483760380033f,0.37951799787125184f,0.11868609679849365f,0.291875260331946f,-0.949063982475838f,0.8241196871345567f,0f,0f,0f,1f],start_interpolation:0}
execute if entity @s[tag=aj.dino.bone.head_upper] run data modify entity @s {} merge value {transformation:[-1.0302375245675326f,0.04171608304755864f,-0.14262662434356044f,0.012118146522007392f,-0.08258557792702262f,0.6698252744798818f,0.7924554666162119f,0.44916290255322544f,0.12354030870501172f,0.7956543298861809f,-0.6596543959089111f,0.7965494090611771f,0f,0f,0f,1f],start_interpolation:0}
execute if entity @s[tag=aj.dino.bone.neck_0] run data modify entity @s {} merge value {transformation:[-0.9953952434710297f,-0.030638099655205076f,-0.0908273974347344f,0.007064027594394676f,-0.042770500635805925f,0.9899495434383402f,0.13479831498050943f,0.4418242973193255f,0.08578457641448142f,0.13806233481923968f,-0.9867014736756241f,0.7304787120058001f,0f,0f,0f,1f],start_interpolation:0}
execute if entity @s[tag=aj.dino.bone.neck_1] run data modify entity @s {} merge value {transformation:[-0.9993730477040152f,-0.03205342064147347f,-0.015036281055130631f,0.005642591135618576f,-0.034662622687766285f,0.9723101066224863f,0.2311094094756314f,0.4658816087353573f,0.0072120809197947855f,0.2314857118375782f,-0.9728115701942778f,0.6491352295972077f,0f,0f,0f,1f],start_interpolation:0}
execute if entity @s[tag=aj.dino.bone.neck_2] run data modify entity @s {} merge value {transformation:[-0.9993741343081958f,-0.03316259530904978f,-0.012311862089562683f,0.004239297142909545f,-0.03535519081494569f,0.947817789599789f,0.3168460954479462f,0.5029194315886137f,0.0011619630729939427f,0.31708308058068696f,-0.9483970528482671f,0.5691529763256133f,0f,0f,0f,1f],start_interpolation:0}
execute if entity @s[tag=aj.dino.bone.body_0] run data modify entity @s {} merge value {transformation:[-0.9993741343081958f,-0.03504128406348365f,-0.00484232247237505f,0.0016233166880786952f,-0.03535519081494569f,0.9939287700400639f,0.10419026139272677f,0.5614923250151198f,0.0011619630729939427f,0.10429625351769928f,-0.9945455954072638f,0.10142091894122562f,0f,0f,0f,1f],start_interpolation:0}
execute if entity @s[tag=aj.dino.bone.leg_left_3] run data modify entity @s {} merge value {transformation:[-0.983458251284336f,0.0028924713149043393f,-0.18111184828842178f,0.19202491933489443f,-0.004394696424642134f,0.9991971442065889f,0.03982152248134818f,0.028390515048703574f,0.18108162420326115f,0.039958736455120214f,-0.9826559645963685f,-0.12519919450442893f,0f,0f,0f,1f],start_interpolation:0}
execute if entity @s[tag=aj.dino.bone.leg_left_2] run data modify entity @s {} merge value {transformation:[-1.0092944769046657f,-0.056816453128498666f,-0.17366274512493662f,0.17184833238667296f,-0.004412771956806319f,0.9821489840313572f,-0.29567904915723126f,0.24818336432762078f,0.1826674186440724f,-0.2902024522997077f,-0.9666836868106556f,-0.22243643434077787f,0f,0f,0f,1f],start_interpolation:0}
execute if entity @s[tag=aj.dino.bone.leg_left_1] run data modify entity @s {} merge value {transformation:[-0.9404555307524941f,0.11294792916986728f,0.3206028071824751f,0.20425894416655047f,0.33956293407948074f,0.35519302228697475f,0.8709391085018394f,0.291724256348738f,-0.015505111298498409f,0.9279443314202008f,-0.3723961725216007f,0.04971633273283678f,0f,0f,0f,1f],start_interpolation:0}
execute if entity @s[tag=aj.dino.bone.leg_left_0] run data modify entity @s {} merge value {transformation:[-0.9629099037963759f,0.24354652955161538f,-0.11614475930586857f,0.19737518536035492f,0.2697637970681702f,0.8779722039702905f,-0.395464667001887f,0.7000049273787f,0.005657823098777548f,-0.4121284957375726f,-0.9111081670355439f,-0.03727094273015863f,0f,0f,0f,1f],start_interpolation:0}
execute if entity @s[tag=aj.dino.bone.leg_right_3] run data modify entity @s {} merge value {transformation:[-0.9856943112802554f,-0.012490531096536014f,0.16807947924321293f,-0.1732546914048949f,-0.010580684394269936f,0.9998689409804258f,0.012253570109606898f,0.02269728793180384f,-0.1682105045099504f,0.010299878426887898f,-0.9856972855176682f,-0.11217029191844859f,0f,0f,0f,1f],start_interpolation:0}
execute if entity @s[tag=aj.dino.bone.leg_right_2] run data modify entity @s {} merge value {transformation:[-1.0115423625157542f,0.02780279851324633f,0.16754477828799336f,-0.16002673047909596f,-0.011144392448995627f,0.9988168535983453f,-0.23302981565786632f,0.24833567038252938f,-0.16946991135208572f,-0.23163354002265754f,-0.9847273997323233f,-0.196333309216911f,0f,0f,0f,1f],start_interpolation:0}
execute if entity @s[tag=aj.dino.bone.leg_right_1] run data modify entity @s {} merge value {transformation:[-0.935471107928947f,-0.10573975728394278f,-0.337213448663782f,-0.18949887318288106f,-0.35200320919545713f,0.3636364584209831f,0.8624745021292769f,0.29437155526949765f,0.03142525968528453f,0.9255201941808605f,-0.3773921345459319f,0.0757429223191921f,0f,0f,0f,1f],start_interpolation:0}
execute if entity @s[tag=aj.dino.bone.leg_right_0] run data modify entity @s {} merge value {transformation:[-0.9529193181639156f,-0.26897996705517496f,0.13998053576485162f,-0.19570315129319632f,-0.3031902965371227f,0.8383301983161251f,-0.4530762879217781f,0.6956641196472751f,0.004518534690535342f,-0.47418588751062923f,-0.8804131569496263f,-0.03929213004612067f,0f,0f,0f,1f],start_interpolation:0}
execute if entity @s[tag=aj.dino.bone.tail_4] run data modify entity @s {} merge value {transformation:[-2.756039673650056f,0.1612011437191071f,-0.0626166122569467f,0.0829612353595105f,0.15152388336216657f,2.73286373097949f,0.36627540494512617f,0.7078715405229226f,0.08334963489862218f,0.3621206301227802f,-2.7363447917252226f,-1.802807208531457f,0f,0f,0f,1f],start_interpolation:0}
execute if entity @s[tag=aj.dino.bone.tail_3] run data modify entity @s {} merge value {transformation:[-2.0811217321158826f,0.06000678039535204f,0.03573581489225639f,0.07631454828431788f,0.05895184138986112f,2.0805785481114443f,-0.060523644798258086f,0.6977740196018327f,-0.03745053479156574f,-0.05947787394910027f,-2.081106764680459f,-1.4493463690358512f,0f,0f,0f,1f],start_interpolation:0}
execute if entity @s[tag=aj.dino.bone.tail_2] run data modify entity @s {} merge value {transformation:[-1.9474731272057968f,0.04584474165798711f,0.15498565571162257f,0.04607391302245495f,0.02350172135700004f,1.9343140136085728f,-0.27685888256209257f,0.7497191350106389f,-0.15990610653538878f,-0.27404640377604866f,-1.9282381804831283f,-1.0910745547198692f,0f,0f,0f,1f],start_interpolation:0}
execute if entity @s[tag=aj.dino.bone.tail_1] run data modify entity @s {} merge value {transformation:[-1.5080543174554748f,0.01841904359693423f,0.1144078862529859f,0.022670211292217916f,0.00792448307729652f,1.5061677914366454f,-0.1380291150693093f,0.7610025444589839f,-0.11560981001567108f,-0.1370239864835104f,-1.5018372245207894f,-0.7661105129931403f,0f,0f,0f,1f],start_interpolation:0}
execute if entity @s[tag=aj.dino.bone.tail_0] run data modify entity @s {} merge value {transformation:[-1.2762066455868781f,-0.0003737486324773423f,0.07163919776125176f,0.0017265534362340537f,0.0014917165457439536f,1.2777826787547422f,0.03324029542784981f,0.7821241297670425f,-0.07162464049238343f,0.03327165115144267f,-1.2757737356945476f,-0.3924968714722944f,0f,0f,0f,1f],start_interpolation:0}
execute if entity @s[tag=aj.dino.bone.body_1] run data modify entity @s {} merge value {transformation:[-1.2362757779806022f,-0.014805613177654324f,0.0027549325110697406f,0.002083333333333351f,-0.0136523307311167f,1.1972970498617552f,0.30805516277802597f,0.6298591666666666f,-0.006356862458405634f,0.3080018884147004f,-1.1973717142512235f,-0.13487083333333333f,0f,0f,0f,1f],start_interpolation:0}