execute if entity @s[tag=aj.dino.bone.head_lower] run data modify entity @s {} merge value {transformation:[-0.9698085312041146f,-0.03968706360889707f,-0.24061660330455387f,0.03611241949808988f,-0.13758215383521682f,0.9036942745860422f,0.405472328311649f,0.36012495117257237f,0.20135184069131434f,0.4263350736949871f,-0.8818706487845649f,0.8277801425175767f,0f,0f,0f,1f],start_interpolation:0}
execute if entity @s[tag=aj.dino.bone.head_upper] run data modify entity @s {} merge value {transformation:[-1.009473296043475f,0.06909856729052417f,-0.24425600331829422f,0.02051227480950077f,-0.14320920660117978f,0.6719478553285735f,0.7819521375682134f,0.4290746267049868f,0.20958704707898884f,0.7919491210306594f,-0.642154032907201f,0.8013598052474599f,0f,0f,0f,1f],start_interpolation:0}
execute if entity @s[tag=aj.dino.bone.neck_0] run data modify entity @s {} merge value {transformation:[-0.9864283764262017f,-0.05372494599564075f,-0.15515375715377655f,0.011670538235558608f,-0.07505673616528705f,0.987987484442352f,0.13508225990664902f,0.4217966622686288f,0.1460326831136855f,0.14489430893944194f,-0.9786113093049658f,0.7356818699699482f,0f,0f,0f,1f],start_interpolation:0}
execute if entity @s[tag=aj.dino.bone.neck_1] run data modify entity @s {} merge value {transformation:[-0.998137441413287f,-0.05535666232248316f,-0.025637628311753802f,0.009243673399944582f,-0.05992323372953966f,0.9684538696260467f,0.24188077324527169f,0.44674868436828563f,0.011439148059712653f,0.24296654572769913f,-0.9699672177701769f,0.6546322323104303f,0f,0f,0f,1f],start_interpolation:0}
execute if entity @s[tag=aj.dino.bone.neck_2] run data modify entity @s {} merge value {transformation:[-0.9981377319847511f,-0.05727615327086043f,-0.020988336161547314f,0.006844168401554304f,-0.060991939601643785f,0.9428470394095783f,0.32759646454170166f,0.48467965343084224f,0.001025325297965389f,0.32826651145538105f,-0.9445845892057246f,0.5750934722253076f,0f,0f,0f,1f],start_interpolation:0}
execute if entity @s[tag=aj.dino.bone.body_0] run data modify entity @s {} merge value {transformation:[-0.9981377319847511f,-0.06046118711753878f,-0.008094000288804913f,0.002453528034163181f,-0.060991939601643785f,0.991402652213315f,0.11576167106617777f,0.5486820444137124f,0.001025325297965389f,0.11603976058550985f,-0.993244039836782f,0.10808670468465931f,0f,0f,0f,1f],start_interpolation:0}
execute if entity @s[tag=aj.dino.bone.leg_left_3] run data modify entity @s {} merge value {transformation:[-0.9821286158250313f,-0.004137138225207629f,-0.1881655283650892f,0.20052658727076467f,-0.014845534271173064f,0.9983463239724104f,0.05553582197985274f,0.02685503666779404f,0.1876246041696321f,0.05733673776977538f,-0.9805659113043388f,-0.12736755180591913f,0f,0f,0f,1f],start_interpolation:0}
execute if entity @s[tag=aj.dino.bone.leg_left_2] run data modify entity @s {} merge value {transformation:[-1.0079525672417324f,-0.06502826330802487f,-0.17850811371653896f,0.17828817750968584f,-0.015066499079154909f,0.9880702223671367f,-0.27486803338611143f,0.24865474364724502f,0.18938538036763153f,-0.26748973838858364f,-0.9719282983124364f,-0.21946215089372462f,0f,0f,0f,1f],start_interpolation:0}
execute if entity @s[tag=aj.dino.bone.leg_left_1] run data modify entity @s {} merge value {transformation:[-0.9418409024195004f,0.1181423683464548f,0.3146078437215312f,0.21245549701107913f,0.3360442624861997f,0.32229657238201775f,0.8849854083999964f,0.28258381171422126f,0.003157242424483026f,0.9392376164913184f,-0.343253159618349f,0.05384134026209984f,0f,0f,0f,1f],start_interpolation:0}
execute if entity @s[tag=aj.dino.bone.leg_left_0] run data modify entity @s {} merge value {transformation:[-0.9672045572814683f,0.22329561770891163f,-0.12105540667791091f,0.197520965930296f,0.25304897512062047f,0.8882867970501533f,-0.3832920327593349f,0.6919798723365898f,0.021944488245625088f,-0.40135474744716204f,-0.9156597654900331f,-0.026651540744459745f,0f,0f,0f,1f],start_interpolation:0}
execute if entity @s[tag=aj.dino.bone.leg_right_3] run data modify entity @s {} merge value {transformation:[-0.9860089865806272f,-0.012963626070824862f,0.16618731233563067f,-0.1698038137555594f,-0.011670114203997387f,0.999893550424149f,0.008757639787959015f,0.01868578668883325f,-0.16628315253419487f,0.006695686617951391f,-0.986055313338965f,-0.10623649810378472f,0f,0f,0f,1f],start_interpolation:0}
execute if entity @s[tag=aj.dino.bone.leg_right_2] run data modify entity @s {} merge value {transformation:[-1.0118522518113644f,0.015231170144935337f,0.1672878700354015f,-0.15951374000944518f,-0.012463427928216619f,1.0118529241086238f,-0.16751275306017838f,0.24938967526486647f,-0.1675168139896516f,-0.1672838035481565f,-0.9980062352520215f,-0.1758130907496769f,0f,0f,0f,1f],start_interpolation:0}
execute if entity @s[tag=aj.dino.bone.leg_right_1] run data modify entity @s {} merge value {transformation:[-0.9331766147486544f,-0.10581315356482812f,-0.34348942082531086f,-0.1886272718948174f,-0.35868585973090283f,0.33514313441169663f,0.8712195667487082f,0.28708791983939463f,0.02293163132758887f,0.9362065242185454f,-0.35070141758379886f,0.09758155125510729f,0f,0f,0f,1f],start_interpolation:0}
execute if entity @s[tag=aj.dino.bone.leg_right_0] run data modify entity @s {} merge value {transformation:[-0.9504288557709633f,-0.26536664078777944f,0.162066455736241f,-0.19550035267339994f,-0.3108869497910913f,0.8207948394952093f,-0.4792130381235731f,0.6845181604335472f,-0.005856156375026719f,-0.5058422455816076f,-0.8626061256549643f,-0.030126096074009845f,0f,0f,0f,1f],start_interpolation:0}
execute if entity @s[tag=aj.dino.bone.tail_4] run data modify entity @s {} merge value {transformation:[-2.746756496763316f,0.25871469170572975f,-0.11856132330623297f,0.13978415261433708f,0.23576007850142958f,2.712975652833008f,0.4580847346510365f,0.752480206602415f,0.15939656355616846f,0.4455234528404985f,-2.720618113608664f,-1.7875853717928138f,0f,0f,0f,1f],start_interpolation:0}
execute if entity @s[tag=aj.dino.bone.tail_3] run data modify entity @s {} merge value {transformation:[-2.07951607466128f,0.09155149992354034f,0.05636261288776542f,0.1293312329992252f,0.09212770899805311f,2.080156043976548f,0.020219890876360412f,0.7286957003724747f,-0.05541576043470075f,0.02268659547027413f,-2.081432184320656f,-1.4348733969894574f,0f,0f,0f,1f],start_interpolation:0}
execute if entity @s[tag=aj.dino.bone.tail_2] run data modify entity @s {} merge value {transformation:[-1.935110486276542f,0.06825709192131364f,0.2635569204323557f,0.0789219113365236f,0.04381869445379926f,1.9451773478987353f,-0.18204088068558383f,0.7630319645736299f,-0.26870281524707984f,-0.17435575593270158f,-1.9277377265733548f,-1.0767513434667018f,0f,0f,0f,1f],start_interpolation:0}
execute if entity @s[tag=aj.dino.bone.tail_1] run data modify entity @s {} merge value {transformation:[-1.499586678749145f,0.030396065600069112f,0.19486436850831834f,0.038050375814788255f,0.017487441520218562f,1.5090352028747152f,-0.10081267714898014f,0.766262624481827f,-0.19644396734739997f,-0.09769895434908142f,-1.4965029007696278f,-0.7533386699063089f,0f,0f,0f,1f],start_interpolation:0}
execute if entity @s[tag=aj.dino.bone.tail_0] run data modify entity @s {} merge value {transformation:[-1.2723709470185327f,-0.00019115591431270214f,0.12209771998938618f,0.0023659712861243474f,0.005147703119655769f,1.2769937610448205f,0.05564307674116593f,0.7808185584113789f,-0.12198930657964253f,0.055880356978528736f,-1.2711536930553278f,-0.3805295238789422f,0f,0f,0f,1f],start_interpolation:0}
execute if entity @s[tag=aj.dino.bone.body_1] run data modify entity @s {} merge value {transformation:[-1.2360964497720217f,-0.02555447250523341f,0.004138943371542028f,0.0031250000000000128f,-0.02346792694437277f,1.189594163975417f,0.3360350822411441f,0.6225675f,-0.010927869059754722f,0.3358828501529337f,-1.189818426360596f,-0.12653750000000002f,0f,0f,0f,1f],start_interpolation:0}