execute if entity @s[tag=aj.dino.bone.head_lower] run data modify entity @s {} merge value {transformation:[-1f,-1.032856634543009e-16f,6.580022455450647e-17f,0.015624999999999884f,0f,0.537299608346824f,0.8433914458128856f,0.28674371292965345f,-1.2246467991473532e-16f,0.8433914458128856f,-0.537299608346824f,0.9425729075115463f,0f,0f,0f,1f],start_interpolation:0}
execute if entity @s[tag=aj.dino.bone.head_upper] run data modify entity @s {} merge value {transformation:[-1.0408995833333334f,-2.2135529566497333e-17f,1.2553682639808664e-16f,0.015301874999999892f,0f,1.0250859797738436f,0.18075031578010037f,0.3222221982206006f,-1.2747343429629804e-16f,0.18075031578010037f,-1.0250859797738436f,0.8759648812422499f,0f,0f,0f,1f],start_interpolation:0}
execute if entity @s[tag=aj.dino.bone.neck_0] run data modify entity @s {} merge value {transformation:[-1f,3.1696191514317656e-17f,1.18291797137867e-16f,0.0156249999999999f,0f,0.9659258262890682f,-0.25881904510252074f,0.2898076862069662f,-1.2246467991473532e-16f,-0.25881904510252074f,-0.9659258262890682f,0.8177074245911978f,0f,0f,0f,1f],start_interpolation:0}
execute if entity @s[tag=aj.dino.bone.neck_1] run data modify entity @s {} merge value {transformation:[-1f,5.341834311772731e-18f,1.223481206754078e-16f,0.01562499999999991f,0f,0.9990482215818577f,-0.04361938736533599f,0.290715041868463f,-1.2246467991473532e-16f,-0.04361938736533599f,-0.9990482215818577f,0.7328739786501376f,0f,0f,0f,1f],start_interpolation:0}
execute if entity @s[tag=aj.dino.bone.neck_2] run data modify entity @s {} merge value {transformation:[-1f,-4.686520405326298e-17f,1.1314261122877005e-16f,0.015624999999999918f,0f,0.9238795325112867f,0.3826834323650898f,0.33328633871738095f,-1.2246467991473532e-16f,0.3826834323650898f,-0.9238795325112867f,0.6556819124856544f,0f,0f,0f,1f],start_interpolation:0}
execute if entity @s[tag=aj.dino.bone.body_0] run data modify entity @s {} merge value {transformation:[-1f,-2.1265768495757713e-17f,1.2060416625018979e-16f,0.015624999999999976f,0f,0.984807753012208f,0.17364817766693036f,0.42450759852827147f,-1.2246467991473532e-16f,0.17364817766693036f,-0.984807753012208f,0.19319992747257417f,0f,0f,0f,1f],start_interpolation:0}
execute if entity @s[tag=aj.dino.bone.leg_left_3] run data modify entity @s {} merge value {transformation:[-0.951069235447523f,0.034796121945015815f,-0.30701227871675046f,0.24638307519971364f,-0.043060428581340585f,0.969014970194971f,0.2432196271447502f,0.025225052725198344f,0.305962593915752f,0.24453878513566646f,-0.920101990916614f,-0.14873221522501257f,0f,0f,0f,1f],start_interpolation:0}
execute if entity @s[tag=aj.dino.bone.leg_left_2] run data modify entity @s {} merge value {transformation:[-0.9764560642138848f,-0.04330809933395675f,-0.310998653843878f,0.22516191598297552f,-0.04319865116602992f,1.024766351803408f,-0.007071085465766886f,0.26381105577478575f,0.3110138754108243f,0.006366493878787532f,-0.9773904217651848f,-0.1769714364666784f,0f,0f,0f,1f],start_interpolation:0}
execute if entity @s[tag=aj.dino.bone.leg_left_1] run data modify entity @s {} merge value {transformation:[-0.8931740563310753f,0.2556241965553964f,0.3699951016331179f,0.29277198878756355f,0.3499645782091262f,-0.12160647317247661f,0.9288361856008087f,0.17454262576464347f,0.28242680307648144f,0.9590975632426345f,0.01915633279202089f,0.07694471331243319f,0f,0f,0f,1f],start_interpolation:0}
execute if entity @s[tag=aj.dino.bone.leg_left_0] run data modify entity @s {} merge value {transformation:[-0.9638169443818481f,0.02514276083406366f,-0.2653765990061645f,0.21217875f,0.09181822832506716f,0.9659328055466847f,-0.24195707907799796f,0.5841722783920352f,0.2502524938330953f,-0.25756874178819095f,-0.933290968875176f,0.08088883736552793f,0f,0f,0f,1f],start_interpolation:0}
execute if entity @s[tag=aj.dino.bone.leg_right_3] run data modify entity @s {} merge value {transformation:[-0.9910493438134866f,0.03375536688558081f,0.12915793948990384f,-0.1933860004861193f,0.05050940782537231f,0.9903928018815139f,0.1287279989062815f,0.024054464413969717f,-0.12357183274512085f,0.13409948988607362f,-0.9832331000145935f,-0.04681973644715834f,0f,0f,0f,1f],start_interpolation:0}
execute if entity @s[tag=aj.dino.bone.leg_right_2] run data modify entity @s {} merge value {transformation:[-1.0168949115530659f,-0.014963632267005948f,0.13327801044266316f,-0.19117752526462772f,0.04955010544788851f,0.9052604752869566f,0.4796982993862206f,0.24981732195050266f,-0.12462634315536991f,0.4820184240185291f,-0.8967656957082539f,0.03801732420531173f,0f,0f,0f,1f],start_interpolation:0}
execute if entity @s[tag=aj.dino.bone.leg_right_1] run data modify entity @s {} merge value {transformation:[-0.9449458247598288f,-0.05940224356155979f,-0.3217899341632987f,-0.20906791381565648f,-0.32722399615069575f,0.1674551626909903f,0.9299909810483672f,0.23946955211284543f,-0.001358164988650908f,0.9840884827839353f,-0.1776738963378598f,0.31475952069266666f,0f,0f,0f,1f],start_interpolation:0}
execute if entity @s[tag=aj.dino.bone.leg_right_0] run data modify entity @s {} merge value {transformation:[-0.9561733076250295f,-0.16075701897126785f,0.24472389878571746f,-0.18092875f,-0.2894106986539105f,0.6457162187956162f,-0.7066059809320522f,0.5841722783920352f,-0.044430319490929446f,-0.7464634925003123f,-0.6639414138869262f,0.0808888373655279f,0f,0f,0f,1f],start_interpolation:0}
execute if entity @s[tag=aj.dino.bone.tail_4] run data modify entity @s {} merge value {transformation:[-2.365959578809134f,1.1898989909759194f,0.7823279327211791f,0.49703476116370815f,1.2872124198430792f,1.1381190976711864f,2.1618118413307505f,1.6686849130075243f,0.6090819232607607f,2.216864146128628f,-1.5297692309516358f,-1.0466049017574277f,0f,0f,0f,1f],start_interpolation:0}
execute if entity @s[tag=aj.dino.bone.tail_3] run data modify entity @s {} merge value {transformation:[-1.857889895744766f,0.26829372761039955f,0.9012264626934028f,0.3415945923761272f,0.9248086289133132f,0.8822914217092666f,1.6438480383265857f,1.381315118460762f,-0.170057817289956f,1.8669563061163486f,-0.9063663805964002f,-0.9111882907224234f,0f,0f,0f,1f],start_interpolation:0}
execute if entity @s[tag=aj.dino.bone.tail_2] run data modify entity @s {} merge value {transformation:[-1.6926569373505918f,-0.15688010020401394f,0.9638853674590512f,0.16112145104160824f,0.8418323378745284f,0.7432179384206957f,1.5992871180376507f,1.0848104758429822f,-0.49497947669615283f,1.8004970439221624f,-0.5761766981403654f,-0.8040158776111465f,0f,0f,0f,1f],start_interpolation:0}
execute if entity @s[tag=aj.dino.bone.tail_1] run data modify entity @s {} merge value {transformation:[-1.4504783830877523f,-0.14787112512434564f,0.4023715205498519f,0.07772890712348758f,0.19206174912880417f,1.0450480638744504f,1.0764028422081797f,0.840222470268881f,-0.3832505638831129f,1.0833581700189105f,-0.9834176786780648f,-0.6052721528121583f,0f,0f,0f,1f],start_interpolation:0}
execute if entity @s[tag=aj.dino.bone.tail_0] run data modify entity @s {} merge value {transformation:[-1.260357622083787f,0.00428117935265543f,0.2128756739101011f,0.01562500000000003f,0.08311827413812108f,1.1864517148276115f,0.4682514254873638f,0.7320197139228174f,-0.19602482889580453f,0.4755520123708851f,-1.1701539499443652f,-0.2518500545501892f,0f,0f,0f,1f],start_interpolation:0}
execute if entity @s[tag=aj.dino.bone.body_1] run data modify entity @s {} merge value {transformation:[-1.2363675f,-6.398920160587319e-17f,1.372252856816764e-16f,0.015625000000000003f,0f,1.1205294928890353f,0.5225114837226943f,0.5350675f,-1.5141135014448153e-16f,0.5225114837226943f,-1.1205294928890353f,-0.026537499999999988f,0f,0f,0f,1f],start_interpolation:0}