execute if entity @s[tag=aj.dino.bone.head_lower] run data modify entity @s {} merge value {transformation:[-0.9716774680215274f,-0.20369452814092456f,-0.11979748471783329f,0.13484939131299273f,-0.23458485256488915f,0.8926072485207697f,0.3849964244448129f,1.0505833481592384f,0.028510438200464748f,0.4021950261920544f,-0.9151100020325373f,0.5257574817963417f,0f,0f,0f,1f],start_interpolation:0}
execute if entity @s[tag=aj.dino.bone.head_upper] run data modify entity @s {} merge value {transformation:[-1.0114186715979963f,-0.12417942986166029f,-0.21232918434752313f,0.11710958717570036f,-0.24417927529110456f,0.61528251136409f,0.803290641867137f,1.119700294643969f,0.02967650324351451f,0.830348627380234f,-0.6269867660058754f,0.5011891373345291f,0f,0f,0f,1f],start_interpolation:0}
execute if entity @s[tag=aj.dino.bone.neck_0] run data modify entity @s {} merge value {transformation:[-0.8679605530938085f,-0.4954749712095542f,0.03389736240448957f,0.12762440173834969f,-0.49607953627345924f,0.861749292635166f,-0.10626970562441979f,1.0990011851233619f,0.023442951260440437f,-0.10905370029340028f,-0.9937593866165582f,0.4386933631248764f,0f,0f,0f,1f],start_interpolation:0}
execute if entity @s[tag=aj.dino.bone.neck_1] run data modify entity @s {} merge value {transformation:[-0.9669367216945547f,-0.21332258435763785f,-0.13973851023095124f,0.11480396537302875f,-0.12519294165243383f,0.8744643619224182f,-0.4686563848791868f,1.0633283862163745f,0.22217133838323397f,-0.43566679323836094f,-0.8722581852126157f,0.362794583990587f,0f,0f,0f,1f],start_interpolation:0}
execute if entity @s[tag=aj.dino.bone.neck_2] run data modify entity @s {} merge value {transformation:[-0.9788267926846149f,-0.1292267418416477f,-0.1587405402401726f,0.09963189292459444f,-0.0008955834292890125f,0.7782121257998877f,-0.6280008640028617f,1.0159299836174034f,0.20468831879975685f,-0.6145619061176927f,-0.7618506124535946f,0.2900338112979751f,0f,0f,0f,1f],start_interpolation:0}
execute if entity @s[tag=aj.dino.bone.body_0] run data modify entity @s {} merge value {transformation:[-0.9675634826831397f,-0.1730706572922608f,-0.18403112389619916f,0.011249999999999994f,0.06377012851853582f,0.53755252276684f,-0.8408154708232571f,0.6247776649964255f,0.24444688111490157f,-0.8252780336658857f,-0.5090794529950765f,0.04224476928113466f,0f,0f,0f,1f],start_interpolation:0}
execute if entity @s[tag=aj.dino.bone.leg_left_3] run data modify entity @s {} merge value {transformation:[-0.9380608166135762f,-0.0014094086891095758f,-0.3464677732508721f,0.2989768730170878f,-0.045045340945921476f,0.9920003346131665f,0.11792477850914246f,0.06088823599699583f,0.3435299427900519f,0.1262273730001211f,-0.9306201312631011f,-0.1502301376924005f,0f,0f,0f,1f],start_interpolation:0}
execute if entity @s[tag=aj.dino.bone.leg_left_2] run data modify entity @s {} merge value {transformation:[-0.9632460104635947f,-0.12113107655163319f,-0.3309782245406865f,0.25901832636960065f,-0.04590832322350817f,0.9981355322413885f,-0.23168962997229584f,0.28632071082499283f,0.3494449150945948f,-0.2027681460963134f,-0.9427807431974252f,-0.22608912469302336f,0f,0f,0f,1f],start_interpolation:0}
execute if entity @s[tag=aj.dino.bone.leg_left_1] run data modify entity @s {} merge value {transformation:[-0.9387064037036862f,0.2583918211414727f,0.22817527125629855f,0.33580867342042253f,0.3070450527980133f,0.32585026407313106f,0.8941727690752695f,0.32130548009941157f,0.15669595782264933f,0.9094257925585041f,-0.3852156598989437f,0.03828313969640837f,0f,0f,0f,1f],start_interpolation:0}
execute if entity @s[tag=aj.dino.bone.leg_left_0] run data modify entity @s {} merge value {transformation:[-0.964588334220242f,-0.09164015786724657f,-0.24732858094503501f,0.20780375f,0.10662639782966588f,0.7221867028503356f,-0.6834304481891562f,0.6728930116783375f,0.2412470865566845f,-0.6856007932406636f,-0.6868416087684877f,-0.14694165827303912f,0f,0f,0f,1f],start_interpolation:0}
execute if entity @s[tag=aj.dino.bone.leg_right_3] run data modify entity @s {} merge value {transformation:[-0.998577898597593f,0.02589933198777431f,0.0465983372557719f,-0.19799122820066775f,0.02827851887343302f,0.9982908335637893f,0.051144276247096235f,0.030111951947211446f,-0.045194090351953035f,0.052389275859678175f,-0.9976035575177936f,-0.1015488565937817f,0f,0f,0f,1f],start_interpolation:0}
execute if entity @s[tag=aj.dino.bone.leg_right_2] run data modify entity @s {} merge value {transformation:[-1.0243987618944372f,0.028496553493985364f,0.043096665402362754f,-0.1884276129650829f,0.028048268088357982f,1.0252558473030124f,-0.011222376259949091f,0.2687072661826394f,-0.04338975440219007f,-0.010029631630358962f,-1.0247335923072742f,-0.1354882931615663f,0f,0f,0f,1f],start_interpolation:0}
execute if entity @s[tag=aj.dino.bone.leg_right_1] run data modify entity @s {} merge value {transformation:[-0.9385207237877383f,0.030114230707203413f,-0.34390694108995984f,-0.18069820983694818f,-0.28189372986162115f,0.5082160829638604f,0.813788878076847f,0.3579992939726491f,0.19928566452618496f,0.8607029372122436f,-0.4684823132078446f,0.12715324155866126f,0f,0f,0f,1f],start_interpolation:0}
execute if entity @s[tag=aj.dino.bone.leg_right_0] run data modify entity @s {} merge value {transformation:[-0.9561733076250296f,-0.2728901714495462f,0.10612992090663162f,-0.18530375f,-0.24863548371192035f,0.5653016194728763f,-0.7865204862307674f,0.6728930116783375f,0.15463829417304742f,-0.7784375590550477f,-0.6083764990757526f,-0.14694165827303918f,0f,0f,0f,1f],start_interpolation:0}
execute if entity @s[tag=aj.dino.bone.tail_4] run data modify entity @s {} merge value {transformation:[-2.189099000162358f,1.5080634336135335f,0.747831250541141f,-0.5343939686000209f,1.6702813139662274f,2.098332319236132f,0.6578929562355595f,0.38137249654742167f,-0.20896705793837136f,0.9738621513576103f,-2.5755750057899127f,-1.6816728768132223f,0f,0f,0f,1f],start_interpolation:0}
execute if entity @s[tag=aj.dino.bone.tail_3] run data modify entity @s {} merge value {transformation:[-1.7572022873442723f,0.850525235314529f,-0.724425614876826f,-0.41988121197766215f,0.7084435195553577f,1.8922978035497537f,0.5032517544184395f,0.27752197664511663f,0.8638827622985187f,0.17821720685272052f,-1.886237187161132f,-1.3635807494011547f,0f,0f,0f,1f],start_interpolation:0}
execute if entity @s[tag=aj.dino.bone.tail_2] run data modify entity @s {} merge value {transformation:[-1.5554723319325308f,0.5247518979684944f,-1.0601486429617382f,-0.22382721476431727f,0.5783957918506343f,1.8651200273550685f,0.07456183025704893f,0.2645325978271049f,1.031861428470233f,-0.25443388952784207f,-1.6399083094179017f,-1.0580229149675855f,0f,0f,0f,1f],start_interpolation:0}
execute if entity @s[tag=aj.dino.bone.tail_1] run data modify entity @s {} merge value {transformation:[-1.3670868654454191f,0.04241984810940634f,-0.645701408402517f,-0.08409193822646321f,0.23506058988971057f,1.4387034709945228f,-0.4031564108742579f,0.33347612546960953f,0.6028899330784354f,-0.46474630610117507f,-1.3069777540409755f,-0.7716708249002617f,0f,0f,0f,1f],start_interpolation:0}
execute if entity @s[tag=aj.dino.bone.tail_0] run data modify entity @s {} merge value {transformation:[-1.2299367742594185f,-0.09677081222700767f,-0.3342553781306873f,0.01125000000000006f,0.11227552730638213f,1.0517754591931965f,-0.7176338244474284f,0.568566623738925f,0.3293713009301772f,-0.7198885399309354f,-1.0035490784130572f,-0.495782652374712f,0f,0f,0f,1f],start_interpolation:0}
execute if entity @s[tag=aj.dino.bone.body_1] run data modify entity @s {} merge value {transformation:[-1.2363675f,4.0736246037451655e-17f,1.4582851302592025e-16f,0.011250000000000024f,0f,1.1907801753734362f,-0.3326366921941397f,0.5656925f,-1.5141135014448153e-16f,-0.3326366921941397f,-1.1907801753734362f,-0.19653749999999998f,0f,0f,0f,1f],start_interpolation:0}