execute if entity @s[tag=aj.dino.bone.head_lower] run data modify entity @s {} merge value {transformation:[-0.7952346036738122f,-0.009754079654624284f,-0.6062233771885129f,0.0962178485425487f,-0.3806109175795871f,0.7863389966791322f,0.4866274876338984f,0.27478705098811884f,0.4719504789053399f,0.6177182531152423f,-0.6290364895848839f,0.8350691639754525f,0f,0f,0f,1f],start_interpolation:0}
execute if entity @s[tag=aj.dino.bone.head_upper] run data modify entity @s {} merge value {transformation:[-0.8277593676163196f,0.10770873505943952f,-0.6218401726318694f,0.05551143628771786f,-0.39617774552070995f,0.7096726405931995f,0.650292149522897f,0.3354290052180355f,0.4912530568465355f,0.7538139784912972f,-0.5233611205979709f,0.8160692197567629f,0f,0f,0f,1f],start_interpolation:0}
execute if entity @s[tag=aj.dino.bone.neck_0] run data modify entity @s {} merge value {transformation:[-0.9049339050076999f,-0.1862368157642654f,-0.3826362189096873f,0.03408484041204619f,-0.23837739769816962f,0.9666847203419779f,0.09325699825750428f,0.3258450977338677f,0.3525206998662118f,0.17560324573121788f,-0.9191804263878217f,0.7536690117377791f,0f,0f,0f,1f],start_interpolation:0}
execute if entity @s[tag=aj.dino.bone.neck_1] run data modify entity @s {} merge value {transformation:[-0.980884437595137f,-0.1793052094919653f,-0.07560001278249977f,0.02685449039222239f,-0.19356614336293002f,0.9388949112070637f,0.28461991120278524f,0.35428151134314523f,0.01994663448487806f,0.29381284444101846f,-0.9556548248265189f,0.6740660641531314f,0f,0f,0f,1f],start_interpolation:0}
execute if entity @s[tag=aj.dino.bone.neck_2] run data modify entity @s {} merge value {transformation:[-0.9807139199062834f,-0.1851147462749575f,-0.0627115460948772f,0.01954809955496717f,-0.19500171957873322f,0.9050478114144656f,0.37797194130678924f,0.3962556719198096f,-0.01321123247047342f,0.382911203499511f,-0.9236906806778811f,0.5968927728474063f,0f,0f,0f,1f],start_interpolation:0}
execute if entity @s[tag=aj.dino.bone.body_0] run data modify entity @s {} merge value {transformation:[-0.9807139199062834f,-0.19430005047349733f,-0.021158867834744584f,0.007725053634383282f,-0.19500171957873322f,0.9654026655924539f,0.17312429820311626f,0.4870451715899201f,-0.01321123247047342f,0.1739114247339168f,-0.9846726764177172f,0.13447695668414425f,0f,0f,0f,1f],start_interpolation:0}
execute if entity @s[tag=aj.dino.bone.leg_left_3] run data modify entity @s {} merge value {transformation:[-0.9733210164512656f,-0.04167637296842912f,-0.2256308464516127f,0.24682389027461954f,-0.07346609500731086f,0.9882020989207704f,0.13438506082508103f,0.03191488317630056f,0.21736819412842276f,0.14737602120012708f,-0.9648996717568972f,-0.14224923067561812f,0f,0f,0f,1f],start_interpolation:0}
execute if entity @s[tag=aj.dino.bone.leg_left_2] run data modify entity @s {} merge value {transformation:[-0.9990387832336696f,-0.10755150443404428f,-0.2059523803932761f,0.21383905263213865f,-0.07485371841901094f,1.0097047457063837f,-0.16418114032235417f,0.2620855343173455f,0.2199559727184748f,-0.14488340102535868f,-0.9913074042261002f,-0.20631594516155205f,0f,0f,0f,1f],start_interpolation:0}
execute if entity @s[tag=aj.dino.bone.leg_left_1] run data modify entity @s {} merge value {transformation:[-0.9461735263210448f,0.1511212199041435f,0.28621326835750044f,0.2585579242231846f,0.3069508962135296f,0.13851726269941758f,0.9415912676145483f,0.24366475711889324f,0.10264894253186452f,0.9787621492624979f,-0.1774481607911054f,0.06695001164755031f,0f,0f,0f,1f],start_interpolation:0}
execute if entity @s[tag=aj.dino.bone.leg_left_0] run data modify entity @s {} merge value {transformation:[-0.9834775545037822f,0.1060756818261873f,-0.1466964536461925f,0.19779422522404155f,0.14891002519372237f,0.934838600902747f,-0.322339253984059f,0.6542678102306466f,0.10294515133829762f,-0.33885799383710025f,-0.9351885135247496f,0.022003552124009354f,0f,0f,0f,1f],start_interpolation:0}
execute if entity @s[tag=aj.dino.bone.leg_right_3] run data modify entity @s {} merge value {transformation:[-0.9878694878103115f,-0.020161263942275406f,0.15397207048566477f,-0.1614703486064073f,-0.018745520310163282f,0.9997676578638832f,0.010641229142645314f,0.024567181528852483f,-0.15415083691532105f,0.007625859008330099f,-0.9880178974860178f,-0.09065843314237115f,0f,0f,0f,1f],start_interpolation:0}
execute if entity @s[tag=aj.dino.bone.leg_right_2] run data modify entity @s {} merge value {transformation:[-1.0136432797412314f,-0.05025665787642225f,0.14853878037477614f,-0.16702204477639457f,-0.020771509434356843f,1.0060668244510873f,0.19864613924115757f,0.26525117749931815f,-0.15542858595494008f,0.19330290369958528f,-0.99525782669118f,-0.07611660315640922f,0f,0f,0f,1f],start_interpolation:0}
execute if entity @s[tag=aj.dino.bone.leg_right_1] run data modify entity @s {} merge value {transformation:[-0.9206414091422431f,-0.10051848887008377f,-0.37724717251141804f,-0.19265715071045897f,-0.3897335773725387f,0.17980094475947928f,0.9032050481103401f,0.2584330789012429f,-0.022959408550487535f,0.9785538583332414f,-0.20470762540789328f,0.20012557417178567f,0f,0f,0f,1f],start_interpolation:0}
execute if entity @s[tag=aj.dino.bone.leg_right_0] run data modify entity @s {} merge value {transformation:[-0.9356246726717421f,-0.22529558173775543f,0.27175057081327664f,-0.19444736953204927f,-0.3477409659103789f,0.7206069183082036f,-0.599834885542739f,0.6306308815544353f,-0.06068519189729925f,-0.6557191244243228f,-0.7525621152759336f,0.010988403364037655f,0f,0f,0f,1f],start_interpolation:0}
execute if entity @s[tag=aj.dino.bone.tail_4] run data modify entity @s {} merge value {transformation:[-2.673476978274682f,0.5890708006869335f,-0.36218471808364283f,0.4263376107220784f,0.4113215453433705f,2.5173246045762077f,1.058089199043059f,1.016886815000265f,0.5558747741817525f,0.9704296772941846f,-2.524862532585703f,-1.6346233877601664f,0f,0f,0f,1f],start_interpolation:0}
execute if entity @s[tag=aj.dino.bone.tail_3] run data modify entity @s {} merge value {transformation:[-2.0675514535037784f,0.14207672979284908f,0.20246164083654627f,0.39061726588915435f,0.18879274315851974f,2.007703789127194f,0.5190648526912934f,0.9092256398201849f,-0.15979303266894376f,0.5337464042221949f,-2.006371473265802f,-1.2996400571918727f,0f,0f,0f,1f],start_interpolation:0}
execute if entity @s[tag=aj.dino.bone.tail_2] run data modify entity @s {} merge value {transformation:[-1.771894003343224f,0.06992384769348259f,0.8211432100692526f,0.2366749570477627f,0.23799463889862918f,1.9075770762739952f,0.35111554356400243f,0.8445839245764016f,-0.7890019440879783f,0.4183709222693093f,-1.7381644279606274f,-0.9770029573907744f,0f,0f,0f,1f],start_interpolation:0}
execute if entity @s[tag=aj.dino.bone.tail_1] run data modify entity @s {} merge value {transformation:[-1.3913891155284002f,0.06734049198173944f,0.589201016062221f,0.110391598237756f,0.12170927916210302f,1.5031552723082873f,0.11561716437294516f,0.801213602763919f,-0.5804131550498642f,0.15377169918894903f,-1.388211469471999f,-0.6796005272185026f,0f,0f,0f,1f],start_interpolation:0}
execute if entity @s[tag=aj.dino.bone.tail_0] run data modify entity @s {} merge value {transformation:[-1.2240915101876597f,0.004387153614420032f,0.36798973376126387f,0.0029623149872997252f,0.05931375895192545f,1.2637671800741306f,0.1822364100571024f,0.7784568414358317f,-0.3632045832165603f,0.19159588731147384f,-1.2104582451616586f,-0.3212529442561908f,0f,0f,0f,1f],start_interpolation:0}
execute if entity @s[tag=aj.dino.bone.body_1] run data modify entity @s {} merge value {transformation:[-1.2336441301796612f,-0.08196602806068987f,0.002885372328051187f,0.00781250000000001f,-0.07434081113966488f,1.1358672714436437f,0.48258012859888716f,0.589755f,-0.03464388731961185f,0.48134364747379393f,-1.1382937622442901f,-0.08903749999999999f,0f,0f,0f,1f],start_interpolation:0}