execute if entity @s[tag=aj.dino.bone.head_lower] run data modify entity @s {} merge value {transformation:[-0.9761624233523855f,0.20669925235668285f,-0.06619926215590845f,0.21821225451967236f,0.12329736697477461f,0.7791295451271929f,0.6146176951625953f,0.7929335758128012f,0.1786188190865848f,0.5918045040256804f,-0.7860424584480357f,0.6976570163360679f,0f,0f,0f,1f],start_interpolation:0}
execute if entity @s[tag=aj.dino.bone.head_upper] run data modify entity @s {} merge value {transformation:[-1.016087059733155f,0.2259176591329476f,0.0004908342168455547f,0.22300359017283716f,0.12834017791014f,0.5753588110892882f,0.8578828473745244f,0.8650331296763876f,0.1859242543627182f,0.8374935178121183f,-0.5894987038542638f,0.6758819405123795f,0f,0f,0f,1f],start_interpolation:0}
execute if entity @s[tag=aj.dino.bone.neck_0] run data modify entity @s {} merge value {transformation:[-0.9229263193795302f,-0.3710892290905969f,-0.10246849783957881f,0.222699479521491f,-0.3793759875411005f,0.9219272095568973f,0.0782565036009629f,0.855251320571518f,0.06542835068812303f,0.11109907439569099f,-0.9916532290042989f,0.6099352955511343f,0f,0f,0f,1f],start_interpolation:0}
execute if entity @s[tag=aj.dino.bone.neck_1] run data modify entity @s {} merge value {transformation:[-0.9248181662871567f,-0.06171465708229394f,-0.3753700313110723f,0.19061639942693623f,0.006645858152175672f,0.9839808603438513f,-0.17815021483679228f,0.8446927359792685f,0.380351405774557f,-0.16725121099169638f,-0.9095932280679804f,0.5321103053000207f,0f,0f,0f,1f],start_interpolation:0}
execute if entity @s[tag=aj.dino.bone.neck_2] run data modify entity @s {} merge value {transformation:[-0.9137401917802562f,-0.03191017826139396f,-0.4050439512555475f,0.15481909087827536f,0.08468554412162652f,0.9600579877520669f,-0.2666777432975543f,0.8307293333196631f,0.39737541512051844f,-0.27797553970948274f,-0.8745412390396563f,0.45277237943238574f,0f,0f,0f,1f],start_interpolation:0}
execute if entity @s[tag=aj.dino.bone.body_0] run data modify entity @s {} merge value {transformation:[-0.9424025523850809f,-0.12549420655038207f,-0.3100461794319917f,0.007499999999999992f,0.04469364537581212f,0.8713893021048548f,-0.48855210800920235f,0.6087776292245075f,0.3314813830686512f,-0.47426984755464285f,-0.8155907088603879f,0.06386952367637577f,0f,0f,0f,1f],start_interpolation:0}
execute if entity @s[tag=aj.dino.bone.leg_left_3] run data modify entity @s {} merge value {transformation:[-0.9614115430197526f,-0.03509441310162621f,-0.2728666837806159f,0.2727301041835851f,-0.06021504396178998f,0.9946246291474632f,0.0842377324834358f,0.046903083284432684f,0.26844365037947526f,0.09741780772694267f,-0.9583568110618398f,-0.13898844712956704f,0f,0f,0f,1f],start_interpolation:0}
execute if entity @s[tag=aj.dino.bone.leg_left_2] run data modify entity @s {} merge value {transformation:[-0.9869648124778749f,-0.1276864824765749f,-0.24831194216945504f,0.2337614634971222f,-0.061569671116197176f,0.9892393196143029f,-0.2639639059196705f,0.2692401475031977f,0.2723450642656312f,-0.23908979531231514f,-0.9595449104905717f,-0.22395165671845757f,0f,0f,0f,1f],start_interpolation:0}
execute if entity @s[tag=aj.dino.bone.leg_left_1] run data modify entity @s {} merge value {transformation:[-0.9549907467897661f,0.17688367314817918f,0.2381277802347576f,0.2882050629837559f,0.28738506543216374f,0.35279010819884926f,0.8904768181842779f,0.31213119086777047f,0.07350168509956637f,0.9188314893007601f,-0.38774501487043256f,0.04476685498812921f,0f,0f,0f,1f],start_interpolation:0}
execute if entity @s[tag=aj.dino.bone.leg_left_0] run data modify entity @s {} merge value {transformation:[-0.982545785558924f,0.038934510840082606f,-0.1819007508121951f,0.20405375000000003f,0.14054256154265948f,0.7959866826381763f,-0.5887724428484226f,0.6889328628968072f,0.1218670081499689f,-0.6040606798396291f,-0.7875653162730445f,-0.11412409832163367f,0f,0f,0f,1f],start_interpolation:0}
execute if entity @s[tag=aj.dino.bone.leg_right_3] run data modify entity @s {} merge value {transformation:[-0.9961237639221628f,0.001826659823056272f,0.08794379036312948f,-0.1865381666470862f,0.00510084108880221f,0.999301504037447f,0.037020068188535205f,0.01845674975659442f,-0.08781473890942242f,0.03732515696400829f,-0.9954372929963408f,-0.10339672911552406f,0f,0f,0f,1f],start_interpolation:0}
execute if entity @s[tag=aj.dino.bone.leg_right_2] run data modify entity @s {} merge value {transformation:[-1.021992403851415f,0.016295552869329405f,0.0856047950022882f,-0.1785086285094894f,0.004649047725785687f,1.01636831281317f,-0.13797115120650716f,0.25109958877850325f,-0.08701788509234332f,-0.13708430678486982f,-1.0127674856590048f,-0.1665149359590234f,0f,0f,0f,1f],start_interpolation:0}
execute if entity @s[tag=aj.dino.bone.leg_right_1] run data modify entity @s {} merge value {transformation:[-0.9384885672423712f,-0.01998097718692181f,-0.3447317358556032f,-0.18434414345185363f,-0.3123581736141529f,0.47472812692332866f,0.8228399460917654f,0.3302072322673115f,0.14721270506241052f,0.8799056574761435f,-0.451768141207062f,0.0994198552338003f,0f,0f,0f,1f],start_interpolation:0}
execute if entity @s[tag=aj.dino.bone.leg_right_0] run data modify entity @s {} merge value {transformation:[-0.9561733076250296f,-0.2734631687469412f,0.10464464211937727f,-0.18905374999999996f,-0.2716611152024223f,0.6952119193990112f,-0.6654927690159519f,0.6889328628968072f,0.10923755889064352f,-0.6647543023286309f,-0.7390323898606802f,-0.11412409832163371f,0f,0f,0f,1f],start_interpolation:0}
execute if entity @s[tag=aj.dino.bone.tail_4] run data modify entity @s {} merge value {transformation:[-2.3991116844085725f,1.027650219365474f,-0.9021416097112225f,-0.7947644039343643f,0.8032928033903866f,2.5334504935197755f,0.7496736626730477f,0.4810270020654696f,1.106636855230964f,0.38887652940554457f,-2.4999582490757772f,-1.5102606765677884f,0f,0f,0f,1f],start_interpolation:0}
execute if entity @s[tag=aj.dino.bone.tail_3] run data modify entity @s {} merge value {transformation:[-1.2191913231904221f,0.3487677396541639f,-1.6516292281496345f,-0.518122087494746f,0.21701821115277622f,2.052841858143473f,0.2732927505927423f,0.4145979816661138f,1.6740433505526917f,-0.012120036098256542f,-1.238296204968642f,-1.300172796292724f,0f,0f,0f,1f],start_interpolation:0}
execute if entity @s[tag=aj.dino.bone.tail_2] run data modify entity @s {} merge value {transformation:[-1.1497627014238319f,0.08671126925008472f,-1.577751805957575f,-0.22565102587138153f,0.2856694878092362f,1.9304782732297752f,-0.10208063148987752f,0.4342451478579461f,1.554095411856093f,-0.2907037450319532f,-1.148500177829771f,-1.0855891274297993f,0f,0f,0f,1f],start_interpolation:0}
execute if entity @s[tag=aj.dino.bone.tail_1] run data modify entity @s {} merge value {transformation:[-1.338167212393285f,-0.0029912224368616844f,-0.7049509303943916f,-0.07263843884800439f,0.15047538994853304f,1.4764165582512252f,-0.291903329103051f,0.4788680603480159f,0.6887103300339136f,-0.32839221840649696f,-1.305945206428906f,-0.8012080083446091f,0f,0f,0f,1f],start_interpolation:0}
execute if entity @s[tag=aj.dino.bone.tail_0] run data modify entity @s {} merge value {transformation:[-1.2465456719786345f,-0.04980758659994791f,-0.27835015461186813f,0.007500000000000059f,0.058986189507399575f,1.1847491361918994f,-0.476157358783809f,0.6466024146129821f,0.2765505988110663f,-0.4772047832887517f,-1.1530963002662025f,-0.47576227044180486f,0f,0f,0f,1f],start_interpolation:0}
execute if entity @s[tag=aj.dino.bone.body_1] run data modify entity @s {} merge value {transformation:[-1.2363675f,1.4863103763138893e-17f,1.5068007532219034e-16f,0.007500000000000022f,0f,1.2303961879220986f,-0.12136645254360004f,0.5919425f,-1.5141135014448153e-16f,-0.12136645254360004f,-1.2303961879220986f,-0.1815375f,0f,0f,0f,1f],start_interpolation:0}