execute if entity @s[tag=aj.dino.bone.head_lower] run data modify entity @s {} merge value {transformation:[-0.8710838719234639f,0.03825190316809941f,-0.4896424001032227f,0.07430965017685066f,-0.2924522049760365f,0.7605437837889304f,0.5796937646246259f,0.3110770750387579f,0.3945688734295706f,0.6481588885790546f,-0.6513105705241428f,0.8316041603455163f,0f,0f,0f,1f],start_interpolation:0}
execute if entity @s[tag=aj.dino.bone.head_upper] run data modify entity @s {} merge value {transformation:[-0.9067108393335204f,0.11756773654202106f,-0.49751906872299456f,0.04237047977598998f,-0.304413378304471f,0.689660954613393f,0.7177549758618951f,0.37594886794912125f,0.4107065759491428f,0.7707253321317762f,-0.566369590873311f,0.8099940615373993f,0f,0f,0f,1f],start_interpolation:0}
execute if entity @s[tag=aj.dino.bone.neck_0] run data modify entity @s {} merge value {transformation:[-0.9413614834111887f,-0.12580200227193528f,-0.31306934339576914f,0.02447300883195567f,-0.17014192067553074f,0.9782693505678365f,0.1184939009756397f,0.3677867370556404f,0.2913593732467302f,0.16481181378759024f,-0.9423092813176135f,0.7462932263200961f,0f,0f,0f,1f],start_interpolation:0}
execute if entity @s[tag=aj.dino.bone.neck_1] run data modify entity @s {} merge value {transformation:[-0.9907050131245989f,-0.12433692215029048f,-0.0551716119030507f,0.019226444518129927f,-0.13467834651864558f,0.9535646019086564f,0.26939987558606826f,0.3950013953165654f,0.019113344782948533f,0.2743262287441324f,-0.9614467225354872f,0.6661098565781527f,0f,0f,0f,1f],start_interpolation:0}
execute if entity @s[tag=aj.dino.bone.neck_2] run data modify entity @s {} merge value {transformation:[-0.9906614585035093f,-0.12862271504794878f,-0.045233525281518416f,0.014004351682512968f,-0.13628404164041857f,0.9242447433411501f,0.3566487269014207f,0.43529543234885615f,-0.004066279608222714f,0.35948275560859067f,-0.9331428689060439f,0.5878791035445968f,0f,0f,0f,1f],start_interpolation:0}
execute if entity @s[tag=aj.dino.bone.body_0] run data modify entity @s {} merge value {transformation:[-0.9906614585035093f,-0.13536416987522862f,-0.01632225933165634f,0.0050222191447019384f,-0.13628404164041857f,0.9795293652876119f,0.14815155258518503f,0.5144499451300028f,-0.004066279608222714f,0.14899249663402f,-0.9888299658267389f,0.12326658853388649f,0f,0f,0f,1f],start_interpolation:0}
execute if entity @s[tag=aj.dino.bone.leg_left_3] run data modify entity @s {} merge value {transformation:[-0.9776352473132318f,-0.025361225233719344f,-0.208772918419608f,0.22577913493831892f,-0.04703910564148066f,0.9939216736668778f,0.09953406027929321f,0.027722526703409106f,0.20497962277076565f,0.10712849700185739f,-0.9728858305982659f,-0.1358878641690548f,0f,0f,0f,1f],start_interpolation:0}
execute if entity @s[tag=aj.dino.bone.leg_left_2] run data modify entity @s {} merge value {transformation:[-1.003408994989165f,-0.08930821353764498f,-0.19301976911768062f,0.19743967767940956f,-0.047900273922646f,1.001867367670496f,-0.2145449623175084f,0.2545516437062641f,0.20721523118164803f,-0.20086816595070497f,-0.9842642060822036f,-0.21280664541259228f,0f,0f,0f,1f],start_interpolation:0}
execute if entity @s[tag=aj.dino.bone.leg_left_1] run data modify entity @s {} merge value {transformation:[-0.9451447167628093f,0.1348749671016101f,0.29750665139571014f,0.23712550200788873f,0.3215622884968008f,0.22402047573582895f,0.9200068049029817f,0.2602131814654422f,0.05743830596430676f,0.9652064907057103f,-0.2551024721705343f,0.06179555413674878f,0f,0f,0f,1f],start_interpolation:0}
execute if entity @s[tag=aj.dino.bone.leg_left_0] run data modify entity @s {} merge value {transformation:[-0.9777086759234236f,0.16085788299227124f,-0.13494623560259342f,0.19758531438295673f,0.19884969060756308f,0.9157309583408619f,-0.349135521655135f,0.6713021025824f,0.06741324476200736f,-0.36818684579350675f,-0.9273046430463325f,0.0005603431717006724f,0f,0f,0f,1f],start_interpolation:0}
execute if entity @s[tag=aj.dino.bone.leg_right_3] run data modify entity @s {} merge value {transformation:[-0.9870015029045787f,-0.015790997430473103f,0.15993335382043872f,-0.1632615514591876f,-0.015467330398219677f,0.9998750314182139f,0.0032685221091641146f,0.017408554126563752f,-0.15996498040025875f,0.0007522942087857948f,-0.9871224033011146f,-0.09524840518557684f,0f,0f,0f,1f],start_interpolation:0}
execute if entity @s[tag=aj.dino.bone.leg_right_2] run data modify entity @s {} merge value {transformation:[-1.0128156656075775f,-0.021483103169963387f,0.16063966906951324f,-0.1617334860848477f,-0.016941686276878424f,1.0251138626482348f,0.030277836336277307f,0.2573231108375491f,-0.16118190427796125f,0.02724416240773924f,-1.0125909089305145f,-0.11994137099365176f,0f,0f,0f,1f],start_interpolation:0}
execute if entity @s[tag=aj.dino.bone.leg_right_1] run data modify entity @s {} merge value {transformation:[-0.9262420713746959f,-0.10411890423200473f,-0.3622635490869033f,-0.18925292824638756f,-0.37692230097941365f,0.2500337527434018f,0.8918591264955669f,0.2704419611051145f,-0.002281280319689406f,0.9626226551824852f,-0.2708365180132194f,0.15589184261656686f,0f,0f,0f,1f],start_interpolation:0}
execute if entity @s[tag=aj.dino.bone.leg_right_0] run data modify entity @s {} merge value {transformation:[-0.9424864166567941f,-0.2473987737558228f,0.2247514208220964f,-0.19509770048359026f,-0.33227320960189943f,0.7664095197968119f,-0.54973717551724f,0.6547465639484034f,-0.03624732539495945f,-0.5927986966154156f,-0.804534546612373f,-0.007151370782244523f,0f,0f,0f,1f],start_interpolation:0}
execute if entity @s[tag=aj.dino.bone.tail_4] run data modify entity @s {} merge value {transformation:[-2.704911076570467f,0.4822483760646581f,-0.2766837603282851f,0.3014014452134611f,0.38916619363590726f,2.623688380860777f,0.7684206435716655f,0.8911584510033043f,0.3970731332857204f,0.7136925917502249f,-2.637922884184355f,-1.7202421090829496f,0f,0f,0f,1f],start_interpolation:0}
execute if entity @s[tag=aj.dino.bone.tail_3] run data modify entity @s {} merge value {transformation:[-2.073553856196411f,0.14501911192044917f,0.12365026759066743f,0.2790158033584262f,0.1603857463002141f,2.0576306370520614f,0.27636588047893124f,0.8241614793789664f,-0.10293854419585845f,0.2847299504565262f,-2.0601645656297234f,-1.373700636432602f,0f,0f,0f,1f],start_interpolation:0}
execute if entity @s[tag=aj.dino.bone.tail_2] run data modify entity @s {} merge value {transformation:[-1.8643991793089234f,0.09561820366539861f,0.5776216186421628f,0.1702813380359367f,0.1312027335094166f,1.9471327941223917f,0.10116125629686912f,0.8059161658613614f,-0.5705921642597684f,0.13529566210232394f,-1.8641066334586183f,-1.0275570122607605f,0f,0f,0f,1f],start_interpolation:0}
execute if entity @s[tag=aj.dino.bone.tail_1] run data modify entity @s {} merge value {transformation:[-1.4513287795391863f,0.058696728600278754f,0.4217294366450157f,0.08019892038052048f,0.06436041102403608f,1.5110887275791325f,0.011173400381980314f,0.7849787879802654f,-0.42090231785310256f,0.02866707928799379f,-1.4524722673397183f,-0.7149494927804263f,0f,0f,0f,1f],start_interpolation:0}
execute if entity @s[tag=aj.dino.bone.tail_0] run data modify entity @s {} merge value {transformation:[-1.2506508037296011f,0.002149540774270683f,0.2640145132165856f,0.003099615598391995f,0.02819532809353736f,1.271951575661441f,0.12320685545091742f,0.7796693385273439f,-0.26251344191913045f,0.126373593882841f,-1.244569051585702f,-0.3482078694958574f,0f,0f,0f,1f],start_interpolation:0}
execute if entity @s[tag=aj.dino.bone.body_1] run data modify entity @s {} merge value {transformation:[-1.235032446297808f,-0.05719937003194565f,0.005261531701949845f,0.005729166666666678f,-0.05206903941559961f,1.1626463407109653f,0.4173091139934389f,0.6043383333333334f,-0.0242542116391937f,0.4166369085373988f,-1.1637998172874966f,-0.10570416666666667f,0f,0f,0f,1f],start_interpolation:0}