execute if entity @s[tag=aj.dino.bone.head_lower] run data modify entity @s {} merge value {transformation:[-0.8260941935660979f,-0.5506712002009719f,-0.11970636000480325f,0.05287276175675818f,-0.5508376852650729f,0.7442236389672203f,0.3777684736637047f,1.0550195296239055f,-0.11893791594018657f,0.3780111168624671f,-0.9181292761262957f,0.4868515091542932f,0f,0f,0f,1f],start_interpolation:0}
execute if entity @s[tag=aj.dino.bone.head_upper] run data modify entity @s {} merge value {transformation:[-0.8598811018770375f,-0.4164776624977114f,-0.4130651157610402f,0.014778313397143313f,-0.5733667170767123f,0.442066928189717f,0.7478632103086019f,1.116323755671681f,-0.12380242714467524f,0.8453372878471984f,-0.5946005141199742f,0.4648047097344962f,0f,0f,0f,1f],start_interpolation:0}
execute if entity @s[tag=aj.dino.bone.neck_0] run data modify entity @s {} merge value {transformation:[-0.8260941935660979f,-0.5367484285089098f,0.17166685134176066f,0.03485797896454695f,-0.5508376852650729f,0.8334008142743636f,-0.04495472454196897f,1.1000672304775403f,-0.11893791594018657f,-0.13169740794732288f,-0.9841288355148231f,0.4033452216662542f,0f,0f,0f,1f],start_interpolation:0}
execute if entity @s[tag=aj.dino.bone.neck_1] run data modify entity @s {} merge value {transformation:[-0.9420302187977481f,-0.3203502514105673f,0.09977366031700594f,0.04183430395822194f,-0.3315567200344737f,0.8431555399614976f,-0.4232716348070318f,1.068094879747338f,0.05147046018687433f,-0.431815298308689f,-0.9004922764103696f,0.3250723877907722f,0f,0f,0f,1f],start_interpolation:0}
execute if entity @s[tag=aj.dino.bone.neck_2] run data modify entity @s {} merge value {transformation:[-0.9817275271722911f,-0.16632188516503055f,0.09245589709331123f,0.048305738755880324f,-0.1878221598414275f,0.7689002099079496f,-0.6111589837971888f,1.0220807826919558f,0.03055975563841805f,-0.6173568641544869f,-0.7860894374157807f,0.25016074785425657f,0f,0f,0f,1f],start_interpolation:0}
execute if entity @s[tag=aj.dino.bone.body_0] run data modify entity @s {} merge value {transformation:[-0.9907206127044338f,-0.11828004547060249f,-0.06695146306111285f,0.015625f,0.002526203987619699f,0.47649074883731823f,-0.8791758553132956f,0.6122676689883686f,0.13589071291285615f,-0.8711867751038946f,-0.4717704071135787f,0.01951798110432018f,0f,0f,0f,1f],start_interpolation:0}
execute if entity @s[tag=aj.dino.bone.leg_left_3] run data modify entity @s {} merge value {transformation:[-0.920396186374584f,0.04694034986493584f,-0.3881590700494833f,0.30750012861562864f,-0.012100483875080403f,0.9888717734955189f,0.14827742199612393f,0.05707963913709169f,0.3907997420637725f,0.1411708862987873f,-0.909585808192116f,-0.17551828774172057f,0f,0f,0f,1f],start_interpolation:0}
execute if entity @s[tag=aj.dino.bone.leg_left_2] run data modify entity @s {} merge value {transformation:[-0.9452603298547174f,-0.08655136167132017f,-0.3886566223499679f,0.27384744505212144f,-0.012002397012019776f,1.0069144444385023f,-0.19504215838572733f,0.2857436375904082f,0.39799629491945143f,-0.1751980675539478f,-0.9289600561146032f,-0.24444828677212663f,0f,0f,0f,1f],start_interpolation:0}
execute if entity @s[tag=aj.dino.bone.leg_left_1] run data modify entity @s {} merge value {transformation:[-0.9126605908362064f,0.32066891470955317f,0.2534207826392775f,0.36569888637124237f,0.34642287656007886f,0.2778798440287074f,0.8959765526387516f,0.3068164429270033f,0.21689130118643982f,0.9055132464086757f,-0.36469703048979507f,0.016574002051283482f,0f,0f,0f,1f],start_interpolation:0}
execute if entity @s[tag=aj.dino.bone.leg_left_0] run data modify entity @s {} merge value {transformation:[-0.9374831614811091f,-0.17566499831301824f,-0.3004448873039312f,0.21217875000000003f,0.10399905724925779f,0.6824296874215066f,-0.7235149741484626f,0.6457517134188694f,0.33212876724344464f,-0.709529090378592f,-0.6214973466362327f,-0.17279793016047215f,0f,0f,0f,1f],start_interpolation:0}
execute if entity @s[tag=aj.dino.bone.leg_right_3] run data modify entity @s {} merge value {transformation:[-0.9986115429449132f,0.04657484874543965f,0.024612390406442555f,-0.206128761944553f,0.04815878507126609f,0.9965050910187037f,0.0682519962657891f,0.03760911975952866f,-0.021347545939506444f,0.06934253411972398f,-0.9973644746251068f,-0.12119241833047578f,0f,0f,0f,1f],start_interpolation:0}
execute if entity @s[tag=aj.dino.bone.leg_right_2] run data modify entity @s {} merge value {transformation:[-1.024396681040473f,0.04539283806648293f,0.024761454444922955f,-0.19319329068002739f,0.04805826060764247f,1.0170821210378944f,0.12367927131544987f,0.27843717235482884f,-0.019079909887781694f,0.12468219126251655f,-1.0179157665157494f,-0.12355773698461223f,0f,0f,0f,1f],start_interpolation:0}
execute if entity @s[tag=aj.dino.bone.leg_right_1] run data modify entity @s {} merge value {transformation:[-0.9388483213296063f,0.06050084753304304f,-0.3389741538589099f,-0.17747693418866536f,-0.26329081966709156f,0.508289960452958f,0.8199507670474868f,0.3677929554493787f,0.22190487560126185f,0.8590581840309269f,-0.46127785838242286f,0.13870534815312083f,0f,0f,0f,1f],start_interpolation:0}
execute if entity @s[tag=aj.dino.bone.leg_right_0] run data modify entity @s {} merge value {transformation:[-0.9561733076250296f,-0.2670711496254207f,0.12002335948958733f,-0.18092874999999997f,-0.23606124776843745f,0.4606271690199146f,-0.8556270790845202f,0.6457517134188694f,0.1732272873637954f,-0.8464606383042601f,-0.5034845526072531f,-0.1727979301604722f,0f,0f,0f,1f],start_interpolation:0}
execute if entity @s[tag=aj.dino.bone.tail_4] run data modify entity @s {} merge value {transformation:[-1.216437244207653f,0.4125790405213432f,2.4445286453275568f,0.10581382915825355f,2.1646763423291224f,1.5039764532783522f,0.8233422693782233f,0.3276413324087457f,-1.2083534646224612f,2.2789240213106616f,-0.9859252209108657f,-1.7005859566499473f,0f,0f,0f,1f],start_interpolation:0}
execute if entity @s[tag=aj.dino.bone.tail_3] run data modify entity @s {} merge value {transformation:[-1.6057584446377942f,0.567384713188195f,1.1981485428606948f,-0.10290019202870743f,0.9978239522886817f,1.756328529523117f,0.5055719361936584f,0.22472796150857643f,-0.872830283478897f,0.9640177434404197f,-1.6262787622725183f,-1.434262846716358f,0f,0f,0f,1f],start_interpolation:0}
execute if entity @s[tag=aj.dino.bone.tail_2] run data modify entity @s {} merge value {transformation:[-1.866857946482377f,0.5016372752504638f,0.2863133366395442f,-0.15738628869552893f,0.5302323054284785f,1.872562855712642f,0.17645375793134274f,0.19276325267496852f,-0.22906109433594146f,0.24625651359381867f,-1.9250097712939056f,-1.076518515345004f,0f,0f,0f,1f],start_interpolation:0}
execute if entity @s[tag=aj.dino.bone.tail_1] run data modify entity @s {} merge value {transformation:[-1.460962812262216f,0.034118318746139215f,-0.38997416775065286f,-0.0724894971285336f,0.13388850693833249f,1.459426539221461f,-0.3739041245104079f,0.2552553535247106f,0.3678556495375619f,-0.39568468120715433f,-1.4127179846527371f,-0.7680319692658535f,0f,0f,0f,1f],start_interpolation:0}
execute if entity @s[tag=aj.dino.bone.tail_0] run data modify entity @s {} merge value {transformation:[-1.2346616849882701f,-0.11314936163301571f,-0.3108753161124161f,0.015625000000000066f,0.11314936163301582f,0.9842650037469679f,-0.807623266718493f,0.515013710825625f,0.31087531611241603f,-0.807623266718493f,-0.9407108554019046f,-0.5126237812434304f,0f,0f,0f,1f],start_interpolation:0}
execute if entity @s[tag=aj.dino.bone.body_1] run data modify entity @s {} merge value {transformation:[-1.2363675f,5.178573167754858e-17f,1.4228012843400068e-16f,0.015625000000000028f,0f,1.1618054163295217f,-0.4228625895531987f,0.5350675f,-1.5141135014448153e-16f,-0.4228625895531987f,-1.1618054163295217f,-0.2140375f,0f,0f,0f,1f],start_interpolation:0}