execute if entity @s[tag=aj.dino.bone.head_lower] run data modify entity @s {} merge value {transformation:[-0.9993273064743856f,0.03547234457587807f,0.009308453412859716f,0.013748926944466219f,0.036662166688563286f,0.9600382983884613f,0.27745693568748153f,0.36397764642228025f,0.0009055762525634718f,0.2776115602738428f,-0.9606929798504691f,0.793154498514634f,0f,0f,0f,1f],start_interpolation:0}
execute if entity @s[tag=aj.dino.bone.head_upper] run data modify entity @s {} merge value {transformation:[-1.0401993769228104f,0.021761338711690798f,0.031363082922109035f,0.016076752726953802f,0.03816163403022274f,0.5716854296007864f,0.8690174922599743f,0.43673431456035755f,0.0009426139439698794f,0.8695827483932433f,-0.5720986783408205f,0.7732420662079333f,0f,0f,0f,1f],start_interpolation:0}
execute if entity @s[tag=aj.dino.bone.neck_0] run data modify entity @s {} merge value {transformation:[-0.9982896930254749f,-0.05515129477696836f,0.0193913249554244f,0.018548413437272596f,-0.04922543230721001f,0.97192465940138f,0.2300854477399198f,0.43585181740842877f,-0.03153641725483742f,0.22873738463997303f,-0.972977216205392f,0.7066248886453348f,0f,0f,0f,1f],start_interpolation:0}
execute if entity @s[tag=aj.dino.bone.neck_1] run data modify entity @s {} merge value {transformation:[-0.9992488884861426f,0.0011913093134949294f,-0.038732927094759444f,0.015272714355771962f,-0.009951729844033653f,0.958115878211563f,0.28620783880249784f,0.4645112979193205f,0.03745159452306056f,0.2863783244259327f,-0.9573843707553804f,0.6268411759158277f,0f,0f,0f,1f],start_interpolation:0}
execute if entity @s[tag=aj.dino.bone.neck_2] run data modify entity @s {} merge value {transformation:[-0.9990406285757252f,0.010730037325945678f,-0.042458082316605875f,0.011658121680914247f,-0.004968221048995845f,0.9354893300511152f,0.3533200109534187f,0.5046238060009539f,0.04351021988715045f,0.3531919869695509f,-0.934538539122851f,0.5484265611470462f,0f,0f,0f,1f],start_interpolation:0}
execute if entity @s[tag=aj.dino.bone.body_0] run data modify entity @s {} merge value {transformation:[-0.999754496889435f,0.0014083167186389582f,-0.022112498578240745f,0.0012499999999999896f,-0.0018201349882351688f,0.9893852400229206f,0.14530496871549986f,0.5825306240057047f,0.022082415130082557f,0.14530954362603923f,-0.9891397795424138f,0.08363294736284746f,0f,0f,0f,1f],start_interpolation:0}
execute if entity @s[tag=aj.dino.bone.leg_left_3] run data modify entity @s {} merge value {transformation:[-0.984077290415987f,0.002516940021611437f,-0.17772324411977425f,0.19179839694212616f,-0.0018281638784626267f,0.999703508273199f,0.02428071998710335f,0.03204100227054371f,0.17773166376412153f,0.024219012349521007f,-0.9837809182620141f,-0.12932135081709317f,0f,0f,0f,1f],start_interpolation:0}
execute if entity @s[tag=aj.dino.bone.leg_left_2] run data modify entity @s {} merge value {transformation:[-1.0099188415029898f,-0.05746335441825601f,-0.1697766060944648f,0.1715901487194138f,-0.0018543651028037607f,0.9748571016719972f,-0.31892380304774026f,0.24941972640411403f,0.1792280513982637f,-0.3137097284423455f,-0.9599613072271747f,-0.23183568671137686f,0f,0f,0f,1f],start_interpolation:0}
execute if entity @s[tag=aj.dino.bone.leg_left_1] run data modify entity @s {} merge value {transformation:[-0.9421689310547618f,0.10767833528607106f,0.3173689989037174f,0.20277480901809186f,0.3334453295299186f,0.3962507940244249f,0.8554528160276855f,0.3050579027482694f,-0.03364398266869213f,0.9118062756666206f,-0.4092400250282901f,0.03824818166087221f,0f,0f,0f,1f],start_interpolation:0}
execute if entity @s[tag=aj.dino.bone.leg_left_0] run data modify entity @s {} merge value {transformation:[-0.9619148340463461f,0.24867166876584726f,-0.11350001407400359f,0.19780375000000003f,0.2731927660207319f,0.8605221212156727f,-0.429962081458843f,0.7096941148147803f,-0.009250115433437373f,-0.44459428702097364f,-0.8956842944435166f,-0.06447524809669274f,0f,0f,0f,1f],start_interpolation:0}
execute if entity @s[tag=aj.dino.bone.leg_right_3] run data modify entity @s {} merge value {transformation:[-0.9866859645120117f,-0.012232691091356815f,0.16217635062999883f,-0.17911208664054484f,-0.009382266832083225f,0.9997879635229817f,0.01833033179352067f,0.028202135526701116f,-0.1623661926143878f,0.01656469931005128f,-0.9865915214680672f,-0.12474269407064591f,0f,0f,0f,1f],start_interpolation:0}
execute if entity @s[tag=aj.dino.bone.leg_right_2] run data modify entity @s {} merge value {transformation:[-1.0125459451034196f,0.039735138188024495f,0.15885221858222745f,-0.1633697967553272f,-0.009683701012566296f,0.978771171029374f,-0.30655410647580905f,0.24689340247931382f,-0.1634598864860012f,-0.3041222008595573f,-0.965843026560226f,-0.2252284250668748f,0f,0f,0f,1f],start_interpolation:0}
execute if entity @s[tag=aj.dino.bone.leg_right_1] run data modify entity @s {} merge value {transformation:[-0.9385706540900688f,-0.09704793064423052f,-0.331159820084824f,-0.19086343293842084f,-0.34088021949564423f,0.41012114404154404f,0.8459322213786735f,0.3066565856321624f,0.05371967272370252f,0.9068529904938994f,-0.41800939031884254f,0.044374704678750446f,0f,0f,0f,1f],start_interpolation:0}
execute if entity @s[tag=aj.dino.bone.leg_right_0] run data modify entity @s {} merge value {transformation:[-0.9561733076250295f,-0.2720011804503059f,0.10838802341149484f,-0.19530374999999997f,-0.2914533399404306f,0.8486797045648928f,-0.44135893521850683f,0.7096941148147803f,0.02806343569448381f,-0.4536056843705626f,-0.8907605327380279f,-0.06447524809669278f,0f,0f,0f,1f],start_interpolation:0}
execute if entity @s[tag=aj.dino.bone.tail_4] run data modify entity @s {} merge value {transformation:[-2.756083062254419f,0.031004538575723186f,-0.16942905341769438f,-0.1119930432737358f,0.010718582309448714f,2.7419613984827462f,0.3274051508816226f,0.6218864865928092f,0.17190868956392236f,0.326110011220522f,-2.7367427710024494f,-1.823976714985331f,0f,0f,0f,1f],start_interpolation:0}
execute if entity @s[tag=aj.dino.bone.tail_3] run data modify entity @s {} merge value {transformation:[-2.067103792629897f,-0.03616589252262243f,-0.24843402495951078f,-0.06951390165236593f,-0.019112138282091594f,2.0772635269695896f,-0.1433753526119153f,0.6258699936887179f,0.2503241153181749f,-0.14004925485109498f,-2.0624426221231635f,-1.4728921701345299f,0f,0f,0f,1f],start_interpolation:0}
execute if entity @s[tag=aj.dino.bone.tail_2] run data modify entity @s {} merge value {transformation:[-1.940607903784665f,-0.05458433516480312f,-0.22323841319513713f,-0.02946232953055901f,-0.008007814232745073f,1.9131558097253738f,-0.3981765910096156f,0.7003394718994879f,0.22967523523984945f,-0.3944987618123044f,-1.9001036519750325f,-1.1195910912305334f,0f,0f,0f,1f],start_interpolation:0}
execute if entity @s[tag=aj.dino.bone.tail_1] run data modify entity @s {} merge value {transformation:[-1.509692169141767f,-0.021709066830971145f,-0.08952385631414717f,-0.00849010607905658f,-0.009406483982820448f,1.4985459742492693f,-0.2047626213946042f,0.7260929137219326f,0.09163690572639707f,-0.20382573311198346f,-1.4958990601074174f,-0.7952862915796088f,0f,0f,0f,1f],start_interpolation:0}
execute if entity @s[tag=aj.dino.bone.tail_0] run data modify entity @s {} merge value {transformation:[-1.2777694994143933f,-0.003360093803787724f,-0.03360852153767179f,0.0012500000000000519f,-0.0020707240807895807f,1.277275704594602f,-0.04897145227754957f,0.7712264482987222f,0.03371253553353173f,-0.0488999059919426f,-1.276835142344503f,-0.4233454284159122f,0f,0f,0f,1f],start_interpolation:0}
execute if entity @s[tag=aj.dino.bone.body_1] run data modify entity @s {} merge value {transformation:[-1.2363675f,-2.829938690252967e-17f,1.4874320708360339e-16f,0.001250000000000019f,0f,1.2145804585221158f,0.2310820305269471f,0.6356925f,-1.5141135014448153e-16f,0.2310820305269471f,-1.2145804585221158f,-0.1565375f,0f,0f,0f,1f],start_interpolation:0}