execute if entity @s[tag=aj.dino.bone.head_lower] run data modify entity @s {} merge value {transformation:[-0.9933202152259325f,-0.10065605332730374f,-0.05642082020033047f,0.027902390922638638f,-0.11339351597741751f,0.7609151421861652f,0.6388662277238387f,0.2425545931914132f,-0.02137429666178956f,0.6409964940000683f,-0.767246136596226f,0.9169047550269228f,0f,0f,0f,1f],start_interpolation:0}
execute if entity @s[tag=aj.dino.bone.head_upper] run data modify entity @s {} merge value {transformation:[-1.0339465981452503f,-0.11726592615386126f,-0.02598225029993811f,0.023157101068708264f,-0.11803126353359557f,0.9502867767106793f,0.4080387302952968f,0.29198550636947895f,-0.022248496489299815f,0.4082593381119558f,-0.9572362612395442f,0.8600758579904539f,0f,0f,0f,1f],start_interpolation:0}
execute if entity @s[tag=aj.dino.bone.neck_0] run data modify entity @s {} merge value {transformation:[-0.9927227057743063f,-0.11806106813990512f,0.023732122319855088f,0.02692879062035619f,-0.11983327672564073f,0.9879652217940604f,-0.09779931653446897f,0.2696638123316752f,-0.011900219717967314f,-0.09993150011421784f,-0.9949231528392465f,0.7973681823238694f,0f,0f,0f,1f],start_interpolation:0}
execute if entity @s[tag=aj.dino.bone.neck_1] run data modify entity @s {} merge value {transformation:[-0.992831863598859f,-0.11807427714834498f,-0.01852985965171647f,0.024815114867910094f,-0.11934701550579133f,0.9877366807264685f,0.1006605157811103f,0.2827414586086266f,0.006417204428479572f,0.10215045092095565f,-0.9947482620562696f,0.7135705428153505f,0f,0f,0f,1f],start_interpolation:0}
execute if entity @s[tag=aj.dino.bone.neck_2] run data modify entity @s {} merge value {transformation:[-0.9927068650600015f,-0.11511356849176017f,-0.035804279239173675f,0.020551357692949537f,-0.11976017726307013f,0.9076670158559472f,0.40224133088119846f,0.3268674433809159f,-0.0138050717007158f,0.4035956574050972f,-0.9148332991966819f,0.637375738289259f,0f,0f,0f,1f],start_interpolation:0}
execute if entity @s[tag=aj.dino.bone.body_0] run data modify entity @s {} merge value {transformation:[-0.9927068650600015f,-0.12013438165969122f,-0.010040438535618451f,0.014674906509471442f,-0.11976017726307013f,0.9732126417405018f,0.1962515067417109f,0.4286311094935144f,-0.0138050717007158f,0.19602266271969015f,-0.9805021854619299f,0.17713609605498032f,0f,0f,0f,1f],start_interpolation:0}
execute if entity @s[tag=aj.dino.bone.leg_left_3] run data modify entity @s {} merge value {transformation:[-0.9567277265512623f,-0.010552737112784608f,-0.290793220325855f,0.2644706705781499f,-0.07917252566036011f,0.9710805975433721f,0.22524250099696447f,0.034142048090194055f,0.2800067292559455f,0.23851857959965386f,-0.9298952192355606f,-0.1513125013817916f,0f,0f,0f,1f],start_interpolation:0}
execute if entity @s[tag=aj.dino.bone.leg_left_2] run data modify entity @s {} merge value {transformation:[-0.9822195096975616f,-0.08577004261260154f,-0.2827552546999054f,0.23421560029040825f,-0.08031081820437849f,1.0220802066660277f,-0.031055162559035464f,0.27130312418825914f,0.28435401658763165f,-0.0075993705303384835f,-0.9854680321140397f,-0.18309813920624352f,0f,0f,0f,1f],start_interpolation:0}
execute if entity @s[tag=aj.dino.bone.leg_left_1] run data modify entity @s {} merge value {transformation:[-0.9159738995500671f,0.23258414368684543f,0.3269501971990538f,0.2983034241726625f,0.31543942875230585f,-0.08617048853662232f,0.9450251920947814f,0.1914905295631436f,0.24797133328564896f,0.9687513938110315f,0.005563708989601568f,0.07484775866579042f,0f,0f,0f,1f],start_interpolation:0}
execute if entity @s[tag=aj.dino.bone.leg_left_0] run data modify entity @s {} merge value {transformation:[-0.973536289349514f,0.008207024584053717f,-0.2283850653327752f,0.2069191999731116f,0.06792120234820581f,0.9645882806733965f,-0.25486498201815594f,0.5988644203708455f,0.21820587432778557f,-0.26363249711486186f,-0.9396191264942562f,0.0731999661746472f,0f,0f,0f,1f],start_interpolation:0}
execute if entity @s[tag=aj.dino.bone.leg_right_3] run data modify entity @s {} merge value {transformation:[-0.9908160205157875f,0.00392623726067768f,0.1351598984545f,-0.17980470930594217f,0.019733857473565982f,0.9930747235958084f,0.11581523312726305f,0.032407076350444264f,-0.13376916071528186f,0.11741881457450587f,-0.9840318255145242f,-0.06864153445549556f,0f,0f,0f,1f],start_interpolation:0}
execute if entity @s[tag=aj.dino.bone.leg_right_2] run data modify entity @s {} merge value {transformation:[-1.0166053274799856f,-0.04891323123796324f,0.1272136134612436f,-0.18569770259640742f,0.017958112220687848f,0.9009526148840664f,0.48992253616232756f,0.25753076372616696f,-0.13510482539670587f,0.4878053720943625f,-0.892106946846117f,0.017704687687989495f,0f,0f,0f,1f],start_interpolation:0}
execute if entity @s[tag=aj.dino.bone.leg_right_1] run data modify entity @s {} merge value {transformation:[-0.9322081903912177f,-0.07627524800589675f,-0.3537936917317347f,-0.2062209219367623f,-0.36090761056164455f,0.1227570853413591f,0.9244870981453333f,0.23466099816389507f,-0.027084800280140008f,0.9895012807167727f,-0.14196347788657376f,0.29351106352219686f,0f,0f,0f,1f],start_interpolation:0}
execute if entity @s[tag=aj.dino.bone.leg_right_0] run data modify entity @s {} merge value {transformation:[-0.9439224138789172f,-0.1688727262516954f,0.28371196468481535f,-0.18586660112662456f,-0.32272641238334043f,0.6533161275043282f,-0.6848545103107132f,0.5844507953801004f,-0.06970035385258831f,-0.7380108670413118f,-0.6711794251925156f,0.06648666405760813f,0f,0f,0f,1f],start_interpolation:0}
execute if entity @s[tag=aj.dino.bone.tail_4] run data modify entity @s {} merge value {transformation:[-2.589919285514854f,0.8613045285825943f,0.4196831366177846f,0.5643905409738784f,0.9129212606173562f,1.8513088596227991f,1.834364088668045f,1.5491188402477956f,0.29078204557888937f,1.8591587739957138f,-2.021048190084469f,-1.2090538184041364f,0f,0f,0f,1f],start_interpolation:0}
execute if entity @s[tag=aj.dino.bone.tail_3] run data modify entity @s {} merge value {transformation:[-1.9346066850028287f,0.09699355255186388f,0.7640908003308109f,0.43387981948877324f,0.6337724715169126f,1.374344897060405f,1.4301937226529184f,1.2931617926807315f,-0.4376927629446872f,1.5613179947505367f,-1.3063907113028828f,-1.0028169526091124f,0f,0f,0f,1f],start_interpolation:0}
execute if entity @s[tag=aj.dino.bone.tail_2] run data modify entity @s {} merge value {transformation:[-1.6351091793817563f,-0.2402224328858002f,1.0428255027772977f,0.23875460126745285f,0.7129210198917965f,1.1756538652327053f,1.388652398392995f,1.0358212609389825f,-0.7980823678673381f,1.5423699448914983f,-0.8960654899043013f,-0.836463461794833f,0f,0f,0f,1f],start_interpolation:0}
execute if entity @s[tag=aj.dino.bone.tail_1] run data modify entity @s {} merge value {transformation:[-1.3812450615809353f,-0.14851961073422548f,0.5981306337963573f,0.11317866376465338f,0.22579942321091215f,1.243895008476235f,0.8302987886089727f,0.8417291714072263f,-0.5734395786269879f,0.8475396056322454f,-1.113777319103258f,-0.6066034572261438f,0f,0f,0f,1f],start_interpolation:0}
execute if entity @s[tag=aj.dino.bone.tail_0] run data modify entity @s {} merge value {transformation:[-1.2290534680824166f,-0.013965185815526065f,0.35081086466035993f,0.010326570697278943f,0.10445654229790619f,1.2048208947127244f,0.4139216822284429f,0.7498461098145861f,-0.33518967757044266f,0.4266700151555017f,-1.1573401811055617f,-0.25810544970701255f,0f,0f,0f,1f],start_interpolation:0}
execute if entity @s[tag=aj.dino.bone.body_1] run data modify entity @s {} merge value {transformation:[-1.2353557206137713f,-0.04998316291165302f,-0.0015880895525949418f,0.014062500000000006f,-0.04533247901844975f,1.1027049996907112f,0.557307137097131f,0.5460050000000001f,-0.021114093613549222f,0.5569092943547501f,-1.1036352785084496f,-0.03903749999999999f,0f,0f,0f,1f],start_interpolation:0}