execute if entity @s[tag=aj.dino.bone.head_lower] run data modify entity @s {} merge value {transformation:[-0.9533656593699391f,-0.2751037175985763f,-0.12414452906819391f,0.12168420165265516f,-0.3017323644461729f,0.8785173494467667f,0.3703577283745399f,1.0628887313723183f,0.007176334708106968f,0.3905447622033493f,-0.9205559673021991f,0.5081983239332808f,0f,0f,0f,1f],start_interpolation:0}
execute if entity @s[tag=aj.dino.bone.head_upper] run data modify entity @s {} merge value {transformation:[-0.9923579176024783f,-0.17798644233704838f,-0.2588793778951506f,0.09953304457078055f,-0.31407309243020287f,0.5824495443538604f,0.8034815265311436f,1.131259884307729f,0.007469843807529082f,0.8441239821315877f,-0.6089916639883588f,0.485172942763501f,0f,0f,0f,1f],start_interpolation:0}
execute if entity @s[tag=aj.dino.bone.neck_0] run data modify entity @s {} merge value {transformation:[-0.8585919356403626f,-0.5096864383814517f,0.055132772317069936f,0.11164863207895712f,-0.5126482935296048f,0.8528787131033325f,-0.09894254836210675f,1.1111839024319496f,0.003408107175464914f,-0.11321499576131336f,-0.9935646680212853f,0.4227637788101841f,0f,0f,0f,1f],start_interpolation:0}
execute if entity @s[tag=aj.dino.bone.neck_1] run data modify entity @s {} merge value {transformation:[-0.96676851358351f,-0.23623958303095055f,-0.09772154600134661f,0.10228200830827608f,-0.16331746978900524f,0.8647752718662112f,-0.47485906670341493f,1.0749410185374986f,0.196687684426982f,-0.44311915844170324f,-0.8746195551304973f,0.34663062853592386f,0f,0f,0f,1f],start_interpolation:0}
execute if entity @s[tag=aj.dino.bone.neck_2] run data modify entity @s {} merge value {transformation:[-0.9837498357024491f,-0.13908993475585305f,-0.11353524036622747f,0.09097369234542277f,-0.033944422379950406f,0.7650274298015394f,-0.6431024862652474f,1.0260905141519165f,0.1763066559852351f,-0.6287980770492729f,-0.7573169358692837f,0.274127658903645f,0f,0f,0f,1f],start_interpolation:0}
execute if entity @s[tag=aj.dino.bone.body_0] run data modify entity @s {} merge value {transformation:[-0.9718110705342784f,-0.16896844181935738f,-0.1644168752171084f,0.011874999999999995f,0.05733359325444558f,0.5070759534170212f,-0.8599923467977799f,0.6256098783786623f,0.22868341057355593f,-0.8451766934407016f,-0.48309445721627686f,0.038395688345938817f,0f,0f,0f,1f],start_interpolation:0}
execute if entity @s[tag=aj.dino.bone.leg_left_3] run data modify entity @s {} merge value {transformation:[-0.9344398150869132f,0.006989676228795053f,-0.3560524910832002f,0.3011861132555309f,-0.039419675059881185f,0.991633194427165f,0.12292150718385522f,0.06206014933832962f,0.3539326506533538f,0.1288982239458474f,-0.9263460080688521f,-0.15288147326201196f,0f,0f,0f,1f],start_interpolation:0}
execute if entity @s[tag=aj.dino.bone.leg_left_2] run data modify entity @s {} merge value {transformation:[-0.9595624852474546f,-0.11627235960399875f,-0.34319495159244634f,0.26198828942879476f,-0.04012160160533655f,0.9995810800215348f,-0.2264732236894685f,0.28799976696841445f,0.3601281625908278f,-0.19844546443745129f,-0.9396751053709221f,-0.22762029756661878f,0f,0f,0f,1f],start_interpolation:0}
execute if entity @s[tag=aj.dino.bone.leg_left_1] run data modify entity @s {} merge value {transformation:[-0.9345876707524936f,0.27101800229102607f,0.2304238010961761f,0.34200749459813806f,0.31335268536083405f,0.32057561180276806f,0.8938911408524172f,0.3214408941139343f,0.16839234024914207f,0.9076235560800872f,-0.3845302331338261f,0.035993062259982944f,0f,0f,0f,1f],start_interpolation:0}
execute if entity @s[tag=aj.dino.bone.leg_left_0] run data modify entity @s {} merge value {transformation:[-0.9600477364845554f,-0.10931113968163286f,-0.257603218948025f,0.20842875000000002f,0.10544884435377763f,0.7113756569626768f,-0.6948562555704402f,0.6695768690841268f,0.25920818832616827f,-0.6942591370824172f,-0.671427855902809f,-0.15179762038319822f,0f,0f,0f,1f],start_interpolation:0}
execute if entity @s[tag=aj.dino.bone.leg_right_3] run data modify entity @s {} merge value {transformation:[-0.998687653491248f,0.030036024010533544f,0.041482623178670984f,-0.19983800488695053f,0.03224359364528386f,0.9980409650138375f,0.05361513613790956f,0.03227476579808464f,-0.039790971752179986f,0.054882323346296405f,-0.9976996587907255f,-0.10294442969661124f,0f,0f,0f,1f],start_interpolation:0}
execute if entity @s[tag=aj.dino.bone.leg_right_2] run data modify entity @s {} merge value {transformation:[-1.0245002399925542f,0.03167337855172609f,0.03818710315030366f,-0.1896854463761978f,0.03205501406955011f,1.0251539660514362f,0.00969646650626422f,0.2714866016227311f,-0.0378673187444508f,0.010878533027261215f,-1.0249438634339814f,-0.13202526914639012f,0f,0f,0f,1f],start_interpolation:0}
execute if entity @s[tag=aj.dino.bone.leg_right_1] run data modify entity @s {} merge value {transformation:[-0.9385430631493475f,0.03691784453450141f,-0.34318215479416486f,-0.18014659883364723f,-0.2772960478014473f,0.5114051693303435f,0.8133705518740527f,0.3617587566844179f,0.20553301556668976f,0.8585463444317551f,-0.46973860175094573f,0.13022143544271325f,0f,0f,0f,1f],start_interpolation:0}
execute if entity @s[tag=aj.dino.bone.leg_right_0] run data modify entity @s {} merge value {transformation:[-0.9561733076250295f,-0.27249232200623524f,0.10714728290097143f,-0.18467874999999997f,-0.2451946310692118f,0.5451576227405419f,-0.8016749710841136f,0.6695768690841268f,0.16003811633558965f,-0.7928121472426689f,-0.5880788216763337f,-0.15179762038319827f,0f,0f,0f,1f],start_interpolation:0}
execute if entity @s[tag=aj.dino.bone.tail_4] run data modify entity @s {} merge value {transformation:[-2.0534063592868805f,1.4556886348403768f,1.1358495735073186f,-0.4380339914229928f,1.7817000271102925f,2.0079183627261767f,0.6476651863595998f,0.3597430862838358f,-0.4844880479799086f,1.2144528721295f,-2.4322904605209117f,-1.7138044133438264f,0f,0f,0f,1f],start_interpolation:0}
execute if entity @s[tag=aj.dino.bone.tail_3] run data modify entity @s {} merge value {transformation:[-1.8417800198097314f,0.8823230698481132f,-0.4065684260833722f,-0.3777292346591655f,0.7815224044892558f,1.8632890002545912f,0.5033113935289211f,0.25616632770631187f,0.5770741858335382f,0.2925843946427996f,-1.979223403787584f,-1.3810644325344943f,0f,0f,0f,1f],start_interpolation:0}
execute if entity @s[tag=aj.dino.bone.tail_2] run data modify entity @s {} merge value {transformation:[-1.6556897463276412f,0.5715941811675499f,-0.8664556716668692f,-0.21774529676723567f,0.5997700849230871f,1.8581429059243624f,0.07971613009357682f,0.2422329206942802f,0.8471960718391226f,-0.1983907967148207f,-1.7497639219740462f,-1.0552078939246807f,0f,0f,0f,1f],start_interpolation:0}
execute if entity @s[tag=aj.dino.bone.tail_1] run data modify entity @s {} merge value {transformation:[-1.3808323478346625f,0.043613512421892146f,-0.6156753517135792f,-0.08447275189283993f,0.23147933169580684f,1.4351908503019015f,-0.4174934636702337f,0.31430798173230023f,0.5721674546591029f,-0.4753749412242212f,-1.3169279855348934f,-0.7665553495778552f,0f,0f,0f,1f],start_interpolation:0}
execute if entity @s[tag=aj.dino.bone.tail_0] run data modify entity @s {} merge value {transformation:[-1.2281683404749324f,-0.1046774048527472f,-0.3383502400654863f,0.01187500000000006f,0.11818848513042571f,1.0299850375944763f,-0.7476617021742576f,0.5576474820967998f,0.33387082235746995f,-0.7496727151422996f,-0.9799779644122348f,-0.49827394961070737f,0f,0f,0f,1f],start_interpolation:0}
execute if entity @s[tag=aj.dino.bone.body_1] run data modify entity @s {} merge value {transformation:[-1.2363675f,4.39152701550548e-17f,1.4490288471863954e-16f,0.011875000000000024f,0f,1.183221846654289f,-0.3585953940812185f,0.5613175f,-1.5141135014448153e-16f,-0.3585953940812185f,-1.183221846654289f,-0.19903749999999998f,0f,0f,0f,1f],start_interpolation:0}