execute if entity @s[tag=aj.dino.bone.head_lower] run data modify entity @s {} merge value {transformation:[-0.9858500520417216f,0.14686070955844466f,-0.08081835730404924f,0.20593444966829397f,0.07899085380766918f,0.8322386066778307f,0.548761648231432f,0.8740248569140914f,0.14785168211444275f,0.5346127884206782f,-0.8320631265432912f,0.6640955317375858f,0f,0f,0f,1f],start_interpolation:0}
execute if entity @s[tag=aj.dino.bone.head_upper] run data modify entity @s {} merge value {transformation:[-1.026170908399373f,0.17197353133376025f,-0.029501082334530727f,0.20744379016327627f,0.08222154681554711f,0.6318188071989876f,0.8231139378557588f,0.9449810115013384f,0.1538987543080559f,0.8091366027895114f,-0.6364629400304342f,0.6384361765380143f,0f,0f,0f,1f],start_interpolation:0}
execute if entity @s[tag=aj.dino.bone.neck_0] run data modify entity @s {} merge value {transformation:[-0.9115899258397671f,-0.40230666074388566f,-0.08457634319685398f,0.20879967415517334f,-0.4035526389220152f,0.914952828708475f,-0.0025668769813271264f,0.9300940304227907f,0.07841603615667841f,0.031791067290416586f,-0.9964136958683429f,0.5734648318754296f,0f,0f,0f,1f],start_interpolation:0}
execute if entity @s[tag=aj.dino.bone.neck_1] run data modify entity @s {} merge value {transformation:[-0.9338713296372572f,-0.09481242479946725f,-0.3448114612149466f,0.1791528287503409f,0.0048853295661163455f,0.960740654185517f,-0.2774049908531121f,0.9110201988582781f,0.3575758286525694f,-0.2607450852822162f,-0.896744962218689f,0.4962975437831181f,0f,0f,0f,1f],start_interpolation:0}
execute if entity @s[tag=aj.dino.bone.neck_2] run data modify entity @s {} merge value {transformation:[-0.9256539596288128f,-0.06070339793576675f,-0.373470004823081f,0.14583973109738793f,0.09294347433578509f,0.920325277472691f,-0.3799511734726022f,0.8867441860980332f,0.36677821309599823f,-0.3864149079989878f,-0.8462607525309443f,0.4183755114471357f,0f,0f,0f,1f],start_interpolation:0}
execute if entity @s[tag=aj.dino.bone.body_0] run data modify entity @s {} merge value {transformation:[-0.9453996954070568f,-0.15034238386261062f,-0.28916532215802004f,0.008124999999999993f,0.05594975954246028f,0.7992075644163484f,-0.598445397164043f,0.6123125656453803f,0.32107482045682895f,-0.5819488264394007f,-0.7471589677400783f,0.06069850178949754f,0f,0f,0f,1f],start_interpolation:0}
execute if entity @s[tag=aj.dino.bone.leg_left_3] run data modify entity @s {} merge value {transformation:[-0.9576448330264953f,-0.03257603889502851f,-0.28610343491046286f,0.27884047032294373f,-0.06077546079495033f,0.9940637105459124f,0.09024235558125568f,0.04970966959998907f,0.2814653036216317f,0.10380819363423088f,-0.9539397998781582f,-0.14036364914512373f,0f,0f,0f,1f],start_interpolation:0}
execute if entity @s[tag=aj.dino.bone.leg_left_2] run data modify entity @s {} merge value {transformation:[-0.9831427302693984f,-0.12997225004505017f,-0.2619156078536635f,0.23892453582813183f,-0.062127070749049794f,0.9906714140310855f,-0.2584039009041591f,0.2725515172692916f,0.2857145402307514f,-0.2318179525847184f,-0.9574392084413786f,-0.22354598601271158f,0f,0f,0f,1f],start_interpolation:0}
execute if entity @s[tag=aj.dino.bone.leg_left_1] run data modify entity @s {} merge value {transformation:[-0.9536690665763005f,0.18985397333727952f,0.2333897604084964f,0.29711672527077243f,0.28769586954321597f,0.34853904453746953f,0.8920491136034386f,0.31419810097175827f,0.08801362453200481f,0.9178649155736128f,-0.3870111092149472f,0.044581999870058384f,0f,0f,0f,1f],start_interpolation:0}
execute if entity @s[tag=aj.dino.bone.leg_left_0] run data modify entity @s {} merge value {transformation:[-0.9811901910062292f,0.015242344026017152f,-0.1924408481111844f,0.20467875000000002f,0.13116642743860332f,0.7840569220172611f,-0.6066713371750903f,0.6866826272770509f,0.1416374858084999f,-0.6205017437408302f,-0.7713082448855555f,-0.11978885203323637f,0f,0f,0f,1f],start_interpolation:0}
execute if entity @s[tag=aj.dino.bone.leg_right_3] run data modify entity @s {} merge value {transformation:[-0.9967752822199936f,0.005317668444062338f,0.08006721649696118f,-0.1882740633938479f,0.008484079812936685f,0.999193057526309f,0.03925881023355246f,0.01984361059578571f,-0.07979384152288921f,0.039811508305330506f,-0.996016057431543f,-0.1019691771739359f,0f,0f,0f,1f],start_interpolation:0}
execute if entity @s[tag=aj.dino.bone.leg_right_2] run data modify entity @s {} merge value {transformation:[-1.0226375784960258f,0.0169892775979476f,0.077368901990261f,-0.1803363441030471f,0.008056995592807524f,1.0189450255363848f,-0.11725322706590405f,0.2537220672502139f,-0.07880144269298771f,-0.1162953089425829f,-1.0160353996038463f,-0.16035523879328845f,0f,0f,0f,1f],start_interpolation:0}
execute if entity @s[tag=aj.dino.bone.leg_right_1] run data modify entity @s {} merge value {transformation:[-0.9384847508034923f,-0.01098876238083818f,-0.34514579471673196f,-0.183706919153272f,-0.30747109186451527f,0.48155324133565924f,0.8207118881963167f,0.33489407453805464f,0.15718746825669588f,0.8763479462293833f,-0.45530910046098605f,0.10499948627573906f,0f,0f,0f,1f],start_interpolation:0}
execute if entity @s[tag=aj.dino.bone.leg_right_0] run data modify entity @s {} merge value {transformation:[-0.9561733076250295f,-0.27353119880742005f,0.10446668877870238f,-0.18842874999999998f,-0.2679948144529062f,0.673848008651604f,-0.6885547477598425f,0.6866826272770509f,0.1179465353953349f,-0.6863742015222042f,-0.7176204221404193f,-0.11978885203323643f,0f,0f,0f,1f],start_interpolation:0}
execute if entity @s[tag=aj.dino.bone.tail_4] run data modify entity @s {} merge value {transformation:[-2.3958184190301597f,1.137118479218827f,-0.7698551804429787f,-0.792886423019138f,0.9412712735151854f,2.4871004484352897f,0.7443124885745771f,0.4673357896757253f,0.9998619026100204f,0.3833461297731353f,-2.545384696287975f,-1.511064149129453f,0f,0f,0f,1f],start_interpolation:0}
execute if entity @s[tag=aj.dino.bone.tail_3] run data modify entity @s {} merge value {transformation:[-1.2324924960990413f,0.43065082571265856f,-1.6221737389740365f,-0.5220399593223362f,0.2820459748203753f,2.0371021364635546f,0.32651260273945076f,0.39203667457881486f,1.6544962499781086f,-0.026462765786506907f,-1.264075712479181f,-1.29646466216985f,0f,0f,0f,1f],start_interpolation:0}
execute if entity @s[tag=aj.dino.bone.tail_2] run data modify entity @s {} merge value {transformation:[-1.1466731571658861f,0.15074117645841653f,-1.575179876508689f,-0.2300294931166449f,0.3387512823598542f,1.9235677840635672f,-0.06251738810210214f,0.4043667269329322f,1.5456914680289693f,-0.30973852333135293f,-1.154847958750302f,-1.0807116983329186f,0f,0f,0f,1f],start_interpolation:0}
execute if entity @s[tag=aj.dino.bone.tail_1] run data modify entity @s {} merge value {transformation:[-1.3334850074624534f,0.0084357751041912f,-0.7137246125581299f,-0.07527306406703538f,0.17480066754640697f,1.4702004232134334f,-0.30921140374891115f,0.4527668901226862f,0.6920395303002508f,-0.3550997089289615f,-1.2971668108691248f,-0.7978963011745488f,0f,0f,0f,1f],start_interpolation:0}
execute if entity @s[tag=aj.dino.bone.tail_0] run data modify entity @s {} merge value {transformation:[-1.243646999578617f,-0.05557686346563766f,-0.2899811533021631f,0.00812500000000006f,0.06902673136162718f,1.1658524415849723f,-0.5194796544542589f,0.6327050151840178f,0.28707693634400605f,-0.521090216067917f,-1.1313211462364074f,-0.4798728030489158f,0f,0f,0f,1f],start_interpolation:0}
execute if entity @s[tag=aj.dino.bone.body_1] run data modify entity @s {} merge value {transformation:[-1.2363675f,1.9717452954949583e-17f,1.5012201371399246e-16f,0.008125000000000023f,0f,1.2258392690734443f,-0.16100522182132548f,0.5875675f,-1.5141135014448153e-16f,-0.16100522182132548f,-1.2258392690734443f,-0.1840375f,0f,0f,0f,1f],start_interpolation:0}