execute if entity @s[tag=aj.dino.bone.head_lower] run data modify entity @s {} merge value {transformation:[-0.9721427166629678f,-0.22528307091802532f,-0.06469989487540917f,0.053721387779684056f,-0.23384926727046265f,0.9134837434996583f,0.33295941278017394f,0.2058230230766749f,-0.01590781682735691f,0.3388140910877151f,-0.9407188490958353f,0.8842538391290161f,0f,0f,0f,1f],start_interpolation:0}
execute if entity @s[tag=aj.dino.bone.head_upper] run data modify entity @s {} merge value {transformation:[-1.011902948715018f,-0.20045015071597488f,-0.1390830760491804f,0.03931818817043576f,-0.2434136048646299f,0.7891873442560597f,0.6335653835369958f,0.267144782137264f,-0.0165584399073388f,0.648440448559093f,-0.8140778496703032f,0.842688875535527f,0f,0f,0f,1f],start_interpolation:0}
execute if entity @s[tag=aj.dino.bone.neck_0] run data modify entity @s {} merge value {transformation:[-0.9703123619577647f,-0.24151935412586942f,-0.012740557859331855f,0.04272820395891483f,-0.24173012857668746f,0.9667704931728368f,0.08319470216695515f,0.2569099188183724f,-0.007775935329093776f,0.08380462465146607f,-0.996451865228213f,0.776898635989962f,0f,0f,0f,1f],start_interpolation:0}
execute if entity @s[tag=aj.dino.bone.neck_1] run data modify entity @s {} merge value {transformation:[-0.9696877538669991f,-0.23298329667010664f,-0.07365082126564082f,0.03541568780583884f,-0.24412683851676747f,0.936559370479964f,0.25151268811330757f,0.2825309565554809f,0.010380111568882154f,0.26186891575538873f,-0.9650476279670941f,0.6963528330123028f,0f,0f,0f,1f],start_interpolation:0}
execute if entity @s[tag=aj.dino.bone.neck_2] run data modify entity @s {} merge value {transformation:[-0.9691872956545908f,-0.23493587842584984f,-0.07403457955587531f,0.026629534292684394f,-0.24433959077639256f,0.8788425501923318f,0.4097974333139042f,0.3270367030375056f,-0.031211381272958194f,0.41526004503168024f,-0.9091671709203545f,0.6207686254642861f,0f,0f,0f,1f],start_interpolation:0}
execute if entity @s[tag=aj.dino.bone.body_0] run data modify entity @s {} merge value {transformation:[-0.9691872956545908f,-0.24539097585351471f,-0.0214302335825041f,0.01419188978490161f,-0.24433959077639256f,0.9467068708991601f,0.20986725559635577f,0.43496491992676267f,-0.031211381272958194f,0.2086369324016744f,-0.9774950026046442f,0.1620664239202685f,0f,0f,0f,1f],start_interpolation:0}
execute if entity @s[tag=aj.dino.bone.leg_left_3] run data modify entity @s {} merge value {transformation:[-0.9637709825614701f,-0.050732066977471214f,-0.26186208307559894f,0.2786473579290564f,-0.10553253159659381f,0.9741621168201663f,0.19967737710433375f,0.03985305376374371f,0.24496607509472088f,0.22007823048326652f,-0.9442230639631936f,-0.1465571758283228f,0f,0f,0f,1f],start_interpolation:0}
execute if entity @s[tag=aj.dino.bone.leg_left_2] run data modify entity @s {} merge value {transformation:[-0.9893608839264199f,-0.11990745893510416f,-0.2425890396303053f,0.2416651424443646f,-0.10745017473159892f,1.0179870230290973f,-0.06495444861746773f,0.27497027151207953f,0.2483580093477486f,-0.0372400555420729f,-0.9944816121762838f,-0.18558641771362028f,0f,0f,0f,1f],start_interpolation:0}
execute if entity @s[tag=aj.dino.bone.leg_left_1] run data modify entity @s {} merge value {transformation:[-0.9369000446050582f,0.19534352784971165f,0.2899296682753753f,0.29801604205765375f,0.28872305463527503f,-0.03526761000134776f,0.956762872088413f,0.2088959490277561f,0.19712256121792898f,0.9801005569899558f,-0.023357954680623072f,0.07798927479381913f,0f,0f,0f,1f],start_interpolation:0}
execute if entity @s[tag=aj.dino.bone.leg_left_0] run data modify entity @s {} merge value {transformation:[-0.9832327421048096f,0.006944382049738287f,-0.18222280431110838f,0.20125070569754824f,0.05754809021857236f,0.9600262063239899f,-0.27393046651178266f,0.6148245306794557f,0.17303638971399127f,-0.27982397811680665f,-0.9443288352611248f,0.06511547031308591f,0f,0f,0f,1f],start_interpolation:0}
execute if entity @s[tag=aj.dino.bone.leg_right_3] run data modify entity @s {} merge value {transformation:[-0.9894604260345954f,-0.02632121208390204f,0.14239121849984693f,-0.16556151791001486f,-0.014402738925957153f,0.996353702982921f,0.08409434977245434f,0.039999279341876665f,-0.14408548303999133f,0.08115720760755307f,-0.9862316569804869f,-0.08387817975935757f,0f,0f,0f,1f],start_interpolation:0}
execute if entity @s[tag=aj.dino.bone.leg_right_2] run data modify entity @s {} merge value {transformation:[-1.0151626741817492f,-0.08337649904862987f,0.12064536400230091f,-0.1796930753180947f,-0.017037664549270616f,0.905142811435867f,0.48217051796369276f,0.2659144150534364f,-0.14565940558563462f,0.4752126364198066f,-0.8972282247299572f,-0.0006092022967674748f,0f,0f,0f,1f],start_interpolation:0}
execute if entity @s[tag=aj.dino.bone.leg_right_1] run data modify entity @s {} merge value {transformation:[-0.916870799213126f,-0.09065685428579498f,-0.38875348528506803f,-0.20196373757747751f,-0.3959852739164716f,0.0835160027041153f,0.9144510594524036f,0.23221775389033472f,-0.05043411931996547f,0.9923741290780058f,-0.11247216342317384f,0.27394851165196366f,0f,0f,0f,1f],start_interpolation:0}
execute if entity @s[tag=aj.dino.bone.leg_right_0] run data modify entity @s {} merge value {transformation:[-0.9291800164291427f,-0.17890460879840636f,0.32344649947004706f,-0.19049708084119246f,-0.3577743308746613f,0.6551390853555503f,-0.6654249071132532f,0.5852168310972942f,-0.09285486113244872f,-0.734020381045501f,-0.6727496227972867f,0.05131103538442135f,0f,0f,0f,1f],start_interpolation:0}
execute if entity @s[tag=aj.dino.bone.tail_4] run data modify entity @s {} merge value {transformation:[-2.6802197922648885f,0.6620463683416353f,0.061463834221537936f,0.6028115012065349f,0.5815056367298475f,2.210267071332103f,1.549913545794223f,1.3609743837281307f,0.3223885717623609f,1.5172591773163409f,-2.284655669733705f,-1.3620080063092344f,0f,0f,0f,1f],start_interpolation:0}
execute if entity @s[tag=aj.dino.bone.tail_3] run data modify entity @s {} merge value {transformation:[-1.9936342906726034f,0.043802217491889985f,0.5995408300037489f,0.5007228928604748f,0.37403349564614713f,1.7161801333863085f,1.1183783885382086f,1.1545445678133541f,-0.47060257673913697f,1.1784534957126604f,-1.6509773163958186f,-1.093595356491604f,0f,0f,0f,1f],start_interpolation:0}
execute if entity @s[tag=aj.dino.bone.tail_2] run data modify entity @s {} merge value {transformation:[-1.5950357763213472f,-0.17166484874849394f,1.1158700313933931f,0.29206480186115436f,0.5534266792693177f,1.5645908694688115f,1.0317694494655967f,0.9635224081880709f,-0.9840496216810776f,1.1581711729626847f,-1.228437931354427f,-0.8656834885212135f,0f,0f,0f,1f],start_interpolation:0}
execute if entity @s[tag=aj.dino.bone.tail_1] run data modify entity @s {} merge value {transformation:[-1.3196910910039303f,-0.058976576195186654f,0.7366094201034564f,0.13553639652834093f,0.22646235726094643f,1.4028548356319708f,0.5180437827904241f,0.8346803590507795f,-0.7034106020445473f,0.5622955838385093f,-1.215192763032696f,-0.6103890277569846f,0f,0f,0f,1f],start_interpolation:0}
execute if entity @s[tag=aj.dino.bone.tail_0] run data modify entity @s {} merge value {transformation:[-1.1971591302846427f,-0.01703215088744581f,0.44761103560601917f,0.004323032334845741f,0.10928359604196004f,1.227588916822184f,0.33899596386314446f,0.7652417667313679f,-0.43439938880744683f,0.35576828655110887f,-1.1482864685574905f,-0.2662477104838257f,0f,0f,0f,1f],start_interpolation:0}
execute if entity @s[tag=aj.dino.bone.body_1] run data modify entity @s {} merge value {transformation:[-1.2320910475466291f,-0.10259913972581622f,-0.005446295917664485f,0.01250000000000001f,-0.09311956020464669f,1.087416074189644f,0.5809127508994155f,0.5569425f,-0.043416507448129804f,0.579313639730462f,-1.0913822926726917f,-0.05153749999999997f,0f,0f,0f,1f],start_interpolation:0}