execute if entity @s[tag=aj.dino.bone.head_lower] run data modify entity @s {} merge value {transformation:[-0.8559888269819373f,-0.5016022624656244f,-0.1252130119893829f,0.07196182468208412f,-0.5110918680147978f,0.784529455664564f,0.3511390545692799f,1.0744943261919668f,-0.07789884807384008f,0.36456645962571727f,-0.9279132858110932f,0.47463967672901947f,0f,0f,0f,1f],start_interpolation:0}
execute if entity @s[tag=aj.dino.bone.head_upper] run data modify entity @s {} merge value {transformation:[-0.8909984133434874f,-0.35359645131255024f,-0.40566404773169873f,0.03577990772630305f,-0.5319953124616581f,0.460537002448012f,0.7670453698957646f,1.1375485032882455f,-0.08108487850220679f,0.8639138623606398f,-0.5749347993319864f,0.4543789726960159f,0f,0f,0f,1f],start_interpolation:0}
execute if entity @s[tag=aj.dino.bone.neck_0] run data modify entity @s {} merge value {transformation:[-0.8270715833436749f,-0.5459644361138001f,0.13369902963120772f,0.05355441165475013f,-0.5566206222539877f,0.8286290439318231f,-0.059559973423571444f,1.120426898707822f,-0.0782692717927671f,-0.12367999859141776f,-0.9892305995274596f,0.39244631635878025f,0f,0f,0f,1f],start_interpolation:0}
execute if entity @s[tag=aj.dino.bone.neck_1] run data modify entity @s {} merge value {transformation:[-0.9490797272554041f,-0.3109557124314666f,0.05053925423912154f,0.056403215718807895f,-0.299073531924519f,0.8389042114020134f,-0.45474690388628264f,1.085768594234443f,0.09900855425164654f,-0.44670602077675803f,-0.8891856033398167f,0.315062706395388f,0f,0f,0f,1f],start_interpolation:0}
execute if entity @s[tag=aj.dino.bone.neck_2] run data modify entity @s {} merge value {transformation:[-0.9847582988497413f,-0.1679547357768058f,0.045191808734623404f,0.05871797526756162f,-0.15728834509623446f,0.7490529579041523f,-0.6435682114212358f,1.0367208887683375f,0.07423927089789678f,-0.6408672818807213f,-0.764053439015469f,0.24185140350517678f,0f,0f,0f,1f],start_interpolation:0}
execute if entity @s[tag=aj.dino.bone.body_0] run data modify entity @s {} merge value {transformation:[-0.9861283084436909f,-0.13862891385003284f,-0.09128517694973756f,0.014374999999999997f,0.01900751451116605f,0.4520292581641664f,-0.8918005742068467f,0.6207247661173902f,0.1648929157911053f,-0.8811648960372365f,-0.44312385662881415f,0.024614594499604348f,0f,0f,0f,1f],start_interpolation:0}
execute if entity @s[tag=aj.dino.bone.leg_left_3] run data modify entity @s {} merge value {transformation:[-0.923177214545863f,0.037652963896700836f,-0.38252592703388766f,0.3062710594574617f,-0.0179449805149091f,0.989883301646322f,0.1407445444629959f,0.061338534370329795f,0.3839554768689477f,0.13679657682694576f,-0.9131620274358588f,-0.1664517042017587f,0f,0f,0f,1f],start_interpolation:0}
execute if entity @s[tag=aj.dino.bone.leg_left_2] run data modify entity @s {} merge value {transformation:[-0.9480950220026221f,-0.09473116894585427f,-0.37974206296470964f,0.2709827768294556f,-0.01802977970965401f,1.0047168382709437f,-0.20562393206811758f,0.28915389906218075f,0.39096413620454107f,-0.18339105764917885f,-0.9303638877755556f,-0.23734577155228184f,0f,0f,0f,1f],start_interpolation:0}
execute if entity @s[tag=aj.dino.bone.leg_left_1] run data modify entity @s {} merge value {transformation:[-0.9184918803094344f,0.3102171529406912f,0.24523047083715216f,0.3605453182922627f,0.33815711377913915f,0.2946873755668934f,0.8937612192761885f,0.3150748962882748f,0.20499373699262613f,0.9038388510696298f,-0.3755700987710942f,0.024035250576895345f,0f,0f,0f,1f],start_interpolation:0}
execute if entity @s[tag=aj.dino.bone.leg_left_0] run data modify entity @s {} merge value {transformation:[-0.9429680470162125f,-0.16208951817350278f,-0.2907546223273355f,0.21092875000000003f,0.10527751159840623f,0.6833993641010148f,-0.7224139773689157f,0.6544499184184042f,0.3157972575214631f,-0.711823220501137f,-0.6273593825689645f,-0.16765918181766842f,0f,0f,0f,1f],start_interpolation:0}
execute if entity @s[tag=aj.dino.bone.leg_right_3] run data modify entity @s {} merge value {transformation:[-0.998686035748605f,0.04328658397346818f,0.02743125313659891f,-0.20526064780247502f,0.0449560173535315f,0.9969695584719311f,0.0634874474521715f,0.03802343382630899f,-0.02459996960252732f,0.06463722710784495f,-0.9976055685326563f,-0.11334387794706263f,0f,0f,0f,1f],start_interpolation:0}
execute if entity @s[tag=aj.dino.bone.leg_right_2] run data modify entity @s {} merge value {transformation:[-1.0244746614015556f,0.042755175649542655f,0.026188978636813583f,-0.19289577394898785f,0.04487063684202847f,1.0208793974466392f,0.08862325495643128f,0.2786581833233461f,-0.022371714200157624f,0.0896629819092503f,-1.0215293708844513f,-0.12397869318293814f,0f,0f,0f,1f],start_interpolation:0}
execute if entity @s[tag=aj.dino.bone.leg_right_1] run data modify entity @s {} merge value {transformation:[-0.9387073096985559f,0.056481083670575735f,-0.34005657456649346f,-0.17821124581142028f,-0.26461924953296584f,0.5141446552650648f,0.8158626883483384f,0.3697948638919926f,0.22091907906541186f,0.8558417848234366f,-0.467685364166044f,0.13773079412707734f,0f,0f,0f,1f],start_interpolation:0}
execute if entity @s[tag=aj.dino.bone.leg_right_0] run data modify entity @s {} merge value {transformation:[-0.9561733076250296f,-0.26957213885220643f,0.1142955280842488f,-0.18217874999999997f,-0.23627826224003473f,0.4798323592430125f,-0.8449458502271694f,0.6544499184184042f,0.172931167168443f,-0.8349202171333088f,-0.5224969305592414f,-0.16765918181766848f,0f,0f,0f,1f],start_interpolation:0}
execute if entity @s[tag=aj.dino.bone.tail_4] run data modify entity @s {} merge value {transformation:[-1.4172378503528227f,0.7570362892304365f,2.245883849159506f,-0.03900753870457885f,2.065164846788779f,1.6783653792568796f,0.7374585689377985f,0.30826040996107046f,-1.1628380638400104f,2.0580687651534193f,-1.4275230039423867f,-1.728998823955091f,0f,0f,0f,1f],start_interpolation:0}
execute if entity @s[tag=aj.dino.bone.tail_3] run data modify entity @s {} merge value {transformation:[-1.7756536806853565f,0.7116391493107354f,0.8225382990969368f,-0.18544358580445477f,0.9421271900345273f,1.7932291364859707f,0.4823599775062901f,0.20892182806813184f,-0.5435033487575157f,0.7834822979943558f,-1.8511361712913759f,-1.4227815257957146f,0f,0f,0f,1f],start_interpolation:0}
execute if entity @s[tag=aj.dino.bone.tail_2] run data modify entity @s {} merge value {transformation:[-1.8691937705659871f,0.5692484034894049f,-0.029065068464530948f,-0.18128716474147488f,0.5668803853205343f,1.8669725140043423f,0.10878481371002477f,0.18956239716860113f,0.059457142707387715f,0.09562302065844844f,-1.9509215671328266f,-1.060042748480228f,0f,0f,0f,1f],start_interpolation:0}
execute if entity @s[tag=aj.dino.bone.tail_1] run data modify entity @s {} merge value {transformation:[-1.4376721226186233f,0.03687962922153134f,-0.4683962113358144f,-0.07957082979004199f,0.17435960227979164f,1.442041242376329f,-0.42163021046714244f,0.26249847158173767f,0.4362955958270671f,-0.454767191246484f,-1.374950619050622f,-0.7590264810592171f,0f,0f,0f,1f],start_interpolation:0}
execute if entity @s[tag=aj.dino.bone.tail_0] run data modify entity @s {} merge value {transformation:[-1.228613618395422f,-0.12040968371083256f,-0.3314299342938009f,0.014375000000000061f,0.12399481579554097f,0.9771425704428031f,-0.8146492492283348f,0.5241381072679235f,0.33010540579209824f,-0.8151868630449811f,-0.9275432690552744f,-0.5076486908631823f,0f,0f,0f,1f],start_interpolation:0}
execute if entity @s[tag=aj.dino.bone.body_1] run data modify entity @s {} merge value {transformation:[-1.2363675f,5.1607293856023296e-17f,1.423449478324849e-16f,0.014375000000000025f,0f,1.1623347068852097f,-0.4214055341667026f,0.5438175000000001f,-1.5141135014448153e-16f,-0.4214055341667026f,-1.1623347068852097f,-0.2090375f,0f,0f,0f,1f],start_interpolation:0}