execute if entity @s[tag=aj.dino.bone.head_lower] run data modify entity @s {} merge value {transformation:[-0.9991919015972163f,0.03561452370009759f,0.018631947943092426f,0.01524389180606706f,0.03310389929299529f,0.46627373016751683f,0.8840208936485996f,0.25705752887401423f,0.022796395200516812f,0.8839233079047552f,-0.4670759147168445f,0.9319801076799621f,0f,0f,0f,1f],start_interpolation:0}
execute if entity @s[tag=aj.dino.bone.head_upper] run data modify entity @s {} merge value {transformation:[-1.0400584340425836f,0.036612122779148354f,-0.020247193040041783f,0.014347355315626434f,0.03445783498078742f,1.035309373343014f,0.10207400090149922f,0.2873525365895534f,0.023728758265719952f,0.10132125402504162f,-1.0356847455174123f,0.8628652379221915f,0f,0f,0f,1f],start_interpolation:0}
execute if entity @s[tag=aj.dino.bone.neck_0] run data modify entity @s {} merge value {transformation:[-0.9991919015972163f,0.02506326710331088f,-0.03142254643798007f,0.012231554610163115f,0.03310389929299529f,0.9565461493371432f,-0.2896956955839747f,0.2530830355084335f,0.022796395200516812f,-0.29050180176789225f,-0.9566028577918163f,0.8057175263553863f,0f,0f,0f,1f],start_interpolation:0}
execute if entity @s[tag=aj.dino.bone.neck_1] run data modify entity @s {} merge value {transformation:[-0.9996278791890081f,0.024567647818614948f,-0.01185469648478578f,0.011340486307554779f,0.025111518751411085f,0.9985245204122163f,-0.048147624671949885f,0.2536043774111195f,0.010654331235859786f,-0.048427397371879566f,-0.9987698796067603f,0.7208855097317564f,0f,0f,0f,1f],start_interpolation:0}
execute if entity @s[tag=aj.dino.bone.neck_2] run data modify entity @s {} merge value {transformation:[-0.9997494112228674f,0.022309811752493438f,0.0018403964513559086f,0.011720145840356199f,0.020961886489427976f,0.9041456091850739f,0.42670987416060085f,0.29983951331657205f,0.007855830594799931f,0.4266415236365534f,-0.9043866961840747f,0.6458315394131642f,0f,0f,0f,1f],start_interpolation:0}
execute if entity @s[tag=aj.dino.bone.body_0] run data modify entity @s {} merge value {transformation:[-0.9997243974669798f,0.022203936673149436f,0.007623273935700451f,0.01552448651070715f,0.023359436523437083f,0.9731858471596384f,0.22883103725999304f,0.4169575347373215f,-0.0023379124430726508f,0.22894604623009238f,-0.9734363061243487f,0.18923565599580605f,0f,0f,0f,1f],start_interpolation:0}
execute if entity @s[tag=aj.dino.bone.leg_left_3] run data modify entity @s {} merge value {transformation:[-0.9510663452888318f,0.055403045207932995f,-0.3039791266528549f,0.2384094219899481f,-0.025253846513278725f,0.9665643234300175f,0.25517768693315923f,0.03127489289248575f,0.30795299981527746f,0.250367552318509f,-0.9178676585711095f,-0.15936841877910096f,0f,0f,0f,1f],start_interpolation:0}
execute if entity @s[tag=aj.dino.bone.leg_left_2] run data modify entity @s {} merge value {transformation:[-0.976436616572442f,-0.018754252950470222f,-0.3134996193195873f,0.22283446784992755f,-0.024866952392147673f,1.025272678635746f,0.016117339188104925f,0.2707239855767801f,0.31307406151896855f,0.02294366884453152f,-0.9764837016380072f,-0.18371230676397604f,0f,0f,0f,1f],start_interpolation:0}
execute if entity @s[tag=aj.dino.bone.leg_left_1] run data modify entity @s {} merge value {transformation:[-0.8807241304383815f,0.2543750426509696f,0.39952264483990674f,0.2882912063559846f,0.3662919929259585f,-0.16894296893746188f,0.915034671017949f,0.16900251884185924f,0.30025852524430746f,0.952235060750713f,0.055616608087875274f,0.06605066937382496f,0f,0f,0f,1f],start_interpolation:0}
execute if entity @s[tag=aj.dino.bone.leg_left_0] run data modify entity @s {} merge value {transformation:[-0.9613888168694522f,0.035666661146338846f,-0.2728725564820089f,0.2127225426901319f,0.09630142917292091f,0.9724739042614908f,-0.21218044271248415f,0.5792977020868467f,0.2577936724157671f,-0.23026592195347778f,-0.9383602866965902f,0.08200429724250899f,0f,0f,0f,1f],start_interpolation:0}
execute if entity @s[tag=aj.dino.bone.leg_right_3] run data modify entity @s {} merge value {transformation:[-0.9901821032381655f,0.03628227893652933f,0.13499258743358813f,-0.19525989304219954f,0.059194746124376876f,0.983697782242815f,0.16980770077307372f,0.028573256265182784f,-0.12663089851262072f,0.176131398239323f,-0.9761876592623709f,-0.059758809056653955f,0f,0f,0f,1f],start_interpolation:0}
execute if entity @s[tag=aj.dino.bone.leg_right_2] run data modify entity @s {} merge value {transformation:[-1.0160217836065186f,-0.016779994442188115f,0.13957208361360512f,-0.1932816487052711f,0.05834152156938884f,0.8761940737873715f,0.5300400092649166f,0.2491029233250375f,-0.1278991852933067f,0.5329770880132693f,-0.8669714075763387f,0.03788249655643505f,0f,0f,0f,1f],start_interpolation:0}
execute if entity @s[tag=aj.dino.bone.leg_right_1] run data modify entity @s {} merge value {transformation:[-0.9472302926103773f,-0.06206851950460132f,-0.3144873155594132f,-0.2123291812198674f,-0.32042696273587645f,0.1557368041422756f,0.9343835451180696f,0.2354740437108594f,-0.009018553826433153f,0.9858466141961727f,-0.16740704574426474f,0.31440524572064626f,0f,0f,0f,1f],start_interpolation:0}
execute if entity @s[tag=aj.dino.bone.leg_right_0] run data modify entity @s {} merge value {transformation:[-0.9579378388700068f,-0.15181615144068458f,0.2435301891404839f,-0.18037719483436015f,-0.28224425866879316f,0.6518763161748791f,-0.7038433397133005f,0.581537245874304f,-0.051896775521838634f,-0.7429731654454339f,-0.6673062266444303f,0.08304706186095163f,0f,0f,0f,1f],start_interpolation:0}
execute if entity @s[tag=aj.dino.bone.tail_4] run data modify entity @s {} merge value {transformation:[-2.078487458737329f,1.2377022810929201f,1.3317823691763695f,0.4748242736378524f,1.5467838463176027f,0.14070571366988424f,2.283270235103934f,1.7359300580826487f,0.9555160638328192f,2.464539773896545f,-0.7991833871142504f,-0.9114041713653808f,0f,0f,0f,1f],start_interpolation:0}
execute if entity @s[tag=aj.dino.bone.tail_3] run data modify entity @s {} merge value {transformation:[-1.7361998499487994f,0.3496865511377754f,1.0951141141614325f,0.2857114314335036f,1.1469572591642354f,0.39276149841618185f,1.6929775477119553f,1.445020148893977f,0.07774736479570377f,2.014796080837882f,-0.5200938626364286f,-0.84293183327183f,0f,0f,0f,1f],start_interpolation:0}
execute if entity @s[tag=aj.dino.bone.tail_2] run data modify entity @s {} merge value {transformation:[-1.7146924609899235f,-0.060961001541687286f,0.9353541551295584f,0.11054871032390041f,0.8948635809839206f,0.47389753608422414f,1.671351001951629f,1.1350941157735515f,-0.27896740070433007f,1.8948558669690723f,-0.38790760209092806f,-0.7705760519074016f,0f,0f,0f,1f],start_interpolation:0}
execute if entity @s[tag=aj.dino.bone.tail_1] run data modify entity @s {} merge value {transformation:[-1.4814973214074583f,-0.11551092731673263f,0.28192048938123565f,0.05270994907194731f,0.15706840602333147f,0.9096721476644164f,1.1981161669858642f,0.8660030230471084f,-0.2610583315885873f,1.2028341778624507f,-0.8790305672012471f,-0.5958724786441265f,0f,0f,0f,1f],start_interpolation:0}
execute if entity @s[tag=aj.dino.bone.tail_0] run data modify entity @s {} merge value {transformation:[-1.272029428240825f,0.006516503957014898f,0.12543677869558678f,0.016211661763729318f,0.058040518654274315f,1.1625358919781643f,0.5281830313829714f,0.7397097271105738f,-0.11139186894782868f,0.531322455409839f,-1.157205261176079f,-0.24488844805892315f,0f,0f,0f,1f],start_interpolation:0}
execute if entity @s[tag=aj.dino.bone.body_1] run data modify entity @s {} merge value {transformation:[-1.2363430861375386f,0.007764887686339398f,0.0002737432649676211f,0.015625000000000003f,0.00704361823073604f,1.1017221024496888f,0.561037780788698f,0.5350675f,0.0032796125344655004f,0.5610282618097827f,-1.1017445841249085f,-0.026537499999999988f,0f,0f,0f,1f],start_interpolation:0}