execute if entity @s[tag=aj.dino.bone.head_lower] run data modify entity @s {} merge value {transformation:[-0.9949709153190497f,-0.10008728715099274f,-0.003925890972421409f,0.008506140140593222f,-0.06486486232641436f,0.6139671117328167f,0.7866618939200234f,0.41965675591471574f,-0.07632448692620164f,0.782960357017657f,-0.6173715672382671f,0.927659946214577f,0f,0f,0f,1f],start_interpolation:0}
execute if entity @s[tag=aj.dino.bone.head_upper] run data modify entity @s {} merge value {transformation:[-1.0356648111843842f,-0.08758887236549355f,0.056555555833732424f,0.01011664620941748f,-0.06751780816853875f,0.9936771696291355f,0.30252102525519403f,0.462803557120947f,-0.07944612663961374f,0.2973311530584686f,-0.9943613231448567f,0.8657631263635612f,0f,0f,0f,1f],start_interpolation:0}
execute if entity @s[tag=aj.dino.bone.neck_0] run data modify entity @s {} merge value {transformation:[-0.9954181715111232f,-0.035650281453058597f,0.0887227212035894f,0.016753939126474233f,-0.05619076773854068f,0.9688669399208006f,-0.24112123579116215f,0.4315038354937719f,-0.07736447147370372f,-0.2450018574640231f,-0.9664309744584826f,0.8072737254169673f,0f,0f,0f,1f],start_interpolation:0}
execute if entity @s[tag=aj.dino.bone.neck_1] run data modify entity @s {} merge value {transformation:[-0.9986171636462041f,-0.027171347722979376f,0.04500531450981439f,0.02044130495766715f,-0.03197627947620865f,0.99344606804636f,-0.10973799448726274f,0.4267842689042542f,-0.04172862353432907f,-0.11102534731377353f,-0.9929411333164647f,0.7226470991757818f,0f,0f,0f,1f],start_interpolation:0}
execute if entity @s[tag=aj.dino.bone.neck_2] run data modify entity @s {} merge value {transformation:[-0.99960878803086f,-0.018460623799533886f,0.0210113364736152f,0.022101314572892085f,-0.013355785133105777f,0.9751066660106189f,0.2213337138917924f,0.45572166594593966f,-0.02457425268352427f,0.2209665025984427f,-0.9749717487365765f,0.639395661862845f,0f,0f,0f,1f],start_interpolation:0}
execute if entity @s[tag=aj.dino.bone.body_0] run data modify entity @s {} merge value {transformation:[-0.9998277850326043f,-0.012751020094072293f,-0.013483759244256564f,0.01562499999999998f,-0.012414192453152752f,0.9996159543442313f,-0.024775626050773214f,0.4535675977818796f,0.013794495370712007f,-0.024603969334890452f,-0.9996020991326673f,0.16805255748661427f,0f,0f,0f,1f],start_interpolation:0}
execute if entity @s[tag=aj.dino.bone.leg_left_3] run data modify entity @s {} merge value {transformation:[-0.9495063837900382f,0.026746345180082218f,-0.3126055984167149f,0.2623001685192977f,-0.04831912994941633f,0.9720072561287814f,0.22992858829195117f,0.028133223496117632f,0.3100046593567522f,0.23342349293185158f,-0.9216347346560881f,-0.1581463038405411f,0f,0f,0f,1f],start_interpolation:0}
execute if entity @s[tag=aj.dino.bone.leg_left_2] run data modify entity @s {} merge value {transformation:[-0.9748741411693862f,-0.05694330635696992f,-0.31375160277053893f,0.23781803805132024f,-0.048672749354624886f,1.0239607121960426f,-0.034606687936440124f,0.2656719672739452f,0.3151405588784275f,-0.018003311939876754f,-0.9759223885174897f,-0.19201432058519485f,0f,0f,0f,1f],start_interpolation:0}
execute if entity @s[tag=aj.dino.bone.leg_left_1] run data modify entity @s {} merge value {transformation:[-0.9008599261138046f,0.25933096043618276f,0.34813624700895107f,0.30774750334489925f,0.3441370077158f,-0.06221496005316285f,0.9368559220424448f,0.1922290783552889f,0.26461502875431253f,0.9637825230335062f,-0.03319841641590676f,0.06630601854976698f,0f,0f,0f,1f],start_interpolation:0}
execute if entity @s[tag=aj.dino.bone.leg_left_0] run data modify entity @s {} merge value {transformation:[-0.9636386132189029f,-0.013361950900971906f,-0.26687465481320927f,0.21217875f,0.07862554894706211f,0.9403545907680269f,-0.33098529676447863f,0.5975293588745373f,0.25537941609754444f,-0.3399333786047155f,-0.9051114030571377f,0.03621325264874821f,0f,0f,0f,1f],start_interpolation:0}
execute if entity @s[tag=aj.dino.bone.leg_right_3] run data modify entity @s {} merge value {transformation:[-0.9935909147786953f,0.021891547054889035f,0.11089569079445293f,-0.19176408848906087f,0.041675946603978935f,0.9828979957409427f,0.1793729228258829f,0.03359173404677718f,-0.10507240143775941f,0.18284498936525806f,-0.9775108696685277f,-0.0777250658506773f,0f,0f,0f,1f],start_interpolation:0}
execute if entity @s[tag=aj.dino.bone.leg_right_2] run data modify entity @s {} merge value {transformation:[-1.0194405674068197f,-0.015195004311151184f,0.11212600443224538f,-0.1902592882082701f,0.04046498944645313f,0.9002339644369818f,0.4899016160453728f,0.2585123418408027f,-0.1056679405262272f,0.4913350390708497f,-0.8941400143304666f,0.00933541790456438f,0f,0f,0f,1f],start_interpolation:0}
execute if entity @s[tag=aj.dino.bone.leg_right_1] run data modify entity @s {} merge value {transformation:[-0.9437726242056917f,-0.03915365773407384f,-0.3282685255792049f,-0.20228180354201017f,-0.3284610002046733f,0.22370062122941925f,0.9176444863922617f,0.26407488148579966f,0.03750473496037107f,0.9738711532577682f,-0.22398297191513805f,0.2865319239025901f,0f,0f,0f,1f],start_interpolation:0}
execute if entity @s[tag=aj.dino.bone.leg_right_0] run data modify entity @s {} merge value {transformation:[-0.9561733076250295f,-0.18107306213415159f,0.23009813548738783f,-0.18092875f,-0.2927178649779867f,0.6099044754516031f,-0.7364324696445926f,0.5975293588745373f,-0.006989800293265111f,-0.7715109052978231f,-0.6361776997808031f,0.03621325264874817f,0f,0f,0f,1f],start_interpolation:0}
execute if entity @s[tag=aj.dino.bone.tail_4] run data modify entity @s {} merge value {transformation:[-1.3071610072829885f,0.450171773204825f,2.390467905504809f,0.3565651554437265f,2.2921389325098556f,-0.6805087417534234f,1.3815456192503206f,1.4452349021735502f,0.8143037189596418f,2.6381649983666287f,-0.05153859021839624f,-1.1924989636909695f,0f,0f,0f,1f],start_interpolation:0}
execute if entity @s[tag=aj.dino.bone.tail_3] run data modify entity @s {} merge value {transformation:[-1.4409191485068265f,0.3894138869199336f,1.4519140326426756f,0.10656346912551284f,1.502905417507312f,0.4149225058230294f,1.3802391626936088f,1.207137003254553f,-0.031190375726804075f,2.0030331162713937f,-0.5681822081221599f,-1.115757509422927f,0f,0f,0f,1f],start_interpolation:0}
execute if entity @s[tag=aj.dino.bone.tail_2] run data modify entity @s {} merge value {transformation:[-1.7873492111923317f,0.2661815560033495f,0.743844104296433f,-0.032973832971875526f,0.7756457496637494f,0.940800988775985f,1.5271021725966685f,0.9240494584486035f,-0.1501011101940524f,1.6919854472673639f,-0.966141179102075f,-0.9358623531005228f,0f,0f,0f,1f],start_interpolation:0}
execute if entity @s[tag=aj.dino.bone.tail_1] run data modify entity @s {} merge value {transformation:[-1.5115554340805477f,0.00967458144117742f,-0.05256255487992549f,-0.02033712177889756f,-0.02350575763094389f,1.215583808368382f,0.899699802262297f,0.7156072994261996f,0.047998948527675826f,0.8999548084801586f,-1.214674315869764f,-0.6855248671517895f,0f,0f,0f,1f],start_interpolation:0}
execute if entity @s[tag=aj.dino.bone.tail_0] run data modify entity @s {} merge value {transformation:[-1.2717110657203625f,-0.02907361497032498f,-0.12546476326429148f,0.015625000000000038f,-0.044079290150964526f,1.2682728703290869f,0.1528942744220125f,0.7015337224374025f,0.12101114861116924f,0.15644285820645148f,-1.2628213058909123f,-0.31272388602555723f,0f,0f,0f,1f],start_interpolation:0}
execute if entity @s[tag=aj.dino.bone.body_1] run data modify entity @s {} merge value {transformation:[-1.2363675f,-4.5882979316495276e-17f,1.4429188875892106e-16f,0.015625000000000007f,0f,1.1782326860232901f,0.3746629587276984f,0.5350675f,-1.5141135014448153e-16f,0.3746629587276984f,-1.1782326860232901f,-0.06403750000000002f,0f,0f,0f,1f],start_interpolation:0}