execute if entity @s[tag=aj.dino.bone.head_lower] run data modify entity @s {} merge value {transformation:[-0.9054113133769733f,-0.4049177730905906f,-0.12756155629475924f,0.09563294206865022f,-0.423049288881183f,0.8354295053070986f,0.35083734242446607f,1.0764776633243014f,-0.035491587540001326f,0.3716169246652975f,-0.9277075015953018f,0.48295315942954054f,0f,0f,0f,1f],start_interpolation:0}
execute if entity @s[tag=aj.dino.bone.head_upper] run data modify entity @s {} merge value {transformation:[-0.9424422588393777f,-0.2742855485190463f,-0.34647073355601665f,0.06529659196278036f,-0.4403518285258864f,0.5146957003350605f,0.7903483698686404f,1.1423828558499196f,-0.03694317868222591f,0.8621645530371301f,-0.5820476162812159f,0.46217653910254464f,0f,0f,0f,1f],start_interpolation:0}
execute if entity @s[tag=aj.dino.bone.neck_0] run data modify entity @s {} merge value {transformation:[-0.8400870828714457f,-0.5339954676688706f,0.09540719942252093f,0.08040500118635997f,-0.5411722180340789f,0.8371131859325817f,-0.07983823874484275f,1.1238073153140233f,-0.03723336703308028f,-0.11870279881665438f,-0.9922314860618324f,0.3999557908040148f,0f,0f,0f,1f],start_interpolation:0}
execute if entity @s[tag=aj.dino.bone.neck_1] run data modify entity @s {} merge value {transformation:[-0.9599788064684275f,-0.27951816590777334f,-0.017614938518425684f,0.07762507944721489f,-0.2382570778913512f,0.8480953519260287f,-0.473252405039996f,1.0876236944437239f,0.14722179175016192f,-0.45011539516997223f,-0.8807507451401057f,0.32327101747599424f,0f,0f,0f,1f],start_interpolation:0}
execute if entity @s[tag=aj.dino.bone.neck_2] run data modify entity @s {} merge value {transformation:[-0.9872466506670544f,-0.15690565373548734f,-0.02691963173080518f,0.07373051339425436f,-0.10114640882024445f,0.7487932941731763f,-0.6550404617915226f,1.0375683915330873f,0.12293679160223277f,-0.643963677878747f,-0.7551141151133558f,0.2508125507524692f,0f,0f,0f,1f],start_interpolation:0}
execute if entity @s[tag=aj.dino.bone.body_0] run data modify entity @s {} merge value {transformation:[-0.9797395720590335f,-0.15612756084980642f,-0.1254374572632583f,0.013124999999999998f,0.039313963806660926f,0.4642108743519534f,-0.8848517821551831f,0.6249632536393279f,0.19637918217415593f,-0.8718557500392395f,-0.44866777010626097f,0.031051597366715117f,0f,0f,0f,1f],start_interpolation:0}
execute if entity @s[tag=aj.dino.bone.leg_left_3] run data modify entity @s {} merge value {transformation:[-0.9280297157540325f,0.0235563625795588f,-0.3717606010048806f,0.3043283942157327f,-0.027841827328370518f,0.9908206886779967f,0.1322845249402903f,0.06287722252834915f,0.3714642369441598f,0.13311446453966397f,-0.9188551898976313f,-0.15901135524558457f,0f,0f,0f,1f],start_interpolation:0}
execute if entity @s[tag=aj.dino.bone.leg_left_2] run data modify entity @s {} merge value {transformation:[-0.9530378308728427f,-0.10535077458496836f,-0.36425582592489647f,0.2670356228553059f,-0.02821350056134554f,1.0022882183453217f,-0.2160660205884545f,0.2897879733315642f,0.3781336943621346f,-0.19073998312153287f,-0.9341816565997941f,-0.2317563374793842f,0f,0f,0f,1f],start_interpolation:0}
execute if entity @s[tag=aj.dino.bone.leg_left_1] run data modify entity @s {} merge value {transformation:[-0.9261756523622793f,0.29326147845192774f,0.2370577276266182f,0.3525783161992334f,0.3264199323879956f,0.30872945466229407f,0.8933846604703595f,0.3197774892030155f,0.1888086033821625f,0.9048114881455211f,-0.3816640960435827f,0.030534459562807953f,0f,0f,0f,1f],start_interpolation:0}
execute if entity @s[tag=aj.dino.bone.leg_left_0] run data modify entity @s {} merge value {transformation:[-0.950942676626294f,-0.13957973294038595f,-0.27608970267489175f,0.20967875000000002f,0.10503726335933569f,0.6937507161818298f,-0.7125146434307015f,0.6623829859114547f,0.29099003260730627f,-0.7065602889700839f,-0.6450560897888726f,-0.16053742787667813f,0f,0f,0f,1f],start_interpolation:0}
execute if entity @s[tag=aj.dino.bone.leg_right_3] run data modify entity @s {} merge value {transformation:[-0.9987464545496827f,0.03752571573236975f,0.033126125387854276f,-0.2030415307582141f,0.039421893483143164f,0.997504233250582f,0.05857660762943305f,0.03594535312184749f,-0.030845321179105545f,0.059809073775993774f,-0.9977331511257987f,-0.10721226230795391f,0f,0f,0f,1f],start_interpolation:0}
execute if entity @s[tag=aj.dino.bone.leg_right_2] run data modify entity @s {} merge value {transformation:[-1.024544745227991f,0.03782696201957921f,0.03064939592837763f,-0.19168746074679394f,0.03930198239577769f,1.0237108167378886f,0.05033604448406648f,0.27606549513713946f,-0.028733581506089973f,0.051453708699269615f,-1.0240063948314084f,-0.12682028512381732f,0f,0f,0f,1f],start_interpolation:0}
execute if entity @s[tag=aj.dino.bone.leg_right_1] run data modify entity @s {} merge value {transformation:[-0.9386084417908807f,0.04839881995110834f,-0.3415724626287006f,-0.1791162650566514f,-0.26957506751464294f,0.5149469756420122f,0.8137314638451809f,0.36743447502275506f,0.21527534920043823f,0.8558546409902126f,-0.4702864632563263f,0.13491824893899085f,0f,0f,0f,1f],start_interpolation:0}
execute if entity @s[tag=aj.dino.bone.leg_right_0] run data modify entity @s {} merge value {transformation:[-0.9561733076250295f,-0.27132893396307084f,0.1100600535156791f,-0.18342874999999997f,-0.23956301770408173f,0.508824748090275f,-0.8268657305024694f,0.6623829859114547f,0.16835131818291316f,-0.8169932590452211f,-0.5515250205935756f,-0.16053742787667818f,0f,0f,0f,1f],start_interpolation:0}
execute if entity @s[tag=aj.dino.bone.tail_4] run data modify entity @s {} merge value {transformation:[-1.7260254635704622f,1.1721340913325038f,1.8090326427796974f,-0.23072248088652583f,1.948030323722333f,1.8403863943469565f,0.6661959989078807f,0.32270813298841516f,-0.9228625512852024f,1.6925545554098793f,-1.9771811045012124f,-1.7428403253821931f,0f,0f,0f,1f],start_interpolation:0}
execute if entity @s[tag=aj.dino.bone.tail_3] run data modify entity @s {} merge value {transformation:[-1.8855113445007639f,0.8461567299364925f,0.2545806044979599f,-0.28217025149479635f,0.8832760434022804f,1.8216984836049648f,0.487014981317236f,0.22230163955892837f,-0.024817875714449905f,0.5489799169905913f,-2.0084697283828974f,-1.4076502801669468f,0f,0f,0f,1f],start_interpolation:0}
execute if entity @s[tag=aj.dino.bone.tail_2] run data modify entity @s {} merge value {transformation:[-1.8053823969028917f,0.6052874540726092f,-0.43931238759935304f,-0.20169398924273024f,0.6021665659120358f,1.8571707159032604f,0.08417977127465354f,0.20753999213098467f,0.44358054832651467f,-0.05760125811513082f,-1.9022860634543581f,-1.0537051587875297f,0f,0f,0f,1f],start_interpolation:0}
execute if entity @s[tag=aj.dino.bone.tail_1] run data modify entity @s {} merge value {transformation:[-1.4099687240871415f,0.04162059939042704f,-0.5458133131414623f,-0.08340277823837884f,0.20985305290135237f,1.4339953110867454f,-0.4327532714714136f,0.2829340689246884f,0.5055750619681125f,-0.47914655742018053f,-1.3425604951838592f,-0.7594270597343089f,0f,0f,0f,1f],start_interpolation:0}
execute if entity @s[tag=aj.dino.bone.tail_0] run data modify entity @s {} merge value {transformation:[-1.2266515514019012f,-0.11659840128527776f,-0.339950732967373f,0.013125000000000064f,0.12518558316506664f,0.9947317301295682f,-0.7928890662791902f,0.5386393311550076f,0.33688315154510035f,-0.7941972767991472f,-0.9431840458329899f,-0.5029721549325732f,0f,0f,0f,1f],start_interpolation:0}
execute if entity @s[tag=aj.dino.bone.body_1] run data modify entity @s {} merge value {transformation:[-1.2363675f,4.885792074038621e-17f,1.4331189948326318e-16f,0.013125000000000027f,0f,1.1702304663111234f,-0.39895519895534776f,0.5525675f,-1.5141135014448153e-16f,-0.39895519895534776f,-1.1702304663111234f,-0.20403749999999998f,0f,0f,0f,1f],start_interpolation:0}