execute if entity @s[tag=aj.dino.bone.head_lower] run data modify entity @s {} merge value {transformation:[-0.9549571768543914f,-0.029464776891048844f,-0.2952771872276133f,0.04394245625385555f,-0.16901658521772986f,0.8718876434631477f,0.45961432864698304f,0.350193782498357f,0.24390609729079787f,0.4888187436044569f,-0.8375953985101229f,0.8290469401124917f,0f,0f,0f,1f],start_interpolation:0}
execute if entity @s[tag=aj.dino.bone.head_upper] run data modify entity @s {} merge value {transformation:[-0.9940145274889124f,0.0821970813673007f,-0.2977426767179981f,0.024954003728122277f,-0.17592929312955785f,0.6740462500792914f,0.7734225747652357f,0.4185924140912852f,0.253881755042451f,0.7889088890057264f,-0.6297926340374439f,0.8034242478517296f,0f,0f,0f,1f],start_interpolation:0}
execute if entity @s[tag=aj.dino.bone.neck_0] run data modify entity @s {} merge value {transformation:[-0.9797303070943955f,-0.0668084274601196f,-0.18885221571648841f,0.014143466760948756f,-0.0930879469957823f,0.9866133333411606f,0.13389833679905888f,0.41126602635083986f,0.17737857673583796f,0.14876412367822334f,-0.9728340434120397f,0.7380469384282384f,0f,0f,0f,1f],start_interpolation:0}
execute if entity @s[tag=aj.dino.bone.neck_1] run data modify entity @s {} merge value {transformation:[-0.9971735312695909f,-0.0682616197238045f,-0.03138948562841745f,0.011169892591857824f,-0.07392407571965558f,0.966042187290642f,0.24758377047719962f,0.4366900568488208f,0.013423098164304275f,0.24920442140418528f,-0.9683578764012178f,0.657162370218784f,0f,0f,0f,1f],start_interpolation:0}
execute if entity @s[tag=aj.dino.bone.neck_2] run data modify entity @s {} merge value {transformation:[-0.9971714844137809f,-0.07063221464475886f,-0.025692818576272078f,0.00822747546193072f,-0.0751576081956512f,0.93981555916297f,0.333313739119021f,0.47509222195762046f,0.0006038230912300373f,0.3343019668048194f,-0.9424658245199683f,0.5778683206908992f,0f,0f,0f,1f],start_interpolation:0}
execute if entity @s[tag=aj.dino.bone.body_0] run data modify entity @s {} merge value {transformation:[-0.9971714844137809f,-0.0745188928653462f,-0.00979618691836646f,0.0029006836998470525f,-0.0751576081956512f,0.9896804748551816f,0.12199955582185984f,0.5420180987417178f,0.0006038230912300373f,0.12239073615492793f,-0.9924818099598245f,0.11128129021391717f,0f,0f,0f,1f],start_interpolation:0}
execute if entity @s[tag=aj.dino.bone.leg_left_3] run data modify entity @s {} merge value {transformation:[-0.9813567950834f,-0.008082858818987175f,-0.19202475917690878f,0.20521059397793462f,-0.020736088079047244f,0.9977359915686558f,0.06397582183676334f,0.026516262211615932f,0.1910729059673702f,0.06676494980020278f,-0.9793026018975752f,-0.12883800060822395f,0f,0f,0f,1f],start_interpolation:0}
execute if entity @s[tag=aj.dino.bone.leg_left_2] run data modify entity @s {} merge value {transformation:[-1.0071729840031218f,-0.06959310961322258f,-0.18116726770943845f,0.18182715483039424f,-0.021072935247422157f,0.991041212282902f,-0.263544012372864f,0.24934914734320765f,0.19292669902063658f,-0.2550613929074574f,-0.9745692249162203f,-0.21811169294577515f,0f,0f,0f,1f],start_interpolation:0}
execute if entity @s[tag=aj.dino.bone.leg_left_1] run data modify entity @s {} merge value {transformation:[-0.9425656794777422f,0.12107543640768609f,0.3113048001065041f,0.2169809127006752f,0.33375463808901373f,0.30418429681460907f,0.8922330161597211f,0.2780188895109689f,0.013333470093474912f,0.9448876400239818f,-0.32712316687323795f,0.05566859277874037f,0f,0f,0f,1f],start_interpolation:0}
execute if entity @s[tag=aj.dino.bone.leg_left_0] run data modify entity @s {} merge value {transformation:[-0.9694191875007759f,0.21196310818344666f,-0.12368540606938155f,0.19755346094870296f,0.24348443593075506f,0.8937459979323242f,-0.3767405216318469f,0.6879129530988457f,0.03068824473340491f,-0.3953349617086333f,-0.9180242369817999f,-0.021251556195995308f,0f,0f,0f,1f],start_interpolation:0}
execute if entity @s[tag=aj.dino.bone.leg_right_3] run data modify entity @s {} merge value {transformation:[-0.9861871840158639f,-0.013318970491376966f,0.16509828317674963f,-0.16818492095676688f,-0.012326988251056718f,0.9998992956422872f,0.007031638124662815f,0.01739155951539567f,-0.16517531124087126f,0.00489934680419013f,-0.9862520534616767f,-0.10357254592294773f,0f,0f,0f,1f],start_interpolation:0}
execute if entity @s[tag=aj.dino.bone.leg_right_2] run data modify entity @s {} merge value {transformation:[-1.012026711090189f,0.008314546248317432f,0.16671833690795326f,-0.159524432670788f,-0.01324726954994751f,1.017196122844994f,-0.13114403158084417f,0.2504661123878114f,-0.16639905465518806f,-0.13154890911935024f,-1.0035279959323822f,-0.16499176776747723f,0f,0f,0f,1f],start_interpolation:0}
execute if entity @s[tag=aj.dino.bone.leg_right_1] run data modify entity @s {} merge value {transformation:[-0.9318939017989166f,-0.10572010065566013f,-0.3469827317134788f,-0.1884018668489605f,-0.3622721869310298f,0.3193588030803588f,0.8756533660480552f,0.28356967136423417f,0.018237827891501805f,0.9417182249550219f,-0.3359079731434822f,0.10902216224000513f,0f,0f,0f,1f],start_interpolation:0}
execute if entity @s[tag=aj.dino.bone.leg_right_0] run data modify entity @s {} merge value {transformation:[-0.9490061684931506f,-0.2628312411722891f,0.1740891462032705f,-0.19542361333625285f,-0.3150454801659243f,0.8109066123227818f,-0.4931296092491425f,0.6787339041897147f,-0.01156017253210151f,-0.5228290397013384f,-0.8523591717439334f,-0.025525980579473112f,0f,0f,0f,1f],start_interpolation:0}
execute if entity @s[tag=aj.dino.bone.tail_4] run data modify entity @s {} merge value {transformation:[-2.7401668417534117f,0.3077187045419924f,-0.14985396167645962f,0.17065689551631044f,0.2751882846098396f,2.6996565498874823f,0.5116514949290261f,0.7774633320257655f,0.20351515660664118f,0.49277281086177144f,-2.7095050967855294f,-1.7777042613949254f,0f,0f,0f,1f],start_interpolation:0}
execute if entity @s[tag=aj.dino.bone.tail_3] run data modify entity @s {} merge value {transformation:[-2.0784900629300402f,0.10598030445904166f,0.06776990048901588f,0.15812852429047344f,0.10811682684159185f,2.0784499765264046f,0.06558942655287654f,0.7460025243460656f,-0.064306578973131f,0.06898837719934259f,-2.0801564349242145f,-1.425661705829076f,0f,0f,0f,1f],start_interpolation:0}
execute if entity @s[tag=aj.dino.bone.tail_2] run data modify entity @s {} merge value {transformation:[-1.9257094455878008f,0.07776493387184719f,0.32306287505160425f,0.09666638960404209f,0.05689358842995763f,1.9490080392344802f,-0.13001791260324855f,0.7706784120949028f,-0.3273837591760835f,-0.118718798267379f,-1.922888347296447f,-1.0684712936778895f,0f,0f,0f,1f],start_interpolation:0}
execute if entity @s[tag=aj.dino.bone.tail_1] run data modify entity @s {} merge value {transformation:[-1.4931132155525597f,0.03658717417671295f,0.2386012452357653f,0.04630130171256298f,0.02415052271687485f,1.5101663135559045f,-0.08044070893192996f,0.7695050593532222f,-0.24017894952471722f,-0.07559982861576235f,-1.4913936395594796f,-0.7463864319351257f,0f,0f,0f,1f],start_interpolation:0}
execute if entity @s[tag=aj.dino.bone.tail_0] run data modify entity @s {} merge value {transformation:[-1.2694422482109893f,0.00006776152270105536f,0.1495061552225616f,0.0026137635164380567f,0.008080384013365647f,1.2763785379767045f,0.06803125583637423f,0.7804260329945263f,-0.14928764997565336f,0.06850941384111892f,-1.2676179922847106f,-0.37430573821148005f,0f,0f,0f,1f],start_interpolation:0}
execute if entity @s[tag=aj.dino.bone.body_1] run data modify entity @s {} merge value {transformation:[-1.2359572963909495f,-0.03149905508076234f,0.004686798826903426f,0.003645833333333349f,-0.028869145849824886f,1.1850427119039113f,0.3513473188136994f,0.6189216666666667f,-0.013443547601965106f,0.3511213117267206f,-1.1853850389368978f,-0.12237083333333332f,0f,0f,0f,1f],start_interpolation:0}