execute if entity @s[tag=aj.dino.bone.head_lower] run data modify entity @s {} merge value {transformation:[-0.9768966398610629f,0.21312008964232243f,0.015899132649700512f,0.12293536548013666f,0.16271413694516468f,0.6934870127848307f,0.7018545951527013f,0.4171986063672197f,0.13855347222770903f,0.6882264093229932f,-0.7121427840286139f,0.766458713058108f,0f,0f,0f,1f],start_interpolation:0}
execute if entity @s[tag=aj.dino.bone.head_upper] run data modify entity @s {} merge value {transformation:[-1.016851305391114f,0.1971901253557377f,0.10296319619205102f,0.13414556938091732f,0.16936907734866488f,0.3739286640880255f,0.9565371986467195f,0.49158880713769765f,0.1442202515112089f,0.9511915428655996f,-0.397375276556696f,0.7604682331417928f,0f,0f,0f,1f],start_interpolation:0}
execute if entity @s[tag=aj.dino.bone.neck_0] run data modify entity @s {} merge value {transformation:[-0.9715652502042215f,-0.23638950555771646f,-0.01345236996913407f,0.13742669584251632f,-0.22520288089719473f,0.9050574728912725f,0.3607695014815795f,0.5002988284594148f,-0.0731069561068714f,0.35354062344494697f,-0.9325579877642707f,0.6944522805847395f,0f,0f,0f,1f],start_interpolation:0}
execute if entity @s[tag=aj.dino.bone.neck_1] run data modify entity @s {} merge value {transformation:[-0.9650218560739966f,0.030940096773144524f,-0.260337334455062f,0.11551524384497963f,-0.03743625904972137f,0.9665732665564917f,0.2536427544533361f,0.526238581040132f,0.25948283913943243f,0.254516857575253f,-0.9316060462460285f,0.616705548486586f,0f,0f,0f,1f],start_interpolation:0}
execute if entity @s[tag=aj.dino.bone.neck_2] run data modify entity @s {} merge value {transformation:[-0.9580345865261456f,0.06393171176760631f,-0.27943240193317026f,0.09166080110814413f,-0.009075912012261269f,0.9675580642179733f,0.25248568313453695f,0.5578312186978251f,0.2865089158138413f,0.24442612093888777f,-0.9263738514023079f,0.5379413357901756f,0f,0f,0f,1f],start_interpolation:0}
execute if entity @s[tag=aj.dino.bone.body_0] run data modify entity @s {} merge value {transformation:[-0.9826627368121142f,0.005612918397161396f,-0.18531713581855383f,0.00437499999999999f,-0.0038326010393271194f,0.998713066355741f,0.050571951312823195f,0.5911795800551126f,0.18536250119751532f,0.05040541873033115f,-0.9813766029982685f,0.07590239757953274f,0f,0f,0f,1f],start_interpolation:0}
execute if entity @s[tag=aj.dino.bone.leg_left_3] run data modify entity @s {} merge value {transformation:[-0.9766457204224991f,-0.026262034016253377f,-0.21324502889808924f,0.233480690832416f,-0.038384876464830235f,0.9978613385874662f,0.05290888593809351f,0.03460175559072015f,0.2113994750211019f,0.05985862111475326f,-0.9755650708379443f,-0.13421918965828977f,0f,0f,0f,1f],start_interpolation:0}
execute if entity @s[tag=aj.dino.bone.leg_left_2] run data modify entity @s {} merge value {transformation:[-1.0024053424049757f,-0.09789608149085427f,-0.19406722095035436f,0.20310860011415155f,-0.039267898842555424f,0.9822739858133994f,-0.29267396265374035f,0.25446253974969546f,0.21378438001675537f,-0.2785971527558892f,-0.9637126464034068f,-0.2286111583866601f,0f,0f,0f,1f],start_interpolation:0}
execute if entity @s[tag=aj.dino.bone.leg_left_1] run data modify entity @s {} merge value {transformation:[-0.952735269552775f,0.1273761586356878f,0.27580939135826654f,0.24205914443077273f,0.30368965381660235f,0.37464910628527565f,0.876019772222292f,0.3037340212365176f,0.00825229149712537f,0.9183753924027255f,-0.39562423878496905f,0.041700812989559716f,0f,0f,0f,1f],start_interpolation:0}
execute if entity @s[tag=aj.dino.bone.leg_left_0] run data modify entity @s {} merge value {transformation:[-0.9780019002727108f,0.15621179908821345f,-0.1382394910602256f,0.20092875000000002f,0.2050269250952654f,0.8419347466160737f,-0.4991090486321682f,0.6987751954847458f,0.038421908450088395f,-0.5164724157843779f,-0.8554414069267992f,-0.08697723434953844f,0f,0f,0f,1f],start_interpolation:0}
execute if entity @s[tag=aj.dino.bone.leg_right_3] run data modify entity @s {} merge value {transformation:[-0.991639500258167f,-0.009715916265226304f,0.12867285066734158f,-0.18045884527264028f,-0.006328434167915658f,0.9996232176812825f,0.026709054522805226f,0.017704656538164887f,-0.12888387194957823f,0.025671455814716276f,-0.9913273545643932f,-0.11454845422870354f,0f,0f,0f,1f],start_interpolation:0}
execute if entity @s[tag=aj.dino.bone.leg_right_2] run data modify entity @s {} merge value {transformation:[-1.0175193577136574f,0.022833791894864248f,0.1272602613795148f,-0.16962485200651836f,-0.006781637601128166f,0.9987632242420554f,-0.23342714236728174f,0.24331149060567078f,-0.1291145443787314f,-0.23240662501316597f,-0.9906456453144874f,-0.1991371832530963f,0f,0f,0f,1f],start_interpolation:0}
execute if entity @s[tag=aj.dino.bone.leg_right_1] run data modify entity @s {} merge value {transformation:[-0.938533203698697f,-0.06364880446420074f,-0.33927018030669653f,-0.18761410038892307f,-0.33165181846603714f,0.43881327239602463f,0.8351347096590246f,0.3116258773086172f,0.09572093221041643f,0.8963212268262816f,-0.4329500681110916f,0.0692336742776761f,0f,0f,0f,1f],start_interpolation:0}
execute if entity @s[tag=aj.dino.bone.leg_right_0] run data modify entity @s {} merge value {transformation:[-0.9561733076250296f,-0.2726678910384079f,0.10669970469536234f,-0.19217874999999998f,-0.2856369633459207f,0.7885196413738738f,-0.5446542943355343f,0.6987751954847458f,0.06437492490039698f,-0.551261277766074f,-0.8318454620179061f,-0.0869772343495385f,0f,0f,0f,1f],start_interpolation:0}
execute if entity @s[tag=aj.dino.bone.tail_4] run data modify entity @s {} merge value {transformation:[-2.601989822684983f,0.3821488047271074f,-0.8421832254856525f,-0.5573008204104599f,0.20720908938154547f,2.691647111951909f,0.5811725643891094f,0.5387326371437651f,0.9013183053291685f,0.48441660517222795f,-2.5648834664974483f,-1.6958172172145576f,0f,0f,0f,1f],start_interpolation:0}
execute if entity @s[tag=aj.dino.bone.tail_3] run data modify entity @s {} merge value {transformation:[-1.6836249705539872f,-0.010491668467128061f,-1.2252519779475186f,-0.3494406938557929f,-0.005318768002019515f,2.082259958166518f,-0.01052156679173131f,0.5201401576585309f,1.2252853525928036f,-0.005377504401489438f,-1.683624783974263f,-1.4102840476351992f,0f,0f,0f,1f],start_interpolation:0}
execute if entity @s[tag=aj.dino.bone.tail_2] run data modify entity @s {} merge value {transformation:[-1.6017437537704111f,-0.1346790727700046f,-1.1113291004999655f,-0.14406349004695532f,0.05418442817496812f,1.9283736683130095f,-0.31178986209168924f,0.5786001405196972f,1.1181479642710985f,-0.28637461081180837f,-1.576866699274723f,-1.116389307075461f,0f,0f,0f,1f],start_interpolation:0}
execute if entity @s[tag=aj.dino.bone.tail_1] run data modify entity @s {} merge value {transformation:[-1.4410556758215185f,-0.05511114040083258f,-0.45604555845475275f,-0.043877153120484895f,0.019481042696971092f,1.4928926232894721f,-0.24196767202111302f,0.6124012021832651f,0.458950191369419f,-0.23641198686106818f,-1.4216646384820775f,-0.8080115142263332f,0f,0f,0f,1f],start_interpolation:0}
execute if entity @s[tag=aj.dino.bone.tail_0] run data modify entity @s {} merge value {transformation:[-1.267089080230706f,-0.021561515829554134f,-0.1669014091590094f,0.004375000000000055f,0.011192771624010837f,1.254077014122256f,-0.24698437419725086f,0.7148388890675451f,0.16791575628124925f,-0.2462958795216981f,-1.2429715825823038f,-0.4507298867588454f,0f,0f,0f,1f],start_interpolation:0}
execute if entity @s[tag=aj.dino.bone.body_1] run data modify entity @s {} merge value {transformation:[-1.2363675f,-9.431660674929704e-18f,1.5111730784224476e-16f,0.00437500000000002f,0f,1.2339664623911035f,0.07701535399019858f,0.6138175f,-1.5141135014448153e-16f,0.07701535399019858f,-1.2339664623911035f,-0.16903749999999998f,0f,0f,0f,1f],start_interpolation:0}