execute if entity @s[tag=aj.dino.bone.head_lower] run data modify entity @s {} merge value {transformation:[-0.837258847676735f,-0.532855920597946f,-0.12272811361192304f,0.06170659687841576f,-0.5378172518771249f,0.7619536264340642f,0.36080365123889135f,1.0671140096108205f,-0.09874323050398319f,0.3680913460646611f,-0.9245315221137371f,0.4780133232580984f,0f,0f,0f,1f],start_interpolation:0}
execute if entity @s[tag=aj.dino.bone.head_upper] run data modify entity @s {} merge value {transformation:[-0.8715023856888603f,-0.38722077897204027f,-0.4171517741235415f,0.023983773064849605f,-0.5598137533883778f,0.44539351895762186f,0.756111841840392f,1.1290657795290844f,-0.1027817874885834f,0.8574127501888111f,-0.5811636796616069f,0.45717050052887104f,0f,0f,0f,1f],start_interpolation:0}
execute if entity @s[tag=aj.dino.bone.neck_0] run data modify entity @s {} merge value {transformation:[-0.8246907288482707f,-0.5445789555844541f,0.15270547759086153f,0.04296401129508172f,-0.5568891066614974f,0.8290161721044174f,-0.05105594256399787f,1.1124878644670166f,-0.09879131861387122f,-0.1271453794830309f,-0.9869520392818736f,0.3954480609852546f,0f,0f,0f,1f],start_interpolation:0}
execute if entity @s[tag=aj.dino.bone.neck_1] run data modify entity @s {} merge value {transformation:[-0.9445366866351711f,-0.31902021815674575f,0.07795221618065064f,0.04809790086089934f,-0.31970909107887363f,0.838979779445585f,-0.4403396720293984f,1.0790503897593646f,0.07507692509535172f,-0.4408390069953655f,-0.8944408450141168f,0.31764629167611635f,0f,0f,0f,1f],start_interpolation:0}
execute if entity @s[tag=aj.dino.bone.neck_2] run data modify entity @s {} merge value {transformation:[-0.9829230031106346f,-0.16911671918261076f,0.07253899123148397f,0.05279710215646432f,-0.17662121192259875f,0.7563901289325408f,-0.6298245155219087f,1.0312785706218592f,0.051646078795623884f,-0.6318809287724425f,-0.7733428569520195f,0.2437091481174295f,0f,0f,0f,1f],start_interpolation:0}
execute if entity @s[tag=aj.dino.bone.body_0] run data modify entity @s {} merge value {transformation:[-0.9886393003782835f,-0.12872903237849334f,-0.07759619816998056f,0.014999999999999998f,0.009891301936104893f,0.45941131717937644f,-0.8881685672176871f,0.6170645225845705f,0.14998165185630838f,-0.8788458783372699f,-0.4529187854748861f,0.021878117420050858f,0f,0f,0f,1f],start_interpolation:0}
execute if entity @s[tag=aj.dino.bone.leg_left_3] run data modify entity @s {} merge value {transformation:[-0.9214975486334832f,0.0430241729892122f,-0.3859937673085869f,0.3069530634251802f,-0.014386599244991775f,0.9893818687723119f,0.14462552854448701f,0.05957177964655522f,0.38811762859298876f,0.13882520766489975f,-0.9110939952014573f,-0.17075942573844882f,0f,0f,0f,1f],start_interpolation:0}
execute if entity @s[tag=aj.dino.bone.leg_left_2] run data modify entity @s {} merge value {transformation:[-0.9463832057516688f,-0.09021968340945807f,-0.3850732866577298f,0.2725542985085166f,-0.014363655989173791f,1.0058390024530017f,-0.20035914262061913f,0.28781711230028406f,0.39524006977850007f,-0.1794728652764593f,-0.9293207074910358f,-0.2407012956020178f,0f,0f,0f,1f],start_interpolation:0}
execute if entity @s[tag=aj.dino.bone.leg_left_1] run data modify entity @s {} merge value {transformation:[-0.9152801596011626f,0.3163193188254203f,0.24940793487435872f,0.3634890872972467f,0.34284008065252014f,0.2866659934898844f,0.8945855393838151f,0.31142196762479885f,0.211477915013941f,0.9043034317718142f,-0.37082663705170466f,0.020425226706275168f,0f,0f,0f,1f],start_interpolation:0}
execute if entity @s[tag=aj.dino.bone.leg_left_0] run data modify entity @s {} merge value {transformation:[-0.9398354292133231f,-0.17006984355439755f,-0.2962863721280332f,0.21155375f,0.10494277493735746f,0.6816230515821584f,-0.7241388192468854f,0.650201042924523f,0.3251097968131009f,-0.7116644320641639f,-0.6227658919296523f,-0.17049797770819303f,0f,0f,0f,1f],start_interpolation:0}
execute if entity @s[tag=aj.dino.bone.leg_right_3] run data modify entity @s {} merge value {transformation:[-0.9986450688916292f,0.045280707871917306f,0.025645347980701377f,-0.2058844636757154f,0.04688578958997997f,0.9967244940313704f,0.06589389753560132f,0.03818501687850265f,-0.02257762416547131f,0.0670070182333635f,-0.9974970227497001f,-0.1170616732412271f,0f,0f,0f,1f],start_interpolation:0}
execute if entity @s[tag=aj.dino.bone.leg_right_2] run data modify entity @s {} merge value {transformation:[-1.024431103276239f,0.0444203444528191f,0.02509874776985352f,-0.19316520198410722f,0.04679987183325346f,1.0190714391439029f,0.10660850537485128f,0.27895116574318557f,-0.020319599831513498f,0.10762171909313456f,-1.019836692290888f,-0.12346120516983927f,0f,0f,0f,1f],start_interpolation:0}
execute if entity @s[tag=aj.dino.bone.leg_right_1] run data modify entity @s {} merge value {transformation:[-0.9387719227495916f,0.05904010801552338f,-0.3394429888840685f,-0.17781929599447222f,-0.2634545642216789f,0.5118958824445502f,0.817651697318045f,0.3694052381195819f,0.2220337128631594f,0.8570162607452847f,-0.46499909588123883f,0.13844707957817803f,0f,0f,0f,1f],start_interpolation:0}
execute if entity @s[tag=aj.dino.bone.leg_right_0] run data modify entity @s {} merge value {transformation:[-0.9561733076250295f,-0.26842551923644803f,0.11696301299151739f,-0.18155374999999999f,-0.23574788166732558f,0.46885689981588774f,-0.8512321327255001f,0.650201042924523f,0.17365351155326314f,-0.8414992264510277f,-0.511589200245219f,-0.17049797770819308f,0f,0f,0f,1f],start_interpolation:0}
execute if entity @s[tag=aj.dino.bone.tail_4] run data modify entity @s {} merge value {transformation:[-1.2995836771373233f,0.5627276414521702f,2.370671044085178f,0.04052231755101904f,2.115758070971228f,1.5931804931774094f,0.7816681091608461f,0.3132878154097426f,-1.2084334416252887f,2.1842103491432923f,-1.1809212926596744f,-1.714283254119376f,0f,0f,0f,1f],start_interpolation:0}
execute if entity @s[tag=aj.dino.bone.tail_3] run data modify entity @s {} merge value {transformation:[-1.6903316436643558f,0.6343913239845296f,1.0374353514916275f,-0.14159639768662652f,0.9680144477694266f,1.7771655806414188f,0.49048552877485063f,0.2127286347991705f,-0.7359840279388224f,0.8804406130347737f,-1.737554995843971f,-1.428273939253784f,0f,0f,0f,1f],start_interpolation:0}
execute if entity @s[tag=aj.dino.bone.tail_2] run data modify entity @s {} merge value {transformation:[-1.8735338496951077f,0.5364165392766341f,0.1445755354127572f,-0.16973040731672057f,0.5463019330892221f,1.8712859738091152f,0.13644367750477282f,0.18821329129752246f,-0.1009900339260513f,0.17123076714926797f,-1.9440305842326309f,-1.0669168313891806f,0f,0f,0f,1f],start_interpolation:0}
execute if entity @s[tag=aj.dino.bone.tail_1] run data modify entity @s {} merge value {transformation:[-1.449990833284414f,0.03494080419618134f,-0.4289078847413446f,-0.07647605059313772f,0.15413260640610973f,1.4496591188984862f,-0.40297373194406116f,0.25706090331600495f,0.40177851240905066f,-0.43002770747544744f,-1.3933077362053874f,-0.7622197551474625f,0f,0f,0f,1f],start_interpolation:0}
execute if entity @s[tag=aj.dino.bone.tail_0] run data modify entity @s {} merge value {transformation:[-1.231111519578804f,-0.11830969546071277f,-0.3228048309805621f,0.015000000000000062f,0.1198239428494344f,0.9772455687142186f,-0.8151497026512778f,0.5188492686557591f,0.3222458155886766f,-0.8153708548706192f,-0.9301417741114371f,-0.5100870614296458f,0f,0f,0f,1f],start_interpolation:0}
execute if entity @s[tag=aj.dino.bone.body_1] run data modify entity @s {} merge value {transformation:[-1.2363675f,5.204271374678193e-17f,1.4218633161610612e-16f,0.015000000000000025f,0f,1.1610395071877198f,-0.42496100739426335f,0.5394425f,-1.5141135014448153e-16f,-0.42496100739426335f,-1.1610395071877198f,-0.2115375f,0f,0f,0f,1f],start_interpolation:0}