execute if entity @s[tag=aj.dino.bone.head_lower] run data modify entity @s {} merge value {transformation:[-0.7968861600805218f,-0.10949938707893342f,-0.5941231624010793f,0.10008040433458232f,-0.3963542418712279f,0.8369569109132824f,0.37736778376695057f,0.25757143316652137f,0.455933945679421f,0.5362023997557579f,-0.7103599254415758f,0.8410229351670909f,0f,0f,0f,1f],start_interpolation:0}
execute if entity @s[tag=aj.dino.bone.head_upper] run data modify entity @s {} merge value {transformation:[-0.8294784719919152f,0.06977404378757726f,-0.6249551903128691f,0.05830690384311648f,-0.41256496521616043f,0.7203289199706898f,0.6280034546987421f,0.31691106037032085f,0.474581454085232f,0.7481509021921284f,-0.5463649088026775f,0.820304832169942f,0f,0f,0f,1f],start_interpolation:0}
execute if entity @s[tag=aj.dino.bone.neck_0] run data modify entity @s {} merge value {transformation:[-0.903572967942658f,-0.21400214892917832f,-0.37115895766772294f,0.03807269286369213f,-0.26189498939044253f,0.9615041252346931f,0.0831915361611226f,0.30676799112828224f,0.3390677014041247f,0.17237429451737046f,-0.9248352266507597f,0.7575957330958184f,0f,0f,0f,1f],start_interpolation:0}
execute if entity @s[tag=aj.dino.bone.neck_1] run data modify entity @s {} merge value {transformation:[-0.9756955883897731f,-0.20289353582338548f,-0.08277881321823392f,0.030125535754337872f,-0.21833073142086284f,0.9323457784246101f,0.28820659460019094f,0.3354780728604524f,0.01870322202096992f,0.29927506173233404f,-0.9539835569396056f,0.6781595275888672f,0f,0f,0f,1f],start_interpolation:0}
execute if entity @s[tag=aj.dino.bone.neck_2] run data modify entity @s {} merge value {transformation:[-0.9754299867450685f,-0.20904740325057528f,-0.06953793319265975f,0.021986786539711756f,-0.21951909169220454f,0.8955291724217516f,0.3870902604357827f,0.378157873155322f,-0.018646966003747656f,0.3928443515386265f,-0.9194159048673516f,0.6014579904324835f,0f,0f,0f,1f],start_interpolation:0}
execute if entity @s[tag=aj.dino.bone.body_0] run data modify entity @s {} merge value {transformation:[-0.9754299867450685f,-0.21914290850660006f,-0.02264346726504897f,0.009227395198535429f,-0.21951909169220454f,0.9580832218226949f,0.1840866873091971f,0.4740441788509576f,-0.018646966003747656f,0.1845343483287394f,-0.9826491565893406f,0.14009704820203117f,0f,0f,0f,1f],start_interpolation:0}
execute if entity @s[tag=aj.dino.bone.leg_left_3] run data modify entity @s {} merge value {transformation:[-0.9712377087512266f,-0.047866254697380754f,-0.23325122670827061f,0.2564015320244175f,-0.08466019386268706f,0.9849961972800254f,0.15038331994945897f,0.03444167300559142f,0.22255328502360913f,0.1658050451739468f,-0.960717816177084f,-0.14427730176755288f,0f,0f,0f,1f],start_interpolation:0}
execute if entity @s[tag=aj.dino.bone.leg_left_2] run data modify entity @s {} merge value {transformation:[-0.996927144389849f,-0.11435254291807298f,-0.21241931222835148f,0.2216348009766689f,-0.0862636607161027f,1.0124106628694696f,-0.14016215626463593f,0.2659676625634197f,0.2252932513841742f,-0.11836530377211647f,-0.9936270956673716f,-0.20222609500380176f,0f,0f,0f,1f],start_interpolation:0}
execute if entity @s[tag=aj.dino.bone.leg_left_1] run data modify entity @s {} merge value {transformation:[-0.9457290737758307f,0.15955795017714952f,0.28308616983239493f,0.26880266656400087f,0.3003399006413798f,0.09658837320604044f,0.9489292019134707f,0.23589860195814388f,0.1240663656993119f,0.9824520073248754f,-0.13926805163241038f,0.06959080975014706f,0f,0f,0f,1f],start_interpolation:0}
execute if entity @s[tag=aj.dino.bone.leg_left_0] run data modify entity @s {} merge value {transformation:[-0.9850487521531358f,0.07998436267934672f,-0.15258262551263427f,0.19809114688976137f,0.12458854904865674f,0.9424417618116401f,-0.3102921511081487f,0.6456781988372761f,0.1189817184591839f,-0.3246629441746478f,-0.9383162171423602f,0.032337064550655575f,0f,0f,0f,1f],start_interpolation:0}
execute if entity @s[tag=aj.dino.bone.leg_right_3] run data modify entity @s {} merge value {transformation:[-0.98827200077194f,-0.022989739470338937f,0.15096332127146936f,-0.16151271471418446f,-0.020041863517847185f,0.9995781554890586f,0.021019866218021682f,0.029400385978045174f,-0.1513828794710913f,0.017747758962118915f,-0.9883158608738725f,-0.08956925359522412f,0f,0f,0f,1f],start_interpolation:0}
execute if entity @s[tag=aj.dino.bone.leg_right_2] run data modify entity @s {} merge value {transformation:[-1.0140227160486102f,-0.06258609175809385f,0.14107838940299028f,-0.1701683548683245f,-0.022310658294963537f,0.987175797198441f,0.27757589854445675f,0.26812258182589227f,-0.1527166178401673f,0.27134687402799496f,-0.9772976558302953f,-0.0562846450032666f,0f,0f,0f,1f],start_interpolation:0}
execute if entity @s[tag=aj.dino.bone.leg_right_1] run data modify entity @s {} merge value {transformation:[-0.9182626624648638f,-0.09827099937818601f,-0.3835837501826068f,-0.1948094455971766f,-0.39465821138385654f,0.14829456202603358f,0.9067820129782032f,0.2524573976463954f,-0.03222699039989819f,0.984048542275593f,-0.17495681620058545f,0.21968782520360122f,0f,0f,0f,1f],start_interpolation:0}
execute if entity @s[tag=aj.dino.bone.leg_right_0] run data modify entity @s {} merge value {transformation:[-0.9325728297807259f,-0.2135667749890255f,0.29102774743236504f,-0.1939186913016986f,-0.3538363360397959f,0.7004311412550701f,-0.6198355133888771f,0.6190704535977772f,-0.0714686256528144f,-0.6810179505570372f,-0.7287707366287363f,0.019934596625870465f,0f,0f,0f,1f],start_interpolation:0}
execute if entity @s[tag=aj.dino.bone.tail_4] run data modify entity @s {} merge value {transformation:[-2.6674789931799627f,0.6109122721667779f,-0.37013963346234385f,0.48040322867941504f,0.39594784252982906f,2.455619445768296f,1.199508138847161f,1.080260184991106f,0.5945102678167864f,1.1056132528513898f,-2.459641886165501f,-1.5841683759737561f,0f,0f,0f,1f],start_interpolation:0}
execute if entity @s[tag=aj.dino.bone.tail_3] run data modify entity @s {} merge value {transformation:[-2.063078578609362f,0.12435006277588707f,0.25335620461171354f,0.43622651594774886f,0.19791612441659595f,1.9700590156555315f,0.6447031941713304f,0.9516637736132747f,-0.2012001794818632f,0.6628348683996903f,-1.9636990479843077f,-1.2576839437756295f,0f,0f,0f,1f],start_interpolation:0}
execute if entity @s[tag=aj.dino.bone.tail_2] run data modify entity @s {} merge value {transformation:[-1.721227603989936f,0.04001679422856353f,0.9244176904654683f,0.26311605531188653f,0.2991387666326782f,1.8715623516477244f,0.4759666345397484f,0.8638491561603565f,-0.8755943173429813f,0.5607378131330927f,-1.6545940805412584f,-0.9506125427152607f,0f,0f,0f,1f],start_interpolation:0}
execute if entity @s[tag=aj.dino.bone.tail_1] run data modify entity @s {} merge value {transformation:[-1.361045040193959f,0.06294191295152678f,0.6566970109246936f,0.12233308966969056f,0.15216028382983554f,1.4949560012191654f,0.17207571718178866f,0.8084007192774159f,-0.6419189174562847f,0.22090975535907284f,-1.351589890979859f,-0.66185260014868f,0f,0f,0f,1f],start_interpolation:0}
execute if entity @s[tag=aj.dino.bone.tail_0] run data modify entity @s {} merge value {transformation:[-1.210909738686781f,0.004501990067639056f,0.40928358557725025f,0.0028395543683717587f,0.07609019742806963f,1.258334951103167f,0.21127978907499687f,0.7770257182076317f,-0.4021735983290011f,0.22451859500194768f,-1.1923437062732718f,-0.30800402288738193f,0f,0f,0f,1f],start_interpolation:0}
execute if entity @s[tag=aj.dino.bone.body_1] run data modify entity @s {} merge value {transformation:[-1.2329152296005035f,-0.09232475749916086f,0.0008779681710547667f,0.008854166666666677f,-0.08368436486812394f,1.1223964109226567f,0.511691136214814f,0.5824633333333333f,-0.03900716282949769f,0.5102029311528009f,-1.125511441677664f,-0.08070416666666666f,0f,0f,0f,1f],start_interpolation:0}