execute if entity @s[tag=aj.dino.bone.head_lower] run data modify entity @s {} merge value {transformation:[-1f,-1.032856634543009e-16f,6.580022455450647e-17f,0.015624999999999884f,0f,0.537299608346824f,0.8433914458128856f,0.28674371292965345f,-1.2246467991473532e-16f,0.8433914458128856f,-0.537299608346824f,0.9425729075115463f,0f,0f,0f,1f],start_interpolation:0}
execute if entity @s[tag=aj.dino.bone.head_upper] run data modify entity @s {} merge value {transformation:[-1.0408995833333334f,-2.2135529566497333e-17f,1.2553682639808664e-16f,0.015301874999999892f,0f,1.0250859797738436f,0.18075031578010037f,0.3222221982206006f,-1.2747343429629804e-16f,0.18075031578010037f,-1.0250859797738436f,0.8759648812422499f,0f,0f,0f,1f],start_interpolation:0}
execute if entity @s[tag=aj.dino.bone.neck_0] run data modify entity @s {} merge value {transformation:[-1f,3.1696191514317656e-17f,1.18291797137867e-16f,0.0156249999999999f,0f,0.9659258262890682f,-0.25881904510252074f,0.2898076862069662f,-1.2246467991473532e-16f,-0.25881904510252074f,-0.9659258262890682f,0.8177074245911978f,0f,0f,0f,1f],start_interpolation:0}
execute if entity @s[tag=aj.dino.bone.neck_1] run data modify entity @s {} merge value {transformation:[-1f,5.341834311772731e-18f,1.223481206754078e-16f,0.01562499999999991f,0f,0.9990482215818577f,-0.04361938736533599f,0.290715041868463f,-1.2246467991473532e-16f,-0.04361938736533599f,-0.9990482215818577f,0.7328739786501376f,0f,0f,0f,1f],start_interpolation:0}
execute if entity @s[tag=aj.dino.bone.neck_2] run data modify entity @s {} merge value {transformation:[-1f,-4.686520405326298e-17f,1.1314261122877005e-16f,0.015624999999999918f,0f,0.9238795325112867f,0.3826834323650898f,0.33328633871738095f,-1.2246467991473532e-16f,0.3826834323650898f,-0.9238795325112867f,0.6556819124856544f,0f,0f,0f,1f],start_interpolation:0}
execute if entity @s[tag=aj.dino.bone.body_0] run data modify entity @s {} merge value {transformation:[-1f,-2.1265768495757713e-17f,1.2060416625018979e-16f,0.015624999999999976f,0f,0.984807753012208f,0.17364817766693036f,0.42450759852827147f,-1.2246467991473532e-16f,0.17364817766693036f,-0.984807753012208f,0.19319992747257417f,0f,0f,0f,1f],start_interpolation:0}
execute if entity @s[tag=aj.dino.bone.leg_left_3] run data modify entity @s {} merge value {transformation:[-0.951069235447523f,0.034796121945015815f,-0.30701227871675046f,0.24638307519971364f,-0.043060428581340585f,0.969014970194971f,0.2432196271447502f,0.025225052725198344f,0.305962593915752f,0.24453878513566646f,-0.920101990916614f,-0.14873221522501257f,0f,0f,0f,1f],start_interpolation:0}
execute if entity @s[tag=aj.dino.bone.leg_left_2] run data modify entity @s {} merge value {transformation:[-0.9764560642138848f,-0.04330809933395675f,-0.310998653843878f,0.22516191598297552f,-0.04319865116602992f,1.024766351803408f,-0.007071085465766886f,0.26381105577478575f,0.3110138754108243f,0.006366493878787532f,-0.9773904217651848f,-0.1769714364666784f,0f,0f,0f,1f],start_interpolation:0}
execute if entity @s[tag=aj.dino.bone.leg_left_1] run data modify entity @s {} merge value {transformation:[-0.8931740563310753f,0.2556241965553964f,0.3699951016331179f,0.29277198878756355f,0.3499645782091262f,-0.12160647317247661f,0.9288361856008087f,0.17454262576464347f,0.28242680307648144f,0.9590975632426345f,0.01915633279202089f,0.07694471331243319f,0f,0f,0f,1f],start_interpolation:0}
execute if entity @s[tag=aj.dino.bone.leg_left_0] run data modify entity @s {} merge value {transformation:[-0.9638169443818481f,0.02514276083406366f,-0.2653765990061645f,0.21217875f,0.09181822832506716f,0.9659328055466847f,-0.24195707907799796f,0.5841722783920352f,0.2502524938330953f,-0.25756874178819095f,-0.933290968875176f,0.08088883736552793f,0f,0f,0f,1f],start_interpolation:0}
execute if entity @s[tag=aj.dino.bone.leg_right_3] run data modify entity @s {} merge value {transformation:[-0.9910621168708552f,0.024691202611207094f,0.13109624333699135f,-0.19115073065021213f,0.05065228768003885f,0.978775971641878f,0.19857477959015124f,0.030561555590463946f,-0.12341080283442778f,0.2034402660490563f,-0.9712784522955566f,-0.062471382950947535f,0f,0f,0f,1f],start_interpolation:0}
execute if entity @s[tag=aj.dino.bone.leg_right_2] run data modify entity @s {} merge value {transformation:[-1.0168949115530659f,-0.02436806219470548f,0.13188303872390786f,-0.19117752526462772f,0.04955010544788851f,0.8690018486353787f,0.5426258136313578f,0.24981732195050266f,-0.12462634315536997f,0.5443382993266822f,-0.8603640450289345f,0.03801732420531173f,0f,0f,0f,1f],start_interpolation:0}
execute if entity @s[tag=aj.dino.bone.leg_right_1] run data modify entity @s {} merge value {transformation:[-0.9449458247598288f,-0.05940224356155979f,-0.3217899341632987f,-0.20906791381565648f,-0.32722399615069575f,0.1674551626909903f,0.9299909810483672f,0.23946955211284543f,-0.001358164988650908f,0.9840884827839353f,-0.1776738963378598f,0.31475952069266666f,0f,0f,0f,1f],start_interpolation:0}
execute if entity @s[tag=aj.dino.bone.leg_right_0] run data modify entity @s {} merge value {transformation:[-0.9561733076250295f,-0.16075701897126785f,0.24472389878571746f,-0.18092875f,-0.2894106986539105f,0.6457162187956162f,-0.7066059809320522f,0.5841722783920352f,-0.044430319490929446f,-0.7464634925003123f,-0.6639414138869262f,0.0808888373655279f,0f,0f,0f,1f],start_interpolation:0}
execute if entity @s[tag=aj.dino.bone.tail_4] run data modify entity @s {} merge value {transformation:[-1.4801659506423828f,0.6996812338140403f,2.2237842209187906f,0.39922351214133384f,2.0315416429316744f,-0.9049506038462327f,1.6369374726093886f,1.628539618102535f,1.1435071679676538f,2.5133984776089133f,-0.02967795747343093f,-0.9835399103510326f,0f,0f,0f,1f],start_interpolation:0}
execute if entity @s[tag=aj.dino.bone.tail_3] run data modify entity @s {} merge value {transformation:[-1.493655805843713f,0.38845224549346247f,1.3978707782498705f,0.15839497506313452f,1.4385472388603515f,0.13590928961718307f,1.4993518708453515f,1.372974968950985f,0.1884667113340458f,2.0412199891269154f,-0.36585076295135716f,-0.9414800807319629f,0f,0f,0f,1f],start_interpolation:0}
execute if entity @s[tag=aj.dino.bone.tail_2] run data modify entity @s {} merge value {transformation:[-1.7667550793860738f,0.1802778112789398f,0.8153835141985387f,0.005553440100193544f,0.8288208003801162f,0.6116445738174058f,1.6606386937500173f,1.065024272829866f,-0.10201198617587548f,1.8472045639514254f,-0.629446366735288f,-0.8241032605423234f,0f,0f,0f,1f],start_interpolation:0}
execute if entity @s[tag=aj.dino.bone.tail_1] run data modify entity @s {} merge value {transformation:[-1.5118498602174832f,-0.019420512055976023f,0.039863440291328496f,-0.0013429529210166428f,0.016183282309509255f,1.0242779689051085f,1.1127663698141297f,0.8130331641231937f,-0.04128379263182283f,1.1127145798124103f,-1.0236298951959268f,-0.6173918726245138f,0f,0f,0f,1f],start_interpolation:0}
execute if entity @s[tag=aj.dino.bone.tail_0] run data modify entity @s {} merge value {transformation:[-1.2767675421498743f,-0.013926132829238677f,-0.05921505485110304f,0.01562500000000003f,-0.030846705953480096f,1.220645660757357f,0.37803223168148303f,0.7320197139228174f,0.05242938706885935f,0.37903291451097665f,-1.2195986740206493f,-0.2518500545501892f,0f,0f,0f,1f],start_interpolation:0}
execute if entity @s[tag=aj.dino.bone.body_1] run data modify entity @s {} merge value {transformation:[-1.2363675f,-6.398920160587319e-17f,1.372252856816764e-16f,0.015625000000000003f,0f,1.1205294928890353f,0.5225114837226943f,0.5350675f,-1.5141135014448153e-16f,0.5225114837226943f,-1.1205294928890353f,-0.026537499999999988f,0f,0f,0f,1f],start_interpolation:0}