execute if entity @s[tag=aj.dino.bone.head_lower] run data modify entity @s {} merge value {transformation:[-0.9988150676463737f,0.04696723825967532f,0.012749085176149533f,0.016717376923600463f,0.03323876203237304f,0.4670042653283795f,0.8836301267293096f,0.23494779133927488f,0.03554778953922594f,0.8830068486118097f,-0.4680120297209415f,0.9247596474086408f,0f,0f,0f,1f],start_interpolation:0}
execute if entity @s[tag=aj.dino.bone.head_upper] run data modify entity @s {} merge value {transformation:[-1.0396661877401656f,0.03790887261651896f,-0.03360175635710503f,0.014929451960295112f,0.03459821355001292f,1.035701859663383f,0.09796205434996175f,0.2649681890466728f,0.037001679319801306f,0.09672909515891125f,-1.035734667016973f,0.8555423407750241f,0f,0f,0f,1f],start_interpolation:0}
execute if entity @s[tag=aj.dino.bone.neck_0] run data modify entity @s {} merge value {transformation:[-0.9988150676463737f,0.02181135795600969f,-0.043505462952192986f,0.012085010035874304f,0.03323876203237304f,0.9587013950996511f,-0.28246560805262233f,0.23113117172441025f,0.03554778953922594f,-0.28357697314503016f,-0.9582903813358337f,0.7981689875248577f,0f,0f,0f,1f],start_interpolation:0}
execute if entity @s[tag=aj.dino.bone.neck_1] run data modify entity @s {} merge value {transformation:[-0.9996202195701848f,0.021080068319234955f,-0.017749573124779865f,0.010678501468796363f,0.021595839056439206f,0.9993348164618077f,-0.029386125003024066f,0.23324559182635096f,0.017118304878226007f,-0.02975828165236294f,-0.9994105304184034f,0.71336870565142f,0f,0f,0f,1f],start_interpolation:0}
execute if entity @s[tag=aj.dino.bone.neck_2] run data modify entity @s {} merge value {transformation:[-0.9998274104702923f,0.018466835170510395f,-0.0020310763290642703f,0.010681365807389143f,0.015567818501376514f,0.8924576265760128f,0.4508625375803784f,0.2814822495376198f,0.01013865372608632f,0.45075310399940144f,-0.8925910860721874f,0.6395841866871949f,0f,0f,0f,1f],start_interpolation:0}
execute if entity @s[tag=aj.dino.bone.body_0] run data modify entity @s {} merge value {transformation:[-0.9997945130082672f,0.017663246763033488f,0.009946932811170893f,0.015537582444772291f,0.019636727001188858f,0.9657068676132254f,0.2588911833132466f,0.4126962584388159f,-0.0050329624717994435f,0.2590333097469136f,-0.9658552757687442f,0.18684783324164642f,0f,0f,0f,1f],start_interpolation:0}
execute if entity @s[tag=aj.dino.bone.leg_left_3] run data modify entity @s {} merge value {transformation:[-0.950902253007322f,0.051015703740734095f,-0.30525776517139935f,0.23718114763964115f,-0.030006773272927105f,0.966476837211919f,0.25499434638947f,0.029449478419321495f,0.30803327544820014f,0.25163449903517493f,-0.9174941853286971f,-0.1630736959205939f,0f,0f,0f,1f],start_interpolation:0}
execute if entity @s[tag=aj.dino.bone.leg_left_2] run data modify entity @s {} merge value {transformation:[-0.9762733838111164f,-0.023437767663212913f,-0.31369276467533125f,0.22050875719938012f,-0.029742602932265803f,1.0251451231167663f,0.015970398286145264f,0.26885673298693114f,0.3131578789261116f,0.02429705944285829f,-0.9764240857688954f,-0.18710013809214465f,0f,0f,0f,1f],start_interpolation:0}
execute if entity @s[tag=aj.dino.bone.leg_left_1] run data modify entity @s {} merge value {transformation:[-0.8823515249583644f,0.25526433489343237f,0.3953427699289095f,0.2864611840870671f,0.3618663221229605f,-0.16903262821078674f,0.916777364202103f,0.1671066227179981f,0.30084639156362003f,0.9519811394831134f,0.05677463123245774f,0.06252073064212173f,0f,0f,0f,1f],start_interpolation:0}
execute if entity @s[tag=aj.dino.bone.leg_left_0] run data modify entity @s {} merge value {transformation:[-0.9617236239158016f,0.04033073109130013f,-0.27103708848033914f,0.2125354373982998f,0.09726939031529398f,0.9749415327527404f,-0.2000691715917981f,0.577497294228713f,0.256176378516734f,-0.21877486108641148f,-0.9415472496092123f,0.08305750930738105f,0f,0f,0f,1f],start_interpolation:0}
execute if entity @s[tag=aj.dino.bone.leg_right_3] run data modify entity @s {} merge value {transformation:[-0.9897944870429395f,0.033536938038469355f,0.13849962890350448f,-0.19405603634689522f,0.05940348742417787f,0.9805437730308022f,0.18709659230559178f,0.029677379015375455f,-0.12953030186504688f,0.19341453657241797f,-0.9725290319271849f,-0.06695004327473562f,0f,0f,0f,1f],start_interpolation:0}
execute if entity @s[tag=aj.dino.bone.leg_right_2] run data modify entity @s {} merge value {transformation:[-1.0156256892263114f,-0.02175440705216255f,0.1417512069016813f,-0.19317059018886934f,0.05850638514475813f,0.8627737596097146f,0.5515982615336155f,0.2477447811174315f,-0.13093380687037137f,0.5542656267561813f,-0.8530581180175855f,0.036088280622623536f,0f,0f,0f,1f],start_interpolation:0}
execute if entity @s[tag=aj.dino.bone.leg_right_1] run data modify entity @s {} merge value {transformation:[-0.9468070048408641f,-0.06579102016453325f,-0.31500482099482563f,-0.21319353321648993f,-0.3214137020782569f,0.14526716701788928f,0.9357300263980776f,0.23118056442421536f,-0.015802775092419535f,0.9872026093220718f,-0.15868610666051325f,0.31238177337556283f,0f,0f,0f,1f],start_interpolation:0}
execute if entity @s[tag=aj.dino.bone.leg_right_0] run data modify entity @s {} merge value {transformation:[-0.9573596255831106f,-0.14912080251827267f,0.2474379388042037f,-0.18056861260258314f,-0.2829252280480543f,0.6572126615474215f,-0.6985877416872637f,0.5789903308255172f,-0.058445381659486234f,-0.7388061340825893f,-0.67137890464671f,0.08375268617259718f,0f,0f,0f,1f],start_interpolation:0}
execute if entity @s[tag=aj.dino.bone.tail_4] run data modify entity @s {} merge value {transformation:[-1.888776167699071f,1.1355965293535348f,1.6639129912505093f,0.4574908456068749f,1.668810039397846f,-0.39558044789184754f,2.1643129379206334f,1.7432958302342922f,1.1283877756945837f,2.4858797161902046f,-0.41569748122539624f,-0.8725687121345269f,0f,0f,0f,1f],start_interpolation:0}
execute if entity @s[tag=aj.dino.bone.tail_3] run data modify entity @s {} merge value {transformation:[-1.6554466160058587f,0.37315800655206266f,1.206729103711884f,0.24922253919150314f,1.2480690098582339f,0.17717357215296486f,1.6573710501895735f,1.4605331643271517f,0.19433418183809842f,2.0409086587892884f,-0.36451556659855805f,-0.8307322358641078f,0f,0f,0f,1f],start_interpolation:0}
execute if entity @s[tag=aj.dino.bone.tail_2] run data modify entity @s {} merge value {transformation:[-1.7302120833232055f,0.008900172074520563f,0.9083285796792885f,0.07908896129157306f,0.8902292433455861f,0.4052101459793382f,1.6917654999705265f,1.1467923494123418f,-0.18064306246710624f,1.9116745014607543f,-0.3628257976633656f,-0.7629623996779399f,0f,0f,0f,1f],start_interpolation:0}
execute if entity @s[tag=aj.dino.bone.tail_1] run data modify entity @s {} merge value {transformation:[-1.4953926981569907f,-0.08779642476849335f,0.20916193749491296f,0.036581522726119406f,0.11979023151372803f,0.8786650642333108f,1.2252568119907596f,0.8722755367729692f,-0.19263236678357826f,1.227964064088906f,-0.8617733336403571f,-0.5923449496801394f,0f,0f,0f,1f],start_interpolation:0}
execute if entity @s[tag=aj.dino.bone.tail_0] run data modify entity @s {} merge value {transformation:[-1.2762639568835328f,0.003042354956126649f,0.07054624738663634f,0.016039687036975763f,0.032326697414964425f,1.160517778525584f,0.5347795685554123f,0.7440058786842947f,-0.06277749260887133f,0.5357470918132852f,-1.1588225733991282f,-0.24078152851531454f,0f,0f,0f,1f],start_interpolation:0}
execute if entity @s[tag=aj.dino.bone.body_1] run data modify entity @s {} merge value {transformation:[-1.236356649363003f,0.005171968737789017f,0.000285256926674012f,0.015625000000000003f,0.004695768777241138f,1.0903770662878332f,0.5828039105268418f,0.5350675f,0.002186409780798121f,0.5827998791259f,-1.090387140221012f,-0.026537499999999988f,0f,0f,0f,1f],start_interpolation:0}