execute if entity @s[tag=aj.dino.bone.head_lower] run data modify entity @s {} merge value {transformation:[-0.8290189259741202f,-0.16558070410492282f,-0.5341447844965206f,0.09691163965616624f,-0.38603411099339785f,0.8605201758373173f,0.332389368251226f,0.2482445604629428f,0.40460509824550356f,0.4817551840977222f,-0.7773073118585188f,0.8469231619293291f,0f,0f,0f,1f],start_interpolation:0}
execute if entity @s[tag=aj.dino.bone.head_upper] run data modify entity @s {} merge value {transformation:[-0.8629254546219093f,0.028576127109514345f,-0.5813905806843618f,0.05720589735144671f,-0.4018227452854816f,0.7229562475832341f,0.6319372500771855f,0.3079177037957947f,0.42115327817828707f,0.7483245362964503f,-0.5883130520733774f,0.8233005777225794f,0f,0f,0f,1f],start_interpolation:0}
execute if entity @s[tag=aj.dino.bone.neck_0] run data modify entity @s {} merge value {transformation:[-0.9160666152848883f,-0.22648158604240512f,-0.33095021913303707f,0.03977826047014962f,-0.26787981217294876f,0.9597206061692346f,0.08471578556764056f,0.2979040790827414f,0.29843317944001185f,0.16626018548610305f,-0.9398378520422832f,0.7597337542441589f,0f,0f,0f,1f],start_interpolation:0}
execute if entity @s[tag=aj.dino.bone.neck_1] run data modify entity @s {} merge value {transformation:[-0.9732957398497939f,-0.2130999723690671f,-0.08534520822252077f,0.03156667624263645f,-0.228863654407287f,0.9296365255166659f,0.28878600748070055f,0.32665076350119454f,0.017799732626770107f,0.3006066070491535f,-0.9535821083246117f,0.6803376909667421f,0f,0f,0f,1f],start_interpolation:0}
execute if entity @s[tag=aj.dino.bone.neck_2] run data modify entity @s {} merge value {transformation:[-0.972978929303712f,-0.21927790873006797f,-0.07231322060294565f,0.023084627993503547f,-0.2299062570546818f,0.8911398356210898f,0.3911686418110781f,0.3696448862417864f,-0.02133345021577364f,0.3972241081709227f,-0.917473646373402f,0.6038491907761452f,0f,0f,0f,1f],start_interpolation:0}
execute if entity @s[tag=aj.dino.bone.body_0] run data modify entity @s {} merge value {transformation:[-0.972978929303712f,-0.22973159229269696f,-0.023138682625948266f,0.009990973060875685f,-0.2299062570546818f,0.9546806531206655f,0.1890184211239898f,0.46782308587023425f,-0.02133345021577364f,0.18923066891960566f,-0.9817008902115398f,0.14297990125758014f,0f,0f,0f,1f],start_interpolation:0}
execute if entity @s[tag=aj.dino.bone.leg_left_3] run data modify entity @s {} merge value {transformation:[-0.9702840278256504f,-0.05015859679925136f,-0.23671294961104836f,0.26074604524191064f,-0.08935308745235664f,0.9834077966581922f,0.15787694966210475f,0.035655196088765884f,0.2248664739554656f,0.17433651550667545f,-0.9586667034229501f,-0.14487866222820378f,0f,0f,0f,1f],start_interpolation:0}
execute if entity @s[tag=aj.dino.bone.leg_left_2] run data modify entity @s {} merge value {transformation:[-0.9959604590231884f,-0.11683991448030116f,-0.2155768956712428f,0.22530342771757259f,-0.09104303924571207f,1.013514179548345f,-0.12869488086183847f,0.2677853893315318f,0.2276754896072867f,-0.10582835980669392f,-0.9944980790295181f,-0.19992833356341952f,0f,0f,0f,1f],start_interpolation:0}
execute if entity @s[tag=aj.dino.bone.leg_left_1] run data modify entity @s {} merge value {transformation:[-0.9452126073152823f,0.1637067161006324f,0.28244156577209534f,0.27362228498711944f,0.2975768662220549f,0.07629120515152665f,0.9516447134860722f,0.23211322945906127f,0.1342428235016948f,0.9835546569052858f,-0.12082674049322975f,0.07100739811840148f,0f,0f,0f,1f],start_interpolation:0}
execute if entity @s[tag=aj.dino.bone.leg_left_0] run data modify entity @s {} merge value {transformation:[-0.9855037540411229f,0.06778374760084364f,-0.15552399921568108f,0.19830694788718134f,0.1131385456580571f,0.9456882149938399f,-0.30475148811473346f,0.6413850884699517f,0.12642001525563024f,-0.3179294946728756f,-0.93964824065169f,0.037370751678163255f,0f,0f,0f,1f],start_interpolation:0}
execute if entity @s[tag=aj.dino.bone.leg_right_3] run data modify entity @s {} merge value {transformation:[-0.9884564061718828f,-0.02452659600560643f,0.14950712085430481f,-0.1616447652426394f,-0.020514921356497025f,0.9993884749423231f,0.028316323105127605f,0.031730437620977325f,-0.15011019652076513f,0.024922324145933927f,-0.988355101499285f,-0.08927953076689003f,0f,0f,0f,1f],start_interpolation:0}
execute if entity @s[tag=aj.dino.bone.leg_right_2] run data modify entity @s {} merge value {transformation:[-1.0141956454386871f,-0.06801176173839053f,0.13727269407693327f,-0.17168246594435976f,-0.02289152241441446f,0.976041693035571f,0.3144531621060605f,0.26899786371663187f,-0.15147729359692602f,0.3078623283582946f,-0.9666114088934883f,-0.04715489255382782f,0f,0f,0f,1f],start_interpolation:0}
execute if entity @s[tag=aj.dino.bone.leg_right_1] run data modify entity @s {} merge value {transformation:[-0.9172528630962019f,-0.0971370938779117f,-0.3862791349979623f,-0.19585244609486935f,-0.39663952749802567f,0.13415551287644017f,0.9081185955540179f,0.24938119525210362f,-0.03639052579948873f,0.9861879553907626f,-0.1615829393043205f,0.2286065696515398f,0f,0f,0f,1f],start_interpolation:0}
execute if entity @s[tag=aj.dino.bone.leg_right_0] run data modify entity @s {} merge value {transformation:[-0.9312428866258264f,-0.20799945104889545f,0.2992038008985785f,-0.19359600130650256f,-0.3563279191183893f,0.6916375441481006f,-0.6282260115448444f,0.6135143485575953f,-0.07626991651730551f,-0.691645672210954f,-0.7181985546812949f,0.024378183560944164f,0f,0f,0f,1f],start_interpolation:0}
execute if entity @s[tag=aj.dino.bone.tail_4] run data modify entity @s {} merge value {transformation:[-2.6678406595435327f,0.6143655975464505f,-0.3617215219443266f,0.5044576252002347f,0.38610227422192567f,2.422850874881065f,1.2674304728578683f,1.1115225293445394f,0.5993434580663948f,1.173886656470485f,-2.4266105721012505f,-1.557923220013262f,0f,0f,0f,1f],start_interpolation:0}
execute if entity @s[tag=aj.dino.bone.tail_3] run data modify entity @s {} merge value {transformation:[-2.0600239149651576f,0.11226355116880148f,0.28221249245035257f,0.4555062284148347f,0.20304534170536742f,1.9479523713654054f,0.7072479580374127f,0.9725371681717062f,-0.2258751536309848f,0.7272028465396083f,-1.9380665522631861f,-1.2364150030619978f,0f,0f,0f,1f],start_interpolation:0}
execute if entity @s[tag=aj.dino.bone.tail_2] run data modify entity @s {} merge value {transformation:[-1.6966850793400445f,0.02148194631231897f,0.9693152957269772f,0.2740631384497658f,0.33043393424644874f,1.8495371946880212f,0.5374006471588542f,0.8733200020584895f,-0.9115081083819585f,0.6304954928078202f,-1.6094726704438769f,-0.9377415308192644f,0f,0f,0f,1f],start_interpolation:0}
execute if entity @s[tag=aj.dino.bone.tail_1] run data modify entity @s {} merge value {transformation:[-1.3473174997778625f,0.05806846551939168f,0.6848502450204372f,0.12726836889042037f,0.16663248383701723f,1.4897266924072152f,0.20150495591861992f,0.8115888179069465f,-0.6668023846107899f,0.2549483972134007f,-1.333428717493246f,-0.6532819844298083f,0f,0f,0f,1f],start_interpolation:0}
execute if entity @s[tag=aj.dino.bone.tail_0] run data modify entity @s {} merge value {transformation:[-1.2050490475118207f,0.004089905994819719f,0.42623442181953636f,0.0028114609422760723f,0.0840002925081321f,1.2553711199702942f,0.22543961184118644f,0.7760044649951432f,-0.4178952746005022f,0.240545921598164f,-1.1837807717871955f,-0.30154892770551267f,0f,0f,0f,1f],start_interpolation:0}
execute if entity @s[tag=aj.dino.bone.body_1] run data modify entity @s {} merge value {transformation:[-1.2325790516263924f,-0.09671314140981022f,-0.00021172311947710245f,0.009375000000000008f,-0.08765662580487565f,1.1160076097559277f,0.524831330977501f,0.5788175f,-0.0408630946030434f,0.523238165945258f,-1.1194447839236894f,-0.07653750000000001f,0f,0f,0f,1f],start_interpolation:0}