execute if entity @s[tag=aj.dino.bone.head_lower] run data modify entity @s {} merge value {transformation:[-0.9996936669451012f,-0.011137182459445436f,-0.022102837752697314f,0.0039006918452996267f,-0.013736259263461552f,0.9925379707493276f,0.12115977798862981f,0.40543596229859136f,0.02058852717665855f,0.1214262730535372f,-0.9923869067863721f,0.8157933754143332f,0f,0f,0f,1f],start_interpolation:0}
execute if entity @s[tag=aj.dino.bone.head_upper] run data modify entity @s {} merge value {transformation:[-1.040580721384128f,0.007218061762259944f,-0.024730637913143227f,0.002034880473798707f,-0.01429806654389577f,0.6693881454802263f,0.7969862097722628f,0.4754045872577817f,0.021430589359630898f,0.7970817730060367f,-0.6690839405969619f,0.7875734044532742f,0f,0f,0f,1f],start_interpolation:0}
execute if entity @s[tag=aj.dino.bone.neck_0] run data modify entity @s {} merge value {transformation:[-0.999861139178365f,-0.005470978219260116f,-0.01574073563294253f,0.0014289393590730917f,-0.007491706673425705f,0.9913104161099324f,0.13132986424675885f,0.467808216520697f,0.014885452363336294f,0.13142955264809042f,-0.9912137488950914f,0.7213415069922536f,0f,0f,0f,1f],start_interpolation:0}
execute if entity @s[tag=aj.dino.bone.neck_1] run data modify entity @s {} merge value {transformation:[-0.9999793754679244f,-0.005796478194812575f,-0.002765769208860724f,0.001167938755877995f,-0.0062612583529274525f,0.9757393246618908f,0.21884598911607928f,0.4908424532537378f,0.001430133776090871f,0.21885879271551847f,-0.9757554937424068f,0.6396904649821078f,0f,0f,0f,1f],start_interpolation:0}
execute if entity @s[tag=aj.dino.bone.neck_2] run data modify entity @s {} merge value {transformation:[-0.999979448696385f,-0.005999306598253301f,-0.0022606426550434468f,0.0009111525433127522f,-0.006402548657817874f,0.9527064624516157f,0.30382462667402793f,0.5267873609440231f,0.00033099177923632856f,0.30383285655647635f,-0.9527252939442584f,0.5591992973541093f,0f,0f,0f,1f],start_interpolation:0}
execute if entity @s[tag=aj.dino.bone.body_0] run data modify entity @s {} merge value {transformation:[-0.999979448696385f,-0.006346391700872579f,-0.0009085687936216643f,0.00042249016407140086f,-0.006402548657817874f,0.995883200151084f,0.09041935095719447f,0.578888694313022f,0.00033099177923632856f,0.09042330987757044f,-0.9959033665347391f,0.0906951703996326f,0f,0f,0f,1f],start_interpolation:0}
execute if entity @s[tag=aj.dino.bone.leg_left_3] run data modify entity @s {} merge value {transformation:[-0.9849128204037934f,0.010517149633331745f,-0.17273136880090706f,0.18204542316762107f,0.007056168843058602f,0.9997621006999259f,0.020638616361813078f,0.03292950338916145f,0.17290733554567056f,0.019108416147393392f,-0.9847527211167457f,-0.12484161010589886f,0f,0f,0f,1f],start_interpolation:0}
execute if entity @s[tag=aj.dino.bone.leg_left_2] run data modify entity @s {} merge value {transformation:[-1.0107606630623993f,-0.04770167118447793f,-0.1677785208915631f,0.16417305293215262f,0.00725267764800108f,0.9742535629372759f,-0.320686128904342f,0.2501272082256731f,0.1742770213576274f,-0.31720142681098706f,-0.9597254681191292f,-0.22817024825589846f,0f,0f,0f,1f],start_interpolation:0}
execute if entity @s[tag=aj.dino.bone.leg_left_1] run data modify entity @s {} merge value {transformation:[-0.9388751014403995f,0.10685290262969581f,0.3272552537315298f,0.19454354041483896f,0.3421725314051837f,0.39412407637929375f,0.852985446048136f,0.3051446742168035f,-0.037835203806081484f,0.9128245557705914f,-0.40659541037150787f,0.042133465343719784f,0f,0f,0f,1f],start_interpolation:0}
execute if entity @s[tag=aj.dino.bone.leg_left_0] run data modify entity @s {} merge value {transformation:[-0.9575095781850638f,0.2666239230403584f,-0.10994130864434092f,0.19684364288785616f,0.2880495306402648f,0.8652996480921535f,-0.41022431291857653f,0.7117774004760272f,-0.014243439956147408f,-0.42446225117690284f,-0.9053335969376435f,-0.052480561248841484f,0f,0f,0f,1f],start_interpolation:0}
execute if entity @s[tag=aj.dino.bone.leg_right_3] run data modify entity @s {} merge value {transformation:[-0.9853400641553093f,-0.012158712061596258f,0.17016792791655605f,-0.17822330573381684f,-0.009630156978587013f,0.9998307359772987f,0.015676717502744242f,0.03156319687498027f,-0.17032973330272907f,0.013808153971341552f,-0.9852903718381321f,-0.1222182276236236f,0f,0f,0f,1f],start_interpolation:0}
execute if entity @s[tag=aj.dino.bone.leg_right_2] run data modify entity @s {} merge value {transformation:[-1.011190382407957f,0.042335656450725324f,0.1666250347913852f,-0.1616367269715376f,-0.009930886243461107f,0.9780709975401854f,-0.3087728951346926f,0.25002306737386054f,-0.17163212847472242f,-0.30601799859538725f,-0.9638244635365945f,-0.22307080544189636f,0f,0f,0f,1f],start_interpolation:0}
execute if entity @s[tag=aj.dino.bone.leg_right_1] run data modify entity @s {} merge value {transformation:[-0.9380151546339508f,-0.1053581196218714f,-0.330192726005266f,-0.1914282097309719f,-0.3441420774614925f,0.396245864369867f,0.8512082268694686f,0.3056719891561419f,0.04115580393496465f,0.9120794272427816f,-0.40794278790407135f,0.04716807170058565f,0f,0f,0f,1f],start_interpolation:0}
execute if entity @s[tag=aj.dino.bone.leg_right_0] run data modify entity @s {} merge value {transformation:[-0.9555998736891929f,-0.2716236289226838f,0.11423434516847601f,-0.19626289131219682f,-0.29420544048027075f,0.8577889518825614f,-0.4214751153034144f,0.7109874398815841f,0.01649364110826214f,-0.4363699327853476f,-0.899616163463009f,-0.052848376055235624f,0f,0f,0f,1f],start_interpolation:0}
execute if entity @s[tag=aj.dino.bone.tail_4] run data modify entity @s {} merge value {transformation:[-2.7612503617652266f,0.03317306191935838f,-0.007570945403166292f,0.015944021295109235f,0.03229108668139332f,2.7484635448893275f,0.265644047054177f,0.6562040029870267f,0.010726461314807098f,0.26553534976963344f,-2.7486428019388733f,-1.817323160417687f,0f,0f,0f,1f],start_interpolation:0}
execute if entity @s[tag=aj.dino.bone.tail_3] run data modify entity @s {} merge value {transformation:[-2.082233090979316f,0.013351728024075265f,0.008521281238060447f,0.014368469752972218f,0.012675027710067632f,2.076387995266031f,-0.15619783235405432f,0.6623702965687186f,-0.009498660311644752f,-0.15614144394851534f,-2.076409196420205f,-1.46371292598496f,0f,0f,0f,1f],start_interpolation:0}
execute if entity @s[tag=aj.dino.bone.tail_2] run data modify entity @s {} merge value {transformation:[-1.9539214686593271f,0.010438824242126719f,0.02925406404921815f,0.0074878696322678955f,0.0043533156074549995f,1.9143715827676617f,-0.3923472527463848f,0.735765543200755f,-0.030754153510959437f,-0.392232519104237f,-1.9141530001548324f,-1.10799213788994f,0f,0f,0f,1f],start_interpolation:0}
execute if entity @s[tag=aj.dino.bone.tail_1] run data modify entity @s {} merge value {transformation:[-1.5123475827491453f,0.0035933825799780157f,0.021168999845319433f,0.004333466043584466f,0.0009846881315472647f,1.5012071935415974f,-0.18447829804138074f,0.7571115668597748f,-0.02144922707467133f,-0.18444592611547383f,-1.5010582536988046f,-0.7827059961458189f,0f,0f,0f,1f],start_interpolation:0}
execute if entity @s[tag=aj.dino.bone.tail_0] run data modify entity @s {} merge value {transformation:[-1.2781476866210746f,-0.00011302888239184124f,0.013198295105605048f,0.0004738898685328252f,-0.00004372761319807757f,1.2781982114621864f,0.006711697757736892f,0.7859954525334533f,-0.013198706645680737f,0.006710888418615768f,-1.2781300695561237f,-0.4090447376229155f,0f,0f,0f,1f],start_interpolation:0}
execute if entity @s[tag=aj.dino.bone.body_1] run data modify entity @s {} merge value {transformation:[-1.2363644624500525f,-0.0026797444829223097f,0.0005744704944763407f,0.0005208333333333495f,-0.002484515317693441f,1.2053163622083998f,0.2753377729854657f,0.6407966666666667f,-0.0011568191210915854f,0.27533594211157025f,-1.2053187859679717f,-0.14737083333333334f,0f,0f,0f,1f],start_interpolation:0}