execute if entity @s[tag=aj.dino.bone.head_lower] run data modify entity @s {} merge value {transformation:[-0.9586551890700714f,-0.24645400285674318f,-0.14226964871297718f,0.06616293708512755f,-0.27667149685068476f,0.9241783066502411f,0.26333883182602374f,0.21336061556208868f,0.06658161382414153f,0.291813094279509f,-0.9541551271714631f,0.8721924594182987f,0f,0f,0f,1f],start_interpolation:0}
execute if entity @s[tag=aj.dino.bone.head_upper] run data modify entity @s {} merge value {transformation:[-0.9978637868633753f,-0.16314193834738994f,-0.24723372221937626f,0.045146221058696985f,-0.28798724579208745f,0.7376093683192584f,0.6756239402302584f,0.27640977396798094f,0.06930477408720984f,0.7160929201601062f,-0.7522497727276488f,0.8364355333260023f,0f,0f,0f,1f],start_interpolation:0}
execute if entity @s[tag=aj.dino.bone.neck_0] run data modify entity @s {} merge value {transformation:[-0.9642332682416964f,-0.2518765185866162f,-0.08253740849228566f,0.044209193507878594f,-0.26016103327014634f,0.958936537430905f,0.11294668630746238f,0.26823184500502245f,0.050699518575094256f,0.13037996995210732f,-0.9901669668553585f,0.7702767870293659f,0f,0f,0f,1f],start_interpolation:0}
execute if entity @s[tag=aj.dino.bone.neck_1] run data modify entity @s {} merge value {transformation:[-0.9670248797624362f,-0.2391797034357814f,-0.08749829361088829f,0.035695068627667f,-0.2543187770301169f,0.9252083268211264f,0.2816229955645621f,0.2963513281417817f,0.013595645271605207f,0.294588902447501f,-0.9555273606676185f,0.6906882125341727f,0f,0f,0f,1f],start_interpolation:0}
execute if entity @s[tag=aj.dino.bone.neck_2] run data modify entity @s {} merge value {transformation:[-0.9665344307566287f,-0.24429793738347713f,-0.07829247698302966f,0.026444230957181108f,-0.2547969511795148f,0.8786947944757884f,0.4037003490595172f,0.340321477694178f,-0.029827970624626193f,0.41013897151006107f,-0.9115351426122228f,0.614846414395713f,0f,0f,0f,1f],start_interpolation:0}
execute if entity @s[tag=aj.dino.bone.body_0] run data modify entity @s {} merge value {transformation:[-0.9665344307566287f,-0.255452694307589f,-0.02356088141290652f,0.012906569671435905f,-0.2547969511795148f,0.9452429670209019f,0.2039466767739697f,0.4454454024722948f,-0.029827970624626193f,0.20312472589154568f,-0.9786984407364204f,0.15552452631581518f,0f,0f,0f,1f],start_interpolation:0}
execute if entity @s[tag=aj.dino.bone.leg_left_3] run data modify entity @s {} merge value {transformation:[-0.9675493022829823f,-0.05180328622831496f,-0.2473151171838495f,0.27375789327426053f,-0.09932711260248171f,0.9779424363481442f,0.18374633572267293f,0.038957526331109965f,0.23234128422165487f,0.20234873541834306f,-0.951352992805945f,-0.14390388700212473f,0f,0f,0f,1f],start_interpolation:0}
execute if entity @s[tag=aj.dino.bone.leg_left_2] run data modify entity @s {} merge value {transformation:[-0.9931904383973503f,-0.11842662146848759f,-0.2271785375081294f,0.2375911713065673f,-0.10115243700370374f,1.0169103130079629f,-0.08788514827291696f,0.2731248733813918f,0.2353787098804493f,-0.06269569463926838f,-0.9963575223329266f,-0.18894491123071033f,0f,0f,0f,1f],start_interpolation:0}
execute if entity @s[tag=aj.dino.bone.leg_left_1] run data modify entity @s {} merge value {transformation:[-0.9408656871467834f,0.17863106592148467f,0.28785882136485763f,0.2895906254825954f,0.2929711663132363f,0.0023478768802531746f,0.9561183939153228f,0.21721908010520546f,0.17011659078077274f,0.9839133243136351f,-0.05454278851706923f,0.07785835843313961f,0f,0f,0f,1f],start_interpolation:0}
execute if entity @s[tag=aj.dino.bone.leg_left_0] run data modify entity @s {} merge value {transformation:[-0.9854801769386325f,0.028264484743901322f,-0.16742144355835403f,0.19973000917982736f,0.07607655196669222f,0.9550332228518705f,-0.2865726809904048f,0.6243708179162397f,0.15179321164617515f,-0.2951485425194081f,-0.9433165739807652f,0.05641516371792611f,0f,0f,0f,1f],start_interpolation:0}
execute if entity @s[tag=aj.dino.bone.leg_right_3] run data modify entity @s {} merge value {transformation:[-0.9891396256205612f,-0.028099718310374486f,0.1442678302952323f,-0.16377666110644853f,-0.019924629811508724f,0.9981292429087996f,0.057801588016091254f,0.04015032943382757f,-0.14562214856982003f,0.05429935801816821f,-0.9878490621368861f,-0.08476743368526185f,0f,0f,0f,1f],start_interpolation:0}
execute if entity @s[tag=aj.dino.bone.leg_right_2] run data modify entity @s {} merge value {transformation:[-1.0148423241972546f,-0.08303073479476368f,0.12354413623499301f,-0.17773853330701342f,-0.022594525770500123f,0.9273660132402283f,0.43765735957804525f,0.26987862603873897f,-0.1471283246822826f,0.4303026540320914f,-0.9193775511234863f,-0.012649142457053786f,0f,0f,0f,1f],start_interpolation:0}
execute if entity @s[tag=aj.dino.bone.leg_right_1] run data modify entity @s {} merge value {transformation:[-0.9151868028312063f,-0.09264224996044693f,-0.3922378480537809f,-0.20033023015224855f,-0.40016803406356444f,0.09310075034371423f,0.911700496215254f,0.2388484185628844f,-0.04794434729242635f,0.9913373108118672f,-0.12227704508614767f,0.2621964998904721f,0f,0f,0f,1f],start_interpolation:0}
execute if entity @s[tag=aj.dino.bone.leg_right_0] run data modify entity @s {} merge value {transformation:[-0.9279301929435518f,-0.1863885000571988f,0.3228078129013769f,-0.19189532327907727f,-0.36172041718587616f,0.6594038300970456f,-0.6590485024975195f,0.5934617276234498f,-0.09002164636696282f,-0.7283171808352283f,-0.6793012492890081f,0.042002194905965184f,0f,0f,0f,1f],start_interpolation:0}
execute if entity @s[tag=aj.dino.bone.tail_4] run data modify entity @s {} merge value {transformation:[-2.6762402016091946f,0.656814095128861f,-0.1788713485464657f,0.5825085858812666f,0.4754827381855231f,2.322889007580565f,1.4155437668079975f,1.2261684564100435f,0.48715077807427637f,1.3410604887556086f,-2.364297404414299f,-1.454336005852721f,0f,0f,0f,1f],start_interpolation:0}
execute if entity @s[tag=aj.dino.bone.tail_3] run data modify entity @s {} merge value {transformation:[-2.030342648611963f,0.08322958150767475f,0.4546725107523672f,0.5045984632880057f,0.2800367590449911f,1.8510523738033597f,0.9116633419552249f,1.0534700426657446f,-0.3677413069745927f,0.950064983168756f,-1.8160639815121087f,-1.15569579737022f,0f,0f,0f,1f],start_interpolation:0}
execute if entity @s[tag=aj.dino.bone.tail_2] run data modify entity @s {} merge value {transformation:[-1.61488440026278f,-0.06708555245291181f,1.0983723309710536f,0.29920336455982377f,0.45653795057842056f,1.7339028557764788f,0.7771279569122478f,0.9097538247252492f,-1.0012468968602866f,0.8988071486058821f,-1.4171888498521945f,-0.8927699787664529f,0f,0f,0f,1f],start_interpolation:0}
execute if entity @s[tag=aj.dino.bone.tail_1] run data modify entity @s {} merge value {transformation:[-1.312907574797869f,0.01961245712399747f,0.7506965442600212f,0.13867641675282985f,0.21033270190543318f,1.4610698912096913f,0.32968345046371633f,0.8207486084683469f,-0.7208953492342273f,0.3905718557782433f,-1.2709916486454191f,-0.623352370756767f,0f,0f,0f,1f],start_interpolation:0}
execute if entity @s[tag=aj.dino.bone.tail_0] run data modify entity @s {} merge value {transformation:[-1.191355614676613f,-0.0018765384534599108f,0.46314575952497916f,0.003289177095024274f,0.10638788867271608f,1.2429176496803205f,0.2786988515242538f,0.769300143439245f,-0.450765053111151f,0.29830841640927436f,-1.1582999059730255f,-0.2776715033591477f,0f,0f,0f,1f],start_interpolation:0}
execute if entity @s[tag=aj.dino.bone.body_1] run data modify entity @s {} merge value {transformation:[-1.2317059156309276f,-0.1071841920677229f,-0.00408429024656264f,0.011458333333333341f,-0.09721258101809536f,1.0956017012606276f,0.5646337054612209f,0.5642341666666667f,-0.04533041526203929f,0.5628259555331986f,-1.0998984918102956f,-0.05987083333333332f,0f,0f,0f,1f],start_interpolation:0}