execute if entity @s[tag=aj.dino.bone.head_lower] run data modify entity @s {} merge value {transformation:[-0.9165438806490374f,0.004253886671248611f,-0.39991151432909644f,0.059635892917946874f,-0.23269915873438626f,0.8075823469165798f,0.54190576161637f,0.33037768578716575f,0.32526668499726774f,0.5897394826505151f,-0.7391947823368281f,0.830667062566744f,0f,0f,0f,1f],start_interpolation:0}
execute if entity @s[tag=aj.dino.bone.head_upper] run data modify entity @s {} merge value {transformation:[-0.9540301434742995f,0.10426496454274822f,-0.4030226359583466f,0.0338976581445489f,-0.2422164573686399f,0.6805510336681646f,0.7494354014433039f,0.3972481906105592f,0.3385699568858706f,0.7806734594730369f,-0.599492515843365f,0.8069745458745303f,0f,0f,0f,1f],start_interpolation:0}
execute if entity @s[tag=aj.dino.bone.neck_0] run data modify entity @s {} merge value {transformation:[-0.9622874120638658f,-0.09532057619743495f,-0.25478799880845376f,0.019280759211884366f,-0.1313379019537452f,0.9830027352078957f,0.12828085626539948f,0.38962953234030157f,0.2382294945925379f,0.1569063743994637f,-0.9584503626057007f,0.7423754857726202f,0f,0f,0f,1f],start_interpolation:0}
execute if entity @s[tag=aj.dino.bone.neck_1] run data modify entity @s {} merge value {transformation:[-0.9944626056395953f,-0.0957472993648102f,-0.04331951810503104f,0.015169931619951851f,-0.10373820382205683f,0.9603085962737764f,0.25893200843167813f,0.4159884936015341f,0.016808065096259355f,0.26199208878711333f,-0.96492364172544f,0.6618407534997091f,0f,0f,0f,1f],start_interpolation:0}
execute if entity @s[tag=aj.dino.bone.neck_2] run data modify entity @s {} merge value {transformation:[-0.9944480261568828f,-0.09907364410484225f,-0.035461758507820275f,0.011093222714664008f,-0.1052230696082459f,0.9326766238166323f,0.34502524691423153f,0.45534677999062745f,-0.0011085553202913462f,0.34684107085204785f,-0.9379232605471018f,0.5830674323106396f,0f,0f,0f,1f],start_interpolation:0}
execute if entity @s[tag=aj.dino.bone.body_0] run data modify entity @s {} merge value {transformation:[-0.9944480261568828f,-0.10440053247137768f,-0.013177711955143202f,0.0038880709141693908f,-0.1052230696082459f,0.9852455950072931f,0.1349786025299683f,0.5283473850426802f,-0.0011085553202913462f,0.13561580416167485f,-0.9907608817301399f,0.11741745415892631f,0f,0f,0f,1f],start_interpolation:0}
execute if entity @s[tag=aj.dino.bone.leg_left_3] run data modify entity @s {} merge value {transformation:[-0.9796117657774721f,-0.016550644440600754f,-0.20021704352762731f,0.21522431672780862f,-0.03349931379596247f,0.996105117609076f,0.08156218883899582f,0.02664135542726026f,0.19808731490315748f,0.08660641339767627f,-0.9763507283926448f,-0.1322443924577057f,0f,0f,0f,1f],start_interpolation:0}
execute if entity @s[tag=aj.dino.bone.leg_left_2] run data modify entity @s {} merge value {transformation:[-1.0054089646801256f,-0.07930653564928296f,-0.1868836179145754f,0.1894027679101603f,-0.03408961722295611f,0.9967444774203521f,-0.2395841067982502f,0.2515239379857125f,0.2001322343829808f,-0.2286331551547851f,-0.9796612519772014f,-0.2155038888801219f,0f,0f,0f,1f],start_interpolation:0}
execute if entity @s[tag=aj.dino.bone.leg_left_1] run data modify entity @s {} merge value {transformation:[-0.943964578485962f,0.1275849505944785f,0.30438947903241387f,0.2267195800080507f,0.3281969525262125f,0.2653523561311476f,0.9065731561480053f,0.2689943929000067f,0.0348946258946402f,0.9556726466094199f,-0.2923562169789109f,0.05893303356236579f,0f,0f,0f,1f],start_interpolation:0}
execute if entity @s[tag=aj.dino.bone.leg_left_0] run data modify entity @s {} merge value {transformation:[-0.9737582818491803f,0.1873545971906352f,-0.12920163869575008f,0.19757455196863905f,0.22227259990081943f,0.9048581289710321f,-0.363079409727918f,0.6796729208952315f,0.048884556492440105f,-0.38226956633582265f,-0.9227568904050296f,-0.010356161473443343f,0f,0f,0f,1f],start_interpolation:0}
execute if entity @s[tag=aj.dino.bone.leg_right_3] run data modify entity @s {} merge value {transformation:[-0.9865779676168644f,-0.014327702019120592f,0.16266109174547166f,-0.16535890835835643f,-0.013817762765712473f,0.999895430100149f,0.004265946200784104f,0.0163591660289244f,-0.16270520349739262f,0.0019610761557819906f,-0.9866727780450738f,-0.09893004258408034f,0f,0f,0f,1f],start_interpolation:0}
execute if entity @s[tag=aj.dino.bone.leg_right_2] run data modify entity @s {} merge value {transformation:[-1.0124069388904184f,-0.006343654195124225f,0.16448145074347983f,-0.16018376523764213f,-0.015008945148863454f,1.024226835615329f,-0.05288024462521106f,0.2534940024360491f,-0.16391803181085815f,-0.05460171020724909f,-1.0110448712052262f,-0.14264913820443742f,0f,0f,0f,1f],start_interpolation:0}
execute if entity @s[tag=aj.dino.bone.leg_right_1] run data modify entity @s {} merge value {transformation:[-0.9291374991718466f,-0.10518400376196765f,-0.35445709611360493f,-0.18846425090284036f,-0.36964300026444846f,0.28557288489185206f,0.884201436195419f,0.2768188313109514f,0.008219488316434459f,0.9525672956632238f,-0.30421700683010566f,0.13243185377476618f,0f,0f,0f,1f],start_interpolation:0}
execute if entity @s[tag=aj.dino.bone.leg_right_0] run data modify entity @s {} merge value {transformation:[-0.945876954542801f,-0.2561613729684144f,0.199243915500005f,-0.1952787971084728f,-0.323661499901458f,0.7894022906390536f,-0.5216198395530537f,0.6668608844433849f,-0.023664749024123743f,-0.5578757698025179f,-0.829587008770553f,-0.016323103496244884f,0f,0f,0f,1f],start_interpolation:0}
execute if entity @s[tag=aj.dino.bone.tail_4] run data modify entity @s {} merge value {transformation:[-2.7237320671010306f,0.401041667482847f,-0.21473364707965004f,0.23534739651644038f,0.3426701426085851f,2.6660688290386765f,0.6327049105174961f,0.83195409717421f,0.2992024926536575f,0.5974143548416951f,-2.6794095037188552f,-1.7526903583557336f,0f,0f,0f,1f],start_interpolation:0}
execute if entity @s[tag=aj.dino.bone.tail_3] run data modify entity @s {} merge value {transformation:[-2.07613483554904f,0.12994881938586827f,0.09339686827954626f,0.2182390878401897f,0.13708785537424723f,2.0711653863278277f,0.1656091435604767f,0.7836049270653579f,-0.08256264635473717f,0.1712681314844189f,-2.0735949851909807f,-1.4027612698838132f,0f,0f,0f,1f],start_interpolation:0}
execute if entity @s[tag=aj.dino.bone.tail_2] run data modify entity @s {} merge value {transformation:[-1.8997786305047262f,0.09138070656829217f,0.4486252295039204f,0.13345760003011692f,0.08956836940579856f,1.9520286504488915f,-0.018317478850592355f,0.787540828114887f,-0.4489905759393531f,0.0027548677890548738f,-1.9018868915957885f,-1.0495359990200492f,0f,0f,0f,1f],start_interpolation:0}
execute if entity @s[tag=aj.dino.bone.tail_1] run data modify entity @s {} merge value {transformation:[-1.4753070423340595f,0.04854422026218779f,0.3298012121243148f,0.0633041227308849f,0.041575076204452374f,1.5114878290770437f,-0.03650076150657307f,0.7768792878355221f,-0.3307520126592204f,-0.02653773221475293f,-1.4756541277991853f,-0.7313513070870057f,0f,0f,0f,1f],start_interpolation:0}
execute if entity @s[tag=aj.dino.bone.tail_0] run data modify entity @s {} merge value {transformation:[-1.2614098186582499f,0.000932684313410483f,0.20659166507040053f,0.0029557438941945494f,0.016453430327548552f,1.274596227572448f,0.09470722186068214f,0.7799619138724264f,-0.20593754054820976f,0.09612129494593541f,-1.2578498092518435f,-0.3614587796019519f,0f,0f,0f,1f],start_interpolation:0}
execute if entity @s[tag=aj.dino.bone.body_1] run data modify entity @s {} merge value {transformation:[-1.2355681666340532f,-0.04412959694578186f,0.005336602872378182f,0.004687500000000016f,-0.0402953021193401f,1.1746183495079128f,0.3837350865931703f,0.61163f,-0.01876670679489986f,0.38331306621214944f,-1.1752971960501586f,-0.11403749999999997f,0f,0f,0f,1f],start_interpolation:0}