execute if entity @s[tag=aj.dino.bone.head_lower] run data modify entity @s {} merge value {transformation:[-0.984732478064905f,-0.13166626015961141f,-0.11386809289582503f,0.14763293190634505f,-0.16682699192614836f,0.9006045874117006f,0.4013478938500524f,1.0347176952705275f,0.04970615061562852f,0.41421657749127044f,-0.9088200732391394f,0.5457910740766116f,0f,0f,0f,1f],start_interpolation:0}
execute if entity @s[tag=aj.dino.bone.head_upper] run data modify entity @s {} merge value {transformation:[-1.0250076261125605f,-0.06813891311119596f,-0.16789400678590238f,0.1342105284347791f,-0.1736501463846812f,0.6448174021811183f,0.7984535597569087f,1.1041862784829672f,0.05173911146491164f,0.8142724046336862f,-0.6463400482566454f,0.5195344268553898f,0f,0f,0f,1f],start_interpolation:0}
execute if entity @s[tag=aj.dino.bone.neck_0] run data modify entity @s {} merge value {transformation:[-0.87656765437972f,-0.48112546592586697f,0.012142212848278183f,0.14308847602974473f,-0.4793549546930821f,0.8705325791138845f,-0.11131871411636718f,1.083012717267745f,0.04298807632854407f,-0.10339881401131074f,-0.9937105768555679f,0.45694370385059324f,0f,0f,0f,1f],start_interpolation:0}
execute if entity @s[tag=aj.dino.bone.neck_1] run data modify entity @s {} merge value {transformation:[-0.9646526991972943f,-0.19107700737284528f,-0.18147932991063087f,0.12683452698176845f,-0.08909421097637729f,0.8845859638675101f,-0.4577880449499361f,1.0483072383546876f,0.24800683761112463f,-0.4254377155142988f,-0.8703420929244452f,0.38125436696426324f,0f,0f,0f,1f],start_interpolation:0}
execute if entity @s[tag=aj.dino.bone.neck_2] run data modify entity @s {} merge value {transformation:[-0.9718265685347126f,-0.11939904489926517f,-0.20321660553997178f,0.10786223693795848f,0.029350766221501054f,0.7941770880134765f,-0.6069771704081179f,1.0029069759504905f,0.2338624664461059f,-0.5958411037781615f,-0.7682979407991186f,0.30811204830902633f,0f,0f,0f,1f],start_interpolation:0}
execute if entity @s[tag=aj.dino.bone.body_0] run data modify entity @s {} merge value {transformation:[-0.9633826958444879f,-0.17543379233925632f,-0.20277269503775314f,0.010624999999999994f,0.06771432529986444f,0.5725493580205072f,-0.8170691542210421f,0.6232795958972845f,0.25943891669637975f,-0.8008809007185598f,-0.5397047631507779f,0.046121825648456405f,0f,0f,0f,1f],start_interpolation:0}
execute if entity @s[tag=aj.dino.bone.leg_left_3] run data modify entity @s {} merge value {transformation:[-0.9418686679620888f,-0.0094540813084064f,-0.33584822860621827f,0.2962402214908556f,-0.0501590644481337f,0.9923583932124906f,0.11273370247806244f,0.05927773540274536f,0.3322160149135025f,0.123026175130898f,-0.9351454858296933f,-0.14782368783984903f,0f,0f,0f,1f],start_interpolation:0}
execute if entity @s[tag=aj.dino.bone.leg_left_2] run data modify entity @s {} merge value {transformation:[-0.9671179794399422f,-0.12522805842102064f,-0.31790398979691886f,0.2557247198443837f,-0.051170050837275584f,0.9966484700593177f,-0.23692963623495256f,0.28419347560105623f,0.3378263448015986f,-0.2075378520010692f,-0.9459723041640637f,-0.2249111446885239f,0f,0f,0f,1f],start_interpolation:0}
execute if entity @s[tag=aj.dino.bone.leg_left_1] run data modify entity @s {} merge value {transformation:[-0.9425879910664715f,0.24506330820366576f,0.2268740929889278f,0.32904044030023755f,0.30125950428998666f,0.3307868006408823f,0.8943281297134295f,0.32062633066302476f,0.14412005471906073f,0.9113309319309008f,-0.38562331663649513f,0.04025076408767703f,0f,0f,0f,1f],start_interpolation:0}
execute if entity @s[tag=aj.dino.bone.leg_left_0] run data modify entity @s {} merge value {transformation:[-0.9689009321649932f,-0.0724908065701438f,-0.23659261740937157f,0.20717875000000002f,0.10880738115911559f,0.7339226534650479f,-0.6704614027191409f,0.6760196117136346f,0.22224296941658742f,-0.6753537011771188f,-0.7032108082582809f,-0.14182785295920278f,0f,0f,0f,1f],start_interpolation:0}
execute if entity @s[tag=aj.dino.bone.leg_right_3] run data modify entity @s {} merge value {transformation:[-0.9983969282917289f,0.02164058776714448f,0.052299699222200506f,-0.1960486369696381f,0.024194037281800643f,0.9985206805020201f,0.04869393360357328f,0.02786629797634191f,-0.05116856591352714f,0.04988121460905787f,-0.9974435534362222f,-0.10065658375499134f,0f,0f,0f,1f],start_interpolation:0}
execute if entity @s[tag=aj.dino.bone.leg_right_2] run data modify entity @s {} merge value {transformation:[-1.0242264562072518f,0.025444243159809758f,0.04873352435287936f,-0.18702257396268826f,0.023920189350761904f,1.024910264222698f,-0.03238787324103031f,0.26573335284944366f,-0.04949939845343492f,-0.03120481183532169f,-1.0240304042223376f,-0.13950071405297795f,0f,0f,0f,1f],start_interpolation:0}
execute if entity @s[tag=aj.dino.bone.leg_right_1] run data modify entity @s {} merge value {transformation:[-0.9385042807280118f,0.02271772546111263f,-0.3445194043955585f,-0.18126975993832453f,-0.2868189441855624f,0.5041940675562238f,0.8145693558546068f,0.353793242405119f,0.19220980284958444f,0.8632915192395807f,-0.4666724166881307f,0.12360714717889207f,0f,0f,0f,1f],start_interpolation:0}
execute if entity @s[tag=aj.dino.bone.leg_right_0] run data modify entity @s {} merge value {transformation:[-0.9561733076250295f,-0.2731831236872094f,0.10537355796360627f,-0.18592874999999998f,-0.2523526844688289f,0.586354683293553f,-0.769744313406142f,0.6760196117136346f,0.1484948767694908f,-0.7626002663992559f,-0.6295951915802707f,-0.14182785295920283f,0f,0f,0f,1f],start_interpolation:0}
execute if entity @s[tag=aj.dino.bone.tail_4] run data modify entity @s {} merge value {transformation:[-2.2915018882818012f,1.4989170540107728f,0.3576703689105471f,-0.6192336708845467f,1.538779991815172f,2.191322817648663f,0.6752197992073562f,0.4022413902910079f,0.0826835194596844f,0.7596139188087511f,-2.6536411704602734f,-1.6414338154241284f,0f,0f,0f,1f],start_interpolation:0}
execute if entity @s[tag=aj.dino.bone.tail_3] run data modify entity @s {} merge value {transformation:[-1.6421760246629278f,0.7886704338588844f,-1.0085645129705623f,-0.455936159458343f,0.6232163269320484f,1.925276007764793f,0.4907741128207875f,0.3001838996850642f,1.1183938661813349f,0.08518665814870348f,-1.7543898994823997f,-1.3447877387468998f,0f,0f,0f,1f],start_interpolation:0}
execute if entity @s[tag=aj.dino.bone.tail_2] run data modify entity @s {} merge value {transformation:[-1.4478283574218838f,0.4608414541183481f,-1.2288987251250258f,-0.22844750141991707f,0.5441228093133086f,1.8758495535025974f,0.06239147387163437f,0.2894341736736308f,1.1943606200946262f,-0.2959518234324104f,-1.5181202529368305f,-1.06175975810948f,0f,0f,0f,1f],start_interpolation:0}
execute if entity @s[tag=aj.dino.bone.tail_1] run data modify entity @s {} merge value {transformation:[-1.3547643637670599f,0.03938236142988938f,-0.6713559400757841f,-0.0831662983293156f,0.2332378919345563f,1.443703717622234f,-0.38597397773640746f,0.3546208519146328f,0.6307692560935086f,-0.4492492129452719f,-1.299215740450867f,-0.7772940378420292f,0f,0f,0f,1f],start_interpolation:0}
execute if entity @s[tag=aj.dino.bone.tail_0] run data modify entity @s {} merge value {transformation:[-1.2322011741459868f,-0.08817583008506628f,-0.32823925116610975f,0.01062500000000006f,0.10512708854998133f,1.075035750981192f,-0.6834340831048273f,0.5802787031631149f,0.3232093412484907f,-0.6858271456315661f,-1.0290833613602945f,-0.4931221922478528f,0f,0f,0f,1f],start_interpolation:0}
execute if entity @s[tag=aj.dino.bone.body_1] run data modify entity @s {} merge value {transformation:[-1.2363675f,3.714806108373782e-17f,1.4678357711370052e-16f,0.010625000000000023f,0f,1.1985788654810265f,-0.3033369385328223f,0.5700675000000001f,-1.5141135014448153e-16f,-0.3033369385328223f,-1.1985788654810265f,-0.19403749999999997f,0f,0f,0f,1f],start_interpolation:0}