execute if entity @s[tag=aj.dino.bone.head_lower] run data modify entity @s {} merge value {transformation:[-0.9792735434775873f,-0.19326101260434905f,-0.060609471635970746f,0.04502529438474294f,-0.20056168143120687f,0.8835184524139834f,0.42328495861002036f,0.21223376883370437f,-0.028254893139720356f,0.4266676988607657f,-0.9039669992663015f,0.8940450179820171f,0f,0f,0f,1f],start_interpolation:0}
execute if entity @s[tag=aj.dino.bone.head_upper] run data modify entity @s {} merge value {transformation:[-1.0193254233751776f,-0.18925756476038424f,-0.09289347676500766f,0.034055306473187066f,-0.20876457063437598f,0.8421157334205507f,0.5750916345739343f,0.2707237507304401f,-0.02941050649626278f,0.581802894707515f,-0.8626194736968882f,0.8476334044059226f,0f,0f,0f,1f],start_interpolation:0}
execute if entity @s[tag=aj.dino.bone.neck_0] run data modify entity @s {} merge value {transformation:[-0.9773450112639971f,-0.21144406524775378f,0.009388089735464268f,0.0384102962015085f,-0.2110168793602898f,0.9768861408060775f,0.03413714290993089f,0.25714261350048584f,-0.016389191024038116f,0.03138272092269498f,-0.999373063097593f,0.7825079636757114f,0f,0f,0f,1f],start_interpolation:0}
execute if entity @s[tag=aj.dino.bone.neck_1] run data modify entity @s {} merge value {transformation:[-0.976950980772938f,-0.20625988760368846f,-0.05498763435999392f,0.0328019083388118f,-0.21327575856900974f,0.9539589593630226f,0.210892756295308f,0.2794027676070403f,0.00895723024199193f,0.21775941453065237f,-0.9759613749578717f,0.7008344161265493f,0f,0f,0f,1f],start_interpolation:0}
execute if entity @s[tag=aj.dino.bone.neck_2] run data modify entity @s {} merge value {transformation:[-0.976557862749745f,-0.20542506135550176f,-0.06430618064182078f,0.02515696487689977f,-0.2135177074790881f,0.8865602198827536f,0.41039147787730446f,0.3240361176579659f,-0.027293392873087588f,0.4145015327939474f,-0.9096392416870237f,0.625201425329964f,0f,0f,0f,1f],start_interpolation:0}
execute if entity @s[tag=aj.dino.bone.body_0] run data modify entity @s {} merge value {transformation:[-0.976557862749745f,-0.21447407207569327f,-0.01831974642074689f,0.014479803458739773f,-0.2135177074790881f,0.9543701757781538f,0.208776809483358f,0.43152341394144356f,-0.027293392873087588f,0.20779422511813492f,-0.9777917113133191f,0.16635135824394587f,0f,0f,0f,1f],start_interpolation:0}
execute if entity @s[tag=aj.dino.bone.leg_left_3] run data modify entity @s {} merge value {transformation:[-0.9610474720343332f,-0.04270185313584829f,-0.2730646594401819f,0.27685807020318304f,-0.1026071808768077f,0.9725083404929302f,0.20904376121807755f,0.03899956700489582f,0.2566311028089387f,0.2289193731654248f,-0.93900819893152f,-0.14916559928958367f,0f,0f,0f,1f],start_interpolation:0}
execute if entity @s[tag=aj.dino.bone.leg_left_2] run data modify entity @s {} merge value {transformation:[-0.986601102505254f,-0.11427199379772301f,-0.25616864653896443f,0.24077408424632263f,-0.10441250865998608f,1.0190243845802063f,-0.052435972070270294f,0.27475018179102023f,0.26034302769891887f,-0.02436010191109673f,-0.9918116216621659f,-0.1850914347209982f,0f,0f,0f,1f],start_interpolation:0}
execute if entity @s[tag=aj.dino.bone.leg_left_1] run data modify entity @s {} merge value {transformation:[-0.9317838813325392f,0.20873195244047393f,0.29700129716763274f,0.30028525616564217f,0.2922047199691693f,-0.05418880421568667f,0.9548193416167341f,0.2035693001527934f,0.21539545054761047f,0.9764704529723682f,-0.01050020739462515f,0.07645222925455974f,0f,0f,0f,1f],start_interpolation:0}
execute if entity @s[tag=aj.dino.bone.leg_left_0] run data modify entity @s {} merge value {transformation:[-0.9804970380090564f,0.0014426971604854263f,-0.1965285655582163f,0.20284245359332817f,0.054833724462884786f,0.9622722212800908f,-0.26650597519419367f,0.6094597257007006f,0.18872949191102972f,-0.2720847125025273f,-0.9435841711821058f,0.06838121693609193f,0f,0f,0f,1f],start_interpolation:0}
execute if entity @s[tag=aj.dino.bone.leg_right_3] run data modify entity @s {} merge value {transformation:[-0.9899359126941003f,-0.019099525032245664f,0.1402215992707304f,-0.16907553585842855f,-0.005281540419834083f,0.9951465745733544f,0.09826189722223477f,0.03810471107435737f,-0.14141779976117697f,0.09653239486546455f,-0.9852322074781384f,-0.08135427384569383f,0f,0f,0f,1f],start_interpolation:0}
execute if entity @s[tag=aj.dino.bone.leg_right_2] run data modify entity @s {} merge value {transformation:[-1.0156613439837225f,-0.07531251809529681f,0.12174669792654827f,-0.18129258123787306f,-0.007706122104011984f,0.8997897151394015f,0.4923223372061919f,0.26307130774517384f,-0.1429505142347892f,0.4865888332547251f,-0.8915484604509779f,0.004737806223046592f,0f,0f,0f,1f],start_interpolation:0}
execute if entity @s[tag=aj.dino.bone.leg_right_1] run data modify entity @s {} merge value {transformation:[-0.920895081630652f,-0.08721232077949126f,-0.37992928254180375f,-0.20317562010752924f,-0.38709550071498383f,0.08976377608611513f,0.9176598159606739f,0.23107883634409748f,-0.045927355189370314f,0.992137326990078f,-0.11642251688695177f,0.27953045540283467f,0f,0f,0f,1f],start_interpolation:0}
execute if entity @s[tag=aj.dino.bone.leg_right_0] run data modify entity @s {} merge value {transformation:[-0.9330145610999282f,-0.1756822803199735f,0.31403752189361483f,-0.18923195882591845f,-0.34882429446769164f,0.6558497974263438f,-0.6694644537277099f,0.5836451354727826f,-0.0883484032941488f,-0.734164000477685f,-0.6731996583763068f,0.05634923398575549f,0f,0f,0f,1f],start_interpolation:0}
execute if entity @s[tag=aj.dino.bone.tail_4] run data modify entity @s {} merge value {transformation:[-2.66519371794601f,0.6992395478158037f,0.18294215531546962f,0.5966483169697206f,0.6686085556293049f,2.119693763744413f,1.6387563207757092f,1.4313639524684745f,0.27452937321972326f,1.6259224256751597f,-2.2151007246909096f,-1.3115601744282588f,0f,0f,0f,1f],start_interpolation:0}
execute if entity @s[tag=aj.dino.bone.tail_3] run data modify entity @s {} merge value {transformation:[-1.9745229228423045f,0.04272815972460078f,0.6598325981499202f,0.48434696327421406f,0.44631636539564706f,1.61927784829136f,1.2307259963360515f,1.2068323989131469f,-0.48785905259075f,1.3084567552823045f,-1.5446294022858056f,-1.0624523848050649f,0f,0f,0f,1f],start_interpolation:0}
execute if entity @s[tag=aj.dino.bone.tail_2] run data modify entity @s {} merge value {transformation:[-1.6017852824265697f,-0.2119406788258481f,1.0991537347720055f,0.27878182066752377f,0.6072061747601262f,1.4474874640270352f,1.1639822068315884f,0.9912440783493315f,-0.9404033418366742f,1.2956214976397227f,-1.1206160647246652f,-0.8545193856185354f,0f,0f,0f,1f],start_interpolation:0}
execute if entity @s[tag=aj.dino.bone.tail_1] run data modify entity @s {} merge value {transformation:[-1.3357849885971531f,-0.0974525940745887f,0.7027358722497641f,0.13002833013297033f,0.23018800126126468f,1.3575814346361281f,0.6258133766600527f,0.8397610761808683f,-0.6710798747644332f,0.6596452760684687f,-1.184135195594957f,-0.6071290541448819f,0f,0f,0f,1f],start_interpolation:0}
execute if entity @s[tag=aj.dino.bone.tail_0] run data modify entity @s {} merge value {transformation:[-1.2059994643257428f,-0.019999826168576776f,0.4230851162393635f,0.005910394322829979f,0.10911388410889916f,1.2190261859559814f,0.3686530005741309f,0.7614493744918746f,-0.409261736453237f,0.3839412474466206f,-1.1484466318329476f,-0.2622610697079597f,0f,0f,0f,1f],start_interpolation:0}
execute if entity @s[tag=aj.dino.bone.body_1] run data modify entity @s {} merge value {transformation:[-1.2331183228423597f,-0.08945397335428064f,-0.004667288059209481f,0.013020833333333339f,-0.08118980274763345f,1.0889438530466438f,0.5798397156956223f,0.5532966666666667f,-0.037841945728204346f,0.5786223868978035f,-1.0919563707311948f,-0.04737083333333332f,0f,0f,0f,1f],start_interpolation:0}