execute if entity @s[tag=aj.dino.bone.head_lower] run data modify entity @s {} merge value {transformation:[-0.9976601278753667f,-0.05407612983495001f,-0.04183349650436226f,0.021754407598780105f,-0.06743209324761275f,0.6773587189611812f,0.7325558536026537f,0.2610173556149257f,-0.011277501848907866f,0.733662686818228f,-0.6794202528058071f,0.9273420445497442f,0f,0f,0f,1f],start_interpolation:0}
execute if entity @s[tag=aj.dino.bone.head_upper] run data modify entity @s {} merge value {transformation:[-1.0384640114137493f,-0.07042318440420219f,-0.010247667068315267f,0.01914425750934713f,-0.07019003776473459f,0.9888397231593183f,0.31739770491340163f,0.3050802628055471f,-0.011738746975569096f,0.3173460565125733f,-0.991274747392906f,0.8661284527729323f,0f,0f,0f,1f],start_interpolation:0}
execute if entity @s[tag=aj.dino.bone.neck_0] run data modify entity @s {} merge value {transformation:[-0.9974833184346382f,-0.06874013222075022f,0.01737307304123101f,0.02170572601766496f,-0.07066487810427885f,0.983851180745574f,-0.16444856079652206f,0.27849979472766534f,-0.005788302612129223f,-0.1652623622238705f,-0.9862326536801835f,0.8050411885508499f,0f,0f,0f,1f],start_interpolation:0}
execute if entity @s[tag=aj.dino.bone.neck_1] run data modify entity @s {} merge value {transformation:[-0.9975524032570762f,-0.06953798881271014f,-0.007326040398124406f,0.020764761419452046f,-0.0697871580793928f,0.9966607897723775f,0.04239130450343159f,0.28668238628086024f,0.004353771150783201f,0.04279881122396062f,-0.9990742246873265f,0.7206036576440917f,0f,0f,0f,1f],start_interpolation:0}
execute if entity @s[tag=aj.dino.bone.neck_2] run data modify entity @s {} merge value {transformation:[-0.9975092157669334f,-0.06737101272335996f,-0.020892848170279324f,0.01827478690192965f,-0.07013939449783654f,0.9160097181481982f,0.39497678615019316f,0.33025362272025804f,-0.0074719341213858245f,0.3954583959188216f,-0.9184534976240214f,0.6440120277085379f,0f,0f,0f,1f],start_interpolation:0}
execute if entity @s[tag=aj.dino.bone.body_0] run data modify entity @s {} merge value {transformation:[-0.9975092157669334f,-0.07029609070948521f,-0.005815848261543664f,0.01486414129157387f,-0.07013939449783654f,0.9797852534200019f,0.1873534694639509f,0.4278862895734999f,-0.0074719341213858245f,0.18729473247175576f,-0.9822753449969205f,0.18285355758924204f,0f,0f,0f,1f],start_interpolation:0}
execute if entity @s[tag=aj.dino.bone.leg_left_3] run data modify entity @s {} merge value {transformation:[-0.9546927956874033f,0.007891997632461928f,-0.2974884573154718f,0.25684684706873473f,-0.06433447157975421f,0.9705362615131918f,0.2322077536486496f,0.031019083221879323f,0.29055591824831906f,0.24082583221358797f,-0.9260562493226365f,-0.15111768491686925f,0f,0f,0f,1f],start_interpolation:0}
execute if entity @s[tag=aj.dino.bone.leg_left_2] run data modify entity @s {} merge value {transformation:[-0.9801492578929856f,-0.06860763002141027f,-0.2943851641223944f,0.23023610568794167f,-0.06506359711835491f,1.0234012900034264f,-0.021879841179453366f,0.2687953146635793f,0.2951886855598368f,-0.002234328280040316f,-0.9823038466764179f,-0.18153814300946447f,0f,0f,0f,1f],start_interpolation:0}
execute if entity @s[tag=aj.dino.bone.leg_left_1] run data modify entity @s {} merge value {transformation:[-0.9070670872023745f,0.2422353196852077f,0.3443128653001585f,0.2958476169489617f,0.3297398234483677f,-0.09966904490570222f,0.9387958938554348f,0.18536116142349907f,0.261726857900444f,0.9650845203320745f,0.0105318787008985f,0.07487413696737578f,0f,0f,0f,1f],start_interpolation:0}
execute if entity @s[tag=aj.dino.bone.leg_left_0] run data modify entity @s {} merge value {transformation:[-0.9697866109619018f,0.015495398584241593f,-0.24346215685757913f,0.20898841093404927f,0.07818012023330718f,0.9650864100783791f,-0.2499921796423492f,0.5937268195453111f,0.23108829048511875f,-0.26147296935771863f,-0.9371393110396783f,0.07537028377169389f,0f,0f,0f,1f],start_interpolation:0}
execute if entity @s[tag=aj.dino.bone.leg_right_3] run data modify entity @s {} merge value {transformation:[-0.9910225254874798f,0.01620147726340456f,0.13270970616688504f,-0.1854526695758451f,0.03243115768747185f,0.9921148549616553f,0.12106334943105068f,0.02929041280162334f,-0.12970186578252446f,0.12428043570448932f,-0.9837336018016438f,-0.06061484219364005f,0f,0f,0f,1f],start_interpolation:0}
execute if entity @s[tag=aj.dino.bone.leg_right_2] run data modify entity @s {} merge value {transformation:[-1.0168387867054884f,-0.034744744430508095f,0.12997647512709137f,-0.1879572621789302f,0.030995965341516003f,0.9037538880331389f,0.484076811568399f,0.2548661871651851f,-0.1309210887693512f,0.4838221905825924f,-0.894895499997628f,0.02471023678193257f,0f,0f,0f,1f],start_interpolation:0}
execute if entity @s[tag=aj.dino.bone.leg_right_1] run data modify entity @s {} merge value {transformation:[-0.9376927584535081f,-0.06975953534111673f,-0.34039080183348475f,-0.20753043362446674f,-0.34708026161910305f,0.1419294457650928f,0.9270336155821048f,0.23734527535465627f,-0.016357956420841122f,0.9874156367274148f,-0.15729837128186935f,0.3009769453601777f,0f,0f,0f,1f],start_interpolation:0}
execute if entity @s[tag=aj.dino.bone.leg_right_0] run data modify entity @s {} merge value {transformation:[-0.9492198950644954f,-0.16575576400903017f,0.2674072129010941f,-0.18400901550091334f,-0.30900837020697086f,0.6509152899784159f,-0.6934140987998059f,0.5852941558035752f,-0.059122059806640814f,-0.7408335251391489f,-0.6690816617380291f,0.07144350978214684f,0f,0f,0f,1f],start_interpolation:0}
execute if entity @s[tag=aj.dino.bone.tail_4] run data modify entity @s {} merge value {transformation:[-2.527927996228832f,0.9738565932015416f,0.5355788582089208f,0.5426890507077812f,1.050505630367046f,1.6591811994315175f,1.9414471405681202f,1.596100441843113f,0.3628764225595533f,1.9810054050736159f,-1.8893384076494872f,-1.1559732800054217f,0f,0f,0f,1f],start_interpolation:0}
execute if entity @s[tag=aj.dino.bone.tail_3] run data modify entity @s {} merge value {transformation:[-1.911953256671234f,0.1488520510267588f,0.811309643264416f,0.40366428227246665f,0.7376340055536333f,1.225162226041004f,1.5135452156369829f,1.3274699308015059f,-0.3691562598678355f,1.6771303207657489f,-1.1776684885879434f,-0.9726962608955568f,0f,0f,0f,1f],start_interpolation:0}
execute if entity @s[tag=aj.dino.bone.tail_2] run data modify entity @s {} merge value {transformation:[-1.6557517201830345f,-0.2262363504514417f,1.0129547027622272f,0.2140800445372689f,0.7623635687371516f,1.029100369819097f,1.4759837712194976f,1.053896374812643f,-0.7043166228167939f,1.6457652984479247f,-0.7836890660531991f,-0.8271393639957076f,0f,0f,0f,1f],start_interpolation:0}
execute if entity @s[tag=aj.dino.bone.tail_1] run data modify entity @s {} merge value {transformation:[-1.406041839056511f,-0.15753596823188756f,0.5346821630986272f,0.10229141583288152f,0.21867497931306312f,1.178634414695192f,0.9223114549427187f,0.8408087359079777f,-0.5127220009371712f,0.9346975902447618f,-1.0728992564754711f,-0.6071992866172187f,0f,0f,0f,1f],start_interpolation:0}
execute if entity @s[tag=aj.dino.bone.tail_0] run data modify entity @s {} merge value {transformation:[-1.2408491485723225f,-0.007154622637212883f,0.30672123898792697f,0.012487687146678906f,0.1000440623731163f,1.198585342466125f,0.43268935622831534f,0.7432908487878755f,-0.29003498522635845f,0.4440469623635646f,-1.1629865515750664f,-0.25663194172259335f,0f,0f,0f,1f],start_interpolation:0}
execute if entity @s[tag=aj.dino.bone.body_1] run data modify entity @s {} merge value {transformation:[-1.236021306202066f,-0.02925123726611417f,-0.000539248727796142f,0.014583333333333337f,-0.02652168017326192f,1.1106822255196331f,0.5424815107004036f,0.5423591666666667f,-0.012350147836205905f,0.542341178677598f,-1.1109987015362655f,-0.03487083333333334f,0f,0f,0f,1f],start_interpolation:0}