execute if entity @s[tag=aj.dino.bone.head_lower] run data modify entity @s {} merge value {transformation:[-0.9667001115911464f,-0.24109371579431593f,-0.08581791452927795f,0.0604429342969265f,-0.25559757707462416f,0.9262214404685383f,0.2770987582252345f,0.20789687802614232f,0.012679623150801216f,0.289806251521383f,-0.9570013394639939f,0.8775772589985068f,0f,0f,0f,1f],start_interpolation:0}
execute if entity @s[tag=aj.dino.bone.head_upper] run data modify entity @s {} merge value {transformation:[-1.0062377433635112f,-0.18969030720474034f,-0.18701639972683312f,0.04297870571846611f,-0.2660514114779859f,0.7518778970895372f,0.6688559014483563f,0.27080667122119745f,0.013198214454492674f,0.694384013211921f,-0.7753248299354452f,0.8397247144062135f,0f,0f,0f,1f],start_interpolation:0}
execute if entity @s[tag=aj.dino.bone.neck_0] run data modify entity @s {} merge value {transformation:[-0.9667001115911464f,-0.25233308498594964f,-0.042648663181140176f,0.04462916725834432f,-0.25559757707462416f,0.9602677499791332f,0.11205234019686544f,0.26254782951936434f,0.012679623150801216f,0.11922190474693012f,-0.9927866662003815f,0.773589974936353f,0f,0f,0f,1f],start_interpolation:0}
execute if entity @s[tag=aj.dino.bone.neck_1] run data modify entity @s {} merge value {transformation:[-0.9667001115911464f,-0.24109371579431593f,-0.08581791452927796f,0.036248574925636344f,-0.25559757707462416f,0.9262214404685385f,0.27709875822523455f,0.2902887176608019f,0.012679623150801216f,0.28980625152138306f,-0.957001339463994f,0.6938545020161498f,0f,0f,0f,1f],start_interpolation:0}
execute if entity @s[tag=aj.dino.bone.neck_2] run data modify entity @s {} merge value {transformation:[-0.9661877530035645f,-0.2456539507956932f,-0.07832855420847566f,0.02698130040080821f,-0.2559757830213857f,0.8774113466508475f,0.4057409608049631f,0.3344250743503262f,-0.030945507792107127f,0.41207216021810233f,-0.9106255598876386f,0.6181113172719289f,0f,0f,0f,1f],start_interpolation:0}
execute if entity @s[tag=aj.dino.bone.body_0] run data modify entity @s {} merge value {transformation:[-0.9661877530035645f,-0.2567843733282841f,-0.023302608444622487f,0.013552676289220744f,-0.2559757830213857f,0.9444316112524473f,0.20621670682487045f,0.4406111266009306f,-0.030945507792107127f,0.20520896004196948f,-0.9782288373719015f,0.1590306064322917f,0f,0f,0f,1f],start_interpolation:0}
execute if entity @s[tag=aj.dino.bone.leg_left_3] run data modify entity @s {} merge value {transformation:[-0.967227467342534f,-0.04986669729140127f,-0.24896654176695182f,0.2756228825697651f,-0.0990299922409811f,0.9769615282941134f,0.1890482289522458f,0.03912404932578323f,0.23380352233210439f,0.2075077943945175f,-0.9498823233488578f,-0.14270635405123774f,0f,0f,0f,1f],start_interpolation:0}
execute if entity @s[tag=aj.dino.bone.leg_left_2] run data modify entity @s {} merge value {transformation:[-0.9928655293343428f,-0.11625111437256559f,-0.22970833369180638f,0.2398855901709353f,-0.10082200231239465f,1.0176537284193103f,-0.07923390931091097f,0.2737325600922369f,0.2368863947339506f,-0.05411808331885775f,-0.9965030198391466f,-0.18575010707026396f,0f,0f,0f,1f],start_interpolation:0}
execute if entity @s[tag=aj.dino.bone.leg_left_1] run data modify entity @s {} merge value {transformation:[-0.9391358863578547f,0.1816657129013912f,0.29158421718412003f,0.29247743201082954f,0.2940604835025165f,-0.013765349692919704f,0.9556876828703493f,0.21345045556046116f,0.17762944293419639f,0.9832639950205954f,-0.04049317348672632f,0.07998199807488642f,0f,0f,0f,1f],start_interpolation:0}
execute if entity @s[tag=aj.dino.bone.leg_left_0] run data modify entity @s {} merge value {transformation:[-0.9851267770305756f,0.021492559353473266f,-0.17047962655340423f,0.20024798471682934f,0.06987140642317649f,0.9565222651867178f,-0.28316628112562653f,0.620188030370752f,0.15698159045505314f,-0.29086633716280663f,-0.9437974116110379f,0.06086256153142716f,0f,0f,0f,1f],start_interpolation:0}
execute if entity @s[tag=aj.dino.bone.leg_right_3] run data modify entity @s {} merge value {transformation:[-0.9891926182372303f,-0.028326399575639552f,0.14385958123133274f,-0.16433433802896086f,-0.01911280697021227f,0.9977003359821704f,0.06502876433381632f,0.040869437313612395f,-0.14537078329118494f,0.06157641324520957f,-0.9874592045736179f,-0.08237822051582752f,0f,0f,0f,1f],start_interpolation:0}
execute if entity @s[tag=aj.dino.bone.leg_right_2] run data modify entity @s {} merge value {transformation:[-1.014889217823566f,-0.08518458068854445f,0.12167852012200686f,-0.17885585172460333f,-0.021815232048780473f,0.9166292442879833f,0.4597576792913766f,0.2687767985548821f,-0.14692232878913494f,0.4523235735948894f,-0.9087790785302113f,-0.004799664212914501f,0f,0f,0f,1f],start_interpolation:0}
execute if entity @s[tag=aj.dino.bone.leg_right_1] run data modify entity @s {} merge value {transformation:[-0.9152794213853981f,-0.09233751027031384f,-0.39209356662089057f,-0.20137425702168305f,-0.39979656180464224f,0.08920764552677979f,0.9122525446107317f,0.23666707568528395f,-0.04925738480266623f,0.991723641029419f,-0.11856614131257714f,0.269927969598975f,0f,0f,0f,1f],start_interpolation:0}
execute if entity @s[tag=aj.dino.bone.leg_right_0] run data modify entity @s {} merge value {transformation:[-0.9277491455282837f,-0.1816579128873594f,0.326009088304219f,-0.19136362310867736f,-0.3617444780597179f,0.6525274006593377f,-0.6658445193752597f,0.589136511006746f,-0.09177393728527596f,-0.7356686713964222f,-0.6710954852783481f,0.04638297874191605f,0f,0f,0f,1f],start_interpolation:0}
execute if entity @s[tag=aj.dino.bone.tail_4] run data modify entity @s {} merge value {transformation:[-2.6823818662235417f,0.653497510627073f,-0.05856499773180323f,0.5995601466623012f,0.5240477859708912f,2.2822127038138458f,1.463741925398633f,1.2835011058174226f,0.3947945964347976f,1.4107117032742411f,-2.3408739924376487f,-1.413089436491097f,0f,0f,0f,1f],start_interpolation:0}
execute if entity @s[tag=aj.dino.bone.tail_3] run data modify entity @s {} merge value {transformation:[-2.012146848226816f,0.061483739485534004f,0.5323817586978448f,0.508686207431006f,0.31960168838371145f,1.7981218772011394f,1.0002789618688248f,1.096294724111769f,-0.4301922221491416f,1.0482952783228439f,-1.746985170942461f,-1.1271237020891767f,0f,0f,0f,1f],start_interpolation:0}
execute if entity @s[tag=aj.dino.bone.tail_2] run data modify entity @s {} merge value {transformation:[-1.5982576928290575f,-0.11890366851071711f,1.1181270678819142f,0.2996187105233452f,0.4997127258445031f,1.665661444614776f,0.8914219082766865f,0.9313471973767052f,-1.0072901339458114f,1.0149914997384395f,-1.3318906548650755f,-0.8800314538702345f,0f,0f,0f,1f],start_interpolation:0}
execute if entity @s[tag=aj.dino.bone.tail_1] run data modify entity @s {} merge value {transformation:[-1.3111333631918558f,-0.016350239346831576f,0.7538688371318413f,0.13884703246458124f,0.21778261397533605f,1.4394915207517018f,0.4099892007529255f,0.8253177354813007f,-0.7219115506592779f,0.4639537491574503f,-1.245490618859678f,-0.6169974299433512f,0f,0f,0f,1f],start_interpolation:0}
execute if entity @s[tag=aj.dino.bone.tail_0] run data modify entity @s {} merge value {transformation:[-1.1917891880609457f,-0.009194972055824096f,0.46194123034640644f,0.0036351773891470963f,0.10760765336461238f,1.2372955192086292f,0.3022517289737764f,0.7668509002184171f,-0.44932709771659723f,0.32070386218311814f,-1.1528616172908346f,-0.27236531489574867f,0f,0f,0f,1f],start_interpolation:0}
execute if entity @s[tag=aj.dino.bone.body_1] run data modify entity @s {} merge value {transformation:[-1.2316627501083093f,-0.10765395082795873f,-0.004700204571954703f,0.011979166666666673f,-0.09766053653842192f,1.0924115114903536f,0.5707049186949752f,0.5605883333333334f,-0.0455399237473487f,0.5689044836268582f,-1.0967581314540567f,-0.055704166666666666f,0f,0f,0f,1f],start_interpolation:0}