execute if entity @s[tag=aj.dino.bone.head_lower] run data modify entity @s {} merge value {transformation:[-0.9927797236478343f,0.07705205150324598f,-0.09193150533343261f,0.18884361992821058f,0.02299535004723484f,0.8744435432127273f,0.4845819885321543f,0.942809570852624f,0.11772694759457142f,0.4789691755141585f,-0.869901658072539f,0.6261443446061655f,0f,0f,0f,1f],start_interpolation:0}
execute if entity @s[tag=aj.dino.bone.head_upper] run data modify entity @s {} merge value {transformation:[-1.0333840006868127f,0.10888661388969365f,-0.06109955011014092f,0.18675580609625417f,0.02393585028277089f,0.6726847268313791f,0.7939737249698768f,1.0126564158101061f,0.12254193069829457f,0.7868360097167246f,-0.6703316430076268f,0.5976396822737432f,0f,0f,0f,1f],start_interpolation:0}
execute if entity @s[tag=aj.dino.bone.neck_0] run data modify entity @s {} merge value {transformation:[-0.9003518589100943f,-0.43108447998637756f,-0.059436531460139996f,0.19020076411653422f,-0.427000871502572f,0.9015148442207492f,-0.07029396407717214f,0.993615774686262f,0.08388555235069867f,-0.03790985049447146f,-0.9957540144746119f,0.5338406030944292f,0f,0f,0f,1f],start_interpolation:0}
execute if entity @s[tag=aj.dino.bone.neck_1] run data modify entity @s {} merge value {transformation:[-0.9442220438057379f,-0.1256554418871536f,-0.30439356418206254f,0.16383575515093976f,-0.0070335527975627435f,0.9318232853884914f,-0.3628441730865226f,0.9671709042939359f,0.32923435593260797f,-0.34046449848984645f,-0.8807318911801131f,0.4576625749189215f,0f,0f,0f,1f],start_interpolation:0}
execute if entity @s[tag=aj.dino.bone.neck_2] run data modify entity @s {} merge value {transformation:[-0.9397043081751483f,-0.08436718090529707f,-0.33141815276649966f,0.1339750319018977f,0.08988893149097987f,0.8740858513711297f,-0.477382346163133f,0.9339064771910297f,0.3299633209804932f,-0.47838907096515104f,-0.8137985645039096f,0.381683989181227f,0f,0f,0f,1f],start_interpolation:0}
execute if entity @s[tag=aj.dino.bone.body_0] run data modify entity @s {} merge value {transformation:[-0.9503980588494041f,-0.16711934806691467f,-0.26232547195606853f,0.008749999999999992f,0.06362859920845237f,0.7210929277558484f,-0.6899104223761727f,0.6156235937922575f,0.3044584226098119f,-0.6723809285235478f,-0.6746917487710644f,0.057299029259134826f,0f,0f,0f,1f],start_interpolation:0}
execute if entity @s[tag=aj.dino.bone.leg_left_3] run data modify entity @s {} merge value {transformation:[-0.9537472584798675f,-0.028605981719974194f,-0.29924549245055143f,0.28423813417024246f,-0.05995382561203346f,0.9935639935667341f,0.09610478386742838f,0.05242966459058643f,0.2945703748455001f,0.10960058620992763f,-0.9493239730280816f,-0.14192486924290254f,0f,0f,0f,1f],start_interpolation:0}
execute if entity @s[tag=aj.dino.bone.leg_left_2] run data modify entity @s {} merge value {transformation:[-0.9791862462286853f,-0.13081465439413545f,-0.2759420607537269f,0.24369849422724724f,-0.06126710909150142f,0.9921365072619348f,-0.25293021132785537f,0.2757835190159118f,0.2991702459149985f,-0.22497750255198032f,-0.9549578455645712f,-0.2234151470228838f,0f,0f,0f,1f],start_interpolation:0}
execute if entity @s[tag=aj.dino.bone.leg_left_1] run data modify entity @s {} merge value {transformation:[-0.9517232815303409f,0.20341210955531225f,0.2298832509761794f,0.3057212261741443f,0.28932321637532754f,0.34426883667319297f,0.893180297902905f,0.31617761728309446f,0.10254204922545118f,0.9165710456816449f,-0.38650051275347747f,0.044044912064057584f,0f,0f,0f,1f],start_interpolation:0}
execute if entity @s[tag=aj.dino.bone.leg_left_0] run data modify entity @s {} merge value {transformation:[-0.9790777636719143f,-0.007964122781162394f,-0.20333053246261257f,0.20530375f,0.12331491034727363f,0.7716252007274356f,-0.6240096012790098f,0.6842795487842769f,0.16186465200669f,-0.6360276113115464f,-0.7544989808343558f,-0.12543835279819093f,0f,0f,0f,1f],start_interpolation:0}
execute if entity @s[tag=aj.dino.bone.leg_right_3] run data modify entity @s {} merge value {transformation:[-0.9973272078504087f,0.009116528238750195f,0.07249365071631815f,-0.19013043069956656f,0.012152571443226349f,0.9990625183667308f,0.04154996272011792f,0.021545080456381954f,-0.07204689784178603f,0.04231989257545429f,-0.9965030211714248f,-0.10094716283486524f,0f,0f,0f,1f],start_interpolation:0}
execute if entity @s[tag=aj.dino.bone.leg_right_2] run data modify entity @s {} merge value {transformation:[-1.0231821629929494f,0.01832669521954782f,0.06945929078311806f,-0.1821245588609478f,0.011757041905952378f,1.0211092258090069f,-0.09622848036858471f,0.25657202772615223f,-0.07086771337771267f,-0.09519601205279127f,-1.0188118992191606f,-0.1545131234737995f,0f,0f,0f,1f],start_interpolation:0}
execute if entity @s[tag=aj.dino.bone.leg_right_1] run data modify entity @s {} merge value {transformation:[-0.9384838672772116f,-0.002128823099034685f,-0.3453165199822074f,-0.18307909305757009f,-0.3023807149819042f,0.48801068673897335f,0.8187865856470711f,0.33970180999933475f,0.16677510026212414f,0.8728350575800498f,-0.4586338716141555f,0.11025453660470477f,0f,0f,0f,1f],start_interpolation:0}
execute if entity @s[tag=aj.dino.bone.leg_right_0] run data modify entity @s {} merge value {transformation:[-0.9561733076250295f,-0.2735469489029062f,0.10442544005806935f,-0.18780375f,-0.2641521413008965f,0.6520315486863331f,-0.710688754493733f,0.6842795487842769f,0.12631805900805237f,-0.7071258206738126f,-0.6957131748823111f,-0.12543835279819096f,0f,0f,0f,1f],start_interpolation:0}
execute if entity @s[tag=aj.dino.bone.tail_4] run data modify entity @s {} merge value {transformation:[-2.3966382461643074f,1.2408703867215078f,-0.5848308575819916f,-0.7759399189265355f,1.0819826164893673f,2.4336411921808234f,0.7296338101647448f,0.4525155092211766f,0.8432674938815647f,0.40409474468039774f,-2.598320361826923f,-1.5273244528303023f,0f,0f,0f,1f],start_interpolation:0}
execute if entity @s[tag=aj.dino.bone.tail_3] run data modify entity @s {} merge value {transformation:[-1.2896215733647651f,0.5159960155136395f,-1.5513122946494946f,-0.5179441072479578f,0.35510550213081493f,2.0170965825575466f,0.37572195176158213f,0.3690680770692792f,1.595845169780908f,-0.03185929461175669f,-1.3372392102680177f,-1.3002663310677631f,0f,0f,0f,1f],start_interpolation:0}
execute if entity @s[tag=aj.dino.bone.tail_2] run data modify entity @s {} merge value {transformation:[-1.1815158622695157f,0.2227451760853768f,-1.5405124889915676f,-0.23238686336776454f,0.39308304969787566f,1.9140659346963993f,-0.024722230437272376f,0.37441000652432f,1.5060809600577647f,-0.32482311981795664f,-1.202074855234061f,-1.07576686953971f,0f,0f,0f,1f],start_interpolation:0}
execute if entity @s[tag=aj.dino.bone.tail_1] run data modify entity @s {} merge value {transformation:[-1.3333109599611614f,0.01870160191645041f,-0.7138545959319763f,-0.07772811875401f,0.19608732659529785f,1.4634494467827621f,-0.3279050579968793f,0.4268950225794708f,0.6866497610835932f,-0.3816047913705832f,-1.2924960885073729f,-0.7936274132365971f,0f,0f,0f,1f],start_interpolation:0}
execute if entity @s[tag=aj.dino.bone.tail_0] run data modify entity @s {} merge value {transformation:[-1.240663377958273f,-0.06265376382010977f,-0.3011056377027326f,0.008750000000000058f,0.07878410051158921f,1.1449136252088574f,-0.5628512884427995f,0.6190020562044319f,0.2972930619502836f,-0.5648743340552069f,-1.107415702717791f,-0.48364623008289886f,0f,0f,0f,1f],start_interpolation:0}
execute if entity @s[tag=aj.dino.bone.body_1] run data modify entity @s {} merge value {transformation:[-1.2363675f,2.4429846496702126e-17f,1.4942750601118377e-16f,0.008750000000000022f,0f,1.220168183309841f,-0.1994848352497319f,0.5831925f,-1.5141135014448153e-16f,-0.1994848352497319f,-1.220168183309841f,-0.1865375f,0f,0f,0f,1f],start_interpolation:0}