execute if entity @s[tag=aj.dino.bone.head_lower] run data modify entity @s {} merge value {transformation:[-0.8796279348058901f,-0.4584108723549929f,-0.12694159450652662f,0.08336056011316095f,-0.4722641186624074f,0.8098253048577478f,0.3480654792364147f,1.0775240967755368f,-0.056756484503046975f,0.36611807892917525f,-0.9288359670835673f,0.47642400251106204f,0f,0f,0f,1f],start_interpolation:0}
execute if entity @s[tag=aj.dino.bone.head_upper] run data modify entity @s {} merge value {transformation:[-0.9156043508278116f,-0.3160009270906721f,-0.3811614217185743f,0.04970434881392877f,-0.49157952433898383f,0.48458080821856003f,0.7791039430913005f,1.1419620036588385f,-0.059077801070686393f,0.8653304553565591f,-0.5754867149088413f,0.4561638917197254f,0f,0f,0f,1f],start_interpolation:0}
execute if entity @s[tag=aj.dino.bone.neck_0] run data modify entity @s {} merge value {transformation:[-0.8324783209023091f,-0.5420612015040789f,0.11467126515228872f,0.0661868720499035f,-0.551043825802966f,0.8315810478405201f,-0.06945259474557536f,1.1241510050742707f,-0.05771089387717582f,-0.12100667211528882f,-0.9909726726966192f,0.394068553637926f,0f,0f,0f,1f],start_interpolation:0}
execute if entity @s[tag=aj.dino.bone.neck_1] run data modify entity @s {} merge value {transformation:[-0.9545863986045404f,-0.29736514055748103f,0.018405998490789194f,0.06637617766889779f,-0.27134049422243645f,0.8422055208429369f,-0.4659014883607924f,1.0885629696119101f,0.1230412280267773f,-0.4497375166059724f,-0.8846451392297116f,0.31705561485590295f,0f,0f,0f,1f],start_interpolation:0}
execute if entity @s[tag=aj.dino.bone.neck_2] run data modify entity @s {} merge value {transformation:[-0.9864535672901293f,-0.1636285655305922f,0.011621192838041389f,0.06579225539605854f,-0.13153212349106308f,0.7466438413017962f,-0.6520906951766986f,1.0387450438929628f,0.0980237729865057f,-0.6447857526252415f,-0.7580518934353975f,0.24433172809246478f,0f,0f,0f,1f],start_interpolation:0}
execute if entity @s[tag=aj.dino.bone.body_0] run data modify entity @s {} merge value {transformation:[-0.9831593910877252f,-0.14783513930838688f,-0.10743548436937922f,0.013749999999999998f,0.029076367138637395f,0.45385368218930366f,-0.8906017067338405f,0.62333132290566f,0.18042221756211857f,-0.8787272652813731f,-0.4419120010376356f,0.02768928356254438f,0f,0f,0f,1f],start_interpolation:0}
execute if entity @s[tag=aj.dino.bone.leg_left_3] run data modify entity @s {} merge value {transformation:[-0.9253756977466608f,0.03106983929803174f,-0.37777570475862415f,0.30541480262174736f,-0.02252620035925118f,0.9903659216170012f,0.1366305661156523f,0.06242533821773194f,0.3783812737401992f,0.13494445666904292f,-0.91576067031569f,-0.1625496104725424f,0f,0f,0f,1f],start_interpolation:0}
execute if entity @s[tag=aj.dino.bone.leg_left_2] run data modify entity @s {} merge value {transformation:[-0.9503348403444813f,-0.09986147779951572f,-0.37276477298669264f,0.26914280715581207f,-0.022744993269127933f,1.0035362970480535f,-0.21085484412022346f,0.28979654677231015f,0.3852383106718632f,-0.1870956580454855f,-0.9320133358659148f,-0.23436707305209434f,0f,0f,0f,1f],start_interpolation:0}
execute if entity @s[tag=aj.dino.bone.leg_left_1] run data modify entity @s {} merge value {transformation:[-0.9221699535478242f,0.3024843027809654f,0.24105149521361036f,0.35689946320504157f,0.3325972492981607f,0.302017972668843f,0.8934003659862133f,0.3178389046311989f,0.19743770291639093f,0.9040400382483709f,-0.3791173468874561f,0.0274072212255084f,0f,0f,0f,1f],start_interpolation:0}
execute if entity @s[tag=aj.dino.bone.leg_left_0] run data modify entity @s {} merge value {transformation:[-0.9467264237328141f,-0.15187721570643656f,-0.28397603764285567f,0.21030375000000004f,0.10522124625559794f,0.6875268869623451f,-0.7184951419740329f,0.6585089663994139f,0.3043642027941113f,-0.7100986488179846f,-0.6349191609995541f,-0.16432406064888688f,0f,0f,0f,1f],start_interpolation:0}
execute if entity @s[tag=aj.dino.bone.leg_right_3] run data modify entity @s {} merge value {transformation:[-0.9987240679941976f,0.040671633150305274f,0.029934165530519957f,-0.20429814285375414f,0.04244053158131659f,0.9972323648922091f,0.06104434200306576f,0.03723899089061805f,-0.02736854559922496f,0.06223687547088921f,-0.9976860899318004f,-0.11005446906570716f,0f,0f,0f,1f],start_interpolation:0}
execute if entity @s[tag=aj.dino.bone.leg_right_2] run data modify entity @s {} merge value {transformation:[-1.024516838552775f,0.040514217310411056f,0.028036497966873415f,-0.1923984710800954f,0.042343198973794474f,1.0224446645220295f,0.0698295137588307f,0.27766171209982615f,-0.025189293820735908f,0.07090631626910156f,-1.022936944924101f,-0.12510056503955475f,0f,0f,0f,1f],start_interpolation:0}
execute if entity @s[tag=aj.dino.bone.leg_right_1] run data modify entity @s {} merge value {transformation:[-0.9386531963412398f,0.0529064620992646f,-0.3407801098457966f,-0.17864560461724022f,-0.26669405270037483f,0.5151317043139969f,0.8145634471695908f,0.3690941289279202f,0.2186423089263005f,0.8554766118829293f,-0.4694201819997521f,0.13655638112621055f,0f,0f,0f,1f],start_interpolation:0}
execute if entity @s[tag=aj.dino.bone.leg_right_0] run data modify entity @s {} merge value {transformation:[-0.9561733076250296f,-0.27053332595552104f,0.1120014523693974f,-0.18280374999999996f,-0.2375787495573841f,0.49325637912726217f,-0.8368120949227567f,0.6585089663994139f,0.17114012838653697f,-0.8267465536654548f,-0.5359115528313726f,-0.16432406064888694f,0f,0f,0f,1f],start_interpolation:0}
execute if entity @s[tag=aj.dino.bone.tail_4] run data modify entity @s {} merge value {transformation:[-1.5626637538873114f,0.9692776746181044f,2.060156332265524f,-0.13054923135507285f,2.010492515944778f,1.760091737941727f,0.6968918488254208f,0.3117735697521047f,-1.0684863907494806f,1.8942648165228106f,-1.7016929715042461f,-1.7399566613019257f,0f,0f,0f,1f],start_interpolation:0}
execute if entity @s[tag=aj.dino.bone.tail_3] run data modify entity @s {} merge value {transformation:[-1.8454808038496924f,0.7864148933472128f,0.5582989738378795f,-0.23291179298386339f,0.9157183002136694f,1.8070873451071874f,0.4814985439767109f,0.21244544170132026f,-0.30266503484962565f,0.6722592273220183f,-1.9474103147524722f,-1.4163264210747728f,0f,0f,0f,1f],start_interpolation:0}
execute if entity @s[tag=aj.dino.bone.tail_2] run data modify entity @s {} merge value {transformation:[-1.8478096064276366f,0.5940846728239499f,-0.22679712280401723f,-0.19197569261734448f,0.5872026589960393f,1.861579228853326f,0.09213949735382514f,0.19619408261263852f,0.24406263676462492f,0.018975015686285533f,-1.9387746782743944f,-1.055727456872581f,0f,0f,0f,1f],start_interpolation:0}
execute if entity @s[tag=aj.dino.bone.tail_1] run data modify entity @s {} merge value {transformation:[-1.424224736685798f,0.03931437710742145f,-0.5076362173495165f,-0.08185795570581228f,0.1933299429380831f,1.4368037226844717f,-0.43113205128313326f,0.2712207466942608f,0.47102407855207107f,-0.47085633927207554f,-1.3579716032345717f,-0.7582013896228454f,0f,0f,0f,1f],start_interpolation:0}
execute if entity @s[tag=aj.dino.bone.tail_0] run data modify entity @s {} merge value {transformation:[-1.2271478948098535f,-0.11972294821892215f,-0.3370610872194261f,0.013750000000000064f,0.1257292803602523f,0.9832536430285186f,-0.806994509346419f,0.530770960541657f,0.3348670018199247f,-0.8079074239818221f,-0.9321938650040659f,-0.5052889213688909f,0f,0f,0f,1f],start_interpolation:0}
execute if entity @s[tag=aj.dino.bone.body_1] run data modify entity @s {} merge value {transformation:[-1.2363675f,5.052979144936281e-17f,1.4273099568299343e-16f,0.013750000000000028f,0f,1.1654870268094304f,-0.4126070593132944f,0.5481925000000001f,-1.5141135014448153e-16f,-0.4126070593132944f,-1.1654870268094304f,-0.20653749999999998f,0f,0f,0f,1f],start_interpolation:0}