execute if entity @s[tag=aj.dino.bone.head_lower] run data modify entity @s {} merge value {transformation:[-0.8090139750441169f,0.023513371868913446f,-0.5873189163705447f,0.09196920032457903f,-0.36364828926150045f,0.7649991968706191f,0.5315412970828247f,0.28358254702616503f,0.46179682751238227f,0.6436018568421489f,-0.610344443710957f,0.8336870527763679f,0f,0f,0f,1f],start_interpolation:0}
execute if entity @s[tag=aj.dino.bone.head_upper] run data modify entity @s {} merge value {transformation:[-0.842102309534265f,0.1152089223943845f,-0.6008848034867319f,0.05287135827587745f,-0.3785213527721753f,0.7050511583135569f,0.665654859698133f,0.34518527290842743f,0.48068412534229393f,0.7570348148830036f,-0.528500712660331f,0.8144018407524753f,0f,0f,0f,1f],start_interpolation:0}
execute if entity @s[tag=aj.dino.bone.neck_0] run data modify entity @s {} merge value {transformation:[-0.9118840687769652f,-0.17173845038380936f,-0.372791295191471f,0.031848263744165675f,-0.22326710671532451f,0.9696737463370789f,0.09942145001750052f,0.33594657042431003f,0.34441144604924867f,0.17389287025172223f,-0.9225735881250251f,0.7518126074370116f,0f,0f,0f,1f],start_interpolation:0}
execute if entity @s[tag=aj.dino.bone.neck_1] run data modify entity @s {} merge value {transformation:[-0.9835107282917916f,-0.16627470151785384f,-0.07112925537426863f,0.02505667547693327f,-0.17971853060466536f,0.9425136423814636f,0.2817255467332109f,0.36415446441665994f,0.020196462369664422f,0.289863342904851f,-0.9568549238770607f,0.6720898008515935f,0f,0f,0f,1f],start_interpolation:0}
execute if entity @s[tag=aj.dino.bone.neck_2] run data modify entity @s {} merge value {transformation:[-0.9833809255464278f,-0.1717873679956318f,-0.05874568468053145f,0.018228207206501368f,-0.1812435731681088f,0.9099644581989309f,0.3729818386999325f,0.40573959162411827f,-0.010617083248587629f,0.3774305035524546f,-0.9259770475186916f,0.5946625471849429f,0f,0f,0f,1f],start_interpolation:0}
execute if entity @s[tag=aj.dino.bone.body_0] run data modify entity @s {} merge value {transformation:[-0.9833809255464278f,-0.1804302147605617f,-0.020171585780712136f,0.007002591138135625f,-0.1812435731681088f,0.969122712334807f,0.1671883238210236f,0.4937669269231318f,-0.010617083248587629f,0.1680657789030373f,-0.9857186066545605f,0.13169810093969858f,0f,0f,0f,1f],start_interpolation:0}
execute if entity @s[tag=aj.dino.bone.leg_left_3] run data modify entity @s {} merge value {transformation:[-0.9744087742419653f,-0.0379601100974564f,-0.22155489324693237f,0.2417108463185449f,-0.06719748995576562f,0.9897571252489573f,0.12595765305277704f,0.030696850663982644f,0.21450416784742288f,0.1376221750311627f,-0.9669788513280817f,-0.14088865792046446f,0f,0f,0f,1f],start_interpolation:0}
execute if entity @s[tag=aj.dino.bone.leg_left_2] run data modify entity @s {} merge value {transformation:[-1.000141104702019f,-0.10343078054948975f,-0.20268705883958782f,0.20978574637476188f,-0.06846137646262335f,1.0080621398978706f,-0.1765954742853349f,0.260110871191618f,0.21700923970873265f,-0.1586663015266404f,-0.9898455405474073f,-0.20812753986343507f,0f,0f,0f,1f],start_interpolation:0}
execute if entity @s[tag=aj.dino.bone.leg_left_1] run data modify entity @s {} merge value {transformation:[-0.9461309255806869f,0.1469240443389804f,0.28853006230704936f,0.25324065404301294f,0.3105762769612707f,0.15989151489215578f,0.9370043114385156f,0.24766788359958858f,0.09153495424540627f,0.976139348997144f,-0.1969094296643068f,0.06567937882032275f,0f,0f,0f,1f],start_interpolation:0}
execute if entity @s[tag=aj.dino.bone.leg_left_0] run data modify entity @s {} merge value {transformation:[-0.9823526877602959f,0.11966268723838121f,-0.1437499152452333f,0.1977025828883106f,0.1614566586322193f,0.930506907857041f,-0.32876837106638945f,0.6585524111987644f,0.09441898237876444f,-0.34617587396180216f,-0.9334062995573478f,0.01672321274831065f,0f,0f,0f,1f],start_interpolation:0}
execute if entity @s[tag=aj.dino.bone.leg_right_3] run data modify entity @s {} merge value {transformation:[-0.9876564193919193f,-0.0188950447664666f,0.15549204004451853f,-0.1616420582267731f,-0.017976407142015965f,0.9998116733003001f,0.007312094003684599f,0.022313763402416337f,-0.15560091908532364f,0.004426648362753277f,-0.9878100823357067f,-0.09148407817383056f,0f,0f,0f,1f],start_interpolation:0}
execute if entity @s[tag=aj.dino.bone.leg_right_2] run data modify entity @s {} merge value {transformation:[-1.0134413239490119f,-0.043467810277904056f,0.15201786698547154f,-0.16550407782877502f,-0.019870378371834495f,1.0133733917586456f,0.15729506171407093f,0.2634215780959124f,-0.15685678332966202f,0.15247005557130672f,-1.002103303646011f,-0.0866696660252752f,0f,0f,0f,1f],start_interpolation:0}
execute if entity @s[tag=aj.dino.bone.leg_right_1] run data modify entity @s {} merge value {transformation:[-0.9219676136362157f,-0.10156748229148158f,-0.3737108052316806f,-0.19163813034490404f,-0.38684977049687147f,0.19675997395491984f,0.9009066365144489f,0.2613900497088868f,-0.01797149054640187f,0.975176681012333f,-0.22069768086074637f,0.1896024278446316f,0f,0f,0f,1f],start_interpolation:0}
execute if entity @s[tag=aj.dino.bone.leg_right_0] run data modify entity @s {} merge value {transformation:[-0.9372873312572789f,-0.2311729222446686f,0.26086689840887844f,-0.19465665844020946f,-0.344217388814677f,0.7316340922405953f,-0.588409673874322f,0.6365776894646684f,-0.054834732626439925f,-0.641303855510117f,-0.7653251054327476f,0.006483881468037411f,0f,0f,0f,1f],start_interpolation:0}
execute if entity @s[tag=aj.dino.bone.tail_4] run data modify entity @s {} merge value {transformation:[-2.6794478184905985f,0.5701953704931196f,-0.34799132037191216f,0.39679507633466954f,0.41385178567771164f,2.5462108285667244f,0.9854940119457475f,0.9850592861988565f,0.5243542877457398f,0.9040735520729323f,-2.5560447814866016f,-1.658274775567507f,0f,0f,0f,1f],start_interpolation:0}
execute if entity @s[tag=aj.dino.bone.tail_3] run data modify entity @s {} merge value {transformation:[-2.0692684931874505f,0.14708214716660342f,0.18011182951445417f,0.36481545164562046f,0.18356677751938988f,2.0232782172889254f,0.45672094289592197f,0.887816926248796f,-0.1427468645446515f,0.46974208186349947f,-2.0235887020918213f,-1.3197457066962266f,0f,0f,0f,1f],start_interpolation:0}
execute if entity @s[tag=aj.dino.bone.tail_2] run data modify entity @s {} merge value {transformation:[-1.7968588075618126f,0.08077091757991883f,0.763903370566995f,0.2214980249401845f,0.2088892265484162f,1.9214809906234596f,0.288183914727159f,0.8348558499796314f,-0.7392141717542504f,0.3466420870995959f,-1.7754367200020649f,-0.9901600219766316f,0f,0f,0f,1f],start_interpolation:0}
execute if entity @s[tag=aj.dino.bone.tail_1] run data modify entity @s {} merge value {transformation:[-1.4070835433280866f,0.06711320782573872f,0.5506977114811867f,0.10351792002302133f,0.10646147097652346f,1.5061527676696584f,0.08846494016582777f,0.7973063099217647f,-0.5444613000873362f,0.12106158670845105f,-1.4059026406301542f,-0.6885851492103382f,0f,0f,0f,1f],start_interpolation:0}
execute if entity @s[tag=aj.dino.bone.tail_0] run data modify entity @s {} merge value {transformation:[-1.2309914519342908f,0.003985506435522217f,0.3442090608731659f,0.0030282096428304213f,0.05092865874354983f,1.2661730221596557f,0.1674749720337199f,0.7789212411270051f,-0.3404438772651338f,0.17500202935270381f,-1.2195523657224179f,-0.3279804922050541f,0f,0f,0f,1f],start_interpolation:0}
execute if entity @s[tag=aj.dino.bone.body_1] run data modify entity @s {} merge value {transformation:[-1.234014141941426f,-0.07615648439301333f,0.0037259132723748306f,0.00729166666666668f,-0.06911298251389263f,1.1427268269466728f,0.46690833113221875f,0.5934008333333334f,-0.03220385369565125f,0.46581131793628194f,-1.1448088586947007f,-0.09320416666666664f,0f,0f,0f,1f],start_interpolation:0}