execute if entity @s[tag=aj.dino.bone.head_lower] run data modify entity @s {} merge value {transformation:[-0.9370392136576298f,-0.014135819050008963f,-0.34893794675798157f,0.05183885987422547f,-0.20098048334908514f,0.838956061345613f,0.5057267764754245f,0.34025008746134666f,0.2855947432651005f,0.5440155381523962f,-0.7889757517618019f,0.8299875534214411f,0f,0f,0f,1f],start_interpolation:0}
execute if entity @s[tag=aj.dino.bone.head_upper] run data modify entity @s {} merge value {transformation:[-0.9753637270632213f,0.09409947657693411f,-0.3511165490557173f,0.029444008084379428f,-0.20920050137619467f,0.6769210469748397f,0.7625516303634413f,0.40795352925678297f,0.2972754492668334f,0.7851083538301836f,-0.6153894072802756f,0.8052859122986399f,0f,0f,0f,1f],start_interpolation:0}
execute if entity @s[tag=aj.dino.bone.neck_0] run data modify entity @s {} merge value {transformation:[-0.9716170366721141f,-0.08072787938164347f,-0.22235859223120266f,0.016690203190462004f,-0.11196346081686098f,0.9849537017417945f,0.13164493483247708f,0.4005144704031201f,0.2083855021118568f,0.15280449900339543f,-0.966036369705567f,0.740272551222654f,0f,0f,0f,1f],start_interpolation:0}
execute if entity @s[tag=aj.dino.bone.neck_1] run data modify entity @s {} merge value {transformation:[-0.9959514901098577f,-0.08178124274881361f,-0.03731564929641883f,0.013152321964469875f,-0.08859260722850795f,0.9633198769749853f,0.25331041149023903f,0.4264110812137333f,0.015230866436582799f,0.25559077244563916f,-0.9666650804431868f,0.6595608061697458f,0f,0f,0f,1f],start_interpolation:0}
execute if entity @s[tag=aj.dino.bone.neck_2] run data modify entity @s {} merge value {transformation:[-0.9959447844201218f,-0.08462382135095692f,-0.030541696847396438f,0.009648120156997373f,-0.08996652912407163f,0.9364211547357247f,0.3391481160212738f,0.4652911481561515f,-0.00010011855227045827f,0.3405205277562179f,-0.9402370765678741f,0.5805228952763889f,0f,0f,0f,1f],start_interpolation:0}
execute if entity @s[tag=aj.dino.bone.body_0] run data modify entity @s {} merge value {transformation:[-0.9959447844201218f,-0.08922833196683486f,-0.011501789459612497f,0.00337735851899342f,-0.08996652912407163f,0.9876293216506048f,0.12843031827934476f,0.5352282793728872f,-0.00010011855227045827f,0.1289442817281268f,-0.9916518351648894f,0.11438945952137097f,0f,0f,0f,1f],start_interpolation:0}
execute if entity @s[tag=aj.dino.bone.leg_left_3] run data modify entity @s {} merge value {transformation:[-0.9805164808103662f,-0.012240965805648145f,-0.196055067813611f,0.21012526632331827f,-0.026979138862080608f,0.9969903117113815f,0.07268042666291522f,0.0264498005365027f,0.19457532455456747f,0.0765537530744752f,-0.9778956825575507f,-0.13048341498699148f,0f,0f,0f,1f],start_interpolation:0}
execute if entity @s[tag=aj.dino.bone.leg_left_2] run data modify entity @s {} merge value {transformation:[-1.0063237551524744f,-0.07437605332582393f,-0.18396440418785148f,0.18554180337015957f,-0.02743963137601306f,0.9939476780782661f,-0.25174844462968776f,0.25031483734805005f,0.19652421211256782f,-0.24207109582763653f,-0.9771601803793668f,-0.21680357896164398f,0f,0f,0f,1f],start_interpolation:0}
execute if entity @s[tag=aj.dino.bone.leg_left_1] run data modify entity @s {} merge value {transformation:[-0.9432812224651655f,0.12422588464781484f,0.3078773537110036f,0.22174746896547826f,0.3311301821891206f,0.2851542612200612f,0.8994664250273277f,0.2734833483318617f,0.023944473016178424f,0.9503972731923788f,-0.3101155999308465f,0.057360159591357596f,0f,0f,0f,1f],start_interpolation:0}
execute if entity @s[tag=aj.dino.bone.leg_left_0] run data modify entity @s {} merge value {transformation:[-0.9716180275015139f,0.1999493303967063f,-0.1264067795174605f,0.19756888291855054f,0.2332001624374269f,0.8992959328859247f,-0.3699790660753555f,0.6838102616859048f,0.03970003618669394f,-0.38895641191365316f,-0.9204003567785227f,-0.015814280745197737f,0f,0f,0f,1f],start_interpolation:0}
execute if entity @s[tag=aj.dino.bone.leg_right_3] run data modify entity @s {} merge value {transformation:[-0.9863774326293132f,-0.013770223506904874f,0.1639205336258234f,-0.16669227108564458f,-0.01304637328255786f,0.9998998118927345f,0.005491659225296194f,0.016611696690818023f,-0.16397973211277353f,0.00327828025716409f,-0.9864582608173439f,-0.10113342559103897f,0f,0f,0f,1f],start_interpolation:0}
execute if entity @s[tag=aj.dino.bone.leg_right_2] run data modify entity @s {} merge value {transformation:[-1.0122122111732563f,0.0010925347909353533f,0.16579338171402466f,-0.15974352066218542f,-0.014099784721753945f,1.0213956269943396f,-0.09281362361385874f,0.25185105174972666f,-0.16519635323832632f,-0.09387214190197993f,-1.0079486025349644f,-0.15390873009074646f,0f,0f,0f,1f],start_interpolation:0}
execute if entity @s[tag=aj.dino.bone.leg_right_1] run data modify entity @s {} merge value {transformation:[-0.9305419451630229f,-0.10551486114648996f,-0.35065410644886863f,-0.1883435566697645f,-0.3659431264319573f,0.3027764996241753f,0.8800068292306241f,0.2801457166578727f,0.01331602453519917f,0.9472027266391123f,-0.3203586710829118f,0.12067247017224776f,0f,0f,0f,1f],start_interpolation:0}
execute if entity @s[tag=aj.dino.bone.leg_right_0] run data modify entity @s {} merge value {transformation:[-0.9474835119465479f,-0.2597660456287421f,0.1865384575036525f,-0.19535230735746842f,-0.31932441700558123f,0.8004044698711552f,-0.5073308598087846f,0.6728400736459524f,-0.017518883910836322f,-0.5402539089619633f,-0.8413196791694804f,-0.020923073429834835f,0f,0f,0f,1f],start_interpolation:0}
execute if entity @s[tag=aj.dino.bone.tail_4] run data modify entity @s {} merge value {transformation:[-2.732415656106726f,0.35548051398946484f,-0.1822076234317173f,0.2026418184795313f,0.3111725905671782f,2.6840113750150043f,0.57001393778554f,0.8040168784026245f,0.25047481458733534f,0.5434867749668357f,-2.695838612434652f,-1.766106298363489f,0f,0f,0f,1f],start_interpolation:0}
execute if entity @s[tag=aj.dino.bone.tail_3] run data modify entity @s {} merge value {transformation:[-2.0773526111867975f,0.1189125086962162f,0.08007165613005038f,0.18790097232655378f,0.12320581607348811f,2.0755101545055625f,0.11412033768967977f,0.7643557900780228f,-0.07329380414129498f,0.11858726687259896f,-2.077621381401007f,-1.414978958268235f,0f,0f,0f,1f],start_interpolation:0}
execute if entity @s[tag=aj.dino.bone.tail_2] run data modify entity @s {} merge value {transformation:[-1.9139513706150748f,0.08559418953990888f,0.38501644203911456f,0.11493236229580497f,0.07211503228610505f,1.9513838715078726f,-0.07532783775005228f,0.7788767331188151f,-0.38776726014689106f,-0.05956925162137215f,-1.9143829113378077f,-1.0594002635570259f,0f,0f,0f,1f],start_interpolation:0}
execute if entity @s[tag=aj.dino.bone.tail_1] run data modify entity @s {} merge value {transformation:[-1.4850228204050129f,0.04269605606079302f,0.2837966167402181f,0.05475933059605301f,0.03217213008296089f,1.5110072211944046f,-0.058977805522837344f,0.7730668601801919f,-0.285181393015508f,-0.05186978210112524f,-1.484465341051288f,-0.7390533755881776f,0f,0f,0f,1f],start_interpolation:0}
execute if entity @s[tag=aj.dino.bone.tail_0] run data modify entity @s {} merge value {transformation:[-1.265788241835053f,0.0004451572561642544f,0.1778078886078188f,0.0028104753425919234f,0.011839048242243994f,1.2755863229095334f,0.0810869060137378f,0.7801535518373504f,-0.1774138674198582f,0.08194541613281489f,-1.2631884202311137f,-0.3679428711019902f,0f,0f,0f,1f],start_interpolation:0}
execute if entity @s[tag=aj.dino.bone.body_1] run data modify entity @s {} merge value {transformation:[-1.2357815348691792f,-0.037717902923361156f,0.005094401995286944f,0.0041666666666666805f,-0.03450248077557851f,1.1800426075748451f,0.3673058918456669f,0.6152758333333334f,-0.01606773017437482f,0.36698964449051397f,-1.1805359054006024f,-0.11820416666666667f,0f,0f,0f,1f],start_interpolation:0}