execute if entity @s[tag=aj.dino.bone.head_lower] run data modify entity @s {} merge value {transformation:[-0.9950809969690573f,0.0961812120207143f,0.02372728229894034f,0.03749850091842586f,0.09449968889129585f,0.8497286265093158f,0.5186820510582957f,0.3202972381156124f,0.029725717325499428f,0.51837287327253f,-0.8546379034331828f,0.7677773168684857f,0f,0f,0f,1f],start_interpolation:0}
execute if entity @s[tag=aj.dino.bone.head_upper] run data modify entity @s {} merge value {transformation:[-1.0357793951280097f,0.06939823652612352f,0.07626842058693635f,0.04399302841252832f,0.09836468679207949f,0.43395165669538255f,0.941000685773999f,0.3949421512593958f,0.030941486778396806f,0.9435792425662534f,-0.4383751589421385f,0.7587543159163498f,0f,0f,0f,1f],start_interpolation:0}
execute if entity @s[tag=aj.dino.bone.neck_0] run data modify entity @s {} merge value {transformation:[-0.9908437765664281f,-0.130304098185897f,0.03534759448022547f,0.04871391637740359f,-0.1097852516425844f,0.9299842908634648f,0.3508224868347995f,0.4025670766484744f,-0.07858631535676412f,0.3437296332048472f,-0.9357746151160057f,0.6926913914887182f,0f,0f,0f,1f],start_interpolation:0}
execute if entity @s[tag=aj.dino.bone.neck_1] run data modify entity @s {} merge value {transformation:[-0.9946260268903097f,0.011652935469063937f,-0.1028750491001138f,0.04005273310069356f,-0.025838871839827447f,0.9342641075040671f,0.35564438717864494f,0.43699886203534516f,0.10025676702568243f,0.35639133901454845f,-0.9289422986068485f,0.6156396367789716f,0f,0f,0f,1f],start_interpolation:0}
execute if entity @s[tag=aj.dino.bone.neck_2] run data modify entity @s {} merge value {transformation:[-0.9932198313149289f,0.032683507451371746f,-0.11156233693958037f,0.030599027632400355f,-0.014591664203449081f,0.9170259106409715f,0.39856061339383575f,0.48089401777961494f,0.1153319124029343f,0.39748618536217456f,-0.9103314135125234f,0.5397794156532347f,0f,0f,0f,1f],start_interpolation:0}
execute if entity @s[tag=aj.dino.bone.body_0] run data modify entity @s {} merge value {transformation:[-0.9981723344137029f,0.008733716144633091f,-0.05979726593585919f,0.00249999999999999f,-0.00336867491713478f,0.9799215763019934f,0.19935485027237063f,0.5841841890485415f,0.06033773976875135f,0.19919193382293776f,-0.9781011863092064f,0.08070154658473519f,0f,0f,0f,1f],start_interpolation:0}
execute if entity @s[tag=aj.dino.bone.leg_left_3] run data modify entity @s {} merge value {transformation:[-0.9820058585100424f,-0.009330112283396377f,-0.18861983685904846f,0.2073577374410906f,-0.016180028694600883f,0.9992630023777973f,0.03480888895602324f,0.03144534421068035f,0.188156053645363f,0.03723440725579058f,-0.9814330840118006f,-0.13172376912490946f,0f,0f,0f,1f],start_interpolation:0}
execute if entity @s[tag=aj.dino.bone.leg_left_2] run data modify entity @s {} merge value {transformation:[-1.007827499522925f,-0.07277363415872215f,-0.17620990005500695f,0.1833851121039703f,-0.016544271295459063f,0.9778408634879773f,-0.3092179365448972f,0.249796744038651f,0.18992687485810245f,-0.30098744718860676f,-0.9619753314624111f,-0.23131820417841742f,0f,0f,0f,1f],start_interpolation:0}
execute if entity @s[tag=aj.dino.bone.leg_left_1] run data modify entity @s {} merge value {transformation:[-0.9465890211452802f,0.11250646745623688f,0.302177960526143f,0.21677512960001372f,0.3218185259732696f,0.38792194421801934f,0.8636836235187654f,0.3029672560627465f,-0.020051468465238635f,0.914799901603969f,-0.4034093189773348f,0.03899899661072054f,0f,0f,0f,1f],start_interpolation:0}
execute if entity @s[tag=aj.dino.bone.leg_left_0] run data modify entity @s {} merge value {transformation:[-0.9687063566153882f,0.21661584031688033f,-0.12118404340816558f,0.19905375000000003f,0.24814830436786045f,0.8560422117804146f,-0.4534469656855711f,0.7048442660130243f,0.005514861040500238f,-0.4693285729357501f,-0.883006385556637f,-0.07275117181398304f,0f,0f,0f,1f],start_interpolation:0}
execute if entity @s[tag=aj.dino.bone.leg_right_3] run data modify entity @s {} merge value {transformation:[-0.988539732564416f,-0.011985900801573666f,0.15048433580757647f,-0.17914178824341012f,-0.008866875067909204f,0.9997320903414317f,0.021380506731167648f,0.022743640430266998f,-0.1507002842333177f,0.019801154600836923f,-0.9883811707071671f,-0.1215570667106738f,0f,0f,0f,1f],start_interpolation:0}
execute if entity @s[tag=aj.dino.bone.leg_right_2] run data modify entity @s {} merge value {transformation:[-1.0144098588600177f,0.032679342932226164f,0.14821234190785484f,-0.16537012219909802f,-0.009237008936289454f,0.9864918411263308f,-0.28073247863007805f,0.2440318953431161f,-0.1514909746955371f,-0.2789768940923142f,-0.975338185784344f,-0.2164934744687382f,0f,0f,0f,1f],start_interpolation:0}
execute if entity @s[tag=aj.dino.bone.leg_right_1] run data modify entity @s {} merge value {transformation:[-0.938561030632059f,-0.08558531401917964f,-0.3343326873088025f,-0.1895812550154462f,-0.3382904508755467f,0.41983413833968336f,0.8421988287399806f,0.3066833775217058f,0.06828442447078532f,0.9035565562314369f,-0.42299265604248915f,0.05276847696209544f,0f,0f,0f,1f],start_interpolation:0}
execute if entity @s[tag=aj.dino.bone.leg_right_0] run data modify entity @s {} merge value {transformation:[-0.9561733076250295f,-0.27217245697321385f,0.10795721120228469f,-0.19405374999999997f,-0.28997250426365817f,0.8290929234701426f,-0.4780385664596477f,0.7048442660130243f,0.04060237131588941f,-0.48839234014969596f,-0.8716790519030673f,-0.07275117181398308f,0f,0f,0f,1f],start_interpolation:0}
execute if entity @s[tag=aj.dino.bone.tail_4] run data modify entity @s {} merge value {transformation:[-2.7239751501779375f,0.1127630500966215f,-0.43920975324552186f,-0.2822230539879679f,0.04400567139521032f,2.7278262005159317f,0.4274213989306935f,0.5908663218230858f,0.45131387492314273f,0.41462036359990967f,-2.6925948584943367f,-1.80133521119029f,0f,0f,0f,1f],start_interpolation:0}
execute if entity @s[tag=aj.dino.bone.tail_3] run data modify entity @s {} merge value {transformation:[-1.983947405332345f,-0.06448085587154606f,-0.6290790396647892f,-0.17492350013156374f,-0.035574041442921416f,2.0795399865430384f,-0.10096265640542244f,0.5876359260224642f,0.6313736662982689f,-0.08544699900578699f,-1.9824256934146185f,-1.464352906432379f,0f,0f,0f,1f],start_interpolation:0}
execute if entity @s[tag=aj.dino.bone.tail_2] run data modify entity @s {} merge value {transformation:[-1.8677063494014878f,-0.11467267067028941f,-0.5632912621455152f,-0.07161723761432714f,-0.005782290160004692f,1.9185423167239735f,-0.3713971177361097f,0.6571300860292083f,0.5748159988454128f,-0.35329793736098647f,-1.833995913280779f,-1.1230760952968766f,0f,0f,0f,1f],start_interpolation:0}
execute if entity @s[tag=aj.dino.bone.tail_1] run data modify entity @s {} merge value {transformation:[-1.4950718608025921f,-0.044344915425341976f,-0.22461057301960316f,-0.02131312786050172f,-0.011783883558347375f,1.4967950854650605f,-0.21707570618548208f,0.6855568404286267f,0.22864278060887583f,-0.21282445959889496f,-1.4798934009826115f,-0.8022364263420879f,0f,0f,0f,1f],start_interpolation:0}
execute if entity @s[tag=aj.dino.bone.tail_0] run data modify entity @s {} merge value {transformation:[-1.2755381758872462f,-0.00883630262193625f,-0.08221920818299275f,0.002500000000000053f,-0.0011896479583440656f,1.2727266051441493f,-0.11832704627434638f,0.7508479136720115f,0.08268411683025913f,-0.11800264784423123f,-1.2700686707850795f,-0.43394045569211237f,0f,0f,0f,1f],start_interpolation:0}
execute if entity @s[tag=aj.dino.bone.body_1] run data modify entity @s {} merge value {transformation:[-1.2363675f,-2.1860514422191446e-17f,1.498249473945242e-16f,0.0025000000000000196f,0f,1.2234135384899398f,0.17850464670639393f,0.6269425f,-1.5141135014448153e-16f,0.17850464670639393f,-1.2234135384899398f,-0.1615375f,0f,0f,0f,1f],start_interpolation:0}