execute if entity @s[tag=aj.dino.bone.head_lower] run data modify entity @s {} merge value {transformation:[-0.8271455862428135f,0.04302990282826792f,-0.5603379396592935f,0.08682709865364796f,-0.34304796918565367f,0.7510942124860004f,0.5640705406308982f,0.29255114090540196f,0.4451384840660611f,0.6587912502702391f,-0.6065029419308238f,0.8327340076854063f,0f,0f,0f,1f],start_interpolation:0}
execute if entity @s[tag=aj.dino.bone.head_upper] run data modify entity @s {} merge value {transformation:[-0.8609754960761504f,0.11926454480579449f,-0.5726858703444676f,0.04975842591735234f,-0.3570784881886931f,0.7000063546577864f,0.6826111625919268f,0.355216166383215f,0.4633444625899947f,0.7610775350609761f,-0.5380937067056304f,0.8128728754107518f,0f,0f,0f,1f],start_interpolation:0}
execute if entity @s[tag=aj.dino.bone.neck_0] run data modify entity @s {} merge value {transformation:[-0.9206779541615826f,-0.15668289383277112f,-0.35749486080366405f,0.029482889126193658f,-0.20666816950218775f,0.9726578108550666f,0.10594833975690318f,0.34634570433373074f,0.3311198762313395f,0.1714271091829346f,-0.927885970258051f,0.7499844522697959f,0f,0f,0f,1f],start_interpolation:0}
execute if entity @s[tag=aj.dino.bone.neck_1] run data modify entity @s {} merge value {transformation:[-0.9860616796006486f,-0.15265341869219867f,-0.06617626300065542f,0.02317363586834864f,-0.16515516121613316f,0.9462245810344426f,0.27817766799271704f,0.3742701422613593f,0.020152834709308586f,0.2852296899128447f,-0.9582472996285466f,0.6701223465231677f,0f,0f,0f,1f],start_interpolation:0}
execute if entity @s[tag=aj.dino.bone.neck_2] run data modify entity @s {} merge value {transformation:[-0.9859667685867665f,-0.15780378125377006f,-0.054474745199787955f,0.016856241982420514f,-0.16674046460835124f,0.9148571523281674f,0.36774176849548534f,0.41544410255184056f,-0.008194431326255601f,0.3716643074819107f,-0.9283310260027028f,0.592432412023076f,0f,0f,0f,1f],start_interpolation:0}
execute if entity @s[tag=aj.dino.bone.body_0] run data modify entity @s {} merge value {transformation:[-0.9859667685867665f,-0.16585369436690175f,-0.019028486734889907f,0.0063082237851294675f,-0.16674046460835124f,0.9727652713051806f,0.1610134913749445f,0.5005959624020302f,-0.008194431326255601f,0.1619267705087966f,-0.9867687531979469f,0.12891455392126744f,0f,0f,0f,1f],start_interpolation:0}
execute if entity @s[tag=aj.dino.bone.leg_left_3] run data modify entity @s {} merge value {transformation:[-0.975501459826997f,-0.033946638563732694f,-0.2173580631253904f,0.23646064302138486f,-0.0606318421358821f,0.9912433828168826f,0.11730445746412305f,0.029566990927133885f,0.2114726497554882f,0.12760948927084556f,-0.9690176142121596f,-0.13934669892441293f,0f,0f,0f,1f],start_interpolation:0}
execute if entity @s[tag=aj.dino.bone.leg_left_2] run data modify entity @s {} merge value {transformation:[-1.0012481606457508f,-0.09895594564888428f,-0.19942928853337977f,0.2056775828276629f,-0.06176505323524916f,1.0062095926089494f,-0.18918121852148265f,0.2581706180318305f,0.2138910902843824f,-0.17266202843463063f,-0.9881804617247248f,-0.2098013435243406f,0f,0f,0f,1f],start_interpolation:0}
execute if entity @s[tag=aj.dino.bone.leg_left_1] run data modify entity @s {} merge value {transformation:[-0.9459332380949048f,0.14279480870292502f,0.2912386507227076f,0.24786311577001735f,0.31427893848976757f,0.18136004550587126f,0.9318461690192502f,0.25175978702834617f,0.08024374049751856f,0.9729944380630359f,-0.21643189600741278f,0.06441147112147398f,0f,0f,0f,1f],start_interpolation:0}
execute if entity @s[tag=aj.dino.bone.leg_left_0] run data modify entity @s {} merge value {transformation:[-0.9810068922316368f,0.13341478482539998f,-0.14080473210804342f,0.19764129197260538f,0.1740557461037204f,0.925853419727708f,-0.3354102598710802f,0.662822861980267f,0.08561585508714414f,-0.35354764936073413f,-0.9314901958631643f,0.011381334500998416f,0f,0f,0f,1f],start_interpolation:0}
execute if entity @s[tag=aj.dino.bone.leg_right_3] run data modify entity @s {} merge value {transformation:[-0.9874389580161326f,-0.01774074766247877f,0.15700181548119263f,-0.16198505579291397f,-0.017159459677132734f,0.9998399760271236f,0.005057200971940595f,0.020313123584725284f,-0.15706640995325208f,0.0022996109362251743f,-0.9875853657552544f,-0.09251585799110283f,0f,0f,0f,1f],start_interpolation:0}
execute if entity @s[tag=aj.dino.bone.leg_right_2] run data modify entity @s {} merge value {transformation:[-1.013234406325714f,-0.03635518329373175f,0.15523059616632118f,-0.16409016565755036f,-0.01891641314985352f,1.0190369816480815f,0.11518679979844357f,0.2614382989956795f,-0.1583047903634516f,0.1109239837994556f,-1.0073220253060768f,-0.09754481031838136f,0f,0f,0f,1f],start_interpolation:0}
execute if entity @s[tag=aj.dino.bone.leg_right_1] run data modify entity @s {} merge value {transformation:[-0.9233568592289079f,-0.10253033609306425f,-0.3699995144531545f,-0.19071029610219764f,-0.383728607072302f,0.21425205087617122f,0.8982474129156763f,0.26436201644867197f,-0.012824454346194f,0.971382308298848f,-0.23717492383202f,0.17867286867977888f,0f,0f,0f,1f],start_interpolation:0}
execute if entity @s[tag=aj.dino.bone.leg_right_0] run data modify entity @s {} merge value {transformation:[-0.9390030136767205f,-0.23688706174829707f,0.2493147815158485f,-0.1948324745147162f,-0.3404337290910823f,0.7430550920116146f,-0.576171854859946f,0.6425977295437609f,-0.04876696015927558f,-0.6259022688981639f,-0.7783753165311412f,0.0019583204698536832f,0f,0f,0f,1f],start_interpolation:0}
execute if entity @s[tag=aj.dino.bone.tail_4] run data modify entity @s {} merge value {transformation:[-2.6869615247571823f,0.545965993730192f,-0.328359908887737f,0.3659276313845587f,0.41143514212096294f,2.5736654670213315f,0.9124848049637749f,0.9533638742161927f,0.4864362444375028f,0.8389448904141907f,-2.5855778043883073f,-1.680551488208663f,0f,0f,0f,1f],start_interpolation:0}
execute if entity @s[tag=aj.dino.bone.tail_3] run data modify entity @s {} merge value {transformation:[-2.070793355521885f,0.14926626787917247f,0.15962451579967055f,0.33740052467488696f,0.17727689366331525f,2.0367422806184865f,0.3952205856968217f,0.8664179457252285f,-0.12780182997102107f,0.4066275810356157f,-2.0382017144143574f,-1.3389269675190836f,0f,0f,0f,1f],start_interpolation:0}
execute if entity @s[tag=aj.dino.bone.tail_2] run data modify entity @s {} merge value {transformation:[-1.8208833618026405f,0.08868172623680666f,0.703770707791075f,0.20524574620496674f,0.1812088588905651f,1.9326591274001468f,0.22531294179265648f,0.8251266377664405f,-0.6857995386209222f,0.27520560261619265f,-1.809064604738804f,-1.0030674338092909f,0f,0f,0f,1f],start_interpolation:0}
execute if entity @s[tag=aj.dino.bone.tail_1] run data modify entity @s {} merge value {transformation:[-1.422552075221722f,0.0654756957710057f,0.5096221900051803f,0.09613943032277132f,0.09163909318756075f,1.5084478714842413f,0.061996335491900076f,0.7932589517336092f,-0.5055730608746227f,0.08918633459205152f,-1.422707955920645f,-0.6975237553926763f,0f,0f,0f,1f],start_interpolation:0}
execute if entity @s[tag=aj.dino.bone.tail_0] run data modify entity @s {} merge value {transformation:[-1.2378329993428228f,0.003439070047263899f,0.318737125417152f,0.0030800250222488912f,0.04283185429522647f,1.2683444547840748f,0.15265481603981187f,0.779257077510037f,-0.31586486759310817f,0.15851256543166004f,-1.2283887286216402f,-0.3347348279098745f,0f,0f,0f,1f],start_interpolation:0}
execute if entity @s[tag=aj.dino.bone.body_1] run data modify entity @s {} merge value {transformation:[-1.2343743365046802f,-0.07003636307913588f,0.004415912309805649f,0.006770833333333344f,-0.06361032650786833f,1.149534280330594f,0.45069863519056297f,0.5970466666666667f,-0.02963644372125013f,0.44974486239169115f,-1.1512844283721058f,-0.09737083333333334f,0f,0f,0f,1f],start_interpolation:0}