execute if entity @s[tag=aj.dino.bone.head_lower] run data modify entity @s {} merge value {transformation:[-0.9923496819379997f,-0.06191956338266795f,-0.10680859716357377f,0.15961070028166294f,-0.10134273220577113f,0.9026467951959111f,0.41828030523994364f,1.0153765108103125f,0.07051070405704438f,0.42590460292540944f,-0.9020163578452051f,0.5676861317317247f,0f,0f,0f,1f],start_interpolation:0}
execute if entity @s[tag=aj.dino.bone.head_upper] run data modify entity @s {} merge value {transformation:[-1.03293637045023f,-0.011785526886759667f,-0.12796678686524143f,0.15020371324483373f,-0.10548760772684876f,0.6697412101979235f,0.7898044179176225f,1.0848296620929874f,0.07339456247351747f,0.7967306667262966f,-0.6658118544158693f,0.5396999768763022f,0f,0f,0f,1f],start_interpolation:0}
execute if entity @s[tag=aj.dino.bone.neck_0] run data modify entity @s {} merge value {transformation:[-0.8839790004572933f,-0.4674271317920095f,-0.009643817460951776f,0.15745298041503003f,-0.46345300253886457f,0.8788074057215023f,-0.11361715577655412f,1.063368025061008f,0.061582799451111336f,-0.09596572363994424f,-0.9934777998012969f,0.47699764425861113f,0f,0f,0f,1f],start_interpolation:0}
execute if entity @s[tag=aj.dino.bone.neck_1] run data modify entity @s {} merge value {transformation:[-0.9601187058239636f,-0.17045715772489728f,-0.2216222644665166f,0.13789339100400108f,-0.05674987489257304f,0.8949714579293154f,-0.44249919908577523f,1.030005556731703f,0.27377275691089936f,-0.41227472257249154f,-0.8689522603119119f,0.4014866846992245f,0f,0f,0f,1f],start_interpolation:0}
execute if entity @s[tag=aj.dino.bone.neck_2] run data modify entity @s {} merge value {transformation:[-0.9631473488236848f,-0.10999491829833609f,-0.24545529613852207f,0.11531274715058085f,0.05512580424845285f,0.8124660028466005f,-0.580396536795688f,0.9871130170934949f,0.26326475297667257f,-0.5725383062878936f,-0.7764609183166411f,0.3278573769427994f,0f,0f,0f,1f],start_interpolation:0}
execute if entity @s[tag=aj.dino.bone.body_0] run data modify entity @s {} merge value {transformation:[-0.9595097034297078f,-0.1760317915848546f,-0.2198952872975239f,0.009999999999999995f,0.06869232106919243f,0.6108639178913455f,-0.7887500483959173f,0.6211973194949929f,0.2731711808561826f,-0.7719184426931782f,-0.5740378243459023f,0.04996201490571103f,0f,0f,0f,1f],start_interpolation:0}
execute if entity @s[tag=aj.dino.bone.leg_left_3] run data modify entity @s {} merge value {transformation:[-0.9457961266230991f,-0.016842043754059885f,-0.3243239621534753f,0.29290708161051404f,-0.05449262292613635f,0.9927257478823647f,0.10735987862339641f,0.05728723835863683f,0.32015658811177444f,0.11921382073227427f,-0.9398339342857555f,-0.1456453368351174f,0f,0f,0f,1f],start_interpolation:0}
execute if entity @s[tag=aj.dino.bone.leg_left_2] run data modify entity @s {} merge value {transformation:[-0.9711098611231229f,-0.12832824975605323f,-0.30420338171143185f,0.2520861471032403f,-0.05563168634417195f,0.9951398236406511f,-0.24220661919041891f,0.2816813111731395f,0.32544270249097107f,-0.21281633212631235f,-0.9491356360796762f,-0.22408017257592971f,0f,0f,0f,1f],start_interpolation:0}
execute if entity @s[tag=aj.dino.bone.leg_left_1] run data modify entity @s {} merge value {transformation:[-0.9461146297005029f,0.23128174380439706f,0.22666244163839208f,0.32173930759218605f,0.2962442274590108f,0.3354561386741859f,0.8942642432318422f,0.31948595013398906f,0.1307916861421019f,0.9132239232568335f,-0.38589584194119425f,0.041875899298180086f,0f,0f,0f,1f],start_interpolation:0}
execute if entity @s[tag=aj.dino.bone.leg_left_0] run data modify entity @s {} merge value {transformation:[-0.9728367855142697f,-0.05203589858719882f,-0.22556784790498316f,0.20655375000000004f,0.11221257169115534f,0.7462749782979693f,-0.656111267637451f,0.6789569053379241f,0.2024769801847118f,-0.663600724852368f,-0.7201646689963981f,-0.13650626979783925f,0f,0f,0f,1f],start_interpolation:0}
execute if entity @s[tag=aj.dino.bone.leg_right_3] run data modify entity @s {} merge value {transformation:[-0.998133575710235f,0.017361177278000177f,0.058548736650950714f,-0.19405985591106747f,0.02008579880006146f,0.9987268665002145f,0.04627317600107109f,0.025632527649876252f,-0.057670839481179646f,0.047362808765786975f,-0.997211531531476f,-0.10026680862087722f,0f,0f,0f,1f],start_interpolation:0}
execute if entity @s[tag=aj.dino.bone.leg_right_2] run data modify entity @s {} merge value {transformation:[-1.0239718674996963f,0.022651954112838317f,0.05505182144805612f,-0.1854898027094084f,0.019768569586457542f,1.0241041155658726f,-0.05368578618444239f,0.2626599102681709f,-0.05615173840927973f,-0.052534264595653565f,-1.0228144175840037f,-0.14403490365889426f,0f,0f,0f,1f],start_interpolation:0}
execute if entity @s[tag=aj.dino.bone.leg_right_1] run data modify entity @s {} merge value {transformation:[-0.9384930639390368f,0.014817496445058392f,-0.34498001498263586f,-0.18185858157893806f,-0.2919510684967873f,0.49942568784586255f,0.8156828770565625f,0.3492631136163241f,0.18437825940685948f,0.8662300064756404f,-0.4643815600767425f,0.11959378420095473f,0f,0f,0f,1f],start_interpolation:0}
execute if entity @s[tag=aj.dino.bone.leg_right_0] run data modify entity @s {} merge value {transformation:[-0.9561733076250295f,-0.27338301961093064f,0.10485385245101932f,-0.18655374999999996f,-0.2562428168369302f,0.6080177248109628f,-0.7514346712357474f,0.6789569053379241f,0.1416764786578423f,-0.7453698215678644f,-0.6514227540476341f,-0.1365062697978393f,0f,0f,0f,1f],start_interpolation:0}
execute if entity @s[tag=aj.dino.bone.tail_4] run data modify entity @s {} merge value {transformation:[-2.3567885595780917f,1.4391416377269246f,-0.00896457486407505f,-0.6889500783204608f,1.390974558883576f,2.2822342645266636f,0.6944478885842185f,0.42103625460072014f,0.36932207296676556f,0.588166166980985f,-2.6726995899349455f,-1.5981859798934865f,0f,0f,0f,1f],start_interpolation:0}
execute if entity @s[tag=aj.dino.bone.tail_3] run data modify entity @s {} merge value {transformation:[-1.5127273536579626f,0.7048825259564688f,-1.2452879603291165f,-0.4846930876730151f,0.5313165029055534f,1.9592660414781096f,0.4635999120959318f,0.3232538850746003f,1.3286475278566683f,0.0190454550056126f,-1.603208827136514f,-1.3265273827236708f,0f,0f,0f,1f],start_interpolation:0}
execute if entity @s[tag=aj.dino.bone.tail_2] run data modify entity @s {} merge value {transformation:[-1.342471954352944f,0.3848281588646868f,-1.36691265811806f,-0.2314881232500859f,0.4994473415210773f,1.888815832612136f,0.0412429208959353f,0.3164056791824259f,1.3293213606295855f,-0.3210232290992592f,-1.3959307581521971f,-1.0661203320572532f,0f,0f,0f,1f],start_interpolation:0}
execute if entity @s[tag=aj.dino.bone.tail_1] run data modify entity @s {} merge value {transformation:[-1.3445678048583807f,0.034382636895692424f,-0.691817535495029f,-0.0817524381542309f,0.22593770364696306f,1.4497836272364846f,-0.3670638068071536f,0.37745575340132326f,0.6547868525016776f,-0.4296527882803989f,-1.2939508913841458f,-0.7830500403529308f,0f,0f,0f,1f],start_interpolation:0}
execute if entity @s[tag=aj.dino.bone.tail_0] run data modify entity @s {} merge value {transformation:[-1.234827678268101f,-0.0793418257065411f,-0.32053267580793027f,0.010000000000000061f,0.09700972018520017f,1.0988485685585814f,-0.645721808637724f,0.5926678472426635f,0.315634972328207f,-0.6481299365515663f,-1.055527292955072f,-0.4902409625258227f,0f,0f,0f,1f],start_interpolation:0}
execute if entity @s[tag=aj.dino.bone.body_1] run data modify entity @s {} merge value {transformation:[-1.2363675f,3.3199759935207725e-17f,1.477266830766174e-16f,0.010000000000000024f,0f,1.2062799100889372f,-0.2710966129852517f,0.5744425f,-1.5141135014448153e-16f,-0.2710966129852517f,-1.2062799100889372f,-0.1915375f,0f,0f,0f,1f],start_interpolation:0}