execute if entity @s[tag=aj.dino.bone.head_lower] run data modify entity @s {} merge value {transformation:[-0.9978445845205937f,0.06358694671529465f,0.01621373955476572f,0.023850648959646344f,0.06472889083979246f,0.9131391124941676f,0.4024762501365941f,0.335809724126318f,0.01078683612435687f,0.40265824397470157f,-0.9152868308490163f,0.7794151754473847f,0f,0f,0f,1f],start_interpolation:0}
execute if entity @s[tag=aj.dino.bone.head_upper] run data modify entity @s {} merge value {transformation:[-1.0386560122589092f,0.0423616957580718f,0.05358280987805809f,0.028173298856732445f,0.0673762755047688f,0.5011689732943564f,0.909814288901693f,0.40980445661841547f,0.011228013227328014f,0.9113216169514955f,-0.5028307715120324f,0.765218318292119f,0f,0f,0f,1f],start_interpolation:0}
execute if entity @s[tag=aj.dino.bone.neck_0] run data modify entity @s {} merge value {transformation:[-0.9953555559161391f,-0.09170953778868635f,0.02926906191627965f,0.03187613329742932f,-0.07902788601805678f,0.9520474617957825f,0.2955676296885791f,0.41348843423511783f,-0.05497190681057481f,0.29188181027051596f,-0.9548733414934234f,0.6987543913819423f,0f,0f,0f,1f],start_interpolation:0}
execute if entity @s[tag=aj.dino.bone.neck_1] run data modify entity @s {} merge value {transformation:[-0.997687611705754f,0.00520543655523194f,-0.0677667534941571f,0.02615938063336499f,-0.017393315341480677f,0.9443066091418797f,0.32860690880198634f,0.44567605488631457f,0.06570313562000075f,0.32902573054585654f,-0.9420324657932257f,0.620467657765551f,0f,0f,0f,1f],start_interpolation:0}
execute if entity @s[tag=aj.dino.bone.neck_2] run data modify entity @s {} merge value {transformation:[-0.9970629721543416f,0.020476743028391385f,-0.07379791700108944f,0.019894609731904385f,-0.009475751106945552f,0.9232067427079995f,0.3841868300182148f,0.4883724736124609f,0.07599762956638635f,0.38375775329422945f,-0.9203012262769487f,0.5435995963378395f,0f,0f,0f,1f],start_interpolation:0}
execute if entity @s[tag=aj.dino.bone.body_0] run data modify entity @s {} merge value {transformation:[-0.9992555110572107f,0.00443898094705839f,-0.03832387075889381f,0.00187499999999999f,-0.002569026144867548f,0.983497881752223f,0.18090140047428427f,0.5829996719717814f,0.03849446358191955f,0.1808651764078482f,-0.9827542745958922f,0.08215415893608055f,0f,0f,0f,1f],start_interpolation:0}
execute if entity @s[tag=aj.dino.bone.leg_left_3] run data modify entity @s {} merge value {transformation:[-0.9831730070697152f,-0.003264855172519718f,-0.18264769062376982f,0.19925787169327888f,-0.008768203122937376f,0.9995312802050752f,0.02933152750197482f,0.031450921519852154f,0.18246631684639425f,0.030439458147389298f,-0.982740801332785f,-0.1306375275519912f,0f,0f,0f,1f],start_interpolation:0}
execute if entity @s[tag=aj.dino.bone.leg_left_2] run data modify entity @s {} merge value {transformation:[-1.0090063613693947f,-0.06479282031181889f,-0.1725405826257388f,0.1772571319595097f,-0.008957892319369061f,0.976334396696731f,-0.3142500620409166f,0.24930742025229685f,0.1840872575220338f,-0.30762840532624025f,-0.961009284739302f,-0.23175916458988202f,0f,0f,0f,1f],start_interpolation:0}
execute if entity @s[tag=aj.dino.bone.leg_left_1] run data modify entity @s {} merge value {transformation:[-0.9443338466121962f,0.10969151766159793f,0.3101634361037876f,0.20941398267411548f,0.32784929711823435f,0.3921671223866662f,0.8594880956115922f,0.3037336230133788f,-0.027357348586670875f,0.9133305639646888f,-0.4062989741634236f,0.03845762072312134f,0f,0f,0f,1f],start_interpolation:0}
execute if entity @s[tag=aj.dino.bone.leg_left_0] run data modify entity @s {} merge value {transformation:[-0.9652626624909987f,0.23361874593183213f,-0.11700544410422298f,0.19842875000000001f,0.2612692521727916f,0.8587011532696123f,-0.4408749337879258f,0.7071568242428571f,-0.0025239393531953716f,-0.45613003729493173f,-0.8899095565322721f,-0.06848312893438052f,0f,0f,0f,1f],start_interpolation:0}
execute if entity @s[tag=aj.dino.bone.leg_right_3] run data modify entity @s {} merge value {transformation:[-0.9875736751962311f,-0.012193291337357942f,0.15668299111828057f,-0.17905233226592682f,-0.009202998765394292f,0.9997616769345783f,0.019796316492836308f,0.025281825606050884f,-0.15688703220194156f,0.018108367660358338f,-0.9874505284557525f,-0.12336873833130096f,0f,0f,0f,1f],start_interpolation:0}
execute if entity @s[tag=aj.dino.bone.leg_right_2] run data modify entity @s {} merge value {transformation:[-1.0134388694279814f,0.03625921968528899f,0.15391272338907747f,-0.16427154119960685f,-0.009538876149691743f,0.982533600268028f,-0.2942769676458602f,0.24522930325402492f,-0.15783810463582482f,-0.29219033665207983f,-0.9704504827103801f,-0.2212242816477806f,0f,0f,0f,1f],start_interpolation:0}
execute if entity @s[tag=aj.dino.bone.leg_right_1] run data modify entity @s {} merge value {transformation:[-0.9385671191399978f,-0.09168437768672438f,-0.33269466145016985f,-0.19022659502407316f,-0.3397452478737168f,0.4146099311874408f,0.844198893334961f,0.30632648248848166f,0.06053866051104648f,0.9053687535192191f,-0.42028858030475263f,0.04823231138777204f,0f,0f,0f,1f],start_interpolation:0}
execute if entity @s[tag=aj.dino.bone.leg_right_0] run data modify entity @s {} merge value {transformation:[-0.9561733076250295f,-0.2720640912664613f,0.10823001445424112f,-0.19467874999999998f,-0.29082955670817107f,0.8396458794467104f,-0.45870793112076114f,0.7071568242428571f,0.03392307076812691f,-0.47008076685981826f,-0.8819712568435243f,-0.06848312893438056f,0f,0f,0f,1f],start_interpolation:0}
execute if entity @s[tag=aj.dino.bone.tail_4] run data modify entity @s {} merge value {transformation:[-2.7447094116882016f,0.06304970880632206f,-0.29707963782400476f,-0.192256993366579f,0.02208721776977242f,2.7355823173382814f,0.37651410528333146f,0.6073689070031504f,0.30289227755324916f,0.3718540720303528f,-2.7194929948269864f,-1.8171394361606128f,0f,0f,0f,1f],start_interpolation:0}
execute if entity @s[tag=aj.dino.bone.tail_3] run data modify entity @s {} merge value {transformation:[-2.037057582131498f,-0.05414994129344935f,-0.4282636068859154f,-0.11910941205993969f,-0.029424560405943448f,2.0784584419850574f,-0.12284228193259951f,0.6078590709120479f,0.4306693956736825f,-0.11412192972171174f,-2.0340711843077424f,-1.471119357952575f,0f,0f,0f,1f],start_interpolation:0}
execute if entity @s[tag=aj.dino.bone.tail_2] run data modify entity @s {} merge value {transformation:[-1.9142079425369378f,-0.0866360445108059f,-0.3835049198156403f,-0.0492527518785301f,-0.009548781129916823f,1.915817095440465f,-0.38513316216572246f,0.6799032979897013f,0.39305298435479663f,-0.3753837071748819f,-1.8770642767045054f,-1.1219758912483802f,0f,0f,0f,1f],start_interpolation:0}
execute if entity @s[tag=aj.dino.bone.tail_1] run data modify entity @s {} merge value {transformation:[-1.504370989867456f,-0.03378004958570949f,-0.15291528077729055f,-0.014496929553258401f,-0.012254421455476342f,1.497757367785867f,-0.21030679113605172f,0.706862144022842f,0.15612176017455784f,-0.2079375519071492f,-1.4899812819317093f,-0.7989558757170145f,0f,0f,0f,1f],start_interpolation:0}
execute if entity @s[tag=aj.dino.bone.tail_0] run data modify entity @s {} merge value {transformation:[-1.2769531046569402f,-0.005804768385722942f,-0.05650477639118128f,0.0018750000000000524f,-0.0021933228195653077f,1.2756144789799309f,-0.0814776468474413f,0.7614546558339119f,0.056759795859732086f,-0.08130019843011024f,-1.2743642806879099f,-0.4285189325301306f,0f,0f,0f,1f],start_interpolation:0}
execute if entity @s[tag=aj.dino.bone.body_1] run data modify entity @s {} merge value {transformation:[-1.2363675f,-2.530029069929072e-17f,1.4928259189572698e-16f,0.0018750000000000194f,0f,1.2189848697572503f,0.2065925515577697f,0.6313175f,-1.5141135014448153e-16f,0.2065925515577697f,-1.2189848697572503f,-0.1590375f,0f,0f,0f,1f],start_interpolation:0}