execute if entity @s[tag=aj.dino.bone.head_lower] run data modify entity @s {} merge value {transformation:[-0.9029176880227063f,-0.4259749908188204f,-0.05731453439256523f,0.47905713009610945f,-0.4230937716269957f,0.8573766216562304f,0.2930818811318651f,0.23953300973397948f,-0.07570540975501142f,0.28887823703812493f,-0.9543678824748718f,0.6844301982250782f,0f,0f,0f,1f],start_interpolation:0}
execute if entity @s[tag=aj.dino.bone.head_upper] run data modify entity @s {} merge value {transformation:[-0.9398466452471318f,-0.35578093553572643f,-0.27125661634426973f,0.4520766914565407f,-0.44039813059746835f,0.6245515320034477f,0.7067225856175171f,0.3021400302956091f,-0.07880172947007066f,0.7528793079670718f,-0.7144473232163838f,0.6520593255304934f,0f,0f,0f,1f],start_interpolation:0}
execute if entity @s[tag=aj.dino.bone.neck_0] run data modify entity @s {} merge value {transformation:[-0.8733716350295911f,-0.38428191864001826f,-0.29924804783337344f,0.439246575871239f,-0.481344748802068f,0.7748062331548804f,0.40985672358156977f,0.3162211111199159f,0.0743587246152903f,0.5019987132161712f,-0.8616658702785528f,0.5881699872087983f,0f,0f,0f,1f],start_interpolation:0}
execute if entity @s[tag=aj.dino.bone.neck_1] run data modify entity @s {} merge value {transformation:[-0.7858001098473211f,-0.19556253289496794f,-0.586748228025993f,0.3886403677432141f,-0.407648482356035f,0.8772279097690647f,0.2535624364037765f,0.3417424568171109f,0.46512460932180266f,0.43843641505913084f,-0.7690465575980027f,0.5250414718038046f,0f,0f,0f,1f],start_interpolation:0}
execute if entity @s[tag=aj.dino.bone.neck_2] run data modify entity @s {} merge value {transformation:[-0.8069156474566312f,0.09894706326639766f,-0.5823200293314674f,0.3385935193648501f,-0.07313791209335295f,0.9615447724467923f,0.2647309887317152f,0.37434900120016157f,0.5861211339853483f,0.25620524828972974f,-0.7686487410023692f,0.46021048673547604f,0f,0f,0f,1f],start_interpolation:0}
execute if entity @s[tag=aj.dino.bone.body_0] run data modify entity @s {} merge value {transformation:[-0.8109478876150811f,0.1736383323583004f,-0.5587604612966688f,0.07690593147108826f,0.13922643360560366f,0.984787932129807f,0.10396503699303444f,0.4327286693045415f,0.5683128748832831f,0.0065160008691679296f,-0.8227867390609616f,0.07249625511959629f,0f,0f,0f,1f],start_interpolation:0}
execute if entity @s[tag=aj.dino.bone.leg_left_3] run data modify entity @s {} merge value {transformation:[0.033978884313034606f,0.02453295043686754f,-0.9991213989119159f,-0.13521837072261683f,-0.0987657546982907f,0.9948876202745224f,0.021070090730106683f,0.021181304406132445f,0.9945304224204098f,0.09796304082336375f,0.03622818671865141f,-0.4209658828266088f,0f,0f,0f,1f],start_interpolation:0}
execute if entity @s[tag=aj.dino.bone.leg_left_2] run data modify entity @s {} merge value {transformation:[-0.013699290939089883f,0.20044407214092083f,-1.0058313491197348f,-0.11960109526038087f,-0.3337085165898663f,0.9503124910689116f,0.19392522985543986f,0.2481732163563021f,0.9698005748007431f,0.3298341140068133f,0.052521441851717324f,-0.3409543543925219f,0f,0f,0f,1f],start_interpolation:0}
execute if entity @s[tag=aj.dino.bone.leg_left_1] run data modify entity @s {} merge value {transformation:[-0.06897454191193528f,0.9821413077776568f,0.17504560584268486f,0.13930591474533127f,-0.08463139217284088f,-0.18059153486612073f,0.9799103147704822f,0.1488268584566379f,0.9940221526841974f,0.052774511759869434f,0.09557620457824151f,-0.3514827446654719f,0f,0f,0f,1f],start_interpolation:0}
execute if entity @s[tag=aj.dino.bone.leg_left_0] run data modify entity @s {} merge value {transformation:[-0.04401109616471244f,-0.4422783757485734f,-0.8957973329719086f,0.03345913430298694f,-0.13724336969345297f,0.8908414362232838f,-0.4330886664215807f,0.5178982243272459f,0.9895591346097345f,0.10388153759374552f,-0.09990668274741471f,-0.1875008416125829f,0f,0f,0f,1f],start_interpolation:0}
execute if entity @s[tag=aj.dino.bone.leg_right_3] run data modify entity @s {} merge value {transformation:[-0.7438820268116816f,0.05888817595882892f,-0.6657114336698646f,-0.22168813910822288f,0.10156429835112267f,0.9945016525773873f,-0.025517764817661798f,0.03470125599284707f,0.6605484262996837f,-0.08659472127726589f,-0.7457728412592696f,0.3056778479436997f,0f,0f,0f,1f],start_interpolation:0}
execute if entity @s[tag=aj.dino.bone.leg_right_2] run data modify entity @s {} merge value {transformation:[-0.7548897479316841f,0.036872877600497615f,-0.6934292024899092f,-0.23335207363209026f,0.15173498791790632f,1.0082613223887251f,-0.11156970340189253f,0.2660421043767004f,0.6776283357489454f,-0.18469351957524713f,-0.7475094259724866f,0.2384734093516131f,0f,0f,0f,1f],start_interpolation:0}
execute if entity @s[tag=aj.dino.bone.leg_right_1] run data modify entity @s {} merge value {transformation:[-0.6140199349439421f,0.7098963744170274f,-0.34500240155830325f,-0.03442637011190587f,-0.21688377706273199f,0.2685279395545473f,0.9385383172388819f,0.28489682525533416f,0.758907732691162f,0.6511066604390934f,-0.010916500969209708f,0.43105183399818175f,0f,0f,0f,1f],start_interpolation:0}
execute if entity @s[tag=aj.dino.bone.leg_right_0] run data modify entity @s {} merge value {transformation:[-0.7080548310093637f,-0.5591345895845735f,-0.4313083201311936f,-0.13652007091140775f,0.008527709529633928f,0.6039671677055594f,-0.7969635741386825f,0.5859202154313377f,0.7061059654573664f,-0.5679719808791763f,-0.42287373349701546f,0.16036922763334627f,0f,0f,0f,1f],start_interpolation:0}
execute if entity @s[tag=aj.dino.bone.tail_4] run data modify entity @s {} merge value {transformation:[2.2153542457811404f,-0.10959668002189876f,-1.6449484688061358f,-1.64901596328672f,0.6262002372080719f,2.604785643007643f,0.6697957513315667f,0.6982167141585032f,1.525037756981783f,-0.9103524884952205f,2.114516379239123f,-0.10325262537665672f,0f,0f,0f,1f],start_interpolation:0}
execute if entity @s[tag=aj.dino.bone.tail_3] run data modify entity @s {} merge value {transformation:[1.2369116507411897f,-0.3335685081825423f,-1.6415624096128731f,-1.3674034113978002f,0.8580078829480972f,1.8787442149067692f,0.26474171148067427f,0.634941316113211f,1.4386860557828711f,-0.8336652513735144f,1.253447329405071f,-0.30763290342614424f,0f,0f,0f,1f],start_interpolation:0}
execute if entity @s[tag=aj.dino.bone.tail_2] run data modify entity @s {} merge value {transformation:[0.2721871189278558f,-0.2663890615369071f,-1.9166963544562858f,-1.010955866070215f,0.8274445981956877f,1.7657153314314866f,-0.1279010565529054f,0.6597498500066195f,1.74929228095516f,-0.7937632589406355f,0.3587342742886595f,-0.3732161943251173f,0f,0f,0f,1f],start_interpolation:0}
execute if entity @s[tag=aj.dino.bone.tail_1] run data modify entity @s {} merge value {transformation:[0.11259267247206221f,0.21450769215729687f,-1.49297206608528f,-0.692414637388306f,0.5263926962533246f,1.3974043507743352f,0.24047465514709573f,0.5904176618211732f,1.413467321672756f,-0.537497702732123f,0.029370054833726716f,-0.37431633525508956f,0f,0f,0f,1f],start_interpolation:0}
execute if entity @s[tag=aj.dino.bone.tail_0] run data modify entity @s {} merge value {transformation:[-0.6426163337366226f,0.2617210639742624f,-1.0734905909560222f,-0.3723999409794341f,0.37218718255173494f,1.220541459013522f,0.07477275277380328f,0.5980211651899857f,1.0403637178136935f,-0.27498426879614546f,-0.6898280243332725f,-0.1793684136974611f,0f,0f,0f,1f],start_interpolation:0}
execute if entity @s[tag=aj.dino.bone.body_1] run data modify entity @s {} merge value {transformation:[-0.5346038043102921f,0.2557690066797922f,-1.0850739987186337f,-0.13736329340617534f,0.21393684701102927f,1.2045592231228914f,0.17852926521107346f,0.47538f,1.0940906694438959f,-0.11056169439665241f,-0.5651073471688356f,-0.040541756655675124f,0f,0f,0f,1f],start_interpolation:0}