execute if entity @s[tag=aj.dino.bone.head_lower] run data modify entity @s {} merge value {transformation:[-0.9961594175719205f,-0.004288032899221167f,0.0874530019875068f,0.24042424662092143f,0.0245054679624047f,0.9452300338699802f,0.3254837401623927f,0.6515641201750421f,-0.08405888901666053f,0.32637676976772023f,-0.9414947197585728f,0.849331408675196f,0f,0f,0f,1f],start_interpolation:0}
execute if entity @s[tag=aj.dino.bone.head_upper] run data modify entity @s {} merge value {transformation:[-1.0369019226841882f,-0.07235547653330335f,0.05541687769063797f,0.24229793306037314f,0.025507731391455405f,0.3772279737641193f,0.9698042864581419f,0.7268983454772737f,-0.08749686255290487f,0.967437689677719f,-0.3740060938246097f,0.8452448099628085f,0f,0f,0f,1f],start_interpolation:0}
execute if entity @s[tag=aj.dino.bone.neck_0] run data modify entity @s {} merge value {transformation:[-0.9560913692291683f,0.014652955625814874f,-0.2927022114315536f,0.22344235133214582f,-0.08190565901079153f,0.9455920525459536f,0.3148763776213431f,0.7319365762156264f,0.28139075448120526f,0.3250245545391279f,-0.9028722402638922f,0.781496715693143f,0f,0f,0f,1f],start_interpolation:0}
execute if entity @s[tag=aj.dino.bone.neck_1] run data modify entity @s {} merge value {transformation:[-0.9502534380060369f,0.1038523184210086f,-0.29365472840784995f,0.19904437626711638f,0.04438503073136896f,0.9783060226262162f,0.20235438008664058f,0.7535855816681896f,0.308299160888709f,0.17925407122811618f,-0.9342481497672144f,0.7031794365002834f,0f,0f,0f,1f],start_interpolation:0}
execute if entity @s[tag=aj.dino.bone.neck_2] run data modify entity @s {} merge value {transformation:[-0.8999559434115553f,0.15366549086716647f,-0.40800271670023236f,0.1648047594603221f,0.19654376004453344f,0.9783341913694917f,-0.06505966788233414f,0.757464370006565f,0.3891655821186839f,-0.13874122283573687f,-0.910659663529834f,0.6220404567427672f,0f,0f,0f,1f],start_interpolation:0}
execute if entity @s[tag=aj.dino.bone.body_0] run data modify entity @s {} merge value {transformation:[-0.7621684932909825f,0.04213431880126897f,-0.6460061044709302f,-0.13925411299945492f,0.36370952898626363f,0.8533755449945886f,-0.373450877264707f,0.589587840778003f,0.5355507131534265f,-0.5195910684224105f,-0.6657406065852632f,0.3033296509708484f,0f,0f,0f,1f],start_interpolation:0}
execute if entity @s[tag=aj.dino.bone.leg_left_3] run data modify entity @s {} merge value {transformation:[-0.5676593686707131f,0.21577860493805368f,-0.7944824949684886f,0.030311267723878682f,-0.09355610002542014f,0.9418807823826953f,0.3226574777162232f,0.10564271058215521f,0.8179303743647142f,0.25748822386499315f,-0.514480045543508f,-0.0507263176395865f,0f,0f,0f,1f],start_interpolation:0}
execute if entity @s[tag=aj.dino.bone.leg_left_2] run data modify entity @s {} merge value {transformation:[-0.5840635260701476f,0.37694008707535326f,-0.7542202382400152f,0.09396056764338603f,-0.09362683391332541f,0.8828296260407499f,0.5137198330382141f,0.3271600078248913f,0.8379534670771207f,0.36137269077929646f,-0.46830114763158365f,0.020336511659882817f,0f,0f,0f,1f],start_interpolation:0}
execute if entity @s[tag=aj.dino.bone.leg_left_1] run data modify entity @s {} merge value {transformation:[-0.6867757466809594f,0.7162776105964781f,-0.12363437357389984f,0.30878548254256977f,0.0870700095222994f,0.24993537028079188f,0.9643397348053175f,0.3421806205314001f,0.7216355639882207f,0.6515202953406773f,-0.23401584892181823f,0.1953737156830423f,0f,0f,0f,1f],start_interpolation:0}
execute if entity @s[tag=aj.dino.bone.leg_left_0] run data modify entity @s {} merge value {transformation:[-0.6488989439063753f,-0.6731143460023641f,-0.3547495423577042f,-0.0020733862462002928f,0.061992530006184154f,0.41791782679880685f,-0.9063672634573663f,0.5872609218746091f,0.7583449655800607f,-0.6101325816980864f,-0.22945837515724848f,0.06267221549053825f,0f,0f,0f,1f],start_interpolation:0}
execute if entity @s[tag=aj.dino.bone.leg_right_3] run data modify entity @s {} merge value {transformation:[-0.9590524713710755f,-0.029740307407771803f,-0.2816626905934174f,-0.7617156606420088f,-0.058881786841518964f,0.9936797231029331f,0.09556957189622883f,0.08724418714167104f,0.2770402359502714f,0.1082410366236842f,-0.9547421566345795f,-0.1509046179544471f,0f,0f,0f,1f],start_interpolation:0}
execute if entity @s[tag=aj.dino.bone.leg_right_2] run data modify entity @s {} merge value {transformation:[-0.9010588580139508f,0.39666176254404295f,-0.28777522483831414f,-0.6767500400045505f,0.3706009615803886f,0.9456483603874285f,0.14306049515136585f,0.3115197147317038f,0.32064008041880954f,0.021698482267563168f,-0.9740540612291484f,-0.17644680071002997f,0f,0f,0f,1f],start_interpolation:0}
execute if entity @s[tag=aj.dino.bone.leg_right_1] run data modify entity @s {} merge value {transformation:[-0.8934161231949129f,0.44136666382912165f,-0.0836845199288562f,-0.5701991375088498f,-0.01120074911927416f,0.16434060449892543f,0.9863400574508241f,0.30363107353901647f,0.4490903851504053f,0.8821494395924527f,-0.14188090848377743f,0.07967438189158602f,0f,0f,0f,1f],start_interpolation:0}
execute if entity @s[tag=aj.dino.bone.leg_right_0] run data modify entity @s {} merge value {transformation:[-0.8858145747407076f,0.14956262350871355f,-0.4392761783048679f,-0.3727175210318491f,0.04528982387848422f,0.9699810188707734f,0.23892604479937435f,0.6597609700187356f,0.46182396108257023f,0.19174943201899586f,-0.8659969886150859f,0.1717601383983797f,0f,0f,0f,1f],start_interpolation:0}
execute if entity @s[tag=aj.dino.bone.tail_4] run data modify entity @s {} merge value {transformation:[-2.52958532001401f,0.0195604450098003f,-1.1074641436004307f,-1.0214714672430791f,0.0006026305091797097f,2.7610532647351036f,0.04739027043705608f,0.10603686358204426f,1.107636708134073f,0.04316931649501123f,-2.5292170062110655f,-1.2803175718855906f,0f,0f,0f,1f],start_interpolation:0}
execute if entity @s[tag=aj.dino.bone.tail_3] run data modify entity @s {} merge value {transformation:[-1.8982968256607329f,-0.04910458453959741f,-0.8544023803267526f,-0.8761158703242043f,0.001792687257874548f,2.078630120154651f,-0.12344689507112168f,0.10662786753061639f,0.8558104194289892f,-0.11327439872936276f,-1.894915027813575f,-0.9579015291807401f,0f,0f,0f,1f],start_interpolation:0}
execute if entity @s[tag=aj.dino.bone.tail_2] run data modify entity @s {} merge value {transformation:[-1.7732350662249363f,-0.11698838644180987f,-0.8128499199426434f,-0.7263478931056058f,0.005104639622766588f,1.9326305262595387f,-0.28928716982762653f,0.16086937017628286f,0.8212096063535433f,-0.2646258517422254f,-1.753385814937812f,-0.6314066649642718f,0f,0f,0f,1f],start_interpolation:0}
execute if entity @s[tag=aj.dino.bone.tail_1] run data modify entity @s {} merge value {transformation:[-1.1525842568110998f,-0.23867506323122242f,-0.949863145480851f,-0.5179292391496452f,0.1517284816970365f,1.405675292882908f,-0.5373189823749611f,0.2591665348626019f,0.9675661469858877f,-0.5047449208958162f,-1.0472366332576224f,-0.40080742581408657f,0f,0f,0f,1f],start_interpolation:0}
execute if entity @s[tag=aj.dino.bone.tail_0] run data modify entity @s {} merge value {transformation:[-1.020649877101876f,-0.20696536038673463f,-0.7411308147391673f,-0.30634803242265723f,0.32891553808890406f,0.9956326842627338f,-0.7310033128621909f,0.496809083213884f,0.6956465436984789f,-0.7744137228973932f,-0.7417512983558489f,-0.20273843916084658f,0f,0f,0f,1f],start_interpolation:0}
execute if entity @s[tag=aj.dino.bone.body_1] run data modify entity @s {} merge value {transformation:[-1.165717678534741f,0.08831812950261889f,-0.4023764369455338f,-0.21875f,0.2280208423238763f,1.1440887953328323f,-0.40947761711237485f,0.514944393939394f,0.3430938420807557f,-0.4602883133985452f,-1.0950004014297157f,0.08283749999999998f,0f,0f,0f,1f],start_interpolation:0}