execute if entity @s[tag=aj.dino.bone.head_lower] run data modify entity @s {} merge value {transformation:[-0.9910639475836301f,-0.1285747495755329f,-0.03550754245988622f,-0.07347262910853228f,-0.13276116728288748f,0.9250497568063993f,0.35588961756998f,0.4205920320853651f,-0.012912174938281708f,0.35742339207725393f,-0.9338531975285798f,0.8434254631854899f,0f,0f,0f,1f],start_interpolation:0}
execute if entity @s[tag=aj.dino.bone.head_upper] run data modify entity @s {} merge value {transformation:[-1.0315980500964892f,-0.11497665114483685f,-0.07783171148154823f,-0.08174015009599027f,-0.13819104370760454f,0.7937755217615948f,0.6590110765947854f,0.48380364059345765f,-0.01344027751318454f,0.6634551479392813f,-0.8019467365085676f,0.8030349056461535f,0f,0f,0f,1f],start_interpolation:0}
execute if entity @s[tag=aj.dino.bone.neck_0] run data modify entity @s {} merge value {transformation:[-0.9799861254433472f,-0.19474530891593672f,0.04124874051135008f,-0.07559518966519416f,-0.1806900530783389f,0.9571721064033202f,0.2262137560847667f,0.4829527337014669f,-0.08353621165149518f,0.21423310523508643f,-0.9732039241414149f,0.736655302807164f,0f,0f,0f,1f],start_interpolation:0}
execute if entity @s[tag=aj.dino.bone.neck_1] run data modify entity @s {} merge value {transformation:[-0.9852025943324229f,-0.16237435885240922f,0.05486725533442112f,-0.07169525138008062f,-0.14587737050416563f,0.9624561677513732f,0.22890591502215704f,0.5067779843517879f,-0.08997577949344986f,0.21751481040290022f,-0.9719010579065835f,0.6553245905432662f,0f,0f,0f,1f],start_interpolation:0}
execute if entity @s[tag=aj.dino.bone.neck_2] run data modify entity @s {} merge value {transformation:[-0.993275090434195f,-0.10202807117650534f,0.054725381816335836f,-0.06789981607696846f,-0.08637193872216299f,0.9677616562696386f,0.23659514968743722f,0.536980485393945f,-0.0771004729188913f,0.23027733137729356f,-0.9700659089615691f,0.5725941004214313f,0f,0f,0f,1f],start_interpolation:0}
execute if entity @s[tag=aj.dino.bone.body_0] run data modify entity @s {} merge value {transformation:[-0.9923897725708367f,-0.06348957777244348f,0.10550645862258771f,-0.018779835367617452f,-0.06288637363078238f,0.9979797726511951f,0.009037554461168856f,0.5507468557298831f,-0.10586710210623787f,0.002333858038915171f,-0.9943775489210733f,0.1039699234458811f,0f,0f,0f,1f],start_interpolation:0}
execute if entity @s[tag=aj.dino.bone.leg_left_3] run data modify entity @s {} merge value {transformation:[-0.9762181042995801f,-0.023185340044201815f,-0.21554733318871913f,0.23261708890792293f,-0.027590983058753356f,0.9994669321385352f,0.01745248450611664f,0.011739558372335174f,0.21502779004488146f,0.02298459415824844f,-0.976337420126769f,-0.17698886637107536f,0f,0f,0f,1f],start_interpolation:0}
execute if entity @s[tag=aj.dino.bone.leg_left_2] run data modify entity @s {} merge value {transformation:[-0.9934205499836138f,-0.1442815411277752f,-0.21061967443888643f,0.19093500875535308f,-0.1109204399238499f,1.0060789253498272f,-0.16602424965868975f,0.2409521225901322f,0.22994448542647872f,-0.13802257915799657f,-0.9900189395992488f,-0.23940101795129756f,0f,0f,0f,1f],start_interpolation:0}
execute if entity @s[tag=aj.dino.bone.leg_left_1] run data modify entity @s {} merge value {transformation:[-0.9733392055386951f,0.12290029468118621f,0.19366545517613443f,0.23343654730424396f,0.22280500448267612f,0.3060342372688903f,0.9255814256977738f,0.2705653924801112f,0.05448597010952811f,0.9440543221587021f,-0.3252579220783061f,0.0332343780030174f,0f,0f,0f,1f],start_interpolation:0}
execute if entity @s[tag=aj.dino.bone.leg_left_0] run data modify entity @s {} merge value {transformation:[-0.9824282140035668f,0.12493509926879912f,-0.13865794351733704f,0.17954529628146043f,0.16984665666524043f,0.906438892987517f,-0.3866789967133004f,0.6776898743651357f,0.07737517398624486f,-0.4034349442602363f,-0.9117309516520422f,-0.04194984825158138f,0f,0f,0f,1f],start_interpolation:0}
execute if entity @s[tag=aj.dino.bone.leg_right_3] run data modify entity @s {} merge value {transformation:[-0.9833540931474024f,-0.0023945272065365106f,0.18168377398575514f,-0.20868600545707433f,-0.0017199290309070738f,0.9999910305088737f,0.0038704968581061983f,0.017545710354652133f,-0.18169141238478617f,0.0034935857306102602f,-0.983349391378448f,-0.0992793676178572f,0f,0f,0f,1f],start_interpolation:0}
execute if entity @s[tag=aj.dino.bone.leg_right_2] run data modify entity @s {} merge value {transformation:[-1.009083205494766f,0.053787042230332094f,0.1758415138049451f,-0.18914856384138218f,0.0028475922400896555f,0.9852938435737618f,-0.28504408875605686f,0.23840271792439385f,-0.18386183700685796f,-0.27993784203720845f,-0.9694801849386653f,-0.19420851302888487f,0f,0f,0f,1f],start_interpolation:0}
execute if entity @s[tag=aj.dino.bone.leg_right_1] run data modify entity @s {} merge value {transformation:[-0.9409918278134832f,-0.11343266375387144f,-0.3188532746922028f,-0.22179433219347036f,-0.33782682276842174f,0.37102651377006873f,0.8649926958638562f,0.2865950259539594f,0.020184593293738493f,0.9216682466448163f,-0.3874535137538906f,0.07713101766144949f,0f,0f,0f,1f],start_interpolation:0}
execute if entity @s[tag=aj.dino.bone.leg_right_0] run data modify entity @s {} merge value {transformation:[-0.9625970747545244f,-0.23616823327669284f,0.13278342240279206f,-0.21340448003520468f,-0.27089861741133336f,0.8472018688416778f,-0.4570152431985133f,0.6879368169147071f,-0.004561881044128344f,-0.4758923817651778f,-0.8794916885446987f,-0.03759324208179307f,0f,0f,0f,1f],start_interpolation:0}
execute if entity @s[tag=aj.dino.bone.tail_4] run data modify entity @s {} merge value {transformation:[-2.6904298821895214f,-0.08618845086686457f,0.6162953281981339f,0.020096316775098218f,-0.12303423786571678f,2.7545335096201664f,-0.15188499692993726f,0.561685243623266f,-0.6100089810277204f,-0.17543667494789916f,-2.687521599494364f,-1.7906669959689978f,0f,0f,0f,1f],start_interpolation:0}
execute if entity @s[tag=aj.dino.bone.tail_3] run data modify entity @s {} merge value {transformation:[-2.062812387264258f,0.022656217069271213f,0.28326185204098f,-0.028156134507056695f,-0.0326287075794739f,2.0430518472604793f,-0.401023743551027f,0.6096911847952675f,-0.28228699657488504f,-0.4017105565927994f,-2.0235830119693827f,-1.4436110437189043f,0f,0f,0f,1f],start_interpolation:0}
execute if entity @s[tag=aj.dino.bone.tail_2] run data modify entity @s {} merge value {transformation:[-1.952174031485452f,0.05890474795800173f,0.06573170060645611f,-0.04180502285145175f,0.03900319267856333f,1.8812274353283358f,-0.5274807698216366f,0.7082251920344687f,-0.07917813307657202f,-0.5256305187474865f,-1.8804832506583338f,-1.0942169378248754f,0f,0f,0f,1f],start_interpolation:0}
execute if entity @s[tag=aj.dino.bone.tail_1] run data modify entity @s {} merge value {transformation:[-1.5061190559511954f,0.05569160133167193f,-0.12712232235840554f,-0.01369158585510388f,0.07064279031884196f,1.5001163924534862f,-0.17976833778033924f,0.7285044693174025f,0.11946227637479705f,-0.18494730231461096f,-1.4963888230970919f,-0.770064099534105f,0f,0f,0f,1f],start_interpolation:0}
execute if entity @s[tag=aj.dino.bone.tail_0] run data modify entity @s {} merge value {transformation:[-1.277558669208595f,0.035224924321182016f,0.020946790220905252f,-0.018962684634787164f,0.03539041188645752f,1.2776876353747209f,0.009876322245099666f,0.7564512570526554f,-0.020665963817313213f,0.010451205727051997f,-1.2780060276940715f,-0.39634882840685126f,0f,0f,0f,1f],start_interpolation:0}
execute if entity @s[tag=aj.dino.bone.body_1] run data modify entity @s {} merge value {transformation:[-1.2358714411966052f,0.03445238704670795f,-0.0062776522410837735f,-0.019823831183402328f,0.032227791997499575f,1.205638660296108f,0.27203195635553884f,0.6119993181818182f,0.013702018604645696f,0.27175917442183933f,-1.2060529842672618f,-0.13426331261074897f,0f,0f,0f,1f],start_interpolation:0}