execute if entity @s[tag=aj.dino.bone.head_lower] run data modify entity @s {} merge value {transformation:[-0.9525504369085577f,0.28153472638690824f,0.11569729030346386f,0.13803582451811475f,0.3022706080338319f,0.8302657655625956f,0.46828542370397797f,0.5080198322895436f,0.03577910932615341f,0.4810373752350282f,-0.8759696906644785f,0.9061262086931529f,0f,0f,0f,1f],start_interpolation:0}
execute if entity @s[tag=aj.dino.bone.head_upper] run data modify entity @s {} merge value {transformation:[-0.9915093528821024f,0.122060856092105f,0.29237355068624704f,0.1606243382362218f,0.31463334995632897f,0.2664273607892963f,0.9557689360413505f,0.5799882518952661f,0.03724245998963087f,0.9987940485487585f,-0.29068090811232905f,0.9085266501647173f,0f,0f,0f,1f],start_interpolation:0}
execute if entity @s[tag=aj.dino.bone.neck_0] run data modify entity @s {} merge value {transformation:[-0.9612445284340695f,0.2409300798950681f,-0.1340210922105875f,0.1483581383219908f,0.06155665928406298f,0.661402845469449f,0.747500537593587f,0.6175673394117399f,0.2687372959850353f,0.7102809110532762f,-0.6506007171376156f,0.8548415612163863f,0f,0f,0f,1f],start_interpolation:0}
execute if entity @s[tag=aj.dino.bone.neck_1] run data modify entity @s {} merge value {transformation:[-0.9334177663565404f,0.2709716577350168f,-0.2351714994515774f,0.1296843582482399f,0.15146381383270466f,0.8917810682244224f,0.42636280261739495f,0.657794188713894f,0.32525372641865014f,0.3623546426649517f,-0.8734466935022064f,0.7825184848333244f,0f,0f,0f,1f],start_interpolation:0}
execute if entity @s[tag=aj.dino.bone.neck_2] run data modify entity @s {} merge value {transformation:[-0.8893946720739502f,0.2477662979714734f,-0.38417311055822384f,0.09845369937608725f,0.24207734896247562f,0.9681465053798398f,0.06396015353408183f,0.6728763372438655f,0.38778302490667377f,-0.03611378836835877f,-0.921042952247025f,0.7014746378350991f,0f,0f,0f,1f],start_interpolation:0}
execute if entity @s[tag=aj.dino.bone.body_0] run data modify entity @s {} merge value {transformation:[-0.842043658091366f,0.1421748319447534f,-0.5203352717523494f,-0.14542396995071222f,0.2905639288882856f,0.9322776365297296f,-0.21547856425998516f,0.5802032077877418f,0.4544613086909748f,-0.3326330193892699f,-0.8263293491791661f,0.3088599690010605f,0f,0f,0f,1f],start_interpolation:0}
execute if entity @s[tag=aj.dino.bone.leg_left_3] run data modify entity @s {} merge value {transformation:[-0.6261620180478247f,0.27435272905217784f,-0.7298299166353065f,0.0060765022387855305f,-0.12408874107944114f,0.889051650190693f,0.4406689773861171f,0.10039688236146102f,0.7697552282976684f,0.3664938517285506f,-0.5226462906723591f,-0.08324297907866549f,0f,0f,0f,1f],start_interpolation:0}
execute if entity @s[tag=aj.dino.bone.leg_left_2] run data modify entity @s {} merge value {transformation:[-0.6439078700746825f,0.3835623469029595f,-0.700231947568f,0.07284508009571516f,-0.12480876464769959f,0.8401663207242906f,0.5749830652188106f,0.3138143583895225f,0.7885858397306507f,0.44616440810490166f,-0.4807617848970548f,0.007122999048009004f,0f,0f,0f,1f],start_interpolation:0}
execute if entity @s[tag=aj.dino.bone.leg_left_1] run data modify entity @s {} merge value {transformation:[-0.7282656707412674f,0.6832031348028886f,-0.05350317201136989f,0.27579149532914204f,0.0747474672806455f,0.15679937170751967f,0.9847978336528045f,0.30269322106896007f,0.6812062308544314f,0.7131952282703758f,-0.16525930357309954f,0.19607394111595516f,0f,0f,0f,1f],start_interpolation:0}
execute if entity @s[tag=aj.dino.bone.leg_left_0] run data modify entity @s {} merge value {transformation:[-0.6955875504191021f,-0.5863195328180615f,-0.4151955745645214f,-0.0014969710653524593f,0.04236915656318549f,0.543428225843125f,-0.8383857214487362f,0.5892371417491042f,0.7171909189846712f,-0.6007621565919441f,-0.3531600443607957f,0.07233645087838175f,0f,0f,0f,1f],start_interpolation:0}
execute if entity @s[tag=aj.dino.bone.leg_right_3] run data modify entity @s {} merge value {transformation:[-0.9620936890301021f,-0.04055360575567957f,-0.26968711238889825f,-0.7332027142858379f,-0.061194466278087715f,0.9957676390063249f,0.06857146932004636f,0.07403817230313092f,0.26576487884103384f,0.08247553678505525f,-0.9605034174882607f,-0.1632544655115918f,0f,0f,0f,1f],start_interpolation:0}
execute if entity @s[tag=aj.dino.bone.leg_right_2] run data modify entity @s {} merge value {transformation:[-0.9271571940530393f,0.3407525263562497f,-0.27627785433911023f,-0.6608736467887443f,0.33170570451132353f,0.9672928966402176f,0.07986223891626645f,0.30146624193343335f,0.2870767538673863f,-0.017157138220159008f,-0.9845581595303312f,-0.1981263912578255f,0f,0f,0f,1f],start_interpolation:0}
execute if entity @s[tag=aj.dino.bone.leg_right_1] run data modify entity @s {} merge value {transformation:[-0.9058276761482483f,0.4047804683587751f,-0.12501597321588528f,-0.5623171888286203f,-0.04770564238064251f,0.19575785426567294f,0.9794912118943947f,0.3017489050335998f,0.4209517701695939f,0.8932142155880359f,-0.15801256995104912f,0.061295909934056925f,0f,0f,0f,1f],start_interpolation:0}
execute if entity @s[tag=aj.dino.bone.leg_right_0] run data modify entity @s {} merge value {transformation:[-0.8997654329730518f,0.12391097316906403f,-0.4184115633620946f,-0.3749836092535349f,0.008320787061696859f,0.9635347513896885f,0.26745382286870645f,0.6573240458246152f,0.43629454515211463f,0.2371641912108719f,-0.8679862995910722f,0.17434336801909245f,0f,0f,0f,1f],start_interpolation:0}
execute if entity @s[tag=aj.dino.bone.tail_4] run data modify entity @s {} merge value {transformation:[-2.5618452030855274f,-0.054978695369292355f,-1.0293628272301083f,-0.9801866694649692f,0.09898039127323988f,2.7316685301343315f,-0.3922387732200072f,0.13110639371383004f,1.026066941856655f,-0.40078138196432095f,-2.5322366094620183f,-1.352747188510556f,0f,0f,0f,1f],start_interpolation:0}
execute if entity @s[tag=aj.dino.bone.tail_3] run data modify entity @s {} merge value {transformation:[-1.9257540631402321f,-0.07924482226698751f,-0.7881224984018691f,-0.8457747453171721f,0.0776860448468635f,2.042962280905891f,-0.39524109512586597f,0.17813268788274633f,0.7882776749213328f,-0.3949315168280655f,-1.8864233168302773f,-1.0290147901652698f,0f,0f,0f,1f],start_interpolation:0}
execute if entity @s[tag=aj.dino.bone.tail_2] run data modify entity @s {} merge value {transformation:[-1.807261036538228f,-0.10656020219804352f,-0.7356808711126438f,-0.7103750046454779f,0.07290596687385727f,1.8992531704095024f,-0.4541981832707161f,0.26307298085370684f,0.7397743850713776f,-0.44749993631255786f,-1.7524986565459322f,-0.7027885790399436f,0f,0f,0f,1f],start_interpolation:0}
execute if entity @s[tag=aj.dino.bone.tail_1] run data modify entity @s {} merge value {transformation:[-1.203759493414135f,-0.12218026497900193f,-0.9075744128527455f,-0.5124315513143458f,0.1454915810661541f,1.4544227530683724f,-0.38877101897632127f,0.3288143523877394f,0.9041302626581063f,-0.39671487016077106f,-1.1457844605069083f,-0.45224289787381705f,0f,0f,0f,1f],start_interpolation:0}
execute if entity @s[tag=aj.dino.bone.tail_0] run data modify entity @s {} merge value {transformation:[-1.0426289969806555f,-0.05465253891049602f,-0.737410056366047f,-0.2982620569587541f,0.3213745565357407f,1.114535274351349f,-0.536996492746505f,0.5126329300684082f,0.6659421038277997f,-0.623425968982066f,-0.8953752800542373f,-0.20563780975171989f,0f,0f,0f,1f],start_interpolation:0}
execute if entity @s[tag=aj.dino.bone.body_1] run data modify entity @s {} merge value {transformation:[-1.174657672876065f,0.10276918060595519f,-0.37178278890666533f,-0.21875f,0.21414100563988084f,1.1649138674291983f,-0.3545756706698005f,0.5166015909090909f,0.3208232789452443f,-0.4012714443428275f,-1.1245702497834864f,0.08283749999999998f,0f,0f,0f,1f],start_interpolation:0}