execute if entity @s[tag=aj.dino.bone.head_lower] run data modify entity @s {} merge value {transformation:[-0.5603838507440091f,0.6355867164324965f,-0.53103621883999f,0.5975487795114777f,-0.20903053030233237f,0.5118778664370032f,0.8332390336832686f,0.3811926068460084f,0.8014213481227224f,0.5779364807195158f,-0.1539910615155925f,-0.42986753046796944f,0f,0f,0f,1f],start_interpolation:0}
execute if entity @s[tag=aj.dino.bone.head_upper] run data modify entity @s {} merge value {transformation:[-0.583303316746168f,0.4390106619303859f,-0.7419560781932253f,0.5560770765190003f,-0.2175797918956435f,0.7918640024632544f,0.6395954802412464f,0.4429981880938509f,0.83419914733538f,0.5135104506218221f,-0.3519811674942354f,-0.4423424841479217f,0f,0f,0f,1f],start_interpolation:0}
execute if entity @s[tag=aj.dino.bone.neck_0] run data modify entity @s {} merge value {transformation:[-0.1838235438827202f,0.027002976552310737f,-0.9825882881307477f,0.49216216449801786f,-0.23677240351806927f,0.9689729391562838f,0.07092441127784789f,0.43193255296646704f,0.954016631745314f,0.24568736727831184f,-0.17172647994173085f,-0.4577428735869773f,0f,0f,0f,1f],start_interpolation:0}
execute if entity @s[tag=aj.dino.bone.neck_1] run data modify entity @s {} merge value {transformation:[0.2252044837693295f,0.07340915991371097f,-0.9715420915899389f,0.41019798467397545f,0.011389708296267355f,0.9968910604312419f,0.07796465979660336f,0.44312973544142337f,0.9742449461173076f,-0.028623571982500276f,0.223668227720986f,-0.43892710427169784f,0f,0f,0f,1f],start_interpolation:0}
execute if entity @s[tag=aj.dino.bone.neck_2] run data modify entity @s {} merge value {transformation:[0.3149066983719184f,0.17082978529954207f,-0.9336224910396118f,0.33007818265692096f,0.17325430728568997f,0.9567952171766677f,0.2335077244863841f,0.47295438658753464f,0.9331756085150604f,-0.23528726451375498f,0.2717042267433117f,-0.4174273856014131f,0f,0f,0f,1f],start_interpolation:0}
execute if entity @s[tag=aj.dino.bone.body_0] run data modify entity @s {} merge value {transformation:[0.4465219683099653f,-0.09704971491350792f,-0.8894939486313559f,-0.09006149957742447f,0.30515007864818505f,0.9510210146853615f,0.04942124166622944f,0.5053060963963187f,0.8411311201695019f,-0.2934968184870701f,0.45426650352008885f,-0.20612921005889592f,0f,0f,0f,1f],start_interpolation:0}
execute if entity @s[tag=aj.dino.bone.leg_left_3] run data modify entity @s {} merge value {transformation:[0.9243694838946515f,0.06907917886444617f,0.3751921165106611f,-0.453115199879698f,-0.09101498304141625f,0.9950035616228157f,0.04103882576150365f,0.01854386056714577f,-0.37048256383574424f,-0.07208314231029442f,0.9260381690234849f,-0.0767667757971603f,0f,0f,0f,1f],start_interpolation:0}
execute if entity @s[tag=aj.dino.bone.leg_left_2] run data modify entity @s {} merge value {transformation:[0.9492735492688348f,0.02491309196534268f,0.3877128654145612f,-0.43385324778501294f,-0.09191854103594332f,1.008931115954851f,0.16022229736406055f,0.25853322501162895f,-0.37748233067663817f,-0.18302879720830864f,0.9359859768821904f,-0.09108998148062175f,0f,0f,0f,1f],start_interpolation:0}
execute if entity @s[tag=aj.dino.bone.leg_left_1] run data modify entity @s {} merge value {transformation:[0.9682285572813483f,-0.2459670619280897f,-0.04509617845607469f,-0.5175659567066551f,0.10264297107411256f,0.2264605459084144f,0.9685969448826186f,0.26664052980405684f,-0.22803043953375526f,-0.9424520282716395f,0.24451235766872015f,-0.35555139574321093f,0f,0f,0f,1f],start_interpolation:0}
execute if entity @s[tag=aj.dino.bone.leg_left_0] run data modify entity @s {} merge value {transformation:[0.9576207067193663f,0.21259819004321953f,0.19433113917395886f,-0.3385648209661547f,0.07466270534421263f,0.46840337119748326f,-0.8803543390484971f,0.5308987145870085f,-0.27818709979613476f,0.857554832906433f,0.4326796113359578f,-0.0864167013181267f,0f,0f,0f,1f],start_interpolation:0}
execute if entity @s[tag=aj.dino.bone.leg_right_3] run data modify entity @s {} merge value {transformation:[0.9471303424315322f,-0.1940131254054843f,-0.25554455896364575f,0.19241293954438815f,0.20281943897141458f,0.9791809278559679f,0.008305762965943667f,0.14389043478007799f,0.24861293132266699f,-0.059696044203293726f,0.9667616007504795f,0.007755739427395547f,0f,0f,0f,1f],start_interpolation:0}
execute if entity @s[tag=aj.dino.bone.leg_right_2] run data modify entity @s {} merge value {transformation:[0.9463034029835509f,-0.3142094700759093f,-0.24050878968774f,0.11027029485838022f,0.33088443973060844f,0.9702578107306108f,0.03431425011708794f,0.3706032588029642f,0.21699667404503414f,-0.1092446297607023f,0.9965140509910208f,0.012751078612246947f,0f,0f,0f,1f],start_interpolation:0}
execute if entity @s[tag=aj.dino.bone.leg_right_1] run data modify entity @s {} merge value {transformation:[0.9949963168201879f,0.0957167865223914f,0.028646575573481846f,0.15457022118534816f,-0.04763183366085615f,0.20239943096131813f,0.9781439969496513f,0.37276315191746384f,0.08782674954912546f,-0.9746141632073493f,0.20594585438719953f,-0.2611946040493434f,0f,0f,0f,1f],start_interpolation:0}
execute if entity @s[tag=aj.dino.bone.leg_right_0] run data modify entity @s {} merge value {transformation:[0.9915129030089337f,-0.08130491695953695f,-0.10144788635057723f,0.015616977882531274f,-0.024637118386669647f,0.6486722372672826f,-0.7606690088312127f,0.692240861955085f,0.1276525580017811f,0.7567125207612605f,0.6411637742096328f,-0.031122294700306634f,0f,0f,0f,1f],start_interpolation:0}
execute if entity @s[tag=aj.dino.bone.tail_4] run data modify entity @s {} merge value {transformation:[0.3707508788552023f,1.8258816963182887f,2.0382249994733024f,0.6557545180857061f,2.7338829705430188f,-0.3363661695494619f,-0.1959669231209776f,0.045362997028081026f,0.11869718110795821f,2.044180804780358f,-1.8528079091380607f,0.6872123724056185f,0f,0f,0f,1f],start_interpolation:0}
execute if entity @s[tag=aj.dino.bone.tail_3] run data modify entity @s {} merge value {transformation:[0.21091325472712716f,0.7333937937108863f,1.9374195901691529f,0.3200629172111189f,2.051530665503691f,-0.344259951049156f,-0.09301903378374218f,0.0645044416076464f,0.28754661104391077f,1.9182190061341882f,-0.7574287537631345f,0.7968730200255826f,0f,0f,0f,1f],start_interpolation:0}
execute if entity @s[tag=aj.dino.bone.tail_2] run data modify entity @s {} merge value {transformation:[0.7160709777378195f,-0.235256514572541f,1.8029616197233815f,-0.01463019484889752f,1.7924141488238747f,-0.23413497979860384f,-0.7424326267975221f,0.20379072393902475f,0.3053976898084931f,1.9257749241769309f,0.1299887205635486f,0.7733924692861847f,0f,0f,0f,1f],start_interpolation:0}
execute if entity @s[tag=aj.dino.bone.tail_1] run data modify entity @s {} merge value {transformation:[0.948873628384025f,-0.8494255773375533f,0.8159480840850724f,-0.18073629601580432f,1.1029513854197188f,0.2731566392978556f,-0.9982684718091746f,0.41421417487585566f,0.4132714952159886f,1.2212771548556314f,0.7907876025012505f,0.5879001205227044f,0f,0f,0f,1f],start_interpolation:0}
execute if entity @s[tag=aj.dino.bone.tail_0] run data modify entity @s {} merge value {transformation:[0.8287424937894463f,-0.968422157562378f,0.09581294439639018f,-0.2321048170230923f,0.8287157182093994f,0.6363390113776659f,-0.7363006434708596f,0.6447343300001873f,0.5101488547123837f,0.5395061667165176f,1.0404407521308072f,0.29687839550589556f,0f,0f,0f,1f],start_interpolation:0}
execute if entity @s[tag=aj.dino.bone.body_1] run data modify entity @s {} merge value {transformation:[1.1139417721311673f,-0.47536558461249045f,-0.2485274317324951f,-0.14230642490722795f,0.5074392815860809f,1.119561600646768f,0.13301049927317382f,0.5384008333333333f,0.17390715586463665f,-0.22184223759131616f,1.2038051826669467f,0.031953202164384804f,0f,0f,0f,1f],start_interpolation:0}