execute if entity @s[tag=aj.dino.bone.head_lower] run data modify entity @s {} merge value {transformation:[-0.9904663791351976f,-0.13611704360564222f,0.021177871537774028f,0.5278762036487191f,-0.1312496983676325f,0.9791608286844014f,0.15497608927986872f,0.22256595006276814f,-0.041831429347038374f,0.15071901675016353f,-0.9876912014939929f,0.6002683049697614f,0f,0f,0f,1f],start_interpolation:0}
execute if entity @s[tag=aj.dino.bone.head_upper] run data modify entity @s {} merge value {transformation:[-1.0309760413475026f,-0.12214170094147905f,-0.07511158127786761f,0.5196355050613324f,-0.13661775634349438f,0.6711618056064456f,0.7838044156103439f,0.29162771239947716f,-0.04354231737757002f,0.7861902938663929f,-0.6807942648195362f,0.5709763203743703f,0f,0f,0f,1f],start_interpolation:0}
execute if entity @s[tag=aj.dino.bone.neck_0] run data modify entity @s {} merge value {transformation:[-0.9554808259326206f,-0.11237534613905661f,-0.2728152724010225f,0.5041275603327369f,-0.22806555240236653f,0.8679202501323582f,0.44124884500425404f,0.30614541073053947f,0.18719640777141094f,0.4838245766704209f,-0.8549101028337234f,0.5077823622789955f,0f,0f,0f,1f],start_interpolation:0}
execute if entity @s[tag=aj.dino.bone.neck_1] run data modify entity @s {} merge value {transformation:[-0.7618601697263914f,-0.05555591393043869f,-0.6453546484002634f,0.44920161218248605f,-0.27328425545929824f,0.9308686856792143f,0.24248547531740763f,0.33097550878812587f,0.5872689311572094f,0.36110528997676805f,-0.7243743314393899f,0.44808191592574087f,0f,0f,0f,1f],start_interpolation:0}
execute if entity @s[tag=aj.dino.bone.neck_2] run data modify entity @s {} merge value {transformation:[-0.7613323005244103f,0.14424052707800383f,-0.6321137544196207f,0.3952359113525922f,0.00531788156206392f,0.9762961337045049f,0.2163737032296843f,0.35949001732787117f,0.6483400715009839f,0.16137078317308648f,-0.7440528355057883f,0.38447722796317146f,0f,0f,0f,1f],start_interpolation:0}
execute if entity @s[tag=aj.dino.bone.body_0] run data modify entity @s {} merge value {transformation:[-0.7202934716417524f,0.23504003644345886f,-0.6526358065406229f,0.08989015326144062f,0.2229432955541122f,0.969369077657297f,0.10305279350562595f,0.4172928646351298f,0.6568665021735725f,-0.07127252311023452f,-0.7506308185598012f,0.030028778168227934f,0f,0f,0f,1f],start_interpolation:0}
execute if entity @s[tag=aj.dino.bone.leg_left_3] run data modify entity @s {} merge value {transformation:[0.34202748054157844f,-0.020579367396982934f,-0.9394645774013618f,-0.2857407433220295f,-0.10385511460791459f,0.9928076131343271f,-0.05955802609469804f,0.02968601827362166f,0.9339332512145379f,0.11793868296729364f,0.33743021402326f,-0.3571092736633894f,0f,0f,0f,1f],start_interpolation:0}
execute if entity @s[tag=aj.dino.bone.leg_left_2] run data modify entity @s {} merge value {transformation:[0.29088575707633935f,0.29806268736180397f,-0.937340018474341f,-0.24477949485940434f,-0.3272258892902331f,0.9511184659146522f,0.2008956960093182f,0.25709127742313187f,0.9275618002101184f,0.24206300357450677f,0.364824353068908f,-0.2879710331481524f,0f,0f,0f,1f],start_interpolation:0}
execute if entity @s[tag=aj.dino.bone.leg_left_1] run data modify entity @s {} merge value {transformation:[0.2820475666876439f,0.8937899152311901f,0.348695795151878f,-0.02607537676187835f,-0.07987893720562987f,-0.34031272519118994f,0.9369133388226705f,0.11653941365399978f,0.956069309996131f,-0.29210757693693434f,-0.02458938753923856f,-0.38506412238715204f,0f,0f,0f,1f],start_interpolation:0}
execute if entity @s[tag=aj.dino.bone.leg_left_0] run data modify entity @s {} merge value {transformation:[0.2990635851011453f,-0.2962741143923461f,-0.9070736580936969f,-0.033786952729464775f,-0.1345799370131447f,0.9279815636357551f,-0.34747439920903084f,0.49353335646016144f,0.9446953014702614f,0.22599085533085186f,0.2376529416751284f,-0.2058341660516842f,0f,0f,0f,1f],start_interpolation:0}
execute if entity @s[tag=aj.dino.bone.leg_right_3] run data modify entity @s {} merge value {transformation:[-0.5664179237921044f,0.023470566735200593f,-0.8237838722044576f,-0.11007906805434603f,0.08889020065158697f,0.9955026703280996f,-0.032756153585915465f,0.018704840473287326f,0.8193102390640327f,-0.09177998619934506f,-0.5659568590432364f,0.3782204511048265f,0f,0f,0f,1f],start_interpolation:0}
execute if entity @s[tag=aj.dino.bone.leg_right_2] run data modify entity @s {} merge value {transformation:[-0.5757697888116327f,-0.07909098311124048f,-0.8451603198109809f,-0.15374106410228122f,0.1681523783531397f,0.9903740070930014f,-0.2072348986764268f,0.24289422901881427f,0.8320313260008211f,-0.25488456596220926f,-0.5429732314656642f,0.30073612862144616f,0f,0f,0f,1f],start_interpolation:0}
execute if entity @s[tag=aj.dino.bone.leg_right_1] run data modify entity @s {} merge value {transformation:[-0.38555980570669957f,0.8200642728643717f,-0.42289268685429054f,0.08379474958408992f,-0.17943405409655305f,0.38293849775665295f,0.9061796329461136f,0.295292741139787f,0.9050674319927147f,0.4252677924641214f,-0.0004982356928744797f,0.43431950634347966f,0f,0f,0f,1f],start_interpolation:0}
execute if entity @s[tag=aj.dino.bone.leg_right_0] run data modify entity @s {} merge value {transformation:[-0.5039342431109114f,-0.6873711216312183f,-0.5230403615091989f,-0.08491546882404796f,0.07721932375861684f,0.5672740036628409f,-0.8199008359591988f,0.5757892786781303f,0.8602833571902311f,-0.45356493020930533f,-0.23279046248876545f,0.1751557874356583f,0f,0f,0f,1f],start_interpolation:0}
execute if entity @s[tag=aj.dino.bone.tail_4] run data modify entity @s {} merge value {transformation:[0.6150856827723168f,1.7035029973579818f,-2.084564336364048f,-1.7221727183967914f,1.7754858971548744f,1.3506231955633885f,1.6276142492035057f,0.8991798912749263f,2.0236058814533684f,-1.7028082256080728f,-0.7944335812066515f,-0.4560210522454797f,0f,0f,0f,1f],start_interpolation:0}
execute if entity @s[tag=aj.dino.bone.tail_3] run data modify entity @s {} merge value {transformation:[0.33252930558152083f,0.8532250433389732f,-1.870127485599076f,-1.4134176826539884f,1.6308066269643418f,1.0437418602479769f,0.7661711301398156f,0.7590517472822579f,1.251335099972466f,-1.5869957405833655f,-0.5015481163274362f,-0.3554470267747051f,0f,0f,0f,1f],start_interpolation:0}
execute if entity @s[tag=aj.dino.bone.tail_2] run data modify entity @s {} merge value {transformation:[-0.17036079464852738f,0.42893583786850437f,-1.8988852312979694f,-1.0604429714924382f,1.3686223643927375f,1.3819488172829089f,0.18937836491315116f,0.7251875825478726f,1.3844218642933703f,-1.3133946049855658f,-0.420885481175171f,-0.27649415731194726f,0f,0f,0f,1f],start_interpolation:0}
execute if entity @s[tag=aj.dino.bone.tail_1] run data modify entity @s {} merge value {transformation:[0.12566375152082646f,0.4282761707571722f,-1.445145111438739f,-0.7548191564012612f,0.960043107325646f,1.0952025002274994f,0.4080501998185422f,0.6230748148070581f,1.1619733661449518f,-0.9511925436298414f,-0.18085046671978083f,-0.2270599251215656f,0f,0f,0f,1f],start_interpolation:0}
execute if entity @s[tag=aj.dino.bone.tail_0] run data modify entity @s {} merge value {transformation:[-0.37478538882127393f,0.4940799565739045f,-1.1177014920908186f,-0.41627777313438824f,0.6758997557923287f,1.0577970259208194f,0.24095785659937932f,0.5781878552625728f,1.0181017380546917f,-0.5203711800715192f,-0.5714178878063042f,-0.0726358208522347f,0f,0f,0f,1f],start_interpolation:0}
execute if entity @s[tag=aj.dino.bone.body_1] run data modify entity @s {} merge value {transformation:[-0.16080495951506796f,0.20597961224848155f,-1.2084364937345993f,-0.14920740445811126f,0.2587041684852736f,1.1970415787312452f,0.16961193075135106f,0.45812621212121213f,1.1982564472014956f,-0.2307995952830575f,-0.19879041378667225f,-0.010873843646632745f,0f,0f,0f,1f],start_interpolation:0}