execute if entity @s[tag=aj.dino.bone.head_lower] run data modify entity @s {} merge value {transformation:[-0.9895812747294042f,0.10394043535419537f,-0.09962573263624007f,0.3728568346537801f,0.05543364312093298f,0.9136822180369177f,0.40263124028505215f,0.6293655001493959f,0.13287592677106091f,0.39291371869854397f,-0.9099246110218213f,0.7123474938663182f,0f,0f,0f,1f],start_interpolation:0}
execute if entity @s[tag=aj.dino.bone.head_upper] run data modify entity @s {} merge value {transformation:[-1.0300547365403057f,0.14979994785640316f,0.004376978022227329f,0.3762025317700793f,0.05770085602722784f,0.36836710742516543f,0.9718272624105835f,0.7046502093393832f,0.13831049681102783f,0.9619446929906845f,-0.3728331485831849f,0.7082885081824446f,0f,0f,0f,1f],start_interpolation:0}
execute if entity @s[tag=aj.dino.bone.neck_0] run data modify entity @s {} merge value {transformation:[-0.8707000293864063f,0.1085859977534104f,-0.47967753743364655f,0.34370447340894883f,-0.032477679411651084f,0.9604984695919663f,0.2763835925874123f,0.7069414939093731f,0.49074092876643693f,0.2562260154695207f,-0.8327794244756938f,0.6501218298169683f,0f,0f,0f,1f],start_interpolation:0}
execute if entity @s[tag=aj.dino.bone.neck_1] run data modify entity @s {} merge value {transformation:[-0.8661839248457236f,0.1867645770052512f,-0.4635131078134765f,0.3052992306282984f,0.10369451922412634f,0.9745208051204772f,0.19888852925750697f,0.7282794582835198f,0.4888484990482586f,0.12421027801026184f,-0.8634807188437262f,0.5775459009709785f,0f,0f,0f,1f],start_interpolation:0}
execute if entity @s[tag=aj.dino.bone.neck_2] run data modify entity @s {} merge value {transformation:[-0.7933828631939719f,0.18037750629539057f,-0.5813841996587039f,0.25613162287927177f,0.2693707224852913f,0.9605190000796036f,-0.06958925458596726f,0.7315869989975341f,0.545878233911087f,-0.21181880395454686f,-0.8106477336262514f,0.5044532411698491f,0f,0f,0f,1f],start_interpolation:0}
execute if entity @s[tag=aj.dino.bone.body_0] run data modify entity @s {} merge value {transformation:[-0.5246580689543688f,-0.06208168441490891f,-0.8490463916307991f,-0.14461216321851272f,0.4476481256234698f,0.828204756299278f,-0.3371765669038219f,0.5805666329875847f,0.724116749085993f,-0.5569764322693205f,-0.4067335584749212f,0.3074553435735574f,0f,0f,0f,1f],start_interpolation:0}
execute if entity @s[tag=aj.dino.bone.leg_left_3] run data modify entity @s {} merge value {transformation:[-0.5943324521709109f,0.10239282176016096f,-0.7976745240688738f,0.0854004020532478f,-0.08982250339464497f,0.9772043581110476f,0.19236309514222039f,0.08318511339090129f,0.7991876213883892f,0.18597675268906017f,-0.5715870828481004f,-0.0017142435613237972f,0f,0f,0f,1f],start_interpolation:0}
execute if entity @s[tag=aj.dino.bone.leg_left_2] run data modify entity @s {} merge value {transformation:[-0.6116553515921974f,0.23751265344079064f,-0.788370261885134f,0.11545117557989931f,-0.09017437555978884f,0.956868098565369f,0.3582376633479402f,0.31716093168038645f,0.8184182991366468f,0.2829370617365369f,-0.5497274836088039f,0.048518609555250974f,0f,0f,0f,1f],start_interpolation:0}
execute if entity @s[tag=aj.dino.bone.leg_left_1] run data modify entity @s {} merge value {transformation:[-0.7278674470515096f,0.6510840503815897f,-0.21517095264329159f,0.31823816125431587f,0.0708057755494447f,0.38347403178256656f,0.9208334317873483f,0.3710911491819079f,0.6820524332275045f,0.6550093329771165f,-0.3252187756592685f,0.23012906008354034f,0f,0f,0f,1f],start_interpolation:0}
execute if entity @s[tag=aj.dino.bone.leg_left_0] run data modify entity @s {} merge value {transformation:[-0.6902797739351605f,-0.6682195699606188f,-0.2774823237931914f,-0.0018004757661267967f,0.05033103391492441f,0.33823044391305357f,-0.9397164220313666f,0.5862424763579448f,0.7217898729693278f,-0.6626332116125968f,-0.19984145252398744f,0.07015263746776751f,0f,0f,0f,1f],start_interpolation:0}
execute if entity @s[tag=aj.dino.bone.leg_right_3] run data modify entity @s {} merge value {transformation:[-0.9608849031532978f,-0.007772519182691166f,-0.2768389257991588f,-0.7302937842674985f,-0.0427825577866483f,0.9917728047235486f,0.12064972672997598f,0.08261877990520397f,0.27362356558109086f,0.12777437832500105f,-0.9533120436679431f,-0.12656794259733103f,0f,0f,0f,1f],start_interpolation:0}
execute if entity @s[tag=aj.dino.bone.leg_right_2] run data modify entity @s {} merge value {transformation:[-0.8998045326811214f,0.4037510415367538f,-0.28177845717014893f,-0.6434922819418254f,0.3564386232826362f,0.9391384410064144f,0.20744323550579985f,0.3073885409393804f,0.33965498715546905f,0.08406119546331942f,-0.964173430778089f,-0.13729761102934807f,0f,0f,0f,1f],start_interpolation:0}
execute if entity @s[tag=aj.dino.bone.leg_right_1] run data modify entity @s {} merge value {transformation:[-0.9000551413382f,0.4307336970823701f,-0.06610011156137305f,-0.540894855504996f,-0.03517659997918926f,0.07937534237408782f,0.9962239516478714f,0.2754157944534259f,0.4343539448014454f,0.8989816667878991f,-0.056290438039453786f,0.1185634786862433f,0f,0f,0f,1f],start_interpolation:0}
execute if entity @s[tag=aj.dino.bone.leg_right_0] run data modify entity @s {} merge value {transformation:[-0.8973431878562845f,0.06617897497651888f,-0.43634338138555295f,-0.3750506207141284f,0.022814200377904867f,0.9943271776651853f,0.10388924880613898f,0.6547109904696108f,0.4407433669030512f,0.08326948437119291f,-0.8937625397741383f,0.17276793081084754f,0f,0f,0f,1f],start_interpolation:0}
execute if entity @s[tag=aj.dino.bone.tail_4] run data modify entity @s {} merge value {transformation:[-2.5952246679736337f,0.06550097462863098f,-0.9413712746115859f,-0.9592753240990108f,-0.03624707311040063f,2.745846899405634f,0.2909850276481527f,0.19042697229286915f,0.9429509022383256f,0.28582469968000673f,-2.5796916809225015f,-1.3700543710186561f,0f,0f,0f,1f],start_interpolation:0}
execute if entity @s[tag=aj.dino.bone.tail_3] run data modify entity @s {} merge value {transformation:[-1.9513864720305358f,-0.08515162670002174f,-0.7216547396719584f,-0.8360760728551796f,-0.025974650316469935f,2.0747994881369762f,-0.17457928746539106f,0.1997256261801453f,0.7261967229075047f,-0.15460210393564114f,-1.9454259264082805f,-1.0386691224579974f,0f,0f,0f,1f],start_interpolation:0}
execute if entity @s[tag=aj.dino.bone.tail_2] run data modify entity @s {} merge value {transformation:[-1.8218304832886236f,-0.12572447382250615f,-0.6956298741753186f,-0.7081370585356878f,-0.0196324958715366f,1.9312701454871946f,-0.2976307532136102f,0.2554995672961079f,0.7066272923323652f,-0.2704863339148596f,-1.8017460664308678f,-0.7032703149519322f,0f,0f,0f,1f],start_interpolation:0}
execute if entity @s[tag=aj.dino.bone.tail_1] run data modify entity @s {} merge value {transformation:[-1.207933131600938f,-0.15317032234163286f,-0.8972695536651797f,-0.5120282871167665f,0.08502344493246551f,1.4654280196618978f,-0.36462032719203225f,0.31596722095115715f,0.906269724415732f,-0.3416369733263205f,-1.161729579146483f,-0.44996873652644653f,0f,0f,0f,1f],start_interpolation:0}
execute if entity @s[tag=aj.dino.bone.tail_0] run data modify entity @s {} merge value {transformation:[-1.042419601650392f,-0.08875658047587354f,-0.7343836600179064f,-0.2995661673880875f,0.29381908399160417f,1.1149058942014853f,-0.5518069495223382f,0.5041227020459513f,0.6788721798405064f,-0.6188237496097281f,-0.8888337566393297f,-0.20516417383374616f,0f,0f,0f,1f],start_interpolation:0}
execute if entity @s[tag=aj.dino.bone.body_1] run data modify entity @s {} merge value {transformation:[-1.1739138749171625f,0.09689248052976113f,-0.37568957471563247f,-0.21875f,0.21534121231712755f,1.1585783438339674f,-0.37407082021053323f,0.5130504545454546f,0.3227366908348238f,-0.4206098708684583f,-1.1169301499974187f,0.08283749999999998f,0f,0f,0f,1f],start_interpolation:0}