execute if entity @s[tag=aj.dino.bone.head_lower] run data modify entity @s {} merge value {transformation:[-0.9954783818408853f,-0.09167518452424313f,0.024868691760890727f,0.5133531938905032f,-0.08501110591968954f,0.9766443187364569f,0.1973296393097435f,0.22985197917716413f,-0.042378097618505084f,0.19432327503994012f,-0.9800217148716595f,0.613097879305323f,0f,0f,0f,1f],start_interpolation:0}
execute if entity @s[tag=aj.dino.bone.head_upper] run data modify entity @s {} merge value {transformation:[-1.0361930328755184f,-0.09085399380359081f,-0.03900632017607511f,0.508302434573339f,-0.08848802473051072f,0.6689350879155274f,0.7925702872416085f,0.29948297809826213f,-0.04411134415356127f,0.7923025574544678f,-0.6736340173652031f,0.5844365759266036f,0f,0f,0f,1f],start_interpolation:0}
execute if entity @s[tag=aj.dino.bone.neck_0] run data modify entity @s {} merge value {transformation:[-0.9619684480354549f,-0.07220940949066568f,-0.2634435540400779f,0.4927506105758915f,-0.1889263255118846f,0.8724365061497633f,0.450734274562931f,0.31452806792393745f,0.1972905180510091f,0.483363573222273f,-0.8528986502328166f,0.5213769034188379f,0f,0f,0f,1f],start_interpolation:0}
execute if entity @s[tag=aj.dino.bone.neck_1] run data modify entity @s {} merge value {transformation:[-0.7731632293568044f,-0.048439671946797214f,-0.6323545041764501f,0.43895872890557897f,-0.25719667885318465f,0.9353553082019543f,0.24281745366698596f,0.3394069582140834f,0.5797141443482721f,0.35037700495339846f,-0.7356408534349059f,0.4606726109113948f,0f,0f,0f,1f],start_interpolation:0}
execute if entity @s[tag=aj.dino.bone.neck_2] run data modify entity @s {} merge value {transformation:[-0.7766665520316327f,0.12638219100445525f,-0.6171034019937084f,0.3861332032542181f,-0.0020225200077890106f,0.9791607503658589f,0.20307667112641492f,0.3667845934013416f,0.6299087047883315f,0.1589709619392215f,-0.7602257933614232f,0.3956275547937201f,0f,0f,0f,1f],start_interpolation:0}
execute if entity @s[tag=aj.dino.bone.body_0] run data modify entity @s {} merge value {transformation:[-0.7409095645537351f,0.22155836879817167f,-0.634007023910846f,0.08943869082213973f,0.2156526264631898f,0.9725115366570675f,0.08783652866795827f,0.41744600800164716f,0.6360400630874777f,-0.07164635569519566f,-0.7683227432942975f,0.03283740599346371f,0f,0f,0f,1f],start_interpolation:0}
execute if entity @s[tag=aj.dino.bone.leg_left_3] run data modify entity @s {} merge value {transformation:[0.32684969893824056f,-0.02479413443913661f,-0.9447510387405755f,-0.2716871988952416f,-0.10473760116762548f,0.9925476040784353f,-0.062283934845266314f,0.032465738925084f,0.9392546562065225f,0.11930844285117449f,0.321817007410726f,-0.3640555754271239f,0f,0f,0f,1f],start_interpolation:0}
execute if entity @s[tag=aj.dino.bone.leg_left_2] run data modify entity @s {} merge value {transformation:[0.2757611005538199f,0.2910688366471134f,-0.9440852436379552f,-0.23258812861361494f,-0.33146578404359966f,0.9506172635185793f,0.19626373024454727f,0.25960444235381025f,0.9306709670610781f,0.2523250881978221f,0.34963666918138553f,-0.2929898018518986f,0f,0f,0f,1f],start_interpolation:0}
execute if entity @s[tag=aj.dino.bone.leg_left_1] run data modify entity @s {} merge value {transformation:[0.2661988062301328f,0.8994914104274692f,0.3464872265017207f,-0.011902320273926278f,-0.08373207511586307f,-0.3365201740740674f,0.937946220226912f,0.12010485369929574f,0.9602745103138184f,-0.2786922586085985f,-0.014264986266886881f,-0.3870696850493448f,0f,0f,0f,1f],start_interpolation:0}
execute if entity @s[tag=aj.dino.bone.leg_left_0] run data modify entity @s {} merge value {transformation:[0.28460133797751114f,-0.320396255375568f,-0.9035199599138496f,-0.031055932826765775f,-0.1379336819038366f,0.9190028571147156f,-0.36933460169802745f,0.49496306284294955f,0.948670847985676f,0.22973895654917384f,0.21735600756784967f,-0.2042535459143071f,0f,0f,0f,1f],start_interpolation:0}
execute if entity @s[tag=aj.dino.bone.leg_right_3] run data modify entity @s {} merge value {transformation:[-0.5790541933334915f,0.026049491189539684f,-0.8148727908033657f,-0.11765226318631439f,0.07755936207316606f,0.9967165632246815f,-0.023251622489282198f,0.013675529405850956f,0.811591514579658f,-0.0766649633297157f,-0.5791732874191892f,0.37344369280754647f,0f,0f,0f,1f],start_interpolation:0}
execute if entity @s[tag=aj.dino.bone.leg_right_2] run data modify entity @s {} merge value {transformation:[-0.5884168663501321f,-0.07363336436268138f,-0.8369025741076545f,-0.15976727449682754f,0.16122746992720555f,0.9928657011196869f,-0.200712734976334f,0.23865803543575084f,0.8245201597512685f,-0.24669419671617865f,-0.5580059847089427f,0.29741560675484424f,0f,0f,0f,1f],start_interpolation:0}
execute if entity @s[tag=aj.dino.bone.leg_right_1] run data modify entity @s {} merge value {transformation:[-0.39866466805074935f,0.8129174806076854f,-0.42453698563310077f,0.07565319498764696f,-0.1865310643916248f,0.38136331176772487f,0.9054105071482667f,0.29052806890053223f,0.8979268591956215f,0.44014451508567853f,-0.00040171517230491727f,0.4348931970590017f,0f,0f,0f,1f],start_interpolation:0}
execute if entity @s[tag=aj.dino.bone.leg_right_0] run data modify entity @s {} merge value {transformation:[-0.514752475720323f,-0.6769258164345732f,-0.5261191193866508f,-0.08744733023635314f,0.07220310633792819f,0.5772565054732922f,-0.8133643945513702f,0.5749952177133381f,0.8542930411603223f,-0.4566687704815709f,-0.248268068611125f,0.1764673111992035f,0f,0f,0f,1f],start_interpolation:0}
execute if entity @s[tag=aj.dino.bone.tail_4] run data modify entity @s {} merge value {transformation:[0.2614975286409995f,1.9857036780078428f,-1.9011210580236009f,-1.6772310331804958f,1.9460554459246666f,1.215133155101614f,1.536873758107589f,0.8897406370025142f,1.9416870436560052f,-1.4852924459913353f,-1.284297125271049f,-0.5979922077124411f,0f,0f,0f,1f],start_interpolation:0}
execute if entity @s[tag=aj.dino.bone.tail_3] run data modify entity @s {} merge value {transformation:[0.13645551204911488f,1.0885434008703705f,-1.7698583795596263f,-1.3877807073330475f,1.7181078120249635f,0.9383599764689811f,0.7095996243406355f,0.7602361743070392f,1.1685165662217423f,-1.506817621687225f,-0.8366691194747466f,-0.4413786500505068f,0f,0f,0f,1f],start_interpolation:0}
execute if entity @s[tag=aj.dino.bone.tail_2] run data modify entity @s {} merge value {transformation:[-0.32139778055411233f,0.5850287394767226f,-1.8366324389065833f,-1.0464531950955214f,1.4256939195931626f,1.325277226496812f,0.17265860988314513f,0.7295088916218401f,1.2972564084608533f,-1.3115469956955308f,-0.6447822607609892f,-0.32086787269982364f,0f,0f,0f,1f],start_interpolation:0}
execute if entity @s[tag=aj.dino.bone.tail_1] run data modify entity @s {} merge value {transformation:[0.049470181355498986f,0.4987180469589562f,-1.4270561519415061f,-0.7455102082392531f,1.0088184170942756f,1.0524764490435035f,0.402784030890226f,0.6290050279564565f,1.1258305167688674f,-0.9650025304869531f,-0.2982147106796094f,-0.245974821959544f,0f,0f,0f,1f],start_interpolation:0}
execute if entity @s[tag=aj.dino.bone.tail_0] run data modify entity @s {} merge value {transformation:[-0.40369790006598116f,0.5420554678497654f,-1.0849145550874117f,-0.4153921954561312f,0.6998738533820946f,1.0379594396582794f,0.2581714692997588f,0.5786091344052646f,0.9904747909050706f,-0.5124956467936775f,-0.6246147750278686f,-0.07581530018635366f,0f,0f,0f,1f],start_interpolation:0}
execute if entity @s[tag=aj.dino.bone.body_1] run data modify entity @s {} merge value {transformation:[-0.17735731584057288f,0.20826679951921978f,-1.2057254736431915f,-0.14910615926945986f,0.25171016894034093f,1.1984782756101284f,0.1699894373155232f,0.45836295454545456f,1.1974101087038236f,-0.22108676614588282f,-0.2143228136837127f,-0.011096485548381288f,0f,0f,0f,1f],start_interpolation:0}