execute if entity @s[tag=aj.dino.bone.head_lower] run data modify entity @s {} merge value {transformation:[-0.9925886250184903f,-0.03180743740185035f,0.11728643745050212f,0.05983501246775026f,0.08448226373758312f,0.5131486866653423f,0.8541318238348272f,0.8186045166511607f,-0.0873531258609363f,0.857710156346281f,-0.506658385011796f,0.9320029035142426f,0f,0f,0f,1f],start_interpolation:0}
execute if entity @s[tag=aj.dino.bone.head_upper] run data modify entity @s {} merge value {transformation:[-1.0331850862031529f,-0.0005427133344617276f,0.12649199853400855f,0.06822212091654324f,0.08793755312350705f,0.7451310024459422f,0.7214698320290761f,0.8850997641705496f,-0.09092583231151283f,0.7268090789469056f,-0.7395627075254108f,0.897311478622776f,0f,0f,0f,1f],start_interpolation:0}
execute if entity @s[tag=aj.dino.bone.neck_0] run data modify entity @s {} merge value {transformation:[-0.9865358922861542f,0.057426534279972956f,-0.15313107585252828f,0.05770701251523075f,0.044499780452862056f,0.9952532691073454f,0.08654882940161267f,0.8745269681096624f,0.15737440316267695f,0.07856922738409393f,-0.9844085400571541f,0.8323315991749006f,0f,0f,0f,1f],start_interpolation:0}
execute if entity @s[tag=aj.dino.bone.neck_1] run data modify entity @s {} merge value {transformation:[-0.9731114953020857f,0.11668901679737835f,-0.1985892521507651f,0.041421468088384907f,0.11443976511568509f,0.9931683590111617f,0.022806815195093838f,0.8810344071800558f,0.19989386651722427f,-0.0005329333330570674f,-0.9798174105979421f,0.7493257492364922f,0f,0f,0f,1f],start_interpolation:0}
execute if entity @s[tag=aj.dino.bone.neck_2] run data modify entity @s {} merge value {transformation:[-0.9697229082821948f,0.0949418636298866f,-0.2249967192720954f,0.022639608188356156f,0.12945825525288557f,0.9810772052890225f,-0.14397248837593946f,0.8780266964176935f,0.20707013618482234f,-0.16874110285512925f,-0.9636640487782211f,0.6632494702230132f,0f,0f,0f,1f],start_interpolation:0}
execute if entity @s[tag=aj.dino.bone.body_0] run data modify entity @s {} merge value {transformation:[-0.9665618658568348f,0.03517072827641372f,-0.25401019535416436f,-0.09673939919358573f,0.137740212677586f,0.9067300770886614f,-0.3985827406126907f,0.6988138828490755f,0.21630023874903023f,-0.42024229579529093f,-0.8812551387321469f,0.24391389487500273f,0f,0f,0f,1f],start_interpolation:0}
execute if entity @s[tag=aj.dino.bone.leg_left_3] run data modify entity @s {} merge value {transformation:[-0.8688064645800417f,0.12363773824529507f,-0.47946745122637524f,0.06853369557757179f,0.13467717046586622f,0.9908232564975586f,0.011460110770915879f,0.03191534700701518f,0.47648440358445787f,-0.054616701339073884f,-0.8774848312510036f,0.07525761708093984f,0f,0f,0f,1f],start_interpolation:0}
execute if entity @s[tag=aj.dino.bone.leg_left_2] run data modify entity @s {} merge value {transformation:[-0.8924298783954806f,0.12646937729446475f,-0.4895269229107551f,0.08150045289133559f,0.13914547587185927f,1.0161802026554212f,0.008861815630884375f,0.2692752138853222f,0.4860757638394614f,-0.05869831205948198f,-0.9013029787313179f,0.03447491405264652f,0f,0f,0f,1f],start_interpolation:0}
execute if entity @s[tag=aj.dino.bone.leg_left_1] run data modify entity @s {} merge value {transformation:[-0.9373713506408007f,0.34750617874435336f,-0.02396678393816256f,0.19584646673783676f,0.23180556399556304f,0.673674825308352f,0.701732434939743f,0.4104578020452885f,0.26000217594962516f,0.6522282464599791f,-0.7120373466477732f,0.24425063137387218f,0f,0f,0f,1f],start_interpolation:0}
execute if entity @s[tag=aj.dino.bone.leg_left_0] run data modify entity @s {} merge value {transformation:[-0.9324990839980685f,-0.11580802885702832f,-0.34210226365081675f,0.06979881944415098f,0.1942648329865911f,0.6376891948690249f,-0.7453949727573876f,0.7441033792217684f,0.3044776395853316f,-0.7615385684254898f,-0.5721471627064145f,0.027225522211929306f,0f,0f,0f,1f],start_interpolation:0}
execute if entity @s[tag=aj.dino.bone.leg_right_3] run data modify entity @s {} merge value {transformation:[-0.968905897265084f,0.09961342511774585f,-0.22649178303252762f,-0.47635876634235763f,0.13188693127518533f,0.9824207707790581f,-0.13211838063152387f,0.1664237711519598f,0.20934946764622275f,-0.1578815843542018f,-0.9650109873561286f,-0.07825581246373925f,0f,0f,0f,1f],start_interpolation:0}
execute if entity @s[tag=aj.dino.bone.leg_right_2] run data modify entity @s {} merge value {transformation:[-0.9867772592116197f,0.13914993821061494f,-0.24283767191167077f,-0.44989702473387205f,0.19375920494555443f,0.9818422392258787f,-0.22473403674448986f,0.38804388937323303f,0.20196586519103885f,-0.2620788268223687f,-0.9708690320170585f,-0.16966353367289236f,0f,0f,0f,1f],start_interpolation:0}
execute if entity @s[tag=aj.dino.bone.leg_right_1] run data modify entity @s {} merge value {transformation:[-0.9304986638046144f,0.28217618987028253f,-0.2335569192469308f,-0.3793830512449735f,-0.18925119895173775f,0.17557271347375764f,0.9661046558105346f,0.3807338850159022f,0.31361795285531235f,0.9431600183180752f,-0.1099679930392977f,0.09864175706672082f,0f,0f,0f,1f],start_interpolation:0}
execute if entity @s[tag=aj.dino.bone.leg_right_0] run data modify entity @s {} merge value {transformation:[-0.9418427129049989f,-0.1711246243720501f,-0.289220792961496f,-0.3135144100519863f,-0.13214666204635228f,0.9798992321258334f,-0.14944816689812293f,0.7930056208312022f,0.3089814943613273f,-0.10253710456574634f,-0.9455244990636225f,0.09942694473991112f,0f,0f,0f,1f],start_interpolation:0}
execute if entity @s[tag=aj.dino.bone.tail_4] run data modify entity @s {} merge value {transformation:[-2.667265617991665f,0.714718378082531f,-0.023088843856269827f,-0.4776167650030684f,0.3357785118261421f,1.330510373014846f,2.39638399883986f,1.3878880907140583f,0.6313542948894576f,2.3118350111828856f,-1.3720320575677754f,-1.3327995534644224f,0f,0f,0f,1f],start_interpolation:0}
execute if entity @s[tag=aj.dino.bone.tail_3] run data modify entity @s {} merge value {transformation:[-2.0108990334946513f,0.5351456827338256f,-0.07648334057865994f,-0.46988483744515636f,0.24441006222497805f,1.162805435269145f,1.7099978851554647f,1.0865566768108819f,0.4821766529166524f,1.6423909839025321f,-1.1857499978588282f,-1.1478122573435334f,0f,0f,0f,1f],start_interpolation:0}
execute if entity @s[tag=aj.dino.bone.tail_2] run data modify entity @s {} merge value {transformation:[-1.8871753969092462f,0.4852993471896931f,-0.147741124675783f,-0.44370006908110005f,0.22944515690333783f,1.3241449407160717f,1.4187208925480768f,0.8233043077509994f,0.4524354277427998f,1.3527374448118403f,-1.3357310598057903f,-0.8988463318452421f,0f,0f,0f,1f],start_interpolation:0}
execute if entity @s[tag=aj.dino.bone.tail_1] run data modify entity @s {} merge value {transformation:[-1.4006354220035118f,0.2927349329627582f,-0.4900846086670491f,-0.34047958359994535f,0.0606915302051706f,1.3674956643364369f,0.64337267285952f,0.6680834818995367f,0.5676206504263214f,0.5761233522817293f,-1.2781020812772597f,-0.631397825403623f,0f,0f,0f,1f],start_interpolation:0}
execute if entity @s[tag=aj.dino.bone.tail_0] run data modify entity @s {} merge value {transformation:[-1.1721714493134456f,0.1689261449231521f,-0.4809508993232538f,-0.19585806368626238f,0.1938243732854231f,1.2631079655868718f,-0.028741888865121048f,0.7069635750885477f,0.47146783805362313f,-0.09928716642358276f,-1.1839323683592091f,-0.28782124641103324f,0f,0f,0f,1f],start_interpolation:0}
execute if entity @s[tag=aj.dino.bone.body_1] run data modify entity @s {} merge value {transformation:[-1.2055634127282373f,0.11447120369519366f,-0.24923442072047267f,-0.145625f,0.15380307473922963f,1.2124110820058724f,-0.18710579223091597f,0.6687985606060607f,0.22708163102297607f,-0.21344860461050863f,-1.1964439899544073f,0.004712499999999991f,0f,0f,0f,1f],start_interpolation:0}