execute if entity @s[tag=aj.dino.bone.head_lower] run data modify entity @s {} merge value {transformation:[0.5937728880530045f,-0.17211161048238927f,-0.7860097651749329f,-0.4917559381944031f,0.2732021617559888f,0.9619472427341202f,-0.004252176863402957f,0.23660254773610398f,0.7568317753801361f,-0.21221473967041363f,0.6181994565199567f,-0.6448101580947584f,0f,0f,0f,1f],start_interpolation:0}
execute if entity @s[tag=aj.dino.bone.head_upper] run data modify entity @s {} merge value {transformation:[0.6180579517690025f,0.4361046834208748f,-0.7150447649881732f,-0.5310647622360887f,0.28437601633757476f,0.7265973945076718f,0.6889546067849034f,0.300501094139134f,0.7877858796466107f,-0.6044343421551659f,0.31228909112611464f,-0.6366096329995897f,0f,0f,0f,1f],start_interpolation:0}
execute if entity @s[tag=aj.dino.bone.neck_0] run data modify entity @s {} merge value {transformation:[0.8531616238199509f,-0.04537599195564805f,-0.5196693785426906f,-0.5642066990530156f,0.20888105998728354f,0.9425725451662893f,0.26062559328917034f,0.30198641925011976f,0.47799994395344225f,-0.3309048450125566f,0.8136449084998456f,-0.578781075282538f,0f,0f,0f,1f],start_interpolation:0}
execute if entity @s[tag=aj.dino.bone.neck_1] run data modify entity @s {} merge value {transformation:[0.9709949197185205f,-0.18693182402434955f,-0.14908171936141015f,-0.5776970489272958f,0.21865696930928444f,0.946495470513981f,0.23735090913876047f,0.3264535428055793f,0.096736733732865f,-0.2630642838992917f,0.959916239514287f,-0.4986754751679229f,0f,0f,0f,1f],start_interpolation:0}
execute if entity @s[tag=aj.dino.bone.neck_2] run data modify entity @s {} merge value {transformation:[0.9836491400148196f,-0.17322716401663457f,0.049261739665387494f,-0.5750773532722607f,0.14444262516332124f,0.9222072747160593f,0.3587061060209412f,0.3669078735878259f,-0.10756717614604688f,-0.3457254577081828f,0.9321497790100222f,-0.4203970317126765f,0f,0f,0f,1f],start_interpolation:0}
execute if entity @s[tag=aj.dino.bone.body_0] run data modify entity @s {} merge value {transformation:[0.855318136156521f,-0.1584587966390543f,0.49327649014466374f,-0.3441075113654015f,0.06726267866828764f,0.977985491146657f,0.19753508844000014f,0.4693219542980521f,-0.5137184228934196f,-0.13577624561879315f,0.8471470905961745f,-0.022433223176115243f,0f,0f,0f,1f],start_interpolation:0}
execute if entity @s[tag=aj.dino.bone.leg_left_3] run data modify entity @s {} merge value {transformation:[-0.3253656143945321f,-0.6114438052225243f,0.7213000000171006f,0.0833418380755212f,-0.24140921145860939f,0.791240315893422f,0.5618365911257567f,0.20947975224381546f,-0.9142531430586396f,0.008673843431738215f,-0.40505055838440795f,0.2997305826034318f,0f,0f,0f,1f],start_interpolation:0}
execute if entity @s[tag=aj.dino.bone.leg_left_2] run data modify entity @s {} merge value {transformation:[-0.29483731683885234f,-0.8906703194288323f,0.4145353280342979f,-0.11191852600482632f,-0.29992912929083665f,0.49374562596474814f,0.8475375942955065f,0.35029854512876424f,-0.9355082434178769f,0.12240849002383702f,-0.4023713304498438f,0.31437742033898713f,0f,0f,0f,1f],start_interpolation:0}
execute if entity @s[tag=aj.dino.bone.leg_left_1] run data modify entity @s {} merge value {transformation:[-0.30657064425310204f,-0.8459476716795657f,-0.43633356146663793f,-0.3124890306991362f,-0.05627599021084256f,-0.4414961636531468f,0.8954965943013649f,0.18398482448734543f,-0.9501828524068551f,0.2990880710751867f,0.08774322043609398f,0.4099002167430058f,0f,0f,0f,1f],start_interpolation:0}
execute if entity @s[tag=aj.dino.bone.leg_left_0] run data modify entity @s {} merge value {transformation:[-0.3378478746726294f,0.5374494718797536f,0.7726622022302901f,-0.20365190611410014f,-0.10336612539471152f,0.7947795289549076f,-0.5980308892315681f,0.5327055891321419f,-0.935507486715137f,-0.281910562998958f,-0.21296050518708493f,0.20777256603172178f,0f,0f,0f,1f],start_interpolation:0}
execute if entity @s[tag=aj.dino.bone.leg_right_3] run data modify entity @s {} merge value {transformation:[0.1595701141684304f,0.020006112959728345f,0.9869838570658168f,-0.018819332130764234f,-0.016954199886218144f,0.9997027080196369f,-0.01752286176465359f,0.031131160249420142f,-0.9870409990322043f,-0.013937396544821172f,0.15986186289124787f,-0.22069874848852544f,0f,0f,0f,1f],start_interpolation:0}
execute if entity @s[tag=aj.dino.bone.leg_right_2] run data modify entity @s {} merge value {transformation:[0.10616246531165036f,-0.2644347997418824f,0.9853253103138666f,-0.050172432660713084f,0.10652213878412557f,0.9881041316723246f,0.25370348523745534f,0.26913211661254194f,-1.014615574692456f,0.07607010686364753f,0.12973347268128244f,-0.19738351905765866f,0f,0f,0f,1f],start_interpolation:0}
execute if entity @s[tag=aj.dino.bone.leg_right_1] run data modify entity @s {} merge value {transformation:[0.038064369660144835f,-0.9984204411826201f,0.041324646291026224f,-0.32284569445108363f,-0.2864321415136634f,0.028717878462399038f,0.9576700432636056f,0.22043816380670134f,-0.9573441032723148f,-0.048289813473666066f,-0.28488657715730664f,-0.21445914275075623f,0f,0f,0f,1f],start_interpolation:0}
execute if entity @s[tag=aj.dino.bone.leg_right_0] run data modify entity @s {} merge value {transformation:[0.07325637766358442f,0.6124598144393139f,0.7871000437228879f,-0.1549668603906254f,-0.2409985536431323f,0.7767023634547318f,-0.5819391168719906f,0.600792493207653f,-0.9677567877692869f,-0.14705922038687483f,0.2045003311138542f,-0.17632045183317685f,0f,0f,0f,1f],start_interpolation:0}
execute if entity @s[tag=aj.dino.bone.tail_4] run data modify entity @s {} merge value {transformation:[-0.5631176941343639f,1.5857685243131134f,-2.1894971983198825f,0.3985471706196747f,2.702943714285252f,0.28762355731006317f,-0.4868565479544775f,0.06317929027953241f,-0.051527386491481135f,-2.2423809239685655f,-1.6108178208175006f,-1.069030055254696f,0f,0f,0f,1f],start_interpolation:0}
execute if entity @s[tag=aj.dino.bone.tail_3] run data modify entity @s {} merge value {transformation:[-0.5603559174284372f,1.7365464861145772f,-1.0031715074754153f,0.5516545162931183f,1.987294628753647f,0.34086421782197424f,-0.5200165089494401f,0.14801924946940184f,-0.2694565463563349f,-1.0973437987322727f,-1.7490498229192861f,-0.761717469342144f,0f,0f,0f,1f],start_interpolation:0}
execute if entity @s[tag=aj.dino.bone.tail_2] run data modify entity @s {} merge value {transformation:[-0.6015197742286105f,1.8508338497400987f,-0.17709290463196753f,0.5845713209421269f,1.7110262244602144f,0.47820314696733424f,-0.8139317443390078f,0.30070638260947324f,-0.7275555617436807f,-0.4055979362491425f,-1.7677463318273496f,-0.433731787773107f,0f,0f,0f,1f],start_interpolation:0}
execute if entity @s[tag=aj.dino.bone.tail_1] run data modify entity @s {} merge value {transformation:[-0.6214815624403317f,1.211390248092393f,0.6587492575884824f,0.4286015820657995f,1.15770167309671f,0.8509184518791807f,-0.4725683806187399f,0.3908901909872351f,-0.7490952901038718f,0.3100446823897982f,-1.2768652204778725f,-0.16203894970010674f,0f,0f,0f,1f],start_interpolation:0}
execute if entity @s[tag=aj.dino.bone.tail_0] run data modify entity @s {} merge value {transformation:[-0.27559567850689337f,0.8497871010034435f,0.9141906921099762f,0.18196069057279501f,0.8203250312302057f,0.828931297062829f,-0.5232355726352387f,0.5637953752470464f,-0.9407175887106156f,0.47388870455195276f,-0.7240964235325189f,0.060994633422251796f,0f,0f,0f,1f],start_interpolation:0}
execute if entity @s[tag=aj.dino.bone.body_1] run data modify entity @s {} merge value {transformation:[0.15311996913953096f,-0.03914620289990709f,1.2262244675855556f,-0.10048254690598174f,0.2141410056398808f,1.2176210620624255f,0.012131528418202512f,0.4789595454545455f,-1.2080159352469237f,0.21088176563359012f,0.15757847622378496f,0.010155461586388555f,0f,0f,0f,1f],start_interpolation:0}