execute if entity @s[tag=aj.dino.bone.head_lower] run data modify entity @s {} merge value {transformation:[-0.9819215895086874f,0.14923413650393402f,0.11644382576443403f,0.19995034175134838f,0.1833317761840006f,0.9028898890273681f,0.3888178341246274f,0.5757929872054567f,-0.047111059189453575f,0.40313647911603334f,-0.9139264342976278f,0.8733352090180831f,0f,0f,0f,1f],start_interpolation:0}
execute if entity @s[tag=aj.dino.bone.head_upper] run data modify entity @s {} merge value {transformation:[-1.0220817733855971f,0.008554461096657546f,0.19684413197198836f,0.21339506236798683f,0.19082996944168615f,0.30179988957506465f,0.9777385601472772f,0.650031783491267f,-0.04903788188069424f,0.9961503854495726f,-0.2979121318322411f,0.8751510023354424f,0f,0f,0f,1f],start_interpolation:0}
execute if entity @s[tag=aj.dino.bone.neck_0] run data modify entity @s {} merge value {transformation:[-0.9647802661341014f,0.1397122660451372f,-0.2228890324685023f,0.19702659219672075f,-0.014707533923442182f,0.8173289566212794f,0.5759835632327204f,0.6740139315732178f,0.2626456291738034f,0.5589757234307258f,-0.7864880253958058f,0.815137120508613f,0f,0f,0f,1f],start_interpolation:0}
execute if entity @s[tag=aj.dino.bone.neck_1] run data modify entity @s {} merge value {transformation:[-0.946591198632224f,0.19181881979915735f,-0.2591729982904618f,0.17595492292137835f,0.09831654191303035f,0.9372272245245582f,0.33457284288515776f,0.706674331304135f,0.30708135771855744f,0.2912227154273022f,-0.9060300048899461f,0.7397261140977546f,0f,0f,0f,1f],start_interpolation:0}
execute if entity @s[tag=aj.dino.bone.neck_2] run data modify entity @s {} merge value {transformation:[-0.8944295157477219f,0.21064464572649572f,-0.39449293350585474f,0.14345672598383014f,0.22588087702114237f,0.9741220163751305f,0.008007909178380901f,0.7169131475740529f,0.38597107502435346f,-0.08194589947037484f,-0.9188640807021112f,0.6584244275756421f,0f,0f,0f,1f],start_interpolation:0}
execute if entity @s[tag=aj.dino.bone.body_0] run data modify entity @s {} merge value {transformation:[-0.7911081768242896f,0.10404720910271034f,-0.6027620018213535f,-0.1396315653913523f,0.3397416320385046f,0.8941895790059939f,-0.291548658472126f,0.5880256316206149f,0.5086486764177822f,-0.43542987388903387f,-0.7427498562123174f,0.3042211918186024f,0f,0f,0f,1f],start_interpolation:0}
execute if entity @s[tag=aj.dino.bone.leg_left_3] run data modify entity @s {} merge value {transformation:[-0.578300149422063f,0.2652778598332831f,-0.7714898536343122f,0.010778680779463534f,-0.10595653508159603f,0.9132251101705322f,0.39343755645276357f,0.11216836810153474f,0.8089141795344681f,0.30926938942658394f,-0.500010294805803f,-0.07094223153500231f,0f,0f,0f,1f],start_interpolation:0}
execute if entity @s[tag=aj.dino.bone.leg_left_2] run data modify entity @s {} merge value {transformation:[-0.5948659785744255f,0.4117438442379297f,-0.7270926170492702f,0.08336229227356895f,-0.10622552955810809f,0.848021079566526f,0.5671318938144967f,0.3272029702756861f,0.8288020293806505f,0.40421461483188537f,-0.44917695928388846f,0.010683813795473063f,0f,0f,0f,1f],start_interpolation:0}
execute if entity @s[tag=aj.dino.bone.leg_left_1] run data modify entity @s {} merge value {transformation:[-0.688045742344082f,0.7216249613568477f,-0.07648837551490323f,0.29716476108745576f,0.08513660884614631f,0.1849493707652758f,0.9790533632482483f,0.3238270669326487f,0.7206558223426486f,0.6671215372031218f,-0.1886903291729185f,0.18757500426427803f,0f,0f,0f,1f],start_interpolation:0}
execute if entity @s[tag=aj.dino.bone.leg_left_0] run data modify entity @s {} merge value {transformation:[-0.6515675129704442f,-0.6497800229575266f,-0.3914660876842668f,-0.0018536273762019273f,0.056873198219514254f,0.47274899161761785f,-0.8793598980217423f,0.5876420437510084f,0.756455692929727f,-0.5952262701610553f,-0.27107281668283273f,0.06389420570856649f,0f,0f,0f,1f],start_interpolation:0}
execute if entity @s[tag=aj.dino.bone.leg_right_3] run data modify entity @s {} merge value {transformation:[-0.9585746129125214f,-0.03888889134216757f,-0.2821743532105398f,-0.7566857930598139f,-0.06353027130961017f,0.9948714157942712f,0.07870686541102577f,0.08257919810420947f,0.2776663755425504f,0.09337301626101133f,-0.9561291041106237f,-0.15417698032762758f,0f,0f,0f,1f],start_interpolation:0}
execute if entity @s[tag=aj.dino.bone.leg_right_2] run data modify entity @s {} merge value {transformation:[-0.9091537764879337f,0.3767652234760185f,-0.2890494362172117f,-0.6763848473488769f,0.35958438407514554f,0.9539955562943887f,0.11248888300873161f,0.30787273607018506f,0.31016234608301546f,-0.0016261765954852362f,-0.9776803537571235f,-0.18525192095055198f,0f,0f,0f,1f],start_interpolation:0}
execute if entity @s[tag=aj.dino.bone.leg_right_1] run data modify entity @s {} merge value {transformation:[-0.8949208914452099f,0.4345296421458157f,-0.10149181322421924f,-0.5707768863287515f,-0.019534452906474552f,0.1890771266490784f,0.9817679182616291f,0.30678075312696307f,0.4457970426153084f,0.8805872076488267f,-0.1607207719017275f,0.07137845878300375f,0f,0f,0f,1f],start_interpolation:0}
execute if entity @s[tag=aj.dino.bone.leg_right_0] run data modify entity @s {} merge value {transformation:[-0.8872023717852102f,0.1516596489276512f,-0.4357422430587134f,-0.3725982269663594f,0.036607436607738325f,0.9645929461592198f,0.26119024446729744f,0.6599922221499442f,0.4599259147772689f,0.2157771978384596f,-0.8613410206238146f,0.17273996867904645f,0f,0f,0f,1f],start_interpolation:0}
execute if entity @s[tag=aj.dino.bone.tail_4] run data modify entity @s {} merge value {transformation:[-2.5019626987559924f,0.002401014725352131f,-1.1686908148701758f,-1.0343697058394885f,0.05822644159257302f,2.7582808725826515f,-0.11898588590313383f,0.0774743807955569f,1.167241906004532f,-0.1324469504102514f,-2.4991329436014267f,-1.2585197519724574f,0f,0f,0f,1f],start_interpolation:0}
execute if entity @s[tag=aj.dino.bone.tail_3] run data modify entity @s {} merge value {transformation:[-1.8789208991000577f,-0.033130698015006954f,-0.8969415464892408f,-0.8819573553573907f,0.04539483215111935f,2.074703459813798f,-0.17172765966807133f,0.08629044370035549f,0.8964045348967418f,-0.17450913079303249f,-1.8713500471934321f,-0.9395002292310639f,0f,0f,0f,1f],start_interpolation:0}
execute if entity @s[tag=aj.dino.bone.tail_2] run data modify entity @s {} merge value {transformation:[-1.760049935508467f,-0.10240450180553352f,-0.8429183931611512f,-0.7265864946846252f,0.04403667962804175f,1.9262859171104145f,-0.3259711818431254f,0.14737870244106555f,0.8479733901289318f,-0.3125856019634099f,-1.7326295755530654f,-0.6168555263968584f,0f,0f,0f,1f],start_interpolation:0}
execute if entity @s[tag=aj.dino.bone.tail_1] run data modify entity @s {} merge value {transformation:[-1.143184010239521f,-0.24753055929083903f,-0.9589135471719287f,-0.516121026700647f,0.18445641384620423f,1.3856488901377382f,-0.5775891573177709f,0.2545550942181166f,0.9730171633243087f,-0.553499797179023f,-1.017119375687582f,-0.39214641480864265f,0f,0f,0f,1f],start_interpolation:0}
execute if entity @s[tag=aj.dino.bone.tail_0] run data modify entity @s {} merge value {transformation:[-1.0195620730301334f,-0.22142740054486548f,-0.7384434996060758f,-0.3056741107054423f,0.3411565238416056f,0.9683580042737252f,-0.7614004980188466f,0.5004222199547749f,0.6913328590938208f,-0.8044180495432581f,-0.7133065232354259f,-0.20311371041365509f,0f,0f,0f,1f],start_interpolation:0}
execute if entity @s[tag=aj.dino.bone.body_1] run data modify entity @s {} merge value {transformation:[-1.1660336516952337f,0.09216887062311264f,-0.40059333176999873f,-0.21875f,0.22754948504326775f,1.1481657315651426f,-0.3981724246758867f,0.5156546212121212f,0.3423322217190079f,-0.4492493151956839f,-1.099812846726836f,0.08283749999999998f,0f,0f,0f,1f],start_interpolation:0}