execute if entity @s[tag=aj.dino.bone.head_lower] run data modify entity @s {} merge value {transformation:[-0.9967264460473361f,-0.006360007250822915f,0.08059740726361136f,-0.011648930019956722f,0.04725035590714425f,0.7631012402597231f,0.6445493782331344f,0.6511668413483153f,-0.06560332016365593f,0.6462476672467306f,-0.7603026745722148f,0.9065364429878693f,0f,0f,0f,1f],start_interpolation:0}
execute if entity @s[tag=aj.dino.bone.head_upper] run data modify entity @s {} merge value {transformation:[-1.0374921423879864f,-0.009112159344708059f,0.08365982081483403f,-0.006408320739116352f,0.04918287577609816f,0.7740078729946145f,0.6942368470891273f,0.7164211105667511f,-0.06828646862363273f,0.6959171816228823f,-0.7710435636904599f,0.8689881693267495f,0f,0f,0f,1f],start_interpolation:0}
execute if entity @s[tag=aj.dino.bone.neck_0] run data modify entity @s {} merge value {transformation:[-0.9979423678655338f,0.033484448873172666f,-0.05467926574663932f,-0.01016503984685401f,0.0348570324769694f,0.9990957577785791f,-0.024344487584380313f,0.6986184897217195f,0.053814660696052175f,-0.02620035252637707f,-0.9982071547638105f,0.8048501150462329f,0f,0f,0f,1f],start_interpolation:0}
execute if entity @s[tag=aj.dino.bone.neck_1] run data modify entity @s {} merge value {transformation:[-0.9944168864942484f,0.06918613368275926f,-0.0796764379293926f,-0.01659594802311162f,0.06569598347687877f,0.996796047707987f,0.04562539894337389f,0.7070756746378691f,0.0825778033740948f,0.04013624521262186f,-0.9957760733268004f,0.7206797147391545f,0f,0f,0f,1f],start_interpolation:0}
execute if entity @s[tag=aj.dino.bone.neck_2] run data modify entity @s {} merge value {transformation:[-0.9952320741319681f,0.061595977098649585f,-0.07562442875317092f,-0.022618152051823576f,0.05911082314287399f,0.9976490578800977f,0.034673734992430816f,0.7198809616835259f,0.07758240268483997f,0.030038190961109518f,-0.9965333300384042f,0.6336700136911936f,0f,0f,0f,1f],start_interpolation:0}
execute if entity @s[tag=aj.dino.bone.body_0] run data modify entity @s {} merge value {transformation:[-0.9969173753427053f,0.03703150681818579f,-0.06916946033175542f,-0.054864687928876915f,0.050147469770785026f,0.9787655483299098f,-0.19875420166134708f,0.635532817073567f,0.06034051719532929f,-0.2016101904796131f,-0.9776054178856488f,0.171007657184948f,0f,0f,0f,1f],start_interpolation:0}
execute if entity @s[tag=aj.dino.bone.leg_left_3] run data modify entity @s {} merge value {transformation:[-0.9477874726106761f,0.13461432506017001f,-0.28909840928455827f,0.08187890470766837f,0.14405777960627925f,0.9895020359570146f,-0.011535899264119215f,-0.0015388855718735384f,0.2845105672856031f,-0.05258045573707165f,-0.9572298745741833f,0.016661349070170833f,0f,0f,0f,1f],start_interpolation:0}
execute if entity @s[tag=aj.dino.bone.leg_left_2] run data modify entity @s {} merge value {transformation:[-0.9729846723186697f,0.07798704158561519f,-0.31508895296145956f,0.08881044360501374f,0.1481082541218821f,0.9926341297548931f,-0.21166867743577134f,0.22353095053914707f,0.2888372759783496f,-0.24628785047412338f,-0.9528785453639605f,-0.06974811052476326f,0f,0f,0f,1f],start_interpolation:0}
execute if entity @s[tag=aj.dino.bone.leg_left_1] run data modify entity @s {} merge value {transformation:[-0.9486499451236522f,0.23249141755479125f,0.21450180041262012f,0.1594876818490714f,0.31512854358337605f,0.6355948945428419f,0.7047787816400931f,0.3525474154874207f,0.027518768793534883f,0.7361839924872298f,-0.6762217436386163f,0.16556628645555166f,0f,0f,0f,1f],start_interpolation:0}
execute if entity @s[tag=aj.dino.bone.leg_left_0] run data modify entity @s {} merge value {transformation:[-0.9606353820614001f,0.174030862181723f,-0.2165477354765778f,0.1337477139894738f,0.27051510827361935f,0.7634468848044118f,-0.5864899234242231f,0.7314997331005998f,0.06325534702663288f,-0.6219824057726433f,-0.7804720673937121f,-0.007753861232592668f,0f,0f,0f,1f],start_interpolation:0}
execute if entity @s[tag=aj.dino.bone.leg_right_3] run data modify entity @s {} merge value {transformation:[-0.9952466563183713f,0.09738504360814003f,-0.0004963552581578184f,-0.3025332822927391f,0.09699505961326477f,0.9907789786338458f,-0.0945990164213833f,0.10445149015355745f,-0.008720750983766463f,-0.09419749879224279f,-0.9955153337460776f,-0.08812096785384602f,0f,0f,0f,1f],start_interpolation:0}
execute if entity @s[tag=aj.dino.bone.leg_right_2] run data modify entity @s {} merge value {transformation:[-1.0231056190742578f,0.06828168651285607f,-0.025587164874876858f,-0.28582045446908444f,0.07284985835361814f,0.9727492345929769f,-0.3170394679489136f,0.3212869670596525f,0.0031606735408557206f,-0.31805461384239087f,-0.9751376683612575f,-0.1924000616697152f,0f,0f,0f,1f],start_interpolation:0}
execute if entity @s[tag=aj.dino.bone.leg_right_1] run data modify entity @s {} merge value {transformation:[-0.9438331403814597f,0.07475950809843196f,-0.32185403378946825f,-0.2672377282402114f,-0.29189509154169f,0.2678214634946917f,0.9181878452829955f,0.33953517597855076f,0.15484269001648118f,0.9605637301295744f,-0.23095683949174983f,0.08388795981677746f,0f,0f,0f,1f],start_interpolation:0}
execute if entity @s[tag=aj.dino.bone.leg_right_0] run data modify entity @s {} merge value {transformation:[-0.9612380317783041f,-0.27084803345778113f,-0.05160221928390822f,-0.2576121726544508f,-0.23881005548799547f,0.9113913735871442f,-0.33516491694203193f,0.7524293569464687f,0.13780857615109599f,-0.30985013623200375f,-0.9407452840254987f,0.022789493658037244f,0f,0f,0f,1f],start_interpolation:0}
execute if entity @s[tag=aj.dino.bone.tail_4] run data modify entity @s {} merge value {transformation:[-2.7493634834486893f,0.23464217323430409f,-0.1077256609112681f,-0.2405950373648094f,0.07252033983372318f,1.8076070744911306f,2.086374557973716f,1.3081205988612088f,0.24779541519020892f,2.0744061912724563f,-1.8058509676662722f,-1.585442895298833f,0f,0f,0f,1f],start_interpolation:0}
execute if entity @s[tag=aj.dino.bone.tail_3] run data modify entity @s {} merge value {transformation:[-2.0729476136738545f,0.1638188699862559f,-0.10953125053947312f,-0.22362568115620957f,0.051828825327054975f,1.5698578246659014f,1.3670426874260022f,1.0609583856904603f,0.1901249322775219f,1.3581808842036154f,-1.5668895053432446f,-1.3330472044378978f,0f,0f,0f,1f],start_interpolation:0}
execute if entity @s[tag=aj.dino.bone.tail_2] run data modify entity @s {} merge value {transformation:[-1.945397662497285f,0.13494808517747034f,-0.1264548301165658f,-0.20152440771652982f,0.04863976058832351f,1.6625129608278006f,1.0258940996868378f,0.8706784794387573f,0.17842640903965393f,1.0181422024399591f,-1.658410186645843f,-1.0243781665375469f,0f,0f,0f,1f],start_interpolation:0}
execute if entity @s[tag=aj.dino.bone.tail_1] run data modify entity @s {} merge value {transformation:[-1.4928775049509821f,0.07346600021644759f,-0.2314643644786975f,-0.1511876516727791f,-0.0020998504449499383f,1.4376678292120517f,0.469854289622662f,0.7519990806079513f,0.24283450298390313f,0.46407996041728033f,-1.4189141779895134f,-0.7249485616502235f,0f,0f,0f,1f],start_interpolation:0}
execute if entity @s[tag=aj.dino.bone.tail_0] run data modify entity @s {} merge value {transformation:[-1.2594246847066415f,0.0757483989088135f,-0.20481054708768243f,-0.08950930577415894f,0.06157566923349356f,1.2733899145906495f,0.09231619013636488f,0.7557513112063401f,0.20950803586987285f,0.08109267578269531f,-1.2583187503269504f,-0.3552816660353633f,0f,0f,0f,1f],start_interpolation:0}
execute if entity @s[tag=aj.dino.bone.body_1] run data modify entity @s {} merge value {transformation:[-1.2308710585532772f,0.07091965107772909f,-0.09236576943434333f,-0.0728125f,0.06582603158234684f,1.2326697582148634f,0.06925890415593178f,0.6566205303030304f,0.09606230185824713f,0.06403331421825538f,-1.2309656225452323f,-0.07341249999999999f,0f,0f,0f,1f],start_interpolation:0}