execute if entity @s[tag=aj.dino.bone.head_lower] run data modify entity @s {} merge value {transformation:[0.8116530083089052f,-0.22869143882705462f,-0.537512436981988f,-0.6979069488239968f,0.2606578210454926f,0.965279927876626f,-0.017092722612612965f,0.26869789977701497f,0.5227589257305131f,-0.12623346087986081f,0.8430825694576853f,-0.5047940938215809f,0f,0f,0f,1f],start_interpolation:0}
execute if entity @s[tag=aj.dino.bone.head_upper] run data modify entity @s {} merge value {transformation:[0.844849278159986f,0.25076374282071034f,-0.5539126150058384f,-0.7301991262680829f,0.27131861731882784f,0.6931325160531696f,0.727616290134786f,0.334506182385123f,0.5441395479766721f,-0.7349536060594971f,0.4972195610104171f,-0.48685135969637283f,0f,0f,0f,1f],start_interpolation:0}
execute if entity @s[tag=aj.dino.bone.neck_0] run data modify entity @s {} merge value {transformation:[0.9662377201651201f,-0.12611195958168928f,-0.22467852986117173f,-0.7429924432805431f,0.1877923741911823f,0.941748666462476f,0.2790044326024004f,0.3372001050841592f,0.17640491015204196f,-0.3117775214261202f,0.9336359487549928f,-0.42147697576346527f,0f,0f,0f,1f],start_interpolation:0}
execute if entity @s[tag=aj.dino.bone.neck_1] run data modify entity @s {} merge value {transformation:[0.9608725309346843f,-0.2322255661799961f,0.15098101108270048f,-0.7312722041712635f,0.19347395126733824f,0.9527571074818274f,0.23414039447277263f,0.36142410248821083f,-0.19822161707588273f,-0.1957681806505906f,0.960407731106211f,-0.34101971512453316f,0f,0f,0f,1f],start_interpolation:0}
execute if entity @s[tag=aj.dino.bone.neck_2] run data modify entity @s {} merge value {transformation:[0.9079471355962122f,-0.23976026495190048f,0.3437252017423629f,-0.7035067014036641f,0.12290978739055276f,0.9364565297411254f,0.32854581426160057f,0.3993756746226308f,-0.40065594108442065f,-0.25605503950401676f,0.8797219069787645f,-0.26645641703003503f,0f,0f,0f,1f],start_interpolation:0}
execute if entity @s[tag=aj.dino.bone.body_0] run data modify entity @s {} merge value {transformation:[0.648222013373456f,-0.1496551737058254f,0.7465999935448315f,-0.35306257679447595f,0.05704692953668399f,0.9872851197361276f,0.1483702806429131f,0.47870715637296957f,-0.7593114441442983f,-0.053585644819293135f,0.6485173162382026f,0.03867689192413419f,0f,0f,0f,1f],start_interpolation:0}
execute if entity @s[tag=aj.dino.bone.leg_left_3] run data modify entity @s {} merge value {transformation:[-0.5224869528148283f,-0.7147728326253883f,0.46487329658623555f,0.13467669049629072f,-0.255401662576923f,0.6513760603773251f,0.7144782842887938f,0.21528140352222827f,-0.8134970036153907f,0.2545761687746789f,-0.522889662740417f,0.2555484388687846f,0f,0f,0f,1f],start_interpolation:0}
execute if entity @s[tag=aj.dino.bone.leg_left_2] run data modify entity @s {} merge value {transformation:[-0.5058459614628272f,-0.8375245405104024f,0.30779003690061424f,-0.05182173153394909f,-0.3018867083122977f,0.49358211061579094f,0.8469376098185277f,0.3560405020634144f,-0.8396704580469696f,0.32709561847202195f,-0.48992262425845556f,0.31535050257998776f,0f,0f,0f,1f],start_interpolation:0}
execute if entity @s[tag=aj.dino.bone.leg_left_1] run data modify entity @s {} merge value {transformation:[-0.5144914157489449f,-0.7670549177722357f,-0.383308408780808f,-0.22963092352950892f,-0.0583624508513904f,-0.41464886732576123f,0.9081080008215332f,0.19639304431477522f,-0.8555071054358727f,0.48958458916400915f,0.1685660778503279f,0.4564531819877446f,0f,0f,0f,1f],start_interpolation:0}
execute if entity @s[tag=aj.dino.bone.leg_left_0] run data modify entity @s {} merge value {transformation:[-0.5425088206326019f,0.47444250438353447f,0.6932448986974973f,-0.1628643966488027f,-0.1046455100702123f,0.7806461976420072f,-0.6161500071648309f,0.5408908519443548f,-0.833506746678135f,-0.4068117797475339f,-0.37385917014388637f,0.2302436110338299f,0f,0f,0f,1f],start_interpolation:0}
execute if entity @s[tag=aj.dino.bone.leg_right_3] run data modify entity @s {} merge value {transformation:[-0.0745273399880556f,0.009201127592634584f,0.9971765214069815f,-0.05697667637897327f,-0.033625772368316f,0.9993656036900798f,-0.011734461802597435f,0.027961221377675788f,-0.9966518865817388f,-0.03440536894419927f,-0.07417066509661718f,-0.23267837384562112f,0f,0f,0f,1f],start_interpolation:0}
execute if entity @s[tag=aj.dino.bone.leg_right_2] run data modify entity @s {} merge value {transformation:[-0.13702564613836862f,-0.2495507464396275f,0.9853986993864366f,-0.08448078088843358f,0.10574951332978f,0.9854165103227093f,0.2642603661441167f,0.26566315064648865f,-1.0109912028457873f,0.13689750047218788f,-0.1059153512650082f,-0.2024725942160108f,0f,0f,0f,1f],start_interpolation:0}
execute if entity @s[tag=aj.dino.bone.leg_right_1] run data modify entity @s {} merge value {transformation:[-0.1866492428270542f,-0.9818221108047134f,-0.034458712788841106f,-0.353100841873642f,-0.28762042387262166f,0.02107253578805207f,0.9575126317740119f,0.21487688028224639f,-0.939380940792084f,0.18863003729639066f,-0.28632526452644974f,-0.15475044800946844f,0f,0f,0f,1f],start_interpolation:0}
execute if entity @s[tag=aj.dino.bone.leg_right_0] run data modify entity @s {} merge value {transformation:[-0.15750437335899348f,0.5164215506065692f,0.8417251062204912f,-0.2005447223808198f,-0.24047444822518868f,0.80664824998725f,-0.5398987317481846f,0.6035056471906549f,-0.9577914241230091f,-0.28744979189697417f,-0.0028644397016594075f,-0.15601159867245096f,0f,0f,0f,1f],start_interpolation:0}
execute if entity @s[tag=aj.dino.bone.tail_4] run data modify entity @s {} merge value {transformation:[-0.7340095388885977f,1.3892096103308007f,-2.270900259145059f,0.22787561157812253f,2.6593509578620256f,0.2751941868605652f,-0.6912177471943824f,0.011101829793835644f,-0.12142409702721418f,-2.3706594335084694f,-1.410989500520265f,-1.1587083494042565f,0f,0f,0f,1f],start_interpolation:0}
execute if entity @s[tag=aj.dino.bone.tail_3] run data modify entity @s {} merge value {transformation:[-0.7148243766964972f,1.5778205905738016f,-1.155618371473147f,0.4083855693425699f,1.9329557154465613f,0.3826513700270705f,-0.6732055088777288f,0.12150806231579614f,-0.2977479448247812f,-1.3038426435050319f,-1.5960219448287274f,-0.8753228832932546f,0f,0f,0f,1f],start_interpolation:0}
execute if entity @s[tag=aj.dino.bone.tail_2] run data modify entity @s {} merge value {transformation:[-0.795122318602106f,1.7431241248563207f,-0.3848021034343154f,0.4797462721108031f,1.6419919322981043f,0.54892965756217f,-0.9062629862900682f,0.2913251541861629f,-0.7002976993618683f,-0.6920754231984696f,-1.6880132155513208f,-0.5622074263476482f,0f,0f,0f,1f],start_interpolation:0}
execute if entity @s[tag=aj.dino.bone.tail_1] run data modify entity @s {} merge value {transformation:[-0.7997643017351846f,1.2120479697878626f,0.4230520424287698f,0.37465823060843473f,1.1105455837255147f,0.903244578856498f,-0.48835846182297654f,0.38431223062510567f,-0.6439889891432843f,0.052394653348104205f,-1.367548621498608f,-0.26795144230082746f,0f,0f,0f,1f],start_interpolation:0}
execute if entity @s[tag=aj.dino.bone.tail_0] run data modify entity @s {} merge value {transformation:[-0.49462053877346873f,0.9167213249330414f,0.7408159363974836f,0.18029671439512798f,0.7878606189340259f,0.8546945796523675f,-0.5316093840685889f,0.5602861511133729f,-0.8766195778901844f,0.2509081595123989f,-0.8957783920891166f,-0.00012931546281810813f,0f,0f,0f,1f],start_interpolation:0}
execute if entity @s[tag=aj.dino.bone.body_1] run data modify entity @s {} merge value {transformation:[-0.1185088814751173f,0.03750831493235853f,1.23010299015111f,-0.10821145100505022f,0.19693060514408905f,1.220446713694167f,-0.018241459561692805f,0.4823212878787879f,-1.2148162728681855f,0.19418429493729147f,-0.12295721951397369f,0.01537682542610479f,0f,0f,0f,1f],start_interpolation:0}