execute if entity @s[tag=aj.dino.bone.head_lower] run data modify entity @s {} merge value {transformation:[-0.6346848984014406f,0.10174081179884603f,-0.7660443113525902f,0.7096647137610604f,-0.5330956119490134f,0.6600067963327295f,0.5293393026361383f,0.891750938738561f,0.5594498621519711f,0.7443385224540771f,-0.3646587661486037f,0.20785886976210366f,0f,0f,0f,1f],start_interpolation:0}
execute if entity @s[tag=aj.dino.bone.head_upper] run data modify entity @s {} merge value {transformation:[-0.6606432462940186f,-0.324885733636727f,-0.7358476090801226f,0.6514370123706098f,-0.5548990003545565f,0.8734359705295045f,0.1125550859544031f,0.9189507071561555f,0.5823311284098776f,0.4637141447573225f,-0.7275517792022578f,0.1682967176390125f,0f,0f,0f,1f],start_interpolation:0}
execute if entity @s[tag=aj.dino.bone.neck_0] run data modify entity @s {} merge value {transformation:[-0.4225273596607161f,-0.5756944600063993f,-0.700033227108602f,0.6156526810095735f,-0.38623183277739254f,0.8130933241320243f,-0.43555047652522544f,0.8777139686472115f,0.8199363400213214f,0.08634312346605794f,-0.5659057018113222f,0.13003774116962144f,0f,0f,0f,1f],start_interpolation:0}
execute if entity @s[tag=aj.dino.bone.neck_1] run data modify entity @s {} merge value {transformation:[-0.26171002584856495f,-0.45729951494817955f,-0.8499323596607571f,0.5415455330811599f,0.007381997665845231f,0.8796509898539502f,-0.4755624482225514f,0.841480029679512f,0.9651183183842307f,-0.1307336593120728f,-0.2268376993404534f,0.1102193371639379f,0f,0f,0f,1f],start_interpolation:0}
execute if entity @s[tag=aj.dino.bone.neck_2] run data modify entity @s {} merge value {transformation:[-0.39521863850818084f,-0.2905975893909659f,-0.8714099315568413f,0.462358355478663f,0.22886346090777474f,0.8875762652511687f,-0.39978730548143016f,0.8151455896865223f,0.8896199997960115f,-0.35743728737073094f,-0.28427951308526994f,0.08181478527965602f,0f,0f,0f,1f],start_interpolation:0}
execute if entity @s[tag=aj.dino.bone.body_0] run data modify entity @s {} merge value {transformation:[-0.5142566973850949f,-0.34172463475794496f,-0.7866157404947625f,0.08837395249064545f,0.38937000639711905f,0.7241887061107266f,-0.5691587793050188f,0.5538019940070766f,0.7641538112925188f,-0.5989782900416515f,-0.2393615690663331f,-0.03670144155093203f,0f,0f,0f,1f],start_interpolation:0}
execute if entity @s[tag=aj.dino.bone.leg_left_3] run data modify entity @s {} merge value {transformation:[0.6653609370277185f,0.08837761611792266f,-0.7412720286419212f,-0.3091494380521975f,-0.025320266523217637f,0.9950680163497977f,0.09590895130733258f,0.00811746214145212f,0.7460922915972193f,-0.04504486437977287f,0.6643171325596069f,-0.20235842284450342f,0f,0f,0f,1f],start_interpolation:0}
execute if entity @s[tag=aj.dino.bone.leg_left_2] run data modify entity @s {} merge value {transformation:[0.670419955598056f,0.1833904227174043f,-0.7542991684286325f,-0.2886725447368709f,-0.08993344830615493f,1.0083048790077134f,0.16521333283273298f,0.24811817664405894f,0.7710455612428876f,-0.04185000986220852f,0.6751292607070652f,-0.1900528978899724f,0f,0f,0f,1f],start_interpolation:0}
execute if entity @s[tag=aj.dino.bone.leg_left_1] run data modify entity @s {} merge value {transformation:[0.5798938490855555f,0.8130813963486037f,-0.05120319037466026f,-0.0766170613752776f,0.13965401612668282f,-0.0372890720491762f,0.9894979943816966f,0.18272734103235005f,0.8026330915009843f,-0.5809545317987599f,-0.135173785957399f,-0.356695918308018f,0f,0f,0f,1f],start_interpolation:0}
execute if entity @s[tag=aj.dino.bone.leg_left_0] run data modify entity @s {} merge value {transformation:[0.604210116633029f,-0.4090943594189322f,-0.6837923223098623f,-0.11132092476896589f,0.08762904064171863f,0.8870552115196771f,-0.45327056263559956f,0.5781022245776701f,0.7919919735669759f,0.21395059431418825f,0.5718162790600599f,-0.22715201883170186f,0f,0f,0f,1f],start_interpolation:0}
execute if entity @s[tag=aj.dino.bone.leg_right_3] run data modify entity @s {} merge value {transformation:[-0.020933685640988957f,-0.005148616010947293f,-0.9997676092766037f,0.05469822908429947f,0.24046015286350014f,0.970607153860461f,-0.010033332435317455f,0.21240976480394277f,0.9704332515378615f,-0.24061430678176068f,-0.019080348046782027f,0.3500622813760885f,0f,0f,0f,1f],start_interpolation:0}
execute if entity @s[tag=aj.dino.bone.leg_right_2] run data modify entity @s {} merge value {transformation:[-0.017959747877492643f,-0.15970911769763835f,-1.013031413472017f,-0.013809080179317035f,0.3688445984584827f,0.9443827520382204f,-0.15542547841783239f,0.42716845216743204f,0.9569186533582005f,-0.36701010187412186f,0.040895910286594214f,0.26429208349019173f,0f,0f,0f,1f],start_interpolation:0}
execute if entity @s[tag=aj.dino.bone.leg_right_1] run data modify entity @s {} merge value {transformation:[0.18014709166994253f,0.9190797216973627f,-0.3504846509157841f,0.25805229245422484f,0.019016217969587967f,0.352993358328185f,0.9354325589962766f,0.4738326013916865f,0.9834558499581944f,-0.1751803474733607f,0.04611330656240313f,0.2338415185241916f,0f,0f,0f,1f],start_interpolation:0}
execute if entity @s[tag=aj.dino.bone.leg_right_0] run data modify entity @s {} merge value {transformation:[0.1115047666033826f,-0.8199991187154854f,-0.5613983722193647f,-0.031169961713637742f,0.11436875765399641f,0.5717564730251365f,-0.8124126555061398f,0.7511599437473331f,0.9871608148105386f,0.02638144915814182f,0.15753585256350305f,0.11659258914542338f,0f,0f,0f,1f],start_interpolation:0}
execute if entity @s[tag=aj.dino.bone.tail_4] run data modify entity @s {} merge value {transformation:[0.9228667940034746f,2.598975770482777f,-0.13893580017115204f,-1.2894691776663818f,1.4084685886176846f,-0.37474485233399946f,2.345515692150977f,1.4113455201177385f,2.188651284924818f,-0.8547236814857887f,-1.4508322828309013f,-0.7112189054785538f,0f,0f,0f,1f],start_interpolation:0}
execute if entity @s[tag=aj.dino.bone.tail_3] run data modify entity @s {} merge value {transformation:[0.632052744384107f,1.9118056252189783f,-0.5305224837290428f,-1.218220688353797f,1.2867295443605362f,0.02883725064575914f,1.6368998193809436f,1.1335056058187079f,1.5102257890893966f,-0.8246897540291791f,-1.1726254310789297f,-0.5043147290399244f,0f,0f,0f,1f],start_interpolation:0}
execute if entity @s[tag=aj.dino.bone.tail_2] run data modify entity @s {} merge value {transformation:[0.3057301665070184f,1.5657996204848177f,-1.1285275755514204f,-1.007831219729563f,1.5378922930048222f,0.4927948356850878f,1.1003701286572873f,0.9302036509765435f,1.1662719388747802f,-1.060282355514079f,-1.1551558190051914f,-0.2889636886001169f,0f,0f,0f,1f],start_interpolation:0}
execute if entity @s[tag=aj.dino.bone.tail_1] run data modify entity @s {} merge value {transformation:[0.11194575727776555f,0.9504447989730793f,-1.1712297304681647f,-0.7675208048058596f,1.0845938248383304f,0.7654615030113103f,0.7248318236185742f,0.7638347629280953f,1.0482273763597616f,-0.8935209127450173f,-0.6248967882276578f,-0.144571948644022f,0f,0f,0f,1f],start_interpolation:0}
execute if entity @s[tag=aj.dino.bone.tail_0] run data modify entity @s {} merge value {transformation:[-0.2958810836119523f,0.5418702149323793f,-1.1192259696387417f,-0.4273806697022652f,0.795426914256615f,0.966787356193862f,0.25778663379607203f,0.7118338180995541f,0.9558169934777495f,-0.6368159817850426f,-0.560994649623627f,0.003996222676179663f,0f,0f,0f,1f],start_interpolation:0}
execute if entity @s[tag=aj.dino.bone.body_1] run data modify entity @s {} merge value {transformation:[0.2520838341046875f,0.07354578326454209f,-1.2081594900522592f,-0.15145434230393903f,0.5442860785039669f,1.0953850524781374f,0.18024662718201345f,0.5961470454545454f,1.0811156276671354f,-0.5686186768192927f,0.19096176329941775f,-0.002099209259702512f,0f,0f,0f,1f],start_interpolation:0}