execute if entity @s[tag=aj.dino.bone.head_lower] run data modify entity @s {} merge value {transformation:[-0.9966339938145573f,-0.031223317541835743f,0.07580096843000766f,0.2521187788242504f,-0.005256941051580477f,0.947067971276233f,0.32099006581746525f,0.6644477875965121f,-0.08181104414457446f,0.31951113004776865f,-0.9440442737666345f,0.8395265961904598f,0f,0f,0f,1f],start_interpolation:0}
execute if entity @s[tag=aj.dino.bone.head_upper] run data modify entity @s {} merge value {transformation:[-1.0373959088974087f,-0.0810614531605506f,0.0266591747420416f,0.25181434123394697f,-0.005471947750198014f,0.3877159615341572f,0.965980503707487f,0.7397442994044072f,-0.0851570817621525f,0.9625888616468876f,-0.3868370424902587f,0.834447312863651f,0f,0f,0f,1f],start_interpolation:0}
execute if entity @s[tag=aj.dino.bone.neck_0] run data modify entity @s {} merge value {transformation:[-0.95200699538257f,-0.007966663869628111f,-0.3059725690473571f,0.2324665123732597f,-0.09241305818214715f,0.9604892159539556f,0.26252674666322817f,0.7411590911585141f,0.29179189060026056f,0.2782031601239354f,-0.9151286763493871f,0.7706633326102446f,0f,0f,0f,1f],start_interpolation:0}
execute if entity @s[tag=aj.dino.bone.neck_1] run data modify entity @s {} merge value {transformation:[-0.9483791216440135f,0.08995427197179272f,-0.3041139105397093f,0.20711848074216055f,0.03625601389436216f,0.9833957052482784f,0.17781560211559994f,0.7607527875770989f,0.3150595865645439f,0.15761064638299754f,-0.9358933385063237f,0.6921069757852467f,0f,0f,0f,1f],start_interpolation:0}
execute if entity @s[tag=aj.dino.bone.neck_2] run data modify entity @s {} merge value {transformation:[-0.8975678628767809f,0.14459070878905608f,-0.4164918468141802f,0.1720463046806251f,0.1936976659086524f,0.9779620987342454f,-0.07791885305142943f,0.7635013718313157f,0.396046898425361f,-0.15061095700907218f,-0.9057942337399059f,0.6112780320519109f,0f,0f,0f,1f],start_interpolation:0}
execute if entity @s[tag=aj.dino.bone.body_0] run data modify entity @s {} merge value {transformation:[-0.7490953203302527f,0.027726387023088134f,-0.6618817481408306f,-0.13963195266721412f,0.3726631637103969f,0.8436809066759313f,-0.38642553503079524f,0.5894175815042798f,0.5477028094438386f,-0.536128506212013f,-0.6423300221492078f,0.3034430071682702f,0f,0f,0f,1f],start_interpolation:0}
execute if entity @s[tag=aj.dino.bone.leg_left_3] run data modify entity @s {} merge value {transformation:[-0.5678916669932429f,0.19587009622000728f,-0.7994585417433481f,0.038413350339487534f,-0.09022260020814782f,0.950608194219132f,0.29699148724352775f,0.10218140569967171f,0.8181435919026172f,0.2407882191682283f,-0.52217056268855f,-0.04294415768688699f,0f,0f,0f,1f],start_interpolation:0}
execute if entity @s[tag=aj.dino.bone.leg_left_2] run data modify entity @s {} merge value {transformation:[-0.5843435208508927f,0.3590336969508121f,-0.7626923715326571f,0.09762643547548894f,-0.09026057122868424f,0.8960335483448448f,0.4909573393103655f,0.3260782773946816f,0.838127602708411f,0.34681534596247887f,-0.4788772670360041f,0.02439879636088696f,0f,0f,0f,1f],start_interpolation:0}
execute if entity @s[tag=aj.dino.bone.leg_left_1] run data modify entity @s {} merge value {transformation:[-0.6901228939816607f,0.7098172538796985f,-0.14103140535731995f,0.311685607198255f,0.08655236330551319f,0.27443393614163053f,0.9577028260896185f,0.3481166908632063f,0.7184977937395547f,0.6487260444814089f,-0.25082950305515767f,0.1996311135655605f,0f,0f,0f,1f],start_interpolation:0}
execute if entity @s[tag=aj.dino.bone.leg_left_0] run data modify entity @s {} merge value {transformation:[-0.6520174421068713f,-0.6769256448096511f,-0.34153319983194974f,-0.002108199580528408f,0.06245862341120281f,0.40096579937652815f,-0.913961349342476f,0.5872134766555991f,0.7556270082189956f,-0.6172504346935527f,-0.21915685095526927f,0.06298027231136546f,0f,0f,0f,1f],start_interpolation:0}
execute if entity @s[tag=aj.dino.bone.leg_right_3] run data modify entity @s {} merge value {transformation:[-0.9594825258009921f,-0.026072431644634776f,-0.28055928248889667f,-0.7611880948389099f,-0.056679007017620686f,0.9932159190493212f,0.10153633985184402f,0.0881952269858686f,0.276008646324794f,0.11332416536268206f,-0.9544510782113487f,-0.14977065164626963f,0f,0f,0f,1f],start_interpolation:0}
execute if entity @s[tag=aj.dino.bone.leg_right_2] run data modify entity @s {} merge value {transformation:[-0.8993681731278736f,0.4015100269448516f,-0.2863368417232928f,-0.6750505212198401f,0.372315849900979f,0.9433549865100193f,0.15337691103907336f,0.3122523354739272f,0.32338830618598f,0.0305494220914363f,-0.9729074651439037f,-0.1732185217628771f,0f,0f,0f,1f],start_interpolation:0}
execute if entity @s[tag=aj.dino.bone.leg_right_1] run data modify entity @s {} merge value {transformation:[-0.893811509007939f,0.4415289185159613f,-0.0784423385620064f,-0.5687414391932841f,-0.010689077273987213f,0.15389549058436902f,0.9880293121182323f,0.3014466817722042f,0.44831543581721744f,0.8839504466269147f,-0.13283402394001484f,0.08289669173783443f,0f,0f,0f,1f],start_interpolation:0}
execute if entity @s[tag=aj.dino.bone.leg_right_0] run data modify entity @s {} merge value {transformation:[-0.8864790362224161f,0.14496950470776993f,-0.43947555226993007f,-0.3729697394729775f,0.04596209568636784f,0.9725514508290465f,0.22810340034824983f,0.6593886754529977f,0.46048062293466097f,0.18200966511452255f,-0.8688095750546295f,0.17154345881308608f,0f,0f,0f,1f],start_interpolation:0}
execute if entity @s[tag=aj.dino.bone.tail_4] run data modify entity @s {} merge value {transformation:[-2.544344739922552f,0.026752942471644486f,-1.0729657292278947f,-1.012110482821232f,-0.026801851598975808f,2.7581574729616425f,0.13232666661225803f,0.12497635296245069f,1.0729645086298547f,0.13233656340918817f,-2.541042213109759f,-1.2940235907985635f,0f,0f,0f,1f],start_interpolation:0}
execute if entity @s[tag=aj.dino.bone.tail_3] run data modify entity @s {} merge value {transformation:[-1.908997360381322f,-0.056210148869069804f,-0.8297680538956081f,-0.8708624237997534f,-0.019076164008679397f,2.0799447711636825f,-0.09701224108335117f,0.12107215157206241f,0.8314509631170691f,-0.08133691730952985f,-1.907359202630361f,-0.9698100092370658f,0f,0f,0f,1f],start_interpolation:0}
execute if entity @s[tag=aj.dino.bone.tail_2] run data modify entity @s {} merge value {transformation:[-1.7813167873549165f,-0.12248742115022185f,-0.7941543991884095f,-0.724577187555295f,-0.01383766540738621f,1.9357209085522067f,-0.2675200146020265f,0.17125391617636893f,0.8034257259426094f,-0.23823364761629165f,-1.7653684337949982f,-0.6410944724469081f,0f,0f,0f,1f],start_interpolation:0}
execute if entity @s[tag=aj.dino.bone.tail_1] run data modify entity @s {} merge value {transformation:[-1.1595424420186737f,-0.2319487674124138f,-0.9430362370838316f,-0.5177031824814908f,0.133536142157693f,1.4166937599952822f,-0.512643286436163f,0.2641238374762813f,0.9619177064047691f,-0.47627178132479286f,-1.0656152056059909f,-0.406883027932982f,0f,0f,0f,1f],start_interpolation:0}
execute if entity @s[tag=aj.dino.bone.tail_0] run data modify entity @s {} merge value {transformation:[-1.022802931985285f,-0.19672466992046542f,-0.7409516064838619f,-0.30592721846875043f,0.320834795610568f,1.012179123645367f,-0.7116137801968493f,0.49649960878528104f,0.6962577919361889f,-0.7553995912662441f,-0.7605473432120856f,-0.20286255524505983f,0f,0f,0f,1f],start_interpolation:0}
execute if entity @s[tag=aj.dino.bone.body_1] run data modify entity @s {} merge value {transformation:[-1.1664014421576223f,0.08797226090218924f,-0.40046616848446226f,-0.21875f,0.22699915442758725f,1.1441713795962876f,-0.409814388544544f,0.5147076515151515f,0.3414434867998348f,-0.4601492480497336f,-1.095574556977975f,0.08283749999999998f,0f,0f,0f,1f],start_interpolation:0}