execute if entity @s[tag=aj.dino.bone.head_lower] run data modify entity @s {} merge value {transformation:[-0.9999401063190043f,0.0011545145896189133f,-0.010883513715737914f,0.31376537625557654f,-0.0028210396727579024f,0.9336305288892307f,0.3582262933694009f,0.6618587065379066f,0.01057475814867781f,0.35823554070203234f,-0.9335713533887054f,0.7812203794971035f,0f,0f,0f,1f],start_interpolation:0}
execute if entity @s[tag=aj.dino.bone.head_upper] run data modify entity @s {} merge value {transformation:[-1.0408372400257406f,0.009192738219222108f,-0.006728738599361871f,0.3131848296034777f,-0.0029364190199405037f,0.3775407599451443f,0.9700135538263831f,0.7372055518344205f,0.011007261350809504f,0.9699744381825649f,-0.3774922145600878f,0.7769809973198524f,0f,0f,0f,1f],start_interpolation:0}
execute if entity @s[tag=aj.dino.bone.neck_0] run data modify entity @s {} merge value {transformation:[-0.9197081812800183f,0.020887068663972913f,-0.3920466702437701f,0.28779250123641487f,-0.07829489782695083f,0.9687674204494728f,0.23528619604630766f,0.7367199857984444f,0.3847164803603666f,0.24708989343617543f,-0.889347971437969f,0.715339046182491f,0f,0f,0f,1f],start_interpolation:0}
execute if entity @s[tag=aj.dino.bone.neck_1] run data modify entity @s {} merge value {transformation:[-0.9180363311945815f,0.11964474682594964f,-0.3780137949384214f,0.25632095976710584f,0.05619085108656485f,0.9830221248543058f,0.17467137802482957f,0.7560456041304222f,0.3924944367261273f,0.13911375418656405f,-0.9091729651365353f,0.6389610428165773f,0f,0f,0f,1f],start_interpolation:0}
execute if entity @s[tag=aj.dino.bone.neck_2] run data modify entity @s {} merge value {transformation:[-0.8573203350349081f,0.1553060026122485f,-0.4907971971071525f,0.2148439871533665f,0.22292080303155912f,0.9713802803853668f,-0.08201625725556533f,0.7583707849305533f,0.46401310187471817f,-0.17972311045341546f,-0.8674050062442293f,0.561210257153753f,0f,0f,0f,1f],start_interpolation:0}
execute if entity @s[tag=aj.dino.bone.body_0] run data modify entity @s {} merge value {transformation:[-0.6543192348795546f,-0.017075217462370965f,-0.7560256449454918f,-0.14163072700362617f,0.417602506804681f,0.8253239936943526f,-0.3800637469462865f,0.5871104089287503f,0.6304557757504331f,-0.5644012246452139f,-0.5328947104653058f,0.30468235130034216f,0f,0f,0f,1f],start_interpolation:0}
execute if entity @s[tag=aj.dino.bone.leg_left_3] run data modify entity @s {} merge value {transformation:[-0.5762633127354848f,0.13909480073393907f,-0.8053404440383647f,0.06315861863512011f,-0.08405416910187977f,0.9700976178069772f,0.22769608820052378f,0.09149068189890758f,0.8129301883013801f,0.19890512395112844f,-0.5473401690121682f,-0.019736827299646716f,0f,0f,0f,1f],start_interpolation:0}
execute if entity @s[tag=aj.dino.bone.leg_left_2] run data modify entity @s {} merge value {transformation:[-0.5930430285442041f,0.2989726411195634f,-0.7816505137577823f,0.10777217112343523f,-0.08410300713916342f,0.9318727638812729f,0.4202404497750327f,0.3215657067735345f,0.8326396879719116f,0.3070679261970623f,-0.514278755361105f,0.037238482522483934f,0f,0f,0f,1f],start_interpolation:0}
execute if entity @s[tag=aj.dino.bone.leg_left_1] run data modify entity @s {} merge value {transformation:[-0.7061604012134756f,0.6827294424998791f,-0.18766458403712552f,0.3172650768911304f,0.08203914907084296f,0.3421522521521239f,0.9360563093996864f,0.3632390040577737f,0.7032830623424362f,0.6456100562189483f,-0.2976249141641393f,0.21440914709828957f,0f,0f,0f,1f],start_interpolation:0}
execute if entity @s[tag=aj.dino.bone.leg_left_0] run data modify entity @s {} merge value {transformation:[-0.6679395915319639f,-0.6788237147332101f,-0.305049285165395f,-0.0020953503809850726f,0.060369316367865467f,0.3591217809581927f,-0.9313361863917307f,0.5870779531347894f,0.7417629322805162f,-0.6404919287213706f,-0.1988915320907078f,0.06537116223160498f,0f,0f,0f,1f],start_interpolation:0}
execute if entity @s[tag=aj.dino.bone.leg_right_3] run data modify entity @s {} merge value {transformation:[-0.9607723405352939f,-0.01546880136519439f,-0.27690652907914104f,-0.753505486287101f,-0.049626411585295065f,0.9919176858422589f,0.11677552734414923f,0.08866970985188713f,0.27286210608199135f,0.1259365741064185f,-0.9537747377482999f,-0.14419373163368823f,0f,0f,0f,1f],start_interpolation:0}
execute if entity @s[tag=aj.dino.bone.leg_right_2] run data modify entity @s {} merge value {transformation:[-0.8971153344440996f,0.40968714205371f,-0.28178488575828303f,-0.6653246581856697f,0.3714523159504121f,0.9385900267180467f,0.18202785012515463f,0.312502895147778f,0.33055930357656044f,0.057161235833156764f,-0.9692911530792486f,-0.1613377912945965f,0f,0f,0f,1f],start_interpolation:0}
execute if entity @s[tag=aj.dino.bone.leg_right_1] run data modify entity @s {} merge value {transformation:[-0.8964531978558834f,0.4380583578363705f,-0.06690694421106474f,-0.5606228239838447f,-0.015480192799592911f,0.11993526892950163f,0.9926610171139468f,0.2921302441551356f,0.44286795739232204f,0.8909098755746905f,-0.10073512753077693f,0.09485718653688088f,0f,0f,0f,1f],start_interpolation:0}
execute if entity @s[tag=aj.dino.bone.leg_right_0] run data modify entity @s {} merge value {transformation:[-0.890547757770347f,0.12065482430917061f,-0.43859674474525046f,-0.3739963052992604f,0.04174019585202743f,0.9817891088413535f,0.18533186938768947f,0.6576720165796298f,0.4529706913040198f,0.1467397667008653f,-0.8793662454791712f,0.17138844616904017f,0f,0f,0f,1f],start_interpolation:0}
execute if entity @s[tag=aj.dino.bone.tail_4] run data modify entity @s {} merge value {transformation:[-2.5859026667302203f,0.04296289189411877f,-0.9679477877022225f,-0.9796560122679796f,-0.08944233867695182f,2.7363791019154498f,0.36040367680199403f,0.18397679098545552f,0.9647635968720684f,0.3688426929200211f,-2.5610247171064118f,-1.3379976911511333f,0f,0f,0f,1f],start_interpolation:0}
execute if entity @s[tag=aj.dino.bone.tail_3] run data modify entity @s {} merge value {transformation:[-1.9402458328736898f,-0.0772560833505949f,-0.7519462292252361f,-0.8513977078816598f,-0.066912285108552f,2.080811483423223f,-0.04113201429597251f,0.17058888667706917f,0.752937168801141f,-0.01416312408397885f,-1.9413476123039757f,-1.0086782796234475f,0f,0f,0f,1f],start_interpolation:0}
execute if entity @s[tag=aj.dino.bone.tail_2] run data modify entity @s {} merge value {transformation:[-1.8068819382077814f,-0.1350783165679892f,-0.7319189741866414f,-0.7167038012773516f,-0.05772194096387151f,1.9413597960097788f,-0.2157873837160361f,0.21112255997219273f,0.7420375421180733f,-0.17790409166965926f,-1.7990287088474541f,-0.6737364088129819f,0f,0f,0f,1f],start_interpolation:0}
execute if entity @s[tag=aj.dino.bone.tail_1] run data modify entity @s {} merge value {transformation:[-1.184467581961655f,-0.20408685313250718f,-0.9181728343075612f,-0.5154968934201765f,0.08240590594733706f,1.4482723119780976f,-0.4282205354984925f,0.2854884803924829f,0.9369642810411232f,-0.38537269848302336f,-1.123050341399264f,-0.4282528714638851f,0f,0f,0f,1f],start_interpolation:0}
execute if entity @s[tag=aj.dino.bone.tail_0] run data modify entity @s {} merge value {transformation:[-1.0317387967335083f,-0.15564260640830269f,-0.7383265882855297f,-0.3034966373622663f,0.29614387279500354f,1.0668463179585088f,-0.6387279992675889f,0.4978845492706306f,0.6940097827155586f,-0.6866221883341888f,-0.8250673357770869f,-0.2037184361153824f,0f,0f,0f,1f],start_interpolation:0}
execute if entity @s[tag=aj.dino.bone.body_1] run data modify entity @s {} merge value {transformation:[-1.1696705198448791f,0.08952678165861114f,-0.3904618104602696f,-0.21875f,0.22202630511027827f,1.1479493697969723f,-0.4018969510683828f,0.5139974242424243f,0.3334363356041717f,-0.4503352027155281f,-1.102099365007655f,0.08283749999999998f,0f,0f,0f,1f],start_interpolation:0}