execute if entity @s[tag=aj.dino.bone.head_lower] run data modify entity @s {} merge value {transformation:[-0.8085523827822728f,-0.44514682817974954f,-0.3848211866030993f,-0.14485731150624975f,-0.5883577081593271f,0.6214377410354419f,0.5173493416119046f,0.4611834478786154f,0.008845990425787337f,0.6447165542920977f,-0.7643705338872712f,0.8683462747836104f,0f,0f,0f,1f],start_interpolation:0}
execute if entity @s[tag=aj.dino.bone.head_upper] run data modify entity @s {} merge value {transformation:[-0.8416218383412417f,-0.5599163896212522f,-0.24827053881626368f,-0.17480646639098033f,-0.6124212932739985f,0.775635852648134f,0.3268044158436547f,0.5009390682936603f,0.009207787748372696f,0.4103103743555738f,-0.9565733405884137f,0.8116188981573098f,0f,0f,0f,1f],start_interpolation:0}
execute if entity @s[tag=aj.dino.bone.neck_0] run data modify entity @s {} merge value {transformation:[-0.7741041043341178f,-0.6141881437836934f,-0.15341368807448139f,-0.17450692554744954f,-0.6322604901701778f,0.7379203913225602f,0.23605119919230697f,0.5044290490484208f,-0.03177275913167928f,0.2797256157485415f,-0.9595541004400221f,0.7450421262025856f,0f,0f,0f,1f],start_interpolation:0}
execute if entity @s[tag=aj.dino.bone.neck_1] run data modify entity @s {} merge value {transformation:[-0.8428588577949971f,-0.5370123101911085f,-0.0347379409251805f,-0.17992363366579864f,-0.5345269263497934f,0.8279997073712279f,0.16940321602674374f,0.5225942160149921f,-0.06220860747159652f,0.16135136595755775f,-0.9849344271879602f,0.6623485785294543f,0f,0f,0f,1f],start_interpolation:0}
execute if entity @s[tag=aj.dino.bone.neck_2] run data modify entity @s {} merge value {transformation:[-0.9445950764663738f,-0.3279032335689274f,0.014819275641102025f,-0.1818357315712316f,-0.32486619378523934f,0.9403932409382916f,0.1006106780270749f,0.5406155035648106f,-0.04692651330513384f,0.09022206943213931f,-0.9948155007519763f,0.5760786099958595f,0f,0f,0f,1f],start_interpolation:0}
execute if entity @s[tag=aj.dino.bone.body_0] run data modify entity @s {} merge value {transformation:[-0.9483751220678951f,-0.18626933779762456f,0.2566872837503632f,-0.06263442559619409f,-0.22409791950398805f,0.9662869461288275f,-0.1267661635256379f,0.4900761770888504f,-0.22442092219017626f,-0.17774496205929186f,-0.9581450715553735f,0.122815187871013f,0f,0f,0f,1f],start_interpolation:0}
execute if entity @s[tag=aj.dino.bone.leg_left_3] run data modify entity @s {} merge value {transformation:[-0.8793218128823347f,-0.02798854977774054f,-0.47540487005358195f,0.33359022924063453f,-0.11221390581712216f,0.9823399642636288f,0.14972051947478066f,0.0685091715627543f,0.4628187428471218f,0.1849995559234431f,-0.8669336627317794f,-0.2186283342377526f,0f,0f,0f,1f],start_interpolation:0}
execute if entity @s[tag=aj.dino.bone.leg_left_2] run data modify entity @s {} merge value {transformation:[-0.8582516133346151f,-0.28210949894186743f,-0.4856754042732585f,0.25148989632891f,-0.39176959119324833f,0.9362318581947866f,0.14848802853464585f,0.2907246207036976f,0.40247106122738757f,0.3097520586026822f,-0.891141350497549f,-0.17334145352282104f,0f,0f,0f,1f],start_interpolation:0}
execute if entity @s[tag=aj.dino.bone.leg_left_1] run data modify entity @s {} merge value {transformation:[-0.9486907515265363f,0.2685376215234585f,-0.16695329824396848f,0.35219152240852347f,-0.12255133945037709f,0.1744678203837492f,0.9770067291730706f,0.2887459887622114f,0.29149104131505343f,0.9473375984711403f,-0.1326063624265374f,0.08524828560138992f,0f,0f,0f,1f],start_interpolation:0}
execute if entity @s[tag=aj.dino.bone.leg_left_0] run data modify entity @s {} merge value {transformation:[-0.9311265697559531f,-0.3303990599318323f,-0.1544013351324195f,0.1267680233454823f,-0.1679974033009493f,0.7643616906427484f,-0.6225175325739005f,0.6200020450823994f,0.3236976731128143f,-0.5537035913500298f,-0.767223663182666f,-0.03205878914614854f,0f,0f,0f,1f],start_interpolation:0}
execute if entity @s[tag=aj.dino.bone.leg_right_3] run data modify entity @s {} merge value {transformation:[-0.9838200453881312f,-0.017731160039318163f,0.17827990424093257f,-0.2829807081938955f,-0.028485227595829526f,0.9979133897034078f,-0.05794357996765692f,0.02347543804417193f,-0.17688049666741038f,-0.062084399121796675f,-0.9822722724806884f,-0.0843143443298607f,0f,0f,0f,1f],start_interpolation:0}
execute if entity @s[tag=aj.dino.bone.leg_right_2] run data modify entity @s {} merge value {transformation:[-1.0106514343616162f,-0.0038879470964548898f,0.17501646091404538f,-0.2769102877636343f,-0.005868192055396643f,1.0256239553119841f,-0.011102527320219366f,0.2622128788508593f,-0.17496125869889986f,-0.01194092367743825f,-1.0105979278609871f,-0.11805832777712016f,0f,0f,0f,1f],start_interpolation:0}
execute if entity @s[tag=aj.dino.bone.leg_right_1] run data modify entity @s {} merge value {transformation:[-0.9233010073888329f,-0.11754211866819546f,-0.3656488754170569f,-0.307838279671015f,-0.3802203444485351f,0.14515024157632067f,0.91343521775645f,0.24562815917695296f,-0.05429308816234177f,0.982402798097261f,-0.1787092691173811f,0.1572266010687587f,0f,0f,0f,1f],start_interpolation:0}
execute if entity @s[tag=aj.dino.bone.leg_right_0] run data modify entity @s {} merge value {transformation:[-0.966764586066066f,-0.13310595630102307f,0.21828659951013507f,-0.26545874107705025f,-0.23775019275796128f,0.7820404353986745f,-0.5760968696712417f,0.6272250884820999f,-0.09402702256298562f,-0.608847732851689f,-0.7876949645829266f,-0.00677046237415295f,0f,0f,0f,1f],start_interpolation:0}
execute if entity @s[tag=aj.dino.bone.tail_4] run data modify entity @s {} merge value {transformation:[-2.0679435778833644f,-0.4715322377558972f,-1.7683122006726828f,-0.5779341113163055f,0.2960675193104094f,2.546881647169441f,-1.0253776040663511f,0.4199669785558289f,1.8059941069395355f,-0.9574510722059825f,-1.856699776924445f,-1.610849758797652f,0f,0f,0f,1f],start_interpolation:0}
execute if entity @s[tag=aj.dino.bone.tail_3] run data modify entity @s {} merge value {transformation:[-1.708951285309004f,-0.232758614075804f,-1.1667280994553348f,-0.37782241529850824f,0.31695578902199373f,1.8791795177140518f,-0.8391477188516168f,0.5438661748444287f,1.1467214388379559f,-0.8662870735627636f,-1.5068251968731858f,-1.3468705897128823f,0f,0f,0f,1f],start_interpolation:0}
execute if entity @s[tag=aj.dino.bone.tail_2] run data modify entity @s {} merge value {transformation:[-1.802989369742333f,-0.06697358841481332f,-0.7506781907407227f,-0.23962212725236687f,0.23577066097460014f,1.798618142834292f,-0.7267453795475404f,0.6795688794114292f,0.7158319656333614f,-0.7610921033126946f,-1.6513925282183255f,-1.0395321112785907f,0f,0f,0f,1f],start_interpolation:0}
execute if entity @s[tag=aj.dino.bone.tail_1] run data modify entity @s {} merge value {transformation:[-1.3467854604971772f,0.07607672103313973f,-0.6841326668930908f,-0.0920476885596758f,0.13203838472791674f,1.5038713988864774f,-0.09269806130482132f,0.6810070479418276f,0.6755671975102474f,-0.1422652386497685f,-1.3457435912981621f,-0.7488494772691894f,0f,0f,0f,1f],start_interpolation:0}
execute if entity @s[tag=aj.dino.bone.tail_0] run data modify entity @s {} merge value {transformation:[-1.277856528988138f,0.0302576975723373f,-0.0016969513947954864f,-0.0908216277795185f,0.03019491689202968f,1.2773086087139534f,0.03750602195829541f,0.7008706486584153f,0.0025835828414713337f,0.037455392493921304f,-1.2776643280834192f,-0.3745823995795846f,0f,0f,0f,1f],start_interpolation:0}
execute if entity @s[tag=aj.dino.bone.body_1] run data modify entity @s {} merge value {transformation:[-1.2335974871051187f,0.04035605540098042f,-0.07220265685318938f,-0.07675378817704642f,0.022717287537071026f,1.2030277648762804f,0.2842757760344507f,0.5537480555555556f,0.07953464472256386f,0.28231220445723587f,-1.2010739588216879f,-0.11436525891694349f,0f,0f,0f,1f],start_interpolation:0}