execute if entity @s[tag=aj.dino.bone.head_lower] run data modify entity @s {} merge value {transformation:[-0.40883463849139423f,0.6333957112862527f,-0.6570115001229376f,0.4303118773339326f,-0.05392238933370958f,0.70190348075674f,0.7102280476228156f,0.3078580138033947f,0.9110140582329971f,0.3257934570026762f,-0.25280824566475407f,-0.580128062512221f,0f,0f,0f,1f],start_interpolation:0}
execute if entity @s[tag=aj.dino.bone.head_upper] run data modify entity @s {} merge value {transformation:[-0.42555580485792627f,0.5960350791329709f,-0.7396731602391577f,0.39257246381161853f,-0.05612779258979609f,0.7933115072689918f,0.6715493026704027f,0.3719490300422297f,0.9482741536255358f,0.3144375605125132f,-0.2921935876918251f,-0.5929161349338975f,0f,0f,0f,1f],start_interpolation:0}
execute if entity @s[tag=aj.dino.bone.neck_0] run data modify entity @s {} merge value {transformation:[-0.016188579301125328f,0.1472956364311775f,-0.9889600221386835f,0.32623880105618003f,-0.10038161747543133f,0.9838530170074151f,0.14817817585063886f,0.3655931653465212f,0.9948173001979947f,0.10167220079127355f,-0.001141408354441542f,-0.5949617213325817f,0f,0f,0f,1f],start_interpolation:0}
execute if entity @s[tag=aj.dino.bone.neck_1] run data modify entity @s {} merge value {transformation:[0.4036410261414708f,0.11387539551079859f,-0.907803016250067f,0.24986058037790493f,0.07653393186292673f,0.9845437487724467f,0.15753146995663472f,0.3834738184350174f,0.9117107432124847f,-0.13306389837351243f,0.38868691727479343f,-0.562647846670437f,0f,0f,0f,1f],start_interpolation:0}
execute if entity @s[tag=aj.dino.bone.neck_2] run data modify entity @s {} merge value {transformation:[0.517194367681216f,0.18253701641120168f,-0.8361759525832608f,0.1783924470882678f,0.17323454058507276f,0.9344425165645935f,0.3111381962805404f,0.41988063422940514f,0.8381525994633112f,-0.305773479680835f,0.45166669031130463f,-0.5260721705734895f,0f,0f,0f,1f],start_interpolation:0}
execute if entity @s[tag=aj.dino.bone.body_0] run data modify entity @s {} merge value {transformation:[0.6886979311176071f,-0.07114916878288725f,-0.7215489972661813f,-0.16234867428366162f,0.24963579747403503f,0.9575961975898986f,0.14384537177424445f,0.49679671930375313f,0.6807180975218964f,-0.27919046929089875f,0.6772558996149811f,-0.2095436430026549f,0f,0f,0f,1f],start_interpolation:0}
execute if entity @s[tag=aj.dino.bone.leg_left_3] run data modify entity @s {} merge value {transformation:[0.7650676854691417f,0.029600766547261126f,0.6432691748177467f,-0.4570086609076034f,-0.1353867616290208f,0.9840093751435878f,0.11574097980029868f,0.04684663060502195f,-0.6295568770385218f,-0.17563981396409245f,0.7568413270456115f,0.07828825523725921f,0f,0f,0f,1f],start_interpolation:0}
execute if entity @s[tag=aj.dino.bone.leg_left_2] run data modify entity @s {} merge value {transformation:[0.7840039335081729f,-0.08140769559232325f,0.6563328567447726f,-0.45448476479828515f,-0.14809881922613335f,0.9704413542087206f,0.2972751541687673f,0.28201247776061417f,-0.6445671194594331f,-0.3219915598902974f,0.7300115501633354f,0.024793149423384536f,0f,0f,0f,1f],start_interpolation:0}
execute if entity @s[tag=aj.dino.bone.leg_left_1] run data modify entity @s {} merge value {transformation:[0.8454150538465113f,-0.5338573878366962f,0.016421820297381262f,-0.6172250549786545f,0.06069849581619472f,0.12657805639575614f,0.990097817513363f,0.2626798562642462f,-0.5306496766562204f,-0.8360468199157584f,0.1394153347856552f,-0.1991604916674738f,0f,0f,0f,1f],start_interpolation:0}
execute if entity @s[tag=aj.dino.bone.leg_left_0] run data modify entity @s {} merge value {transformation:[0.8187939269927303f,0.48455790614822597f,0.3078638346884381f,-0.3568281375782328f,0.030911931130306165f,0.4982757745311227f,-0.8664673710124375f,0.5324492828414518f,-0.5732547057230477f,0.7189748869777418f,0.393006557530183f,-0.015516323622265564f,0f,0f,0f,1f],start_interpolation:0}
execute if entity @s[tag=aj.dino.bone.leg_right_3] run data modify entity @s {} merge value {transformation:[0.9844566464771226f,-0.15594949943439979f,0.08077663544105461f,0.15819666084374082f,0.1565000443805565f,0.9876778296679178f,-0.0004908068406277305f,0.11965094409915902f,-0.07970475089918257f,0.013124725087829595f,0.9967321075772908f,-0.07051906938485769f,0f,0f,0f,1f],start_interpolation:0}
execute if entity @s[tag=aj.dino.bone.leg_right_2] run data modify entity @s {} merge value {transformation:[0.9805514129815135f,-0.2852521999760818f,0.09598077104012227f,0.09314981676276995f,0.2774422985915864f,0.9834898170514892f,0.08851977298287034f,0.35120623201099666f,-0.11664860459031622f,-0.058661415474972285f,1.017356447309545f,-0.0525711229511448f,0f,0f,0f,1f],start_interpolation:0}
execute if entity @s[tag=aj.dino.bone.leg_right_1] run data modify entity @s {} merge value {transformation:[0.9662862260284704f,-0.21513502949452049f,0.1414491020545803f,0.04644661640018649f,-0.10778042337937636f,0.16093874213241582f,0.9810617216143935f,0.34074990968534613f,-0.23382538297588162f,-0.9632318725858419f,0.13232554519424738f,-0.32592595107583716f,0f,0f,0f,1f],start_interpolation:0}
execute if entity @s[tag=aj.dino.bone.leg_right_0] run data modify entity @s {} merge value {transformation:[0.97731240672873f,0.19891139337996772f,0.07276480768707091f,0.004984573023033734f,-0.0814124628977686f,0.6699499016356746f,-0.7379289533439308f,0.6733323283036968f,-0.19553125207755453f,0.715263159181283f,0.6709442171887273f,-0.07697392286676172f,0f,0f,0f,1f],start_interpolation:0}
execute if entity @s[tag=aj.dino.bone.tail_4] run data modify entity @s {} merge value {transformation:[0.3042852670307296f,2.685309516433556f,0.5676130802046562f,0.8204850102042921f,2.742877258691791f,-0.31800436767302726f,0.03404258351358193f,0.06743543520909319f,0.09846903888755398f,0.5600422793792069f,-2.7022801159924743f,0.18702783499714792f,0f,0f,0f,1f],start_interpolation:0}
execute if entity @s[tag=aj.dino.bone.tail_3] run data modify entity @s {} merge value {transformation:[0.29258465804741324f,1.67229777543288f,1.2057196582132854f,0.5996747658960675f,2.048121496754224f,-0.37498138169181777f,0.02308297992406172f,0.06719090202955735f,0.2356651829459698f,1.1826895787615523f,-1.6975431681934647f,0.4632948790810051f,0f,0f,0f,1f],start_interpolation:0}
execute if entity @s[tag=aj.dino.bone.tail_2] run data modify entity @s {} merge value {transformation:[0.7427911530862642f,0.8009969589328036f,1.6203206626097049f,0.2992005464585533f,1.8073194188583674f,-0.30477929432828305f,-0.6778495223639103f,0.19446553791358068f,-0.02513356554501423f,1.756213918784363f,-0.856653284797204f,0.6229441649646142f,0f,0f,0f,1f],start_interpolation:0}
execute if entity @s[tag=aj.dino.bone.tail_1] run data modify entity @s {} merge value {transformation:[0.9958499912517292f,-0.16486913005163997f,1.1263912352641712f,0.05787766750109449f,1.135807575348019f,0.24470580081996318f,-0.9683576161868686f,0.39876889866505355f,-0.07668244066267633f,1.4834397497037333f,0.28492553815504024f,0.5435711098629912f,0f,0f,0f,1f],start_interpolation:0}
execute if entity @s[tag=aj.dino.bone.tail_0] run data modify entity @s {} merge value {transformation:[0.9573017135211334f,-0.620215448369586f,0.5768378831849051f,-0.1256546725113159f,0.8426692352305747f,0.609481373749775f,-0.7431532356331584f,0.6306434178496255f,0.08554359046385318f,0.9368569630631067f,0.8653421528359474f,0.3133060477643876f,0f,0f,0f,1f],start_interpolation:0}
execute if entity @s[tag=aj.dino.bone.body_1] run data modify entity @s {} merge value {transformation:[1.1379418517181976f,-0.45531297567304824f,0.16242854228294695f,-0.13274847329309916f,0.44309309466378105f,1.1484824600980887f,0.11515703784209666f,0.5265125757575757f,-0.1932910929807231f,-0.04777790375316424f,1.2202296588525952f,0.032837925649413215f,0f,0f,0f,1f],start_interpolation:0}