execute if entity @s[tag=aj.dino.bone.head_lower] run data modify entity @s {} merge value {transformation:[-0.7868280526428892f,-0.5369292253817584f,-0.3043166484192805f,0.22838297237870414f,-0.6088165203359936f,0.5943963394590343f,0.5253907462105453f,0.33721607808204523f,-0.10121294452870985f,0.5986651806883759f,-0.794579096938236f,0.8349370353280136f,0f,0f,0f,1f],start_interpolation:0}
execute if entity @s[tag=aj.dino.bone.head_upper] run data modify entity @s {} merge value {transformation:[-0.8190089921509616f,-0.5358146811195146f,-0.3543992675728415f,0.19166579969989908f,-0.6337168623441857f,0.5796867303923103f,0.5880800758155482f,0.3905767576603516f,-0.10535251178787387f,0.6784820297453524f,-0.7823266109216278f,0.7962079300296336f,0f,0f,0f,1f],start_interpolation:0}
execute if entity @s[tag=aj.dino.bone.neck_0] run data modify entity @s {} merge value {transformation:[-0.7631201406794449f,-0.5740006311247303f,-0.2969358960412093f,0.18202905759686416f,-0.6459770689068668f,0.6910184107558687f,0.32435656682565717f,0.400542468314164f,0.019007296911388194f,0.43933680868423164f,-0.8981213120727497f,0.7309963201192736f,0f,0f,0f,1f],start_interpolation:0}
execute if entity @s[tag=aj.dino.bone.neck_1] run data modify entity @s {} merge value {transformation:[-0.8097548024289567f,-0.44127883571251564f,-0.3867430013528987f,0.1472339329441078f,-0.541821248384733f,0.8153201714014152f,0.2041635445048325f,0.42159387829486983f,0.22522631893731013f,0.3748679864407922f,-0.8993036739610125f,0.6565404655290896f,0f,0f,0f,1f],start_interpolation:0}
execute if entity @s[tag=aj.dino.bone.neck_2] run data modify entity @s {} merge value {transformation:[-0.9134915734432337f,-0.1566912903893046f,-0.3754743463465113f,0.11280545848158799f,-0.2438092709231171f,0.9496316186932249f,0.1968675397063309f,0.4481384383464606f,0.32571488246646535f,0.2713809652393114f,-0.9056832708213376f,0.5798528076434054f,0f,0f,0f,1f],start_interpolation:0}
execute if entity @s[tag=aj.dino.bone.body_0] run data modify entity @s {} merge value {transformation:[-0.9761098786902196f,-0.05900575827840958f,-0.20911199203621728f,0.013689657200089245f,-0.05807491886842826f,0.9982560137952241f,-0.010594088922361466f,0.4526551203166018f,0.20937241585698574f,0.0018031671190790743f,-0.977834311152227f,0.11902034109679582f,0f,0f,0f,1f],start_interpolation:0}
execute if entity @s[tag=aj.dino.bone.leg_left_3] run data modify entity @s {} merge value {transformation:[-0.48142542634527674f,0.05249696910393881f,-0.8749134969259356f,0.17511440753017693f,-0.10637996039517922f,0.987325494837949f,0.11777805937151392f,0.05876128217954421f,0.8700073924367474f,0.14977461559923913f,-0.4697389717997768f,-0.37935724881832766f,0f,0f,0f,1f],start_interpolation:0}
execute if entity @s[tag=aj.dino.bone.leg_left_2] run data modify entity @s {} merge value {transformation:[-0.5010879560895493f,-0.049339939929692246f,-0.8936098869699389f,0.13521941409231433f,-0.38405432930645955f,0.9369049440426718f,0.1636263960064468f,0.2816134393057428f,0.8083782109283116f,0.4145321406801013f,-0.476182708569105f,-0.29619248687669364f,0f,0f,0f,1f],start_interpolation:0}
execute if entity @s[tag=aj.dino.bone.leg_left_1] run data modify entity @s {} merge value {transformation:[-0.6099435023686456f,0.7839580194077218f,-0.11566653675368826f,0.3664782347015493f,-0.13980656979661937f,0.037215672804232824f,0.9894792149102636f,0.24202984282169904f,0.7800147735523816f,0.6196973596071316f,0.08690302374472586f,-0.14798357203153412f,0f,0f,0f,1f],start_interpolation:0}
execute if entity @s[tag=aj.dino.bone.leg_left_0] run data modify entity @s {} merge value {transformation:[-0.575472548357155f,-0.6153620593377587f,-0.5386658352029716f,0.10180442635503775f,-0.18382926403841282f,0.739135930493168f,-0.6479852451538495f,0.5636138173450068f,0.7968928082059831f,-0.27387517627852226f,-0.5384739919884626f,-0.11902150943924439f,0f,0f,0f,1f],start_interpolation:0}
execute if entity @s[tag=aj.dino.bone.leg_right_3] run data modify entity @s {} merge value {transformation:[-0.9652735725722575f,0.03613869057080468f,-0.2587294438934591f,-0.33572333597893866f,0.04431632170892454f,0.9986832421065437f,-0.02584270817376271f,0.03693536289059404f,0.2574548382217395f,-0.03641122051498394f,-0.9656040748137033f,0.10874701220779921f,0f,0f,0f,1f],start_interpolation:0}
execute if entity @s[tag=aj.dino.bone.leg_right_2] run data modify entity @s {} merge value {transformation:[-0.9850647251575749f,0.08867253522618675f,-0.271747802654385f,-0.32192391303666346f,0.08299743420626436f,1.021818556766867f,0.0325647426329278f,0.27599742085175755f,0.27353448167663014f,0.009285367205052079f,-0.9885114409001343f,0.07993763116881886f,0f,0f,0f,1f],start_interpolation:0}
execute if entity @s[tag=aj.dino.bone.leg_right_1] run data modify entity @s {} merge value {transformation:[-0.8878600542217482f,0.3255043800679107f,-0.3251944382580365f,-0.23392973935038652f,-0.3008163316166674f,0.12414686631069377f,0.945567073357531f,0.25358396789008925f,0.3481580944772733f,0.9373550310004424f,-0.012308009916886353f,0.34217425748819874f,0f,0f,0f,1f],start_interpolation:0}
execute if entity @s[tag=aj.dino.bone.leg_right_0] run data modify entity @s {} merge value {transformation:[-0.9505587581322634f,-0.2841219567810971f,-0.12535055250348878f,-0.22475412143045068f,-0.10756032507212383f,0.6798847218045903f,-0.7253878559274853f,0.5920865550935912f,0.29132254256824786f,-0.67604103331941f,-0.6768306268631732f,0.0979631089777836f,0f,0f,0f,1f],start_interpolation:0}
execute if entity @s[tag=aj.dino.bone.tail_4] run data modify entity @s {} merge value {transformation:[1.42292032815576f,-0.5466827054516574f,-2.302628300634117f,-1.4207184821927594f,0.6528540286101728f,2.6731959971511374f,-0.23122739833897693f,0.5321349843051187f,2.274805637554244f,-0.42523230354148833f,1.5066844828882486f,-0.7515398935326238f,0f,0f,0f,1f],start_interpolation:0}
execute if entity @s[tag=aj.dino.bone.tail_3] run data modify entity @s {} merge value {transformation:[0.491485252556278f,-0.4945812708115671f,-1.9620848960038793f,-1.0831815249531207f,0.7033014477065671f,1.9350008888394363f,-0.31158331131317846f,0.5660324968177748f,1.8973019913071252f,-0.589157409184891f,0.6237661637416768f,-0.851542216393777f,0f,0f,0f,1f],start_interpolation:0}
execute if entity @s[tag=aj.dino.bone.tail_2] run data modify entity @s {} merge value {transformation:[-0.5593344057280887f,-0.29041382688048156f,-1.849750985059399f,-0.7397995587734538f,0.5684595922535872f,1.8130617538551514f,-0.4565464310290313f,0.6517552490712601f,1.784032676143144f,-0.668760615517312f,-0.43446579219682413f,-0.769615914037242f,0f,0f,0f,1f],start_interpolation:0}
execute if entity @s[tag=aj.dino.bone.tail_1] run data modify entity @s {} merge value {transformation:[-0.585326467814012f,0.18786968142138558f,-1.3819385510502993f,-0.44415910922507396f,0.30336758083572635f,1.479979159547012f,0.07270521442372922f,0.6177288529174297f,1.3612557757358652f,-0.24904401239369006f,-0.6104228394454124f,-0.6365159292346787f,0f,0f,0f,1f],start_interpolation:0}
execute if entity @s[tag=aj.dino.bone.tail_0] run data modify entity @s {} merge value {transformation:[-1.1015435724486289f,0.16573026293214532f,-0.6268739542600111f,-0.2569726034169347f,0.16522178345888366f,1.2667091028587152f,0.04455925930222705f,0.6352755487919833f,0.6270081633055556f,-0.04262915982445979f,-1.113049520221307f,-0.3122857073120352f,0f,0f,0f,1f],start_interpolation:0}
execute if entity @s[tag=aj.dino.bone.body_1] run data modify entity @s {} merge value {transformation:[-1.0270635267176913f,0.19389755074711862f,-0.6604156622588058f,-0.11649558892731735f,0.0895499770123262f,1.2138549926206392f,0.21712082710622274f,0.50303625f,0.68244113941025f,0.1325307200631875f,-1.0224061299386966f,-0.08351748822966432f,0f,0f,0f,1f],start_interpolation:0}