execute if entity @s[tag=aj.dino.bone.head_lower] run data modify entity @s {} merge value {transformation:[-0.9981796993910883f,-0.05352484433855409f,0.027791703115324633f,0.5020046271792526f,-0.045158237887499855f,0.968762606996872f,0.24384368934938627f,0.2410890621856771f,-0.0399752582782498f,0.24214479619260387f,-0.9694162554869965f,0.6238757523346844f,0f,0f,0f,1f],start_interpolation:0}
execute if entity @s[tag=aj.dino.bone.head_upper] run data modify entity @s {} merge value {transformation:[-1.0390048331879758f,-0.062108151260121765f,-0.00913656076342271f,0.49965761781601215f,-0.04700519100116615f,0.6692769697351595f,0.795820829323142f,0.3109646992381169f,-0.0416102296854726f,0.7947847871673689f,-0.6708633791289773f,0.5954619636861879f,0f,0f,0f,1f],start_interpolation:0}
execute if entity @s[tag=aj.dino.bone.neck_0] run data modify entity @s {} merge value {transformation:[-0.9652633791032299f,-0.03622213146302522f,-0.2587558040981683f,0.483825836195406f,-0.15461216835225194f,0.8775233799761019f,0.4539248781381482f,0.3261224422112254f,0.21062214119040085f,0.47816385767599934f,-0.8526415652856586f,0.5324990081251955f,0f,0f,0f,1f],start_interpolation:0}
execute if entity @s[tag=aj.dino.bone.neck_1] run data modify entity @s {} merge value {transformation:[-0.780897209469178f,-0.04245922573228075f,-0.6232148605364495f,0.4308357534673788f,-0.24069545494011557f,0.9411002838493852f,0.2374783226102485f,0.35057550440945634f,0.5764245364437757f,0.33545114381802577f,-0.7451223281426729f,0.47092274868913087f,0f,0f,0f,1f],start_interpolation:0}
execute if entity @s[tag=aj.dino.bone.neck_2] run data modify entity @s {} merge value {transformation:[-0.7879503296481737f,0.1082803111474098f,-0.6061432604798594f,0.3787931896962171f,-0.007839434648939804f,0.9825722495827414f,0.1857156902749354f,0.37646558817628883f,0.6156888997470391f,0.1510865598514007f,-0.773369271538862f,0.4046490320828351f,0f,0f,0f,1f],start_interpolation:0}
execute if entity @s[tag=aj.dino.bone.body_0] run data modify entity @s {} merge value {transformation:[-0.7579580954793554f,0.20582151582414135f,-0.6189806371132793f,0.08903064381723744f,0.20972609787158092f,0.9754253564627113f,0.06753027351604944f,0.4175844986478801f,0.6176685918588289f,-0.07863127617840832f,-0.7824976888385593f,0.03511174450486071f,0f,0f,0f,1f],start_interpolation:0}
execute if entity @s[tag=aj.dino.bone.leg_left_3] run data modify entity @s {} merge value {transformation:[0.3151202271019388f,-0.024302288270875022f,-0.9487405552921312f,-0.2590447431140476f,-0.10523613224199183f,0.9926125291744861f,-0.06037982607275394f,0.033725560324701975f,0.9431991300578945f,0.11886869104448518f,0.31023480679543713f,-0.36929951433594f,0f,0f,0f,1f],start_interpolation:0}
execute if entity @s[tag=aj.dino.bone.leg_left_2] run data modify entity @s {} merge value {transformation:[0.2640720276008304f,0.2864556329497945f,-0.9488262928960247f,-0.22118565774801474f,-0.333723707654943f,0.9502884358330451f,0.19401694557877353f,0.2607146758938872f,0.9332505830100076f,0.25876100667220187f,0.3378583878463939f,-0.29709353719843334f,0f,0f,0f,1f],start_interpolation:0}
execute if entity @s[tag=aj.dino.bone.leg_left_1] run data modify entity @s {} merge value {transformation:[0.252698870196135f,0.9059191594423236f,0.33978486952321857f,0.0018706966757313093f,-0.0856201565602427f,-0.3288671944913742f,0.9404868724112911f,0.12319701829398044f,0.9637491736920955f,-0.26675240381800946f,-0.005539428230167648f,-0.3884617059400067f,0f,0f,0f,1f],start_interpolation:0}
execute if entity @s[tag=aj.dino.bone.leg_left_0] run data modify entity @s {} merge value {transformation:[0.2725411417806008f,-0.3453312862321844f,-0.8980354273558208f,-0.02892200145888904f,-0.13928182196840888f,0.9093766784478363f,-0.39196253745012555f,0.49596097640843434f,0.9520094012698022f,0.23190592800617613f,0.19974418752371081f,-0.20297283878920178f,0f,0f,0f,1f],start_interpolation:0}
execute if entity @s[tag=aj.dino.bone.leg_right_3] run data modify entity @s {} merge value {transformation:[-0.5866582154773179f,0.029189734558829825f,-0.8093084069805239f,-0.12394840974528638f,0.06784699678492824f,0.9976084093591189f,-0.013200250120161378f,0.009300655012990072f,0.8069875607716854f,-0.062653180065771f,-0.5872356050065521f,0.36834919388859777f,0f,0f,0f,1f],start_interpolation:0}
execute if entity @s[tag=aj.dino.bone.leg_right_2] run data modify entity @s {} merge value {transformation:[-0.595768421469554f,-0.06771305582514986f,-0.8321881575408231f,-0.16452630410021174f,0.15610674515674353f,0.9952609321115244f,-0.19273961873408804f,0.2350958350951134f,0.8202151373858799f,-0.23860599025174145f,-0.5677820966882828f,0.2939110100887653f,0f,0f,0f,1f],start_interpolation:0}
execute if entity @s[tag=aj.dino.bone.leg_right_1] run data modify entity @s {} merge value {transformation:[-0.40675978455069084f,0.8090121748788317f,-0.4243180158443638f,0.06966038321753516f,-0.19216719070864996f,0.378312115421734f,0.9055118520153549f,0.28601933193268525f,0.8930947589631355f,0.44986580690574274f,0.001583442333699725f,0.43382805198409435f,0f,0f,0f,1f],start_interpolation:0}
execute if entity @s[tag=aj.dino.bone.leg_right_0] run data modify entity @s {} merge value {transformation:[-0.52015339838372f,-0.6692775120933603f,-0.5305733257109605f,-0.08944657326036219f,0.06684886693268997f,0.587417646754686f,-0.806518280803977f,0.5745413261356529f,0.8514526828542399f,-0.4549814502672707f,-0.26080684188304676f,0.17741566182726845f,0f,0f,0f,1f],start_interpolation:0}
execute if entity @s[tag=aj.dino.bone.tail_4] run data modify entity @s {} merge value {transformation:[-0.02162486842302771f,2.200839878377499f,-1.6677822179196553f,-1.6227715646045193f,2.081897756947969f,1.108675544508121f,1.436036767713362f,0.8771499028082086f,1.8140825301735055f,-1.246115443429275f,-1.6679215230238973f,-0.7198770956489541f,0f,0f,0f,1f],start_interpolation:0}
execute if entity @s[tag=aj.dino.bone.tail_3] run data modify entity @s {} merge value {transformation:[-0.01851226674846693f,1.287576847793822f,-1.63638280455693f,-1.3579014623362324f,1.786013293178569f,0.8510669841388805f,0.6494513308498481f,0.7586985984215919f,1.070401484777428f,-1.3977755097219726f,-1.1119396619656137f,-0.5176548890338991f,0f,0f,0f,1f],start_interpolation:0}
execute if entity @s[tag=aj.dino.bone.tail_2] run data modify entity @s {} merge value {transformation:[-0.44747949652911084f,0.7278579198380889f,-1.7574865074070416f,-1.0313462497773005f,1.4762207065881092f,1.2715437662144018f,0.15074067481796646f,0.7320703877411188f,1.1997117989872965f,-1.2931253512838738f,-0.8410067183087189f,-0.36073415899580696f,0f,0f,0f,1f],start_interpolation:0}
execute if entity @s[tag=aj.dino.bone.tail_1] run data modify entity @s {} merge value {transformation:[-0.01716879438577661f,0.5651449590347701f,-1.4028444880944315f,-0.7363616782231496f,1.0538398609612802f,1.0107490943081519f,0.39428931738554795f,0.6338615532286758f,1.0847963080451786f,-0.9729613012000218f,-0.405240084911046f,-0.26267395112559205f,0f,0f,0f,1f],start_interpolation:0}
execute if entity @s[tag=aj.dino.bone.tail_0] run data modify entity @s {} merge value {transformation:[-0.42894505344214146f,0.5846423661971573f,-1.052632491118783f,-0.41464953711761116f,0.7219687539631955f,1.0191628914155084f,0.2718525991165788f,0.5790141213737579f,0.9636404806837336f,-0.5033249655967775f,-0.6722326379897464f,-0.07837807817942018f,0f,0f,0f,1f],start_interpolation:0}
execute if entity @s[tag=aj.dino.bone.body_1] run data modify entity @s {} merge value {transformation:[-0.19035661626083925f,0.21025590206012357f,-1.203395782505015f,-0.1490391016585761f,0.2471440777430268f,1.1993618165625128f,0.17045712911071828f,0.458599696969697f,1.1963648099716586f,-0.2143088511401316f,-0.2266882282799983f,-0.011241018534752272f,0f,0f,0f,1f],start_interpolation:0}