execute if entity @s[tag=aj.dino.bone.head_lower] run data modify entity @s {} merge value {transformation:[-0.9998831267087073f,0.008277461351002333f,0.012853659276732406f,-0.0090106738581521f,0.010548357079977167f,0.9820913286077713f,0.18810995304963518f,0.4537793743144545f,-0.011066394450450512f,0.18822355300813265f,-0.9820638619798926f,0.8388486828216163f,0f,0f,0f,1f],start_interpolation:0}
execute if entity @s[tag=aj.dino.bone.head_upper] run data modify entity @s {} merge value {transformation:[-1.0407779299731241f,-0.0014232450960932536f,0.015849840307175976f,-0.008273073451901453f,0.010979780489399451f,0.6862081718198731f,0.7826044543264108f,0.5231420951543191f,-0.011519005372476252f,0.7826801785432739f,-0.6861129595148344f,0.8091211636663189f,0f,0f,0f,1f],start_interpolation:0}
execute if entity @s[tag=aj.dino.bone.neck_0] run data modify entity @s {} merge value {transformation:[-0.9999428404130051f,0.006757719557929497f,-0.008285477243239144f,-0.008595411874560041f,0.0058360447880373804f,0.9942830124265969f,0.10661722084693243f,0.5138952012172667f,0.008958598551329237f,0.10656277223434042f,-0.9942656179742555f,0.7430974762143516f,0f,0f,0f,1f],start_interpolation:0}
execute if entity @s[tag=aj.dino.bone.neck_1] run data modify entity @s {} merge value {transformation:[-0.9998407394170427f,0.012978533218199391f,-0.012249631728581206f,-0.009573325978167714f,0.010435400807125884f,0.9819870617180187f,0.188659781162829f,0.5344010524863383f,0.014477507105037278f,0.1885019052792729f,-0.9819661060821334f,0.660780463438936f,0f,0f,0f,1f],start_interpolation:0}
execute if entity @s[tag=aj.dino.bone.neck_2] run data modify entity @s {} merge value {transformation:[-0.999858685112234f,0.012956660890176086f,-0.010711430539927467f,-0.01038487382116653f,0.00977202518582824f,0.9664118977782765f,0.25681228817242685f,0.5663615115090896f,0.013679083646291805f,0.2566713244037344f,-0.9664019422059492f,0.5786293779726186f,0f,0f,0f,1f],start_interpolation:0}
execute if entity @s[tag=aj.dino.bone.body_0] run data modify entity @s {} merge value {transformation:[-0.9998937732786278f,0.009619997548230076f,-0.01094978565088031f,-0.015453824235086403f,0.009192642933975148f,0.9992189499731133f,0.038431566849623594f,0.5939929743691229f,0.011310944899371306f,0.038326826920587836f,-0.9992012394226115f,0.10807469177234191f,0f,0f,0f,1f],start_interpolation:0}
execute if entity @s[tag=aj.dino.bone.leg_left_3] run data modify entity @s {} merge value {transformation:[-0.9805179214626828f,0.03159292357006156f,-0.19387236231808874f,0.15792433274088505f,0.029822811410501644f,0.9994826508822493f,0.012042861161902674f,0.028282078171173758f,0.19415253181474026f,0.006026422295811573f,-0.9809528411826117f,-0.09725570345303387f,0f,0f,0f,1f],start_interpolation:0}
execute if entity @s[tag=aj.dino.bone.leg_left_2] run data modify entity @s {} merge value {transformation:[-1.0063176085762908f,-0.0299238965258367f,-0.1961928403043809f,0.14332469908307952f,0.030649647945856798f,0.9783767678180908f,-0.30643384078021535f,0.24691765317136577f,0.19608077226180123f,-0.30650556293684195f,-0.9589936757553091f,-0.1980347097361327f,0f,0f,0f,1f],start_interpolation:0}
execute if entity @s[tag=aj.dino.bone.leg_left_1] run data modify entity @s {} merge value {transformation:[-0.9411961182631526f,0.12830523332511812f,0.3125502104746699f,0.18034923928147012f,0.33630764197976093f,0.44438181610786237f,0.830314381098323f,0.31690776769928947f,-0.03235794975560709f,0.8866016967128277f,-0.4614004708206837f,0.06794264447138529f,0f,0f,0f,1f],start_interpolation:0}
execute if entity @s[tag=aj.dino.bone.leg_left_0] run data modify entity @s {} merge value {transformation:[-0.9579409770010826f,0.25696635962614767f,-0.12773947942079888f,0.18025618966007143f,0.28690053386631287f,0.8481486122305292f,-0.4453448273401769f,0.7195318689296931f,-0.006096576862139727f,-0.4632625838462596f,-0.8862000960046502f,-0.04251595870025851f,0f,0f,0f,1f],start_interpolation:0}
execute if entity @s[tag=aj.dino.bone.leg_right_3] run data modify entity @s {} merge value {transformation:[-0.9896916808544834f,0.008044867091958223f,0.14298831057432637f,-0.20580986975928625f,0.007585276979209067f,0.9999641660979878f,-0.003759001610131263f,0.04717542733729396f,-0.1430134274135683f,-0.0026356466813701185f,-0.9897172388849229f,-0.11415356694422937f,0f,0f,0f,1f],start_interpolation:0}
execute if entity @s[tag=aj.dino.bone.leg_right_2] run data modify entity @s {} merge value {transformation:[-1.015749230564935f,0.049462769437775f,0.13367548222087078f,-0.18857318756963018f,0.004452444435069244f,0.9725006844905538f,-0.3260134873048223f,0.2637817404441934f,-0.14246359480930362f,-0.3222701546926809f,-0.963279954659631f,-0.21882292241823753f,0f,0f,0f,1f],start_interpolation:0}
execute if entity @s[tag=aj.dino.bone.leg_right_1] run data modify entity @s {} merge value {transformation:[-0.9405143293167055f,-0.07434725877298862f,-0.3315196547158103f,-0.2099193858287912f,-0.3338631177018952f,0.3831574719333475f,0.8612350261920474f,0.3155478830861262f,0.06299376944046435f,0.9206860685459449f,-0.3851869003446163f,0.05298213999896856f,0f,0f,0f,1f],start_interpolation:0}
execute if entity @s[tag=aj.dino.bone.leg_right_0] run data modify entity @s {} merge value {transformation:[-0.9582395134073062f,-0.2744580459309361f,0.08031074628405209f,-0.21279843291632514f,-0.28314183796549636f,0.8712120698808881f,-0.40102397545206614f,0.7231824082883656f,0.04009656517022188f,-0.40701635141309866f,-0.912540385486538f,-0.03720147001674218f,0f,0f,0f,1f],start_interpolation:0}
execute if entity @s[tag=aj.dino.bone.tail_4] run data modify entity @s {} merge value {transformation:[-2.761142822796925f,0.0023526458752578753f,-0.04178646640263186f,-0.05144946079662927f,-0.0064680677247763545f,2.699982827883317f,0.5794067870116085f,0.7559858504503157f,0.04134982245355302f,0.5794381121332917f,-2.6996672013399103f,-1.8115542081319955f,0f,0f,0f,1f],start_interpolation:0}
execute if entity @s[tag=aj.dino.bone.tail_3] run data modify entity @s {} merge value {transformation:[-2.0820429593721403f,-0.003543849088746047f,-0.032094898457262315f,-0.0459726727117659f,-0.00490861156716092f,2.080396818098592f,0.08871589948921908f,0.7205845962060629f,0.03191468166578699f,0.08878088996701188f,-2.0801550261255244f,-1.459705576722162f,0f,0f,0f,1f],start_interpolation:0}
execute if entity @s[tag=aj.dino.bone.tail_2] run data modify entity @s {} merge value {transformation:[-1.9539333650612736f,-0.007379152054502894f,-0.02939095129564092f,-0.04195554120413411f,-0.0046065811822123565f,1.9456465422542184f,-0.18224211101387325f,0.7549225725040228f,0.029950948447718624f,-0.18215091471617084f,-1.9454299935895716f,-1.0980755862521352f,0f,0f,0f,1f],start_interpolation:0}
execute if entity @s[tag=aj.dino.bone.tail_1] run data modify entity @s {} merge value {transformation:[-1.5118932706101944f,-0.005814274958430475f,-0.042440340365252245f,-0.031307359612787536f,-0.003270676862996015f,1.5097969373162796f,-0.09032585866317773f,0.7559071063821541f,0.04271171919354867f,-0.09019785073431778f,-1.5092038652105426f,-0.7722499827144933f,0f,0f,0f,1f],start_interpolation:0}
execute if entity @s[tag=aj.dino.bone.tail_0] run data modify entity @s {} merge value {transformation:[-1.2776767048141224f,0.008564763732048498f,-0.03611923838577215f,-0.02054579566161817f,0.008242396143689604f,1.2781374100090719f,0.011512628941310537f,0.7833865811325982f,0.03619416341296674f,0.011274863260545413f,-1.2776535432492329f,-0.39861783941102186f,0f,0f,0f,1f],start_interpolation:0}
execute if entity @s[tag=aj.dino.bone.body_1] run data modify entity @s {} merge value {transformation:[-1.2362011945287816f,0.014422047115490024f,-0.014255043278159045f,-0.018203124999999983f,0.011481358713668533f,1.214205065661961f,0.23276346787924232f,0.6474870075757576f,0.016714667329973072f,0.23259978102758738f,-1.2141756696698451f,-0.13200625f,0f,0f,0f,1f],start_interpolation:0}