execute if entity @s[tag=aj.dino.bone.head_lower] run data modify entity @s {} merge value {transformation:[-0.7362097013003112f,-0.4433527069262229f,-0.5113058311544051f,-0.0874230769446895f,-0.6746080660393194f,0.4206624903172711f,0.6065863718175352f,0.44536804451424455f,-0.05384452568270655f,0.7915058095183272f,-0.6087851185375198f,0.8634561314122701f,0f,0f,0f,1f],start_interpolation:0}
execute if entity @s[tag=aj.dino.bone.head_upper] run data modify entity @s {} merge value {transformation:[-0.7663203713294517f,-0.6387881640057468f,-0.2969422714858315f,-0.1224752019692736f,-0.7021992548536335f,0.657795745974154f,0.3971056605549906f,0.4872961094361021f,-0.05604674434791022f,0.49267269123423174f,-0.915207257588972f,0.8114095907494527f,0f,0f,0f,1f],start_interpolation:0}
execute if entity @s[tag=aj.dino.bone.neck_0] run data modify entity @s {} merge value {transformation:[-0.7199910685002696f,-0.664409568664048f,-0.20043150038727334f,-0.12441821841201003f,-0.6939226297760855f,0.6930685081361906f,0.19526245649001941f,0.48889656834909595f,0.009178516464089551f,0.27967117852493967f,-0.9600519708526148f,0.7447882767976253f,0f,0f,0f,1f],start_interpolation:0}
execute if entity @s[tag=aj.dino.bone.neck_1] run data modify entity @s {} merge value {transformation:[-0.8052005667837657f,-0.5823119289861636f,-0.11209310688671059f,-0.13659661405519044f,-0.5929474083160438f,0.7931890663421212f,0.13879652735785838f,0.504308578800733f,0.008088153212522172f,0.1782243597147343f,-0.9839566349092239f,0.6622552927371417f,0f,0f,0f,1f],start_interpolation:0}
execute if entity @s[tag=aj.dino.bone.neck_2] run data modify entity @s {} merge value {transformation:[-0.9365435917824906f,-0.34227440326270425f,-0.0757253825497845f,-0.14658180583636463f,-0.34859381306418f,0.9321211630439161f,0.09814525408308077f,0.5220328879097433f,0.03699262337989759f,0.1183147086241467f,-0.9922868413612348f,0.5764818982267105f,0f,0f,0f,1f],start_interpolation:0}
execute if entity @s[tag=aj.dino.bone.body_0] run data modify entity @s {} merge value {transformation:[-0.9605880977957261f,-0.20465813700546912f,0.18811048171390982f,-0.0598756657965537f,-0.22937280040295463f,0.965853742527402f,-0.12047682964419856f,0.4744535741012954f,-0.15703064926470534f,-0.15887603659224878f,-0.9747306192934762f,0.1155815197499306f,0f,0f,0f,1f],start_interpolation:0}
execute if entity @s[tag=aj.dino.bone.leg_left_3] run data modify entity @s {} merge value {transformation:[-0.8319783274860633f,0.007346982481931025f,-0.554759483417727f,0.33907610426408463f,-0.11483045082929424f,0.9759805107342374f,0.18513781415280506f,0.0912295194612528f,0.5427946482380185f,0.21773393055596058f,-0.8111509756690294f,-0.21311709244533664f,0f,0f,0f,1f],start_interpolation:0}
execute if entity @s[tag=aj.dino.bone.leg_left_2] run data modify entity @s {} merge value {transformation:[-0.8100630670425384f,-0.27234304800484677f,-0.5671765960596049f,0.25680832366901213f,-0.4124095444454893f,0.9281325712383681f,0.14335444659100782f,0.3113663655209491f,0.47516144052794784f,0.34126440469316455f,-0.8425095910584759f,-0.1588690201398047f,0f,0f,0f,1f],start_interpolation:0}
execute if entity @s[tag=aj.dino.bone.leg_left_1] run data modify entity @s {} merge value {transformation:[-0.9153106008168926f,0.3351711921745239f,-0.22330870105870826f,0.3779363012639937f,-0.1654535583957864f,0.19258709778150956f,0.9672307531206126f,0.3156830806351126f,0.36719425927755356f,0.9222637809783077f,-0.12082174576294202f,0.09077625755264122f,0f,0f,0f,1f],start_interpolation:0}
execute if entity @s[tag=aj.dino.bone.leg_left_0] run data modify entity @s {} merge value {transformation:[-0.8917700276697819f,-0.4313667314973087f,-0.13663440528346177f,0.11599948029091228f,-0.20459624557029865f,0.6537294689758284f,-0.7285452337989176f,0.6078770954753676f,0.4035921134615672f,-0.6217399169668216f,-0.6712323603654069f,-0.05176860582202329f,0f,0f,0f,1f],start_interpolation:0}
execute if entity @s[tag=aj.dino.bone.leg_right_3] run data modify entity @s {} merge value {transformation:[-0.9870353177413339f,-0.008133144740184055f,0.1602970164659948f,-0.30627599364669417f,-0.02635418617496051f,0.9933727326544122f,-0.11187524699307305f,0.015374839743732382f,-0.15832478770653602f,-0.11464931737843373f,-0.9807083132217956f,-0.06844870542145096f,0f,0f,0f,1f],start_interpolation:0}
execute if entity @s[tag=aj.dino.bone.leg_right_2] run data modify entity @s {} merge value {transformation:[-1.0140306547989784f,-0.001035244243862845f,0.15428207575089647f,-0.30017615524782365f,0.0016196993011181862f,1.025549792262924f,0.01752711226475436f,0.2549681607984374f,-0.15427704690855265f,0.017571322076693357f,-1.0138796974682687f,-0.09544693765062309f,0f,0f,0f,1f],start_interpolation:0}
execute if entity @s[tag=aj.dino.bone.leg_right_1] run data modify entity @s {} merge value {transformation:[-0.9259825331251372f,-0.09677245644588447f,-0.3649540245299175f,-0.32555193552770206f,-0.3752090437729013f,0.1280098646194841f,0.9180586299529709f,0.23358153108204893f,-0.0421250735094816f,0.9870403062861874f,-0.15484479955197095f,0.18007450889088858f,0f,0f,0f,1f],start_interpolation:0}
execute if entity @s[tag=aj.dino.bone.leg_right_0] run data modify entity @s {} merge value {transformation:[-0.9710930542880707f,-0.11216677874252462f,0.21070570390948526f,-0.2738305676707035f,-0.2210772720767995f,0.7555136741285838f,-0.6167040846109328f,0.6061302186112237f,-0.09001732991233902f,-0.6454592953480905f,-0.758471606827968f,-0.0011426373501428333f,0f,0f,0f,1f],start_interpolation:0}
execute if entity @s[tag=aj.dino.bone.tail_4] run data modify entity @s {} merge value {transformation:[-0.7421620864158174f,-0.7690224090473385f,-2.546264185717961f,-0.8786449552571918f,0.5575117521097863f,2.5398283952268046f,-0.929577162294293f,0.42049035717139727f,2.600776310132495f,-0.7638963207023989f,-0.5273389113946948f,-1.4042677240258474f,0f,0f,0f,1f],start_interpolation:0}
execute if entity @s[tag=aj.dino.bone.tail_3] run data modify entity @s {} merge value {transformation:[-0.988211687468724f,-0.475828464648744f,-1.770019903567381f,-0.5738586340710188f,0.49610313696200037f,1.8663954451887312f,-0.7787138407140736f,0.534267303195082f,1.7644446333878328f,-0.7912653413698972f,-0.7723857982252789f,-1.265556482930945f,0f,0f,0f,1f],start_interpolation:0}
execute if entity @s[tag=aj.dino.bone.tail_2] run data modify entity @s {} merge value {transformation:[-1.5162783515190845f,-0.22381370518833338f,-1.2122628679816987f,-0.3496760762193053f,0.30571257160337734f,1.7933915720881934f,-0.7134846653779349f,0.667555344479519f,1.1942418763722f,-0.7432549828529129f,-1.3565147423401267f,-1.0126771386286433f,0f,0f,0f,1f],start_interpolation:0}
execute if entity @s[tag=aj.dino.bone.tail_1] run data modify entity @s {} merge value {transformation:[-1.203168386624102f,0.05713154822958382f,-0.9147557431496377f,-0.15237974713437832f,0.12456328242639797f,1.5057453130236014f,-0.06979463431108521f,0.6640491858931984f,0.9080341800282171f,-0.13085598383087965f,-1.20250026586115f,-0.753180428860662f,0f,0f,0f,1f],start_interpolation:0}
execute if entity @s[tag=aj.dino.bone.tail_0] run data modify entity @s {} merge value {transformation:[-1.2748158698479966f,0.014583421734131623f,-0.09201922830717404f,-0.12513766595264203f,0.011372982791067663f,1.2773769679839728f,0.04488266380835769f,0.6817588100430468f,0.09247091342772297f,0.043944533887895994f,-1.2741089924709135f,-0.37979570832949183f,0f,0f,0f,1f],start_interpolation:0}
execute if entity @s[tag=aj.dino.bone.body_1] run data modify entity @s {} merge value {transformation:[-1.2260595430592982f,0.030210626333512205f,-0.15642860987048368f,-0.09080510544664541f,-0.005494125096390614f,1.2051965390525385f,0.2758182588253687f,0.5364563888888889f,0.15922439046484144f,0.27421381323443533f,-1.1950142146304288f,-0.12044188918878003f,0f,0f,0f,1f],start_interpolation:0}