execute if entity @s[tag=aj.dino.bone.head_lower] run data modify entity @s {} merge value {transformation:[-0.9415702904318373f,-0.33678880823012336f,0.004322826278994524f,0.549700522710582f,-0.3337815545663327f,0.9347281725189278f,0.12195539074066547f,0.21067920870450818f,-0.045113878212669156f,0.11338669300389365f,-0.9925261688450604f,0.6049929903770705f,0f,0f,0f,1f],start_interpolation:0}
execute if entity @s[tag=aj.dino.bone.head_upper] run data modify entity @s {} merge value {transformation:[-0.9800801229895452f,-0.27143939620215246f,-0.22189084995491723f,0.5280046072999547f,-0.34743308107244797f,0.6637316056427529f,0.7226496747601197f,0.27529283803846466f,-0.046959017034118075f,0.7544885369863557f,-0.7155514243287376f,0.5725920235614669f,0f,0f,0f,1f],start_interpolation:0}
execute if entity @s[tag=aj.dino.bone.neck_0] run data modify entity @s {} merge value {transformation:[-0.9079623425443386f,-0.29282076684898595f,-0.29976721472397344f,0.5136675125492065f,-0.3988620673073657f,0.8232540429505998f,0.4039329548684867f,0.2881778258616313f,0.12850461386538453f,0.48632168290902267f,-0.8642787657624386f,0.5087707022244575f,0f,0f,0f,1f],start_interpolation:0}
execute if entity @s[tag=aj.dino.bone.neck_1] run data modify entity @s {} merge value {transformation:[-0.7435321943468339f,-0.10577055629337036f,-0.6602821104582288f,0.45724567985917075f,-0.34382879051792137f,0.9073588517405823f,0.24182985129837817f,0.31284407709351464f,0.5735343396700542f,0.4068322794339249f,-0.7110174805374558f,0.45041241497582013f,0f,0f,0f,1f],start_interpolation:0}
execute if entity @s[tag=aj.dino.bone.neck_2] run data modify entity @s {} merge value {transformation:[-0.7339993870203732f,0.1784282316213226f,-0.6552925041645172f,0.4015840657057953f,0.00349260525499348f,0.96585028530175f,0.25907726278286414f,0.34499746634229694f,0.6791411499550363f,0.1878738740299355f,-0.7095566967443366f,0.390089329313715f,0f,0f,0f,1f],start_interpolation:0}
execute if entity @s[tag=aj.dino.bone.body_0] run data modify entity @s {} merge value {transformation:[-0.6968248174372995f,0.24806965378165868f,-0.6729759436087756f,0.08677620068210543f,0.21798884433414434f,0.9671475071332551f,0.13079206088977507f,0.41585256310924773f,0.6833125474841935f,-0.05556209426019158f,-0.7280088022353048f,0.046452212452778065f,0f,0f,0f,1f],start_interpolation:0}
execute if entity @s[tag=aj.dino.bone.leg_left_3] run data modify entity @s {} merge value {transformation:[0.2798948198851425f,0.011970332912975779f,-0.9599560411453307f,-0.2773491186312459f,-0.09885014198428178f,0.9949669348017706f,-0.016414873769147353f,0.008971292337612208f,0.9549280282990709f,0.09948622910293782f,0.2796693601160605f,-0.35937711342740497f,0f,0f,0f,1f],start_interpolation:0}
execute if entity @s[tag=aj.dino.bone.leg_left_2] run data modify entity @s {} merge value {transformation:[0.2290836532971651f,0.2901604881762006f,-0.9567600380419675f,-0.2389259053565802f,-0.31389021803838907f,0.9527979037742287f,0.21380197633310866f,0.2371875765555016f,0.9492395958410771f,0.24504131318102154f,0.3015976525483638f,-0.2914649910526424f,0f,0f,0f,1f],start_interpolation:0}
execute if entity @s[tag=aj.dino.bone.leg_left_1] run data modify entity @s {} merge value {transformation:[0.20424627582477145f,0.934110231138933f,0.29278240195284977f,-0.0047531194033997165f,-0.06587529536293049f,-0.2852939496560226f,0.9561735238702825f,0.11028221549373407f,0.9767005192343035f,-0.21458200849846543f,0.003264560645229994f,-0.3693849584068062f,0f,0f,0f,1f],start_interpolation:0}
execute if entity @s[tag=aj.dino.bone.leg_left_0] run data modify entity @s {} merge value {transformation:[0.2209973425753063f,-0.29435450528488605f,-0.9297933102540276f,-0.018938673905517928f,-0.12110192239819442f,0.9377050700352187f,-0.3256432496179025f,0.4908838954779928f,0.9677264587506711f,0.18456605009788704f,0.1715834321406055f,-0.19836329369417272f,0f,0f,0f,1f],start_interpolation:0}
execute if entity @s[tag=aj.dino.bone.leg_right_3] run data modify entity @s {} merge value {transformation:[-0.5830758092109788f,0.048252485429573055f,-0.8109835376645022f,-0.13693880247330403f,0.11769215163690248f,0.9927213393376172f,-0.02555190534585955f,0.02826047014987859f,0.8038477207506645f,-0.11034509537626151f,-0.5845107370873226f,0.37198566182935955f,0f,0f,0f,1f],start_interpolation:0}
execute if entity @s[tag=aj.dino.bone.leg_right_2] run data modify entity @s {} merge value {transformation:[-0.5911472083030715f,-0.0402078414479815f,-0.8372517584945839f,-0.1712689284924388f,0.1788169995824409f,0.9948865290163892f,-0.17403296970042476f,0.2545112644632669f,0.8189210329918949f,-0.2462647424389239f,-0.5663781579966447f,0.29580762965415297f,0f,0f,0f,1f],start_interpolation:0}
execute if entity @s[tag=aj.dino.bone.leg_right_1] run data modify entity @s {} merge value {transformation:[-0.42051172242319484f,0.8249794630936593f,-0.3775960497388386f,0.06450373574296381f,-0.1792996621501725f,0.33241029507302194f,0.9259346774380474f,0.29213778594260276f,0.8893939073647354f,0.4570692302082523f,0.008136113281164953f,0.43726038268664374f,0f,0f,0f,1f],start_interpolation:0}
execute if entity @s[tag=aj.dino.bone.leg_right_0] run data modify entity @s {} merge value {transformation:[-0.5322337667421813f,-0.6766394873029743f,-0.5088086298027944f,-0.09786090136158612f,0.05942650320352787f,0.5696619931059079f,-0.8197278233216229f,0.5756267127664793f,0.844509152263272f,-0.466523544778795f,-0.2629830297007723f,0.17730070975522993f,0f,0f,0f,1f],start_interpolation:0}
execute if entity @s[tag=aj.dino.bone.tail_4] run data modify entity @s {} merge value {transformation:[2.1943077673876035f,0.15676626905320346f,-1.6691611936747057f,-1.7029330978681383f,0.7946966329079731f,2.3235903625795165f,1.2629514718200077f,0.8036750711004567f,1.4761883400254734f,-1.4839182913539184f,1.801253957929893f,0.09604869355310078f,0f,0f,0f,1f],start_interpolation:0}
execute if entity @s[tag=aj.dino.bone.tail_3] run data modify entity @s {} merge value {transformation:[1.2822308639993134f,-0.20453860537860521f,-1.6278800620321492f,-1.4249032254053478f,1.0419524344975177f,1.6974401981445304f,0.6074351191791585f,0.6840657371846409f,1.267345517882442f,-1.1886152694111236f,1.1475951401389128f,-0.08690950028719982f,0f,0f,0f,1f],start_interpolation:0}
execute if entity @s[tag=aj.dino.bone.tail_2] run data modify entity @s {} merge value {transformation:[0.46515847398221616f,-0.2080837560211766f,-1.8865584060837959f,-1.0739016932356784f,1.002810991905127f,1.6760822171207173f,0.06238902923378303f,0.6736081050936925f,1.6114501492753563f,-0.982966645891201f,0.5057458496800645f,-0.1799688701256825f,0f,0f,0f,1f],start_interpolation:0}
execute if entity @s[tag=aj.dino.bone.tail_1] run data modify entity @s {} merge value {transformation:[0.35494612079779553f,0.1925327121638316f,-1.4576009934400553f,-0.7629348409966916f,0.6714591689184165f,1.3127420726216499f,0.3369081258212763f,0.584420826387435f,1.3079801549740677f,-0.7261512621457422f,0.22259494306510885f,-0.22024197683942698f,0f,0f,0f,1f],start_interpolation:0}
execute if entity @s[tag=aj.dino.bone.tail_0] run data modify entity @s {} merge value {transformation:[-0.3866539935336629f,0.28700514539615424f,-1.184044953700927f,-0.41000344034695557f,0.49738857640665357f,1.1711902105919452f,0.12146526770145304f,0.5771887581234267f,1.1121775981958366f,-0.42400147843345465f,-0.4659607847680017f,-0.09430931656092152f,0f,0f,0f,1f],start_interpolation:0}
execute if entity @s[tag=aj.dino.bone.body_1] run data modify entity @s {} merge value {transformation:[-0.24821932182492168f,0.22558050872182536f,-1.190002183785319f,-0.14853904998546705f,0.2665257344464877f,1.195132461245567f,0.17095914134998552f,0.45694250000000003f,1.1815057326169798f,-0.2222080764017511f,-0.2885695230465221f,-0.012253653823724732f,0f,0f,0f,1f],start_interpolation:0}