execute if entity @s[tag=aj.dino.bone.head_lower] run data modify entity @s {} merge value {transformation:[-0.9616238051658859f,-0.19537336495991292f,-0.1926367192477148f,-0.1468329229332966f,-0.2742700211500196f,0.703579659897066f,0.6555544353274537f,0.4384634009559397f,0.007457401467673513f,0.6832312276553008f,-0.7301640067272425f,0.8626401678568262f,0f,0f,0f,1f],start_interpolation:0}
execute if entity @s[tag=aj.dino.bone.head_upper] run data modify entity @s {} merge value {transformation:[-1.0009538181205853f,-0.24606585240656043f,-0.14496548848868215f,-0.16266253015923213f,-0.28548755073587995f,0.8764599018471289f,0.48351508912593055f,0.49138770928656467f,0.00776240608045075f,0.5047193074542136f,-0.9103131924334001f,0.8112213229204177f,0f,0f,0f,1f],start_interpolation:0}
execute if entity @s[tag=aj.dino.bone.neck_0] run data modify entity @s {} merge value {transformation:[-0.9250726344008094f,-0.3791058751786854f,0.022789394194429616f,-0.1547364119278494f,-0.35264191605089f,0.8796776958457557f,0.3190780946343059f,0.49785502617691396f,-0.14101170209136246f,0.28713391794858545f,-0.9474543857288287f,0.7453419884040549f,0f,0f,0f,1f],start_interpolation:0}
execute if entity @s[tag=aj.dino.bone.neck_1] run data modify entity @s {} merge value {transformation:[-0.9459070637608974f,-0.31407066743379447f,0.08135995688868225f,-0.14929104003597793f,-0.2854656924390307f,0.9248551418263715f,0.2513012237885581f,0.5234042301918684f,-0.15417251754947153f,0.2144821262833178f,-0.9644834121629283f,0.6646256768945917f,0f,0f,0f,1f],start_interpolation:0}
execute if entity @s[tag=aj.dino.bone.neck_2] run data modify entity @s {} merge value {transformation:[-0.9762101741806745f,-0.18926420284288914f,0.10579582859632367f,-0.14187554681818418f,-0.16766837994101108f,0.9683049715755732f,0.1851291343629774f,0.5491032416929051f,-0.13748094483998047f,0.16298632931713714f,-0.9770027872332977f,0.5806286432425212f,0f,0f,0f,1f],start_interpolation:0}
execute if entity @s[tag=aj.dino.bone.body_0] run data modify entity @s {} merge value {transformation:[-0.9700023994225471f,-0.10089056488296722f,0.22117061068798666f,-0.03859977613444251f,-0.1155765158111879f,0.9918042944273621f,-0.05446384625041514f,0.5328828108542966f,-0.21386307326756399f,-0.07839219012783363f,-0.9737131253195237f,0.12097451510244431f,0f,0f,0f,1f],start_interpolation:0}
execute if entity @s[tag=aj.dino.bone.leg_left_3] run data modify entity @s {} merge value {transformation:[-0.9569788100607075f,-0.047481026127137796f,-0.28624658819400184f,0.268462044372012f,-0.051112409162682754f,0.9986792467272742f,0.00522338834773693f,0.01632448186536667f,0.28562051523722676f,0.019629424702696213f,-0.958141746800265f,-0.22471654236074967f,0f,0f,0f,1f],start_interpolation:0}
execute if entity @s[tag=aj.dino.bone.leg_left_2] run data modify entity @s {} merge value {transformation:[-0.9602114269438897f,-0.21404192464086993f,-0.2902451886993233f,0.20810965497849337f,-0.21877314716564447f,1.0019834855438945f,-0.0151526986785287f,0.24907769136165211f,0.2866958757050978f,0.047721574722918686f,-0.9836616926872507f,-0.24354749108052987f,0f,0f,0f,1f],start_interpolation:0}
execute if entity @s[tag=aj.dino.bone.leg_left_1] run data modify entity @s {} merge value {transformation:[-0.9835031996768552f,0.16732758284496632f,0.06872362217352071f,0.26950956795507086f,0.10438129188986273f,0.21468382816352113f,0.9710898000846568f,0.25381879852801675f,0.14773625868009232f,0.9622433860226409f,-0.22860810118386474f,0.027046223275645542f,0f,0f,0f,1f],start_interpolation:0}
execute if entity @s[tag=aj.dino.bone.leg_left_0] run data modify entity @s {} merge value {transformation:[-0.9843311444381643f,-0.017190193486453204f,-0.17548987246263523f,0.1625923927146496f,0.0500245332636651f,0.9271216958404321f,-0.37140666010952705f,0.6538883650651923f,0.16908502050981963f,-0.3743659417600104f,-0.9117348284941926f,-0.026060632532419248f,0f,0f,0f,1f],start_interpolation:0}
execute if entity @s[tag=aj.dino.bone.leg_right_3] run data modify entity @s {} merge value {transformation:[-0.9834572928010751f,0.007727839648994324f,0.1809752296054344f,-0.24264622874919284f,0.008874257863333004f,0.9999453549461694f,0.005525818396760418f,0.025536328726927376f,-0.18092263756577112f,0.007040427255383008f,-0.9834721305661417f,-0.08398731196650203f,0f,0f,0f,1f],start_interpolation:0}
execute if entity @s[tag=aj.dino.bone.leg_right_2] run data modify entity @s {} merge value {transformation:[-1.0090504265567968f,0.05590698175829564f,0.17536774377552533f,-0.22262932477606523f,0.020228925359575947f,1.0050061558013097f,-0.20399906098059464f,0.2534659370028467f,-0.18294869976317799f,-0.19722889162809099f,-0.9897942902759196f,-0.16026633459089168f,0f,0f,0f,1f],start_interpolation:0}
execute if entity @s[tag=aj.dino.bone.leg_right_1] run data modify entity @s {} merge value {transformation:[-0.9423106785366062f,-0.11204650706249221f,-0.31543012755755523f,-0.2551063342961549f,-0.3347111765808758f,0.3031155134159438f,0.8922384287837162f,0.2818259869934905f,-0.004360434350676651f,0.9463437883674641f,-0.323132203332614f,0.113876579008796f,0f,0f,0f,1f],start_interpolation:0}
execute if entity @s[tag=aj.dino.bone.leg_right_0] run data modify entity @s {} merge value {transformation:[-0.9696613182560042f,-0.1909630234687151f,0.1526107845000313f,-0.22976011946540004f,-0.24246227028692918f,0.8308180080175505f,-0.5009525776369035f,0.6770052613162272f,-0.031128369140322344f,-0.5227566940952901f,-0.8519134130962063f,-0.018404141823688214f,0f,0f,0f,1f],start_interpolation:0}
execute if entity @s[tag=aj.dino.bone.tail_4] run data modify entity @s {} merge value {transformation:[-2.5257704876854965f,-0.04840559795076281f,1.1152585678774232f,0.04134785238783972f,-0.2782896119102665f,2.6990624986643823f,-0.5131060824102692f,0.5004721938047311f,-1.0810641364136562f,-0.5817042702186479f,-2.4735767234047112f,-1.7466532591849773f,0f,0f,0f,1f],start_interpolation:0}
execute if entity @s[tag=aj.dino.bone.tail_3] run data modify entity @s {} merge value {transformation:[-2.00519726373638f,0.09921601701575931f,0.5525265980168802f,-0.05331114711488552f,-0.07052039878627588f,1.988755427471153f,-0.6130450628652848f,0.5849604487633617f,-0.5569168096795095f,-0.6090595682821222f,-1.9117624422047936f,-1.416528870473761f,0f,0f,0f,1f],start_interpolation:0}
execute if entity @s[tag=aj.dino.bone.tail_2] run data modify entity @s {} merge value {transformation:[-1.9450478716035822f,0.14064318143595375f,0.1256270181478726f,-0.07806972487114547f,0.09313517325578977f,1.8483892921783276f,-0.6273410070016884f,0.7020904696774003f,-0.16397710716977093f,-0.6184257393405063f,-1.8464655394152794f,-1.0735433678686148f,0f,0f,0f,1f],start_interpolation:0}
execute if entity @s[tag=aj.dino.bone.tail_1] run data modify entity @s {} merge value {transformation:[-1.4868931771191922f,0.12175761273407305f,-0.24895785502308393f,-0.02456459717120482f,0.14737794300059018f,1.498052869236133f,-0.1475587777473923f,0.7153905228350194f,0.2347012393518836f,-0.1693190323463048f,-1.4845546953655842f,-0.7522382373545726f,0f,0f,0f,1f],start_interpolation:0}
execute if entity @s[tag=aj.dino.bone.tail_0] run data modify entity @s {} merge value {transformation:[-1.2749529599936242f,0.07883539087675649f,0.04599616867559003f,-0.03610330829385547f,0.0795540470058141f,1.2755990545595515f,0.018812819985386375f,0.7406754570514782f,-0.04474170305789697f,0.02162752265320414f,-1.2772494458230905f,-0.37847435259832896f,0f,0f,0f,1f],start_interpolation:0}
execute if entity @s[tag=aj.dino.bone.body_1] run data modify entity @s {} merge value {transformation:[-1.2339929780092407f,0.07625311268796277f,-0.007168548356033895f,-0.03957290948576405f,0.07270525041026002f,1.2026549157199349f,0.2773800557244661f,0.5951811363636363f,0.02408052829398324f,0.2764257794713138f,-1.204829245850635f,-0.11698766780886624f,0f,0f,0f,1f],start_interpolation:0}