execute if entity @s[tag=aj.dino.bone.head_lower] run data modify entity @s {} merge value {transformation:[-0.9828987505733106f,-0.1832455336112561f,0.018196717642233545f,0.5425040096030564f,-0.17977440042417975f,0.9762699423433512f,0.12074007051942831f,0.21812407478005846f,-0.03988998713401487f,0.11540396045385909f,-0.9925173624869303f,0.5880851908632378f,0f,0f,0f,1f],start_interpolation:0}
execute if entity @s[tag=aj.dino.bone.head_upper] run data modify entity @s {} merge value {transformation:[-1.023098899930613f,-0.1547795964233846f,-0.11306573342658255f,0.5309164217318588f,-0.18712709849552855f,0.6735281087278995f,0.7712426844681062f,0.2863573196327536f,-0.04152147098696811f,0.7783797953877918f,-0.6898353456895677f,0.5579951826213598f,0f,0f,0f,1f],start_interpolation:0}
execute if entity @s[tag=aj.dino.bone.neck_0] run data modify entity @s {} merge value {transformation:[-0.9464767410800431f,-0.1540988876741853f,-0.28361119761405723f,0.5153847341024662f,-0.2689246167933305f,0.8624041186044141f,0.42888073714810737f,0.30017801266226174f,0.17849742036528543f,0.48219567504460525f,-0.8576864239867719f,0.49465095338250986f,0f,0f,0f,1f],start_interpolation:0}
execute if entity @s[tag=aj.dino.bone.neck_1] run data modify entity @s {} merge value {transformation:[-0.7495658958730862f,-0.06353527853266068f,-0.6588734598735594f,0.45927680525072473f,-0.28875916184835737f,0.9270624759691368f,0.23910941449179246f,0.3247045793247621f,0.5956249778112164f,0.36948401052244595f,-0.7132408091070207f,0.43593226221650133f,0f,0f,0f,1f],start_interpolation:0}
execute if entity @s[tag=aj.dino.bone.neck_2] run data modify entity @s {} merge value {transformation:[-0.7448104507423767f,0.16044096213138614f,-0.647700617674009f,0.4041041906827166f,0.012538168489212694f,0.9738572174974794f,0.22681471349761068f,0.35410992015756537f,0.6671582921585206f,0.16081298952019463f,-0.7273506689387893f,0.3737853481629675f,0f,0f,0f,1f],start_interpolation:0}
execute if entity @s[tag=aj.dino.bone.body_0] run data modify entity @s {} merge value {transformation:[-0.6995936084156672f,0.2456844334505465f,-0.670975366331753f,0.0902164680223434f,0.22994844773339385f,0.9664871375413582f,0.11413292404961196f,0.4171073373576856f,0.6765297439499234f,-0.0744430797804326f,-0.7326429781440997f,0.027784296586063035f,0f,0f,0f,1f],start_interpolation:0}
execute if entity @s[tag=aj.dino.bone.leg_left_3] run data modify entity @s {} merge value {transformation:[0.3551859951230381f,-0.013406692081085997f,-0.9346995075829988f,-0.29829101427886484f,-0.10277646698376913f,0.9932753399145949f,-0.0533019413518917f,0.02591329673479348f,0.9291285738275364f,0.11499721616191072f,0.351419597592706f,-0.350087163209144f,0f,0f,0f,1f],start_interpolation:0}
execute if entity @s[tag=aj.dino.bone.leg_left_2] run data modify entity @s {} merge value {transformation:[0.3040581054828372f,0.3050472172436191f,-0.9308904679084468f,-0.25548192674570386f,-0.32211123846988254f,0.9516350041452475f,0.20663341558801185f,0.2536242161890836f,0.9251244338154091f,0.23108269869917508f,0.3778991503302435f,-0.2831081272958405f,0f,0f,0f,1f],start_interpolation:0}
execute if entity @s[tag=aj.dino.bone.leg_left_1] run data modify entity @s {} merge value {transformation:[0.2947630029438805f,0.8905610836746014f,0.3464328626730234f,-0.037788199688625845f,-0.07507704381942283f,-0.3398363647912385f,0.9374831639324586f,0.11307591055940713f,0.9526165070934068f,-0.3023445078214524f,-0.03331049389248683f,-0.3824509712474365f,0f,0f,0f,1f],start_interpolation:0}
execute if entity @s[tag=aj.dino.bone.leg_left_0] run data modify entity @s {} merge value {transformation:[0.3106212391934388f,-0.2761390530493327f,-0.9095392620128889f,-0.036049507161289615f,-0.13019259342348338f,0.9354943046933414f,-0.32848180239396785f,0.491983624702363f,0.9415754533650507f,0.22044869985404772f,0.25463314072025267f,-0.20714210188907053f,0f,0f,0f,1f],start_interpolation:0}
execute if entity @s[tag=aj.dino.bone.leg_right_3] run data modify entity @s {} merge value {transformation:[-0.553126747562506f,0.022090084188342657f,-0.832804196261928f,-0.10360293098103074f,0.10038113711479082f,0.994132505938935f,-0.04030121520643157f,0.023662459163208582f,0.8270274653495285f,-0.105889512304692f,-0.5520987074259542f,0.3818714506606388f,0f,0f,0f,1f],start_interpolation:0}
execute if entity @s[tag=aj.dino.bone.leg_right_2] run data modify entity @s {} merge value {transformation:[-0.5622761933239943f,-0.08244606450337828f,-0.8538795748638549f,-0.14833738933697876f,0.17545845172994867f,0.9883168426241903f,-0.21096528103594525f,0.24724570565054943f,0.8397154361081509f,-0.26171485348361667f,-0.5276793736052621f,0.3032557258226868f,0f,0f,0f,1f],start_interpolation:0}
execute if entity @s[tag=aj.dino.bone.leg_right_1] run data modify entity @s {} merge value {transformation:[-0.37241766580258684f,0.8280553418375147f,-0.419081654397457f,0.09142895912837902f,-0.17249924325364438f,0.3819342926995806f,0.9079483504786995f,0.2994157115858793f,0.91189313698211f,0.410427273599633f,0.000599842061969183f,0.4328850985900573f,0f,0f,0f,1f],start_interpolation:0}
execute if entity @s[tag=aj.dino.bone.leg_right_0] run data modify entity @s {} merge value {transformation:[-0.49230016326984627f,-0.6975362265747241f,-0.5206570482192456f,-0.08281918634881992f,0.08084376780473432f,0.5589361606100108f,-0.8252603550211741f,0.5766534048136814f,0.8666630455093935f,-0.4483676850291905f,-0.2187729063891318f,0.17387906812756584f,0f,0f,0f,1f],start_interpolation:0}
execute if entity @s[tag=aj.dino.bone.tail_4] run data modify entity @s {} merge value {transformation:[1.006123251902635f,1.37055402856363f,-2.1759960910738956f,-1.7501579093581725f,1.576375039729913f,1.5174556813343638f,1.6846457553155132f,0.9023265641863277f,2.0318511430952273f,-1.855955614117446f,-0.22950168262684478f,-0.3057558524259452f,0f,0f,0f,1f],start_interpolation:0}
execute if entity @s[tag=aj.dino.bone.tail_3] run data modify entity @s {} merge value {transformation:[0.5541634613194343f,0.5990962702225207f,-1.915706669401235f,-1.4311874788292216f,1.5255943383089712f,1.1657837331047631f,0.8058881613427379f,0.754269603873306f,1.3043811939393026f,-1.6180165242290425f,-0.12867693757504822f,-0.2681034370212243f,0f,0f,0f,1f],start_interpolation:0}
execute if entity @s[tag=aj.dino.bone.tail_2] run data modify entity @s {} merge value {transformation:[-0.006680680428020861f,0.2700856255438073f,-1.9354025416916258f,-1.071341045849323f,1.3048683020200227f,1.4413285227682735f,0.1966333614643913f,0.7190237380758415f,1.4546642079515046f,-1.291665482751635f,-0.18527330562060254f,-0.23289324552826135f,0f,0f,0f,1f],start_interpolation:0}
execute if entity @s[tag=aj.dino.bone.tail_1] run data modify entity @s {} merge value {transformation:[0.20379976304499084f,0.3597232413730509f,-1.454895561955865f,-0.7628557028001526f,0.9078058581237708f,1.1386454896344143f,0.4086945349418923f,0.6162911769390307f,1.1924807883311874f,-0.9283005378385124f,-0.06248144452362701f,-0.20923968332433263f,0f,0f,0f,1f],start_interpolation:0}
execute if entity @s[tag=aj.dino.bone.tail_0] run data modify entity @s {} merge value {transformation:[-0.34774604024371725f,0.4441016813433158f,-1.1470318673458393f,-0.4169493669922149f,0.6492127717277099f,1.0787008128791753f,0.22082357189271906f,0.5777923689662802f,1.0447158394053704f,-0.5225073870347429f,-0.5190284789620762f,-0.07017653244177566f,0f,0f,0f,1f],start_interpolation:0}
execute if entity @s[tag=aj.dino.bone.body_1] run data modify entity @s {} merge value {transformation:[-0.14709592498970098f,0.20430546460456625f,-1.2104654728823896f,-0.14929452336115034f,0.2662960242727002f,1.1954051908950654f,0.16940322338708905f,0.45788946969696975f,1.198354626712906f,-0.2405624695793068f,-0.18622696346643097f,-0.010677782583688466f,0f,0f,0f,1f],start_interpolation:0}