execute if entity @s[tag=aj.dino.bone.head_lower] run data modify entity @s {} merge value {transformation:[-0.9933440635094648f,-0.057787053029568776f,0.09964049373955505f,0.029808542964588614f,0.057887284562536286f,0.49742024175813815f,0.8655762042565929f,0.8181039598545101f,-0.0995822965013383f,0.8655829016283958f,-0.49076430863713616f,0.9289649159044508f,0f,0f,0f,1f],start_interpolation:0}
execute if entity @s[tag=aj.dino.bone.head_upper] run data modify entity @s {} merge value {transformation:[-1.0339714218136422f,-0.019585891976939062f,0.11828539339939716f,0.03720205603215493f,0.06025485038144213f,0.8029279021439331f,0.6596575471771391f,0.8816272519046228f,-0.1036551709356195f,0.6621141286649282f,-0.7964498909185042f,0.888895178902161f,0f,0f,0f,1f],start_interpolation:0}
execute if entity @s[tag=aj.dino.bone.neck_0] run data modify entity @s {} merge value {transformation:[-0.9920355290309897f,0.04013477543968491f,-0.11939308581576472f,0.029150964063499766f,0.045628116970835f,0.9980049340134571f,-0.04363744523332013f,0.8625913379520406f,0.11740350966602439f,-0.04873757775270831f,-0.9918876269179379f,0.8255110314171704f,0f,0f,0f,1f],start_interpolation:0}
execute if entity @s[tag=aj.dino.bone.neck_1] run data modify entity @s {} merge value {transformation:[-0.9816319844676806f,0.10035840712812687f,-0.16225546890243298f,0.015868134881272748f,0.10726407280256167f,0.9936368861669466f,-0.03435341517609779f,0.8642587137280112f,0.15777536485728688f,-0.051126593541519424f,-0.986150599896887f,0.7417355985536589f,0f,0f,0f,1f],start_interpolation:0}
execute if entity @s[tag=aj.dino.bone.neck_2] run data modify entity @s {} merge value {transformation:[-0.9816319844676806f,0.08155622564549878f,-0.17247385056437903f,0.00155661843966437f,0.10726407280256167f,0.9835391185111959f,-0.1454139644051647f,0.8611488225235595f,0.15777536485728688f,-0.16124324611183022f,-0.9742215096308794f,0.6548078154922079f,0f,0f,0f,1f],start_interpolation:0}
execute if entity @s[tag=aj.dino.bone.body_0] run data modify entity @s {} merge value {transformation:[-0.9816319844676806f,0.03413774733741867f,-0.18770525106338878f,-0.0865829577762462f,0.10726407280256167f,0.9123899323236321f,-0.3950177591960706f,0.6836700885238464f,0.15777536485728688f,-0.4078960965751016f,-0.899292893690896f,0.22708872685404138f,0f,0f,0f,1f],start_interpolation:0}
execute if entity @s[tag=aj.dino.bone.leg_left_3] run data modify entity @s {} merge value {transformation:[-0.8985001947697426f,0.16661866772641995f,-0.40612266566126015f,0.049196843662678846f,0.19587205972626584f,0.9801320773941057f,-0.031228946215094353f,0.006993020344739254f,0.3928505265585435f,-0.10760729728130858f,-0.9132848040750963f,0.10228714327016154f,0f,0f,0f,1f],start_interpolation:0}
execute if entity @s[tag=aj.dino.bone.leg_left_2] run data modify entity @s {} merge value {transformation:[-0.9226688396196657f,0.15054357537068197f,-0.4219964973909213f,0.06981534215233895f,0.2016339916792747f,1.0022290737342092f,-0.08332356606654487f,0.2383489014491374f,0.40011016644803743f,-0.15791046569868453f,-0.9311489349338495f,0.03732249238635316f,0f,0f,0f,1f],start_interpolation:0}
execute if entity @s[tag=aj.dino.bone.leg_left_1] run data modify entity @s {} merge value {transformation:[-0.9480283980381906f,0.31445761948320383f,0.04856502920928457f,0.17154852159959505f,0.27420064767926894f,0.7299719042467115f,0.6260631148875482f,0.39799453906006904f,0.16141920990207936f,0.6068421743413903f,-0.7782585779258727f,0.24024369938827572f,0f,0f,0f,1f],start_interpolation:0}
execute if entity @s[tag=aj.dino.bone.leg_left_0] run data modify entity @s {} merge value {transformation:[-0.9499070671790162f,-0.0002252786808171342f,-0.3125324190750073f,0.08645112418011683f,0.23567007918152494f,0.6562823597879474f,-0.7167657064967163f,0.7414242167346399f,0.20527098553359605f,-0.7545153500629916f,-0.6233541601829469f,0.018609387944346037f,0f,0f,0f,1f],start_interpolation:0}
execute if entity @s[tag=aj.dino.bone.leg_right_3] run data modify entity @s {} merge value {transformation:[-0.9762501914530594f,0.1254523261730392f,-0.17662751072706132f,-0.42009346300878225f,0.15395296159676009f,0.9753349330090431f,-0.15817791902737877f,0.15558872237088697f,0.152427193451337f,-0.18161355211001967f,-0.9714846722344772f,-0.06025396573211861f,0f,0f,0f,1f],start_interpolation:0}
execute if entity @s[tag=aj.dino.bone.leg_right_2] run data modify entity @s {} merge value {transformation:[-1.0008740077688039f,0.1046984488622484f,-0.1983725154333279f,-0.400266271655994f,0.15778559533365816f,0.9733624556598727f,-0.28236755358518045f,0.3735068902132659f,0.15942749442523974f,-0.30604895722468295f,-0.9659084373291644f,-0.1616917627966069f,0f,0f,0f,1f],start_interpolation:0}
execute if entity @s[tag=aj.dino.bone.leg_right_1] run data modify entity @s {} merge value {transformation:[-0.9354341019423084f,0.23530868689121376f,-0.26380459206943274f,-0.34097880331446895f,-0.22275180487324286f,0.1870992895545097f,0.9567525747411975f,0.36915711017638103f,0.2744898437995471f,0.9537419345513389f,-0.12260362119109608f,0.10937918948535379f,0f,0f,0f,1f],start_interpolation:0}
execute if entity @s[tag=aj.dino.bone.leg_right_0] run data modify entity @s {} merge value {transformation:[-0.9497813464471995f,-0.22132770510685754f,-0.22120000201870865f,-0.299435771154012f,-0.16700312836640252f,0.9563443261135876f,-0.2398238625036781f,0.7835905282338729f,0.2646230319847077f,-0.19083913870713254f,-0.9452804208703045f,0.08063206718498193f,0f,0f,0f,1f],start_interpolation:0}
execute if entity @s[tag=aj.dino.bone.tail_4] run data modify entity @s {} merge value {transformation:[-2.69193996554606f,0.6110758427645201f,0.07554381434311595f,-0.37986105981624885f,0.296211951012466f,0.9882218429353149f,2.561510765314665f,1.4930956577117356f,0.5397953626822521f,2.505127788184699f,-1.02889118126825f,-1.2881328649965924f,0f,0f,0f,1f],start_interpolation:0}
execute if entity @s[tag=aj.dino.bone.tail_3] run data modify entity @s {} merge value {transformation:[-2.029891944582831f,0.4642026952174581f,0.00027769591917757434f,-0.3844507345836139f,0.21530614153857677f,0.9403990251288444f,1.8453288230006422f,1.1709935391132165f,0.4112511213090442f,1.7989194137965192f,-0.9647315605558302f,-1.1421538818701127f,0f,0f,0f,1f],start_interpolation:0}
execute if entity @s[tag=aj.dino.bone.tail_2] run data modify entity @s {} merge value {transformation:[-1.9049912395590392f,0.42931452306672346f,-0.07396818566170243f,-0.3720066900386109f,0.20205820046176873f,1.16469531674786f,1.5560948485791386f,0.8821454590237775f,0.38594654530419625f,1.5092871610241612f,-1.1797759976953939f,-0.9221915752056578f,0f,0f,0f,1f],start_interpolation:0}
execute if entity @s[tag=aj.dino.bone.tail_1] run data modify entity @s {} merge value {transformation:[-1.4352026311787442f,0.2709625900863851f,-0.3929744676582539f,-0.28938405450238813f,0.04387021724399413f,1.3147958773284725f,0.7463534383916361f,0.7054245924527395f,0.47531574926208275f,0.6968122600340286f,-1.2554616134194208f,-0.6610021565565517f,0f,0f,0f,1f],start_interpolation:0}
execute if entity @s[tag=aj.dino.bone.tail_0] run data modify entity @s {} merge value {transformation:[-1.2024910549993664f,0.16737905514803092f,-0.39979398585808046f,-0.1685158049975649f,0.15668079388870146f,1.2671915490699566f,0.059265701515447786f,0.7186853663895513f,0.4041065553253806f,0.006748810818529747f,-1.212636822003859f,-0.306478632038054f,0f,0f,0f,1f],start_interpolation:0}
execute if entity @s[tag=aj.dino.bone.body_1] run data modify entity @s {} merge value {transformation:[-1.213657882556345f,0.11003894024150752f,-0.20863981114740487f,-0.127421875f,0.13261781353072116f,1.2227005394138473f,-0.12657211978815755f,0.665754053030303f,0.19506833341019164f,-0.14662679701835804f,-1.2120451818117002f,-0.014818750000000035f,0f,0f,0f,1f],start_interpolation:0}