execute if entity @s[tag=aj.dino.bone.head_lower] run data modify entity @s {} merge value {transformation:[-0.9547134478213946f,0.27203820023875624f,0.12048838184590115f,0.15305859332249677f,0.29653784542202954f,0.8370307515340163f,0.45983130300019814f,0.512662696764653f,0.024239199274023904f,0.4747364938544939f,-0.8797941365008615f,0.8945543584530258f,0f,0f,0f,1f],start_interpolation:0}
execute if entity @s[tag=aj.dino.bone.head_upper] run data modify entity @s {} merge value {transformation:[-0.9937608300400198f,0.10285326638737097f,0.29211737513391184f,0.17519744670039866f,0.30866611974235497f,0.24895395685444693f,0.9624027724779367f,0.5846942225118273f,0.02523057242466512f,1.0054427261378291f,-0.26817957650641683f,0.8986515479095666f,0f,0f,0f,1f],start_interpolation:0}
execute if entity @s[tag=aj.dino.bone.neck_0] run data modify entity @s {} merge value {transformation:[-0.9625447916422974f,0.23158096047891916f,-0.14098859111980375f,0.16263288912790946f,0.05077651007732512f,0.6647931498521105f,0.7452998147954127f,0.6220794595045771f,0.26632549653882787f,0.7102255463255109f,-0.6516520568831009f,0.8449001553480671f,0f,0f,0f,1f],start_interpolation:0}
execute if entity @s[tag=aj.dino.bone.neck_1] run data modify entity @s {} merge value {transformation:[-0.9352764423109423f,0.26535876487352983f,-0.23418518818016887f,0.14401680466838104f,0.14551540076929503f,0.8914980231214967f,0.42901811489657943f,0.6625299446543432f,0.3226193493842827f,0.36717298467514986f,-0.8724108864105286f,0.7726870229199865f,0f,0f,0f,1f],start_interpolation:0}
execute if entity @s[tag=aj.dino.bone.neck_2] run data modify entity @s {} merge value {transformation:[-0.8872216698809615f,0.2502921702300147f,-0.3875455302479791f,0.11251542640633944f,0.2446893142928987f,0.9674446106670708f,0.06463795140713138f,0.6776646013735559f,0.39110720776343283f,-0.03748005886853634f,-0.9195816424998391f,0.6917578209733221f,0f,0f,0f,1f],start_interpolation:0}
execute if entity @s[tag=aj.dino.bone.body_0] run data modify entity @s {} merge value {transformation:[-0.8255804208836797f,0.1439059963940085f,-0.545626275810993f,-0.1432653067866988f,0.30673186416102016f,0.9260520043411978f,-0.219870982087122f,0.5828620349384334f,0.47363755358061677f,-0.34888214264633505f,-0.8086709580420646f,0.30731069245280507f,0f,0f,0f,1f],start_interpolation:0}
execute if entity @s[tag=aj.dino.bone.leg_left_3] run data modify entity @s {} merge value {transformation:[-0.6101796252116766f,0.28052623980404895f,-0.740935795975562f,0.004224599244311358f,-0.11982566419068237f,0.8917789283638469f,0.436316574435915f,0.10647960422618735f,0.7831491781121906f,0.3550146077383727f,-0.5105310892732878f,-0.0824586593189233f,0f,0f,0f,1f],start_interpolation:0}
execute if entity @s[tag=aj.dino.bone.leg_left_2] run data modify entity @s {} merge value {transformation:[-0.6275130102416243f,0.400809777079057f,-0.7054368462704699f,0.07487810797935479f,-0.12041977084271721f,0.8359198818832934f,0.582064626448905f,0.3191329024769062f,0.8023644435469313f,0.43892103295553336f,-0.4643509729305683f,0.0067474420000650515f,0f,0f,0f,1f],start_interpolation:0}
execute if entity @s[tag=aj.dino.bone.leg_left_1] run data modify entity @s {} merge value {transformation:[-0.7133524702984941f,0.6987875073953489f,-0.05314388607574366f,0.2817422493482381f,0.07800463350644551f,0.15453394112752644f,0.9849033141334838f,0.3073258556722061f,0.6964506660708718f,0.6984377427858478f,-0.16474583206153975f,0.19135840137472396f,0f,0f,0f,1f],start_interpolation:0}
execute if entity @s[tag=aj.dino.bone.leg_left_0] run data modify entity @s {} merge value {transformation:[-0.6794939564128f,-0.6060457610797767f,-0.413517228995013f,-0.0015567104816631427f,0.04659304081837651f,0.5268372572742961f,-0.848688159982802f,0.5886854405543633f,0.7322001445955723f,-0.59594550071708f,-0.3297452174471855f,0.06935118061017559f,0f,0f,0f,1f],start_interpolation:0}
execute if entity @s[tag=aj.dino.bone.leg_right_3] run data modify entity @s {} merge value {transformation:[-0.9606140414597037f,-0.04174226326826451f,-0.27473304644271906f,-0.7409808545496542f,-0.06298511580346966f,0.9956294040029698f,0.06895625477006846f,0.07624304409749055f,0.27065390914907894f,0.08354443932383517f,-0.9590447268612593f,-0.16012954627710452f,0f,0f,0f,1f],start_interpolation:0}
execute if entity @s[tag=aj.dino.bone.leg_right_2] run data modify entity @s {} merge value {transformation:[-0.9218953012265143f,0.35055245125706924f,-0.28157455850063734f,-0.6665392938565262f,0.3400609639201515f,0.9638114693514362f,0.08653433922447802f,0.30305283369831193f,0.2941594701770899f,-0.015576583867450264f,-0.9824916160664414f,-0.1945801696215097f,0f,0f,0f,1f],start_interpolation:0}
execute if entity @s[tag=aj.dino.bone.leg_right_1] run data modify entity @s {} merge value {transformation:[-0.9020058336163701f,0.41486546863104257f,-0.11946597448471497f,-0.5654612932162177f,-0.03873572316611348f,0.1978316780941566f,0.9794703522277989f,0.3040786377915321f,0.429982580894663f,0.8881155724791652f,-0.162375213770973f,0.06386822207843057f,0f,0f,0f,1f],start_interpolation:0}
execute if entity @s[tag=aj.dino.bone.leg_right_0] run data modify entity @s {} merge value {transformation:[-0.8953194964900659f,0.13437927438641006f,-0.4246707075136648f,-0.37402493895309363f,0.017283913696778584f,0.9631696742617426f,0.2683383030986276f,0.658396242066944f,0.4450890534849145f,0.23290854256104593f,-0.8646671875756546f,0.1739519907794942f,0f,0f,0f,1f],start_interpolation:0}
execute if entity @s[tag=aj.dino.bone.tail_4] run data modify entity @s {} merge value {transformation:[-2.5295415129879615f,-0.17243530773371807f,-1.0942335812418444f,-1.0087170520424706f,0.044506020132877314f,2.709774972738809f,-0.5299057868058425f,0.03796860082907466f,1.1068424819469607f,-0.5030377653468633f,-2.4794180886636137f,-1.2955951626189206f,0f,0f,0f,1f],start_interpolation:0}
execute if entity @s[tag=aj.dino.bone.tail_3] run data modify entity @s {} merge value {transformation:[-1.900712142773907f,-0.16477627995043556f,-0.8343186764791752f,-0.8656349707711244f,0.03749566174164952f,2.0246099060736262f,-0.485277579972063f,0.10044134800368604f,0.8496075280426979f,-0.457983658921017f,-1.8450917436536693f,-0.9782540570018219f,0f,0f,0f,1f],start_interpolation:0}
execute if entity @s[tag=aj.dino.bone.tail_2] run data modify entity @s {} merge value {transformation:[-1.7829061152964814f,-0.19188508044778396f,-0.7766593686699041f,-0.7226197110826533f,0.03583847505569502f,1.876063325802128f,-0.5457800621942114f,0.2023735847774343f,0.799209148312799f,-0.5121917497232681f,-1.708127109957372f,-0.6602478643393515f,0f,0f,0f,1f],start_interpolation:0}
execute if entity @s[tag=aj.dino.bone.tail_1] run data modify entity @s {} merge value {transformation:[-1.16706335576525f,-0.21252970040565944f,-0.938323238588619f,-0.5169900834654538f,0.15795177803735233f,1.4127927824838513f,-0.5164533275876696f,0.2960877438321089f,0.9490366744466692f,-0.4964916214872298f,-1.0679333829168318f,-0.4252781010983865f,0f,0f,0f,1f],start_interpolation:0}
execute if entity @s[tag=aj.dino.bone.tail_0] run data modify entity @s {} merge value {transformation:[-1.0264438452431197f,-0.13228619543603065f,-0.7501660560459974f,-0.30096642795054696f,0.3320081996718662f,1.0552421998475703f,-0.640367216209211f,0.5086828019586057f,0.685579539147131f,-0.7090839010596338f,-0.8130291712754755f,-0.2048035383503237f,0f,0f,0f,1f],start_interpolation:0}
execute if entity @s[tag=aj.dino.bone.body_1] run data modify entity @s {} merge value {transformation:[-1.1714546592589847f,0.09977685376086115f,-0.382548239847277f,-0.21875f,0.21924834654415323f,1.1594796768650082f,-0.36897376130413545f,0.5163648484848485f,0.32898136557306856f,-0.4174398800388506f,-1.1162973630332909f,0.08283749999999998f,0f,0f,0f,1f],start_interpolation:0}