execute if entity @s[tag=aj.dino.bone.head_lower] run data modify entity @s {} merge value {transformation:[-0.9231951303305511f,-0.2785667671233329f,-0.26478539912240473f,-0.18225601273337375f,-0.3830629990926648f,0.7228613721180264f,0.5750949273170276f,0.4504786719458502f,0.03120080223470839f,0.632354325480659f,-0.7740507199052344f,0.8735824090493024f,0f,0f,0f,1f],start_interpolation:0}
execute if entity @s[tag=aj.dino.bone.head_upper] run data modify entity @s {} merge value {transformation:[-0.9609534264964331f,-0.3576534809177004f,-0.1792329274316613f,-0.20294118035805317f,-0.39873011614597187f,0.8941357674251392f,0.35356394962267323f,0.4948062442367727f,0.032476902045773706f,0.39506601927021845f,-0.9624656013775246f,0.8161137509222083f,0f,0f,0f,1f],start_interpolation:0}
execute if entity @s[tag=aj.dino.bone.neck_0] run data modify entity @s {} merge value {transformation:[-0.8708547518917616f,-0.49073112950669334f,-0.02819502865086143f,-0.19651744248183012f,-0.46843759787226f,0.8111786526412805f,0.3500791487631667f,0.5044274318006738f,-0.1489235307371024f,0.31807570173177585f,-0.9362956957930726f,0.7504562715626205f,0f,0f,0f,1f],start_interpolation:0}
execute if entity @s[tag=aj.dino.bone.neck_1] run data modify entity @s {} merge value {transformation:[-0.9088754818264858f,-0.4109830108301262f,0.07098114780473233f,-0.1923977549932224f,-0.38226234437362705f,0.8889384969447679f,0.25231696083211563f,0.5298972185813774f,-0.16679585908724304f,0.20219127938311576f,-0.9650377339424441f,0.6696363793276456f,0f,0f,0f,1f],start_interpolation:0}
execute if entity @s[tag=aj.dino.bone.neck_2] run data modify entity @s {} merge value {transformation:[-0.9618030271479525f,-0.24637094000671905f,0.11931595404320472f,-0.18435690803388563f,-0.22744070587811066f,0.9617717280810165f,0.15253153239157446f,0.5526764711306155f,-0.15233404832374564f,0.1195679847796256f,-0.9810697399966212f,0.5848579573818746f,0f,0f,0f,1f],start_interpolation:0}
execute if entity @s[tag=aj.dino.bone.body_0] run data modify entity @s {} merge value {transformation:[-0.9505512545224173f,-0.1236695304526468f,0.28488271229311235f,-0.05127086090478742f,-0.15478809006042304f,0.9838985209745438f,-0.08935517668021015f,0.5199365747285787f,-0.2692451665328548f,-0.12903312621852991f,-0.9543885438525381f,0.13382901380257356f,0f,0f,0f,1f],start_interpolation:0}
execute if entity @s[tag=aj.dino.bone.leg_left_3] run data modify entity @s {} merge value {transformation:[-0.9288787946065477f,-0.07153696727733946f,-0.36340975116670715f,0.2910234105740981f,-0.0869464371741119f,0.9958684063329676f,0.026199891804437686f,0.0356007140338416f,0.3600340289375651f,0.05593370701640356f,-0.9312609292923161f,-0.26217636791823284f,0f,0f,0f,1f],start_interpolation:0}
execute if entity @s[tag=aj.dino.bone.leg_left_2] run data modify entity @s {} merge value {transformation:[-0.9201418118221941f,-0.2547947152629211f,-0.3748078157020625f,0.2186204040461427f,-0.30887396744835577f,0.9733052943028396f,0.09662233600710547f,0.26498364756159376f,0.33165964160563227f,0.19954612663954363f,-0.9498660036941388f,-0.24450304005019005f,0f,0f,0f,1f],start_interpolation:0}
execute if entity @s[tag=aj.dino.bone.leg_left_1] run data modify entity @s {} merge value {transformation:[-0.9750151704620815f,0.22016211627744878f,-0.02956450447806177f,0.2994175979274504f,0.0020602094857732245f,0.1420470973836559f,0.9898577562770086f,0.25103403116305323f,0.22212873048228798f,0.965065419897073f,-0.13895165494953204f,0.020620718453278702f,0f,0f,0f,1f],start_interpolation:0}
execute if entity @s[tag=aj.dino.bone.leg_left_0] run data modify entity @s {} merge value {transformation:[-0.9687921932592458f,-0.13797947138906436f,-0.20592074143984251f,0.14935869071878116f,-0.05240702676356833f,0.9259842043580188f,-0.37390741745149925f,0.6389502651912384f,0.242270901731394f,-0.3514468932209267f,-0.9043173621133322f,-0.01558146807161688f,0f,0f,0f,1f],start_interpolation:0}
execute if entity @s[tag=aj.dino.bone.leg_right_3] run data modify entity @s {} merge value {transformation:[-0.9856236879940975f,-0.0005211659330282246f,0.16895465087112638f,-0.2612547338795808f,0.0015029519812136836f,0.99992863143511f,0.011852137851434436f,0.03251106679503615f,-0.1689487697506441f,0.011935678547007444f,-0.9855525621585921f,-0.07234027321380852f,0f,0f,0f,1f],start_interpolation:0}
execute if entity @s[tag=aj.dino.bone.leg_right_2] run data modify entity @s {} merge value {transformation:[-1.0114111652544475f,0.03871742387511457f,0.16616442274990645f,-0.24552545233475156f,0.01733852287629754f,1.0170946514671781f,-0.1314535852764052f,0.26550495010668057f,-0.16973223006784263f,-0.12681336895622522f,-1.003579363593564f,-0.1326520639968627f,0f,0f,0f,1f],start_interpolation:0}
execute if entity @s[tag=aj.dino.bone.leg_right_1] run data modify entity @s {} merge value {transformation:[-0.9377858137635241f,-0.1043530353015443f,-0.33116191134736406f,-0.27498791567036557f,-0.3469276870914212f,0.24286799323334018f,0.9059008322063773f,0.276529729513055f,-0.014104872678678874f,0.9644301850762266f,-0.26396111584957604f,0.14307207922060022f,0f,0f,0f,1f],start_interpolation:0}
execute if entity @s[tag=aj.dino.bone.leg_right_0] run data modify entity @s {} merge value {transformation:[-0.971185968488873f,-0.17059572063492096f,0.1664178918006766f,-0.24259154097968094f,-0.2341737646506094f,0.8128209326726158f,-0.5333711459749019f,0.6663180900560076f,-0.04427711101337441f,-0.5569732771958373f,-0.8293493268400466f,-0.0029511636436473365f,0f,0f,0f,1f],start_interpolation:0}
execute if entity @s[tag=aj.dino.bone.tail_4] run data modify entity @s {} merge value {transformation:[-2.7246235797831804f,-0.0001527816045052641f,0.44954160735939097f,-0.08884050271186261f,-0.1264307015596563f,2.650257844834406f,-0.7653822347016059f,0.4669873588098142f,-0.43139652037611137f,-0.775754255000559f,-2.614911797681885f,-1.7330502947720845f,0f,0f,0f,1f],start_interpolation:0}
execute if entity @s[tag=aj.dino.bone.tail_3] run data modify entity @s {} merge value {transformation:[-2.071044048864671f,0.12213397785188372f,0.1783405875305678f,-0.12027565279249494f,0.05213909478435196f,1.9495727278602843f,-0.7296528075892825f,0.5716314116127843f,-0.20977032321503647f,-0.7212454480147031f,-1.9420985920546805f,-1.396684189186009f,0f,0f,0f,1f],start_interpolation:0}
execute if entity @s[tag=aj.dino.bone.tail_2] run data modify entity @s {} merge value {transformation:[-1.947083876847375f,0.16447097739483493f,-0.02423941250441431f,-0.11717022403996438f,0.16270403365527406f,1.8267048057974682f,-0.6748709690833609f,0.6976434311256586f,-0.03414160154525353f,-0.6744425291112646f,-1.8337762952368817f,-1.0559749125003124f,0f,0f,0f,1f],start_interpolation:0}
execute if entity @s[tag=aj.dino.bone.tail_1] run data modify entity @s {} merge value {transformation:[-1.4616539618375384f,0.15060027063918305f,-0.3585296421888042f,-0.040463154770941576f,0.1834728778662965f,1.4965797132183338f,-0.11934452258394436f,0.7048556150831775f,0.3428726424375182f,-0.1588237087677258f,-1.464537343532482f,-0.7392089311741157f,0f,0f,0f,1f],start_interpolation:0}
execute if entity @s[tag=aj.dino.bone.tail_0] run data modify entity @s {} merge value {transformation:[-1.2736552906686254f,0.09553204742502902f,0.050115317524970455f,-0.052802656860314705f,0.0965561947356954f,1.2743232776361615f,0.024754836230943673f,0.7283733672776194f,-0.04811255962853218f,0.02845221561566673f,-1.2769930969338004f,-0.36535526552311737f,0f,0f,0f,1f],start_interpolation:0}
execute if entity @s[tag=aj.dino.bone.body_1] run data modify entity @s {} merge value {transformation:[-1.2327277604458027f,0.092809436745871f,-0.01932025189897953f,-0.054562343113901825f,0.08607490116187687f,1.2013759191064708f,0.27909067959590766f,0.5825675f,0.03972373437252567f,0.2769240049151511f,-1.2043005087956677f,-0.10402506371180464f,0f,0f,0f,1f],start_interpolation:0}