execute if entity @s[tag=aj.dino.bone.head_lower] run data modify entity @s {} merge value {transformation:[-0.9999020058882792f,-0.009059335568808034f,-0.010672725033836589f,0.5215486769904696f,-0.012356762229132817f,0.9294567592489982f,0.3687240744968559f,0.3106925649136631f,0.006579441299140509f,0.3688198220342853f,-0.9294776220150699f,0.6148981951169405f,0f,0f,0f,1f],start_interpolation:0}
execute if entity @s[tag=aj.dino.bone.head_upper] run data modify entity @s {} merge value {transformation:[-1.0407975813032742f,-0.003851388694726266f,-0.014053616683412292f,0.5201702824301615f,-0.012862148655653423f,0.714623749917144f,0.7567161976393968f,0.37890128061909245f,0.006848537706841482f,0.7568157011076003f,-0.7146013116919087f,0.5826316858224896f,0f,0f,0f,1f],start_interpolation:0}
execute if entity @s[tag=aj.dino.bone.neck_0] run data modify entity @s {} merge value {transformation:[-0.9487028593547174f,0.01298379402678311f,-0.315902367425212f,0.4998392413252688f,-0.1159464547868072f,0.915258096043492f,0.3858225463204724f,0.3890304000719356f,0.2941416398175454f,0.4026587124594626f,-0.8668025478769275f,0.5199516574163211f,0f,0f,0f,1f],start_interpolation:0}
execute if entity @s[tag=aj.dino.bone.neck_1] run data modify entity @s {} merge value {transformation:[-0.7540774731359129f,-0.041616309431940196f,-0.6554656720974957f,0.4441209747761504f,-0.19194116808352962f,0.9683859331367701f,0.15933383977535154f,0.4069893005032744f,0.6281128501341834f,0.24596090602388862f,-0.7382259005238305f,0.4585473455759471f,0f,0f,0f,1f],start_interpolation:0}
execute if entity @s[tag=aj.dino.bone.neck_2] run data modify entity @s {} merge value {transformation:[-0.7701319955005339f,0.06059655166930071f,-0.6349998168756866f,0.3890835064329009f,-0.001062540826692715f,0.9953543988915827f,0.09627300563588848f,0.4251686795061685f,0.6378836731829381f,0.07481763517357376f,-0.7664898831385033f,0.3921295945482619f,0f,0f,0f,1f],start_interpolation:0}
execute if entity @s[tag=aj.dino.bone.body_0] run data modify entity @s {} merge value {transformation:[-0.7568129071557989f,0.144421695912089f,-0.6374767425657696f,0.09001890538012089f,0.21527351108758946f,0.9759452361645923f,-0.03447044287008311f,0.418219987351672f,0.6171641102546468f,-0.16331953268826804f,-0.7696981169627972f,0.027817935693362633f,0f,0f,0f,1f],start_interpolation:0}
execute if entity @s[tag=aj.dino.bone.leg_left_3] run data modify entity @s {} merge value {transformation:[0.35536289934504983f,0.02137169960660648f,-0.9344840609796431f,-0.2591199087593298f,-0.10173369697845631f,0.9946839791767834f,-0.015938521516643822f,0.02175990958963972f,0.9291756909584837f,0.10073247750832841f,0.355648004784026f,-0.36150918625294415f,0f,0f,0f,1f],start_interpolation:0}
execute if entity @s[tag=aj.dino.bone.leg_left_2] run data modify entity @s {} merge value {transformation:[0.3039419909977842f,0.3102675611035232f,-0.9292015422586583f,-0.2150419514220107f,-0.31669336392016767f,0.9517769475387999f,0.21421520693766702f,0.24974663232835595f,0.9270311639087035f,0.22342086330799718f,0.37783400916471005f,-0.2963151681389725f,0f,0f,0f,1f],start_interpolation:0}
execute if entity @s[tag=aj.dino.bone.leg_left_1] run data modify entity @s {} merge value {transformation:[0.2817508671110042f,0.9134912521230283f,0.29351351106362955f,0.01194697461423122f,-0.0687207533858972f,-0.28590861999864486f,0.9557895788637504f,0.1227513166212375f,0.9570234620615484f,-0.28946501222975574f,-0.017779194541807708f,-0.3930705447602666f,0f,0f,0f,1f],start_interpolation:0}
execute if entity @s[tag=aj.dino.bone.leg_left_0] run data modify entity @s {} merge value {transformation:[0.3044992992548619f,-0.39372597162420886f,-0.8673292546789084f,-0.03663076946788493f,-0.12110192239819437f,0.8871778997757979f,-0.4452523986918724f,0.4932513197204171f,0.9447827798731091f,0.2406142834870305f,0.22246407673434193f,-0.20685231512671692f,0f,0f,0f,1f],start_interpolation:0}
execute if entity @s[tag=aj.dino.bone.leg_right_3] run data modify entity @s {} merge value {transformation:[-0.534522311158832f,0.03848422657711656f,-0.8442777168551725f,-0.11260841991689004f,0.06286527994000987f,0.9980057974611205f,0.0056907655072139796f,0.006883801479994234f,0.8428130607978765f,-0.0500339138860339f,-0.5358756870858763f,0.3607134179261734f,0f,0f,0f,1f],start_interpolation:0}
execute if entity @s[tag=aj.dino.bone.leg_right_2] run data modify entity @s {} merge value {transformation:[-0.5405919009100929f,-0.06197258449153102f,-0.8694722508180163f,-0.1530860638772481f,0.1656695023072511f,0.9971523365539456f,-0.17407766430811836f,0.23368176771879107f,0.855789817756892f,-0.2321827210994442f,-0.5155358099561832f,0.28933194333101153f,0f,0f,0f,1f],start_interpolation:0}
execute if entity @s[tag=aj.dino.bone.leg_right_1] run data modify entity @s {} merge value {transformation:[-0.3508240661477315f,0.8398407798971406f,-0.41423415966495986f,0.09005497690459054f,-0.18423200270788426f,0.37180424843488624f,0.909846234274788f,0.28276543531430065f,0.9181399913901008f,0.39551114430257556f,0.024287670589273364f,0.4137771663115001f,0f,0f,0f,1f],start_interpolation:0}
execute if entity @s[tag=aj.dino.bone.leg_right_0] run data modify entity @s {} merge value {transformation:[-0.4566046341512585f,-0.6909353726124444f,-0.5604645563677495f,-0.08251139877701898f,0.059426503203527846f,0.6048758265748434f,-0.7940993169260387f,0.5779941370089035f,0.8876827692304253f,-0.39589587683922994f,-0.23512923236616223f,0.17426069872673056f,0f,0f,0f,1f],start_interpolation:0}
execute if entity @s[tag=aj.dino.bone.tail_4] run data modify entity @s {} merge value {transformation:[-0.3214897324313462f,2.5279015258599618f,-1.0639640779162134f,-1.5022241959707352f,2.290691270014562f,0.8366089086428521f,1.2955617974679894f,0.8514433640927366f,1.5083233038776178f,-0.731751830291043f,-2.1943476026932043f,-0.8938293915638279f,0f,0f,0f,1f],start_interpolation:0}
execute if entity @s[tag=aj.dino.bone.tail_3] run data modify entity @s {} merge value {transformation:[-0.202025725674794f,1.6327963515978186f,-1.2763648406387849f,-1.301778080097318f,1.8761337407844578f,0.6889188212326033f,0.5843445648639524f,0.7456185083243042f,0.880484706795146f,-1.0933034610778367f,-1.537979112062167f,-0.6223461361545546f,0f,0f,0f,1f],start_interpolation:0}
execute if entity @s[tag=aj.dino.bone.tail_2] run data modify entity @s {} merge value {transformation:[-0.6020692903737463f,0.9952495063496665f,-1.570275410462246f,-1.0100756856156077f,1.598824477837372f,1.1194728419091278f,0.096512798626569f,0.7291256144165276f,0.948707928532109f,-1.2550031280205725f,-1.1591782822334402f,-0.40645453957579925f,0f,0f,0f,1f],start_interpolation:0}
execute if entity @s[tag=aj.dino.bone.tail_1] run data modify entity @s {} merge value {transformation:[-0.10283347966564113f,0.6794493341763759f,-1.3473789844535708f,-0.728342082884835f,1.1651302696831594f,0.8939636714602278f,0.361879342844267f,0.6392123022453723f,0.9589332511326869f,-1.0133280842829875f,-0.5841827312369529f,-0.26927418243389745f,0f,0f,0f,1f],start_interpolation:0}
execute if entity @s[tag=aj.dino.bone.tail_0] run data modify entity @s {} merge value {transformation:[-0.43509123955894813f,0.6494306233164892f,-1.0113215093835601f,-0.4171385147444355f,0.784739119549057f,0.9681477628276597f,0.2840953012022482f,0.5795561823658509f,0.9103383129872413f,-0.5241807812335182f,-0.7282543381793133f,-0.06911075460956899f,0f,0f,0f,1f],start_interpolation:0}
execute if entity @s[tag=aj.dino.bone.body_1] run data modify entity @s {} merge value {transformation:[-0.14429976267906564f,0.20535539683819798f,-1.2106243573199913f,-0.14951745309401826f,0.2665257344464877f,1.195132461245567f,0.17095914134998552f,0.4593099242424243f,1.19864348595601f,-0.2410231443716355f,-0.1837559046906632f,-0.010155461586388569f,0f,0f,0f,1f],start_interpolation:0}