execute if entity @s[tag=aj.dino.bone.head_lower] run data modify entity @s {} merge value {transformation:[-0.9998226061337152f,-0.009421562783819889f,0.01630921269394279f,0.5026377887269383f,-0.0034524366098150627f,0.9429026503498781f,0.3330505556888186f,0.28024429485819335f,-0.018515856594846808f,0.332935168040095f,-0.9427679125514788f,0.6282497403300124f,0f,0f,0f,1f],start_interpolation:0}
execute if entity @s[tag=aj.dino.bone.head_upper] run data modify entity @s {} merge value {transformation:[-1.0407149341318318f,-0.016816569404140162f,0.010078266317180624f,0.5026318785550011f,-0.003593639828641245f,0.6896441286457083f,0.7796473588493653f,0.34947579082223723f,-0.019273147414635795f,0.7794742596144435f,-0.6895798481472295f,0.5982088278364259f,0f,0f,0f,1f],start_interpolation:0}
execute if entity @s[tag=aj.dino.bone.neck_0] run data modify entity @s {} merge value {transformation:[-0.9598899768179581f,0.010744601923277655f,-0.2801709940981225f,0.48465125616941845f,-0.11425249923478376f,0.8975464672573578f,0.42585996000145676f,0.3624807500989587f,0.25604218172603055f,0.44078894342229935f,-0.860318260025688f,0.5353414713854443f,0f,0f,0f,1f],start_interpolation:0}
execute if entity @s[tag=aj.dino.bone.neck_1] run data modify entity @s {} merge value {transformation:[-0.7747916387984364f,-0.037096518748520435f,-0.6311273760064396f,0.43101558485005337f,-0.20767402345212277f,0.9578153733942575f,0.198648459527946f,0.3837214175803127f,0.597134337005703f,0.28497992698848024f,-0.7498113261230455f,0.47313547769031206f,0f,0f,0f,1f],start_interpolation:0}
execute if entity @s[tag=aj.dino.bone.neck_2] run data modify entity @s {} merge value {transformation:[-0.7877297816576969f,0.07543859350289887f,-0.6113843387753903f,0.37819232237030265f,-0.008800796949453779f,0.9909938589251993f,0.133617803999304f,0.40512978859422133f,0.6159580643701091f,0.11063539299359099f,-0.7799714563716945f,0.40588731797075667f,0f,0f,0f,1f],start_interpolation:0}
execute if entity @s[tag=aj.dino.bone.body_0] run data modify entity @s {} merge value {transformation:[-0.7690588357173958f,0.16828697159253425f,-0.6166263069292592f,0.08918180002632714f,0.20808515204931227f,0.978082649889286f,0.0074094184769701865f,0.41793927958060584f,0.6043584008695653f,-0.12261250008773918f,-0.7872211240309904f,0.033704916965205216f,0f,0f,0f,1f],start_interpolation:0}
execute if entity @s[tag=aj.dino.bone.leg_left_3] run data modify entity @s {} merge value {transformation:[0.3240970610026273f,-0.002601173857180089f,-0.9460202582101629f,-0.2499651379838238f,-0.10402516691158481f,0.9938342215667323f,-0.038370622771377094f,0.02907817550196523f,0.9402871155654938f,0.11084572133109655f,0.3218281627889528f,-0.3694725961210503f,0f,0f,0f,1f],start_interpolation:0}
execute if entity @s[tag=aj.dino.bone.leg_left_2] run data modify entity @s {} merge value {transformation:[0.27275245545865595f,0.29419199886839276f,-0.9439911892299563f,-0.21013982396722192f,-0.32756529946167884f,0.9508356397371007f,0.20167984603081288f,0.25644121547453946f,0.9329358349482288f,0.24784037909156673f,0.3467968769494529f,-0.2995364503599046f,0f,0f,0f,1f],start_interpolation:0}
execute if entity @s[tag=aj.dino.bone.leg_left_1] run data modify entity @s {} merge value {transformation:[0.2549623213744333f,0.9147512109917113f,0.3134077801659641f,0.016669786721432767f,-0.0792041824328976f,-0.30327357760817875f,0.9496061470998761f,0.1252651135143369f,0.963701671765955f,-0.2669369946521706f,-0.004871213562409077f,-0.3909892602322811f,0f,0f,0f,1f],start_interpolation:0}
execute if entity @s[tag=aj.dino.bone.leg_left_0] run data modify entity @s {} merge value {transformation:[0.2771446275286186f,-0.38502021755536997f,-0.8803126078306721f,-0.03061355083537802f,-0.1318901418158232f,0.8922847461867618f,-0.431778788518181f,0.4954189874533452f,0.9517330749342618f,0.2357697262076741f,0.1965115525360613f,-0.20375231365953209f,0f,0f,0f,1f],start_interpolation:0}
execute if entity @s[tag=aj.dino.bone.leg_right_3] run data modify entity @s {} merge value {transformation:[-0.5692425224075457f,0.035867190664554516f,-0.821386933982351f,-0.12370260251013517f,0.059043806597096495f,0.9982518182255662f,0.002671387630944738f,0.005253386001659421f,0.8200468154841036f,-0.046977143838068766f,-0.5703651184734194f,0.36117086541759663f,0f,0f,0f,1f],start_interpolation:0}
execute if entity @s[tag=aj.dino.bone.leg_right_2] run data modify entity @s {} merge value {transformation:[-0.5767574039746602f,-0.06029150860683774f,-0.8460366602287492f,-0.16300801902612772f,0.15690753517626266f,0.9978629984681642f,-0.17807768303110777f,0.23210698113121503f,0.833542513532462f,-0.22955733440412973f,-0.5518808819446004f,0.28931265311506593f,0f,0f,0f,1f],start_interpolation:0}
execute if entity @s[tag=aj.dino.bone.leg_right_1] run data modify entity @s {} merge value {transformation:[-0.3881552034732802f,0.8207919711888374f,-0.4190895823670147f,0.07447209618541976f,-0.19263079759832774f,0.37244182036048157f,0.9078438556619757f,0.28130278849799994f,0.9012374347713529f,0.43311387703294957f,0.013544581508427883f,0.42420651167210294f,0f,0f,0f,1f],start_interpolation:0}
execute if entity @s[tag=aj.dino.bone.leg_right_0] run data modify entity @s {} merge value {transformation:[-0.49618455671960915f,-0.6739987791853498f,-0.5472901710515391f,-0.08791471954798717f,0.059362428465149594f,0.602549384733991f,-0.7958708067540916f,0.5757697141905909f,0.866185307979583f,-0.4273872770840832f,-0.25896549505092015f,0.1767655483827321f,0f,0f,0f,1f],start_interpolation:0}
execute if entity @s[tag=aj.dino.bone.tail_4] run data modify entity @s {} merge value {transformation:[-0.32002044757782105f,2.4589174468434423f,-1.2153078763593275f,-1.5250670212818846f,2.254991986922337f,0.9324255582256652f,1.2927703001243522f,0.8548370135064117f,1.5614926780642113f,-0.8425965224094416f,-2.1159945766412958f,-0.8734103979105835f,0f,0f,0f,1f],start_interpolation:0}
execute if entity @s[tag=aj.dino.bone.tail_3] run data modify entity @s {} merge value {transformation:[-0.18699534558599815f,1.5592982588881932f,-1.3673211790219104f,-1.3084788350929517f,1.8658045525108238f,0.7258488435460287f,0.5725926599225849f,0.7506434572738773f,0.9054013687881753f,-1.1737452543868228f,-1.4623665632273455f,-0.613961050488449f,0f,0f,0f,1f],start_interpolation:0}
execute if entity @s[tag=aj.dino.bone.tail_2] run data modify entity @s {} merge value {transformation:[-0.5925457776422893f,0.9396603861043903f,-1.6077007604611064f,-1.0098253352663438f,1.56135978822675f,1.170115763223659f,0.10843702027817376f,0.7319182241572464f,1.0147999744331835f,-1.2516554375883326f,-1.1055829016626246f,-0.4079830500729026f,0f,0f,0f,1f],start_interpolation:0}
execute if entity @s[tag=aj.dino.bone.tail_1] run data modify entity @s {} merge value {transformation:[-0.0978189936640218f,0.6617062130683656f,-1.3565517248027374f,-0.7259057605260701f,1.132017533005473f,0.9313033648040202f,0.3726480882453489f,0.6392627939240545f,0.9983105726409802f,-0.9911988601140711f,-0.5554791357574159f,-0.27728751332266577f,0f,0f,0f,1f],start_interpolation:0}
execute if entity @s[tag=aj.dino.bone.tail_0] run data modify entity @s {} merge value {transformation:[-0.44904854389420706f,0.6414942205927827f,-1.010285250192528f,-0.4151965309413783f,0.7636702084729962f,0.9844081431673523f,0.285629369884548f,0.5795507754634138f,0.9214113817949783f,-0.5032509207104262f,-0.7290921017860539f,-0.07637419668331338f,0f,0f,0f,1f],start_interpolation:0}
execute if entity @s[tag=aj.dino.bone.body_1] run data modify entity @s {} merge value {transformation:[-0.18021864937272067f,0.21008580668946986f,-1.2049853888334734f,-0.1492050771475201f,0.2527121134532197f,1.198110566379375f,0.17109136009848736f,0.45907318181818185f,1.1967716662707761f,-0.2213585770056764f,-0.21758344204866018f,-0.01087902323430742f,0f,0f,0f,1f],start_interpolation:0}