execute if entity @s[tag=aj.dino.bone.head_lower] run data modify entity @s {} merge value {transformation:[-0.48369774955934824f,0.2399542212813801f,-0.8416997438282066f,0.7090892715916216f,-0.5854711504791065f,0.62613701677211f,0.5149523940952155f,0.9651316725564315f,0.6505843673405423f,0.7418722315311237f,-0.16237479193254578f,0.08148549775058156f,0f,0f,0f,1f],start_interpolation:0}
execute if entity @s[tag=aj.dino.bone.head_upper] run data modify entity @s {} merge value {transformation:[-0.5034807859755966f,-0.35809479669349453f,-0.8377035020327582f,0.6431429802725869f,-0.6094166765873893f,0.8438319391717639f,0.005560154162376664f,0.9842738177122927f,0.6771929968879508f,0.49314066715104016f,-0.617813782584405f,0.05017860662588161f,0f,0f,0f,1f],start_interpolation:0}
execute if entity @s[tag=aj.dino.bone.neck_0] run data modify entity @s {} merge value {transformation:[-0.25278397365418936f,-0.6542470375997311f,-0.7127840321272454f,0.6077543652401051f,-0.4016650052536782f,0.7411883184885092f,-0.5378708953742888f,0.9375929889771193f,0.880207638127596f,0.1503352597634786f,-0.4501486681682916f,0.018346509475723725f,0f,0f,0f,1f],start_interpolation:0}
execute if entity @s[tag=aj.dino.bone.neck_1] run data modify entity @s {} merge value {transformation:[-0.13384798764314898f,-0.5379337969487188f,-0.8322931853044419f,0.5347700148359437f,0.044677836661753234f,0.8357207744538702f,-0.5473341557562887f,0.8950766633665795f,0.9899942460010085f,-0.11044463430406326f,-0.08782582557731285f,0.010397704710705096f,0f,0f,0f,1f],start_interpolation:0}
execute if entity @s[tag=aj.dino.bone.neck_2] run data modify entity @s {} merge value {transformation:[-0.29134320202724495f,-0.3764451177566857f,-0.8794363035204238f,0.45403916589424154f,0.2659893348817141f,0.8511871957397696f,-0.4524710283961289f,0.8637704623846554f,0.9188954305913679f,-0.36574503568171957f,-0.14785721663984633f,-0.006136568886041603f,0f,0f,0f,1f],start_interpolation:0}
execute if entity @s[tag=aj.dino.bone.body_0] run data modify entity @s {} merge value {transformation:[-0.43174985097727014f,-0.45874804451683143f,-0.7766223650095896f,0.08364980904001229f,0.4124810745821693f,0.6652880862294945f,-0.6222950469292163f,0.5768228410047854f,0.8021542428315417f,-0.5890178214392838f,-0.09801314572176592f,-0.057940927936899374f,0f,0f,0f,1f],start_interpolation:0}
execute if entity @s[tag=aj.dino.bone.leg_left_3] run data modify entity @s {} merge value {transformation:[0.7461615770360429f,0.0910021361292352f,-0.6595161197233932f,-0.31322132713477757f,-0.016532077932233304f,0.9928412954064108f,0.11829138825359213f,0.008981932343308296f,0.6655596076643532f,-0.07736131692025179f,0.7423244811334436f,-0.168025134551659f,0f,0f,0f,1f],start_interpolation:0}
execute if entity @s[tag=aj.dino.bone.leg_left_2] run data modify entity @s {} merge value {transformation:[0.7586564768946099f,0.1483353253908114f,-0.6741655440674451f,-0.2983023499635965f,-0.054038475821374735f,1.0114272062904202f,0.16173141008212386f,0.24965853647397598f,0.6881732286985996f,-0.08410610630299978f,0.7559139962229747f,-0.16320140048858642f,0f,0f,0f,1f],start_interpolation:0}
execute if entity @s[tag=aj.dino.bone.leg_left_1] run data modify entity @s {} merge value {transformation:[0.6595146480145603f,0.7417627409221477f,-0.12177218579746873f,-0.10346489966356676f,0.16934168532052657f,0.011219733245669938f,0.9854935368629768f,0.1970671602839999f,0.7323686385059334f,-0.6705685302529178f,-0.1182117742333943f,-0.3536899848467927f,0f,0f,0f,1f],start_interpolation:0}
execute if entity @s[tag=aj.dino.bone.leg_left_0] run data modify entity @s {} merge value {transformation:[0.6840313961735609f,-0.4090082188147961f,-0.6039977864121662f,-0.13534944622754835f,0.11782548446339892f,0.8790937530977712f,-0.46185639377997156f,0.5935261672002208f,0.7198737418879885f,0.24475794207016585f,0.6495193188302893f,-0.22676122494634204f,0f,0f,0f,1f],start_interpolation:0}
execute if entity @s[tag=aj.dino.bone.leg_right_3] run data modify entity @s {} merge value {transformation:[0.11567893452128594f,-0.03577433348817011f,-0.9926422221382173f,0.09407483269681566f,0.26595024826486746f,0.9639794678730601f,-0.003748461954875354f,0.24473124058622425f,0.957020819813172f,-0.26355982733081507f,0.12102631061664107f,0.3259327990050439f,0f,0f,0f,1f],start_interpolation:0}
execute if entity @s[tag=aj.dino.bone.leg_right_2] run data modify entity @s {} merge value {transformation:[0.11802259436644058f,-0.19904201953138348f,-0.9992572947847707f,0.016613803035138208f,0.39693425756890205f,0.9354460181840216f,-0.13944942356488232f,0.45785694223048784f,0.93839014375042f,-0.37065512410490414f,0.18466433490942175f,0.2437847847356247f,0f,0f,0f,1f],start_interpolation:0}
execute if entity @s[tag=aj.dino.bone.leg_right_1] run data modify entity @s {} merge value {transformation:[0.31552375072425215f,0.8880784872412761f,-0.3343072886255212f,0.28189123320024967f,0.04588576646718642f,0.33761243300157445f,0.9401661244261447f,0.5006266479896863f,0.947807606618885f,-0.31198468805697016f,0.06577457908171164f,0.1744160383577945f,0f,0f,0f,1f],start_interpolation:0}
execute if entity @s[tag=aj.dino.bone.leg_right_0] run data modify entity @s {} merge value {transformation:[0.25691234211176356f,-0.8054812888844702f,-0.5340373973118931f,-0.020765560232019836f,0.11623850283439838f,0.5743276489628969f,-0.8103310200748636f,0.7785766536579463f,0.9594189173293728f,0.14610833273213453f,0.24117980051565308f,0.10059234092422076f,0f,0f,0f,1f],start_interpolation:0}
execute if entity @s[tag=aj.dino.bone.tail_4] run data modify entity @s {} merge value {transformation:[1.257076295383614f,2.4026853422595225f,-0.5220379921766704f,-1.3372633940471899f,1.2087119499086365f,-0.09331345899445251f,2.4811225991713f,1.493429104565644f,2.1411295947075852f,-1.3579606312635626f,-1.0941518698085742f,-0.5373023220852337f,0f,0f,0f,1f],start_interpolation:0}
execute if entity @s[tag=aj.dino.bone.tail_3] run data modify entity @s {} merge value {transformation:[0.8848505607592312f,1.758500147253921f,-0.6787210349447378f,-1.239385692540095f,1.1055871426982713f,0.12308105994563842f,1.7602481781349393f,1.1937516171915f,1.5266506087080924f,-1.108365377858331f,-0.8813680469251276f,-0.3770086461539186f,0f,0f,0f,1f],start_interpolation:0}
execute if entity @s[tag=aj.dino.bone.tail_2] run data modify entity @s {} merge value {transformation:[0.5547024993065852f,1.4784583453143085f,-1.1511906590292857f,-1.0246198879590696f,1.4257925311142585f,0.44596337019810084f,1.2597643452896747f,0.9607245903250561f,1.2158102937895365f,-1.1975188802748813f,-0.9521175011012933f,-0.19939801048817057f,0f,0f,0f,1f],start_interpolation:0}
execute if entity @s[tag=aj.dino.bone.tail_1] run data modify entity @s {} merge value {transformation:[0.2297818607297712f,0.9090148796882728f,-1.1868228574580453f,-0.7805601454184359f,1.031301700031087f,0.7728941898964301f,0.79164867506826f,0.7799375182017049f,1.082253828818616f,-0.929506734633836f,-0.5023943971401248f,-0.08096003675130721f,0f,0f,0f,1f],start_interpolation:0}
execute if entity @s[tag=aj.dino.bone.tail_0] run data modify entity @s {} merge value {transformation:[-0.21561534188109552f,0.45560209041270405f,-1.174637167869764f,-0.42630937383350387f,0.7732736964541301f,0.9887061525236895f,0.2415443042549261f,0.7332118991722953f,0.9946826284306425f,-0.6698675956914208f,-0.44240206772225993f,0.03215503146942153f,0f,0f,0f,1f],start_interpolation:0}
execute if entity @s[tag=aj.dino.bone.body_1] run data modify entity @s {} merge value {transformation:[0.3603792669144613f,0.002641503798284284f,-1.182676795025644f,-0.151531509679295f,0.5820046865438127f,1.0759022278139767f,0.17974853568863988f,0.6189532323232323f,1.0295639484148054f,-0.6091239723560842f,0.3123630219502793f,0.0005638265579727729f,0f,0f,0f,1f],start_interpolation:0}