execute if entity @s[tag=aj.dino.bone.head_lower] run data modify entity @s {} merge value {transformation:[-0.994971520950588f,-0.09918415699461455f,-0.013934686883510336f,-0.054407778326597905f,-0.09934697560594352f,0.9596424907825878f,0.2630902284816799f,0.41555852332577164f,-0.012722064896308595f,0.2631516537775474f,-0.9646705946482024f,0.8368866889413883f,0f,0f,0f,1f],start_interpolation:0}
execute if entity @s[tag=aj.dino.bone.head_upper] run data modify entity @s {} merge value {transformation:[-1.035665441586f,-0.08547124875554903f,-0.05969674466962056f,-0.060763849102282136f,-0.10341022551365345f,0.7664869275454121f,0.6966175835741705f,0.4807606641406032f,-0.013242392049707244f,0.6990453476861629f,-0.7711239741537291f,0.7994202013924568f,0f,0f,0f,1f],start_interpolation:0}
execute if entity @s[tag=aj.dino.bone.neck_0] run data modify entity @s {} merge value {transformation:[-0.9884683782854179f,-0.14698776732162447f,0.03639864540886207f,-0.0557049585322578f,-0.13681195526089548f,0.9699088594329971f,0.2013933794618714f,0.478083905664529f,-0.06490573185387266f,0.19409121734686136f,-0.9788339212150992f,0.7329974730191193f,0f,0f,0f,1f],start_interpolation:0}
execute if entity @s[tag=aj.dino.bone.neck_1] run data modify entity @s {} merge value {transformation:[-0.9914178948518433f,-0.12328333582197482f,0.043494561454802634f,-0.05258834922863179f,-0.11057591307059617f,0.968279752551327f,0.22406982895460267f,0.5015263048785238f,-0.0697389791733675f,0.21733738727551483f,-0.9736020413270042f,0.6515218477679345f,0f,0f,0f,1f],start_interpolation:0}
execute if entity @s[tag=aj.dino.bone.neck_2] run data modify entity @s {} merge value {transformation:[-0.9960613597903148f,-0.07866043103124987f,0.04091826148123747f,-0.04977373741847961f,-0.06596189785253703f,0.965767909028702f,0.25088119483536486f,0.5329608505893972f,-0.05925196675520916f,0.24719401788940368f,-0.9671526880256979f,0.5692122025831217f,0f,0f,0f,1f],start_interpolation:0}
execute if entity @s[tag=aj.dino.bone.body_0] run data modify entity @s {} merge value {transformation:[-0.9956896147917593f,-0.051173372475725856f,0.07735293753503163f,-0.013805078371281847f,-0.04921139395267707f,0.9984216957255176f,0.027062080663105725f,0.5552263224020216f,-0.07861570899681755f,0.023138786788478027f,-0.9966364266094658f,0.099721617976324f,0f,0f,0f,1f],start_interpolation:0}
execute if entity @s[tag=aj.dino.bone.leg_left_3] run data modify entity @s {} merge value {transformation:[-0.9791691172939495f,-0.01690946205646989f,-0.20234107301966248f,0.2215761211930782f,-0.020920739774591975f,0.9996244113006818f,0.017701948453468508f,0.012585548202620839f,0.2019657455735289f,0.021566326175921746f,-0.9791551108941845f,-0.16440801637513983f,0f,0f,0f,1f],start_interpolation:0}
execute if entity @s[tag=aj.dino.bone.leg_left_2] run data modify entity @s {} merge value {transformation:[-0.999223483485516f,-0.12321580637867319f,-0.19604207357151188f,0.1852459438412487f,-0.0830281467718384f,1.0013321502389798f,-0.20616122633053435f,0.2394945051740068f,0.21615030972774216f,-0.1849702393817153f,-0.9854578903476124f,-0.23764404252182503f,0f,0f,0f,1f],start_interpolation:0}
execute if entity @s[tag=aj.dino.bone.leg_left_1] run data modify entity @s {} merge value {transformation:[-0.9673220802550365f,0.11586208810187819f,0.22553041832919352f,0.2240255886437434f,0.251664320172819f,0.3304350734930538f,0.9096580303375511f,0.2760064856080911f,0.030871718498024076f,0.9366902576339272f,-0.34879549631648926f,0.034709404479565165f,0f,0f,0f,1f],start_interpolation:0}
execute if entity @s[tag=aj.dino.bone.leg_left_0] run data modify entity @s {} merge value {transformation:[-0.9784523540409865f,0.16014449340395923f,-0.13032548524383528f,0.18374267148446735f,0.19925412593311081f,0.8978178300026003f,-0.3927097368643334f,0.6836563697899003f,0.05411824249071527f,-0.4102156571387925f,-0.9103814203222214f,-0.04595122455436644f,0f,0f,0f,1f],start_interpolation:0}
execute if entity @s[tag=aj.dino.bone.leg_right_3] run data modify entity @s {} merge value {transformation:[-0.9836881891655573f,-0.005955859660665433f,0.17978340922312422f,-0.20024638936083597f,-0.0050831180832142265f,0.9999729575570373f,0.005314702737073573f,0.016788040348652444f,-0.17981020106417483f,0.004314150012901252f,-0.9836918621717511f,-0.10434647137476323f,0f,0f,0f,1f],start_interpolation:0}
execute if entity @s[tag=aj.dino.bone.leg_right_2] run data modify entity @s {} merge value {transformation:[-1.0094575703580357f,0.05128310002226703f,0.17443525102355906f,-0.18133549207554733f,-0.002023105551127591f,0.9808255487678689f,-0.30006557521453864f,0.2361468199668012f,-0.18180627104551397f,-0.2956577177024288f,-0.9651917909266584f,-0.20281055535627054f,0f,0f,0f,1f],start_interpolation:0}
execute if entity @s[tag=aj.dino.bone.leg_right_1] run data modify entity @s {} merge value {transformation:[-0.9401513486479617f,-0.11243786957160319f,-0.3216724531594493f,-0.21354474861376707f,-0.3397051624576764f,0.3833787600960962f,0.8588487229464705f,0.28798329229021663f,0.026755265556946038f,0.9167215781213939f,-0.3986297830965447f,0.06790872653935756f,0f,0f,0f,1f],start_interpolation:0}
execute if entity @s[tag=aj.dino.bone.leg_right_0] run data modify entity @s {} merge value {transformation:[-0.960574314670889f,-0.24727129037552312f,0.12709797382561147f,-0.2092866841665715f,-0.27801461119321025f,0.8506730466928505f,-0.4461650407566594f,0.6906321228205665f,0.0022049847256259553f,-0.4639097720315095f,-0.8858797104889765f,-0.04237756782289842f,0f,0f,0f,1f],start_interpolation:0}
execute if entity @s[tag=aj.dino.bone.tail_4] run data modify entity @s {} merge value {transformation:[-2.721453127890241f,-0.07953003553532163f,0.46155083982609313f,0.014020332782140457f,-0.0901473541556177f,2.7594187648999533f,-0.05606127055961586f,0.5775043485717997f,-0.45959510314532626f,-0.07031632076386858f,-2.7220377087393683f,-1.7995401567728107f,0f,0f,0f,1f],start_interpolation:0}
execute if entity @s[tag=aj.dino.bone.tail_3] run data modify entity @s {} merge value {transformation:[-2.071398757715239f,0.00931227066871854f,0.21252292628137956f,-0.02210682979508793f,-0.026369399347846004f,2.0530123764593218f,-0.3469731443891957f,0.6162478339208248f,-0.2110861609822917f,-0.3478490905037474f,-2.042153071863595f,-1.4498624853353939f,0f,0f,0f,1f],start_interpolation:0}
execute if entity @s[tag=aj.dino.bone.tail_2] run data modify entity @s {} merge value {transformation:[-1.95314508262441f,0.03955770503418747f,0.04932898940067363f,-0.032711811675717184f,0.025565414814157607f,1.888392799496151f,-0.5020885573076194f,0.710053252835152f,-0.05783226424966949f,-0.5011803046671872f,-1.8879215043079092f,-1.099064022239046f,0f,0f,0f,1f],start_interpolation:0}
execute if entity @s[tag=aj.dino.bone.tail_1] run data modify entity @s {} merge value {transformation:[-1.5089275513827412f,0.038923565854368056f,-0.09632679118120088f,-0.011017574333220653f,0.050561238215161966f,1.5001888160103394f,-0.18583144918889813f,0.7316555440943635f,0.09076043118141108f,-0.18861262507763643f,-1.4979466184724637f,-0.7745037380431701f,0f,0f,0f,1f],start_interpolation:0}
execute if entity @s[tag=aj.dino.bone.tail_0] run data modify entity @s {} merge value {transformation:[-1.2779042270080632f,0.024124472665531835f,0.014646262238623699f,-0.014715386070756585f,0.024209086927305137f,1.2779658133160139f,0.00728125605325464f,0.7603673834150773f,-0.014505974255413208f,0.007556877541477155f,-1.27811117939589f,-0.4008275844396031f,0f,0f,0f,1f],start_interpolation:0}
execute if entity @s[tag=aj.dino.bone.body_1] run data modify entity @s {} merge value {transformation:[-1.2361217271939249f,0.023867458446404886f,-0.006165634003684109f,-0.014889605233325002f,0.021939531388086218f,1.2061844384149047f,0.27063324360551533f,0.6162038636363636f,0.011239554165064973f,0.27047003532606007f,-1.2063681973050935f,-0.13858195336116721f,0f,0f,0f,1f],start_interpolation:0}