execute if entity @s[tag=aj.dino.bone.head_lower] run data modify entity @s {} merge value {transformation:[-0.9951332422469281f,-0.029022187267745095f,0.09416763149465207f,-0.002397937281298758f,0.05304902656910278f,0.6475466657137252f,0.7601770297128874f,0.7191427141024508f,-0.08303993590548635f,0.7614729334449342f,-0.6428556141744268f,0.9181669474047319f,0f,0f,0f,1f],start_interpolation:0}
execute if entity @s[tag=aj.dino.bone.head_upper] run data modify entity @s {} merge value {transformation:[-1.0358337772159767f,-0.013441948861908732f,0.1016840330277248f,0.003988504229151523f,0.055218709652018014f,0.7965354225825236f,0.6677979913560345f,0.7830820821271359f,-0.08643623468404746f,0.6699422192738578f,-0.7919457953367576f,0.8785888338413705f,0f,0f,0f,1f],start_interpolation:0}
execute if entity @s[tag=aj.dino.bone.neck_0] run data modify entity @s {} merge value {transformation:[-0.9964071356917545f,0.03854588480168229f,-0.07541243072205453f,-0.0011915128677890425f,0.042813894521476666f,0.9975223565762116f,-0.05582220495954737f,0.7632670212464996f,0.07307386932725751f,-0.05885034320628286f,-0.9955886935507281f,0.8151438416081851f,0f,0f,0f,1f],start_interpolation:0}
execute if entity @s[tag=aj.dino.bone.neck_1] run data modify entity @s {} merge value {transformation:[-0.9905520834374248f,0.08464194342039996f,-0.10789954314914804f,-0.009942085500930852f,0.08488366977753754f,0.9963880760355139f,0.0023589275837166274f,0.7680570886915511f,0.10770948241856429f,-0.006822268557090935f,-0.9941590034038116f,0.7308940963445036f,0f,0f,0f,1f],start_interpolation:0}
execute if entity @s[tag=aj.dino.bone.neck_2] run data modify entity @s {} merge value {transformation:[-0.9916369287251506f,0.07286887795383727f,-0.10651914482523424f,-0.018560529622990776f,0.07765404022972802f,0.996116984660655f,-0.04148256147544993f,0.7741755130400338f,0.10308274164257682f,-0.04940728181466239f,-0.9934449500999722f,0.6433771397101036f,0f,0f,0f,1f],start_interpolation:0}
execute if entity @s[tag=aj.dino.bone.body_0] run data modify entity @s {} merge value {transformation:[-0.9940458558134637f,0.039783067437340155f,-0.10144034742327335f,-0.06599000151610171f,0.06685988082963744f,0.9578006926163012f,-0.27954890369876334f,0.6515494118832316f,0.08603832213336703f,-0.28466671875898986f,-0.9547577003383975f,0.19069160955241543f,0f,0f,0f,1f],start_interpolation:0}
execute if entity @s[tag=aj.dino.bone.leg_left_3] run data modify entity @s {} merge value {transformation:[-0.9326338002841851f,0.16034006717894098f,-0.3232417940559841f,0.06339630338107911f,0.1763549394174347f,0.9841095268655875f,-0.020673037402916566f,-0.004753867072385731f,0.31479061280564186f,-0.07628566044442509f,-0.9460905707700537f,0.05455880194004804f,0f,0f,0f,1f],start_interpolation:0}
execute if entity @s[tag=aj.dino.bone.leg_left_2] run data modify entity @s {} merge value {transformation:[-0.9575063639379566f,0.11401216182358226f,-0.3496355094599529f,0.07768161487689942f,0.18135131146036923f,0.9947338340191795f,-0.17227449256869592f,0.22207443637546698f,0.31993040548002266f,-0.22263877899977522f,-0.9487564014200754f,-0.02616246351368373f,0f,0f,0f,1f],start_interpolation:0}
execute if entity @s[tag=aj.dino.bone.leg_left_1] run data modify entity @s {} merge value {transformation:[-0.950596318278986f,0.2639840814515579f,0.1633372107470119f,0.1596667669624861f,0.30418666753550994f,0.6871202777419038f,0.6598001176186089f,0.36769215174057596f,0.06194441837710368f,0.6768885644299704f,-0.7334744442554599f,0.1953940788612029f,0f,0f,0f,1f],start_interpolation:0}
execute if entity @s[tag=aj.dino.bone.leg_left_0] run data modify entity @s {} merge value {transformation:[-0.959871034209472f,0.1271176814281932f,-0.24997738448499512f,0.11831741704947006f,0.26166447274662047f,0.7266369869151393f,-0.635240421375341f,0.7351311891670295f,0.10089252394440236f,-0.6751590807470547f,-0.7307399772127704f,0.0015228236392249572f,0f,0f,0f,1f],start_interpolation:0}
execute if entity @s[tag=aj.dino.bone.leg_right_3] run data modify entity @s {} merge value {transformation:[-0.9911231034949958f,0.11800531223673906f,-0.0612351206609194f,-0.33965678411177347f,0.12482112724840101f,0.9845204257571724f,-0.12304152737736287f,0.12462010886296015f,0.045767673208129134f,-0.12959273726110437f,-0.990510495925353f,-0.07957948607465062f,0f,0f,0f,1f],start_interpolation:0}
execute if entity @s[tag=aj.dino.bone.leg_right_2] run data modify entity @s {} merge value {transformation:[-1.0190608806047803f,0.07735709971737902f,-0.08713782327450663f,-0.322736956604584f,0.10026390490087309f,0.9729529293048174f,-0.30882348717657127f,0.3417144477604419f,0.05936556658309878f,-0.3153421569996388f,-0.9742162249848736f,-0.1832850284617763f,0f,0f,0f,1f],start_interpolation:0}
execute if entity @s[tag=aj.dino.bone.leg_right_1] run data modify entity @s {} merge value {transformation:[-0.9426983465733196f,0.13164141565195653f,-0.3065784810665582f,-0.28948875155819465f,-0.27200133222751455f,0.22891818832494515f,0.9346719950445084f,0.3489157917056214f,0.19322293506306762f,0.9645034995992361f,-0.17999415720083756f,0.09213480228093202f,0f,0f,0f,1f],start_interpolation:0}
execute if entity @s[tag=aj.dino.bone.leg_right_0] run data modify entity @s {} merge value {transformation:[-0.9594691522447957f,-0.26085683853532504f,-0.10664265413055103f,-0.2716653703061167f,-0.21800509984692829f,0.9268320221873292f,-0.3057060337789831f,0.7630552267072972f,0.17858533627200135f,-0.27006686660436763f,-0.9461348557320541f,0.04235394228746807f,0f,0f,0f,1f],start_interpolation:0}
execute if entity @s[tag=aj.dino.bone.tail_4] run data modify entity @s {} merge value {transformation:[-2.7363746640114477f,0.36839728611015665f,-0.04688783789967752f,-0.2882492942509999f,0.14354394596681416f,1.3707718156466235f,2.39291477002528f,1.4367724421783235f,0.3425057157661919f,2.3687400449638902f,-1.3774693338335908f,-1.4502969367357061f,0f,0f,0f,1f],start_interpolation:0}
execute if entity @s[tag=aj.dino.bone.tail_3] run data modify entity @s {} merge value {transformation:[-2.0631702520656297f,0.27096617889728264f,-0.07649422808091856f,-0.2779303167322098f,0.10357065841939904f,1.2564506819403753f,1.6572719537271439f,1.1434650055484168f,0.2618151174979435f,1.638247398835053f,-1.2583893795261325f,-1.2529521375761496f,0f,0f,0f,1f],start_interpolation:0}
execute if entity @s[tag=aj.dino.bone.tail_2] run data modify entity @s {} merge value {transformation:[-1.93622190895071f,0.23839604010333476f,-0.11395579127491896f,-0.2581211866088342f,0.09719788163643593f,1.4262846732595615f,1.3323056997675244f,0.8962035469422001f,0.24570544582372017f,1.3144022344361308f,-1.425043674770935f,-0.987545179451797f,0f,0f,0f,1f],start_interpolation:0}
execute if entity @s[tag=aj.dino.bone.tail_1] run data modify entity @s {} merge value {transformation:[-1.4781192219427588f,0.14024084660980024f,-0.2883614410171726f,-0.19637116765986712f,0.007737988430403259f,1.3753773126540414f,0.6292325654093237f,0.743979759769867f,0.32056191173997073f,0.6134541570310813f,-1.3448309588802978f,-0.7059576605921313f,0f,0f,0f,1f],start_interpolation:0}
execute if entity @s[tag=aj.dino.bone.tail_0] run data modify entity @s {} merge value {transformation:[-1.2446092145683436f,0.110370437889507f,-0.26944755711580815f,-0.11496889365278987f,0.08973000793609925f,1.270648202793294f,0.10600654224144544f,0.743665188900163f,0.27700567732699233f,0.08430437570066143f,-1.2449884913324958f,-0.3401086724393335f,0f,0f,0f,1f],start_interpolation:0}
execute if entity @s[tag=aj.dino.bone.body_1] run data modify entity @s {} merge value {transformation:[-1.2265399257095284f,0.0877652212267993f,-0.12845883247066203f,-0.091015625f,0.08782425286611699f,1.2332377694539036f,0.004012437802454121f,0.6596650378787879f,0.1284184811669371f,-0.005144413632397648f,-1.2296693961221472f,-0.053881250000000006f,0f,0f,0f,1f],start_interpolation:0}