execute if entity @s[tag=aj.dino.bone.head_lower] run data modify entity @s {} merge value {transformation:[-0.9973745183928402f,-0.038799481480976186f,0.06114466695842877f,0.2662824843940917f,-0.016527158021343483f,0.9440286707023646f,0.32944911889343975f,0.6680743346949317f,-0.07050477365673424f,0.32757360871830554f,-0.9421913859523865f,0.8265212469340624f,0f,0f,0f,1f],start_interpolation:0}
execute if entity @s[tag=aj.dino.bone.head_upper] run data modify entity @s {} merge value {transformation:[-1.0381667206223915f,-0.0745169700832889f,0.011358870774089282f,0.2650699995128316f,-0.01720311189810059f,0.3869465715753405f,0.966151306095799f,0.7433617030324853f,-0.07338838952230566f,0.9634269637596837f,-0.3871622042085543f,0.8214420205150972f,0f,0f,0f,1f],start_interpolation:0}
execute if entity @s[tag=aj.dino.bone.neck_0] run data modify entity @s {} merge value {transformation:[-0.9470560515292901f,-0.013731071010182082f,-0.3207745204199732f,0.24485701608515414f,-0.09573479529243313f,0.965714553995976f,0.24130944691550918f,0.7433208007048405f,0.3064631857696229f,0.2592428550399535f,-0.9159003536841042f,0.7579111627981663f,0f,0f,0f,1f],start_interpolation:0}
execute if entity @s[tag=aj.dino.bone.neck_1] run data modify entity @s {} merge value {transformation:[-0.9446194879611243f,0.08801058920144546f,-0.3161457878139094f,0.2184807722269784f,0.03476055063442815f,0.984781129759769f,0.17028749392913295f,0.762283150031158f,0.32632150876651445f,0.1498674836563541f,-0.9333027430897533f,0.6795385916237305f,0f,0f,0f,1f],start_interpolation:0}
execute if entity @s[tag=aj.dino.bone.neck_2] run data modify entity @s {} merge value {transformation:[-0.8923571270608555f,0.14293491711716366f,-0.42809854852873025f,0.18237555080964787f,0.19579425635428332f,0.9772233597772183f,-0.08184811717076068f,0.7646802685629395f,0.40664894806499774f,-0.15685698764937103f,-0.9000180656315715f,0.5991545309942079f,0f,0f,0f,1f],start_interpolation:0}
execute if entity @s[tag=aj.dino.bone.body_0] run data modify entity @s {} merge value {transformation:[-0.7286239734665654f,0.015842993143834735f,-0.6847306805292415f,-0.14018452687029517f,0.38452262610235005f,0.8367735050847166f,-0.38981078897792193f,0.5889352191109167f,0.5667887219283267f,-0.5473199254151835f,-0.6157852254953604f,0.30372335697335384f,0f,0f,0f,1f],start_interpolation:0}
execute if entity @s[tag=aj.dino.bone.leg_left_3] run data modify entity @s {} merge value {transformation:[-0.5695923972599852f,0.17583744634821394f,-0.8028983082840331f,0.046802390839216675f,-0.08745076573925428f,0.9583384454317649f,0.2719187150216884f,0.09852408607123084f,0.8172618090644156f,0.22509690461924875f,-0.5304851731910998f,-0.034999235385312855f,0f,0f,0f,1f],start_interpolation:0}
execute if entity @s[tag=aj.dino.bone.leg_left_2] run data modify entity @s {} merge value {transformation:[-0.5861286604551743f,0.33945986246523374f,-0.7702482682024038f,0.101216563098771f,-0.08747370883653782f,0.9089453413864444f,0.46714977912330746f,0.3246992412079662f,0.8371760526652073f,0.3326372914266514f,-0.49045987470631786f,0.02867940406463812f,0f,0f,0f,1f],start_interpolation:0}
execute if entity @s[tag=aj.dino.bone.leg_left_1] run data modify entity @s {} merge value {transformation:[-0.6947236998349017f,0.7017168845917652f,-0.157963270308426f,0.3140647481691299f,0.08550994530755866f,0.2986312959834384f,0.9505300617617258f,0.3537124981060408f,0.7141757697802438f,0.646848330706727f,-0.2674700112549382f,0.20437023107671126f,0f,0f,0f,1f],start_interpolation:0}
execute if entity @s[tag=aj.dino.bone.leg_left_0] run data modify entity @s {} merge value {transformation:[-0.6564928938632937f,-0.6790108731076001f,-0.32857467113070804f,-0.0021230781865687887f,0.06232646760307331f,0.38526781720295555f,-0.9206976270545033f,0.5871787545209755f,0.7517529459490806f,-0.6249103481534968f,-0.21060523504308737f,0.06356524485638039f,0f,0f,0f,1f],start_interpolation:0}
execute if entity @s[tag=aj.dino.bone.leg_right_3] run data modify entity @s {} merge value {transformation:[-0.9599472469553487f,-0.022368143543750572f,-0.27928650024169266f,-0.7596194437355589f,-0.05433219285279592f,0.9927477182191423f,0.10723796338281005f,0.08877400627257323f,0.27486232168606417f,0.11811703571074122f,-0.9542007493144481f,-0.14837105997342437f,0f,0f,0f,1f],start_interpolation:0}
execute if entity @s[tag=aj.dino.bone.leg_right_2] run data modify entity @s {} merge value {transformation:[-0.8981598772780903f,0.4053395873552934f,-0.2847294387153197f,-0.6725414037163103f,0.37303232346351356f,0.9413801920278163f,0.16343934413041014f,0.3126806557660689f,0.3259109080713824f,0.039564535647554536f,-0.9717401540637162f,-0.16968535857831984f,0f,0f,0f,1f],start_interpolation:0}
execute if entity @s[tag=aj.dino.bone.leg_right_1] run data modify entity @s {} merge value {transformation:[-0.8945098920298117f,0.4409141802899545f,-0.07380202354984763f,-0.5666593404966244f,-0.011255586418417441f,0.14282251392374082f,0.9896843139561626f,0.2987677628612673f,0.44690643856985585f,0.8861130938744446f,-0.12279340384999224f,0.08645680069876517f,0f,0f,0f,1f],start_interpolation:0}
execute if entity @s[tag=aj.dino.bone.leg_right_0] run data modify entity @s {} merge value {transformation:[-0.8875529282764479f,0.13856952989465948f,-0.43937260371201536f,-0.373283992073404f,0.045573530609723766f,0.9754245118874931f,0.2155691882361912f,0.6589033575399788f,0.4584461285861919f,0.17130530346086487f,-0.8720559845505985f,0.1714015276219955f,0f,0f,0f,1f],start_interpolation:0}
execute if entity @s[tag=aj.dino.bone.tail_4] run data modify entity @s {} merge value {transformation:[-2.5594442428669324f,0.03315746466107557f,-1.0362466317400327f,-1.0014962691970177f,-0.05277344981793667f,2.752303018494617f,0.21841334432615298f,0.1455972027823298f,1.0354329829832671f,0.22223862968140923f,-2.550323481605363f,-1.3088761716618769f,0f,0f,0f,1f],start_interpolation:0}
execute if entity @s[tag=aj.dino.bone.tail_3] run data modify entity @s {} merge value {transformation:[-1.9201206657985248f,-0.06360682363292815f,-0.8031415359730824f,-0.8646907013860347f,-0.03890430797618548f,2.0806922814315216f,-0.07177472296449322f,0.13740633597463142f,0.8047164777974701f,-0.05117937106945715f,-1.9198326980189215f,-0.9828426614951784f,0f,0f,0f,1f],start_interpolation:0}
execute if entity @s[tag=aj.dino.bone.tail_2] run data modify entity @s {} merge value {transformation:[-1.7900393398869954f,-0.1276410319410197f,-0.7734602792805442f,-0.7222601329981229f,-0.03195954890992789f,1.9383698097459825f,-0.24591653645408637f,0.18355929135371446f,0.7832698282796162f,-0.21261261165117076f,-1.7776552332993214f,-0.6518518430913844f,0f,0f,0f,1f],start_interpolation:0}
execute if entity @s[tag=aj.dino.bone.tail_1] run data modify entity @s {} merge value {transformation:[-1.1675140195270037f,-0.2238037175579792f,-0.9351359046764952f,-0.517178140313179f,0.11474308998515574f,1.4280212922171418f,-0.48502109467026644f,0.2703647121416446f,0.9546733931081128f,-0.4453350816876132f,-1.0853255859463231f,-0.4137701928177207f,0f,0f,0f,1f],start_interpolation:0}
execute if entity @s[tag=aj.dino.bone.tail_0] run data modify entity @s {} merge value {transformation:[-1.0254938176984385f,-0.18449944376382174f,-0.7403769997083578f,-0.305275073270856f,0.31212468276241667f,1.0303324873663189f,-0.6890782716586142f,0.49659315708578833f,0.6962588088180787f,-0.7336284054699642f,-0.7815681354909854f,-0.2030815785620079f,0f,0f,0f,1f],start_interpolation:0}
execute if entity @s[tag=aj.dino.bone.body_1] run data modify entity @s {} merge value {transformation:[-1.1673430071926425f,0.08807423448848635f,-0.39769061823728685f,-0.21875f,0.22558197979712313f,1.1448855434890273f,-0.40860060910000495f,0.5144709090909092f,0.3391572924256511f,-0.4583498844609343f,-1.0970379708402984f,0.08283749999999998f,0f,0f,0f,1f],start_interpolation:0}