execute if entity @s[tag=aj.dino.bone.head_lower] run data modify entity @s {} merge value {transformation:[-0.9074894563114122f,-0.2719559814166179f,-0.320160632894398f,-0.18044166401252903f,-0.4188696332378185f,0.6435139870104231f,0.6406543364975875f,0.45396375349287565f,0.03179806652664097f,0.7154926223894087f,-0.697896260393688f,0.8724941362564774f,0f,0f,0f,1f],start_interpolation:0}
execute if entity @s[tag=aj.dino.bone.head_upper] run data modify entity @s {} merge value {transformation:[-0.9446053969539423f,-0.3946138445195571f,-0.18834144616224813f,-0.20257960922081455f,-0.4360012267082315f,0.8839786248885316f,0.3345992582666687f,0.49674430395519775f,0.0330985941983862f,0.3825358114440822f,-0.967493038015476f,0.8143977303788973f,0f,0f,0f,1f],start_interpolation:0}
execute if entity @s[tag=aj.dino.bone.neck_0] run data modify entity @s {} merge value {transformation:[-0.8560097621926489f,-0.5143261637235892f,-0.05211414721801046f,-0.19732433154075782f,-0.5001653035553527f,0.7984951922705402f,0.33502253213808586f,0.5056080308151691f,-0.130697957712684f,0.3128482463275265f,-0.9407677814527476f,0.7485300398398006f,0f,0f,0f,1f],start_interpolation:0}
execute if entity @s[tag=aj.dino.bone.neck_1] run data modify entity @s {} merge value {transformation:[-0.8994026136604666f,-0.43369510671913797f,0.05462135982010262f,-0.1946951646034142f,-0.4099851257665274f,0.8802980223460763f,0.23872073329267302f,0.5298862330863786f,-0.15161508892892644f,0.1923121063829897f,-0.9695508849707741f,0.667282312362504f,0f,0f,0f,1f],start_interpolation:0}
execute if entity @s[tag=aj.dino.bone.neck_2] run data modify entity @s {} merge value {transformation:[-0.9597468433031937f,-0.2604719280879024f,0.10507317187429752f,-0.18804014966937233f,-0.24480118679678098f,0.9591639623333241f,0.14169288021606807f,0.5516904067586276f,-0.13768941757608905f,0.11026725733057863f,-0.9843184221827556f,0.5821282215574304f,0f,0f,0f,1f],start_interpolation:0}
execute if entity @s[tag=aj.dino.bone.body_0] run data modify entity @s {} merge value {transformation:[-0.9489971803173897f,-0.13132957619245028f,0.28663023944928623f,-0.054203471055525f,-0.16586840234020567f,0.9811007411690562f,-0.09964441169797725f,0.5140745801274764f,-0.2681268820069174f,-0.1421051656156093f,-0.9528452639597937f,0.13170209248897383f,0f,0f,0f,1f],start_interpolation:0}
execute if entity @s[tag=aj.dino.bone.leg_left_3] run data modify entity @s {} merge value {transformation:[-0.9185525675989816f,-0.06695238756687984f,-0.38958767736725575f,0.29813200079562713f,-0.0953308833725632f,0.9939827934653518f,0.05394653807449008f,0.040668568638311864f,0.3836315983241284f,0.08669246849588458f,-0.9194080773374601f,-0.26438730347173417f,0f,0f,0f,1f],start_interpolation:0}
execute if entity @s[tag=aj.dino.bone.leg_left_2] run data modify entity @s {} merge value {transformation:[-0.9073201260902364f,-0.26048833349793943f,-0.40122090723659776f,0.2236054285725168f,-0.33050888870350953f,0.9632972748364953f,0.12200177982819238f,0.2684694219043701f,0.3458269260486571f,0.23720537073334133f,-0.9360553129039382f,-0.23748686946138925f,0f,0f,0f,1f],start_interpolation:0}
execute if entity @s[tag=aj.dino.bone.leg_left_1] run data modify entity @s {} merge value {transformation:[-0.9702555029949333f,0.23523347518633597f,-0.057179288731224714f,0.3098668325383497f,-0.02602903463895349f,0.13345651177327605f,0.9907127983533236f,0.25270007847849124f,0.24067976288797838f,0.9627328661768378f,-0.12336401468466285f,0.025807041697843078f,0f,0f,0f,1f],start_interpolation:0}
execute if entity @s[tag=aj.dino.bone.leg_left_0] run data modify entity @s {} merge value {transformation:[-0.9617067657808324f,-0.17765677003394828f,-0.20870593837377086f,0.14527992331584033f,-0.0796231529419452f,0.9097313673583545f,-0.4074910953136057f,0.6338042696778983f,0.26225989050359005f,-0.3752691185075099f,-0.8890404032031625f,-0.01866793247056281f,0f,0f,0f,1f],start_interpolation:0}
execute if entity @s[tag=aj.dino.bone.leg_right_3] run data modify entity @s {} merge value {transformation:[-0.9858996121730309f,-0.0021514467247719174f,0.16732401499503202f,-0.2673425500995999f,-0.0008995331932388065f,0.9999710378316918f,0.007557402850370487f,0.03245733655524699f,-0.16733542827835793f,0.007300327033701592f,-0.9858729936802706f,-0.07614991906044483f,0f,0f,0f,1f],start_interpolation:0}
execute if entity @s[tag=aj.dino.bone.leg_right_2] run data modify entity @s {} merge value {transformation:[-1.0117848967427252f,0.033336858812570654f,0.16505204048577585f,-0.25290126825417764f,0.01650976642586126f,1.020194132399028f,-0.1048501756405383f,0.2669971546045712f,-0.1675737146349956f,-0.100770955953583f,-1.006889499448834f,-0.1304969078828862f,0f,0f,0f,1f],start_interpolation:0}
execute if entity @s[tag=aj.dino.bone.leg_right_1] run data modify entity @s {} merge value {transformation:[-0.9362201039225356f,-0.10371394490740363f,-0.3357608295245602f,-0.2819150192370512f,-0.3508263673445925f,0.220607910456613f,0.9100840674463889f,0.27167505738418046f,-0.02031691381764835f,0.9698327523216106f,-0.24292314738866522f,0.14545545238832785f,0f,0f,0f,1f],start_interpolation:0}
execute if entity @s[tag=aj.dino.bone.leg_right_0] run data modify entity @s {} merge value {transformation:[-0.9714979513040136f,-0.16212585226979043f,0.17293622708356587f,-0.24668745619029742f,-0.23131141087842141f,0.8078886579292682f,-0.5420433078515772f,0.6598999927679066f,-0.05183398315331984f,-0.5665960857745487f,-0.8223637356884249f,-0.004036008613770001f,0f,0f,0f,1f],start_interpolation:0}
execute if entity @s[tag=aj.dino.bone.tail_4] run data modify entity @s {} merge value {transformation:[-2.7609687351704477f,-0.033257766790187576f,0.04008610681307943f,-0.1728582750077292f,-0.04388818974298619f,2.6299543638584333f,-0.8408776381989647f,0.45621846722032394f,-0.02804998774302315f,-0.8413651386705506f,-2.630015063306198f,-1.7298598498182047f,0f,0f,0f,1f],start_interpolation:0}
execute if entity @s[tag=aj.dino.bone.tail_3] run data modify entity @s {} merge value {transformation:[-2.079280836957265f,0.09199439611058634f,-0.06382599933404486f,-0.16293598154221428f,0.10898490705249919f,1.9350110199464656f,-0.7614461036507715f,0.5663959858856142f,0.025671329172816275f,-0.7636850854995348f,-1.9370264838376667f,-1.3939384811797844f,0f,0f,0f,1f],start_interpolation:0}
execute if entity @s[tag=aj.dino.bone.tail_2] run data modify entity @s {} merge value {transformation:[-1.9431852406345849f,0.14533901724785175f,-0.1472466150650579f,-0.1369654521760833f,0.18811607640862946f,1.8201046980287148f,-0.6860066362748978f,0.6944953219008013f,0.08612396518572152f,-0.6963255943034163f,-1.8238660050402442f,-1.05498778316302f,0f,0f,0f,1f],start_interpolation:0}
execute if entity @s[tag=aj.dino.bone.tail_1] run data modify entity @s {} merge value {transformation:[-1.4472419703494077f,0.1478181601959392f,-0.4138800801868247f,-0.04832734658171063f,0.18455523024279374f,1.4971147119860757f,-0.11064879640049909f,0.6998287087457771f,0.3988562350637058f,-0.15637640701569203f,-1.4505572629440278f,-0.7413135600903697f,0f,0f,0f,1f],start_interpolation:0}
execute if entity @s[tag=aj.dino.bone.tail_0] run data modify entity @s {} merge value {transformation:[-1.274144259564071f,0.09199548056584898f,0.04391985837194959f,-0.058941735168856146f,0.0929508299108451f,1.2745485245906527f,0.02686853674287742f,0.7227342241339154f,-0.04186007194020046f,0.029976767725635556f,-1.277178470049473f,-0.36736893394833503f,0f,0f,0f,1f],start_interpolation:0}
execute if entity @s[tag=aj.dino.bone.body_1] run data modify entity @s {} merge value {transformation:[-1.2327816922382677f,0.09033520413077345f,-0.026333348306942762f,-0.05890431762041971f,0.08207399736073681f,1.2015423496401785f,0.2795790336106031f,0.576803611111111f,0.04601905361513905f,0.2770200858639324f,-1.2040542819111424f,-0.10610244817232359f,0f,0f,0f,1f],start_interpolation:0}