execute if entity @s[tag=aj.dino.bone.head_lower] run data modify entity @s {} merge value {transformation:[0.28227611525653346f,0.02574779204551464f,-0.9589876151236061f,-0.2273317975458487f,0.2599953571439282f,0.9601746336494689f,0.10230878339472799f,0.2203159016602929f,0.9234298073049634f,-0.2782116534239518f,0.26434005916589587f,-0.7159117758279989f,0f,0f,0f,1f],start_interpolation:0}
execute if entity @s[tag=aj.dino.bone.head_upper] run data modify entity @s {} merge value {transformation:[0.2938210907554777f,0.6047990349375545f,-0.7945811705227928f,-0.2684363171673452f,0.27062905891971606f,0.7490365309789859f,0.6702060357164075f,0.28342156839674904f,0.9611977016613168f,-0.39577057139342287f,0.05419018106108547f,-0.7207645878200518f,0f,0f,0f,1f],start_interpolation:0}
execute if entity @s[tag=aj.dino.bone.neck_0] run data modify entity @s {} merge value {transformation:[0.6260866677813525f,0.07549722010916479f,-0.7760899781483015f,-0.32004751601730974f,0.19802566777511887f,0.9472759177737967f,0.2519011125581414f,0.28426991531763013f,0.7541891800660236f,-0.31139766434833693f,0.5781264354012362f,-0.6785709779357562f,0f,0f,0f,1f],start_interpolation:0}
execute if entity @s[tag=aj.dino.bone.neck_1] run data modify entity @s {} merge value {transformation:[0.8796688551990036f,-0.08331232736296273f,-0.4682325931652358f,-0.3600967716893107f,0.22187671661316843f,0.942718743683727f,0.24910257512184628f,0.30971516031405694f,0.4206583266949966f,-0.3230176874673303f,0.8477653836796026f,-0.6082422251263842f,0f,0f,0f,1f],start_interpolation:0}
execute if entity @s[tag=aj.dino.bone.neck_2] run data modify entity @s {} merge value {transformation:[0.9564046330545395f,-0.047159141480235374f,-0.2882120629790832f,-0.38580802746630566f,0.1619078663181493f,0.9069522634070661f,0.3888745745418487f,0.3526631191071518f,0.24305559178121416f,-0.4185852449330324f,0.8750487826562798f,-0.5356796000634966f,0f,0f,0f,1f],start_interpolation:0}
execute if entity @s[tag=aj.dino.bone.body_0] run data modify entity @s {} merge value {transformation:[0.984658560491902f,-0.12301635183617028f,0.12375175324388377f,-0.32865617475321723f,0.0905679549610941f,0.9665048451554635f,0.24013710630633178f,0.4750460035763395f,-0.1491474598649965f,-0.22524511420213505f,0.9628186089518039f,-0.08405254150346307f,0f,0f,0f,1f],start_interpolation:0}
execute if entity @s[tag=aj.dino.bone.leg_left_3] run data modify entity @s {} merge value {transformation:[-0.045704461991165166f,-0.5036640904866078f,0.8626897391927162f,-0.03906223242536849f,-0.22918036296048652f,0.8458447285402528f,0.48168771671485f,0.1872150925733514f,-0.9723103739996802f,-0.17569626961026907f,-0.15408879731387942f,0.3493657052031706f,0f,0f,0f,1f],start_interpolation:0}
execute if entity @s[tag=aj.dino.bone.leg_left_2] run data modify entity @s {} merge value {transformation:[-0.018396649213250092f,-0.8336770138900257f,0.5972490262108674f,-0.2149620040136969f,-0.28559596788817243f,0.5778792816290504f,0.7978425148427508f,0.3461317540465473f,-0.9849663476101288f,-0.1519880649129969f,-0.2424935498116599f,0.3049153156952798f,0f,0f,0f,1f],start_interpolation:0}
execute if entity @s[tag=aj.dino.bone.leg_left_1] run data modify entity @s {} merge value {transformation:[-0.010179422267639106f,-0.9224950025325684f,-0.3858747849558636f,-0.44490698711275223f,-0.041519811608854394f,-0.38517204904706037f,0.9219102981726879f,0.19342477289360505f,-0.9990858244446582f,0.025405962593959483f,-0.03438098978232002f,0.3335381791875258f,0f,0f,0f,1f],start_interpolation:0}
execute if entity @s[tag=aj.dino.bone.leg_left_0] run data modify entity @s {} merge value {transformation:[-0.04666060008633671f,0.6350825220872391f,0.771033707783839f,-0.26374540197152635f,-0.08695656313566535f,0.766361825630252f,-0.6364967465308052f,0.5360272169411968f,-0.9951187590067911f,-0.09674576143675981f,0.019465690761068466f,0.17825996446894993f,0f,0f,0f,1f],start_interpolation:0}
execute if entity @s[tag=aj.dino.bone.leg_right_3] run data modify entity @s {} merge value {transformation:[0.44868734079945727f,0.00996205360654967f,0.8936332736051471f,0.017019663663644546f,0.01466451212308082f,0.9997211705116584f,-0.018507655577934573f,0.051512682061864296f,-0.8935684765537018f,0.021408846740066684f,0.4484161448819128f,-0.1961697861352941f,0f,0f,0f,1f],start_interpolation:0}
execute if entity @s[tag=aj.dino.bone.leg_right_2] run data modify entity @s {} merge value {transformation:[0.4091225683552312f,-0.2614478660513239f,0.9035075743458504f,-0.016635727198922923f,0.1279534524259525f,0.9915899053505263f,0.22899688452009162f,0.2895293745073466f,-0.9318309061065708f,0.021369895761038104f,0.42813162634926144f,-0.17651168731531408f,0f,0f,0f,1f],start_interpolation:0}
execute if entity @s[tag=aj.dino.bone.leg_right_1] run data modify entity @s {} merge value {transformation:[0.3225865143707351f,-0.9367136099610891f,0.136035119214871f,-0.2719018232662346f,-0.26486727187037484f,0.04864557744310344f,0.9630570783121695f,0.24639292449336547f,-0.9087261793511203f,-0.34670047693779094f,-0.23241237112732172f,-0.2764709417068459f,0f,0f,0f,1f],start_interpolation:0}
execute if entity @s[tag=aj.dino.bone.leg_right_0] run data modify entity @s {} merge value {transformation:[0.3609735221345697f,0.6613326230814871f,0.6575235949879843f,-0.10774009418333172f,-0.2226015611881832f,0.7457834038589737f,-0.6278978097470211f,0.6162096685368741f,-0.9056194903348463f,0.0802887051625722f,0.41642173640309743f,-0.17354484640530116f,0f,0f,0f,1f],start_interpolation:0}
execute if entity @s[tag=aj.dino.bone.tail_4] run data modify entity @s {} merge value {transformation:[-0.30585816996777276f,1.8328729906528811f,-2.0427160134485476f,0.5632620349798436f,2.744457799730851f,0.1982964986236603f,-0.23300475473709523f,0.10398446413418777f,-0.007968498005400247f,-2.0559466020227175f,-1.8435513023159356f,-0.8714612911294354f,0f,0f,0f,1f],start_interpolation:0}
execute if entity @s[tag=aj.dino.bone.tail_3] run data modify entity @s {} merge value {transformation:[-0.29165531033208086f,1.904419041711003f,-0.7899815311563211f,0.6785774741719407f,2.0500403835254297f,0.18289193708516416f,-0.31595963556851714f,0.15576980112771405f,-0.2195839974006561f,-0.8220001088577934f,-1.9005378752257927f,-0.5411563838223135f,0f,0f,0f,1f],start_interpolation:0}
execute if entity @s[tag=aj.dino.bone.tail_2] run data modify entity @s {} merge value {transformation:[-0.2662040775801287f,1.9330364638286155f,0.106204018716102f,0.6590975073933912f,1.792271750806702f,0.28660489222368896f,-0.7241501791869579f,0.29178122264094286f,-0.7318956451180515f,-0.001241074206128096f,-1.811932973207018f,-0.20486349349990712f,0f,0f,0f,1f],start_interpolation:0}
execute if entity @s[tag=aj.dino.bone.tail_1] run data modify entity @s {} merge value {transformation:[-0.2599272279666307f,1.1626847819497057f,0.9318037261055294f,0.44461944852392243f,1.2156300514745961f,0.7124313258814507f,-0.5498558300633621f,0.40023394674634455f,-0.8615901949961213f,0.6544172627042812f,-1.0569089989971618f,0.015395095201034215f,0f,0f,0f,1f],start_interpolation:0}
execute if entity @s[tag=aj.dino.bone.tail_0] run data modify entity @s {} merge value {transformation:[0.09785959010030336f,0.68230037677038f,1.0764410866686693f,0.14652346768368793f,0.8605646305367024f,0.760945794395064f,-0.5605584101997948f,0.5824051203210545f,-0.9400466657983834f,0.7676349460749494f,-0.4011041912893461f,0.15113146109497094f,0f,0f,0f,1f],start_interpolation:0}
execute if entity @s[tag=aj.dino.bone.body_1] run data modify entity @s {} merge value {transformation:[0.4906543181618787f,-0.14265830120650116f,1.1258381518771814f,-0.10560908318721376f,0.25218286912159754f,1.209598143868951f,0.043367337094154634f,0.49084780303030306f,-1.1064658764042168f,0.21242771594571652f,0.509128986512637f,0.018457589330843727f,0f,0f,0f,1f],start_interpolation:0}