execute if entity @s[tag=aj.dino.bone.head_lower] run data modify entity @s {} merge value {transformation:[-0.9733042487552717f,-0.045213240102878915f,0.2250213373756722f,0.21280265618378866f,0.029442941620832185f,0.947709216177308f,0.3177740624426495f,0.6291544560542092f,-0.22762239025115472f,0.3159161352194471f,-0.9210781959010642f,0.8519530368791683f,0f,0f,0f,1f],start_interpolation:0}
execute if entity @s[tag=aj.dino.bone.head_upper] run data modify entity @s {} merge value {transformation:[-1.0131119869859253f,-0.19963145783904096f,0.1312376678015765f,0.21705266470119394f,0.03064714566523188f,0.45847260849522337f,0.9339890589860607f,0.703845596149047f,-0.23693205116976437f,0.9129195423936065f,-0.4403556004274767f,0.8420218984382765f,0f,0f,0f,1f],start_interpolation:0}
execute if entity @s[tag=aj.dino.bone.neck_0] run data modify entity @s {} merge value {transformation:[-0.9875657905212023f,-0.003943369035153667f,-0.1571567982394831f,0.2072737269273519f,-0.0399417708077678f,0.9731747947165126f,0.2265733300130747f,0.7027127070563893f,0.15204757261124796f,0.2300331905815472f,-0.9612316406017339f,0.7760838578803713f,0f,0f,0f,1f],start_interpolation:0}
execute if entity @s[tag=aj.dino.bone.neck_1] run data modify entity @s {} merge value {transformation:[-0.9776300642987634f,0.10712618678965859f,-0.18100673325349828f,0.19243359785917327f,0.08256915059073036f,0.9869624311771902f,0.13815750003360588f,0.7189632731765531f,0.19344713166630595f,0.12012135342526614f,-0.9737294633014661f,0.6941495761995924f,0f,0f,0f,1f],start_interpolation:0}
execute if entity @s[tag=aj.dino.bone.neck_2] run data modify entity @s {} merge value {transformation:[-0.9302580085859917f,0.19255673824713132f,-0.3123170504747557f,0.16695753267510693f,0.23061104705531313f,0.968920232119451f,-0.08951049528207211f,0.7206078171087235f,0.28537446003046135f,-0.1552916171118567f,-0.9457515166348438f,0.6097742482172195f,0f,0f,0f,1f],start_interpolation:0}
execute if entity @s[tag=aj.dino.bone.body_0] run data modify entity @s {} merge value {transformation:[-0.7158346159989345f,0.0652213357837869f,-0.6952172177789017f,-0.1600744202495124f,0.40752501319090256f,0.8474982187722355f,-0.3401031208349064f,0.5683919715525142f,0.5670133738823211f,-0.5267759927487838f,-0.6332478877202201f,0.3063086936133357f,0f,0f,0f,1f],start_interpolation:0}
execute if entity @s[tag=aj.dino.bone.leg_left_3] run data modify entity @s {} merge value {transformation:[-0.6934903894995825f,0.13775697340202975f,-0.7071733139413771f,0.10163764601581489f,-0.11976296793511548f,0.9458518272846757f,0.3016971201944307f,0.08716776988767239f,0.7104420533605044f,0.29391722831666867f,-0.6394409681241556f,0.004382280394388663f,0f,0f,0f,1f],start_interpolation:0}
execute if entity @s[tag=aj.dino.bone.leg_left_2] run data modify entity @s {} merge value {transformation:[-0.7132464636998458f,0.20552557364769042f,-0.7078848212083279f,0.12656203206239885f,-0.1202149319915249f,0.939402723848547f,0.39386938450823783f,0.31812701020536965f,0.7272482737323148f,0.3568528555349008f,-0.6291487799802599f,0.06924888473043081f,0f,0f,0f,1f],start_interpolation:0}
execute if entity @s[tag=aj.dino.bone.leg_left_1] run data modify entity @s {} merge value {transformation:[-0.8072432370682421f,0.5712010900577784f,-0.1486192145194938f,0.3056984776063297f,0.054252272612282916f,0.32254757312513255f,0.9449972243279288f,0.3545535292563019f,0.5877202116007142f,0.7547796882454461f,-0.29136330429228535f,0.27804694086957205f,0f,0f,0f,1f],start_interpolation:0}
execute if entity @s[tag=aj.dino.bone.leg_left_0] run data modify entity @s {} merge value {transformation:[-0.7751891548208129f,-0.5756467852069873f,-0.2602163579198172f,0.0107284756304456f,0.0315453688511301f,0.37612477180936643f,-0.9260318815977115f,0.5812850790640773f,0.6309410938845559f,-0.7260584926245355f,-0.2734088537987522f,0.08859303929833423f,0f,0f,0f,1f],start_interpolation:0}
execute if entity @s[tag=aj.dino.bone.leg_right_3] run data modify entity @s {} merge value {transformation:[-0.9849581942038592f,-0.024545575928792716f,-0.1710405518378521f,-0.6585325051877616f,-0.042738356697007526f,0.9937098295163318f,0.10350945652191408f,0.06606521051663888f,0.16742397838276465f,0.10926247949294648f,-0.979811676822409f,-0.16098734863638983f,0f,0f,0f,1f],start_interpolation:0}
execute if entity @s[tag=aj.dino.bone.leg_right_2] run data modify entity @s {} merge value {transformation:[-0.9418361116716532f,0.36511524472159185f,-0.17803874950079815f,-0.5774657224932463f,0.3256368670270649f,0.9473801841938397f,0.22021266296545727f,0.2931985276016006f,0.24283238887082906f,0.14568405598909057f,-0.9858350705095392f,-0.1578720509687382f,0f,0f,0f,1f],start_interpolation:0}
execute if entity @s[tag=aj.dino.bone.leg_right_1] run data modify entity @s {} merge value {transformation:[-0.9432917629595988f,0.32115414407157755f,-0.08402776730477077f,-0.5045479049589756f,-0.06884801132804484f,0.05835542179209923f,0.9959189706415074f,0.2548609134132922f,0.3247469803843381f,0.9452273062566054f,-0.03293536455143181f,0.10713097709726871f,0f,0f,0f,1f],start_interpolation:0}
execute if entity @s[tag=aj.dino.bone.leg_right_0] run data modify entity @s {} merge value {transformation:[-0.9452163652792789f,-0.01021250036508898f,-0.3262847340047065f,-0.37209042424792427f,-0.010495024732458925f,0.9999445256158597f,-0.0008945092165589807f,0.6487647665682288f,0.32627576873573383f,0.002578861602818505f,-0.9452711104274474f,0.14715657937666882f,0f,0f,0f,1f],start_interpolation:0}
execute if entity @s[tag=aj.dino.bone.tail_4] run data modify entity @s {} merge value {transformation:[-2.5989328125322375f,0.13107387643641516f,-0.9241370063249313f,-0.842073878216226f,0.2909737946218022f,2.7116230801691676f,-0.43370018853727244f,0.05199246115801989f,0.8868730565231215f,-0.5055504342890107f,-2.565840266190304f,-1.4047689927896265f,0f,0f,0f,1f],start_interpolation:0}
execute if entity @s[tag=aj.dino.bone.tail_3] run data modify entity @s {} merge value {transformation:[-1.9664056859721535f,-0.002633475450387708f,-0.6849724585907685f,-0.7259020911740722f,0.2127962419532419f,1.9768993817805627f,-0.6184918105930348f,0.13752030396630294f,0.6510852199454439f,-0.6540698931820093f,-1.866608190608279f,-1.0818606351480817f,0f,0f,0f,1f],start_interpolation:0}
execute if entity @s[tag=aj.dino.bone.tail_2] run data modify entity @s {} merge value {transformation:[-1.8558410268616174f,-0.014256712197354544f,-0.6119025283305473f,-0.6135264324257865f,0.18881103194012133f,1.8450258896600233f,-0.6156327929088272f,0.25254374015661496f,0.5822184746619612f,-0.6437779800865653f,-1.7508127927110706f,-0.7561110312849263f,0f,0f,0f,1f],start_interpolation:0}
execute if entity @s[tag=aj.dino.bone.tail_1] run data modify entity @s {} merge value {transformation:[-1.2825482045142134f,-0.03958458827206979f,-0.8007243055313731f,-0.43951030436185995f,0.2229335942719757f,1.4334642358168201f,-0.4279452618958158f,0.3268971819976023f,0.7700824408089999f,-0.4809049750266999f,-1.2096940478287157f,-0.4906555173868983f,0f,0f,0f,1f],start_interpolation:0}
execute if entity @s[tag=aj.dino.bone.tail_0] run data modify entity @s {} merge value {transformation:[-1.105363684649541f,0.045221819094965414f,-0.6402826159749774f,-0.2513135593710573f,0.356963299780984f,1.1029933302718318f,-0.5383480589445392f,0.5108321910638501f,0.5334641917237646f,-0.6443573674892092f,-0.9664653411762443f,-0.22378137305019527f,0f,0f,0f,1f],start_interpolation:0}
execute if entity @s[tag=aj.dino.bone.body_1] run data modify entity @s {} merge value {transformation:[-1.2040086902319862f,0.15077808400465265f,-0.23713632848214838f,-0.2063386587033409f,0.21223124092083953f,1.1717451941240289f,-0.33252924003866574f,0.5092152272727273f,0.1841889499381221f,-0.36453225438550413f,-1.1669598370507719f,0.07207427679455328f,0f,0f,0f,1f],start_interpolation:0}