execute if entity @s[tag=aj.dino.bone.head_lower] run data modify entity @s {} merge value {transformation:[-0.875604468855677f,-0.08946154716644895f,-0.47467193481240555f,0.6682992874948726f,-0.36416125649212927f,0.7678711536656917f,0.5270298574447121f,0.6971934594185528f,0.317337979747211f,0.6343268266017958f,-0.7049298430789079f,0.42389120828572663f,0f,0f,0f,1f],start_interpolation:0}
execute if entity @s[tag=aj.dino.bone.head_upper] run data modify entity @s {} merge value {transformation:[-0.9114163267966789f,-0.18607931504709718f,-0.4670831942422669f,0.6316385110991833f,-0.3790553001488005f,0.8895917600037121f,0.3852473524193361f,0.7436092751676494f,0.33031697089471374f,0.5074179062948095f,-0.8466933976911829f,0.3770188708764608f,0f,0f,0f,1f],start_interpolation:0}
execute if entity @s[tag=aj.dino.bone.neck_0] run data modify entity @s {} merge value {transformation:[-0.7143862762846488f,-0.33307033125869656f,-0.6153993847018172f,0.5974828250592417f,-0.316121958871718f,0.9382101855692925f,-0.14081390134905702f,0.7193772207324272f,0.6242749036884802f,0.09394574034652152f,-0.7755353264007272f,0.3251446682003112f,0f,0f,0f,1f],start_interpolation:0}
execute if entity @s[tag=aj.dino.bone.neck_1] run data modify entity @s {} merge value {transformation:[-0.49104081899746915f,-0.27088613946325596f,-0.8279490404155245f,0.5260967359211516f,-0.08295973466252594f,0.9606455589982198f,-0.2650995895917635f,0.7013453800715014f,0.8671773731498175f,-0.06148828688206782f,-0.49418882431039507f,0.28299711970127184f,0f,0f,0f,1f],start_interpolation:0}
execute if entity @s[tag=aj.dino.bone.neck_2] run data modify entity @s {} merge value {transformation:[-0.5690870713256145f,-0.12588397798388812f,-0.8125842290722769f,0.4536757802507535f,0.13107853838889863f,0.9616871521362241f,-0.24078255374912286f,0.6896665407678089f,0.8117624788223861f,-0.24353859140405493f,-0.530783037099966f,0.2341121497570712f,0f,0f,0f,1f],start_interpolation:0}
execute if entity @s[tag=aj.dino.bone.body_0] run data modify entity @s {} merge value {transformation:[-0.6314959458651795f,-0.11946360824432041f,-0.7661209543284202f,0.09146780723131037f,0.3253489317064397f,0.8560458352983263f,-0.40166354141976746f,0.5085189265734634f,0.7038188282458209f,-0.5029055320571035f,-0.501722117145578f,-0.007138406420459384f,0f,0f,0f,1f],start_interpolation:0}
execute if entity @s[tag=aj.dino.bone.leg_left_3] run data modify entity @s {} merge value {transformation:[0.5318258337271328f,0.07046108583078084f,-0.843917364416675f,-0.29690941928389997f,-0.052962379854179294f,0.9973492071877452f,0.04989534289047351f,0.01772963246238754f,0.8451959943709042f,0.018160239687946486f,0.534147860422425f,-0.27150429749326377f,0f,0f,0f,1f],start_interpolation:0}
execute if entity @s[tag=aj.dino.bone.leg_left_2] run data modify entity @s {} merge value {transformation:[0.5175474329550981f,0.24716332524652002f,-0.8503629488608762f,-0.26477311919289065f,-0.1775175499412498f,0.9939040374962775f,0.18084380888531523f,0.2547207073653402f,0.8675796064944924f,0.055921859790028165f,0.544279865044795f,-0.24030236327726814f,0f,0f,0f,1f],start_interpolation:0}
execute if entity @s[tag=aj.dino.bone.leg_left_1] run data modify entity @s {} merge value {transformation:[0.45250424202699274f,0.8867750544488479f,0.09418021955177058f,-0.037870919083911644f,0.06247905755558042f,-0.13687808423089504f,0.9886155761590281f,0.1638584369882436f,0.8895708394020924f,-0.44146845058794737f,-0.11734278342077067f,-0.37172848346420007f,0f,0f,0f,1f],start_interpolation:0}
execute if entity @s[tag=aj.dino.bone.leg_left_0] run data modify entity @s {} merge value {transformation:[0.4761270552834197f,-0.40241812030171387f,-0.781896849769824f,-0.07686009034421037f,0.010057932367722872f,0.8915830355581658f,-0.4527455452032334f,0.5519487226085005f,0.8793189780868065f,0.2077001375967814f,0.4285542994985028f,-0.22282229388137706f,0f,0f,0f,1f],start_interpolation:0}
execute if entity @s[tag=aj.dino.bone.leg_right_3] run data modify entity @s {} merge value {transformation:[-0.2463076329105282f,0.03221226393347784f,-0.9686562445069423f,-0.016664633079697844f,0.1723133218185178f,0.9849800954613311f,-0.011060319563933357f,0.14048683302617623f,0.9537508422506793f,-0.16963661632226806f,-0.24815871797873895f,0.37041878455374766f,0f,0f,0f,1f],start_interpolation:0}
execute if entity @s[tag=aj.dino.bone.leg_right_2] run data modify entity @s {} merge value {transformation:[-0.24466905490673618f,-0.10302877175169926f,-0.9907493756056958f,-0.07091950932918137f,0.29391859813050564f,0.9673077963291865f,-0.17317529943518845f,0.36015700452490873f,0.9517410943868806f,-0.32521208288254777f,-0.2012167734140274f,0.286917310178223f,0f,0f,0f,1f],start_interpolation:0}
execute if entity @s[tag=aj.dino.bone.leg_right_1] run data modify entity @s {} merge value {transformation:[-0.049213113770728324f,0.925780449506113f,-0.3748448062135174f,0.199486361097184f,-0.055447300110871435f,0.3721884564981843f,0.9264995141714405f,0.4110266497714542f,0.9972480465478006f,0.06638005846456596f,0.033015473566745786f,0.3230604989032928f,0f,0f,0f,1f],start_interpolation:0}
execute if entity @s[tag=aj.dino.bone.leg_right_0] run data modify entity @s {} merge value {transformation:[-0.13525387148646287f,-0.7981548743861824f,-0.5870734083072582f,-0.050377009534477796f,0.09692452188836351f,0.5790179040541302f,-0.8095331394337567f,0.6929989947566211f,0.9860588356201851f,-0.16639430061855923f,-0.0009536335905507556f,0.14315171300164778f,0f,0f,0f,1f],start_interpolation:0}
execute if entity @s[tag=aj.dino.bone.tail_4] run data modify entity @s {} merge value {transformation:[0.37111548950766227f,2.725191981506823f,-0.24751421974990134f,-1.3354252685948638f,1.9395572795870066f,-0.08576895247518837f,1.9637776293644749f,1.1793838783936161f,1.930298470249753f,-0.4377598454886227f,-1.9256104136167407f,-0.8923182077415897f,0f,0f,0f,1f],start_interpolation:0}
execute if entity @s[tag=aj.dino.bone.tail_3] run data modify entity @s {} merge value {transformation:[0.22994335209784555f,1.948024185733527f,-0.6987655920748241f,-1.2360033924326308f,1.6501554872633404f,0.2517374103602304f,1.2448135081707044f,0.9658460602146308f,1.2490229976766392f,-0.691213117690049f,-1.5159523420122767f,-0.6285046482293731f,0f,0f,0f,1f],start_interpolation:0}
execute if entity @s[tag=aj.dino.bone.tail_2] run data modify entity @s {} merge value {transformation:[-0.14937277526572915f,1.4774096899315023f,-1.2703236820230868f,-0.9996118935504309f,1.6956406852271675f,0.7261754654365825f,0.6451710897142563f,0.8473367923506565f,0.959825148459099f,-1.0529499876524242f,-1.3374624790591334f,-0.3794141091563039f,0f,0f,0f,1f],start_interpolation:0}
execute if entity @s[tag=aj.dino.bone.tail_1] run data modify entity @s {} merge value {transformation:[-0.03448702441357509f,0.8824312892569197f,-1.2279177150312102f,-0.7461315641586317f,1.1832503600791386f,0.7804839728740302f,0.5276548146841453f,0.7231203088595268f,0.9414804727235114f,-0.9485863365172095f,-0.7081346846844688f,-0.21633540165789683f,0f,0f,0f,1f],start_interpolation:0}
execute if entity @s[tag=aj.dino.bone.tail_0] run data modify entity @s {} merge value {transformation:[-0.37479999492185573f,0.6284512139558376f,-1.048050453016475f,-0.4247012155480315f,0.8302216672396312f,0.9353534147448266f,0.2639728951143795f,0.6685530376898685f,0.8967121408994368f,-0.6033231122596365f,-0.6824545956771936f,-0.03146556850509116f,0f,0f,0f,1f],start_interpolation:0}
execute if entity @s[tag=aj.dino.bone.body_1] run data modify entity @s {} merge value {transformation:[0.08329228115217091f,0.1577606659329095f,-1.22342901847272f,-0.15089740666212592f,0.44361904148379616f,1.1403462023425073f,0.17724920279727577f,0.5505346717171716f,1.151029598659268f,-0.45091762678307085f,0.020217614173229113f,-0.005793378498464892f,0f,0f,0f,1f],start_interpolation:0}