execute if entity @s[tag=aj.dino.bone.head_lower] run data modify entity @s {} merge value {transformation:[-0.9731524393792466f,-0.2296048140777983f,0.01599872127770821f,0.5545306676853926f,-0.22700328904469924f,0.9689531180522435f,0.09797633275298778f,0.21552662654223576f,-0.03799784853265814f,0.09171414486945367f,-0.9950601384528246f,0.5794298401594963f,0f,0f,0f,1f],start_interpolation:0}
execute if entity @s[tag=aj.dino.bone.head_upper] run data modify entity @s {} merge value {transformation:[-1.0129539686696747f,-0.18740624565255098f,-0.14924844732954085f,0.5397192653346079f,-0.23628762898192368f,0.6744506247829826f,0.7568067479241003f,0.28277014998093963f,-0.039551944705206975f,0.770368221309633f,-0.6988851048990643f,0.548536678978605f,0f,0f,0f,1f],start_interpolation:0}
execute if entity @s[tag=aj.dino.bone.neck_0] run data modify entity @s {} merge value {transformation:[-0.9359247674067488f,-0.19496698532523815f,-0.2933133211905174f,0.5242201764493462f,-0.3086893711042625f,0.8550662065459493f,0.41662051628595415f,0.29593003119911754f,0.1695750627948528f,0.48046816445661455f,-0.8604618765650304f,0.48504390754478677f,0f,0f,0f,1f],start_interpolation:0}
execute if entity @s[tag=aj.dino.bone.neck_1] run data modify entity @s {} merge value {transformation:[-0.7389476852921438f,-0.07228442022794011f,-0.6698740784607907f,0.4671400446179998f,-0.3035127132213527f,0.9233491871256578f,0.23517293965803127f,0.3201060201194253f,0.6015283462268393f,0.37709579847393904f,-0.7042459850499017f,0.42712226258910096f,0f,0f,0f,1f],start_interpolation:0}
execute if entity @s[tag=aj.dino.bone.neck_2] run data modify entity @s {} merge value {transformation:[-0.7303154307961964f,0.173557789039207f,-0.6606943812420297f,0.4109575008416506f,0.017885393435435454f,0.97171242060791f,0.23548903230931204f,0.35025029743547775f,0.6828758922693245f,0.16016449512965922f,-0.7127607244070308f,0.3662471879357408f,0f,0f,0f,1f],start_interpolation:0}
execute if entity @s[tag=aj.dino.bone.body_0] run data modify entity @s {} merge value {transformation:[-0.6827170199082264f,0.2529468596445243f,-0.6855037249523914f,0.09029180093224576f,0.23490550828327555f,0.9643458231593708f,0.12188738873752199f,0.416881966067636f,0.6918936861294562f,-0.07781400613674375f,-0.7177939171817662f,0.02721233081920367f,0f,0f,0f,1f],start_interpolation:0}
execute if entity @s[tag=aj.dino.bone.leg_left_3] run data modify entity @s {} merge value {transformation:[0.3609813634356474f,-0.005004024631846932f,-0.9325596039876625f,-0.3065658970168898f,-0.10162550668562045f,0.9938192957607807f,-0.04467061410410028f,0.021569627283101245f,0.9270192617432671f,0.11089710145459357f,0.3582417078537028f,-0.3449378337547576f,0f,0f,0f,1f],start_interpolation:0}
execute if entity @s[tag=aj.dino.bone.leg_left_2] run data modify entity @s {} merge value {transformation:[0.3099329848101243f,0.30988622365694496f,-0.9273479782773133f,-0.2625102511576014f,-0.31717361168950586f,0.9520802472457975f,0.2121468886241575f,0.2495623833970272f,0.9248808812356412f,0.22265653076591757f,0.38351222188186435f,-0.2797498341420029f,0f,0f,0f,1f],start_interpolation:0}
execute if entity @s[tag=aj.dino.bone.leg_left_1] run data modify entity @s {} merge value {transformation:[0.2989228012800351f,0.8917022545880501f,0.3398709284971061f,-0.04424132822723145f,-0.07029569868422872f,-0.33461180211766905f,0.9397305234108669f,0.11021901318233118f,0.9516846503025006f,-0.3047983448874916f,-0.03734026422580547f,-0.37952702652479153f,0f,0f,0f,1f],start_interpolation:0}
execute if entity @s[tag=aj.dino.bone.leg_left_0] run data modify entity @s {} merge value {transformation:[0.31402048210983435f,-0.26305091050667273f,-0.9122474200002528f,-0.036748095492224714f,-0.12570541621987075f,0.9408719286549619f,-0.31457616280017386f,0.49062790062605155f,0.9410575355144319f,0.21345779992940736f,0.2623861324475836f,-0.20765437488566935f,0f,0f,0f,1f],start_interpolation:0}
execute if entity @s[tag=aj.dino.bone.leg_right_3] run data modify entity @s {} merge value {transformation:[-0.5436879954378117f,0.022875640109418838f,-0.8389756067409819f,-0.10068838044778333f,0.1105467657384811f,0.9928712004400485f,-0.04456671315565264f,0.0278048365429652f,0.8319752257138281f,-0.1169764267975439f,-0.5423409807234776f,0.38379508725934164f,0f,0f,0f,1f],start_interpolation:0}
execute if entity @s[tag=aj.dino.bone.leg_right_2] run data modify entity @s {} merge value {transformation:[-0.5525140553853782f,-0.08188400069348861f,-0.8602821795973264f,-0.1455048364789209f,0.1816943013753896f,0.98725417106022f,-0.21066224643395765f,0.25114006679647716f,0.844853596163268f,-0.26586916266336924f,-0.5172989357183782f,0.30452382977949877f,0f,0f,0f,1f],start_interpolation:0}
execute if entity @s[tag=aj.dino.bone.leg_right_1] run data modify entity @s {} merge value {transformation:[-0.36433802582786695f,0.8347864918692467f,-0.41278240748424494f,0.09591697774739069f,-0.16736676654431626f,0.37733630625674786f,0.9108269195829768f,0.3020104914731732f,0.9161037978266179f,0.4009349385787556f,0.0022375510042660363f,0.43157143175865686f,0f,0f,0f,1f],start_interpolation:0}
execute if entity @s[tag=aj.dino.bone.leg_right_0] run data modify entity @s {} merge value {transformation:[-0.48458284356894293f,-0.7044280675693658f,-0.5186140813158919f,-0.08210077493516041f,0.08200432212800494f,0.5536804759257049f,-0.8286816166242688f,0.5773281999822568f,0.8708930811936467f,-0.4440934903814444f,-0.21053791328371746f,0.17308135907575f,0f,0f,0f,1f],start_interpolation:0}
execute if entity @s[tag=aj.dino.bone.tail_4] run data modify entity @s {} merge value {transformation:[1.3935428061359112f,1.0170548677095113f,-2.1562233592870754f,-1.7583559807341693f,1.360883031360195f,1.7113205013528512f,1.6867248881205592f,0.8962215465000489f,1.957472133651649f,-1.9138032472847923f,0.36238282003903893f,-0.16118560877423632f,0f,0f,0f,1f],start_interpolation:0}
execute if entity @s[tag=aj.dino.bone.tail_3] run data modify entity @s {} merge value {transformation:[0.7806920950182031f,0.34813234102849266f,-1.8987546581774477f,-1.439804105792103f,1.4066667089723348f,1.300071486922204f,0.8167303256309728f,0.7450120446908921f,1.322026531008162f,-1.5888875127164777f,0.2522456130215443f,-0.18840863153598092f,0f,0f,0f,1f],start_interpolation:0}
execute if entity @s[tag=aj.dino.bone.tail_2] run data modify entity @s {} merge value {transformation:[0.15473528216128543f,0.1192566237954283f,-1.9443787504337113f,-1.0782055471827814f,1.2350359508035196f,1.5023965026957982f,0.19043325317039217f,0.7108816596028148f,1.5064916420876988f,-1.2439278441176271f,0.04359272819586079f,-0.19569445300931237f,0f,0f,0f,1f],start_interpolation:0}
execute if entity @s[tag=aj.dino.bone.tail_1] run data modify entity @s {} merge value {transformation:[0.27527420422686155f,0.29840778626606396f,-1.4569945626470455f,-0.7685872891799332f,0.8524929983458486f,1.1824973116797564f,0.40325183898087197f,0.6088371070414726f,1.2186615815141517f,-0.8945999949507808f,0.04702179043262412f,-0.19604173195400199f,0f,0f,0f,1f],start_interpolation:0}
execute if entity @s[tag=aj.dino.bone.tail_0] run data modify entity @s {} merge value {transformation:[-0.3286931403649452f,0.39564285042343267f,-1.1701552337061436f,-0.4170931661964059f,0.6189476282413141f,1.1006472008579964f,0.19828083447962774f,0.5774554163187796f,1.0689716411371772f,-0.5156337757908288f,-0.47461263815053506f,-0.06979204959318383f,0f,0f,0f,1f],start_interpolation:0}
execute if entity @s[tag=aj.dino.bone.body_1] run data modify entity @s {} merge value {transformation:[-0.14263930070315067f,0.2043799918229662f,-1.2109861452112534f,-0.1493222934793793f,0.27268223670187713f,1.1939666540213147f,0.16938896637224526f,0.4576527272727273f,1.1974568980712532f,-0.2475420026658919f,-0.18282376550651705f,-0.010614374505967928f,0f,0f,0f,1f],start_interpolation:0}