execute if entity @s[tag=aj.dino.bone.head_lower] run data modify entity @s {} merge value {transformation:[-0.8369814810618914f,-0.36625077815921353f,-0.4065985340077023f,-0.15797180568456304f,-0.54688510487474f,0.5862422304937402f,0.5976928385482536f,0.46134474866577724f,0.019459764273673307f,0.7226205191409214f,-0.6909709855637347f,0.8695021715218605f,0f,0f,0f,1f],start_interpolation:0}
execute if entity @s[tag=aj.dino.bone.head_upper] run data modify entity @s {} merge value {transformation:[-0.8712136748950391f,-0.5209779257277879f,-0.2303056147030705f,-0.1858173392683163f,-0.5692524777953232f,0.8112893385320326f,0.3181716019566316f,0.5013192360708854f,0.020255660524231434f,0.39225444888762645f,-0.9639492196833294f,0.8118643097647499f,0f,0f,0f,1f],start_interpolation:0}
execute if entity @s[tag=aj.dino.bone.neck_0] run data modify entity @s {} merge value {transformation:[-0.7965119832663644f,-0.590392178179991f,-0.13040604455686933f,-0.18440909364890876f,-0.602011169727549f,0.7543808567157168f,0.26170990532291544f,0.5061913983457533f,-0.05613565744115627f,0.28696097115243174f,-0.9562960781049471f,0.7453886365200233f,0f,0f,0f,1f],start_interpolation:0}
execute if entity @s[tag=aj.dino.bone.neck_1] run data modify entity @s {} merge value {transformation:[-0.8586220751288849f,-0.512507872127103f,-0.010188871827454642f,-0.18763328452504247f,-0.505170884974309f,0.8426220305152029f,0.18652209162646058f,0.5258741219757969f,-0.08700867241626489f,0.1652991067676567f,-0.9823979317090272f,0.6629281500539053f,0f,0f,0f,1f],start_interpolation:0}
execute if entity @s[tag=aj.dino.bone.neck_2] run data modify entity @s {} merge value {transformation:[-0.9489672572779011f,-0.3126502550819452f,0.0413637838169133f,-0.18707054823796393f,-0.3067712547609741f,0.9455317644844563f,0.10890858369884342f,0.544672677653849f,-0.07316106797221641f,0.09066146010353601f,-0.9931907962647761f,0.576804819727965f,0f,0f,0f,1f],start_interpolation:0}
execute if entity @s[tag=aj.dino.bone.body_0] run data modify entity @s {} merge value {transformation:[-0.9473297563286202f,-0.17214709446722168f,0.2700587170243734f,-0.061432803883233966f,-0.21125150806811438f,0.9696702895490682f,-0.1229322167081256f,0.4959725065109388f,-0.24070549040955536f,-0.17350765813738483f,-0.9549638524333662f,0.12508105986223492f,0f,0f,0f,1f],start_interpolation:0}
execute if entity @s[tag=aj.dino.bone.leg_left_3] run data modify entity @s {} merge value {transformation:[-0.8898254491675587f,-0.03956821852443712f,-0.45458225448927864f,0.32579343490048274f,-0.10985937175968626f,0.9855058762135993f,0.12926363133160498f,0.05982558446807143f,0.4428787514098185f,0.16496218970196916f,-0.8812751485877788f,-0.23174069031300365f,0f,0f,0f,1f],start_interpolation:0}
execute if entity @s[tag=aj.dino.bone.leg_left_2] run data modify entity @s {} merge value {transformation:[-0.8709183898439816f,-0.2780818891098445f,-0.4650094845068875f,0.24525095051693296f,-0.3799921772049023f,0.9409991247117709f,0.14895902810992445f,0.28318510373323064f,0.3862244205061859f,0.29875292423920363f,-0.9020197263718126f,-0.18937908707400636f,0f,0f,0f,1f],start_interpolation:0}
execute if entity @s[tag=aj.dino.bone.leg_left_1] run data modify entity @s {} merge value {transformation:[-0.9552842305598391f,0.2598662991419903f,-0.1410728372648047f,0.3423555599415924f,-0.10150708386384658f,0.15989551292191917f,0.981901083038864f,0.27656894356109324f,0.27771991424662806f,0.9523145129198031f,-0.1263673918111929f,0.07050609317455375f,0f,0f,0f,1f],start_interpolation:0}
execute if entity @s[tag=aj.dino.bone.leg_left_0] run data modify entity @s {} merge value {transformation:[-0.9398223319345752f,-0.294908528263881f,-0.17251940283425782f,0.13133061582035027f,-0.14947776675801971f,0.8089560829340756f,-0.5685476700585379f,0.6230941058060165f,0.30723017697174904f,-0.5085459820322925f,-0.8043572604985418f,-0.027962498032030145f,0f,0f,0f,1f],start_interpolation:0}
execute if entity @s[tag=aj.dino.bone.leg_right_3] run data modify entity @s {} merge value {transformation:[-0.9842921607641485f,-0.01500388280285611f,0.17590857215918124f,-0.2787689484846876f,-0.021996740983401698f,0.999040526779639f,-0.03787042695786341f,0.026486958796356597f,-0.17517158914719266f,-0.041144979677961546f,-0.9836777953186439f,-0.08423469648107346f,0f,0f,0f,1f],start_interpolation:0}
execute if entity @s[tag=aj.dino.bone.leg_right_2] run data modify entity @s {} merge value {transformation:[-1.010862843892842f,0.004542779308300388f,0.1737753535278416f,-0.27077136577149913f,-0.0006990123297280421f,1.0252360229199315f,-0.030867591253269277f,0.2645151247666571f,-0.17383331590731724f,-0.030539482054744847f,-1.0104016616263007f,-0.12230966124240186f,0f,0f,0f,1f],start_interpolation:0}
execute if entity @s[tag=aj.dino.bone.leg_right_1] run data modify entity @s {} merge value {transformation:[-0.9262389987228103f,-0.11532530593028756f,-0.3588612420658592f,-0.3015156214863715f,-0.37389756714292866f,0.16044798142613503f,0.9134862092778837f,0.2522095406182734f,-0.04776951464652801f,0.9802838971789573f,-0.1917330289805878f,0.15322028086747344f,0f,0f,0f,1f],start_interpolation:0}
execute if entity @s[tag=aj.dino.bone.leg_right_0] run data modify entity @s {} merge value {transformation:[-0.967905550634412f,-0.14021556997890527f,0.20856279386934384f,-0.2610033033635549f,-0.23646303135062893f,0.7891675592051097f,-0.5668331309148409f,0.6357010186310988f,-0.08511216044471673f,-0.5979583241612583f,-0.796995459655005f,-0.0067807095554218155f,0f,0f,0f,1f],start_interpolation:0}
execute if entity @s[tag=aj.dino.bone.tail_4] run data modify entity @s {} merge value {transformation:[-2.384755425049824f,-0.33572341141810186f,-1.3512559658781247f,-0.47204494557497156f,0.20630929328527614f,2.5651955367971446f,-1.0014338046521782f,0.42756276543775795f,1.3769674541540777f,-0.9657758438798307f,-2.190182408197692f,-1.6592116108995134f,0f,0f,0f,1f],start_interpolation:0}
execute if entity @s[tag=aj.dino.bone.tail_3] run data modify entity @s {} merge value {transformation:[-1.8734227632630582f,-0.1333922947169741f,-0.8991324551157026f,-0.3182799595174533f,0.26319024102919014f,1.8919139913335246f,-0.8290584252438981f,0.5496265735497889f,0.870036535531266f,-0.8595425941458837f,-1.6852799416518796f,-1.3650391117656104f,0f,0f,0f,1f],start_interpolation:0}
execute if entity @s[tag=aj.dino.bone.tail_2] run data modify entity @s {} merge value {transformation:[-1.8626244135303034f,-0.002711153673571583f,-0.5910979773010794f,-0.20977409000794706f,0.2252193562679123f,1.8034894149442144f,-0.7179666055947295f,0.6836906802367648f,0.5465166151965887f,-0.7524576099905621f,-1.7186916563142247f,-1.0453130171950393f,0f,0f,0f,1f],start_interpolation:0}
execute if entity @s[tag=aj.dino.bone.tail_1] run data modify entity @s {} merge value {transformation:[-1.3803751002671896f,0.09612397736517544f,-0.6107217152990765f,-0.07820983545116922f,0.14692672676787866f,1.5023058041185617f,-0.0956350243005097f,0.6857657643111194f,0.600527575989333f,-0.14660730502666364f,-1.3804090620497955f,-0.7470459926217019f,0f,0f,0f,1f],start_interpolation:0}
execute if entity @s[tag=aj.dino.bone.tail_0] run data modify entity @s {} merge value {transformation:[-1.2772556795953802f,0.04710420828738328f,0.01532446041432142f,-0.08155129050307462f,0.0475050932501979f,1.2768635693197448f,0.03461803061063812f,0.7064625636293062f,-0.01403252082347628f,0.03516156267414586f,-1.27765506669589f,-0.3728369755244383f,0f,0f,0f,1f],start_interpolation:0}
execute if entity @s[tag=aj.dino.bone.body_1] run data modify entity @s {} merge value {transformation:[-1.2339345009357665f,0.053833512690326116f,-0.05578705376762089f,-0.07220765106316289f,0.039650165138708775f,1.2027440023986635f,0.2836182718986328f,0.5595119444444445f,0.06661911783507832f,0.2812710661652104f,-1.2021036043259383f,-0.11231032865269516f,0f,0f,0f,1f],start_interpolation:0}