execute if entity @s[tag=aj.dino.bone.head_lower] run data modify entity @s {} merge value {transformation:[-0.962850539190979f,0.23045394432259136f,0.14074735779331968f,0.1309788898462309f,0.2694202595199791f,0.7847017365426329f,0.5582615054140515f,0.5667910013463346f,0.018208869811930678f,0.5754425811609147f,-0.8176394516209672f,0.9125227752011117f,0f,0f,0f,1f],start_interpolation:0}
execute if entity @s[tag=aj.dino.bone.head_upper] run data modify entity @s {} merge value {transformation:[-1.0022307250561655f,0.1171203256729469f,0.2555158422704209f,0.150912263723502f,0.2804394358759048f,0.35285391498708035f,0.9382535798319137f,0.6394820290998933f,0.018953605000209556f,0.9722391097749874f,-0.37130017083882816f,0.9087635755792283f,0f,0f,0f,1f],start_interpolation:0}
execute if entity @s[tag=aj.dino.bone.neck_0] run data modify entity @s {} merge value {transformation:[-0.9647426871203724f,0.2164238713645484f,-0.1497740149403251f,0.13802636234495289f,0.05980939224292147f,0.734446631008278f,0.6760258743569824f,0.6712543578657643f,0.2563091575564472f,0.6432331257826913f,-0.7214961965586046f,0.8515865791142809f,0f,0f,0f,1f],start_interpolation:0}
execute if entity @s[tag=aj.dino.bone.neck_1] run data modify entity @s {} merge value {transformation:[-0.9396129316901332f,0.24433616249250822f,-0.2396401016088664f,0.11885132662093098f,0.14408306580725866f,0.9175518461934825f,0.37059233625982185f,0.7068754394328172f,0.31043132694406717f,0.31368527100481847f,-0.8973482835590534f,0.7770145106334678f,0f,0f,0f,1f],start_interpolation:0}
execute if entity @s[tag=aj.dino.bone.neck_2] run data modify entity @s {} merge value {transformation:[-0.9066590443767587f,0.21589754397806835f,-0.36243292862826426f,0.08921325571764058f,0.21982398623799293f,0.9750495093203201f,0.030917138429058993f,0.7191303567399303f,0.3600649834741795f,-0.05164014793202043f,-0.9314969150766405f,0.6949028053225441f,0f,0f,0f,1f],start_interpolation:0}
execute if entity @s[tag=aj.dino.bone.body_0] run data modify entity @s {} merge value {transformation:[-0.8744919134214247f,0.11792666122822341f,-0.4704861272472325f,-0.13140169287447756f,0.25773859047010017f,0.934694770608474f,-0.24477848103879207f,0.6126713126041604f,0.41089501377240056f,-0.3353192335204411f,-0.8477772698582114f,0.2921542223548069f,0f,0f,0f,1f],start_interpolation:0}
execute if entity @s[tag=aj.dino.bone.leg_left_3] run data modify entity @s {} merge value {transformation:[-0.6819415723093943f,0.2193340761394757f,-0.6977451218032512f,0.03332099804473948f,-0.09505758895907852f,0.91930786584762f,0.3818862429729327f,0.0914905132697588f,0.7252032451233777f,0.3267500739628645f,-0.606064883018134f,-0.08131580633364785f,0f,0f,0f,1f],start_interpolation:0}
execute if entity @s[tag=aj.dino.bone.leg_left_2] run data modify entity @s {} merge value {transformation:[-0.7011464163871639f,0.3063092460639563f,-0.6831036144421011f,0.0825225338383439f,-0.0952046633085041f,0.8918339046800852f,0.49762491702896294f,0.31460684198349514f,0.7425577246062736f,0.4035704792715869f,-0.5812065840892973f,-0.004054012393368001f,0f,0f,0f,1f],start_interpolation:0}
execute if entity @s[tag=aj.dino.bone.leg_left_1] run data modify entity @s {} merge value {transformation:[-0.7843601383195196f,0.6152584447633954f,-0.07896973827176967f,0.26947830761529545f,0.09308590030472078f,0.2426130882104915f,0.9656468840075177f,0.32744908295607916f,0.6132814921223723f,0.7500639543240937f,-0.24756792167778985f,0.2006311144674497f,0f,0f,0f,1f],start_interpolation:0}
execute if entity @s[tag=aj.dino.bone.leg_left_0] run data modify entity @s {} merge value {transformation:[-0.7564984296927217f,-0.5055835328620543f,-0.41484384673171903f,0.016778335322799154f,0.05866311459407747f,0.5793065476788962f,-0.8129960410742976f,0.6279077103201909f,0.6513591673251924f,-0.6393662605385764f,-0.4085853889046316f,0.05859373977227118f,0f,0f,0f,1f],start_interpolation:0}
execute if entity @s[tag=aj.dino.bone.leg_right_3] run data modify entity @s {} merge value {transformation:[-0.9619672353473594f,-0.01941622144343727f,-0.272473940887964f,-0.6820290855332807f,-0.02906972279757816f,0.9990829192517947f,0.03143678857301784f,0.09448583698596882f,0.2716136766339836f,0.038161902522962296f,-0.9616494578905551f,-0.16008936262722367f,0f,0f,0f,1f],start_interpolation:0}
execute if entity @s[tag=aj.dino.bone.leg_right_2] run data modify entity @s {} merge value {transformation:[-0.9405007366825611f,0.29944093695233726f,-0.279026323269617f,-0.6193939286629598f,0.3059555965220521f,0.9788187561393922f,0.01916285697027927f,0.322764633106409f,0.2718671307037498f,-0.06565948071325572f,-0.9868329622261667f,-0.20631381969973517f,0f,0f,0f,1f],start_interpolation:0}
execute if entity @s[tag=aj.dino.bone.leg_right_1] run data modify entity @s {} merge value {transformation:[-0.9120239643281921f,0.38291250357807277f,-0.14693639132175884f,-0.5257391395368693f,-0.07379033097479012f,0.1992196198456558f,0.9771727227686944f,0.3235912208270925f,0.4034442657241761f,0.902047425400752f,-0.1534378270901788f,0.054916888461179994f,0f,0f,0f,1f],start_interpolation:0}
execute if entity @s[tag=aj.dino.bone.leg_right_0] run data modify entity @s {} merge value {transformation:[-0.9090593932274807f,0.07123331970704376f,-0.4105323784409684f,-0.3586492725948873f,-0.01690057055434256f,0.978163374242816f,0.2071491829692952f,0.6927518380924534f,0.41632366050925107f,0.19524914200431953f,-0.8880047197209906f,0.15545888759597687f,0f,0f,0f,1f],start_interpolation:0}
execute if entity @s[tag=aj.dino.bone.tail_4] run data modify entity @s {} merge value {transformation:[-2.5965938958131694f,0.21783995210952617f,-0.9142796219377897f,-0.907830583001374f,0.16492234690094867f,2.7501883922089365f,0.18688434512260257f,0.3835264324455525f,0.9252902740861764f,0.121123466859813f,-2.599005260875281f,-1.4389893469505464f,0f,0f,0f,1f],start_interpolation:0}
execute if entity @s[tag=aj.dino.bone.tail_3] run data modify entity @s {} merge value {transformation:[-1.9529075892076422f,0.1245646643061808f,-0.711745121842031f,-0.7883638752884035f,0.12419853735412031f,2.078459110200521f,0.022977741142187404f,0.3592909025536782f,0.7118091017813246f,-0.02090209738731201f,-1.9567412785012022f,-1.1069937923510165f,0f,0f,0f,1f],start_interpolation:0}
execute if entity @s[tag=aj.dino.bone.tail_2] run data modify entity @s {} merge value {transformation:[-1.8328872997884196f,0.07592556145957602f,-0.6734488327958856f,-0.6645084608142169f,0.11652665609115602f,1.9482530899216672f,-0.09749518466911722f,0.3779648019448237f,0.6676223181539891f,-0.1316019822438095f,-1.831866598192939f,-0.7659914378780637f,0f,0f,0f,1f],start_interpolation:0}
execute if entity @s[tag=aj.dino.bone.tail_1] run data modify entity @s {} merge value {transformation:[-1.249318806673669f,-0.0059997416603048866f,-0.8525390151726134f,-0.4797846718212131f,0.12464009460470202f,1.494926990500755f,-0.1931693295771543f,0.40113967071791906f,0.8434000332632262f,-0.22981198004535344f,-1.2343091540287723f,-0.4983784257948577f,0f,0f,0f,1f],start_interpolation:0}
execute if entity @s[tag=aj.dino.bone.tail_0] run data modify entity @s {} merge value {transformation:[-1.0687942062426543f,0.008724716764371615f,-0.7010267759533466f,-0.2747178115522179f,0.29816843054664033f,1.1624207193113922f,-0.44012427213795713f,0.5578054951042047f,0.6345157589150293f,-0.5315427237927303f,-0.9740060580178735f,-0.2265782904204191f,0f,0f,0f,1f],start_interpolation:0}
execute if entity @s[tag=aj.dino.bone.body_1] run data modify entity @s {} merge value {transformation:[-1.1807622419622374f,0.1074706759106455f,-0.35050702822036206f,-0.20046875000000003f,0.2039421078037759f,1.174823174234925f,-0.3268068558053492f,0.5546508333333333f,0.3046518335364383f,-0.36992588197655796f,-1.1397134276751337f,0.06330625000000001f,0f,0f,0f,1f],start_interpolation:0}