execute if entity @s[tag=aj.dino.bone.head_lower] run data modify entity @s {} merge value {transformation:[-0.9859401053500512f,-0.15349021746978153f,-0.06605196290352527f,-0.0924982916796823f,-0.16673500898316798f,0.877589948040473f,0.44948339221566663f,0.4253101717803721f,-0.01102476492776179f,0.4541768777022882f,-0.8908433186138227f,0.8492210632417108f,0f,0f,0f,1f],start_interpolation:0}
execute if entity @s[tag=aj.dino.bone.head_upper] run data modify entity @s {} merge value {transformation:[-1.026264644850491f,-0.14543610776462118f,-0.09539999932746027f,-0.1026592275526069f,-0.17355440137765915f,0.8185837957750327f,0.6190891548399868f,0.4863157536156878f,-0.011475673219655196f,0.6262913462888694f,-0.831323884578892f,0.8059714290361156f,0f,0f,0f,1f],start_interpolation:0}
execute if entity @s[tag=aj.dino.bone.neck_0] run data modify entity @s {} merge value {transformation:[-0.9693888003499911f,-0.24185066648254086f,0.042351019798294476f,-0.09568180766116266f,-0.22400251409529157f,0.9417668678975892f,0.25079481695073663f,0.4873183554535161f,-0.10053968089761109f,0.2336309518285528f,-0.967113411608324f,0.7396762809820525f,0f,0f,0f,1f],start_interpolation:0}
execute if entity @s[tag=aj.dino.bone.neck_1] run data modify entity @s {} merge value {transformation:[-0.9775128903852931f,-0.20078818840663476f,0.06444107794699916f,-0.0911478086553696f,-0.1807613750043813f,0.9552113017213426f,0.23430043612922227f,0.5115672166525029f,-0.10859960606335056f,0.21738323868274678f,-0.9700261094953504f,0.6585037953228159f,0f,0f,0f,1f],start_interpolation:0}
execute if entity @s[tag=aj.dino.bone.neck_2] run data modify entity @s {} merge value {transformation:[-0.9898756674262192f,-0.12444849496612409f,0.06825492757422849f,-0.0863865936339381f,-0.10644187629394425f,0.968979666541623f,0.22304379121578316f,0.5405944421391738f,-0.09389510108904117f,0.21352043913768953f,-0.9724159254464765f,0.5754033656836961f,0f,0f,0f,1f],start_interpolation:0}
execute if entity @s[tag=aj.dino.bone.body_0] run data modify entity @s {} merge value {transformation:[-0.9881694878184918f,-0.0741461567613903f,0.13425129713360148f,-0.023820795563084158f,-0.07592039436341429f,0.9970806733008101f,-0.008137852892932035f,0.5462575423517151f,-0.133255983221178f,-0.018233989347333834f,-0.990913903711235f,0.10821565725070997f,0f,0f,0f,1f],start_interpolation:0}
execute if entity @s[tag=aj.dino.bone.leg_left_3] run data modify entity @s {} merge value {transformation:[-0.9726741406941857f,-0.028770789664802527f,-0.23038502053495383f,0.24260335533400246f,-0.03343196253267338f,0.9993071972470655f,0.016353269135820525f,0.011629672586960127f,0.2297549126918536f,0.023608625378838746f,-0.9729621333339139f,-0.18932753072396885f,0f,0f,0f,1f],start_interpolation:0}
execute if entity @s[tag=aj.dino.bone.leg_left_2] run data modify entity @s {} merge value {transformation:[-0.9867305708387026f,-0.16356469843427662f,-0.22731381282079294f,0.195920854248275f,-0.13802529400636687f,1.008468173532104f,-0.1265035995059945f,0.24257848231291562f,0.24366780314083003f,-0.09110835252391078f,-0.9921630255727106f,-0.24084901599527192f,0f,0f,0f,1f],start_interpolation:0}
execute if entity @s[tag=aj.dino.bone.leg_left_1] run data modify entity @s {} merge value {transformation:[-0.9779073668136546f,0.13155379768548378f,0.16245239378387497f,0.24251968065562146f,0.1940257340672574f,0.2820280598331312f,0.9395819219133698f,0.2655006473265964f,0.0777894366302154f,0.9503440281189157f,-0.3013221395242426f,0.031761529267212776f,0f,0f,0f,1f],start_interpolation:0}
execute if entity @s[tag=aj.dino.bone.leg_left_0] run data modify entity @s {} merge value {transformation:[-0.9849723159368488f,0.09005657000684827f,-0.14737486568815664f,0.17534778039550725f,0.1406004685567565f,0.9136620623216098f,-0.38138319852327407f,0.6716294503726008f,0.10030476100176453f,-0.3963728674781161f,-0.9125938334481308f,-0.037913500092795926f,0f,0f,0f,1f],start_interpolation:0}
execute if entity @s[tag=aj.dino.bone.leg_right_3] run data modify entity @s {} merge value {transformation:[-0.9831405144500704f,0.00118375344542615f,0.18284782627811236f,-0.21741846008780905f,0.001811757667287957f,0.999993020251767f,0.00326756513387505f,0.01893085035375036f,-0.18284268205483475f,0.0035437516179234463f,-0.983135797051183f,-0.0949101710276333f,0f,0f,0f,1f],start_interpolation:0}
execute if entity @s[tag=aj.dino.bone.leg_right_2] run data modify entity @s {} merge value {transformation:[-1.00882522464879f,0.055902719735484725f,0.17665998850670156f,-0.19736296280903157f,0.008011803336956884f,0.9901524643065586f,-0.26757449044263054f,0.24145227255348528f,-0.18512070824276267f,-0.2617922513263508f,-0.9742983834667247f,-0.1857565565205293f,0f,0f,0f,1f],start_interpolation:0}
execute if entity @s[tag=aj.dino.bone.leg_right_1] run data modify entity @s {} merge value {transformation:[-0.9417526557999172f,-0.11386869187112263f,-0.31644250078862934f,-0.23027019714700894f,-0.3360338126033993f,0.3564766992548004f,0.8717830232779405f,0.28536742607670856f,0.013535585728953576f,0.927339357463039f,-0.37397660891961165f,0.08627645412160363f,0f,0f,0f,1f],start_interpolation:0}
execute if entity @s[tag=aj.dino.bone.leg_right_0] run data modify entity @s {} merge value {transformation:[-0.9646379815588115f,-0.22447608606764113f,0.13814503725394822f,-0.21748878924442694f,-0.26332733590201307f,0.8436195424321555f,-0.46793672840813527f,0.6853114009292681f,-0.011501247797093925f,-0.4877669058170239f,-0.8728981423332256f,-0.032840006351397846f,0f,0f,0f,1f],start_interpolation:0}
execute if entity @s[tag=aj.dino.bone.tail_4] run data modify entity @s {} merge value {transformation:[-2.6508971773870775f,-0.08486839702793764f,0.7688971593829224f,0.02621628709743392f,-0.15930747616782712f,2.7458491559773996f,-0.2461602572618874f,0.5461383930183393f,-0.7569852142269731f,-0.2806618951765803f,-2.6408073798816973f,-1.780919634569588f,0f,0f,0f,1f],start_interpolation:0}
execute if entity @s[tag=aj.dino.bone.tail_3] run data modify entity @s {} merge value {transformation:[-2.0517784703200777f,0.03941630022091587f,0.3529829883327796f,-0.034022302987425354f,-0.039210118607849204f,2.0316449445456426f,-0.4547822687235466f,0.603371418958419f,-0.3530059509048014f,-0.45476444520594655f,-2.0011300867376836f,-1.437151694759756f,0f,0f,0f,1f],start_interpolation:0}
execute if entity @s[tag=aj.dino.bone.tail_2] run data modify entity @s {} merge value {transformation:[-1.9508324051031893f,0.07969209026084266f,0.08170662734404228f,-0.05063495685387931f,0.053392898084452516f,1.8736387896286197f,-0.5526307622960573f,0.7065895895231703f,-0.10087616485683706f,-0.5494549406017165f,-1.8726177246343998f,-1.0892414865652853f,0f,0f,0f,1f],start_interpolation:0}
execute if entity @s[tag=aj.dino.bone.tail_1] run data modify entity @s {} merge value {transformation:[-1.5024921742067778f,0.07310612069143116f,-0.15757224236787054f,-0.016185376331880413f,0.09109177422625225f,1.4998412077351035f,-0.172727792343964f,0.7253376474440112f,0.14790471634029298f,-0.1810748372832514f,-1.4943200287044076f,-0.7656083397386921f,0f,0f,0f,1f],start_interpolation:0}
execute if entity @s[tag=aj.dino.bone.tail_0] run data modify entity @s {} merge value {transformation:[-1.2770607308364097f,0.04684695074705962f,0.027513079531469056f,-0.023094837262393583f,0.04712223596184413f,1.2772868236588235f,0.01239280313478966f,0.7525393886741509f,-0.02703888343772084f,0.013395891059722023f,-1.2778596031916751f,-0.3918647967516868f,0f,0f,0f,1f],start_interpolation:0}
execute if entity @s[tag=aj.dino.bone.body_1] run data modify entity @s {} merge value {transformation:[-1.2355153934084222f,0.04549442250904985f,-0.006046918855857361f,-0.02475338553914518f,0.04303128026015853f,1.2049728355593827f,0.27348376467242563f,0.6077947727272728f,0.015956711009884064f,0.2730848185835292f,-1.2057257815478601f,-0.1299446425461815f,0f,0f,0f,1f],start_interpolation:0}