execute if entity @s[tag=aj.dino.bone.head_lower] run data modify entity @s {} merge value {transformation:[-0.9982463595313157f,0.009555223399216993f,0.05842005981053558f,-0.015714041307551437f,0.03732066825806398f,0.8676332067077912f,0.4958021645159759f,0.57966712022275f,-0.04594968338571042f,0.4971129814476247f,-0.8664682973271477f,0.8888070812089699f,0f,0f,0f,1f],start_interpolation:0}
execute if entity @s[tag=aj.dino.bone.head_upper] run data modify entity @s {} merge value {transformation:[-1.0390742197001634f,-0.005638732703031852f,0.06135888877340961f,-0.01193329577425052f,0.03884706803954036f,0.7446335957996709f,0.7262807004834225f,0.6464676081137323f,-0.04782900629048457f,0.7272970199880262f,-0.7431173349191286f,0.8538949447441813f,0f,0f,0f,1f],start_interpolation:0}
execute if entity @s[tag=aj.dino.bone.neck_0] run data modify entity @s {} merge value {transformation:[-0.9990253287193653f,0.025491770492696325f,-0.03603556873856749f,-0.014354392388401372f,0.024796777296829345f,0.9995002864292573f,0.01960350130777906f,0.6315034310944103f,0.03651728923203057f,0.01869082836527966f,-0.9991582159608975f,0.7889723142397398f,0f,0f,0f,1f],start_interpolation:0}
execute if entity @s[tag=aj.dino.bone.neck_1] run data modify entity @s {} merge value {transformation:[-0.9973084867874783f,0.05037841288863274f,-0.053270983626108014f,-0.01863505683231649f,0.045102947948762434f,0.9943611787274026f,0.09597692600923238f,0.644214834079796f,0.05780576327669979f,0.0933159244431136f,-0.9939570574110961f,0.7052010005900603f,0f,0f,0f,1f],start_interpolation:0}
execute if entity @s[tag=aj.dino.bone.neck_2] run data modify entity @s {} merge value {transformation:[-0.9977388424421317f,0.046364221821730604f,-0.0486575915669966f,-0.022443892076248764f,0.04048162894806626f,0.992470128475187f,0.1156039869647978f,0.6640595132194169f,0.053651095048902614f,0.11337284956863093f,-0.9921028963674796f,0.6193953371518541f,0f,0f,0f,1f],start_interpolation:0}
execute if entity @s[tag=aj.dino.bone.body_0] run data modify entity @s {} merge value {transformation:[-0.9985837130059781f,0.03010743968493919f,-0.043864680493674466f,-0.042830340503067034f,0.03490383753736546f,0.9929773501893228f,-0.11303850731567698f,0.6202442390981818f,0.040153334162427834f,-0.11440945802952178f,-0.9926218744663203f,0.150486476948353f,0f,0f,0f,1f],start_interpolation:0}
execute if entity @s[tag=aj.dino.bone.leg_left_3] run data modify entity @s {} merge value {transformation:[-0.9614477240166128f,0.1000686220071495f,-0.25613384171730547f,0.10587507415560572f,0.10414502938321889f,0.9945593086496929f,-0.002365255380231246f,0.006556170431765568f,0.2545036086935583f,-0.028949135873726994f,-0.9666384332800559f,-0.02383662536369678f,0f,0f,0f,1f],start_interpolation:0}
execute if entity @s[tag=aj.dino.bone.leg_left_2] run data modify entity @s {} merge value {transformation:[-0.9869248454886447f,0.03744355460603632f,-0.2768384530305972f,0.10451647039945665f,0.10706218554392974f,0.98953370857215f,-0.2478364935329328f,0.22972187736936406f,0.2580295279313327f,-0.2673634592060163f,-0.9560333377542968f,-0.11530407044057286f,0f,0f,0f,1f],start_interpolation:0}
execute if entity @s[tag=aj.dino.bone.leg_left_1] run data modify entity @s {} merge value {transformation:[-0.9461584125584788f,0.19687289226409344f,0.2569539309611559f,0.16321614616389898f,0.3237007418588597f,0.5718930389209556f,0.7537613559700302f,0.338663966084073f,0.0014450137866638506f,0.7963538260882065f,-0.604829311136482f,0.13308947825059483f,0f,0f,0f,1f],start_interpolation:0}
execute if entity @s[tag=aj.dino.bone.leg_left_0] run data modify entity @s {} merge value {transformation:[-0.9602287555593296f,0.21024825350114135f,-0.18372917268822922f,0.14907194782520372f,0.27716056502798103f,0.7973996538230161f,-0.5360371379636902f,0.7276127768500766f,0.03380470663016691f,-0.5656407552348519f,-0.8239586020104375f,-0.017993422242876617f,0f,0f,0f,1f],start_interpolation:0}
execute if entity @s[tag=aj.dino.bone.leg_right_3] run data modify entity @s {} merge value {transformation:[-0.996053682737923f,0.06893162755363438f,0.05590609829909477f,-0.26765486551474166f,0.06539495900905158f,0.9958814218644754f,-0.06279882898108738f,0.08361741204980999f,-0.060004670155126276f,-0.058895027871615685f,-0.9964591387766867f,-0.09630520897503089f,0f,0f,0f,1f],start_interpolation:0}
execute if entity @s[tag=aj.dino.bone.leg_right_2] run data modify entity @s {} merge value {transformation:[-1.0233154460127163f,0.06091262341701761f,0.034312530669521314f,-0.2508082611873785f,0.047096222117539645f,0.9726635893082864f,-0.3221330274853407f,0.300315464992014f,-0.05166859118212561f,-0.3198083705018872f,-0.9731984187938637f,-0.20084810849341359f,0f,0f,0f,1f],start_interpolation:0}
execute if entity @s[tag=aj.dino.bone.leg_right_1] run data modify entity @s {} merge value {transformation:[-0.9435882131467744f,0.0189981133664735f,-0.33057579418189714f,-0.24690671602002198f,-0.30875336645312895f,0.31022759035405467f,0.8991274664289691f,0.3307592413238506f,0.11963545759655546f,0.9504724687604748f,-0.28686136619285485f,0.0749622250471009f,0f,0f,0f,1f],start_interpolation:0}
execute if entity @s[tag=aj.dino.bone.leg_right_0] run data modify entity @s {} merge value {transformation:[-0.9613074188707859f,-0.2754762105045138f,-0.0009507208108860965f,-0.24321361367858685f,-0.2565455717904791f,0.8964933337270697f,-0.3612257911301755f,0.7419876939385555f,0.1003614269462307f,-0.3470051296868646f,-0.9324778946185902f,0.002956674430052847f,0f,0f,0f,1f],start_interpolation:0}
execute if entity @s[tag=aj.dino.bone.tail_4] run data modify entity @s {} merge value {transformation:[-2.756411350845232f,0.11545876404984544f,-0.12052829682546247f,-0.18093080833762432f,0.022346825580910373f,2.2314735969182005f,1.6265569578847843f,1.1288288893877272f,0.1654037965647132f,1.6226078366817502f,-2.2283282352519227f,-1.7039579006788996f,0f,0f,0f,1f],start_interpolation:0}
execute if entity @s[tag=aj.dino.bone.tail_3] run data modify entity @s {} merge value {transformation:[-2.0783380379874625f,0.07236245539216846f,-0.10592544995649095f,-0.16367788984275078f,0.015489124019630873f,1.8483586413757722f,0.9587887910969018f,0.9481661012354121f,0.12734446566684055f,0.9561796556848352f,-1.8453859702411581f,-1.4004056033474404f,0f,0f,0f,1f],start_interpolation:0}
execute if entity @s[tag=aj.dino.bone.tail_2] run data modify entity @s {} merge value {transformation:[-1.9504564101426132f,0.051839583493901296f,-0.10865691289349902f,-0.144908726915491f,0.014536067126422482f,1.8522253872000893f,0.6227549219129083f,0.8328488124359864f,0.11950886949872272f,0.6207637615046767f,-1.8490927119851182f,-1.0564272240906905f,0f,0f,0f,1f],start_interpolation:0}
execute if entity @s[tag=aj.dino.bone.tail_1] run data modify entity @s {} merge value {transformation:[-1.5030994787812f,0.02443393894009875f,-0.16658688278360045f,-0.10792374901013746f,-0.0063933168725591695f,1.4871263639698589f,0.27580890682708964f,0.7553253373769362f,0.16824783025956846f,0.2747988540981543f,-1.4777802635707682f,-0.7419452703589422f,0f,0f,0f,1f],start_interpolation:0}
execute if entity @s[tag=aj.dino.bone.tail_0] run data modify entity @s {} merge value {transformation:[-1.2694508568558749f,0.04569524503216761f,-0.14227502659765312f,-0.06524497179746631f,0.03850993203756408f,1.27591996159486f,0.06618877036371698f,0.7667736618317214f,0.14438567708181774f,0.06144845619906839f,-1.2685474291757497f,-0.3697633670595067f,0f,0f,0f,1f],start_interpolation:0}
execute if entity @s[tag=aj.dino.bone.body_1] run data modify entity @s {} merge value {transformation:[-1.2337824105684523f,0.051880237108598265f,-0.06077828087158212f,-0.05460937499999999f,0.0452107382926801f,1.228581615247865f,0.1309496043301698f,0.6535760227272727f,0.0658904209364312f,0.1284533017432906f,-1.2279099302295413f,-0.09294374999999999f,0f,0f,0f,1f],start_interpolation:0}