execute if entity @s[tag=aj.dino.bone.head_lower] run data modify entity @s {} merge value {transformation:[-0.9968694681778137f,-0.035274251611321965f,-0.0707600917759765f,0.5547005468202093f,-0.06126436648193291f,0.9103498376270927f,0.40927967275677524f,0.38479603631497283f,0.04997940390251632f,0.4123334819118949f,-0.9096610131691709f,0.5896699743282185f,0f,0f,0f,1f],start_interpolation:0}
execute if entity @s[tag=aj.dino.bone.head_upper] run data modify entity @s {} merge value {transformation:[-1.037641014064008f,-0.011070918505649967f,-0.0815506178956742f,0.5485079540740028f,-0.0637700535442246f,0.7601632616559864f,0.7082069884454726f,0.45066742936614346f,0.052023540697377614f,0.7109860708730381f,-0.7584617991839372f,0.5533647699578438f,0f,0f,0f,1f],start_interpolation:0}
execute if entity @s[tag=aj.dino.bone.neck_0] run data modify entity @s {} merge value {transformation:[-0.9250632013070439f,-0.01966392913507753f,-0.37930384057973215f,0.524599550034068f,-0.14479067952963304f,0.9415039141548069f,0.30431240321834524f,0.45510925158574916f,0.351132073027958f,0.33642786674434155f,-0.8737977785328485f,0.49128905259646705f,0f,0f,0f,1f],start_interpolation:0}
execute if entity @s[tag=aj.dino.bone.neck_1] run data modify entity @s {} merge value {transformation:[-0.7141294640477156f,-0.06520973413474082f,-0.6969697261380866f,0.4652566534085745f,-0.1741264970435398f,0.9809045580501597f,0.08663839231983986f,0.46696756523000615f,0.6780111146627826f,0.1832319256311433f,-0.711847588900345f,0.4318303453943955f,0f,0f,0f,1f],start_interpolation:0}
execute if entity @s[tag=aj.dino.bone.neck_2] run data modify entity @s {} merge value {transformation:[-0.7370571770026423f,0.03609608279249442f,-0.6748657574925057f,0.4064867547696401f,0.01677133502481738f,0.9992420541455006f,0.035128899051429574f,0.4798283244900226f,0.6756222614378402f,0.014573607450373588f,-0.7371039070684008f,0.36739719958134437f,0f,0f,0f,1f],start_interpolation:0}
execute if entity @s[tag=aj.dino.bone.body_0] run data modify entity @s {} merge value {transformation:[-0.7332771638405645f,0.10552155468956236f,-0.67169174662626f,0.09092617813909509f,0.23257564524510138f,0.9672199852092187f,-0.10195130921524961f,0.4409930341583843f,0.6389156205859761f,-0.23097770824860217f,-0.7337820712333201f,0.019368109698644567f,0f,0f,0f,1f],start_interpolation:0}
execute if entity @s[tag=aj.dino.bone.leg_left_3] run data modify entity @s {} merge value {transformation:[0.39616379669019375f,0.03324556349266289f,-0.9175777780112516f,-0.2700176483820384f,-0.09472860874453672f,0.9954914147396083f,-0.004830513953700849f,0.028998196961298794f,0.9132802072076976f,0.08883454107377241f,0.3975269644123237f,-0.3473565400535338f,0f,0f,0f,1f],start_interpolation:0}
execute if entity @s[tag=aj.dino.bone.leg_left_2] run data modify entity @s {} merge value {transformation:[0.35112538732455423f,0.30683508205077414f,-0.913578346010768f,-0.22618377088926914f,-0.2948567783471799f,0.9599022147170038f,0.20906797445999953f,0.2587537119478875f,0.9175143825246544f,0.19105541108531782f,0.4168061746856881f,-0.28851721151205645f,0f,0f,0f,1f],start_interpolation:0}
execute if entity @s[tag=aj.dino.bone.leg_left_1] run data modify entity @s {} merge value {transformation:[0.32196439402234694f,0.9099635062304483f,0.26135291525179444f,0.0007515767077496682f,-0.047582998854375544f,-0.2601504318210244f,0.964394945571242f,0.13787872305261595f,0.9455552798233678f,-0.322936789716073f,-0.04046038366142096f,-0.3929345028500041f,0f,0f,0f,1f],start_interpolation:0}
execute if entity @s[tag=aj.dino.bone.leg_left_0] run data modify entity @s {} merge value {transformation:[0.34496296526649045f,-0.39658149374313845f,-0.8507195021950603f,-0.04559453777057201f,-0.09984911883653132f,0.8857069047220214f,-0.45338000881744267f,0.5109339869652629f,0.9332902582059445f,0.24134290490544202f,0.26593776751278564f,-0.21130552304699823f,0f,0f,0f,1f],start_interpolation:0}
execute if entity @s[tag=aj.dino.bone.leg_right_3] run data modify entity @s {} merge value {transformation:[-0.478854600207147f,0.040797948286409896f,-0.8769457219669147f,-0.0937215206395811f,0.07794682058723439f,0.9969502067430152f,0.003818171735416903f,0.03547099169703147f,0.8744269923903284f,-0.0665267817550125f,-0.4805742630317672f,0.36320154938451465f,0f,0f,0f,1f],start_interpolation:0}
execute if entity @s[tag=aj.dino.bone.leg_right_2] run data modify entity @s {} merge value {transformation:[-0.48298390742320557f,-0.06742752719167444f,-0.9023537406404004f,-0.13657626092934133f,0.18576218651873028f,0.9936748552979807f,-0.173680429263093f,0.261439467092318f,0.8855964965664034f,-0.2452060562589101f,-0.45569181992214813f,0.29058756017966086f,0f,0f,0f,1f],start_interpolation:0}
execute if entity @s[tag=aj.dino.bone.leg_right_1] run data modify entity @s {} merge value {transformation:[-0.2915977082192463f,0.8658591370040227f,-0.4065202718536098f,0.11440356865696233f,-0.16421196104522406f,0.37336686988698997f,0.9130342886882582f,0.3111772792957953f,0.9423402827062873f,0.33299419715280476f,0.03331150329231611f,0.39805225595370225f,0f,0f,0f,1f],start_interpolation:0}
execute if entity @s[tag=aj.dino.bone.leg_right_0] run data modify entity @s {} merge value {transformation:[-0.39435875458192937f,-0.7172737336258023f,-0.5744558849338137f,-0.07460280051474166f,0.06428064238725999f,0.6020552275419776f,-0.795862740680614f,0.6048776577882219f,0.9167056079783035f,-0.35078183253965545f,-0.19131893335801947f,0.16930794749907002f,0f,0f,0f,1f],start_interpolation:0}
execute if entity @s[tag=aj.dino.bone.tail_4] run data modify entity @s {} merge value {transformation:[-0.2170186986190124f,2.5890732191205377f,-0.935555493855136f,-1.4905745228517684f,2.3020331770139597f,0.685325087729277f,1.362583614922723f,0.8850169028505148f,1.509704430667383f,-0.6728229497881857f,-2.2121851508998067f,-0.8902707522718776f,0f,0f,0f,1f],start_interpolation:0}
execute if entity @s[tag=aj.dino.bone.tail_3] run data modify entity @s {} merge value {transformation:[-0.1523407829697047f,1.696132259743731f,-1.19827925349029f,-1.3039886285579356f,1.8750759459573705f,0.6287929619496545f,0.6516556866467886f,0.7683669469872154f,0.8926522328324141f,-1.0313584704183358f,-1.5733458687650663f,-0.6133967822378085f,0f,0f,0f,1f],start_interpolation:0}
execute if entity @s[tag=aj.dino.bone.tail_2] run data modify entity @s {} merge value {transformation:[-0.5554529838976826f,1.0584268411962934f,-1.5459555231367992f,-1.016757744588124f,1.6451753643679012f,1.0470696011571292f,0.12576623478649107f,0.746452948561674f,0.8964618665391635f,-1.2657613310457323f,-1.1886876165222016f,-0.3920606579018415f,0f,0f,0f,1f],start_interpolation:0}
execute if entity @s[tag=aj.dino.bone.tail_1] run data modify entity @s {} merge value {transformation:[-0.08743938675601057f,0.6793261786931348f,-1.3485275475814045f,-0.7347901855220376f,1.1985789927698447f,0.8527873269535453f,0.35187842087609167f,0.6591631055214283f,0.918378463235369f,-1.0482966984254078f,-0.5876319258990549f,-0.253671872463315f,0f,0f,0f,1f],start_interpolation:0}
execute if entity @s[tag=aj.dino.bone.tail_0] run data modify entity @s {} merge value {transformation:[-0.4075870897750156f,0.644688748599987f,-1.0257118982742395f,-0.41949584116784333f,0.8113423258226459f,0.948930399377611f,0.27402635648742796f,0.6019856160988477f,0.8996844508834533f,-0.5636871749025857f,-0.7118007967633283f,-0.05926991151031764f,0f,0f,0f,1f],start_interpolation:0}
execute if entity @s[tag=aj.dino.bone.body_1] run data modify entity @s {} merge value {transformation:[-0.09123426362598569f,0.19815680531248137f,-1.2169695085355368f,-0.1499147445172013f,0.2954634583064548f,1.1882557127961062f,0.17133096879798837f,0.4821161111111111f,1.1970723658168976f,-0.2781848963765265f,-0.13503891839676152f,-0.009137527668499132f,0f,0f,0f,1f],start_interpolation:0}