execute if entity @s[tag=aj.dino.bone.head_lower] run data modify entity @s {} merge value {transformation:[-0.9779155568594244f,0.1358967868313315f,0.1587867342734964f,0.11664726431318376f,0.20811237421483397f,0.7031223689898431f,0.679932477474621f,0.6509257799416586f,-0.0192458658154738f,0.6979620315998791f,-0.7158761059666556f,0.9239307774218206f,0f,0f,0f,1f],start_interpolation:0}
execute if entity @s[tag=aj.dino.bone.head_upper] run data modify entity @s {} merge value {transformation:[-1.0179118956701596f,0.08646659908530702f,0.19962675792415835f,0.13203460274518244f,0.21662408360673144f,0.49081463889010457f,0.8919904367403428f,0.7235056099691268f,-0.020033013708215926f,0.9138361232066199f,-0.49797004013089924f,0.9101157645387348f,0f,0f,0f,1f],start_interpolation:0}
execute if entity @s[tag=aj.dino.bone.neck_0] run data modify entity @s {} merge value {transformation:[-0.9709205669291612f,0.1641951692747305f,-0.17422169526439385f,0.11841763450862583f,0.052173772097374255f,0.8553698633771903f,0.5153836380127121f,0.7429301669961356f,0.23364749136057075f,0.4913067709821731f,-0.83906287402553f,0.847810058422473f,0f,0f,0f,1f],start_interpolation:0}
execute if entity @s[tag=aj.dino.bone.neck_1] run data modify entity @s {} merge value {transformation:[-0.9498089184529076f,0.19790250206849314f,-0.24227591316998143f,0.09880539688098484f,0.13211326372318757f,0.9557669569394949f,0.2627843404219997f,0.7695945485740976f,0.2835649907441428f,0.21758704855217825f,-0.9339415251109815f,0.7696953495973546f,0f,0f,0f,1f],start_interpolation:0}
execute if entity @s[tag=aj.dino.bone.neck_2] run data modify entity @s {} merge value {transformation:[-0.9293390343157018f,0.16860838170269624f,-0.32848161731938236f,0.071678725028785f,0.18921346554651336f,0.9814287200057675f,-0.03155839038543151f,0.7764385974502124f,0.3170602840991562f,-0.09148158922667882f,-0.9439829951220114f,0.6860996974176805f,0f,0f,0f,1f],start_interpolation:0}
execute if entity @s[tag=aj.dino.bone.body_0] run data modify entity @s {} merge value {transformation:[-0.9102981431777751f,0.08144167995655245f,-0.4058627148346464f,-0.11882701668391712f,0.21756903810126077f,0.9282409703873109f,-0.3017157843966993f,0.6430837352423916f,0.35216615991146444f,-0.3629544787714816f,-0.862695219734603f,0.2760570803604394f,0f,0f,0f,1f],start_interpolation:0}
execute if entity @s[tag=aj.dino.bone.leg_left_3] run data modify entity @s {} merge value {transformation:[-0.751912047386685f,0.14993441163190846f,-0.6419874961425316f,0.06244010248507821f,-0.03510368052806283f,0.9633081668842669f,0.2660922908080162f,0.06276699943911923f,0.6583281891337688f,0.2226141231428668f,-0.7190597663401739f,-0.04750702207359768f,0f,0f,0f,1f],start_interpolation:0}
execute if entity @s[tag=aj.dino.bone.leg_left_2] run data modify entity @s {} merge value {transformation:[-0.772890301686218f,0.20794240956040572f,-0.6414536112348996f,0.08988834126110298f,-0.034058624987283966f,0.9624296167142806f,0.35303178672164004f,0.2979653713854926f,0.6734558568488784f,0.2873175711266373f,-0.7183091407594138f,-0.001687898469087512f,0f,0f,0f,1f],start_interpolation:0}
execute if entity @s[tag=aj.dino.bone.leg_left_1] run data modify entity @s {} merge value {transformation:[-0.851056810644216f,0.5153912393949515f,-0.10037019184514478f,0.2521766219102135f,0.1291968385881499f,0.39082272130276097f,0.9113538157117315f,0.3532318669563636f,0.5089307241215869f,0.7626463602931837f,-0.3991992574850772f,0.21653564309102025f,0f,0f,0f,1f],start_interpolation:0}
execute if entity @s[tag=aj.dino.bone.leg_left_0] run data modify entity @s {} merge value {transformation:[-0.8300346430196558f,-0.3903177953486381f,-0.398364795158171f,0.03484175734507189f,0.09322980908659852f,0.607126755052234f,-0.7891167885664461f,0.666688955498822f,0.5498642505972808f,-0.6921337456979855f,-0.4675469858540072f,0.04677849640378924f,0f,0f,0f,1f],start_interpolation:0}
execute if entity @s[tag=aj.dino.bone.leg_right_3] run data modify entity @s {} merge value {transformation:[-0.9621135284925437f,0.01714170012009102f,-0.27210975801800974f,-0.6158893744877963f,0.0242550183374403f,0.9994457920084101f,-0.02279918687436569f,0.11335139551636225f,0.2715681357911442f,-0.02853543330098013f,-0.9619960897369843f,-0.13918446066868673f,0f,0f,0f,1f],start_interpolation:0}
execute if entity @s[tag=aj.dino.bone.leg_right_2] run data modify entity @s {} merge value {transformation:[-0.955596469639774f,0.24575878928638248f,-0.280178878934844f,-0.565779648235665f,0.27154188605257956f,0.987273485773893f,-0.06015203992857566f,0.3412031799459199f,0.2552696433806856f,-0.13021475061241136f,-0.98485721167687f,-0.20036984890165005f,0f,0f,0f,1f],start_interpolation:0}
execute if entity @s[tag=aj.dino.bone.leg_right_1] run data modify entity @s {} merge value {transformation:[-0.9186549690982934f,0.3551412195366483f,-0.17305421675600924f,-0.47841631821619046f,-0.10996211759114179f,0.19087103681739884f,0.9754366099337893f,0.3391334117275546f,0.37944878501042206f,0.9151190968886365f,-0.1362925458850963f,0.06302481749688638f,0f,0f,0f,1f],start_interpolation:0}
execute if entity @s[tag=aj.dino.bone.leg_right_0] run data modify entity @s {} merge value {transformation:[-0.9203983804321599f,-0.00879568612004658f,-0.39088292007138725f,-0.3430295808009211f,-0.05213983201110438f,0.9935785918789705f,0.10041424041268363f,0.7271329029993656f,0.38748968917341614f,0.11280167403669167f,-0.9149467323941921f,0.1367411974223677f,0f,0f,0f,1f],start_interpolation:0}
execute if entity @s[tag=aj.dino.bone.tail_4] run data modify entity @s {} merge value {transformation:[-2.626662980575875f,0.5412438122180845f,-0.6582993648849274f,-0.7860575695047123f,0.2529283050369067f,2.5320379271915074f,1.0726008294677445f,0.7475299370418984f,0.8138367100244503f,0.9599481249522658f,-2.458013575718655f,-1.4824267138305174f,0f,0f,0f,1f],start_interpolation:0}
execute if entity @s[tag=aj.dino.bone.tail_3] run data modify entity @s {} merge value {transformation:[-1.977169449051378f,0.3738343939457848f,-0.5357185284134806f,-0.6988777671252375f,0.1862560329601957f,1.959348870400814f,0.6798574999876298f,0.6130774616737878f,0.6261431034262439f,0.5976164120961601f,-1.8938703662261338f,-1.1671444318049824f,0f,0f,0f,1f],start_interpolation:0}
execute if entity @s[tag=aj.dino.bone.tail_2] run data modify entity @s {} merge value {transformation:[-1.8556416387527637f,0.30390508753765755f,-0.5319865424035318f,-0.6012824606576408f,0.17489773515080057f,1.8889661933417201f,0.46903238444055095f,0.5264641780540631f,0.5871786489381716f,0.39777165960334226f,-1.8209263620614435f,-0.8281093610154759f,0f,0f,0f,1f],start_interpolation:0}
execute if entity @s[tag=aj.dino.bone.tail_1] run data modify entity @s {} merge value {transformation:[-1.3033858041421618f,0.13739666075204557f,-0.7549595043278007f,-0.43925791249398694f,0.1011439476752187f,1.5058351269208938f,0.09943199877207183f,0.48656361238623386f,0.7606652334696018f,0.03519912137147723f,-1.306830392378947f,-0.5480510320006452f,0f,0f,0f,1f],start_interpolation:0}
execute if entity @s[tag=aj.dino.bone.tail_0] run data modify entity @s {} merge value {transformation:[-1.1019330312113302f,0.08016657078428373f,-0.6427695016396828f,-0.24949116260448184f,0.26723681097844126f,1.2116768695777962f,-0.30701688418107115f,0.605521002956047f,0.590054063766627f,-0.3990591450435246f,-1.061331106287594f,-0.24753542314483842f,0f,0f,0f,1f],start_interpolation:0}
execute if entity @s[tag=aj.dino.bone.body_1] run data modify entity @s {} merge value {transformation:[-1.1884480496180205f,0.11200821076087794f,-0.32194718377013304f,-0.1821875f,0.19010304372564357f,1.1870455860011604f,-0.28877015873815276f,0.5927000757575758f,0.2829428585096629f,-0.32708031511168423f,-1.1582600750008922f,0.04377499999999998f,0f,0f,0f,1f],start_interpolation:0}