execute if entity @s[tag=aj.dino.bone.head_lower] run data modify entity @s {} merge value {transformation:[-0.8695123061468509f,-0.47758849976776535f,-0.12592686110898063f,0.41445783103309414f,-0.4855292242330474f,0.7797361761132656f,0.3953136325449924f,0.26592856117240643f,-0.09060751555384569f,0.40487123946983117f,-0.9098733744732408f,0.7392964561390278f,0f,0f,0f,1f],start_interpolation:0}
execute if entity @s[tag=aj.dino.bone.head_upper] run data modify entity @s {} merge value {transformation:[-0.905074997171463f,-0.4132419414172129f,-0.3058468406446543f,0.38381335587480525f,-0.5053871672003356f,0.6015528725202058f,0.6827810010357757f,0.32634850869262866f,-0.09431332518686651f,0.7421840620762001f,-0.7236986646911646f,0.7060428461737402f,0f,0f,0f,1f],start_interpolation:0}
execute if entity @s[tag=aj.dino.bone.neck_0] run data modify entity @s {} merge value {transformation:[-0.8412897865947498f,-0.44694008217208675f,-0.30409876342952924f,0.37167627695487093f,-0.5383979491459592f,0.7432850876621541f,0.3970578381224689f,0.3401320721940957f,0.04857101323614291f,0.4977668544681053f,-0.8659497764109316f,0.6419535261056571f,0f,0f,0f,1f],start_interpolation:0}
execute if entity @s[tag=aj.dino.bone.neck_1] run data modify entity @s {} merge value {transformation:[-0.8020447664326996f,-0.2713904061251785f,-0.5320445846929814f,0.3253548558689834f,-0.45335123865760324f,0.8565725242942623f,0.24648765695622954f,0.364958934436644f,0.38884038762136475f,0.43889720674363575f,-0.8100446869568994f,0.5753540538532086f,0f,0f,0f,1f],start_interpolation:0}
execute if entity @s[tag=aj.dino.bone.neck_2] run data modify entity @s {} merge value {transformation:[-0.8495803015573455f,0.024183737761177507f,-0.5269046005052799f,0.2794308349877351f,-0.1292582423483709f,0.9589430781730699f,0.25242915760459844f,0.3964622739362271f,0.5113762000628693f,0.28256560238616446f,-0.8115732020941822f,0.5070206484016045f,0f,0f,0f,1f],start_interpolation:0}
execute if entity @s[tag=aj.dino.bone.body_0] run data modify entity @s {} merge value {transformation:[-0.8798714869341764f,0.1040652241815653f,-0.46367725369731283f,0.06189283545175253f,0.079319576345624f,0.9942007970954181f,0.07261666381200714f,0.440157240621667f,0.4685451646197967f,0.02711464864009669f,-0.8830233431458829f,0.09111335903609451f,0f,0f,0f,1f],start_interpolation:0}
execute if entity @s[tag=aj.dino.bone.leg_left_3] run data modify entity @s {} merge value {transformation:[-0.13528857427576452f,0.0365447934818203f,-0.9901320516677572f,-0.031756479505632235f,-0.10018640028257365f,0.9936931180607218f,0.05036538808726418f,0.030653368398730785f,0.9857279984198738f,0.10601162760816363f,-0.13077403390206044f,-0.4323710554211015f,0f,0f,0f,1f],start_interpolation:0}
execute if entity @s[tag=aj.dino.bone.leg_left_2] run data modify entity @s {} merge value {transformation:[-0.17733572172358017f,0.1277423007382072f,-1.0021457707856583f,-0.03322584252586755f,-0.3492743525505404f,0.946972889452027f,0.1825156782141597f,0.25649006931037505f,0.9479565749293961f,0.3728088662380274f,-0.12022512550685485f,-0.3477147056316441f,0f,0f,0f,1f],start_interpolation:0}
execute if entity @s[tag=aj.dino.bone.leg_left_1] run data modify entity @s {} merge value {transformation:[-0.25323496271099855f,0.9640735935790846f,0.08021321477330973f,0.2294719499919907f,-0.10101073563890187f,-0.10881290818727113f,0.9889168733000344f,0.17649225196967389f,0.9621168769678905f,0.2423259317021983f,0.12493701564474205f,-0.30766967239737464f,0f,0f,0f,1f],start_interpolation:0}
execute if entity @s[tag=aj.dino.bone.leg_left_0] run data modify entity @s {} merge value {transformation:[-0.22334515005417455f,-0.5307472842429342f,-0.8175721767624117f,0.06166920501277401f,-0.15118071808341824f,0.8474717177891827f,-0.5088576205848095f,0.533082749397169f,0.9629440972491914f,0.009950267142240288f,-0.26951745352896506f,-0.16985554218459614f,0f,0f,0f,1f],start_interpolation:0}
execute if entity @s[tag=aj.dino.bone.leg_right_3] run data modify entity @s {} merge value {transformation:[-0.834793967880854f,0.05618572930863687f,-0.5476880453431466f,-0.2700120997006707f,0.08532245533869949f,0.9959633363061569f,-0.02787671696748374f,0.035409816124083615f,0.5439109392214091f,-0.07000140395710744f,-0.8362180897584781f,0.25114888648886724f,0f,0f,0f,1f],start_interpolation:0}
execute if entity @s[tag=aj.dino.bone.leg_right_2] run data modify entity @s {} merge value {transformation:[-0.8483673848813564f,0.07162446800301524f,-0.5720182823595309f,-0.269678328534975f,0.13121193942543358f,1.0150312912221728f,-0.06750632779791765f,0.26972232909710675f,0.5613540831974762f,-0.1290101272142175f,-0.8487050016668847f,0.19397715460070888f,0f,0f,0f,1f],start_interpolation:0}
execute if entity @s[tag=aj.dino.bone.leg_right_1] run data modify entity @s {} merge value {transformation:[-0.7249911990842074f,0.6041982132279293f,-0.3306543215846739f,-0.10243854278122626f,-0.24324240602732022f,0.22453428526234848f,0.9436193547462699f,0.2758309211607727f,0.6443763598709091f,0.7645448802221515f,-0.015818753604896152f,0.4153522318424923f,0f,0f,0f,1f],start_interpolation:0}
execute if entity @s[tag=aj.dino.bone.leg_right_0] run data modify entity @s {} merge value {transformation:[-0.8079223067584806f,-0.47236687184151976f,-0.3523224157341013f,-0.16528221076390348f,-0.02762158312673354f,0.6275757122468775f,-0.7780654044123783f,0.5887886456690403f,0.5886413121652508f,-0.6188846934482077f,-0.5200799379209794f,0.14625110841573397f,0f,0f,0f,1f],start_interpolation:0}
execute if entity @s[tag=aj.dino.bone.tail_4] run data modify entity @s {} merge value {transformation:[2.0731371201767574f,-0.24294288515855134f,-1.8079664175797237f,-1.6037919184496148f,0.6142437086834256f,2.6700108514795997f,0.3455547003355806f,0.637667277947836f,1.7176927777946938f,-0.6615754976811197f,2.0585214872767126f,-0.29375090263851533f,0f,0f,0f,1f],start_interpolation:0}
execute if entity @s[tag=aj.dino.bone.tail_3] run data modify entity @s {} merge value {transformation:[1.0778548232167502f,-0.3872316741645944f,-1.7390302287874462f,-1.3051272900587552f,0.7949027809240982f,1.923520619859665f,0.06437017864095625f,0.6079293150421846f,1.5944604338120048f,-0.6971840370682758f,1.1434928375419142f,-0.48082253796877467f,0f,0f,0f,1f],start_interpolation:0}
execute if entity @s[tag=aj.dino.bone.tail_2] run data modify entity @s {} merge value {transformation:[0.046418667621499196f,-0.2795330893539307f,-1.9335150462965807f,-0.9457232576638364f,0.7389104107553631f,1.7928971732256114f,-0.24146429574520722f,0.6537900088997334f,1.8084884813502025f,-0.7253653239565812f,0.14828497775492602f,-0.5072237164712001f,0f,0f,0f,1f],start_interpolation:0}
execute if entity @s[tag=aj.dino.bone.tail_1] run data modify entity @s {} merge value {transformation:[-0.09661161743903213f,0.22062742043576222f,-1.493199915191424f,-0.6270079378524609f,0.449855009695393f,1.4324674572176221f,0.1825478136391618f,0.5965675424166275f,1.440816752966099f,-0.43245436217518f,-0.15711956914365036f,-0.4695035461912215f,0f,0f,0f,1f],start_interpolation:0}
execute if entity @s[tag=aj.dino.bone.tail_0] run data modify entity @s {} merge value {transformation:[-0.8093590701477472f,0.24110710426665866f,-0.9595003785438274f,-0.34080128245775376f,0.3011647630028657f,1.2408857540737854f,0.05777583790987662f,0.6096288834337203f,0.9423764628210053f,-0.18948779958854137f,-0.8425299357958097f,-0.22786939488103974f,0f,0f,0f,1f],start_interpolation:0}
execute if entity @s[tag=aj.dino.bone.body_1] run data modify entity @s {} merge value {transformation:[-0.7137878431352017f,0.2547429694094552f,-0.9768405855538047f,-0.13085827644527293f,0.17520133731590712f,1.209461041095791f,0.18738483538017f,0.4845987500000001f,0.9941911292359052f,-0.030242431519126756f,-0.7343527687295096f,-0.055105620417118126f,0f,0f,0f,1f],start_interpolation:0}