execute if entity @s[tag=aj.dino.bone.head_lower] run data modify entity @s {} merge value {transformation:[0.011255526123470083f,0.29279855082258344f,-0.9561079027849724f,0.011730784096855601f,0.1917848115817656f,0.9377847202765831f,0.2894449938456656f,0.2283876442927531f,0.9813724569082984f,-0.18662482967699057f,-0.045599054483659085f,-0.7209422754945167f,0f,0f,0f,1f],start_interpolation:0}
execute if entity @s[tag=aj.dino.bone.head_upper] run data modify entity @s {} merge value {transformation:[0.011715872452117458f,0.682896076802839f,-0.7854856008887006f,-0.027080636012940668f,0.19962873046512167f,0.7694772906035605f,0.6719561085381951f,0.2920509077606091f,1.0215101814906575f,-0.15820742750010638f,-0.12230822367375416f,-0.732609282200614f,0f,0f,0f,1f],start_interpolation:0}
execute if entity @s[tag=aj.dino.bone.neck_0] run data modify entity @s {} merge value {transformation:[0.392950093191701f,0.1659124189464141f,-0.9044685143773565f,-0.08838530767519348f,0.1313947771109164f,0.9633651474786206f,0.23380120866126453f,0.29148925269932924f,0.9101239678244969f,-0.21071464558223077f,0.3567543991719637f,-0.7064146638549996f,0f,0f,0f,1f],start_interpolation:0}
execute if entity @s[tag=aj.dino.bone.neck_1] run data modify entity @s {} merge value {transformation:[0.7359741686121004f,0.02316254831407888f,-0.6766132717375009f,-0.1455966253757869f,0.19065511491421713f,0.9518751483697327f,0.23996735001484218f,0.3162028066412011f,0.6496096137625843f,-0.30560955199682016f,0.6961394626334071f,-0.6488504195443584f,0f,0f,0f,1f],start_interpolation:0}
execute if entity @s[tag=aj.dino.bone.neck_2] run data modify entity @s {} merge value {transformation:[0.8450502580158827f,0.06969962801287585f,-0.5301245356349357f,-0.191357107710911f,0.1686619379589276f,0.9061001276229361f,0.3879893160972833f,0.35906486721320224f,0.5073886203998157f,-0.4172823032151801f,0.7539444723003186f,-0.5868846837372244f,0f,0f,0f,1f],start_interpolation:0}
execute if entity @s[tag=aj.dino.bone.body_0] run data modify entity @s {} merge value {transformation:[0.9742532967793336f,-0.08201056192332501f,-0.21001138409052933f,-0.2911159386056092f,0.1327875553838096f,0.9615155906376781f,0.2405311499491669f,0.4815859340877444f,0.1822031252470468f,-0.2622251641122518f,0.947649716116937f,-0.1427589486873717f,0f,0f,0f,1f],start_interpolation:0}
execute if entity @s[tag=aj.dino.bone.leg_left_3] run data modify entity @s {} merge value {transformation:[0.25300417096863653f,-0.3106846090643949f,0.9162226602540329f,-0.20623013734234366f,-0.2080883222129557f,0.907393696707412f,0.3651519263734661f,0.138614587581971f,-0.9448217501894576f,-0.2830401965554721f,0.16492455094002717f,0.33932641380365663f,0f,0f,0f,1f],start_interpolation:0}
execute if entity @s[tag=aj.dino.bone.leg_left_2] run data modify entity @s {} merge value {transformation:[0.27008293955774426f,-0.6196352732622422f,0.7714723153748088f,-0.326405268990703f,-0.2549252449435904f,0.7291266812734658f,0.6748700627871157f,0.3290339806261615f,-0.9561017334734795f,-0.3694436496748344f,0.037987688329772264f,0.25290034972575726f,0f,0f,0f,1f],start_interpolation:0}
execute if entity @s[tag=aj.dino.bone.leg_left_1] run data modify entity @s {} merge value {transformation:[0.3158613126478787f,-0.9224846247412208f,-0.2219318550555734f,-0.5715356559953813f,-0.014433831966551753f,-0.2385513363526196f,0.9710226178720762f,0.2130150977360567f,-0.9486955758656832f,-0.3035051515879561f,-0.08866412629948635f,0.19404376267184786f,0f,0f,0f,1f],start_interpolation:0}
execute if entity @s[tag=aj.dino.bone.leg_left_0] run data modify entity @s {} merge value {transformation:[0.27573895942348076f,0.7051259740763949f,0.653272827338526f,-0.3157990532355432f,-0.055442329941712415f,0.6901552723906025f,-0.721534370658867f,0.5362833035189795f,-0.9596323120376316f,0.16273616891849413f,0.22939652355482842f,0.1276831139167326f,0f,0f,0f,1f],start_interpolation:0}
execute if entity @s[tag=aj.dino.bone.leg_right_3] run data modify entity @s {} merge value {transformation:[0.7139851061889262f,-0.030650220674509593f,0.6994896940720363f,0.060622423471181075f,0.057717095468058414f,0.998217665835536f,-0.015173282590968618f,0.07303094091781354f,-0.6977779052328315f,0.05120601123362599f,0.7144815878540353f,-0.16909615673759734f,0f,0f,0f,1f],start_interpolation:0}
execute if entity @s[tag=aj.dino.bone.leg_right_2] run data modify entity @s {} merge value {transformation:[0.6892122683157558f,-0.25434791251566585f,0.7157903241191989f,0.022386192548217748f,0.16885889087977682f,0.9936127329389753f,0.1904799501603424f,0.3102653459340139f,-0.7406317058259094f,-0.010152627303222314f,0.709523643006306f,-0.14838626085589732f,0f,0f,0f,1f],start_interpolation:0}
execute if entity @s[tag=aj.dino.bone.leg_right_1] run data modify entity @s {} merge value {transformation:[0.6008049673497986f,-0.7735001137536432f,0.20181913990230987f,-0.18648794041086036f,-0.22330010626809588f,0.08002488524413098f,0.9714592530221331f,0.2760358894901897f,-0.7675743962304009f,-0.6287237801807439f,-0.12464330903330131f,-0.32786697444908347f,0f,0f,0f,1f],start_interpolation:0}
execute if entity @s[tag=aj.dino.bone.leg_right_0] run data modify entity @s {} merge value {transformation:[0.6357073905888212f,0.6082792927461576f,0.47526036608051603f,-0.06026415933578107f,-0.18604738295730178f,0.7182620315475462f,-0.6704371896993266f,0.634259459798717f,-0.74917453563605f,0.3377809290848523f,0.5697732523566572f,-0.15451557026966783f,0f,0f,0f,1f],start_interpolation:0}
execute if entity @s[tag=aj.dino.bone.tail_4] run data modify entity @s {} merge value {transformation:[-0.049162859174873945f,2.246829403503608f,-1.6046812694206192f,0.715208938765796f,2.760782154910509f,0.018834734822499647f,-0.05821063040245427f,0.10112766980223119f,-0.036417550788548685f,-1.6053237106315306f,-2.2466132016167757f,-0.5903012910659564f,0f,0f,0f,1f],start_interpolation:0}
execute if entity @s[tag=aj.dino.bone.tail_3] run data modify entity @s {} merge value {transformation:[0.009451707454221138f,2.0515423573373255f,-0.35641288882622274f,0.7555674412249892f,2.076392613190304f,-0.03605042376054132f,-0.15244542918654516f,0.12732956280282554f,-0.1563646608392842f,-0.35471093730238873f,-2.045892414044082f,-0.23992241682094378f,0f,0f,0f,1f],start_interpolation:0}
execute if entity @s[tag=aj.dino.bone.tail_2] run data modify entity @s {} merge value {transformation:[0.15685606833806348f,1.8700535515041448f,0.5450410657326982f,0.6548064686281995f,1.8299614209794062f,0.04587529617472524f,-0.6840398598990337f,0.2558551507020787f,-0.6673913743489147f,0.5653043841245103f,-1.7475106814371844f,0.08457701865721073f,0f,0f,0f,1f],start_interpolation:0}
execute if entity @s[tag=aj.dino.bone.tail_1] run data modify entity @s {} merge value {transformation:[0.24307078999327436f,0.9527058806912433f,1.149314728848616f,0.39560869371907076f,1.2286785770934916f,0.5337016938768898f,-0.702259002181141f,0.39927565599973913f,-0.8478925611441339f,1.0465038255301609f,-0.6881600089420922f,0.2206789993229914f,0f,0f,0f,1f],start_interpolation:0}
execute if entity @s[tag=aj.dino.bone.tail_0] run data modify entity @s {} merge value {transformation:[0.5233528199968087f,0.35143049972446794f,1.1119506042306133f,0.07915152700318724f,0.8757807658341343f,0.6863385134225117f,-0.6291130357670085f,0.5996796779318563f,-0.7700296050025562f,1.0194467938251681f,0.040228827514853994f,0.23352426803828907f,0f,0f,0f,1f],start_interpolation:0}
execute if entity @s[tag=aj.dino.bone.body_1] run data modify entity @s {} merge value {transformation:[0.8036861111365572f,-0.2605791385981357f,0.9026581536494872f,-0.11315199531068999f,0.30814608065017435f,1.1952630138387204f,0.07068886606365506f,0.5027360606060606f,-0.8875467440097924f,0.17902356083175958f,0.8419120719653469f,0.025732997354227308f,0f,0f,0f,1f],start_interpolation:0}