execute if entity @s[tag=aj.dino.bone.head_lower] run data modify entity @s {} merge value {transformation:[-0.9902356259106342f,0.09469680636171857f,-0.10230307933911731f,0.36995245195646703f,0.04587049868183082f,0.9143346357988614f,0.40235316716691016f,0.6354011077059958f,0.13164080874886303f,0.3937317470606789f,-0.9097505201034461f,0.7159802937748586f,0f,0f,0f,1f],start_interpolation:0}
execute if entity @s[tag=aj.dino.bone.head_upper] run data modify entity @s {} merge value {transformation:[-1.0307358504122017f,0.14506838398297683f,-0.003273106645066824f,0.37266431493683866f,0.047746582965209915f,0.3612469254014995f,0.9750348020899648f,0.7107439643348475f,0.13702486297635455f,0.9653640584981596f,-0.3643739343995127f,0.7125808458819135f,0f,0f,0f,1f],start_interpolation:0}
execute if entity @s[tag=aj.dino.bone.neck_0] run data modify entity @s {} merge value {transformation:[-0.8704684144034459f,0.0991678310158827f,-0.48213118631504853f,0.3401603987030664f,-0.040621975484820896f,0.9616806709108738f,0.2711459796938209f,0.7126800173162491f,0.49054520141742436f,0.2556091322469067f,-0.8330842555698205f,0.6544045329820913f,0f,0f,0f,1f],start_interpolation:0}
execute if entity @s[tag=aj.dino.bone.neck_1] run data modify entity @s {} merge value {transformation:[-0.8681536847278887f,0.1807633390992444f,-0.46220536012802943f,0.3018382923626835f,0.09680952152461843f,0.9751008399401615f,0.1995150833650574f,0.734073731194738f,0.4867618475554183f,0.12846387502205786f,-0.8640369995427006f,0.5818010756494479f,0f,0f,0f,1f],start_interpolation:0}
execute if entity @s[tag=aj.dino.bone.neck_2] run data modify entity @s {} merge value {transformation:[-0.7961758378542697f,0.17697236618766865f,-0.5786059253265469f,0.25288074383234416f,0.26460028678992076f,0.9618205182775269f,-0.0699140819223226f,0.737365557274489f,0.5441421904683954f,-0.20876319653206915f,-0.8126051958521858f,0.5085668437827807f,0f,0f,0f,1f],start_interpolation:0}
execute if entity @s[tag=aj.dino.bone.body_0] run data modify entity @s {} merge value {transformation:[-0.5379566153813465f,-0.060160526564549045f,-0.8408230438153573f,-0.14396910784760497f,0.4473462984522711f,0.8250388189046487f,-0.34524228675160007f,0.5825136882356257f,0.7144816087405593f,-0.5618644483715789f,-0.4169225017045779f,0.30672037098749483f,0f,0f,0f,1f],start_interpolation:0}
execute if entity @s[tag=aj.dino.bone.leg_left_3] run data modify entity @s {} merge value {transformation:[-0.5899654231194823f,0.10504866833947019f,-0.8005657854314999f,0.08189147814473932f,-0.08641636422968238f,0.9775905390417031f,0.19196080321116457f,0.08418276742109895f,0.8027907644690321f,0.18243222099250067f,-0.5676666920182745f,-0.003653234247674643f,0f,0f,0f,1f],start_interpolation:0}
execute if entity @s[tag=aj.dino.bone.leg_left_2] run data modify entity @s {} merge value {transformation:[-0.6071660404772045f,0.24831929825677337f,-0.7885107005648001f,0.11446388932299487f,-0.08665802247439576f,0.9538258516255643f,0.36710874603077637f,0.31772905374953253f,0.8221325841570537f,0.28392951657889604f,-0.543639810153022f,0.047004857290081f,0f,0f,0f,1f],start_interpolation:0}
execute if entity @s[tag=aj.dino.bone.leg_left_1] run data modify entity @s {} merge value {transformation:[-0.7234388831221609f,0.6565774196781907f,-0.2134063596889505f,0.3185614667559273f,0.07406096840763843f,0.3811325780458713f,0.9215492015680071f,0.37092038049592724f,0.6864045129116526f,0.6508794434615656f,-0.3243528861189301f,0.22736074797494915f,0f,0f,0f,1f],start_interpolation:0}
execute if entity @s[tag=aj.dino.bone.leg_left_0] run data modify entity @s {} merge value {transformation:[-0.6856583410786589f,-0.6714429989611941f,-0.28113508933475256f,-0.001908075312930746f,0.05356903206778421f,0.33862439595273586f,-0.9393954850162767f,0.5865767600262727f,0.7259497214770332f,-0.659164484488995f,-0.19621209003467438f,0.06893449655652702f,0f,0f,0f,1f],start_interpolation:0}
execute if entity @s[tag=aj.dino.bone.leg_right_3] run data modify entity @s {} merge value {transformation:[-0.9611274227667982f,-0.008581110757024012f,-0.27597181331401965f,-0.7374010215712608f,-0.04396573521073484f,0.9915202490662971f,0.12228904210470934f,0.08491500274794594f,0.27258226525772367f,0.12966865554051044f,-0.9533545764495412f,-0.1324386143743918f,0f,0f,0f,1f],start_interpolation:0}
execute if entity @s[tag=aj.dino.bone.leg_right_2] run data modify entity @s {} merge value {transformation:[-0.8986101133528921f,0.40716669658713517f,-0.2806730212737176f,-0.6497710250882655f,0.36163433446613963f,0.9381064449161793f,0.20307413829105292f,0.30930112180467106f,0.33731687152561635f,0.0789542823268082f,-0.9654251648818378f,-0.14439375373230062f,0f,0f,0f,1f],start_interpolation:0}
execute if entity @s[tag=aj.dino.bone.leg_right_1] run data modify entity @s {} merge value {transformation:[-0.8994025901866052f,0.43234849683503285f,-0.06441861571093564f,-0.5468110922913991f,-0.028954455521124762f,0.08812146706848503f,0.9956888301809824f,0.2798567228134085f,0.4361612319671486f,0.8973903188279809f,-0.06673826041120394f,0.11162512304492796f,0f,0f,0f,1f],start_interpolation:0}
execute if entity @s[tag=aj.dino.bone.leg_right_0] run data modify entity @s {} merge value {transformation:[-0.8957644424372535f,0.0819912575009726f,-0.4369021599379952f,-0.37489652302602794f,0.02886139827620312f,0.9914960946675428f,0.12689568136289536f,0.6554643345190748f,0.4435911218167229f,0.10105903201802541f,-0.890513328756488f,0.17221869916913757f,0f,0f,0f,1f],start_interpolation:0}
execute if entity @s[tag=aj.dino.bone.tail_4] run data modify entity @s {} merge value {transformation:[-2.6011929341082753f,0.05801530059274024f,-0.9252517906182706f,-0.9587462078634277f,-0.07161801299472521f,2.7352361749150433f,0.3728475013337359f,0.20284672109888424f,0.9242983887034911f,0.3752047760000621f,-2.5749864458491567f,-1.3677121061982087f,0f,0f,0f,1f],start_interpolation:0}
execute if entity @s[tag=aj.dino.bone.tail_3] run data modify entity @s {} merge value {transformation:[-1.9542544610970929f,-0.08648072124622025f,-0.7136918888282876f,-0.8368841556289189f,-0.05291350243162324f,2.078868327494679f,-0.10701478516700298f,0.2006491153961722f,0.7169624736253455f,-0.08229877178096133f,-1.9532376326552834f,-1.0357098258007167f,0f,0f,0f,1f],start_interpolation:0}
execute if entity @s[tag=aj.dino.bone.tail_2] run data modify entity @s {} merge value {transformation:[-1.822036886200262f,-0.13195464335419252f,-0.6939333054593196f,-0.709262164838635f,-0.0444406883461207f,1.9373792401666834f,-0.25171527564544743f,0.2478705789006798f,0.7049684287595813f,-0.2189144281933205f,-1.80938383506204f,-0.6988801287424589f,0f,0f,0f,1f],start_interpolation:0}
execute if entity @s[tag=aj.dino.bone.tail_1] run data modify entity @s {} merge value {transformation:[-1.2048139476117057f,-0.16732816856443578f,-0.8989331930934411f,-0.5126253117125554f,0.07198663941711694f,1.4649859319143403f,-0.3691752876866243f,0.3093362682980356f,0.9115358058714581f,-0.33685865477666377f,-1.159001713249954f,-0.44622899769727925f,0f,0f,0f,1f],start_interpolation:0}
execute if entity @s[tag=aj.dino.bone.tail_0] run data modify entity @s {} merge value {transformation:[-1.0405218736762512f,-0.10600604451877323f,-0.7347874968388989f,-0.30046144177331996f,0.28852763072538185f,1.1079213379703605f,-0.5684169523879382f,0.5021770284987905f,0.6840334445721853f,-0.6285767606104109f,-0.8779665251655446f,-0.2048354501480886f,0f,0f,0f,1f],start_interpolation:0}
execute if entity @s[tag=aj.dino.bone.body_1] run data modify entity @s {} merge value {transformation:[-1.1730908075473572f,0.09451722108153351f,-0.37885227625443135f,-0.21875f,0.21665920456040555f,1.155549827998358f,-0.3825806831878315f,0.513287196969697f,0.3248404860595302f,-0.4293898985633454f,-1.1129724024811298f,0.08283749999999998f,0f,0f,0f,1f],start_interpolation:0}