execute if entity @s[tag=aj.dino.bone.head_lower] run data modify entity @s {} merge value {transformation:[-0.33854994823085066f,0.36462413439190167f,-0.8674290594462726f,0.6945741733426362f,-0.6216959077330265f,0.6053104662178226f,0.4970849402216585f,1.019505707649217f,0.7063130544318833f,0.7075651772848343f,0.021757505210506567f,-0.04587197624787625f,0f,0f,0f,1f],start_interpolation:0}
execute if entity @s[tag=aj.dino.bone.head_upper] run data modify entity @s {} merge value {transformation:[-0.3523965000510141f,-0.35240995334220476f,-0.9138358026038639f,0.6235540743326751f,-0.6471230113193458f,0.8127860206434884f,-0.0638955041533529f,1.033150929684605f,0.7352009640610414f,0.5464961591954467f,-0.4942604910488479f,-0.06744533815595989f,0f,0f,0f,1f],start_interpolation:0}
execute if entity @s[tag=aj.dino.bone.neck_0] run data modify entity @s {} merge value {transformation:[-0.09045183486678274f,-0.6890190786593886f,-0.7190766126169031f,0.5882705310987731f,-0.4135110054909976f,0.6828378085972947f,-0.6022799809788367f,0.9832562546287732f,0.9059950959619245f,0.24286876372520963f,-0.34668090472296303f,-0.0940973405616179f,0f,0f,0f,1f],start_interpolation:0}
execute if entity @s[tag=aj.dino.bone.neck_1] run data modify entity @s {} merge value {transformation:[-0.004833145495149724f,-0.5954148901316179f,-0.8034038519413361f,0.5174686781918102f,0.06542819151024541f,0.801503417060534f,-0.5944000540006588f,0.9365951946086795f,0.9978455754576065f,-0.05543808302819658f,0.03508313683007004f,-0.0913807347246906f,0f,0f,0f,1f],start_interpolation:0}
execute if entity @s[tag=aj.dino.bone.neck_2] run data modify entity @s {} merge value {transformation:[-0.1763682588074283f,-0.45211563516495656f,-0.8743487231789293f,0.43644267778537515f,0.2855588606551021f,0.8265711658273031f,-0.4850115925668713f,0.9021971898333052f,0.9419927676933599f,-0.33521867528865534f,-0.016675291635324677f,-0.09612361567938033f,0f,0f,0f,1f],start_interpolation:0}
execute if entity @s[tag=aj.dino.bone.body_0] run data modify entity @s {} merge value {transformation:[-0.3272581201695815f,-0.5665765787600024f,-0.7562361424738191f,0.07463406958958604f,0.42547402871433565f,0.6262346547457832f,-0.6533008557204116f,0.6002646142902561f,0.8437262433234282f,-0.5355568481459652f,0.0361232436430515f,-0.0842007148372243f,0f,0f,0f,1f],start_interpolation:0}
execute if entity @s[tag=aj.dino.bone.leg_left_3] run data modify entity @s {} merge value {transformation:[0.8310448113936852f,0.08754696959008196f,-0.5492722909188373f,-0.3173772457508785f,-0.013120693384828769f,0.9903457463327969f,0.13799692071070674f,0.01581710187581259f,0.5560506891109258f,-0.10747479163101017f,0.8241703709204402f,-0.13722234840208317f,0f,0f,0f,1f],start_interpolation:0}
execute if entity @s[tag=aj.dino.bone.leg_left_2] run data modify entity @s {} merge value {transformation:[0.8492615022245215f,0.11373379168684666f,-0.5638100078648632f,-0.30697279281237855f,-0.0280976310696489f,1.012451082037676f,0.16191210303651699f,0.25677819824145287f,0.5744803072937467f,-0.1186154737374799f,0.841406528036484f,-0.1379769763466953f,0f,0f,0f,1f],start_interpolation:0}
execute if entity @s[tag=aj.dino.bone.leg_left_1] run data modify entity @s {} merge value {transformation:[0.747312255108464f,0.6393268821016712f,-0.181067753028689f,-0.13856769392449692f,0.18903865924180147f,0.056677913463334395f,0.9803325963352973f,0.21641782843429463f,0.6370155246748419f,-0.7668433685881358f,-0.07850139728461433f,-0.35482749831368976f,0f,0f,0f,1f],start_interpolation:0}
execute if entity @s[tag=aj.dino.bone.leg_left_0] run data modify entity @s {} merge value {transformation:[0.7714419652491222f,-0.39821969965357773f,-0.4962845605702305f,-0.16482112847923994f,0.1382917958384296f,0.8662403278052042f,-0.4801073564190768f,0.6116956384182477f,0.621089907707696f,0.30174287943835043f,0.723324658263424f,-0.22301896796446385f,0f,0f,0f,1f],start_interpolation:0}
execute if entity @s[tag=aj.dino.bone.leg_right_3] run data modify entity @s {} merge value {transformation:[0.26755711328100706f,-0.07228033370141157f,-0.9608271147780686f,0.13306043524440547f,0.28176055459661103f,0.95946418211328f,0.006282763333567573f,0.27302947082984974f,0.921425081602484f,-0.2724041787522874f,0.27707721377288963f,0.2905427856192935f,0f,0f,0f,1f],start_interpolation:0}
execute if entity @s[tag=aj.dino.bone.leg_right_2] run data modify entity @s {} merge value {transformation:[0.26849361770391617f,-0.24264606514156573f,-0.9597376015475655f,0.04642326391800328f,0.41492149779458715f,0.9304318167370657f,-0.11915949216052807f,0.4855855141449071f,0.8987844721738655f,-0.3570458247555538f,0.34171179538386853f,0.2164819926123132f,0f,0f,0f,1f],start_interpolation:0}
execute if entity @s[tag=aj.dino.bone.leg_right_1] run data modify entity @s {} merge value {transformation:[0.4616925473135274f,0.8307849417220413f,-0.31086391293144916f,0.29780352239425467f,0.061634466627571924f,0.3195583847770854f,0.9455599564502484f,0.5234780757734622f,0.8848961432160731f,-0.4557179163984731f,0.09633273791787242f,0.10519180849257641f,0f,0f,0f,1f],start_interpolation:0}
execute if entity @s[tag=aj.dino.bone.leg_right_0] run data modify entity @s {} merge value {transformation:[0.41323323052805433f,-0.7645480414931919f,-0.49467624709123936f,-0.010162100417968334f,0.11150535436659803f,0.5816222577796404f,-0.805780432377762f,0.8044720854545563f,0.903772567151121f,0.27781620093910764f,0.3255968448262885f,0.08267913975530944f,0f,0f,0f,1f],start_interpolation:0}
execute if entity @s[tag=aj.dino.bone.tail_4] run data modify entity @s {} merge value {transformation:[1.6045588828906816f,1.9206919261172732f,-1.167045263854205f,-1.4316614452064211f,1.1212425684514826f,0.5586373088423139f,2.460975577177015f,1.5322331405039524f,1.9477852103424884f,-1.9038193752867782f,-0.45526463980165405f,-0.28032599741713277f,0f,0f,0f,1f],start_interpolation:0}
execute if entity @s[tag=aj.dino.bone.tail_3] run data modify entity @s {} merge value {transformation:[1.1691255344456315f,1.4211704937969412f,-0.9743538568264725f,-1.2803543064767662f,0.9757095944893469f,0.4244881821729898f,1.7899011415330597f,1.2245781010220307f,1.4202400494187934f,-1.4615162458217403f,-0.4275909157950785f,-0.1935202954984925f,0f,0f,0f,1f],start_interpolation:0}
execute if entity @s[tag=aj.dino.bone.tail_2] run data modify entity @s {} merge value {transformation:[0.7983161194035867f,1.2607015796579815f,-1.2617831729544688f,-1.044901272084507f,1.332660725230309f,0.49724357842567934f,1.3399768991090217f,0.9765830720212199f,1.18552968749492f,-1.4078899906473776f,-0.6566117645198734f,-0.07091598009521913f,0f,0f,0f,1f],start_interpolation:0}
execute if entity @s[tag=aj.dino.bone.tail_1] run data modify entity @s {} merge value {transformation:[0.37644871169317656f,0.7840654687965057f,-1.2374101818336007f,-0.7885684456622972f,0.989085606310622f,0.806384735872154f,0.8118556344212602f,0.7910786324374709f,1.0805796041262754f,-1.01125726123144f,-0.31202999976442897f,0.007558614468554901f,0f,0f,0f,1f],start_interpolation:0}
execute if entity @s[tag=aj.dino.bone.tail_0] run data modify entity @s {} merge value {transformation:[-0.09745064014042155f,0.3264994054356156f,-1.2319647834132434f,-0.42068069016255527f,0.7519294551929112f,1.0123409091249373f,0.20881497721527284f,0.7544876322477947f,1.029048678991204f,-0.7088016214331855f,-0.269248573448725f,0.06913465980489152f,0f,0f,0f,1f],start_interpolation:0}
execute if entity @s[tag=aj.dino.bone.body_1] run data modify entity @s {} merge value {transformation:[0.48642011632071186f,-0.08882638069212925f,-1.133185748051895f,-0.1512477900488465f,0.606303705427048f,1.0628697765608597f,0.1769413742321155f,0.6417594191919194f,0.9614550859401738f,-0.6253177649986088f,0.46172113396851183f,0.003910552876726465f,0f,0f,0f,1f],start_interpolation:0}