execute if entity @s[tag=aj.dino.bone.head_lower] run data modify entity @s {} merge value {transformation:[-0.9935419348833234f,0.09041608558702766f,-0.06855184239260705f,0.3634522876292184f,0.05688603063839265f,0.9196759802291998f,0.3885358038941434f,0.6278332291763938f,0.09817536934745574f,0.3821269721657709f,-0.9188800650775439f,0.7252323362103084f,0f,0f,0f,1f],start_interpolation:0}
execute if entity @s[tag=aj.dino.bone.head_upper] run data modify entity @s {} merge value {transformation:[-1.0341773860442454f,0.11696501607997299f,0.0163786993259704f,0.3668867722913667f,0.05921264558899015f,0.3885782313408602f,0.9638323315358688f,0.7030210936424995f,0.1021907010473628f,0.9585395587689266f,-0.39272244330828343f,0.7197145609404331f,0f,0f,0f,1f],start_interpolation:0}
execute if entity @s[tag=aj.dino.bone.neck_0] run data modify entity @s {} merge value {transformation:[-0.8874868133308257f,0.10011225682628336f,-0.4498274026746751f,0.33646184854582756f,-0.02821599383013518f,0.9624816405964737f,0.2698758033001447f,0.7048580047140676f,0.4599684922427554f,0.2522035438844366f,-0.8513649972814585f,0.6604213401888989f,0f,0f,0f,1f],start_interpolation:0}
execute if entity @s[tag=aj.dino.bone.neck_1] run data modify entity @s {} merge value {transformation:[-0.8792523452813905f,0.1792966655492635f,-0.44132529843652707f,0.29990180069981404f,0.10506880955241533f,0.9766387949749107f,0.1874492182144079f,0.7252366666164171f,0.4646244274426521f,0.11844564100409109f,-0.8775504381804604f,0.5866269644879135f,0f,0f,0f,1f],start_interpolation:0}
execute if entity @s[tag=aj.dino.bone.neck_2] run data modify entity @s {} merge value {transformation:[-0.80786903914588f,0.18121918731963563f,-0.5608094344219997f,0.25254493727953997f,0.2672216267428398f,0.9607518853844136f,-0.07448769650892154f,0.7281173471723535f,0.5253001216356443f,-0.21003671316583103f,-0.8245873885356675f,0.5123305341519357f,0f,0f,0f,1f],start_interpolation:0}
execute if entity @s[tag=aj.dino.bone.body_0] run data modify entity @s {} merge value {transformation:[-0.5357780303755726f,-0.05331893603308411f,-0.8426737169433801f,-0.14511195500382165f,0.4431446382119875f,0.8317518970113427f,-0.33438243291476866f,0.5784476369826508f,0.7187243781804251f,-0.5525811007248917f,-0.42200639252365413f,0.30817647816872906f,0f,0f,0f,1f],start_interpolation:0}
execute if entity @s[tag=aj.dino.bone.leg_left_3] run data modify entity @s {} merge value {transformation:[-0.5981402274410197f,0.10526618915930469f,-0.7944477942172683f,0.08709246413460665f,-0.09480859997670037f,0.9750786282739171f,0.20058164934488532f,0.08316906982223787f,0.7957635312624368f,0.19529643648396156f,-0.5732536124695621f,-0.0021789241379952112f,0f,0f,0f,1f],start_interpolation:0}
execute if entity @s[tag=aj.dino.bone.leg_left_2] run data modify entity @s {} merge value {transformation:[-0.6155639667657923f,0.23107227773878874f,-0.7872412621178245f,0.11567082284516628f,-0.0952959669728373f,0.9573826719043848f,0.3555267890280953f,0.3171731107253682f,0.8148999208485473f,0.2865069309781598f,-0.553095016252363f,0.04877653013760047f,0f,0f,0f,1f],start_interpolation:0}
execute if entity @s[tag=aj.dino.bone.leg_left_1] run data modify entity @s {} merge value {transformation:[-0.7310976767319477f,0.6482223306233692f,-0.21284735647490705f,0.3176214659057107f,0.06728234059870067f,0.3789464872437765f,0.9229694721111653f,0.3698302197020341f,0.6789471803614099f,0.6604599684211074f,-0.32066081206234276f,0.23168785373845843f,0f,0f,0f,1f],start_interpolation:0}
execute if entity @s[tag=aj.dino.bone.leg_left_0] run data modify entity @s {} merge value {transformation:[-0.6936979445904474f,-0.6650849839940192f,-0.2764871167643505f,-0.001664896791692655f,0.04660445567348612f,0.34161701993355165f,-0.9386830329792359f,0.5857937921457796f,0.7187566948435099f,-0.6640480221771573f,-0.20598310090936828f,0.07130321439525242f,0f,0f,0f,1f],start_interpolation:0}
execute if entity @s[tag=aj.dino.bone.leg_right_3] run data modify entity @s {} merge value {transformation:[-0.9604234293022937f,-0.007945308051065279f,-0.27843079665725873f,-0.7223447483038752f,-0.042066554385360555f,0.9922653727747086f,0.11678970414557933f,0.07978223033452647f,0.2753493080604446f,0.12388019241283933f,-0.9533291438314428f,-0.11954765184833235f,0f,0f,0f,1f],start_interpolation:0}
execute if entity @s[tag=aj.dino.bone.leg_right_2] run data modify entity @s {} merge value {transformation:[-0.901288925700393f,0.39898569222141195f,-0.28381488564401713f,-0.6367146738908139f,0.35032158768198973f,0.9408393732069157f,0.21013866500071376f,0.30504126687577815f,0.3420749290937524f,0.08771482615221311f,-0.9629917194136641f,-0.12939289834277123f,0f,0f,0f,1f],start_interpolation:0}
execute if entity @s[tag=aj.dino.bone.leg_right_1] run data modify entity @s {} merge value {transformation:[-0.9004082318788356f,0.42951084736425804f,-0.06917693229152397f,-0.5342933064936908f,-0.042187111485855674f,0.07205809405478063f,0.9965078417682784f,0.2709259774998545f,0.4329956854165051f,0.900182238814802f,-0.046761879058283634f,0.12626193965382548f,0f,0f,0f,1f],start_interpolation:0}
execute if entity @s[tag=aj.dino.bone.leg_right_0] run data modify entity @s {} merge value {transformation:[-0.898703272887062f,0.048975669161442276f,-0.43581396390234206f,-0.375088601828247f,0.015954264370326737f,0.9967381196064571f,0.0791112025681942f,0.6539825188510946f,0.4382669149622005f,0.06414440547368944f,-0.896553181075134f,0.17347239087881974f,0f,0f,0f,1f],start_interpolation:0}
execute if entity @s[tag=aj.dino.bone.tail_4] run data modify entity @s {} merge value {transformation:[-2.5805778536941593f,0.07329344894378743f,-0.9802588142756823f,-0.9658545691606437f,0.020033650362254116f,2.7571227081202596f,0.1534091158333535f,0.16557976843002656f,0.9827908859347461f,0.13624894241619898f,-2.5770563889472933f,-1.3659691863102381f,0f,0f,0f,1f],start_interpolation:0}
execute if entity @s[tag=aj.dino.bone.tail_3] run data modify entity @s {} merge value {transformation:[-1.9426272432214222f,-0.08219124326258705f,-0.745244603784107f,-0.8386843183822636f,0.016299395516012276f,2.064625179580478f,-0.27019016190923056f,0.191190057003241f,0.7495860521942705f,-0.2579011310903345f,-1.9255007875829544f,-1.0369516429011878f,0f,0f,0f,1f],start_interpolation:0}
execute if entity @s[tag=aj.dino.bone.tail_2] run data modify entity @s {} merge value {transformation:[-1.8174200980223971f,-0.11699022714336862f,-0.7085699323708137f,-0.7083344359305039f,0.018604510027394012f,1.9197482779141366f,-0.3646838310853996f,0.25945455134371276f,0.717921955726161f,-0.3459099755737419f,-1.7842948829405056f,-0.7048065677813047f,0f,0f,0f,1f],start_interpolation:0}
execute if entity @s[tag=aj.dino.bone.tail_1] run data modify entity @s {} merge value {transformation:[-1.2079443604870506f,-0.13806428124909556f,-0.8997026876756017f,-0.511886726238256f,0.10896412136367842f,1.462315818619629f,-0.37069598982218116f,0.3212447910035603f,0.9036888248855197f,-0.36086971452031785f,-1.1579187393418646f,-0.4520874734526865f,0f,0f,0f,1f],start_interpolation:0}
execute if entity @s[tag=aj.dino.bone.tail_0] run data modify entity @s {} merge value {transformation:[-1.043277709448926f,-0.07153863069653048f,-0.7350439183267182f,-0.29881616388665017f,0.30448162529127715f,1.117380786718719f,-0.540912963346107f,0.5062765197029386f,0.6728285646515106f,-0.6165858564498133f,-0.8949633069568079f,-0.20543770934480957f,0f,0f,0f,1f],start_interpolation:0}
execute if entity @s[tag=aj.dino.bone.body_1] run data modify entity @s {} merge value {transformation:[-1.1744597410041326f,0.09963534222692247f,-0.37325823553684606f,-0.21875f,0.21446124931433153f,1.1617249935378484f,-0.36469988619174615f,0.5128137121212122f,0.3213336029102648f,-0.41118418382163063f,-1.1208375786312208f,0.08283749999999998f,0f,0f,0f,1f],start_interpolation:0}