execute if entity @s[tag=aj.dino.bone.head_lower] run data modify entity @s {} merge value {transformation:[-0.9353018435148879f,-0.21622720235419732f,-0.28010044355503816f,-0.1786795893523995f,-0.3525117545797346f,0.6381727420942963f,0.6844494240854935f,0.4466638860300231f,0.030755884002399564f,0.7389055069560135f,-0.6731067726514919f,0.8688258775401406f,0f,0f,0f,1f],start_interpolation:0}
execute if entity @s[tag=aj.dino.bone.head_upper] run data modify entity @s {} merge value {transformation:[-0.9735552992055454f,-0.3246252592456015f,-0.17401282433209925f,-0.19826716881637055f,-0.36692933846214804f,0.8975484439634752f,0.37847271222372403f,0.49279510541239735f,0.03201378684314604f,0.41532779148761206f,-0.9539129340005257f,0.8124016467448986f,0f,0f,0f,1f],start_interpolation:0}
execute if entity @s[tag=aj.dino.bone.neck_0] run data modify entity @s {} merge value {transformation:[-0.8842097959041326f,-0.4669910466705466f,-0.009612448008680552f,-0.19102287714197486f,-0.4393462590365712f,0.8245274304742648f,0.3565520734283796f,0.5026087685898358f,-0.1585808989057077f,0.31949002914810004f,-0.9342260003752859f,0.7468581611229623f,0f,0f,0f,1f],start_interpolation:0}
execute if entity @s[tag=aj.dino.bone.neck_1] run data modify entity @s {} merge value {transformation:[-0.9171110767944791f,-0.390113288749499f,0.08196886458845881f,-0.18587624162709254f,-0.35792880414187794f,0.8963900925246899f,0.26147996708953286f,0.5288891108343869f,-0.17548288801600084f,0.21046715649865183f,-0.9617220659051843f,0.666357275420273f,0f,0f,0f,1f],start_interpolation:0}
execute if entity @s[tag=aj.dino.bone.neck_2] run data modify entity @s {} merge value {transformation:[-0.9638641796336589f,-0.23393504302223395f,0.12743719576842247f,-0.17700215777940004f,-0.21258063739114666f,0.9637407392752648f,0.16128626744872016f,0.5524546216853676f,-0.16054692717553803f,0.128367375556844f,-0.9786452375948808f,0.5818774096039907f,0f,0f,0f,1f],start_interpolation:0}
execute if entity @s[tag=aj.dino.bone.body_0] run data modify entity @s {} merge value {transformation:[-0.9533085820249135f,-0.11941507276484178f,0.2773856301869586f,-0.047408928305325705f,-0.14675595967072735f,0.9859391581571125f,-0.07991661099901598f,0.5241825255142168f,-0.2639421067938431f,-0.11689318546866512f,-0.9574291344283481f,0.12953109519909348f,0f,0f,0f,1f],start_interpolation:0}
execute if entity @s[tag=aj.dino.bone.leg_left_3] run data modify entity @s {} merge value {transformation:[-0.940137988571966f,-0.0677750084092212f,-0.3339866923681059f,0.28414989308679933f,-0.06767484880688213f,0.997635863680075f,-0.011949825868046632f,0.024578642160466485f,0.3340070018470023f,0.011368013654151757f,-0.9425020376544209f,-0.24706760797296395f,0f,0f,0f,1f],start_interpolation:0}
execute if entity @s[tag=aj.dino.bone.leg_left_2] run data modify entity @s {} merge value {transformation:[-0.934913439556526f,-0.24430835102615786f,-0.34396582629115907f,0.2151214820725748f,-0.2759154816957744f,0.9866697856440235f,0.04914855601602116f,0.2556607978515213f,0.31917034166392866f,0.1373257558389933f,-0.9650565420150647f,-0.24438658950193132f,0f,0f,0f,1f],start_interpolation:0}
execute if entity @s[tag=aj.dino.bone.leg_left_1] run data modify entity @s {} merge value {transformation:[-0.9797653215426809f,0.20013834505863753f,0.002134839468572236f,0.288892230953807f,0.03815272032665256f,0.17628248249723155f,0.9835999472835945f,0.250624951543566f,0.19647973084784867f,0.9637785685528616f,-0.18035128545190313f,0.023094068716995694f,0f,0f,0f,1f],start_interpolation:0}
execute if entity @s[tag=aj.dino.bone.leg_left_0] run data modify entity @s {} merge value {transformation:[-0.9760267742894068f,-0.09547598788024708f,-0.19559159391064324f,0.1538395101369695f,-0.01638821808137194f,0.9283368645689724f,-0.37137863722940045f,0.6434471674083511f,0.21703262929415118f,-0.3592700956391167f,-0.9076463166901121f,-0.01884335952440462f,0f,0f,0f,1f],start_interpolation:0}
execute if entity @s[tag=aj.dino.bone.leg_right_3] run data modify entity @s {} merge value {transformation:[-0.9846885870861752f,0.004517005537001052f,0.17426411886332313f,-0.25616771093041624f,0.0062601595397376395f,0.9999357086762941f,0.009454571199907558f,0.030436550338653612f,-0.17421020884198687f,0.01040072954247892f,-0.9846535573287772f,-0.07659694550519028f,0f,0f,0f,1f],start_interpolation:0}
execute if entity @s[tag=aj.dino.bone.leg_right_2] run data modify entity @s {} merge value {transformation:[-1.0103595734152584f,0.0469202695472885f,0.1703943080459008f,-0.23839726698427555f,0.02076116463219292f,1.0135569615689977f,-0.15599185619393768f,0.2618421509779064f,-0.17551269456066831f,-0.15020976486675205f,-0.9993470468698165f,-0.14222263697399928f,0f,0f,0f,1f],start_interpolation:0}
execute if entity @s[tag=aj.dino.bone.leg_right_1] run data modify entity @s {} merge value {transformation:[-0.9400700045609188f,-0.10775225483167555f,-0.3235086368298744f,-0.26923458410859347f,-0.3407651003437004f,0.2630831109071905f,0.9025887342212632f,0.2786571391572992f,-0.012146312715461096f,0.9587370485874029f,-0.2840347492003992f,0.1330584951525356f,0f,0f,0f,1f],start_interpolation:0}
execute if entity @s[tag=aj.dino.bone.leg_right_0] run data modify entity @s {} merge value {transformation:[-0.9711900799648322f,-0.17506962345273377f,0.16168010243075934f,-0.23820864533569208f,-0.23475554145800975f,0.8195264749344162f,-0.5227486897509416f,0.6702812256572674f,-0.04098370813700818f,-0.5456436417898475f,-0.8370145469713492f,-0.008275310289682078f,0f,0f,0f,1f],start_interpolation:0}
execute if entity @s[tag=aj.dino.bone.tail_4] run data modify entity @s {} merge value {transformation:[-2.6473418215151976f,-0.0028631332337475117f,0.7856426758550472f,-0.01914416015806812f,-0.20556787214159947f,2.667762237403724f,-0.6829698574797085f,0.47604168629213783f,-0.758277298618235f,-0.7132305228681427f,-2.5577292841990666f,-1.7368079756318537f,0f,0f,0f,1f],start_interpolation:0}
execute if entity @s[tag=aj.dino.bone.tail_3] run data modify entity @s {} merge value {transformation:[-2.043818165582446f,0.1271358994689806f,0.37760997755072967f,-0.08441698268952558f,-0.006221270737200884f,1.9630197916240981f,-0.694593492286633f,0.5746093847304531f,-0.3983894173670578f,-0.6828874627658205f,-1.926368633302474f,-1.403484452762381f,0f,0f,0f,1f],start_interpolation:0}
execute if entity @s[tag=aj.dino.bone.tail_2] run data modify entity @s {} merge value {transformation:[-1.9456962400693971f,0.16551692559919823f,0.07512764952250603f,-0.09978239876928977f,0.13030448164469025f,1.8332206610259782f,-0.664151055900358f,0.698606188576232f,-0.1267310476793103f,-0.6562621658532826f,-1.836309637895102f,-1.06236837194257f,0f,0f,0f,1f],start_interpolation:0}
execute if entity @s[tag=aj.dino.bone.tail_1] run data modify entity @s {} merge value {transformation:[-1.472902258682712f,0.14378762066997683f,-0.31231443532029035f,-0.032926302479412216f,0.17371729763268132f,1.4968451142356005f,-0.13012783903612368f,0.7081448978785008f,0.29671111686379975f,-0.1625917406607105f,-1.4741718654886744f,-0.7434389872622719f,0f,0f,0f,1f],start_interpolation:0}
execute if entity @s[tag=aj.dino.bone.tail_0] run data modify entity @s {} merge value {transformation:[-1.2737542511000262f,0.09180224841539235f,0.054389075874829204f,-0.0466047027841561f,0.092797345659836f,1.2746567982140609f,0.021781092470207878f,0.7325396955617246f,-0.05267330469154423f,0.025653665168654197f,-1.2768724012290007f,-0.36968812570891163f,0f,0f,0f,1f],start_interpolation:0}
execute if entity @s[tag=aj.dino.bone.body_1] run data modify entity @s {} merge value {transformation:[-1.2330357417788924f,0.08971324742969539f,-0.013378631755335834f,-0.049537182169765076f,0.08439614485113411f,1.2015445297757636f,0.27887744397217834f,0.5867720454545455f,0.033237708800292094f,0.2772126823538334f,-1.204430561930471f,-0.10834713283960454f,0f,0f,0f,1f],start_interpolation:0}