execute if entity @s[tag=aj.dino.bone.head_lower] run data modify entity @s {} merge value {transformation:[-0.9452251505479166f,-0.10507530907016494f,-0.3090446475761684f,0.6324843047751112f,-0.25535509961450353f,0.8277844356066286f,0.49956651335761304f,0.587068300608882f,0.20333024337893235f,0.551118959564289f,-0.8092741837821342f,0.5004745471879551f,0f,0f,0f,1f],start_interpolation:0}
execute if entity @s[tag=aj.dino.bone.head_upper] run data modify entity @s {} merge value {transformation:[-0.9838844653615137f,-0.1101481529991548f,-0.32141979683067223f,0.6075476972331808f,-0.2657990167907786f,0.8628917576709488f,0.5179195302362164f,0.6420658032633707f,0.21164636561219596f,0.5716267501770035f,-0.8437538841325315f,0.4552098059662701f,0f,0f,0f,1f],start_interpolation:0}
execute if entity @s[tag=aj.dino.bone.neck_0] run data modify entity @s {} merge value {transformation:[-0.815037604396577f,-0.2044119412225118f,-0.5421526184619359f,0.5760724404916242f,-0.25914675980310137f,0.9654998205200125f,0.02555491067050003f,0.6281300961003409f,0.5182245269215293f,0.16132530756663063f,-0.8398913529948319f,0.3981147927583177f,0f,0f,0f,1f],start_interpolation:0}
execute if entity @s[tag=aj.dino.bone.neck_1] run data modify entity @s {} merge value {transformation:[-0.5832969298011953f,-0.18494087569310247f,-0.7909244996726098f,0.5082187549885874f,-0.12181944661648089f,0.9826392543666765f,-0.13992897556887907f,0.620803171516813f,0.8030720478951774f,0.014729843025980696f,-0.5956998553079192f,0.34771905499872635f,0f,0f,0f,1f],start_interpolation:0}
execute if entity @s[tag=aj.dino.bone.neck_2] run data modify entity @s {} merge value {transformation:[-0.6375319208988115f,-0.05809448893857358f,-0.7682304863711396f,0.4403472212980635f,0.08423516163116024f,0.9859186426521371f,-0.14446060921905204f,0.617800098405371f,0.7658051236313609f,-0.1568102688790926f,-0.6236610074343454f,0.29154640275117755f,0f,0f,0f,1f],start_interpolation:0}
execute if entity @s[tag=aj.dino.bone.body_0] run data modify entity @s {} merge value {transformation:[-0.6727857744838172f,-0.027084826643072768f,-0.7393414054534786f,0.09164037260830085f,0.29079850108848204f,0.9092165236590025f,-0.2979287580448231f,0.48604881588019505f,0.6802907712272028f,-0.4154416027207113f,-0.6038317160533588f,0.0030051787762465894f,0f,0f,0f,1f],start_interpolation:0}
execute if entity @s[tag=aj.dino.bone.leg_left_3] run data modify entity @s {} merge value {transformation:[0.4802534569373957f,0.05834255200035493f,-0.8751872735167985f,-0.28883888338984204f,-0.06857491384396208f,0.9972287929376049f,0.028848149464072242f,0.0243151464135819f,0.8744450230237316f,0.04616146837237921f,0.4829234106426524f,-0.3018247881937316f,0f,0f,0f,1f],start_interpolation:0}
execute if entity @s[tag=aj.dino.bone.leg_left_2] run data modify entity @s {} merge value {transformation:[0.45504732129228154f,0.2732828619973891f,-0.8776734086344019f,-0.251555134056282f,-0.2220114414090619f,0.9830065642512757f,0.19097438054113006f,0.25901008930882585f,0.8920230124659814f,0.10524624210922524f,0.4952578856047592f,-0.2606024898462826f,0f,0f,0f,1f],start_interpolation:0}
execute if entity @s[tag=aj.dino.bone.leg_left_1] run data modify entity @s {} merge value {transformation:[0.4034958255798107f,0.9009581650015851f,0.1595791454314872f,-0.02329230657121127f,0.021543583175394745f,-0.18371346931001314f,0.9827437281499405f,0.15655078476744144f,0.9147278244175324f,-0.39309508533057963f,-0.09353748513463755f,-0.38065063919137804f,0f,0f,0f,1f],start_interpolation:0}
execute if entity @s[tag=aj.dino.bone.leg_left_0] run data modify entity @s {} merge value {transformation:[0.4268682691904753f,-0.4000022451607225f,-0.8110374125924829f,-0.06468829893263106f,-0.030850586575036865f,0.88989048233752f,-0.45512983944482527f,0.539413951830504f,0.9037874319032679f,0.21930146673352982f,0.3675257060699544f,-0.21937619705218517f,0f,0f,0f,1f],start_interpolation:0}
execute if entity @s[tag=aj.dino.bone.leg_right_3] run data modify entity @s {} merge value {transformation:[-0.33648184435205913f,0.03979631324672803f,-0.9408486710802139f,-0.046440086787050874f,0.13624395670580652f,0.9906518218496695f,-0.006822911920628644f,0.10364522258342826f,0.9317819233504063f,-0.13048073159627313f,-0.33875835930574233f,0.37063082865827146f,0f,0f,0f,1f],start_interpolation:0}
execute if entity @s[tag=aj.dino.bone.leg_right_2] run data modify entity @s {} merge value {transformation:[-0.33650932193476685f,-0.08589000469906377f,-0.9651148029351182f,-0.09576523920877594f,0.25364104675242255f,0.9782279952255f,-0.17549475279941662f,0.32585168080997984f,0.9351416444336296f,-0.29623486619671857f,-0.29969519248074944f,0.2908662291983546f,0f,0f,0f,1f],start_interpolation:0}
execute if entity @s[tag=aj.dino.bone.leg_right_1] run data modify entity @s {} merge value {transformation:[-0.14256128506485594f,0.9114141068405477f,-0.38600596608433774f,0.1694706037548328f,-0.09595352759368962f,0.3754263131269688f,0.9218720106143897f,0.3770396691183615f,0.9851239518674713f,0.16846189261651223f,0.033932141003460856f,0.35445178667873256f,0f,0f,0f,1f],start_interpolation:0}
execute if entity @s[tag=aj.dino.bone.leg_right_0] run data modify entity @s {} merge value {transformation:[-0.23543501818976068f,-0.7734506586941172f,-0.5885103489112345f,-0.05892748751692914f,0.08494246607693766f,0.5868391544957963f,-0.8052357320731782f,0.6631262764278771f,0.9681710229431344f,-0.23957020957601324f,-0.07246368067487147f,0.153713042072715f,0f,0f,0f,1f],start_interpolation:0}
execute if entity @s[tag=aj.dino.bone.tail_4] run data modify entity @s {} merge value {transformation:[0.1365503058199188f,2.718786706539593f,-0.4639118342143057f,-1.3902627137470125f,2.146546145885417f,0.18689839057294852f,1.7271566132767768f,1.0557564585163315f,1.7318645989698354f,-0.44601476157727904f,-2.104133354825738f,-0.9184889023119769f,0f,0f,0f,1f],start_interpolation:0}
execute if entity @s[tag=aj.dino.bone.tail_3] run data modify entity @s {} merge value {transformation:[0.06853469715109593f,1.8899960836995982f,-0.8712997905032666f,-1.261017562847912f,1.778194074431058f,0.39977588211451937f,1.0070504474862598f,0.8810857964371923f,1.08132990108899f,-0.777199828695418f,-1.6008221629310146f,-0.639443109989875f,0f,0f,0f,1f],start_interpolation:0}
execute if entity @s[tag=aj.dino.bone.tail_2] run data modify entity @s {} merge value {transformation:[-0.33384910827131603f,1.3466360504563688f,-1.3761867589540662f,-1.0051138772504895f,1.71238037520757f,0.8462859456677861f,0.41270743120513387f,0.8058319736739132f,0.880381791334422f,-1.1354053552715133f,-1.324596714366429f,-0.392822652958612f,0f,0f,0f,1f],start_interpolation:0}
execute if entity @s[tag=aj.dino.bone.tail_1] run data modify entity @s {} merge value {transformation:[-0.0705810397952608f,0.8095099563424781f,-1.275683423661145f,-0.7404290291137166f,1.2122930218957064f,0.7925019836389098f,0.43582391512096985f,0.7012018208998306f,0.9016763254540936f,-1.0021429471441654f,-0.6858174448093385f,-0.23385366448565936f,0f,0f,0f,1f],start_interpolation:0}
execute if entity @s[tag=aj.dino.bone.tail_0] run data modify entity @s {} merge value {transformation:[-0.38958542113547173f,0.6438386435135149f,-1.033213781045047f,-0.4229629748039805f,0.8367882890060263f,0.9295542745983993f,0.2637232006142776f,0.6465675726845475f,0.8842195856262696f,-0.5960170872370596f,-0.7048085362000003f,-0.04227518295983721f,0f,0f,0f,1f],start_interpolation:0}
execute if entity @s[tag=aj.dino.bone.body_1] run data modify entity @s {} merge value {transformation:[0.01811840274734735f,0.1783635365465316f,-1.2232999498768686f,-0.15057692210263002f,0.38908923763001896f,1.160432324082289f,0.1749599423917331f,0.5277284848484849f,1.17340780792469f,-0.38754079154566684f,-0.039126030283973656f,-0.007075306495551649f,0f,0f,0f,1f],start_interpolation:0}