execute if entity @s[tag=aj.dino.bone.head_lower] run data modify entity @s {} merge value {transformation:[-0.9992326878192508f,-0.02590506382936791f,0.02937623634013852f,0.288431707222203f,-0.014297683074274592f,0.9395275259806761f,0.3421748152382604f,0.6670278789174922f,-0.03646384308082318f,0.34149224821747637f,-0.9391769974584931f,0.8061624509349784f,0f,0f,0f,1f],start_interpolation:0}
execute if entity @s[tag=aj.dino.bone.head_upper] run data modify entity @s {} merge value {transformation:[-1.040100888404105f,-0.0407683546541819f,0.00016057175689066872f,0.28720445692648905f,-0.014882452354644476f,0.3834988048703149f,0.9675634975847628f,0.7423359017249307f,-0.0379551990695609f,0.9668187785233271f,-0.3837874345803402f,0.801403034022913f,0f,0f,0f,1f],start_interpolation:0}
execute if entity @s[tag=aj.dino.bone.neck_0] run data modify entity @s {} merge value {transformation:[-0.9359318027437277f,-0.0020479653589560824f,-0.35217533481316404f,0.2647678047301895f,-0.08976677549413555f,0.9683414744299249f,0.23293070840115676f,0.7417086461942971f,0.3405489489489892f,0.2496209020430135f,-0.906485421081316f,0.738626131877152f,0f,0f,0f,1f],start_interpolation:0}
execute if entity @s[tag=aj.dino.bone.neck_1] run data modify entity @s {} merge value {transformation:[-0.93398408188217f,0.09966905415984932f,-0.34313235701927136f,0.23615915335235405f,0.04274668698192086f,0.9845793898199656f,0.16963533209155973f,0.7606148194626627f,0.3547484398031786f,0.14376892843944086f,-0.923841999301063f,0.6610269145923157f,0f,0f,0f,1f],start_interpolation:0}
execute if entity @s[tag=aj.dino.bone.neck_2] run data modify entity @s {} merge value {transformation:[-0.8780305964280559f,0.1475305212597968f,-0.4552988216907714f,0.19771597784078898f,0.2069927930447963f,0.9747881528737649f,-0.0833189092851534f,0.7628592433766934f,0.4315278152839125f,-0.1674001263851559f,-0.8864315779136748f,0.5817299082678536f,0f,0f,0f,1f],start_interpolation:0}
execute if entity @s[tag=aj.dino.bone.body_0] run data modify entity @s {} merge value {transformation:[-0.6956136884353407f,0.0004950282478916879f,-0.7184158624420917f,-0.14086600830583812f,0.40075153512652784f,0.8302247333496382f,-0.3874598033709476f,0.5881598193883004f,0.5962548142825448f,-0.5574286026762135f,-0.5777140723258626f,0.30414522818220163f,0f,0f,0f,1f],start_interpolation:0}
execute if entity @s[tag=aj.dino.bone.leg_left_3] run data modify entity @s {} merge value {transformation:[-0.5724807600635031f,0.15661300211239318f,-0.8048218106677136f,0.05515835198323605f,-0.08535262469474927f,0.9648717596414131f,0.24847015294437338f,0.09489581485634357f,0.8154634932446894f,0.21093803596275945f,-0.5390031875317086f,-0.02715987922062322f,0f,0f,0f,1f],start_interpolation:0}
execute if entity @s[tag=aj.dino.bone.leg_left_2] run data modify entity @s {} merge value {transformation:[-0.5891292764317732f,0.3191346529325686f,-0.7766221529478016f,0.10463311073301465f,-0.085378931746817f,0.9210357142978394f,0.4432446846859367f,0.32315369366378843f,0.8352839835441851f,0.319231085244172f,-0.5024483859552942f,0.03302035902244649f,0f,0f,0f,1f],start_interpolation:0}
execute if entity @s[tag=aj.dino.bone.leg_left_1] run data modify entity @s {} merge value {transformation:[-0.7001949937547545f,0.6924943327280348f,-0.17371980272937473f,0.31592044829732685f,0.0839892335587483f,0.32152727135606435f,0.9431680775029112f,0.358807809533944f,0.708994202632852f,0.6458109730516175f,-0.28329385400874746f,0.20937179980552462f,0f,0f,0f,1f],start_interpolation:0}
execute if entity @s[tag=aj.dino.bone.leg_left_0] run data modify entity @s {} merge value {transformation:[-0.6619302829445619f,-0.6795675429063558f,-0.3162850852461281f,-0.00211862962784104f,0.061620993585664086f,0.37119474533519714f,-0.9265081295838983f,0.587139502347999f,0.7470282147753509f,-0.6327735895750997f,-0.2038294156048034f,0.06437848432639605f,0f,0f,0f,1f],start_interpolation:0}
execute if entity @s[tag=aj.dino.bone.leg_right_3] run data modify entity @s {} merge value {transformation:[-0.9603930495868089f,-0.018783478158115704f,-0.27801505580387664f,-0.7570465332494801f,-0.05194747597220446f,0.9923033433858433f,0.11240789316322367f,0.08894338657801437f,0.27376385817975746f,0.12239793974393937f,-0.9539769883498094f,-0.1465596368287804f,0f,0f,0f,1f],start_interpolation:0}
execute if entity @s[tag=aj.dino.bone.leg_right_2] run data modify entity @s {} merge value {transformation:[-0.8974160261893881f,0.4080846071194493f,-0.28314948149574004f,-0.6692809593482982f,0.3727445939281919f,0.9397742472451149f,0.1730549953421727f,0.31277330574396134f,0.32828058598773263f,0.0485130616199049f,-0.9705362122128717f,-0.1657545160932471f,0f,0f,0f,1f],start_interpolation:0}
execute if entity @s[tag=aj.dino.bone.leg_right_1] run data modify entity @s {} merge value {transformation:[-0.8954206071817172f,0.4396980854931156f,-0.06991087074277956f,-0.5639537806964621f,-0.012865041914581625f,0.131406493398338f,0.9912450878512785f,0.29564420590643864f,0.4450353097573954f,0.888480684712077f,-0.11200734780672994f,0.09042152696262884f,0f,0f,0f,1f],start_interpolation:0}
execute if entity @s[tag=aj.dino.bone.leg_right_0] run data modify entity @s {} merge value {transformation:[-0.8889408059137495f,0.13044048597585325f,-0.4390552621251645f,-0.37363461635854633f,0.04415537088331143f,0.9785307733810105f,0.20131524723308675f,0.6583246770943258f,0.45588874388777223f,0.15957069018069958f,-0.8756155823371831f,0.17134599834862302f,0f,0f,0f,1f],start_interpolation:0}
execute if entity @s[tag=aj.dino.bone.tail_4] run data modify entity @s {} merge value {transformation:[-2.5736531576351163f,0.03849199940637341f,-1.000244530990545f,-0.9904061964027924f,-0.0744789066618902f,2.744404846140923f,0.29724781671303224f,0.16594698261049168f,0.998210222476831f,0.30400943745205455f,-2.5567197627590783f,-1.3238319202326976f,0f,0f,0f,1f],start_interpolation:0}
execute if entity @s[tag=aj.dino.bone.tail_3] run data modify entity @s {} merge value {transformation:[-1.930793319067226f,-0.07081001500012897f,-0.7765105452377907f,-0.8580457716129941f,-0.05549620191410631f,2.0809098690463035f,-0.05176692499315983f,0.1543614033719416f,0.7777550106961175f,-0.02730539737524875f,-1.9313977023533253f,-0.9960710382807216f,0f,0f,0f,1f],start_interpolation:0}
execute if entity @s[tag=aj.dino.bone.tail_2] run data modify entity @s {} merge value {transformation:[-1.7987579533866511f,-0.13199940447336883f,-0.7522099822188737f,-0.7195730710578169f,-0.04720735203676976f,1.9402946912816015f,-0.2276002018911404f,0.19709857528047708f,0.7622435083650883f,-0.1913283648753823f,-1.789176393135168f,-0.6629489445862969f,0f,0f,0f,1f],start_interpolation:0}
execute if entity @s[tag=aj.dino.bone.tail_1] run data modify entity @s {} merge value {transformation:[-1.1759882020720938f,-0.2144635823144374f,-0.9266678857325871f,-0.5164193790802709f,0.09712559916888405f,1.4387730552989022f,-0.45624002820001214f,0.27759603373428837f,0.9461895246584217f,-0.41423872007179774f,-1.1048927170634932f,-0.4210286816540708f,0f,0f,0f,1f],start_interpolation:0}
execute if entity @s[tag=aj.dino.bone.tail_0] run data modify entity @s {} merge value {transformation:[-1.0285321613632987f,-0.17068708791087622f,-0.7394749675586547f,-0.30444659004598473f,0.30361460258818834f,1.0489117731374122f,-0.6644079935197754f,0.4970636012774014f,0.6955397060704623f,-0.7102715866330727f,-0.8034765130887026f,-0.20337428862117932f,0f,0f,0f,1f],start_interpolation:0}
execute if entity @s[tag=aj.dino.bone.body_1] run data modify entity @s {} merge value {transformation:[-1.1684597514020345f,0.08860056390258579f,-0.39427952582639847f,-0.21875f,0.2238854169360271f,1.1461677640519663f,-0.40593025483172307f,0.5142341666666668f,0.33642491657593837f,-0.4550318579841528f,-1.0992583312318414f,0.08283749999999998f,0f,0f,0f,1f],start_interpolation:0}