execute if entity @s[tag=aj.dino.bone.head_lower] run data modify entity @s {} merge value {transformation:[-0.8637699076632613f,-0.33569248488031345f,-0.3757819876075509f,-0.16823293615112106f,-0.5031959601630094f,0.6136889577970299f,0.6084239383469574f,0.4598588690768228f,0.02636991260941745f,0.7146302671122149f,-0.6990051566591595f,0.8705401132083792f,0f,0f,0f,1f],start_interpolation:0}
execute if entity @s[tag=aj.dino.bone.head_upper] run data modify entity @s {} merge value {transformation:[-0.8990977369825606f,-0.478833039579275f,-0.2140423372690971f,-0.19401962596672231f,-0.5237764652686931f,0.8419283770112854f,0.3166808566953227f,0.5004326969960587f,0.02744843104767904f,0.38124463376409945f,-0.968179247578983f,0.8123656548255884f,0f,0f,0f,1f],start_interpolation:0}
execute if entity @s[tag=aj.dino.bone.neck_0] run data modify entity @s {} merge value {transformation:[-0.8183071948544256f,-0.5651130156986024f,-0.1049791138156178f,-0.1913705129578485f,-0.5688708685404712f,0.7701455719720616f,0.2885510923525257f,0.5067738614042143f,-0.08221477832781263f,0.295842994610075f,-0.9516919946940039f,0.7460519451682948f,0f,0f,0f,1f],start_interpolation:0}
execute if entity @s[tag=aj.dino.bone.neck_1] run data modify entity @s {} merge value {transformation:[-0.8738315770429923f,-0.48604817861636995f,0.013249265121744486f,-0.1924872895082953f,-0.47342827201753723f,0.8567224414242018f,0.2046761579047342f,0.5280594315506539f,-0.11083341651797012f,0.17257991315290466f,-0.9787400713974523f,0.6639348692448999f,0f,0f,0f,1f],start_interpolation:0}
execute if entity @s[tag=aj.dino.bone.neck_2] run data modify entity @s {} merge value {transformation:[-0.9531817447395795f,-0.295213085473272f,0.06552706052129773f,-0.18963694816863746f,-0.2862594166683602f,0.9507165150039176f,0.1191371246400369f,0.5478048460772662f,-0.09746849677665809f,0.09480159420682802f,-0.9907131521646124f,0.5780691336249197f,0f,0f,0f,1f],start_interpolation:0}
execute if entity @s[tag=aj.dino.bone.body_0] run data modify entity @s {} merge value {transformation:[-0.947248759314144f,-0.15716756610072233f,0.279317282214671f,-0.05949297802723835f,-0.1959997706220365f,0.9736164582069171f,-0.11685496234532541f,0.5020064543150168f,-0.2535820930072236f,-0.16543684134615672f,-0.9530617889892986f,0.12731869374609828f,0f,0f,0f,1f],start_interpolation:0}
execute if entity @s[tag=aj.dino.bone.leg_left_3] run data modify entity @s {} merge value {transformation:[-0.899427449464763f,-0.05028101389122343f,-0.43416826552775806f,0.31655178875507106f,-0.10644446134933992f,0.9886507066378137f,0.10601583331087752f,0.05223925511033625f,0.42391017892633825f,0.1415683577167634f,-0.8945717189225345f,-0.24584920268549593f,0f,0f,0f,1f],start_interpolation:0}
execute if entity @s[tag=aj.dino.bone.leg_left_2] run data modify entity @s {} merge value {transformation:[-0.8830272260333197f,-0.2725522567880265f,-0.44501728607364066f,0.23789731673084585f,-0.3658882518496657f,0.9470329824303937f,0.1460017700169516f,0.2769357458514518f,0.37208991486331694f,0.28443979505238176f,-0.9125268750827357f,-0.2071706150014333f,0f,0f,0f,1f],start_interpolation:0}
execute if entity @s[tag=aj.dino.bone.leg_left_1] run data modify entity @s {} merge value {transformation:[-0.960757213191365f,0.25307992041950766f,-0.11356113411382368f,0.3318081594344216f,-0.07811431188987043f,0.14598131254654628f,0.9861985655359468f,0.2658457282256572f,0.2661648578958805f,0.9563681353263727f,-0.12048343518352445f,0.05373387095373272f,0f,0f,0f,1f],start_interpolation:0}
execute if entity @s[tag=aj.dino.bone.leg_left_0] run data modify entity @s {} merge value {transformation:[-0.9475202873896867f,-0.25727421674867457f,-0.18977692794784495f,0.13606945495118644f,-0.1283871224896061f,0.8498655451575292f,-0.5111216116864308f,0.6262107626766388f,0.29278328463866304f,-0.4599331827020656f,-0.8382955419693845f,-0.024564788529177373f,0f,0f,0f,1f],start_interpolation:0}
execute if entity @s[tag=aj.dino.bone.leg_right_3] run data modify entity @s {} merge value {transformation:[-0.9849950354355025f,-0.010715180777858269f,0.17224971717919008f,-0.2752737719529621f,-0.014220611453133265f,0.9997158729233789f,-0.019129757838135447f,0.029168884492629166f,-0.17199579755712668f,-0.021292212800564043f,-0.98486754809809f,-0.08252524683073388f,0f,0f,0f,1f],start_interpolation:0}
execute if entity @s[tag=aj.dino.bone.leg_right_2] run data modify entity @s {} merge value {transformation:[-1.0112962874542366f,0.014708331047658446f,0.17066248410170512f,-0.2650021430623337f,0.005830818157007971f,1.0242762852661427f,-0.05372422639467402f,0.2662568343683157f,-0.17119585287498093f,-0.051999576343262195f,-1.0099753578772226f,-0.12559344541963233f,0f,0f,0f,1f],start_interpolation:0}
execute if entity @s[tag=aj.dino.bone.leg_right_1] run data modify entity @s {} merge value {transformation:[-0.9298498374299895f,-0.11112542326973981f,-0.3507569245710529f,-0.29510715662303f,-0.3658857555946936f,0.17869072358893173f,0.913343987310457f,0.2590743363340565f,-0.03881872852531661f,0.9776097204950375f,-0.20681474973824404f,0.1501881448656218f,0f,0f,0f,1f],start_interpolation:0}
execute if entity @s[tag=aj.dino.bone.leg_right_0] run data modify entity @s {} merge value {transformation:[-0.9694234707801899f,-0.1472863329100124f,0.19627753421727018f,-0.25619445579455924f,-0.23398165092292808f,0.7958748251457488f,-0.5584226443569464f,0.6442261147098727f,-0.07396432472396194f,-0.5872733595500008f,-0.8060020346320372f,-0.006180611261147939f,0f,0f,0f,1f],start_interpolation:0}
execute if entity @s[tag=aj.dino.bone.tail_4] run data modify entity @s {} merge value {transformation:[-2.605787280501616f,-0.2089526648489959f,-0.8898723302971571f,-0.36723172290645734f,0.12048878366973986f,2.586365718934451f,-0.9601334035072777f,0.4365330425409031f,0.9060995714521534f,-0.9448346328184554f,-2.4314465683705735f,-1.6948241641073263f,0f,0f,0f,1f],start_interpolation:0}
execute if entity @s[tag=aj.dino.bone.tail_3] run data modify entity @s {} merge value {transformation:[-1.9885578026666533f,-0.04109349919009751f,-0.6163559976363727f,-0.26231839045485283f,0.21209242113313598f,1.9059573342302611f,-0.8113500915364503f,0.5554567465170064f,0.5801725574308898f,-0.837605808517727f,-1.8159740744806656f,-1.3787054384024593f,0f,0f,0f,1f],start_interpolation:0}
execute if entity @s[tag=aj.dino.bone.tail_2] run data modify entity @s {} merge value {transformation:[-1.904358112482777f,0.057473488721127716f,-0.4346157527265129f,-0.182918763380955f,0.2160572249359672f,1.8087341562841082f,-0.7075124751175499f,0.6875719262906677f,0.38146209507207884f,-0.737530626474735f,-1.7689853362981227f,-1.0497483553915599f,0f,0f,0f,1f],start_interpolation:0}
execute if entity @s[tag=aj.dino.bone.tail_1] run data modify entity @s {} merge value {transformation:[-1.407703507154232f,0.11711071328134186f,-0.5406590115594214f,-0.06666165335165683f,0.16287032544259644f,1.5004390596414916f,-0.09905622339045617f,0.6903908011953809f,0.528677919943606f,-0.15041262957907678f,-1.4090890489345271f,-0.7451945583199499f,0f,0f,0f,1f],start_interpolation:0}
execute if entity @s[tag=aj.dino.bone.tail_0] run data modify entity @s {} merge value {transformation:[-1.27626342775613f,0.0649293617503607f,0.027776924575838514f,-0.07321185514796634f,0.06561523644542423f,1.2761340378716206f,0.03181626495540372f,0.7118887366637301f,-0.02611551842127773f,0.03319355287088408f,-1.2775178606694402f,-0.37107312759483413f,0f,0f,0f,1f],start_interpolation:0}
execute if entity @s[tag=aj.dino.bone.body_1] run data modify entity @s {} merge value {transformation:[-1.2337143164883417f,0.0683287580397712f,-0.043413836189591944f,-0.06772117311348821f,0.05666031748300223f,1.2023798050296055f,0.28227116029793653f,0.5652758333333333f,0.057820314515572416f,0.2796758486855102f,-1.2029309314950756f,-0.11024668952756458f,0f,0f,0f,1f],start_interpolation:0}