execute if entity @s[tag=aj.dino.bone.head_lower] run data modify entity @s {} merge value {transformation:[-0.9942905772411265f,0.03954974337401838f,0.0991063358648519f,0.22800765099915216f,0.07122228501518857f,0.9375844906694066f,0.3403861174804357f,0.6302120214593218f,-0.07945837983952855f,0.3455012889342654f,-0.9350482475348737f,0.858456930101221f,0f,0f,0f,1f],start_interpolation:0}
execute if entity @s[tag=aj.dino.bone.head_upper] run data modify entity @s {} merge value {transformation:[-1.034956647562548f,-0.05240286539579211f,0.0979317106350605f,0.23326083249343993f,0.0741352467963577f,0.357497241163051f,0.9747674750045561f,0.7054604428907336f,-0.08270819446730701f,0.9761770356050303f,-0.35172388646328867f,0.8561041343035427f,0f,0f,0f,1f],start_interpolation:0}
execute if entity @s[tag=aj.dino.bone.neck_0] run data modify entity @s {} merge value {transformation:[-0.9600108262621774f,0.05148675772304207f,-0.27518780357890205f,0.21494115001961664f,-0.06370947212751138f,0.9169777763423321f,0.3938183094467625f,0.716061790668706f,0.27261752808769557f,0.39560191035110115f,-0.8770283985743642f,0.7928843833261333f,0f,0f,0f,1f],start_interpolation:0}
execute if entity @s[tag=aj.dino.bone.neck_1] run data modify entity @s {} merge value {transformation:[-0.9505709040419601f,0.12837540728743285f,-0.28272727352103205f,0.19158184861136757f,0.05920423833025423f,0.9687615622013975f,0.24082336631822604f,0.7409256540244092f,0.30481111290860974f,0.21218103215154188f,-0.9284769221916724f,0.715207693249388f,0f,0f,0f,1f],start_interpolation:0}
execute if entity @s[tag=aj.dino.bone.neck_2] run data modify entity @s {} merge value {transformation:[-0.8997878024901556f,0.16978680317655626f,-0.40193824395922095f,0.15803136282356056f,0.20433345126449404f,0.9778965235453072f,-0.04434219133447481f,0.74661516364791f,0.38552529253510404f,-0.12202799148182303f,-0.9145924874558256f,0.6338878016005001f,0f,0f,0f,1f],start_interpolation:0}
execute if entity @s[tag=aj.dino.bone.body_0] run data modify entity @s {} merge value {transformation:[-0.7727966668894518f,0.06128186669438874f,-0.6316880911169727f,-0.1390970793069295f,0.3556247512945575f,0.8662027255090219f,-0.35103258337001475f,0.58942648719169f,0.5256580142176449f,-0.4959207306971482f,-0.6911919277259889f,0.3034073731721668f,0f,0f,0f,1f],start_interpolation:0}
execute if entity @s[tag=aj.dino.bone.leg_left_3] run data modify entity @s {} merge value {transformation:[-0.5691591485020944f,0.2346125520067836f,-0.7880449315345128f,0.02280782876359297f,-0.09735111893585682f,0.9324571523263785f,0.3479172584355624f,0.10865259257886284f,0.8164438886526787f,0.2747373464169832f,-0.507876724378512f,-0.05811623429963404f,0f,0f,0f,1f],start_interpolation:0}
execute if entity @s[tag=aj.dino.bone.leg_left_2] run data modify entity @s {} merge value {transformation:[-0.5855609905692786f,0.3922752394781401f,-0.7451849853000175f,0.09030863709459414f,-0.09747174331074798f,0.869954020005016f,0.5345479041524442f,0.3278063205293739f,0.8364686396274419f,0.3759818334310512f,-0.4593692146306024f,0.016625698148426626f,0f,0f,0f,1f],start_interpolation:0}
execute if entity @s[tag=aj.dino.bone.leg_left_1] run data modify entity @s {} merge value {transformation:[-0.6850659849446469f,0.7206480378142136f,-0.10654108065128948f,0.3053802453626395f,0.087023021925133f,0.2261605268542956f,0.97019503696319f,0.33605844375905514f,0.7232645366163329f,0.6553760917881513f,-0.21764785408004875f,0.19180986249830223f,0f,0f,0f,1f],start_interpolation:0}
execute if entity @s[tag=aj.dino.bone.leg_left_0] run data modify entity @s {} merge value {transformation:[-0.6475311753163768f,-0.6674098315145702f,-0.3677872942219248f,-0.0020184530061476413f,0.06090935036320727f,0.43576192700262206f,-0.8979986603627501f,0.5873377147898932f,0.7596008346702391f,-0.6038838131401226f,-0.2415179334865668f,0.06268958231025766f,0f,0f,0f,1f],start_interpolation:0}
execute if entity @s[tag=aj.dino.bone.leg_right_3] run data modify entity @s {} merge value {transformation:[-0.9587158560209629f,-0.033210216959695074f,-0.2824198805032716f,-0.7611653280351456f,-0.06083140065919343f,0.9941182906361208f,0.08960114350028171f,0.08596134314479675f,0.27778309543208884f,0.10308203389634565f,-0.955097192007159f,-0.15192035172196927f,0f,0f,0f,1f],start_interpolation:0}
execute if entity @s[tag=aj.dino.bone.leg_right_2] run data modify entity @s {} merge value {transformation:[-0.9032465174479811f,0.3908680390780868f,-0.2888426981006088f,-0.6775798117433147f,0.3678980070273319f,0.9482136472853687f,0.13268057517131185f,0.3105182426706903f,0.31758303582544456f,0.013238377155981407f,-0.9752066243760166f,-0.17946544942666903f,0f,0f,0f,1f],start_interpolation:0}
execute if entity @s[tag=aj.dino.bone.leg_right_1] run data modify entity @s {} merge value {transformation:[-0.8934130109645181f,0.4402558395038024f,-0.08937554263956195f,-0.5710287930182889f,-0.012824134634482315f,0.1738748996635483f,0.9846842442315547f,0.3052752589142062f,0.4490531520991593f,0.8808758794800737f,-0.14969619748015045f,0.07672349879271473f,0f,0f,0f,1f],start_interpolation:0}
execute if entity @s[tag=aj.dino.bone.leg_right_0] run data modify entity @s {} merge value {transformation:[-0.8856538807262222f,0.1522664936280342f,-0.4386708543689749f,-0.37255351120528846f,0.04352646671244085f,0.9677704629010124f,0.2480439030330947f,0.6600000040868693f,0.4623014711745069f,0.2005872529713298f,-0.8637372885868148f,0.17203979454476548f,0f,0f,0f,1f],start_interpolation:0}
execute if entity @s[tag=aj.dino.bone.tail_4] run data modify entity @s {} merge value {transformation:[-2.5165662791084524f,0.012336832157148304f,-1.1368391693755828f,-1.0288178023534442f,0.026246391625923855f,2.7611919180652915f,-0.02813627796163735f,0.09063062109188867f,1.1366031063572093f,-0.03644620396203474f,-2.516439227248673f,-1.2689542317849363f,0f,0f,0f,1f],start_interpolation:0}
execute if entity @s[tag=aj.dino.bone.tail_3] run data modify entity @s {} merge value {transformation:[-1.8890000376314906f,-0.042681468053053874f,-0.8751015233431527f,-0.8800152509351358f,0.02125962105878821f,2.0769757145312107f,-0.14719183334835237f,0.09526407875664204f,0.8758837893151734f,-0.1424629761616981f,-1.8837402724586232f,-0.9481473814898774f,0f,0f,0f,1f],start_interpolation:0}
execute if entity @s[tag=aj.dino.bone.tail_2] run data modify entity @s {} merge value {transformation:[-1.766496082743518f,-0.11155281838194385f,-0.8281433652246611f,-0.7273979791248021f,0.022639248656492403f,1.9295771681432248f,-0.3082098175000582f,0.15303549959856783f,0.8353160653757659f,-0.28820443420286707f,-1.7429742252924254f,-0.623583188689414f,0f,0f,0f,1f],start_interpolation:0}
execute if entity @s[tag=aj.dino.bone.tail_1] run data modify entity @s {} merge value {transformation:[-1.1471699407711453f,-0.24370889990591127f,-0.9551247819514357f,-0.5177907189368833f,0.16750450257088742f,1.396033372560672f,-0.5573951150802776f,0.25575561460138874f,0.9713905592549305f,-0.5285385934854018f,-1.0318447492655407f,-0.396008911915545f,0f,0f,0f,1f],start_interpolation:0}
execute if entity @s[tag=aj.dino.bone.tail_0] run data modify entity @s {} merge value {transformation:[-1.0192410916799801f,-0.2147914306781039f,-0.7408427329212884f,-0.3064825534297754f,0.3355442502765211f,0.981953305447197f,-0.7463333562234234f,0.49754785014768704f,0.6945454410773981f,-0.7895999390910597f,-0.7266183888741221f,-0.20272858358302856f,0f,0f,0f,1f],start_interpolation:0}
execute if entity @s[tag=aj.dino.bone.body_1] run data modify entity @s {} merge value {transformation:[-1.1653746203469184f,0.0891300813715869f,-0.40319029986126936f,-0.21875f,0.22853110907927018f,1.1446950896043881f,-0.4074939006596921f,0.5151811363636364f,0.3439187716460455f,-0.4586213857710372f,-1.0954409605629958f,0.08283749999999998f,0f,0f,0f,1f],start_interpolation:0}