execute if entity @s[tag=aj.dino.bone.head_lower] run data modify entity @s {} merge value {transformation:[-0.9497028532769299f,-0.20371941075953584f,-0.23782954433258596f,-0.16331374855855385f,-0.3126349282911264f,0.6604491240277146f,0.6826905273866242f,0.4426334669468424f,0.017997002252047103f,0.7227069643021382f,-0.6909202209076875f,0.8659703287754075f,0f,0f,0f,1f],start_interpolation:0}
execute if entity @s[tag=aj.dino.bone.head_upper] run data modify entity @s {} merge value {transformation:[-0.9885453042664343f,-0.2839522352299987f,-0.1600663990479494f,-0.18103124952884603f,-0.32542156659368005f,0.8890991383606663f,0.4325222176322777f,0.49231387511297053f,0.018733072145404893f,0.46080993137921383f,-0.9331533752464203f,0.8119943739843019f,0f,0f,0f,1f],start_interpolation:0}
execute if entity @s[tag=aj.dino.bone.neck_0] run data modify entity @s {} merge value {transformation:[-0.9058860429408728f,-0.4234353715529461f,0.008541857101677805f,-0.17331305258341823f,-0.39577748131907875f,0.8535508054276785f,0.3388380259570756f,0.5004969328114536f,-0.15076691442638626f,0.3035679638426623f,-0.9408059464325078f,0.7462813367929516f,0f,0f,0f,1f],start_interpolation:0}
execute if entity @s[tag=aj.dino.bone.neck_1] run data modify entity @s {} merge value {transformation:[-0.932370910011824f,-0.35189725972328595f,0.08278166924485893f,-0.16792150537735756f,-0.3212615170202128f,0.9115633219652959f,0.2565995863782053f,0.5264337439261376f,-0.165757424707295f,0.212651425217036f,-0.9629661715281429f,0.6656851216680634f,0f,0f,0f,1f],start_interpolation:0}
execute if entity @s[tag=aj.dino.bone.neck_2] run data modify entity @s {} merge value {transformation:[-0.9704145377979031f,-0.21120907610332873f,0.11698867894826478f,-0.1597402885471216f,-0.18949287071191254f,0.9665069784203952f,0.1730800757280754f,0.5510595640460823f,-0.14962645748610204f,0.14579090107498535f,-0.9779350368935062f,0.5814380619642527f,0f,0f,0f,1f],start_interpolation:0}
execute if entity @s[tag=aj.dino.bone.body_0] run data modify entity @s {} merge value {transformation:[-0.9621166512390494f,-0.1097340099656082f,0.24957963952499185f,-0.043159693975076026f,-0.13041768022679998f,0.9891344030865818f,-0.06785544425329296f,0.5285022892348248f,-0.23942175776820546f,-0.09783445041200667f,-0.9659739345446974f,0.12524617358235413f,0f,0f,0f,1f],start_interpolation:0}
execute if entity @s[tag=aj.dino.bone.leg_left_3] run data modify entity @s {} merge value {transformation:[-0.9493756250305898f,-0.056427550640905585f,-0.30903374269882733f,0.2763571077594211f,-0.05863636014287957f,0.9982771072479857f,-0.0021434583710583446f,0.0198624292545167f,0.3086222608091831f,0.016085666702439685f,-0.9510486588286461f,-0.23599471676409492f,0f,0f,0f,1f],start_interpolation:0}
execute if entity @s[tag=aj.dino.bone.leg_left_2] run data modify entity @s {} merge value {transformation:[-0.9485288986472775f,-0.22936410114747674f,-0.31582785981684275f,0.21166064616401242f,-0.24678447212845983f,0.9954022010789912f,0.01827790754084474f,0.2520712502086314f,0.3024112303601746f,0.09289115508273263f,-0.9756950756051479f,-0.24402611727392787f,0f,0f,0f,1f],start_interpolation:0}
execute if entity @s[tag=aj.dino.bone.leg_left_1] run data modify entity @s {} merge value {transformation:[-0.9824942891917849f,0.18276114617640893f,0.0361017333907197f,0.27896342556496634f,0.07215133060289836f,0.19464167330476215f,0.97821715610868f,0.2516314018040372f,0.17175318686347743f,0.963697557567418f,-0.20442079233980073f,0.02520153375406954f,0f,0f,0f,1f],start_interpolation:0}
execute if entity @s[tag=aj.dino.bone.leg_left_0] run data modify entity @s {} merge value {transformation:[-0.9810976481654229f,-0.05535333439994505f,-0.18542764932739672f,0.15824713484777367f,0.0176525178911568f,0.9286212735661775f,-0.3706088489127495f,0.6484607281549308f,0.1927064954182358f,-0.36687673495486006f,-0.9100910218063261f,-0.0223520304428583f,0f,0f,0f,1f],start_interpolation:0}
execute if entity @s[tag=aj.dino.bone.leg_right_3] run data modify entity @s {} merge value {transformation:[-0.9839620168817438f,0.007141435510997964f,0.1782350954017f,-0.24989183529802664f,0.0085820435021085f,0.9999364326687625f,0.007312944071774907f,0.028050359476835485f,-0.17817154055386847f,0.008725280540546582f,-0.9839607571525146f,-0.08042501951352726f,0f,0f,0f,1f],start_interpolation:0}
execute if entity @s[tag=aj.dino.bone.leg_right_2] run data modify entity @s {} merge value {transformation:[-1.0095721521105512f,0.05254372676502747f,0.17339384637641062f,-0.2307190940578911f,0.021572679151007187f,1.009498498183943f,-0.18030419068703082f,0.2577573191936451f,-0.1798913246874676f,-0.17382214600763532f,-0.9947296981392395f,-0.15140523307346543f,0f,0f,0f,1f],start_interpolation:0}
execute if entity @s[tag=aj.dino.bone.leg_right_1] run data modify entity @s {} merge value {transformation:[-0.9415317648014168f,-0.1102704570661989f,-0.3183682807195793f,-0.2625422651160535f,-0.3368086396406047f,0.28329453478451455f,0.897944400742424f,0.28038823305266786f,-0.008824745513302198f,0.9526723638584447f,-0.3038708459312748f,0.12334649700566268f,0f,0f,0f,1f],start_interpolation:0}
execute if entity @s[tag=aj.dino.bone.leg_right_0] run data modify entity @s {} merge value {transformation:[-0.9706576239966439f,-0.1820283326922005f,0.1571288104533577f,-0.23393994978656776f,-0.23767520453309665f,0.8255033312919646f,-0.5119128316188408f,0.67381640667922f,-0.03652771724786968f,-0.5342377149950823f,-0.84454472335661f,-0.01341409058857558f,0f,0f,0f,1f],start_interpolation:0}
execute if entity @s[tag=aj.dino.bone.tail_4] run data modify entity @s {} merge value {transformation:[-2.563869001043771f,-0.023480634570742027f,1.0255173020904977f,0.027615735493987173f,-0.2643635251043959f,2.6826042049541146f,-0.5995064117729527f,0.4865276331358105f,-0.991135209586056f,-0.6547859734009726f,-2.4929034592130006f,-1.7389104606297452f,0f,0f,0f,1f],start_interpolation:0}
execute if entity @s[tag=aj.dino.bone.tail_3] run data modify entity @s {} merge value {transformation:[-2.013612923984576f,0.11798019489310582f,0.5170968884258685f,-0.06121931674771659f,-0.053186598233678946f,1.9749736766197872f,-0.6577200684726707f,0.5787259833712363f,-0.5277117623997589f,-0.6492343000152953f,-1.906819510481533f,-1.409231069187324f,0f,0f,0f,1f],start_interpolation:0}
execute if entity @s[tag=aj.dino.bone.tail_2] run data modify entity @s {} merge value {transformation:[-1.9428975605049859f,0.15711068651863672f,0.13870535883012697f,-0.08840362094475977f,0.10218511904325768f,1.8393347949941274f,-0.6520579639670109f,0.7004553699933541f,-0.1829785392680433f,-0.641044163149725f,-1.8369417818923328f,-1.0680354449377358f,0f,0f,0f,1f],start_interpolation:0}
execute if entity @s[tag=aj.dino.bone.tail_1] run data modify entity @s {} merge value {transformation:[-1.4802350636262838f,0.13430427598549122f,-0.2802191425711399f,-0.028331143918800986f,0.16211398467932492f,1.4973781959912265f,-0.1386861353612992f,0.7118402982850703f,0.26510273929683076f,-0.16576232871818017f,-1.4798309491273802f,-0.7478193336775647f,0f,0f,0f,1f],start_interpolation:0}
execute if entity @s[tag=aj.dino.bone.tail_0] run data modify entity @s {} merge value {transformation:[-1.2742706906302586f,0.0865504275783994f,0.05078333457648938f,-0.041082598603039464f,0.08741853188496494f,1.2750592023758318f,0.02043886747872085f,0.7366370360362615f,-0.04927396744518135f,0.023848909969463625f,-1.2770430776639867f,-0.37406214846085784f,0f,0f,0f,1f],start_interpolation:0}
execute if entity @s[tag=aj.dino.bone.body_1] run data modify entity @s {} merge value {transformation:[-1.2334726896883148f,0.08402501388623178f,-0.009461283778799106f,-0.04454266362421918f,0.07974647359279358f,1.2019995144264994f,0.2782844988931716f,0.5909765909090909f,0.028110830632307654f,0.2770226694985959f,-1.204604838460017f,-0.11266784002543118f,0f,0f,0f,1f],start_interpolation:0}