execute if entity @s[tag=aj.dino.bone.head_lower] run data modify entity @s {} merge value {transformation:[-0.21763725537423254f,0.5170341973162258f,-0.827834321515324f,0.23115737218359106f,0.08253644491794584f,0.8548762971164664f,0.5122248060068408f,0.25786088168319804f,0.9725336808221492f,0.0431526990349929f,-0.22872709553639956f,-0.6760315690019433f,0f,0f,0f,1f],start_interpolation:0}
execute if entity @s[tag=aj.dino.bone.head_upper] run data modify entity @s {} merge value {transformation:[-0.22653852843684893f,0.6781395353943049f,-0.7564912479681243f,0.19416397851777797f,0.08591215112490445f,0.7850807574655801f,0.6780407429718878f,0.32225867466419955f,1.0123099031454081f,0.08512882811347784f,-0.2268340477116856f,-0.6894431153728551f,0f,0f,0f,1f],start_interpolation:0}
execute if entity @s[tag=aj.dino.bone.neck_0] run data modify entity @s {} merge value {transformation:[0.17703046252828042f,0.19351864212692704f,-0.9649926168040733f,0.12856737317669154f,0.026094033162991664f,0.979211382237973f,0.20115707874416683f,0.3193630001557902f,0.9838593988829458f,-0.06079148003584513f,0.1683005620452282f,-0.677891635330714f,0f,0f,0f,1f],start_interpolation:0}
execute if entity @s[tag=aj.dino.bone.neck_1] run data modify entity @s {} merge value {transformation:[0.5737722358872077f,0.09459403649951754f,-0.8135338896344282f,0.06008615799425279f,0.1380645353769391f,0.967921329939469f,0.20992018273467553f,0.34160508741268053f,0.8072940018333743f,-0.23276655109129735f,0.542306303943554f,-0.6330235000215144f,0f,0f,0f,1f],start_interpolation:0}
execute if entity @s[tag=aj.dino.bone.neck_2] run data modify entity @s {} merge value {transformation:[0.6935267555833607f,0.1486666052838846f,-0.7049247334030652f,-0.00021499660499874063f,0.17080613641813902f,0.9166473141760323f,0.36136265049915517f,0.3822377159266401f,0.6998899220962717f,-0.3710201367678473f,0.6103262693517646f,-0.5831868604058223f,0f,0f,0f,1f],start_interpolation:0}
execute if entity @s[tag=aj.dino.bone.body_0] run data modify entity @s {} merge value {transformation:[0.8677552137207389f,-0.06377725374694523f,-0.4928826949335632f,-0.2331163204805879f,0.18804783047650064f,0.9601342763107611f,0.20683371317629112f,0.488864148469907f,0.4600422833974673f,-0.27216655444361393f,0.8451546983415141f,-0.18746134704685402f,0f,0f,0f,1f],start_interpolation:0}
execute if entity @s[tag=aj.dino.bone.leg_left_3] run data modify entity @s {} merge value {transformation:[0.5336692043811232f,-0.10640464402598634f,0.8389727242437157f,-0.36633062443941816f,-0.1767018568484658f,0.9561266564114334f,0.23366272849086747f,0.08697703859752234f,-0.8270269850987472f,-0.2729466406263241f,0.49145345383798134f,0.24091786365146922f,0f,0f,0f,1f],start_interpolation:0}
execute if entity @s[tag=aj.dino.bone.leg_left_2] run data modify entity @s {} merge value {transformation:[0.5471158823484584f,-0.32299235574229007f,0.8052343440979202f,-0.4158855419159476f,-0.2070469295256851f,0.8758598601525172f,0.49199926204039507f,0.3060224731247582f,-0.8425306995930465f,-0.42497957951689086f,0.4019907669805274f,0.15297197214604188f,0f,0f,0f,1f],start_interpolation:0}
execute if entity @s[tag=aj.dino.bone.leg_left_1] run data modify entity @s {} merge value {transformation:[0.618108413836791f,-0.784457005737526f,-0.050687226137173635f,-0.6386197510755048f,0.02076846187619156f,-0.048161086107740336f,0.998623643209102f,0.23956174096752425f,-0.785818464873067f,-0.6183103718475353f,-0.013476807125541279f,0.0013611914905864372f,0f,0f,0f,1f],start_interpolation:0}
execute if entity @s[tag=aj.dino.bone.leg_left_0] run data modify entity @s {} merge value {transformation:[0.5807996928256186f,0.6631410254836353f,0.4721394890645979f,-0.34915129038585957f,-0.014294619233393063f,0.5882095673112377f,-0.8085821966779253f,0.5346734625676663f,-0.8139209916660458f,0.4628752372335757f,0.35111128446878714f,0.059879228065821834f,0f,0f,0f,1f],start_interpolation:0}
execute if entity @s[tag=aj.dino.bone.leg_right_3] run data modify entity @s {} merge value {transformation:[0.904499613718262f,-0.09337219493137519f,0.41612748286698426f,0.11041109981772357f,0.10667123225865965f,0.9942556941232682f,-0.008767149586866113f,0.09580611539612655f,-0.4129185113214641f,0.05231871478884585f,0.9092640183637037f,-0.12955076527031045f,0f,0f,0f,1f],start_interpolation:0}
execute if entity @s[tag=aj.dino.bone.leg_right_2] run data modify entity @s {} merge value {transformation:[0.8924284977962099f,-0.26116844724305377f,0.43292564949024115f,0.061527961472736675f,0.22119265300732843f,0.9914307910039167f,0.14213020933504283f,0.33095649989675013f,-0.4546508397413059f,-0.030302282334760858f,0.9189323071415678f,-0.10750972353518726f,0f,0f,0f,1f],start_interpolation:0}
execute if entity @s[tag=aj.dino.bone.leg_right_1] run data modify entity @s {} merge value {transformation:[0.8285474202486759f,-0.5206302100975508f,0.20604212368601835f,-0.07433765878265486f,-0.16863544198487437f,0.1188686452837503f,0.9784847126424475f,0.30799575611001695f,-0.5339206496342226f,-0.8454669890079604f,0.010691603807827632f,-0.3483970896155681f,0f,0f,0f,1f],start_interpolation:0}
execute if entity @s[tag=aj.dino.bone.leg_right_0] run data modify entity @s {} merge value {transformation:[0.8534302160555005f,0.4453185359063321f,0.2708288535250676f,-0.02077142185642536f,-0.13709292897853081f,0.6931147221008888f,-0.707670481814167f,0.6536844883955379f,-0.5028542484135431f,0.5668186514091155f,0.6525750694496397f,-0.1204996626953733f,0f,0f,0f,1f],start_interpolation:0}
execute if entity @s[tag=aj.dino.bone.tail_4] run data modify entity @s {} merge value {transformation:[0.17533402139268606f,2.6517502173262772f,-0.750426610303972f,0.81401254470017f,2.7558752916127784f,-0.1664137726288082f,0.05584948484663262f,0.0877849276657629f,0.008407711963196085f,-0.7524550304101152f,-2.656953531620389f,-0.23865016786404208f,0f,0f,0f,1f],start_interpolation:0}
execute if entity @s[tag=aj.dino.bone.tail_3] run data modify entity @s {} merge value {transformation:[0.2421797849493891f,2.040799299618627f,0.3353098514544898f,0.7371855616718579f,2.0680369615250225f,-0.2426749604815105f,-0.016658792456120848f,0.092984408258844f,0.02275090267805851f,0.3349516506540337f,-2.0550511707001156f,0.10653280320361541f,0f,0f,0f,1f],start_interpolation:0}
execute if entity @s[tag=aj.dino.bone.tail_2] run data modify entity @s {} merge value {transformation:[0.5464923556340038f,1.5202893698019568f,1.0994726973888627f,0.5335618469098955f,1.83008244453994f,-0.17960183163091817f,-0.6612981954189152f,0.21722880695845984f,-0.41342257609266053f,1.214593466615379f,-1.47398044743983f,0.3805258617789204f,0f,0f,0f,1f],start_interpolation:0}
execute if entity @s[tag=aj.dino.bone.tail_1] run data modify entity @s {} merge value {transformation:[0.7320049036938988f,0.49847639542167216f,1.2261102536784785f,0.2629239041654544f,1.194562581260683f,0.35453926776503436f,-0.8573088107936646f,0.3962369702128303f,-0.5699520246651467f,1.3832857408431747f,-0.2221069534257086f,0.41195607708491827f,0f,0f,0f,1f],start_interpolation:0}
execute if entity @s[tag=aj.dino.bone.tail_0] run data modify entity @s {} merge value {transformation:[0.8525611592953937f,-0.12434311118947276f,0.9442001784286234f,-0.015993953996103233f,0.8659503291028592f,0.6286490442926f,-0.699118103914266f,0.6157059504718652f,-0.39636500068948044f,1.1059723714423209f,0.5035430631224156f,0.2914981740506639f,0f,0f,0f,1f],start_interpolation:0}
execute if entity @s[tag=aj.dino.bone.body_1] run data modify entity @s {} merge value {transformation:[1.03279178622658f,-0.37474192741049f,0.5670222298991736f,-0.12257715156632867f,0.374303121856594f,1.174552574166449f,0.09448819261487795f,0.5146243181818182f,-0.567311990290676f,0.09273259090465183f,1.0946060329236234f,0.03077140631033915f,0f,0f,0f,1f],start_interpolation:0}