execute if entity @s[tag=aj.dino.bone.head_lower] run data modify entity @s {} merge value {transformation:[-0.5642623929699015f,-0.17971034691205467f,0.8057990711663978f,-0.2559116069363776f,-0.003076582476679232f,0.9764725514089403f,0.21561978338078858f,0.6023940058362405f,-0.8255897810172704f,0.1191870276400209f,-0.5515396322316217f,0.9569988739925834f,0f,0f,0f,1f],start_interpolation:0}
execute if entity @s[tag=aj.dino.bone.head_upper] run data modify entity @s {} merge value {transformation:[-0.5873404897330402f,-0.7445273698639046f,0.42916440582508275f,-0.24322663601587707f,-0.003202413418066048f,0.5217166938895708f,0.9007071546561305f,0.6762004004773798f,-0.8593560590651348f,0.5069148147608038f,-0.2966757100060061f,0.9476627016173905f,0f,0f,0f,1f],start_interpolation:0}
execute if entity @s[tag=aj.dino.bone.neck_0] run data modify entity @s {} merge value {transformation:[-0.8305158757111593f,-0.16794566455633012f,0.5310721551243851f,-0.20589208122903396f,-0.06626179165491897f,0.9764792006544585f,0.20517735171287693f,0.6736388752629744f,-0.5530395602110272f,0.13521325543733592f,-0.8221098590794491f,0.8924874729206188f,0f,0f,0f,1f],start_interpolation:0}
execute if entity @s[tag=aj.dino.bone.neck_1] run data modify entity @s {} merge value {transformation:[-0.8890567785984693f,-0.015288000889629214f,0.45754160625773815f,-0.16720273185451984f,0.03514010616134622f,0.9942145861984398f,0.10150137698196099f,0.6868175964207123f,-0.4564462918757054f,0.10631854786002104f,-0.883375995266939f,0.8181437280717438f,0f,0f,0f,1f],start_interpolation:0}
execute if entity @s[tag=aj.dino.bone.neck_2] run data modify entity @s {} merge value {transformation:[-0.9332224138233568f,0.16058597610425696f,0.32141572863870627f,-0.1374720663355086f,0.1472217875699776f,0.9869235446824043f,-0.065632783090606f,0.6907302707057582f,-0.3277524547618337f,-0.01393058613846282f,-0.9446609270883555f,0.7352479567569388f,0f,0f,0f,1f],start_interpolation:0}
execute if entity @s[tag=aj.dino.bone.body_0] run data modify entity @s {} merge value {transformation:[-0.9489217173921098f,0.27039440956388594f,-0.16258670775375939f,-0.21152272725559335f,0.3099222128971104f,0.8953888879928337f,-0.31972951257573146f,0.5485726488087298f,0.059125258684990495f,-0.35378751042900614f,-0.9334551950950184f,0.2919437554944139f,0f,0f,0f,1f],start_interpolation:0}
execute if entity @s[tag=aj.dino.bone.leg_left_3] run data modify entity @s {} merge value {transformation:[-0.8883519962146489f,0.12316991630004535f,-0.44233460472824f,0.12890205810880523f,-0.17849144389938798f,0.794948420196917f,0.5798256752517413f,0.10781789213038406f,0.42305027511651616f,0.5940422383509999f,-0.6842092397642511f,0.02468533673653582f,0f,0f,0f,1f],start_interpolation:0}
execute if entity @s[tag=aj.dino.bone.leg_left_2] run data modify entity @s {} merge value {transformation:[-0.9128973711753092f,0.09014533749692191f,-0.4588620787660166f,0.13431766269799533f,-0.17725951127060657f,0.864647983538543f,0.5225180664125708f,0.3252392338045337f,0.4327350862433153f,0.544352718548362f,-0.7539778925430726f,0.12894320683544908f,0f,0f,0f,1f],start_interpolation:0}
execute if entity @s[tag=aj.dino.bone.leg_left_1] run data modify entity @s {} merge value {transformation:[-0.9527383604444487f,0.30278696220832474f,-0.024691538110821615f,0.23685934473528475f,0.024448611127672326f,0.1574350296187066f,0.987226659315319f,0.315163702226159f,0.3028066742189667f,0.9399650349697121f,-0.15739711268901035f,0.38661950137598744f,0f,0f,0f,1f],start_interpolation:0}
execute if entity @s[tag=aj.dino.bone.leg_left_0] run data modify entity @s {} merge value {transformation:[-0.9363664143810814f,-0.31027317598076143f,-0.16415996553949536f,0.019523069100548768f,-0.004196945712068134f,0.4775224024432117f,-0.878609549692896f,0.5736908230723688f,0.3509990365596561f,-0.8220115032234494f,-0.44843813943789207f,0.14118936947559424f,0f,0f,0f,1f],start_interpolation:0}
execute if entity @s[tag=aj.dino.bone.leg_right_3] run data modify entity @s {} merge value {transformation:[-0.9880325057999675f,-0.060404509463075226f,0.1419262580326919f,-0.5007147469776412f,-0.04964761546957516f,0.995704591742191f,0.07815036955575988f,0.042972339261659f,-0.14603726154931207f,0.070168805177528f,-0.986787442674022f,-0.2534369210435258f,0f,0f,0f,1f],start_interpolation:0}
execute if entity @s[tag=aj.dino.bone.leg_right_2] run data modify entity @s {} merge value {transformation:[-0.9881295390596887f,0.24342874720916716f,0.12808067211939864f,-0.4384806302769661f,0.26782890604624227f,0.9603065624385754f,0.24112482809568508f,0.2738547379334837f,-0.06268883971214181f,0.2657366189863112f,-0.9886942693299905f,-0.22195192830020488f,0f,0f,0f,1f],start_interpolation:0}
execute if entity @s[tag=aj.dino.bone.leg_right_1] run data modify entity @s {} merge value {transformation:[-0.9916364720029264f,0.00256482221678587f,-0.12903692913497966f,-0.4506892735112579f,-0.1288172937474297f,0.041921582786173694f,0.990781855772647f,0.2301306908130143f,0.007950611622879723f,0.9991176119875469f,-0.04124057699795035f,0.051822691402846455f,0f,0f,0f,1f],start_interpolation:0}
execute if entity @s[tag=aj.dino.bone.leg_right_0] run data modify entity @s {} merge value {transformation:[-0.9974648781120096f,-0.07056639195458704f,0.009176124427312402f,-0.3631620741615055f,-0.07115696015807065f,0.9878015575571875f,-0.1385090968444208f,0.6375230120410575f,0.000709897215561528f,-0.1388109045216045f,-0.9903186501484446f,0.07785660280448922f,0f,0f,0f,1f],start_interpolation:0}
execute if entity @s[tag=aj.dino.bone.tail_4] run data modify entity @s {} merge value {transformation:[-2.550745973749624f,0.5367499537433187f,-0.9117323050965266f,-0.5443882191683046f,0.9459681482674009f,2.222765614382384f,-1.3379531447636144f,-0.11579183230173526f,0.47381491266487696f,-1.5481840466416918f,-2.237026356094297f,-1.4294014502071362f,0f,0f,0f,1f],start_interpolation:0}
execute if entity @s[tag=aj.dino.bone.tail_3] run data modify entity @s {} merge value {transformation:[-1.951209272870724f,0.3740950173985809f,-0.6235229085328783f,-0.44232258905992966f,0.6653277852695308f,1.6389317244020356f,-1.0987207411082007f,0.054472369534449644f,0.29337150109730414f,-1.2287803899601297f,-1.6552877217081596f,-1.1367012415320603f,0f,0f,0f,1f],start_interpolation:0}
execute if entity @s[tag=aj.dino.bone.tail_2] run data modify entity @s {} merge value {transformation:[-1.8651716965560834f,0.3811875791984955f,-0.44113994019321057f,-0.3616041248834616f,0.5580554406151417f,1.5952961851688652f,-0.9810087062754752f,0.23763200201602042f,0.1687677177919955f,-1.062308799762683f,-1.631499723071023f,-0.8335369914309827f,0f,0f,0f,1f],start_interpolation:0}
execute if entity @s[tag=aj.dino.bone.tail_1] run data modify entity @s {} merge value {transformation:[-1.384141138565438f,0.25700850800940533f,-0.5529522450822969f,-0.24443426499885385f,0.4580971831396992f,1.3435291510711382f,-0.5222381075922543f,0.3331509070412329f,0.4024382304531292f,-0.6453931337044465f,-1.30735130077455f,-0.5447047915012762f,0f,0f,0f,1f],start_interpolation:0}
execute if entity @s[tag=aj.dino.bone.tail_0] run data modify entity @s {} merge value {transformation:[-1.1793347267384355f,0.32323184672481486f,-0.3721914724381431f,-0.12787110596930687f,0.46386142984989037f,1.0542947170608763f,-0.5541939552712293f,0.5205412710212896f,0.16684691423704068f,-0.6463896189021138f,-1.0900359096695784f,-0.2417694968503298f,0f,0f,0f,1f],start_interpolation:0}
execute if entity @s[tag=aj.dino.bone.body_1] run data modify entity @s {} merge value {transformation:[-1.2035880105621182f,0.23747422058291698f,0.15357893880968412f,-0.1795716319350307f,0.20075944593971184f,1.1903307533507923f,-0.26723199200238934f,0.5024917424242424f,-0.19918870639007755f,-0.23520902882780936f,-1.1973325215080297f,0.05243653969433923f,0f,0f,0f,1f],start_interpolation:0}