execute if entity @s[tag=aj.dino.bone.head_lower] run data modify entity @s {} merge value {transformation:[0.731372230464828f,-0.12858025598599226f,0.6697475481668291f,-0.9635645678326514f,0.08987621530513865f,0.9916724853618664f,0.0922385369498202f,0.44838401066288414f,-0.6760302703483972f,-0.007266329664671833f,0.7368380242806944f,0.3560956027596101f,0f,0f,0f,1f],start_interpolation:0}
execute if entity @s[tag=aj.dino.bone.head_upper] run data modify entity @s {} merge value {transformation:[0.7612850499524102f,-0.6236320229353916f,0.33911666911547506f,-0.9539539256515929f,0.09355211506269578f,0.5810565897469777f,0.8585413116806992f,0.5206461002250143f,-0.7036796267263674f,-0.5974347513031281f,0.4810183400340539f,0.3756220581670616f,0f,0f,0f,1f],start_interpolation:0}
execute if entity @s[tag=aj.dino.bone.neck_0] run data modify entity @s {} merge value {transformation:[0.43044606674107133f,-0.2516858842335666f,0.8668162431015634f,-0.8939577161653619f,0.00458608831354361f,0.9609348998817346f,0.27673649196168776f,0.5229411436183754f,-0.9026046484597349f,-0.11514483864615266f,0.4147849017406851f,0.4046034983901382f,0f,0f,0f,1f],start_interpolation:0}
execute if entity @s[tag=aj.dino.bone.neck_1] run data modify entity @s {} merge value {transformation:[0.1860309486479506f,-0.17059151504802642f,0.9676213211472565f,-0.8127733840202361f,0.05053878590200875f,0.9851700401328779f,0.16396897006487193f,0.5413700227042393f,-0.981243250812302f,0.018399103733684558f,0.19189360520117024f,0.4209441677252587f,0f,0f,0f,1f],start_interpolation:0}
execute if entity @s[tag=aj.dino.bone.neck_2] run data modify entity @s {} merge value {transformation:[-0.010415448089860058f,-0.12358861409484029f,0.9922788785957322f,-0.7270523219385328f,0.06339848613644003f,0.9902545876648312f,0.12400194984097196f,0.5619287348472882f,-0.9979339408982414f,0.06420051459974391f,-0.0024786142162553926f,0.42135558569356124f,0f,0f,0f,1f],start_interpolation:0}
execute if entity @s[tag=aj.dino.bone.body_0] run data modify entity @s {} merge value {transformation:[-0.4444585666146522f,0.16534731234066016f,0.8804072062770548f,-0.3105445673129951f,0.12111041216926853f,0.9848851491549389f,-0.1238285550196067f,0.5129510633757661f,-0.8875747014347797f,0.05158981755903038f,-0.45776592282212036f,0.20610368038922824f,0f,0f,0f,1f],start_interpolation:0}
execute if entity @s[tag=aj.dino.bone.leg_left_3] run data modify entity @s {} merge value {transformation:[-0.9314382776414663f,-0.3404742661570107f,-0.12845236093254148f,0.17630290219550815f,-0.2637129621839152f,0.3883123692499431f,0.8829886621376751f,0.1711259416441298f,-0.2507552761568214f,0.8563239912394965f,-0.45147648167670396f,0.10170313271279172f,0f,0f,0f,1f],start_interpolation:0}
execute if entity @s[tag=aj.dino.bone.leg_left_2] run data modify entity @s {} merge value {transformation:[-0.9569418381125051f,-0.36894743973710664f,-0.01422338503972958f,0.08837764458609829f,-0.26452292610201483f,0.6575107889217084f,0.7414643508076944f,0.3468949463130225f,-0.25758909048518025f,0.695427601309929f,-0.7085834540123208f,0.24150827617340037f,0f,0f,0f,1f],start_interpolation:0}
execute if entity @s[tag=aj.dino.bone.leg_left_1] run data modify entity @s {} merge value {transformation:[-0.9472517236544654f,-0.3095374546954822f,-0.08307066975946728f,0.02755685810873154f,-0.028654295327091014f,-0.17636335380187518f,0.9839079727266484f,0.24737041342170918f,-0.3192069914537462f,0.9343888545869954f,0.15819091323666812f,0.493319882230004f,0f,0f,0f,1f],start_interpolation:0}
execute if entity @s[tag=aj.dino.bone.leg_left_0] run data modify entity @s {} merge value {transformation:[-0.9582959142874944f,0.16467802993467479f,0.2335596007804632f,-0.03822486292270172f,-0.06807450878445936f,0.6622094715551893f,-0.7462201263945858f,0.5602069498709302f,-0.27755144012173594f,-0.7309991533780535f,-0.623382254998423f,0.22478060166745592f,0f,0f,0f,1f],start_interpolation:0}
execute if entity @s[tag=aj.dino.bone.leg_right_3] run data modify entity @s {} merge value {transformation:[-0.7106510739043232f,-0.05894568763033192f,0.701070935832045f,-0.23025195796011802f,-0.05590718187319931f,0.9980641591450009f,0.027245572946435176f,0.023721710740089857f,-0.7013197831044188f,-0.019832804642053337f,-0.7125708538008f,-0.2860446193165843f,0f,0f,0f,1f],start_interpolation:0}
execute if entity @s[tag=aj.dino.bone.leg_right_2] run data modify entity @s {} merge value {transformation:[-0.7712387332102687f,-0.053171308599459226f,0.674111139085192f,-0.2206165761390827f,0.16484650649314317f,0.9768915632780637f,0.2656514678932559f,0.25938779671351714f,-0.6558038160867319f,0.30808746329355335f,-0.7259928851360167f,-0.23564891111495587f,0f,0f,0f,1f],start_interpolation:0}
execute if entity @s[tag=aj.dino.bone.leg_right_1] run data modify entity @s {} merge value {transformation:[-0.7789484559216291f,-0.6032134580224735f,-0.17138502582746057f,-0.39091444852964813f,-0.23132337644851994f,0.02237442143340107f,0.9726195971570678f,0.2092751820874983f,-0.5828625897463021f,0.7972658962517398f,-0.15696589485663345f,-0.022339871985442128f,0f,0f,0f,1f],start_interpolation:0}
execute if entity @s[tag=aj.dino.bone.leg_right_0] run data modify entity @s {} merge value {transformation:[-0.7751096166082451f,0.09770730381375725f,0.6242262130212615f,-0.3132409456041211f,-0.17794423630152476f,0.9142210709056207f,-0.3640545045446456f,0.6185549760115443f,-0.6062515410359682f,-0.39325960419756606f,-0.6912350922066148f,-0.049983239964427856f,0f,0f,0f,1f],start_interpolation:0}
execute if entity @s[tag=aj.dino.bone.tail_4] run data modify entity @s {} merge value {transformation:[-1.761299053592557f,1.181895870922955f,-1.7682220238729158f,-0.17969264465263504f,2.121460948715215f,0.8129630230101885f,-1.5697630069199857f,-0.16781090914960645f,-0.15129579799287832f,-2.359634421920777f,-1.4264979172772367f,-1.3221552306989075f,0f,0f,0f,1f],start_interpolation:0}
execute if entity @s[tag=aj.dino.bone.tail_3] run data modify entity @s {} merge value {transformation:[-1.4393007210647264f,1.1019747723486542f,-1.0247002300644488f,-0.016725040804704383f,1.486093987995978f,0.8181771635969286f,-1.2075000264410514f,0.02892996735770792f,-0.23639716417337325f,-1.5659448445331845f,-1.3519906252245877f,-1.0775835826242313f,0f,0f,0f,1f],start_interpolation:0}
execute if entity @s[tag=aj.dino.bone.tail_2] run data modify entity @s {} merge value {transformation:[-1.4563469616440337f,1.1960135831773857f,-0.5170869473968172f,0.07860799973932381f,1.2193454170878189f,0.9775336313259595f,-1.1732001655541962f,0.24815956152849117f,-0.45937365634078453f,-1.1969767681474228f,-1.4747868779515991f,-0.8040484287783589f,0f,0f,0f,1f],start_interpolation:0}
execute if entity @s[tag=aj.dino.bone.tail_1] run data modify entity @s {} merge value {transformation:[-1.2304610886302423f,0.8671792519023405f,-0.14704388609179328f,0.10082538089496107f,0.852842995865526f,1.1144512880294504f,-0.5641926984750992f,0.35512973759083377f,-0.21512922574581445f,-0.541899180364389f,-1.3956077330505192f,-0.49689952937189086f,0f,0f,0f,1f],start_interpolation:0}
execute if entity @s[tag=aj.dino.bone.tail_0] run data modify entity @s {} merge value {transformation:[-1.0034437208815736f,0.7764941403774109f,0.15489759703402722f,0.07429888969672871f,0.6477260857914494f,0.948825030752081f,-0.5603728182091172f,0.5417805375230893f,-0.4553979944978435f,-0.3614189086944485f,-1.1383429868143797f,-0.17297093315022286f,0f,0f,0f,1f],start_interpolation:0}
execute if entity @s[tag=aj.dino.bone.body_1] run data modify entity @s {} merge value {transformation:[-0.8649566508006582f,0.22870952079669418f,0.8533150311513941f,-0.13949011126784733f,0.18351113425565693f,1.2146826704236215f,-0.13955023766727162f,0.4924065151515152f,-0.864163324202179f,0.029026889701382886f,-0.8837328690471761f,0.030529412767053236f,0f,0f,0f,1f],start_interpolation:0}