execute if entity @s[tag=aj.dino.bone.head_lower] run data modify entity @s {} merge value {transformation:[0.9611949607017181f,-0.2142680376893752f,-0.17376264140018058f,-0.8803016065646987f,0.21864791514848544f,0.9757838762864397f,0.006238267438263889f,0.3178309181482142f,0.16821812245666046f,-0.04398903049801217f,0.9847678043442535f,-0.28111702826879925f,0f,0f,0f,1f],start_interpolation:0}
execute if entity @s[tag=aj.dino.bone.head_upper] run data modify entity @s {} merge value {transformation:[1.000507434096518f,-0.00680331947626618f,-0.28707234583848906f,-0.8999337984066244f,0.22759052377476055f,0.6533219963665291f,0.7777177284433541f,0.3861855527726839f,0.17509817357425353f,-0.8103061313425096f,0.6294573422426687f,-0.25586475192321134f,0f,0f,0f,1f],start_interpolation:0}
execute if entity @s[tag=aj.dino.bone.neck_0] run data modify entity @s {} merge value {transformation:[0.9682676163529527f,-0.19016437477436612f,0.1621583599104467f,-0.8866744819206334f,0.13678272019939808f,0.9462866245480166f,0.2929711788834778f,0.38972541439995023f,-0.20916096810118456f,-0.2614940434659956f,0.942269894804445f,-0.19062369000450077f,0f,0f,0f,1f],start_interpolation:0}
execute if entity @s[tag=aj.dino.bone.neck_1] run data modify entity @s {} merge value {transformation:[0.8380870818977242f,-0.2408606340216867f,0.48948564650541937f,-0.8463182379958727f,0.14807333877928192f,0.9640065427969202f,0.2208295084165296f,0.41287362979197584f,-0.5250565012443075f,-0.11259458434312543f,0.8435864686430703f,-0.11967955321377757f,0f,0f,0f,1f],start_interpolation:0}
execute if entity @s[tag=aj.dino.bone.neck_2] run data modify entity @s {} merge value {transformation:[0.7130885982077381f,-0.25932821056312044f,0.651347472791791f,-0.7917942995348104f,0.09555617305296402f,0.9563527174795085f,0.2761494116615711f,0.4464296801986898f,-0.6945312584020934f,-0.1346787250299382f,0.7067446300657088f,-0.0590820119275422f,0f,0f,0f,1f],start_interpolation:0}
execute if entity @s[tag=aj.dino.bone.body_0] run data modify entity @s {} merge value {transformation:[0.3324577493656445f,-0.08695155686633589f,0.9391013106397257f,-0.35002769572882053f,0.06000420986585184f,0.9956736436520556f,0.07094709391521563f,0.48935181555716906f,-0.9412073839941469f,0.03276312096183701f,0.33623687813762315f,0.09969727753148927f,0f,0f,0f,1f],start_interpolation:0}
execute if entity @s[tag=aj.dino.bone.leg_left_3] run data modify entity @s {} merge value {transformation:[-0.6932802177796452f,-0.7105226960573398f,0.12049912042341657f,0.1667893127067249f,-0.27361170729203876f,0.4141932294151367f,0.8680902040337716f,0.20880884939792935f,-0.6667077120209002f,0.5688597956386701f,-0.4815593002297716f,0.2023512940421433f,0f,0f,0f,1f],start_interpolation:0}
execute if entity @s[tag=aj.dino.bone.leg_left_2] run data modify entity @s {} merge value {transformation:[-0.6994509705299398f,-0.7210125125652889f,0.20729567301250867f,0.004043594644003445f,-0.29646002714803943f,0.5259845991783394f,0.8291645513595473f,0.3565800726978199f,-0.6891603526239766f,0.5055129648705218f,-0.567077464037944f,0.3015912501219336f,0f,0f,0f,1f],start_interpolation:0}
execute if entity @s[tag=aj.dino.bone.leg_left_1] run data modify entity @s {} merge value {transformation:[-0.699864041962517f,-0.652456450285837f,-0.2906731897652302f,-0.1438539878631911f,-0.0534815387381495f,-0.35793854073024867f,0.9322122752217435f,0.2109634317490119f,-0.712271049378036f,0.6679675003623344f,0.21561393896871947f,0.4858071143331333f,0f,0f,0f,1f],start_interpolation:0}
execute if entity @s[tag=aj.dino.bone.leg_left_0] run data modify entity @s {} merge value {transformation:[-0.7236557779649119f,0.3948649450808299f,0.5660423925505151f,-0.11904009370003892f,-0.09816580239657127f,0.7529312932203531f,-0.6507364619639535f,0.5481484528138174f,-0.6831440479560923f,-0.5264752062878554f,-0.5061008465773642f,0.24086260880088092f,0f,0f,0f,1f],start_interpolation:0}
execute if entity @s[tag=aj.dino.bone.leg_right_3] run data modify entity @s {} merge value {transformation:[-0.309690697669776f,-0.01237030795196467f,0.9507568812572333f,-0.10202853512700652f,-0.04543639279441432f,0.9989656076621993f,-0.0018024754989213743f,0.02501810883436867f,-0.9497511284471523f,-0.043757173003589805f,-0.3099324181561117f,-0.25025705589269054f,0f,0f,0f,1f],start_interpolation:0}
execute if entity @s[tag=aj.dino.bone.leg_right_2] run data modify entity @s {} merge value {transformation:[-0.37787533413162644f,-0.20976878992855902f,0.9301986272444794f,-0.1215918038361794f,0.11654923146722995f,0.9829121781211154f,0.2690020933864581f,0.2622660680655232f,-0.946408319912713f,0.20479966888109621f,-0.33827590385199424f,-0.21150455372727262f,0f,0f,0f,1f],start_interpolation:0}
execute if entity @s[tag=aj.dino.bone.leg_right_1] run data modify entity @s {} merge value {transformation:[-0.40936131589471625f,-0.9067496861533794f,-0.10113515565664788f,-0.37071621469403115f,-0.27761343817555895f,0.018198864583149288f,0.9605204736351166f,0.21073888175875105f,-0.8691110930101466f,0.4212764033133499f,-0.2591758090911966f,-0.10062009744145624f,0f,0f,0f,1f],start_interpolation:0}
execute if entity @s[tag=aj.dino.bone.leg_right_0] run data modify entity @s {} merge value {transformation:[-0.38844438301987255f,0.38216727945184686f,0.8384862144464181f,-0.24375632532605757f,-0.22845094611188266f,0.841593909486775f,-0.4894178753737459f,0.6075809528834617f,-0.8927043892134151f,-0.38166459363050687f,-0.23960595036009413f,-0.12716883830755168f,0f,0f,0f,1f],start_interpolation:0}
execute if entity @s[tag=aj.dino.bone.tail_4] run data modify entity @s {} merge value {transformation:[-1.0092293821736265f,1.2898765960194762f,-2.2233613635211555f,0.07469451039013478f,2.563048144834231f,0.3240787863018077f,-0.9754068274986352f,-0.0537455495407303f,-0.19468331469144165f,-2.4200935186290544f,-1.3156394261614377f,-1.2254462150286165f,0f,0f,0f,1f],start_interpolation:0}
execute if entity @s[tag=aj.dino.bone.tail_3] run data modify entity @s {} merge value {transformation:[-0.9232631037143969f,1.42846427173734f,-1.2012579205707725f,0.26440481794589255f,1.8382317377258173f,0.46389606559557683f,-0.8611910617202836f,0.08774104277282382f,-0.32316380642272613f,-1.4423022535998828f,-1.4667224991536467f,-0.9626302207714869f,0f,0f,0f,1f],start_interpolation:0}
execute if entity @s[tag=aj.dino.bone.tail_2] run data modify entity @s {} merge value {transformation:[-1.0069079853244078f,1.5976629062484933f,-0.5023777683082108f,0.35743136324395997f,1.5390953011150033f,0.6515827008067225f,-1.0126201227992215f,0.27727803421084407f,-0.6603755281492774f,-0.9174350641924542f,-1.594048600204689f,-0.6670066853152058f,0f,0f,0f,1f],start_interpolation:0}
execute if entity @s[tag=aj.dino.bone.tail_1] run data modify entity @s {} merge value {transformation:[-0.9600285121190132f,1.15029802979085f,0.2069201502460401f,0.29976043469894725f,1.044822330075231f,0.9646720381976533f,-0.5151799756354576f,0.3753487040913801f,-0.5237822109376379f,-0.18406127071949313f,-1.4069221350616412f,-0.36150237321999634f,0f,0f,0f,1f],start_interpolation:0}
execute if entity @s[tag=aj.dino.bone.tail_0] run data modify entity @s {} merge value {transformation:[-0.6923162493945665f,0.9237032137889112f,0.5489137457235932f,0.16164568423767028f,0.7481855922350464f,0.8830916516484394f,-0.5424049879423603f,0.5551626228769512f,-0.7712018198760695f,0.02751770718821296f,-1.0189829465672968f,-0.06306782157294508f,0f,0f,0f,1f],start_interpolation:0}
execute if entity @s[tag=aj.dino.bone.body_1] run data modify entity @s {} merge value {transformation:[-0.39224663865451975f,0.11251011581355613f,1.167085533866349f,-0.11726370884946052f,0.18692192728415524f,1.2209231143928534f,-0.05487747167902738f,0.4856830303030303f,-1.157500480613662f,0.15903715803901197f,-0.4043567914580721f,0.020227187104415546f,0f,0f,0f,1f],start_interpolation:0}