execute if entity @s[tag=aj.dino.bone.head_lower] run data modify entity @s {} merge value {transformation:[-0.8442384390419801f,-0.13483554383026142f,0.5187300204961715f,0.012005568777202347f,0.009606519261197446f,0.9638758135015604f,0.2661787574814895f,0.6216415903826216f,-0.5358816780145081f,0.22970152865556426f,-0.8124457119719766f,0.9359169280976147f,0f,0f,0f,1f],start_interpolation:0}
execute if entity @s[tag=aj.dino.bone.head_upper] run data modify entity @s {} merge value {transformation:[-0.8787674394327809f,-0.4869805349205978f,0.27219421115209125f,0.01956210685942833f,0.009999421896264064f,0.4940251488792893f,0.9161392396464871f,0.6958941242106197f,-0.5577990153612691f,0.7760548005564758f,-0.41239683264879007f,0.9247403255668482f,0f,0f,0f,1f],start_interpolation:0}
execute if entity @s[tag=aj.dino.bone.neck_0] run data modify entity @s {} merge value {transformation:[-0.9820489982175452f,-0.08975575664254733f,0.1659025896405467f,0.032063908177842965f,-0.05399265209549302f,0.9764903049016895f,0.20868990860293263f,0.6935555828022962f,-0.18073339099239755f,0.19598619487741759f,-0.9638074770398183f,0.8592959030224225f,0f,0f,0f,1f],start_interpolation:0}
execute if entity @s[tag=aj.dino.bone.neck_1] run data modify entity @s {} merge value {transformation:[-0.9923769754356686f,0.046075794771255646f,0.1143020549305722f,0.04195905787197022f,0.05916140207306779f,0.9917326319594051f,0.11386972912771753f,0.7077706316684667f,-0.10811043950471769f,0.11976396721496857f,-0.9868985383650279f,0.7762443814060521f,0f,0f,0f,1f],start_interpolation:0}
execute if entity @s[tag=aj.dino.bone.neck_2] run data modify entity @s {} merge value {transformation:[-0.9812900059813052f,0.19087894383054488f,-0.025202241236560508f,0.04161997668227918f,0.19236254122035829f,0.9775202831008425f,-0.08631772043847505f,0.7097790864968871f,0.008159466677181981f,-0.08955068357407714f,-0.9959488431515744f,0.688115035968283f,0f,0f,0f,1f],start_interpolation:0}
execute if entity @s[tag=aj.dino.bone.body_0] run data modify entity @s {} merge value {transformation:[-0.8597824422430087f,0.17660172277815717f,-0.47915131589346005f,-0.18251988951925852f,0.36610186355901453f,0.8673080865356134f,-0.33726266993035214f,0.5590906485530842f,0.35601064241011693f,-0.4653907117054657f,-0.8103504846355162f,0.30176646310649746f,0f,0f,0f,1f],start_interpolation:0}
execute if entity @s[tag=aj.dino.bone.leg_left_3] run data modify entity @s {} merge value {transformation:[-0.7953747020662485f,0.15367393341422264f,-0.5863134021170139f,0.11468901851531887f,-0.1467929730421477f,0.8896895792654639f,0.43232427136570517f,0.09486089089483485f,0.588073895338395f,0.42992647596471845f,-0.6850783304747599f,0.013768687152942022f,0f,0f,0f,1f],start_interpolation:0}
execute if entity @s[tag=aj.dino.bone.leg_left_2] run data modify entity @s {} merge value {transformation:[-0.8176422278976263f,0.16436655682625875f,-0.5970820895458014f,0.13328164088785285f,-0.1464423827622038f,0.9095526785330119f,0.4509221141228765f,0.32058462518400715f,0.6017291875837739f,0.44470187707181597f,-0.7015870757356272f,0.09667937547404473f,0f,0f,0f,1f],start_interpolation:0}
execute if entity @s[tag=aj.dino.bone.leg_left_1] run data modify entity @s {} merge value {transformation:[-0.8855100976663333f,0.4574519014733568f,-0.08129959882663115f,0.2795043400333479f,0.04080094660090957f,0.2508667740425937f,0.9671613848980587f,0.33663009875274263f,0.4628251826418164f,0.8531140718097855f,-0.2408095321881943f,0.3319979907434846f,0f,0f,0f,1f],start_interpolation:0}
execute if entity @s[tag=aj.dino.bone.leg_left_0] run data modify entity @s {} merge value {transformation:[-0.8605388988717784f,-0.4562995053251273f,-0.22641458647488097f,0.018718188635872796f,0.015471349605220203f,0.4208683481196392f,-0.906989785439968f,0.5775102685117397f,0.5091497234310751f,-0.7840029304735349f,-0.35511401568928447f,0.11228316279456571f,0f,0f,0f,1f],start_interpolation:0}
execute if entity @s[tag=aj.dino.bone.leg_right_3] run data modify entity @s {} merge value {transformation:[-0.9986627082813109f,-0.04326252977946632f,-0.028304568629785594f,-0.5864314294137986f,-0.045709174385056756f,0.9946697102519344f,0.09242747905449378f,0.054300959454721215f,0.02415505051275877f,0.09359765501556763f,-0.995317041203612f,-0.21120786880609022f,0f,0f,0f,1f],start_interpolation:0}
execute if entity @s[tag=aj.dino.bone.leg_right_2] run data modify entity @s {} merge value {transformation:[-0.9752046140712652f,0.31560147420651674f,-0.03786647162705202f,-0.5125225163290693f,0.29961629639079385f,0.9534775358366232f,0.2305924176825393f,0.2832167090159733f,0.1061519436085505f,0.20817900382672638f,-0.9987269230047486f,-0.19371146244765003f,0f,0f,0f,1f],start_interpolation:0}
execute if entity @s[tag=aj.dino.bone.leg_right_1] run data modify entity @s {} merge value {transformation:[-0.9786273889707838f,0.17766668829283627f,-0.1035518296665123f,-0.4782540045712356f,-0.09610545645113629f,0.05004163651246692f,0.9941124563425772f,0.24217346086143587f,0.18180257092941499f,0.9828175733503194f,-0.031897377905475754f,0.07860178831806997f,0f,0f,0f,1f],start_interpolation:0}
execute if entity @s[tag=aj.dino.bone.leg_right_0] run data modify entity @s {} merge value {transformation:[-0.9830131720903471f,-0.04904554019707143f,-0.17686050572033052f,-0.3688128561208289f,-0.03790815186309947f,0.9971116590366779f,-0.06581269965172323f,0.6434372634596541f,0.179577491683111f,-0.05799029573903888f,-0.9820331206639118f,0.11489606217397232f,0f,0f,0f,1f],start_interpolation:0}
execute if entity @s[tag=aj.dino.bone.tail_4] run data modify entity @s {} merge value {transformation:[-2.6086186151376403f,0.2872445619954033f,-0.8592210506973447f,-0.6915601758976049f,0.577450524392131f,2.5452155407146875f,-0.902269402553193f,-0.03566720357757658f,0.6980839091661071f,-1.0320027831883551f,-2.464408741027927f,-1.4318658726493665f,0f,0f,0f,1f],start_interpolation:0}
execute if entity @s[tag=aj.dino.bone.tail_3] run data modify entity @s {} merge value {transformation:[-1.9823764721538386f,0.15064634704073288f,-0.6192210645792251f,-0.5880373588919426f,0.4127083401871975f,1.8451629623633161f,-0.872347977762891f,0.09419440843505114f,0.48559332227211943f,-0.953218152623186f,-1.78648252298163f,-1.1196164666940316f,0f,0f,0f,1f],start_interpolation:0}
execute if entity @s[tag=aj.dino.bone.tail_2] run data modify entity @s {} merge value {transformation:[-1.8818350729924724f,0.1495644806578978f,-0.505075340106528f,-0.4955008805508658f,0.3544800790010465f,1.7455536491690835f,-0.8038409086795008f,0.24430415571652908f,0.38963381096820066f,-0.8657059541211477f,-1.708072764653885f,-0.8020073548655723f,0f,0f,0f,1f],start_interpolation:0}
execute if entity @s[tag=aj.dino.bone.tail_1] run data modify entity @s {} merge value {transformation:[-1.3482496022945933f,0.08710125298473016f,-0.6799210480937923f,-0.3489660999488452f,0.33050860179417196f,1.396938538101307f,-0.47642736582552175f,0.3294341201891491f,0.600535864085179f,-0.5732646356578033f,-1.2642707714139378f,-0.5235165574922367f,0f,0f,0f,1f],start_interpolation:0}
execute if entity @s[tag=aj.dino.bone.tail_0] run data modify entity @s {} merge value {transformation:[-1.1560498948589129f,0.1729820719142048f,-0.5171668589314217f,-0.19366355815714642f,0.4059711345732422f,1.0823561104364634f,-0.5454616436360972f,0.5149498711607529f,0.36410409922718345f,-0.6575851044398338f,-1.03384996586973f,-0.2372702685114696f,0f,0f,0f,1f],start_interpolation:0}
execute if entity @s[tag=aj.dino.bone.body_1] run data modify entity @s {} merge value {transformation:[-1.2188289182430543f,0.19876562272835926f,-0.05960612663245271f,-0.19319424389381482f,0.2073478474113715f,1.1806128658277353f,-0.30292693223307593f,0.5058534848484849f,0.008217863748385576f,-0.308626122225063f,-1.1971996401820306f,0.06185003723057038f,0f,0f,0f,1f],start_interpolation:0}