execute if entity @s[tag=aj.dino.bone.head_lower] run data modify entity @s {} merge value {transformation:[-0.5248563137689483f,0.5718575289698362f,-0.6304798303335205f,0.7020291191904313f,-0.4703771604266125f,0.4224723002624192f,0.7747660824145421f,0.622675217165248f,0.7094160816092827f,0.7032041823478397f,0.047251466460189184f,-0.3099595150430018f,0f,0f,0f,1f],start_interpolation:0}
execute if entity @s[tag=aj.dino.bone.head_upper] run data modify entity @s {} merge value {transformation:[-0.5463227183119675f,0.15811952988833106f,-0.8717807317827249f,0.6453117903197472f,-0.48961539029757745f,0.7997211617798056f,0.45187916036128045f,0.6716321126694179f,0.7384309037570684f,0.6472373755068217f,-0.3453628855379055f,-0.3190051482527503f,0f,0f,0f,1f],start_interpolation:0}
execute if entity @s[tag=aj.dino.bone.neck_0] run data modify entity @s {} merge value {transformation:[-0.1661000110544513f,-0.26105392085907897f,-0.9509267252169397f,0.5881141509573264f,-0.41811745734501f,0.8919912309712028f,-0.17184130974193026f,0.6461769454202329f,0.8930781478633633f,0.36905622102137786f,-0.257310954944334f,-0.34192240738161117f,0f,0f,0f,1f],start_interpolation:0}
execute if entity @s[tag=aj.dino.bone.neck_1] run data modify entity @s {} merge value {transformation:[0.1491493385972594f,-0.1750661095841074f,-0.973193882055927f,0.5048653482938972f,-0.05028154321402221f,0.9815864515792606f,-0.18428186152753123f,0.6350878991335376f,0.9875354379504651f,0.0764192079985202f,0.13760037587471352f,-0.3299137958012414f,0f,0f,0f,1f],start_interpolation:0}
execute if entity @s[tag=aj.dino.bone.neck_2] run data modify entity @s {} merge value {transformation:[0.15932048742734212f,-0.05639040091734754f,-0.9856150896624377f,0.41796597705731364f,0.17277665711502402f,0.9845514783770137f,-0.028400936283759365f,0.6422391384260432f,0.9719903338213152f,-0.1657664293818792f,0.16660216639621148f,-0.31694115345635226f,0f,0f,0f,1f],start_interpolation:0}
execute if entity @s[tag=aj.dino.bone.body_0] run data modify entity @s {} merge value {transformation:[0.19362973124997174f,-0.30773935906238215f,-0.9315599895121829f,-0.024006354719085493f,0.35555757984379543f,0.9069896238399644f,-0.22571803131841928f,0.5444992866123951f,0.914377566758769f,-0.28751749360780493f,0.2850392188415467f,-0.1853422020368833f,0f,0f,0f,1f],start_interpolation:0}
execute if entity @s[tag=aj.dino.bone.leg_left_3] run data modify entity @s {} merge value {transformation:[0.9945665479538479f,0.053409504885380314f,0.0893577443709588f,-0.38438984325520753f,-0.056268396982047206f,0.997971305635726f,0.029784906056511164f,0.00234751066403896f,-0.08758566773301346f,-0.034651088231439475f,0.9955541436266238f,-0.15905537265839362f,0f,0f,0f,1f],start_interpolation:0}
execute if entity @s[tag=aj.dino.bone.leg_left_2] run data modify entity @s {} merge value {transformation:[1.0211808386985086f,0.03611670041939424f,0.08914862941471062f,-0.37163176309059764f,-0.04362883838152621f,1.021152345112123f,0.08606167575747614f,0.2429686460938641f,-0.08572291780605906f,-0.08947441826311052f,1.0181886413332202f,-0.14857812869870735f,0f,0f,0f,1f],start_interpolation:0}
execute if entity @s[tag=aj.dino.bone.leg_left_1] run data modify entity @s {} merge value {transformation:[0.9869916608682878f,0.02926271661342273f,-0.15808590953295543f,-0.3749542694231377f,0.1452221753280908f,0.2596059127491968f,0.9547330987551621f,0.2599678062086755f,0.06897812094741702f,-0.9652711864973802f,0.2519792756329468f,-0.4255499235927488f,0f,0f,0f,1f],start_interpolation:0}
execute if entity @s[tag=aj.dino.bone.leg_left_0] run data modify entity @s {} merge value {transformation:[0.9935074236106936f,-0.08141033249442292f,0.07946922041639795f,-0.29786720639830344f,0.11169821697768731f,0.56539528814146f,-0.817221926083387f,0.5614751240905692f,0.021598785948474697f,0.8207926205263929f,0.5708178050262354f,-0.1472367896189368f,0f,0f,0f,1f],start_interpolation:0}
execute if entity @s[tag=aj.dino.bone.leg_right_3] run data modify entity @s {} merge value {transformation:[0.8152110412323913f,-0.19425962881338138f,-0.5456135581765611f,0.2069406680425368f,0.24186557676308473f,0.9701785911899964f,0.015954434294376957f,0.1975394675804925f,0.5262432907219442f,-0.14497136893152582f,0.8378850166701032f,0.09258714026021564f,0f,0f,0f,1f],start_interpolation:0}
execute if entity @s[tag=aj.dino.bone.leg_right_2] run data modify entity @s {} merge value {transformation:[0.8141329481490712f,-0.3296325711752865f,-0.5297094583440679f,0.1124703712275605f,0.37571705273089256f,0.9542697250995158f,-0.016376432651823664f,0.41888937056629005f,0.4980827627272476f,-0.18103551938654983f,0.878181018751333f,0.076755035729109f,0f,0f,0f,1f],start_interpolation:0}
execute if entity @s[tag=aj.dino.bone.leg_right_1] run data modify entity @s {} merge value {transformation:[0.9233844854011277f,0.37145428685898296f,-0.09686487957241868f,0.2369100221319714f,0.005118006797432535f,0.24039849740765412f,0.9706607895915869f,0.432819849861054f,0.38384228288050315f,-0.8967888688081642f,0.2200791372548913f,-0.17090218845216168f,0f,0f,0f,1f],start_interpolation:0}
execute if entity @s[tag=aj.dino.bone.leg_right_0] run data modify entity @s {} merge value {transformation:[0.9066641678835103f,-0.3430892268400479f,-0.24545848753383998f,0.016760953489737856f,0.027763487214496986f,0.6291255649875446f,-0.7768077061002892f,0.7398437787527076f,0.42093856494005455f,0.6974889288765816f,0.5799309602364808f,0.006799733958213754f,0f,0f,0f,1f],start_interpolation:0}
execute if entity @s[tag=aj.dino.bone.tail_4] run data modify entity @s {} merge value {transformation:[1.1146305924876967f,-0.9341487655029478f,2.3474722698681347f,-0.17478953691451407f,2.5240014022045454f,0.5260538156702775f,-0.9891135608656016f,0.1352191401352184f,-0.11259172065482569f,2.544856537907012f,1.0661564789053828f,1.3626389887912085f,0f,0f,0f,1f],start_interpolation:0}
execute if entity @s[tag=aj.dino.bone.tail_3] run data modify entity @s {} merge value {transformation:[0.6753729422964053f,-1.2390524116758104f,1.5311975822795378f,-0.4222989622148686f,1.9693009721038772f,0.45833983678365214f,-0.4977185965305131f,0.21512860622132832f,-0.040872926602637784f,1.6095400713191146f,1.3204755540082675f,1.1229845186637208f,0f,0f,0f,1f],start_interpolation:0}
execute if entity @s[tag=aj.dino.bone.tail_2] run data modify entity @s {} merge value {transformation:[0.8535721432401681f,-1.6256627684495446f,0.6688864137984324f,-0.5463991471018654f,1.7044946652780275f,0.5835087983109845f,-0.7569605626023017f,0.35724514916444433f,0.4299841942745199f,0.9140634116807284f,1.6728345845012464f,0.812543676791954f,0f,0f,0f,1f],start_interpolation:0}
execute if entity @s[tag=aj.dino.bone.tail_1] run data modify entity @s {} merge value {transformation:[0.7551690955968566f,-1.2875864646160842f,-0.24392003442292595f,-0.47889233007160403f,1.0755914699476923f,0.7698057152504896f,-0.7335928029523228f,0.5046684661644376f,0.7486513720225118f,0.19281210258989898f,1.3000003331782937f,0.5297259399754833f,0f,0f,0f,1f],start_interpolation:0}
execute if entity @s[tag=aj.dino.bone.tail_0] run data modify entity @s {} merge value {transformation:[0.5740766737259075f,-0.950560798892643f,-0.6330133149282146f,-0.3168498522040321f,0.7804670036117697f,0.843772686100898f,-0.5592446933564671f,0.688454501583927f,0.8337523286570728f,-0.13534230078834977f,0.9593618882675362f,0.24611204776971532f,0f,0f,0f,1f],start_interpolation:0}
execute if entity @s[tag=aj.dino.bone.body_1] run data modify entity @s {} merge value {transformation:[0.98954110890883f,-0.42612401810116907f,-0.6064909809989334f,-0.14714671810136812f,0.5609895706466839f,1.0917522889172433f,0.14823034886911504f,0.5804557575757574f,0.48446226938883813f,-0.39382719039894243f,1.0671462171124173f,0.024542556694291374f,0f,0f,0f,1f],start_interpolation:0}