execute if entity @s[tag=aj.dino.bone.head_lower] run data modify entity @s {} merge value {transformation:[-0.14413416187503508f,-0.16990524830384102f,0.974862836495161f,-0.5507688221544733f,0.00281869323446117f,0.9850751270532256f,0.17210185655454568f,0.5664554315426877f,-0.9895541411913912f,0.027553596133383713f,-0.14150406704786703f,0.8700175119943999f,0f,0f,0f,1f],start_interpolation:0}
execute if entity @s[tag=aj.dino.bone.head_upper] run data modify entity @s {} merge value {transformation:[-0.15002918903982326f,-0.8798205875382675f,0.5356107903724285f,-0.5336479374246302f,0.0029339766132951174f,0.5408953460627242f,0.8893230903178135f,0.6399095952559033f,-1.0300264932518937f,0.12969156077020158f,-0.07548155302922398f,0.8674064526200409f,0f,0f,0f,1f],start_interpolation:0}
execute if entity @s[tag=aj.dino.bone.neck_0] run data modify entity @s {} merge value {transformation:[-0.5021940257543105f,-0.22309280582232194f,0.8354823519901556f,-0.47584059603345763f,-0.06608441597944545f,0.9732247456731318f,0.22015095814945668f,0.638369060101134f,-0.8622261944880443f,0.0553461326543417f,-0.5034906107752892f,0.8342300410145307f,0f,0f,0f,1f],start_interpolation:0}
execute if entity @s[tag=aj.dino.bone.neck_1] run data modify entity @s {} merge value {transformation:[-0.6339194678498742f,-0.07040102901861334f,0.7701881610321288f,-0.41091987881498293f,0.02030405727554067f,0.9939901712712829f,0.10756990598786155f,0.6520608314635974f,-0.7731324941684212f,0.08382860209502607f,-0.6286802938948463f,0.7813587565840564f,0f,0f,0f,1f],start_interpolation:0}
execute if entity @s[tag=aj.dino.bone.neck_2] run data modify entity @s {} merge value {transformation:[-0.7444763380419079f,0.09269134485679802f,0.6611832549939153f,-0.35208776060486485f,0.1045158382636534f,0.9942863042468533f,-0.021706790162983464f,0.6598938381919107f,-0.6594174866105362f,0.05294393049039811f,-0.7499103403584135f,0.7161793406105642f,0f,0f,0f,1f],start_interpolation:0}
execute if entity @s[tag=aj.dino.bone.body_0] run data modify entity @s {} merge value {transformation:[-0.924654955164867f,0.309857353302005f,0.22136312812601466f,-0.2448083698189114f,0.24434471491714924f,0.9286224274633955f,-0.27920610219701086f,0.5371513386489659f,-0.29207682924380524f,-0.2040803954736149f,-0.9343673356888169f,0.2738713983105532f,0f,0f,0f,1f],start_interpolation:0}
execute if entity @s[tag=aj.dino.bone.leg_left_3] run data modify entity @s {} merge value {transformation:[-0.9526218045516236f,0.02420365189914736f,-0.3031928111409527f,0.1455329833906574f,-0.21081464356171098f,0.6660036176277463f,0.7155392144157467f,0.12582457382504803f,0.21924617112450875f,0.7455557420753326f,-0.6293470838144425f,0.04063111375033912f,0f,0f,0f,1f],start_interpolation:0}
execute if entity @s[tag=aj.dino.bone.leg_left_2] run data modify entity @s {} merge value {transformation:[-0.9787987795211914f,-0.026678636542800522f,-0.3054560509479844f,0.1283557846235339f,-0.20916592383792185f,0.8052390077277715f,0.5999182913025052f,0.33174028421497287f,0.22419804863903087f,0.6347760158406316f,-0.7738584135361192f,0.16502860618142862f,0f,0f,0f,1f],start_interpolation:0}
execute if entity @s[tag=aj.dino.bone.leg_left_1] run data modify entity @s {} merge value {transformation:[-0.9936813287017574f,0.11223432942809004f,0.0009339632418084859f,0.17858659541029395f,0.006517918925271079f,0.04939603688240729f,0.9987580028581478f,0.2920594562515888f,0.11204880062898354f,0.9924532668282869f,-0.049815453821755895f,0.4350576475818133f,0f,0f,0f,1f],start_interpolation:0}
execute if entity @s[tag=aj.dino.bone.leg_left_0] run data modify entity @s {} merge value {transformation:[-0.9867465929897039f,-0.14860128131301753f,-0.06518297642284554f,0.010812627683084441f,-0.025791666506742153f,0.5402184962215508f,-0.8411294586916638f,0.569641047823052f,0.1602059648141006f,-0.8283004500374582f,-0.5368914353067364f,0.17217433822540767f,0f,0f,0f,1f],start_interpolation:0}
execute if entity @s[tag=aj.dino.bone.leg_right_3] run data modify entity @s {} merge value {transformation:[-0.9412950138291161f,-0.0708827872014324f,0.3300595816197445f,-0.40754181479054374f,-0.05339966862306356f,0.9966621044505715f,0.06175050561012271f,0.03357673296910041f,-0.3333349251599527f,0.04050037074787402f,-0.9419381867393921f,-0.28114553550818294f,0f,0f,0f,1f],start_interpolation:0}
execute if entity @s[tag=aj.dino.bone.leg_right_2] run data modify entity @s {} merge value {transformation:[-0.9655777744464271f,0.1519522622247386f,0.3108573161445032f,-0.3610171032586344f,0.23294797011663756f,0.9668589069808771f,0.2509607473510086f,0.26634456112810945f,-0.2558456648339335f,0.3068494150185443f,-0.9446949940531889f,-0.23841777571403616f,0f,0f,0f,1f],start_interpolation:0}
execute if entity @s[tag=aj.dino.bone.leg_right_1] run data modify entity @s {} merge value {transformation:[-0.9684659892781452f,-0.19554132457936257f,-0.15439306329382818f,-0.4252387468450544f,-0.16409968015255869f,0.03435213571217574f,0.985845437046721f,0.2201232701437591f,-0.1874697911273483f,0.980093628769089f,-0.06535714391639039f,0.02757575506174137f,0f,0f,0f,1f],start_interpolation:0}
execute if entity @s[tag=aj.dino.bone.leg_right_0] run data modify entity @s {} merge value {transformation:[-0.9737680707622058f,-0.05910645564479175f,0.21973204423834494f,-0.35310793298436616f,-0.10743372091255317f,0.9706876425537337f,-0.2149965027723908f,0.6312407680577355f,-0.2005834987603301f,-0.2329633608415393f,-0.9515746594621356f,0.03689386459100931f,0f,0f,0f,1f],start_interpolation:0}
execute if entity @s[tag=aj.dino.bone.tail_4] run data modify entity @s {} merge value {transformation:[-2.392406402190335f,0.8164110571624635f,-1.1115421377984582f,-0.41132458388716175f,1.3597709158303874f,1.7681109010918474f,-1.628025868806133f,-0.17024106589053237f,0.23038227974496706f,-1.9577839918599405f,-1.93382190958642f,-1.4032200283308514f,0f,0f,0f,1f],start_interpolation:0}
execute if entity @s[tag=aj.dino.bone.tail_3] run data modify entity @s {} merge value {transformation:[-1.8516884951140558f,0.6339642068817061f,-0.7108337551773529f,-0.29699728471705583f,0.9482285857536108f,1.373460473254562f,-1.2451563771717613f,0.027451053025241534f,0.08976520632402603f,-1.4309581541207443f,-1.5100485074769623f,-1.1331685550561694f,0f,0f,0f,1f],start_interpolation:0}
execute if entity @s[tag=aj.dino.bone.tail_2] run data modify entity @s {} merge value {transformation:[-1.7893492679730867f,0.6556784500174773f,-0.43253767742201704f,-0.21775657999003112f,0.7829603735708611f,1.4024242173811958f,-1.1130827655315187f,0.23528337504087293f,-0.06305652721750557f,-1.192504071141141f,-1.546845754976833f,-0.8459436943475325f,0f,0f,0f,1f],start_interpolation:0}
execute if entity @s[tag=aj.dino.bone.tail_1] run data modify entity @s {} merge value {transformation:[-1.3777448679437532f,0.4579171879963881f,-0.42401318115375974f,-0.13079497996628514f,0.594666977809597f,1.275031974028553f,-0.555266513223742f,0.3386164567427109f,0.189331757392813f,-0.6725039510235848f,-1.3414723893916778f,-0.549234019166322f,0f,0f,0f,1f],start_interpolation:0}
execute if entity @s[tag=aj.dino.bone.tail_0] run data modify entity @s {} merge value {transformation:[-1.1640486556495564f,0.48463975211579396f,-0.2096443524963884f,-0.05783680705024796f,0.5260996735437925f,1.0209803155086683f,-0.5609403225165425f,0.5271743301781586f,-0.04522805944989531f,-0.5971258013157609f,-1.1292612260347183f,-0.23364735171816034f,0f,0f,0f,1f],start_interpolation:0}
execute if entity @s[tag=aj.dino.bone.body_1] run data modify entity @s {} merge value {transformation:[-1.1445712783170359f,0.2585118016388246f,0.3895289877806341f,-0.1658094446451917f,0.19373807955140765f,1.199811122759911f,-0.22698771175899404f,0.49913f,-0.4254723732978309f,-0.1490956510811121f,-1.151237743233456f,0.044041947468323656f,0f,0f,0f,1f],start_interpolation:0}