execute if entity @s[tag=aj.dino.bone.head_lower] run data modify entity @s {} merge value {transformation:[-0.9714403538173207f,-0.18614774253807226f,-0.14714841801140183f,-0.12940519190377034f,-0.23728226700974983f,0.7597983346725832f,0.6053128252329395f,0.4341918794827016f,-0.0008744929916862237f,0.6229410153270925f,-0.7822683214123262f,0.8587760776121679f,0f,0f,0f,1f],start_interpolation:0}
execute if entity @s[tag=aj.dino.bone.head_upper] run data modify entity @s {} merge value {transformation:[-1.0111718595216352f,-0.21060532493479803f,-0.12903026855809377f,-0.14334318225069137f,-0.24698701286283736f,0.8602084192527172f,0.5315174818454623f,0.49007237522614894f,-0.0009102593906741105f,0.5469541252603886f,-0.8856140801003514f,0.810005603835993f,0f,0f,0f,1f],start_interpolation:0}
execute if entity @s[tag=aj.dino.bone.neck_0] run data modify entity @s {} merge value {transformation:[-0.9419728806611806f,-0.3340477426838295f,0.03315415067100126f,-0.1354727765139322f,-0.30976715463173077f,0.9030407149017351f,0.2975933082935915f,0.4947573660355104f,-0.1293499207971881f,0.2700547589612174f,-0.9541168823326415f,0.7439689183577539f,0f,0f,0f,1f],start_interpolation:0}
execute if entity @s[tag=aj.dino.bone.neck_1] run data modify entity @s {} merge value {transformation:[-0.9578841608171957f,-0.2764213533884381f,0.07777640931825634f,-0.13015753245169495f,-0.2502919474605679f,0.93647268341788f,0.24570888109409367f,0.5198863457866653f,-0.14075466419246319f,0.2158938364173914f,-0.9662183893432412f,0.6631121350816667f,0f,0f,0f,1f],start_interpolation:0}
execute if entity @s[tag=aj.dino.bone.neck_2] run data modify entity @s {} merge value {transformation:[-0.9813516727495458f,-0.16772728206492893f,0.09389597032237451f,-0.12357369615264446f,-0.14677154107342605f,0.969267151552384f,0.19743176961284514f,0.5466725807486902f,-0.1241249738070469f,0.17996874109866895f,-0.9758095321858462f,0.5793859079465142f,0f,0f,0f,1f],start_interpolation:0}
execute if entity @s[tag=aj.dino.bone.body_0] run data modify entity @s {} merge value {transformation:[-0.9769735562111104f,-0.09235389098263692f,0.19233676009692907f,-0.0338058886357855f,-0.10182922068440853f,0.9939992103964529f,-0.03995471869547254f,0.5373111566357482f,-0.18749261393191588f,-0.058620206000964625f,-0.9805152681979928f,0.11671430823963926f,0f,0f,0f,1f],start_interpolation:0}
execute if entity @s[tag=aj.dino.bone.leg_left_3] run data modify entity @s {} merge value {transformation:[-0.9632399794980139f,-0.04030421494924955f,-0.26560179245251847f,0.2603218961458788f,-0.04470348438645784f,0.9989447340557173f,0.01053645035396037f,0.013841451534972515f,0.26489684856633466f,0.022022455804847206f,-0.9640252439951702f,-0.2131922753949252f,0f,0f,0f,1f],start_interpolation:0}
execute if entity @s[tag=aj.dino.bone.leg_left_2] run data modify entity @s {} merge value {transformation:[-0.9703018504959251f,-0.19814003873253663f,-0.26705251070893643f,0.204377316838097f,-0.19155416692401156f,1.00637918201002f,-0.050696574357490816f,0.24656305346593316f,0.27181523054995566f,0.0019148286099718035f,-0.9890273066873143f,-0.24288961714091994f,0f,0f,0f,1f],start_interpolation:0}
execute if entity @s[tag=aj.dino.bone.leg_left_1] run data modify entity @s {} merge value {transformation:[-0.9830028454189588f,0.1537130128229425f,0.10038782589101472f,0.26038926110282445f,0.13519165936413802f,0.23610846053258008f,0.9622764727994266f,0.256978381831711f,0.12421200077529398f,0.9594921076037201f,-0.25287600580041053f,0.028712239801339676f,0f,0f,0f,1f],start_interpolation:0}
execute if entity @s[tag=aj.dino.bone.leg_left_0] run data modify entity @s {} merge value {transformation:[-0.9859644831153817f,0.019458655193618404f,-0.16581736571624295f,0.16688429496392776f,0.08106544464057702f,0.9240467317542022f,-0.3735853734015866f,0.6596272797821516f,0.1459535258917849f,-0.3817839680662785f,-0.912654682783868f,-0.029921921326048165f,0f,0f,0f,1f],start_interpolation:0}
execute if entity @s[tag=aj.dino.bone.leg_right_3] run data modify entity @s {} merge value {transformation:[-0.9831665543523777f,0.006662553891223333f,0.1825900785325429f,-0.23465765866636373f,0.007554785534651565f,0.999962678013225f,0.0041913954890096805f,0.023070691716402275f,-0.1825553385097217f,0.005500268744926401f,-0.9831801947889997f,-0.08746187862334892f,0f,0f,0f,1f],start_interpolation:0}
execute if entity @s[tag=aj.dino.bone.leg_right_2] run data modify entity @s {} merge value {transformation:[-1.0087741043630258f,0.05734713510669222f,0.1764888437333205f,-0.2142708387087326f,0.017198558432528783f,1.0001887002191814f,-0.2266913607581965f,0.24918076563125574f,-0.18477341652714158f,-0.21999106697685383f,-0.9846445625178499f,-0.168884750792355f,0f,0f,0f,1f],start_interpolation:0}
execute if entity @s[tag=aj.dino.bone.leg_right_1] run data modify entity @s {} merge value {transformation:[-0.9425299792834456f,-0.11319300139555871f,-0.31436377429184303f,-0.24712023780099343f,-0.3341200497287798f,0.322165415555401f,0.8857613885179543f,0.283071369311257f,0.0010151458936510753f,0.939891903069221f,-0.3414706137045085f,0.10458504575060547f,0f,0f,0f,1f],start_interpolation:0}
execute if entity @s[tag=aj.dino.bone.leg_right_0] run data modify entity @s {} merge value {transformation:[-0.9682716144315183f,-0.2013597298380788f,0.14800114825810318f,-0.22564244326424526f,-0.24864567540918828f,0.8355459548944217f,-0.4899370218302323f,0.6799292334414588f,-0.02500817439337924f,-0.5111919565673004f,-0.8591026567031472f,-0.023281363381365314f,0f,0f,0f,1f],start_interpolation:0}
execute if entity @s[tag=aj.dino.bone.tail_4] run data modify entity @s {} merge value {transformation:[-2.547885553196136f,-0.06385599863505861f,1.0629501168223934f,0.03716790889958643f,-0.2466378172841816f,2.716923060688524f,-0.42797219650837076f,0.5155721027601258f,-1.0359103853614533f,-0.48980896820824377f,-2.512496403930373f,-1.7588830895729268f,0f,0f,0f,1f],start_interpolation:0}
execute if entity @s[tag=aj.dino.bone.tail_3] run data modify entity @s {} merge value {transformation:[-2.0228054852483517f,0.07882041392925165f,0.48784304570388937f,-0.04632356346704167f,-0.057204975578205676f,2.0044672129823473f,-0.5610564222004084f,0.5910912533008664f,-0.49084731400173987f,-0.5584299960346396f,-1.9450373723685805f,-1.4236119524638355f,0f,0f,0f,1f],start_interpolation:0}
execute if entity @s[tag=aj.dino.bone.tail_2] run data modify entity @s {} merge value {transformation:[-1.9471790411248617f,0.12157315389974027f,0.11174804274666791f,-0.06850818366055172f,0.08137522579961297f,1.8571793776881147f,-0.6025252747551969f,0.7036014795830937f,-0.1436862186603262f,-0.5957168810295993f,-1.855599510461845f,-1.0789080569564997f,0f,0f,0f,1f],start_interpolation:0}
execute if entity @s[tag=aj.dino.bone.tail_1] run data modify entity @s {} merge value {transformation:[-1.4928475375081083f,0.10688295802950802f,-0.2182624865588232f,-0.02142084086914556f,0.13017047227721618f,1.498750998396488f,-0.1563884361219138f,0.7188094823364284f,0.2052270155293998f,-0.1731407753488295f,-1.488475862756431f,-0.756684259263146f,0f,0f,0f,1f],start_interpolation:0}
execute if entity @s[tag=aj.dino.bone.tail_0] run data modify entity @s {} merge value {transformation:[-1.2757013685496847f,0.0692500562126452f,0.04032573097954629f,-0.03153382950399843f,0.0698114590959698f,1.2761959521247865f,0.016910604460788542f,0.7446646923423057f,-0.039345838958916544f,0.019079781940131976f,-1.277467644780784f,-0.38291809322185677f,0f,0f,0f,1f],start_interpolation:0}
execute if entity @s[tag=aj.dino.bone.body_1] run data modify entity @s {} merge value {transformation:[-1.2345409386142994f,0.06690331642081611f,-0.006100179790047563f,-0.034622036292670175f,0.06385193793268631f,1.2034215851540704f,0.27623181110030587f,0.5993856818181817f,0.020885304972997697f,0.27550867444313043f,-1.2050989044053704f,-0.12130694306385399f,0f,0f,0f,1f],start_interpolation:0}