execute if entity @s[tag=aj.dino.bone.head_lower] run data modify entity @s {} merge value {transformation:[-0.9944068515345607f,0.08490679223256499f,-0.06281600316717355f,0.18679650201799408f,0.04493605213019514f,0.8783552453409187f,0.47589159921251706f,0.6670662995543716f,0.09558119501279891f,0.47040716365173535f,-0.8772578500902997f,0.8262910235556512f,0f,0f,0f,1f],start_interpolation:0}
execute if entity @s[tag=aj.dino.bone.head_upper] run data modify entity @s {} merge value {transformation:[-1.035077677426136f,0.06838443120754946f,-0.08607969473716093f,0.18207663125446658f,0.04677391793896507f,1.0115038407662094f,0.24113092563865215f,0.7064168016354286f,0.09949042606332448f,0.23591416292188588f,-1.008919275977078f,0.7620670615341347f,0f,0f,0f,1f],start_interpolation:0}
execute if entity @s[tag=aj.dino.bone.neck_0] run data modify entity @s {} merge value {transformation:[-0.9857084971419858f,0.01942872784468687f,-0.16733583954558234f,0.1712595244911051f,0.06082760767924157f,0.967360682505835f,-0.24599453669922372f,0.6747886010536197f,0.15709475104569234f,-0.25265754387348605f,-0.9547174475821154f,0.7043835857067906f,0f,0f,0f,1f],start_interpolation:0}
execute if entity @s[tag=aj.dino.bone.neck_1] run data modify entity @s {} merge value {transformation:[-0.9742155219490065f,0.06094056652680546f,-0.21723343238327042f,0.15313774715186024f,0.061313124432908025f,0.998105900170075f,0.005031184548303258f,0.6798129575380042f,0.21712857381261372f,-0.008417802389956097f,-0.9761067170330424f,0.6216557556100457f,0f,0f,0f,1f],start_interpolation:0}
execute if entity @s[tag=aj.dino.bone.neck_2] run data modify entity @s {} merge value {transformation:[-0.9742155219490065f,0.09894715582814473f,-0.2027648321261499f,0.13634278161889848f,0.061313124432908025f,0.9809888280253787f,0.18412392582624532f,0.705548088114213f,0.21712857381261372f,0.16694424111934741f,-0.9617613023984618f,0.5390327407708815f,0f,0f,0f,1f],start_interpolation:0}
execute if entity @s[tag=aj.dino.bone.body_0] run data modify entity @s {} merge value {transformation:[-0.9742155219490065f,0.03369763362624329f,-0.2230887408221589f,0.03152290673452508f,0.061313124432908025f,0.9911138236753234f,-0.11804274349554295f,0.6593565838278387f,0.21712857381261372f,-0.12867734069241282f,-0.9676245782463512f,0.08176909311877348f,0f,0f,0f,1f],start_interpolation:0}
execute if entity @s[tag=aj.dino.bone.leg_left_3] run data modify entity @s {} merge value {transformation:[-0.9856826270009528f,-0.052934858984489186f,-0.16008641270511742f,0.34141690671842917f,-0.038790622052741086f,0.9951657292365653f,-0.09022449220592277f,0.02847473667140507f,0.16408853241242158f,-0.08272286296633784f,-0.9829709464034988f,-0.22964398639602876f,0f,0f,0f,1f],start_interpolation:0}
execute if entity @s[tag=aj.dino.bone.leg_left_2] run data modify entity @s {} merge value {transformation:[-0.9979640214213873f,-0.15791257441086112f,-0.17661718572121415f,0.297601233059036f,-0.12572761080487918f,1.0010799180904555f,-0.18464497008583267f,0.25592360436602685f,0.2008048289520061f,-0.15800258206635592f,-0.9933653931110216f,-0.2968620746775592f,0f,0f,0f,1f],start_interpolation:0}
execute if entity @s[tag=aj.dino.bone.leg_left_1] run data modify entity @s {} merge value {transformation:[-0.9844808023415833f,0.021053351684958657f,0.17422487251739344f,0.31368708737868267f,0.147650075582849f,0.6359583635274451f,0.7574671049226315f,0.38557985975759085f,-0.09485254346221565f,0.7714361387971939f,-0.6291973289488959f,-0.052027668622343495f,0f,0f,0f,1f],start_interpolation:0}
execute if entity @s[tag=aj.dino.bone.leg_left_0] run data modify entity @s {} merge value {transformation:[-0.9921996962099949f,0.10426071953925511f,0.06833348521735685f,0.23369182176057646f,0.09047721884369997f,0.9793883510216128f,-0.18058884448790113f,0.7953409122809904f,-0.08575334227365809f,-0.17299757294344603f,-0.9811820442938068f,-0.05004881085647686f,0f,0f,0f,1f],start_interpolation:0}
execute if entity @s[tag=aj.dino.bone.leg_right_3] run data modify entity @s {} merge value {transformation:[-0.9944059812874081f,0.08435059797221697f,0.06357453107618413f,-0.297368605054583f,0.09590257422589317f,0.9732543344764262f,0.20875511174506933f,0.30065426407411977f,-0.04426556942674896f,0.21368429292902813f,-0.9758993710002827f,-0.09281695410994843f,0f,0f,0f,1f],start_interpolation:0}
execute if entity @s[tag=aj.dino.bone.leg_right_2] run data modify entity @s {} merge value {transformation:[-1.0078249542364937f,0.18689555041777947f,0.037697670391408776f,-0.2510749789949216f,0.19006671562374902f,1.0008371365523934f,0.11942306816650493f,0.5373437897976614f,-0.015023472664633034f,0.12432730525647204f,-1.0180271194508788f,-0.09527473054990632f,0f,0f,0f,1f],start_interpolation:0}
execute if entity @s[tag=aj.dino.bone.leg_right_1] run data modify entity @s {} merge value {transformation:[-0.9934580016948199f,0.03975678856427314f,-0.10705417615203575f,-0.25438188690671126f,-0.10873789322535121f,-0.04292037537968013f,0.9931434498370213f,0.4708454776725481f,0.034889388722755495f,0.9982871526471346f,0.04696265978657321f,0.17413281296797595f,0f,0f,0f,1f],start_interpolation:0}
execute if entity @s[tag=aj.dino.bone.leg_right_0] run data modify entity @s {} merge value {transformation:[-0.9976473406074653f,-0.04180955516848506f,0.05432996296212157f,-0.15921840756506578f,-0.06820193518261283f,0.6856248504265773f,-0.7247531031426359f,0.8069737316999341f,-0.006948367880213312f,-0.726753414559675f,-0.6868633012540809f,-0.054491305638408885f,0f,0f,0f,1f],start_interpolation:0}
execute if entity @s[tag=aj.dino.bone.tail_4] run data modify entity @s {} merge value {transformation:[-2.7583629156109195f,0.003058941451274432f,0.13071342800043395f,0.0888681539651241f,0.12791919450276484f,-0.5081413101802345f,2.7112894386557254f,1.951457886213581f,0.027056183400301574f,2.7143036645455703f,0.5074297105750671f,-1.2512871317736256f,0f,0f,0f,1f],start_interpolation:0}
execute if entity @s[tag=aj.dino.bone.tail_3] run data modify entity @s {} merge value {transformation:[-2.0799579606767846f,0.04755830682457902f,0.08636327526034875f,0.07375873859186576f,0.09645813660834386f,0.6041545420288947f,1.9903865562428689f,1.6080497527796889f,0.02040185638028143f,1.992154869191218f,-0.6056800041758048f,-1.1680809848054228f,0f,0f,0f,1f],start_interpolation:0}
execute if entity @s[tag=aj.dino.bone.tail_2] run data modify entity @s {} merge value {transformation:[-1.9519766578287803f,0.06966085731996723f,0.06089636484888251f,0.06101143399803702f,0.09052299838593007f,1.1716524925679825f,1.5613487433706894f,1.318144166456484f,0.019146515546750023f,1.5624185343944998f,-1.1735653408846638f,-0.9495318113607916f,0f,0f,0f,1f],start_interpolation:0}
execute if entity @s[tag=aj.dino.bone.tail_1] run data modify entity @s {} merge value {transformation:[-1.51080367264473f,0.05960738942626325f,0.03969221395918322f,0.05318485301969178f,0.07006358291825045f,1.0568211604633295f,1.0797575557251728f,1.0728069036385885f,0.014819145449492708f,1.0803852294078846f,-1.058397089473237f,-0.7349973173929438f,0f,0f,0f,1f],start_interpolation:0}
execute if entity @s[tag=aj.dino.bone.tail_0] run data modify entity @s {} merge value {transformation:[-1.277560155095726f,0.024172633028838503f,0.033037108049363745f,0.044113970888589066f,0.03807766428527562f,1.0804304178640365f,0.6819500863118569f,0.8995979490245294f,-0.01502857872155823f,0.6825844362059716f,-1.0805962918014358f,-0.40274998717093924f,0f,0f,0f,1f],start_interpolation:0}
execute if entity @s[tag=aj.dino.bone.body_1] run data modify entity @s {} merge value {transformation:[-1.2357470614418982f,0.031009502586638888f,0.023920826559569727f,0.0364640037329247f,0.03658653132527576f,1.1834810965826397f,0.3558630562637645f,0.7371489228688175f,-0.013972147993361439f,0.3563923397565272f,-1.1838048294797459f,-0.1515375f,0f,0f,0f,1f],start_interpolation:0}