execute if entity @s[tag=aj.dino.bone.head_lower] run data modify entity @s {} merge value {transformation:[-0.9679741868167006f,-0.22176994899603392f,-0.11766079796960578f,0.45731703679866464f,-0.235175956496868f,0.9650239110191379f,0.11584956040965533f,0.2366968970054662f,0.08785353232699944f,0.13981037473529478f,-0.9862731954048257f,0.711635018353522f,0f,0f,0f,1f],start_interpolation:0}
execute if entity @s[tag=aj.dino.bone.head_upper] run data modify entity @s {} merge value {transformation:[-1.0075639277349258f,-0.10390019958125615f,-0.23977410752175057f,0.4381418133402746f,-0.24479455512760806f,0.7095056730723026f,0.7212137465700462f,0.30227124375141234f,0.09144670519353526f,0.7545053949367766f,-0.7112180057507353f,0.6795761296335415f,0f,0f,0f,1f],start_interpolation:0}
execute if entity @s[tag=aj.dino.bone.neck_0] run data modify entity @s {} merge value {transformation:[-0.9818176651795228f,-0.0992303988083918f,-0.16182521525942256f,0.4296058367620408f,-0.1149239479463721f,0.9892275707324344f,0.09067138187557314f,0.2921143418383256f,0.15108460719031075f,0.10762035706656026f,-0.9826450530150834f,0.6142407586490536f,0f,0f,0f,1f],start_interpolation:0}
execute if entity @s[tag=aj.dino.bone.neck_1] run data modify entity @s {} merge value {transformation:[-0.8897147028059568f,-0.07323891084214729f,-0.45060382771295304f,0.39109637587212903f,-0.15460761299687623f,0.9770590232806428f,0.14646552846757f,0.3090230832474659f,0.42953956001085253f,0.19997931634179653f,-0.8806270717058108f,0.5405613671582274f,0f,0f,0f,1f],start_interpolation:0}
execute if entity @s[tag=aj.dino.bone.neck_2] run data modify entity @s {} merge value {transformation:[-0.7860864428519426f,-0.09693209180903296f,-0.6104688967850084f,0.33666569623566855f,-0.4347363859556753f,0.7887747050307592f,0.43455579553129525f,0.3548160274509157f,0.43940002172346115f,0.6069914614565546f,-0.6621850093654025f,0.48849181972757105f,0f,0f,0f,1f],start_interpolation:0}
execute if entity @s[tag=aj.dino.bone.body_0] run data modify entity @s {} merge value {transformation:[-0.7692980993907789f,-0.2134116404813723f,-0.6021925821369649f,0.0508215778565643f,-0.45927878555598245f,0.8399458004202475f,0.2890571734010621f,0.49904912299168935f,0.4441209648417396f,0.49894541190739417f,-0.7441841469183574f,0.14251370070568292f,0f,0f,0f,1f],start_interpolation:0}
execute if entity @s[tag=aj.dino.bone.leg_left_3] run data modify entity @s {} merge value {transformation:[-0.18869294622577243f,0.05020506262231639f,-0.9807519685076993f,0.21551586377642687f,0.08446226352221824f,0.9958213762406883f,0.034726253221517456f,-0.004767655002896332f,0.978397208747726f,-0.0762839321822812f,-0.19214490262681472f,-0.26528260895112055f,0f,0f,0f,1f],start_interpolation:0}
execute if entity @s[tag=aj.dino.bone.leg_left_2] run data modify entity @s {} merge value {transformation:[-0.31334347044972916f,0.24354132230997452f,-0.9458148303736431f,0.24256896345650483f,-0.3349155762499497f,0.9062780092657496f,0.34431660750996107f,0.21660577776041684f,0.9174473422558801f,0.4140169003187111f,-0.19733874414012745f,-0.17345121382776263f,0f,0f,0f,1f],start_interpolation:0}
execute if entity @s[tag=aj.dino.bone.leg_left_1] run data modify entity @s {} merge value {transformation:[-0.600583857563505f,0.5652195868540775f,-0.5655314745181258f,0.43807613364636866f,-0.08003633613234723f,0.6612507257552224f,0.7458831427151988f,0.3582820646918877f,0.7955458597294371f,0.49322844233143914f,-0.3518984068486995f,-0.0366368805675782f,0f,0f,0f,1f],start_interpolation:0}
execute if entity @s[tag=aj.dino.bone.leg_left_0] run data modify entity @s {} merge value {transformation:[-0.5654114248941142f,-0.6270431452972368f,-0.5358421544960379f,0.16975594947819073f,-0.12206932227176076f,0.7061172102832614f,-0.6974937748122898f,0.6781132961237679f,0.8157260576684555f,-0.3289610604274199f,-0.4757894697901027f,-0.03221639041656085f,0f,0f,0f,1f],start_interpolation:0}
execute if entity @s[tag=aj.dino.bone.leg_right_3] run data modify entity @s {} merge value {transformation:[-0.9899875073008209f,0.07377311160188182f,0.1203422760000987f,-0.3583291997592768f,0.06564721978115916f,0.9953740663754447f,-0.07014920186442704f,0.03113416790528542f,-0.12496070551702174f,-0.06154669765136293f,-0.9902508904741769f,0.07566821544722932f,0f,0f,0f,1f],start_interpolation:0}
execute if entity @s[tag=aj.dino.bone.leg_right_2] run data modify entity @s {} merge value {transformation:[-0.9859809316093853f,0.27212124614896277f,0.07651032216452369f,-0.2910039913223338f,0.27986094924749166f,0.978795591691518f,0.12529660119986777f,0.2627280551795063f,-0.03976997724007842f,0.14132026245475746f,-1.0151399567698716f,0.07729909010619979f,0f,0f,0f,1f],start_interpolation:0}
execute if entity @s[tag=aj.dino.bone.leg_right_1] run data modify entity @s {} merge value {transformation:[-0.9872656355764158f,0.10422717099303956f,-0.12018012163699951f,-0.27597683525997474f,-0.08273987797289357f,0.3088114382581658f,0.9475176031050578f,0.29472187573686986f,0.13587007545050891f,0.9453952572483697f,-0.2962551774557913f,0.3525516390255266f,0f,0f,0f,1f],start_interpolation:0}
execute if entity @s[tag=aj.dino.bone.leg_right_0] run data modify entity @s {} merge value {transformation:[-0.9948674991058097f,-0.10117867720585194f,-0.0012387501063745726f,-0.19992318998643938f,-0.05176526800417628f,0.51943908859573f,-0.8529380928691676f,0.5741240742030416f,0.08694260320123756f,-0.848496263113581f,-0.5220106083509038f,0.05179005055829845f,0f,0f,0f,1f],start_interpolation:0}
execute if entity @s[tag=aj.dino.bone.tail_4] run data modify entity @s {} merge value {transformation:[-2.628396797175711f,0.5939303340893751f,-0.603687308500807f,-0.3879148393733086f,0.5540259844627314f,2.694734329858638f,0.2390050870199684f,0.6414944944170231f,0.6405051262375395f,0.10637190103502137f,-2.684045367264426f,-1.709524017855016f,0f,0f,0f,1f],start_interpolation:0}
execute if entity @s[tag=aj.dino.bone.tail_3] run data modify entity @s {} merge value {transformation:[-2.0156473352634725f,0.17099636650166253f,-0.4938335635950003f,-0.3058522498653634f,0.10934807045923157f,2.0621146581306067f,0.2677156369250436f,0.5759204047707248f,0.5110326265284351f,0.2332142907511625f,-2.005094081398009f,-1.3718163430753696f,0f,0f,0f,1f],start_interpolation:0}
execute if entity @s[tag=aj.dino.bone.tail_2] run data modify entity @s {} merge value {transformation:[-1.9125203252126897f,0.1340125147457972f,-0.37825986641809295f,-0.2369168817923944f,0.1829294934131837f,1.9306135555369495f,-0.2409190208749677f,0.6213013859233457f,0.3571787802917778f,-0.2711933260079691f,-1.902012453650288f,-1.0180367993657164f,0f,0f,0f,1f],start_interpolation:0}
execute if entity @s[tag=aj.dino.bone.tail_1] run data modify entity @s {} merge value {transformation:[-1.4685726639193506f,-0.0012644977734959525f,-0.36186873564070743f,-0.15762827702455762f,0.05580481187417445f,1.4936066750570354f,-0.23169197913772788f,0.6528478018709637f,0.3575421706044078f,-0.23831439585230713f,-1.4501814007113174f,-0.7034023800889029f,0f,0f,0f,1f],start_interpolation:0}
execute if entity @s[tag=aj.dino.bone.tail_0] run data modify entity @s {} merge value {transformation:[-1.2177621647092605f,-0.34350495308931955f,-0.18137081901383315f,-0.11291689467709722f,-0.3402760369969654f,1.2311898723401555f,-0.04711086368025763f,0.6963254959885175f,0.1873586011697463f,0.0034002991286637926f,-1.264405357912398f,-0.333831691717137f,0f,0f,0f,1f],start_interpolation:0}
execute if entity @s[tag=aj.dino.bone.body_1] run data modify entity @s {} merge value {transformation:[-1.1626826592268935f,-0.25162098222502816f,-0.33683899758407077f,-0.017658087321837972f,-0.32705785143522736f,1.1637169498986593f,0.25961628875974707f,0.5575837506103516f,0.26420974774580586f,0.333248161103589f,-1.1609235407094751f,-0.08637985899467558f,0f,0f,0f,1f],start_interpolation:0}