execute if entity @s[tag=aj.dino.bone.head_lower] run data modify entity @s {} merge value {transformation:[-0.2831542670542054f,0.48291339404011563f,-0.8286243509007275f,0.823679500540613f,-0.8497031267987484f,0.27436462068333195f,0.4502539852413543f,0.34298812365803866f,0.4447788859168407f,0.8315760390811819f,0.33264550781368823f,-0.022117752752109227f,0f,0f,0f,1f],start_interpolation:0}
execute if entity @s[tag=aj.dino.bone.head_upper] run data modify entity @s {} merge value {transformation:[-0.2947351585957778f,0.8387741125396847f,-0.5413511956247014f,0.8051031320761468f,-0.8844556306418477f,0.042372242362593175f,0.5471880600731382f,0.3813867241184071f,0.4629701570263038f,0.6149264377093715f,0.7007111048731919f,0.040139154568719373f,0f,0f,0f,1f],start_interpolation:0}
execute if entity @s[tag=aj.dino.bone.neck_0] run data modify entity @s {} merge value {transformation:[-0.21929060336228712f,0.2898263879314183f,-0.9316181063803083f,0.7402293911092537f,-0.707378962011086f,0.6104025442642829f,0.35640389736899436f,0.39475306240851393f,0.671957316636349f,0.7371630747767531f,0.07116154723275926f,0.03255792854836062f,0f,0f,0f,1f],start_interpolation:0}
execute if entity @s[tag=aj.dino.bone.neck_1] run data modify entity @s {} merge value {transformation:[-0.09030842843290299f,0.15854551863362892f,-0.983212950624214f,0.6576687489075612f,-0.6257735082622794f,0.758983485737732f,0.17986546287300675f,0.4134865698939158f,0.774759255582725f,0.6315119847624393f,0.030670979611127414f,0.038065459852832974f,0f,0f,0f,1f],start_interpolation:0}
execute if entity @s[tag=aj.dino.bone.neck_2] run data modify entity @s {} merge value {transformation:[-0.3625097669695192f,0.09800829520510772f,-0.9268123018835548f,0.5774326026355402f,-0.41425463203508267f,0.8738726386979351f,0.25443999522989047f,0.44433318107927045f,0.8348531419891663f,0.47617327246087293f,-0.2761869763488496f,0.018531443268038378f,0f,0f,0f,1f],start_interpolation:0}
execute if entity @s[tag=aj.dino.bone.body_0] run data modify entity @s {} merge value {transformation:[-0.5564611243916898f,0.04034133018014113f,-0.8298937245937176f,0.1866911039326169f,-0.17533628459167444f,0.9706260607686866f,0.16474901353953303f,0.5312251998630493f,0.8121626711111042f,0.23718690359283892f,-0.533042370189948f,-0.23042992515324465f,0f,0f,0f,1f],start_interpolation:0}
execute if entity @s[tag=aj.dino.bone.leg_left_3] run data modify entity @s {} merge value {transformation:[-0.3891779636513686f,0.7722212017676088f,-0.5022100438549234f,-0.0613890154618994f,-0.2781903720335757f,0.42120758992450974f,0.8632463629218529f,0.36174870088440003f,0.8781518260050452f,0.47566646059037626f,0.05089979129062458f,-0.7740289091021856f,0f,0f,0f,1f],start_interpolation:0}
execute if entity @s[tag=aj.dino.bone.leg_left_2] run data modify entity @s {} merge value {transformation:[-0.41163310522325613f,0.13044004846453738f,-0.9303793742025471f,-0.06037511817151037f,-0.5114926097893232f,0.820906409412519f,0.341394458972385f,0.5628578924218515f,0.7880328015481727f,0.6009661057353479f,-0.2643978875523095f,-0.6408931244406122f,0f,0f,0f,1f],start_interpolation:0}
execute if entity @s[tag=aj.dino.bone.leg_left_1] run data modify entity @s {} merge value {transformation:[-0.30362418910754607f,0.8495624752287555f,0.4313420365231928f,0.1535945589274334f,-0.15440652012512415f,-0.49060296461734865f,0.8575939351765022f,0.38716793428582424f,0.940197308192081f,0.19378424030828445f,0.2801369127346596f,-0.6218300304603475f,0f,0f,0f,1f],start_interpolation:0}
execute if entity @s[tag=aj.dino.bone.leg_left_0] run data modify entity @s {} merge value {transformation:[-0.3023909497976879f,-0.04414247409712124f,-0.9521613074794824f,0.17861397372142726f,-0.2117834722829871f,0.9770698247970121f,0.021961747173153745f,0.744384223185248f,0.9293586360217532f,0.20829306145842028f,-0.3048057187784791f,-0.4071725582103868f,0f,0f,0f,1f],start_interpolation:0}
execute if entity @s[tag=aj.dino.bone.leg_right_3] run data modify entity @s {} merge value {transformation:[-0.7112166491312146f,-0.214774925329771f,-0.6693598504901215f,0.12652131761711086f,-0.1503796986185132f,0.9766259480497246f,-0.15358288914908957f,-0.006081816008212282f,0.686699952120263f,-0.008572575200468904f,-0.7268904227684257f,0.035570835064031775f,0f,0f,0f,1f],start_interpolation:0}
execute if entity @s[tag=aj.dino.bone.leg_right_2] run data modify entity @s {} merge value {transformation:[-0.7431194417618258f,-0.20666312741153253f,-0.6761109720635889f,0.05860644461658601f,-0.025532858844678506f,0.9881058527706463f,-0.27396550209890536f,0.21581707358817406f,0.7065293821883872f,-0.18165730095311974f,-0.7210263910673572f,-0.030152257431901003f,0f,0f,0f,1f],start_interpolation:0}
execute if entity @s[tag=aj.dino.bone.leg_right_1] run data modify entity @s {} merge value {transformation:[-0.44844903723329504f,0.5025875600732433f,-0.7391205621981806f,0.22541281888696785f,-0.25582380411212086f,0.7201655379154275f,0.644915327193102f,0.3721647635961202f,0.8564155780076246f,0.4782962914957701f,-0.19438368060940553f,0.1271513311848692f,0f,0f,0f,1f],start_interpolation:0}
execute if entity @s[tag=aj.dino.bone.leg_right_0] run data modify entity @s {} merge value {transformation:[-0.4965429419350712f,-0.8138871908111557f,-0.30171633606417425f,-0.011848307163629876f,-0.22873238433442844f,0.45799575251105806f,-0.8590235078497659f,0.6485146642760391f,0.8373330300251816f,-0.35752976283850135f,-0.4135769160790931f,-0.07692014899757676f,0f,0f,0f,1f],start_interpolation:0}
execute if entity @s[tag=aj.dino.bone.tail_4] run data modify entity @s {} merge value {transformation:[-2.2221427456453764f,-1.0180343603085078f,-1.2850482445444906f,-1.2676718401581912f,-1.110238240337248f,2.527109517100863f,-0.08215759168266762f,1.3119214984886916f,1.2062810614730215f,0.4505384128012754f,-2.4428594865284468f,-1.1796944477292386f,0f,0f,0f,1f],start_interpolation:0}
execute if entity @s[tag=aj.dino.bone.tail_3] run data modify entity @s {} merge value {transformation:[-1.6017650002838926f,-0.29543582673553037f,-1.2973095552685492f,-1.0448050090267476f,-0.8140497602295192f,1.8235649656606185f,0.5898129618191634f,1.1940660013835338f,1.0524340348830652f,0.9608714869017214f,-1.5182404664358906f,-0.9316598517183385f,0f,0f,0f,1f],start_interpolation:0}
execute if entity @s[tag=aj.dino.bone.tail_2] run data modify entity @s {} merge value {transformation:[-1.2586687787874091f,-0.01990895857210434f,-1.4947007773053322f,-0.7678788528806137f,-0.5384611322521646f,1.828860610143007f,0.42907150071269273f,1.1143395668251943f,1.3944842736159866f,0.6882197156713105f,-1.1834445946480854f,-0.710465178084721f,0f,0f,0f,1f],start_interpolation:0}
execute if entity @s[tag=aj.dino.bone.tail_1] run data modify entity @s {} merge value {transformation:[-0.9551286540368907f,0.13130725053163012f,-1.1653943153265776f,-0.5177915909676265f,-0.2976910496055902f,1.426617656139906f,0.4047200911427596f,1.0100937972795445f,1.1343568852977444f,0.48495022337112614f,-0.8750508485967516f,-0.5291757466235121f,0f,0f,0f,1f],start_interpolation:0}
execute if entity @s[tag=aj.dino.bone.tail_0] run data modify entity @s {} merge value {transformation:[-0.7261885241159238f,0.22886488287146953f,-1.0266970387678114f,-0.21224393626964977f,-0.45762551715268074f,1.0546059793902307f,0.5587672421224618f,0.8722585430707256f,0.9471350643266806f,0.6850275981350158f,-0.5172118292346893f,-0.3615034927872332f,0f,0f,0f,1f],start_interpolation:0}
execute if entity @s[tag=aj.dino.bone.body_1] run data modify entity @s {} merge value {transformation:[-0.5990253914314937f,0.4208051916320119f,-0.9963413903738727f,-0.008952735425580872f,-0.30152059392069924f,1.028821717399621f,0.6158050018511163f,0.6597940625f,1.0386811382317023f,0.5413441230480759f,-0.3958441973545339f,-0.30593863012908007f,0f,0f,0f,1f],start_interpolation:0}