execute if entity @s[tag=aj.dino.bone.head_lower] run data modify entity @s {} merge value {transformation:[-0.09424434636735836f,0.4634626119074593f,-0.8810904667182057f,0.820007384802626f,-0.8473928888598421f,0.42718218716958045f,0.31534214890303647f,0.3999938328474643f,0.5225354486420617f,0.7763490106446517f,0.35247541557321393f,-0.0772957708835733f,0f,0f,0f,1f],start_interpolation:0}
execute if entity @s[tag=aj.dino.bone.head_upper] run data modify entity @s {} merge value {transformation:[-0.09809890086530568f,0.9372168031368323f,-0.44212352589576426f,0.8105430565854522f,-0.8820509049338394f,0.15757681376400023f,0.5297430428546351f,0.4397774544742293f,0.5439069307684185f,0.4245776186582015f,0.779340130482267f,-0.013867493014369922f,0f,0f,0f,1f],start_interpolation:0}
execute if entity @s[tag=aj.dino.bone.neck_0] run data modify entity @s {} merge value {transformation:[0.011325948769780672f,0.36441456747572804f,-0.9311679472017617f,0.7444131997748439f,-0.7116241545741147f,0.6571380871855159f,0.2485167941947545f,0.4454103766218636f,0.7024690637395649f,0.6598269147144875f,0.26676892080454134f,-0.00755492772092382f,0f,0f,0f,1f],start_interpolation:0}
execute if entity @s[tag=aj.dino.bone.neck_1] run data modify entity @s {} merge value {transformation:[0.1075620929356115f,0.16549361998952375f,-0.9803276278398332f,0.6621289913172839f,-0.6141125153797871f,0.786504680261196f,0.0653927089295491f,0.4545733260963794f,0.7818543436070569f,0.5949976887938281f,0.18622979276362112f,0.010962259969746976f,0f,0f,0f,1f],start_interpolation:0}
execute if entity @s[tag=aj.dino.bone.neck_2] run data modify entity @s {} merge value {transformation:[-0.22970880554960516f,0.027658858578765474f,-0.9728663074621785f,0.5771694037985637f,-0.43572510789166796f,0.8909016885778999f,0.1282100294120594f,0.4745279705928295f,0.8702743791504883f,0.4533532494988502f,-0.1925963036069627f,-0.001472009040125316f,0f,0f,0f,1f],start_interpolation:0}
execute if entity @s[tag=aj.dino.bone.body_0] run data modify entity @s {} merge value {transformation:[-0.46263599101397757f,-0.0023048185108811015f,-0.8865453330936592f,0.15932195657918197f,-0.19146251950611579f,0.9766577776886731f,0.09737396420292493f,0.5297238409240089f,0.8656269655243448f,0.21478890355848035f,-0.4522783252216058f,-0.21258295488082457f,0f,0f,0f,1f],start_interpolation:0}
execute if entity @s[tag=aj.dino.bone.leg_left_3] run data modify entity @s {} merge value {transformation:[-0.520230614686768f,0.685623425766042f,-0.5091960580989063f,-0.07823840340747813f,-0.2210665809394206f,0.4677997118579381f,0.8557411970785237f,0.3710905149535654f,0.8249179803679771f,0.5577490005607066f,-0.09179530510407663f,-0.7572477619162795f,0f,0f,0f,1f],start_interpolation:0}
execute if entity @s[tag=aj.dino.bone.leg_left_2] run data modify entity @s {} merge value {transformation:[-0.5283557469821356f,0.088478178215449f,-0.8746850953979493f,-0.08546563544098443f,-0.42421630155642903f,0.8681704079948914f,0.3440681206919106f,0.5834349026285855f,0.7700278784728699f,0.5389934639328695f,-0.4106157713884258f,-0.64310443006518f,0f,0f,0f,1f],start_interpolation:0}
execute if entity @s[tag=aj.dino.bone.leg_left_1] run data modify entity @s {} merge value {transformation:[-0.3741069048643891f,0.7506331027959916f,0.5446044148918096f,0.09702471823210826f,-0.08511058305797148f,-0.6125585661982722f,0.7858296199741072f,0.3770394569210708f,0.9234718254415342f,0.24763268759188484f,0.29304921029018455f,-0.6097641171207641f,0f,0f,0f,1f],start_interpolation:0}
execute if entity @s[tag=aj.dino.bone.leg_left_0] run data modify entity @s {} merge value {transformation:[-0.380356749319964f,0.08223447085520713f,-0.9211765493378099f,0.1600759538295493f,-0.1423714833784057f,0.9789597597598342f,0.14617848505029818f,0.7329566992843468f,0.9138156838046623f,0.18674924517687344f,-0.36064610833680916f,-0.4008269570878724f,0f,0f,0f,1f],start_interpolation:0}
execute if entity @s[tag=aj.dino.bone.leg_right_3] run data modify entity @s {} merge value {transformation:[-0.6736569862136251f,-0.1272486443234271f,-0.7280069006839338f,0.10546405863680494f,-0.10574876142033049f,0.9915259477734024f,-0.07545524733325579f,0.043496704709971856f,0.7314393101164595f,0.02615487354025492f,-0.6814047682592567f,0.07454136124655097f,0f,0f,0f,1f],start_interpolation:0}
execute if entity @s[tag=aj.dino.bone.leg_right_2] run data modify entity @s {} merge value {transformation:[-0.7055541432615123f,-0.22300829851049234f,-0.7102977187226946f,0.03262434839811468f,0.01965901924293168f,0.9726798778510011f,-0.3249147237151048f,0.26015515309549464f,0.7442238059815168f,-0.2371146421457601f,-0.6648080719960975f,-0.0024298374029248226f,0f,0f,0f,1f],start_interpolation:0}
execute if entity @s[tag=aj.dino.bone.leg_right_1] run data modify entity @s {} merge value {transformation:[-0.41459763574789765f,0.5601775462862768f,-0.7171540399864877f,0.21458527208956626f,-0.22236818252640872f,0.7018218716557852f,0.6767558288374567f,0.41049703102857416f,0.8824178102419259f,0.44005360707788505f,-0.1664080258448703f,0.14351853582772978f,0f,0f,0f,1f],start_interpolation:0}
execute if entity @s[tag=aj.dino.bone.leg_right_0] run data modify entity @s {} merge value {transformation:[-0.4646566931753215f,-0.8477973504697636f,-0.25560479264643027f,-0.04345144605798593f,-0.19965273364609346f,0.38153285066394066f,-0.9025361321364864f,0.6569860564112777f,0.8626893667102994f,-0.3683372590448819f,-0.3465468513264638f,-0.0732013087135091f,0f,0f,0f,1f],start_interpolation:0}
execute if entity @s[tag=aj.dino.bone.tail_4] run data modify entity @s {} merge value {transformation:[-2.652500736831574f,-0.5860602383021098f,0.49642176603089483f,-0.7652921248531759f,-0.6655512864913684f,2.6446889625678986f,-0.43396210424554305f,1.1962174597605038f,-0.3833310028652033f,-0.5364839419337823f,-2.6815860332813397f,-1.6001196154771644f,0f,0f,0f,1f],start_interpolation:0}
execute if entity @s[tag=aj.dino.bone.tail_3] run data modify entity @s {} merge value {transformation:[-2.0341541736015136f,-0.42812578661717565f,-0.12194521268754918f,-0.7404251762321548f,-0.44365724277671303f,1.9965044083586148f,0.39125940804129844f,1.110336959787416f,0.03647704751965884f,0.40819601208547757f,-2.0415658124993685f,-1.2579400163988184f,0f,0f,0f,1f],start_interpolation:0}
execute if entity @s[tag=aj.dino.bone.tail_2] run data modify entity @s {} merge value {transformation:[-1.837791957663924f,-0.07026132772916256f,-0.6605739483012589f,-0.6190015869823515f,-0.18188325533886024f,1.9221727267868478f,0.3015698340798211f,1.0545986801906384f,0.6389155474520225f,0.3450930732792634f,-1.814241320497781f,-0.920121958665921f,0f,0f,0f,1f],start_interpolation:0}
execute if entity @s[tag=aj.dino.bone.tail_1] run data modify entity @s {} merge value {transformation:[-1.3564353654135233f,0.10538497119163338f,-0.6607823827119041f,-0.47680091275881914f,-0.020676234577468734f,1.4863092860486793f,0.279487834313345f,0.976307174414166f,0.6688137579170901f,0.2596824292331017f,-1.331506456299937f,-0.6374099402223224f,0f,0f,0f,1f],start_interpolation:0}
execute if entity @s[tag=aj.dino.bone.tail_0] run data modify entity @s {} merge value {transformation:[-0.963540249737979f,0.10741113920492029f,-0.8329998504763386f,-0.23078697360665018f,-0.27829238084875224f,1.1552788743589808f,0.47087130917630476f,0.866586570992382f,0.7924514208962175f,0.536310811207993f,-0.8474828469562191f,-0.37681361977943173f,0f,0f,0f,1f],start_interpolation:0}
execute if entity @s[tag=aj.dino.bone.body_1] run data modify entity @s {} merge value {transformation:[-0.6401166667653306f,0.41172915678489463f,-0.9743379031109756f,-0.031999939976460626f,-0.23893625484725992f,1.0531404314676844f,0.6020043959838456f,0.6556925f,1.0304196786285957f,0.49997892767346624f,-0.4656833181827354f,-0.30222590036261837f,0f,0f,0f,1f],start_interpolation:0}