execute if entity @s[tag=aj.dino.bone.head_lower] run data modify entity @s {} merge value {transformation:[-0.9961320804509991f,-0.05173109904656084f,0.07102655621525727f,0.1619399498617736f,-0.013447710141246221f,0.8885583152912455f,0.4585665485169412f,0.3817437117038846f,-0.08683338867233754f,0.45583770545910124f,-0.8858171080383699f,0.7928747142006755f,0f,0f,0f,1f],start_interpolation:0}
execute if entity @s[tag=aj.dino.bone.head_upper] run data modify entity @s {} merge value {transformation:[-1.0368734674864115f,-0.07556462303880392f,0.05153001796250426f,0.16347363472840165f,-0.013997715882810634f,0.7106402337576044f,0.7604383372098676f,0.4501192205903028f,-0.09038483808845754f,0.7568040621544313f,-0.7089077056527053f,0.7609702617363236f,0f,0f,0f,1f],start_interpolation:0}
execute if entity @s[tag=aj.dino.bone.neck_0] run data modify entity @s {} merge value {transformation:[-0.9972825152024883f,-0.026798550926552284f,-0.06862523252882574f,0.15979343616232253f,-0.03702261204401366f,0.9876333646676557f,0.15234717979891793f,0.4439510964974649f,0.06369388564718642f,0.15447386401421562f,-0.9859416383679519f,0.6946894452206344f,0f,0f,0f,1f],start_interpolation:0}
execute if entity @s[tag=aj.dino.bone.neck_1] run data modify entity @s {} merge value {transformation:[-0.9761382831156389f,-0.015145931354710707f,-0.21662098928647472f,0.141373019806764f,-0.07840953429990521f,0.9548460961494347f,0.28656740498363786f,0.47262597350596786f,0.20249937571983914f,0.2967145655871696f,-0.933249414359041f,0.6169978978401995f,0f,0f,0f,1f],start_interpolation:0}
execute if entity @s[tag=aj.dino.bone.neck_2] run data modify entity @s {} merge value {transformation:[-0.9761382831156389f,0.009535324476839947f,-0.2169403831082954f,0.12246077197981006f,-0.07840953429990521f,0.9161560927913515f,0.393077547784348f,0.5160322555194705f,0.20249937571983914f,0.40070823703588354f,-0.8935473751316545f,0.5426396302565826f,0f,0f,0f,1f],start_interpolation:0}
execute if entity @s[tag=aj.dino.bone.body_0] run data modify entity @s {} merge value {transformation:[-0.9761382831156389f,-0.06035923397149013f,-0.20859246177757124f,0.023576929813151494f,-0.07840953429990521f,0.9937566170001045f,0.07937084539917305f,0.5629062112881277f,0.20249937571983914f,0.09383255854383579f,-0.9747766173796913f,0.0841249383086774f,0f,0f,0f,1f],start_interpolation:0}
execute if entity @s[tag=aj.dino.bone.leg_left_3] run data modify entity @s {} merge value {transformation:[-0.9876779903241895f,-0.06494020184864928f,-0.1423901598181105f,0.2953041579704321f,-0.05817459049947482f,0.9969937568526572f,-0.05117778636325247f,0.042346769052143046f,0.14528559615250505f,-0.04226368394592431f,-0.9884866597834947f,-0.3943502622087686f,0f,0f,0f,1f],start_interpolation:0}
execute if entity @s[tag=aj.dino.bone.leg_left_2] run data modify entity @s {} merge value {transformation:[-0.997315713456589f,-0.16408147188144886f,-0.17464489050208848f,0.2501124817948189f,-0.1732202263420225f,1.010172406759886f,0.04010812022086942f,0.27878728083082266f,0.16558478305474703f,0.06849217989559543f,-1.0099270767805744f,-0.40933922015420937f,0f,0f,0f,1f],start_interpolation:0}
execute if entity @s[tag=aj.dino.bone.leg_left_1] run data modify entity @s {} merge value {transformation:[-0.9841734856751982f,0.03035481200756568f,0.17458847465372854f,0.2686998477161956f,0.17237302619301564f,0.3925476082032866f,0.9034345107061943f,0.3340825037486826f,-0.041110703411547614f,0.9192306351954685f,-0.39156729866415474f,-0.138026976032543f,0f,0f,0f,1f],start_interpolation:0}
execute if entity @s[tag=aj.dino.bone.leg_left_0] run data modify entity @s {} merge value {transformation:[-0.9924426196459869f,0.11336177023896643f,0.04697611902337891f,0.1939883274043252f,0.11462000494508574f,0.9930945625414693f,0.025008884760343353f,0.7352953377632172f,-0.04381667692328361f,0.03020428610074047f,-0.9985828958702154f,-0.04997171429783716f,0f,0f,0f,1f],start_interpolation:0}
execute if entity @s[tag=aj.dino.bone.leg_right_3] run data modify entity @s {} merge value {transformation:[-0.9947285779807863f,-0.030833696109203224f,0.09779744031705188f,-0.2867136295281161f,-0.02219634421068246f,0.9958547192618916f,0.08820827867893144f,0.13904313610507196f,-0.10011182973057142f,0.08557254996822544f,-0.9912895440989646f,-0.07388301693075808f,0f,0f,0f,1f],start_interpolation:0}
execute if entity @s[tag=aj.dino.bone.leg_right_2] run data modify entity @s {} merge value {transformation:[-1.0188401222623868f,0.08826285273705277f,0.07897261294762593f,-0.26211847279624645f,0.09240808748291549f,1.0202079047325407f,0.05194974484714395f,0.37831423732886504f,-0.07407935027258318f,0.05871711376294672f,-1.0213357674708332f,-0.09164506778373552f,0f,0f,0f,1f],start_interpolation:0}
execute if entity @s[tag=aj.dino.bone.leg_right_1] run data modify entity @s {} merge value {transformation:[-0.9841978905412443f,-0.006031168766367195f,-0.17696931162627044f,-0.2739720803361162f,-0.17706986409283842f,0.028551570682246563f,0.9837840571191019f,0.3303681326351907f,-0.0008806158686607253f,0.9995741257229944f,-0.029168333870887964f,0.18143742651562386f,0f,0f,0f,1f],start_interpolation:0}
execute if entity @s[tag=aj.dino.bone.leg_right_0] run data modify entity @s {} merge value {transformation:[-0.9893030377457108f,-0.0565486750498247f,0.13446838608839473f,-0.19208966601934374f,-0.13884395575495193f,0.6477526903626597f,-0.7490919890629277f,0.661821828301541f,-0.04474209938553619f,-0.7597491029794283f,-0.6486751460203553f,-0.05885613648436164f,0f,0f,0f,1f],start_interpolation:0}
execute if entity @s[tag=aj.dino.bone.tail_4] run data modify entity @s {} merge value {transformation:[-2.684355348383369f,0.24107269247253227f,-0.6014828776861804f,-0.2374119255021387f,-0.5990615039169991f,0.05391641269469497f,2.695158560561297f,1.8666317616219423f,0.24702835815004623f,2.7503887559736313f,-0.00011350556471359536f,-1.238139267659234f,0f,0f,0f,1f],start_interpolation:0}
execute if entity @s[tag=aj.dino.bone.tail_3] run data modify entity @s {} merge value {transformation:[-2.0240417387138403f,-0.0002738224585729626f,-0.48908127239750265f,-0.15447913570749522f,-0.4524559014136565f,0.7916741063856302f,1.8720259860907156f,1.5414581808221832f,0.18569928180974307f,1.9259277142053437f,-0.7695867348360226f,-1.1264925114971955f,0f,0f,0f,1f],start_interpolation:0}
execute if entity @s[tag=aj.dino.bone.tail_2] run data modify entity @s {} merge value {transformation:[-1.9196203844590458f,-0.10212489580424318f,-0.3512861514905687f,-0.09061956200760649f,-0.3407915119511678f,1.1814802615964872f,1.5187953818216302f,1.2591465766573287f,0.13301353297360116f,1.553205965774548f,-1.1784025216075413f,-0.9069621104820387f,0f,0f,0f,1f],start_interpolation:0}
execute if entity @s[tag=aj.dino.bone.tail_1] run data modify entity @s {} merge value {transformation:[-1.492853611426405f,-0.10907123228817457f,-0.21713546725093139f,-0.04113491851076356f,-0.2360818488291169f,0.9710405899341293f,1.1353421437407338f,1.0031891922585965f,0.057530040018821484f,1.154486850937471f,-0.9754520262462503f,-0.7112230892609797f,0f,0f,0f,1f],start_interpolation:0}
execute if entity @s[tag=aj.dino.bone.tail_0] run data modify entity @s {} merge value {transformation:[-1.255485105504739f,-0.2006464856061121f,-0.1316580960431175f,-0.007503319946132979f,-0.2379249477910907f,0.9489858613619216f,0.8225893694534391f,0.7857101790531834f,-0.031378107947887104f,0.8324677407161889f,-0.9694578854145872f,-0.40783603335059876f,0f,0f,0f,1f],start_interpolation:0}
execute if entity @s[tag=aj.dino.bone.body_1] run data modify entity @s {} merge value {transformation:[-1.2142589076378294f,-0.23042880155062995f,-0.03290087680253656f,0.0156666880637109f,-0.23108248814728533f,1.1723960032353955f,0.3173217457496107f,0.6329681274164877f,-0.02794251152088882f,0.31779674962129695f,-1.1944994922712584f,-0.1515375f,0f,0f,0f,1f],start_interpolation:0}