execute if entity @s[tag=aj.dino.bone.head_lower] run data modify entity @s {} merge value {transformation:[-0.937671328758726f,-0.14097001824307948f,-0.3176474983065205f,0.447634085122164f,-0.10055411775037355f,0.9849891604898622f,-0.1403040381490152f,1.2123688202065277f,0.33265800550608876f,-0.09961830993357657f,-0.9377712107431581f,0.44084140761280366f,0f,0f,0f,1f],start_interpolation:0}
execute if entity @s[tag=aj.dino.bone.head_upper] run data modify entity @s {} merge value {transformation:[-0.9760216954085711f,-0.3014078629456791f,-0.200017231332214f,0.4267744052057204f,-0.10466673926881478f,0.7862394693128993f,-0.6740506755199575f,1.1835238503442636f,0.34626357932378554f,-0.6119254363340323f,-0.7675420096547102f,0.37429594977212566f,0f,0f,0f,1f],start_interpolation:0}
execute if entity @s[tag=aj.dino.bone.neck_0] run data modify entity @s {} merge value {transformation:[-0.9140419407459884f,-0.3474629053153555f,-0.2092769934491587f,0.41917748666325433f,0.10787958142788417f,0.28911576451251686f,-0.951196126264866f,1.117289975787395f,0.39101064751263653f,-0.8920098677369858f,-0.2267797817081441f,0.3739845912311821f,0f,0f,0f,1f],start_interpolation:0}
execute if entity @s[tag=aj.dino.bone.neck_1] run data modify entity @s {} merge value {transformation:[-0.8347086453378185f,-0.3058435944986483f,-0.45795324335836973f,0.3789738531050754f,0.2972049734654774f,0.44989692033971584f,-0.8421769201398386f,1.048019155954364f,0.4636061703058842f,-0.8390783376854545f,-0.2846346115308638f,0.34600677478831693f,0f,0f,0f,1f],start_interpolation:0}
execute if entity @s[tag=aj.dino.bone.neck_2] run data modify entity @s {} merge value {transformation:[-0.8347086453378185f,-0.10731151807587659f,-0.5401349048955776f,0.33060333759277444f,0.2972049734654774f,0.7379377108994978f,-0.6059019215845036f,1.002162474759925f,0.4636061703058842f,-0.6662823522506505f,-0.5840694701263297f,0.2883145880292204f,0f,0f,0f,1f],start_interpolation:0}
execute if entity @s[tag=aj.dino.bone.body_0] run data modify entity @s {} merge value {transformation:[-0.8347086453378185f,-0.011887773059215206f,-0.5505634915702242f,0.07101158273071584f,0.2972049734654774f,0.8319405434619472f,-0.4685553712120102f,0.7892593589925009f,0.4636061703058842f,-0.5547374270733249f,-0.690894858758103f,-0.04258613546241044f,0f,0f,0f,1f],start_interpolation:0}
execute if entity @s[tag=aj.dino.bone.leg_left_3] run data modify entity @s {} merge value {transformation:[-0.8634277452295559f,0.042755450290237626f,-0.5026574382601781f,0.1797456197498567f,0.037146385775613106f,0.9990854915511731f,0.02117372418259128f,0.06138611152604384f,0.5031030458977712f,-0.0003899261855068725f,-0.864226343712083f,-0.2669297287573313f,0f,0f,0f,1f],start_interpolation:0}
execute if entity @s[tag=aj.dino.bone.leg_left_2] run data modify entity @s {} merge value {transformation:[-0.8494084213084632f,-0.024593276631202345f,-0.5744238017835788f,0.15494294049934365f,0.09388266015542f,1.0050753136194774f,-0.18185670066166265f,0.29019316873725143f,0.5672332672129702f,-0.20317722362003304f,-0.8300768855170279f,-0.339063144996679f,0f,0f,0f,1f],start_interpolation:0}
execute if entity @s[tag=aj.dino.bone.leg_left_1] run data modify entity @s {} merge value {transformation:[-0.9355433420802685f,0.35099587170597235f,-0.039503836961066935f,0.2710246159660093f,0.2771779412892357f,0.7988710011746877f,0.5338328505673039f,0.4733887905797387f,0.21893159651348404f,0.4884741769300778f,-0.8446667594504595f,-0.16592217809871534f,0f,0f,0f,1f],start_interpolation:0}
execute if entity @s[tag=aj.dino.bone.leg_left_0] run data modify entity @s {} merge value {transformation:[-0.9422577212622475f,0.08266065187786928f,-0.3245267375006296f,0.22033677363826382f,0.22631569091389475f,0.8714587174453409f,-0.43513321159696394f,0.8772893668719817f,0.24684325951470354f,-0.4834531212223657f,-0.8398461078153006f,-0.25867100922560715f,0f,0f,0f,1f],start_interpolation:0}
execute if entity @s[tag=aj.dino.bone.leg_right_3] run data modify entity @s {} merge value {transformation:[-0.7499839354753143f,0.6364018613750662f,0.1803240620863187f,-0.63649728151975f,0.39265114905021214f,0.2089517664513606f,0.8956362176946648f,0.5617773706696143f,0.5323055247491874f,0.7425172254804646f,-0.40659439025432387f,-0.40924879161214284f,0f,0f,0f,1f],start_interpolation:0}
execute if entity @s[tag=aj.dino.bone.leg_right_2] run data modify entity @s {} merge value {transformation:[-0.6759010754896365f,0.7254340141412254f,-0.26261269348528327f,-0.4744669963600685f,0.4770603228189736f,0.6673746493618513f,0.6157001910684272f,0.7356292251330718f,0.6063277859743061f,0.28358203048992525f,-0.7771808331652306f,-0.3681052446490444f,0f,0f,0f,1f],start_interpolation:0}
execute if entity @s[tag=aj.dino.bone.leg_right_1] run data modify entity @s {} merge value {transformation:[-0.8235265542122502f,0.46690916905822194f,0.32217982922066735f,-0.3811106220372207f,0.10538366387129015f,-0.43213496161445364f,0.8956303134326897f,0.5728295685999674f,0.5574031735614363f,0.7715278366979609f,0.3066700169625388f,-0.16366883677177518f,0f,0f,0f,1f],start_interpolation:0}
execute if entity @s[tag=aj.dino.bone.leg_right_0] run data modify entity @s {} merge value {transformation:[-0.8109070980064554f,0.2318768177088151f,-0.5372735055928048f,-0.1520420964558632f,0.16220279931104392f,0.971231993411178f,0.1743521346878512f,0.9211132289219076f,0.5622454359960694f,0.05423611696814529f,-0.8251899861957896f,-0.14057379173636936f,0f,0f,0f,1f],start_interpolation:0}
execute if entity @s[tag=aj.dino.bone.tail_4] run data modify entity @s {} merge value {transformation:[-2.5323669070371713f,-0.41729767489470165f,-1.0191377876766545f,-0.44961247659916104f,0.30340617187391816f,2.1922552250130756f,-1.651551711231496f,0.491430372864968f,1.0586424677915598f,-1.6265119152746303f,-1.9645346641018713f,-1.800280820942805f,0f,0f,0f,1f],start_interpolation:0}
execute if entity @s[tag=aj.dino.bone.tail_3] run data modify entity @s {} merge value {transformation:[-1.941281446132217f,-0.09133345663818301f,-0.7476831365262788f,-0.3219392770464566f,0.24776120992228864f,1.8744901965406928f,-0.8722651041828526f,0.6209909425707635f,0.7113271088641964f,-0.9021586494712562f,-1.7366833451794106f,-1.496975172580875f,0f,0f,0f,1f],start_interpolation:0}
execute if entity @s[tag=aj.dino.bone.tail_2] run data modify entity @s {} merge value {transformation:[-1.926819371394576f,0.19193369334348978f,-0.2632535704998407f,-0.27438011904187454f,0.3073028422286266f,1.5951118851069308f,-1.0862582161491794f,0.8235307674493298f,0.10819403024009779f,-1.1124537771758956f,-1.602970530131563f,-1.1991711601881683f,0f,0f,0f,1f],start_interpolation:0}
execute if entity @s[tag=aj.dino.bone.tail_1] run data modify entity @s {} merge value {transformation:[-1.4812013644574635f,0.24619664371895364f,-0.18189552097528786f,-0.2368326338118499f,0.2869148040141291f,1.429850789246079f,-0.401077131895972f,0.8920855322842028f,0.10667081684735837f,-0.42728232249168424f,-1.4469648937411128f,-0.8826792841942266f,0f,0f,0f,1f],start_interpolation:0}
execute if entity @s[tag=aj.dino.bone.tail_0] run data modify entity @s {} merge value {transformation:[-1.148368734763274f,0.10846021226965409f,-0.5507461738011862f,-0.07327446316814437f,0.1187966353002196f,1.2726800463930312f,0.0029284020225919323f,0.9219418217507976f,0.548609446731982f,-0.04855510736761756f,-1.1534755277373576f,-0.5467786469579262f,0f,0f,0f,1f],start_interpolation:0}
execute if entity @s[tag=aj.dino.bone.body_1] run data modify entity @s {} merge value {transformation:[-1.1711736170668343f,0.16122470450530352f,-0.36188886194523257f,3.3866076421921116e-17f,0.1378309972794002f,1.2246235271792345f,0.09952099238003338f,0.8163175f,0.37142909139135016f,0.0539296429852661f,-1.1780223337152518f,-0.2765375f,0f,0f,0f,1f],start_interpolation:0}