execute if entity @s[tag=aj.dino.bone.head_lower] run data modify entity @s {} merge value {transformation:[-0.7535188638181142f,0.1410572596163504f,-0.6421153879014143f,0.7785056715267514f,-0.6284088496269217f,0.13243418024993187f,0.7665269112119268f,0.45840586007162704f,0.19316221054033092f,0.9811034794612923f,-0.01115002278557542f,0.3575731731385542f,0f,0f,0f,1f],start_interpolation:0}
execute if entity @s[tag=aj.dino.bone.head_upper] run data modify entity @s {} merge value {transformation:[-0.7843374713820819f,-0.08271953688440875f,-0.6792968068430014f,0.729575813168643f,-0.6541105097396421f,0.3942155975062722f,0.7072520387488644f,0.5158109047788709f,0.20106246446717607f,0.959803877614541f,-0.34903057814750854f,0.35512648251413054f,0f,0f,0f,1f],start_interpolation:0}
execute if entity @s[tag=aj.dino.bone.neck_0] run data modify entity @s {} merge value {transformation:[-0.8533451812228174f,-0.17114446634897074f,-0.4924546408776376f,0.700786505483444f,-0.401086797560127f,0.8189622354278077f,0.4104025313835792f,0.5291846104991564f,0.33306363131803896f,0.5477320773710574f,-0.767501263133832f,0.29650007197578154f,0f,0f,0f,1f],start_interpolation:0}
execute if entity @s[tag=aj.dino.bone.neck_1] run data modify entity @s {} merge value {transformation:[-0.7158630174843109f,-0.04587702265353584f,-0.6967319706965542f,0.6415528132495935f,-0.3801095109195103f,0.8626299467889985f,0.3337459132503951f,0.5614312981026899f,0.5857105939854493f,0.5037508051559387f,-0.634963169323982f,0.24503107463294568f,0f,0f,0f,1f],start_interpolation:0}
execute if entity @s[tag=aj.dino.bone.neck_2] run data modify entity @s {} merge value {transformation:[-0.7514452541169483f,0.1628789719676015f,-0.6393750625070485f,0.5871334493959275f,-0.2329205743619545f,0.8411726306125368f,0.48803341232673997f,0.6124222910596957f,0.6173151837627292f,0.515653998335281f,-0.5941573174646814f,0.19802701237060996f,0f,0f,0f,1f],start_interpolation:0}
execute if entity @s[tag=aj.dino.bone.body_0] run data modify entity @s {} merge value {transformation:[-0.8114453535300005f,0.06331773851829586f,-0.5809882117767117f,0.3139190644979173f,-0.10778076108214588f,0.9608490862434065f,0.25524956612257765f,0.7418737429952198f,0.574403817688502f,0.2697404260657633f,-0.7728520924282568f,-0.16364566586167187f,0f,0f,0f,1f],start_interpolation:0}
execute if entity @s[tag=aj.dino.bone.leg_left_3] run data modify entity @s {} merge value {transformation:[-0.0515852705807874f,0.7947912265860906f,-0.6046865849354396f,0.1975701376901912f,-0.3239948413995631f,0.5594230543176087f,0.7629372117313651f,0.4246235896265042f,0.9446514185696114f,0.23527165668591554f,0.22865026777742026f,-0.7334545780361739f,0f,0f,0f,1f],start_interpolation:0}
execute if entity @s[tag=aj.dino.bone.leg_left_2] run data modify entity @s {} merge value {transformation:[-0.07250688558021905f,0.1410890472157427f,-1.0133601688441802f,0.1990279359445507f,-0.6140792313457316f,0.8065724737766616f,0.15623617275242704f,0.6165101905294215f,0.8183591196253553f,0.6177353193741192f,0.02745224989801225f,-0.5873433899491907f,0f,0f,0f,1f],start_interpolation:0}
execute if entity @s[tag=aj.dino.bone.leg_left_1] run data modify entity @s {} merge value {transformation:[-0.2637004023064932f,0.909015916646278f,-0.32272613948535495f,0.46834709628991467f,-0.27564916872694156f,0.24960343282565917f,0.9282864116757247f,0.6405765383955682f,0.92438067569781f,0.3337486922901329f,0.18474895612989733f,-0.5248823106195841f,0f,0f,0f,1f],start_interpolation:0}
execute if entity @s[tag=aj.dino.bone.leg_left_0] run data modify entity @s {} merge value {transformation:[-0.2338544299869648f,-0.5302641549547441f,-0.8149429621425066f,0.29929803597580645f,-0.32519350065026975f,0.8325694606111054f,-0.44841641405345106f,0.9661621883114486f,0.9162757732856931f,0.1601499897841534f,-0.3671385134548553f,-0.325574311933571f,0f,0f,0f,1f],start_interpolation:0}
execute if entity @s[tag=aj.dino.bone.leg_right_3] run data modify entity @s {} merge value {transformation:[-0.8556870667823651f,-0.09676211645157443f,-0.5083667343180555f,0.05521795076204061f,-0.16982006947786443f,0.9804673912730056f,0.09922116030787222f,0.07646705028413706f,0.48883615633863f,0.17123313776871352f,-0.8554054154527874f,-0.11756591085341865f,0f,0f,0f,1f],start_interpolation:0}
execute if entity @s[tag=aj.dino.bone.leg_right_2] run data modify entity @s {} merge value {transformation:[-0.8758007269077709f,-0.009757413702617066f,-0.533797788611334f,0.03780546740587035f,-0.038255233437956795f,1.0240403478045426f,0.04404659673179645f,0.3165899539863025f,0.5325146226753982f,0.0575183313986253f,-0.8747468306262626f,-0.13201819811278648f,0f,0f,0f,1f],start_interpolation:0}
execute if entity @s[tag=aj.dino.bone.leg_right_1] run data modify entity @s {} merge value {transformation:[-0.6375805045536148f,0.4419440874131538f,-0.63101230084184f,0.178636577107815f,-0.31478722310359714f,0.5981357724917375f,0.7369820905805236f,0.43372880093774335f,0.70313590747727f,0.6685200230855229f,-0.24224135557300813f,0.07644876506068972f,0f,0f,0f,1f],start_interpolation:0}
execute if entity @s[tag=aj.dino.bone.leg_right_0] run data modify entity @s {} merge value {transformation:[-0.6680987726938836f,-0.5113412160646305f,-0.540531396570515f,0.09955363345010175f,-0.2656536755491997f,0.8424943667558751f,-0.4686484467613413f,0.8335594301702153f,0.6950339233390891f,-0.1695092998574476f,-0.6987091259384777f,-0.014042309164615047f,0f,0f,0f,1f],start_interpolation:0}
execute if entity @s[tag=aj.dino.bone.tail_4] run data modify entity @s {} merge value {transformation:[1.1665587270529751f,-0.38354711738511627f,-2.4733971934734043f,-1.4417098728946813f,-1.8238366513574436f,1.7386261431093268f,-1.1298054413314076f,1.157833309952906f,1.7141825856955302f,2.110860505775396f,0.4811520753938743f,0.03540200321960489f,0f,0f,0f,1f],start_interpolation:0}
execute if entity @s[tag=aj.dino.bone.tail_3] run data modify entity @s {} merge value {transformation:[0.6540817920950516f,0.34378194411237634f,-1.9467759270641514f,-1.1149727932843594f,-1.443578057547369f,1.4840216182087378f,-0.222952359263881f,1.1811154744881718f,1.3506313068568851f,1.4196616983055792f,0.7044865231831113f,-0.09794538167052592f,0f,0f,0f,1f],start_interpolation:0}
execute if entity @s[tag=aj.dino.bone.tail_2] run data modify entity @s {} merge value {transformation:[0.6293668338202528f,0.16311145894379703f,-1.8428418042390597f,-0.7718883318906287f,-1.061936183452622f,1.6257934381986494f,-0.21877182996691258f,1.2213862986975996f,1.51491346477742f,1.0718974872972784f,0.6122473731790378f,-0.21038557482585457f,0f,0f,0f,1f],start_interpolation:0}
execute if entity @s[tag=aj.dino.bone.tail_1] run data modify entity @s {} merge value {transformation:[0.2064733105608114f,0.2487462903649653f,-1.4775487487916354f,-0.45717425142827633f,-0.7533500589059627f,1.306510164950973f,0.11467836599012413f,1.1814577862177202f,1.2951790265335688f,0.7202865554135043f,0.30224959440520016f,-0.28546845202637383f,0f,0f,0f,1f],start_interpolation:0}
execute if entity @s[tag=aj.dino.bone.tail_0] run data modify entity @s {} merge value {transformation:[-0.2163192079461362f,0.44211155248005113f,-1.1796521063522343f,-0.10178354897235098f,-0.7184062697629839f,0.9399289734202061f,0.48400586057867107f,1.0627021848789553f,1.034859482452965f,0.7449205438655484f,0.08941449260754576f,-0.2936211852694969f,0f,0f,0f,1f],start_interpolation:0}
execute if entity @s[tag=aj.dino.bone.body_1] run data modify entity @s {} merge value {transformation:[-0.6282187126668894f,0.314950344798711f,-1.0172276659738366f,0.11349349351113852f,-0.41705065554887993f,1.0139371978060208f,0.5714933986213437f,0.8615421093750002f,0.979803344971661f,0.6335157727102758f,-0.40895936957832f,-0.2412156434839546f,0f,0f,0f,1f],start_interpolation:0}