execute if entity @s[tag=aj.dino.bone.head_lower] run data modify entity @s {} merge value {transformation:[-0.9932951438436424f,0.045456367594638135f,-0.10629428894225187f,0.45406335867251807f,0.05023075610209763f,0.9978253562553621f,-0.04267820937283051f,0.2191161476800223f,0.10412314035818068f,-0.04773130062087888f,-0.9934183884864374f,0.7183502384327533f,0f,0f,0f,1f],start_interpolation:0}
execute if entity @s[tag=aj.dino.bone.head_upper] run data modify entity @s {} merge value {transformation:[-1.0339205013538708f,0.11295696006428016f,-0.04148571605630206f,0.4534189028893897f,0.05228517309719172f,0.7449064439782405f,0.7251569436869486f,0.28584946504388165f,0.10838173341418847f,0.718211011803799f,-0.7455858669324457f,0.6831123962434976f,0f,0f,0f,1f],start_interpolation:0}
execute if entity @s[tag=aj.dino.bone.neck_0] run data modify entity @s {} merge value {transformation:[-0.9360824330371259f,0.05573877682734373f,-0.3473368211363233f,0.43035717955623615f,0.021444594371546805f,0.994572700036305f,0.10180998828569739f,0.27628198075020477f,0.35112648423543125f,0.08785404430238616f,-0.9321973283421167f,0.6212952755123262f,0f,0f,0f,1f],start_interpolation:0}
execute if entity @s[tag=aj.dino.bone.neck_1] run data modify entity @s {} merge value {transformation:[-0.8767229881625669f,0.041442580087641595f,-0.47920696424716025f,0.3899529808792372f,0.0025398443473414814f,0.9966662964990392f,0.08154656714773956f,0.28778156233099617f,0.4809889304526571f,0.07027663892481603f,-0.8739055113703313f,0.5475877643803693f,0f,0f,0f,1f],start_interpolation:0}
execute if entity @s[tag=aj.dino.bone.neck_2] run data modify entity @s {} merge value {transformation:[-0.8352423859361808f,-0.0006132812892034115f,-0.5498816060041439f,0.341773223674107f,-0.2741050956531209f,0.8673650760276076f,0.41538442607374687f,0.3326643996357348f,0.47669335350162967f,0.4976720293262252f,-0.7246281791054551f,0.4889774213915101f,0f,0f,0f,1f],start_interpolation:0}
execute if entity @s[tag=aj.dino.bone.body_0] run data modify entity @s {} merge value {transformation:[-0.8252018379269838f,-0.05376025864147613f,-0.5622737422934934f,0.07626358379383384f,-0.2955598028276343f,0.8893993799707149f,0.3487307641436267f,0.5054925418797065f,0.4813380616930456f,0.4539587839204233f,-0.7498233744469911f,0.13991300171761933f,0f,0f,0f,1f],start_interpolation:0}
execute if entity @s[tag=aj.dino.bone.leg_left_3] run data modify entity @s {} merge value {transformation:[-0.15482477346050888f,0.010609048370624763f,-0.9878849819769365f,0.23243786231230096f,0.0011183534495117719f,0.9999435816589819f,0.010563275276604889f,0.020696943129518558f,0.9879413134434981f,0.0005306521243866047f,-0.15482790316948325f,-0.25789514264289554f,0f,0f,0f,1f],start_interpolation:0}
execute if entity @s[tag=aj.dino.bone.leg_left_2] run data modify entity @s {} merge value {transformation:[-0.258652836239913f,0.22666120482585236f,-0.9663258291242329f,0.25500719524509224f,-0.3285349086500674f,0.922756848347474f,0.30437938847238577f,0.24468722923339412f,0.9366032904085033f,0.38627282658171125f,-0.16009303339381958f,-0.17135007341253194f,0f,0f,0f,1f],start_interpolation:0}
execute if entity @s[tag=aj.dino.bone.leg_left_1] run data modify entity @s {} merge value {transformation:[-0.5350882276589909f,0.6535639814006695f,-0.5352893711222608f,0.4716064625103895f,-0.050679400440954245f,0.6076565128105321f,0.7925813275682752f,0.3687422849981543f,0.8432746806300457f,0.4512290822350101f,-0.2920276157380416f,-0.050071525354335594f,0f,0f,0f,1f],start_interpolation:0}
execute if entity @s[tag=aj.dino.bone.leg_left_0] run data modify entity @s {} merge value {transformation:[-0.4966589655106562f,-0.6808638529239531f,-0.538288292422782f,0.1903478854556626f,-0.0898452999510814f,0.6571848912130362f,-0.7483554241388313f,0.677248422138534f,0.8632830903328208f,-0.32331475769420004f,-0.38756918531090134f,-0.04508607208260781f,0f,0f,0f,1f],start_interpolation:0}
execute if entity @s[tag=aj.dino.bone.leg_right_3] run data modify entity @s {} merge value {transformation:[-0.982478091301312f,0.10067496690020557f,0.1568481786715204f,-0.35803427348596595f,0.08773325666062534f,0.9923048330083667f,-0.0873727306655688f,0.03385033832407844f,-0.16443745251204628f,-0.07208099213995153f,-0.983750301033483f,0.152785990863064f,0f,0f,0f,1f],start_interpolation:0}
execute if entity @s[tag=aj.dino.bone.leg_right_2] run data modify entity @s {} merge value {transformation:[-0.9754248871083118f,0.31664667258096046f,0.01853034953360253f,-0.28213847006820436f,0.3159509218358231f,0.9752478427522134f,-0.0335985073915746f,0.25965069070412594f,-0.02799114326934443f,-0.026243655447635586f,-1.0249829100760242f,0.11503549477844977f,0f,0f,0f,1f],start_interpolation:0}
execute if entity @s[tag=aj.dino.bone.leg_right_1] run data modify entity @s {} merge value {transformation:[-0.9804277966042826f,0.1690048793439058f,-0.1009885459031044f,-0.25039490432203837f,-0.01893480864924903f,0.4296269335042212f,0.9028079369551287f,0.3281082567007092f,0.19596634575122304f,0.887050195178216f,-0.418018112726232f,0.3820922178754501f,0f,0f,0f,1f],start_interpolation:0}
execute if entity @s[tag=aj.dino.bone.leg_right_0] run data modify entity @s {} merge value {transformation:[-0.9891674466429765f,-0.12203330807820731f,-0.08158207046467786f,-0.17665179364422368f,0.010696874729206475f,0.4943662412014658f,-0.869187894779582f,0.5917260511639588f,0.14640129566654106f,-0.8606450437200133f,-0.4877056175064365f,0.06685438601774848f,0f,0f,0f,1f],start_interpolation:0}
execute if entity @s[tag=aj.dino.bone.tail_4] run data modify entity @s {} merge value {transformation:[-0.33000509669534134f,0.029395563618027608f,2.7415130619048087f,0.5830453101449834f,0.5097695925606037f,2.7138082683776443f,0.032264168759285346f,0.44322999018739906f,-2.693862084490536f,0.5099430506681213f,-0.32973699583091287f,-1.4120006258637f,0f,0f,0f,1f],start_interpolation:0}
execute if entity @s[tag=aj.dino.bone.tail_3] run data modify entity @s {} merge value {transformation:[-1.0745998848126133f,0.004277358921835151f,1.7835813179683782f,0.2805739719939278f,0.12706774507036264f,2.0771798546040516f,0.07157629380087863f,0.4107664602020308f,-1.7790543560464636f,0.14577750811490145f,-1.0722220117141592f,-1.231617943067472f,0f,0f,0f,1f],start_interpolation:0}
execute if entity @s[tag=aj.dino.bone.tail_2] run data modify entity @s {} merge value {transformation:[-1.4266821533705132f,0.436638271267412f,1.2620217622218162f,0.04501582917773604f,0.14325421284848622f,1.8861430609564083f,-0.4906286366590608f,0.5025279939590829f,-1.3277161363627443f,-0.26567884498652494f,-1.409027497095564f,-0.970727800968004f,0f,0f,0f,1f],start_interpolation:0}
execute if entity @s[tag=aj.dino.bone.tail_1] run data modify entity @s {} merge value {transformation:[-1.3740215073865534f,0.34016959870417046f,0.5329219373948002f,-0.07250854631635198f,0.15708193498160924f,1.4186141775944745f,-0.5005150655378792f,0.5927420873264516f,-0.6124103305314317f,-0.3993428467437442f,-1.3240600922212653f,-0.68033820831452f,0f,0f,0f,1f],start_interpolation:0}
execute if entity @s[tag=aj.dino.bone.tail_0] run data modify entity @s {} merge value {transformation:[-1.2646140936644132f,-0.13713188332785137f,0.12562546423523757f,-0.11252846339704319f,-0.1624483290716698f,1.2348651037962541f,-0.2873228713348753f,0.7065040030090666f,-0.09053977618254251f,-0.30023114193109846f,-1.239152745599828f,-0.32547408773051745f,0f,0f,0f,1f],start_interpolation:0}
execute if entity @s[tag=aj.dino.bone.body_1] run data modify entity @s {} merge value {transformation:[-1.1542554536596954f,-0.17143693292452503f,-0.40854414789901594f,-0.006000177768764362f,-0.2689775188616551f,1.177071087871344f,0.26600628470141263f,0.5653771771240235f,0.3520653875349422f,0.33722044300880244f,-1.1361940550685294f,-0.0840390753902526f,0f,0f,0f,1f],start_interpolation:0}