execute if entity @s[tag=aj.dino.bone.head_lower] run data modify entity @s {} merge value {transformation:[-0.9645945232860362f,0.23481818086859835f,-0.120074258607524f,0.1928529015210157f,0.16316042356100824f,0.8890089774061919f,0.42783374606801317f,0.8317971603025062f,0.2072102358233702f,0.39309472144097646f,-0.8958462246084782f,0.8198611320273763f,0f,0f,0f,1f],start_interpolation:0}
execute if entity @s[tag=aj.dino.bone.head_upper] run data modify entity @s {} merge value {transformation:[-1.0040460373740505f,0.1536399541413664f,-0.22750442173376006f,0.18030760600541457f,0.16983361690114368f,1.025364030402038f,-0.05707092352039939f,0.8509398406670761f,0.2156850481309478f,-0.09217001807873614f,-1.0141284880939017f,0.7479470872191262f,0f,0f,0f,1f],start_interpolation:0}
execute if entity @s[tag=aj.dino.bone.neck_0] run data modify entity @s {} merge value {transformation:[-0.9674979575325567f,0.04910509631346928f,-0.24806529722308163f,0.16378279375684232f,0.15811200454944174f,0.8830378718745776f,-0.4418650369202958f,0.8079835685848613f,0.19735322695027874f,-0.4667256221285284f,-0.8621014426742653f,0.6997140536918323f,0f,0f,0f,1f],start_interpolation:0}
execute if entity @s[tag=aj.dino.bone.neck_1] run data modify entity @s {} merge value {transformation:[-0.9699880921393432f,0.11916338054863146f,-0.211950913760944f,0.14637674030431225f,0.15620351416811198f,0.9734027395348789f,-0.16759346296179142f,0.798270547353491f,0.18634259649744478f,-0.19567114095393562f,-0.9628028050064952f,0.6172505868334843f,0f,0f,0f,1f],start_interpolation:0}
execute if entity @s[tag=aj.dino.bone.neck_2] run data modify entity @s {} merge value {transformation:[-0.9699880921393432f,0.16110425858130653f,-0.18212226380880672f,0.13199877545935482f,0.15620351416811198f,0.9868720442700204f,0.041036939455124266f,0.811527785135237f,0.18634259649744478f,0.011357204994126124f,-0.9824191827449785f,0.5312944924162992f,0f,0f,0f,1f],start_interpolation:0}
execute if entity @s[tag=aj.dino.bone.body_0] run data modify entity @s {} merge value {transformation:[-0.9699880921393432f,0.10701102763878088f,-0.21833859272141778f,0.03011602928151725f,0.15620351416811198f,0.96239225930352f,-0.22226471018629776f,0.7159432499772882f,0.18634259649744478f,-0.24969937764511657f,-0.9502245300634118f,0.08107853604310925f,0f,0f,0f,1f],start_interpolation:0}
execute if entity @s[tag=aj.dino.bone.leg_left_3] run data modify entity @s {} merge value {transformation:[-0.9846111570373852f,-0.015728058056594933f,-0.17405027327548164f,0.32862564251198056f,-0.005541472701082014f,0.9982509498557997f,-0.0588585863939734f,0.038401800523189145f,0.17467158188384468f,-0.056988326012983204f,-0.9829761793555493f,-0.08156066205432824f,0f,0f,0f,1f],start_interpolation:0}
execute if entity @s[tag=aj.dino.bone.leg_left_2] run data modify entity @s {} merge value {transformation:[-1.0026681061771299f,-0.12591734411153718f,-0.1756806500664166f,0.29228965591205297f,-0.05572766481732504f,0.9560917331746566f,-0.3672127784129844f,0.24983042100726752f,0.20883796525026266f,-0.3494218363349269f,-0.9414633737236683f,-0.19178183326941314f,0f,0f,0f,1f],start_interpolation:0}
execute if entity @s[tag=aj.dino.bone.leg_left_1] run data modify entity @s {} merge value {transformation:[-0.9779451065505035f,0.04200610326362724f,0.20459436908803152f,0.3123268713831533f,0.166155904182624f,0.7500016161100942f,0.6402263594522657f,0.4163181186181394f,-0.12655269289580076f,0.6601007976974822f,-0.7404399724487927f,0.029337460778304958f,0f,0f,0f,1f],start_interpolation:0}
execute if entity @s[tag=aj.dino.bone.leg_left_0] run data modify entity @s {} merge value {transformation:[-0.9879823555308576f,0.14392173497320307f,0.05636842522193632f,0.24936821399597353f,0.11236365431727771f,0.9191822672883692f,-0.37746306930755535f,0.8210119572980835f,-0.1061379967220281f,-0.36659309009433905f,-0.9243074336750292f,-0.0516957605506545f,0f,0f,0f,1f],start_interpolation:0}
execute if entity @s[tag=aj.dino.bone.leg_right_3] run data modify entity @s {} merge value {transformation:[-0.9856986692949229f,0.15665647069211422f,0.06210381260847948f,-0.28538232019921606f,0.1675735472853348f,0.9501397083244391f,0.2629707985981687f,0.3572659158065401f,-0.01781122119418049f,0.2696169224203848f,-0.9628029266387447f,-0.1152716887530964f,0f,0f,0f,1f],start_interpolation:0}
execute if entity @s[tag=aj.dino.bone.leg_right_2] run data modify entity @s {} merge value {transformation:[-1.0000463573265617f,0.2271532407938976f,0.019258449973945962f,-0.23028660701334228f,0.22796705584352317f,0.9967365264734929f,0.08129894060986005f,0.5917625912051635f,-0.0007100342282918537f,0.08354580474852827f,-1.0222924209153708f,-0.12738959622708632f,0f,0f,0f,1f],start_interpolation:0}
execute if entity @s[tag=aj.dino.bone.leg_right_1] run data modify entity @s {} merge value {transformation:[-0.9930110122770802f,0.05801203150145194f,-0.10278002577117201f,-0.22885191872995667f,-0.10331093716240743f,-0.006220022654866431f,0.9946296605173193f,0.5352638762100075f,0.05706119310944469f,0.9982965068151083f,0.012169828334005539f,0.14430733517478153f,0f,0f,0f,1f],start_interpolation:0}
execute if entity @s[tag=aj.dino.bone.leg_right_0] run data modify entity @s {} merge value {transformation:[-0.9980829192747623f,-0.057379876782190614f,0.023195602868401412f,-0.13721667500614837f,-0.05864847586448431f,0.7571414439118302f,-0.65061293423193f,0.8923255615504776f,0.01976973775094075f,-0.6507260434711133f,-0.759055184961996f,-0.05169576055065456f,0f,0f,0f,1f],start_interpolation:0}
execute if entity @s[tag=aj.dino.bone.tail_4] run data modify entity @s {} merge value {transformation:[-2.704431712756725f,-0.06923902700545226f,0.554000360807706f,0.24700752863333258f,0.5500131866134508f,0.14024055958773043f,2.702495034518628f,1.8055306180138366f,-0.09589544925098059f,2.757027361885598f,-0.12355371393484711f,-1.4435223519317915f,0f,0f,0f,1f],start_interpolation:0}
execute if entity @s[tag=aj.dino.bone.tail_3] run data modify entity @s {} merge value {transformation:[-2.0392908555360485f,0.14104325365419382f,0.3966675348073447f,0.17836715426768987f,0.4147403155325846f,1.0100404326457124f,1.7730635412012845f,1.4950005248625433f,-0.07231046427336332f,1.8154532907965286f,-1.017273843041818f,-1.2887959363164896f,0f,0f,0f,1f],start_interpolation:0}
execute if entity @s[tag=aj.dino.bone.tail_2] run data modify entity @s {} merge value {transformation:[-1.9224600937494982f,0.2350145543356837f,0.2601715245637916f,0.12863620499217562f,0.3483940635768682f,1.4430029363921524f,1.2708807878911381f,1.259347547133217f,-0.03927644851364183f,1.2966435747023168f,-1.4614878295005158f,-1.0168290435876164f,0f,0f,0f,1f],start_interpolation:0}
execute if entity @s[tag=aj.dino.bone.tail_1] run data modify entity @s {} merge value {transformation:[-1.4895891346448424f,0.21058503719601981f,0.15631507303257977f,0.09384787235653062f,0.2621621360751729f,1.2202976685568312f,0.8542838313600846f,1.0603478571921272f,-0.007174563159686701f,0.8684375580454325f,-1.2383137661431185f,-0.7609666346358324f,0f,0f,0f,1f],start_interpolation:0}
execute if entity @s[tag=aj.dino.bone.tail_0] run data modify entity @s {} merge value {transformation:[-1.2569572760036645f,0.2164297849478952f,0.08397780107196881f,0.07453044330422681f,0.2321502599860648f,1.1730591324959823f,0.4515243570840932f,0.956709952138286f,-0.0006161768235205218f,0.4592669555271848f,-1.1928575776139163f,-0.40130299611834f,0f,0f,0f,1f],start_interpolation:0}
execute if entity @s[tag=aj.dino.bone.body_1] run data modify entity @s {} merge value {transformation:[-1.2158531515001139f,0.21418132589120129f,0.06657378375140248f,0.04462633889684649f,0.2242893422423176f,1.1610584679317717f,0.3608907314640899f,0.7946023850867039f,-1.494352559535798e-16f,0.36697982061642626f,-1.1806482991630427f,-0.1515375f,0f,0f,0f,1f],start_interpolation:0}