execute if entity @s[tag=aj.dino.bone.head_lower] run data modify entity @s {} merge value {transformation:[-0.9860343680569399f,0.15651088479875785f,-0.056925986597173066f,0.42549343734105055f,0.16311314193474108f,0.9765685627651453f,-0.14038498903727487f,0.25891801544288134f,0.03362035006850134f,-0.14770980048164956f,-0.9884591478169156f,0.7490346708459465f,0f,0f,0f,1f],start_interpolation:0}
execute if entity @s[tag=aj.dino.bone.head_upper] run data modify entity @s {} merge value {transformation:[-1.0263627628628156f,0.15709533299284204f,0.07329718919565505f,0.43375527428273974f,0.16978440147606286f,0.8221081437819653f,0.6154538159165915f,0.3198587070768668f,0.03499540837782385f,0.6188143492702369f,-0.8362511973762609f,0.7052918926383692f,0f,0f,0f,1f],start_interpolation:0}
execute if entity @s[tag=aj.dino.bone.neck_0] run data modify entity @s {} merge value {transformation:[-0.9191577924683824f,0.08420475241288215f,-0.3847837213497157f,0.40780463923690907f,0.0728256831364786f,0.9963701513814905f,0.04407880796631125f,0.30651243789791455f,0.3870986598018077f,0.012493242457862944f,-0.9219536574430048f,0.6453487704806276f,0f,0f,0f,1f],start_interpolation:0}
execute if entity @s[tag=aj.dino.bone.neck_1] run data modify entity @s {} merge value {transformation:[-0.8823312954040682f,0.07092587363862357f,-0.46525370025307383f,0.3687182910047769f,0.07694980379789343f,0.9970165566232599f,0.006059167811151789f,0.31161885958739044f,0.46429539395307895f,-0.030454987566833736f,-0.8851566420053907f,0.5702240829009977f,0f,0f,0f,1f],start_interpolation:0}
execute if entity @s[tag=aj.dino.bone.neck_2] run data modify entity @s {} merge value {transformation:[-0.8689272001523473f,0.016966628030910487f,-0.4946490213966499f,0.325549440755335f,-0.18149348389328376f,0.9188704057994301f,0.35033882549650286f,0.35130748380885546f,0.46046241555601586f,0.3941945089410195f,-0.7953521565828986f,0.5044046794572621f,0f,0f,0f,1f],start_interpolation:0}
execute if entity @s[tag=aj.dino.bone.body_0] run data modify entity @s {} merge value {transformation:[-0.8630810334216651f,-0.00006663276302665971f,-0.505065466358437f,0.08751334569574376f,-0.19698449460057285f,0.9208517433088472f,0.3364954319630711f,0.5186687829548768f,0.4650679935608851f,0.3899128907911764f,-0.7947827998642905f,0.13354093399262093f,0f,0f,0f,1f],start_interpolation:0}
execute if entity @s[tag=aj.dino.bone.leg_left_3] run data modify entity @s {} merge value {transformation:[-0.24055178490677007f,0.026669833685428107f,-0.9702698381117277f,0.26748442210665296f,-0.07745384541941866f,0.9959073634724775f,0.04657708890692561f,0.055122751977140616f,0.9675410795454176f,0.08635533192855228f,-0.23750161270946724f,-0.249574561028243f,0f,0f,0f,1f],start_interpolation:0}
execute if entity @s[tag=aj.dino.bone.leg_left_2] run data modify entity @s {} merge value {transformation:[-0.3190436198173325f,0.1635756351980553f,-0.9609975961073473f,0.2754195776711058f,-0.32808993047265345f,0.9341484667172654f,0.2679287949305306f,0.28064261150513375f,0.9179489994967026f,0.3907324573157821f,-0.2382435321759389f,-0.16443409866951594f,0f,0f,0f,1f],start_interpolation:0}
execute if entity @s[tag=aj.dino.bone.leg_left_1] run data modify entity @s {} merge value {transformation:[-0.57079382425102f,0.6769406121580857f,-0.4646997071313169f,0.4953368331987703f,-0.028971273549297235f,0.5489959124529725f,0.8353227839696823f,0.3860622378148104f,0.8205821564632194f,0.49026002867964324f,-0.29375164471574977f,-0.032008690345910286f,0f,0f,0f,1f],start_interpolation:0}
execute if entity @s[tag=aj.dino.bone.leg_left_0] run data modify entity @s {} merge value {transformation:[-0.5321597493511709f,-0.6848073961802966f,-0.4978401664261946f,0.2051092868104917f,-0.06594072052445224f,0.6197543013033834f,-0.7820207333521738f,0.6853919953538304f,0.8440721666701343f,-0.3833320181679553f,-0.37496498676552137f,-0.053847786790685186f,0f,0f,0f,1f],start_interpolation:0}
execute if entity @s[tag=aj.dino.bone.leg_right_3] run data modify entity @s {} merge value {transformation:[-0.9804918284417466f,0.08717211652797721f,0.1761726325482846f,-0.3412321729354075f,0.08166822594313589f,0.9959246143976327f,-0.03826830683775147f,0.027009836295362882f,-0.1787905904410551f,-0.02313405578276645f,-0.9836151382694247f,0.1573764010171589f,0f,0f,0f,1f],start_interpolation:0}
execute if entity @s[tag=aj.dino.bone.leg_right_2] run data modify entity @s {} merge value {transformation:[-0.9797257084451851f,0.3035371321214589f,-0.008058854493914682f,-0.2692072376647561f,0.3028379145654196f,0.9747979311128101f,-0.10060015159306535f,0.250655007245169f,-0.02211183425095777f,-0.09847031239089275f,-1.0207236961413177f,0.10291248382323925f,0f,0f,0f,1f],start_interpolation:0}
execute if entity @s[tag=aj.dino.bone.leg_right_1] run data modify entity @s {} merge value {transformation:[-0.9754934407800908f,0.18330517944195962f,-0.12170356685311334f,-0.2323818094562559f,-0.01982804238427049f,0.4776404434175209f,0.878331631872109f,0.33343668559036627f,0.2191332830270811f,0.8592198892027962f,-0.46230053673785426f,0.36521854022945066f,0f,0f,0f,1f],start_interpolation:0}
execute if entity @s[tag=aj.dino.bone.leg_right_0] run data modify entity @s {} merge value {transformation:[-0.9850528859587901f,-0.1365463502067733f,-0.10500431471833874f,-0.16290869683586498f,0.012971255783509938f,0.5490635638679944f,-0.8356799323640456f,0.6155382139515146f,0.17176308796612116f,-0.8245509669376334f,-0.5390854705281496f,0.0653860988833018f,0f,0f,0f,1f],start_interpolation:0}
execute if entity @s[tag=aj.dino.bone.tail_4] run data modify entity @s {} merge value {transformation:[1.6216769960479136f,-0.37858631603577886f,2.202838499164083f,0.8170435245695656f,0.2154632179572864f,2.73536317812612f,0.31148871096599967f,0.3902647513835736f,-2.2247248490086373f,-0.011046115255004835f,1.6358907852119189f,-1.0574823636559065f,0f,0f,0f,1f],start_interpolation:0}
execute if entity @s[tag=aj.dino.bone.tail_3] run data modify entity @s {} merge value {transformation:[0.0019743735005318536f,-0.08481518874114224f,2.080564349317879f,0.46508667957266614f,-0.07603189712892217f,2.0791749394868226f,0.08483070006422955f,0.35553424042911297f,-2.080903836921039f,-0.07604919995118091f,-0.001125485907450061f,-1.0565473217123487f,0f,0f,0f,1f],start_interpolation:0}
execute if entity @s[tag=aj.dino.bone.tail_2] run data modify entity @s {} merge value {transformation:[-0.8733937372732731f,0.4968052952523595f,1.676049448346861f,0.15298513746710943f,-0.03446535207419082f,1.868334786841323f,-0.5717614352050744f,0.46224253285725814f,-1.7477898598518655f,-0.28510260940682414f,-0.8262693162106365f,-0.9043058959717063f,0f,0f,0f,1f],start_interpolation:0}
execute if entity @s[tag=aj.dino.bone.tail_1] run data modify entity @s {} merge value {transformation:[-1.1452349160659978f,0.4933210336647195f,0.855995090387369f,-0.03615167037453529f,0.11048721472468204f,1.366181998654746f,-0.6395276162403826f,0.5830560206778552f,-0.9817768648759704f,-0.42170766449721586f,-1.0704826403536933f,-0.667857072589302f,0f,0f,0f,1f],start_interpolation:0}
execute if entity @s[tag=aj.dino.bone.tail_0] run data modify entity @s {} merge value {transformation:[-1.2582089178845057f,0.00865445732485762f,0.22510250089312842f,-0.10172300553258176f,-0.06208126978105506f,1.2144896400008682f,-0.3936960081801205f,0.7274109430512882f,-0.21654549517895902f,-0.39846672544015743f,-1.1950598452875594f,-0.3282485219123018f,0f,0f,0f,1f],start_interpolation:0}
execute if entity @s[tag=aj.dino.bone.body_1] run data modify entity @s {} merge value {transformation:[-1.1574581365043581f,-0.1146835553801632f,-0.41921705526072506f,0.003463838826039628f,-0.21969803445095212f,1.1833542254099763f,0.2828606475262923f,0.5819425f,0.37500404125088704f,0.33930083169065495f,-1.1282072104519554f,-0.08881046800870748f,0f,0f,0f,1f],start_interpolation:0}