execute if entity @s[tag=aj.dino.bone.head_lower] run data modify entity @s {} merge value {transformation:[-0.9487579029652795f,0.20159690938411456f,0.2433456958478995f,0.14613984214356207f,0.22065794558328242f,0.9738828104969692f,0.053500864193854414f,0.11624865378944305f,-0.22620458132383267f,0.1044555290317234f,-0.9684629728816754f,0.7419040573325447f,0f,0f,0f,1f],start_interpolation:0}
execute if entity @s[tag=aj.dino.bone.head_upper] run data modify entity @s {} merge value {transformation:[-0.9875617058807666f,-0.027140217244121096f,0.32780669344801255f,0.16782197817367925f,0.22968276361682802f,0.685666068663814f,0.7487187809611517f,0.18333110445784f,-0.23545625444806856f,0.7826860120601102f,-0.6445423968601559f,0.7149729177114583f,0f,0f,0f,1f],start_interpolation:0}
execute if entity @s[tag=aj.dino.bone.neck_0] run data modify entity @s {} merge value {transformation:[-0.9816271922602082f,0.188895476854262f,0.026954670084070986f,0.16681597819945698f,0.19079299747284106f,0.969875320338146f,0.1514592193110309f,0.17732019661190532f,0.002467292173334079f,0.1538192504954417f,-0.9880959217840908f,0.6485832106386263f,0f,0f,0f,1f],start_interpolation:0}
execute if entity @s[tag=aj.dino.bone.neck_1] run data modify entity @s {} merge value {transformation:[-0.9599121369249726f,0.1600429593600322f,-0.23011940496928085f,0.14805914218977043f,0.049138253089979614f,0.9043399615631669f,0.4239748412384807f,0.21740261149502219f,0.2759603621308645f,0.3956709302933599f,-0.8759511364530497f,0.5762014590393824f,0f,0f,0f,1f],start_interpolation:0}
execute if entity @s[tag=aj.dino.bone.neck_2] run data modify entity @s {} merge value {transformation:[-0.9599121369249726f,0.21835181875852655f,-0.17575884793937505f,0.13479914969445433f,0.049138253089979614f,0.748412413660376f,0.6614108338712902f,0.28267458641089493f,0.2759603621308645f,0.6262598041738698f,-0.7291395862307218f,0.5184548376339142f,0f,0f,0f,1f],start_interpolation:0}
execute if entity @s[tag=aj.dino.bone.body_0] run data modify entity @s {} merge value {transformation:[-0.9599121369249726f,0.1458416172437762f,-0.23937191160170124f,0.023373389107509558f,0.049138253089979614f,0.9283122389637208f,0.36854011867560493f,0.4652094967836906f,0.2759603621308645f,0.3420038152855662f,-0.8982645873364475f,0.0983641199598132f,0f,0f,0f,1f],start_interpolation:0}
execute if entity @s[tag=aj.dino.bone.leg_left_3] run data modify entity @s {} merge value {transformation:[-0.988927306057203f,0.03293662433955244f,-0.14469955809040352f,0.2333204845021257f,0.012726052544831393f,0.9902895885981803f,0.13843618855152634f,0.013644759244060695f,0.14785408658900523f,0.13506187282561544f,-0.9797435682808886f,-0.2914085316272249f,0f,0f,0f,1f],start_interpolation:0}
execute if entity @s[tag=aj.dino.bone.leg_left_2] run data modify entity @s {} merge value {transformation:[-1.0116397966288788f,-0.06643498169189724f,-0.15567117454741622f,0.21145421415062832f,-0.13086974917326216f,0.9052743415590663f,0.46412678738338453f,0.23880346199129523f,0.10733233496343182f,0.4776263803676373f,-0.9013406737460044f,-0.20776346683489338f,0f,0f,0f,1f],start_interpolation:0}
execute if entity @s[tag=aj.dino.bone.leg_left_1] run data modify entity @s {} merge value {transformation:[-0.9668536026293882f,0.035340477776594756f,0.25287380590542585f,0.2268991329640129f,0.2553263000779493f,0.12757557928300695f,0.9584012479432145f,0.2175467691144174f,0.0016098357301145166f,0.99119903258686f,-0.13237026187099138f,0.06850269676563091f,0f,0f,0f,1f],start_interpolation:0}
execute if entity @s[tag=aj.dino.bone.leg_left_0] run data modify entity @s {} merge value {transformation:[-0.9777224432395236f,0.1555288074402636f,-0.14095961847971172f,0.18575450322896356f,0.207291008550305f,0.8210325252480901f,-0.5319173152464035f,0.6073151076042327f,0.03300396582130523f,-0.5492871585436472f,-0.8349816499175968f,-0.07535501181930233f,0f,0f,0f,1f],start_interpolation:0}
execute if entity @s[tag=aj.dino.bone.leg_right_3] run data modify entity @s {} merge value {transformation:[-0.9948031748938349f,-0.012958470824703264f,-0.10098871845424795f,-0.35205534530705046f,-0.007363365362347212f,0.9984270654683313f,-0.055580354360492135f,0.015763571886481587f,0.10155010621208937f,-0.054547896148088054f,-0.99333383258305f,-0.13197247974200785f,0f,0f,0f,1f],start_interpolation:0}
execute if entity @s[tag=aj.dino.bone.leg_right_2] run data modify entity @s {} merge value {transformation:[-1.006505038746068f,0.14833367534608757f,-0.13041061014270253f,-0.319947782873307f,0.12681798815182133f,1.004557230567219f,0.16384189908853913f,0.2547911096592404f,0.15141665813441732f,0.1446516186364189f,-1.0040971588277516f,-0.12952040166998507f,0f,0f,0f,1f],start_interpolation:0}
execute if entity @s[tag=aj.dino.bone.leg_right_1] run data modify entity @s {} merge value {transformation:[-0.9769515079637086f,0.20714207136787854f,-0.05155495472658768f,-0.2803960736805564f,-0.07133182685606378f,-0.08916580971737842f,0.9934592235491209f,0.176457575931395f,0.20119026210235008f,0.9742389956508973f,0.10188649463161786f,0.13375304069252564f,0f,0f,0f,1f],start_interpolation:0}
execute if entity @s[tag=aj.dino.bone.leg_right_0] run data modify entity @s {} merge value {transformation:[-0.9853019966218735f,-0.11613019426993575f,-0.12527471186068048f,-0.20122781219888217f,-0.02315652855576906f,0.8174003148385571f,-0.5756044653119657f,0.5469458458821993f,0.16924464729555083f,-0.564243301493828f,-0.8080753344095769f,-0.04168386183166484f,0f,0f,0f,1f],start_interpolation:0}
execute if entity @s[tag=aj.dino.bone.tail_4] run data modify entity @s {} merge value {transformation:[-1.9694005732295077f,-1.2245396497903314f,-1.4992082443258705f,-0.5873599472642049f,-0.4656761140574949f,2.3756054396932687f,-1.3286481412684348f,0.9882018094915661f,1.8789008676775891f,-0.694739355867456f,-1.9007183085479222f,-1.55639276690928f,0f,0f,0f,1f],start_interpolation:0}
execute if entity @s[tag=aj.dino.bone.tail_3] run data modify entity @s {} merge value {transformation:[-1.4812075104076692f,-0.5537251041690358f,-1.354753979942244f,-0.3522251011634209f,-0.3561654490840269f,2.0059376627895698f,-0.43047159247218303f,1.0415642090530863f,1.4195478188617432f,-0.0744857574288824f,-1.5216048724782518f,-1.2976559085049102f,0f,0f,0f,1f],start_interpolation:0}
execute if entity @s[tag=aj.dino.bone.tail_2] run data modify entity @s {} merge value {transformation:[-1.7419936417077113f,-0.06554492026597265f,-0.8831397911316253f,-0.18935504797684655f,-0.1659518898309903f,1.938445688056347f,0.18347250398916984f,1.0077956177463803f,0.8698804501276058f,0.23854989600890655f,-1.7335442955409908f,-0.9746938178730472f,0f,0f,0f,1f],start_interpolation:0}
execute if entity @s[tag=aj.dino.bone.tail_1] run data modify entity @s {} merge value {transformation:[-1.4636325615239536f,0.1577817157787326f,-0.3471900128355516f,-0.11517403587755717f,-0.049218047031121585f,1.2873090007890107f,0.7925082777700446f,0.8215676772739424f,0.37817133510258755f,0.7782009487616414f,-1.24058291728252f,-0.7176082122274814f,0f,0f,0f,1f],start_interpolation:0}
execute if entity @s[tag=aj.dino.bone.tail_0] run data modify entity @s {} merge value {transformation:[-1.2527254267643158f,-0.050068525657948657f,-0.24901378367598537f,-0.04361466338200732f,-0.20106611919365558f,0.9611840549163286f,0.8182501725456798f,0.6056510423969385f,0.15520031389979144f,0.8411028901965985f,-0.9498918397651189f,-0.41973042807395483f,0f,0f,0f,1f],start_interpolation:0}
execute if entity @s[tag=aj.dino.bone.body_1] run data modify entity @s {} merge value {transformation:[-1.2171031025094587f,-0.1778158503963212f,-0.1250845964375045f,-0.0025570874730125436f,-0.18986814851437858f,1.2158929047048965f,0.11899212379087008f,0.4960880247206868f,0.10589957081037733f,0.13634721373160874f,-1.2242545949540296f,-0.1442923362544286f,0f,0f,0f,1f],start_interpolation:0}