execute if entity @s[tag=aj.dino.bone.head_lower] run data modify entity @s {} merge value {transformation:[-0.9999963476325483f,-0.0016499130336991533f,-0.0021406794587043787f,0.16909268427049676f,-0.0024616231650359346f,0.883009391086365f,0.4693488634956741f,0.5253262620624092f,0.001115855258108256f,0.46935241880730594f,-0.8830102274757489f,0.818196983512312f,0f,0f,0f,1f],start_interpolation:0}
execute if entity @s[tag=aj.dino.bone.head_upper] run data modify entity @s {} merge value {transformation:[-1.0408957815855748f,-0.001646282167922714f,-0.002281275057116453f,0.16857532852738985f,-0.0025623025268095858f,0.903262941588578f,0.5172827423585847f,0.5812681067062728f,0.001161493273225193f,0.5172864686914596f,-0.90326369506673f,0.7675442555238435f,0f,0f,0f,1f],start_interpolation:0}
execute if entity @s[tag=aj.dino.bone.neck_0] run data modify entity @s {} merge value {transformation:[-0.9940386883460731f,-0.0025167117277878487f,-0.10899886344956859f,0.16188930734522008f,0.0032130975069008996f,0.9986231008520454f,-0.05236008450200627f,0.5616718418899399f,0.10898055824609097f,-0.052398173696468514f,-0.9926619108828769f,0.7041721813878599f,0f,0f,0f,1f],start_interpolation:0}
execute if entity @s[tag=aj.dino.bone.neck_1] run data modify entity @s {} merge value {transformation:[-0.9776771532548774f,0.020185169924345162f,-0.2091409642288292f,0.14426531325457798f,-0.010693069952767816f,0.9893049304987753f,0.14546962825895668f,0.578552632844036f,0.20984051624608702f,0.14445869100175032f,-0.967004986717047f,0.622919670204584f,0f,0f,0f,1f],start_interpolation:0}
execute if entity @s[tag=aj.dino.bone.neck_2] run data modify entity @s {} merge value {transformation:[-0.9776771532548774f,0.050480529394194194f,-0.20395857460651415f,0.1268912483628378f,-0.010693069952767816f,0.9574979673366523f,0.2882417402132536f,0.6131792746362241f,0.20984051624608702f,0.28398830732666f,-0.9355840951209645f,0.5437359096126942f,0f,0f,0f,1f],start_interpolation:0}
execute if entity @s[tag=aj.dino.bone.body_0] run data modify entity @s {} merge value {transformation:[-0.9776771532548774f,-0.015250210833513156f,-0.20955861965801478f,0.027981779441886404f,-0.010693069952767816f,0.9996814370464447f,-0.022862254476332f,0.6119275951246468f,0.20984051624608702f,-0.020111078894200107f,-0.97752877310455f,0.08283868141610315f,0f,0f,0f,1f],start_interpolation:0}
execute if entity @s[tag=aj.dino.bone.leg_left_3] run data modify entity @s {} merge value {transformation:[-0.9862442599893235f,-0.06467959011883995f,-0.1521144643358109f,0.32343721290929517f,-0.05386617293315133f,0.9957898836684067f,-0.07416834228427192f,0.03347853022864192f,0.15627122272397959f,-0.06495427780924022f,-0.9855760989099891f,-0.3167669014784116f,0f,0f,0f,1f],start_interpolation:0}
execute if entity @s[tag=aj.dino.bone.leg_left_2] run data modify entity @s {} merge value {transformation:[-0.9965544627698275f,-0.16635742362776373f,-0.17682366877250288f,0.2776488626663405f,-0.15558401536908173f,1.0110985830677834f,-0.07440073239322414f,0.2666234563485773f,0.18637332533350462f,-0.045464958187021176f,-1.0076011714373294f,-0.3582149710664394f,0f,0f,0f,1f],start_interpolation:0}
execute if entity @s[tag=aj.dino.bone.leg_left_1] run data modify entity @s {} merge value {transformation:[-0.9853027731462409f,0.024086798335717953f,0.16911023439242798f,0.2948464409343523f,0.15673936638000596f,0.5210507659154016f,0.8390106497332245f,0.3605571255958815f,-0.06790593683266381f,0.8531857508684189f,-0.5171681141156814f,-0.0976500180447038f,0f,0f,0f,1f],start_interpolation:0}
execute if entity @s[tag=aj.dino.bone.leg_left_0] run data modify entity @s {} merge value {transformation:[-0.9929636918859069f,0.10309522791527768f,0.05826217106671155f,0.21512459926905683f,0.0989063075890677f,0.9925809694153569f,-0.07071464822487011f,0.7675336801332735f,-0.06512026501333155f,-0.0644545819594492f,-0.9957936322095188f,-0.049465055838431846f,0f,0f,0f,1f],start_interpolation:0}
execute if entity @s[tag=aj.dino.bone.leg_right_3] run data modify entity @s {} merge value {transformation:[-0.9965583458015596f,0.02461817008147633f,0.07915433731071522f,-0.29290783817444654f,0.03629093653135534f,0.9880807337864601f,0.14959756497245874f,0.2220317388748931f,-0.07452805739408562f,0.1519552869164194f,-0.9855735180285706f,-0.08326171997151757f,0f,0f,0f,1f],start_interpolation:0}
execute if entity @s[tag=aj.dino.bone.leg_right_2] run data modify entity @s {} merge value {transformation:[-1.014878086592432f,0.13659623232521417f,0.058533222786158134f,-0.25768405616028883f,0.14127660017021296f,1.0121476994694383f,0.08752231831804419f,0.46044755625985095f,-0.046104133215187665f,0.09466099130040463f,-1.0202822673785896f,-0.09265614743130568f,0f,0f,0f,1f],start_interpolation:0}
execute if entity @s[tag=aj.dino.bone.leg_right_1] run data modify entity @s {} merge value {transformation:[-0.989546042163997f,0.016649906964729913f,-0.1432529616993476f,-0.26527062475360974f,-0.14341324346012282f,-0.008861970687591925f,0.9896232147013229f,0.40269796716312767f,0.01520763090742364f,0.9998221072138773f,0.011157145180801131f,0.17867541099104972f,0f,0f,0f,1f],start_interpolation:0}
execute if entity @s[tag=aj.dino.bone.leg_right_0] run data modify entity @s {} merge value {transformation:[-0.9941675210902616f,-0.0486902531842038f,0.09622992909746046f,-0.1766242683830759f,-0.10419573841720711f,0.6638544360864845f,-0.7405677118157317f,0.7357510589366509f,-0.027824235927282524f,-0.7462751147754786f,-0.6650558359731227f,-0.05696147094125409f,0f,0f,0f,1f],start_interpolation:0}
execute if entity @s[tag=aj.dino.bone.tail_4] run data modify entity @s {} merge value {transformation:[-2.7499182497343067f,0.13935824660205265f,-0.21021472470360625f,-0.06648259903026355f,-0.22579174755927875f,-0.334735016481922f,2.731781815422852f,1.9282651939028992f,0.11237899319863293f,2.737552388438411f,0.34473063983755897f,-1.2329614201372774f,0f,0f,0f,1f],start_interpolation:0}
execute if entity @s[tag=aj.dino.bone.tail_3] run data modify entity @s {} merge value {transformation:[-2.073581512195564f,0.027265183856914524f,-0.18831316489946004f,-0.03481845644097241f,-0.17044972164228642f,0.6497768238807146f,1.97095979096074f,1.5877046721173682f,0.08457027088326985f,1.9781284626993227f,-0.6448264730809297f,-1.1429802192672198f,0f,0f,0f,1f],start_interpolation:0}
execute if entity @s[tag=aj.dino.bone.tail_2] run data modify entity @s {} merge value {transformation:[-1.9492383776792506f,-0.02231316389120919f,-0.13691510034435428f,-0.01081290237871894f,-0.12352486810579458f,1.1569002682956673f,1.5700628175903144f,1.296017371470782f,0.0631286697514418f,1.574756415112304f,-1.1553920889121738f,-0.9277739554531454f,0f,0f,0f,1f],start_interpolation:0}
execute if entity @s[tag=aj.dino.bone.tail_1] run data modify entity @s {} merge value {transformation:[-1.5098155989468685f,-0.034248540275269766f,-0.08330753066633932f,0.008975037179297197f,-0.08478676937543016f,1.0125627850170325f,1.1203499721682637f,1.0426340261187135f,0.030402482062941036f,1.123031564065572f,-1.0126855608711172f,-0.7236122677027971f,0f,0f,0f,1f],start_interpolation:0}
execute if entity @s[tag=aj.dino.bone.tail_0] run data modify entity @s {} merge value {transformation:[-1.2738205151682003f,-0.09796256115850398f,-0.0402535505504154f,0.018374049123946638f,-0.10267506291481635f,1.023076278879627f,0.7593474011500151f,0.8454237196868571f,-0.02597774386060055f,0.7599697236002958f,-1.02742731743848f,-0.4050347027169699f,0f,0f,0f,1f],start_interpolation:0}
execute if entity @s[tag=aj.dino.bone.body_1] run data modify entity @s {} merge value {transformation:[-1.232094447770389f,-0.10258857068265992f,-0.004842725980195177f,0.026409983333247653f,-0.09995993440042557f,1.184471864085216f,0.34005736245728685f,0.6865825607163735f,-0.023577072428377935f,0.33927361142893625f,-1.1886724247242906f,-0.1515375f,0f,0f,0f,1f],start_interpolation:0}