execute if entity @s[tag=aj.dino.bone.head_lower] run data modify entity @s {} merge value {transformation:[-0.996729487879315f,0.060619297508902194f,-0.05343808343649073f,0.04357048189320154f,0.05044589967039824f,0.9833503357634816f,0.17457757118339157f,0.5384972430936615f,0.06313112701577767f,0.17131088092522107f,-0.9831922715717119f,0.8334811755624263f,0f,0f,0f,1f],start_interpolation:0}
execute if entity @s[tag=aj.dino.bone.head_upper] run data modify entity @s {} merge value {transformation:[-1.037495308629626f,0.08026186820129994f,-0.025168624671631966f,0.04331561403454308f,0.05250911594779267f,0.8612988322301178f,0.5821331951752311f,0.5979845098647827f,0.06571316380608672f,0.5789596675895307f,-0.8625308261104191f,0.787041358311785f,0f,0f,0f,1f],start_interpolation:0}
execute if entity @s[tag=aj.dino.bone.neck_0] run data modify entity @s {} merge value {transformation:[-0.9971273320416875f,0.047024613393442674f,-0.05937818985640716f,0.039035008066962085f,0.050117905398145715f,0.9974028907013294f,-0.05172687095827892f,0.5784338400060529f,0.0567915420985273f,-0.05455418733542987f,-0.9968944585011205f,0.7234474594305075f,0f,0f,0f,1f],start_interpolation:0}
execute if entity @s[tag=aj.dino.bone.neck_1] run data modify entity @s {} merge value {transformation:[-0.9974371574020329f,0.05518452785305927f,-0.04553882870021047f,0.03543149980068063f,0.05071696839610802f,0.9942772825700446f,0.0940237974229712f,0.5909794008662597f,0.05046688171920638f,0.09147323789372863f,-0.994527898351161f,0.63961929903432f,0f,0f,0f,1f],start_interpolation:0}
execute if entity @s[tag=aj.dino.bone.neck_2] run data modify entity @s {} merge value {transformation:[-0.9974371574020329f,0.06034548140603781f,-0.03843878129735297f,0.03265479424706377f,0.05071696839610802f,0.9752817893406011f,0.21506561904987012f,0.619369380355934f,0.05046688171920638f,0.2125649412637682f,-0.9758428354991754f,0.5562092914513865f,0f,0f,0f,1f],start_interpolation:0}
execute if entity @s[tag=aj.dino.bone.body_0] run data modify entity @s {} merge value {transformation:[-0.9974371574020329f,0.05005355696913052f,-0.051124930009636124f,0.009036629149086981f,0.05071696839610802f,0.9986438065867057f,-0.011761661563005926f,0.6233394839300168f,0.05046688171920638f,-0.014324419735281285f,-0.9986230043659055f,0.08542555632649856f,0f,0f,0f,1f],start_interpolation:0}
execute if entity @s[tag=aj.dino.bone.leg_left_3] run data modify entity @s {} merge value {transformation:[-0.982916359776096f,0.00047376990543211706f,-0.18405218071673188f,0.2206628136771873f,-0.0013338890016275924f,0.9999520883371571f,0.00969751361381821f,0.03501252374656244f,0.1840479568608116f,0.00977734995975682f,-0.9828686346623975f,-0.11570638153034209f,0f,0f,0f,1f],start_interpolation:0}
execute if entity @s[tag=aj.dino.bone.leg_left_2] run data modify entity @s {} merge value {transformation:[-1.0071529239978738f,-0.077784433236098f,-0.1779178718661124f,0.19547044089310667f,-0.0141567028641178f,0.9667219671413051f,-0.3425060955824834f,0.24974707578550887f,0.19366149577870265f,-0.33385688504699024f,-0.9503141611383946f,-0.2225964586196424f,0f,0f,0f,1f],start_interpolation:0}
execute if entity @s[tag=aj.dino.bone.leg_left_1] run data modify entity @s {} merge value {transformation:[-0.9540175358405274f,0.10314438618155414f,0.2814458685218146f,0.2275645693994007f,0.2934700271287236f,0.5125997936848634f,0.8069180842509988f,0.3403638727312411f,-0.0610400236388745f,0.8524099290326609f,-0.5192989778544723f,0.03773400192326655f,0f,0f,0f,1f],start_interpolation:0}
execute if entity @s[tag=aj.dino.bone.leg_left_0] run data modify entity @s {} merge value {transformation:[-0.9694870887373179f,0.23567943652006834f,-0.06745359866769754f,0.21286340310304655f,0.2422317387843461f,0.8787205310290385f,-0.41130768662104655f,0.7470267748164812f,-0.03766390177812229f,-0.41509689417005735f,-0.9089972491450237f,-0.05562786578293616f,0f,0f,0f,1f],start_interpolation:0}
execute if entity @s[tag=aj.dino.bone.leg_right_3] run data modify entity @s {} merge value {transformation:[-0.9917020262646172f,0.032774166481509534f,0.12430987536835152f,-0.2118552227595715f,0.04301909096287937f,0.9958139953257532f,0.08064641669714265f,0.11654061174272978f,-0.12114639456203519f,0.0853249126855922f,-0.9889606717963138f,-0.12616747629212055f,0f,0f,0f,1f],start_interpolation:0}
execute if entity @s[tag=aj.dino.bone.leg_right_2] run data modify entity @s {} merge value {transformation:[-1.0167583760477086f,0.08344558087261573f,0.10630822767007664f,-0.1875414017460481f,0.05829472995084882f,0.9987071944887261f,-0.22637990996797963f,0.3422512183392093f,-0.12192755511974608f,-0.21836431533101897f,-0.994742628318115f,-0.20762072818292768f,0f,0f,0f,1f],start_interpolation:0}
execute if entity @s[tag=aj.dino.bone.leg_right_1] run data modify entity @s {} merge value {transformation:[-0.959422730546204f,-0.041601887289509636f,-0.27888583163226f,-0.2031597790937579f,-0.27804024699258434f,0.30416347403313637f,0.91114115378266f,0.3710220738141316f,0.04692169182338852f,0.9517110191849439f,-0.3033883498066239f,0.06795446994642382f,0f,0f,0f,1f],start_interpolation:0}
execute if entity @s[tag=aj.dino.bone.leg_right_0] run data modify entity @s {} merge value {transformation:[-0.973333482050301f,-0.20844116666277396f,0.09578211085634969f,-0.17962285896655414f,-0.22859646990617288f,0.846546245118022f,-0.4807318471071106f,0.7691184167401305f,0.01912032076803541f,-0.48980785509916f,-0.8716207193595663f,-0.0556278657829362f,0f,0f,0f,1f],start_interpolation:0}
execute if entity @s[tag=aj.dino.bone.tail_4] run data modify entity @s {} merge value {transformation:[-2.7575254906517284f,0.11432090009608847f,0.0929797386916329f,0.03533278190025445f,0.1436966179370352f,2.4721539219954907f,1.2220751202588862f,0.9867135762798885f,-0.032646316781559284f,1.225172252935698f,-2.474580469541668f,-1.8129024121868071f,0f,0f,0f,1f],start_interpolation:0}
execute if entity @s[tag=aj.dino.bone.tail_3] run data modify entity @s {} merge value {transformation:[-2.0793264960132767f,0.10075704194436301f,0.046849413232344386f,0.026402865939096465f,0.10835518513859894f,2.033122066899308f,0.436599749181228f,0.8927866974261935f,-0.02461712564807349f,0.43841556271436494f,-2.0354683287978514f,-1.4720524430442303f,0f,0f,0f,1f],start_interpolation:0}
execute if entity @s[tag=aj.dino.bone.tail_2] run data modify entity @s {} merge value {transformation:[-1.9516741472640915f,0.09778088025378907f,0.013446090902266136f,0.02248337856477125f,0.09814318540613465f,1.9508153249587388f,0.05883330746478569f,0.8823864876978933f,-0.010479172777224318f,0.05943351214342882f,-1.9532362170446715f,-1.1089437028224194f,0f,0f,0f,1f],start_interpolation:0}
execute if entity @s[tag=aj.dino.bone.tail_1] run data modify entity @s {} merge value {transformation:[-1.5105180658824908f,0.07707539939199576f,0.007127794271991475f,0.021450496144030277f,0.07738019443919661f,1.5071063288474138f,0.10148432911846089f,0.842051447529195f,-0.0019308420887316196f,0.1017160083597283f,-1.509074675253744f,-0.7854491979427807f,0f,0f,0f,1f],start_interpolation:0}
execute if entity @s[tag=aj.dino.bone.tail_0] run data modify entity @s {} merge value {transformation:[-1.276188392885047f,0.07163149697519945f,0.006916002501476029f,0.0211580750925699f,0.07196373679852153f,1.27086508759925f,0.1164425450227346f,0.8386924679082408f,-0.0003507641679928269f,0.11664722176918944f,-1.2728821701956767f,-0.4106685380273897f,0f,0f,0f,1f],start_interpolation:0}
execute if entity @s[tag=aj.dino.bone.body_1] run data modify entity @s {} merge value {transformation:[-1.2344136365226739f,0.06745895956106163f,0.016639044385333642f,0.012745890700301332f,0.06948070971944695f,1.198494660230839f,0.2956138958697612f,0.689239257532454f,-1.509039764132356e-16f,0.29608180158421615f,-1.2003916701755701f,-0.1515375f,0f,0f,0f,1f],start_interpolation:0}