execute if entity @s[tag=aj.dino.bone.head_lower] run data modify entity @s {} merge value {transformation:[-0.9854938998990012f,0.15177161500836409f,-0.07594175491526416f,0.43552827433028896f,0.1602955792404364f,0.9794017630385685f,-0.12279052827037118f,0.24819736709441423f,0.05574137186892819f,-0.133182444168504f,-0.9895227819648584f,0.7410100683735846f,0f,0f,0f,1f],start_interpolation:0}
execute if entity @s[tag=aj.dino.bone.head_upper] run data modify entity @s {} merge value {transformation:[-1.025800189782412f,0.1668535920754886f,0.0580154465412489f,0.44295592196055f,0.16685160164154555f,0.802869107958986f,0.6411190849587153f,0.31047443687154963f,0.058021170752795746f,0.6411185669438655f,-0.8179685015010211f,0.6990356342207417f,0f,0f,0f,1f],start_interpolation:0}
execute if entity @s[tag=aj.dino.bone.neck_0] run data modify entity @s {} merge value {transformation:[-0.915717972178559f,0.09330189322108165f,-0.3908392919737593f,0.4164649472195865f,0.0728180660880609f,0.9950961288961929f,0.06694194131489091f,0.2986272229982789f,0.3951684763241906f,0.03283977736181195f,-0.9180214727022696f,0.6390139045304745f,0f,0f,0f,1f],start_interpolation:0}
execute if entity @s[tag=aj.dino.bone.neck_1] run data modify entity @s {} merge value {transformation:[-0.8777474034245156f,0.07279730723886221f,-0.47356102863336536f,0.3766834807006257f,0.07028280639659884f,0.9972611609304318f,0.02303267298221684f,0.30517265021446693f,0.4739407377579381f,-0.013066329188346104f,-0.8804597935936671f,0.5643672090330204f,0f,0f,0f,1f],start_interpolation:0}
execute if entity @s[tag=aj.dino.bone.neck_2] run data modify entity @s {} merge value {transformation:[-0.8621144815300957f,0.022228352448969f,-0.5062257609836726f,0.33255193680844425f,-0.19213021188721502f,0.9100967656026788f,0.36716462100768466f,0.34624944089512644f,0.468875892338546f,0.4137991995967939f,-0.7803368631538463f,0.5000552000828221f,0f,0f,0f,1f],start_interpolation:0}
execute if entity @s[tag=aj.dino.bone.body_0] run data modify entity @s {} merge value {transformation:[-0.8556906602057575f,-0.000113237411162731f,-0.5174876628615639f,0.08866086315263684f,-0.20879094304351414f,0.9150682365833648f,0.34504559771023213f,0.5175853059637197f,0.4734974510381601f,0.40329903244800874f,-0.7830389864412021f,0.1348537895771406f,0f,0f,0f,1f],start_interpolation:0}
execute if entity @s[tag=aj.dino.bone.leg_left_3] run data modify entity @s {} merge value {transformation:[-0.20872222193064782f,0.020673524533286636f,-0.9777564315593659f,0.260895461932327f,-0.06373220250449792f,0.9973638246251272f,0.034693049636271484f,0.050130207756947626f,0.9758961217446555f,0.06955578130184958f,-0.2068544242969685f,-0.2529889953960938f,0f,0f,0f,1f],start_interpolation:0}
execute if entity @s[tag=aj.dino.bone.leg_left_2] run data modify entity @s {} merge value {transformation:[-0.2924025278742756f,0.17969864408364164f,-0.9665771353119876f,0.2724577651170807f,-0.3290241788117517f,0.9323860793133277f,0.2728763242948504f,0.27539070878536426f,0.9264480832462662f,0.3878489344034822f,-0.2081570383919254f,-0.16757768532824507f,0f,0f,0f,1f],start_interpolation:0}
execute if entity @s[tag=aj.dino.bone.leg_left_1] run data modify entity @s {} merge value {transformation:[-0.5511796673797644f,0.6790079826241187f,-0.4849217811151164f,0.4936185353734235f,-0.03447741895491292f,0.5621412767126407f,0.8263222692134651f,0.38496853164959277f,0.8336739661578378f,0.4721708849014383f,-0.2864303992282474f,-0.04071555506187054f,0f,0f,0f,1f],start_interpolation:0}
execute if entity @s[tag=aj.dino.bone.leg_left_0] run data modify entity @s {} merge value {transformation:[-0.512122752238575f,-0.6916361009349608f,-0.5092836051976068f,0.2039711993654348f,-0.07177788535575391f,0.6253284549325224f,-0.7770535751320888f,0.6854038053505643f,0.8559078348826137f,-0.36139151530603075f,-0.3698891061539493f,-0.05297710570404797f,0f,0f,0f,1f],start_interpolation:0}
execute if entity @s[tag=aj.dino.bone.leg_right_3] run data modify entity @s {} merge value {transformation:[-0.9808903369724497f,0.09113405133587031f,0.17189744477794086f,-0.34379240077176143f,0.08334084281529963f,0.9951615672754843f,-0.05203613106906302f,0.030623093568970944f,-0.17580799399603475f,-0.03671566021348565f,-0.9837395537143853f,0.1636020399218692f,0f,0f,0f,1f],start_interpolation:0}
execute if entity @s[tag=aj.dino.bone.leg_right_2] run data modify entity @s {} merge value {transformation:[-0.9777234014275509f,0.30989687596224874f,-0.009114607532599019f,-0.2703207522791315f,0.3093837336391908f,0.9733134462408284f,-0.09489383661213245f,0.2540884289011741f,-0.020021367613349262f,-0.09320440513374091f,-1.0212611239067366f,0.11034574603413211f,0f,0f,0f,1f],start_interpolation:0}
execute if entity @s[tag=aj.dino.bone.leg_right_1] run data modify entity @s {} merge value {transformation:[-0.9753377045248112f,0.18750526332925405f,-0.11643941925352941f,-0.23263038159434418f,-0.014009966867033787f,0.4738915962645765f,0.880471734820713f,0.335854030201605f,0.2202727467496983f,0.8603885931447712f,-0.4595773991676534f,0.37284757090662307f,0f,0f,0f,1f],start_interpolation:0}
execute if entity @s[tag=aj.dino.bone.leg_right_0] run data modify entity @s {} merge value {transformation:[-0.9848765685086527f,-0.13622938912501492f,-0.10704998057564738f,-0.16288679118753638f,0.017946031466686996f,0.5343314904874656f,-0.8450844917687462f,0.6123584125234156f,0.17232551975031993f,-0.8342250366730004f,-0.5238057878934838f,0.06790751660339689f,0f,0f,0f,1f],start_interpolation:0}
execute if entity @s[tag=aj.dino.bone.tail_4] run data modify entity @s {} merge value {transformation:[1.4185868475838386f,-0.3484737518663614f,2.343467245711433f,0.7942357808833898f,0.24038775472009347f,2.7385011023806247f,0.2616997731002749f,0.394403434857907f,-2.3570079369494663f,0.06956355454032541f,1.437127631296865f,-1.0992242694165715f,0f,0f,0f,1f],start_interpolation:0}
execute if entity @s[tag=aj.dino.bone.tail_3] run data modify entity @s {} merge value {transformation:[-0.12495957049906384f,-0.08251395301083536f,2.07690203893772f,0.4428774089912423f,-0.05959669973678367f,2.0799387090666475f,0.07904888330074758f,0.36064583227959257f,-2.0776859399739935f,-0.05469863004808495f,-0.1271798755687767f,-1.0771239933045036f,0f,0f,0f,1f],start_interpolation:0}
execute if entity @s[tag=aj.dino.bone.tail_2] run data modify entity @s {} merge value {transformation:[-0.9377891526373197f,0.4868752561357107f,1.6438606586816722f,0.13670971283049485f,-0.019736634357857788f,1.8705233132744417f,-0.5652670826819881f,0.46615825060107013f,-1.7143324780983353f,-0.2878695789109496f,-0.8927312782005734f,-0.912503352506594f,0f,0f,0f,1f],start_interpolation:0}
execute if entity @s[tag=aj.dino.bone.tail_1] run data modify entity @s {} merge value {transformation:[-1.1820351709483718f,0.472545862825134f,0.8167922086846224f,-0.04370195932522344f,0.11685168993016419f,1.372412130892234f,-0.6248894906623916f,0.5837395397439225f,-0.9363732093569952f,-0.42525474777677463f,-1.1090626052174841f,-0.6677525690710537f,0f,0f,0f,1f],start_interpolation:0}
execute if entity @s[tag=aj.dino.bone.tail_0] run data modify entity @s {} merge value {transformation:[-1.2613018470316135f,-0.014487236096524157f,0.20674498119410714f,-0.10446725084432824f,-0.07671828330824981f,1.217149096805227f,-0.3827506991979022f,0.7249601658701978f,-0.192529665934638f,-0.39009474838881325f,-1.2019126971617335f,-0.3259394250817066f,0f,0f,0f,1f],start_interpolation:0}
execute if entity @s[tag=aj.dino.bone.body_1] run data modify entity @s {} merge value {transformation:[-1.1538098271719586f,-0.12317659545599807f,-0.4267962091086739f,0.003053707136825552f,-0.2297360129639345f,1.182152583248454f,0.2798950326867053f,0.5802621258544922f,0.3801957944600392f,0.3405104863394463f,-1.1261031753902586f,-0.08707200868202375f,0f,0f,0f,1f],start_interpolation:0}