execute if entity @s[tag=aj.dino.bone.head_lower] run data modify entity @s {} merge value {transformation:[-0.9757030758921365f,0.03417610306069155f,0.21641511424622964f,0.1707023504902891f,0.1110704708897245f,0.9285815798262097f,0.3541180595561249f,0.1383808637707565f,-0.18885671338599141f,0.369551408584848f,-0.9098158595133394f,0.7180549570677619f,0f,0f,0f,1f],start_interpolation:0}
execute if entity @s[tag=aj.dino.bone.head_upper] run data modify entity @s {} merge value {transformation:[-1.0156089251531766f,-0.14829995712935315f,0.1732558121626753f,0.1790008393409617f,0.11561320686975138f,0.3468286121695843f,0.9745847540164576f,0.21339000359971116f,-0.19658087427318124f,0.9701489468527291f,-0.3219299976299814f,0.7175853649974953f,0f,0f,0f,1f],start_interpolation:0}
execute if entity @s[tag=aj.dino.bone.neck_0] run data modify entity @s {} merge value {transformation:[-0.9997200429783868f,0.020030472481462374f,-0.0125942780444816f,0.17818437212171154f,0.01270981246170945f,0.9035881124307896f,0.428213712696068f,0.22640806901273605f,0.019957362913985116f,0.4279337603484117f,-0.9035897301428275f,0.6522049427865689f,0f,0f,0f,1f],start_interpolation:0}
execute if entity @s[tag=aj.dino.bone.neck_1] run data modify entity @s {} merge value {transformation:[-0.9677745119788388f,0.018810629841295837f,-0.25111482267897706f,0.15699830897910466f,-0.11354020401512868f,0.8574950219919033f,0.5018076417625662f,0.27286813487476247f,0.2247690281963316f,0.5141482738122134f,-0.8277260636826642f,0.5844542981169801f,0f,0f,0f,1f],start_interpolation:0}
execute if entity @s[tag=aj.dino.bone.neck_2] run data modify entity @s {} merge value {transformation:[-0.9677745119788388f,0.04545625290050998f,-0.24768169701527246f,0.13574457983389324f,-0.11354020401512868f,0.7991545246747324f,0.5903055715170791f,0.3324075524995886f,0.2247690281963316f,0.599404516803258f,-0.768240267884683f,0.5230192336955997f,0f,0f,0f,1f],start_interpolation:0}
execute if entity @s[tag=aj.dino.bone.body_0] run data modify entity @s {} merge value {transformation:[-0.9677745119788388f,-0.041744148053570546f,-0.24833429096160264f,0.018307894566885707f,-0.11354020401512868f,0.9525687348817686f,0.2823498315883144f,0.4745523772259601f,0.2247690281963316f,0.301446896532421f,-0.9266113816129439f,0.0891824228321923f,0f,0f,0f,1f],start_interpolation:0}
execute if entity @s[tag=aj.dino.bone.leg_left_3] run data modify entity @s {} merge value {transformation:[-0.9911221974764508f,0.0024726920902995927f,-0.1329310929138764f,0.21637444881064025f,-0.00040495881779286334f,0.999766258569854f,0.02161629555663297f,0.02897095360081281f,0.13295347185315243f,0.02147822197162491f,-0.9908895298180976f,-0.46844899518322686f,0f,0f,0f,1f],start_interpolation:0}
execute if entity @s[tag=aj.dino.bone.leg_left_2] run data modify entity @s {} merge value {transformation:[-1.0088326672146921f,-0.09628657292030804f,-0.15826479373646785f,0.1874740163558543f,-0.1392791891693009f,0.9719950896866061f,0.29646087868412396f,0.2644874920632095f,0.12214809259880641f,0.31307609458577806f,-0.9690848270270692f,-0.4252309760172308f,0f,0f,0f,1f],start_interpolation:0}
execute if entity @s[tag=aj.dino.bone.leg_left_1] run data modify entity @s {} merge value {transformation:[-0.9695426629992725f,0.045263356744630126f,0.24070366254065895f,0.20631368437884495f,0.24482170744218215f,0.15091433952113276f,0.9577511126028488f,0.24981489727493017f,0.007025396029668018f,0.9875100458542733f,-0.1573993429068804f,-0.14874740050011606f,0f,0f,0f,1f],start_interpolation:0}
execute if entity @s[tag=aj.dino.bone.leg_left_0] run data modify entity @s {} merge value {transformation:[-0.9821873962865804f,0.18789768526272738f,-0.0015422219998817016f,0.16600951542709577f,0.18783504537613888f,0.9820161749277249f,0.019032285960020545f,0.655677653346321f,0.005090609426359402f,0.01840358805312628f,-0.9998176802009651f,-0.05953823189230631f,0f,0f,0f,1f],start_interpolation:0}
execute if entity @s[tag=aj.dino.bone.leg_right_3] run data modify entity @s {} merge value {transformation:[-0.9939959801609908f,-0.07606872161368916f,0.0786482105063451f,-0.2960293584251429f,-0.07946553909575467f,0.9959941707388198f,-0.04099804813051114f,0.0044377870607228975f,-0.07521449009341477f,-0.04700171748297815f,-0.996059043949523f,-0.06469849176570797f,0f,0f,0f,1f],start_interpolation:0}
execute if entity @s[tag=aj.dino.bone.leg_right_2] run data modify entity @s {} merge value {transformation:[-1.0229189047807827f,0.05710202980682273f,0.049380886329824944f,-0.27960593343797596f,0.05806104057954772f,1.0238845562280456f,0.018749148919690786f,0.24359314854856245f,-0.04824965605678939f,0.021493562067124883f,-1.024339883525367f,-0.09127021074147829f,0f,0f,0f,1f],start_interpolation:0}
execute if entity @s[tag=aj.dino.bone.leg_right_1] run data modify entity @s {} merge value {transformation:[-0.9842149997430298f,0.023160882502344632f,-0.17545485972904956f,-0.2836096344896196f,-0.17378519086007405f,0.06095488306718022f,0.9828953197914791f,0.20456256284180596f,0.033459553472147685f,0.9978717732013361f,-0.055967691836143585f,0.18345505096017556f,0f,0f,0f,1f],start_interpolation:0}
execute if entity @s[tag=aj.dino.bone.leg_right_0] run data modify entity @s {} merge value {transformation:[-0.9908255409039387f,-0.08270402352091864f,0.10688681857866647f,-0.20957431804504775f,-0.13481047396073245f,0.6606202544465802f,-0.7385167672608514f,0.539738597596962f,-0.009533289196289818f,-0.7461507380606061f,-0.665708789553445f,-0.054206633392215875f,0f,0f,0f,1f],start_interpolation:0}
execute if entity @s[tag=aj.dino.bone.tail_4] run data modify entity @s {} merge value {transformation:[-2.3310225949469436f,-0.07354454379276915f,-1.478710990533691f,-0.5504556583291378f,-1.1543828250256236f,1.8172301590350581f,1.7293745036802401f,1.5803641100182444f,0.9270357526722887f,2.077962242383564f,-1.564716895829911f,-1.3441062376274981f,0f,0f,0f,1f],start_interpolation:0}
execute if entity @s[tag=aj.dino.bone.tail_3] run data modify entity @s {} merge value {transformation:[-1.756264144478888f,-0.18467964014517363f,-1.1033472759644318f,-0.3615614982973435f,-0.8743012846042806f,1.5078290250456143f,1.1392955810560048f,1.3724263903930969f,0.6979104846623153f,1.4241806724535637f,-1.3492871798296209f,-1.1292537196116692f,0f,0f,0f,1f],start_interpolation:0}
execute if entity @s[tag=aj.dino.bone.tail_2] run data modify entity @s {} merge value {transformation:[-1.7966333693068883f,-0.15876393453116708f,-0.7521146351374488f,-0.223111320240524f,-0.60380003423686f,1.4747763103568685f,1.1310323726881222f,1.1620743930052906f,0.4757183304764715f,1.2722431852854f,-1.404942426772825f,-0.8674234895767554f,0f,0f,0f,1f],start_interpolation:0}
execute if entity @s[tag=aj.dino.bone.tail_1] run data modify entity @s {} merge value {transformation:[-1.4481743211047042f,-0.07986565590074012f,-0.42903247278087714f,-0.1284284986325897f,-0.37893155633679193f,0.9676971506703329f,1.0989219035931062f,0.9141315826324334f,0.2164676911345116f,1.1596723466531675f,-0.9465505993357304f,-0.6781189648669703f,0f,0f,0f,1f],start_interpolation:0}
execute if entity @s[tag=aj.dino.bone.tail_0] run data modify entity @s {} merge value {transformation:[-1.2211784542594513f,-0.2290772085004177f,-0.3001375217832329f,-0.046249380028848194f,-0.3771471886992036f,0.7881350003274469f,0.9329731699781996f,0.6605142395480427f,0.01785770121857282f,0.9798992654291252f,-0.8205572793551202f,-0.4146863415017009f,0f,0f,0f,1f],start_interpolation:0}
execute if entity @s[tag=aj.dino.bone.body_1] run data modify entity @s {} merge value {transformation:[-1.1812535889810558f,-0.35387566143219223f,-0.08953529930453782f,-0.001597640056212285f,-0.3646414288946298f,1.157889909300373f,0.2343761535018164f,0.5280329645952238f,0.016768479636131463f,0.2503349141501297f,-1.210642739995739f,-0.1500906958245225f,0f,0f,0f,1f],start_interpolation:0}