execute if entity @s[tag=aj.dino.bone.head_lower] run data modify entity @s {} merge value {transformation:[-0.9589281221595716f,0.13458309438210667f,0.24968830016253124f,0.15572511396398708f,0.18777770655885598f,0.9609633325807612f,0.20319696443296958f,0.08035704137366562f,-0.21259442478817153f,0.24173717989133237f,-0.9467664687805393f,0.7162228506919635f,0f,0f,0f,1f],start_interpolation:0}
execute if entity @s[tag=aj.dino.bone.head_upper] run data modify entity @s {} merge value {transformation:[-0.9981478828025139f,-0.1142098528445101f,0.2722661494817175f,0.1716200193118315f,0.19545773651640214f,0.4638141849418434f,0.9111227237129611f,0.15364294216476285f,-0.22128944818099744f,0.924826715630272f,-0.4233184011636875f,0.7077384402223206f,0f,0f,0f,1f],start_interpolation:0}
execute if entity @s[tag=aj.dino.bone.neck_0] run data modify entity @s {} merge value {transformation:[-0.9940717587737697f,0.10490540441110832f,0.028569118533226856f,0.1720857501091154f,0.10827164800051367f,0.9311363944558808f,0.3482273182261193f,0.1610108986484667f,0.009929181621695177f,0.3492561682276262f,-0.9369746743147753f,0.6414796101211515f,0f,0f,0f,1f],start_interpolation:0}
execute if entity @s[tag=aj.dino.bone.neck_1] run data modify entity @s {} merge value {transformation:[-0.9677833905656076f,0.0886189484792824f,-0.2356734836925078f,0.15252936924416202f,-0.04549681619668372f,0.8590555163999949f,0.5098565086950477f,0.20815999818372907f,0.2476395539111263f,0.5041530538568266f,-0.8273477803351706f,0.5737149642871324f,0f,0f,0f,1f],start_interpolation:0}
execute if entity @s[tag=aj.dino.bone.neck_2] run data modify entity @s {} merge value {transformation:[-0.9677833905656076f,0.131613028718556f,-0.21464696507722864f,0.13501325906045633f,-0.04549681619668372f,0.7470587004585642f,0.6631993198014654f,0.27357540418241316f,0.2476395539111263f,0.6515990398555616f,-0.7170030283046288f,0.5172796833345205f,0f,0f,0f,1f],start_interpolation:0}
execute if entity @s[tag=aj.dino.bone.body_0] run data modify entity @s {} merge value {transformation:[-0.9677833905656076f,0.049382190809454385f,-0.2468941234136509f,0.019123411643764025f,-0.04549681619668372f,0.9301382264696624f,0.36438018521296667f,0.4541671483274964f,0.2476395539111263f,0.36387398765332124f,-0.8979255940488435f,0.09755707265516061f,0f,0f,0f,1f],start_interpolation:0}
execute if entity @s[tag=aj.dino.bone.leg_left_3] run data modify entity @s {} merge value {transformation:[-0.9917923333546115f,0.024392272440134533f,-0.12551089412565458f,0.21912703525796584f,0.014047398902347633f,0.9964790912161269f,0.08265646588839531f,0.004687451375873036f,0.12708516075094428f,0.08021494757392394f,-0.9886429709974265f,-0.3841173726578103f,0f,0f,0f,1f],start_interpolation:0}
execute if entity @s[tag=aj.dino.bone.leg_left_2] run data modify entity @s {} merge value {transformation:[-1.0127216043692004f,-0.08289443640096661f,-0.139948790485423f,0.19390830370894852f,-0.13300968399327934f,0.9300107074106748f,0.41164390869560746f,0.23398688920991012f,0.09362465224808401f,0.4245830849385732f,-0.9289918341816376f,-0.31371243352660494f,0f,0f,0f,1f],start_interpolation:0}
execute if entity @s[tag=aj.dino.bone.leg_left_1] run data modify entity @s {} merge value {transformation:[-0.966616579787636f,0.026012383345282178f,0.25490340051154786f,0.20670670822333476f,0.25622697559212093f,0.09676072364652827f,0.961761456567227f,0.20416261264041746f,0.0003530702014854954f,0.994967697099809f,-0.10019559406148848f,-0.03810383600330905f,0f,0f,0f,1f],start_interpolation:0}
execute if entity @s[tag=aj.dino.bone.leg_left_0] run data modify entity @s {} merge value {transformation:[-0.9794335071373386f,0.18993719435198045f,-0.06807251499945352f,0.17293950867057695f,0.20119829723409374f,0.9447254429542896f,-0.258868852172142f,0.619560525378136f,0.015141013399177033f,-0.2672409018779107f,-0.9635107939596352f,-0.06283496804298859f,0f,0f,0f,1f],start_interpolation:0}
execute if entity @s[tag=aj.dino.bone.leg_right_3] run data modify entity @s {} merge value {transformation:[-0.9983672060274031f,-0.05705978057393402f,0.002665214792665606f,-0.31630643134251973f,-0.057065236741425f,0.9942096318922944f,-0.09105364686948508f,-0.011760009294915386f,0.002545718892899309f,-0.09105706613680387f,-0.9958424222847084f,-0.08936772183977364f,0f,0f,0f,1f],start_interpolation:0}
execute if entity @s[tag=aj.dino.bone.leg_right_2] run data modify entity @s {} merge value {transformation:[-1.0215047679238876f,0.08605303123885961f,-0.03442505517878874f,-0.29572674278824046f,0.08313686028290543f,1.0191417836999457f,0.08062559568702259f,0.22816317607856246f,0.040969147803675846f,0.07750548388462877f,-1.0219474685113437f,-0.10294761894057033f,0f,0f,0f,1f],start_interpolation:0}
execute if entity @s[tag=aj.dino.bone.leg_right_1] run data modify entity @s {} merge value {transformation:[-0.9855068347057526f,0.10847430390101553f,-0.1304208731048761f,-0.27896761476405973f,-0.13148226229242954f,-0.002659672505319066f,0.991314955422659f,0.17224644693913038f,0.10718532292582243f,0.9940956953610423f,0.01688357230957299f,0.1683563373335358f,0f,0f,0f,1f],start_interpolation:0}
execute if entity @s[tag=aj.dino.bone.leg_right_0] run data modify entity @s {} merge value {transformation:[-0.9937181605909735f,-0.11149003731569655f,0.009705096137420634f,-0.20798708212628603f,-0.08846374264401886f,0.7294376652368042f,-0.6783029255216966f,0.5241516555317429f,0.06854475581038123f,-0.6749004845999328f,-0.7347182809333594f,-0.04479095145124043f,0f,0f,0f,1f],start_interpolation:0}
execute if entity @s[tag=aj.dino.bone.tail_4] run data modify entity @s {} merge value {transformation:[-2.127998267733522f,-0.6801038819488632f,-1.6231892723527999f,-0.5880272724775992f,-1.003714625212367f,2.5611080592997393f,0.2427834247322407f,1.3158780904935614f,1.445628463768586f,0.7770749963472029f,-2.220804837529419f,-1.4576660074180434f,0f,0f,0f,1f],start_interpolation:0}
execute if entity @s[tag=aj.dino.bone.tail_3] run data modify entity @s {} merge value {transformation:[-1.6016903946428132f,-0.39580762706133943f,-1.2703817253540224f,-0.36874418934073383f,-0.7623507961700616f,1.9023690846701737f,0.3684544141606683f,1.2347856627885132f,1.090575384525189f,0.7485143379359412f,-1.6082030787859158f,-1.1922989954258636f,0f,0f,0f,1f],start_interpolation:0}
execute if entity @s[tag=aj.dino.bone.tail_2] run data modify entity @s {} merge value {transformation:[-1.7600294713955122f,-0.13622807417950933f,-0.8381599170965824f,-0.21426595225988737f,-0.47839465515846197f,1.7526970626752085f,0.7196981557627383f,1.101058660344021f,0.701575860999952f,0.853386661073287f,-1.6119231969815244f,-0.891924151181634f,0f,0f,0f,1f],start_interpolation:0}
execute if entity @s[tag=aj.dino.bone.tail_1] run data modify entity @s {} merge value {transformation:[-1.4561979260359794f,0.026676867644098285f,-0.40796102135033757f,-0.12541217866414966f,-0.26257827650932414f,1.095808396314115f,1.0089166750891176f,0.870806782668873f,0.31336320606271595f,1.0421845101996992f,-1.0503862136309239f,-0.6789317645954132f,0f,0f,0f,1f],start_interpolation:0}
execute if entity @s[tag=aj.dino.bone.tail_0] run data modify entity @s {} merge value {transformation:[-1.2371410266008125f,-0.15097575110717892f,-0.2837677209668819f,-0.04613196903608065f,-0.3134885028360971f,0.8160278140608047f,0.932555243324895f,0.6179846707481697f,0.07101236142177887f,0.972183442484388f,-0.8268327008945248f,-0.4138515137541519f,0f,0f,0f,1f],start_interpolation:0}
execute if entity @s[tag=aj.dino.bone.body_1] run data modify entity @s {} merge value {transformation:[-1.1980571643813474f,-0.28771310408061196f,-0.10239529125440197f,-0.0029469788347388885f,-0.30007167477041363f,1.1860812473733036f,0.1782494310961949f,0.4966531858656272f,0.05675047075799419f,0.19757793253786468f,-1.2191582914859984f,-0.14372256453815507f,0f,0f,0f,1f],start_interpolation:0}