execute if entity @s[tag=aj.dino.bone.head_lower] run data modify entity @s {} merge value {transformation:[-0.8641637810222889f,0.01721982495804389f,-0.5029159345235307f,0.20961238337435562f,-0.16061609353264114f,0.9376994467709663f,0.308094495283083f,0.4077646878788957f,0.47688932685432983f,0.3470204967344697f,-0.8075601183680299f,0.8160471959050578f,0f,0f,0f,1f],start_interpolation:0}
execute if entity @s[tag=aj.dino.bone.head_upper] run data modify entity @s {} merge value {transformation:[-0.8995077195978585f,0.1821119599821201f,-0.49111407941418117f,0.17956631559292002f,-0.16718522483475387f,0.8250903719113329f,0.612165762975747f,0.4684410699407282f,0.49639390161878577f,0.6078923052599007f,-0.6837631038780831f,0.7827145248066179f,0f,0f,0f,1f],start_interpolation:0}
execute if entity @s[tag=aj.dino.bone.neck_0] run data modify entity @s {} merge value {transformation:[-0.9581036450011773f,-0.10894449111750898f,-0.2648933809867763f,0.16451577350527471f,-0.1143441656923449f,0.9934286044251933f,0.005001967806211205f,0.4526762450878526f,0.2626077249579304f,0.03508141623366681f,-0.964264733891819f,0.7197090668325418f,0f,0f,0f,1f],start_interpolation:0}
execute if entity @s[tag=aj.dino.bone.neck_1] run data modify entity @s {} merge value {transformation:[-0.9705880464281665f,-0.11677880574905951f,-0.21052685020818374f,0.1461434007669974f,-0.1618138527261975f,0.9639300991032766f,0.2113173942406344f,0.47501830739614015f,0.1782557746516508f,0.23916829758680522f,-0.9544754602569778f,0.6399542863093052f,0f,0f,0f,1f],start_interpolation:0}
execute if entity @s[tag=aj.dino.bone.neck_2] run data modify entity @s {} merge value {transformation:[-0.956818472181789f,-0.1396145383947925f,-0.25496311882410866f,0.12243980574464274f,-0.24102114778200148f,0.8713685881218419f,0.42734715391165823f,0.5209883662655362f,0.1625029772452005f,0.4703451544380541f,-0.8673916174849106f,0.5685692482081659f,0f,0f,0f,1f],start_interpolation:0}
execute if entity @s[tag=aj.dino.bone.body_0] run data modify entity @s {} merge value {transformation:[-0.9552005400213274f,-0.23246153385782703f,-0.18317631839140994f,0.03389500711105209f,-0.24510496764038603f,0.9682378752901774f,0.04938594629617149f,0.5534874536171063f,0.1658779164957475f,0.09207090816337885f,-0.9818388180801373f,0.10670938563145649f,0f,0f,0f,1f],start_interpolation:0}
execute if entity @s[tag=aj.dino.bone.leg_left_3] run data modify entity @s {} merge value {transformation:[-0.9598871662596042f,-0.07766235974983078f,-0.26941638021507747f,0.32506503575470885f,-0.12010690197084066f,0.9821431211768915f,0.14480753303568306f,0.1025976552733237f,0.25335934983551356f,0.1713576593064967f,-0.9520743628771463f,-0.06965687292047502f,0f,0f,0f,1f],start_interpolation:0}
execute if entity @s[tag=aj.dino.bone.leg_left_2] run data modify entity @s {} merge value {transformation:[-0.9735841238904739f,-0.20130286301466505f,-0.25233571001983085f,0.26883292971109923f,-0.21196879789845285f,1.0034092346020709f,0.017359036075343306f,0.33669851915293925f,0.24344482316656058f,0.06862408293069758f,-0.9940259316617533f,-0.08400287747692112f,0f,0f,0f,1f],start_interpolation:0}
execute if entity @s[tag=aj.dino.bone.leg_left_1] run data modify entity @s {} merge value {transformation:[-0.9881104943191001f,0.10209278261255146f,0.11495527284509469f,0.31015038982146603f,0.14368841642255142f,0.34723940240293416f,0.9267029925520001f,0.37902211734743996f,0.05469268691921532f,0.93220269317208f,-0.35778044781720153f,0.187133557156391f,0f,0f,0f,1f],start_interpolation:0}
execute if entity @s[tag=aj.dino.bone.leg_left_0] run data modify entity @s {} merge value {transformation:[-0.9893123934427301f,-0.010481868597806296f,-0.14543424153656279f,0.20284120690652427f,0.10643744837026439f,0.6298011466604848f,-0.7694293893851247f,0.7013149581259033f,0.09965970983825034f,-0.7766856803725927f,-0.6219544164479572f,-0.05559951147977321f,0f,0f,0f,1f],start_interpolation:0}
execute if entity @s[tag=aj.dino.bone.leg_right_3] run data modify entity @s {} merge value {transformation:[-0.9856153241862603f,0.01346058919929876f,0.168467341842926f,-0.2525728339786657f,0.021167615467412897f,0.99880567196657f,0.04403591378446245f,0.005295444364694174f,-0.16767338722837719f,0.046968523351459374f,-0.984723104750542f,-0.03611661919285897f,0f,0f,0f,1f],start_interpolation:0}
execute if entity @s[tag=aj.dino.bone.leg_right_2] run data modify entity @s {} merge value {transformation:[-1.013565822954411f,0.13228600902535465f,0.08512892490561631f,-0.21753386825369112f,0.11221574240329102f,0.9969994193232644f,-0.2132181618123712f,0.23093107613306693f,-0.11024585795539223f,-0.2013821471380025f,-0.9996765882616551f,-0.11378195652829451f,0f,0f,0f,1f],start_interpolation:0}
execute if entity @s[tag=aj.dino.bone.leg_right_1] run data modify entity @s {} merge value {transformation:[-0.9685844118609329f,0.0007656768295683791f,-0.24868383710849362f,-0.2234265635581209f,-0.22554796100764846f,0.418504854057703f,0.8797623567847361f,0.2934745417978881f,0.10474900660771623f,0.9082142373191108f,-0.40518458108072597f,0.15652708272945617f,0f,0f,0f,1f],start_interpolation:0}
execute if entity @s[tag=aj.dino.bone.leg_right_0] run data modify entity @s {} merge value {transformation:[-0.981251667293762f,-0.18768108276876944f,0.043828947100686286f,-0.18658855561637075f,-0.17863820162021438f,0.8003115055235783f,-0.5723546864038758f,0.6750673662227065f,0.07234333663239537f,-0.5694535146061757f,-0.8188340102533396f,-0.008812434878484293f,0f,0f,0f,1f],start_interpolation:0}
execute if entity @s[tag=aj.dino.bone.tail_4] run data modify entity @s {} merge value {transformation:[-1.7170664899747408f,0.8429392617267686f,-1.991682053352231f,-0.19163459355862483f,0.05619080227589197f,2.5596041637040745f,1.0348576957670843f,0.6927974821571252f,2.161986723905912f,0.6029438263953766f,-1.6087055291339944f,-1.6703401263558222f,0f,0f,0f,1f],start_interpolation:0}
execute if entity @s[tag=aj.dino.bone.tail_3] run data modify entity @s {} merge value {transformation:[-1.62071835898544f,0.47565195278590866f,-1.2177736845173417f,0.01020019379632299f,0.2763302240262107f,2.020400949770073f,0.4213871563090858f,0.6015745830044483f,1.277833766255069f,0.1663753227602745f,-1.635666727618816f,-1.3946196071369412f,0f,0f,0f,1f],start_interpolation:0}
execute if entity @s[tag=aj.dino.bone.tail_2] run data modify entity @s {} merge value {transformation:[-1.829560414504002f,0.2884908591775165f,-0.6231015879082163f,0.12474920598637265f,0.3670333698282218f,1.9096062429964054f,-0.19355716763910003f,0.6382822350250703f,0.580318076674561f,-0.2982463677615361f,-1.8420244051055803f,-1.0518331487425678f,0f,0f,0f,1f],start_interpolation:0}
execute if entity @s[tag=aj.dino.bone.tail_1] run data modify entity @s {} merge value {transformation:[-1.438143835983291f,0.21222216398117136f,0.41756473766161706f,0.033673698715071684f,0.12041615581238367f,1.4705425225844764f,-0.3326573141992428f,0.6917754721800798f,-0.452657162146623f,-0.28305952092454856f,-1.4151448869890788f,-0.7434171917092437f,0f,0f,0f,1f],start_interpolation:0}
execute if entity @s[tag=aj.dino.bone.tail_0] run data modify entity @s {} merge value {transformation:[-1.2535532205321687f,-0.01600498670198126f,0.24936695907462447f,-0.039583351393397734f,-0.04786740961895694f,1.2673486802444405f,-0.15928512285544463f,0.7689056684469673f,-0.2452524229723879f,-0.16555023306348002f,-1.2434951089340194f,-0.3840340413891182f,0f,0f,0f,1f],start_interpolation:0}
execute if entity @s[tag=aj.dino.bone.body_1] run data modify entity @s {} merge value {transformation:[-1.224800600131072f,-0.04419158625268314f,-0.16283485093581138f,0.0012500874357071568f,-0.08255164193604987f,1.1975900262136474f,0.2959188243142152f,0.6194425f,0.1471506418214968f,0.3040227423636541f,-1.1893365611942885f,-0.12800804005680327f,0f,0f,0f,1f],start_interpolation:0}