execute if entity @s[tag=aj.dino.bone.head_lower] run data modify entity @s {} merge value {transformation:[-0.9200078182906836f,-0.36312195303414346f,-0.1474044148208794f,0.6238321230258532f,-0.26292546253270993f,0.292991109584656f,0.9192531810422591f,0.761092954763682f,-0.2906128273768678f,0.8844764874936027f,-0.36502811896482906f,0.7264509402086367f,0f,0f,0f,1f],start_interpolation:0}
execute if entity @s[tag=aj.dino.bone.head_upper] run data modify entity @s {} merge value {transformation:[-0.9576357547221817f,-0.3012156225708022f,0.2750906261224994f,0.6357351513478767f,-0.27367900439802173f,0.9949301624207929f,0.1366957096640169f,0.7927723328743299f,-0.3024987709279036f,0.05343279150601804f,-0.9945407849668554f,0.6589958335740417f,0f,0f,0f,1f],start_interpolation:0}
execute if entity @s[tag=aj.dino.bone.neck_0] run data modify entity @s {} merge value {transformation:[-0.9520241225091256f,-0.11063329530710311f,0.28532497985669003f,0.6562882081445963f,-0.07051307569590648f,0.9865803656026226f,0.14726536715500504f,0.7863035230028042f,-0.2977884757955428f,0.1200810400391602f,-0.9470494007740466f,0.5959049260718211f,0f,0f,0f,1f],start_interpolation:0}
execute if entity @s[tag=aj.dino.bone.neck_1] run data modify entity @s {} merge value {transformation:[-0.9861570110851036f,-0.0759470216200633f,-0.14739877677489904f,0.6434517187075913f,-0.1203334388702932f,0.9393816190649068f,0.3210639145912284f,0.8178294642288898f,0.11407985351210931f,0.3343564320751672f,-0.9355167360088326f,0.5181947181627292f,0f,0f,0f,1f],start_interpolation:0}
execute if entity @s[tag=aj.dino.bone.neck_2] run data modify entity @s {} merge value {transformation:[-0.939766592202467f,-0.025941474956010235f,-0.3408310315350828f,0.6133383808591404f,-0.25525608894534f,0.7164326924136679f,0.6492830864093344f,0.8817258560506582f,0.22733913265535838f,0.6971737495904513f,-0.6799012293307756f,0.46545603795621726f,0f,0f,0f,1f],start_interpolation:0}
execute if entity @s[tag=aj.dino.bone.body_0] run data modify entity @s {} merge value {transformation:[-0.9362697197320082f,-0.1317848309573058f,-0.32562519902873155f,0.4586170304054885f,-0.26545036578402825f,0.8725478847925162f,0.4101174125165028f,1.0833247639168937f,0.23007632476652684f,0.47041784306471635f,-0.851922495129849f,0.06842947868837146f,0f,0f,0f,1f],start_interpolation:0}
execute if entity @s[tag=aj.dino.bone.leg_left_3] run data modify entity @s {} merge value {transformation:[-0.011549350319884586f,0.3539681438960976f,-0.93518616628666f,0.689245600974622f,-0.024257177110239003f,0.9348741322465879f,0.3541496099317799f,0.6538904134663055f,0.9996390357853336f,0.026775174377413356f,-0.0022109209004439034f,-0.4201644233201866f,0f,0f,0f,1f],start_interpolation:0}
execute if entity @s[tag=aj.dino.bone.leg_left_2] run data modify entity @s {} merge value {transformation:[0.02280183924532197f,-0.012872848470389057f,-1.0253665517267392f,0.6545919137639061f,-0.4390308274640619f,0.9267449851259327f,-0.021397770464471322f,0.868570934083442f,0.9267115021213164f,0.43936342794648636f,0.015092034980773652f,-0.31584535461137986f,0f,0f,0f,1f],start_interpolation:0}
execute if entity @s[tag=aj.dino.bone.leg_left_1] run data modify entity @s {} merge value {transformation:[-0.3563992748405345f,0.367268922678797f,-0.8591234459188606f,0.8070300030685118f,-0.31072974294311595f,0.8205741557552422f,0.47969269512582424f,1.0722425645947085f,0.8811507156801535f,0.4379173361959167f,-0.1783306561290745f,-0.2049675772445474f,0f,0f,0f,1f],start_interpolation:0}
execute if entity @s[tag=aj.dino.bone.leg_left_0] run data modify entity @s {} merge value {transformation:[-0.30794681854440686f,-0.8455374586385135f,-0.43615956138493905f,0.4747439223406059f,-0.34270956261855084f,0.5262465323065038f,-0.778212530691444f,1.3023666514301935f,0.8875353021926395f,-0.09017202046369044f,-0.45182971802142013f,-0.10039155811456305f,0f,0f,0f,1f],start_interpolation:0}
execute if entity @s[tag=aj.dino.bone.leg_right_3] run data modify entity @s {} merge value {transformation:[-0.9704264005006908f,0.20328328646284594f,-0.13018643038403552f,-0.07887705649418425f,-0.027210289168061928f,0.44375118309524275f,0.8957368406317576f,0.7093670660103334f,0.23985871127533223f,0.8727890884666448f,-0.42509646632135156f,-0.4335642426305655f,0f,0f,0f,1f],start_interpolation:0}
execute if entity @s[tag=aj.dino.bone.leg_right_2] run data modify entity @s {} merge value {transformation:[-0.9506337965202442f,0.33985255024745525f,-0.18126728470549314f,-0.003785098863450645f,0.08148642624334472f,0.6492342488974615f,0.7898842015747188f,0.8849871703354855f,0.3764539105286186f,0.7176749498551165f,-0.6287187917494282f,-0.28628950303812073f,0f,0f,0f,1f],start_interpolation:0}
execute if entity @s[tag=aj.dino.bone.leg_right_1] run data modify entity @s {} merge value {transformation:[-0.8860113901735117f,0.40133088420508434f,-0.23220107206032964f,0.09991356430057463f,-0.31458213442879157f,-0.1524207324481927f,0.9369130167834056f,0.7876237676698382f,0.3406198719702461f,0.903161913337316f,0.2612980312131177f,-0.04800324506438303f,0f,0f,0f,1f],start_interpolation:0}
execute if entity @s[tag=aj.dino.bone.leg_right_0] run data modify entity @s {} merge value {transformation:[-0.8933140392539693f,-0.10550785701938173f,-0.43687311588026945f,0.19792260095457026f,-0.26206841179164914f,0.9119758794538594f,0.3156265876559868f,1.1504733286319668f,0.3651166591827333f,0.39644430554812793f,-0.842331133097728f,0.1337705247930949f,0f,0f,0f,1f],start_interpolation:0}
execute if entity @s[tag=aj.dino.bone.tail_4] run data modify entity @s {} merge value {transformation:[2.6867012338362524f,-0.2797825479755908f,-0.5736022468148528f,-1.086000181001979f,-0.13936312130131578f,2.164851181912944f,-1.708700855091753f,1.1348021922418607f,0.6227967020817594f,1.6913906756330483f,2.0921240837621617f,0.18425373074364151f,0f,0f,0f,1f],start_interpolation:0}
execute if entity @s[tag=aj.dino.bone.tail_3] run data modify entity @s {} merge value {transformation:[1.7159663055024696f,0.0982999853114071f,-1.1754753410056835f,-0.8876449443610824f,-0.6714908413532372f,1.7874178991603302f,-0.8307724296005724f,1.2581792084512728f,0.9697964809192556f,1.063682232949998f,1.504666215127986f,-0.08129102142284753f,0f,0f,0f,1f],start_interpolation:0}
execute if entity @s[tag=aj.dino.bone.tail_2] run data modify entity @s {} merge value {transformation:[1.0957424161162137f,-0.2629623713346439f,-1.5965504137948918f,-0.5901020409244293f,-0.6149933527921603f,1.715801761147328f,-0.7046852967587462f,1.3891321922180206f,1.4966314204065194f,0.897579513307075f,0.8793288825838569f,-0.24343608186630666f,0f,0f,0f,1f],start_interpolation:0}
execute if entity @s[tag=aj.dino.bone.tail_1] run data modify entity @s {} merge value {transformation:[0.3614905497793435f,-0.06842130353271077f,-1.4670716947862887f,-0.2739135585228433f,-0.6020369216132585f,1.3711818177580162f,-0.21229276404120467f,1.418629114430276f,1.3396015741386167f,0.6346929949768692f,0.300480739303924f,-0.3171344683846983f,0f,0f,0f,1f],start_interpolation:0}
execute if entity @s[tag=aj.dino.bone.tail_0] run data modify entity @s {} merge value {transformation:[-0.4379080077966213f,0.07456868236582324f,-1.1985457041355776f,0.07812882815742667f,-0.6937358473347445f,1.0256223333125798f,0.31727767037286336f,1.35066329881685f,0.9802055230482871f,0.7591930305295962f,-0.3108999703521206f,-0.2079615908498345f,0f,0f,0f,1f],start_interpolation:0}
execute if entity @s[tag=aj.dino.bone.body_1] run data modify entity @s {} merge value {transformation:[-0.8706343304789389f,-0.027484813184873867f,-0.8774081391757956f,0.2839652271993307f,-0.47772166080458f,1.0515815753645297f,0.44109273425008716f,1.1772839351851851f,0.7364662059089022f,0.64963479775509f,-0.7511303163606831f,-0.07709182771421871f,0f,0f,0f,1f],start_interpolation:0}