execute if entity @s[tag=aj.dino.bone.head_lower] run data modify entity @s {} merge value {transformation:[-0.9157171696841558f,-0.3368881166092223f,-0.2190170359427085f,0.6015380650131957f,-0.3001448637753851f,0.2110718540926074f,0.9302482105111326f,0.6560912985587326f,-0.2671612357639003f,0.9175810968505179f,-0.29439735869689065f,0.7331277098789795f,0f,0f,0f,1f],start_interpolation:0}
execute if entity @s[tag=aj.dino.bone.head_upper] run data modify entity @s {} merge value {transformation:[-0.9531696203754172f,-0.3668196107590528f,0.20095519535325992f,0.6068586582519043f,-0.31242066364343846f,0.9569244830857908f,0.26487885001089156f,0.6957418506609744f,-0.2780880189894622f,0.1822384411069075f,-0.9863712013542099f,0.6691356674254644f,0f,0f,0f,1f],start_interpolation:0}
execute if entity @s[tag=aj.dino.bone.neck_0] run data modify entity @s {} merge value {transformation:[-0.9550817308949529f,-0.1475448550461234f,0.2570007841624596f,0.6261803512606166f,-0.09961786923034135f,0.9766242309950466f,0.19047674809104745f,0.6922381809209566f,-0.2790970573845367f,0.15631899175324845f,-0.9474540650482957f,0.6054243440054722f,0f,0f,0f,1f],start_interpolation:0}
execute if entity @s[tag=aj.dino.bone.neck_1] run data modify entity @s {} merge value {transformation:[-0.974300288259116f,-0.12030042749171281f,-0.1904383245135142f,0.6094935166394118f,-0.1807154606370765f,0.9221465335797339f,0.3420346369793704f,0.7254612176896047f,0.13446512776527847f,0.36765959494101547f,-0.9201877806528815f,0.529166123315996f,0f,0f,0f,1f],start_interpolation:0}
execute if entity @s[tag=aj.dino.bone.neck_2] run data modify entity @s {} merge value {transformation:[-0.9073774219127967f,-0.08637320739981104f,-0.4113464272925629f,0.5726108368266798f,-0.3545541071193321f,0.6828922153188371f,0.6387093293367053f,0.7881028868550762f,0.2257378996263138f,0.7253949898506331f,-0.6502649532089978f,0.4793001067502451f,0f,0f,0f,1f],start_interpolation:0}
execute if entity @s[tag=aj.dino.bone.body_0] run data modify entity @s {} merge value {transformation:[-0.9010452817514182f,-0.2100121637846004f,-0.37948951407913445f,0.3917582235516085f,-0.3684458380849333f,0.832253348589312f,0.41424875154883456f,0.9912650234892225f,0.22883414218905043f,0.5130782151138238f,-0.8272760606618653f,0.09429571299226354f,0f,0f,0f,1f],start_interpolation:0}
execute if entity @s[tag=aj.dino.bone.leg_left_3] run data modify entity @s {} merge value {transformation:[-0.061340088260779926f,0.2615818954814071f,-0.9632301415178585f,0.6309271063948715f,0.019481806888866533f,0.9651773277882124f,0.26087005409580916f,0.5407245758835832f,0.9979267772599875f,-0.002763671463755269f,-0.06430015044722512f,-0.37423106171514153f,0f,0f,0f,1f],start_interpolation:0}
execute if entity @s[tag=aj.dino.bone.leg_left_2] run data modify entity @s {} merge value {transformation:[-0.042568723571418554f,0.010244317859207784f,-1.0247659036217949f,0.6015791453361595f,-0.418710672694818f,0.9359636851874656f,0.026749805278651662f,0.7590734620968169f,0.9353777182751615f,0.4194391892308017f,-0.03466251855325226f,-0.27608049810416535f,0f,0f,0f,1f],start_interpolation:0}
execute if entity @s[tag=aj.dino.bone.leg_left_1] run data modify entity @s {} merge value {transformation:[-0.41413590271901773f,0.37072145348381125f,-0.8312984169394011f,0.7546293052052805f,-0.2790366407683715f,0.8176157018224582f,0.5036299407720628f,0.9600406434438271f,0.8663890622507922f,0.4405339578967993f,-0.23515914771059626f,-0.1611839087499116f,0f,0f,0f,1f],start_interpolation:0}
execute if entity @s[tag=aj.dino.bone.leg_left_0] run data modify entity @s {} merge value {transformation:[-0.36739404217067423f,-0.8180641919269706f,-0.4424845711031804f,0.42673275411021105f,-0.3127363522356246f,0.5567143905457548f,-0.7695875917331464f,1.2049104314628922f,0.8759095796758065f,-0.1443608854438817f,-0.46037196155501303f,-0.07854059528832696f,0f,0f,0f,1f],start_interpolation:0}
execute if entity @s[tag=aj.dino.bone.leg_right_3] run data modify entity @s {} merge value {transformation:[-0.984013339428945f,0.13353870865109765f,-0.1178353135426451f,-0.09031489768140524f,-0.028217060245737578f,0.5363857204732811f,0.8435011300427807f,0.5830167798088375f,0.17584523120342085f,0.8333413299267936f,-0.5240426342377675f,-0.3925358090810064f,0f,0f,0f,1f],start_interpolation:0}
execute if entity @s[tag=aj.dino.bone.leg_right_2] run data modify entity @s {} merge value {transformation:[-0.9722085526419308f,0.2945988645306086f,-0.14171887202434524f,-0.024515814783312634f,0.09572429764184648f,0.6816922435094224f,0.7603911779345948f,0.7652692406930107f,0.312585329968557f,0.7075092887426014f,-0.6736343350305721f,-0.24891967747508784f,0f,0f,0f,1f],start_interpolation:0}
execute if entity @s[tag=aj.dino.bone.leg_right_1] run data modify entity @s {} merge value {transformation:[-0.9114466904253994f,0.3379555921420346f,-0.23462938488713037f,0.06158799070964041f,-0.3012513727386796f,-0.15981247152614853f,0.9400572239857347f,0.6659964670032792f,0.28020089388802366f,0.927494469894366f,0.2474701343187129f,-0.004492926190894919f,0f,0f,0f,1f],start_interpolation:0}
execute if entity @s[tag=aj.dino.bone.leg_right_0] run data modify entity @s {} merge value {transformation:[-0.92340175780495f,-0.1828496260702241f,-0.337483640979393f,0.12463767906497109f,-0.24594829944981145f,0.9568899405944669f,0.1545026717790467f,1.0577228657154372f,0.2946839454067264f,0.22567156629734547f,-0.9285654077578102f,0.12543953285899878f,0f,0f,0f,1f],start_interpolation:0}
execute if entity @s[tag=aj.dino.bone.tail_4] run data modify entity @s {} merge value {transformation:[2.535995587032431f,-0.5132712778113051f,-0.9648524807067576f,-1.1764337198326857f,-0.06866599837969518f,2.35831280010994f,-1.4350285882532559f,1.0612204556935876f,1.090721181062581f,1.341854933966993f,2.1530011548928347f,-0.03126477140953529f,0f,0f,0f,1f],start_interpolation:0}
execute if entity @s[tag=aj.dino.bone.tail_3] run data modify entity @s {} merge value {transformation:[1.5155736909222466f,-0.04422707646740198f,-1.4272441554043613f,-0.9339930569742841f,-0.5932262319715834f,1.8736815817442385f,-0.6880010857387143f,1.1595445701178861f,1.2988704905145692f,0.9073625636888485f,1.351138095433211f,-0.2692471172888504f,0f,0f,0f,1f],start_interpolation:0}
execute if entity @s[tag=aj.dino.bone.tail_2] run data modify entity @s {} merge value {transformation:[0.7902666215143399f,-0.38811584105892327f,-1.744596983788007f,-0.6091842827076358f,-0.5352189537779882f,1.7686002985638671f,-0.6358989938971229f,1.2777818827660483f,1.7052252676523068f,0.734978198888717f,0.6089234013578322f,-0.3810088371498066f,0f,0f,0f,1f],start_interpolation:0}
execute if entity @s[tag=aj.dino.bone.tail_1] run data modify entity @s {} merge value {transformation:[0.12457109930720156f,-0.1662269255868977f,-1.49816784788198f,-0.2848823362239211f,-0.5324510407246922f,1.4015141258151724f,-0.19977561005219274f,1.3041479915678007f,1.4101894129685513f,0.5438593700125629f,0.0569126980642368f,-0.4012511890970515f,0f,0f,0f,1f],start_interpolation:0}
execute if entity @s[tag=aj.dino.bone.tail_0] run data modify entity @s {} merge value {transformation:[-0.5839860708265759f,-0.053369976383471525f,-1.1357586148849557f,0.04572481593125241f,-0.6568322849853152f,1.0580432985893444f,0.2880129238335969f,1.2455163907141498f,0.9280987744122577f,0.7152144716901605f,-0.5108195777409646f,-0.23471843668490494f,0f,0f,0f,1f],start_interpolation:0}
execute if entity @s[tag=aj.dino.bone.body_1] run data modify entity @s {} merge value {transformation:[-0.9501231411153329f,-0.11278520811055655f,-0.7830390211252832f,0.2353673038592097f,-0.46292152323287317f,1.0716230827977724f,0.4073477958685983f,1.078632314814815f,0.6415405482907062f,0.6062244306382805f,-0.8657495363281479f,-0.07427731417963558f,0f,0f,0f,1f],start_interpolation:0}