execute if entity @s[tag=aj.dino.bone.head_lower] run data modify entity @s {} merge value {transformation:[-0.9902328195858455f,-0.08839883338402633f,-0.10781748128856161f,0.456432577881802f,-0.09175735309509976f,0.9954263840346596f,0.026587630971260767f,0.21842804265084792f,0.10497404997449297f,0.03622099148319846f,-0.9938151179207966f,0.7115782370700888f,0f,0f,0f,1f],start_interpolation:0}
execute if entity @s[tag=aj.dino.bone.head_upper] run data modify entity @s {} merge value {transformation:[-1.0307329293098986f,0.012703040969601256f,-0.1445690276991145f,0.44643164443012257f,-0.0955101906044589f,0.7213236381077845f,0.7443399459797635f,0.28590836007479303f,0.10926744487926225f,0.75033511475912f,-0.7131127425817622f,0.6793006197129239f,0f,0f,0f,1f],start_interpolation:0}
execute if entity @s[tag=aj.dino.bone.neck_0] run data modify entity @s {} merge value {transformation:[-0.964049705025319f,-0.019082304258072686f,-0.26503590682169387f,0.4299151758910718f,-0.045874668101665295f,0.9943937971051274f,0.09527062036855283f,0.2759426844569814f,0.2617320787888968f,0.10400404772435169f,-0.9595204411526591f,0.6154834760070513f,0f,0f,0f,1f],start_interpolation:0}
execute if entity @s[tag=aj.dino.bone.neck_1] run data modify entity @s {} merge value {transformation:[-0.8839800211480289f,-0.011165330795026324f,-0.4673913323964916f,0.39026955824254494f,-0.07362495332008855f,0.990565336671202f,0.11558408209646887f,0.29029758393700694f,0.4616911180212858f,0.13658568436591784f,-0.8764620142177008f,0.5418648730135387f,0f,0f,0f,1f],start_interpolation:0}
execute if entity @s[tag=aj.dino.bone.neck_2] run data modify entity @s {} merge value {transformation:[-0.8117700661801914f,-0.04612981861194218f,-0.5821523851094631f,0.33881700340872006f,-0.3558196953338657f,0.8295297428844767f,0.43043321210442065f,0.3361283762053734f,0.4630569123405051f,0.5565540813836904f,-0.6898013122840767f,0.48688211685065863f,0f,0f,0f,1f],start_interpolation:0}
execute if entity @s[tag=aj.dino.bone.body_0] run data modify entity @s {} merge value {transformation:[-0.7981378322321855f,-0.12979780911353972f,-0.5883268900101648f,0.0603042599936991f,-0.37976423148116634f,0.8664765528223064f,0.3240331956708943f,0.4970982784619056f,0.4677126567105348f,0.4820486616084501f,-0.740860282775555f,0.1423095598672475f,0f,0f,0f,1f],start_interpolation:0}
execute if entity @s[tag=aj.dino.bone.leg_left_3] run data modify entity @s {} merge value {transformation:[-0.164357862330054f,0.022343587538002085f,-0.9861476852815844f,0.21718496233250995f,0.04836223653312423f,0.9987236168560883f,0.01456815744723583f,0.0008923106973649786f,0.9852144878998731f,-0.04529791639606569f,-0.16522866459051774f,-0.2598325942088412f,0f,0f,0f,1f],start_interpolation:0}
execute if entity @s[tag=aj.dino.bone.leg_left_2] run data modify entity @s {} merge value {transformation:[-0.2813876741433553f,0.24322994700867498f,-0.9558882618899787f,0.24390374225633923f,-0.3293008661189092f,0.9138252270385754f,0.3294641004751907f,0.22357469051111412f,0.9297548687230542f,0.3972717543530467f,-0.1726071747631694f,-0.17112105839819952f,0f,0f,0f,1f],start_interpolation:0}
execute if entity @s[tag=aj.dino.bone.leg_left_1] run data modify entity @s {} merge value {transformation:[-0.5642620155278812f,0.6129896863448203f,-0.5530388976078372f,0.4510026240447798f,-0.06292251330573165f,0.6359876282178917f,0.7691296991230222f,0.35681404065847455f,0.8231944698257535f,0.46878927162282563f,-0.3202928092537161f,-0.043172965821357163f,0f,0f,0f,1f],start_interpolation:0}
execute if entity @s[tag=aj.dino.bone.leg_left_0] run data modify entity @s {} merge value {transformation:[-0.5275021212953446f,-0.6532394238380057f,-0.5431572214126422f,0.17740034967788498f,-0.1036577020980663f,0.6840571082898672f,-0.7220255905394584f,0.6721216248614321f,0.8432061389865827f,-0.3245676011894831f,-0.4285548733049767f,-0.0376773885259018f,0f,0f,0f,1f],start_interpolation:0}
execute if entity @s[tag=aj.dino.bone.leg_right_3] run data modify entity @s {} merge value {transformation:[-0.9852340292571125f,0.09483339436471691f,0.14255011366905732f,-0.3645333457947607f,0.08255659544279868f,0.9925402955192902f,-0.08971159523369523f,0.03092165771124797f,-0.1499943870372796f,-0.07661846437867557f,-0.9857135967275511f,0.11890698930993121f,0f,0f,0f,1f],start_interpolation:0}
execute if entity @s[tag=aj.dino.bone.leg_right_2] run data modify entity @s {} merge value {transformation:[-0.9790183445759228f,0.30135309668883165f,0.0526459077285716f,-0.29114255434397396f,0.30352499546379247f,0.9789020803853019f,0.04105476399551482f,0.25990020535796365f,-0.03818190164486946f,0.054765204592644466f,-1.0235258249079027f,0.10010038106060787f,0f,0f,0f,1f],start_interpolation:0}
execute if entity @s[tag=aj.dino.bone.leg_right_1] run data modify entity @s {} merge value {transformation:[-0.9855023139884663f,0.13514726797332274f,-0.10256902594216698f,-0.26861428300764767f,-0.04518544929879044f,0.373643394445746f,0.9264712024443758f,0.3113709844984647f,0.16353429088434163f,0.9176741413739455f,-0.3621197398079096f,0.3718661286172717f,0f,0f,0f,1f],start_interpolation:0}
execute if entity @s[tag=aj.dino.bone.leg_right_0] run data modify entity @s {} merge value {transformation:[-0.9933878333836297f,-0.10669412170651985f,-0.04239076407252071f,-0.1915481984167267f,-0.015724326495428702f,0.49219915934237546f,-0.870340584540859f,0.5773038900301992f,0.1137249226935017f,-0.863919181368219f,-0.4906223496972227f,0.059379669829490445f,0f,0f,0f,1f],start_interpolation:0}
execute if entity @s[tag=aj.dino.bone.tail_4] run data modify entity @s {} merge value {transformation:[-2.0940979467561234f,0.4901149576091264f,1.7321092486675294f,0.19087392151762173f,0.709971129513869f,2.6666133581689184f,0.10380522574459218f,0.5373602639179512f,-1.654193494198484f,0.5240437557712995f,-2.1481814070018674f,-1.668065427887235f,0f,0f,0f,1f],start_interpolation:0}
execute if entity @s[tag=aj.dino.bone.tail_3] run data modify entity @s {} merge value {transformation:[-1.8692399802170752f,0.12726522400403192f,0.9086754014287591f,0.03555076261373202f,0.22591153106840506f,2.062518898433913f,0.17585590629185915f,0.48735823418212065f,-0.8892982641008819f,0.25644664631577047f,-1.8652960196990176f,-1.3542896850944248f,0f,0f,0f,1f],start_interpolation:0}
execute if entity @s[tag=aj.dino.bone.tail_2] run data modify entity @s {} merge value {transformation:[-1.8333875198814886f,0.33819353034174277f,0.5857381778410641f,-0.07461190042000199f,0.23664988302571335f,1.9061198119824534f,-0.3598304742995903f,0.5548784897241325f,-0.6336094300193909f,-0.2666575958148214f,-1.8292639754249629f,-1.0147654786908196f,0f,0f,0f,1f],start_interpolation:0}
execute if entity @s[tag=aj.dino.bone.tail_1] run data modify entity @s {} merge value {transformation:[-1.4942873197020659f,0.18310139071455056f,0.14572418088983702f,-0.10678074352934723f,0.14412742691586156f,1.4621311927894458f,-0.35924352448266195f,0.6141729494443353f,-0.18436089875087233f,-0.34103153195930347f,-1.4619729146674578f,-0.6958203273272603f,0f,0f,0f,1f],start_interpolation:0}
execute if entity @s[tag=aj.dino.bone.tail_0] run data modify entity @s {} merge value {transformation:[-1.253557770618405f,-0.24977358465554644f,0.006464419120132124f,-0.11469727857365793f,-0.24833442233807848f,1.2418550542022848f,-0.1730946435285648f,0.6947234020057246f,0.027543547125506846f,-0.17101139536471432f,-1.2664249572126989f,-0.3298683299753824f,0f,0f,0f,1f],start_interpolation:0}
execute if entity @s[tag=aj.dino.bone.body_1] run data modify entity @s {} merge value {transformation:[-1.1603848668274324f,-0.21367565615642525f,-0.36939717088826424f,-0.014425038982048591f,-0.29821248836248176f,1.1715565904067282f,0.25909276777916507f,0.5555753125f,0.30525541384026106f,0.33226866312809705f,-1.1510956792901832f,-0.08463536122684523f,0f,0f,0f,1f],start_interpolation:0}