execute if entity @s[tag=aj.dino.bone.head_lower] run data modify entity @s {} merge value {transformation:[-0.928745928005201f,-0.3541259855651613f,-0.10966215190876627f,0.6438855078796163f,-0.2493428678797932f,0.3778120289796479f,0.8916760650571266f,0.8258720039815207f,-0.27433398522829444f,0.8554839899763084f,-0.43919017229780655f,0.7111457162324513f,0f,0f,0f,1f],start_interpolation:0}
execute if entity @s[tag=aj.dino.bone.head_upper] run data modify entity @s {} merge value {transformation:[-0.9667312494831437f,-0.2673401784703524f,0.2782658132644163f,0.6567652658792846f,-0.25954088728321517f,1.005940317416742f,0.06476533183155884f,0.852844310342698f,-0.28555413091830456f,-0.0092330576977867f,-1.000922340416352f,0.6418487969991575f,0f,0f,0f,1f],start_interpolation:0}
execute if entity @s[tag=aj.dino.bone.neck_0] run data modify entity @s {} merge value {transformation:[-0.9592566134586816f,-0.09388097641041525f,0.26648285461546795f,0.6758303709812689f,-0.06623843742115382f,0.9916210017005074f,0.11090652999028411f,0.8439412696697278f,-0.2746620085555799f,0.0887364144796765f,-0.9574375331067324f,0.5785874826868338f,0f,0f,0f,1f],start_interpolation:0}
execute if entity @s[tag=aj.dino.bone.neck_1] run data modify entity @s {} merge value {transformation:[-0.988196984361426f,-0.04022719098010691f,-0.14781235809239274f,0.6631234025731968f,-0.08183930089266837f,0.9543013475789187f,0.2874217577680207f,0.8726860119838775f,0.12949536257481592f,0.29612617431579646f,-0.9463298790362202f,0.49978513762210475f,0f,0f,0f,1f],start_interpolation:0}
execute if entity @s[tag=aj.dino.bone.neck_2] run data modify entity @s {} merge value {transformation:[-0.9521764880222182f,0.04126336920694897f,-0.302749516959756f,0.6370042684402868f,-0.16839308486430135f,0.7559165268357417f,0.6326404772273692f,0.9355109578381255f,0.25495824094851055f,0.6533663128890868f,-0.7128174777277566f,0.4437338449992f,0f,0f,0f,1f],start_interpolation:0}
execute if entity @s[tag=aj.dino.bone.body_0] run data modify entity @s {} merge value {transformation:[-0.950709922322909f,-0.05465980123493544f,-0.30522606331328567f,0.4926316664669584f,-0.17386291696968814f,0.9090187270873853f,0.3787567027885065f,1.1226771111736293f,0.25675344145611734f,0.4131552491901645f,-0.8737164359030067f,0.035890385387345375f,0f,0f,0f,1f],start_interpolation:0}
execute if entity @s[tag=aj.dino.bone.leg_left_3] run data modify entity @s {} merge value {transformation:[0.036536660023530274f,0.4741901704618175f,-0.8796640010320518f,0.6920261945240257f,-0.075357684002488f,0.8790527877987945f,0.470730725282458f,0.7089210317359932f,0.9964869752967701f,0.04909051334586266f,0.0678515258732884f,-0.4732017069117835f,0f,0f,0f,1f],start_interpolation:0}
execute if entity @s[tag=aj.dino.bone.leg_left_2] run data modify entity @s {} merge value {transformation:[0.06794186428587545f,0.0025932066332452573f,-1.0234448582397644f,0.6611070404931856f,-0.46400495770596156f,0.9143030770791905f,-0.02848652257660132f,0.9204435431371888f,0.9122200950441416f,0.4648713349127644f,0.061736048422099295f,-0.36151775483914284f,0f,0f,0f,1f],start_interpolation:0}
execute if entity @s[tag=aj.dino.bone.leg_left_1] run data modify entity @s {} merge value {transformation:[-0.3115539933075975f,0.40085195065083135f,-0.8615403779936918f,0.8219036522318932f,-0.3303598101164436f,0.8044152541028209f,0.49373929844252995f,1.1193712709265622f,0.8909525829772966f,0.4384447657643068f,-0.11819341039146501f,-0.2538813556533937f,0f,0f,0f,1f],start_interpolation:0}
execute if entity @s[tag=aj.dino.bone.leg_left_0] run data modify entity @s {} merge value {transformation:[-0.26272041801385504f,-0.8510209649364375f,-0.4546881339965673f,0.49423163831982325f,-0.3622217908030737f,0.5237648873411132f,-0.771016029052552f,1.3456663465563345f,0.8943004843038158f,-0.03786370329492461f,-0.445862068073473f,-0.12846656940800313f,0f,0f,0f,1f],start_interpolation:0}
execute if entity @s[tag=aj.dino.bone.leg_right_3] run data modify entity @s {} merge value {transformation:[-0.9686655223911553f,0.18948345366350836f,-0.16057125059741942f,-0.03783402828628289f,-0.04004299573372062f,0.5189000218951897f,0.8538965544899695f,0.7012222853346708f,0.24511969366686848f,0.8335699059256643f,-0.4950530756512275f,-0.4290588732074768f,0f,0f,0f,1f],start_interpolation:0}
execute if entity @s[tag=aj.dino.bone.leg_right_2] run data modify entity @s {} merge value {transformation:[-0.9544358145803137f,0.31100825554551415f,-0.2106854060670641f,0.029631112779963567f,0.07045327726502872f,0.7132589170364532f,0.7337303677041709f,0.8900481584441012f,0.3689861936031273f,0.6682797181953202f,-0.6850646733555552f,-0.2950278452647338f,0f,0f,0f,1f],start_interpolation:0}
execute if entity @s[tag=aj.dino.bone.leg_right_1] run data modify entity @s {} merge value {transformation:[-0.8667519680260206f,0.40793514632370487f,-0.2869319471876175f,0.1384102313836026f,-0.32262848316987325f,-0.01988143181724178f,0.9463168552426843f,0.8280325495151061f,0.38033128686781364f,0.9127944155519105f,0.1488437676448665f,-0.04736970737149396f,0f,0f,0f,1f],start_interpolation:0}
execute if entity @s[tag=aj.dino.bone.leg_right_0] run data modify entity @s {} merge value {transformation:[-0.8733893052484242f,-0.09529914844589586f,-0.4776077823729028f,0.2414268343512898f,-0.27019925897931796f,0.9107176503613785f,0.3123871344458305f,1.1915972199194962f,0.4051956094588175f,0.40188485120210354f,-0.8211608152180427f,0.1301565963448798f,0f,0f,0f,1f],start_interpolation:0}
execute if entity @s[tag=aj.dino.bone.tail_4] run data modify entity @s {} merge value {transformation:[2.7115137878404756f,-0.036893033154387134f,-0.5215296866484846f,-1.02438447574122f,-0.34128227149774804f,1.9618852514055003f,-1.9131633498159306f,1.1706384898806852f,0.3960817101461948f,1.943014795626179f,1.9218413343628085f,0.33564838651912776f,0f,0f,0f,1f],start_interpolation:0}
execute if entity @s[tag=aj.dino.bone.tail_3] run data modify entity @s {} merge value {transformation:[1.778720837168773f,0.25500253020850855f,-1.0521746143361006f,-0.8484699432960403f,-0.7836726170220554f,1.6995229461546033f,-0.9129208678019274f,1.308804966603504f,0.7469638135785867f,1.1758150327010108f,1.5477240051517254f,0.06170531685069783f,0f,0f,0f,1f],start_interpolation:0}
execute if entity @s[tag=aj.dino.bone.tail_2] run data modify entity @s {} merge value {transformation:[1.2954306821131119f,-0.1213861978487132f,-1.4580461631287838f,-0.5764933305973143f,-0.6862337393173291f,1.6695266489643297f,-0.7486907895942545f,1.447874785730337f,1.2921750956682652f,1.0083253613653407f,1.0641134163071815f,-0.13491561672987967f,0f,0f,0f,1f],start_interpolation:0}
execute if entity @s[tag=aj.dino.bone.tail_1] run data modify entity @s {} merge value {transformation:[0.5342180068091529f,0.03578768477381075f,-1.414562339672376f,-0.2730431417551466f,-0.6589650595881478f,1.3443438452494567f,-0.21485093898303925f,1.4783046526805803f,1.252211013145486f,0.6921814193969922f,0.49041687491227304f,-0.25010538662231135f,0f,0f,0f,1f],start_interpolation:0}
execute if entity @s[tag=aj.dino.bone.tail_0] run data modify entity @s {} merge value {transformation:[-0.31352772530307904f,0.19513674747070983f,-1.223706554626908f,0.08926135241540256f,-0.721243783548449f,0.9976900029637541f,0.3438862882740891f,1.4018891235862005f,1.0076425391690362f,0.7748367727184636f,-0.13461131261614134f,-0.19207064084161748f,0f,0f,0f,1f],start_interpolation:0}
execute if entity @s[tag=aj.dino.bone.body_1] run data modify entity @s {} merge value {transformation:[-0.7950996698627368f,0.05816040465122975f,-0.9450071308573402f,0.3050447569101566f,-0.4845648096949852f,1.03516990721976f,0.4714072585866133f,1.2225675f,0.8133990750214065f,0.6735319039018779f,-0.6429162575614973f,-0.08796877022396919f,0f,0f,0f,1f],start_interpolation:0}