execute if entity @s[tag=aj.dino.bone.head_lower] run data modify entity @s {} merge value {transformation:[-0.7174223544688866f,-0.051358323464514216f,-0.6947427494542378f,0.6124028458264118f,-0.15104538023971464f,0.9850227659112696f,0.08315914709009617f,1.068534503375172f,0.6800665102889272f,0.16459791386110165f,-0.7144347894216896f,0.37352187320532615f,0f,0f,0f,1f],start_interpolation:0}
execute if entity @s[tag=aj.dino.bone.head_upper] run data modify entity @s {} merge value {transformation:[-0.746764629840683f,-0.27558214036240125f,-0.6707227550304915f,0.559745044915081f,-0.15722307335594388f,1.0014298573035738f,-0.23641296218473817f,1.0746748527944432f,0.7078809471986984f,-0.06829837038852887f,-0.7600735752404842f,0.3198105279979235f,0f,0f,0f,1f],start_interpolation:0}
execute if entity @s[tag=aj.dino.bone.neck_0] run data modify entity @s {} merge value {transformation:[-0.6705383026409597f,-0.5491308914022158f,-0.4988322852414314f,0.5366197057177554f,0.013889378189023957f,0.6629839596664471f,-0.7485047457421503f,1.0155091717227194f,0.7417448819270026f,-0.5088295719912577f,-0.43692905236696095f,0.2995774579237955f,0f,0f,0f,1f],start_interpolation:0}
execute if entity @s[tag=aj.dino.bone.neck_1] run data modify entity @s {} merge value {transformation:[-0.5901430272873863f,-0.49365448799515965f,-0.6387773116089176f,0.4802326789528826f,0.15619985864042918f,0.7064786472823662f,-0.6902822068507835f,0.9602878676666922f,0.792043440415227f,-0.5071421570095653f,-0.339814686379056f,0.2684543533951573f,0f,0f,0f,1f],start_interpolation:0}
execute if entity @s[tag=aj.dino.bone.neck_2] run data modify entity @s {} merge value {transformation:[-0.6746072507032035f,-0.2913342978469282f,-0.6782546602838072f,0.4179601389422113f,0.15277994996987673f,0.8438245436259194f,-0.5144107565571608f,0.9234831969840482f,0.7221934257426242f,-0.45064893927817684f,-0.5247401160018041f,0.21807104891140874f,0f,0f,0f,1f],start_interpolation:0}
execute if entity @s[tag=aj.dino.bone.body_0] run data modify entity @s {} merge value {transformation:[-0.7299312757883417f,-0.14628356862803338f,-0.6676836452807957f,0.10188980688939932f,0.1879746912168747f,0.8962043356391347f,-0.40184985285991776f,0.7426303348204994f,0.6571650082649902f,-0.41883040282561196f,-0.6266699654371597f,-0.0812660389116717f,0f,0f,0f,1f],start_interpolation:0}
execute if entity @s[tag=aj.dino.bone.leg_left_3] run data modify entity @s {} merge value {transformation:[-0.775565681936985f,0.08081312024412904f,-0.6260727694110545f,0.15666448213910972f,-0.08795620646353138f,0.9682640103049109f,0.23394125778236766f,0.11151379693077323f,0.6251092534478787f,0.2365037968926916f,-0.7438443219580132f,-0.4920214023770779f,0f,0f,0f,1f],start_interpolation:0}
execute if entity @s[tag=aj.dino.bone.leg_left_2] run data modify entity @s {} merge value {transformation:[-0.7523545187753533f,-0.13183484527642156f,-0.6845761105603547f,0.10361031653397856f,-0.08058807824939199f,1.016888463118239f,-0.1072642285283857f,0.3451090535217433f,0.6924813638092153f,-0.02489230099170972f,-0.7562487247122878f,-0.5201209339774051f,0f,0f,0f,1f],start_interpolation:0}
execute if entity @s[tag=aj.dino.bone.leg_left_1] run data modify entity @s {} merge value {transformation:[-0.861728557619937f,0.4996290649609289f,-0.08828754401686906f,0.26118822313729717f,0.22555244286947548f,0.5331094679966273f,0.8154265084285433f,0.4421990542778863f,0.45447770957207f,0.6827628377252388f,-0.572088209040795f,-0.313345401664093f,0f,0f,0f,1f],start_interpolation:0}
execute if entity @s[tag=aj.dino.bone.leg_left_0] run data modify entity @s {} merge value {transformation:[-0.8649796915298993f,0.02295695368972167f,-0.5012814693544219f,0.21043325962656392f,0.16997788986434081f,0.9533020465398335f,-0.24964519827192938f,0.8565833848679191f,0.47214155737247526f,-0.30114479298213487f,-0.8284890846967392f,-0.3092418903715992f,0f,0f,0f,1f],start_interpolation:0}
execute if entity @s[tag=aj.dino.bone.leg_right_3] run data modify entity @s {} merge value {transformation:[-0.7235686783047718f,0.5292495831499321f,-0.44310636027020545f,-0.5494183443400904f,0.31638589491093616f,0.8248385533213536f,0.4685523732264548f,0.38273471855449626f,0.6134723573867792f,0.19883721907721344f,-0.7642744448376831f,-0.22644380401064365f,0f,0f,0f,1f],start_interpolation:0}
execute if entity @s[tag=aj.dino.bone.leg_right_2] run data modify entity @s {} merge value {transformation:[-0.6603659814977426f,0.5945329042205907f,-0.5123569027350444f,-0.4256432333538411f,0.42213230435005955f,0.8335473542714592f,0.42316111034906545f,0.5894560833933801f,0.6616519384127326f,0.06157624125241031f,-0.7813368533536565f,-0.23726375250896847f,0f,0f,0f,1f],start_interpolation:0}
execute if entity @s[tag=aj.dino.bone.leg_right_1] run data modify entity @s {} merge value {transformation:[-0.7127456267172398f,0.6897975091621951f,0.1271733775169972f,-0.2591863799520604f,0.024590838694219696f,-0.1566226568059413f,0.987352335302532f,0.4950308786259116f,0.7009914138188599f,0.706858359028653f,0.09466941440378765f,-0.03629265428843974f,0f,0f,0f,1f],start_interpolation:0}
execute if entity @s[tag=aj.dino.bone.leg_right_0] run data modify entity @s {} merge value {transformation:[-0.7154247889902565f,-0.035385848642739096f,-0.6977931018676526f,-0.13308882999003183f,0.08248957443929561f,0.9874538874724609f,-0.13464876614491714f,0.8841070913940141f,0.6938031719494161f,-0.15389172112676444f,-0.7035300254868809f,-0.1201162017918535f,0f,0f,0f,1f],start_interpolation:0}
execute if entity @s[tag=aj.dino.bone.tail_4] run data modify entity @s {} merge value {transformation:[-2.649413772283587f,-0.7492725742554232f,0.21179849929285885f,-0.33515181813238715f,-0.7657511125923795f,2.3712704811915777f,-1.1901104445357131f,0.5552266696868492f,0.1410433564461224f,-1.2005533083116764f,-2.4828290027918354f,-1.8297018405744958f,0f,0f,0f,1f],start_interpolation:0}
execute if entity @s[tag=aj.dino.bone.tail_3] run data modify entity @s {} merge value {transformation:[-2.0294971269360396f,-0.46557858961961157f,-0.01798651413196647f,-0.3275459180031691f,-0.4383679132192312f,1.9352711411980388f,-0.6312722936659745f,0.6433289751476309f,0.15786231489061148f,-0.611479936693181f,-1.9842170502753789f,-1.487268142626287f,0f,0f,0f,1f],start_interpolation:0}
execute if entity @s[tag=aj.dino.bone.tail_2] run data modify entity @s {} merge value {transformation:[-1.9507529835528732f,-0.028709556607615726f,0.1118589894542964f,-0.3497895658862504f,-0.07699297616276266f,1.7340955641341147f,-0.8976405355568353f,0.8105540911176017f,-0.0860741179678448f,-0.9004788786043544f,-1.7321959792143262f,-1.1655346120659429f,0f,0f,0f,1f],start_interpolation:0}
execute if entity @s[tag=aj.dino.bone.tail_1] run data modify entity @s {} merge value {transformation:[-1.5053511085039228f,0.07161280631208222f,-0.12824155371064458f,-0.32163063674896475f,0.1055591779398047f,1.445710503584825f,-0.43178078903210226f,0.8856953338521254f,0.10213496011985636f,-0.43869009083477173f,-1.4438752384207907f,-0.8495638138124005f,0f,0f,0f,1f],start_interpolation:0}
execute if entity @s[tag=aj.dino.bone.tail_0] run data modify entity @s {} merge value {transformation:[-1.097159510324834f,-0.012509446217006432f,-0.6556830326027526f,-0.13032669035174282f,0.020863248103673585f,1.2766705895560881f,-0.05926759000585829f,0.9338230366738349f,0.6554704038828628f,-0.0615746384632648f,-1.0956289655333975f,-0.5308814710088883f,0f,0f,0f,1f],start_interpolation:0}
execute if entity @s[tag=aj.dino.bone.body_1] run data modify entity @s {} merge value {transformation:[-1.0804157822835903f,0.18928988760152243f,-0.5705047509886231f,-0.010442344470080482f,0.08656516659794544f,1.2102283152891253f,0.2376099574103865f,0.7970645845481049f,0.5948216576257609f,0.1676942407493434f,-1.070826985229217f,-0.29322459399555295f,0f,0f,0f,1f],start_interpolation:0}