execute if entity @s[tag=aj.dino.bone.head_lower] run data modify entity @s {} merge value {transformation:[-0.9193748818299046f,-0.15170082449139508f,-0.36295548833001556f,0.4818617528800755f,-0.39145285269942576f,0.4440770296818026f,0.8059530109271067f,0.29211020355912676f,0.03891645890533696f,0.8830529154912621f,-0.46765698719109394f,0.7116871711453603f,0f,0f,0f,1f],start_interpolation:0}
execute if entity @s[tag=aj.dino.bone.head_upper] run data modify entity @s {} merge value {transformation:[-0.9569769314238803f,-0.26413773932020035f,-0.3128871201773173f,0.45406392299880194f,-0.40746311126947704f,0.6929732928818372f,0.6612365468503753f,0.3531281529685603f,0.040508125859374036f,0.7304048278884966f,-0.7404997108169885f,0.6770526941671172f,0f,0f,0f,1f],start_interpolation:0}
execute if entity @s[tag=aj.dino.bone.neck_0] run data modify entity @s {} merge value {transformation:[-0.9822100349494471f,-0.18633507344541556f,-0.023295657292667193f,0.4558995263567255f,-0.18774553714326564f,0.971850994428834f,0.1423279941208797f,0.3466170493499003f,-0.0038807895321010255f,0.1441696397712711f,-0.9895453776562393f,0.6107279450588369f,0f,0f,0f,1f],start_interpolation:0}
execute if entity @s[tag=aj.dino.bone.neck_1] run data modify entity @s {} merge value {transformation:[-0.8924755628321188f,-0.15021844391957834f,-0.4253490200457421f,0.419174844059131f,-0.26277550060546984f,0.939547165058445f,0.21954535046815243f,0.3695437984133063f,0.3666557050272602f,0.30771016190080497f,-0.8779966117439992f,0.5377676905906978f,0f,0f,0f,1f],start_interpolation:0}
execute if entity @s[tag=aj.dino.bone.neck_2] run data modify entity @s {} merge value {transformation:[-0.7606241237153627f,-0.14496175813599346f,-0.6328009411342228f,0.36231746939546433f,-0.5213989597762744f,0.7171441712059566f,0.4624363334011944f,0.41707797914296485f,0.3867739225522519f,0.68168198332026f,-0.6210600667005578f,0.49003226346517365f,0f,0f,0f,1f],start_interpolation:0}
execute if entity @s[tag=aj.dino.bone.body_0] run data modify entity @s {} merge value {transformation:[-0.7438234054473657f,-0.30783313689073005f,-0.5932668045160598f,0.07978055375725696f,-0.5421791766809732f,0.7969672934713896f,0.26624213323670254f,0.5501490078088549f,0.39085608845485026f,0.5196940378423645f,-0.7597036429745966f,0.13693752074790322f,0f,0f,0f,1f],start_interpolation:0}
execute if entity @s[tag=aj.dino.bone.leg_left_3] run data modify entity @s {} merge value {transformation:[-0.20049109376252333f,0.11801654306605708f,-0.9725612663912977f,0.260630491034711f,0.10374677830143202f,0.9896935235686395f,0.09870833499945264f,0.04491530040924005f,0.9741868030896232f,-0.08110995604134012f,-0.21066857315933774f,-0.286617892012075f,0f,0f,0f,1f],start_interpolation:0}
execute if entity @s[tag=aj.dino.bone.leg_left_2] run data modify entity @s {} merge value {transformation:[-0.3116943821630848f,0.21291427899543547f,-0.9537171076522226f,0.2803028139831208f,-0.35739020292452084f,0.9068676441184552f,0.31925776169939357f,0.26561687897537706f,0.9094949447260479f,0.42932596631416403f,-0.2013960269391293f,-0.19135570122137185f,0f,0f,0f,1f],start_interpolation:0}
execute if entity @s[tag=aj.dino.bone.leg_left_1] run data modify entity @s {} merge value {transformation:[-0.613830888914288f,0.5009674879858357f,-0.6101173787033579f,0.4609831888581624f,-0.12468244488374f,0.7016289986346697f,0.7015490262360312f,0.4215031512718865f,0.7795292988416203f,0.5067033888342095f,-0.3682197007106214f,-0.04969604604644718f,0f,0f,0f,1f],start_interpolation:0}
execute if entity @s[tag=aj.dino.bone.leg_left_0] run data modify entity @s {} merge value {transformation:[-0.5785757746268423f,-0.6286040769544821f,-0.5197181807972019f,0.18920684696425877f,-0.1673014687608208f,0.7151151269046392f,-0.6786903372103021f,0.7380771437562159f,0.7982858457754475f,-0.3057241725941296f,-0.5189146738397491f,-0.03466920892905089f,0f,0f,0f,1f],start_interpolation:0}
execute if entity @s[tag=aj.dino.bone.leg_right_3] run data modify entity @s {} merge value {transformation:[-0.9984161884435391f,0.019114275281206024f,0.052912750205882535f,-0.30491551463453387f,0.019921447193501664f,0.9996924505475926f,0.014769572094894629f,0.058402961620012434f,-0.052614167251723874f,0.015800278435016135f,-0.9984899101171647f,0.0047868005309898536f,0f,0f,0f,1f],start_interpolation:0}
execute if entity @s[tag=aj.dino.bone.leg_right_2] run data modify entity @s {} merge value {transformation:[-0.9997220567037346f,0.22325726603949556f,0.052670693951374824f,-0.24969586262338436f,0.22934411336123176f,0.9683234648642385f,0.24862249407598128f,0.2914455045407603f,0.004391640615993564f,0.25410245975704493f,-0.9937176927773872f,0.03330057416435156f,0f,0f,0f,1f],start_interpolation:0}
execute if entity @s[tag=aj.dino.bone.leg_right_1] run data modify entity @s {} merge value {transformation:[-0.9787574530196372f,0.10701340311968796f,-0.17487704169288748f,-0.23084140906242248f,-0.14928090417591416f,0.21268573190406842f,0.9656500355164147f,0.2950380922665878f,0.14053134812892915f,0.9712429721738912f,-0.19219268767539477f,0.31014888742292174f,0f,0f,0f,1f],start_interpolation:0}
execute if entity @s[tag=aj.dino.bone.leg_right_0] run data modify entity @s {} merge value {transformation:[-0.988994941377359f,-0.14613938274616545f,0.02307134024203976f,-0.17510262661959403f,-0.11171599981360106f,0.6354135988929817f,-0.7640478347116211f,0.6197102388792556f,0.09699763561882163f,-0.7582168813422969f,-0.6447469422431715f,0.05365626782117483f,0f,0f,0f,1f],start_interpolation:0}
execute if entity @s[tag=aj.dino.bone.tail_4] run data modify entity @s {} merge value {transformation:[0.2657061570447447f,-0.4111113844641712f,-2.717728647100822f,-1.1905874059161738f,0.029806276583929044f,2.7306677081346353f,-0.4101545869875635f,0.6984432118887004f,2.7484856113112026f,0.010130593007751184f,0.2671807386407097f,-1.0892676370850738f,0f,0f,0f,1f],start_interpolation:0}
execute if entity @s[tag=aj.dino.bone.tail_3] run data modify entity @s {} merge value {transformation:[-0.32407861975628793f,-0.11771887250717063f,-2.0535483537810704f,-0.8412295206182778f,-0.30740117795074007f,2.058305773277268f,-0.06947938926335044f,0.6900822108644713f,2.033819827333729f,0.29234420944077394f,-0.33772370244786226f,-1.0348629950329409f,0f,0f,0f,1f],start_interpolation:0}
execute if entity @s[tag=aj.dino.bone.tail_2] run data modify entity @s {} merge value {transformation:[-0.8872853679235576f,-0.3564846482682295f,-1.7042350913006719f,-0.5251568647035676f,-0.14088864763349854f,1.9211978721317895f,-0.3285163619777005f,0.7515056602098721f,1.735410308785659f,-0.026292711312002087f,-0.8980164967833848f,-0.8666467056235179f,0f,0f,0f,1f],start_interpolation:0}
execute if entity @s[tag=aj.dino.bone.tail_1] run data modify entity @s {} merge value {transformation:[-0.9336849355023265f,-0.2485712964344394f,-1.1636584558215175f,-0.27082000431503417f,-0.20075377307303244f,1.4908337928434172f,-0.15738098586885332f,0.7673401839791107f,1.1728540462533938f,0.05729888921273065f,-0.9533029284975627f,-0.6633274829623705f,0f,0f,0f,1f],start_interpolation:0}
execute if entity @s[tag=aj.dino.bone.tail_0] run data modify entity @s {} merge value {transformation:[-1.0613697820377999f,-0.36184978792863837f,-0.6135100922862314f,-0.10027017600933152f,-0.4797713984447231f,1.17694673757142f,0.13583629389236576f,0.7560474830987606f,0.5264497199120306f,0.34306970790207886f,-1.1130990901570956f,-0.3297751748119043f,0f,0f,0f,1f],start_interpolation:0}
execute if entity @s[tag=aj.dino.bone.body_1] run data modify entity @s {} merge value {transformation:[-1.1457944533777253f,-0.28133767148348526f,-0.36960625031151767f,0.004608188514836173f,-0.37227728869448007f,1.1445540869620978f,0.2828606678152608f,0.6131925f,0.2777936032153665f,0.3734295806157556f,-1.1454194242241635f,-0.08863433574556145f,0f,0f,0f,1f],start_interpolation:0}