execute if entity @s[tag=aj.dino.bone.head_lower] run data modify entity @s {} merge value {transformation:[-0.5031796350647866f,0.040222082325303235f,-0.8632452947740203f,0.7145342758428028f,-0.27112604918716093f,0.9411331635265416f,0.2018886672467915f,0.9073517686549155f,0.8205491577646215f,0.33563455216044286f,-0.462653787499713f,0.30383165348229707f,0f,0f,0f,1f],start_interpolation:0}
execute if entity @s[tag=aj.dino.bone.head_upper] run data modify entity @s {} merge value {transformation:[-0.5237594724807552f,-0.020052517812883988f,-0.8993029823699867f,0.65192583356703f,-0.2822149916297287f,0.991761919203422f,0.1422495578231612f,0.9393402225473696f,0.8541092764217122f,0.315401545225791f,-0.5044711605067925f,0.27640213899209065f,0f,0f,0f,1f],start_interpolation:0}
execute if entity @s[tag=aj.dino.bone.neck_0] run data modify entity @s {} merge value {transformation:[-0.44596422884662623f,-0.49207722537042875f,-0.7476469159041416f,0.6117130203507065f,-0.12475345439565122f,0.8613321912049419f,-0.49248698664070895f,0.8935543650769182f,0.8863139862405345f,-0.12636004378692586f,-0.44551168012587505f,0.24935918864969123f,0f,0f,0f,1f],start_interpolation:0}
execute if entity @s[tag=aj.dino.bone.neck_1] run data modify entity @s {} merge value {transformation:[-0.36964569723526364f,-0.4740569978575735f,-0.7991445559457442f,0.5418310663578001f,-0.004601013988122682f,0.8609835345264785f,-0.5086120171059406f,0.8544346952159422f,0.9291613902792867f,-0.1843293684049208f,-0.32044000180643206f,0.22136453236259232f,0f,0f,0f,1f],start_interpolation:0}
execute if entity @s[tag=aj.dino.bone.neck_2] run data modify entity @s {} merge value {transformation:[-0.5355574037714106f,-0.3196467677976471f,-0.7816675835047426f,0.47022158189993946f,0.01524544564023881f,0.921789063068794f,-0.3873919198873224f,0.8295211486400215f,0.8443612044929923f,-0.219387481509935f,-0.48879780001946743f,0.17639423853622857f,0f,0f,0f,1f],start_interpolation:0}
execute if entity @s[tag=aj.dino.bone.body_0] run data modify entity @s {} merge value {transformation:[-0.644535440907661f,-0.1785069637153137f,-0.743444234168984f,0.11813860028888248f,0.09089463024655305f,0.9475781508909843f,-0.3063230551988628f,0.6941791077961796f,0.759152311203957f,-0.26501115421650234f,-0.5945223768156485f,-0.1063264907059284f,0f,0f,0f,1f],start_interpolation:0}
execute if entity @s[tag=aj.dino.bone.leg_left_3] run data modify entity @s {} merge value {transformation:[-0.7326110842728495f,0.1522586433531645f,-0.6633990539070836f,0.11071883540315126f,-0.16429651079913402f,0.9062796861480104f,0.3894403510355514f,0.17079166748896701f,0.660520745881452f,0.39430246765613497f,-0.638934979681417f,-0.616762071878493f,0f,0f,0f,1f],start_interpolation:0}
execute if entity @s[tag=aj.dino.bone.leg_left_2] run data modify entity @s {} merge value {transformation:[-0.7032598467084851f,-0.15411463059824818f,-0.7305726987397064f,0.051125947996890464f,-0.1985142355031289f,1.00608515433296f,-0.021141429330260267f,0.40434732065881007f,0.7197776641511324f,0.12689973351856831f,-0.7196379446101698f,-0.6083053166491921f,0f,0f,0f,1f],start_interpolation:0}
execute if entity @s[tag=aj.dino.bone.leg_left_1] run data modify entity @s {} merge value {transformation:[-0.7870147541603061f,0.6166728543870285f,-0.017954592619938856f,0.23528282648330962f,0.17423522860825494f,0.25009358980112106f,0.9524154983263438f,0.41830738363523157f,0.5918191124370876f,0.7464367267240696f,-0.3042734808550267f,-0.401170707258105f,0f,0f,0f,1f],start_interpolation:0}
execute if entity @s[tag=aj.dino.bone.leg_left_0] run data modify entity @s {} merge value {transformation:[-0.7898604328398047f,0.0165411374645128f,-0.613063526402849f,0.19984310184385803f,0.11680589928006925f,0.9853954904224913f,-0.1239036292785329f,0.828873887291973f,0.6020605272956289f,-0.1694760107696599f,-0.7802570110201582f,-0.3341897356541349f,0f,0f,0f,1f],start_interpolation:0}
execute if entity @s[tag=aj.dino.bone.leg_right_3] run data modify entity @s {} merge value {transformation:[-0.7179113366837057f,0.22973826953151644f,-0.657132893845438f,-0.42191940839275255f,0.236336865642681f,0.9683438028176974f,0.08034404447595589f,0.25716545674342084f,0.6547886671279584f,-0.09762482807782666f,-0.7494806163894883f,-0.1114541070124497f,0f,0f,0f,1f],start_interpolation:0}
execute if entity @s[tag=aj.dino.bone.leg_right_2] run data modify entity @s {} merge value {transformation:[-0.6725036809249574f,0.42677813562395045f,-0.6462672988759549f,-0.3413672912773592f,0.355294438908725f,0.9305414154472289f,0.24478712245274872f,0.48108713203973824f,0.6881619433851394f,-0.06336636798418731f,-0.7579446170965104f,-0.15071619848417578f,0f,0f,0f,1f],start_interpolation:0}
execute if entity @s[tag=aj.dino.bone.leg_right_1] run data modify entity @s {} merge value {transformation:[-0.6362956212790941f,0.7677365904639456f,-0.07555402043470538f,-0.14146237448301352f,-0.03743170019861048f,0.06709730854101303f,0.9970440406555741f,0.4456904212739524f,0.7705366637359269f,0.6372428727332686f,-0.013956037738509258f,0.03848867134790529f,0f,0f,0f,1f],start_interpolation:0}
execute if entity @s[tag=aj.dino.bone.leg_right_0] run data modify entity @s {} merge value {transformation:[-0.653260065795892f,-0.2819973249633715f,-0.7026583772715227f,-0.11902468321397608f,0.016777704540205537f,0.9224312181028947f,-0.3857967813494191f,0.8373223276659856f,0.7569476831767888f,-0.26381462541472683f,-0.5978562104307181f,-0.10443885738854991f,0f,0f,0f,1f],start_interpolation:0}
execute if entity @s[tag=aj.dino.bone.tail_4] run data modify entity @s {} merge value {transformation:[-2.3080188664768277f,-0.6403681407009264f,1.3742775876664288f,-0.1900607138264222f,-1.2239515052174552f,2.264193758164981f,-1.0005152022646455f,0.647718701081887f,-0.8947921303090153f,-1.4453430739661701f,-2.176233391361109f,-1.8232426164095976f,0f,0f,0f,1f],start_interpolation:0}
execute if entity @s[tag=aj.dino.bone.tail_3] run data modify entity @s {} merge value {transformation:[-1.9044475728542176f,-0.5713162819240685f,0.6185650121875489f,-0.28935570302468516f,-0.7124966796369139f,1.908574461050081f,-0.43085674438055316f,0.7020991835394703f,-0.4487465317977367f,-0.6057117785550277f,-1.9410526313224097f,-1.4881844547681253f,0f,0f,0f,1f],start_interpolation:0}
execute if entity @s[tag=aj.dino.bone.tail_2] run data modify entity @s {} merge value {transformation:[-1.9233553968067796f,-0.10084058578876547f,0.33061922030455365f,-0.35226330479931584f,-0.21144288935525296f,1.821892784292619f,-0.6743681947470287f,0.8277399322960648f,-0.27344066471195294f,-0.6995082085315674f,-1.8040765904145029f,-1.1531792012869486f,0f,0f,0f,1f],start_interpolation:0}
execute if entity @s[tag=aj.dino.bone.tail_1] run data modify entity @s {} merge value {transformation:[-1.512003326164363f,0.026613542294722004f,-0.028176426928028228f,-0.3450808496589486f,0.032481630367597165f,1.4699927612512165f,-0.3545736532198742f,0.8860400515262626f,0.021145575342521556f,-0.3550623202137223f,-1.4700815839292327f,-0.8325139779858719f,0f,0f,0f,1f],start_interpolation:0}
execute if entity @s[tag=aj.dino.bone.tail_0] run data modify entity @s {} merge value {transformation:[-1.113921298184454f,-0.05881982389772071f,-0.6241436424027166f,-0.16411099802993986f,-0.05369602969823514f,1.2768524726660058f,-0.024499306630617387f,0.9240120430190764f,0.6246053109202122f,0.004869080752656792f,-1.1152041132487436f,-0.506507916747395f,0f,0f,0f,1f],start_interpolation:0}
execute if entity @s[tag=aj.dino.bone.body_1] run data modify entity @s {} merge value {transformation:[-1.0028752090522102f,0.21398763431598222f,-0.6906918288821617f,-0.01794840859946003f,0.02657129946418504f,1.191095370898753f,0.33043967456193346f,0.7669607215743441f,0.722592468940495f,0.2531910441537405f,-0.9707517777717785f,-0.2978759400744228f,0f,0f,0f,1f],start_interpolation:0}