execute if entity @s[tag=aj.dino.bone.head_lower] run data modify entity @s {} merge value {transformation:[-0.9671755944585622f,0.08637861327692585f,0.23897720529808364f,0.1643705846965703f,0.15475095157953203f,0.9461610828685996f,0.28430854410331774f,0.10006774088977942f,-0.20155275356332f,0.3119582350784702f,-0.9284710803777192f,0.7128707674907231f,0f,0f,0f,1f],start_interpolation:0}
execute if entity @s[tag=aj.dino.bone.head_upper] run data modify entity @s {} merge value {transformation:[-1.0067326732820865f,-0.13860310725258204f,0.22527859594231422f,0.17647588284896254f,0.16108020101957174f,0.3819124209444728f,0.9548130781212273f,0.17451578537903953f,-0.20979617720374583f,0.9583339835212814f,-0.3479274100188622f,0.7103395780146662f,0f,0f,0f,1f],start_interpolation:0}
execute if entity @s[tag=aj.dino.bone.neck_0] run data modify entity @s {} merge value {transformation:[-0.9980730900237522f,0.06110030529385119f,0.010810164820083096f,0.17650561822451044f,0.0602083686618128f,0.9115298016547453f,0.4068026217200963f,0.18600511302601824f,0.015001976987131627f,0.40666961207872254f,-0.9134521154927709f,0.6446681936808127f,0f,0f,0f,1f],start_interpolation:0}
execute if entity @s[tag=aj.dino.bone.neck_1] run data modify entity @s {} merge value {transformation:[-0.9681954224838231f,0.05329928800328986f,-0.2444520602893621f,0.15604286344213034f,-0.08360681885424302f,0.8519554795141168f,0.5168962766038705f,0.23371786431768307f,0.23581247575657516f,0.5208944680299585f,-0.820403211508427f,0.5775689695763035f,0f,0f,0f,1f],start_interpolation:0}
execute if entity @s[tag=aj.dino.bone.neck_2] run data modify entity @s {} merge value {transformation:[-0.9681954224838231f,0.08771422101084567f,-0.23431568303003553f,0.1363738292861608f,-0.08360681885424302f,0.7692671133907741f,0.6334335072416831f,0.29674299613540045f,0.23581247575657516f,0.6328778110250715f,-0.7374673908652967f,0.5191575644496393f,0f,0f,0f,1f],start_interpolation:0}
execute if entity @s[tag=aj.dino.bone.body_0] run data modify entity @s {} merge value {transformation:[-0.9681954224838231f,0.0016506971975269527f,-0.25018972616822943f,0.01847607450872534f,-0.08360681885424302f,0.9403589925670232f,0.3297497004386917f,0.46111088824372076f,0.23581247575657516f,0.3401797176450929f,-0.9103132625533144f,0.09337097451821344f,0f,0f,0f,1f],start_interpolation:0}
execute if entity @s[tag=aj.dino.bone.leg_left_3] run data modify entity @s {} merge value {transformation:[-0.9916642891419368f,0.017877917412691076f,-0.12760218536373977f,0.2134825685938238f,0.011433936991381191f,0.9986303582629039f,0.05105558383351805f,0.01361033643803261f,0.12834018359615318f,0.04917100390158069f,-0.9905104793235743f,-0.43411111712916406f,0f,0f,0f,1f],start_interpolation:0}
execute if entity @s[tag=aj.dino.bone.leg_left_2] run data modify entity @s {} merge value {transformation:[-1.011582227390908f,-0.0856975565258804f,-0.14635411006540588f,0.1874142483530406f,-0.13264811551848238f,0.9513190508503472f,0.3598037526753778f,0.24627518609907176f,0.10567910946321772f,0.37377826554707894f,-0.949307080732243f,-0.376157838722799f,0f,0f,0f,1f],start_interpolation:0}
execute if entity @s[tag=aj.dino.bone.leg_left_1] run data modify entity @s {} merge value {transformation:[-0.9669515811593188f,0.03535773077554847f,0.2524964763474873f,0.20288581771551206f,0.2549110571682145f,0.11465200697552362f,0.9601433592072944f,0.22142343726142993f,0.004999262633295001f,0.9927762830421003f,-0.11987601595913598f,-0.10019333596757392f,0f,0f,0f,1f],start_interpolation:0}
execute if entity @s[tag=aj.dino.bone.leg_left_0] run data modify entity @s {} merge value {transformation:[-0.9800907505823303f,0.19597771068673916f,-0.0318568287334018f,0.16846571659012205f,0.1982714106249904f,0.9745327385885015f,-0.10475871872055137f,0.635638809381177f,0.010515148678977224f,-0.1089893496318787f,-0.9939873003791745f,-0.06084666263080435f,0f,0f,0f,1f],start_interpolation:0}
execute if entity @s[tag=aj.dino.bone.leg_right_3] run data modify entity @s {} merge value {transformation:[-0.9966207121801122f,-0.06824092966895483f,0.04572014404529995f,-0.30509355885803835f,-0.07144991549259472f,0.9947928015251164f,-0.07267868745313147f,-0.008346512662867317f,-0.0405224089820347f,-0.07569978567820178f,-0.9963069189855936f,-0.0748374928471345f,0f,0f,0f,1f],start_interpolation:0}
execute if entity @s[tag=aj.dino.bone.leg_right_2] run data modify entity @s {} merge value {transformation:[-1.0233266993078303f,0.06883852922574445f,0.011221536368613028f,-0.28711303508795855f,0.06926941639380814f,1.022359163423999f,0.04522928715041662f,0.2312542484256464f,-0.00814947463932416f,0.04588242972761953f,-1.0246416877162896f,-0.09579573983427803f,0f,0f,0f,1f],start_interpolation:0}
execute if entity @s[tag=aj.dino.bone.leg_right_1] run data modify entity @s {} merge value {transformation:[-0.9858728938500025f,0.06205649391522054f,-0.15557515461914842f,-0.2816373770140397f,-0.15372065447015354f,0.03364478409298538f,0.9875413859138273f,0.18495755012635323f,0.066517648493384f,0.9975053985148581f,-0.02363011579793939f,0.1777732981707698f,0f,0f,0f,1f],start_interpolation:0}
execute if entity @s[tag=aj.dino.bone.leg_right_0] run data modify entity @s {} merge value {transformation:[-0.9932782184051014f,-0.09689671773553322f,0.06331987787470807f,-0.20934276570463467f,-0.1129363057995303f,0.6913526685931279f,-0.7136363769186065f,0.5276312776283063f,0.02537265603642043f,-0.7159905821456319f,-0.6976487042949456f,-0.04950513067805934f,0f,0f,0f,1f],start_interpolation:0}
execute if entity @s[tag=aj.dino.bone.tail_4] run data modify entity @s {} merge value {transformation:[-2.2236975380382815f,-0.3611459634643445f,-1.596998492170829f,-0.5787190320033311f,-1.1285810220900228f,2.289461836918086f,1.053722309469579f,1.4604791673091002f,1.1862274096903718f,1.5011993278605846f,-1.9912123046350927f,-1.397552116760202f,0f,0f,0f,1f],start_interpolation:0}
execute if entity @s[tag=aj.dino.bone.tail_3] run data modify entity @s {} merge value {transformation:[-1.6746001872113891f,-0.286898170139238f,-1.203889188840395f,-0.3717763904223709f,-0.8558720661204227f,1.731578112248402f,0.777859739067053f,1.3116380494634796f,0.8939478427015671f,1.1203893105512301f,-1.5104736255149234f,-1.1523954970887642f,0f,0f,0f,1f],start_interpolation:0}
execute if entity @s[tag=aj.dino.bone.tail_2] run data modify entity @s {} merge value {transformation:[-1.7743681247956307f,-0.14956961492157034f,-0.8049972440972877f,-0.22347679912405138f,-0.5652922779145165f,1.613674008784024f,0.9461895734512674f,1.1357094502086416f,0.5923143365158668f,1.0919977100112834f,-1.508468959936086f,-0.8712765842527141f,0f,0f,0f,1f],start_interpolation:0}
execute if entity @s[tag=aj.dino.bone.tail_1] run data modify entity @s {} merge value {transformation:[-1.4504789960906497f,-0.02823319267991786f,-0.4277497150565516f,-0.12969896436846312f,-0.3346215331209471f,1.0179039219811856f,1.0675000164810808f,0.8938722209036374f,0.2679465645826596f,1.11836073895967f,-0.982410375597658f,-0.6737996255221812f,0f,0f,0f,1f],start_interpolation:0}
execute if entity @s[tag=aj.dino.bone.tail_0] run data modify entity @s {} merge value {transformation:[-1.2278824212348192f,-0.19155429107587363f,-0.29907763168944307f,-0.04692407544559954f,-0.35267292147773205f,0.7848316786321478f,0.9452495772312383f,0.6365877112527988f,0.0419795981746852f,0.9905462666477989f,-0.8067784848093231f,-0.4141365550667998f,0f,0f,0f,1f],start_interpolation:0}
execute if entity @s[tag=aj.dino.bone.body_1] run data modify entity @s {} merge value {transformation:[-1.188250360864554f,-0.32781962542813164f,-0.0959164644139215f,-0.0025438629023031966f,-0.33969588983793847f,1.1704593382272857f,0.20793324659612725f,0.509407401512319f,0.03567039933500501f,0.22619422140486745f,-1.2149767042501585f,-0.14690727643895427f,0f,0f,0f,1f],start_interpolation:0}