execute if entity @s[tag=aj.dino.bone.head_lower] run data modify entity @s {} merge value {transformation:[-0.9391856662956465f,-0.10062348633099465f,-0.32833701927044245f,0.20349950040775f,-0.16737406436594138f,0.9689858986665093f,0.1818027798552128f,0.4550956281168236f,0.29986031214955483f,0.22570166632981092f,-0.9268994287480804f,0.8372054055539604f,0f,0f,0f,1f],start_interpolation:0}
execute if entity @s[tag=aj.dino.bone.head_upper] run data modify entity @s {} merge value {transformation:[-0.9775979687197776f,-0.0071630712710429945f,-0.3573833299811816f,0.1783981159334507f,-0.1742195938593149f,0.9182635223272951f,0.45816108440380626f,0.5072453281614968f,0.3121244739746749f,0.49011502380210925f,-0.863618850403925f,0.7887720929011913f,0f,0f,0f,1f],start_interpolation:0}
execute if entity @s[tag=aj.dino.bone.neck_0] run data modify entity @s {} merge value {transformation:[-0.9738904278242545f,-0.1937137519839866f,-0.1183740549469243f,0.17420285334170532f,-0.1759172638711649f,0.9735412384590715f,-0.14584434610796654f,0.48206920285988225f,0.1434940795446762f,-0.12121237276723837f,-0.9822000864506997f,0.7271823312448853f,0f,0f,0f,1f],start_interpolation:0}
execute if entity @s[tag=aj.dino.bone.neck_1] run data modify entity @s {} merge value {transformation:[-0.9661225098127741f,-0.14955684971956465f,-0.2103331755454333f,0.15569588303802628f,-0.17707688335101832f,0.9770176097065923f,0.118660725203863f,0.4966223217073848f,0.18775269216646762f,0.15188594084106788f,-0.9704017660531472f,0.6456762846807166f,0f,0f,0f,1f],start_interpolation:0}
execute if entity @s[tag=aj.dino.bone.neck_2] run data modify entity @s {} merge value {transformation:[-0.9474938171539969f,-0.17617725793384964f,-0.26686520987543216f,0.13059160369790573f,-0.26649911352065364f,0.8962757752303672f,0.3544967661741217f,0.536453997161849f,0.17673055465214382f,0.4070028360123721f,-0.8961668385575486f,0.5711501605131197f,0f,0f,0f,1f],start_interpolation:0}
execute if entity @s[tag=aj.dino.bone.body_0] run data modify entity @s {} merge value {transformation:[-0.9453883239661593f,-0.26452735083416545f,-0.19043685979640276f,0.03831947213820141f,-0.2711431611844258f,0.9624962104171695f,0.00907915610088078f,0.5499019489098453f,0.18089307076660766f,0.06021898034047063f,-0.9816574613149848f,0.10907234127231577f,0f,0f,0f,1f],start_interpolation:0}
execute if entity @s[tag=aj.dino.bone.leg_left_3] run data modify entity @s {} merge value {transformation:[-0.9517068407378942f,-0.08242714269264761f,-0.2957361246791175f,0.3397046137544403f,-0.1336040176873106f,0.9784830116971686f,0.15722901220146174f,0.11611029418184962f,0.2764128357195182f,0.18914746090699847f,-0.9422415732082353f,-0.07077788144156723f,0f,0f,0f,1f],start_interpolation:0}
execute if entity @s[tag=aj.dino.bone.leg_left_2] run data modify entity @s {} merge value {transformation:[-0.9634320988758365f,-0.2122394721593028f,-0.2807404438514973f,0.28006111612564355f,-0.23657113118777104f,0.9963223391622257f,0.058635278421301826f,0.3497966662687618f,0.26056647951134004f,0.11982655150068239f,-0.9847887625329683f,-0.07287663285051382f,0f,0f,0f,1f],start_interpolation:0}
execute if entity @s[tag=aj.dino.bone.leg_left_1] run data modify entity @s {} merge value {transformation:[-0.9899133917048997f,0.1123032034280811f,0.08636820840502174f,0.3257044850205982f,0.12012715697452217f,0.3421671735471217f,0.9319286944310665f,0.39093438396670105f,0.0751062119968831f,0.9329038620600543f,-0.35220653184305695f,0.1977481197466744f,0f,0f,0f,1f],start_interpolation:0}
execute if entity @s[tag=aj.dino.bone.leg_left_0] run data modify entity @s {} merge value {transformation:[-0.9889427198492964f,-0.047615321921803525f,-0.14044599665123766f,0.2034524112113486f,0.08483786809182649f,0.5951217642256209f,-0.7991449317130267f,0.6995184982923254f,0.1216340124912037f,-0.8022237012599835f,-0.5845017537544454f,-0.055505810923040744f,0f,0f,0f,1f],start_interpolation:0}
execute if entity @s[tag=aj.dino.bone.leg_right_3] run data modify entity @s {} merge value {transformation:[-0.9854624464853337f,0.01859000735392638f,0.16887326074225512f,-0.26169011748180554f,0.025683996587513882f,0.9988726937882223f,0.039920845726918064f,0.0037478234748083983f,-0.1679407600507788f,0.04367783454843871f,-0.9848289942333774f,-0.021134603843349226f,0f,0f,0f,1f],start_interpolation:0}
execute if entity @s[tag=aj.dino.bone.leg_right_2] run data modify entity @s {} merge value {transformation:[-1.0125368497113332f,0.1456425752443624f,0.07496377627583822f,-0.22385350051448774f,0.1281541084483723f,0.9967067113260938f,-0.2054615671750301f,0.22953021251615807f,-0.10201888043468456f,-0.1934584487025751f,-1.0021118581082358f,-0.09704096247860916f,0f,0f,0f,1f],start_interpolation:0}
execute if entity @s[tag=aj.dino.bone.leg_right_1] run data modify entity @s {} merge value {transformation:[-0.971163201784237f,0.01548765710341863f,-0.23791210136862845f,-0.2263693445230957f,-0.2092632632759115f,0.42278027323534406f,0.88174016989483f,0.29345460010739843f,0.11424063262826485f,0.9060998692420689f,-0.4073476461404916f,0.17299742157035308f,0f,0f,0f,1f],start_interpolation:0}
execute if entity @s[tag=aj.dino.bone.leg_right_0] run data modify entity @s {} merge value {transformation:[-0.9833145331659544f,-0.17894800920116807f,0.03271297705131622f,-0.18495767761840243f,-0.1630644832813688f,0.7873459731179825f,-0.594555542323068f,0.6699531797237251f,0.08063809990817901f,-0.5899694302401065f,-0.803388802651221f,-0.002619126498205504f,0f,0f,0f,1f],start_interpolation:0}
execute if entity @s[tag=aj.dino.bone.tail_4] run data modify entity @s {} merge value {transformation:[-2.022310555741558f,0.8382974649346028f,-1.6832048918716012f,-0.13493616313703866f,0.15510770623296832f,2.53780604003211f,1.0775636567014002f,0.6872362809830505f,1.8739965173936204f,0.6945928268134962f,-1.9056073019737876f,-1.6863139442820665f,0f,0f,0f,1f],start_interpolation:0}
execute if entity @s[tag=aj.dino.bone.tail_3] run data modify entity @s {} merge value {transformation:[-1.7357381119707513f,0.5053785079850159f,-1.03332051966633f,0.035331286085080585f,0.3181748216063258f,2.0085130315126603f,0.4478679617745082f,0.5916395484114237f,1.1054064933735634f,0.2154379074237135f,-1.751458968545052f,-1.3914394559115266f,0f,0f,0f,1f],start_interpolation:0}
execute if entity @s[tag=aj.dino.bone.tail_2] run data modify entity @s {} merge value {transformation:[-1.854365614878019f,0.32838717821026797f,-0.5217891360961254f,0.1310376861263082f,0.3905450382996446f,1.905416979315106f,-0.1887712451619806f,0.6274738966349073f,0.4770499076830141f,-0.28341113444530225f,-1.8737330091170488f,-1.0428312683317063f,0f,0f,0f,1f],start_interpolation:0}
execute if entity @s[tag=aj.dino.bone.tail_1] run data modify entity @s {} merge value {transformation:[-1.4226671302868426f,0.23634375419954426f,0.45586852956994744f,0.03140998266152935f,0.13188030249104804f,1.4659009926101807f,-0.34842232373853116f,0.6844053733375324f,-0.4962681454780976f,-0.2879794432166185f,-1.399443467264175f,-0.7376922759665537f,0f,0f,0f,1f],start_interpolation:0}
execute if entity @s[tag=aj.dino.bone.tail_0] run data modify entity @s {} merge value {transformation:[-1.2515623924363835f,-0.014299396917847387f,0.25927364245277557f,-0.04470087166304719f,-0.05060735865786072f,1.2652353295470726f,-0.1745112394650083f,0.7659339958486782f,-0.2546884168403001f,-0.18113752978807207f,-1.2394187033499553f,-0.3798764953388689f,0f,0f,0f,1f],start_interpolation:0}
execute if entity @s[tag=aj.dino.bone.body_1] run data modify entity @s {} merge value {transformation:[-1.2215936111654375f,-0.04915534267514079f,-0.18411245613082672f,0.0014136565424481774f,-0.09298626712887392f,1.1964230067359016f,0.2975401454169043f,0.6161725f,0.16633459754805616f,0.3078316687668186f,-1.1858233681366765f,-0.1249238204037309f,0f,0f,0f,1f],start_interpolation:0}