execute if entity @s[tag=aj.dino.bone.head_lower] run data modify entity @s {} merge value {transformation:[-0.9807282958989494f,0.16340032774017596f,-0.10710902164405105f,0.12141595048573749f,0.12338765611053507f,0.9430567551596377f,0.3089003769297209f,0.7160199703793244f,0.15148430922934242f,0.2897314091398761f,-0.9450440278712576f,0.83749554293996f,0f,0f,0f,1f],start_interpolation:0}
execute if entity @s[tag=aj.dino.bone.head_upper] run data modify entity @s {} merge value {transformation:[-1.0208396745644266f,0.15735362325389357f,-0.12883376369405064f,0.11575092641817318f,0.12843415983393258f,1.010101882588873f,0.2160342471963046f,0.7536342426406167f,0.15767995435836035f,0.1959744029785366f,-1.0100509927495038f,0.7723147902873236f,0f,0f,0f,1f],start_interpolation:0}
execute if entity @s[tag=aj.dino.bone.neck_0] run data modify entity @s {} merge value {transformation:[-0.9833880342977317f,0.07174458071764347f,-0.1667353865791326f,0.10412271188556287f,0.11892545395252577f,0.9486163707540132f,-0.29322980329371406f,0.7192372036134228f,0.13713026800173955f,-0.3081877613973892f,-0.9413902449689164f,0.7164008869426083f,0f,0f,0f,1f],start_interpolation:0}
execute if entity @s[tag=aj.dino.bone.neck_1] run data modify entity @s {} merge value {transformation:[-0.9855002535967089f,0.10801524674815625f,-0.13085089465019833f,0.0935355364305617f,0.11786993634766472f,0.9905554203945821f,-0.07004739275883262f,0.7178666350770501f,0.12204887654632404f,-0.08445510995107167f,-0.9889243682592376f,0.6322369391840617f,0f,0f,0f,1f],start_interpolation:0}
execute if entity @s[tag=aj.dino.bone.neck_2] run data modify entity @s {} merge value {transformation:[-0.9855002535967089f,0.12898415148964387f,-0.11023764704182952f,0.08514072722552292f,0.11786993634766472f,0.9877745953140638f,0.10201973807815326f,0.7364752599279787f,0.12204887654632404f,0.08754677330795307f,-0.9886554679043381f,0.5464804429070504f,0f,0f,0f,1f],start_interpolation:0}
execute if entity @s[tag=aj.dino.bone.body_0] run data modify entity @s {} merge value {transformation:[-0.9855002535967089f,0.09818841883227222f,-0.13837732678455916f,0.020859379451836548f,0.11786993634766472f,0.9828129430076106f,-0.1420753221432801f,0.678878215182635f,0.12204887654632404f,-0.1563257927020926f,-0.9801358672499657f,0.08305688559891558f,0f,0f,0f,1f],start_interpolation:0}
execute if entity @s[tag=aj.dino.bone.leg_left_3] run data modify entity @s {} merge value {transformation:[-0.9822781814705358f,-0.008362992780256262f,-0.187242181568936f,0.279761723090891f,-0.006225371964713509f,0.9999086005584231f,-0.01200146962655646f,0.03738031827000873f,0.1873254359419404f,-0.010623129531996733f,-0.9822404645340714f,-0.09093856339187377f,0f,0f,0f,1f],start_interpolation:0}
execute if entity @s[tag=aj.dino.bone.leg_left_2] run data modify entity @s {} merge value {transformation:[-1.0034496784482814f,-0.10930483605818389f,-0.1822179879622986f,0.24709484246109775f,-0.037062623070824995f,0.9561367384054045f,-0.3694470177755932f,0.24877933794472978f,0.20923026619933563f,-0.35484812214025185f,-0.9393442954638019f,-0.20235849633253464f,0f,0f,0f,1f],start_interpolation:0}
execute if entity @s[tag=aj.dino.bone.leg_left_1] run data modify entity @s {} merge value {transformation:[-0.96988198982447f,0.0780056647177322f,0.23074670547176007f,0.27536440993340455f,0.22390576285336827f,0.6584726200153996f,0.718526282087932f,0.38509860879682567f,-0.0958912674604817f,0.7485512173271779f,-0.6561066528109759f,0.03770664817838193f,0f,0f,0f,1f],start_interpolation:0}
execute if entity @s[tag=aj.dino.bone.leg_left_0] run data modify entity @s {} merge value {transformation:[-0.9824476780309463f,0.18652079671648794f,-0.0025597507395297703f,0.23457219856598377f,0.17145417000479196f,0.8975124634461945f,-0.4062940382859578f,0.7905019859312433f,-0.07348487953021252f,-0.39960151445032077f,-0.9137388041062063f,-0.05335034421768792f,0f,0f,0f,1f],start_interpolation:0}
execute if entity @s[tag=aj.dino.bone.leg_right_3] run data modify entity @s {} merge value {transformation:[-0.9909927636755089f,0.1061836899763261f,0.08159881326212966f,-0.25465437931825663f,0.11967129290820278f,0.975660252648529f,0.18375487219523706f,0.24668996852271585f,-0.060100948382331196f,0.19186478411845193f,-0.979579389645742f,-0.12378511990274739f,0f,0f,0f,1f],start_interpolation:0}
execute if entity @s[tag=aj.dino.bone.leg_right_2] run data modify entity @s {} merge value {transformation:[-1.0121294864978123f,0.16006014735057897f,0.04513148892380861f,-0.2143796305027351f,0.1569950617479151f,1.0114436530308284f,-0.06630600901212687f,0.4801633040931215f,-0.054851186396807354f,-0.05852081231885649f,-1.0225599549058717f,-0.168942824134595f,0f,0f,0f,1f],start_interpolation:0}
execute if entity @s[tag=aj.dino.bone.leg_right_1] run data modify entity @s {} merge value {transformation:[-0.9815831701465302f,0.026035282302791278f,-0.18925285773404277f,-0.21681823835059108f,-0.18368357823415737f,0.14355658995247567f,0.9724463216899499f,0.4639300639482749f,0.052486409404569015f,0.9892995853413824f,-0.1361304788472636f,0.10808410734667777f,0f,0f,0f,1f],start_interpolation:0}
execute if entity @s[tag=aj.dino.bone.leg_right_0] run data modify entity @s {} merge value {transformation:[-0.9904864601310844f,-0.12265393202103236f,0.06239058628329709f,-0.15488570977368427f,-0.13619705462175694f,0.8089592856827688f,-0.5718699471208317f,0.8439439562162238f,0.019670653505964697f,-0.5749268536669727f,-0.817968323545138f,-0.05335034421768796f,0f,0f,0f,1f],start_interpolation:0}
execute if entity @s[tag=aj.dino.bone.tail_4] run data modify entity @s {} merge value {transformation:[-2.7342482406087703f,0.12321519159391689f,0.3665595543541594f,0.14025906329297533f,0.3764755241984432f,1.446453847218334f,2.322003182415301f,1.4544026980221907f,-0.08839722850493056f,2.3490957017600955f,-1.4489984974336214f,-1.678748477571001f,0f,0f,0f,1f],start_interpolation:0}
execute if entity @s[tag=aj.dino.bone.tail_3] run data modify entity @s {} merge value {transformation:[-2.0617741640646754f,0.1849478648878371f,0.2254486853217043f,0.10022143746805613f,0.2838833349755529f,1.6410423543496289f,1.2499343060330128f,1.2264011421902759f,-0.06665639176412486f,1.2683531860442117f,-1.6500856483628146f,-1.4113667607478504f,0f,0f,0f,1f],start_interpolation:0}
execute if entity @s[tag=aj.dino.bone.tail_2] run data modify entity @s {} merge value {transformation:[-1.9385542753492155f,0.21338095542576427f,0.12348993639015401f,0.07588224836359476f,0.24439217127860613f,1.792104461293601f,0.7398702193169264f,1.0894680353975765f,-0.03246017784585728f,0.7494024570789295f,-1.8044711605290498f,-1.0757651932500554f,0f,0f,0f,1f],start_interpolation:0}
execute if entity @s[tag=aj.dino.bone.tail_1] run data modify entity @s {} merge value {transformation:[-1.500737777339124f,0.1742218524514416f,0.07133806694616207f,0.05983517281537452f,0.18812980756167602f,1.4092786213250874f,0.5159430133094818f,0.9610361461111604f,-0.007039117418662714f,0.5208039588985951f,-1.4199894144751635f,-0.7765588795140321f,0f,0f,0f,1f],start_interpolation:0}
execute if entity @s[tag=aj.dino.bone.tail_0] run data modify entity @s {} merge value {transformation:[-1.2663018821614729f,0.16962205239692288f,0.039288919035715096f,0.05244731979320605f,0.17411079746355693f,1.2350033979720039f,0.27979948854177034f,0.9090750643726322f,-0.0008306774004839001f,0.2825432408009217f,-1.2465971055785412f,-0.40545595994445227f,0f,0f,0f,1f],start_interpolation:0}
execute if entity @s[tag=aj.dino.bone.body_1] run data modify entity @s {} merge value {transformation:[-1.2248891219046814f,0.1617350194077911f,0.045749509210375336f,0.030917198441569125f,0.16808103431330013f,1.1786425917297547f,0.3333991630478226f,0.7521744863588702f,-1.494694653133019e-16f,0.33652343085434455f,-1.1896875957755764f,-0.1515375f,0f,0f,0f,1f],start_interpolation:0}