execute if entity @s[tag=aj.dino.bone.head_lower] run data modify entity @s {} merge value {transformation:[-0.9886375429181437f,0.11368409739115559f,-0.09834497817954123f,0.44811816339359123f,0.12210502094976393f,0.988929291579969f,-0.08431619129205575f,0.23030537891632366f,0.08767081949904376f,-0.09536656780811098f,-0.9915740240410027f,0.727744903247458f,0f,0f,0f,1f],start_interpolation:0}
execute if entity @s[tag=aj.dino.bone.head_upper] run data modify entity @s {} merge value {transformation:[-1.0290724064911863f,0.1556574007973196f,0.01589648888808481f,0.4523898177413677f,0.1270990654295172f,0.769918486757969f,0.6888710284942818f,0.29512210406386535f,0.09125651948704654f,0.6829848021067884f,-0.7801768711809961f,0.6893261369726539f,0f,0f,0f,1f],start_interpolation:0}
execute if entity @s[tag=aj.dino.bone.neck_0] run data modify entity @s {} merge value {transformation:[-0.9205583604225154f,0.08733278878281062f,-0.38071680953121523f,0.426651835502349f,0.055462896695150414f,0.9940341435777285f,0.0939147937860445f,0.28504185130752896f,0.38664734855730437f,0.0653383915099627f,-0.9199101708582731f,0.6286575204651942f,0f,0f,0f,1f],start_interpolation:0}
execute if entity @s[tag=aj.dino.bone.neck_1] run data modify entity @s {} merge value {transformation:[-0.8744912459248185f,0.06412239413526066f,-0.480784129699828f,0.38621851327955314f,0.04331429232767099f,0.9975866871864875f,0.0542648470784029f,0.29423455325071984f,0.4831034391111408f,0.02662930939118907f,-0.8751582411200484f,0.554642808890113f,0f,0f,0f,1f],start_interpolation:0}
execute if entity @s[tag=aj.dino.bone.neck_2] run data modify entity @s {} merge value {transformation:[-0.8489299803817782f,0.01831750041901286f,-0.5281878052240445f,0.34012463991092756f,-0.2267607122251435f,0.8901088107435329f,0.39533009552509324f,0.3375831561696204f,0.47738607834764024f,0.4553798131396836f,-0.7514863658009555f,0.4932654200812264f,0f,0f,0f,1f],start_interpolation:0}
execute if entity @s[tag=aj.dino.bone.body_0] run data modify entity @s {} merge value {transformation:[-0.8409418790896717f,-0.017671650458593688f,-0.5408368226768601f,0.0850619289612273f,-0.2458877115530903f,0.902801445958829f,0.3528296791397114f,0.5124707731114349f,0.48203318277927343f,0.4296943820260125f,-0.76354878610012f,0.13750111660696304f,0f,0f,0f,1f],start_interpolation:0}
execute if entity @s[tag=aj.dino.bone.leg_left_3] run data modify entity @s {} merge value {transformation:[-0.169004055696339f,0.012380806015978713f,-0.9855375917744502f,0.2464626405909196f,-0.03237441923363413f,0.9993118063309989f,0.01810554353673277f,0.03641034360959555f,0.9850835122655712f,0.03496611745490666f,-0.16848692677076177f,-0.2565875374369392f,0f,0f,0f,1f],start_interpolation:0}
execute if entity @s[tag=aj.dino.bone.leg_left_2] run data modify entity @s {} merge value {transformation:[-0.2628874737201529f,0.20666987855509203f,-0.9696597016272015f,0.2642624232782533f,-0.32916566954181464f,0.9280712191182585f,0.2870469887320405f,0.2611027744891816f,0.9352017630740541f,0.3847513132441095f,-0.17154092456556377f,-0.17075309616933534f,0f,0f,0f,1f],start_interpolation:0}
execute if entity @s[tag=aj.dino.bone.leg_left_1] run data modify entity @s {} merge value {transformation:[-0.5322136935112146f,0.6717802265258301f,-0.5152280191216846f,0.48468924806221914f,-0.04324915766352862f,0.5862094333691322f,0.8090043328625848f,0.3783123364475915f,0.8455046391360287f,0.4528463618910338f,-0.2829347587722458f,-0.049561845821209545f,0f,0f,0f,1f],start_interpolation:0}
execute if entity @s[tag=aj.dino.bone.leg_left_0] run data modify entity @s {} merge value {transformation:[-0.49310866026274836f,-0.6921689509716754f,-0.527016121655351f,0.19848711090837504f,-0.08140195723671359f,0.639840324749178f,-0.7641845851513226f,0.6822787806857258f,0.8661510090809279f,-0.3339258931793655f,-0.3718547126667263f,-0.04968845644666546f,0f,0f,0f,1f],start_interpolation:0}
execute if entity @s[tag=aj.dino.bone.leg_right_3] run data modify entity @s {} merge value {transformation:[-0.9815662356984584f,0.09760678042984186f,0.16431871880853743f,-0.35064765708170226f,0.08640358998287637f,0.9935069660236384f,-0.0740157287377213f,0.034069754596383284f,-0.17047622876761864f,-0.058453613033118815f,-0.9836264690158274f,0.16456099801205953f,0f,0f,0f,1f],start_interpolation:0}
execute if entity @s[tag=aj.dino.bone.leg_right_2] run data modify entity @s {} merge value {transformation:[-0.9754581382100557f,0.31708599503751483f,-0.0003030701820532638f,-0.27523143367874514f,0.31634097986318765f,0.9730981726358f,-0.07120765670038026f,0.25820612569591317f,-0.021725665919929384f,-0.06781310835399058f,-1.0232260636225015f,0.11716529711013485f,0f,0f,0f,1f],start_interpolation:0}
execute if entity @s[tag=aj.dino.bone.leg_right_1] run data modify entity @s {} merge value {transformation:[-0.9770456311034595f,0.18415820448180933f,-0.10708683608958891f,-0.238980394651316f,-0.011315460945759854f,0.4571105600781125f,0.8893378976568237f,0.33499627861263426f,0.21272939403201288f,0.8701354443919119f,-0.44453404068492f,0.3813669629720745f,0f,0f,0f,1f],start_interpolation:0}
execute if entity @s[tag=aj.dino.bone.leg_right_0] run data modify entity @s {} merge value {transformation:[-0.9863034183058292f,-0.13126567746957077f,-0.09987436586377364f,-0.16770612176114266f,0.019228456201792546f,0.509880925047649f,-0.860030062698188f,0.6029681224452811f,0.16381646287944338f,-0.850171020554693f,-0.5003732629734123f,0.06924783907646684f,0f,0f,0f,1f],start_interpolation:0}
execute if entity @s[tag=aj.dino.bone.tail_4] run data modify entity @s {} merge value {transformation:[0.7286470891544292f,-0.21729254840377324f,2.654716312428688f,0.7212216546621352f,0.34394298990792616f,2.7368895388509245f,0.12961559868152805f,0.40996097849369767f,-2.6412947527226067f,0.29644718270978526f,0.7492278883647213f,-1.2321234888923496f,0f,0f,0f,1f],start_interpolation:0}
execute if entity @s[tag=aj.dino.bone.tail_3] run data modify entity @s {} merge value {transformation:[-0.5263626167311733f,-0.05594022643894787f,2.013891410383965f,0.38028751209332373f,0.018712259323666613f,2.0812649480175525f,0.06270242059874943f,0.3789621536310583f,-2.01458128977298f,0.03394750747695459f,-0.5255999616411571f,-1.1433333614976309f,0f,0f,0f,1f],start_interpolation:0}
execute if entity @s[tag=aj.dino.bone.tail_2] run data modify entity @s {} merge value {transformation:[-1.1448479530071918f,0.46629711728012496f,1.513493983441713f,0.0981966908994374f,0.04994518252159861f,1.8772442386311332f,-0.5405861839446863f,0.47993957191824677f,-1.5829095104398436f,-0.27801967906110386f,-1.1116997862807358f,-0.937907429436088f,0f,0f,0f,1f],start_interpolation:0}
execute if entity @s[tag=aj.dino.bone.tail_1] run data modify entity @s {} merge value {transformation:[-1.2720441841621644f,0.4168225166121701f,0.7041440429232582f,-0.05720720037875489f,0.13811390385611033f,1.3922504986339117f,-0.574647151402711f,0.5864464533342459f,-0.806526126731701f,-0.4189913945401768f,-1.2089739733345954f,-0.6718574495724123f,0f,0f,0f,1f],start_interpolation:0}
execute if entity @s[tag=aj.dino.bone.tail_0] run data modify entity @s {} merge value {transformation:[-1.26465690045015f,-0.07016833108702378f,0.17191581090844663f,-0.10913828284444324f,-0.1148141812085477f,1.2255857135728094f,-0.34437345870967767f,0.7166559484109211f,-0.14593267119208692f,-0.35616257605581914f,-1.2188878502471232f,-0.32426492754899416f,0f,0f,0f,1f],start_interpolation:0}
execute if entity @s[tag=aj.dino.bone.body_1] run data modify entity @s {} merge value {transformation:[-1.1517190885254796f,-0.14506742119598665f,-0.42556219227021924f,-0.00042971403069786644f,-0.24944098052591984f,1.179791726973546f,0.2729015816284242f,0.5737428082275391f,0.37406808660530844f,0.34007575527898787f,-1.1282846016458434f,-0.08486107787981392f,0f,0f,0f,1f],start_interpolation:0}