execute if entity @s[tag=aj.dino.bone.head_lower] run data modify entity @s {} merge value {transformation:[-0.9575515902213324f,-0.2591014805567121f,-0.12633833479161038f,0.458762550445243f,-0.27698125382467786f,0.9484120585627807f,0.15425936666024015f,0.24604663916856953f,0.07985196988369626f,0.18270465222875082f,-0.9799197278143068f,0.712340031292588f,0f,0f,0f,1f],start_interpolation:0}
execute if entity @s[tag=aj.dino.bone.head_upper] run data modify entity @s {} merge value {transformation:[-0.9967150512815557f,-0.1417710804215298f,-0.2644466106578505f,0.4370394568037204f,-0.28830967169725147f,0.7066332152582477f,0.7078269385118946f,0.31062012601722544f,0.08311788218028533f,0.75102756436326f,-0.7159056905849829f,0.6798773066588644f,0f,0f,0f,1f],start_interpolation:0}
execute if entity @s[tag=aj.dino.bone.neck_0] run data modify entity @s {} merge value {transformation:[-0.9842031476786458f,-0.1228281733762305f,-0.12750452511383353f,0.4311065273376903f,-0.13523544206110277f,0.9863749788859876f,0.09367911313737953f,0.30071057571283655f,0.11426083891685612f,0.10944240884011325f,-0.9874040813351392f,0.6142165313435151f,0f,0f,0f,1f],start_interpolation:0}
execute if entity @s[tag=aj.dino.bone.neck_1] run data modify entity @s {} merge value {transformation:[-0.890741671053953f,-0.09317951890329597f,-0.4448559909734403f,0.3929921197712108f,-0.18037274120447308f,0.9708565796869505f,0.1578074013122964f,0.3185515487316756f,0.4171869481160643f,0.2208055228827085f,-0.8815894573927812f,0.5405515568839485f,0f,0f,0f,1f],start_interpolation:0}
execute if entity @s[tag=aj.dino.bone.neck_2] run data modify entity @s {} merge value {transformation:[-0.7781199801920202f,-0.11203636479433085f,-0.6180429996283766f,0.33775001164720325f,-0.4579230534831984f,0.7746776375437322f,0.4360975062738673f,0.3643415392576401f,0.42992531155375585f,0.6223523205173527f,-0.6540961822485074f,0.48934104378567755f,0f,0f,0f,1f],start_interpolation:0}
execute if entity @s[tag=aj.dino.bone.body_0] run data modify entity @s {} merge value {transformation:[-0.7606458933459039f,-0.239140013544679f,-0.6035146053393095f,0.051037733776526775f,-0.4821871892636221f,0.8305838410877704f,0.2786144243106112f,0.5035638219473023f,0.43464162185191113f,0.5029339289069055f,-0.7470904387744527f,0.1420311959206728f,0f,0f,0f,1f],start_interpolation:0}
execute if entity @s[tag=aj.dino.bone.leg_left_3] run data modify entity @s {} merge value {transformation:[-0.1960987228398221f,0.06224177173404061f,-0.9786067916952134f,0.21918819999365788f,0.0928938872653165f,0.9946744102684758f,0.04464911271009797f,-0.0017360157787732755f,0.9761741732955904f,-0.08215095500642663f,-0.20083626162175677f,-0.26820739589636927f,0f,0f,0f,1f],start_interpolation:0}
execute if entity @s[tag=aj.dino.bone.leg_left_2] run data modify entity @s {} merge value {transformation:[-0.32116272056721923f,0.24024596951733398f,-0.944033145895436f,0.2455160891383447f,-0.3381327232327196f,0.9047176926823904f,0.3452743221372996f,0.21929831611418166f,0.9135551258122203f,0.4193208439593993f,-0.20408150681551168f,-0.17535407907981296f,0f,0f,0f,1f],start_interpolation:0}
execute if entity @s[tag=aj.dino.bone.leg_left_1] run data modify entity @s {} merge value {transformation:[-0.6101275487778484f,0.5495944024197529f,-0.5706928833017016f,0.43724219534635467f,-0.08726304550751f,0.6693006006586995f,0.7378494879354858f,0.3637315018555468f,0.7874830379830977f,0.4999826984874368f,-0.36039945352640607f,-0.036093385721346405f,0f,0f,0f,1f],start_interpolation:0}
execute if entity @s[tag=aj.dino.bone.leg_left_0] run data modify entity @s {} merge value {transformation:[-0.5752988283639708f,-0.6213850741899424f,-0.5318945832183315f,0.16967253278980102f,-0.12960678456538732f,0.7113199812792571f,-0.6908154352846342f,0.6841854285542337f,0.8076096454833015f,-0.3284881638763216f,-0.4897572732645213f,-0.031293895413226955f,0f,0f,0f,1f],start_interpolation:0}
execute if entity @s[tag=aj.dino.bone.leg_right_3] run data modify entity @s {} merge value {transformation:[-0.9918417787479484f,0.063764727024369f,0.11038091102003926f,-0.35231652998194196f,0.05754735653542602f,0.9966198652910503f,-0.05862717682981508f,0.03313620767140654f,-0.11374615459825739f,-0.05179675370867898f,-0.9921587114062711f,0.06080549306962581f,0f,0f,0f,1f],start_interpolation:0}
execute if entity @s[tag=aj.dino.bone.leg_right_2] run data modify entity @s {} merge value {transformation:[-0.98878538453574f,0.26092384948442615f,0.07927425559052594f,-0.2875116497593609f,0.2702300218490324f,0.9775582784251617f,0.15302858254130405f,0.2653136626700409f,-0.036625102329891586f,0.16840652170672515f,-1.011118215060268f,0.06886954637486242f,0f,0f,0f,1f],start_interpolation:0}
execute if entity @s[tag=aj.dino.bone.leg_right_1] run data modify entity @s {} merge value {transformation:[-0.9867715542005993f,0.09774408502044318f,-0.129336745219797f,-0.27375027264242624f,-0.09646359029430421f,0.2871884539263143f,0.9530044950990243f,0.29086887361898467f,0.13029457228935867f,0.9528740135899025f,-0.2739606516582326f,0.3448603820070735f,0f,0f,0f,1f],start_interpolation:0}
execute if entity @s[tag=aj.dino.bone.leg_right_0] run data modify entity @s {} merge value {transformation:[-0.9945393765375599f,-0.10386071828954119f,0.010216639010100378f,-0.19972037679164537f,-0.06457916334691907f,0.5355622151268202f,-0.8420229482560826f,0.5772029182613777f,0.0819814624027535f,-0.838084759988412f,-0.539344949821051f,0.050174671522999065f,0f,0f,0f,1f],start_interpolation:0}
execute if entity @s[tag=aj.dino.bone.tail_4] run data modify entity @s {} merge value {transformation:[-2.3364475323420772f,0.47692513366127154f,-1.3925576027923585f,-0.5895071110135867f,0.42989309232402845f,2.719684723804481f,0.21016247019063325f,0.6665743945169251f,1.4077876932921052f,-0.03897116352796073f,-2.375347635742729f,-1.6486856897392184f,0f,0f,0f,1f],start_interpolation:0}
execute if entity @s[tag=aj.dino.bone.tail_3] run data modify entity @s {} merge value {transformation:[-1.8402851379389107f,0.14399316616390273f,-0.9636192739996984f,-0.42752197802750197f,0.027452880534451097f,2.066273191330849f,0.25633369693084274f,0.6028895667719029f,0.9739314536844841f,0.2138377724583914f,-1.8280252888399837f,-1.3408127243113768f,0f,0f,0f,1f],start_interpolation:0}
execute if entity @s[tag=aj.dino.bone.tail_2] run data modify entity @s {} merge value {transformation:[-1.8194400130719788f,0.04116295106878345f,-0.7118409410076978f,-0.29652788282493026f,0.1317907966655349f,1.9367092965367134f,-0.22486031580807592f,0.6452489059726101f,0.7007446751490013f,-0.2573646968221418f,-1.8059607382450884f,-1.0046316460608606f,0f,0f,0f,1f],start_interpolation:0}
execute if entity @s[tag=aj.dino.bone.tail_1] run data modify entity @s {} merge value {transformation:[-1.4112963460335972f,-0.061902593573543704f,-0.5404321812966798f,-0.17812789889491482f,0.01128143708316253f,1.4990205506488796f,-0.20116254102011327f,0.6702020847999571f,0.5438488786874139f,-0.19173342859605563f,-1.398257107798578f,-0.701918151695957f,0f,0f,0f,1f],start_interpolation:0}
execute if entity @s[tag=aj.dino.bone.tail_0] run data modify entity @s {} merge value {transformation:[-1.1977697928120774f,-0.3638893319026322f,-0.25839464804518975f,-0.11140027487649695f,-0.37029490183378f,1.2233873663649713f,-0.006383892113610972f,0.7015901228747232f,0.24912833176267357f,0.06887396119044574f,-1.2518095575474377f,-0.3344482528478269f,0f,0f,0f,1f],start_interpolation:0}
execute if entity @s[tag=aj.dino.bone.body_1] run data modify entity @s {} merge value {transformation:[-1.1617824339066005f,-0.26189753149059336f,-0.33207808467503463f,-0.016556114562311857f,-0.33647208154131547f,1.1605172624950257f,0.26189848577369795f,0.5625333203125f,0.2562278471703655f,0.33647282432082865f,-1.1617822187846802f,-0.08701399345252961f,0f,0f,0f,1f],start_interpolation:0}