execute if entity @s[tag=aj.dino.bone.head_lower] run data modify entity @s {} merge value {transformation:[-0.9774951087882806f,0.1159604266034657f,0.17622852140595754f,0.23798495320401603f,0.09885142235899669f,0.9897603619589032f,-0.10297000627650993f,0.5287818560124469f,-0.18636445098942822f,-0.08323223748598532f,-0.9789487657944544f,0.7735853517507786f,0f,0f,0f,1f],start_interpolation:0}
execute if entity @s[tag=aj.dino.bone.head_upper] run data modify entity @s {} merge value {transformation:[-1.0174742514480928f,0.07101166323251831f,0.2077869916732092f,0.25358793601029495f,0.10289440434538702f,1.0243223429286514f,0.15378043411004422f,0.5624159028162077f,-0.1939866793830413f,0.17085966184450027f,-1.008289683949921f,0.7078529068324108f,0f,0f,0f,1f],start_interpolation:0}
execute if entity @s[tag=aj.dino.bone.neck_0] run data modify entity @s {} merge value {transformation:[-0.9796150112195372f,0.16429092305684717f,-0.11559810722704578f,0.24376293402435004f,0.19878021528058235f,0.8758422399244976f,-0.4397576568714232f,0.5196995555620578f,0.028997513796045815f,-0.45377181861059657f,-0.8906459907440666f,0.6576182647262312f,0f,0f,0f,1f],start_interpolation:0}
execute if entity @s[tag=aj.dino.bone.neck_1] run data modify entity @s {} merge value {transformation:[-0.920129330887723f,0.17095883765817532f,-0.35232810030804707f,0.21470370561717844f,0.22821104713381357f,0.9652080258359368f,-0.12764476028408736f,0.5133329617525398f,0.31824791029353205f,-0.19785485257748778f,-0.9271309103386319f,0.578166615453383f,0f,0f,0f,1f],start_interpolation:0}
execute if entity @s[tag=aj.dino.bone.neck_2] run data modify entity @s {} merge value {transformation:[-0.9188730753511705f,0.2824267812827276f,-0.27551294816933897f,0.19333183971592927f,0.21808983700745466f,0.9454860317807097f,0.24185323380436563f,0.5437780181129589f,0.3287994744350186f,0.16214585076974858f,-0.9303760684204049f,0.4982462032594349f,0f,0f,0f,1f],start_interpolation:0}
execute if entity @s[tag=aj.dino.bone.body_0] run data modify entity @s {} merge value {transformation:[-0.9180867771777445f,0.21930020937493938f,-0.330187958198797f,0.03980460184123748f,0.20857933104460888f,0.9756363643366279f,0.06803195752725721f,0.5851353804914763f,0.33706280161472324f,-0.006411142808797576f,-0.9414603364005937f,0.054478403040914364f,0f,0f,0f,1f],start_interpolation:0}
execute if entity @s[tag=aj.dino.bone.leg_left_3] run data modify entity @s {} merge value {transformation:[-0.9648765732193096f,0.06436177972612703f,-0.25469738860665214f,0.19168815052217766f,0.04518730146829909f,0.9957349003816096f,0.08043703094992358f,0.007939959931201002f,0.25878814933952354f,0.06610271910074045f,-0.9636696136585992f,-0.2513889202261998f,0f,0f,0f,1f],start_interpolation:0}
execute if entity @s[tag=aj.dino.bone.leg_left_2] run data modify entity @s {} merge value {transformation:[-0.9838139675680659f,0.0437445379625079f,-0.2868077616054381f,0.19149502669744645f,-0.03374566360680851f,0.9898383437424495f,0.2667273569501918f,0.24686055842474613f,0.2881553520349938f,0.26527093349318465f,-0.9479768058544145f,-0.21840434224360072f,0f,0f,0f,1f],start_interpolation:0}
execute if entity @s[tag=aj.dino.bone.leg_left_1] run data modify entity @s {} merge value {transformation:[-0.954930375411228f,0.18576457186408757f,0.23151566244451685f,0.24870076843552458f,0.29207494695197544f,0.4490027489130135f,0.8444458282397743f,0.3182374787951362f,0.05291694889137112f,0.8740068966024868f,-0.4830235410529371f,0.043599902016680236f,0f,0f,0f,1f],start_interpolation:0}
execute if entity @s[tag=aj.dino.bone.leg_left_0] run data modify entity @s {} merge value {transformation:[-0.964485065167147f,0.13209550218988841f,-0.2287342068225155f,0.20704004596776554f,0.24822500340319822f,0.7493073349540055f,-0.6139404413048616f,0.6912809974477726f,0.09029344801815002f,-0.6489139358076131f,-0.7554851402639674f,-0.1391846595829734f,0f,0f,0f,1f],start_interpolation:0}
execute if entity @s[tag=aj.dino.bone.leg_right_3] run data modify entity @s {} merge value {transformation:[-0.9396996928098911f,0.29831630988154323f,-0.16724791954357926f,-0.47790397334840706f,0.19417833289689498f,0.8679464966245888f,0.45712542483489793f,0.21259369856359717f,0.28153021572538f,0.39708469909549826f,-0.8735356199822986f,-0.2830726625674321f,0f,0f,0f,1f],start_interpolation:0}
execute if entity @s[tag=aj.dino.bone.leg_right_2] run data modify entity @s {} merge value {transformation:[-0.9107759548093532f,0.4178013045437799f,-0.2190694628726719f,-0.38587236548411363f,0.31119008558503f,0.8900667430886245f,0.40373769081160243f,0.43206149355866663f,0.3545561877550397f,0.2920367481496447f,-0.9170968580010993f,-0.24389177207307572f,0f,0f,0f,1f],start_interpolation:0}
execute if entity @s[tag=aj.dino.bone.leg_right_1] run data modify entity @s {} merge value {transformation:[-0.9339211254929276f,0.3266306277082898f,0.1452713474877691f,-0.3234413015609805f,0.04895665317779297f,-0.28568514745213924f,0.9570722243565947f,0.3046652472436898f,0.3541109677313777f,0.9009419679247598f,0.2508166520871552f,-0.005384027246948253f,0f,0f,0f,1f],start_interpolation:0}
execute if entity @s[tag=aj.dino.bone.leg_right_0] run data modify entity @s {} merge value {transformation:[-0.9344696612182778f,0.012607186358274763f,-0.3558194923198067f,-0.18086933601481242f,0.10563153135388856f,0.9641942783931448f,-0.24325166617673094f,0.6907590908767052f,0.3400123995480602f,-0.26489705994225576f,-0.902342017079732f,-0.07547009657202947f,0f,0f,0f,1f],start_interpolation:0}
execute if entity @s[tag=aj.dino.bone.tail_4] run data modify entity @s {} merge value {transformation:[-1.9197471661878716f,-1.491967324872746f,-1.3092996796095606f,-0.6002690033141418f,0.5414236881655045f,1.358817383276594f,-2.3422504222218885f,0.6235500650158372f,1.909736248649771f,-1.8850225866066996f,-0.6521185783089507f,-1.6367759427438449f,0f,0f,0f,1f],start_interpolation:0}
execute if entity @s[tag=aj.dino.bone.tail_3] run data modify entity @s {} merge value {transformation:[-1.4459260204168318f,-0.491043028649882f,-1.4156695283647025f,-0.3554185246002418f,0.40678160864277374f,1.7647892705022534f,-1.0276152391019544f,0.7805257864587427f,1.4421415299463454f,-0.9901217605824654f,-1.129527437855999f,-1.4355607112482671f,0f,0f,0f,1f],start_interpolation:0}
execute if entity @s[tag=aj.dino.bone.tail_2] run data modify entity @s {} merge value {transformation:[-1.7481449535691074f,0.12344457016109121f,-0.8645950117895572f,-0.19595548335066437f,0.4014394218739891f,1.8316501877457692f,-0.5501616628765986f,0.8835323267863562f,0.7756348927679303f,-0.6697707837995103f,-1.663902486713764f,-1.125830707705969f,0f,0f,0f,1f],start_interpolation:0}
execute if entity @s[tag=aj.dino.bone.tail_1] run data modify entity @s {} merge value {transformation:[-1.4496464412753427f,0.3325271480319916f,-0.2749675273908639f,-0.1394653886644535f,0.28674764363456073f,1.462649397345235f,0.25707738001552843f,0.8100588143032585f,0.32242399750602097f,0.194264475052263f,-1.464909666008422f,-0.8132812089628625f,0f,0f,0f,1f],start_interpolation:0}
execute if entity @s[tag=aj.dino.bone.tail_0] run data modify entity @s {} merge value {transformation:[-1.2344058115162946f,0.11694041607921901f,-0.3104882415906366f,-0.045911527502470455f,-0.003815388613498819f,1.191104524516129f,0.463779226648804f,0.7032752189874308f,0.33175812256605625f,0.448810279905055f,-1.149931127218939f,-0.4664140151640093f,0f,0f,0f,1f],start_interpolation:0}
execute if entity @s[tag=aj.dino.bone.body_1] run data modify entity @s {} merge value {transformation:[-1.220018831562219f,0.008770812190171872f,-0.20020419212227658f,0.000042366308910295625f,-0.001641455129968605f,1.234703936905649f,0.0640943747219545f,0.6052081024636249f,0.20038949901345882f,0.06351264519343179f,-1.218365621495419f,-0.18743910212108023f,0f,0f,0f,1f],start_interpolation:0}