execute if entity @s[tag=aj.dino.bone.head_lower] run data modify entity @s {} merge value {transformation:[-0.03320501866685262f,0.40281268702264433f,-0.9146799253886195f,0.8313553515870378f,-0.7802124916097295f,0.5615223702716001f,0.27561040550150095f,0.4736930699405988f,0.6246326077555286f,0.7227963522723126f,0.2956341294072238f,-0.05349874578992801f,0f,0f,0f,1f],start_interpolation:0}
execute if entity @s[tag=aj.dino.bone.head_upper] run data modify entity @s {} merge value {transformation:[-0.03456309009490245f,0.8843204384094363f,-0.5479550142100542f,0.8134272288261255f,-0.8121228574280294f,0.31971301310334266f,0.5671966116602088f,0.5197210750926261f,0.6501798211491433f,0.446355121004824f,0.6793417760647026f,0.0035579071770264516f,0f,0f,0f,1f],start_interpolation:0}
execute if entity @s[tag=aj.dino.bone.neck_0] run data modify entity @s {} merge value {transformation:[0.06746466445046063f,0.259267756975017f,-0.9634462876796662f,0.7468987840605193f,-0.6438626143912944f,0.7489722250519134f,0.1564657786546098f,0.5178892702855288f,0.7621610412765758f,0.6097711343561038f,0.2174619756791435f,0.007475404147705308f,0f,0f,0f,1f],start_interpolation:0}
execute if entity @s[tag=aj.dino.bone.neck_1] run data modify entity @s {} merge value {transformation:[0.14743876021416924f,0.06546715821105556f,-0.9869021548169187f,0.663596817471228f,-0.5410181485546628f,0.8406374377795963f,-0.025061147975302334f,0.5196389737206244f,0.8279862166250074f,0.5376269611906789f,0.1593614623423201f,0.023452191834128368f,0f,0f,0f,1f],start_interpolation:0}
execute if entity @s[tag=aj.dino.bone.neck_2] run data modify entity @s {} merge value {transformation:[-0.19466296310001746f,-0.05574203945887933f,-0.9792850227763549f,0.5772583554332713f,-0.39631999124480727f,0.9177286939974045f,0.026542583776525432f,0.5309494406234947f,0.8972384272515512f,0.39327708965916475f,-0.20073947148575472f,0.00971633709188438f,0f,0f,0f,1f],start_interpolation:0}
execute if entity @s[tag=aj.dino.bone.body_0] run data modify entity @s {} merge value {transformation:[-0.42975516058040064f,-0.05701539590397742f,-0.9011435771198876f,0.1520096239098523f,-0.176463872475073f,0.9840635964804346f,0.02189383002339884f,0.5506423564476317f,0.8855343040592021f,0.1684282717120407f,-0.432967566478691f,-0.19273516353775158f,0f,0f,0f,1f],start_interpolation:0}
execute if entity @s[tag=aj.dino.bone.leg_left_3] run data modify entity @s {} merge value {transformation:[-0.5947102605948484f,0.5716934435169987f,-0.5652312027682863f,-0.0550210613947163f,-0.21887107783094356f,0.5613834410733234f,0.7980877667135338f,0.35220802606021806f,0.7735729811933248f,0.5983437462933416f,-0.20873333236289954f,-0.7545200773733592f,0f,0f,0f,1f],start_interpolation:0}
execute if entity @s[tag=aj.dino.bone.leg_left_2] run data modify entity @s {} merge value {transformation:[-0.5837784691134807f,0.02419106449749382f,-0.8430182031834742f,-0.07634085909321531f,-0.38546132014273154f,0.9042708499096732f,0.29287540043191507f,0.5714454136117084f,0.7501229693683813f,0.4834989368166284f,-0.5055754230813108f,-0.6562779978365928f,0f,0f,0f,1f],start_interpolation:0}
execute if entity @s[tag=aj.dino.bone.leg_left_1] run data modify entity @s {} merge value {transformation:[-0.4602790727068833f,0.747800487639732f,0.47847424791086784f,0.11060343020987642f,-0.027346455530697627f,-0.5506463020609194f,0.8342906096777923f,0.3781489974446008f,0.8873529999938012f,0.3709219334474759f,0.2739006620831483f,-0.5877089534092428f,0f,0f,0f,1f],start_interpolation:0}
execute if entity @s[tag=aj.dino.bone.leg_left_0] run data modify entity @s {} merge value {transformation:[-0.4672859701972272f,0.09328931372728691f,-0.8791705898181126f,0.16446785927087215f,-0.08486426550024487f,0.9850926299837395f,0.14963477801909292f,0.7428795278273677f,0.8800237942794161f,0.14453239877622978f,-0.45240303624760175f,-0.39180708498249284f,0f,0f,0f,1f],start_interpolation:0}
execute if entity @s[tag=aj.dino.bone.leg_right_3] run data modify entity @s {} merge value {transformation:[-0.6762955244166922f,-0.005050958773727854f,-0.7366130948261906f,0.033933141551052065f,-0.04755558605829016f,0.9981898525593249f,0.03681690484338057f,0.06593255292008585f,0.7350937558492823f,0.05992917539112391f,-0.6753115311086701f,0.07034671099502492f,0f,0f,0f,1f],start_interpolation:0}
execute if entity @s[tag=aj.dino.bone.leg_right_2] run data modify entity @s {} merge value {transformation:[-0.6978826978384086f,-0.1412897239416042f,-0.7382812157077987f,-0.020734804318092243f,0.08035539844358842f,0.9876224667767325f,-0.2649661724815247f,0.28783261279448247f,0.7473720288447054f,-0.2381202984355644f,-0.6609054194619691f,-0.006743179316242104f,0f,0f,0f,1f],start_interpolation:0}
execute if entity @s[tag=aj.dino.bone.leg_right_1] run data modify entity @s {} merge value {transformation:[-0.4334252803194798f,0.6313611500780212f,-0.6430595808726746f,0.17625982346986194f,-0.19301005713149214f,0.6319759109375018f,0.7505688281835408f,0.4158694466161762f,0.8802781629837688f,0.449432471197703f,-0.15205528470608207f,0.14094931022661547f,0f,0f,0f,1f],start_interpolation:0}
execute if entity @s[tag=aj.dino.bone.leg_right_0] run data modify entity @s {} merge value {transformation:[-0.4814208736704277f,-0.8130280019958771f,-0.32744375145205434f,-0.06032791265806541f,-0.1661772145824274f,0.4514754497618644f,-0.8766727163633806f,0.6838223789475887f,0.8605922819477456f,-0.3676348544859629f,-0.35245643421429707f,-0.07476983063323706f,0f,0f,0f,1f],start_interpolation:0}
execute if entity @s[tag=aj.dino.bone.tail_4] run data modify entity @s {} merge value {transformation:[-2.185235979385948f,-0.07430687724575731f,1.6866782544371408f,-0.3267590553750047f,-0.6851285489380343f,2.5604453417847157f,-0.7748418256412147f,1.0384271618086847f,-1.5430501992570433f,-1.0316295223222978f,-2.04460214781406f,-1.7233708397589522f,0f,0f,0f,1f],start_interpolation:0}
execute if entity @s[tag=aj.dino.bone.tail_3] run data modify entity @s {} merge value {transformation:[-1.8873256394783602f,-0.4039256422592292f,0.7815315298422146f,-0.4553251925034968f,-0.38806960763862014f,2.0423814339398927f,0.11842965831782626f,0.998359562491631f,-0.78952481673425f,-0.038310310198939886f,-1.9264289267807557f,-1.3963447868157786f,0f,0f,0f,1f],start_interpolation:0}
execute if entity @s[tag=aj.dino.bone.tail_2] run data modify entity @s {} merge value {transformation:[-1.9516409279414033f,-0.07148151312546606f,0.06900693202925318f,-0.46961357080257105f,-0.0692568656090651f,1.9519176849664412f,0.06320373947823249f,0.9870233781769459f,-0.07123938484296514f,0.06067634958794227f,-1.9519265369502652f,-1.0335241463611502f,0f,0f,0f,1f],start_interpolation:0}
execute if entity @s[tag=aj.dino.bone.tail_1] run data modify entity @s {} merge value {transformation:[-1.4930249667360413f,0.10744080586487328f,-0.2167698593853635f,-0.42285407432821454f,0.09387579554294984f,1.5062684645591173f,0.09999448827759143f,0.9470034177265919f,0.22297989531350532f,0.08525277655200243f,-1.4935421588881088f,-0.7133856931040556f,0f,0f,0f,1f],start_interpolation:0}
execute if entity @s[tag=aj.dino.bone.tail_0] run data modify entity @s {} merge value {transformation:[-1.0912696647749187f,0.03648680089067691f,-0.6645562043099356f,-0.22777481420459345f,-0.17216176322825436f,1.217379721861366f,0.3495463583945753f,0.8742353888506237f,0.6429047850251255f,0.38793175011274145f,-1.034416797635407f,-0.4017435785817912f,0f,0f,0f,1f],start_interpolation:0}
execute if entity @s[tag=aj.dino.bone.body_1] run data modify entity @s {} merge value {transformation:[-0.7070080996937244f,0.37188733894574627f,-0.9436333764527252f,-0.0334425237518363f,-0.18574140538560102f,1.0833391034059412f,0.5661105125443645f,0.6696520481049563f,0.9971179831640289f,0.4654898379338834f,-0.5636306711734524f,-0.30206138667291216f,0f,0f,0f,1f],start_interpolation:0}