execute if entity @s[tag=aj.dino.bone.head_lower] run data modify entity @s {} merge value {transformation:[-0.9093247837523682f,-0.18456976686329507f,-0.37291076521567196f,0.5472019446536356f,-0.4029689661584383f,0.16737637001883438f,0.8997783966469286f,0.43806577796189755f,-0.10365543867500808f,0.9684622614843323f,-0.22657536960963892f,0.7286043665179266f,0f,0f,0f,1f],start_interpolation:0}
execute if entity @s[tag=aj.dino.bone.head_upper] run data modify entity @s {} merge value {transformation:[-0.9465157885225136f,-0.416540638729833f,-0.11863263019782772f,0.5293765881601807f,-0.4194502289705826f,0.8105885580692995f,0.5004794076954282f,0.49063885226260834f,-0.10789490292704981f,0.5029035975186336f,-0.9049412158304461f,0.677479176872801f,0f,0f,0f,1f],start_interpolation:0}
execute if entity @s[tag=aj.dino.bone.neck_0] run data modify entity @s {} merge value {transformation:[-0.9721408661252723f,-0.20528497398769213f,0.11313803897928526f,0.5403385889489176f,-0.17905329896386413f,0.9618686136872129f,0.2067575539940345f,0.48845310886770993f,-0.1512681478017192f,0.1807397285001601f,-0.9718287390288094f,0.6117540422680223f,0f,0f,0f,1f],start_interpolation:0}
execute if entity @s[tag=aj.dino.bone.neck_1] run data modify entity @s {} merge value {transformation:[-0.9270515019147052f,-0.17287437603639086f,-0.3327010112814779f,0.5113580359515008f,-0.2783040372661312f,0.9118965284100278f,0.30164811339557757f,0.5182076565231226f,0.25124166780027024f,0.37223537121526734f,-0.8934866830441128f,0.5377788350272384f,0f,0f,0f,1f],start_interpolation:0}
execute if entity @s[tag=aj.dino.bone.neck_2] run data modify entity @s {} merge value {transformation:[-0.8124609489045903f,-0.1498117178827721f,-0.563439132196252f,0.4605297918272216f,-0.5019619420846848f,0.6713135016550147f,0.5453186143845211f,0.5725542357849558f,0.2965491783897307f,0.7258750799419245f,-0.6206157854225758f,0.4905150083103865f,0f,0f,0f,1f],start_interpolation:0}
execute if entity @s[tag=aj.dino.bone.body_0] run data modify entity @s {} merge value {transformation:[-0.799663451870544f,-0.307035551983835f,-0.5160111758096599f,0.21441076228295217f,-0.5201441999665498f,0.7835554955363359f,0.3398393689023754f,0.7401836014903649f,0.2999806243470466f,0.5401573430332951f,-0.786283453840641f,0.12508823896731527f,0f,0f,0f,1f],start_interpolation:0}
execute if entity @s[tag=aj.dino.bone.leg_left_3] run data modify entity @s {} merge value {transformation:[-0.147676814504231f,0.15789215430590317f,-0.9763511796820464f,0.42671780769101797f,0.0795617178233479f,0.9858721070097969f,0.14739783470954165f,0.25064954489569f,0.9858303563569549f,-0.05591293435962973f,-0.15815262329918792f,-0.31452283936109504f,0f,0f,0f,1f],start_interpolation:0}
execute if entity @s[tag=aj.dino.bone.leg_left_2] run data modify entity @s {} merge value {transformation:[-0.19712294504771338f,0.11964605293116877f,-0.9994446288086211f,0.42341400097945303f,-0.3861005448887059f,0.931541204827978f,0.18766873059989944f,0.47299126357205945f,0.929586528125841f,0.41228388911807495f,-0.13398910777117012f,-0.22111878664780835f,0f,0f,0f,1f],start_interpolation:0}
execute if entity @s[tag=aj.dino.bone.leg_left_1] run data modify entity @s {} merge value {transformation:[-0.5357091903608231f,0.43832183974057043f,-0.7217268376396938f,0.5914390156165221f,-0.19650528397597877f,0.7665386902617546f,0.6113952156349551f,0.6527232874230722f,0.8212194205767855f,0.4693531731417559f,-0.3245092635492761f,-0.09275454038586325f,0f,0f,0f,1f],start_interpolation:0}
execute if entity @s[tag=aj.dino.bone.leg_left_0] run data modify entity @s {} merge value {transformation:[-0.4950816798941359f,-0.7177513710190399f,-0.4896193415639223f,0.2919186432033365f,-0.23567014281837353f,0.6533368056651835f,-0.7194515981962798f,0.9404097142890275f,0.8362737075964829f,-0.24079864568452758f,-0.4926076514015283f,-0.04996032499383953f,0f,0f,0f,1f],start_interpolation:0}
execute if entity @s[tag=aj.dino.bone.leg_right_3] run data modify entity @s {} merge value {transformation:[-0.9988349922340467f,0.006144331200328706f,-0.047863404422506216f,-0.1763728689601954f,-0.016914589617498303f,0.8843552934837232f,0.4665078901212595f,0.23695747276678872f,0.04519463404966724f,0.4667739946498928f,-0.8832210838582253f,-0.18695015982388946f,0f,0f,0f,1f],start_interpolation:0}
execute if entity @s[tag=aj.dino.bone.leg_right_2] run data modify entity @s {} merge value {transformation:[-1.0024243391277523f,0.21375733784600665f,-0.03892870845495994f,-0.126194275975627f,0.16172975613044913f,0.8568117864062861f,0.5401659450187027f,0.4531216992880679f,0.14509007480516564f,0.521769645239114f,-0.8710726186723898f,-0.09247154825194831f,0f,0f,0f,1f],start_interpolation:0}
execute if entity @s[tag=aj.dino.bone.leg_right_1] run data modify entity @s {} merge value {transformation:[-0.9522363926106612f,0.19772203255093776f,-0.2327055015072921f,-0.07910193429732502f,-0.23489178059094645f,0.012659543615505364f,0.971939086242683f,0.4003348806970926f,0.19511971709350417f,0.9801763789233919f,0.03438840214342459f,0.17587384261225708f,0f,0f,0f,1f],start_interpolation:0}
execute if entity @s[tag=aj.dino.bone.leg_right_0] run data modify entity @s {} merge value {transformation:[-0.967557100795869f,-0.23555132515095223f,-0.09137193179047198f,-0.051645487029110454f,-0.18225560227427828f,0.9011844012756919f,-0.3932550957546675f,0.8073744718339422f,0.17497471857137648f,-0.3638437138621513f,-0.9148779152126608f,0.08714846115347075f,0f,0f,0f,1f],start_interpolation:0}
execute if entity @s[tag=aj.dino.bone.tail_4] run data modify entity @s {} merge value {transformation:[1.698915100168977f,-0.7039729453807091f,-2.060041481667261f,-1.2892153566392008f,-0.056675135751345126f,2.5979083085923653f,-0.9345168167209853f,0.8531262836490712f,2.1762666985012196f,0.6172162051653911f,1.5838461871898528f,-0.5795396452420958f,0f,0f,0f,1f],start_interpolation:0}
execute if entity @s[tag=aj.dino.bone.tail_3] run data modify entity @s {} merge value {transformation:[0.7169193062347493f,-0.19503700566602913f,-1.945233353819834f,-0.9574670740157769f,-0.47238127894704435f,1.9932299419638015f,-0.3739463220888532f,0.8970284412202805f,1.8970577644586057f,0.5700355172480528f,0.6420100259555962f,-0.6939790657743898f,0f,0f,0f,1f],start_interpolation:0}
execute if entity @s[tag=aj.dino.bone.tail_2] run data modify entity @s {} merge value {transformation:[-0.05025499761677216f,-0.48498183182112836f,-1.8923638479480467f,-0.6058333314940842f,-0.3446575201957699f,1.8654965398131311f,-0.46894320415218127f,0.984393003648227f,1.9228779222794714f,0.32169730765338195f,-0.13351109789648447f,-0.6676612330159354f,0f,0f,0f,1f],start_interpolation:0}
execute if entity @s[tag=aj.dino.bone.tail_1] run data modify entity @s {} merge value {transformation:[-0.4450219984304419f,-0.27661236148286455f,-1.4188365911505982f,-0.29670906519839446f,-0.36645884997381695f,1.4576429470128813f,-0.1692371126540245f,1.0033428673990437f,1.39832742309834f,0.2939709007682164f,-0.4959009753092644f,-0.5658782892099858f,0f,0f,0f,1f],start_interpolation:0}
execute if entity @s[tag=aj.dino.bone.tail_0] run data modify entity @s {} merge value {transformation:[-0.870547659710671f,-0.26570856265843906f,-0.8974304700010401f,-0.040871044574561144f,-0.5668672474423823f,1.1249387478605457f,0.21681802029137742f,0.9671303784386387f,0.7447442598190326f,0.5456624321647604f,-0.8839933337840662f,-0.294387084661196f,0f,0f,0f,1f],start_interpolation:0}
execute if entity @s[tag=aj.dino.bone.body_1] run data modify entity @s {} merge value {transformation:[-1.0805480047701073f,-0.23924419303308112f,-0.5511649667237026f,0.10338188379316243f,-0.4184108675771582f,1.1135619768045635f,0.3369223423352817f,0.813794351851852f,0.4312226227100339f,0.48098496335261126f,-1.054184571006433f,-0.08170168926474694f,0f,0f,0f,1f],start_interpolation:0}