execute if entity @s[tag=aj.dino.bone.head_lower] run data modify entity @s {} merge value {transformation:[-0.8614595350474594f,-0.11379398169485974f,-0.4949125167197179f,0.5173569584954953f,-0.10369896086165921f,0.9934536354749198f,-0.04792076457942224f,1.1786660295797373f,0.49712573358460066f,0.010040114127555566f,-0.8676204245615007f,0.40589728905239253f,0f,0f,0f,1f],start_interpolation:0}
execute if entity @s[tag=aj.dino.bone.head_upper] run data modify entity @s {} merge value {transformation:[-0.8966928710894276f,-0.35000779034837337f,-0.39611662956300564f,0.4819120301061677f,-0.10794020515300072f,0.884830996110178f,-0.5374895003790351f,1.1614480578538289f,0.5174579689524885f,-0.4219485722237084f,-0.7985415426572665f,0.34153382897667783f,0f,0f,0f,1f],start_interpolation:0}
execute if entity @s[tag=aj.dino.bone.neck_0] run data modify entity @s {} merge value {transformation:[-0.8280857025501003f,-0.47162896200568066f,-0.30305146663487925f,0.47023915160234886f,0.08585073123860992f,0.42751926676302004f,-0.899920512318841f,1.0962903303606115f,0.5539889179197571f,-0.7712284996963312f,-0.3135329011096651f,0.33359968065114287f,0f,0f,0f,1f],start_interpolation:0}
execute if entity @s[tag=aj.dino.bone.neck_1] run data modify entity @s {} merge value {transformation:[-0.7480826984274249f,-0.41724935906481064f,-0.5160186514783619f,0.4246033834362893f,0.25549350087828804f,0.5365614490997973f,-0.8042542398700062f,1.0306313119325454f,0.61245028151067f,-0.7334880937683517f,-0.2947878372280156f,0.30524819378558726f,0f,0f,0f,1f],start_interpolation:0}
execute if entity @s[tag=aj.dino.bone.neck_2] run data modify entity @s {} merge value {transformation:[-0.7757754190344109f,-0.20842493876621207f,-0.5955934386158773f,0.3703843208466408f,0.24970221056059894f,0.765427934779604f,-0.5931010729211172f,0.9861652275605602f,0.5795009104937926f,-0.6088342315929114f,-0.5417560088984106f,0.25182543658733036f,0f,0f,0f,1f],start_interpolation:0}
execute if entity @s[tag=aj.dino.bone.body_0] run data modify entity @s {} merge value {transformation:[-0.7937664709611724f,-0.08297018492495206f,-0.6025369183638173f,0.08562053601107628f,0.2608558281574411f,0.8484759645605906f,-0.4604810251023064f,0.7772250413910827f,0.5494442887992756f,-0.5226896650752669f,-0.6518485157836624f,-0.060367596891498815f,0f,0f,0f,1f],start_interpolation:0}
execute if entity @s[tag=aj.dino.bone.leg_left_3] run data modify entity @s {} merge value {transformation:[-0.8214169310836523f,0.05280024169495212f,-0.5678788249319289f,0.17706586692269236f,-0.00933019582734693f,0.9943280636476892f,0.10594644537906875f,0.07717645455404007f,0.5702518503038262f,0.09232462466531524f,-0.8162652699370908f,-0.36116483177283737f,0f,0f,0f,1f],start_interpolation:0}
execute if entity @s[tag=aj.dino.bone.leg_left_2] run data modify entity @s {} merge value {transformation:[-0.8033726085661479f,-0.07719102716949693f,-0.6330056845169992f,0.1382637047779209f,0.0297483079691104f,1.0125136731866273f,-0.16122437558816094f,0.3082555171987121f,0.6370005411923069f,-0.1446368087152623f,-0.790805098356142f,-0.41833065273402187f,0f,0f,0f,1f],start_interpolation:0}
execute if entity @s[tag=aj.dino.bone.leg_left_1] run data modify entity @s {} merge value {transformation:[-0.9093042881942365f,0.4072428032104558f,-0.08555121685202821f,0.2715455270119382f,0.26071890289286087f,0.7177703380972691f,0.6456248101041927f,0.46381738900136044f,0.3243321833335628f,0.5647645889935222f,-0.7588475432345172f,-0.23111461292171875f,0f,0f,0f,1f],start_interpolation:0}
execute if entity @s[tag=aj.dino.bone.leg_left_0] run data modify entity @s {} merge value {transformation:[-0.9141268763530698f,0.049915186411586376f,-0.4023437934086669f,0.21760647699560876f,0.2076413229933401f,0.9099999665942443f,-0.358866467901432f,0.8744705488946535f,0.3482199519191209f,-0.41159268089212997f,-0.8422198822881555f,-0.28366782136271207f,0f,0f,0f,1f],start_interpolation:0}
execute if entity @s[tag=aj.dino.bone.leg_right_3] run data modify entity @s {} merge value {transformation:[-0.7318427750211541f,0.6796550655749474f,-0.04975082398966002f,-0.619027069037484f,0.36998726779534186f,0.4575817812426657f,0.8085346839462897f,0.4996459524236034f,0.5722897642966142f,0.5733130953616032f,-0.5863416413390939f,-0.3359435300772908f,0f,0f,0f,1f],start_interpolation:0}
execute if entity @s[tag=aj.dino.bone.leg_right_2] run data modify entity @s {} merge value {transformation:[-0.659438299236158f,0.6942833883251676f,-0.3676600409303982f,-0.46752992307751307f,0.4622402026685971f,0.73101965546689f,0.5513678063313613f,0.6863681981727234f,0.6352458768367661f,0.1887936426829254f,-0.7828677001544347f,-0.3171156312459255f,0f,0f,0f,1f],start_interpolation:0}
execute if entity @s[tag=aj.dino.bone.leg_right_1] run data modify entity @s {} merge value {transformation:[-0.7762498905541289f,0.5719417383862239f,0.2651768378015827f,-0.34167471272772193f,0.07675994416234987f,-0.33175466006231685f,0.9402376064054919f,0.547902869877154f,0.625734782784924f,0.750214298329937f,0.21362230266155188f,-0.11217367715263711f,0f,0f,0f,1f],start_interpolation:0}
execute if entity @s[tag=aj.dino.bone.leg_right_0] run data modify entity @s {} merge value {transformation:[-0.768368725874307f,0.1481907771068568f,-0.6226146438036612f,-0.14346292025668345f,0.1346304659007284f,0.9884818723629902f,0.06912471092966638f,0.914731553561949f,0.6256869334976133f,-0.030709633508445452f,-0.7794695501814874f,-0.13352972350844855f,0f,0f,0f,1f],start_interpolation:0}
execute if entity @s[tag=aj.dino.bone.tail_4] run data modify entity @s {} merge value {transformation:[-2.629669520136297f,-0.493399910204799f,-0.6834150094020695f,-0.4339344239517625f,-0.12275252063114812f,2.4392301544039934f,-1.2887006650595665f,0.5270144018497946f,0.8339252755162383f,-1.1968183295956676f,-2.3447507015456894f,-1.8166452752736229f,0f,0f,0f,1f],start_interpolation:0}
execute if entity @s[tag=aj.dino.bone.tail_3] run data modify entity @s {} merge value {transformation:[-2.005336842503737f,-0.22818181761002293f,-0.5123502046976973f,-0.3448258244671997f,-0.03371840787311153f,1.9477818005154162f,-0.7354961948207961f,0.6326668028200146f,0.559850643575667f,-0.7000176010198268f,-1.8794914581329714f,-1.491102757156721f,0f,0f,0f,1f],start_interpolation:0}
execute if entity @s[tag=aj.dino.bone.tail_2] run data modify entity @s {} merge value {transformation:[-1.9485558563216165f,0.09744504066453381f,-0.11139306014018713f,-0.32553576043760146f,0.1413148825403164f,1.6620564042113293f,-1.0180238151416203f,0.8224151922595215f,0.04397787819034174f,-1.0231553392680754f,-1.6643295866383805f,-1.181918465667021f,0f,0f,0f,1f],start_interpolation:0}
execute if entity @s[tag=aj.dino.bone.tail_1] run data modify entity @s {} merge value {transformation:[-1.4905440436747248f,0.17115824698027166f,-0.19141462419690075f,-0.28501367778482833f,0.2194906709329204f,1.4344083120596416f,-0.4265593624193784f,0.8964621529111262f,0.13326120680534462f,-0.4481449528722269f,-1.4384240688948213f,-0.8670348594971066f,0f,0f,0f,1f],start_interpolation:0}
execute if entity @s[tag=aj.dino.bone.tail_0] run data modify entity @s {} merge value {transformation:[-1.1078752808140326f,0.06722532679564565f,-0.6339785754916918f,-0.09812813610614826f,0.09093645572096165f,1.2747559418687113f,-0.023739550866692282f,0.9341615330885735f,0.6310139774728969f,-0.06567922572367418f,-1.1096590990597972f,-0.5443516365888124f,0f,0f,0f,1f],start_interpolation:0}
execute if entity @s[tag=aj.dino.bone.body_1] run data modify entity @s {} merge value {transformation:[-1.1356040472576163f,0.17639653191098204f,-0.45595208787563357f,-0.004007220767660254f,0.12662540828651822f,1.2198607463138116f,0.15655785076205395f,0.8155977478134111f,0.47220128005400847f,0.09710107202672327f,-1.1385086420325792f,-0.2862047715601981f,0f,0f,0f,1f],start_interpolation:0}