execute if entity @s[tag=aj.dino.bone.head_lower] run data modify entity @s {} merge value {transformation:[-0.9490762729921269f,0.21259831095993978f,0.23249986283943183f,0.1544102830414438f,0.2204602725165127f,0.975362681087966f,0.008056586301877167f,0.18136766469389198f,-0.22505887293177038f,0.05890329802205818f,-0.9725630597533538f,0.758237154629308f,0f,0f,0f,1f],start_interpolation:0}
execute if entity @s[tag=aj.dino.bone.head_upper] run data modify entity @s {} merge value {transformation:[-0.9878930971090579f,0.02201801769494862f,0.32719165356800534f,0.1771537521406858f,0.22947700580399122f,0.7883220265554105f,0.6398129639498662f,0.24324748377855074f,-0.2342636870601494f,0.6793640643483161f,-0.7530318290621111f,0.7215073425527592f,0f,0f,0f,1f],start_interpolation:0}
execute if entity @s[tag=aj.dino.bone.neck_0] run data modify entity @s {} merge value {transformation:[-0.9757499595221957f,0.21887375758166805f,0.002508930950590349f,0.17407854205202117f,0.21883820601243154f,0.9752184838690126f,0.032538412829838326f,0.22945114193848304f,0.004675048844043628f,0.03229840494986763f,-0.999467336612858f,0.6563541362691122f,0f,0f,0f,1f],start_interpolation:0}
execute if entity @s[tag=aj.dino.bone.neck_1] run data modify entity @s {} merge value {transformation:[-0.9505201986073318f,0.19308323088390747f,-0.24337259087849303f,0.15435119964863583f,0.10249987954846781f,0.9344468995288299f,0.3410319144207864f,0.2626459011940673f,0.2932663068475959f,0.2992120617762405f,-0.908001660436578f,0.5808129106754363f,0f,0f,0f,1f],start_interpolation:0}
execute if entity @s[tag=aj.dino.bone.neck_2] run data modify entity @s {} merge value {transformation:[-0.9505201986073318f,0.2596757865118353f,-0.17052811480497404f,0.14195404607817652f,0.10249987954846781f,0.7803216392443437f,0.6169213191482119f,0.324332672210571f,0.2932663068475959f,0.5689170635747184f,-0.7683282163512488f,0.5190716500870055f,0f,0f,0f,1f],start_interpolation:0}
execute if entity @s[tag=aj.dino.bone.body_0] run data modify entity @s {} merge value {transformation:[-0.9505201986073318f,0.1885910231555374f,-0.24686996177061768f,0.027401724092376473f,0.10249987954846781f,0.940539377702986f,0.3238509744969581f,0.485922235296676f,0.2932663068475959f,0.2825227512524034f,-0.9133322332496232f,0.09131297591145099f,0f,0f,0f,1f],start_interpolation:0}
execute if entity @s[tag=aj.dino.bone.leg_left_3] run data modify entity @s {} merge value {transformation:[-0.9846402278632229f,0.049903246409918736f,-0.16731194718612225f,0.22799746894999856f,0.02357295116359044f,0.9875057345132335f,0.15580994922314478f,0.0188262938923211f,0.17299692958807053f,0.14947270754633102f,-0.973514238237875f,-0.2711785607261956f,0f,0f,0f,1f],start_interpolation:0}
execute if entity @s[tag=aj.dino.bone.leg_left_2] run data modify entity @s {} merge value {transformation:[-1.009698311586361f,-0.035507657038953803f,-0.17694836922659393f,0.21268576442943954f,-0.11208420213013703f,0.9115761147314222f,0.4566490098365603f,0.24525197748587813f,0.14145193782058144f,0.4688607392856268f,-0.9012342403304664f,-0.18952053246270412f,0f,0f,0f,1f],start_interpolation:0}
execute if entity @s[tag=aj.dino.bone.leg_left_1] run data modify entity @s {} merge value {transformation:[-0.9635994455982887f,0.06381190590398478f,0.25962309047457993f,0.2354427152180537f,0.2670297351938434f,0.18218868303151275f,0.9463098880903389f,0.23924015739699428f,0.013085448596696156f,0.9811907686276633f,-0.19259659029920329f,0.08699233318695994f,0f,0f,0f,1f],start_interpolation:0}
execute if entity @s[tag=aj.dino.bone.leg_left_0] run data modify entity @s {} merge value {transformation:[-0.9737974192154222f,0.14362409388840658f,-0.17632556815197764f,0.19295930200140518f,0.22208432901723263f,0.7674974962087115f,-0.6013535932530248f,0.6153615531870996f,0.048960567136718355f,-0.6247557226373304f,-0.7792837415842563f,-0.08917558044892189f,0f,0f,0f,1f],start_interpolation:0}
execute if entity @s[tag=aj.dino.bone.leg_right_3] run data modify entity @s {} merge value {transformation:[-0.9883269648571096f,0.029001597350904195f,-0.14956175275594188f,-0.37803439097461616f,0.027251864387107347f,0.999534224620313f,0.013735708940450286f,0.049662072283929964f,0.1498904480737855f,0.009499534923672864f,-0.9886569740878148f,-0.15968758165368696f,0f,0f,0f,1f],start_interpolation:0}
execute if entity @s[tag=aj.dino.bone.leg_right_2] run data modify entity @s {} merge value {transformation:[-0.9924884203008174f,0.19409517113152308f,-0.17133592621778726f,-0.3365464109700877f,0.15902793028993786f,0.992683212150466f,0.20335279000551304f,0.28709288730308585f,0.20430137654255037f,0.17020371429188136f,-0.9906330514800935f,-0.15094529016353037f,0f,0f,0f,1f],start_interpolation:0}
execute if entity @s[tag=aj.dino.bone.leg_right_1] run data modify entity @s {} merge value {transformation:[-0.9681895963317467f,0.250194350753731f,0.00341941601567064f,-0.28803987837586564f,-0.030491092739469833f,-0.13153479061883222f,0.9908425163064074f,0.19820117457986075f,0.24835297223613462f,0.9592191541601842f,0.1349793149845515f,0.10743188639156503f,0f,0f,0f,1f],start_interpolation:0}
execute if entity @s[tag=aj.dino.bone.leg_right_0] run data modify entity @s {} merge value {transformation:[-0.9752333633070029f,-0.0951467123081767f,-0.19966719868284893f,-0.19574754316405626f,0.02022216032637293f,0.860604686849012f,-0.5088719261319573f,0.5751765551949859f,0.2202520177538578f,-0.5003065821178639f,-0.8373663311627089f,-0.0464478258374538f,0f,0f,0f,1f],start_interpolation:0}
execute if entity @s[tag=aj.dino.bone.tail_4] run data modify entity @s {} merge value {transformation:[-1.9119024532081754f,-1.4041316579677736f,-1.4137555050677015f,-0.5908649452717152f,-0.10986880763847953f,2.0306129140848133f,-1.868208063856936f,0.8354673238625608f,1.9895273775760562f,-1.2372092837691828f,-1.4617644590120145f,-1.5853817860396708f,0f,0f,0f,1f],start_interpolation:0}
execute if entity @s[tag=aj.dino.bone.tail_3] run data modify entity @s {} merge value {transformation:[-1.4380056349114325f,-0.5821884516598361f,-1.3889355372951384f,-0.34965563399276467f,-0.0868868219796311f,1.949284279701052f,-0.727108659775879f,0.9396828059048287f,1.503507898274463f,-0.4441766874890193f,-1.3704439412694103f,-1.3486585195663523f,0f,0f,0f,1f],start_interpolation:0}
execute if entity @s[tag=aj.dino.bone.tail_2] run data modify entity @s {} merge value {transformation:[-1.734636685449112f,-0.008818180504297325f,-0.8998509233142393f,-0.18366007947670082f,0.03261008314100788f,1.9521751052280505f,-0.08199278021974009f,0.9554137237328988f,0.8993030784860198f,-0.08779791126911685f,-1.7327202240422788f,-1.0259055210143146f,0f,0f,0f,1f],start_interpolation:0}
execute if entity @s[tag=aj.dino.bone.tail_1] run data modify entity @s {} merge value {transformation:[-1.4607722833799721f,0.22785747046461535f,-0.31918890842623265f,-0.1163639289753744f,0.07383586767071926f,1.3687947744941673f,0.6392224808020865f,0.8010575348981082f,0.385160811550416f,0.6017791027203659f,-1.333105138679953f,-0.7467602683322576f,0f,0f,0f,1f],start_interpolation:0}
execute if entity @s[tag=aj.dino.bone.tail_0] run data modify entity @s {} merge value {transformation:[-1.2536287705509914f,0.009876254248127082f,-0.24930519816655236f,-0.04327282407119089f,-0.13459701746608493f,1.0486538549234998f,0.7183623403459741f,0.616441248287024f,0.21008156777802292f,0.7307963250729556f,-1.0274425447312463f,-0.42888225965188204f,0f,0f,0f,1f],start_interpolation:0}
execute if entity @s[tag=aj.dino.bone.body_1] run data modify entity @s {} merge value {transformation:[-1.2225269433681847f,-0.114910759350532f,-0.14431903956366204f,-0.0019806138545535585f,-0.12638635870598922f,1.2262759807041854f,0.0942247448246988f,0.5119369254326982f,0.13438361554942166f,0.10792280384479778f,-1.2242950246318869f,-0.15152018277904222f,0f,0f,0f,1f],start_interpolation:0}