execute if entity @s[tag=aj.dino.bone.head_lower] run data modify entity @s {} merge value {transformation:[-0.9057796661778255f,-0.1573888447027331f,-0.39343607854634466f,0.7004311222467792f,-0.423157126492138f,0.2869000702552811f,0.859433764746552f,0.6292922273784959f,-0.02238844875607178f,0.9449429089900903f,-0.3264684611285494f,0.5510497022365507f,0f,0f,0f,1f],start_interpolation:0}
execute if entity @s[tag=aj.dino.bone.head_upper] run data modify entity @s {} merge value {transformation:[-0.9428256771163044f,-0.3979463742340158f,-0.19023766290534952f,0.6780881782539481f,-0.4404640766501971f,0.8257181697510007f,0.4556894160579707f,0.6791108057877855f,-0.023304126981674802f,0.49325462994336466f,-0.916312572372858f,0.49895019560925574f,0f,0f,0f,1f],start_interpolation:0}
execute if entity @s[tag=aj.dino.bone.neck_0] run data modify entity @s {} merge value {transformation:[-0.977727395016999f,-0.19542769047236033f,-0.07653207713052246f,0.6766275566568448f,-0.20867915620749128f,0.9441354859323398f,0.25507095869156593f,0.6803465124964613f,0.022408721467373438f,0.26536051326439736f,-0.9638888147510862f,0.4323087980565551f,0f,0f,0f,1f],start_interpolation:0}
execute if entity @s[tag=aj.dino.bone.neck_1] run data modify entity @s {} merge value {transformation:[-0.9100081524756822f,-0.05972239198972655f,-0.41026625296607155f,0.6415974866914508f,-0.19894738113944674f,0.9310964314818524f,0.3057439693919016f,0.7105364844663365f,0.36373768290562203f,0.3598509013143997f,-0.859186956871241f,0.36118217410174486f,0f,0f,0f,1f],start_interpolation:0}
execute if entity @s[tag=aj.dino.bone.neck_2] run data modify entity @s {} merge value {transformation:[-0.8835073964331682f,0.14672675502473606f,-0.44484372515277254f,0.6040623866760433f,-0.14625222858695738f,0.8157893246944345f,0.5595516628050952f,0.7675444941226205f,0.44499996188902385f,0.5594274189512967f,-0.6992967873830525f,0.3053956748747541f,0f,0f,0f,1f],start_interpolation:0}
execute if entity @s[tag=aj.dino.bone.body_0] run data modify entity @s {} merge value {transformation:[-0.9004917286632588f,0.04379883435336682f,-0.4326618872957751f,0.40056770032138067f,-0.09458314645686156f,0.9513724990647086f,0.293162747342992f,0.9147740098542853f,0.42446280757608845f,0.30491315178695944f,-0.8525604347211799f,-0.09350818199549728f,0f,0f,0f,1f],start_interpolation:0}
execute if entity @s[tag=aj.dino.bone.leg_left_3] run data modify entity @s {} merge value {transformation:[0.051798592427587414f,0.7199927521365048f,-0.6920457663286598f,0.4246015026050971f,-0.23370172836025976f,0.68247329144556f,0.6925414851291515f,0.5342782102857762f,0.9709276018241255f,0.12585961756800734f,0.20361470644746382f,-0.6496055850202873f,0f,0f,0f,1f],start_interpolation:0}
execute if entity @s[tag=aj.dino.bone.leg_left_2] run data modify entity @s {} merge value {transformation:[0.045369593196428824f,0.10824019898577641f,-1.0189641106719138f,0.41841196613765486f,-0.5600761094578075f,0.8567447678671156f,0.06607082448117461f,0.7351571662408183f,0.8580900600336137f,0.5534750776290976f,0.09699993203950046f,-0.5162623933727717f,0f,0f,0f,1f],start_interpolation:0}
execute if entity @s[tag=aj.dino.bone.leg_left_1] run data modify entity @s {} merge value {transformation:[-0.2711499184444352f,0.6929240559778356f,-0.6680823110776107f,0.6474904788354934f,-0.3160730485091598f,0.5914975006840841f,0.7417739107643297f,0.8628024386117281f,0.909162004119014f,0.4122947481253031f,0.05863011968766929f,-0.4254708457415737f,0f,0f,0f,1f],start_interpolation:0}
execute if entity @s[tag=aj.dino.bone.leg_left_0] run data modify entity @s {} merge value {transformation:[-0.2296092755631936f,-0.7279670290781536f,-0.6460213503828429f,0.3875591778236611f,-0.3569605326462716f,0.6804876572384984f,-0.6399341579248211f,1.1405728397022121f,0.9054605229982339f,0.08366930692426261f,-0.41610177645688806f,-0.253463283126493f,0f,0f,0f,1f],start_interpolation:0}
execute if entity @s[tag=aj.dino.bone.leg_right_3] run data modify entity @s {} merge value {transformation:[-0.9194590761758857f,0.009196174157392614f,-0.3930781571375511f,0.032031327487770454f,-0.14801272932888593f,0.9180901128949441f,0.3676993018230562f,0.2595426618456985f,0.36426259648006715f,0.396265031242243f,-0.8427851362121807f,-0.2267985849986505f,0f,0f,0f,1f],start_interpolation:0}
execute if entity @s[tag=aj.dino.bone.leg_right_2] run data modify entity @s {} merge value {transformation:[-0.9318274986409462f,0.09856737698451397f,-0.41718603101211865f,0.04355993990671056f,-0.015422865733988222f,0.9898627983915259f,0.2683206571878944f,0.498594479785122f,0.4283944998360774f,0.2500366214289114f,-0.8977873021798128f,-0.1969256624505259f,0f,0f,0f,1f],start_interpolation:0}
execute if entity @s[tag=aj.dino.bone.leg_right_1] run data modify entity @s {} merge value {transformation:[-0.7383160857987638f,0.4086781837398101f,-0.5365365780502969f,0.16833689302695912f,-0.33085310007338803f,0.4737606511128357f,0.8161415757262773f,0.5774262087553703f,0.587729175405323f,0.7800852437985684f,-0.21457266551242496f,0.03808424401589146f,0f,0f,0f,1f],start_interpolation:0}
execute if entity @s[tag=aj.dino.bone.leg_right_0] run data modify entity @s {} merge value {transformation:[-0.7584389505649825f,-0.3309288344511279f,-0.5614770385284744f,0.17229918060332272f,-0.2760884283631781f,0.9435183574123545f,-0.18316192003209342f,0.9948950598378854f,0.5903774538291906f,0.016100178716729807f,-0.8069666946382925f,0.04145132249138858f,0f,0f,0f,1f],start_interpolation:0}
execute if entity @s[tag=aj.dino.bone.tail_4] run data modify entity @s {} merge value {transformation:[2.2073201802308646f,-0.01599568232381457f,-1.6592598023494018f,-1.2283861062451717f,-1.3265305134807845f,1.6418699975786668f,-1.7805170708127005f,1.106060926965642f,0.9968529231285777f,2.220285652973064f,1.3047134553042619f,0.3000325004543594f,0f,0f,0f,1f],start_interpolation:0}
execute if entity @s[tag=aj.dino.bone.tail_3] run data modify entity @s {} merge value {transformation:[1.3658598156031885f,0.4290637116855199f,-1.5120439218089905f,-0.9761980586315151f,-1.2475045632028439f,1.514488554157852f,-0.6971386592044566f,1.209449421943089f,0.9560883091811927f,1.3631486627231637f,1.2504664707250426f,0.07466011709322948f,0f,0f,0f,1f],start_interpolation:0}
execute if entity @s[tag=aj.dino.bone.tail_2] run data modify entity @s {} merge value {transformation:[1.1388376700952592f,0.1102043073455954f,-1.5841962147465367f,-0.6808311111555373f,-0.9500050732980944f,1.6094260413833616f,-0.5709746518259302f,1.3152728537079486f,1.2725222972045174f,1.1028946925986798f,0.9915060136770621f,-0.10845528804072324f,0f,0f,0f,1f],start_interpolation:0}
execute if entity @s[tag=aj.dino.bone.tail_1] run data modify entity @s {} merge value {transformation:[0.5037780072445089f,0.2050136423447195f,-1.4113232712136872f,-0.3801174646981673f,-0.755443467462717f,1.3079045846162713f,-0.07966815554314349f,1.3171504989768892f,1.2096152846606476f,0.7314446349466859f,0.5380296080357013f,-0.23433004437170502f,0f,0f,0f,1f],start_interpolation:0}
execute if entity @s[tag=aj.dino.bone.tail_0] run data modify entity @s {} merge value {transformation:[-0.15757625251387225f,0.3993113471290529f,-1.2039750368183273f,-0.01865188183954311f,-0.7373647072550629f,0.9583525143229277f,0.41435427277826653f,1.2191933033075588f,1.0321330969028983f,0.7456182823193991f,0.11220679093855539f,-0.2491263792576453f,0f,0f,0f,1f],start_interpolation:0}
execute if entity @s[tag=aj.dino.bone.body_1] run data modify entity @s {} merge value {transformation:[-0.677017010902404f,0.2241548317456555f,-1.009954045197157f,0.20104986783453627f,-0.45817307605784147f,1.0172031733414257f,0.5328974869297834f,1.0267862500000002f,0.9275397535312001f,0.6660757544044521f,-0.4739384876437769f,-0.18380724856317165f,0f,0f,0f,1f],start_interpolation:0}