execute if entity @s[tag=aj.dino.bone.head_lower] run data modify entity @s {} merge value {transformation:[-0.9712186200589694f,-0.2215735527083456f,0.08740453529967929f,0.3907330548524823f,-0.19055916582164587f,0.9429573111753378f,0.2729811598303742f,0.31334044380644127f,-0.1429041509967761f,0.2484686500168174f,-0.9580405699064685f,0.4024530841145351f,0f,0f,0f,1f],start_interpolation:0}
execute if entity @s[tag=aj.dino.bone.head_upper] run data modify entity @s {} merge value {transformation:[-1.0109410569449564f,-0.24777041413411685f,0.008941132273352477f,0.3854719887836022f,-0.19835295630409877f,0.8307789331167753f,0.5949238704223293f,0.3729462750027843f,-0.148748871229148f,0.5760973257642047f,-0.8540828924284185f,0.3564647968773613f,0f,0f,0f,1f],start_interpolation:0}
execute if entity @s[tag=aj.dino.bone.neck_0] run data modify entity @s {} merge value {transformation:[-0.9897661045649949f,-0.1345042276248651f,-0.04766204994829537f,0.3848931452499177f,-0.14255333419202754f,0.9470694902577299f,0.2876420128105419f,0.3762190958438216f,0.006450206583627133f,0.29149269866328087f,-0.9565513062355967f,0.289878838611351f,0f,0f,0f,1f],start_interpolation:0}
execute if entity @s[tag=aj.dino.bone.neck_1] run data modify entity @s {} merge value {transformation:[-0.9644457683638256f,-0.02424950565949617f,-0.26316595782961716f,0.3624878201271675f,-0.12163559472718027f,0.9247731112516879f,0.36055439922602306f,0.41102309986165325f,0.23462553565303795f,0.3797455123910529f,-0.8948431168860728f,0.21582332190258813f,0f,0f,0f,1f],start_interpolation:0}
execute if entity @s[tag=aj.dino.bone.neck_2] run data modify entity @s {} merge value {transformation:[-0.9474452022404485f,0.10280608715026722f,-0.3029496611590896f,0.33695369353417814f,0.01125754307975347f,0.9570872792491574f,0.2895810898923701f,0.4457630578377979f,0.3197199657127517f,0.27095174541659095f,-0.9079450948049335f,0.13893330894193417f,0f,0f,0f,1f],start_interpolation:0}
execute if entity @s[tag=aj.dino.bone.body_0] run data modify entity @s {} merge value {transformation:[-0.8791267558267819f,0.02903529954212719f,-0.4757027418146512f,0.11303337272447805f,0.003930712515492218f,0.9985502396363521f,0.053683968010052374f,0.4805765498663913f,0.47657181692647166f,0.04532516191568129f,-0.8779663621168631f,-0.2744171663261862f,0f,0f,0f,1f],start_interpolation:0}
execute if entity @s[tag=aj.dino.bone.leg_left_3] run data modify entity @s {} merge value {transformation:[0.017627287088034183f,0.11020599644271216f,-0.9937524425620217f,0.14332464273014564f,-0.12279400921534853f,0.9866214309816415f,0.10723704224081493f,0.08345226063077313f,0.992275622017762f,0.12013654845968585f,0.030924095353893788f,-0.9228275243315651f,0f,0f,0f,1f],start_interpolation:0}
execute if entity @s[tag=aj.dino.bone.leg_left_2] run data modify entity @s {} merge value {transformation:[-0.6692375534705785f,-0.09088418142960636f,-0.771960725744049f,0.09724438724870121f,-0.41973476449943287f,0.8996322961700474f,0.25796639056107173f,0.3004763921960033f,0.6542216933089381f,0.48421482500474156f,-0.6241731961165166f,-0.8282325538567133f,0f,0f,0f,1f],start_interpolation:0}
execute if entity @s[tag=aj.dino.bone.leg_left_1] run data modify entity @s {} merge value {transformation:[-0.7482069453891995f,0.6616079971913914f,-0.04961073395706417f,0.2945147810712872f,-0.14727176663852978f,-0.09270745962672342f,0.9847417700497552f,0.22599667109919502f,0.6469137451179482f,0.744096892200172f,0.16680054375065922f,-0.6478148481674184f,0f,0f,0f,1f],start_interpolation:0}
execute if entity @s[tag=aj.dino.bone.leg_left_0] run data modify entity @s {} merge value {transformation:[-0.7321687152986123f,-0.24328201271898447f,-0.6361940227834425f,0.16565115090282195f,-0.16954130207078968f,0.9697328034647515f,-0.1757100929842523f,0.6013356649509735f,0.6596853183375546f,-0.020788270052921165f,-0.7512543701024881f,-0.5181148748497932f,0f,0f,0f,1f],start_interpolation:0}
execute if entity @s[tag=aj.dino.bone.leg_right_3] run data modify entity @s {} merge value {transformation:[-0.9867095340472956f,-0.05116420893366709f,-0.15422878831255993f,-0.21284958161781956f,-0.04948043028008027f,0.9986663367743304f,-0.014738887781555465f,0.056282679881866055f,0.1547772025831532f,-0.006911694288032899f,-0.9879252229002973f,0.04484331779472628f,0f,0f,0f,1f],start_interpolation:0}
execute if entity @s[tag=aj.dino.bone.leg_right_2] run data modify entity @s {} merge value {transformation:[-1.0035358553308578f,0.20144978671160949f,0.0663021115795316f,-0.16228603286896673f,0.0399916733146763f,0.49465988969017055f,-0.8976494076742291f,0.143783752353696f,-0.2082754249342679f,-0.8756664755865952f,-0.49182493877689343f,-0.1741497458402152f,0f,0f,0f,1f],start_interpolation:0}
execute if entity @s[tag=aj.dino.bone.leg_right_1] run data modify entity @s {} merge value {transformation:[-0.9528628383545514f,0.105656655017906f,-0.2844100605346703f,-0.137475237363144f,-0.10318437440035975f,0.7686773943938936f,0.6312590975403211f,0.31707478262360206f,0.2853163089669323f,0.6308500095888416f,-0.7215420079518893f,0.041182622637281396f,0f,0f,0f,1f],start_interpolation:0}
execute if entity @s[tag=aj.dino.bone.leg_right_0] run data modify entity @s {} merge value {transformation:[-0.9327485692471984f,-0.3154540206444575f,-0.17455333691038505f,-0.1386670826838941f,-0.020121862924516405f,0.5289566009882196f,-0.8484102927849452f,0.596165917845846f,0.35996557779842114f,-0.7878411484114265f,-0.4997310353280185f,-0.269323410008694f,0f,0f,0f,1f],start_interpolation:0}
execute if entity @s[tag=aj.dino.bone.tail_4] run data modify entity @s {} merge value {transformation:[-2.1636942648325f,-1.5360468487041303f,0.7646231349606529f,-0.2733807616744494f,-1.1545598299425666f,2.213684275653012f,1.1799384977233323f,1.0867595226958446f,-1.2692832855647078f,0.6048333141558183f,-2.376711580035186f,-1.9840562117861582f,0f,0f,0f,1f],start_interpolation:0}
execute if entity @s[tag=aj.dino.bone.tail_3] run data modify entity @s {} merge value {transformation:[-1.7183444824862995f,-1.1413450554495115f,0.28384719472682296f,-0.3103417991783156f,-1.0016992344436606f,1.6836062422891973f,0.7057012049616177f,0.9506232680873706f,-0.6163086964081561f,0.44581051060988347f,-1.9383916284914866f,-1.6597392290014445f,0f,0f,0f,1f],start_interpolation:0}
execute if entity @s[tag=aj.dino.bone.tail_2] run data modify entity @s {} merge value {transformation:[-1.8017415824191627f,-0.7120729671270843f,0.25583829789790535f,-0.3594033085932027f,-0.6129432010021099f,1.7610072742295109f,0.5847460025163178f,0.8418860623673081f,-0.4436234636826086f,0.45888925090958066f,-1.8469956017469737f,-1.316605621852179f,0f,0f,0f,1f],start_interpolation:0}
execute if entity @s[tag=aj.dino.bone.tail_1] run data modify entity @s {} merge value {transformation:[-1.508604945891111f,-0.10629086753332105f,-0.02167068784998794f,-0.35199944352255513f,-0.10793078545426299f,1.4404480888826001f,0.4484601418026938f,0.7278775675515643f,-0.010877168018537485f,0.44885165112036773f,-1.444323416864248f,-1.0112796928997034f,0f,0f,0f,1f],start_interpolation:0}
execute if entity @s[tag=aj.dino.bone.tail_0] run data modify entity @s {} merge value {transformation:[-1.1879355058511887f,0.12396847787791303f,-0.4552765829852677f,-0.2159654641603186f,-0.028484779614197334f,1.212222018214834f,0.40440340313789785f,0.6389545706286203f,0.47099211018066806f,0.38598615471518655f,-1.123840218669795f,-0.6735529270402325f,0f,0f,0f,1f],start_interpolation:0}
execute if entity @s[tag=aj.dino.bone.body_1] run data modify entity @s {} merge value {transformation:[-0.9571152258962858f,0.08807017802454252f,-0.7776751784366511f,-0.04109903014731572f,-0.016259438713325546f,1.2260120116718682f,0.15885456539009696f,0.5194425f,0.7824772648879195f,0.13320204966619084f,-0.9479404722631566f,-0.46214214908256307f,0f,0f,0f,1f],start_interpolation:0}