execute if entity @s[tag=aj.dino.bone.head_lower] run data modify entity @s {} merge value {transformation:[-0.9993260020606942f,-0.01457977295419297f,-0.03368934291424053f,0.06746028157571586f,-0.018904832436970474f,0.9910881675839557f,0.13185921046937554f,0.35047717306731224f,0.031466631785419495f,0.13240722901594604f,-0.9906958043660019f,0.755919669886645f,0f,0f,0f,1f],start_interpolation:0}
execute if entity @s[tag=aj.dino.bone.head_upper] run data modify entity @s {} merge value {transformation:[-1.0401980191591425f,0.012868233966788526f,-0.03597821668008327f,0.06494608368108246f,-0.019678032206629052f,0.6597239378788539f,0.8048907027799489f,0.42077203562754556f,0.03275360391434658f,0.805028370262627f,-0.6590360134973111f,0.7285743302767336f,0f,0f,0f,1f],start_interpolation:0}
execute if entity @s[tag=aj.dino.bone.neck_0] run data modify entity @s {} merge value {transformation:[-0.9990999125812168f,-0.005439092415183587f,-0.042068764587327015f,0.0626369593113818f,-0.0130874315667668f,0.9828881172810582f,0.18373804190390686f,0.41670299374351427f,0.04034952063147765f,0.18412323368167233f,-0.9820746158023912f,0.6620698409764755f,0f,0f,0f,1f],start_interpolation:0}
execute if entity @s[tag=aj.dino.bone.neck_1] run data modify entity @s {} merge value {transformation:[-0.9981359506474036f,0.009014313520407585f,-0.060360302989294554f,0.057565177234811145f,-0.009152847285715072f,0.9557353210111851f,0.2940853984104129f,0.44601884001671377f,0.06033945153685124f,0.2940896773492785f,-0.953871276569763f,0.5826192586728501f,0f,0f,0f,1f],start_interpolation:0}
execute if entity @s[tag=aj.dino.bone.neck_2] run data modify entity @s {} merge value {transformation:[-0.9978082799943515f,0.027239105505947526f,-0.0603047884164225f,0.052548713350963575f,0.0035124020767533363f,0.9318617114022694f,0.3627966563435844f,0.48692605665553224f,0.06607797973882709f,0.36178969298982183f,-0.9299150061376392f,0.5046938769855753f,0f,0f,0f,1f],start_interpolation:0}
execute if entity @s[tag=aj.dino.bone.body_0] run data modify entity @s {} merge value {transformation:[-0.9968838736186681f,0.013541084819505696f,-0.0777121711249283f,0.016052254279688396f,0.0015333345819700363f,0.9882964362670232f,0.15253787381159273f,0.5682313434918977f,0.07886819006480954f,0.1519433877594304f,-0.9852375426830264f,0.04180256845749336f,0f,0f,0f,1f],start_interpolation:0}
execute if entity @s[tag=aj.dino.bone.leg_left_3] run data modify entity @s {} merge value {transformation:[-0.957608350241814f,0.05969910741026628f,-0.28181955950850707f,0.21558456370929413f,0.016009508990379086f,0.9878079047553912f,0.1548523132686475f,0.041709015116701775f,0.2876281334797388f,0.14377607546870208f,-0.946888851425435f,-0.1859906303564759f,0f,0f,0f,1f],start_interpolation:0}
execute if entity @s[tag=aj.dino.bone.leg_left_2] run data modify entity @s {} merge value {transformation:[-0.9982581206499335f,-0.09654114600362881f,-0.2149947236223801f,0.18488798682597563f,-0.051500025666919226f,1.0024391269976303f,-0.21101124027224288f,0.26877503165107475f,0.22997971956993132f,-0.19457081819540534f,-0.9804660752897065f,-0.2612888133948069f,0f,0f,0f,1f],start_interpolation:0}
execute if entity @s[tag=aj.dino.bone.leg_left_1] run data modify entity @s {} merge value {transformation:[-0.9563982914027707f,0.14148599361024394f,0.25550738113405497f,0.22882142623212592f,0.2887122047539265f,0.3258034637622633f,0.9002762719446953f,0.30378848996630986f,0.04413129306952151f,0.9347907876164772f,-0.3524466092323464f,0.010478175583838262f,0f,0f,0f,1f],start_interpolation:0}
execute if entity @s[tag=aj.dino.bone.leg_left_0] run data modify entity @s {} merge value {transformation:[-0.9669379346534546f,0.16857000985405002f,-0.1913509401751587f,0.1981533404117406f,0.2439733031521699f,0.8298839650425466f,-0.5017665113519244f,0.6988429842429531f,0.07421629118415364f,-0.5318615951007054f,-0.8435728692767459f,-0.1210463226223599f,0f,0f,0f,1f],start_interpolation:0}
execute if entity @s[tag=aj.dino.bone.leg_right_3] run data modify entity @s {} merge value {transformation:[-0.9917527466604676f,-0.015339329022626559f,0.1272446245487585f,-0.19899246320249386f,-0.012214851933183276f,0.9996053011228125f,0.025298999178274106f,0.02053824215040312f,-0.12758247091065972f,0.023536077674657596f,-0.9915486705976786f,-0.12327904347670098f,0f,0f,0f,1f],start_interpolation:0}
execute if entity @s[tag=aj.dino.bone.leg_right_2] run data modify entity @s {} merge value {transformation:[-1.014949147887426f,0.06923469613837147f,0.13094649118594318f,-0.1772325528838472f,0.015873377064603587f,0.9523761456489351f,-0.3805126970288095f,0.2307515665962903f,-0.14727003294576893f,-0.37449757482552676f,-0.9434645215092331f,-0.23950269250885065f,0f,0f,0f,1f],start_interpolation:0}
execute if entity @s[tag=aj.dino.bone.leg_right_1] run data modify entity @s {} merge value {transformation:[-0.945352772814969f,-0.05581026951172393f,-0.3212372156959381f,-0.1941845330743998f,-0.3130240951800156f,0.4310464929007048f,0.8462947694478182f,0.2967350570528123f,0.09123623604567627f,0.9006020956976682f,-0.42496095639150927f,0.029518115263631614f,0f,0f,0f,1f],start_interpolation:0}
execute if entity @s[tag=aj.dino.bone.leg_right_0] run data modify entity @s {} merge value {transformation:[-0.9610378275936557f,-0.27128168141664183f,0.05303341646383446f,-0.19327051536013384f,-0.2650279750065007f,0.8498176219446776f,-0.45559870708359884f,0.6983059501858954f,0.0785268514459892f,-0.45190293068318654f,-0.8886041159267307f,-0.08470649208683874f,0f,0f,0f,1f],start_interpolation:0}
execute if entity @s[tag=aj.dino.bone.tail_4] run data modify entity @s {} merge value {transformation:[-2.534920822495127f,0.7270925523804783f,0.8192522050952742f,0.02025688422769572f,0.8840073205661546f,2.577550436076918f,0.4476897790492186f,0.6832946993066656f,-0.6468143570345944f,0.6732247034627673f,-2.5988576370746803f,-1.8638868733226497f,0f,0f,0f,1f],start_interpolation:0}
execute if entity @s[tag=aj.dino.bone.tail_3] run data modify entity @s {} merge value {transformation:[-2.0294288105119698f,0.3724069803588687f,0.2804946881643294f,-0.03094894411459429f,0.3730283460049617f,2.048502278169964f,-0.020827756809497253f,0.666780114192887f,-0.2796678068445092f,0.029949680414024255f,-2.063209747093669f,-1.514335825466882f,0f,0f,0f,1f],start_interpolation:0}
execute if entity @s[tag=aj.dino.bone.tail_2] run data modify entity @s {} merge value {transformation:[-1.9420904028154755f,0.18474040209536907f,0.11370895359839646f,-0.05347929975521933f,0.16240633081019246f,1.9172911640149986f,-0.3411636720191049f,0.7307780111939076f,-0.14381559723330167f,-0.3296049927207268f,-1.9207944964958572f,-1.1574490980262355f,0f,0f,0f,1f],start_interpolation:0}
execute if entity @s[tag=aj.dino.bone.tail_1] run data modify entity @s {} merge value {transformation:[-1.5107553438486938f,0.06660132340245038f,0.028962126193661005f,-0.05908242535197364f,0.06338428158847575f,1.503577563894348f,-0.15130496423135276f,0.7448969133856728f,-0.035453827439758f,-0.14991672046366386f,-1.5046342588965904f,-0.831802144127885f,0f,0f,0f,1f],start_interpolation:0}
execute if entity @s[tag=aj.dino.bone.tail_0] run data modify entity @s {} merge value {transformation:[-1.2738876537945076f,0.048745803745195576f,-0.09311180758200029f,-0.030696667979358695f,0.04690527423799899f,1.277072740397068f,0.02684823210955813f,0.7678692760834952f,0.09405241805828639f,0.023340499908645493f,-1.2745372024014958f,-0.4587895027452584f,0f,0f,0f,1f],start_interpolation:0}
execute if entity @s[tag=aj.dino.bone.body_1] run data modify entity @s {} merge value {transformation:[-1.2310722486877839f,0.02214500417533838f,-0.11213970018297544f,-0.006117381696908483f,-0.0016890327824814083f,1.2092863761318569f,0.2573484072738568f,0.626585357142857f,0.11429287263566823f,0.256399403954466f,-1.2040768580006558f,-0.19612881908352012f,0f,0f,0f,1f],start_interpolation:0}