execute if entity @s[tag=aj.dino.bone.head_lower] run data modify entity @s {} merge value {transformation:[-0.9951867558147978f,-0.05071089187471087f,-0.08385539038183114f,0.3199674750512688f,-0.07220974692371768f,0.957962558704218f,0.27765714211970194f,0.20185261765722412f,0.0662500830190465f,0.2823758870125761f,-0.9570134716574422f,0.5085282871450763f,0f,0f,0f,1f],start_interpolation:0}
execute if entity @s[tag=aj.dino.bone.head_upper] run data modify entity @s {} merge value {transformation:[-1.0358894794664748f,0.0019064985185632932f,-0.10198673530210431f,0.31265801840586194f,-0.07516309548550319f,0.6893057618985191f,0.7763246861166058f,0.27082524217497084f,0.06895968381032425f,0.7799524821810673f,-0.6858502971726986f,0.4787826084256437f,0f,0f,0f,1f],start_interpolation:0}
execute if entity @s[tag=aj.dino.bone.neck_0] run data modify entity @s {} merge value {transformation:[-0.9889937806713107f,0.008886819364739451f,-0.14768996660249323f,0.30328342712096074f,-0.04790129318000269f,0.925202426522969f,0.3764384890891121f,0.2801641686699812f,0.1399884563281933f,0.3793698649044078f,-0.9145937555533936f,0.41344014333242324f,0f,0f,0f,1f],start_interpolation:0}
execute if entity @s[tag=aj.dino.bone.neck_1] run data modify entity @s {} merge value {transformation:[-0.9633866459105282f,0.08651811551900829f,-0.2537730997728124f,0.28218409294170066f,-0.051185399481077365f,0.8697485505916095f,0.49083348869423815f,0.325751030205929f,0.26318477418198943f,0.4858519058631281f,-0.8334756746348038f,0.345072073321449f,0f,0f,0f,1f],start_interpolation:0}
execute if entity @s[tag=aj.dino.bone.neck_2] run data modify entity @s {} merge value {transformation:[-0.9498428888403706f,0.17415900935817302f,-0.25974434734707685f,0.26113366558248896f,0.02929679784217201f,0.8764793625518561f,0.48054721376456516f,0.3764318509947925f,0.31135218668828074f,0.44883467611145156f,-0.8376199910247811f,0.27608465195854914f,0f,0f,0f,1f],start_interpolation:0}
execute if entity @s[tag=aj.dino.bone.body_0] run data modify entity @s {} merge value {transformation:[-0.9204020301433534f,0.11381177917794161f,-0.37404141726330903f,0.08593354774300004f,0.004498927650125635f,0.9597127554086351f,0.2809469465147542f,0.5179835569723582f,0.39094739103617554f,0.25690135466033787f,-0.8838335993928331f,-0.1380155025294623f,0f,0f,0f,1f],start_interpolation:0}
execute if entity @s[tag=aj.dino.bone.leg_left_3] run data modify entity @s {} merge value {transformation:[-0.4909646668306611f,0.3228215270738125f,-0.8091600321207104f,0.2775478378944423f,-0.07779388935935863f,0.9088533465254061f,0.4097971513906764f,0.09982592195553772f,0.8676991452699496f,0.26414362791349094f,-0.42110133831477803f,-0.5697452953145293f,0f,0f,0f,1f],start_interpolation:0}
execute if entity @s[tag=aj.dino.bone.leg_left_2] run data modify entity @s {} merge value {transformation:[-0.8399439586961278f,-0.1344630429238765f,-0.5731282891624031f,0.22718939574931085f,-0.2976112451962479f,0.9585691742299065f,0.2112696960040107f,0.3293344769775265f,0.5079211478992681f,0.33930373974440664f,-0.823984999385816f,-0.5153309356063626f,0f,0f,0f,1f],start_interpolation:0}
execute if entity @s[tag=aj.dino.bone.leg_left_1] run data modify entity @s {} merge value {transformation:[-0.8906662375238943f,0.4542400568726175f,0.01948394383564761f,0.36729704367025723f,0.01928256576923186f,-0.00507603824201075f,0.9998011884835505f,0.2745457458817587f,0.45424864996209374f,0.890864863247017f,-0.004237857889126839f,-0.28213267746805365f,0f,0f,0f,1f],start_interpolation:0}
execute if entity @s[tag=aj.dino.bone.leg_left_0] run data modify entity @s {} merge value {transformation:[-0.8770167569251571f,-0.2788292147626758f,-0.39127468237455537f,0.18769616507005885f,-0.005756096837549376f,0.8204146761227753f,-0.5717399990831131f,0.6425411267475473f,0.48042530680812007f,-0.4991733448384351f,-0.7211223865483115f,-0.3635587336904511f,0f,0f,0f,1f],start_interpolation:0}
execute if entity @s[tag=aj.dino.bone.leg_right_3] run data modify entity @s {} merge value {transformation:[-0.998676448254395f,-0.03736094872555009f,-0.03534842588169044f,-0.23491116692282435f,-0.038254263084799824f,0.9989567092339353f,0.024942021416585858f,0.01867370288005163f,0.034379689612116446f,0.026261237343912558f,-0.9990637538992899f,-0.010804971043313405f,0f,0f,0f,1f],start_interpolation:0}
execute if entity @s[tag=aj.dino.bone.leg_right_2] run data modify entity @s {} merge value {transformation:[-1.0095925016696228f,0.17355467091123017f,0.05161352805284163f,-0.19129447603864658f,0.09141292216743993f,0.7409357842016151f,-0.7033633775304492f,0.16950586354158967f,-0.15629733757801653f,-0.6877173397516791f,-0.7447672135450051f,-0.1938850509332394f,0f,0f,0f,1f],start_interpolation:0}
execute if entity @s[tag=aj.dino.bone.leg_right_1] run data modify entity @s {} merge value {transformation:[-0.9567524181349218f,0.0885163479553377f,-0.27710948474859f,-0.17160482490197587f,-0.16567704302533454f,0.6171961458367765f,0.7691684048234235f,0.2930853993155667f,0.23911488411924692f,0.7818144112952115f,-0.575838778204248f,0.053811944679889034f,0f,0f,0f,1f],start_interpolation:0}
execute if entity @s[tag=aj.dino.bone.leg_right_0] run data modify entity @s {} merge value {transformation:[-0.9517676507915628f,-0.2784227965120818f,-0.1289150312768121f,-0.1597607958380571f,-0.1102585130240569f,0.7024691973513812f,-0.7031216730255369f,0.6389565126528108f,0.2863239410395739f,-0.6549944833011175f,-0.6992859412519807f,-0.17972642582663256f,0f,0f,0f,1f],start_interpolation:0}
execute if entity @s[tag=aj.dino.bone.tail_4] run data modify entity @s {} merge value {transformation:[-2.2724507084168004f,1.4471556760834112f,0.6061101868435683f,-0.146091382347611f,1.5689073058272467f,2.087393768194749f,0.8983197948523766f,0.7631328151175899f,0.012608534326798846f,1.0836000356595101f,-2.539943566140956f,-1.9646358117414977f,0f,0f,0f,1f],start_interpolation:0}
execute if entity @s[tag=aj.dino.bone.tail_3] run data modify entity @s {} merge value {transformation:[-1.939131987780385f,0.680505883680573f,0.3355955933671635f,-0.2096552776527561f,0.7320576571119783f,1.9201172067181878f,0.3364327944373286f,0.6872963914789523f,-0.19951001647801417f,0.4312854980002353f,-2.027346565978317f,-1.6250932201596708f,0f,0f,0f,1f],start_interpolation:0}
execute if entity @s[tag=aj.dino.bone.tail_2] run data modify entity @s {} merge value {transformation:[-1.9062943174488884f,0.35149915495015377f,0.24751604863963844f,-0.2569939300455934f,0.3371843269530718f,1.9204407379386008f,-0.13033793279710834f,0.7122322321956763f,-0.2666881698202157f,-0.08443690625518745f,-1.9340428392211928f,-1.2657761737973796f,0f,0f,0f,1f],start_interpolation:0}
execute if entity @s[tag=aj.dino.bone.tail_1] run data modify entity @s {} merge value {transformation:[-1.4857630811015825f,0.2536431585422527f,0.12581520162620338f,-0.28574902699838134f,0.25097619520702796f,1.4909421902585076f,-0.04193548314456902f,0.7027912766421105f,-0.13105444011912162f,-0.020317072423807463f,-1.506674550224165f,-0.9411830596432136f,0f,0f,0f,1f],start_interpolation:0}
execute if entity @s[tag=aj.dino.bone.tail_0] run data modify entity @s {} merge value {transformation:[-1.1778603495922058f,0.2545188826258059f,-0.4262638289011458f,-0.15504283487696574f,0.21931125717582947f,1.2513251007029005f,0.14115162560474026f,0.6917401946913896f,0.44540238652089775f,0.05693283166868495f,-1.196750217607543f,-0.5900909403502576f,0f,0f,0f,1f],start_interpolation:0}
execute if entity @s[tag=aj.dino.bone.body_1] run data modify entity @s {} merge value {transformation:[-1.0927913970493188f,0.08154232126283287f,-0.5725053776466357f,-0.027435808098722616f,-0.011274016310485208f,1.2207775985170246f,0.19539587142897144f,0.5640853571428571f,0.5781733772385917f,0.177925545828375f,-1.0782683529856778f,-0.3513932005739753f,0f,0f,0f,1f],start_interpolation:0}