execute if entity @s[tag=aj.dino.bone.head_lower] run data modify entity @s {} merge value {transformation:[-0.9877816649801757f,-0.11185750981050219f,-0.10851396144268712f,0.4328244702534949f,-0.13561898795932997f,0.9600105355621011f,0.24492297098200977f,0.2621285207794854f,0.07677807261112149f,0.2566469736988159f,-0.9634508074921942f,0.41800234781813916f,0f,0f,0f,1f],start_interpolation:0}
execute if entity @s[tag=aj.dino.bone.head_upper] run data modify entity @s {} merge value {transformation:[-1.0281815235021712f,-0.04972202593845068f,-0.15440990074744845f,0.42074418659277546f,-0.14116574805895493f,0.7623775119054924f,0.6944960068274353f,0.3270804094468087f,0.07991826379005278f,0.7069513364163574f,-0.7598057788905118f,0.38152255345165376f,0f,0f,0f,1f],start_interpolation:0}
execute if entity @s[tag=aj.dino.bone.neck_0] run data modify entity @s {} merge value {transformation:[-0.9760601398366752f,-0.019877497166383238f,-0.21659060120053736f,0.40737707069377377f,-0.10469642823168276f,0.9157929125981079f,0.38776539189386394f,0.3373228406969697f,0.1906443320362234f,0.4011586049699972f,-0.8959500612874515f,0.3170155843016056f,0f,0f,0f,1f],start_interpolation:0}
execute if entity @s[tag=aj.dino.bone.neck_1] run data modify entity @s {} merge value {transformation:[-0.9302285678361661f,0.06357167454179553f,-0.361432502381049f,0.3770518606986599f,-0.09332645619660807f,0.9115216926673647f,0.4005226290368677f,0.3754516307338055f,0.3549154605751312f,0.40630880619643706f,-0.8419905996220912f,0.24755974326854066f,0f,0f,0f,1f],start_interpolation:0}
execute if entity @s[tag=aj.dino.bone.neck_2] run data modify entity @s {} merge value {transformation:[-0.91433400979532f,0.16387016244964628f,-0.37032403161331306f,0.3462130894083302f,0.02181693690620874f,0.933073577120968f,0.3590232874657453f,0.4160401368814608f,0.40437277331151017f,0.32018786600589233f,-0.8567160501980519f,0.17563983122642873f,0f,0f,0f,1f],start_interpolation:0}
execute if entity @s[tag=aj.dino.bone.body_0] run data modify entity @s {} merge value {transformation:[-0.8612748389170299f,0.07983299485129722f,-0.5018289995421914f,0.11046347285004585f,0.0041872992118481105f,0.9886628694261888f,0.15009396104868808f,0.49619710753122476f,0.5081221490682672f,0.12717084395036227f,-0.8518447382447099f,-0.22461993823835247f,0f,0f,0f,1f],start_interpolation:0}
execute if entity @s[tag=aj.dino.bone.leg_left_3] run data modify entity @s {} merge value {transformation:[-0.1537022795184732f,0.2156728431523165f,-0.9642929191886775f,0.19436816449780248f,-0.10181031368745347f,0.9672386897026823f,0.23255962067628985f,0.08013298698841337f,0.9828582142393111f,0.13391990841108686f,-0.12670907163056117f,-0.7956571101035393f,0f,0f,0f,1f],start_interpolation:0}
execute if entity @s[tag=aj.dino.bone.leg_left_2] run data modify entity @s {} merge value {transformation:[-0.7162011407297827f,-0.09933784841573139f,-0.7274957851356839f,0.14761867905574974f,-0.3717815717580584f,0.925424749004483f,0.23964493804750142f,0.30267748045545284f,0.6331639506629856f,0.43102578264277475f,-0.6821894060880147f,-0.7152860574513704f,0f,0f,0f,1f],start_interpolation:0}
execute if entity @s[tag=aj.dino.bone.leg_left_1] run data modify entity @s {} merge value {transformation:[-0.7879483672610588f,0.6150696572567194f,-0.028752169530891075f,0.3319312754586274f,-0.08113223430028209f,-0.05742150519809225f,0.995047904021826f,0.2359200416692276f,0.6103727804285473f,0.7863790990755586f,0.09514715681005562f,-0.5188536343799769f,0f,0f,0f,1f],start_interpolation:0}
execute if entity @s[tag=aj.dino.bone.leg_left_0] run data modify entity @s {} merge value {transformation:[-0.7718276195637425f,-0.29388389975018253f,-0.5638389656153532f,0.1726981821275523f,-0.10496514546264855f,0.9334989252502561f,-0.34287326345841185f,0.6181491971490747f,0.6271080002013784f,-0.20545561570383308f,-0.7513478196276256f,-0.4654404033053353f,0f,0f,0f,1f],start_interpolation:0}
execute if entity @s[tag=aj.dino.bone.leg_right_3] run data modify entity @s {} merge value {transformation:[-0.990469071637423f,-0.0472219278935751f,-0.12938743237159875f,-0.2113163486273881f,-0.048140494892480123f,0.9988326477101823f,0.003979273774620984f,0.036431238385280645f,0.12904848267689184f,0.010170122628575806f,-0.9915861322772277f,0.02653247211455162f,0f,0f,0f,1f],start_interpolation:0}
execute if entity @s[tag=aj.dino.bone.leg_right_2] run data modify entity @s {} merge value {transformation:[-1.0116680690331104f,0.1668633988521307f,0.027322586316573718f,-0.1700068624567619f,0.0796797809918872f,0.6166591182146977f,-0.8157480394855083f,0.154839701747023f,-0.14913433575336332f,-0.8024651628244559f,-0.6211850061400525f,-0.1794870275029491f,0f,0f,0f,1f],start_interpolation:0}
execute if entity @s[tag=aj.dino.bone.leg_right_1] run data modify entity @s {} merge value {transformation:[-0.9443684636581844f,0.13609687141257656f,-0.2994091622505713f,-0.13596174452382717f,-0.12406428080380354f,0.6956959939167077f,0.7075416159328577f,0.3038423910739803f,0.30459195504234043f,0.7053259711934287f,-0.640108596476826f,0.05214309613823989f,0f,0f,0f,1f],start_interpolation:0}
execute if entity @s[tag=aj.dino.bone.leg_right_0] run data modify entity @s {} merge value {transformation:[-0.9273935966983403f,-0.32470626280463427f,-0.18576049014352797f,-0.14049664127662367f,-0.05435467695684768f,0.6082629033493809f,-0.7918723441956401f,0.613449657527813f,0.3701171245644176f,-0.724280389976444f,-0.5817484256959687f,-0.22791056628180426f,0f,0f,0f,1f],start_interpolation:0}
execute if entity @s[tag=aj.dino.bone.tail_4] run data modify entity @s {} merge value {transformation:[-1.7150517031964194f,-0.03446579414001851f,-2.1640404561831468f,-0.7490302338588086f,-0.45352294452362646f,2.705533018284882f,0.3163374106249776f,0.7842548180262348f,2.1162646161937504f,0.5518736518484951f,-1.685977721751306f,-1.911436808243953f,0f,0f,0f,1f],start_interpolation:0}
execute if entity @s[tag=aj.dino.bone.tail_3] run data modify entity @s {} merge value {transformation:[-1.6810991097755323f,-0.3856036982197564f,-1.1666880890262f,-0.5474296129897352f,-0.5700808901850257f,1.9962002949652602f,0.1616715406956398f,0.7373069121239507f,1.088512327813611f,0.44993299094898626f,-1.7171624098779759f,-1.624672467309868f,0f,0f,0f,1f],start_interpolation:0}
execute if entity @s[tag=aj.dino.bone.tail_2] run data modify entity @s {} merge value {transformation:[-1.7892230340532895f,-0.5063521460839069f,-0.6008846091989218f,-0.43716999653184746f,-0.5283773360587122f,1.881341604198608f,-0.012043008498068731f,0.7396026457912296f,0.5816117262877507f,0.151443545489426f,-1.8594532872263696f,-1.2785380561996331f,0f,0f,0f,1f],start_interpolation:0}
execute if entity @s[tag=aj.dino.bone.tail_1] run data modify entity @s {} merge value {transformation:[-1.4938014637024462f,0.016417145271593745f,-0.23652465914056853f,-0.3850460754935331f,-0.004371778470607444f,1.506705921985969f,0.13219077957790715f,0.6927429181742805f,0.23705342139153907f,0.1312402072291197f,-1.4880315633120904f,-0.9601610159123584f,0f,0f,0f,1f],start_interpolation:0}
execute if entity @s[tag=aj.dino.bone.tail_0] run data modify entity @s {} merge value {transformation:[-1.1057614448314723f,0.20759917769502254f,-0.6066547000795374f,-0.20275773419996387f,0.1159199265486123f,1.2541621775582021f,0.21788877803930246f,0.6593359204631476f,0.6306266045269634f,0.13347483053687148f,-1.1037799925075533f,-0.6343898624423974f,0f,0f,0f,1f],start_interpolation:0}
execute if entity @s[tag=aj.dino.bone.body_1] run data modify entity @s {} merge value {transformation:[-0.9850331037315811f,0.09115827626126029f,-0.7416229151518f,-0.03648095171983746f,-0.014780583053465895f,1.224514816757656f,0.17014579913066835f,0.5372996428571428f,0.7470581730854551f,0.14442377666537423f,-0.9745001045747418f,-0.4175602049617886f,0f,0f,0f,1f],start_interpolation:0}