execute if entity @s[tag=aj.dino.bone.head_lower] run data modify entity @s {} merge value {transformation:[-0.9590700725559915f,-0.12140563250707696f,-0.255822728315922f,-0.27538007976821605f,-0.15319659563488408f,0.9822565790217492f,0.10817955469667928f,0.218427113369281f,0.2381499506893235f,0.14294294443604622f,-0.960651818101973f,0.8817452486229538f,0f,0f,0f,1f],start_interpolation:0}
execute if entity @s[tag=aj.dino.bone.head_upper] run data modify entity @s {} merge value {transformation:[-0.9982956389110015f,0.04800746510661037f,-0.2908144480744045f,-0.2946599662389704f,-0.15946227256443601f,0.7757585851067306f,0.675457136941565f,0.2823613012022323f,0.24789018444337071f,0.6923625087414454f,-0.7366522622848521f,0.8465861517117333f,0f,0f,0f,1f],start_interpolation:0}
execute if entity @s[tag=aj.dino.bone.neck_0] run data modify entity @s {} merge value {transformation:[-0.9846536513195433f,-0.16980752755162107f,-0.04028139185650098f,-0.2941901757916619f,-0.1731502934095631f,0.979407357210076f,0.10382776379637818f,0.2732333304786069f,0.02182115568144228f,0.10920912154934564f,-0.9937792536248412f,0.7805468020654721f,0f,0f,0f,1f],start_interpolation:0}
execute if entity @s[tag=aj.dino.bone.neck_1] run data modify entity @s {} merge value {transformation:[-0.982263628960669f,-0.18718591740178567f,0.010935974920847746f,-0.2941260973044256f,-0.1763919203168843f,0.9422537895077729f,0.2846817286113799f,0.30169045476621736f,-0.0635928743487782f,0.27770349022778473f,-0.958559710110626f,0.70062355878945f,0f,0f,0f,1f],start_interpolation:0}
execute if entity @s[tag=aj.dino.bone.neck_2] run data modify entity @s {} merge value {transformation:[-0.9554853338230525f,-0.10430775706407597f,0.2759849065896758f,-0.27096898773437605f,-0.016768203076434042f,0.953106278444771f,0.30217089428789473f,0.33749439754494254f,-0.2945617154598301f,0.28409208684055304f,-0.912428124281547f,0.6234694509791776f,0f,0f,0f,1f],start_interpolation:0}
execute if entity @s[tag=aj.dino.bone.body_0] run data modify entity @s {} merge value {transformation:[-0.9055049093976542f,-0.10576534981177863f,0.4109434873993485f,-0.0783004103247853f,0.006890532138827461f,0.9646467482349367f,0.2634562044944214f,0.4708497848477695f,-0.42427983645654227f,0.24139250588813796f,-0.8727635868191657f,0.21443881073397236f,0f,0f,0f,1f],start_interpolation:0}
execute if entity @s[tag=aj.dino.bone.leg_left_3] run data modify entity @s {} merge value {transformation:[-0.8306664624761151f,-0.5167150400587338f,-0.20736150919232327f,0.664712940819833f,-0.5532673403218713f,0.7243436987415086f,0.4113653561332468f,0.24801840448186385f,-0.06235766392817732f,0.4564337558403974f,-0.8875695737680789f,0.056624109447997714f,0f,0f,0f,1f],start_interpolation:0}
execute if entity @s[tag=aj.dino.bone.leg_left_2] run data modify entity @s {} merge value {transformation:[-0.5230544055531328f,-0.7903425745331346f,0.3922179282140093f,0.49179506975260595f,-0.4215494978463461f,0.6244051959981085f,0.6960433690343952f,0.4144232241103988f,-0.7750950323654816f,0.19374974991363034f,-0.6432347353116538f,0.08070559478400224f,0f,0f,0f,1f],start_interpolation:0}
execute if entity @s[tag=aj.dino.bone.leg_left_1] run data modify entity @s {} merge value {transformation:[-0.7010626178629698f,-0.568873870761573f,-0.42999270342630813f,0.3740171170911186f,-0.0660060572962945f,-0.5486349275145284f,0.8334524081861701f,0.222487620747364f,-0.71003831321649f,0.6126844501665383f,0.3470783172265427f,0.24288593788482898f,0f,0f,0f,1f],start_interpolation:0}
execute if entity @s[tag=aj.dino.bone.leg_left_0] run data modify entity @s {} merge value {transformation:[-0.7081360288638668f,-0.1618084524064006f,0.6872855224393706f,0.17219756349941837f,-0.09361551238626187f,0.986309979808837f,0.1357525674532496f,0.5878086642380081f,-0.6998424826098877f,0.031790697685597f,-0.7135894135110837f,0.23208401512048948f,0f,0f,0f,1f],start_interpolation:0}
execute if entity @s[tag=aj.dino.bone.leg_right_3] run data modify entity @s {} merge value {transformation:[-0.0765019517058052f,0.033800643450758894f,0.9964963461486036f,-0.30765114361922763f,0.018982779143319167f,0.999293459217842f,-0.03243819446941876f,0.013055640877915692f,-0.9968887126862253f,0.016434684869340493f,-0.07708953010653845f,-0.12413092747354354f,0f,0f,0f,1f],start_interpolation:0}
execute if entity @s[tag=aj.dino.bone.leg_right_2] run data modify entity @s {} merge value {transformation:[0.00031566511149588996f,0.653803217287484f,0.7903185768541487f,-0.1308266686982259f,0.21657264694610118f,0.7724580232364743f,-0.6391143015400711f,0.17302700383928712f,-1.0025758766552244f,0.16706931167281505f,-0.13781021786092282f,-0.08789089205401271f,0f,0f,0f,1f],start_interpolation:0}
execute if entity @s[tag=aj.dino.bone.leg_right_1] run data modify entity @s {} merge value {transformation:[-0.41707116432881597f,-0.8060974712075438f,0.4198315266844662f,-0.38039068379354546f,-0.10775865345976252f,0.5025241954100338f,0.8578213716340004f,0.2619054141969534f,-0.9024631385768312f,0.3125320782580601f,-0.2964523293377088f,-0.005236090611125507f,0f,0f,0f,1f],start_interpolation:0}
execute if entity @s[tag=aj.dino.bone.leg_right_0] run data modify entity @s {} merge value {transformation:[-0.49357937909756333f,0.6497830493632365f,0.5780669384161994f,-0.11493175157819716f,-0.038333791273840165f,0.6477731393666577f,-0.7608682411309061f,0.5826389171328807f,-0.8688555213476161f,-0.39770837139200216f,-0.2948188161371046f,-0.03636250971113966f,0f,0f,0f,1f],start_interpolation:0}
execute if entity @s[tag=aj.dino.bone.tail_4] run data modify entity @s {} merge value {transformation:[2.5011968195603527f,0.13271204420959315f,-1.162782574148274f,1.002997645336542f,-0.5652880633013536f,2.539367484369477f,-0.9261336385295796f,0.2589645592012372f,1.0247561694911527f,1.076875862970633f,2.3272031498004373f,0.657070824693607f,0f,0f,0f,1f],start_interpolation:0}
execute if entity @s[tag=aj.dino.bone.tail_3] run data modify entity @s {} merge value {transformation:[2.0684959715765006f,0.08689381535864642f,0.22297848880251106f,0.9643384094106588f,0.016265577565051054f,1.8846421093293149f,-0.8853276663324546f,0.3906407122954811f,-0.23875797913935667f,0.8812032175608603f,1.871475632436106f,0.3311144508969073f,0f,0f,0f,1f],start_interpolation:0}
execute if entity @s[tag=aj.dino.bone.tail_2] run data modify entity @s {} merge value {transformation:[1.891963353280226f,-0.2611853699222536f,0.4135586383887964f,0.8887956148272702f,0.4278803664631299f,1.6843136496388986f,-0.8937448162860847f,0.5575031028794339f,-0.23699564730770373f,0.9558470626525173f,1.6878872388221122f,0.017392101096512985f,0f,0f,0f,1f],start_interpolation:0}
execute if entity @s[tag=aj.dino.bone.tail_1] run data modify entity @s {} merge value {transformation:[1.0066884597155688f,-0.16912915784812166f,1.1160779197892419f,0.6497337659648381f,0.6122189224035728f,1.3381873359605354f,-0.349426522928431f,0.6157529375404502f,-0.9483789253913778f,0.684329037700747f,0.9591284752487885f,-0.1964608067145994f,0f,0f,0f,1f],start_interpolation:0}
execute if entity @s[tag=aj.dino.bone.tail_0] run data modify entity @s {} merge value {transformation:[-0.09613067828264991f,-0.08064374166858476f,1.2720421361757779f,0.2760674116236672f,0.2754224843086956f,1.2442023467418648f,0.09969298913810624f,0.6166451480124897f,-1.2444826493021799f,0.2815898149361138f,-0.0761959860760472f,-0.16739930478105558f,0f,0f,0f,1f],start_interpolation:0}
execute if entity @s[tag=aj.dino.bone.body_1] run data modify entity @s {} merge value {transformation:[-0.9030541352154916f,-0.0999817676659062f,0.838511460900119f,0.08785972421135763f,-0.01625943871332555f,1.229502186601404f,0.129091436010852f,0.5038175f,-0.8442946491475467f,0.08326232240946106f,-0.8993545052670023f,0.036079711458731f,0f,0f,0f,1f],start_interpolation:0}