execute if entity @s[tag=aj.dino.bone.head_lower] run data modify entity @s {} merge value {transformation:[-0.9802539677070031f,-0.18000293657623095f,-0.08186025664882218f,0.4267405912664172f,-0.1893364086448494f,0.9738000103562514f,0.12595739038117343f,0.30387059306468817f,0.0570428186202985f,0.13896935868779886f,-0.9886524334617065f,0.39304896644554504f,0f,0f,0f,1f],start_interpolation:0}
execute if entity @s[tag=aj.dino.bone.head_upper] run data modify entity @s {} merge value {transformation:[-1.0203459465470663f,-0.12731923158924213f,-0.16172787396117927f,0.41241583345748795f,-0.1970801888682535f,0.8402497386339589f,0.5819035302047276f,0.36279189584668736f,0.059375846134027625f,0.6010342191394729f,-0.8477643062212397f,0.3481208251086907f,0f,0f,0f,1f],start_interpolation:0}
execute if entity @s[tag=aj.dino.bone.neck_0] run data modify entity @s {} merge value {transformation:[-0.9789764730389487f,-0.09983268954864385f,-0.1778721432200792f,0.40285109067712715f,-0.13740954992593088f,0.9672543514642983f,0.21339549002388225f,0.36093449708282066f,0.15074375882726754f,0.23335049533023025f,-0.960637218466869f,0.2821677962193788f,0f,0f,0f,1f],start_interpolation:0}
execute if entity @s[tag=aj.dino.bone.neck_1] run data modify entity @s {} merge value {transformation:[-0.9348247479354173f,0.018287178075273847f,-0.3546382237795678f,0.3728928252398062f,-0.11624145379399697f,0.9278944620703301f,0.35425949765542025f,0.3952196199900917f,0.33554525040200117f,0.37239420830251363f,-0.8652929784503065f,0.21058169754266942f,0f,0f,0f,1f],start_interpolation:0}
execute if entity @s[tag=aj.dino.bone.neck_2] run data modify entity @s {} merge value {transformation:[-0.923302440959366f,0.1275719249518263f,-0.3622678656499388f,0.34240445207761067f,0.014889650354526746f,0.9544050655310031f,0.29814303480222637f,0.4306834080062423f,0.38378496691610586f,0.26988214993372056f,-0.8831040280263456f,0.13585747633154616f,0f,0f,0f,1f],start_interpolation:0}
execute if entity @s[tag=aj.dino.bone.body_0] run data modify entity @s {} merge value {transformation:[-0.8656348299864447f,0.046138843967618554f,-0.4985454324248401f,0.10788138948350166f,0.0037321788028167498f,0.996311818003885f,0.08572532967085891f,0.4805765498663913f,0.5006619737464819f,0.0723461704800288f,-0.862614409606721f,-0.27000027240553004f,0f,0f,0f,1f],start_interpolation:0}
execute if entity @s[tag=aj.dino.bone.leg_left_3] run data modify entity @s {} merge value {transformation:[-0.013302118216034942f,0.10640883524834832f,-0.9942334803415422f,0.15836341961210593f,-0.12279400921534853f,0.9866214309816415f,0.10723704224081493f,0.08345226063077313f,0.9923430278647536f,0.12351239496029293f,-0.000057787413310805835f,-0.9171518141956387f,0f,0f,0f,1f],start_interpolation:0}
execute if entity @s[tag=aj.dino.bone.leg_left_2] run data modify entity @s {} merge value {transformation:[-0.6892991065838291f,-0.10592892822720422f,-0.7521356282799432f,0.1093578167491342f,-0.41973476449943287f,0.8996322961700474f,0.25796639056107173f,0.3004763921960033f,0.6330494993553307f,0.481147579598129f,-0.6479255647939208f,-0.8240387148357208f,0f,0f,0f,1f],start_interpolation:0}
execute if entity @s[tag=aj.dino.bone.leg_left_1] run data modify entity @s {} merge value {transformation:[-0.7680024209070343f,0.6380994832548923f,-0.05478440426593728f,0.30091031331526275f,-0.14727176663852978f,-0.09270745962672342f,0.9847417700497552f,0.22599667109919502f,0.6232842916615987f,0.7643522593669742f,0.16517359161954592f,-0.6375613760934743f,0f,0f,0f,1f],start_interpolation:0}
execute if entity @s[tag=aj.dino.bone.leg_left_0] run data modify entity @s {} merge value {transformation:[-0.7523699616028444f,-0.24251607080946094f,-0.6124748127693702f,0.16806761235357687f,-0.16954130207078968f,0.9697328034647515f,-0.1757100929842523f,0.6013356649509735f,0.6365494385904961f,-0.028359218669311903f,-0.7707143225259216f,-0.511939980384018f,0f,0f,0f,1f],start_interpolation:0}
execute if entity @s[tag=aj.dino.bone.leg_right_3] run data modify entity @s {} merge value {transformation:[-0.9927664530331329f,-0.05195472009475833f,-0.10823805611654516f,-0.2259433731168729f,-0.05137634173393415f,0.998646293221757f,-0.00812727165056698f,0.04188315797992334f,0.10851378365005572f,-0.0025076072897096124f,-0.9940917818107285f,0.012950034905815977f,0f,0f,0f,1f],start_interpolation:0}
execute if entity @s[tag=aj.dino.bone.leg_right_2] run data modify entity @s {} merge value {transformation:[-1.0016595241844282f,0.21248714665679552f,0.05991335090756972f,-0.1730073840105824f,0.06654369935982211f,0.5559934827943133f,-0.8593633589270915f,0.1448230201099328f,-0.21050494812908696f,-0.8353338608583978f,-0.5567469867159295f,-0.19864447803818486f,0f,0f,0f,1f],start_interpolation:0}
execute if entity @s[tag=aj.dino.bone.leg_right_1] run data modify entity @s {} merge value {transformation:[-0.9564425837885644f,0.10766985508193158f,-0.27133887709373933f,-0.14841420438029426f,-0.10929307556410378f,0.7298198125928215f,0.6748466972436908f,0.30512427826753685f,0.2706891345244479f,0.6751075791706198f,-0.6862631776489182f,0.02654892286096938f,0f,0f,0f,1f],start_interpolation:0}
execute if entity @s[tag=aj.dino.bone.leg_right_0] run data modify entity @s {} merge value {transformation:[-0.9384741090377179f,-0.3013039101873015f,-0.1687670002450257f,-0.14385555970853448f,-0.031109298915045686f,0.5604540945836095f,-0.8276010025280786f,0.596165917845846f,0.34394557445455864f,-0.7714318904286424f,-0.5353450104771826f,-0.2727523657342842f,0f,0f,0f,1f],start_interpolation:0}
execute if entity @s[tag=aj.dino.bone.tail_4] run data modify entity @s {} merge value {transformation:[1.39415791242385f,0.07312103306583854f,2.3825696970601635f,0.563111359475138f,0.11578606604780246f,2.754824922235811f,-0.1522976242021819f,0.7505915932600012f,-2.3808777023894256f,0.17678884000931638f,1.3877421964878824f,-1.570122942409123f,0f,0f,0f,1f],start_interpolation:0}
execute if entity @s[tag=aj.dino.bone.tail_3] run data modify entity @s {} merge value {transformation:[-0.3565260553044776f,0.121366237103137f,2.047951399429415f,0.21466681847873223f,0.15030607422591055f,2.0746053611347124f,-0.09677915915293182f,0.7467001201064648f,-2.0460309826550205f,0.13125684015310812f,-0.3639703091918321f,-1.509691479401306f,0f,0f,0f,1f],start_interpolation:0}
execute if entity @s[tag=aj.dino.bone.tail_2] run data modify entity @s {} merge value {transformation:[-0.9645468369559209f,0.28909495537518526f,1.6747678588681256f,-0.0973133069209299f,0.45669814214065624f,1.8989486341608766f,-0.06476701928134698f,0.7595297310010037f,-1.6370247650192644f,0.35943297928534207f,-1.0048540825007688f,-1.3240162618599054f,0f,0f,0f,1f],start_interpolation:0}
execute if entity @s[tag=aj.dino.bone.tail_1] run data modify entity @s {} merge value {transformation:[-1.2914877861202092f,0.295077411528748f,0.7298252321671376f,-0.2567367195878702f,0.4285757697410111f,1.4397572977951671f,0.1762894864603635f,0.7035852055201537f,-0.6603320058070951f,0.3573296722230786f,-1.312986442220835f,-1.0452133519734101f,0f,0f,0f,1f],start_interpolation:0}
execute if entity @s[tag=aj.dino.bone.tail_0] run data modify entity @s {} merge value {transformation:[-1.2558057813925223f,0.18542166685178227f,-0.14968754613210575f,-0.2085199844249666f,0.1429409727050264f,1.228543364803301f,0.32262175330245724f,0.6389545706286203f,0.19067101071553993f,0.300226119522798f,-1.2277396138485657f,-0.679194310413372f,0f,0f,0f,1f],start_interpolation:0}
execute if entity @s[tag=aj.dino.bone.body_1] run data modify entity @s {} merge value {transformation:[-0.9810336165921598f,0.08387662559825067f,-0.7477582161705805f,-0.04032635955350487f,-0.016259438713325546f,1.2260120116718682f,0.15885456539009696f,0.5194425f,0.752272071012267f,0.1358817646735568f,-0.9717136781276494f,-0.46243709292410606f,0f,0f,0f,1f],start_interpolation:0}