execute if entity @s[tag=aj.dino.bone.head_lower] run data modify entity @s {} merge value {transformation:[-0.9762848687066312f,-0.1494672497921316f,-0.15661224848029068f,-0.0739011780762652f,-0.1656550591049743f,0.9815072141499501f,0.09592700331257914f,0.24077719577914472f,0.1393781063417181f,0.11959569311300733f,-0.9829906477995689f,0.8833260376948798f,0f,0f,0f,1f],start_interpolation:0}
execute if entity @s[tag=aj.dino.bone.head_upper] run data modify entity @s {} merge value {transformation:[-1.0162145130513707f,-0.03932170711773097f,-0.22188692930549167f,-0.0903958990036494f,-0.17243028199942648f,0.7955461813685987f,0.6487264552513227f,0.3033089404415385f,0.14507861281688342f,0.6700985145802782f,-0.7831935389442004f,0.8444266600288841f,0f,0f,0f,1f],start_interpolation:0}
execute if entity @s[tag=aj.dino.bone.neck_0] run data modify entity @s {} merge value {transformation:[-0.9868238262947662f,-0.16107184259534027f,-0.015316572067502598f,-0.08845293180820801f,-0.16171541803556505f,0.9788559068212869f,0.1252566854529475f,0.2955718601511293f,-0.00518260808276224f,0.12608320746244572f,-0.9920061317196797f,0.7782367913074998f,0f,0f,0f,1f],start_interpolation:0}
execute if entity @s[tag=aj.dino.bone.neck_1] run data modify entity @s {} merge value {transformation:[-0.9877281027100006f,-0.15433617178999656f,-0.023948720093381337f,-0.09119271017848368f,-0.1543200775389839f,0.9407897730953059f,0.3018276271444431f,0.32547472254379833f,-0.024052209571356453f,0.3018193978466123f,-0.9530616676261006f,0.6988904033636362f,0f,0f,0f,1f],start_interpolation:0}
execute if entity @s[tag=aj.dino.bone.neck_2] run data modify entity @s {} merge value {transformation:[-0.9821004597152353f,-0.05732138780217457f,0.1794239268535726f,-0.07603504071910998f,-0.0011465058427469685f,0.9543708727312289f,0.29862170518330566f,0.360980110906479f,-0.18835438022906703f,0.29307080336100577f,-0.9373537921541998f,0.6196405273516434f,0f,0f,0f,1f],start_interpolation:0}
execute if entity @s[tag=aj.dino.bone.body_0] run data modify entity @s {} merge value {transformation:[-0.9652384415850501f,-0.05233182168302925f,0.2560783695000408f,0.04415520851606568f,0.004789915223874744f,0.9760446021574378f,0.21751779539034732f,0.47279347707351926f,-0.26132701276104586f,0.21118313152016793f,-0.9418651057145729f,0.17775481832915566f,0f,0f,0f,1f],start_interpolation:0}
execute if entity @s[tag=aj.dino.bone.leg_left_3] run data modify entity @s {} merge value {transformation:[-0.8429490940380275f,-0.3096169791851177f,-0.43997062522485625f,0.7019095181109416f,-0.48067174882674446f,0.8007520567565735f,0.3574224579960755f,0.21127720079284712f,0.2416433213236147f,0.5127703870158646f,-0.823817355643405f,-0.16435476417947287f,0f,0f,0f,1f],start_interpolation:0}
execute if entity @s[tag=aj.dino.bone.leg_left_2] run data modify entity @s {} merge value {transformation:[-0.7531347840041861f,-0.6623105412672294f,0.21493008991291015f,0.5529997981016991f,-0.43293687776393813f,0.6933673527826477f,0.6195720890000538f,0.3913760278273606f,-0.5453584660529943f,0.364209638151144f,-0.7886682968668336f,-0.10467746653977567f,0f,0f,0f,1f],start_interpolation:0}
execute if entity @s[tag=aj.dino.bone.leg_left_1] run data modify entity @s {} merge value {transformation:[-0.8760832685670286f,-0.3881321234608975f,-0.28606216330484185f,0.480175839540363f,-0.08187052051153473f,-0.4649291835073749f,0.8815543501079985f,0.21994546338953863f,-0.4751582098712823f,0.7957350746705212f,0.3755400997643501f,0.10104472063446227f,0f,0f,0f,1f],start_interpolation:0}
execute if entity @s[tag=aj.dino.bone.leg_left_0] run data modify entity @s {} merge value {transformation:[-0.880367797699265f,-0.1305045648905788f,0.45598366123893797f,0.28945027013587493f,-0.1086347997092822f,0.9913250610059585f,0.07398042790939136f,0.590517851962515f,-0.4616828143501443f,0.015594292682042932f,-0.8869079980299404f,0.1256849431802473f,0f,0f,0f,1f],start_interpolation:0}
execute if entity @s[tag=aj.dino.bone.leg_right_3] run data modify entity @s {} merge value {transformation:[-0.3927279497080203f,0.0167935183524206f,0.9195013514179742f,-0.2909735981427107f,-0.010903773791276633f,0.9996779545523945f,-0.02291494924822185f,0.01669644363407835f,-0.9195900528144285f,-0.019025375772552144f,-0.3924183607343948f,-0.0632493862418499f,0f,0f,0f,1f],start_interpolation:0}
execute if entity @s[tag=aj.dino.bone.leg_right_2] run data modify entity @s {} merge value {transformation:[-0.26567186472751114f,0.7213797508928194f,0.679037491450004f,-0.1014235680587583f,0.18026557388709538f,0.7264931898982431f,-0.701266117392909f,0.16408902719088636f,-0.9741586024175208f,-0.06229847136152294f,-0.31495415111195807f,-0.08599327495151607f,0f,0f,0f,1f],start_interpolation:0}
execute if entity @s[tag=aj.dino.bone.leg_right_1] run data modify entity @s {} merge value {transformation:[-0.6524483127774102f,-0.6618826013696603f,0.3690834880593295f,-0.31380510709234644f,-0.10857551148467257f,0.5636419249519993f,0.8188523302416901f,0.27162171831949705f,-0.7500150381557373f,0.49418539278345286f,-0.43961146493206005f,0.05663977828695618f,0f,0f,0f,1f],start_interpolation:0}
execute if entity @s[tag=aj.dino.bone.leg_right_0] run data modify entity @s {} merge value {transformation:[-0.7152638396566655f,0.5273868681184365f,0.45854196211015474f,-0.06089631420288566f,-0.03688998177822179f,0.6267263864765111f,-0.7783657017999299f,0.5853481048573876f,-0.6978801966842203f,-0.5736524451532667f,-0.4288194296503742f,-0.05253977764512735f,0f,0f,0f,1f],start_interpolation:0}
execute if entity @s[tag=aj.dino.bone.tail_4] run data modify entity @s {} merge value {transformation:[2.450387049697181f,0.3407158597261046f,-1.226856691389604f,1.1749559733847268f,-0.7062312131952905f,2.5776532396270015f,-0.6946960352190961f,0.3370899110424015f,1.0594820016333704f,0.9302031018930892f,2.374422331651095f,0.29938428847368154f,0f,0f,0f,1f],start_interpolation:0}
execute if entity @s[tag=aj.dino.bone.tail_3] run data modify entity @s {} merge value {transformation:[2.0118956017738037f,0.2513758250439472f,0.47437517661777234f,1.0920595637569708f,-0.048282921585568406f,1.9171928396422295f,-0.8111633011620845f,0.45587199403264184f,-0.5346871731123063f,0.772740147949156f,1.8582055367211483f,-0.023260571187978918f,0f,0f,0f,1f],start_interpolation:0}
execute if entity @s[tag=aj.dino.bone.tail_2] run data modify entity @s {} merge value {transformation:[1.7255392489318473f,-0.03255834131956306f,0.9166395855564009f,0.9229264608819627f,0.4531842855854442f,1.72817218992324f,-0.7917188644191191f,0.6037971301257271f,-0.7974410189455404f,0.9116658989943673f,1.5335341485981544f,-0.3087139502060854f,0f,0f,0f,1f],start_interpolation:0}
execute if entity @s[tag=aj.dino.bone.tail_1] run data modify entity @s {} merge value {transformation:[0.593148766809828f,-0.019711544658530738f,1.3912017270831556f,0.623229646491294f,0.6024573628644921f,1.366856729831054f,-0.2374953811043878f,0.637619504081501f,-1.2541434991109837f,0.6472792172800943f,0.5438841315160121f,-0.4324658934753081f,0f,0f,0f,1f],start_interpolation:0}
execute if entity @s[tag=aj.dino.bone.tail_0] run data modify entity @s {} merge value {transformation:[-0.49772614685197286f,-0.04986509465745105f,1.1762728729587872f,0.278292040326624f,0.25155778184092514f,1.243072266619602f,0.15914062630424206f,0.6211124624355461f,-1.150140461734648f,0.2934629940555305f,-0.4742279051097709f,-0.28680369271523776f,0f,0f,0f,1f],start_interpolation:0}
execute if entity @s[tag=aj.dino.bone.body_1] run data modify entity @s {} merge value {transformation:[-1.1018795892025783f,-0.07564437691174473f,0.5556472749835467f,0.1542070178663712f,-0.01625943871332554f,1.2288618867641299f,0.1350506903628422f,0.5069425000000001f,-0.5605368824687049f,0.11305302541898897f,-1.0961852087544919f,-0.03957091033083024f,0f,0f,0f,1f],start_interpolation:0}