execute if entity @s[tag=aj.dino.bone.head_lower] run data modify entity @s {} merge value {transformation:[-0.9831364794301458f,-0.17120674621736284f,-0.06427217798832233f,0.029989722061939457f,-0.17648903104224287f,0.9803380842053981f,0.08825453290488555f,0.2622205442819901f,0.047898692419201576f,0.09810958518999457f,-0.9940222455047866f,0.8193158016378982f,0f,0f,0f,1f],start_interpolation:0}
execute if entity @s[tag=aj.dino.bone.head_upper] run data modify entity @s {} merge value {transformation:[-1.0233463517986392f,-0.11502669042240694f,-0.1516675553122404f,0.01663359046749715f,-0.18370735887477435f,0.814028517909018f,0.6221584371441161f,0.3233322750245039f,0.049857728981358415f,0.638434315419231f,-0.8206020803894581f,0.7770970071704658f,0f,0f,0f,1f],start_interpolation:0}
execute if entity @s[tag=aj.dino.bone.neck_0] run data modify entity @s {} merge value {transformation:[-0.9879386691156022f,-0.15482950139211704f,0.002238652443219663f,0.019610746727316213f,-0.15284843448319663f,0.9774085313881595f,0.14597917264348678f,0.3169557780835467f,-0.02478996051084071f,0.14387629501870483f,-0.9892851305814526f,0.7108006039372324f,0f,0f,0f,1f],start_interpolation:0}
execute if entity @s[tag=aj.dino.bone.neck_1] run data modify entity @s {} merge value {transformation:[-0.9902224585302616f,-0.1236863187334153f,-0.06450718704501512f,0.013576333918158467f,-0.13785270038541333f,0.9384346274045099f,0.31676029278400425f,0.34811278338531876f,0.02135686350412945f,0.32255564581376434f,-0.9463095369565561f,0.6321217393851479f,0f,0f,0f,1f],start_interpolation:0}
execute if entity @s[tag=aj.dino.bone.neck_2] run data modify entity @s {} merge value {transformation:[-0.9970170057473055f,-0.01433005280964441f,0.07584022571927466f,0.0200802063195704f,0.008779811593465699f,0.9551775764507687f,0.2959032145043695f,0.3833879097094487f,-0.07668119169040721f,0.2956863998091702f,-0.9522024720661203f,0.5515966159717469f,0f,0f,0f,1f],start_interpolation:0}
execute if entity @s[tag=aj.dino.bone.body_0] run data modify entity @s {} merge value {transformation:[-0.9961075763243016f,-0.011939199672743676f,0.08733356686005697f,0.061126453078957046f,0.003445523720489752f,0.9847533027253283f,0.17392257224940427f,0.4747379719510341f,-0.08807851472190724f,0.17354650178765357f,-0.980879088859402f,0.09096522705154869f,0f,0f,0f,1f],start_interpolation:0}
execute if entity @s[tag=aj.dino.bone.leg_left_3] run data modify entity @s {} merge value {transformation:[-0.7470713341547233f,-0.11862094954703274f,-0.654074530931179f,0.591563617522711f,-0.39982826923009307f,0.8662516550461008f,0.29957540829373674f,0.17597102706183046f,0.5310572255498928f,0.4853216876036462f,-0.6945797886008479f,-0.3971162136732574f,0f,0f,0f,1f],start_interpolation:0}
execute if entity @s[tag=aj.dino.bone.leg_left_2] run data modify entity @s {} merge value {transformation:[-0.8917733338114713f,-0.506566152159412f,-0.013901585876278202f,0.47167068389894784f,-0.4380215116355121f,0.7563756375324654f,0.5367450510182573f,0.36818937913015315f,-0.25483264301892167f,0.4725979559143882f,-0.8739414715060881f,-0.31435836412868634f,0f,0f,0f,1f],start_interpolation:0}
execute if entity @s[tag=aj.dino.bone.leg_left_1] run data modify entity @s {} merge value {transformation:[-0.974910275339831f,-0.14961097078274382f,-0.1648226697340494f,0.45918358225011063f,-0.0979479065540101f,-0.3765906747075348f,0.921187098978818f,0.2189758457689499f,-0.19989037655300337f,0.9142188037580328f,0.35248803698385256f,-0.08070738635619272f,0f,0f,0f,1f],start_interpolation:0}
execute if entity @s[tag=aj.dino.bone.leg_left_0] run data modify entity @s {} merge value {transformation:[-0.9750919045525617f,-0.12377532859385693f,0.18405283401116246f,0.28222289389297245f,-0.12375275123371059f,0.9922446382004769f,0.011654806926409023f,0.5932251360556764f,-0.18406801525019262f,-0.01141253669817828f,-0.982847251493317f,-0.026581033620188044f,0f,0f,0f,1f],start_interpolation:0}
execute if entity @s[tag=aj.dino.bone.leg_right_3] run data modify entity @s {} merge value {transformation:[-0.6674580855640321f,-0.009600107464042884f,0.7445854833072397f,-0.34167830539248367f,-0.03248879512211079f,0.9993401729434732f,-0.016238747883437488f,0.02219642776897643f,-0.7439382919346945f,-0.03502936879230256f,-0.6673295745846287f,-0.0227703852525052f,0f,0f,0f,1f],start_interpolation:0}
execute if entity @s[tag=aj.dino.bone.leg_right_2] run data modify entity @s {} merge value {transformation:[-0.5186622855760744f,0.7060669247010464f,0.533405222007531f,-0.15980587844735f,0.14443059439796874f,0.677531583812944f,-0.7564079295185018f,0.15652759666319088f,-0.8730357589603912f,-0.3073803023614622f,-0.442027276078438f,-0.10672650144791174f,0f,0f,0f,1f],start_interpolation:0}
execute if entity @s[tag=aj.dino.bone.leg_right_1] run data modify entity @s {} merge value {transformation:[-0.8358998767094956f,-0.4804134069293198f,0.26547006339625884f,-0.3210461933229721f,-0.10930910940970026f,0.619670831742817f,0.7772126986142359f,0.28147539071525546f,-0.5378874554375741f,0.6206537027439125f,-0.570496333514215f,0.0814303354730429f,0f,0f,0f,1f],start_interpolation:0}
execute if entity @s[tag=aj.dino.bone.leg_right_0] run data modify entity @s {} merge value {transformation:[-0.8808312447283689f,0.35689432730663384f,0.31106712691413974f,-0.10382148615678531f,-0.03544532694509807f,0.6054912243360999f,-0.795062265517441f,0.588055388950549f,-0.47210162794469085f,-0.7113415609876285f,-0.5206853526878366f,-0.10058452612640151f,0f,0f,0f,1f],start_interpolation:0}
execute if entity @s[tag=aj.dino.bone.tail_4] run data modify entity @s {} merge value {transformation:[2.6015802363834277f,0.43434010601290135f,-0.8177959877425719f,1.2016212919263045f,-0.6002960472614118f,2.6480219730076593f,-0.5032748927881744f,0.44657147930323243f,0.7050434461091543f,0.6519122904021099f,2.589128315924339f,-0.15332208753624355f,0f,0f,0f,1f],start_interpolation:0}
execute if entity @s[tag=aj.dino.bone.tail_3] run data modify entity @s {} merge value {transformation:[1.8101416761137021f,0.3404931603066267f,0.9712862843802165f,1.0335950382501222f,-0.019156355267914878f,1.9758523691531997f,-0.6569520343289763f,0.5386310006336501f,-1.029060577659824f,0.5621542040584029f,1.7207447528353343f,-0.4505979292098098f,0f,0f,0f,1f],start_interpolation:0}
execute if entity @s[tag=aj.dino.bone.tail_2] run data modify entity @s {} merge value {transformation:[1.2701519295277255f,0.15498350173840855f,1.4769793719306552f,0.7600038851933281f,0.4910972538836117f,1.7903253130030863f,-0.6101906553292614f,0.6528532632089341f,-1.401538953489252f,0.7677820412148739f,1.1247102622644416f,-0.6605327754606818f,0f,0f,0f,1f],start_interpolation:0}
execute if entity @s[tag=aj.dino.bone.tail_1] run data modify entity @s {} merge value {transformation:[0.05654287787701324f,0.09592324595755454f,1.5083957981399814f,0.43418735657863783f,0.5709805762020334f,1.3962430251092834f,-0.11019458441171745f,0.6589527809500626f,-1.3994428657724398f,0.5735506914987057f,0.015984984203221014f,-0.6696466420181055f,0f,0f,0f,1f],start_interpolation:0}
execute if entity @s[tag=aj.dino.bone.tail_0] run data modify entity @s {} merge value {transformation:[-0.8577896232392368f,-0.012625409382365964f,0.9475617541274253f,0.15698311501982687f,0.22104452730773883f,1.2401805365727383f,0.21662703025587696f,0.6255770933639069f,-0.9215052879904779f,0.3092386656421055f,-0.8300814227902608f,-0.4196150775292655f,0f,0f,0f,1f],start_interpolation:0}
execute if entity @s[tag=aj.dino.bone.body_1] run data modify entity @s {} merge value {transformation:[-1.214153189779307f,-0.04241394459043992f,0.2294290393765864f,0.10650095731217811f,-0.016259438713325546f,1.2281927032845708f,0.1410067704314789f,0.5100675f,-0.23274934469878053f,0.13545602961502773f,-1.206683057658253f,-0.14820209441844193f,0f,0f,0f,1f],start_interpolation:0}