execute if entity @s[tag=aj.dino.bone.head_lower] run data modify entity @s {} merge value {transformation:[-0.9817701606108267f,-0.19005489604133644f,-0.002547199424457025f,0.28242345370884486f,-0.1893232329780859f,0.976626627888245f,0.10177005038006731f,0.2951659430196297f,-0.016854233560638886f,0.10039704273708894f,-0.9948046886805122f,0.5804522539879148f,0f,0f,0f,1f],start_interpolation:0}
execute if entity @s[tag=aj.dino.bone.head_upper] run data modify entity @s {} merge value {transformation:[-1.0219241511089092f,-0.17164228988329733f,-0.09839662741913385f,0.2714688327110378f,-0.19706647432220922f,0.8371795189690183f,0.5863166382600146f,0.35432253713089135f,-0.0175435646906717f,0.5942569477304653f,-0.8544137440347753f,0.5348896581032782f,0f,0f,0f,1f],start_interpolation:0}
execute if entity @s[tag=aj.dino.bone.neck_0] run data modify entity @s {} merge value {transformation:[-0.9893284679006661f,-0.1322038058304703f,-0.06124815364775987f,0.2699740046678404f,-0.14159996332073216f,0.971446094315995f,0.19037314996019353f,0.3509097848729462f,0.03433122469250996f,0.19701431308952747f,-0.9797993301941853f,0.4683249913089191f,0f,0f,0f,1f],start_interpolation:0}
execute if entity @s[tag=aj.dino.bone.neck_1] run data modify entity @s {} merge value {transformation:[-0.9747234593629005f,-0.045176542736869614f,-0.21879958353242734f,0.25123068551278904f,-0.12019498729622295f,0.9315745277921477f,0.3431064910457073f,0.38426705533993505f,0.18832775365431592f,0.3607325590450369f,-0.913457540364268f,0.39260499831779894f,0f,0f,0f,1f],start_interpolation:0}
execute if entity @s[tag=aj.dino.bone.neck_2] run data modify entity @s {} merge value {transformation:[-0.9792080074140562f,0.07388418298692526f,-0.18892539723538457f,0.23540277610354643f,0.015062209435506676f,0.9552247929581115f,0.29549741921894007f,0.4195070932327139f,0.20229880885243562f,0.28650780516852875f,-0.9364766251831372f,0.31336771285704534f,0f,0f,0f,1f],start_interpolation:0}
execute if entity @s[tag=aj.dino.bone.body_0] run data modify entity @s {} merge value {transformation:[-0.9555498635679683f,0.034093428183835865f,-0.29285166277470626f,0.09770766815179906f,0.003194790280439926f,0.9944304928110512f,0.10534604065950359f,0.4786294806300267f,0.2948122310052632f,0.09972779513377103f,-0.9503368430864163f,-0.13357244561802792f,0f,0f,0f,1f],start_interpolation:0}
execute if entity @s[tag=aj.dino.bone.leg_left_3] run data modify entity @s {} merge value {transformation:[-0.30210739211488397f,0.10273442329650963f,-0.9477218800362675f,0.30946293595925783f,-0.21924922130281913f,0.9600352994896063f,0.17395977320061606f,0.11159124225421291f,0.9277181159100274f,0.2603418176241301f,-0.26750931835828273f,-0.7735734796073823f,0f,0f,0f,1f],start_interpolation:0}
execute if entity @s[tag=aj.dino.bone.leg_left_2] run data modify entity @s {} merge value {transformation:[-0.8545818929123528f,-0.21060443382025956f,-0.5266856370381504f,0.24276862314861086f,-0.4308805116882523f,0.8604209124190315f,0.35507750931305976f,0.3224591344722746f,0.36890916558728126f,0.5170916992448671f,-0.8053473794695345f,-0.6773566789110219f,0f,0f,0f,1f],start_interpolation:0}
execute if entity @s[tag=aj.dino.bone.leg_left_1] run data modify entity @s {} merge value {transformation:[-0.9180648281844009f,0.393682120943858f,-0.046597842223559754f,0.37047496249621686f,-0.130667834900828f,-0.18953176524242818f,0.9731411135526127f,0.2219598529393627f,0.37427648626794086f,0.899495468367259f,0.22544403787567588f,-0.4524025258896379f,0f,0f,0f,1f],start_interpolation:0}
execute if entity @s[tag=aj.dino.bone.leg_left_0] run data modify entity @s {} merge value {transformation:[-0.9077121311636281f,-0.18611303866461293f,-0.37605933544775677f,0.22246971974789434f,-0.15422172969430087f,0.981496240388485f,-0.11349356014050804f,0.5986340326650968f,0.39022345525158036f,-0.04502296016804558f,-0.9196187188336394f,-0.34984381581873003f,0f,0f,0f,1f],start_interpolation:0}
execute if entity @s[tag=aj.dino.bone.leg_right_3] run data modify entity @s {} merge value {transformation:[-0.9792036966498343f,-0.04800040963339752f,0.19711945906562753f,-0.3017978591411969f,-0.05089448649694958f,0.9986575161520388f,-0.009639329709739242f,0.03588634692336869f,-0.19639213760105403f,-0.0194711609327049f,-0.9803320877031527f,0.03139110105374002f,0f,0f,0f,1f],start_interpolation:0}
execute if entity @s[tag=aj.dino.bone.leg_right_2] run data modify entity @s {} merge value {transformation:[-0.9040638954384284f,0.4348669411087303f,0.21359170394967406f,-0.19242752111341982f,0.08491905355423332f,0.5874189376018116f,-0.8365344855957267f,0.14682844425532504f,-0.47698996510287556f,-0.7196470904396055f,-0.5537606323256128f,-0.15273128287958881f,0f,0f,0f,1f],start_interpolation:0}
execute if entity @s[tag=aj.dino.bone.leg_right_1] run data modify entity @s {} merge value {transformation:[-0.9939314680271166f,-0.08228335810745424f,-0.07300469741065466f,-0.23070420916615605f,-0.1098255911801629f,0.7048247841098949f,0.7008283407699551f,0.2989507599459721f,-0.006210989243954336f,0.7045931256285438f,-0.7095843508206836f,0.0761946481120625f,0f,0f,0f,1f],start_interpolation:0}
execute if entity @s[tag=aj.dino.bone.leg_right_0] run data modify entity @s {} merge value {transformation:[-0.9970093089171328f,-0.07612083542374351f,-0.013343775589106682f,-0.1435775758239606f,-0.0325546808600499f,0.5702772843111135f,-0.8208069272081234f,0.5934642855599694f,0.07009016112609084f,-0.8179177448943951f,-0.571049850626183f,-0.20660919124893523f,0f,0f,0f,1f],start_interpolation:0}
execute if entity @s[tag=aj.dino.bone.tail_4] run data modify entity @s {} merge value {transformation:[2.3647556016462974f,0.2627370113344237f,1.4016281742878571f,0.9198512782986812f,-0.09987056544154477f,2.738034612258718f,-0.34475159728656285f,0.6520401533715251f,-1.422539330296651f,0.24453436680414667f,2.354197555179015f,-1.1439817152226368f,0f,0f,0f,1f],start_interpolation:0}
execute if entity @s[tag=aj.dino.bone.tail_3] run data modify entity @s {} merge value {transformation:[0.5591397216127844f,0.2601723822494011f,1.988873708729112f,0.5800658033785819f,0.13818479984561458f,2.054800494604823f,-0.3076449487767437f,0.6840975319439927f,-2.0010530374907236f,0.21459446621683695f,0.5344917981248214f,-1.2367117478288518f,0f,0f,0f,1f],start_interpolation:0}
execute if entity @s[tag=aj.dino.bone.tail_2] run data modify entity @s {} merge value {transformation:[-0.20146458749374627f,0.3046101846254687f,1.919739182912926f,0.22311399313564306f,0.5095305681357439f,1.8708077243994476f,-0.2433740607899748f,0.7301621722155496f,-1.8757837015828922f,0.4754628994491305f,-0.2722947137316209f,-1.1873666563801415f,0f,0f,0f,1f],start_interpolation:0}
execute if entity @s[tag=aj.dino.bone.tail_1] run data modify entity @s {} merge value {transformation:[-0.960219998551602f,0.2438346061851778f,1.1428816601941254f,-0.02488464793924569f,0.4803365492508293f,1.430828609538768f,0.09829821757876457f,0.6910601908432734f,-1.0653218311080304f,0.42535917170301574f,-0.985806888397904f,-0.9794138105794677f,0f,0f,0f,1f],start_interpolation:0}
execute if entity @s[tag=aj.dino.bone.tail_0] run data modify entity @s {} merge value {transformation:[-1.2502158215168726f,0.11041761583968782f,0.24208276750978666f,-0.09296228537067451f,0.16603939336272416f,1.2324945289989473f,0.29533687955185944f,0.6344981788515541f,-0.2079111253989473f,0.3203137566261713f,-1.2198392426198628f,-0.6152186906478784f,0f,0f,0f,1f],start_interpolation:0}
execute if entity @s[tag=aj.dino.bone.body_1] run data modify entity @s {} merge value {transformation:[-1.1512600998656484f,0.040699037532338105f,-0.4489413835430282f,0.008668928637713874f,-0.016259438713325546f,1.2267677489921032f,0.15290884782060796f,0.5163175f,0.45048907663373444f,0.14828713171762264f,-1.1417859315374734f,-0.359757646078656f,0f,0f,0f,1f],start_interpolation:0}