execute if entity @s[tag=aj.dino.bone.head_lower] run data modify entity @s {} merge value {transformation:[-0.9749621582437425f,-0.21673348755123445f,0.04975324478445566f,0.408631910648747f,-0.19030357286485694f,0.9289589153901706f,0.31752146962369054f,0.3113342907347178f,-0.11503625579604533f,0.3001031970689368f,-0.9469449461090279f,0.3938675206935703f,0f,0f,0f,1f],start_interpolation:0}
execute if entity @s[tag=aj.dino.bone.head_upper] run data modify entity @s {} merge value {transformation:[-1.0148377042816792f,-0.23069816756686645f,-0.018834331235483105f,0.40183822045383416f,-0.19808690970187426f,0.821796167476195f,0.6073586896634533f,0.37159572257016665f,-0.11974119072633035f,0.5957359794290046f,-0.8451228506203772f,0.34894690072373946f,0f,0f,0f,1f],start_interpolation:0}
execute if entity @s[tag=aj.dino.bone.neck_0] run data modify entity @s {} merge value {transformation:[-0.9885204700305745f,-0.12666438669699726f,-0.08236148051853642f,0.39888798886442556f,-0.14652655858926272f,0.9366383740079819f,0.31818001817158703f,0.3770137885198189f,0.03684084633282861f,0.32659560541801186f,-0.9444459024015739f,0.2825640945972208f,0f,0f,0f,1f],start_interpolation:0}
execute if entity @s[tag=aj.dino.bone.neck_1] run data modify entity @s {} merge value {transformation:[-0.9572426095898272f,-0.01768400296663928f,-0.28874532450713963f,0.37434600210511976f,-0.12516806061918834f,0.9251807372723029f,0.358292561995235f,0.41162806311971284f,0.2608055654821974f,0.3791145993223607f,-0.8878358956440978f,0.20909927495978867f,0f,0f,0f,1f],start_interpolation:0}
execute if entity @s[tag=aj.dino.bone.neck_2] run data modify entity @s {} merge value {transformation:[-0.9400989764796404f,0.10767675655916983f,-0.3234495795619925f,0.3470636158083296f,0.011492650966026485f,0.9582774410897379f,0.28560858683218365f,0.44603165246228266f,0.34070784169975543f,0.2647830470317184f,-0.9021131329322799f,0.13265979018626883f,0f,0f,0f,1f],start_interpolation:0}
execute if entity @s[tag=aj.dino.bone.body_0] run data modify entity @s {} merge value {transformation:[-0.8695865994120693f,0.029810445922391147f,-0.4928797859893035f,0.11505520273123655f,0.0041278950529832735f,0.9985799520875089f,0.053113461300689474f,0.4805765498663913f,0.49376320904395565f,0.04415219816517042f,-0.8684747991690942f,-0.2762285210038574f,0f,0f,0f,1f],start_interpolation:0}
execute if entity @s[tag=aj.dino.bone.leg_left_3] run data modify entity @s {} merge value {transformation:[0.029995937384721727f,0.11169509261565276f,-0.9932897110239247f,0.1372608313676431f,-0.12279400921534853f,0.9866214309816415f,0.10723704224081493f,0.08345226063077313f,0.9919787674346825f,0.11875335032460477f,0.043310122898105985f,-0.924966113150391f,0f,0f,0f,1f],start_interpolation:0}
execute if entity @s[tag=aj.dino.bone.leg_left_2] run data modify entity @s {} merge value {transformation:[-0.6610298152367257f,-0.08484074470507591f,-0.7796818780160805f,0.09236340732961171f,-0.41973476449943287f,0.8996322961700474f,0.25796639056107173f,0.3004763921960033f,0.6625137812448886f,0.4853101886694634f,-0.614501187903574f,-0.8298040424545383f,0f,0f,0f,1f],start_interpolation:0}
execute if entity @s[tag=aj.dino.bone.leg_left_1] run data modify entity @s {} merge value {transformation:[-0.7400841738210175f,0.6708327312230004f,-0.047527490776929304f,0.29186761563702235f,-0.14727176663852978f,-0.09270745962672342f,0.9847417700497552f,0.22599667109919502f,0.656190858219488f,0.7357912568449344f,0.16740604511105045f,-0.6518595913672944f,0f,0f,0f,1f],start_interpolation:0}
execute if entity @s[tag=aj.dino.bone.leg_left_0] run data modify entity @s {} merge value {transformation:[-0.7238879755718661f,-0.24352226099172675f,-0.6455099590431913f,0.16463087981194457f,-0.16954130207078968f,0.9697328034647515f,-0.1757100929842523f,0.6013356649509735f,0.6687615013699627f,-0.017753824542069946f,-0.7432649971574895f,-0.520563242159226f,0f,0f,0f,1f],start_interpolation:0}
execute if entity @s[tag=aj.dino.bone.leg_right_3] run data modify entity @s {} merge value {transformation:[-0.9862487103389415f,-0.050272328785741f,-0.1574362547611991f,-0.21133920363156766f,-0.04843279734535845f,0.998706146619911f,-0.015501511052529726f,0.06071830967821129f,0.15801185239113644f,-0.007663267062201051f,-0.9874074786236199f,0.05041097427938157f,0f,0f,0f,1f],start_interpolation:0}
execute if entity @s[tag=aj.dino.bone.leg_right_2] run data modify entity @s {} merge value {transformation:[-1.0032993406589015f,0.20336702177872681f,0.0639881784938366f,-0.16040062799275595f,0.041252563372353515f,0.4872169978127191f,-0.9016540481571991f,0.14635873741430078f,-0.2091670589488654f,-0.8793882254135006f,-0.4847552887338827f,-0.16922975672259877f,0f,0f,0f,1f],start_interpolation:0}
execute if entity @s[tag=aj.dino.bone.leg_right_1] run data modify entity @s {} merge value {transformation:[-0.952318254088087f,0.10985959707268597f,-0.2846415497808512f,-0.1344249014150241f,-0.0992706933066304f,0.770596123122689f,0.6295450297466434f,0.3203398774526025f,0.2885052380478363f,0.6277837875887751f,-0.7229469162114552f,0.045407635638325505f,0f,0f,0f,1f],start_interpolation:0}
execute if entity @s[tag=aj.dino.bone.leg_right_0] run data modify entity @s {} merge value {transformation:[-0.9310170659023036f,-0.31821598978289023f,-0.1787338995410806f,-0.13656219329048208f,-0.014390322406431413f,0.5213391278411823f,-0.8532282416814588f,0.596165917845846f,0.3646918447397811f,-0.7917980156758986f,-0.48995485583062104f,-0.26799738344860125f,0f,0f,0f,1f],start_interpolation:0}
execute if entity @s[tag=aj.dino.bone.tail_4] run data modify entity @s {} merge value {transformation:[-1.70557088368869f,-1.949688969087679f,-0.9567665421257185f,-0.6539636204433906f,-2.141621706126946f,1.7119532306587804f,0.3291412090317395f,0.995898337481834f,0.3607572038910537f,0.9452991015836143f,-2.569421176060071f,-1.9610448803694778f,0f,0f,0f,1f],start_interpolation:0}
execute if entity @s[tag=aj.dino.bone.tail_3] run data modify entity @s {} merge value {transformation:[-1.3470689812168475f,-1.4460842436596288f,-0.6558895075599306f,-0.5285979281929638f,-1.5777564083311266f,1.3159133674045935f,0.3391198187962651f,0.9255189027148698f,0.17898436204851456f,0.7163504001323001f,-1.9469854206996062f,-1.6379181532124387f,0f,0f,0f,1f],start_interpolation:0}
execute if entity @s[tag=aj.dino.bone.tail_2] run data modify entity @s {} merge value {transformation:[-1.5994099558459993f,-1.0525580374349004f,-0.390874974863658f,-0.4573682590070868f,-1.1209414675010438f,1.535932514021124f,0.4507498350661185f,0.8412620978914315f,0.06443519674899209f,0.5931330080232571f,-1.8608641044460976f,-1.2917987965769624f,0f,0f,0f,1f],start_interpolation:0}
execute if entity @s[tag=aj.dino.bone.tail_1] run data modify entity @s {} merge value {transformation:[-1.4589052559919131f,-0.2551313216770654f,-0.3068545465501277f,-0.3868240702436533f,-0.33906516275983173f,1.4057924079145f,0.4432141370179892f,0.7290269339634551f,0.21044362532949207f,0.49629826168269603f,-1.4131729427104507f,-0.9939675315818355f,0f,0f,0f,1f],start_interpolation:0}
execute if entity @s[tag=aj.dino.bone.tail_0] run data modify entity @s {} merge value {transformation:[-1.1411600008879308f,0.10682574416387161f,-0.565842583534785f,-0.21889382042952515f,-0.08921414272841f,1.208063783756035f,0.40799319565197967f,0.6389545706286203f,0.5688852306878076f,0.4037398560272626f,-1.0710739654871615f,-0.671231862866053f,0f,0f,0f,1f],start_interpolation:0}
execute if entity @s[tag=aj.dino.bone.body_1] run data modify entity @s {} merge value {transformation:[-0.9472862430988076f,0.08972387296540096f,-0.7894320713728861f,-0.04140546158638851f,-0.016259438713325546f,1.2260120116718682f,0.15885456539009696f,0.5194425f,0.7943481600310563f,0.13209378831965407f,-0.9381720667334367f,-0.46201745309401826f,0f,0f,0f,1f],start_interpolation:0}