execute if entity @s[tag=aj.dino.bone.head_lower] run data modify entity @s {} merge value {transformation:[-0.9818535793103941f,-0.15580956038689245f,-0.10810610383974775f,0.4764816522371187f,-0.18217346473225915f,0.9333213661296463f,0.3093930449660029f,0.2969109488661903f,0.05269134219975179f,0.32347273210880395f,-0.9447692914353506f,0.3581046207584469f,0f,0f,0f,1f],start_interpolation:0}
execute if entity @s[tag=aj.dino.bone.head_upper] run data modify entity @s {} merge value {transformation:[-1.0220109815985312f,-0.1128923981115747f,-0.16192838702380372f,0.462466505443667f,-0.18962428353419827f,0.798726072518109f,0.6399619010202447f,0.35890455435571744f,0.05484639614099572f,0.6578479384416441f,-0.804798052496358f,0.31741279073614714f,0f,0f,0f,1f],start_interpolation:0}
execute if entity @s[tag=aj.dino.bone.neck_0] run data modify entity @s {} merge value {transformation:[-0.9712670666592592f,-0.061116865291050204f,-0.23001089974197603f,0.4488994513846242f,-0.14573612283669368f,0.9168047059507699f,0.37179310597031007f,0.36811102529811834f,0.18815224612968576f,0.3946312961784932f,-0.8993691524356593f,0.2527914924573086f,0f,0f,0f,1f],start_interpolation:0}
execute if entity @s[tag=aj.dino.bone.neck_1] run data modify entity @s {} merge value {transformation:[-0.916766929298471f,0.029022357239422755f,-0.39836679094136257f,0.4152862579997671f,-0.12387466467803965f,0.9275208019774629f,0.35264745759750926f,0.40225786584911827f,0.37972814590909004f,0.3726430794733093f,-0.8467252627181342f,0.18277946952275806f,0f,0f,0f,1f],start_interpolation:0}
execute if entity @s[tag=aj.dino.bone.neck_2] run data modify entity @s {} merge value {transformation:[-0.9014331033111882f,0.13690550037794702f,-0.41070091821302807f,0.38064616772205706f,0.014165993378132994f,0.9574996866343617f,0.2880862279365496f,0.43687090043252413f,0.43268658967706763f,0.2538724759822593f,-0.865061316354087f,0.10947918046043115f,0f,0f,0f,1f],start_interpolation:0}
execute if entity @s[tag=aj.dino.bone.body_0] run data modify entity @s {} merge value {transformation:[-0.8314284587786034f,0.043767952878973705f,-0.5539053025868412f,0.12000962021887686f,0.004152071939924312f,0.9973542720961279f,0.07257558976824335f,0.4805765498663913f,0.5556163048648248f,0.05804155608171264f,-0.8294104529941562f,-0.2808659373728925f,0f,0f,0f,1f],start_interpolation:0}
execute if entity @s[tag=aj.dino.bone.leg_left_3] run data modify entity @s {} merge value {transformation:[0.06089296454658577f,0.11534138739774565f,-0.9914577203400512f,0.1219887970699622f,-0.12279400921534853f,0.9866214309816415f,0.10723704224081493f,0.08345226063077313f,0.9905623040321838f,0.11521508703681425f,0.07424153520469678f,-0.9299804390335873f,0f,0f,0f,1f],start_interpolation:0}
execute if entity @s[tag=aj.dino.bone.leg_left_2] run data modify entity @s {} merge value {transformation:[-0.6400638381473265f,-0.06967652580725102f,-0.7984520426100986f,0.08007857444114255f,-0.41973476449943287f,0.8996322961700474f,0.25796639056107173f,0.3004763921960033f,0.6827907513048289f,0.48771827209971685f,-0.5899066676122146f,-0.8334655094963596f,0f,0f,0f,1f],start_interpolation:0}
execute if entity @s[tag=aj.dino.bone.leg_left_1] run data modify entity @s {} merge value {transformation:[-0.7192768369260142f,0.6934353435566163f,-0.04228777800056699f,0.2850309203523763f,-0.14727176663852978f,-0.09270745962672342f,0.9847417700497552f,0.22599667109919502f,0.6789343551573114f,0.7145297413236739f,0.16880577641493474f,-0.6618243352094502f,0f,0f,0f,1f],start_interpolation:0}
execute if entity @s[tag=aj.dino.bone.leg_left_0] run data modify entity @s {} merge value {transformation:[-0.7026967834771615f,-0.24395723375384992f,-0.668357762422208f,0.16194737318340408f,-0.16954130207078968f,0.9697328034647515f,-0.1757100929842523f,0.6013356649509735f,0.690994194898186f,-0.01015667187432634f,-0.7227889488871871f,-0.5266268549256407f,0f,0f,0f,1f],start_interpolation:0}
execute if entity @s[tag=aj.dino.bone.leg_right_3] run data modify entity @s {} merge value {transformation:[-0.9837523962489594f,-0.05091348252549632f,-0.17215992614878944f,-0.19898039551846242f,-0.04962160411834586f,0.9986983569188564f,-0.011802046106443254f,0.0546204510872107f,0.17253671864027328f,-0.003067439437455799f,-0.98499831042299f,0.042347762225518365f,0f,0f,0f,1f],start_interpolation:0}
execute if entity @s[tag=aj.dino.bone.leg_right_2] run data modify entity @s {} merge value {transformation:[-1.0098013330858033f,0.17621671435484718f,0.03620962276537981f,-0.1552189118656811f,0.059198195505242586f,0.5204424212215071f,-0.8818715662400692f,0.14858920361435604f,-0.16987948919087317f,-0.8661117452591047f,-0.52254531227174f,-0.17542707140549402f,0f,0f,0f,1f],start_interpolation:0}
execute if entity @s[tag=aj.dino.bone.leg_right_1] run data modify entity @s {} merge value {transformation:[-0.9417582385886017f,0.141461381125813f,-0.305090310728597f,-0.1193631332099695f,-0.10007696467541882f,0.7482277212558247f,0.6558504999507667f,0.31508234698564663f,0.32105454550878015f,0.648185123860686f,-0.6904925951911849f,0.04367971079694055f,0f,0f,0f,1f],start_interpolation:0}
execute if entity @s[tag=aj.dino.bone.leg_right_0] run data modify entity @s {} merge value {transformation:[-0.9177926255231365f,-0.3433619237497005f,-0.1993973065371067f,-0.13122908559824376f,-0.01705905697651676f,0.5358193586711254f,-0.8441602948778958f,0.596165917845846f,0.396693439711851f,-0.7713625633851886f,-0.4976284866217078f,-0.2647980095182414f,0f,0f,0f,1f],start_interpolation:0}
execute if entity @s[tag=aj.dino.bone.tail_4] run data modify entity @s {} merge value {transformation:[0.397034206859768f,-1.9123493137781953f,-1.952164253405767f,-1.0308927498731322f,-1.5965780265592808f,1.4386581048624074f,-1.7340307938504944f,0.6647820837841152f,2.2178737058929454f,1.3779855917264772f,-0.8988065783598401f,-1.7681500056550443f,0f,0f,0f,1f],start_interpolation:0}
execute if entity @s[tag=aj.dino.bone.tail_3] run data modify entity @s {} merge value {transformation:[-0.3382709384098932f,-1.442016986335095f,-1.4635932868774657f,-0.7686101459448723f,-1.6378643673107791f,1.0848276566385022f,-0.6902860245798982f,0.7712131943558589f,1.2405315846706182f,1.0390772312767276f,-1.3104752652840645f,-1.5561100145829767f,0f,0f,0f,1f],start_interpolation:0}
execute if entity @s[tag=aj.dino.bone.tail_2] run data modify entity @s {} merge value {transformation:[-1.0470322578044f,-1.2657593019692788f,-1.0584662090015153f,-0.572919003372646f,-1.4521107268659705f,1.302141349384255f,-0.120732009621765f,0.7928931035312003f,0.783499689240895f,0.72184151356428f,-1.6382450797293509f,-1.2508127132092728f,0f,0f,0f,1f],start_interpolation:0}
execute if entity @s[tag=aj.dino.bone.tail_1] run data modify entity @s {} merge value {transformation:[-1.3524101357219909f,-0.31691104809086057f,-0.5985068607746935f,-0.4389610396722906f,-0.4670733393622855f,1.404379885610409f,0.311794615973172f,0.7090775163221663f,0.4903932814113479f,0.4636170558670664f,-1.353598871547906f,-0.9656690857144834f,0f,0f,0f,1f],start_interpolation:0}
execute if entity @s[tag=aj.dino.bone.tail_0] run data modify entity @s {} merge value {transformation:[-1.0502013735711662f,0.12153403581797927f,-0.7184304208975684f,-0.22608614003132294f,-0.09139602231488334f,1.2283835533258451f,0.34140347040944946f,0.6389545706286203f,0.7228828111376563f,0.33187202449196074f,-1.000568397115037f,-0.6652710815751597f,0f,0f,0f,1f],start_interpolation:0}
execute if entity @s[tag=aj.dino.bone.body_1] run data modify entity @s {} merge value {transformation:[-0.9220730853588878f,0.09379654653206311f,-0.8182835866444162f,-0.04216453149932854f,-0.016259438713325546f,1.2260120116718682f,0.15885456539009696f,0.5194425f,0.8234812997061433f,0.12923370361947964f,-0.9131165281273379f,-0.461689086555721f,0f,0f,0f,1f],start_interpolation:0}