execute if entity @s[tag=aj.dino.bone.head_lower] run data modify entity @s {} merge value {transformation:[-0.971842909484178f,-0.21789613186811846f,0.08968073930470906f,0.3871217341000749f,-0.19048058950040514f,0.9505405945200641f,0.24533593946468746f,0.31327794168508105f,-0.13870293547328333f,0.22134555312080317f,-0.9652811206092968f,0.4047757044663897f,0f,0f,0f,1f],start_interpolation:0}
execute if entity @s[tag=aj.dino.bone.head_upper] run data modify entity @s {} merge value {transformation:[-1.0115908795475352f,-0.24517106848674497f,0.006854354588040928f,0.38177497697113477f,-0.19827116624405944f,0.8345635615408947f,0.5896305190268771f,0.3726038714025198f,-0.14437582774125085f,0.5717226176291718f,-0.8577650094511805f,0.3584367063852647f,0f,0f,0f,1f],start_interpolation:0}
execute if entity @s[tag=aj.dino.bone.neck_0] run data modify entity @s {} merge value {transformation:[-0.9900624751043618f,-0.13342184427893755f,-0.04443992416095613f,0.3813870087859028f,-0.1404975759856582f,0.9520731103612573f,0.2716932528959734f,0.3747635331206179f,0.00606024194061533f,0.27523699605294377f,-0.9613573058293015f,0.29180396971440964f,0f,0f,0f,1f],start_interpolation:0}
execute if entity @s[tag=aj.dino.bone.neck_1] run data modify entity @s {} merge value {transformation:[-0.9651525245755919f,-0.023170324627512003f,-0.26066020095522274f,0.35919892581058954f,-0.11968424870658502f,0.9248754963419441f,0.36094458976106397f,0.4096010630733309f,0.23271502941774458f,0.37956350235882563f,-0.8954190431078626f,0.21769882599816226f,0f,0f,0f,1f],start_interpolation:0}
execute if entity @s[tag=aj.dino.bone.neck_2] run data modify entity @s {} merge value {transformation:[-0.9483241850653672f,0.10299381712958568f,-0.3001224977458117f,0.3339143179301577f,0.011518774388437958f,0.9564053575447051f,0.29181519819291957f,0.44453006925272825f,0.31709392592210844f,0.2732783666755606f,-0.9081686938286535f,0.14081200316230136f,0f,0f,0f,1f],start_interpolation:0}
execute if entity @s[tag=aj.dino.bone.body_0] run data modify entity @s {} merge value {transformation:[-0.8813912562497478f,0.029967558434607605f,-0.47143546626018706f,0.11201402901826771f,0.0038309334430407793f,0.9984063759681383f,0.056303040549541036f,0.4805765498663913f,0.47237144002939746f,0.04781896974670881f,-0.880101453684129f,-0.27352097611802767f,0f,0f,0f,1f],start_interpolation:0}
execute if entity @s[tag=aj.dino.bone.leg_left_3] run data modify entity @s {} merge value {transformation:[0.01144181444785608f,0.10945501091166726f,-0.9939258953606488f,0.14634643282708476f,-0.12279400921534853f,0.9866214309816415f,0.10723704224081493f,0.08345226063077313f,0.992366220799036f,0.12082115921503297f,0.024729158962123743f,-0.9217299234921967f,0f,0f,0f,1f],start_interpolation:0}
execute if entity @s[tag=aj.dino.bone.leg_left_2] run data modify entity @s {} merge value {transformation:[-0.6733024980913124f,-0.09390066162219592f,-0.7680550835139406f,0.09967743576446239f,-0.41973476449943287f,0.8996322961700474f,0.25796639056107173f,0.3004763921960033f,0.6500374397181273f,0.48363891172590306f,-0.6289729163723825f,-0.8274240217811045f,0f,0f,0f,1f],start_interpolation:0}
execute if entity @s[tag=aj.dino.bone.leg_left_1] run data modify entity @s {} merge value {transformation:[-0.7522248033906012f,0.6569569810078045f,-0.050649484391079524f,0.29581940341518875f,-0.14727176663852978f,-0.09270745962672342f,0.9847417700497552f,0.22599667109919502f,0.6422373952948688f,0.7482064234117947f,0.1664880657890888f,-0.6457801797957274f,0f,0f,0f,1f],start_interpolation:0}
execute if entity @s[tag=aj.dino.bone.leg_left_0] run data modify entity @s {} merge value {transformation:[-0.7362664936471899f,-0.24314770738813923f,-0.6314988857665265f,0.1661498206481609f,-0.16954130207078968f,0.9697328034647515f,-0.1757100929842523f,0.6013356649509735f,0.6551086911533182f,-0.022304310710827335f,-0.7552053498877648f,-0.5168859690498114f,0f,0f,0f,1f],start_interpolation:0}
execute if entity @s[tag=aj.dino.bone.leg_right_3] run data modify entity @s {} merge value {transformation:[-0.9872259170434142f,-0.051756067626799185f,-0.1506860915333588f,-0.21387095058043057f,-0.050228212108571174f,0.9986406112964183f,-0.013930404800004126f,0.05336394645879082f,0.15120223353563927f,-0.006183763686121391f,-0.9884835080265668f,0.04042321839435295f,0f,0f,0f,1f],start_interpolation:0}
execute if entity @s[tag=aj.dino.bone.leg_right_2] run data modify entity @s {} merge value {transformation:[-1.0037493529876638f,0.2004391985387181f,0.06613292347005989f,-0.16354786592214124f,0.041458757311911065f,0.5023509236541834f,-0.8933011364856953f,0.1427898928347106f,-0.20695556846746715f,-0.8715101127890827f,-0.499701626460593f,-0.17784647563407005f,0f,0f,0f,1f],start_interpolation:0}
execute if entity @s[tag=aj.dino.bone.leg_right_1] run data modify entity @s {} merge value {transformation:[-0.9530144256971497f,0.10487053701633384f,-0.28419302398024776f,-0.1389651638727875f,-0.10525121547603213f,0.7650812227831559f,0.6352738812397756f,0.31484986415456423f,0.28405225937131684f,0.635336834293854f,-0.7180956906537692f,0.03849686881897629f,0f,0f,0f,1f],start_interpolation:0}
execute if entity @s[tag=aj.dino.bone.leg_right_0] run data modify entity @s {} merge value {transformation:[-0.9334534303674146f,-0.3142138036824571f,-0.17301554528627938f,-0.13971328738931352f,-0.023288322799115226f,0.5344127804234143f,-0.8449027364977104f,0.596165917845846f,0.3579418211895762f,-0.7846481158427119f,-0.5061669556065188f,-0.26999623776725024f,0f,0f,0f,1f],start_interpolation:0}
execute if entity @s[tag=aj.dino.bone.tail_4] run data modify entity @s {} merge value {transformation:[-1.8123629758371256f,-1.237544625920844f,1.6761518649183418f,-0.05875714272421906f,-0.5448453531261366f,2.425757660371281f,1.2018754702243089f,1.0777071646243939f,-2.0110060458864f,0.4580877684510751f,-1.8362112110004833f,-1.9516708049099774f,0f,0f,0f,1f],start_interpolation:0}
execute if entity @s[tag=aj.dino.bone.tail_3] run data modify entity @s {} merge value {transformation:[-1.6840375353483974f,-0.9122804163471447f,0.8171337390731205f,-0.1883854483342598f,-0.6501190889581497f,1.8432758134464726f,0.7180703111673084f,0.9379110745883719f,-1.0379346201733344f,0.325613641540353f,-1.7755599135858275f,-1.653787842943241f,0f,0f,0f,1f],start_interpolation:0}
execute if entity @s[tag=aj.dino.bone.tail_2] run data modify entity @s {} merge value {transformation:[-1.7839906889492272f,-0.5047181059958841f,0.6175845935782122f,-0.3046323375159231f,-0.3287171345632451f,1.8439203294650544f,0.5573838345635725f,0.8344903350723009f,-0.7267022376391638f,0.4049584263454582f,-1.7682438762073571f,-1.3255161637464579f,0f,0f,0f,1f],start_interpolation:0}
execute if entity @s[tag=aj.dino.bone.tail_1] run data modify entity @s {} merge value {transformation:[-1.5059159534320563f,-0.02165015509517771f,0.13930061731082116f,-0.3329049156136797f,0.018462893596652596f,1.451394372326667f,0.4251702571188634f,0.7252390036183295f,-0.13975876630415646f,0.42501987807964514f,-1.4448120433047007f,-1.0196706391722556f,0f,0f,0f,1f],start_interpolation:0}
execute if entity @s[tag=aj.dino.bone.tail_0] run data modify entity @s {} merge value {transformation:[-1.2084375710754238f,0.13498826318538296f,-0.3940717221516301f,-0.21449049207085424f,0.0067510372267420675f,1.2154259147971644f,0.39563870604361645f,0.6389545706286203f,0.41649583058383766f,0.37195931366978546f,-1.1497883321136153f,-0.6746997241352833f,0f,0f,0f,1f],start_interpolation:0}
execute if entity @s[tag=aj.dino.bone.body_1] run data modify entity @s {} merge value {transformation:[-0.9619740305807499f,0.08723818162120577f,-0.7717512936250267f,-0.04094523743412315f,-0.016259438713325546f,1.2260120116718682f,0.15885456539009696f,0.5194425f,0.7764960979922592f,0.13374842787851568f,-0.9527695224444742f,-0.46220306210464557f,0f,0f,0f,1f],start_interpolation:0}