execute if entity @s[tag=aj.dino.bone.head_lower] run data modify entity @s {} merge value {transformation:[-0.9836983959973129f,-0.1285711909743278f,-0.12572555254902193f,0.46619619918124305f,-0.15655088792895228f,0.9563031944560914f,0.2469332293591348f,0.2795094307761523f,0.08848324813754617f,0.262590268525925f,-0.9608418525826773f,0.38271975813020725f,0f,0f,0f,1f],start_interpolation:0}
execute if entity @s[tag=aj.dino.bone.head_upper] run data modify entity @s {} merge value {transformation:[-1.0239312505192715f,-0.06240180631831952f,-0.17647308962490366f,0.452311535694854f,-0.1629537540157098f,0.7800462557189768f,0.6696610004879323f,0.34313924288658026f,0.09210217611835175f,0.686371470918279f,-0.7770993087419708f,0.34458946017099595f,0f,0f,0f,1f],start_interpolation:0}
execute if entity @s[tag=aj.dino.bone.neck_0] run data modify entity @s {} merge value {transformation:[-0.9694599261831637f,-0.02849805166661123f,-0.24358840813171348f,0.43733648604783604f,-0.12356547830726688f,0.9147059639086592f,0.3847656067797982f,0.35321144268373295f,0.21184669951554927f,0.4031139549074643f,-0.8902921516351984f,0.28040975205688506f,0f,0f,0f,1f],start_interpolation:0}
execute if entity @s[tag=aj.dino.bone.neck_1] run data modify entity @s {} merge value {transformation:[-0.9164565689178136f,0.054318239598266316f,-0.3964301781327126f,0.40400388415395655f,-0.10642416840566413f,0.9219682914777312f,0.3723551609536193f,0.3890022046507935f,0.3857217308715594f,0.38343708526507747f,-0.839163123580195f,0.21108806819582615f,0f,0f,0f,1f],start_interpolation:0}
execute if entity @s[tag=aj.dino.bone.neck_2] run data modify entity @s {} merge value {transformation:[-0.9008376392022417f,0.15521740644104404f,-0.40546159440105745f,0.3700020829424027f,0.017870916744929265f,0.9463727102964028f,0.32258227406498396f,0.42652841154268734f,0.4337881719586504f,0.28334828382038313f,-0.8553020354967101f,0.13893135191232703f,0f,0f,0f,1f],start_interpolation:0}
execute if entity @s[tag=aj.dino.bone.body_0] run data modify entity @s {} merge value {transformation:[-0.840122234805405f,0.06378018318501058f,-0.538634123332767f,0.11675342646369839f,0.003974222187567241f,0.993759481171548f,0.11147331133351823f,0.4885321664067674f,0.5423825551615536f,0.09151055575474412f,-0.8351329128000415f,-0.25379190571015087f,0f,0f,0f,1f],start_interpolation:0}
execute if entity @s[tag=aj.dino.bone.leg_left_3] run data modify entity @s {} merge value {transformation:[-0.038801547297545536f,0.1670452631880278f,-0.985185424158193f,0.1569198454518952f,-0.1117608808592992f,0.979016352899691f,0.17040095734631283f,0.08010526727413056f,0.9929773136566964f,0.11671701161968161f,-0.019318223564840087f,-0.8656630218451427f,0f,0f,0f,1f],start_interpolation:0}
execute if entity @s[tag=aj.dino.bone.leg_left_2] run data modify entity @s {} merge value {transformation:[-0.6733493482290719f,-0.08241519027435262f,-0.7693312623000709f,0.112888582761356f,-0.39593676151498064f,0.9129203301542076f,0.24874233892294043f,0.2999786754614132f,0.6647532892894986f,0.46026775544661813f,-0.6311250725296993f,-0.7768485841449531f,0f,0f,0f,1f],start_interpolation:0}
execute if entity @s[tag=aj.dino.bone.leg_left_1] run data modify entity @s {} merge value {transformation:[-0.7494512329517387f,0.6610519259166933f,-0.036513020539929775f,0.309338036557102f,-0.11434058164167822f,-0.07491456653082512f,0.9906129613079674f,0.22936549629227998f,0.652111248804191f,0.7465910252362593f,0.13172987595723823f,-0.593996795281003f,0f,0f,0f,1f],start_interpolation:0}
execute if entity @s[tag=aj.dino.bone.leg_left_0] run data modify entity @s {} merge value {transformation:[-0.7329568162341787f,-0.27489580813549797f,-0.6222592708874556f,0.16683579003438376f,-0.13743475970675526f,0.9556928380904819f,-0.2603130539310433f,0.6098123615087873f,0.6662476959511402f,-0.10527817386377528f,-0.7382618192401025f,-0.49776493440652836f,0f,0f,0f,1f],start_interpolation:0}
execute if entity @s[tag=aj.dino.bone.leg_right_3] run data modify entity @s {} merge value {transformation:[-0.985524179786757f,-0.04985189789265914f,-0.16203974614933167f,-0.1992035975301669f,-0.050080176270027234f,0.9987416103961899f,-0.0026779858080374086f,0.04042856434598674f,0.16196933969243374f,0.005475759282962511f,-0.9867805982384696f,0.030155915990048826f,0f,0f,0f,1f],start_interpolation:0}
execute if entity @s[tag=aj.dino.bone.leg_right_2] run data modify entity @s {} merge value {transformation:[-1.0137066296220398f,0.15515421355273196f,0.01970377065061662f,-0.16085579840299785f,0.0728412189884564f,0.5827082254329677f,-0.8409562891909017f,0.150154685264372f,-0.1384024037988306f,-0.8297231426989902f,-0.5869126686255041f,-0.18117485970606645f,0f,0f,0f,1f],start_interpolation:0}
execute if entity @s[tag=aj.dino.bone.leg_right_1] run data modify entity @s {} merge value {transformation:[-0.9375243819839599f,0.15091464899787804f,-0.3134849309032915f,-0.12190232320638521f,-0.11542402010548078f,0.71508531300136f,0.6894420140319536f,0.3055568578736948f,0.3282153694882124f,0.6825523890864309f,-0.6529907406572636f,0.04542208903370537f,0f,0f,0f,1f],start_interpolation:0}
execute if entity @s[tag=aj.dino.bone.leg_right_0] run data modify entity @s {} merge value {transformation:[-0.9167521147325286f,-0.34528403451662226f,-0.2008593927138108f,-0.13452492184002773f,-0.04107916456333746f,0.5816568956785496f,-0.8123963059667192f,0.604844901282886f,0.39733872498438294f,-0.7365148954485012f,-0.5474191688370698f,-0.2453950625245978f,0f,0f,0f,1f],start_interpolation:0}
execute if entity @s[tag=aj.dino.bone.tail_4] run data modify entity @s {} merge value {transformation:[-0.9297510012067965f,-0.7394000454501769f,-2.4928922921264043f,-0.9135930433875397f,-0.9599885400896282f,2.5580336888284876f,-0.40068314328794047f,0.7381081826151012f,2.416536035372025f,0.7317189017695227f,-1.118303344420313f,-1.8431648939823173f,0f,0f,0f,1f],start_interpolation:0}
execute if entity @s[tag=aj.dino.bone.tail_3] run data modify entity @s {} merge value {transformation:[-1.2546822402687396f,-0.7773294430975036f,-1.4688352320435354f,-0.6569260887034019f,-0.9873925745335425f,1.8290685782463951f,-0.12453740752150512f,0.7413262527856529f,1.3367026242791198f,0.6214600542350889f,-1.4707001806214206f,-1.5998699663074605f,0f,0f,0f,1f],start_interpolation:0}
execute if entity @s[tag=aj.dino.bone.tail_2] run data modify entity @s {} merge value {transformation:[-1.5729512154974392f,-0.7880256117325529f,-0.8506550322671591f,-0.5001418000296705f,-0.8519525151466228f,1.7578768087295236f,-0.053102846148076914f,0.750986275739353f,0.7866226926571914f,0.32811375403542375f,-1.758505040883394f,-1.2723079801876627f,0f,0f,0f,1f],start_interpolation:0}
execute if entity @s[tag=aj.dino.bone.tail_1] run data modify entity @s {} merge value {transformation:[-1.4617249153154868f,-0.07903423932854624f,-0.3804866764548947f,-0.41590270951617947f,-0.13060851629075002f,1.494658683689704f,0.19129319053037633f,0.6916762367673399f,0.3660026467366908f,0.21772748628668834f,-1.451307360381328f,-0.9630139907448896f,0f,0f,0f,1f],start_interpolation:0}
execute if entity @s[tag=aj.dino.bone.tail_0] run data modify entity @s {} merge value {transformation:[-1.0744706250612368f,0.18517260401284427f,-0.6671279481386201f,-0.21648387278307885f,0.060879045432665646f,1.2521490771423294f,0.249503801620032f,0.6489820146653463f,0.6896682784438839f,0.17795929848912986f,-1.061378288063937f,-0.6485601113668418f,0f,0f,0f,1f],start_interpolation:0}
execute if entity @s[tag=aj.dino.bone.body_1] run data modify entity @s {} merge value {transformation:[-0.9478134859761934f,0.09328011916118947f,-0.7883863331052744f,-0.039478171856869596f,-0.01562322362419173f,1.2253738967589525f,0.1637660620568832f,0.5283710714285714f,0.7937317593126124f,0.13550729709984152f,-0.9382069397246273f,-0.43956751815313944f,0f,0f,0f,1f],start_interpolation:0}