execute if entity @s[tag=aj.dino.bone.head_lower] run data modify entity @s {} merge value {transformation:[-0.9820975569792784f,-0.1824792678468858f,-0.04675152811832323f,0.44949300830852745f,-0.1874314912605093f,0.9218321043441035f,0.3392565511296487f,0.3039851106928579f,-0.01881022751578154f,0.34194573868756845f,-0.9395314189180785f,0.3736401686151603f,0f,0f,0f,1f],start_interpolation:0}
execute if entity @s[tag=aj.dino.bone.head_upper] run data modify entity @s {} merge value {transformation:[-1.0222649378524156f,-0.166244156156021f,-0.1039673985683853f,0.43827546090001307f,-0.19509736115660944f,0.8072820647226743f,0.6274588673613043f,0.3653072135249842f,-0.01957955798358221f,0.6357125852966701f,-0.8239891336589936f,0.3311052085683855f,0f,0f,0f,1f],start_interpolation:0}
execute if entity @s[tag=aj.dino.bone.neck_0] run data modify entity @s {} merge value {transformation:[-0.9809094342182815f,-0.09221710979246789f,-0.17120948140536948f,0.42901854777450865f,-0.14882174316141072f,0.9226894608438017f,0.35566310971223014f,0.37337616510083277f,0.12517496005180384f,0.3743529931886464f,-0.9187987080240866f,0.2655770632096897f,0f,0f,0f,1f],start_interpolation:0}
execute if entity @s[tag=aj.dino.bone.neck_1] run data modify entity @s {} merge value {transformation:[-0.9350272676587909f,0.007401073317420837f,-0.35449856536844654f,0.39902196231376996f,-0.12685869492540533f,0.9266213569232393f,0.35394877089143517f,0.407629100336631f,0.33110554247302987f,0.37592297749337555f,-0.8654773450161222f,0.19399160286361067f,0f,0f,0f,1f],start_interpolation:0}
execute if entity @s[tag=aj.dino.bone.neck_2] run data modify entity @s {} merge value {transformation:[-0.9187469754616879f,0.12356639720082829f,-0.3750137871636299f,0.3673777342124266f,0.013038911327281898f,0.958747038744047f,0.2839614454303966f,0.441892985393378f,0.394631450687094f,0.2559989476195712f,-0.882457113375076f,0.11918813100014153f,0f,0f,0f,1f],start_interpolation:0}
execute if entity @s[tag=aj.dino.bone.body_0] run data modify entity @s {} merge value {transformation:[-0.847354052818212f,0.036489236955187215f,-0.5297732012465141f,0.11804521670799356f,0.004275921681042568f,0.9980728765371417f,0.061905166300180434f,0.4805765498663913f,0.5310111351622757f,0.05019032483759798f,-0.8458771220610992f,-0.2789924590060626f,0f,0f,0f,1f],start_interpolation:0}
execute if entity @s[tag=aj.dino.bone.leg_left_3] run data modify entity @s {} merge value {transformation:[0.048539571396960635f,0.11389611698355107f,-0.9923061949542935f,0.12811630534830423f,-0.12279400921534853f,0.9866214309816415f,0.10723704224081493f,0.08345226063077313f,0.9912444407457828f,0.11664401597941831f,0.06187594222937537f,-0.9280318465480044f,0f,0f,0f,1f],start_interpolation:0}
execute if entity @s[tag=aj.dino.bone.leg_left_2] run data modify entity @s {} merge value {transformation:[-0.6485259846830519f,-0.07575116083122341f,-0.7910360347824201f,0.08500615398414149f,-0.41973476449943287f,0.8996322961700474f,0.25796639056107173f,0.3004763921960033f,0.6747584561620382f,0.48681176323218f,-0.599814581781147f,-0.8320468829665547f,0f,0f,0f,1f],start_interpolation:0}
execute if entity @s[tag=aj.dino.bone.leg_left_1] run data modify entity @s {} merge value {transformation:[-0.7276847529685504f,0.6844739058733429f,-0.04438887783656531f,0.2878028406808691f,-0.14727176663852978f,-0.09270745962672342f,0.9847417700497552f,0.22599667109919502f,0.6699148655226765f,0.7231188001345622f,0.16826548619275625f,-0.657864046068264f,0f,0f,0f,1f],start_interpolation:0}
execute if entity @s[tag=aj.dino.bone.leg_left_0] run data modify entity @s {} merge value {transformation:[-0.7112563296706967f,-0.24381166017563896f,-0.6592953115757522f,0.1630434437072548f,-0.16954130207078968f,0.9697328034647515f,-0.1757100929842523f,0.6013356649509735f,0.6821804602856273f,-0.013197130248356115f,-0.7310647408798331f,-0.5242114698657537f,0f,0f,0f,1f],start_interpolation:0}
execute if entity @s[tag=aj.dino.bone.leg_right_3] run data modify entity @s {} merge value {transformation:[-0.9855205759488663f,-0.05022181652070051f,-0.16194740975630337f,-0.20656839181095346f,-0.048543697295011845f,0.9987186178649508f,-0.014304956583373385f,0.06090913300159938f,0.16245831414349107f,-0.006236303014048372f,-0.9866957001479086f,0.04973379646279455f,0f,0f,0f,1f],start_interpolation:0}
execute if entity @s[tag=aj.dino.bone.leg_right_2] run data modify entity @s {} merge value {transformation:[-1.0054865508565445f,0.1958387103345195f,0.05202110227413835f,-0.157751097706078f,0.05062593712688745f,0.497771190420408f,-0.8953898904824468f,0.14918877659218927f,-0.19620400107370026f,-0.8751761200025149f,-0.4976273188247501f,-0.16934301287541936f,0f,0f,0f,1f],start_interpolation:0}
execute if entity @s[tag=aj.dino.bone.leg_right_1] run data modify entity @s {} merge value {transformation:[-0.9484900586301116f,0.12445461627738097f,-0.291337702961868f,-0.12737898074546625f,-0.09691920050213346f,0.7615271804296628f,0.6408455524078128f,0.32015366240915105f,0.3016177668073866f,0.6360718528233249f,-0.7102389181057508f,0.04713314744873681f,0f,0f,0f,1f],start_interpolation:0}
execute if entity @s[tag=aj.dino.bone.leg_right_0] run data modify entity @s {} merge value {transformation:[-0.9254352769399298f,-0.3284871561778283f,-0.18885374346652142f,-0.13337427381614744f,-0.011629728567855935f,0.5228087354964835f,-0.8523706796353367f,0.596165917845846f,0.3787272073782839f,-0.7866175781882648f,-0.4876458633851778f,-0.266057800495482f,0f,0f,0f,1f],start_interpolation:0}
execute if entity @s[tag=aj.dino.bone.tail_4] run data modify entity @s {} merge value {transformation:[-0.01493493159282672f,-2.0658152292449175f,-1.8324425551809507f,-0.9643539059923266f,-2.0600295092085767f,1.2286527019607698f,-1.3683392454922765f,0.7605669585796639f,1.8389444528337962f,1.3595886540363125f,-1.54772843961967f,-1.8281836531598414f,0f,0f,0f,1f],start_interpolation:0}
execute if entity @s[tag=aj.dino.bone.tail_3] run data modify entity @s {} merge value {transformation:[-0.4924829744986565f,-1.538115544058676f,-1.3143845019622247f,-0.7264311982743956f,-1.7884792601637804f,0.9634182192701473f,-0.45728852684798527f,0.8286783904141299f,0.9459111913057262f,1.0207700201063252f,-1.548943546504894f,-1.5755291035463572f,0f,0f,0f,1f],start_interpolation:0}
execute if entity @s[tag=aj.dino.bone.tail_2] run data modify entity @s {} merge value {transformation:[-1.120121621267083f,-1.2957752760696648f,-0.9407804539313961f,-0.5526787684801651f,-1.4968412776495292f,1.2551438058815085f,0.053423694037234244f,0.8179388756754711f,0.5688300432442926f,0.7512352065010289f,-1.711973107679799f,-1.2566776648904845f,0f,0f,0f,1f],start_interpolation:0}
execute if entity @s[tag=aj.dino.bone.tail_1] run data modify entity @s {} merge value {transformation:[-1.3525904587944613f,-0.36888001075291654f,-0.5675234254593537f,-0.42475265521951955f,-0.5284026545182674f,1.367996155637758f,0.37018023023706215f,0.7220627015034085f,0.4230200178197704f,0.5293111616310806f,-1.3522351898602984f,-0.9725661625344888f,0f,0f,0f,1f],start_interpolation:0}
execute if entity @s[tag=aj.dino.bone.tail_0] run data modify entity @s {} merge value {transformation:[-1.07687202202387f,0.09927258459882349f,-0.6814156724887678f,-0.22323153383961084f,-0.13156711349341585f,1.2119003186087673f,0.3844781254987164f,0.6389545706286203f,0.6759234123872768f,0.39405366168463085f,-1.0107843335171462f,-0.6676822706656915f,0f,0f,0f,1f],start_interpolation:0}
execute if entity @s[tag=aj.dino.bone.body_1] run data modify entity @s {} merge value {transformation:[-0.9322672102926427f,0.09217818982948792f,-0.8068368019551309f,-0.04186213459538507f,-0.016259438713325546f,1.2260120116718682f,0.15885456539009696f,0.5194425f,0.8119224558553307f,0.1303929584460291f,-0.9232465527267301f,-0.46182327086514946f,0f,0f,0f,1f],start_interpolation:0}