execute if entity @s[tag=aj.dino.bone.head_lower] run data modify entity @s {} merge value {transformation:[-0.9783620910163532f,-0.20171097996599147f,0.04604670914700894f,0.39467340181372434f,-0.19008988148566808f,0.9642012872360721f,0.1848829755522839f,0.31061435742149424f,-0.08169122241021068f,0.17212948107009757f,-0.9816812038170358f,0.40422096223941056f,0f,0f,0f,1f],start_interpolation:0}
execute if entity @s[tag=aj.dino.bone.head_upper] run data modify entity @s {} merge value {transformation:[-1.0183766928880509f,-0.21138602212738355f,-0.041192276157865325f,0.3867709643161422f,-0.19786447843431462f,0.8397531924537449f,0.5823539872973892f,0.3695553202495864f,-0.08503235936877897f,0.5775832996169576f,-0.8617650332006249f,0.35775623503380727f,0f,0f,0f,1f],start_interpolation:0}
execute if entity @s[tag=aj.dino.bone.neck_0] run data modify entity @s {} merge value {transformation:[-0.9894756617798749f,-0.12212502025405866f,-0.07761052875238575f,0.3840545643936205f,-0.13745684520493381f,0.9608724633870458f,0.2404781171142552f,0.36955274022513f,0.045205425023839674f,0.24861534251219547f,-0.9675468366006671f,0.2911427422631885f,0f,0f,0f,1f],start_interpolation:0}
execute if entity @s[tag=aj.dino.bone.neck_1] run data modify entity @s {} merge value {transformation:[-0.9587557077071784f,-0.010402200328304023f,-0.2840409955750007f,0.3599446423937136f,-0.11654394003894669f,0.9258474566317721f,0.3594773944056529f,0.4042704571738609f,0.25923927746216635f,0.3777542604350197f,-0.8888738469232208f,0.21758372761809242f,0f,0f,0f,1f],start_interpolation:0}
execute if entity @s[tag=aj.dino.bone.neck_2] run data modify entity @s {} merge value {transformation:[-0.942824525940723f,0.11010462494074129f,-0.31457731140581313f,0.33346330367828925f,0.012842996330345564f,0.9551571030606673f,0.29582083415137095f,0.4395381659139305f,0.33304199544488367f,0.2748670224661607f,-0.9019596161861557f,0.1412564204848965f,0f,0f,0f,1f],start_interpolation:0}
execute if entity @s[tag=aj.dino.bone.body_0] run data modify entity @s {} merge value {transformation:[-0.8793162212497163f,0.035098229699922164f,-0.474943256946608f,0.10995868222724535f,0.003686705853931948f,0.9977523298611929f,0.06690811951107326f,0.4805765498663913f,0.47622409771773067f,0.05708241873373079f,-0.8774692052855418f,-0.2717477440651973f,0f,0f,0f,1f],start_interpolation:0}
execute if entity @s[tag=aj.dino.bone.leg_left_3] run data modify entity @s {} merge value {transformation:[-0.000930224169501559f,0.107940310853767f,-0.9941569413205273f,0.15236919481166947f,-0.12279400921534853f,0.9866214309816415f,0.10723704224081493f,0.08345226063077313f,0.9924317437405026f,0.12217627110257406f,0.012336644424437826f,-0.9194783221835585f,0f,0f,0f,1f],start_interpolation:0}
execute if entity @s[tag=aj.dino.bone.leg_left_2] run data modify entity @s {} merge value {transformation:[-0.6813537486469565f,-0.09992255965890579f,-0.7601544256114323f,0.10452817724208943f,-0.41973476449943287f,0.8996322961700474f,0.25796639056107173f,0.3004763921960033f,0.6415933261623281f,0.48243073415746884f,-0.6384988567452097f,-0.8257615391493528f,0f,0f,0f,1f],start_interpolation:0}
execute if entity @s[tag=aj.dino.bone.leg_left_1] run data modify entity @s {} merge value {transformation:[-0.7601726832820663f,0.6475785538541424f,-0.05272104114981657f,0.2983904739086234f,-0.14727176663852978f,-0.09270745962672342f,0.9847417700497552f,0.22599667109919502f,0.6328100175747138f,0.75633811454781f,0.16584371600803424f,-0.641686644782185f,0f,0f,0f,1f],start_interpolation:0}
execute if entity @s[tag=aj.dino.bone.leg_left_0] run data modify entity @s {} merge value {transformation:[-0.7443760712427351f,-0.2428507604288864f,-0.622035186079005f,0.16712413166247914f,-0.16954130207078968f,0.9697328034647515f,-0.1757100929842523f,0.6013356649509735f,0.6458792545463677f,-0.025333733311632883f,-0.76301912853029f,-0.5144189518978327f,0f,0f,0f,1f],start_interpolation:0}
execute if entity @s[tag=aj.dino.bone.leg_right_3] run data modify entity @s {} merge value {transformation:[-0.9892402041476193f,-0.052674950470067226f,-0.1364887104890108f,-0.21778425687132577f,-0.05158653855632393f,0.9986022934956614f,-0.011501672268922736f,0.04715332720138919f,0.13690378934768008f,-0.004336936497203681f,-0.9905748550433056f,0.028554526215111287f,0f,0f,0f,1f],start_interpolation:0}
execute if entity @s[tag=aj.dino.bone.leg_right_2] run data modify entity @s {} merge value {transformation:[-1.003626489692076f,0.20181674778769249f,0.0637657353243523f,-0.16721341480731192f,0.04966302919386013f,0.5249484432232753f,-0.8797868577044349f,0.14225164639609852f,-0.20574171239772002f,-0.8577653127578385f,-0.5234225974390057f,-0.1872462422851268f,0f,0f,0f,1f],start_interpolation:0}
execute if entity @s[tag=aj.dino.bone.leg_right_1] run data modify entity @s {} merge value {transformation:[-0.9538589826982982f,0.10538614817558638f,-0.28115262918649997f,-0.14266870833774392f,-0.10856108662349218f,0.7519822914575711f,0.6501823773414248f,0.3098964385374524f,0.2799420147046434f,0.6507045359507905f,-0.7058442287758477f,0.03254039678096976f,0f,0f,0f,1f],start_interpolation:0}
execute if entity @s[tag=aj.dino.bone.leg_right_0] run data modify entity @s {} merge value {transformation:[-0.935247727179265f,-0.31012626295077483f,-0.17068506037203796f,-0.14179301357225427f,-0.028759139753358358f,0.5471411769207164f,-0.836546140029622f,0.596165917845846f,0.3528237530080226f,-0.7774691206382411f,-0.5206315066986762f,-0.2713613915316888f,0f,0f,0f,1f],start_interpolation:0}
execute if entity @s[tag=aj.dino.bone.tail_4] run data modify entity @s {} merge value {transformation:[-0.2159163767264609f,-0.5601500756430675f,2.6954170999343283f,0.3253619391146306f,0.21348965125731328f,2.6921456951166274f,0.5765718139755353f,0.9503115877775775f,-2.744715580650816f,0.25346554129126586f,-0.16719130453040246f,-1.7945619026047004f,0f,0f,0f,1f],start_interpolation:0}
execute if entity @s[tag=aj.dino.bone.tail_3] run data modify entity @s {} merge value {transformation:[-1.159042254008004f,-0.3763787700653986f,1.688462496152209f,0.04274425717205496f,-0.07214444663852208f,2.041159029891702f,0.40547567073158797f,0.861583554473368f,-1.7283986109366414f,0.16719558062361442f,-1.1491864102819287f,-1.60133849461763f,0f,0f,0f,1f],start_interpolation:0}
execute if entity @s[tag=aj.dino.bone.tail_2] run data modify entity @s {} merge value {transformation:[-1.4838901744158985f,-0.07632556749904958f,1.269258930644445f,-0.19432362285923396f,0.16912124683437627f,1.921467380941382f,0.31326503611196027f,0.8039305430471568f,-1.26025466836823f,0.34772314666554754f,-1.4524533242524076f,-1.3321797412765948f,0f,0f,0f,1f],start_interpolation:0}
execute if entity @s[tag=aj.dino.bone.tail_1] run data modify entity @s {} merge value {transformation:[-1.4332318652810834f,0.1477580363692095f,0.4600763339177781f,-0.29376383673583084f,0.2541185538354723f,1.4553168621604087f,0.32424194871754414f,0.7161247703193887f,-0.41100660692922636f,0.3845473227054088f,-1.403870783106703f,-1.0343904413702947f,0f,0f,0f,1f],start_interpolation:0}
execute if entity @s[tag=aj.dino.bone.tail_0] run data modify entity @s {} merge value {transformation:[-1.2394794366462083f,0.1599211095625381f,-0.2682381058528274f,-0.21151924652381437f,0.0787275189940804f,1.2224528646135229f,0.3650297085652838f,0.6389545706286203f,0.30220592394634266f,0.3374462166012622f,-1.1952561846806145f,-0.6769656255539812f,0f,0f,0f,1f],start_interpolation:0}
execute if entity @s[tag=aj.dino.bone.body_1] run data modify entity @s {} merge value {transformation:[-0.9715793226051506f,0.08556405257997193f,-0.7598137981429784f,-0.0406365278976092f,-0.016259438713325546f,1.2260120116718682f,0.15885456539009696f,0.5194425f,0.7644434875091124f,0.1348255732368336f,-0.9623163795044304f,-0.4623220063709081f,0f,0f,0f,1f],start_interpolation:0}