execute if entity @s[tag=aj.dino.bone.head_lower] run data modify entity @s {} merge value {transformation:[-0.9379302635639477f,0.038573341999068644f,-0.34467218915643066f,-0.9383869699637271f,-0.03919453115561726f,0.9756408683569922f,0.2158441213447927f,0.15706585846623372f,0.34460210303820665f,0.21595599847801678f,-0.9135712327470737f,0.5789877905720429f,0f,0f,0f,1f],start_interpolation:0}
execute if entity @s[tag=aj.dino.bone.head_upper] run data modify entity @s {} merge value {transformation:[-0.9762912205394367f,0.23186556682137388f,-0.27670517559981933f,-0.952558884486216f,-0.040797571148827365f,0.721853017332273f,0.7488228910364296f,0.22488408974435162f,0.35869618546825977f,0.7131889811784837f,-0.6679599286181945f,0.5490662124573804f,0f,0f,0f,1f],start_interpolation:0}
execute if entity @s[tag=aj.dino.bone.neck_0] run data modify entity @s {} merge value {transformation:[-0.979057986168329f,-0.1606169880857644f,0.12509053864410952f,-0.9415468227274626f,-0.1550725862692549f,0.986484110038238f,0.05293008246573949f,0.21234426918630228f,-0.13190129911331644f,0.03242350660127427f,-0.9907324379023311f,0.48451992170035696f,0f,0f,0f,1f],start_interpolation:0}
execute if entity @s[tag=aj.dino.bone.neck_1] run data modify entity @s {} merge value {transformation:[-0.8722144978501774f,-0.29224611670936534f,0.39221687496620883f,-0.9096672469002562f,-0.22674066872393442f,0.9520951038097619f,0.20519157499298513f,0.2341128718589935f,-0.43339420726007144f,0.09003955003094356f,-0.8966952328096984f,0.40897286730849375f,0f,0f,0f,1f],start_interpolation:0}
execute if entity @s[tag=aj.dino.bone.neck_2] run data modify entity @s {} merge value {transformation:[-0.5765602253670113f,-0.2727761415417881f,0.7701762675714665f,-0.8448646784497715f,-0.05350483198564532f,0.953206829123136f,0.2975465910865129f,0.26951267544898894f,-0.8153008889231808f,0.13034537781828312f,-0.5641759858434955f,0.3608229823434118f,0f,0f,0f,1f],start_interpolation:0}
execute if entity @s[tag=aj.dino.bone.body_0] run data modify entity @s {} merge value {transformation:[-0.2471079128788513f,-0.3655057246900108f,0.8974091846039285f,-0.4254009939402106f,0.07752422562996786f,0.91570430027531f,0.39430398032200836f,0.4640698908253229f,-0.9658818115241282f,0.16700658572683558f,-0.19794223018530738f,0.2691244980277199f,0f,0f,0f,1f],start_interpolation:0}
execute if entity @s[tag=aj.dino.bone.leg_left_3] run data modify entity @s {} merge value {transformation:[-0.21049127451634336f,-0.05271697535437035f,0.9761733165078688f,-0.44442521436830446f,-0.043418112883660646f,0.9980637898669772f,0.044536937815571116f,0.0327265932355387f,-0.9766310924940426f,-0.03300896644630135f,-0.2123725907645332f,0.6987888255358254f,0f,0f,0f,1f],start_interpolation:0}
execute if entity @s[tag=aj.dino.bone.leg_left_2] run data modify entity @s {} merge value {transformation:[0.35285428163437976f,0.15330205526391794f,0.9508178244463228f,-0.37875878778590993f,-0.39576602157918006f,0.9462552614597478f,-0.005695245721345879f,0.2525073293670702f,-0.878023525650861f,-0.3649132218929553f,0.38467548452173167f,0.624254132195095f,0f,0f,0f,1f],start_interpolation:0}
execute if entity @s[tag=aj.dino.bone.leg_left_1] run data modify entity @s {} merge value {transformation:[0.5041937897816714f,-0.8406469221726485f,0.1977406750955616f,-0.6276650446480583f,-0.02265771159062946f,0.21601931097876798f,0.9761261626397144f,0.25987419685062996f,-0.8632932586618938f,-0.49663710043240944f,0.0898684595562722f,0.5017600906333948f,0f,0f,0f,1f],start_interpolation:0}
execute if entity @s[tag=aj.dino.bone.leg_left_0] run data modify entity @s {} merge value {transformation:[0.47800397392338045f,0.6890287005738197f,0.5447491631007887f,-0.34589575910825676f,-0.026597014760540338f,0.6312604597806212f,-0.7751147210080496f,0.5677341675680901f,-0.8779548961759275f,0.3560192153565764f,0.3200711148754351f,0.5134042617368912f,0f,0f,0f,1f],start_interpolation:0}
execute if entity @s[tag=aj.dino.bone.leg_right_3] run data modify entity @s {} merge value {transformation:[0.9460175462185703f,-0.11480638977849551f,0.3031011301737806f,-0.14020755041194863f,0.14750691602898963f,0.9852079366343758f,-0.08721829691213334f,0.017759129285859376f,-0.2886044212589467f,0.12721955218701464f,0.9489587312265606f,-0.010323118607543785f,0f,0f,0f,1f],start_interpolation:0}
execute if entity @s[tag=aj.dino.bone.leg_right_2] run data modify entity @s {} merge value {transformation:[0.888974549281153f,-0.08435380844952968f,0.504649269524018f,-0.14565351367799548f,0.3010606119631409f,0.9042328073602888f,-0.3791935357022913f,0.21634864618785155f,-0.4137015326965131f,0.47677003323833755f,0.808457529342862f,0.1264380503211907f,0f,0f,0f,1f],start_interpolation:0}
execute if entity @s[tag=aj.dino.bone.leg_right_1] run data modify entity @s {} merge value {transformation:[0.694095632256473f,-0.6558046529424164f,0.29690320049060426f,-0.32573842802790753f,-0.13253386229547515f,0.2889710065564617f,0.9481194717517356f,0.24192884229031597f,-0.7075775778156986f,-0.6974353120891017f,0.11365718993379462f,-0.08315312995772745f,0f,0f,0f,1f],start_interpolation:0}
execute if entity @s[tag=aj.dino.bone.leg_right_0] run data modify entity @s {} merge value {transformation:[0.637255172013786f,0.6166207149672132f,0.46226046728549347f,-0.19536122973388845f,-0.0625068613009635f,0.6392096787840467f,-0.7664880161092528f,0.5625682759214449f,-0.7681137533152118f,0.45955400163867455f,0.44588269931216107f,0.1502979748376109f,0f,0f,0f,1f],start_interpolation:0}
execute if entity @s[tag=aj.dino.bone.tail_4] run data modify entity @s {} merge value {transformation:[2.6585489404244034f,0.35635558400155176f,-0.6563456107259298f,0.2608408763804815f,-0.39319679969345744f,2.7311161915291238f,-0.10982693967455102f,0.046808531882891136f,0.6349607386910661f,0.19918930121461695f,2.6800764567830018f,1.6767210150167742f,0f,0f,0f,1f],start_interpolation:0}
execute if entity @s[tag=aj.dino.bone.tail_3] run data modify entity @s {} merge value {transformation:[2.0382171414507164f,0.19288898206122887f,-0.38001348783996725f,0.323389550731612f,-0.2673143457206487f,2.024756745458889f,-0.4060156257277722f,0.09583994373537078f,0.33190277328286316f,0.4462056570266181f,2.006660555940898f,1.3320990664652717f,0f,0f,0f,1f],start_interpolation:0}
execute if entity @s[tag=aj.dino.bone.tail_2] run data modify entity @s {} merge value {transformation:[1.9481080117163494f,-0.12523433799732808f,-0.08924914719883584f,0.3413914911167215f,0.055745939343056564f,1.632072739309785f,-1.0733148833643331f,0.2957964137676061f,0.143322852107083f,1.0674403070856013f,1.6305838297602688f,1.0293370737981613f,0f,0f,0f,1f],start_interpolation:0}
execute if entity @s[tag=aj.dino.bone.tail_1] run data modify entity @s {} merge value {transformation:[1.4915737480885882f,-0.09758261515060067f,0.2309580854469732f,0.2914597269484136f,0.20643771802732822f,1.2686742517011267f,-0.7971859015601419f,0.45163646865225615f,-0.14229361401212268f,0.8176793542036856f,1.2644402916391162f,0.7473842883545381f,0f,0f,0f,1f],start_interpolation:0}
execute if entity @s[tag=aj.dino.bone.tail_0] run data modify entity @s {} merge value {transformation:[1.0203568196221167f,-0.06901254604332253f,0.7667756814892377f,0.06572465562124663f,0.3030384281912038f,1.2063018368031675f,-0.2946850965840265f,0.5668605151531704f,-0.7077255034786236f,0.4170238165835982f,0.979311730100281f,0.47127016705384245f,0f,0f,0f,1f],start_interpolation:0}
execute if entity @s[tag=aj.dino.bone.body_1] run data modify entity @s {} merge value {transformation:[0.4734481019727792f,-0.01992519648380926f,1.1419520464273902f,-0.19842109559073018f,-0.016247312860817188f,1.2359367562639596f,0.028301137729331117f,0.4770317857142857f,-1.142010295321117f,-0.025844073151371473f,0.4730213148683377f,0.36304011904919936f,0f,0f,0f,1f],start_interpolation:0}