execute if entity @s[tag=aj.dino.bone.head_lower] run data modify entity @s {} merge value {transformation:[-0.9744646207448989f,-0.21095467613612293f,0.07692091739445041f,0.3881736840337551f,-0.19032255777322715f,0.9577617532579841f,0.21556842996795533f,0.312400304437314f,-0.11914708103498411f,0.19542402260852199f,-0.9734543771889606f,0.4054909699979212f,0f,0f,0f,1f],start_interpolation:0}
execute if entity @s[tag=aj.dino.bone.head_upper] run data modify entity @s {} merge value {transformation:[-1.01431981770644f,-0.23354809229338028f,-0.009085074441308887f,0.3819882483779796f,-0.19810667108508642f,0.8376251998411539f,0.5853287230660732f,0.37149847901714306f,-0.12402014700469788f,0.572111226738907f,-0.860685592977914f,0.35896567968311316f,0f,0f,0f,1f],start_interpolation:0}
execute if entity @s[tag=aj.dino.bone.neck_0] run data modify entity @s {} merge value {transformation:[-0.9901628774087845f,-0.12921485845409952f,-0.05367491552153039f,0.3809348735102232f,-0.13871817444556367f,0.9567199217453092f,0.25582075641773094f,0.37255579392136995f,0.018296018147306636f,0.2607499025701388f,-0.9652329998656369f,0.2923135323742817f,0f,0f,0f,1f],start_interpolation:0}
execute if entity @s[tag=aj.dino.bone.neck_1] run data modify entity @s {} merge value {transformation:[-0.9634837952617464f,-0.018663441273277348f,-0.26711542865933474f,0.3582207106717606f,-0.11790296174400154f,0.9252271863112886f,0.3606293739041356f,0.4073682411455205f,0.24041187133753122f,0.3789542580184781f,-0.8936418759490018f,0.21835613132918835f,0f,0f,0f,1f],start_interpolation:0}
execute if entity @s[tag=aj.dino.bone.neck_2] run data modify entity @s {} merge value {transformation:[-0.946939731318527f,0.10533822868132565f,-0.30365935327053006f,0.3326492009752957f,0.012053948841299227f,0.9557434764531803f,0.2939542643584558f,0.4424781653344534f,0.3211850674731425f,0.27469667780202645f,-0.9063012124215671f,0.14164680002307134f,0f,0f,0f,1f],start_interpolation:0}
execute if entity @s[tag=aj.dino.bone.body_0] run data modify entity @s {} merge value {transformation:[-0.8815735965939165f,0.03193005161325855f,-0.4709654611459755f,0.11098911891185759f,0.00374483190000454f,0.9981513438115508f,0.06066194096166304f,0.4805765498663913f,0.4720317468375483f,0.05171427898724134f,-0.8800634427848497f,-0.27263115717331565f,0f,0f,0f,1f],start_interpolation:0}
execute if entity @s[tag=aj.dino.bone.leg_left_3] run data modify entity @s {} merge value {transformation:[0.005255897245853014f,0.10869977260064115f,-0.9940607300264453f,0.14936132256790569f,-0.12279400921534853f,0.9866214309816415f,0.10723704224081493f,0.08345226063077313f,0.992418262047289f,0.12150107556851686f,0.018533261740225404f,-0.9206135083170786f,0f,0f,0f,1f],start_interpolation:0}
execute if entity @s[tag=aj.dino.bone.leg_left_2] run data modify entity @s {} merge value {transformation:[-0.6773412821245941f,-0.09691349338562173f,-0.7641195991664526f,0.10210539720770725f,-0.41973476449943287f,0.8996322961700474f,0.25796639056107173f,0.3004763921960033f,0.6458279294836284f,0.48304420707456697f,-0.6337481984284346f,-0.8266003395441635f,0f,0f,0f,1f],start_interpolation:0}
execute if entity @s[tag=aj.dino.bone.leg_left_1] run data modify entity @s {} merge value {transformation:[-0.7562134343464944f,0.6522804393277246f,-0.05168626688309336f,0.29711131775970645f,-0.14727176663852978f,-0.09270745962672342f,0.9847417700497552f,0.22599667109919502f,0.6375360918920956f,0.7522868837085952f,0.16616911907741408f,-0.6437374188774121f,0f,0f,0f,1f],start_interpolation:0}
execute if entity @s[tag=aj.dino.bone.leg_left_0] run data modify entity @s {} merge value {transformation:[-0.7403356649966111f,-0.2430039547629785f,-0.6267792124054355f,0.16664082059383967f,-0.16954130207078968f,0.9697328034647515f,-0.1757100929842523f,0.6013356649509735f,0.650506610286296f,-0.02381948475399115f,-0.7591269868209716f,-0.5156539787765183f,0f,0f,0f,1f],start_interpolation:0}
execute if entity @s[tag=aj.dino.bone.leg_right_3] run data modify entity @s {} merge value {transformation:[-0.9880485989083326f,-0.05231141443287847f,-0.1449947658204007f,-0.2154264031909597f,-0.050985509525708614f,0.998616746618893f,-0.012848003374117622f,0.05025081630854114f,0.14546629854947524f,-0.005301819718652567f,-0.9893490014620655f,0.034977897947053055f,0f,0f,0f,1f],start_interpolation:0}
execute if entity @s[tag=aj.dino.bone.leg_right_2] run data modify entity @s {} merge value {transformation:[-1.0038308119840218f,0.20032441996431763f,0.06523823402081055f,-0.16515759678940856f,0.04460524336730578f,0.5124998577815304f,-0.8873649010067667f,0.14222103936930547f,-0.20590355187887788f,-0.8656074295201983f,-0.5102839452538082f,-0.18224456230771027f,0f,0f,0f,1f],start_interpolation:0}
execute if entity @s[tag=aj.dino.bone.leg_right_1] run data modify entity @s {} merge value {transformation:[-0.9532943484724707f,0.10482135578993676f,-0.28327083955255145f,-0.14064273978322925f,-0.10711567562621328f,0.7595677062879856f,0.6415474507778425f,0.31241330206322f,0.2824112554513146f,0.641926306467314f,-0.7128635913410394f,0.03557876326799064f,0f,0f,0f,1f],start_interpolation:0}
execute if entity @s[tag=aj.dino.bone.leg_right_0] run data modify entity @s {} merge value {transformation:[-0.9342395662684713f,-0.3125659744768847f,-0.17175256742714046f,-0.14075527784731356f,-0.026265691834214906f,0.5405687988910208f,-0.8408896997216632f,0.596165917845846f,0.35567758750161504f,-0.7810812283398151f,-0.5132305217776867f,-0.27067557373991946f,0f,0f,0f,1f],start_interpolation:0}
execute if entity @s[tag=aj.dino.bone.tail_4] run data modify entity @s {} merge value {transformation:[-1.108937681713147f,-0.9042992068772636f,2.361813179342902f,0.1468334287149789f,-0.055824051633557595f,2.5870143794669676f,0.9643140605064079f,1.0296809658518904f,-2.5283991427256667f,0.33950092263835513f,-1.0571651858587756f,-1.886896054329373f,0f,0f,0f,1f],start_interpolation:0}
execute if entity @s[tag=aj.dino.bone.tail_3] run data modify entity @s {} merge value {transformation:[-1.4865944087471592f,-0.6501687802172486f,1.3050912409318156f,-0.0680994053004734f,-0.3251206838137036f,1.9647004543568194f,0.6084358566447757f,0.9072865924198685f,-1.421365234864931f,0.23060400674179013f,-1.5041569689485323f,-1.6341032584489632f,0f,0f,0f,1f],start_interpolation:0}
execute if entity @s[tag=aj.dino.bone.tail_2] run data modify entity @s {} merge value {transformation:[-1.6745004524879796f,-0.2883354548605895f,0.9652381960379868f,-0.24884188897251847f,-0.05989500815829326f,1.897595982765401f,0.46294270616687244f,0.8216338038541795f,-1.0056016595143664f,0.36710492596221894f,-1.6348618139521771f,-1.330842251433352f,0f,0f,0f,1f],start_interpolation:0}
execute if entity @s[tag=aj.dino.bone.tail_1] run data modify entity @s {} merge value {transformation:[-1.4805312601782463f,0.06429095109705575f,0.30257248923530905f,-0.313323545343813f,0.14152630487344126f,1.456326295465094f,0.38306693431538247f,0.7212647787291417f,-0.27505225442429115f,0.4032823387453903f,-1.4315606388107225f,-1.027453306700865f,0f,0f,0f,1f],start_interpolation:0}
execute if entity @s[tag=aj.dino.bone.tail_0] run data modify entity @s {} merge value {transformation:[-1.225782272172092f,0.14711962920964863f,-0.3311334361158164f,-0.21300840033022103f,0.04301569590683274f,1.2189380913962333f,0.38232877976028223f,0.6389545706286203f,0.35978213924304636f,0.355501702708371f,-1.173887161628908f,-0.6758373050397743f,0f,0f,0f,1f],start_interpolation:0}
execute if entity @s[tag=aj.dino.bone.body_1] run data modify entity @s {} merge value {transformation:[-0.966795458594513f,0.0864027956536153f,-0.7657974230829687f,-0.040791068020847816f,-0.016259438713325546f,1.2260120116718682f,0.15885456539009696f,0.5194425f,0.7704847610108867f,0.13428960941111037f,-0.9575615535883102f,-0.46226301531057057f,0f,0f,0f,1f],start_interpolation:0}