execute if entity @s[tag=aj.dino.bone.head_lower] run data modify entity @s {} merge value {transformation:[-0.9588393053836471f,0.04096802742036247f,-0.2809783037543817f,-0.9612587755105637f,-0.035621100372764974f,0.9643650568323858f,0.2621663105147248f,0.16276179107231487f,0.2817060944666242f,0.2613841194295361f,-0.9232117950126112f,0.5346243246251576f,0f,0f,0f,1f],start_interpolation:0}
execute if entity @s[tag=aj.dino.bone.head_upper] run data modify entity @s {} merge value {transformation:[-0.9980554334574612f,0.18668087256829918f,-0.22914525119819748f,-0.9731734007423707f,-0.03707798853588591f,0.721537582138838f,0.7493201471406463f,0.23060837352715724f,0.2932277563527698f,0.7266400153871828f,-0.6851888159667691f,0.5037967485514419f,0f,0f,0f,1f],start_interpolation:0}
execute if entity @s[tag=aj.dino.bone.neck_0] run data modify entity @s {} merge value {transformation:[-0.9704200109970514f,-0.14562606243112008f,0.19255662075683147f,-0.9580449775923925f,-0.12916100811185116f,0.9870117400659756f,0.09552622129795427f,0.22080596207041064f,-0.2039667527809692f,0.06782974946690373f,-0.9766251526800055f,0.4396112377493556f,0f,0f,0f,1f],start_interpolation:0}
execute if entity @s[tag=aj.dino.bone.neck_1] run data modify entity @s {} merge value {transformation:[-0.8447651989381386f,-0.278901539779078f,0.4567118235516426f,-0.920640356325954f,-0.19498993083911137f,0.9551998568966278f,0.22264806367004544f,0.2440676616598398f,-0.49834795628593265f,0.09903112891167798f,-0.8613025890894053f,0.36710382788900625f,0f,0f,0f,1f],start_interpolation:0}
execute if entity @s[tag=aj.dino.bone.neck_2] run data modify entity @s {} merge value {transformation:[-0.519322007566144f,-0.260656842049768f,0.8138566600760311f,-0.8518924023725366f,-0.018251366778450184f,0.955514210724846f,0.2943798238901457f,0.27921262340067377f,-0.8543837194540802f,0.13802392472146624f,-0.5009769017991693f,0.3245658344526116f,0f,0f,0f,1f],start_interpolation:0}
execute if entity @s[tag=aj.dino.bone.body_0] run data modify entity @s {} merge value {transformation:[-0.17336989365947353f,-0.3536928841507976f,0.9191540804857439f,-0.42206789790504884f,0.10804561376560673f,0.9208230755386029f,0.3747145699084062f,0.46458618584221806f,-0.978912164250969f,0.1642747919089198f,-0.12142803393271634f,0.268902180151672f,0f,0f,0f,1f],start_interpolation:0}
execute if entity @s[tag=aj.dino.bone.leg_left_3] run data modify entity @s {} merge value {transformation:[-0.10455865139807857f,-0.060737307228095866f,0.9926623131400198f,-0.46001183227090525f,-0.04451809956700486f,0.9974186866679008f,0.05633917195542005f,0.03529145322419358f,-0.9935218302728719f,-0.038300691852237716f,-0.10699266224785053f,0.6990632234231449f,0f,0f,0f,1f],start_interpolation:0}
execute if entity @s[tag=aj.dino.bone.leg_left_2] run data modify entity @s {} merge value {transformation:[0.39367167312430523f,0.16637309731446512f,0.932418793123667f,-0.39180385402957185f,-0.40090370484598964f,0.9441068642755049f,0.0008048411814782311f,0.2547643124012007f,-0.8581148132510963f,-0.36475254737775215f,0.42738360516188606f,0.6259167412458383f,0f,0f,0f,1f],start_interpolation:0}
execute if entity @s[tag=aj.dino.bone.leg_left_1] run data modify entity @s {} merge value {transformation:[0.540974420980883f,-0.8204024669891681f,0.1851660552112212f,-0.6352759236319789f,-0.02630186430068599f,0.20355294999651596f,0.9787105846377795f,0.2586799667072846f,-0.8406276748827071f,-0.5343276042895431f,0.08853882490461859f,0.4928024871832419f,0f,0f,0f,1f],start_interpolation:0}
execute if entity @s[tag=aj.dino.bone.leg_left_0] run data modify entity @s {} merge value {transformation:[0.5153995074323303f,0.6805416994413882f,0.5207939545155438f,-0.35054061783445273f,-0.02986149580288484f,0.6216232038526175f,-0.7827470111731001f,0.5629977740843423f,-0.8564295877694355f,0.38787573751581084f,0.34070628617570325f,0.5177776009980442f,0f,0f,0f,1f],start_interpolation:0}
execute if entity @s[tag=aj.dino.bone.leg_right_3] run data modify entity @s {} merge value {transformation:[0.9600715496497247f,-0.10270481112352646f,0.2602197942610376f,-0.13978718834847662f,0.12818498435587194f,0.9882815854920948f,-0.08287410670961437f,0.0203908206546681f,-0.2486588613720825f,0.11292134231097523f,0.9619862478808245f,-0.005422030840661007f,0f,0f,0f,1f],start_interpolation:0}
execute if entity @s[tag=aj.dino.bone.leg_right_2] run data modify entity @s {} merge value {transformation:[0.9115754945528831f,-0.08835449761375815f,0.4618287561237187f,-0.147524114728514f,0.2822821993848559f,0.9085202634591871f,-0.38336652213670425f,0.21987990579753255f,-0.37604398298843833f,0.4678104457322046f,0.831749066259002f,0.12991206296082153f,0f,0f,0f,1f],start_interpolation:0}
execute if entity @s[tag=aj.dino.bone.leg_right_1] run data modify entity @s {} merge value {transformation:[0.7192773118286928f,-0.6202222319243581f,0.31299286208355787f,-0.3182942236659052f,-0.14586949288013243f,0.30565646344190034f,0.9409018107130434f,0.25011022937264377f,-0.6792365123691321f,-0.7224254351716575f,0.1293802569237652f,-0.08673761529839327f,0f,0f,0f,1f],start_interpolation:0}
execute if entity @s[tag=aj.dino.bone.leg_right_0] run data modify entity @s {} merge value {transformation:[0.668565623057516f,0.6233190382576491f,0.40557783989177043f,-0.18431336808042537f,-0.07164195711144823f,0.5968349891602627f,-0.7991591992183473f,0.557833810154836f,-0.7401941891469811f,0.5052339777366799f,0.4436791521960606f,0.16158195044627655f,0f,0f,0f,1f],start_interpolation:0}
execute if entity @s[tag=aj.dino.bone.tail_4] run data modify entity @s {} merge value {transformation:[2.679975690058144f,0.30282150477818354f,-0.5930352169485832f,0.2384861372837597f,-0.32205791311428533f,2.742059403926691f,-0.055229136673231614f,0.050695911629242724f,0.5828124337193294f,0.12276275160273865f,2.69646440835422f,1.7292505113858223f,0f,0f,0f,1f],start_interpolation:0}
execute if entity @s[tag=aj.dino.bone.tail_3] run data modify entity @s {} merge value {transformation:[2.0506744876545184f,0.15659818037809015f,-0.3258169449700151f,0.2922002147351696f,-0.21545346643663627f,2.036467516896875f,-0.37726036429600956f,0.09473689467626803f,0.29027482758200024f,0.40524386308813104f,2.021747625680834f,1.3824711966472394f,0f,0f,0f,1f],start_interpolation:0}
execute if entity @s[tag=aj.dino.bone.tail_2] run data modify entity @s {} merge value {transformation:[1.9500799890925091f,-0.08928489408196795f,-0.08938746462735997f,0.3102378804709737f,0.03155390130274109f,1.6829738582160334f,-0.9926616839975203f,0.27969433449041126f,0.12233667666040561f,0.9891415850387587f,1.6808945645975166f,1.0703223987297372f,0f,0f,0f,1f],start_interpolation:0}
execute if entity @s[tag=aj.dino.bone.tail_1] run data modify entity @s {} merge value {transformation:[1.4975469113848665f,-0.06976264934607165f,0.20035635991369113f,0.266545489278519f,0.16071907248087008f,1.3054575548792027f,-0.7467303409864255f,0.4242709561007649f,-0.1384878259723082f,0.7606378870165694f,1.299964375239734f,0.7814188639046156f,0f,0f,0f,1f],start_interpolation:0}
execute if entity @s[tag=aj.dino.bone.tail_0] run data modify entity @s {} merge value {transformation:[1.0715822067428356f,-0.03320653429703524f,0.6960205577827155f,0.062350772446724545f,0.253841719347635f,1.2076344058204225f,-0.33319549814098565f,0.55078079426578f,-0.6489311768553111f,0.41755500780467586f,1.0190053286153342f,0.4937181691431566f,0f,0f,0f,1f],start_interpolation:0}
execute if entity @s[tag=aj.dino.bone.body_1] run data modify entity @s {} merge value {transformation:[0.5228034804990045f,0.01613086826208919f,1.1202771580834308f,-0.1991845026744014f,-0.01624124997262521f,1.2362185684724056f,-0.010220950034742474f,0.4698889285714286f,-1.120275563258301f,-0.010394282534024376f,0.5229524034873051f,0.3728391894203148f,0f,0f,0f,1f],start_interpolation:0}