execute if entity @s[tag=aj.dino.bone.head_lower] run data modify entity @s {} merge value {transformation:[-0.9825282927714057f,-0.1685276477061732f,-0.07897205747814262f,0.4635348363873815f,-0.18525176874271218f,0.9263522368988791f,0.32795322131386273f,0.30062291982027123f,0.01788675715169709f,0.33685303197546973f,-0.9413873266448458f,0.36584693648709327f,0f,0f,0f,1f],start_interpolation:0}
execute if entity @s[tag=aj.dino.bone.head_upper] run data modify entity @s {} merge value {transformation:[-1.0227132905589678f,-0.1395704903936709f,-0.13434859920678827f,0.45082169997932964f,-0.19282848889605214f,0.8027852229041985f,0.6338966811241628f,0.36228855750110056f,0.01861831806638602f,0.6477097395295472f,-0.8146148747318899f,0.3242394637942726f,0f,0f,0f,1f],start_interpolation:0}
execute if entity @s[tag=aj.dino.bone.neck_0] run data modify entity @s {} merge value {transformation:[-0.9763670136802914f,-0.07687915449171476f,-0.20198279679633355f,0.4393244950378453f,-0.14785001069454035f,0.9192729135708397f,0.3647981424193432f,0.37100334039719035f,0.15763194135280537f,0.386040031576543f,-0.9089143331941287f,0.25915027043696925f,0f,0f,0f,1f],start_interpolation:0}
execute if entity @s[tag=aj.dino.bone.neck_1] run data modify entity @s {} merge value {transformation:[-0.9258640581757457f,0.018013221989144023f,-0.3774271712687223f,0.4074344445618129f,-0.12586874347321267f,0.9271122628269417f,0.35301545508997495f,0.40517947307697016f,0.35627630456545145f,0.3743506056486051f,-0.8561126204277731f,0.1883508814549912f,0f,0f,0f,1f],start_interpolation:0}
execute if entity @s[tag=aj.dino.bone.neck_2] run data modify entity @s {} merge value {transformation:[-0.9101042091354756f,0.1301020643909151f,-0.3934256999169128f,0.37424118308051924f,0.013631782070556927f,0.9583196243040312f,0.2853728651980795f,0.4395628244365126f,0.41415516781934714f,0.25435595238759917f,-0.8739442467649329f,0.11427711460287715f,0f,0f,0f,1f],start_interpolation:0}
execute if entity @s[tag=aj.dino.bone.body_0] run data modify entity @s {} merge value {transformation:[-0.8392268808312437f,0.03990850318610907f,-0.5423149950570295f,0.11903033796984938f,0.004244341596472677f,0.9977536225018996f,0.06685577274064881f,0.4805765498663913f,0.543764864674681f,0.05380539153078579f,-0.8375110457704691f,-0.2799261369912531f,0f,0f,0f,1f],start_interpolation:0}
execute if entity @s[tag=aj.dino.bone.leg_left_3] run data modify entity @s {} merge value {transformation:[0.0547173309691078f,0.11462097894025342f,-0.9919012273802241f,0.12505558776848777f,-0.12279400921534853f,0.9866214309816415f,0.10723704224081493f,0.08345226063077313f,0.990922623110623f,0.11593180372320414f,0.0680600609244994f,-0.9290156914997847f,0f,0f,0f,1f],start_interpolation:0}
execute if entity @s[tag=aj.dino.bone.leg_left_2] run data modify entity @s {} merge value {transformation:[-0.6443074284197118f,-0.07271525596349308f,-0.7947594785430597f,0.08254457490763933f,-0.41973476449943287f,0.8996322961700474f,0.25796639056107173f,0.3004763921960033f,0.6787877905903126f,0.4872744839807085f,-0.5948721813192732f,-0.8327638750498182f,0f,0f,0f,1f],start_interpolation:0}
execute if entity @s[tag=aj.dino.bone.leg_left_1] run data modify entity @s {} merge value {transformation:[-0.7234948503312716f,0.6889680093436651f,-0.04333916987158634f,0.28642305197275186f,-0.14727176663852978f,-0.09270745962672342f,0.9847417700497552f,0.22599667109919502f,0.6744377126876118f,0.718838235648735f,0.1685389055207015f,-0.6598485102185875f,0f,0f,0f,1f],start_interpolation:0}
execute if entity @s[tag=aj.dino.bone.leg_left_0] run data modify entity @s {} merge value {transformation:[-0.7069902913227205f,-0.24388918501663887f,-0.6638394334531014f,0.16249917242376652f,-0.16954130207078968f,0.9697328034647515f,-0.1757100929842523f,0.6013356649509735f,0.6866006662300556f,-0.011677127913704649f,-0.7269409672154479f,-0.5254208704404665f,0f,0f,0f,1f],start_interpolation:0}
execute if entity @s[tag=aj.dino.bone.leg_right_3] run data modify entity @s {} merge value {transformation:[-0.984848759547661f,-0.05051503373682373f,-0.1658950034931767f,-0.2033593426552136f,-0.04899856719315607f,0.9987113058082997f,-0.013223768891576726f,0.05851294029031104f,0.1663492146974291f,-0.004894794913744949f,-0.9860547549463473f,0.04680514560043078f,0f,0f,0f,1f],start_interpolation:0}
execute if entity @s[tag=aj.dino.bone.leg_right_2] run data modify entity @s {} merge value {transformation:[-1.007331377724152f,0.18792031861429306f,0.045073815069937684f,-0.15659965443142776f,0.054866368994003045f,0.5074973871534733f,-0.8896618925673423f,0.14923018849570185f,-0.1852980747511161f,-0.8713177120803838f,-0.5084606844282354f,-0.1717239931917941f,0f,0f,0f,1f],start_interpolation:0}
execute if entity @s[tag=aj.dino.bone.leg_right_1] run data modify entity @s {} merge value {transformation:[-0.9456924923422623f,0.13210876893913368f,-0.29700670547458485f,-0.12379176546927195f,-0.09787718609929114f,0.7555624723309023f,0.6477232486536967f,0.3181908034199294f,0.3099770416801299f,0.6416171939518147f,-0.701599323016089f,0.04596693148362585f,0f,0f,0f,1f],start_interpolation:0}
execute if entity @s[tag=aj.dino.bone.leg_right_0] run data modify entity @s {} merge value {transformation:[-0.9221362924110251f,-0.3349128919105986f,-0.1936440369609353f,-0.13230364288323418f,-0.013421085645884075f,0.5279398964102706f,-0.8491756827879602f,0.596165917845846f,0.3866322964762957f,-0.780456802526823f,-0.4913274332978706f,-0.26542456208554877f,0f,0f,0f,1f],start_interpolation:0}
execute if entity @s[tag=aj.dino.bone.tail_4] run data modify entity @s {} merge value {transformation:[0.30328244668379606f,-2.008333034561287f,-1.870903394465716f,-1.009621221183097f,-1.812283463496997f,1.2671289161119932f,-1.6539873909701286f,0.7005010547274316f,2.0613853926592225f,1.409483616024924f,-1.1788585711138067f,-1.789694939463403f,0f,0f,0f,1f],start_interpolation:0}
execute if entity @s[tag=aj.dino.bone.tail_3] run data modify entity @s {} merge value {transformation:[-0.34690062109769293f,-1.5028196136827217f,-1.398977731723058f,-0.7577000261550165f,-1.7285391232513263f,0.979445560951014f,-0.623525796232469f,0.7966433441754232f,1.108042410973522f,1.0574332735016012f,-1.4106815422412375f,-1.5608432951387705f,0f,0f,0f,1f],start_interpolation:0}
execute if entity @s[tag=aj.dino.bone.tail_2] run data modify entity @s {} merge value {transformation:[-1.0399912148917734f,-1.3008165770471503f,-1.0222858606231646f,-0.5687378668394862f,-1.5048590558782313f,1.245498071883302f,-0.053922628636153574f,0.8058510524266519f,0.6874528128475352f,0.7585411398316437f,-1.664571369540429f,-1.250714282589617f,0f,0f,0f,1f],start_interpolation:0}
execute if entity @s[tag=aj.dino.bone.tail_1] run data modify entity @s {} merge value {transformation:[-1.340268414495821f,-0.35928518247613195f,-0.6018728975107213f,-0.43354918942985243f,-0.5221941093895117f,1.378135201925787f,0.34016602906796206f,0.7163037286407822f,0.4676004054999884f,0.5092286057028448f,-1.3452480581328425f,-0.967903435375705f,0f,0f,0f,1f],start_interpolation:0}
execute if entity @s[tag=aj.dino.bone.tail_0] run data modify entity @s {} merge value {transformation:[-1.0602063980886085f,0.10635736005017266f,-0.7060355670921721f,-0.2246625943751792f,-0.12102393953597375f,1.2188968089846102f,0.36534845242638614f,0.6389545706286203f,0.7036698914229598f,0.36988430298448777f,-1.0009345647416257f,-0.6664811245524087f,0f,0f,0f,1f],start_interpolation:0}
execute if entity @s[tag=aj.dino.bone.body_1] run data modify entity @s {} merge value {transformation:[-0.9271881603736337f,0.09298917468783839f,-0.8125759802689727f,-0.04201354215142707f,-0.016259438713325546f,1.2260120116718682f,0.15885456539009696f,0.5194425f,0.8177177636397137f,0.12981585297421755f,-0.9181993783492187f,-0.4617566499460344f,0f,0f,0f,1f],start_interpolation:0}