execute if entity @s[tag=aj.dino.bone.head_lower] run data modify entity @s {} merge value {transformation:[-0.9826879236529318f,-0.1852120201474799f,-0.0045773681935277755f,0.1490481416369139f,-0.1848745685216768f,0.9786882773849915f,0.0893904336219618f,0.2808722654486088f,-0.01207636620070216f,0.0886891385801441f,-0.9959861435167153f,0.7200533703662114f,0f,0f,0f,1f],start_interpolation:0}
execute if entity @s[tag=aj.dino.bone.head_upper] run data modify entity @s {} merge value {transformation:[-1.0228794502770353f,-0.16331702792774888f,-0.10255301640275663f,0.13799363513707294f,-0.1924358613431432f,0.8283306883306855f,0.6002571554111147f,0.3407926214073931f,-0.012570284546491629f,0.6088249023668195f,-0.8441837292840704f,0.6755246681662322f,0f,0f,0f,1f],start_interpolation:0}
execute if entity @s[tag=aj.dino.bone.neck_0] run data modify entity @s {} merge value {transformation:[-0.9890500489864252f,-0.1474203066719821f,-0.0068741385415575645f,0.1402616352374061f,-0.14647862474555262f,0.9749189070088617f,0.167562338397679f,0.33585008545948797f,-0.018000363679697456f,0.16673445336038217f,-0.9858375165157864f,0.6090779694653529f,0f,0f,0f,1f],start_interpolation:0}
execute if entity @s[tag=aj.dino.bone.neck_1] run data modify entity @s {} merge value {transformation:[-0.988058626923837f,-0.08983085062713439f,-0.12518213944883436f,0.1292432255105267f,-0.12689407368539163f,0.9352632207465087f,0.3304248809977752f,0.3681500504566392f,0.08739590279245563f,0.34236402584744946f,-0.9354938962818619f,0.5314065863644665f,0f,0f,0f,1f],start_interpolation:0}
execute if entity @s[tag=aj.dino.bone.neck_2] run data modify entity @s {} merge value {transformation:[-0.9986302150178521f,0.02792256703822042f,-0.04424956387801633f,0.12564001122599194f,0.013655262086298758f,0.9554753730107248f,0.2947547207210952f,0.40332747572609573f,0.05050967700107631f,0.29374673073927554f,-0.9545478671649918f,0.4506569981774536f,0f,0f,0f,1f],start_interpolation:0}
execute if entity @s[tag=aj.dino.bone.body_0] run data modify entity @s {} merge value {transformation:[-0.9952578175888269f,0.01610134086653247f,-0.09593030465199795f,0.08058180378057755f,0.0029563703785574266f,0.9907563915635158f,0.13562091450151142f,0.4766832972273606f,0.09722724105162198f,0.134694169875096f,-0.986105645556879f,-0.012807764341559946f,0f,0f,0f,1f],start_interpolation:0}
execute if entity @s[tag=aj.dino.bone.leg_left_3] run data modify entity @s {} merge value {transformation:[-0.557905353583044f,0.02553048427953703f,-0.829511790643045f,0.45707329283990206f,-0.31216152536364616f,0.9196680180878855f,0.23825599381535487f,0.14258394973482327f,0.768958255385831f,0.39186596034709753f,-0.5051180758943665f,-0.6008392269576949f,0f,0f,0f,1f],start_interpolation:0}
execute if entity @s[tag=aj.dino.bone.leg_left_2] run data modify entity @s {} merge value {transformation:[-0.9258006546664757f,-0.348835861802224f,-0.2706822654710114f,0.3659585984835548f,-0.43717401871623873f,0.8123816528047001f,0.44830472565710466f,0.34512533523857264f,0.061921116586452794f,0.5200113375761127f,-0.8819388774817016f,-0.5067851377505443f,0f,0f,0f,1f],start_interpolation:0}
execute if entity @s[tag=aj.dino.bone.leg_left_1] run data modify entity @s {} merge value {transformation:[-0.9892126569316196f,0.12102369023228282f,-0.08253233165763729f,0.4229149468249275f,-0.11421999401802924f,-0.28448376381791324f,0.9518522895336834f,0.2196320733044494f,0.09171756828878078f,0.9510111747642899f,0.2952382650345965f,-0.2659100637961906f,0f,0f,0f,1f],start_interpolation:0}
execute if entity @s[tag=aj.dino.bone.leg_left_0] run data modify entity @s {} merge value {transformation:[-0.984340032961513f,-0.14356872114226926f,-0.10228744702504225f,0.2604172858602972f,-0.13895363893591767f,0.988988069087131f,-0.050936091622491186f,0.5959305263356476f,0.10847389425937531f,-0.035925221125019086f,-0.9934499447638642f,-0.18652956876243357f,0f,0f,0f,1f],start_interpolation:0}
execute if entity @s[tag=aj.dino.bone.leg_right_3] run data modify entity @s {} merge value {transformation:[-0.8693050402860956f,-0.03353660761807778f,0.49313694130805247f,-0.34396382336093484f,-0.045387205230690154f,0.9988964621775533f,-0.012077228594163325f,0.028924079350860443f,-0.4921877167651965f,-0.03288090325157689f,-0.8698678621875995f,0.014598936032173243f,0f,0f,0f,1f],start_interpolation:0}
execute if entity @s[tag=aj.dino.bone.leg_right_2] run data modify entity @s {} merge value {transformation:[-0.7379300328173649f,0.606678311965217f,0.37344730814117866f,-0.18986198652825254f,0.11175084298469466f,0.6295980846654681f,-0.8019851621934654f,0.15072417721066625f,-0.7035859686343009f,-0.5362927158532961f,-0.5190559769083909f,-0.12535974398500457f,0f,0f,0f,1f],start_interpolation:0}
execute if entity @s[tag=aj.dino.bone.leg_right_1] run data modify entity @s {} merge value {transformation:[-0.9527795824346457f,-0.28172471975023616f,0.1133236496822853f,-0.29138325127378667f,-0.10978008537185448f,0.6675123588129463f,0.7364615289936906f,0.2908209285591054f,-0.2831243545712921f,0.689244828137018f,-0.6669199102853073f,0.09161886953680418f,0f,0f,0f,1f],start_interpolation:0}
execute if entity @s[tag=aj.dino.bone.leg_right_0] run data modify entity @s {} merge value {transformation:[-0.9772741932394459f,0.15009944200312786f,0.14968402967097066f,-0.13100138003660866f,-0.03400012571554767f,0.585992596504363f,-0.8096027842673231f,0.5907607792305203f,-0.209234659364832f,-0.7962931836656804f,-0.5675720420951497f,-0.1504989115576948f,0f,0f,0f,1f],start_interpolation:0}
execute if entity @s[tag=aj.dino.bone.tail_4] run data modify entity @s {} merge value {transformation:[2.727724790828288f,0.3491871924283061f,0.2514897646919428f,1.1319290718144697f,-0.30657831096046684f,2.709416972951518f,-0.4367273033952197f,0.5714660063490503f,-0.30197439684416827f,0.4034715639624064f,2.7150844355791834f,-0.6710991295345631f,0f,0f,0f,1f],start_interpolation:0}
execute if entity @s[tag=aj.dino.bone.tail_3] run data modify entity @s {} merge value {transformation:[1.2969946241081853f,0.3064036966619504f,1.5999585137592793f,0.8576368322334893f,0.0923407007152339f,2.028011993388123f,-0.46323436369703436f,0.6301677465360133f,-1.6264143586645845f,0.35948526449670826f,1.2495968168108647f,-0.8865024174375986f,0f,0f,0f,1f],start_interpolation:0}
execute if entity @s[tag=aj.dino.bone.tail_2] run data modify entity @s {} merge value {transformation:[0.541045263919599f,0.23930529858467536f,1.8624652671827862f,0.5118656235404069f,0.5255947255242376f,1.8414603569097483f,-0.3892914248139819f,0.7033630013464323f,-1.8027185254204416f,0.608712249755086f,0.44547636312921113f,-0.9705036667217805f,0f,0f,0f,1f],start_interpolation:0}
execute if entity @s[tag=aj.dino.bone.tail_1] run data modify entity @s {} merge value {transformation:[-0.5298203137820734f,0.16200413267185637f,1.4073739183675051f,0.20754030069142265f,0.5140048136838233f,1.4221700168065348f,0.029795046674900523f,0.6790758146986269f,-1.3201309543426833f,0.48871602622969196f,-0.5532333676601006f,-0.8561668509692661f,0f,0f,0f,1f],start_interpolation:0}
execute if entity @s[tag=aj.dino.bone.tail_0] run data modify entity @s {} merge value {transformation:[-1.1244032065252545f,0.03469057259812162f,0.6069182069377788f,0.031021839845289424f,0.18378957669941248f,1.235812708994495f,0.26985932699902454f,0.6300390093103718f,-0.5794605571015208f,0.3246524742621411f,-1.092090632824535f,-0.5291981429885058f,0f,0f,0f,1f],start_interpolation:0}
execute if entity @s[tag=aj.dino.bone.body_1] run data modify entity @s {} merge value {transformation:[-1.231055925944666f,-0.0026041295773207825f,-0.11445139038873908f,0.05780559150928779f,-0.016259438713325542f,1.2274946518914724f,0.1469595362227662f,0.5131925f,0.1133204875805724f,0.14783332893237386f,-1.2222554434354238f,-0.25499849726332674f,0f,0f,0f,1f],start_interpolation:0}