execute if entity @s[tag=aj.dino.bone.head_lower] run data modify entity @s {} merge value {transformation:[-0.9369660891502674f,-0.09041939923387496f,-0.33751871062896494f,-0.4621778097371219f,-0.13838170858205265f,0.9829819515329379f,0.12081798579023179f,0.19711344203939915f,0.3208505111611413f,0.15990877150013344f,-0.9335331457880607f,0.8528166661620918f,0f,0f,0f,1f],start_interpolation:0}
execute if entity @s[tag=aj.dino.bone.head_upper] run data modify entity @s {} merge value {transformation:[-0.9752876117939763f,0.12822386186779236f,-0.34035960117560876f,-0.483064828199678f,-0.14404146280401336f,0.7582580881459613f,0.6984043752282906f,0.26224137005186354f,0.33397316337991906f,0.7014807592460737f,-0.6927182783304258f,0.8209177328829841f,0f,0f,0f,1f],start_interpolation:0}
execute if entity @s[tag=aj.dino.bone.neck_0] run data modify entity @s {} merge value {transformation:[-0.9819168236865247f,-0.18167954510051076f,-0.05321554522353856f,-0.48323956359319725f,-0.1855545910374528f,0.9793504978645984f,0.08026266926340625f,0.2515945672036433f,0.03753458546848011f,0.08868565399451456f,-0.9953522038300187f,0.7551047302850911f,0f,0f,0f,1f],start_interpolation:0}
execute if entity @s[tag=aj.dino.bone.neck_1] run data modify entity @s {} merge value {transformation:[-0.9729238341026449f,-0.22438647164348888f,0.055406898292500395f,-0.479579592518835f,-0.20239571339676593f,0.9428960604041801f,0.26454299172892687f,0.27834863501812435f,-0.1116028146312803f,0.246166063090879f,-0.9627809102535809f,0.6746786069690676f,0f,0f,0f,1f],start_interpolation:0}
execute if entity @s[tag=aj.dino.bone.neck_2] run data modify entity @s {} merge value {transformation:[-0.913831497243234f,-0.15617400271701057f,0.37486220871346454f,-0.4482678926643213f,-0.03726704614754392f,0.9514492900754659f,0.305541184926564f,0.3144316175822235f,-0.4043799722014268f,0.2652431512598188f,-0.8752844730669763f,0.6005940187226556f,0f,0f,0f,1f],start_interpolation:0}
execute if entity @s[tag=aj.dino.bone.body_0] run data modify entity @s {} merge value {transformation:[-0.8158926051621569f,-0.17095529105072094f,0.5523527363048657f,-0.18957468220797116f,0.009581137009420641f,0.9511627767765221f,0.3085410408493215f,0.4689068675078728f,-0.5781240858633343f,0.2570285208620616f,-0.7744087298114253f,0.23806660634212987f,0f,0f,0f,1f],start_interpolation:0}
execute if entity @s[tag=aj.dino.bone.leg_left_3] run data modify entity @s {} merge value {transformation:[-0.8523035050987566f,-0.5047193046174097f,0.13724852911012436f,0.4826580998403718f,-0.44151235728930405f,0.834921905860334f,0.3285913107119388f,0.15215413436036337f,-0.2804381813470054f,0.2194626042428793f,-0.9344466767995476f,0.34923291803633233f,0f,0f,0f,1f],start_interpolation:0}
execute if entity @s[tag=aj.dino.bone.leg_left_2] run data modify entity @s {} merge value {transformation:[-0.33498960239047476f,-0.687214226629008f,0.6837987807167112f,0.3430822109575043f,-0.4353456683386028f,0.7530572497700464f,0.5435449632995267f,0.3438132740517318f,-0.866209163452905f,-0.11271018049920475f,-0.537624683085468f,0.3050015097234874f,0f,0f,0f,1f],start_interpolation:0}
execute if entity @s[tag=aj.dino.bone.leg_left_1] run data modify entity @s {} merge value {transformation:[-0.4540942765409809f,-0.8194754071244733f,-0.3496547513346594f,0.14804429957996684f,-0.05115456748728482f,-0.36782221163243256f,0.928488034847523f,0.19566272524024536f,-0.8894838943105785f,0.4395075400354416f,0.1251060510690139f,0.43548144562211094f,0f,0f,0f,1f],start_interpolation:0}
execute if entity @s[tag=aj.dino.bone.leg_left_0] run data modify entity @s {} merge value {transformation:[-0.46993133886066846f,0.06351207038510877f,0.8804151030462942f,0.04666835043997465f,-0.07494717233581524f,0.9909355060314627f,-0.11148876286439993f,0.5850975631087441f,-0.8795154678091146f,-0.11837668605585219f,-0.460911598989382f,0.32425778557284374f,0f,0f,0f,1f],start_interpolation:0}
execute if entity @s[tag=aj.dino.bone.leg_right_3] run data modify entity @s {} merge value {transformation:[0.24349646975950717f,0.029579416819677573f,0.9694506317060534f,-0.288499356078884f,0.05492225054940977f,0.9975105119170522f,-0.044230362982561944f,0.011463447582965192f,-0.9683455042541612f,0.06401434773227885f,0.2412657200581254f,-0.15698450671009878f,0f,0f,0f,1f],start_interpolation:0}
execute if entity @s[tag=aj.dino.bone.leg_right_2] run data modify entity @s {} merge value {transformation:[0.2598204865548667f,0.5175256208538208f,0.8465947944719212f,-0.14210439397236008f,0.2508184089920999f,0.8124615731182846f,-0.5736362239412092f,0.1827300176904631f,-0.9600237705274588f,0.35232885698836086f,0.0792523567864781f,-0.07091854886695043f,0f,0f,0f,1f],start_interpolation:0}
execute if entity @s[tag=aj.dino.bone.leg_right_1] run data modify entity @s {} merge value {transformation:[-0.14865861433570116f,-0.8936710336099738f,0.42338245130174046f,-0.41030213333337107f,-0.10705587616104609f,0.44016739686538997f,0.8915109097011304f,0.2528952640193311f,-0.9830766276151521f,0.08720519722601107f,-0.1611074107966249f,-0.0582616744890421f,0f,0f,0f,1f],start_interpolation:0}
execute if entity @s[tag=aj.dino.bone.leg_right_0] run data modify entity @s {} merge value {transformation:[-0.2331868914911317f,0.7179501829800038f,0.655874537084405f,-0.15468989309906356f,-0.03977646038354654f,0.6668616793037471f,-0.7441191664481855f,0.5799278160036168f,-0.9716180869230767f,-0.19960720286393913f,-0.1269458850407325f,-0.013324260795135434f,0f,0f,0f,1f],start_interpolation:0}
execute if entity @s[tag=aj.dino.bone.tail_4] run data modify entity @s {} merge value {transformation:[2.5960545156429515f,-0.09842775273173301f,-0.9362020406418805f,0.798225085181065f,-0.2849639937091347f,2.535300521151237f,-1.0567441134634286f,0.20622286465574982f,0.8971944079736452f,1.0900571437050666f,2.3732844223477243f,0.9714556293418983f,0f,0f,0f,1f],start_interpolation:0}
execute if entity @s[tag=aj.dino.bone.tail_3] run data modify entity @s {} merge value {transformation:[2.078526495251031f,-0.0928277705887238f,0.08400083089730943f,0.7848900410492391f,0.11984411647929545f,1.8793572963306622f,-0.8885938704033732f,0.33850456130480755f,-0.03620113712589963f,0.8918209931262421f,1.8813001674200105f,0.6437294741995072f,0f,0f,0f,1f],start_interpolation:0}
execute if entity @s[tag=aj.dino.bone.tail_2] run data modify entity @s {} merge value {transformation:[1.8962710794185742f,-0.4717404798165602f,0.01976836022372565f,0.7825050822156754f,0.42227379829735406f,1.657850785305238f,-0.9444519511002714f,0.5147828548357096f,0.2112219392842962f,0.9207418576170115f,1.7106705115245697f,0.32609484263308625f,0f,0f,0f,1f],start_interpolation:0}
execute if entity @s[tag=aj.dino.bone.tail_1] run data modify entity @s {} merge value {transformation:[1.267834439896328f,-0.325506018342023f,0.757824461888034f,0.6221974344925871f,0.603723898488227f,1.3131062346487443f,-0.4460108977601043f,0.594131275826691f,-0.5619337482363401f,0.6763535307438854f,1.2306228561355987f,0.05354766659459487f,0f,0f,0f,1f],start_interpolation:0}
execute if entity @s[tag=aj.dino.bone.tail_0] run data modify entity @s {} merge value {transformation:[0.29395713703995685f,-0.11026575461948368f,1.239058667507514f,0.25745478436392866f,0.2938706421908472f,1.243302424092518f,0.04092486393423528f,0.6121751816450121f,-1.2087452021934313f,0.27545646151051245f,0.31127879878092646f,-0.030767978102720445f,0f,0f,0f,1f],start_interpolation:0}
execute if entity @s[tag=aj.dino.bone.body_1] run data modify entity @s {} merge value {transformation:[-0.6332944249823568f,-0.11404349793351853f,1.0557162719791735f,0.019697178253011927f,-0.01625943871332555f,1.2301135877465394f,0.12312914744411416f,0.5006925f,-1.061733675172472f,0.0491857385496482f,-0.6315908178435876f,0.11275503133017262f,0f,0f,0f,1f],start_interpolation:0}