execute if entity @s[tag=aj.dino.bone.head_lower] run data modify entity @s {} merge value {transformation:[-0.9724648592134323f,-0.22128209540034693f,0.0731186149364902f,0.39818419263417326f,-0.19052293410183346f,0.935554265941401f,0.2973873350700652f,0.3126687653555609f,-0.13421292477338934f,0.27526795987560654f,-0.9519529615951063f,0.3987615361129216f,0f,0f,0f,1f],start_interpolation:0}
execute if entity @s[tag=aj.dino.bone.head_upper] run data modify entity @s {} merge value {transformation:[-1.0122382667615704f,-0.2425808104299742f,-0.00042929963367764064f,0.3923932821646189f,-0.1983152427220426f,0.8264639898971802f,0.6009162008889748f,0.3725908128252945f,-0.13970217747456898f,0.5844516801223845f,-0.849924395340252f,0.353250327880603f,0f,0f,0f,1f],start_interpolation:0}
execute if entity @s[tag=aj.dino.bone.neck_0] run data modify entity @s {} merge value {transformation:[-0.9893310335395517f,-0.13227015918515694f,-0.06106317273689138f,0.39091149320233864f,-0.14464197839496626f,0.9418666401900845f,0.30325885013142206f,0.3769585745541697f,0.017401268963851635f,0.3088556897422734f,-0.9509497141028396f,0.28674120660203006f,0f,0f,0f,1f],start_interpolation:0}
execute if entity @s[tag=aj.dino.bone.neck_1] run data modify entity @s {} merge value {transformation:[-0.9617385458924995f,-0.022281355792672385f,-0.2730613676971178f,0.36767696400697436f,-0.12353060450541094f,0.9248885317596262f,0.35961283843885633f,0.4116833477431955f,0.24453866584879358f,0.3795849641431594f,-0.8922533809974208f,0.21290433488761001f,0f,0f,0f,1f],start_interpolation:0}
execute if entity @s[tag=aj.dino.bone.neck_2] run data modify entity @s {} merge value {transformation:[-0.9446225105688999f,0.10447202613029641f,-0.31108504991840913f,0.34144642692707927f,0.01125986794233425f,0.9577310219138366f,0.2874447860682108f,0.4462424521250915f,0.3279657419616103f,0.2680240388847779f,-0.9058706235878617f,0.13616739708734266f,0f,0f,0f,1f],start_interpolation:0}
execute if entity @s[tag=aj.dino.bone.body_0] run data modify entity @s {} merge value {transformation:[-0.8750932254153261f,0.02901161375444962f,-0.4830840228154558f,0.11404711042476884f,0.00403289377503584f,0.9986040556936154f,0.052665697755389665f,0.4805765498663913f,0.4839375813056891f,0.044139168769080944f,-0.8739886447662659f,-0.27531969297709413f,0f,0f,0f,1f],start_interpolation:0}
execute if entity @s[tag=aj.dino.bone.leg_left_3] run data modify entity @s {} merge value {transformation:[0.023812074835186048f,0.1109527000148817f,-0.9935403783699235f,0.1402960696861345f,-0.12279400921534853f,0.9866214309816415f,0.10723704224081493f,0.08345226063077313f,0.9921464692236039f,0.11944726990243525f,0.03711783021662857f,-0.9239062681888504f,0f,0f,0f,1f],start_interpolation:0}
execute if entity @s[tag=aj.dino.bone.leg_left_2] run data modify entity @s {} merge value {transformation:[-0.6651466062023078f,-0.08786417001058726f,-0.7758363741064198f,0.09480634619442399f,-0.41973476449943287f,0.8996322961700474f,0.25796639056107173f,0.3004763921960033f,0.6583805276804984f,0.4847719245344687f,-0.6193492241498246f,-0.8290259043561743f,0f,0f,0f,1f],start_interpolation:0}
execute if entity @s[tag=aj.dino.bone.leg_left_1] run data modify entity @s {} merge value {transformation:[-0.7441600164526947f,0.6662333071672658f,-0.04857005594079869f,0.29319750141797707f,-0.14727176663852978f,-0.09270745962672342f,0.9847417700497552f,0.22599667109919502f,0.6515649596657968f,0.7399584497460153f,0.16710654082106377f,-0.6498413449372018f,0f,0f,0f,1f],start_interpolation:0}
execute if entity @s[tag=aj.dino.bone.leg_left_0] run data modify entity @s {} merge value {transformation:[-0.7280424891665194f,-0.24340686553719648f,-0.6408644410306876f,0.16514483073320543f,-0.16954130207078968f,0.9697328034647515f,-0.1757100929842523f,0.6013356649509735f,0.6642363140181058f,-0.019271421684723983f,-0.7472742009770509f,-0.5193406484283897f,0f,0f,0f,1f],start_interpolation:0}
execute if entity @s[tag=aj.dino.bone.leg_right_3] run data modify entity @s {} merge value {transformation:[-0.986415289011584f,-0.05064627684422691f,-0.1562684620965189f,-0.21209375302186417f,-0.048858018620157095f,0.9986890631464407f,-0.015265947995362072f,0.0588014688244833f,0.15683676743897f,-0.007423597073025978f,-0.9875966375934014f,0.04818951819454914f,0f,0f,0f,1f],start_interpolation:0}
execute if entity @s[tag=aj.dino.bone.leg_right_2] run data modify entity @s {} merge value {transformation:[-1.003337680956558f,0.20265520370350926f,0.06562443055219627f,-0.1612704741449743f,0.03999001647797011f,0.48957064512002924f,-0.9004352178360999f,0.14503015433462665f,-0.2092283347338564f,-0.8782446420840507f,-0.4867977527637632f,-0.1712476714188123f,0f,0f,0f,1f],start_interpolation:0}
execute if entity @s[tag=aj.dino.bone.leg_right_1] run data modify entity @s {} merge value {transformation:[-0.9526829136796633f,0.10728539034713283f,-0.2844030783955945f,-0.1360139891422999f,-0.10112376540218887f,0.7704820879579112f,0.6293896537177117f,0.31895165005521847f,0.2866517923434463f,0.6283686793229604f,-0.7231760178491877f,0.043523855910551135f,0f,0f,0f,1f],start_interpolation:0}
execute if entity @s[tag=aj.dino.bone.leg_right_0] run data modify entity @s {} merge value {transformation:[-0.9319836590072745f,-0.31666451274871943f,-0.17643708711330616f,-0.13761670438043613f,-0.01705905697651676f,0.5244963529585935f,-0.8512417778212057f,0.596165917845846f,0.36209867152267217f,-0.7903335764718282f,-0.4942240281317423f,-0.26865711660639263f,0f,0f,0f,1f],start_interpolation:0}
execute if entity @s[tag=aj.dino.bone.tail_4] run data modify entity @s {} merge value {transformation:[-2.1054552723063975f,-1.7782244012443085f,-0.1750354442291995f,-0.4772526171957155f,-1.733313677387489f,1.9668842562587294f,0.867554810869611f,1.0569101100222804f,-0.43398516529791104f,0.7713271892659198f,-2.6157929151598527f,-1.9851551295551435f,0f,0f,0f,1f],start_interpolation:0}
execute if entity @s[tag=aj.dino.bone.tail_3] run data modify entity @s {} merge value {transformation:[-1.5931786360714266f,-1.3215892465992851f,-0.22611771908270734f,-0.42597861971232215f,-1.3259466483844495f,1.5008556556613428f,0.5703010718487662f,0.9455210723570059f,-0.19897950961865088f,0.5803272268185757f,-1.9898675811745432f,-1.6534260791166226f,0f,0f,0f,1f],start_interpolation:0}
execute if entity @s[tag=aj.dino.bone.tail_2] run data modify entity @s {} merge value {transformation:[-1.7334040742304138f,-0.8978781486106596f,-0.0888764349626657f,-0.41095209424285095f,-0.8850820561548545f,1.6547317825499277f,0.5452213831964143f,0.8439048867658805f,-0.17525394237184574f,0.5238811249409638f,-1.8744621889001905f,-1.3049725839018866f,0f,0f,0f,1f],start_interpolation:0}
execute if entity @s[tag=aj.dino.bone.tail_1] run data modify entity @s {} merge value {transformation:[-1.491125970192465f,-0.18550866678935893f,-0.17258657411170353f,-0.3701211573838691f,-0.22970959981942615f,1.4245121770596358f,0.4534917939275386f,0.7291247806678149f,0.10692563195220761f,0.47329466715234864f,-1.4325555197885942f,-1.0025903112102441f,0f,0f,0f,1f],start_interpolation:0}
execute if entity @s[tag=aj.dino.bone.tail_0] run data modify entity @s {} merge value {transformation:[-1.1651234605972516f,0.11445581594098134f,-0.5130525356600397f,-0.21743325928984653f,-0.061031221006405956f,1.2096576454609944f,0.40845965213746427f,0.6389545706286203f,0.5221094025320547f,0.39681729241437463f,-1.0971661336427465f,-0.6723969583124334f,0f,0f,0f,1f],start_interpolation:0}
execute if entity @s[tag=aj.dino.bone.body_1] run data modify entity @s {} merge value {transformation:[-0.9522192333257831f,0.08889875253712345f,-0.7835688473504107f,-0.04125244018494237f,-0.016259438713325546f,1.2260120116718682f,0.15885456539009696f,0.5194425f,0.7884280293047904f,0.13265049600318982f,-0.9430745906729342f,-0.46208027861104606f,0f,0f,0f,1f],start_interpolation:0}