execute if entity @s[tag=aj.dino.bone.head_lower] run data modify entity @s {} merge value {transformation:[-0.9778907940484981f,-0.20814630177510474f,0.020117454425061902f,0.42122643785484276f,-0.18980211217220005f,0.923836415533553f,0.33241756203469064f,0.3094017067587143f,-0.08777672316832624f,0.3212497383523647f,-0.9429177336747718f,0.3879214478314518f,0f,0f,0f,1f],start_interpolation:0}
execute if entity @s[tag=aj.dino.bone.head_upper] run data modify entity @s {} merge value {transformation:[-1.0178861200705842f,-0.21320826308194063f,-0.04384091359381994f,0.41310064461920093f,-0.19756493947582965f,0.8169402298281634f,0.6140429123129147f,0.3700150545320543f,-0.09136675457227614f,0.6087880091011946f,-0.839345708702344f,0.3437009769181225f,0f,0f,0f,1f],start_interpolation:0}
execute if entity @s[tag=aj.dino.bone.neck_0] run data modify entity @s {} merge value {transformation:[-0.9870012611197915f,-0.11783003205677114f,-0.10929132670729738f,0.40826518964716035f,-0.14798411360501132f,0.9315701582050173f,0.33208092758003666f,0.3764147169661133f,0.06268343216895517f,0.3439376744228213f,-0.9368978938198874f,0.27751639449713605f,0f,0f,0f,1f],start_interpolation:0}
execute if entity @s[tag=aj.dino.bone.neck_1] run data modify entity @s {} merge value {transformation:[-0.9511267975952533f,-0.010900304013219078f,-0.3086081629973795f,0.3820718114210921f,-0.1263705351584895f,0.9256019067379506f,0.35677948103391083f,0.4109027540244775f,0.2817592992963225f,0.3783415039557372f,-0.8817422546552682f,0.2045642246767786f,0f,0f,0f,1f],start_interpolation:0}
execute if entity @s[tag=aj.dino.bone.neck_2] run data modify entity @s {} merge value {transformation:[-0.9340995241350232f,0.1121130737537987f,-0.33895241215279504f,0.3534746950361369f,0.011906782907535898f,0.9586676542439697f,0.284279012991035f,0.445193683157422f,0.3568141078089762f,0.2615090579690109f,-0.8968259056632142f,0.12855588626706638f,0f,0f,0f,1f],start_interpolation:0}
execute if entity @s[tag=aj.dino.bone.body_0] run data modify entity @s {} merge value {transformation:[-0.8629076525170994f,0.03136502825863814f,-0.5043873692210812f,0.11605761047532474f,0.00420660229024486f,0.9984833581787592f,0.05489342344251398f,0.4805765498663913f,0.5053441280203027f,0.0452461980988709f,-0.8617308708831298f,-0.2771436150947475f,0f,0f,0f,1f],start_interpolation:0}
execute if entity @s[tag=aj.dino.bone.leg_left_3] run data modify entity @s {} merge value {transformation:[0.03617863446799957f,0.11243314540000154f,-0.9930004502634893f,0.13421904570623663f,-0.12279400921534853f,0.9866214309816415f,0.10723704224081493f,0.08345226063077313f,0.991772523166906f,0.11805481668784053f,0.049500732802138125f,-0.9260070180368255f,0f,0f,0f,1f],start_interpolation:0}
execute if entity @s[tag=aj.dino.bone.leg_left_2] run data modify entity @s {} merge value {transformation:[-0.6568873405281913f,-0.08181402298565306f,-0.7834970880592965f,0.08991566557254538f,-0.41973476449943287f,0.8996322961700474f,0.25796639056107173f,0.3004763921960033f,0.6666212934081086f,0.4858295964959371f,-0.6096292757440289f,-0.830566937917921f,0f,0f,0f,1f],start_interpolation:0}
execute if entity @s[tag=aj.dino.bone.leg_left_1] run data modify entity @s {} merge value {transformation:[-0.7359795758575156f,0.6754060906519433f,-0.04648307897342571f,0.29052517539998723f,-0.14727176663852978f,-0.09270745962672342f,0.9847417700497552f,0.22599667109919502f,0.660791261043726f,0.7315954754096128f,0.16769904498363858f,-0.6538695090404733f,0f,0f,0f,1f],start_interpolation:0}
execute if entity @s[tag=aj.dino.bone.leg_left_0] run data modify entity @s {} merge value {transformation:[-0.7197053359346927f,-0.2436281945989846f,-0.650130396323361f,0.1641093181081587f,-0.16954130207078968f,0.9697328034647515f,-0.1757100929842523f,0.6013356649509735f,0.673260704570876f,-0.01623553758988619f,-0.739226914417958f,-0.5217826085394783f,0f,0f,0f,1f],start_interpolation:0}
execute if entity @s[tag=aj.dino.bone.leg_right_3] run data modify entity @s {} merge value {transformation:[-0.9861114549957307f,-0.05007707422218715f,-0.1583555649907786f,-0.21032931269838087f,-0.048239153941273635f,0.9987166068184362f,-0.015431244023078883f,0.06183519064798387f,0.1589250840906909f,-0.007577988018945048f,-0.9872615619704599f,0.051452649174996146f,0f,0f,0f,1f],start_interpolation:0}
execute if entity @s[tag=aj.dino.bone.leg_right_2] run data modify entity @s {} merge value {transformation:[-1.0035612850973135f,0.20290957708669602f,0.06127519955921231f,-0.15958080357906046f,0.043583197583353564f,0.48772421861985726f,-0.901270098783242f,0.1476021008778757f,-0.20743059427898675f,-0.8792127100985533f,-0.485818647706033f,-0.16818272593065386f,0f,0f,0f,1f],start_interpolation:0}
execute if entity @s[tag=aj.dino.bone.leg_right_1] run data modify entity @s {} merge value {transformation:[-0.9516105082936033f,0.11349052396847728f,-0.2855824600260854f,-0.13255467007937555f,-0.09782141935602147f,0.7690997540666592f,0.6315983994673973f,0.3210966843718574f,0.29132183306502013f,0.6289717555375322f,-0.7207816037578039f,0.04671865439546846f,0f,0f,0f,1f],start_interpolation:0}
execute if entity @s[tag=aj.dino.bone.leg_right_0] run data modify entity @s {} merge value {transformation:[-0.929705080042267f,-0.32047078537606144f,-0.18151291927588065f,-0.13550359038615017f,-0.012404092148722942f,0.5197985905115718f,-0.8541987847100633f,0.596165917845846f,0.36809591500255456f,-0.7919014465339949f,-0.4872345393501967f,-0.2673442361686822f,0f,0f,0f,1f],start_interpolation:0}
execute if entity @s[tag=aj.dino.bone.tail_4] run data modify entity @s {} merge value {transformation:[-1.1177074950879071f,-2.047568393460429f,-1.4777871839768384f,-0.7940977863964023f,-2.3096159034730834f,1.4822717269139478f,-0.30693034652141143f,0.9166934975477345f,1.0208161761299268f,1.111753359920006f,-2.3124878665320723f,-1.920653588165644f,0f,0f,0f,1f],start_interpolation:0}
execute if entity @s[tag=aj.dino.bone.tail_3] run data modify entity @s {} merge value {transformation:[-1.0402412538023953f,-1.5171686798387631f,-0.9757268351584727f,-0.6138038856808083f,-1.733981988522577f,1.1514614314212852f,0.05821135175357545f,0.8955550493627791f,0.4971419549900751f,0.8415944955321379f,-1.838617444636893f,-1.6171276769029426f,0f,0f,0f,1f],start_interpolation:0}
execute if entity @s[tag=aj.dino.bone.tail_2] run data modify entity @s {} merge value {transformation:[-1.4301272270334524f,-1.170746728853011f,-0.6347141769177356f,-0.4971479894841291f,-1.3044437151568304f,1.4190633863928601f,0.32165132424700155f,0.8351338765663536f,0.26820996157531074f,0.6590789613407323f,-1.8200143445128583f,-1.2784358291569498f,0f,0f,0f,1f],start_interpolation:0}
execute if entity @s[tag=aj.dino.bone.tail_1] run data modify entity @s {} merge value {transformation:[-1.4194411675230476f,-0.3112156901828475f,-0.41950901793027207f,-0.40171394478304767f,-0.42902948775799415f,1.387533920035086f,0.42230269876734183f,0.7277077613809132f,0.29795422563696006f,0.515316082551361f,-1.3904419673215416f,-0.9858120948376285f,0f,0f,0f,1f],start_interpolation:0}
execute if entity @s[tag=aj.dino.bone.tail_0] run data modify entity @s {} merge value {transformation:[-1.1174396517206497f,0.1014618363548863f,-0.6122661489172457f,-0.22034709083051202f,-0.11139774841782368f,1.2077467189858078f,0.4034527494149505f,0.6389545706286203f,0.6105365533642517f,0.40606535819562095f,-1.0469917661871033f,-0.6700576859698695f,0f,0f,0f,1f],start_interpolation:0}
execute if entity @s[tag=aj.dino.bone.body_1] run data modify entity @s {} merge value {transformation:[-0.9423164468824365f,0.09054550725003295f,-0.7952646226935687f,-0.04155808840613966f,-0.016259438713325546f,1.2260120116718682f,0.15885456539009696f,0.5194425f,0.8002374270451473f,0.1315319482459802f,-0.9332330909280003f,-0.46195367497251094f,0f,0f,0f,1f],start_interpolation:0}