execute if entity @s[tag=aj.dino.bone.head_lower] run data modify entity @s {} merge value {transformation:[-0.9997897338592266f,-0.006981015909043043f,-0.019280909900063675f,0.033227214605337375f,-0.008979332610068535f,0.9943699762107943f,0.10558277319914583f,0.3860438022693912f,0.018435282899224668f,0.10573370241991065f,-0.9942235787371991f,0.7862298945501218f,0f,0f,0f,1f],start_interpolation:0}
execute if entity @s[tag=aj.dino.bone.head_upper] run data modify entity @s {} merge value {transformation:[-1.0406807173950134f,0.008768735599130098f,-0.01946012080383895f,0.0317595277275393f,-0.009346583572431752f,0.665968941205365f,0.799918716688662f,0.4561393462833783f,0.019189278288435085f,0.7999252597645014f,-0.6657501730927086f,0.7583028987143932f,0f,0f,0f,1f],start_interpolation:0}
execute if entity @s[tag=aj.dino.bone.neck_0] run data modify entity @s {} merge value {transformation:[-0.9997326681553438f,-0.002899287512864511f,-0.022938752252796492f,0.030646364487608577f,-0.006362846395053029f,0.9882989735888396f,0.15239636803086637f,0.44995369177626326f,0.022228504420009662f,0.15250158338576048f,-0.9880532175222576f,0.6919309558453106f,0f,0f,0f,1f],start_interpolation:0}
execute if entity @s[tag=aj.dino.bone.neck_1] run data modify entity @s {} merge value {transformation:[-0.9995214569981015f,0.0034473604254553953f,-0.03074040836569118f,0.028058129989734757f,-0.004285805832712314f,0.9687524467856524f,0.24799259810562077f,0.4754248411669451f,0.030634765687968656f,0.24800567040474836f,-0.9682740823642522f,0.6110479635945734f,0f,0f,0f,1f],start_interpolation:0}
execute if entity @s[tag=aj.dino.bone.neck_2] run data modify entity @s {} merge value {transformation:[-0.9994575527218194f,0.011944513417557775f,-0.03069086030937308f,0.02548632469686013f,0.0013033277718643382f,0.9455259771347326f,0.32554404909340307f,0.5132022317177802f,0.03290747094552781f,0.32532745835946086f,-0.9450286467580453f,0.5314415255707184f,0f,0f,0f,1f],start_interpolation:0}
execute if entity @s[tag=aj.dino.bone.body_0] run data modify entity @s {} merge value {transformation:[-0.9992585006511541f,0.00501866279976317f,-0.038174099859849694f,0.007542823622283689f,0.0006662233382802956f,0.9935738644104359f,0.11318362119571998f,0.5760102809745834f,0.03849681834737819f,0.11307426313805888f,-0.9928404735872294f,0.06459670722005215f,0f,0f,0f,1f],start_interpolation:0}
execute if entity @s[tag=aj.dino.bone.leg_left_3] run data modify entity @s {} merge value {transformation:[-0.9745335322545486f,0.029577538841372222f,-0.222282621245026f,0.19447243828652255f,0.014056787702086659f,0.9973712048448898f,0.07108506499786804f,0.03487599715168907f,0.22380080703824773f,0.0661501998662119f,-0.9723874484107089f,-0.1556529822103599f,0f,0f,0f,1f],start_interpolation:0}
execute if entity @s[tag=aj.dino.bone.leg_left_2] run data modify entity @s {} merge value {transformation:[-1.0054835470640606f,-0.0705416108807132f,-0.18997083254679803f,0.17059845624066466f,-0.016262183714421615f,0.9865364549402604f,-0.2802562469516713f,0.2561498102779866f,0.20199152820108052f,-0.2717202673871637f,-0.9682095425716142f,-0.24859922835208428f,0f,0f,0f,1f],start_interpolation:0}
execute if entity @s[tag=aj.dino.bone.leg_left_1] run data modify entity @s {} merge value {transformation:[-0.9474742331097916f,0.123825488743201f,0.29488951478565584f,0.20746767948089564f,0.3198261521045774f,0.3724422153558872f,0.8712049291933434f,0.3047557412345131f,-0.0019519280191407308f,0.9197576009788154f,-0.3924820319692377f,0.02212481844331396f,0f,0f,0f,1f],start_interpolation:0}
execute if entity @s[tag=aj.dino.bone.leg_left_0] run data modify entity @s {} merge value {transformation:[-0.9620412608259596f,0.2283192277277635f,-0.14948893844761693f,0.19742061367889155f,0.27176963381003405f,0.8514183617819319f,-0.4485844840822424f,0.7071680258514603f,0.024857164101275267f,-0.4721833367140027f,-0.8811498271704268f,-0.08864832009935078f,0f,0f,0f,1f],start_interpolation:0}
execute if entity @s[tag=aj.dino.bone.leg_right_3] run data modify entity @s {} merge value {transformation:[-0.9888811162957825f,-0.013492141759254346f,0.14809490181756982f,-0.18885507782689026f,-0.010596642850535319f,0.9997373027750996f,0.020323301903657942f,0.02734954837572251f,-0.14833020256814083f,0.01852802069075976f,-0.9887643113782868f,-0.1271816479570527f,0f,0f,0f,1f],start_interpolation:0}
execute if entity @s[tag=aj.dino.bone.leg_right_2] run data modify entity @s {} merge value {transformation:[-1.0135941010004048f,0.055203235167939735f,0.14711152485399867f,-0.1698684109323393f,0.0017206175942768515f,0.9641573427030402f,-0.3499426488549245f,0.2412757604489899f,-0.15711854566845326f,-0.34556536406228533f,-0.9528696349806859f,-0.23693662203219157f,0f,0f,0f,1f],start_interpolation:0}
execute if entity @s[tag=aj.dino.bone.leg_right_1] run data modify entity @s {} merge value {transformation:[-0.9416950110703988f,-0.08001586770490576f,-0.32681488191413904f,-0.1930276306158266f,-0.32954273436667847f,0.415385502348548f,0.847854038537753f,0.3025929723696227f,0.06791238731817907f,0.9061193880246002f,-0.4175351030687961f,0.032724713212032575f,0f,0f,0f,1f],start_interpolation:0}
execute if entity @s[tag=aj.dino.bone.leg_right_0] run data modify entity @s {} merge value {transformation:[-0.958639579776258f,-0.27298148900523955f,0.0805683731180023f,-0.1953013879335919f,-0.2804037349675209f,0.8572422253770995f,-0.43186747092919875f,0.7069349612660096f,0.048825213800490895f,-0.43659692359314717f,-0.8983313557960315f,-0.07124482370829374f,0f,0f,0f,1f],start_interpolation:0}
execute if entity @s[tag=aj.dino.bone.tail_4] run data modify entity @s {} merge value {transformation:[-2.728937802199275f,0.30502428350201466f,0.29243801018655574f,-0.005821427710406703f,0.3429930270932022f,2.7151591810566025f,0.36868378929576373f,0.6614825428295326f,-0.2468108317988321f,0.4006646223440795f,-2.7210684675892747f,-1.8449219379826327f,0f,0f,0f,1f],start_interpolation:0}
execute if entity @s[tag=aj.dino.bone.tail_3] run data modify entity @s {} merge value {transformation:[-2.075264433281696f,0.14575397948480423f,0.08932432739622351f,-0.02239384984966967f,0.14116196822839375f,2.074800678492079f,-0.10592907674070144f,0.6591406462379822f,-0.09641761626554775f,-0.09951606924308615f,-2.0776779638049105f,-1.4916506912336818f,0f,0f,0f,1f],start_interpolation:0}
execute if entity @s[tag=aj.dino.bone.tail_2] run data modify entity @s {} merge value {transformation:[-1.9527856017350531f,0.06669285172451278f,0.030892267445018808f,-0.029564762684138015f,0.05931435776892994f,1.9149870130996005f,-0.3848121900682293f,0.7311759282868958f,-0.04340593993339846f,-0.38360223955485423f,-1.915656316041522f,-1.1356577416990112f,0f,0f,0f,1f],start_interpolation:0}
execute if entity @s[tag=aj.dino.bone.tail_1] run data modify entity @s {} merge value {transformation:[-1.5123108251015835f,0.02385867859784218f,0.001726770434146476f,-0.028783172846791452f,0.02349522753702511f,1.5020226078306542f,-0.17615989852569897f,0.7507004516445964f,-0.0044936136405783105f,-0.17611104173550848f,-1.5022053649269411f,-0.8102428386847071f,0f,0f,0f,1f],start_interpolation:0}
execute if entity @s[tag=aj.dino.bone.tail_0] run data modify entity @s {} merge value {transformation:[-1.2772335443518934f,0.019156982126796614f,-0.046294705983742496f,-0.014792491665378259f,0.018737771431814175f,1.278023154187215f,0.01189242898482552f,0.7780661827984408f,0.04646596268341653f,0.011204641055545894f,-1.2773218415555054f,-0.4367093209125039f,0f,0f,0f,1f],start_interpolation:0}
execute if entity @s[tag=aj.dino.bone.body_1] run data modify entity @s {} merge value {transformation:[-1.2351550640184228f,0.010935296828947135f,-0.05363750711170827f,-0.003059092447402678f,-0.000733014452413373f,1.2080345102481127f,0.26316663883491215f,0.6355139285714286f,0.054735962362127966f,0.26294036660261083f,-1.206843375542753f,-0.17384604092722303f,0f,0f,0f,1f],start_interpolation:0}